year,n,n_male,p_male,n_male_fertile,n_female_fertile,p_fertile,n_pairs,p_pair,birth_rate,m_children,sd_children,m_children_over_40,sd_children_over_40,m_energy,sd_energy,min_energy,max_energy,m_energy_male,sd_energy_male,m_energy_female,sd_energy_female,m_age,sd_age,m_age_over_5,sd_age_over_5,p_age_0-5,p_age_5-10,p_age_10-15,p_age_15-20,p_age_20-25,p_age_25-30,p_age_30-35,p_age_35-40,p_age_40-45,p_age_45-50,p_age_50-55,p_age_55-60,p_age_60-65,p_age_65-70,p_age_70-75,p_age_75-80,p_age_80-100,m_culture,sd_culture,pdf_culture_0-33,pdf_culture_33-67,pdf_culture_67-100,pdf_culture_100-133,pdf_culture_133-167,pdf_culture_167-200,pdf_culture_200-233,pdf_culture_233-267,pdf_culture_267-300,pdf_culture_300-333,pdf_culture_333-367,pdf_culture_367-400,pdf_culture_400-433,pdf_culture_433-467,pdf_culture_467-500,pdf_culture_500-533,pdf_culture_533-567,pdf_culture_567-600,pdf_culture_600-633,pdf_culture_633-667,pdf_culture_667-700,pdf_culture_700-733,pdf_culture_733-767,pdf_culture_767-800,pdf_culture_800-833,pdf_culture_833-867,pdf_culture_867-900,pdf_culture_900-933,pdf_culture_933-967,pdf_culture_967-1000,m_children_culture_over_750,sd_children_culture_over_750,m_children_culture_under_750,sd_children_culture_under_750,ratio_children_culture_under-over_750,m_children_culture_over_median,sd_children_culture_over_median,m_children_culture_under_median,sd_children_culture_under_median,ratio_children_culture_under-over_median,m_pheno,sd_pheno,pdf_pheno_0-33,pdf_pheno_33-67,pdf_pheno_67-100,pdf_pheno_100-133,pdf_pheno_133-167,pdf_pheno_167-200,pdf_pheno_200-233,pdf_pheno_233-267,pdf_pheno_267-300,pdf_pheno_300-333,pdf_pheno_333-367,pdf_pheno_367-400,pdf_pheno_400-433,pdf_pheno_433-467,pdf_pheno_467-500,pdf_pheno_500-533,pdf_pheno_533-567,pdf_pheno_567-600,pdf_pheno_600-633,pdf_pheno_633-667,pdf_pheno_667-700,pdf_pheno_700-733,pdf_pheno_733-767,pdf_pheno_767-800,pdf_pheno_800-833,pdf_pheno_833-867,pdf_pheno_867-900,pdf_pheno_900-933,pdf_pheno_933-967,pdf_pheno_967-1000,m_children_pheno_over_750,sd_children_pheno_over_750,m_children_pheno_under_750,sd_children_pheno_under_750,ratio_children_pheno_under-over,m_geno,sd_geno,p_geno_0,p_geno_1,p_geno_2,p_geno_3,p_geno_4,p_geno_5,p_geno_6,p_geno_7,p_geno_8,p_geno_9,p_geno_10,p_geno_11,p_geno_12,p_geno_13,p_geno_14,p_geno_15,p_geno_16,p_geno_17,p_geno_18,p_geno_19,p_geno_20,p_geno_21,p_geno_22,p_geno_23,p_geno_24,p_geno_25,p_geno_26,p_geno_27,p_geno_28,p_geno_29,p_geno_30,p_geno_31,p_geno_32,p_geno_33,p_geno_34,p_geno_35,p_geno_36,p_geno_37,p_geno_38,p_geno_39,p_geno_40,p_geno_41,p_geno_42,p_geno_43,p_geno_44,p_geno_45,p_geno_46,p_geno_47,p_geno_48,p_geno_49,p_geno_50,p_geno_51,p_geno_52,p_geno_53,p_geno_54,p_geno_55,p_geno_56,p_geno_57,p_geno_58,p_geno_59,p_geno_60,p_geno_61,p_geno_62,p_geno_63,p_geno_64,p_geno_65,p_geno_66,p_geno_67,p_geno_68,p_geno_69,p_geno_70,p_geno_71,p_geno_72,p_geno_73,p_geno_74,p_geno_75,p_geno_76,p_geno_77,p_geno_78,p_geno_79,p_geno_80,p_geno_81,p_geno_82,p_geno_83,p_geno_84,p_geno_85,p_geno_86,p_geno_87,p_geno_88,p_geno_89,p_geno_90,p_geno_91,p_geno_92,p_geno_93,p_geno_94,p_geno_95,p_geno_96,p_geno_97,p_geno_98,p_geno_99,p_geno_100,m_children_geno_over_750,sd_children_geno_over_750,m_children_geno_under_750,sd_children_geno_under_750,ratio_children_geno_under-over,male_m_culture,male_sd_culture,male_pdf_culture_0-33,male_pdf_culture_33-67,male_pdf_culture_67-100,male_pdf_culture_100-133,male_pdf_culture_133-167,male_pdf_culture_167-200,male_pdf_culture_200-233,male_pdf_culture_233-267,male_pdf_culture_267-300,male_pdf_culture_300-333,male_pdf_culture_333-367,male_pdf_culture_367-400,male_pdf_culture_400-433,male_pdf_culture_433-467,male_pdf_culture_467-500,male_pdf_culture_500-533,male_pdf_culture_533-567,male_pdf_culture_567-600,male_pdf_culture_600-633,male_pdf_culture_633-667,male_pdf_culture_667-700,male_pdf_culture_700-733,male_pdf_culture_733-767,male_pdf_culture_767-800,male_pdf_culture_800-833,male_pdf_culture_833-867,male_pdf_culture_867-900,male_pdf_culture_900-933,male_pdf_culture_933-967,male_pdf_culture_967-1000,female_m_culture,female_sd_culture,female_pdf_culture_0-33,female_pdf_culture_33-67,female_pdf_culture_67-100,female_pdf_culture_100-133,female_pdf_culture_133-167,female_pdf_culture_167-200,female_pdf_culture_200-233,female_pdf_culture_233-267,female_pdf_culture_267-300,female_pdf_culture_300-333,female_pdf_culture_333-367,female_pdf_culture_367-400,female_pdf_culture_400-433,female_pdf_culture_433-467,female_pdf_culture_467-500,female_pdf_culture_500-533,female_pdf_culture_533-567,female_pdf_culture_567-600,female_pdf_culture_600-633,female_pdf_culture_633-667,female_pdf_culture_667-700,female_pdf_culture_700-733,female_pdf_culture_733-767,female_pdf_culture_767-800,female_pdf_culture_800-833,female_pdf_culture_833-867,female_pdf_culture_867-900,female_pdf_culture_900-933,female_pdf_culture_933-967,female_pdf_culture_967-1000,male_m_pheno,male_sd_pheno,male_pdf_pheno_0-33,male_pdf_pheno_33-67,male_pdf_pheno_67-100,male_pdf_pheno_100-133,male_pdf_pheno_133-167,male_pdf_pheno_167-200,male_pdf_pheno_200-233,male_pdf_pheno_233-267,male_pdf_pheno_267-300,male_pdf_pheno_300-333,male_pdf_pheno_333-367,male_pdf_pheno_367-400,male_pdf_pheno_400-433,male_pdf_pheno_433-467,male_pdf_pheno_467-500,male_pdf_pheno_500-533,male_pdf_pheno_533-567,male_pdf_pheno_567-600,male_pdf_pheno_600-633,male_pdf_pheno_633-667,male_pdf_pheno_667-700,male_pdf_pheno_700-733,male_pdf_pheno_733-767,male_pdf_pheno_767-800,male_pdf_pheno_800-833,male_pdf_pheno_833-867,male_pdf_pheno_867-900,male_pdf_pheno_900-933,male_pdf_pheno_933-967,male_pdf_pheno_967-1000,female_m_pheno,female_sd_pheno,female_pdf_pheno_0-33,female_pdf_pheno_33-67,female_pdf_pheno_67-100,female_pdf_pheno_100-133,female_pdf_pheno_133-167,female_pdf_pheno_167-200,female_pdf_pheno_200-233,female_pdf_pheno_233-267,female_pdf_pheno_267-300,female_pdf_pheno_300-333,female_pdf_pheno_333-367,female_pdf_pheno_367-400,female_pdf_pheno_400-433,female_pdf_pheno_433-467,female_pdf_pheno_467-500,female_pdf_pheno_500-533,female_pdf_pheno_533-567,female_pdf_pheno_567-600,female_pdf_pheno_600-633,female_pdf_pheno_633-667,female_pdf_pheno_667-700,female_pdf_pheno_700-733,female_pdf_pheno_733-767,female_pdf_pheno_767-800,female_pdf_pheno_800-833,female_pdf_pheno_833-867,female_pdf_pheno_867-900,female_pdf_pheno_900-933,female_pdf_pheno_933-967,female_pdf_pheno_967-1000
100,998,504,0.5050100200400801,227,203,0.4308617234468938,274,0.5490981963927856,0.462,3.080971659919028,3.291124469000208,7.214285714285714,2.220421606101764,9392.899268588466,1524.5540203655576,7853.0,10924.331780195236,10902.244980260493,6.979896695148307,7853.0,0.0,26.83366733466934,20.869390304484625,32.426289926289925,19.067611417119657,0.15731462925851702,0.11523046092184369,0.09318637274549098,0.06913827655310621,0.08216432865731463,0.0811623246492986,0.06613226452905811,0.06012024048096192,0.052104208416833664,0.04408817635270541,0.04208416833667335,0.050100200400801605,0.031062124248496994,0.028056112224448898,0.011022044088176353,0.01503006012024048,0.002004008016032064,0.9479109870049662,0.02295236757796602,0.0,0.0,0.0,0.0,0.0,0.0,0.0,0.0,0.0,0.0,0.0,0.0,0.0,0.0,0.0,0.0,0.0,0.0,0.0,0.0,0.0,0.0,0.0,0.0,0.0,0.0,0.4809619238476955,7.665330661322647,15.150300601202408,6.703406813627256,4.724193548387097,2.989184023078764,nan,nan,nan,4.845911949685535,2.9264837582354177,4.596026490066225,3.048566719895743,0.9484337597930302,0.399,0.00804,0.0,0.0,0.0,0.0,0.0,0.0,0.0,0.0,0.0,0.0,0.0,17.164328657314602,12.835671342685375,0.0,0.0,0.0,0.0,0.0,0.0,0.0,0.0,0.0,0.0,0.0,0.0,0.0,0.0,0.0,0.0,0.0,nan,nan,4.724193548387097,2.989184023078764,nan,0.399,0.03726,0.0,0.0,0.0,0.0,0.0,0.0,0.0,0.0,0.0,0.0,0.0,0.0,0.0,0.0,0.0,0.0,0.0,0.0,0.0,0.0,0.0,0.0,0.0,0.0,0.0,0.0,0.0002004008016032064,0.0,0.0,0.0011022044088176352,0.003957915831663327,0.00531062124248497,0.013326653306613227,0.021342685370741483,0.03602204408817635,0.044789579158316634,0.06788577154308617,0.0811623246492986,0.09483967935871744,0.10200400801603206,0.11182364729458918,0.08942885771543087,0.08932865731462926,0.06543086172344689,0.07119238476953908,0.03341683366733467,0.026953907815631263,0.020190380761523047,0.01097194388777555,0.0029559118236472948,0.0023547094188376754,0.002555110220440882,0.0011022044088176352,0.0003507014028056112,0.0,0.0,0.0,0.0,0.0,0.0,0.0,0.0,0.0,0.0,0.0,0.0,0.0,0.0,0.0,0.0,0.0,0.0,0.0,0.0,0.0,0.0,0.0,0.0,0.0,0.0,0.0,0.0,0.0,0.0,0.0,0.0,0.0,0.0,0.0,0.0,0.0,0.0,0.0,0.0,0.0,0.0,0.0,0.0,0.0,0.0,0.0,nan,nan,4.724193548387097,2.989184023078764,nan,0.9486602492748745,0.023209200394494558,0.0,0.0,0.0,0.0,0.0,0.0,0.0,0.0,0.0,0.0,0.0,0.0,0.0,0.0,0.0,0.0,0.0,0.0,0.0,0.0,0.0,0.0,0.0,0.0,0.0,0.0,0.4166666666666668,7.4404761904761925,15.178571428571432,6.964285714285716,0.9471465574826307,0.02266182395923825,0.0,0.0,0.0,0.0,0.0,0.0,0.0,0.0,0.0,0.0,0.0,0.0,0.0,0.0,0.0,0.0,0.0,0.0,0.0,0.0,0.0,0.0,0.0,0.0,0.0,0.0,0.5465587044534415,7.894736842105265,15.121457489878546,6.437246963562755,0.3987,0.00803,0.0,0.0,0.0,0.0,0.0,0.0,0.0,0.0,0.0,0.0,0.0,18.03571428571426,11.964285714285715,0.0,0.0,0.0,0.0,0.0,0.0,0.0,0.0,0.0,0.0,0.0,0.0,0.0,0.0,0.0,0.0,0.0,0.3992,0.00803,0.0,0.0,0.0,0.0,0.0,0.0,0.0,0.0,0.0,0.0,0.0,16.275303643724673,13.724696356275308,0.0,0.0,0.0,0.0,0.0,0.0,0.0,0.0,0.0,0.0,0.0,0.0,0.0,0.0,0.0,0.0,0.0
200,1272,639,0.5023584905660378,291,267,0.4386792452830189,364,0.5723270440251572,0.434,2.947867298578199,3.161098360530652,6.853801169590644,2.2286610319997493,9384.64974238714,1524.4497083402584,7853.0,10924.581121563911,10901.917797052338,6.866875026118696,7853.0,0.0,27.202830188679247,20.640979988438385,32.376303317535545,18.871970930681098,0.14858490566037735,0.11163522012578617,0.09198113207547169,0.08490566037735849,0.07783018867924528,0.0699685534591195,0.06367924528301887,0.06289308176100629,0.05345911949685535,0.05660377358490566,0.05267295597484277,0.046383647798742135,0.026729559748427674,0.025943396226415096,0.014937106918238994,0.007075471698113208,0.0047169811320754715,0.9475379739917299,0.023062957835656987,0.0,0.0,0.0,0.0,0.0,0.0,0.0,0.0,0.0,0.0,0.0,0.0,0.0,0.0,0.0,0.0,0.0,0.0,0.0,0.0,0.0,0.0,0.0,0.0,0.0,0.0,0.6839622641509435,7.641509433962265,15.683962264150946,5.99056603773585,4.391358024691358,2.8865245680047247,nan,nan,nan,4.3915211970074814,2.898761956073595,4.39119804400978,2.8744759543477336,0.9999264143372639,0.3984,0.00812,0.0,0.0,0.0,0.0,0.0,0.0,0.0,0.0,0.0,0.0,0.0,17.759433962264126,12.240566037735851,0.0,0.0,0.0,0.0,0.0,0.0,0.0,0.0,0.0,0.0,0.0,0.0,0.0,0.0,0.0,0.0,0.0,nan,nan,4.391358024691358,2.8865245680047247,nan,0.3984,0.0376,0.0,0.0,0.0,0.0,0.0,0.0,0.0,0.0,0.0,0.0,0.0,0.0,0.0,0.0,0.0,0.0,0.0,0.0,0.0,0.0,0.0,0.0,0.0,0.0,0.0,0.0,3.930817610062893e-05,0.0,0.00043238993710691825,0.0013757861635220125,0.005345911949685534,0.004284591194968553,0.013325471698113208,0.02012578616352201,0.040526729559748426,0.04858490566037736,0.06678459119496856,0.08176100628930817,0.09347484276729559,0.10695754716981132,0.10664308176100629,0.08702830188679245,0.09154874213836478,0.06242138364779874,0.06933962264150943,0.03058176100628931,0.028105345911949686,0.0202437106918239,0.012775157232704403,0.002161949685534591,0.00220125786163522,0.002161949685534591,0.0014150943396226414,0.00035377358490566035,0.0,0.0,0.0,0.0,0.0,0.0,0.0,0.0,0.0,0.0,0.0,0.0,0.0,0.0,0.0,0.0,0.0,0.0,0.0,0.0,0.0,0.0,0.0,0.0,0.0,0.0,0.0,0.0,0.0,0.0,0.0,0.0,0.0,0.0,0.0,0.0,0.0,0.0,0.0,0.0,0.0,0.0,0.0,0.0,0.0,0.0,0.0,nan,nan,4.391358024691358,2.8865245680047247,nan,0.9475058200586943,0.023334983128559788,0.0,0.0,0.0,0.0,0.0,0.0,0.0,0.0,0.0,0.0,0.0,0.0,0.0,0.0,0.0,0.0,0.0,0.0,0.0,0.0,0.0,0.0,0.0,0.0,0.0,0.0,0.751173708920188,7.887323943661973,15.30516431924883,6.056338028169016,0.9475704327013821,0.022785014354930775,0.0,0.0,0.0,0.0,0.0,0.0,0.0,0.0,0.0,0.0,0.0,0.0,0.0,0.0,0.0,0.0,0.0,0.0,0.0,0.0,0.0,0.0,0.0,0.0,0.0,0.0,0.6161137440758295,7.393364928909954,16.066350710900476,5.924170616113745,0.3987,0.008064,0.0,0.0,0.0,0.0,0.0,0.0,0.0,0.0,0.0,0.0,0.0,17.74647887323941,12.253521126760566,0.0,0.0,0.0,0.0,0.0,0.0,0.0,0.0,0.0,0.0,0.0,0.0,0.0,0.0,0.0,0.0,0.0,0.3982,0.00816,0.0,0.0,0.0,0.0,0.0,0.0,0.0,0.0,0.0,0.0,0.0,17.772511848341207,12.22748815165877,0.0,0.0,0.0,0.0,0.0,0.0,0.0,0.0,0.0,0.0,0.0,0.0,0.0,0.0,0.0,0.0,0.0
300,1423,750,0.5270555165144062,365,317,0.4792691496837667,400,0.5621925509486999,0.40199999999999997,3.0356612184249627,3.0676241903936927,6.633879781420765,2.183482385962797,9459.93106971743,1522.2164653242337,7853.0,10926.192214846611,10901.883882943868,6.7747880788705475,7853.0,0.0,27.32044975404076,20.280601404606003,32.199497066219614,18.5130958767669,0.14406184118060436,0.09768095572733661,0.08643710470836262,0.08784258608573436,0.08222066057624737,0.08643710470836262,0.07870695713281799,0.07097680955727337,0.05692199578355587,0.04778636683063949,0.03162333099086437,0.03794799718903725,0.04005621925509487,0.02178496134926212,0.015460295151089248,0.009838369641602248,0.004216444132115249,0.9477919860784219,0.02335943616213417,0.0,0.0,0.0,0.0,0.0,0.0,0.0,0.0,0.0,0.0,0.0,0.0,0.0,0.0,0.0,0.0,0.0,0.0,0.0,0.0,0.0,0.0,0.0,0.0,0.0,0.0,0.7800421644413214,7.08362614195362,15.706254392129306,6.430077301475757,4.082618025751073,2.885630823398145,nan,nan,nan,4.132911392405063,2.9319376890380635,4.0153172866520785,2.8202506131146188,0.9715469085620649,0.3984,0.00819,0.0,0.0,0.0,0.0,0.0,0.0,0.0,0.0,0.0,0.0,0.0,17.350667603654227,12.64933239634575,0.0,0.0,0.0,0.0,0.0,0.0,0.0,0.0,0.0,0.0,0.0,0.0,0.0,0.0,0.0,0.0,0.0,nan,nan,4.082618025751073,2.885630823398145,nan,0.3984,0.03793,0.0,0.0,0.0,0.0,0.0,0.0,0.0,0.0,0.0,0.0,0.0,0.0,0.0,0.0,0.0,0.0,0.0,0.0,0.0,0.0,0.0,0.0,0.0,0.0,0.0,0.0,0.0,0.0,0.000140548137737175,0.0013352073085031624,0.005586788475052705,0.003021784961349262,0.015354884047786366,0.02456078706957133,0.038756148981026,0.04673225579761068,0.0679901616303584,0.08576950105411103,0.0927266338721012,0.10193253689388615,0.11047083626141954,0.08155305692199578,0.0910400562192551,0.06307097680955727,0.0673928320449754,0.029690794096978217,0.02814476458186929,0.02410400562192551,0.012227687983134224,0.0018973998594518622,0.0016865776528460997,0.0031271960646521435,0.0014054813773717498,0.00028109627547435,0.0,0.0,0.0,0.0,0.0,0.0,0.0,0.0,0.0,0.0,0.0,0.0,0.0,0.0,0.0,0.0,0.0,0.0,0.0,0.0,0.0,0.0,0.0,0.0,0.0,0.0,0.0,0.0,0.0,0.0,0.0,0.0,0.0,0.0,0.0,0.0,0.0,0.0,0.0,0.0,0.0,0.0,0.0,0.0,0.0,0.0,0.0,nan,nan,4.082618025751073,2.885630823398145,nan,0.9476069945494334,0.023015959721446405,0.0,0.0,0.0,0.0,0.0,0.0,0.0,0.0,0.0,0.0,0.0,0.0,0.0,0.0,0.0,0.0,0.0,0.0,0.0,0.0,0.0,0.0,0.0,0.0,0.0,0.0,0.7200000000000002,7.040000000000001,16.200000000000003,6.040000000000001,0.9479981430572351,0.02373465704682701,0.0,0.0,0.0,0.0,0.0,0.0,0.0,0.0,0.0,0.0,0.0,0.0,0.0,0.0,0.0,0.0,0.0,0.0,0.0,0.0,0.0,0.0,0.0,0.0,0.0,0.0,0.846953937592868,7.132243684992572,15.156017830609215,6.8647845468053506,0.3984,0.0082,0.0,0.0,0.0,0.0,0.0,0.0,0.0,0.0,0.0,0.0,0.0,17.319999999999975,12.680000000000003,0.0,0.0,0.0,0.0,0.0,0.0,0.0,0.0,0.0,0.0,0.0,0.0,0.0,0.0,0.0,0.0,0.0,0.3982,0.00816,0.0,0.0,0.0,0.0,0.0,0.0,0.0,0.0,0.0,0.0,0.0,17.384843982169368,12.615156017830612,0.0,0.0,0.0,0.0,0.0,0.0,0.0,0.0,0.0,0.0,0.0,0.0,0.0,0.0,0.0,0.0,0.0
400,1356,706,0.5206489675516224,331,261,0.4365781710914454,379,0.5589970501474927,0.422,2.9476923076923076,3.055945412939162,6.443298969072165,2.163278688429526,9440.074762332317,1522.8396016211286,7853.0,10921.117122411728,10901.262574677934,7.087321640234912,7853.0,0.0,28.777286135693217,21.30784233204596,33.966519823788545,19.40517955637736,0.13938053097345132,0.09587020648967552,0.09070796460176991,0.08775811209439528,0.0752212389380531,0.07595870206489676,0.059734513274336286,0.058997050147492625,0.045722713864306784,0.0612094395280236,0.06047197640117994,0.05383480825958702,0.03023598820058997,0.029498525073746312,0.018436578171091445,0.01032448377581121,0.00663716814159292,0.9467550593931063,0.023018351004752538,0.0,0.0,0.0,0.0,0.0,0.0,0.0,0.0,0.0,0.0,0.0,0.0,0.0,0.0,0.0,0.0,0.0,0.0,0.0,0.0,0.0,0.0,0.0,0.0,0.0,0.0,0.508849557522124,8.141592920353984,15.154867256637171,6.194690265486727,4.076233183856503,2.8075043861694526,nan,nan,nan,4.147651006711409,2.9011511383277995,4.004494382022472,2.7082856683157326,0.9654848914584925,0.398,0.00869,0.0,0.0,0.0,0.0,0.0,0.0,0.0,0.0,0.0,0.0,0.02212389380530974,18.097345132743335,11.88053097345133,0.0,0.0,0.0,0.0,0.0,0.0,0.0,0.0,0.0,0.0,0.0,0.0,0.0,0.0,0.0,0.0,0.0,nan,nan,4.076233183856503,2.8075043861694526,nan,0.398,0.03787,0.0,0.0,0.0,0.0,0.0,0.0,0.0,0.0,0.0,0.0,0.0,0.0,0.0,0.0,0.0,0.0,0.0,0.0,0.0,0.0,0.0,0.0,0.0,0.0,0.0,0.0,0.0,0.0,0.0004056047197640118,0.001696165191740413,0.0065634218289085545,0.0024705014749262537,0.017367256637168142,0.023377581120943954,0.036946902654867254,0.04634955752212389,0.06666666666666667,0.08768436578171092,0.09140855457227139,0.09966814159292035,0.11913716814159292,0.08373893805309734,0.09347345132743363,0.05626843657817109,0.06718289085545723,0.028171091445427728,0.026585545722713863,0.024115044247787612,0.011504424778761062,0.001954277286135693,0.002064896755162242,0.003724188790560472,0.0014749262536873156,0.0,0.0,0.0,0.0,0.0,0.0,0.0,0.0,0.0,0.0,0.0,0.0,0.0,0.0,0.0,0.0,0.0,0.0,0.0,0.0,0.0,0.0,0.0,0.0,0.0,0.0,0.0,0.0,0.0,0.0,0.0,0.0,0.0,0.0,0.0,0.0,0.0,0.0,0.0,0.0,0.0,0.0,0.0,0.0,0.0,0.0,0.0,0.0,nan,nan,4.076233183856503,2.8075043861694526,nan,0.9462699518663011,0.02339160326677703,0.0,0.0,0.0,0.0,0.0,0.0,0.0,0.0,0.0,0.0,0.0,0.0,0.0,0.0,0.0,0.0,0.0,0.0,0.0,0.0,0.0,0.0,0.0,0.0,0.0,0.0,0.5949008498583571,8.116147308781871,15.127478753541078,6.161473087818698,0.9472819607991438,0.02259416347781148,0.0,0.0,0.0,0.0,0.0,0.0,0.0,0.0,0.0,0.0,0.0,0.0,0.0,0.0,0.0,0.0,0.0,0.0,0.0,0.0,0.0,0.0,0.0,0.0,0.0,0.0,0.41538461538461546,8.16923076923077,15.184615384615388,6.230769230769232,0.3975,0.00869,0.0,0.0,0.0,0.0,0.0,0.0,0.0,0.0,0.0,0.0,0.0424929178470255,19.121813031161444,10.835694050991505,0.0,0.0,0.0,0.0,0.0,0.0,0.0,0.0,0.0,0.0,0.0,0.0,0.0,0.0,0.0,0.0,0.0,0.3987,0.00865,0.0,0.0,0.0,0.0,0.0,0.0,0.0,0.0,0.0,0.0,0.0,16.98461538461536,13.015384615384619,0.0,0.0,0.0,0.0,0.0,0.0,0.0,0.0,0.0,0.0,0.0,0.0,0.0,0.0,0.0,0.0,0.0
500,1165,615,0.5278969957081545,281,227,0.43605150214592275,310,0.5321888412017167,0.47800000000000004,3.0472727272727274,3.200219000770504,6.622516556291391,2.4379497461920083,9462.341213217518,1521.9279390610725,7853.0,10922.740730643272,10901.58945268034,6.621302897461541,7853.0,0.0,27.65150214592275,20.692817892588536,32.36280487804878,19.065342248684875,0.13476394849785409,0.09957081545064378,0.10643776824034334,0.09356223175965665,0.0703862660944206,0.07381974248927038,0.06695278969957082,0.06695278969957082,0.05751072961373391,0.0592274678111588,0.048068669527897,0.030901287553648068,0.03347639484978541,0.02575107296137339,0.014592274678111588,0.01201716738197425,0.006008583690987125,0.9474701271548291,0.02288571020370117,0.0,0.0,0.0,0.0,0.0,0.0,0.0,0.0,0.0,0.0,0.0,0.0,0.0,0.0,0.0,0.0,0.0,0.0,0.0,0.0,0.0,0.0,0.0,0.0,0.0,0.025751072961373397,0.5407725321888412,7.570815450643779,15.759656652360517,6.103004291845495,4.2905866302864935,2.948189503329618,nan,nan,nan,4.294943820224719,3.0298287204882586,4.276595744680851,2.866364942835055,0.9957279824109764,0.3977,0.008545,0.0,0.0,0.0,0.0,0.0,0.0,0.0,0.0,0.0,0.0,0.0,18.7467811158798,11.253218884120175,0.0,0.0,0.0,0.0,0.0,0.0,0.0,0.0,0.0,0.0,0.0,0.0,0.0,0.0,0.0,0.0,0.0,nan,nan,4.2905866302864935,2.948189503329618,nan,0.3977,0.03775,0.0,0.0,0.0,0.0,0.0,0.0,0.0,0.0,0.0,0.0,0.0,0.0,0.0,0.0,0.0,0.0,0.0,0.0,0.0,0.0,0.0,0.0,0.0,0.0,0.0,0.0,0.0,0.0,8.583690987124464e-05,0.0015450643776824034,0.006051502145922746,0.002446351931330472,0.015193133047210301,0.027682403433476395,0.03648068669527897,0.04759656652360515,0.06918454935622317,0.08776824034334764,0.09025751072961373,0.09875536480686695,0.12660944206008584,0.07944206008583692,0.08982832618025752,0.0592274678111588,0.06532188841201717,0.025536480686695277,0.025107296137339054,0.02369098712446352,0.013004291845493562,0.0011587982832618026,0.0027467811158798285,0.003648068669527897,0.0016309012875536481,0.0,0.0,0.0,0.0,0.0,0.0,0.0,0.0,0.0,0.0,0.0,0.0,0.0,0.0,0.0,0.0,0.0,0.0,0.0,0.0,0.0,0.0,0.0,0.0,0.0,0.0,0.0,0.0,0.0,0.0,0.0,0.0,0.0,0.0,0.0,0.0,0.0,0.0,0.0,0.0,0.0,0.0,0.0,0.0,0.0,0.0,0.0,0.0,nan,nan,4.2905866302864935,2.948189503329618,nan,0.9474701714709522,0.02192583836630835,0.0,0.0,0.0,0.0,0.0,0.0,0.0,0.0,0.0,0.0,0.0,0.0,0.0,0.0,0.0,0.0,0.0,0.0,0.0,0.0,0.0,0.0,0.0,0.0,0.0,0.04878048780487806,0.39024390243902446,7.512195121951221,16.439024390243905,5.609756097560977,0.947470077601346,0.023913437020259304,0.0,0.0,0.0,0.0,0.0,0.0,0.0,0.0,0.0,0.0,0.0,0.0,0.0,0.0,0.0,0.0,0.0,0.0,0.0,0.0,0.0,0.0,0.0,0.0,0.0,0.0,0.7090909090909093,7.636363636363638,15.000000000000004,6.654545454545456,0.3975,0.00876,0.0,0.0,0.0,0.0,0.0,0.0,0.0,0.0,0.0,0.0,0.0,18.63414634146339,11.365853658536588,0.0,0.0,0.0,0.0,0.0,0.0,0.0,0.0,0.0,0.0,0.0,0.0,0.0,0.0,0.0,0.0,0.0,0.3977,0.0083,0.0,0.0,0.0,0.0,0.0,0.0,0.0,0.0,0.0,0.0,0.0,18.872727272727246,11.127272727272729,0.0,0.0,0.0,0.0,0.0,0.0,0.0,0.0,0.0,0.0,0.0,0.0,0.0,0.0,0.0,0.0,0.0
600,1380,720,0.5217391304347826,306,281,0.42536231884057973,386,0.5594202898550724,0.442,3.159090909090909,3.230605406849595,6.632432432432433,2.4725579329757092,9443.527475719651,1522.8226435768554,7853.0,10923.112711906433,10901.51099512933,7.053436077898806,7853.0,0.0,27.821014492753623,21.286159185814803,33.33245382585752,19.409767610028425,0.1492753623188406,0.10507246376811594,0.09057971014492754,0.08623188405797101,0.0746376811594203,0.060144927536231886,0.07608695652173914,0.06376811594202898,0.05507246376811594,0.05434782608695652,0.04782608695652174,0.0391304347826087,0.03333333333333333,0.02391304347826087,0.01884057971014493,0.013768115942028985,0.007971014492753623,0.9474679564652235,0.023833140174916632,0.0,0.0,0.0,0.0,0.0,0.0,0.0,0.0,0.0,0.0,0.0,0.0,0.0,0.0,0.0,0.0,0.0,0.0,0.0,0.0,0.0,0.0,0.0,0.0,0.0,0.04347826086956523,0.7608695652173915,7.108695652173914,15.934782608695654,6.152173913043479,4.7227378190255225,2.9997552759323343,nan,nan,nan,4.728571428571429,2.990881834787169,4.717194570135747,3.0081523174296536,0.9975940178534811,0.398,0.008575,0.0,0.0,0.0,0.0,0.0,0.0,0.0,0.0,0.0,0.0,0.0,18.086956521739104,11.913043478260873,0.0,0.0,0.0,0.0,0.0,0.0,0.0,0.0,0.0,0.0,0.0,0.0,0.0,0.0,0.0,0.0,0.0,nan,nan,4.7227378190255225,2.9997552759323343,nan,0.398,0.0377,0.0,0.0,0.0,0.0,0.0,0.0,0.0,0.0,0.0,0.0,0.0,0.0,0.0,0.0,0.0,0.0,0.0,0.0,0.0,0.0,0.0,0.0,0.0,0.0,0.0,0.0,0.0,0.0,3.6231884057971014e-05,0.0010869565217391304,0.005579710144927536,0.003260869565217391,0.015036231884057972,0.029782608695652173,0.031195652173913044,0.04648550724637681,0.06648550724637681,0.08557971014492753,0.0978623188405797,0.09905797101449275,0.1328985507246377,0.0766304347826087,0.08717391304347825,0.060833333333333336,0.06358695652173912,0.025978260869565218,0.023695652173913045,0.025072463768115942,0.012028985507246378,0.0015217391304347826,0.002971014492753623,0.0034782608695652175,0.0026811594202898552,0.0,0.0,0.0,0.0,0.0,0.0,0.0,0.0,0.0,0.0,0.0,0.0,0.0,0.0,0.0,0.0,0.0,0.0,0.0,0.0,0.0,0.0,0.0,0.0,0.0,0.0,0.0,0.0,0.0,0.0,0.0,0.0,0.0,0.0,0.0,0.0,0.0,0.0,0.0,0.0,0.0,0.0,0.0,0.0,0.0,0.0,0.0,0.0,nan,nan,4.7227378190255225,2.9997552759323343,nan,0.9469800324075752,0.02336293953492922,0.0,0.0,0.0,0.0,0.0,0.0,0.0,0.0,0.0,0.0,0.0,0.0,0.0,0.0,0.0,0.0,0.0,0.0,0.0,0.0,0.0,0.0,0.0,0.0,0.0,0.04166666666666668,0.7916666666666669,7.250000000000001,16.458333333333336,5.458333333333335,0.9480002372553854,0.024324567471283694,0.0,0.0,0.0,0.0,0.0,0.0,0.0,0.0,0.0,0.0,0.0,0.0,0.0,0.0,0.0,0.0,0.0,0.0,0.0,0.0,0.0,0.0,0.0,0.0,0.0,0.04545454545454546,0.7272727272727274,6.954545454545456,15.363636363636367,6.90909090909091,0.3977,0.00854,0.0,0.0,0.0,0.0,0.0,0.0,0.0,0.0,0.0,0.0,0.0,18.208333333333307,11.79166666666667,0.0,0.0,0.0,0.0,0.0,0.0,0.0,0.0,0.0,0.0,0.0,0.0,0.0,0.0,0.0,0.0,0.0,0.3982,0.008606,0.0,0.0,0.0,0.0,0.0,0.0,0.0,0.0,0.0,0.0,0.0,17.95454545454543,12.045454545454549,0.0,0.0,0.0,0.0,0.0,0.0,0.0,0.0,0.0,0.0,0.0,0.0,0.0,0.0,0.0,0.0,0.0
700,1287,651,0.5058275058275058,302,263,0.439005439005439,363,0.5641025641025641,0.446,2.907232704402516,3.1447087259404323,6.913043478260869,2.0833301827323374,9395.170978553368,1524.3082842877914,7853.0,10921.55917418003,10901.80806359168,6.853332445294503,7853.0,0.0,26.86013986013986,20.47487563775105,31.80149114631873,18.849497550022882,0.14063714063714064,0.11888111888111888,0.09634809634809635,0.07692307692307693,0.08236208236208237,0.08313908313908314,0.07303807303807304,0.0644910644910645,0.03885003885003885,0.04895104895104895,0.05439005439005439,0.030303030303030304,0.037296037296037296,0.03108003108003108,0.010878010878010878,0.009324009324009324,0.003108003108003108,0.9470717653620586,0.024080545410692964,0.0,0.0,0.0,0.0,0.0,0.0,0.0,0.0,0.0,0.0,0.0,0.0,0.0,0.0,0.0,0.0,0.0,0.0,0.0,0.0,0.0,0.0,0.0,0.0,0.0,0.04662004662004663,0.815850815850816,7.319347319347321,15.571095571095574,6.247086247086249,4.328767123287672,2.843621574785904,nan,nan,nan,4.37844611528822,2.78550429490263,4.270471464019852,2.896698989931053,0.9753395043754556,0.398,0.00873,0.0,0.0,0.0,0.0,0.0,0.0,0.0,0.0,0.0,0.0,0.023310023310023315,18.13519813519811,11.841491841491845,0.0,0.0,0.0,0.0,0.0,0.0,0.0,0.0,0.0,0.0,0.0,0.0,0.0,0.0,0.0,0.0,0.0,nan,nan,4.328767123287672,2.843621574785904,nan,0.398,0.0377,0.0,0.0,0.0,0.0,0.0,0.0,0.0,0.0,0.0,0.0,0.0,0.0,0.0,0.0,0.0,0.0,0.0,0.0,0.0,0.0,0.0,0.0,0.0,0.0,0.0,0.0,0.0,0.0,0.0,0.0009712509712509713,0.006138306138306139,0.002602952602952603,0.016472416472416474,0.031818181818181815,0.03115773115773116,0.04347319347319347,0.06363636363636363,0.08313908313908314,0.10198135198135198,0.10528360528360528,0.12354312354312354,0.07731157731157731,0.09300699300699301,0.06196581196581197,0.06651126651126651,0.021522921522921522,0.022416472416472415,0.02397047397047397,0.011188811188811189,0.0022533022533022533,0.0027583527583527586,0.003146853146853147,0.003574203574203574,0.0,0.0,0.0001554001554001554,0.0,0.0,0.0,0.0,0.0,0.0,0.0,0.0,0.0,0.0,0.0,0.0,0.0,0.0,0.0,0.0,0.0,0.0,0.0,0.0,0.0,0.0,0.0,0.0,0.0,0.0,0.0,0.0,0.0,0.0,0.0,0.0,0.0,0.0,0.0,0.0,0.0,0.0,0.0,0.0,0.0,0.0,0.0,0.0,0.0,nan,nan,4.328767123287672,2.843621574785904,nan,0.9477047693161738,0.023512136040127536,0.0,0.0,0.0,0.0,0.0,0.0,0.0,0.0,0.0,0.0,0.0,0.0,0.0,0.0,0.0,0.0,0.0,0.0,0.0,0.0,0.0,0.0,0.0,0.0,0.0,0.0,0.7373271889400923,6.866359447004609,15.66820276497696,6.7281105990783425,0.946423832069403,0.024631947818586904,0.0,0.0,0.0,0.0,0.0,0.0,0.0,0.0,0.0,0.0,0.0,0.0,0.0,0.0,0.0,0.0,0.0,0.0,0.0,0.0,0.0,0.0,0.0,0.0,0.0,0.09433962264150945,0.8962264150943398,7.78301886792453,15.47169811320755,5.754716981132077,0.3982,0.00874,0.0,0.0,0.0,0.0,0.0,0.0,0.0,0.0,0.0,0.0,0.0,18.018433179723477,11.9815668202765,0.0,0.0,0.0,0.0,0.0,0.0,0.0,0.0,0.0,0.0,0.0,0.0,0.0,0.0,0.0,0.0,0.0,0.3977,0.008705,0.0,0.0,0.0,0.0,0.0,0.0,0.0,0.0,0.0,0.0,0.04716981132075473,18.25471698113205,11.698113207547173,0.0,0.0,0.0,0.0,0.0,0.0,0.0,0.0,0.0,0.0,0.0,0.0,0.0,0.0,0.0,0.0,0.0
800,1365,723,0.5296703296703297,337,286,0.4564102564102564,384,0.5626373626373626,0.442,2.9610591900311527,3.083476837550672,6.601190476190476,2.0906249947039104,9467.894966298669,1521.7562222377815,7853.0,10925.645651698112,10901.868089899977,7.009024317096292,7853.0,0.0,27.791941391941393,20.85693306002965,32.90605794556629,19.044998887279682,0.1413919413919414,0.1076923076923077,0.08864468864468865,0.08205128205128205,0.08131868131868132,0.07179487179487179,0.0673992673992674,0.07472527472527472,0.05787545787545788,0.05274725274725275,0.03663003663003663,0.04322344322344322,0.035897435897435895,0.023443223443223443,0.018315018315018316,0.011721611721611722,0.005128205128205128,0.9472528244112874,0.02241267425719824,0.0,0.0,0.0,0.0,0.0,0.0,0.0,0.0,0.0,0.0,0.0,0.0,0.0,0.0,0.0,0.0,0.0,0.0,0.0,0.0,0.0,0.0,0.0,0.0,0.0,0.0,0.4835164835164836,7.406593406593408,16.483516483516485,5.626373626373628,4.2955832389580975,2.9108794977324797,nan,nan,nan,4.277904328018224,2.9359509377444164,4.313063063063063,2.88576977498574,1.0082186819407266,0.3984,0.00867,0.0,0.0,0.0,0.0,0.0,0.0,0.0,0.0,0.0,0.0,0.0,17.604395604395577,12.395604395604398,0.0,0.0,0.0,0.0,0.0,0.0,0.0,0.0,0.0,0.0,0.0,0.0,0.0,0.0,0.0,0.0,0.0,nan,nan,4.2955832389580975,2.9108794977324797,nan,0.3984,0.03802,0.0,0.0,0.0,0.0,0.0,0.0,0.0,0.0,0.0,0.0,0.0,0.0,0.0,0.0,0.0,0.0,0.0,0.0,0.0,0.0,0.0,0.0,0.0,0.0,0.0,0.0,0.0,0.0,0.0,0.0031135531135531138,0.003992673992673993,0.0018681318681318681,0.016153846153846154,0.03358974358974359,0.027216117216117216,0.04684981684981685,0.05956043956043956,0.0828937728937729,0.10087912087912088,0.10897435897435898,0.12058608058608059,0.07476190476190477,0.09644688644688644,0.06512820512820512,0.06644688644688644,0.019963369963369962,0.023003663003663005,0.023736263736263738,0.010622710622710623,0.0029670329670329672,0.0027472527472527475,0.0038461538461538464,0.004175824175824176,0.0,0.0,0.0004761904761904762,0.0,0.0,0.0,0.0,0.0,0.0,0.0,0.0,0.0,0.0,0.0,0.0,0.0,0.0,0.0,0.0,0.0,0.0,0.0,0.0,0.0,0.0,0.0,0.0,0.0,0.0,0.0,0.0,0.0,0.0,0.0,0.0,0.0,0.0,0.0,0.0,0.0,0.0,0.0,0.0,0.0,0.0,0.0,0.0,0.0,nan,nan,4.2955832389580975,2.9108794977324797,nan,0.9476495976269987,0.02318213777156566,0.0,0.0,0.0,0.0,0.0,0.0,0.0,0.0,0.0,0.0,0.0,0.0,0.0,0.0,0.0,0.0,0.0,0.0,0.0,0.0,0.0,0.0,0.0,0.0,0.0,0.0,0.49792531120331956,7.759336099585063,15.518672199170126,6.224066390041495,0.9468059910235004,0.02150444240094544,0.0,0.0,0.0,0.0,0.0,0.0,0.0,0.0,0.0,0.0,0.0,0.0,0.0,0.0,0.0,0.0,0.0,0.0,0.0,0.0,0.0,0.0,0.0,0.0,0.0,0.0,0.46728971962616833,7.009345794392525,17.570093457943926,4.953271028037385,0.3982,0.008606,0.0,0.0,0.0,0.0,0.0,0.0,0.0,0.0,0.0,0.0,0.0,17.925311203319477,12.074688796680501,0.0,0.0,0.0,0.0,0.0,0.0,0.0,0.0,0.0,0.0,0.0,0.0,0.0,0.0,0.0,0.0,0.0,0.3984,0.008736,0.0,0.0,0.0,0.0,0.0,0.0,0.0,0.0,0.0,0.0,0.0,17.24299065420558,12.757009345794396,0.0,0.0,0.0,0.0,0.0,0.0,0.0,0.0,0.0,0.0,0.0,0.0,0.0,0.0,0.0,0.0,0.0
900,1602,841,0.5249687890137328,395,312,0.44132334581772786,445,0.5555555555555556,0.40199999999999997,3.1235216819973717,3.1768687965845466,6.647058823529412,2.146281659737684,9453.445202207968,1522.4311811953878,7853.0,10922.332624435425,10901.648292434202,7.173430701307488,7853.0,0.0,27.786516853932586,20.91691829927642,32.91317365269461,19.12498147123897,0.14856429463171036,0.10362047440699126,0.08489388264669163,0.08614232209737828,0.07927590511860175,0.07365792759051186,0.06679151061173533,0.052434456928838954,0.07116104868913857,0.06491885143570537,0.039950062421972535,0.03620474406991261,0.03433208489388265,0.02122347066167291,0.017478152309612985,0.013108614232209739,0.006242197253433208,0.9469545313928012,0.023547826703592352,0.0,0.0,0.0,0.0,0.0,0.0,0.0,0.0,0.0,0.0,0.0,0.0,0.0,0.0,0.0,0.0,0.0,0.0,0.0,0.0,0.0,0.0,0.0,0.0,0.0,0.0,0.6367041198501874,7.940074906367044,15.056179775280901,6.367041198501874,4.427308447937132,2.911450334497048,nan,nan,nan,4.491017964071856,2.877821302787075,4.365570599613153,2.9423563093556924,0.972067053513862,0.3987,0.00871,0.0,0.0,0.0,0.0,0.0,0.0,0.0,0.0,0.0,0.0,0.01872659176029963,17.078651685393233,12.902621722846444,0.0,0.0,0.0,0.0,0.0,0.0,0.0,0.0,0.0,0.0,0.0,0.0,0.0,0.0,0.0,0.0,0.0,nan,nan,4.427308447937132,2.911450334497048,nan,0.3987,0.0387,0.0,0.0,0.0,0.0,0.0,0.0,0.0,0.0,0.0,0.0,0.0,0.0,0.0,0.0,0.0,0.0,0.0,0.0,0.0,0.0,0.0,0.0,0.0,0.0,0.0,0.0,0.0,0.0,3.121098626716604e-05,0.002059925093632959,0.005493133583021223,0.0023408239700374533,0.01626092384519351,0.03648564294631711,0.027059925093632958,0.050280898876404495,0.05308988764044944,0.07915106117353309,0.1,0.11020599250936329,0.11991260923845193,0.07259675405742821,0.09400749063670412,0.06797752808988763,0.06526217228464419,0.023033707865168538,0.02468789013732834,0.023689138576779026,0.011173533083645442,0.003526841448189763,0.001466916354556804,0.00465043695380774,0.004712858926342073,0.0,0.0,0.0008426966292134832,0.0,0.0,0.0,0.0,0.0,0.0,0.0,0.0,0.0,0.0,0.0,0.0,0.0,0.0,0.0,0.0,0.0,0.0,0.0,0.0,0.0,0.0,0.0,0.0,0.0,0.0,0.0,0.0,0.0,0.0,0.0,0.0,0.0,0.0,0.0,0.0,0.0,0.0,0.0,0.0,0.0,0.0,0.0,0.0,0.0,nan,nan,4.427308447937132,2.911450334497048,nan,0.9465397928047407,0.024221045459508254,0.0,0.0,0.0,0.0,0.0,0.0,0.0,0.0,0.0,0.0,0.0,0.0,0.0,0.0,0.0,0.0,0.0,0.0,0.0,0.0,0.0,0.0,0.0,0.0,0.0,0.0,0.8917954815695602,7.740784780023783,15.196195005945308,6.171224732461357,0.9474128693068075,0.02277192083593168,0.0,0.0,0.0,0.0,0.0,0.0,0.0,0.0,0.0,0.0,0.0,0.0,0.0,0.0,0.0,0.0,0.0,0.0,0.0,0.0,0.0,0.0,0.0,0.0,0.0,0.0,0.35479632063074906,8.16031537450723,14.901445466491461,6.5834428383705665,0.3987,0.008736,0.0,0.0,0.0,0.0,0.0,0.0,0.0,0.0,0.0,0.0,0.0,17.229488703923877,12.770511296076101,0.0,0.0,0.0,0.0,0.0,0.0,0.0,0.0,0.0,0.0,0.0,0.0,0.0,0.0,0.0,0.0,0.0,0.3984,0.00869,0.0,0.0,0.0,0.0,0.0,0.0,0.0,0.0,0.0,0.0,0.039421813403416564,16.91195795006568,13.048620236530883,0.0,0.0,0.0,0.0,0.0,0.0,0.0,0.0,0.0,0.0,0.0,0.0,0.0,0.0,0.0,0.0,0.0
1000,1663,867,0.5213469633193024,401,354,0.4539987973541792,468,0.5628382441371016,0.40599999999999997,2.9334170854271355,3.072301100506003,6.646788990825688,1.990577289707892,9442.809784617864,1523.3316206192897,7853.0,10924.521221518517,10902.427533817196,6.875712736124465,7853.0,0.0,27.02525556223692,20.491685233772643,32.0599710982659,18.784910128985924,0.14912808177991582,0.09981960312687914,0.09140108238123873,0.08899579073962718,0.08598917618761275,0.08177991581479255,0.07336139506915214,0.0619362597714973,0.05472038484666266,0.0396873120865905,0.047504509921828024,0.03848466626578473,0.028863499699338546,0.025255562236921228,0.019242333132892364,0.011425135297654841,0.0024052916416115455,0.9492885788305653,0.023164123408087794,0.0,0.0,0.0,0.0,0.0,0.0,0.0,0.0,0.0,0.0,0.0,0.0,0.0,0.0,0.0,0.0,0.0,0.0,0.0,0.0,0.0,0.0,0.0,0.0,0.0,0.0,0.5231509320505112,6.782922429344559,15.676488274203251,7.017438364401685,4.266098484848484,2.89759342506284,nan,nan,nan,4.350746268656716,2.863844255663187,4.178846153846154,2.92941557169958,0.9604895104895105,0.3992,0.00866,0.0,0.0,0.0,0.0,0.0,0.0,0.0,0.0,0.0,0.0,0.0,16.32591701743834,13.674082982561638,0.0,0.0,0.0,0.0,0.0,0.0,0.0,0.0,0.0,0.0,0.0,0.0,0.0,0.0,0.0,0.0,0.0,nan,nan,4.266098484848484,2.89759342506284,nan,0.3992,0.03888,0.0,0.0,0.0,0.0,0.0,0.0,0.0,0.0,0.0,0.0,0.0,0.0,0.0,0.0,0.0,0.0,0.0,0.0,0.0,0.0,0.0,0.0,0.0,0.0,0.0,0.0,0.0,0.0,0.0,0.0017438364401683704,0.005201443174984967,0.001713770294648226,0.019242333132892364,0.03917618761274805,0.025646422128683104,0.048196031268791344,0.051924233313289235,0.07158749248346362,0.09494888755261575,0.11764882742032472,0.1145219482862297,0.07254960914010823,0.09822609741431149,0.07056524353577871,0.06867107636800962,0.02486470234515935,0.023842453397474445,0.02269993986770896,0.011545399879735418,0.0026458208057727,0.0026458208057727,0.00396873120865905,0.005261575466025256,0.0,0.0,0.0009621166566446182,0.0,0.0,0.0,0.0,0.0,0.0,0.0,0.0,0.0,0.0,0.0,0.0,0.0,0.0,0.0,0.0,0.0,0.0,0.0,0.0,0.0,0.0,0.0,0.0,0.0,0.0,0.0,0.0,0.0,0.0,0.0,0.0,0.0,0.0,0.0,0.0,0.0,0.0,0.0,0.0,0.0,0.0,0.0,0.0,0.0,nan,nan,4.266098484848484,2.89759342506284,nan,0.9487120610894904,0.023528226601112808,0.0,0.0,0.0,0.0,0.0,0.0,0.0,0.0,0.0,0.0,0.0,0.0,0.0,0.0,0.0,0.0,0.0,0.0,0.0,0.0,0.0,0.0,0.0,0.0,0.0,0.0,0.6228373702422146,6.920415224913496,15.67474048442907,6.782006920415226,0.9499165196364848,0.022744296974027103,0.0,0.0,0.0,0.0,0.0,0.0,0.0,0.0,0.0,0.0,0.0,0.0,0.0,0.0,0.0,0.0,0.0,0.0,0.0,0.0,0.0,0.0,0.0,0.0,0.0,0.0,0.4145728643216081,6.63316582914573,15.678391959798999,7.27386934673367,0.3992,0.00855,0.0,0.0,0.0,0.0,0.0,0.0,0.0,0.0,0.0,0.0,0.0,15.916955017301015,14.083044982698963,0.0,0.0,0.0,0.0,0.0,0.0,0.0,0.0,0.0,0.0,0.0,0.0,0.0,0.0,0.0,0.0,0.0,0.3992,0.00877,0.0,0.0,0.0,0.0,0.0,0.0,0.0,0.0,0.0,0.0,0.0,16.771356783919572,13.228643216080405,0.0,0.0,0.0,0.0,0.0,0.0,0.0,0.0,0.0,0.0,0.0,0.0,0.0,0.0,0.0,0.0,0.0
1100,1599,821,0.5134459036898061,375,330,0.44090056285178236,454,0.5678549093183239,0.426,3.0488431876606685,3.0640430552302123,6.46875,2.1273949214439978,9418.544945793461,1524.0034694220262,7853.0,10925.605267047882,10902.094236691526,6.762500896242712,7853.0,0.0,28.390243902439025,21.148962244175298,33.47089552238806,19.332129796833605,0.13758599124452783,0.1050656660412758,0.08880550343964978,0.07754846779237023,0.07942464040025016,0.08005003126954346,0.060662914321450906,0.06629143214509069,0.0600375234521576,0.0525328330206379,0.05128205128205128,0.04252657911194497,0.03814884302689181,0.024390243902439025,0.016885553470919325,0.010006253908692933,0.008755472170106316,0.9468669707958515,0.023122922719351922,0.0,0.0,0.0,0.0,0.0,0.0,0.0,0.0,0.0,0.0,0.0,0.0,0.0,0.0,0.0,0.0,0.0,0.0,0.0,0.0,0.0,0.0,0.0,0.0,0.0,0.018761726078799255,0.7129455909943716,7.879924953095687,15.440900562851787,5.947467166979363,4.297010607521697,2.7986979912751773,nan,nan,nan,4.379174852652259,2.832529000241041,4.222011385199241,2.764310588940476,0.9641111687153044,0.3997,0.0083,0.0,0.0,0.0,0.0,0.0,0.0,0.0,0.0,0.0,0.0,0.0,15.609756097560952,14.390243902439027,0.0,0.0,0.0,0.0,0.0,0.0,0.0,0.0,0.0,0.0,0.0,0.0,0.0,0.0,0.0,0.0,0.0,nan,nan,4.297010607521697,2.7986979912751773,nan,0.3997,0.03836,0.0,0.0,0.0,0.0,0.0,0.0,0.0,0.0,0.0,0.0,0.0,0.0,0.0,0.0,0.0,0.0,0.0,0.0,0.0,0.0,0.0,0.0,0.0,0.0,0.0,0.0,0.0,0.0,0.0,0.0015634771732332708,0.004346466541588493,0.00150093808630394,0.017417135709818638,0.04043151969981238,0.02320200125078174,0.05175109443402126,0.04777986241400876,0.07126328955597248,0.09355847404627893,0.11594746716697936,0.10972482801751095,0.07967479674796749,0.10003126954346467,0.07376485303314571,0.06894934333958724,0.026579111944965605,0.025703564727954972,0.022951844903064414,0.01044402751719825,0.0026579111944965606,0.002532833020637899,0.0034083802376485305,0.0041588492808005,0.0,0.0,0.0006566604127579737,0.0,0.0,0.0,0.0,0.0,0.0,0.0,0.0,0.0,0.0,0.0,0.0,0.0,0.0,0.0,0.0,0.0,0.0,0.0,0.0,0.0,0.0,0.0,0.0,0.0,0.0,0.0,0.0,0.0,0.0,0.0,0.0,0.0,0.0,0.0,0.0,0.0,0.0,0.0,0.0,0.0,0.0,0.0,0.0,0.0,nan,nan,4.297010607521697,2.7986979912751773,nan,0.9470201660306097,0.02292846582266574,0.0,0.0,0.0,0.0,0.0,0.0,0.0,0.0,0.0,0.0,0.0,0.0,0.0,0.0,0.0,0.0,0.0,0.0,0.0,0.0,0.0,0.0,0.0,0.0,0.0,0.036540803897685756,0.6942752740560294,7.819732034104753,15.60292326431182,5.846528623629721,0.9467053084722827,0.02332527828992503,0.0,0.0,0.0,0.0,0.0,0.0,0.0,0.0,0.0,0.0,0.0,0.0,0.0,0.0,0.0,0.0,0.0,0.0,0.0,0.0,0.0,0.0,0.0,0.0,0.0,0.0,0.7326478149100258,7.943444730077124,15.269922879177381,6.053984575835477,0.4,0.00832,0.0,0.0,0.0,0.0,0.0,0.0,0.0,0.0,0.0,0.0,0.0,15.785627283800222,14.214372716199758,0.0,0.0,0.0,0.0,0.0,0.0,0.0,0.0,0.0,0.0,0.0,0.0,0.0,0.0,0.0,0.0,0.0,0.3994,0.00828,0.0,0.0,0.0,0.0,0.0,0.0,0.0,0.0,0.0,0.0,0.0,15.42416452442157,14.575835475578408,0.0,0.0,0.0,0.0,0.0,0.0,0.0,0.0,0.0,0.0,0.0,0.0,0.0,0.0,0.0,0.0,0.0
1200,1824,947,0.5191885964912281,454,388,0.4616228070175439,531,0.5822368421052632,0.39399999999999996,2.960091220068415,3.1248449343880735,6.8017621145374445,2.1466902043094964,9435.550130656544,1522.9471165165364,7853.0,10923.758932352066,10901.121898962552,7.2282406348459585,7853.0,0.0,27.573464912280702,20.593179276916544,32.51342501637197,18.868786135676544,0.13596491228070176,0.10855263157894737,0.08771929824561403,0.08552631578947369,0.08607456140350878,0.07730263157894737,0.08168859649122807,0.0625,0.051535087719298246,0.048793859649122806,0.044956140350877194,0.04276315789473684,0.027960526315789474,0.023574561403508772,0.015899122807017545,0.010964912280701754,0.008223684210526315,0.9438839073439962,0.023878727813829385,0.0,0.0,0.0,0.0,0.0,0.0,0.0,0.0,0.0,0.0,0.0,0.0,0.0,0.0,0.0,0.0,0.0,0.0,0.0,0.0,0.0,0.0,0.0,0.0,0.0,0.016447368421052634,1.0032894736842108,9.046052631578949,14.6546052631579,5.279605263157896,4.187234042553191,2.9363182201363895,nan,nan,nan,4.298093587521664,3.0004990639040714,4.080267558528428,2.868974610035407,0.9493203150285898,0.3992,0.00849,0.0,0.0,0.0,0.0,0.0,0.0,0.0,0.0,0.0,0.0,0.0,16.44736842105261,13.552631578947372,0.0,0.0,0.0,0.0,0.0,0.0,0.0,0.0,0.0,0.0,0.0,0.0,0.0,0.0,0.0,0.0,0.0,nan,nan,4.187234042553191,2.9363182201363895,nan,0.3992,0.03848,0.0,0.0,0.0,0.0,0.0,0.0,0.0,0.0,0.0,0.0,0.0,0.0,0.0,0.0,0.0,0.0,0.0,0.0,0.0,0.0,0.0,0.0,0.0,0.0,0.0,0.0,0.0,0.0,2.7412280701754386e-05,0.001343201754385965,0.003673245614035088,0.0017543859649122807,0.018393640350877195,0.041529605263157895,0.025082236842105265,0.05148026315789474,0.04528508771929825,0.0759046052631579,0.09372258771929824,0.11214364035087719,0.11540570175438597,0.08097587719298245,0.09728618421052632,0.07327302631578947,0.06589912280701754,0.026014254385964913,0.02250548245614035,0.023519736842105263,0.010115131578947369,0.0030701754385964912,0.0017269736842105263,0.0044407894736842105,0.004166666666666667,5.482456140350877e-05,0.0,0.001206140350877193,0.0,0.0,0.0,0.0,0.0,0.0,0.0,0.0,0.0,0.0,0.0,0.0,0.0,0.0,0.0,0.0,0.0,0.0,0.0,0.0,0.0,0.0,0.0,0.0,0.0,0.0,0.0,0.0,0.0,0.0,0.0,0.0,0.0,0.0,0.0,0.0,0.0,0.0,0.0,0.0,0.0,0.0,0.0,0.0,0.0,nan,nan,4.187234042553191,2.9363182201363895,nan,0.9437943504377806,0.024213707704537582,0.0,0.0,0.0,0.0,0.0,0.0,0.0,0.0,0.0,0.0,0.0,0.0,0.0,0.0,0.0,0.0,0.0,0.0,0.0,0.0,0.0,0.0,0.0,0.0,0.0,0.0,1.1721224920802538,8.996832101372759,14.413938753959878,5.417106652587118,0.9439806124639348,0.023511268998682604,0.0,0.0,0.0,0.0,0.0,0.0,0.0,0.0,0.0,0.0,0.0,0.0,0.0,0.0,0.0,0.0,0.0,0.0,0.0,0.0,0.0,0.0,0.0,0.0,0.0,0.03420752565564425,0.8209806157354619,9.099201824401371,14.914481185860893,5.131128848346638,0.3997,0.00853,0.0,0.0,0.0,0.0,0.0,0.0,0.0,0.0,0.0,0.0,0.0,16.029567053854255,13.970432946145728,0.0,0.0,0.0,0.0,0.0,0.0,0.0,0.0,0.0,0.0,0.0,0.0,0.0,0.0,0.0,0.0,0.0,0.399,0.00845,0.0,0.0,0.0,0.0,0.0,0.0,0.0,0.0,0.0,0.0,0.0,16.89851767388823,13.101482326111746,0.0,0.0,0.0,0.0,0.0,0.0,0.0,0.0,0.0,0.0,0.0,0.0,0.0,0.0,0.0,0.0,0.0
1300,1707,879,0.5149384885764499,407,342,0.43878148799062683,492,0.5764499121265377,0.434,3.1533816425120773,3.126078660486179,6.642023346303502,2.097864532038637,9422.396227397901,1523.1959625322977,7853.0,10921.402225494385,10900.735335800022,7.122213828006885,7853.0,0.0,28.18687756297598,21.25661806117333,33.46235045742435,19.39255637120764,0.14997070884592853,0.09548916227299356,0.08553016988869361,0.08904510837727006,0.08025776215582894,0.07322788517867604,0.0632688927943761,0.061511423550087874,0.054481546572934976,0.05565319273579379,0.05213825424721734,0.040421792618629174,0.03456356180433509,0.02460456942003515,0.0210896309314587,0.00995899238429994,0.008787346221441126,0.9433115465150776,0.023567583752023894,0.0,0.0,0.0,0.0,0.0,0.0,0.0,0.0,0.0,0.0,0.0,0.0,0.0,0.0,0.0,0.0,0.0,0.0,0.0,0.0,0.0,0.0,0.0,0.0,0.0,0.017574692442882255,1.1247803163444643,8.89279437609842,15.079086115992974,4.885764499121266,4.480507706255667,2.8548015755878184,nan,nan,nan,4.560846560846561,2.855006059677466,4.395522388059701,2.8521232120409796,0.9637514284724867,0.3994,0.008575,0.0,0.0,0.0,0.0,0.0,0.0,0.0,0.0,0.0,0.0,0.0,15.57117750439365,14.428822495606331,0.0,0.0,0.0,0.0,0.0,0.0,0.0,0.0,0.0,0.0,0.0,0.0,0.0,0.0,0.0,0.0,0.0,nan,nan,4.480507706255667,2.8548015755878184,nan,0.3994,0.03876,0.0,0.0,0.0,0.0,0.0,0.0,0.0,0.0,0.0,0.0,0.0,0.0,0.0,0.0,0.0,0.0,0.0,0.0,0.0,0.0,0.0,0.0,0.0,0.0,0.0,0.0,0.0,0.0,0.0,0.0005858230814294083,0.0034856473345049794,0.003192735793790275,0.017984768599882836,0.04270650263620387,0.028002343292325718,0.04803749267721148,0.04364381956649092,0.07700644405389573,0.09557703573520797,0.11130638547158758,0.11186291739894552,0.0774165202108963,0.09323374340949034,0.07486818980667838,0.06616871704745167,0.028324545987111892,0.025629759812536613,0.02680140597539543,0.011072056239015818,0.002548330404217926,0.0015817223198594025,0.004598711189220855,0.0032806092560046865,2.9291154071470417e-05,0.0,0.001054481546572935,0.0,0.0,0.0,0.0,0.0,0.0,0.0,0.0,0.0,0.0,0.0,0.0,0.0,0.0,0.0,0.0,0.0,0.0,0.0,0.0,0.0,0.0,0.0,0.0,0.0,0.0,0.0,0.0,0.0,0.0,0.0,0.0,0.0,0.0,0.0,0.0,0.0,0.0,0.0,0.0,0.0,0.0,0.0,0.0,0.0,nan,nan,4.480507706255667,2.8548015755878184,nan,0.9424132710837667,0.023814576113276507,0.0,0.0,0.0,0.0,0.0,0.0,0.0,0.0,0.0,0.0,0.0,0.0,0.0,0.0,0.0,0.0,0.0,0.0,0.0,0.0,0.0,0.0,0.0,0.0,0.0,0.03412969283276451,1.2286689419795225,9.078498293515361,15.18771331058021,4.470989761092151,0.9442651505055635,0.023264590558532538,0.0,0.0,0.0,0.0,0.0,0.0,0.0,0.0,0.0,0.0,0.0,0.0,0.0,0.0,0.0,0.0,0.0,0.0,0.0,0.0,0.0,0.0,0.0,0.0,0.0,0.0,1.0144927536231887,8.695652173913045,14.963768115942033,5.32608695652174,0.3997,0.00858,0.0,0.0,0.0,0.0,0.0,0.0,0.0,0.0,0.0,0.0,0.0,15.085324232081888,14.914675767918093,0.0,0.0,0.0,0.0,0.0,0.0,0.0,0.0,0.0,0.0,0.0,0.0,0.0,0.0,0.0,0.0,0.0,0.3994,0.00857,0.0,0.0,0.0,0.0,0.0,0.0,0.0,0.0,0.0,0.0,0.0,16.086956521739108,13.913043478260871,0.0,0.0,0.0,0.0,0.0,0.0,0.0,0.0,0.0,0.0,0.0,0.0,0.0,0.0,0.0,0.0,0.0
1400,1985,1023,0.5153652392947103,486,423,0.4579345088161209,566,0.5702770780856423,0.39399999999999996,2.874220374220374,3.0647517671522184,6.596,2.163511959754325,9423.468106815586,1522.9335987181912,7853.0,10926.72302699089,10900.291487809325,6.640673142582904,7853.0,0.0,27.295717884130983,20.495860780152736,32.00657108721625,18.86588723452419,0.13954659949622167,0.10377833753148615,0.08765743073047859,0.09370277078085643,0.08765743073047859,0.08413098236775819,0.0690176322418136,0.06498740554156171,0.05340050377833753,0.04433249370277078,0.043828715365239294,0.03677581863979849,0.03727959697732997,0.02468513853904282,0.014105793450881612,0.008564231738035265,0.00654911838790932,0.9423016007060668,0.022928106094284393,0.0,0.0,0.0,0.0,0.0,0.0,0.0,0.0,0.0,0.0,0.0,0.0,0.0,0.0,0.0,0.0,0.0,0.0,0.0,0.0,0.0,0.0,0.0,0.0,0.0,0.0,1.0125944584382873,9.204030226700255,15.430730478589425,4.352644836272042,4.205007824726135,2.925294141400193,nan,nan,nan,4.29665071770335,2.949555413882722,4.121538461538462,2.898646490914327,0.9592444749014905,0.399,0.00849,0.0,0.0,0.0,0.0,0.0,0.0,0.0,0.0,0.0,0.0,0.0,16.594458438287127,13.40554156171285,0.0,0.0,0.0,0.0,0.0,0.0,0.0,0.0,0.0,0.0,0.0,0.0,0.0,0.0,0.0,0.0,0.0,nan,nan,4.205007824726135,2.925294141400193,nan,0.399,0.03925,0.0,0.0,0.0,0.0,0.0,0.0,0.0,0.0,0.0,0.0,0.0,0.0,0.0,0.0,0.0,0.0,0.0,0.0,0.0,0.0,0.0,0.0,0.0,0.0,0.0,0.0,0.0,0.0,0.0,0.0003778337531486146,0.0034760705289672545,0.0037279596977329976,0.022065491183879092,0.04204030226700252,0.030327455919395466,0.050856423173803525,0.04055415617128463,0.07309823677581864,0.09496221662468514,0.11753148614609572,0.11365239294710328,0.0710831234256927,0.08942065491183879,0.07649874055415617,0.0678337531486146,0.025944584382871536,0.0253904282115869,0.02554156171284635,0.011234256926952142,0.0028967254408060455,0.0020151133501259445,0.005239294710327456,0.002795969773299748,0.0,0.0,0.0013853904282115869,2.5188916876574308e-05,2.5188916876574308e-05,0.0,0.0,0.0,0.0,0.0,0.0,0.0,0.0,0.0,0.0,0.0,0.0,0.0,0.0,0.0,0.0,0.0,0.0,0.0,0.0,0.0,0.0,0.0,0.0,0.0,0.0,0.0,0.0,0.0,0.0,0.0,0.0,0.0,0.0,0.0,0.0,0.0,0.0,0.0,0.0,0.0,0.0,0.0,nan,nan,4.205007824726135,2.925294141400193,nan,0.9413427301515932,0.022437157708437582,0.0,0.0,0.0,0.0,0.0,0.0,0.0,0.0,0.0,0.0,0.0,0.0,0.0,0.0,0.0,0.0,0.0,0.0,0.0,0.0,0.0,0.0,0.0,0.0,0.0,0.0,0.9677419354838712,9.501466275659826,15.630498533724344,3.900293255131966,0.943321272823766,0.02339582965617145,0.0,0.0,0.0,0.0,0.0,0.0,0.0,0.0,0.0,0.0,0.0,0.0,0.0,0.0,0.0,0.0,0.0,0.0,0.0,0.0,0.0,0.0,0.0,0.0,0.0,0.0,1.0602910602910605,8.887733887733889,15.218295218295221,4.833679833679835,0.399,0.00836,0.0,0.0,0.0,0.0,0.0,0.0,0.0,0.0,0.0,0.0,0.0,16.77419354838707,13.225806451612907,0.0,0.0,0.0,0.0,0.0,0.0,0.0,0.0,0.0,0.0,0.0,0.0,0.0,0.0,0.0,0.0,0.0,0.3992,0.00863,0.0,0.0,0.0,0.0,0.0,0.0,0.0,0.0,0.0,0.0,0.0,16.40332640332638,13.5966735966736,0.0,0.0,0.0,0.0,0.0,0.0,0.0,0.0,0.0,0.0,0.0,0.0,0.0,0.0,0.0,0.0,0.0
1500,1894,981,0.5179514255543822,448,379,0.43664202745512143,522,0.5512143611404435,0.438,2.9978094194961664,3.1452594100756164,6.573643410852713,2.2073702962534774,9431.292268833018,1522.6174014883177,7853.0,10923.507180452347,10900.182015463542,7.142093090976682,7853.0,0.0,28.570221752903908,21.328379402923456,33.800126502213786,19.462915644193487,0.13938753959873285,0.10665258711721225,0.09239704329461457,0.07550158394931362,0.07180570221752904,0.06599788806758183,0.06969376979936642,0.06494192185850053,0.06335797254487856,0.05807814149947202,0.0501583949313622,0.044350580781414996,0.032206969376979935,0.02692713833157339,0.01900739176346357,0.01003167898627244,0.009503695881731784,0.9409546214524644,0.024026521630885693,0.0,0.0,0.0,0.0,0.0,0.0,0.0,0.0,0.0,0.0,0.0,0.0,0.0,0.0,0.0,0.0,0.0,0.0,0.0,0.0,0.0,0.0,0.0,0.0,0.0,0.03167898627243929,1.2988384371700108,10.16895459345301,14.303062302006339,4.197465681098206,4.275493421052632,2.811324272372435,nan,nan,nan,4.137987012987013,2.778416086169112,4.416666666666667,2.837790611647652,1.0673466718974762,0.3994,0.008415,0.0,0.0,0.0,0.0,0.0,0.0,0.0,0.0,0.0,0.0,0.0,15.966209081309374,14.033790918690606,0.0,0.0,0.0,0.0,0.0,0.0,0.0,0.0,0.0,0.0,0.0,0.0,0.0,0.0,0.0,0.0,0.0,nan,nan,4.275493421052632,2.811324272372435,nan,0.3994,0.0395,0.0,0.0,0.0,0.0,0.0,0.0,0.0,0.0,0.0,0.0,0.0,0.0,0.0,0.0,0.0,0.0,0.0,0.0,0.0,0.0,0.0,0.0,0.0,0.0,0.0,0.0,0.0,2.6399155227032734e-05,0.0,0.0002903907074973601,0.003194297782470961,0.003695881731784583,0.021013727560718058,0.042265047518479405,0.03125659978880676,0.05018479408658923,0.04139387539598733,0.07650475184794087,0.09429778247096093,0.10971488912354804,0.11230200633579726,0.072571277719113,0.09147307286166843,0.07777191129883844,0.06594508975712778,0.024841605068637803,0.02576557550158395,0.027560718057022177,0.01253959873284055,0.0045406546990496306,0.0021383315733896516,0.003484688489968321,0.0034318901795142554,5.279831045406547e-05,0.0,0.0015311510031678986,0.00021119324181626187,0.0,0.0,0.0,0.0,0.0,0.0,0.0,0.0,0.0,0.0,0.0,0.0,0.0,0.0,0.0,0.0,0.0,0.0,0.0,0.0,0.0,0.0,0.0,0.0,0.0,0.0,0.0,0.0,0.0,0.0,0.0,0.0,0.0,0.0,0.0,0.0,0.0,0.0,0.0,0.0,0.0,0.0,0.0,0.0,nan,nan,4.275493421052632,2.811324272372435,nan,0.9403970556886189,0.024033746168163905,0.0,0.0,0.0,0.0,0.0,0.0,0.0,0.0,0.0,0.0,0.0,0.0,0.0,0.0,0.0,0.0,0.0,0.0,0.0,0.0,0.0,0.0,0.0,0.0,0.0,0.03058103975535169,1.2538226299694193,10.397553516819574,14.28134556574924,4.036697247706423,0.9415537145678342,0.024004327146665536,0.0,0.0,0.0,0.0,0.0,0.0,0.0,0.0,0.0,0.0,0.0,0.0,0.0,0.0,0.0,0.0,0.0,0.0,0.0,0.0,0.0,0.0,0.0,0.0,0.0,0.032858707557502746,1.3472070098576125,9.923329682365829,14.326396495071197,4.370208105147865,0.3994,0.00854,0.0,0.0,0.0,0.0,0.0,0.0,0.0,0.0,0.0,0.0,0.0,15.535168195718633,14.46483180428135,0.0,0.0,0.0,0.0,0.0,0.0,0.0,0.0,0.0,0.0,0.0,0.0,0.0,0.0,0.0,0.0,0.0,0.3994,0.00829,0.0,0.0,0.0,0.0,0.0,0.0,0.0,0.0,0.0,0.0,0.0,16.429353778751345,13.570646221248635,0.0,0.0,0.0,0.0,0.0,0.0,0.0,0.0,0.0,0.0,0.0,0.0,0.0,0.0,0.0,0.0,0.0
1600,2029,1075,0.5298176441596846,516,396,0.4494825036964022,546,0.5381961557417447,0.442,3.038784067085954,3.2004266273387434,6.79182156133829,2.232192653538015,9467.49279325143,1520.927217505434,7853.0,10926.907944440842,10900.261281402,6.8969649197324845,7853.0,0.0,27.77772301626417,20.822097877492542,32.87367178276269,19.01042039736316,0.14342040413997043,0.10300640709709216,0.09314933464760966,0.08181370133070479,0.07146377525874816,0.07984228684080828,0.07589945786101528,0.0665352390340069,0.05519960571710202,0.04977821586988664,0.04583538689009364,0.04189255791030064,0.031542631838344014,0.026121241991128634,0.019714144898965006,0.007392804337111878,0.007392804337111878,0.9419024956525988,0.02352637349073419,0.0,0.0,0.0,0.0,0.0,0.0,0.0,0.0,0.0,0.0,0.0,0.0,0.0,0.0,0.0,0.0,0.0,0.0,0.0,0.0,0.0,0.0,0.0,0.0,0.0,0.04435682602267128,0.9462789551503206,9.906357811729919,14.800394282897983,4.302612124199114,4.315950920245399,3.0236577690505326,nan,nan,nan,4.318818040435459,2.964182845313721,4.3121212121212125,3.082625560937297,0.9984493840093409,0.3992,0.00897,0.0,0.0,0.0,0.0,0.0,0.0,0.0,0.0,0.0,0.0,0.014785608674223759,16.190241498274986,13.794972893050767,0.0,0.0,0.0,0.0,0.0,0.0,0.0,0.0,0.0,0.0,0.0,0.0,0.0,0.0,0.0,0.0,0.0,nan,nan,4.315950920245399,3.0236577690505326,nan,0.3992,0.03976,0.0,0.0,0.0,0.0,0.0,0.0,0.0,0.0,0.0,0.0,0.0,0.0,0.0,0.0,0.0,0.0,0.0,0.0,0.0,0.0,0.0,0.0,0.0,0.0,0.0,0.0,0.0,0.0,0.0,2.464268112370626e-05,0.0034992607195662886,0.0034006899950714637,0.02193198620009857,0.040364711680630855,0.032158698866436665,0.0519714144898965,0.04433218334154756,0.07666338097585017,0.09618038442582554,0.11264169541646131,0.1082552981764416,0.07434696895022179,0.08309512074913751,0.07560374568753081,0.06766880236569739,0.023016264169541646,0.026392311483489403,0.02964514539181863,0.013011335633316905,0.004805322819122721,0.0017003449975357319,0.0034499753573188764,0.0033760473139477576,0.00014785608674223755,0.0,0.002316412025628388,0.0,0.0,0.0,0.0,0.0,0.0,0.0,0.0,0.0,0.0,0.0,0.0,0.0,0.0,0.0,0.0,0.0,0.0,0.0,0.0,0.0,0.0,0.0,0.0,0.0,0.0,0.0,0.0,0.0,0.0,0.0,0.0,0.0,0.0,0.0,0.0,0.0,0.0,0.0,0.0,0.0,0.0,0.0,0.0,0.0,nan,nan,4.315950920245399,3.0236577690505326,nan,0.9411714227255,0.02326169896220376,0.0,0.0,0.0,0.0,0.0,0.0,0.0,0.0,0.0,0.0,0.0,0.0,0.0,0.0,0.0,0.0,0.0,0.0,0.0,0.0,0.0,0.0,0.0,0.0,0.0,0.055813953488372106,0.9209302325581398,10.381395348837211,14.679069767441863,3.9627906976744196,0.942726293762275,0.023794193166962394,0.0,0.0,0.0,0.0,0.0,0.0,0.0,0.0,0.0,0.0,0.0,0.0,0.0,0.0,0.0,0.0,0.0,0.0,0.0,0.0,0.0,0.0,0.0,0.0,0.0,0.03144654088050315,0.9748427672955977,9.371069182389938,14.937106918238998,4.685534591194969,0.3992,0.00902,0.0,0.0,0.0,0.0,0.0,0.0,0.0,0.0,0.0,0.0,0.0,16.43720930232556,13.562790697674423,0.0,0.0,0.0,0.0,0.0,0.0,0.0,0.0,0.0,0.0,0.0,0.0,0.0,0.0,0.0,0.0,0.0,0.3994,0.00891,0.0,0.0,0.0,0.0,0.0,0.0,0.0,0.0,0.0,0.0,0.03144654088050315,15.911949685534568,14.056603773584909,0.0,0.0,0.0,0.0,0.0,0.0,0.0,0.0,0.0,0.0,0.0,0.0,0.0,0.0,0.0,0.0,0.0
1700,2144,1136,0.5298507462686567,504,424,0.43283582089552236,588,0.5485074626865671,0.438,3.0654761904761907,3.204609553797506,6.891228070175439,2.1172872996803016,9467.977792526943,1521.2830057121973,7853.0,10924.959211707115,10900.986256318456,6.887919888344807,7853.0,0.0,28.122201492537314,21.13613019526144,33.40011223344557,19.283514705087946,0.146455223880597,0.09561567164179105,0.09328358208955224,0.08628731343283583,0.0732276119402985,0.07462686567164178,0.06856343283582089,0.0625,0.0625,0.04897388059701493,0.04897388059701493,0.04011194029850746,0.033582089552238806,0.02845149253731343,0.02005597014925373,0.008395522388059701,0.008395522388059701,0.9424518971189634,0.02299317876957569,0.0,0.0,0.0,0.0,0.0,0.0,0.0,0.0,0.0,0.0,0.0,0.0,0.0,0.0,0.0,0.0,0.0,0.0,0.0,0.0,0.0,0.0,0.0,0.0,0.0,0.04197761194029851,0.9934701492537316,9.235074626865673,15.503731343283585,4.225746268656717,4.32798833819242,2.9557481241853023,nan,nan,nan,4.334801762114537,2.9888842520750663,4.321273516642547,2.922708455661463,0.996879154753921,0.3997,0.008965,0.0,0.0,0.0,0.0,0.0,0.0,0.0,0.0,0.0,0.0,0.0,15.447761194029827,14.552238805970152,0.0,0.0,0.0,0.0,0.0,0.0,0.0,0.0,0.0,0.0,0.0,0.0,0.0,0.0,0.0,0.0,0.0,nan,nan,4.32798833819242,2.9557481241853023,nan,0.3997,0.03976,0.0,0.0,0.0,0.0,0.0,0.0,0.0,0.0,0.0,0.0,0.0,0.0,0.0,0.0,0.0,0.0,0.0,0.0,0.0,0.0,0.0,0.0,0.0,0.0,0.0,0.0,0.0,0.0,0.0,0.0,0.003498134328358209,0.003871268656716418,0.02063899253731343,0.040788246268656715,0.02882462686567164,0.05023320895522388,0.0457089552238806,0.0742304104477612,0.09505597014925374,0.12028917910447762,0.10862873134328359,0.0724347014925373,0.08050373134328358,0.07173507462686567,0.06842350746268656,0.025769589552238806,0.027028917910447762,0.032929104477611944,0.015321828358208955,0.004430970149253731,0.0007229477611940298,0.0033582089552238806,0.003894589552238806,4.664179104477612e-05,4.664179104477612e-05,0.001585820895522388,0.0,0.0,0.0,0.0,0.0,0.0,0.0,0.0,0.0,0.0,0.0,0.0,0.0,0.0,0.0,0.0,0.0,0.0,0.0,0.0,0.0,0.0,0.0,0.0,0.0,0.0,0.0,0.0,0.0,0.0,0.0,0.0,0.0,0.0,0.0,0.0,0.0,0.0,0.0,0.0,0.0,0.0,0.0,0.0,0.0,nan,nan,4.32798833819242,2.9557481241853023,nan,0.9428887391908908,0.022770833327714672,0.0,0.0,0.0,0.0,0.0,0.0,0.0,0.0,0.0,0.0,0.0,0.0,0.0,0.0,0.0,0.0,0.0,0.0,0.0,0.0,0.0,0.0,0.0,0.0,0.0,0.05281690140845072,0.9507042253521129,9.21654929577465,15.607394366197186,4.172535211267607,0.9419595830379024,0.023231366070980978,0.0,0.0,0.0,0.0,0.0,0.0,0.0,0.0,0.0,0.0,0.0,0.0,0.0,0.0,0.0,0.0,0.0,0.0,0.0,0.0,0.0,0.0,0.0,0.0,0.0,0.02976190476190477,1.041666666666667,9.255952380952383,15.386904761904766,4.2857142857142865,0.4,0.008965,0.0,0.0,0.0,0.0,0.0,0.0,0.0,0.0,0.0,0.0,0.0,15.343309859154907,14.656690140845074,0.0,0.0,0.0,0.0,0.0,0.0,0.0,0.0,0.0,0.0,0.0,0.0,0.0,0.0,0.0,0.0,0.0,0.3994,0.00896,0.0,0.0,0.0,0.0,0.0,0.0,0.0,0.0,0.0,0.0,0.0,15.565476190476168,14.434523809523814,0.0,0.0,0.0,0.0,0.0,0.0,0.0,0.0,0.0,0.0,0.0,0.0,0.0,0.0,0.0,0.0,0.0
1800,2227,1151,0.5168387965873372,498,462,0.43107319263583294,622,0.5585990121239336,0.458,3.1273234200743496,3.1633878907658586,6.83728813559322,1.9780060414540517,9428.360717489386,1523.179215158172,7853.0,10926.482370138168,10901.069780928638,7.216338092892108,7853.0,0.0,27.471935339021105,20.8142834186961,32.59762675296656,19.05026323773584,0.14638527166591828,0.09654243376740008,0.10103277952402336,0.08576560395150426,0.08037718904355635,0.07543780871127077,0.0655590480466996,0.06690615177368657,0.05837449483610238,0.05074090704984284,0.040862146385271664,0.03502469690166143,0.03592276605298608,0.026044005388414906,0.01706331387516839,0.013022002694207453,0.004939380332285586,0.9430223237948938,0.02355653773556523,0.0,0.0,0.0,0.0,0.0,0.0,0.0,0.0,0.0,0.0,0.0,0.0,0.0,0.0,0.0,0.0,0.0,0.0,0.0,0.0,0.0,0.0,0.0,0.0,0.0,0.0,1.0642119443197129,9.200718455321061,14.91243825774585,4.822631342613382,4.518175338560228,2.8540509691193723,nan,nan,nan,4.524893314366999,2.8527928884828544,4.511428571428572,2.8552979758008172,0.9970242960434724,0.4001,0.009026,0.0,0.0,0.0,0.0,0.0,0.0,0.0,0.0,0.0,0.0,0.0,15.060619667714391,14.93938033228559,0.0,0.0,0.0,0.0,0.0,0.0,0.0,0.0,0.0,0.0,0.0,0.0,0.0,0.0,0.0,0.0,0.0,nan,nan,4.518175338560228,2.8540509691193723,nan,0.4001,0.03958,0.0,0.0,0.0,0.0,0.0,0.0,0.0,0.0,0.0,0.0,0.0,0.0,0.0,0.0,0.0,0.0,0.0,0.0,0.0,0.0,0.0,0.0,0.0,0.0,0.0,0.0,0.0,0.0001122586439155815,0.0,4.49034575662326e-05,0.0021329142343960487,0.004220925011225864,0.021171980242478673,0.04115401885945218,0.029142343960484957,0.04470139200718455,0.046654692411315674,0.074517287831163,0.09705882352941177,0.1152896273013022,0.10830713964975303,0.07072294566681635,0.08466546924113157,0.07236192186798383,0.06863493488998652,0.027570722945666818,0.028850471486304447,0.03428378985181859,0.01650202065559048,0.004198473282442748,0.0003367759317467445,0.0027166591827570722,0.0032330489447687473,0.0,0.0,0.001347103726986978,6.73551863493489e-05,0.0,0.0,0.0,0.0,0.0,0.0,0.0,0.0,0.0,0.0,0.0,0.0,0.0,0.0,0.0,0.0,0.0,0.0,0.0,0.0,0.0,0.0,0.0,0.0,0.0,0.0,0.0,0.0,0.0,0.0,0.0,0.0,0.0,0.0,0.0,0.0,0.0,0.0,0.0,0.0,0.0,0.0,0.0,0.0,nan,nan,4.518175338560228,2.8540509691193723,nan,0.9432161656490727,0.02385651358867815,0.0,0.0,0.0,0.0,0.0,0.0,0.0,0.0,0.0,0.0,0.0,0.0,0.0,0.0,0.0,0.0,0.0,0.0,0.0,0.0,0.0,0.0,0.0,0.0,0.0,0.0,0.9643788010425719,9.435273675065162,14.648132059079066,4.952215464813206,0.9428149706590574,0.023229574822024236,0.0,0.0,0.0,0.0,0.0,0.0,0.0,0.0,0.0,0.0,0.0,0.0,0.0,0.0,0.0,0.0,0.0,0.0,0.0,0.0,0.0,0.0,0.0,0.0,0.0,0.0,1.171003717472119,8.949814126394054,15.195167286245356,4.684014869888476,0.4,0.00907,0.0,0.0,0.0,0.0,0.0,0.0,0.0,0.0,0.0,0.0,0.0,15.456125108601194,14.543874891398787,0.0,0.0,0.0,0.0,0.0,0.0,0.0,0.0,0.0,0.0,0.0,0.0,0.0,0.0,0.0,0.0,0.0,0.4004,0.008965,0.0,0.0,0.0,0.0,0.0,0.0,0.0,0.0,0.0,0.0,0.0,14.637546468401467,15.362453531598517,0.0,0.0,0.0,0.0,0.0,0.0,0.0,0.0,0.0,0.0,0.0,0.0,0.0,0.0,0.0,0.0,0.0
1900,2534,1301,0.5134175217048145,602,527,0.44554064719810577,699,0.5516969218626677,0.426,2.9480940794809407,3.1189812139098323,6.578313253012048,2.1808060957301443,9418.045660503003,1523.6055266612573,7853.0,10927.419868588448,10901.290317997393,7.409397551157446,7853.0,0.0,27.5327545382794,20.54886932495474,32.38674812030075,18.845168333036096,0.13772691397000789,0.10142067876874507,0.0978689818468824,0.09392265193370165,0.0734017363851618,0.0824782951854775,0.06985003946329914,0.06077348066298342,0.05840568271507498,0.04419889502762431,0.049723756906077346,0.039068666140489344,0.03393843725335438,0.024861878453038673,0.020126282557221785,0.008681925808997633,0.003551696921862668,0.9433670826520897,0.023949411886875906,0.0,0.0,0.0,0.0,0.0,0.0,0.0,0.0,0.0,0.0,0.0,0.0,0.0,0.0,0.0,0.0,0.0,0.0,0.0,0.0,0.0,0.0,0.0,0.0,0.0,0.023677979479084458,1.0181531176006315,9.116022099447516,14.704025256511446,5.138121546961328,4.326086956521739,2.915774653663736,nan,nan,nan,4.350617283950617,2.8966614864544793,4.30125,2.934791038132017,0.9886528093076049,0.4004,0.00862,0.0,0.0,0.0,0.0,0.0,0.0,0.0,0.0,0.0,0.0,0.011838989739542229,14.408050513022868,15.580110497237571,0.0,0.0,0.0,0.0,0.0,0.0,0.0,0.0,0.0,0.0,0.0,0.0,0.0,0.0,0.0,0.0,0.0,nan,nan,4.326086956521739,2.915774653663736,nan,0.4004,0.0394,0.0,0.0,0.0,0.0,0.0,0.0,0.0,0.0,0.0,0.0,0.0,0.0,0.0,0.0,0.0,0.0,0.0,0.0,0.0,0.0,0.0,0.0,0.0,0.0,0.0,0.0,0.0,0.0002170481452249408,1.9731649565903708e-05,7.892659826361483e-05,0.0017561168113654302,0.004577742699289661,0.021053670086819257,0.039640883977900554,0.029794790844514602,0.04153512233622731,0.0452249408050513,0.07756511444356748,0.09826361483820048,0.10976716653512233,0.11468034727703236,0.06837016574585636,0.08421468034727703,0.07478295185477506,0.06840962904498817,0.027486187845303867,0.02936069455406472,0.0345501183898974,0.0175611681136543,0.004123914759273875,0.00027624309392265195,0.002644041041831097,0.0027426992896606157,0.0,0.0,0.0013022888713496448,0.0,0.0,0.0,0.0,0.0,0.0,0.0,0.0,0.0,0.0,0.0,0.0,0.0,0.0,0.0,0.0,0.0,0.0,0.0,0.0,0.0,0.0,0.0,0.0,0.0,0.0,0.0,0.0,0.0,0.0,0.0,0.0,0.0,0.0,0.0,0.0,0.0,0.0,0.0,0.0,0.0,0.0,0.0,0.0,0.0,nan,nan,4.326086956521739,2.915774653663736,nan,0.9436906786903246,0.024542396438257102,0.0,0.0,0.0,0.0,0.0,0.0,0.0,0.0,0.0,0.0,0.0,0.0,0.0,0.0,0.0,0.0,0.0,0.0,0.0,0.0,0.0,0.0,0.0,0.0,0.0,0.0461183704842429,1.1068408916218295,8.854727132974636,14.504227517294392,5.488086087624906,0.9430256402792239,0.023302500524673937,0.0,0.0,0.0,0.0,0.0,0.0,0.0,0.0,0.0,0.0,0.0,0.0,0.0,0.0,0.0,0.0,0.0,0.0,0.0,0.0,0.0,0.0,0.0,0.0,0.0,0.0,0.9245742092457423,9.391727493917276,14.914841849148422,4.768856447688565,0.4001,0.00856,0.0,0.0,0.0,0.0,0.0,0.0,0.0,0.0,0.0,0.0,0.0,14.411990776325883,15.5880092236741,0.0,0.0,0.0,0.0,0.0,0.0,0.0,0.0,0.0,0.0,0.0,0.0,0.0,0.0,0.0,0.0,0.0,0.4004,0.00868,0.0,0.0,0.0,0.0,0.0,0.0,0.0,0.0,0.0,0.0,0.024330900243309007,14.403892944038908,15.571776155717764,0.0,0.0,0.0,0.0,0.0,0.0,0.0,0.0,0.0,0.0,0.0,0.0,0.0,0.0,0.0,0.0,0.0
2000,2440,1315,0.5389344262295082,644,471,0.4569672131147541,657,0.5385245901639344,0.438,3.119111111111111,3.2215992041374055,6.754491017964072,2.2036090861153985,9495.929967845903,1519.619044315555,7853.0,10921.525723934174,10901.478419425097,6.724150327475091,7853.0,0.0,28.38360655737705,21.029438229269118,33.184503631961256,19.288515497064445,0.1377049180327869,0.08934426229508197,0.09918032786885246,0.08770491803278689,0.08360655737704918,0.06557377049180328,0.07172131147540983,0.06557377049180328,0.05983606557377049,0.05368852459016393,0.048770491803278686,0.03483606557377049,0.03401639344262295,0.029508196721311476,0.022131147540983605,0.009426229508196722,0.007377049180327869,0.9434750753836554,0.02314588891526211,0.0,0.0,0.0,0.0,0.0,0.0,0.0,0.0,0.0,0.0,0.0,0.0,0.0,0.0,0.0,0.0,0.0,0.0,0.0,0.0,0.0,0.0,0.0,0.0,0.0,0.012295081967213118,0.8852459016393445,9.282786885245903,14.889344262295085,4.930327868852459,4.190087829360101,3.039823860266471,nan,nan,nan,4.2718078381795195,3.018811923517584,4.109589041095891,3.0582465459345327,0.962025726992261,0.4006,0.00843,0.0,0.0,0.0,0.0,0.0,0.0,0.0,0.0,0.0,0.0,0.0,13.881147540983585,16.094262295081972,0.024590163934426236,0.0,0.0,0.0,0.0,0.0,0.0,0.0,0.0,0.0,0.0,0.0,0.0,0.0,0.0,0.0,0.0,nan,nan,4.190087829360101,3.039823860266471,nan,0.4006,0.03925,0.0,0.0,0.0,0.0,0.0,0.0,0.0,0.0,0.0,0.0,0.0,0.0,0.0,0.0,0.0,0.0,0.0,0.0,0.0,0.0,0.0,0.0,0.0,0.0,0.0,0.0,0.0,0.00026639344262295085,0.0,6.147540983606557e-05,0.0016598360655737704,0.00389344262295082,0.021188524590163935,0.03772540983606557,0.027991803278688526,0.0375,0.046495901639344264,0.08276639344262295,0.09727459016393443,0.10967213114754099,0.11420081967213115,0.06827868852459017,0.08411885245901639,0.07809426229508197,0.06782786885245902,0.028831967213114755,0.031188524590163934,0.033012295081967215,0.01555327868852459,0.004426229508196721,0.00012295081967213115,0.003278688524590164,0.0027049180327868854,0.0,0.0,0.0018647540983606557,0.0,0.0,0.0,0.0,0.0,0.0,0.0,0.0,0.0,0.0,0.0,0.0,0.0,0.0,0.0,0.0,0.0,0.0,0.0,0.0,0.0,0.0,0.0,0.0,0.0,0.0,0.0,0.0,0.0,0.0,0.0,0.0,0.0,0.0,0.0,0.0,0.0,0.0,0.0,0.0,0.0,0.0,0.0,0.0,0.0,nan,nan,4.190087829360101,3.039823860266471,nan,0.9438456783729814,0.022602054698361573,0.0,0.0,0.0,0.0,0.0,0.0,0.0,0.0,0.0,0.0,0.0,0.0,0.0,0.0,0.0,0.0,0.0,0.0,0.0,0.0,0.0,0.0,0.0,0.0,0.0,0.0,0.7984790874524716,9.011406844106466,15.353612167300383,4.836501901140686,0.9430418816672431,0.02375847444444263,0.0,0.0,0.0,0.0,0.0,0.0,0.0,0.0,0.0,0.0,0.0,0.0,0.0,0.0,0.0,0.0,0.0,0.0,0.0,0.0,0.0,0.0,0.0,0.0,0.0,0.026666666666666672,0.9866666666666669,9.600000000000001,14.34666666666667,5.040000000000001,0.401,0.00844,0.0,0.0,0.0,0.0,0.0,0.0,0.0,0.0,0.0,0.0,0.0,13.596958174904923,16.38022813688213,0.02281368821292776,0.0,0.0,0.0,0.0,0.0,0.0,0.0,0.0,0.0,0.0,0.0,0.0,0.0,0.0,0.0,0.0,0.4006,0.00842,0.0,0.0,0.0,0.0,0.0,0.0,0.0,0.0,0.0,0.0,0.0,14.213333333333312,15.760000000000003,0.026666666666666672,0.0,0.0,0.0,0.0,0.0,0.0,0.0,0.0,0.0,0.0,0.0,0.0,0.0,0.0,0.0,0.0
2100,2443,1255,0.5137126483831355,586,491,0.4408514121981171,664,0.5435939418747442,0.47800000000000004,3.0765993265993266,3.3222073740351945,7.135048231511254,2.375063359639895,9419.153444587013,1523.7825521349994,7853.0,10926.616237163544,10901.695510060616,6.962592456133317,7853.0,0.0,26.699549733933686,20.232090411042975,31.718365337272278,18.5031822215914,0.14735980352026198,0.1027425296766271,0.09987720016373311,0.08350388866148178,0.08432255423659435,0.08063855914858781,0.06876790830945559,0.062218583708555056,0.05935325419566107,0.05116659844453541,0.046254604993860006,0.030699959066721245,0.034383954154727794,0.024559967253376995,0.012279983626688497,0.008595988538681949,0.003274662300450266,0.944254885381526,0.023728796827198778,0.0,0.0,0.0,0.0,0.0,0.0,0.0,0.0,0.0,0.0,0.0,0.0,0.0,0.0,0.0,0.0,0.0,0.0,0.0,0.0,0.0,0.0,0.0,0.0,0.0,0.012279983626688501,1.0437986082685224,8.411788784281622,15.349979533360624,5.182153090462547,4.47634691195795,3.045391219517602,nan,nan,nan,4.520618556701031,3.0059370168628567,4.430872483221476,3.0872524073506673,0.980147390815241,0.401,0.008514,0.0,0.0,0.0,0.0,0.0,0.0,0.0,0.0,0.0,0.0,0.0,13.937781416291424,16.062218583708557,0.0,0.0,0.0,0.0,0.0,0.0,0.0,0.0,0.0,0.0,0.0,0.0,0.0,0.0,0.0,0.0,0.0,nan,nan,4.47634691195795,3.045391219517602,nan,0.401,0.0393,0.0,0.0,0.0,0.0,0.0,0.0,0.0,0.0,0.0,0.0,0.0,0.0,0.0,0.0,0.0,0.0,0.0,0.0,0.0,0.0,0.0,0.0,0.0,0.0,0.0,0.0,0.0,0.0007163323782234957,0.0,0.0,0.0023331968890708144,0.0036021285304952927,0.02173557101923864,0.03898894801473598,0.02541956610724519,0.0387228817028244,0.0471142038477282,0.0800450266066312,0.09455587392550144,0.11189111747851004,0.11291444944740074,0.06756037658616455,0.08692181743757675,0.07848956201391731,0.06477691363078182,0.03047482603356529,0.03205075726565698,0.03311502251330332,0.017212443716741712,0.0047687269750307,0.00014326647564469913,0.002783462955382726,0.002353663528448629,0.0,0.0,0.0013098649201801064,0.0,0.0,0.0,0.0,0.0,0.0,0.0,0.0,0.0,0.0,0.0,0.0,0.0,0.0,0.0,0.0,0.0,0.0,0.0,0.0,0.0,0.0,0.0,0.0,0.0,0.0,0.0,0.0,0.0,0.0,0.0,0.0,0.0,0.0,0.0,0.0,0.0,0.0,0.0,0.0,0.0,0.0,0.0,0.0,0.0,nan,nan,4.47634691195795,3.045391219517602,nan,0.9444098978403555,0.023652538127478952,0.0,0.0,0.0,0.0,0.0,0.0,0.0,0.0,0.0,0.0,0.0,0.0,0.0,0.0,0.0,0.0,0.0,0.0,0.0,0.0,0.0,0.0,0.0,0.0,0.0,0.02390438247011953,1.0039840637450201,8.342629482071715,15.561752988047811,5.06772908366534,0.9440911306375607,0.023807994774153088,0.0,0.0,0.0,0.0,0.0,0.0,0.0,0.0,0.0,0.0,0.0,0.0,0.0,0.0,0.0,0.0,0.0,0.0,0.0,0.0,0.0,0.0,0.0,0.0,0.0,0.0,1.085858585858586,8.484848484848486,15.12626262626263,5.3030303030303045,0.401,0.00841,0.0,0.0,0.0,0.0,0.0,0.0,0.0,0.0,0.0,0.0,0.0,13.697211155378465,16.302788844621517,0.0,0.0,0.0,0.0,0.0,0.0,0.0,0.0,0.0,0.0,0.0,0.0,0.0,0.0,0.0,0.0,0.0,0.4006,0.00863,0.0,0.0,0.0,0.0,0.0,0.0,0.0,0.0,0.0,0.0,0.0,14.19191919191917,15.808080808080812,0.0,0.0,0.0,0.0,0.0,0.0,0.0,0.0,0.0,0.0,0.0,0.0,0.0,0.0,0.0,0.0,0.0
2200,2968,1528,0.5148247978436657,717,599,0.44339622641509435,838,0.5646900269541779,0.41,2.9854166666666666,3.1147826023211027,6.649635036496351,2.105228946669823,9422.402590209282,1523.5489263070608,7853.0,10926.631889104843,10901.42073805049,7.163506967152757,7853.0,0.0,27.836927223719677,20.91623546248051,33.02834008097166,19.0899004202323,0.14487870619946092,0.10377358490566038,0.0889487870619946,0.08288409703504043,0.08086253369272237,0.0761455525606469,0.06974393530997304,0.05862533692722372,0.06266846361185983,0.05020215633423181,0.03908355795148248,0.04481132075471698,0.0330188679245283,0.03133423180592992,0.020889487870619946,0.009433962264150943,0.0026954177897574125,0.9435580801168542,0.02380528300787386,0.0,0.0,0.0,0.0,0.0,0.0,0.0,0.0,0.0,0.0,0.0,0.0,0.0,0.0,0.0,0.0,0.0,0.0,0.0,0.0,0.0,0.0,0.0,0.0,0.0,0.0202156334231806,1.1017520215633427,8.844339622641511,14.737196765498656,5.296495956873317,4.375328083989501,2.886718652276364,nan,nan,nan,4.398527865404837,2.8748808669161647,4.352201257861635,2.8982862675442767,0.9894677017036612,0.4006,0.00828,0.0,0.0,0.0,0.0,0.0,0.0,0.0,0.0,0.0,0.0,0.0,14.130727762803215,15.869272237196768,0.0,0.0,0.0,0.0,0.0,0.0,0.0,0.0,0.0,0.0,0.0,0.0,0.0,0.0,0.0,0.0,0.0,nan,nan,4.375328083989501,2.886718652276364,nan,0.4006,0.03915,0.0,0.0,0.0,0.0,0.0,0.0,0.0,0.0,0.0,0.0,0.0,0.0,0.0,0.0,0.0,0.0,0.0,0.0,0.0,0.0,0.0,0.0,0.0,0.0,0.0,0.0,0.0,0.0001853099730458221,0.0,3.369272237196766e-05,0.002139487870619946,0.0033018867924528303,0.02095687331536388,0.041138814016172504,0.024191374663072775,0.040212264150943394,0.049679919137466305,0.08071091644204852,0.09007749326145553,0.11379716981132075,0.11244946091644205,0.06755390835579515,0.08679245283018867,0.08042452830188679,0.06233153638814016,0.02786388140161725,0.033861185983827494,0.033440026954177894,0.017924528301886792,0.005660377358490566,0.00010107816711590297,0.0021057951482479783,0.0021057951482479783,5.0539083557951484e-05,0.0,0.0009097035040431267,0.0,0.0,0.0,0.0,0.0,0.0,0.0,0.0,0.0,0.0,0.0,0.0,0.0,0.0,0.0,0.0,0.0,0.0,0.0,0.0,0.0,0.0,0.0,0.0,0.0,0.0,0.0,0.0,0.0,0.0,0.0,0.0,0.0,0.0,0.0,0.0,0.0,0.0,0.0,0.0,0.0,0.0,0.0,0.0,0.0,nan,nan,4.375328083989501,2.886718652276364,nan,0.9438632243356779,0.024055941681051754,0.0,0.0,0.0,0.0,0.0,0.0,0.0,0.0,0.0,0.0,0.0,0.0,0.0,0.0,0.0,0.0,0.0,0.0,0.0,0.0,0.0,0.0,0.0,0.0,0.0,0.03926701570680629,1.0405759162303667,9.070680628272253,14.155759162303667,5.693717277486912,0.943234288195769,0.02353206076589664,0.0,0.0,0.0,0.0,0.0,0.0,0.0,0.0,0.0,0.0,0.0,0.0,0.0,0.0,0.0,0.0,0.0,0.0,0.0,0.0,0.0,0.0,0.0,0.0,0.0,0.0,1.166666666666667,8.60416666666667,15.35416666666667,4.875000000000001,0.4006,0.0083,0.0,0.0,0.0,0.0,0.0,0.0,0.0,0.0,0.0,0.0,0.0,14.489528795811497,15.510471204188484,0.0,0.0,0.0,0.0,0.0,0.0,0.0,0.0,0.0,0.0,0.0,0.0,0.0,0.0,0.0,0.0,0.0,0.401,0.00825,0.0,0.0,0.0,0.0,0.0,0.0,0.0,0.0,0.0,0.0,0.0,13.74999999999998,16.250000000000004,0.0,0.0,0.0,0.0,0.0,0.0,0.0,0.0,0.0,0.0,0.0,0.0,0.0,0.0,0.0,0.0,0.0
2300,2816,1459,0.5181107954545454,690,538,0.43607954545454547,787,0.5589488636363636,0.418,3.0810611643330876,3.1874712444754185,6.6174334140435835,2.169318567993277,9432.274553705029,1523.0783753511105,7853.0,10920.86259675026,10901.140605368992,6.940721242539362,7853.0,0.0,28.62890625,21.342489289860307,33.59224936815501,19.565039585012073,0.13884943181818182,0.09872159090909091,0.08842329545454546,0.08913352272727272,0.07279829545454546,0.07919034090909091,0.06640625,0.05859375,0.05859375,0.052201704545454544,0.048295454545454544,0.03977272727272727,0.041548295454545456,0.026633522727272728,0.022017045454545456,0.01065340909090909,0.008167613636363636,0.9426366565537385,0.023580775940583935,0.0,0.0,0.0,0.0,0.0,0.0,0.0,0.0,0.0,0.0,0.0,0.0,0.0,0.0,0.0,0.0,0.0,0.0,0.0,0.0,0.0,0.0,0.0,0.0,0.0,0.010653409090909094,1.0866477272727275,9.364346590909093,14.691051136363638,4.847301136363638,4.35390496996177,2.9555850711425418,nan,nan,nan,4.338870431893688,2.9443539166571613,4.368534482758621,2.966399697040849,1.0068368141733115,0.4006,0.008026,0.0,0.0,0.0,0.0,0.0,0.0,0.0,0.0,0.0,0.0,0.0,14.339488636363615,15.660511363636367,0.0,0.0,0.0,0.0,0.0,0.0,0.0,0.0,0.0,0.0,0.0,0.0,0.0,0.0,0.0,0.0,0.0,nan,nan,4.35390496996177,2.9555850711425418,nan,0.4006,0.03906,0.0,0.0,0.0,0.0,0.0,0.0,0.0,0.0,0.0,0.0,0.0,0.0,0.0,0.0,0.0,0.0,0.0,0.0,0.0,0.0,0.0,0.0,0.0,0.0,0.0,0.0,1.7755681818181817e-05,8.87784090909091e-05,3.5511363636363635e-05,0.0,0.0021839488636363636,0.0036399147727272725,0.021519886363636363,0.042897727272727275,0.024840198863636365,0.037428977272727273,0.04651988636363636,0.0827059659090909,0.0884765625,0.1120028409090909,0.11603338068181818,0.06912286931818182,0.08797940340909091,0.07990056818181818,0.061115056818181815,0.02940340909090909,0.035333806818181816,0.03203125,0.015305397727272727,0.005770596590909091,3.5511363636363635e-05,0.00234375,0.002166193181818182,5.326704545454545e-05,0.0,0.0010475852272727273,0.0,0.0,0.0,0.0,0.0,0.0,0.0,0.0,0.0,0.0,0.0,0.0,0.0,0.0,0.0,0.0,0.0,0.0,0.0,0.0,0.0,0.0,0.0,0.0,0.0,0.0,0.0,0.0,0.0,0.0,0.0,0.0,0.0,0.0,0.0,0.0,0.0,0.0,0.0,0.0,0.0,0.0,0.0,0.0,0.0,nan,nan,4.35390496996177,2.9555850711425418,nan,0.9429534877547668,0.023269724704771153,0.0,0.0,0.0,0.0,0.0,0.0,0.0,0.0,0.0,0.0,0.0,0.0,0.0,0.0,0.0,0.0,0.0,0.0,0.0,0.0,0.0,0.0,0.0,0.0,0.0,0.020562028786840308,0.9047292666209734,9.479095270733382,14.86634681288554,4.729266620973271,0.9422960104798251,0.023906010066088147,0.0,0.0,0.0,0.0,0.0,0.0,0.0,0.0,0.0,0.0,0.0,0.0,0.0,0.0,0.0,0.0,0.0,0.0,0.0,0.0,0.0,0.0,0.0,0.0,0.0,0.0,1.2822402358142966,9.240972733971999,14.502579218865147,4.974207811348564,0.4004,0.00805,0.0,0.0,0.0,0.0,0.0,0.0,0.0,0.0,0.0,0.0,0.0,14.413982179575031,15.586017820424951,0.0,0.0,0.0,0.0,0.0,0.0,0.0,0.0,0.0,0.0,0.0,0.0,0.0,0.0,0.0,0.0,0.0,0.4006,0.007996,0.0,0.0,0.0,0.0,0.0,0.0,0.0,0.0,0.0,0.0,0.0,14.25939572586586,15.740604274134123,0.0,0.0,0.0,0.0,0.0,0.0,0.0,0.0,0.0,0.0,0.0,0.0,0.0,0.0,0.0,0.0,0.0
2400,2903,1470,0.5063727178780572,687,608,0.4460902514640028,850,0.5856011023079573,0.414,2.9923237962316818,3.12709559176353,6.683046683046683,2.1584147780456955,9396.388508697666,1523.8489633113527,7853.0,10923.074473619461,10900.929823638995,6.868191834218459,7853.0,0.0,28.535308301756803,20.998106396418176,33.526595744680854,19.11992978347351,0.13675508095074063,0.09059593523940751,0.09369617636927316,0.08646228039958663,0.07957285566655184,0.07371684464347227,0.07337237340682053,0.06269376507061661,0.06028246641405443,0.05339304168101963,0.04684808818463658,0.040647605924905274,0.03754736479503962,0.029624526352049603,0.018601446779193936,0.010678608336203927,0.005511539786427834,0.941874991315749,0.023483256736824897,0.0,0.0,0.0,0.0,0.0,0.0,0.0,0.0,0.0,0.0,0.0,0.0,0.0,0.0,0.0,0.0,0.0,0.0,0.0,0.0,0.0,0.0,0.0,0.0,0.0,0.02066827419910438,1.0644161212538756,9.796761970375476,14.6331381329659,4.485015501205651,4.3537163943068,2.937017329824256,nan,nan,nan,4.252587991718427,2.884665054064599,4.459139784946236,2.9883190714736747,1.0485708452429563,0.4006,0.007996,0.0,0.0,0.0,0.0,0.0,0.0,0.0,0.0,0.0,0.0,0.0,13.775404753703047,16.224595246296936,0.0,0.0,0.0,0.0,0.0,0.0,0.0,0.0,0.0,0.0,0.0,0.0,0.0,0.0,0.0,0.0,0.0,nan,nan,4.3537163943068,2.937017329824256,nan,0.4006,0.03885,0.0,0.0,0.0,0.0,0.0,0.0,0.0,0.0,0.0,0.0,0.0,0.0,0.0,0.0,0.0,0.0,0.0,0.0,0.0,0.0,0.0,0.0,0.0,0.0,0.0,0.0,0.0,3.444712366517396e-05,5.1670685497760936e-05,5.1670685497760936e-05,0.0018945918015845678,0.0036169479848432657,0.020375473647950396,0.04192214950051671,0.024698587667929726,0.040113675508095074,0.04614192214950052,0.08065794006200483,0.08680675163623837,0.11109197382018601,0.12220117120220461,0.06491560454702032,0.09114708921805029,0.08007233895969687,0.05947295900792284,0.029297278677230452,0.03560110230795729,0.03318980365139511,0.01636238374095763,0.006028246641405443,0.00020668274199104375,0.0013262142611091975,0.0014640027557698931,3.444712366517396e-05,0.0,0.0012228728901136755,0.0,0.0,0.0,0.0,0.0,0.0,0.0,0.0,0.0,0.0,0.0,0.0,0.0,0.0,0.0,0.0,0.0,0.0,0.0,0.0,0.0,0.0,0.0,0.0,0.0,0.0,0.0,0.0,0.0,0.0,0.0,0.0,0.0,0.0,0.0,0.0,0.0,0.0,0.0,0.0,0.0,0.0,0.0,0.0,0.0,nan,nan,4.3537163943068,2.937017329824256,nan,0.9416405899589565,0.02329300666230331,0.0,0.0,0.0,0.0,0.0,0.0,0.0,0.0,0.0,0.0,0.0,0.0,0.0,0.0,0.0,0.0,0.0,0.0,0.0,0.0,0.0,0.0,0.0,0.0,0.0,0.040816326530612256,1.0408163265306123,10.142857142857146,14.469387755102042,4.306122448979593,0.9421154449057596,0.023674419330569053,0.0,0.0,0.0,0.0,0.0,0.0,0.0,0.0,0.0,0.0,0.0,0.0,0.0,0.0,0.0,0.0,0.0,0.0,0.0,0.0,0.0,0.0,0.0,0.0,0.0,0.0,1.088625261688765,9.441730635031405,14.80111653872994,4.668527564549897,0.4011,0.0079,0.0,0.0,0.0,0.0,0.0,0.0,0.0,0.0,0.0,0.0,0.0,13.204081632653041,16.795918367346943,0.0,0.0,0.0,0.0,0.0,0.0,0.0,0.0,0.0,0.0,0.0,0.0,0.0,0.0,0.0,0.0,0.0,0.4004,0.00809,0.0,0.0,0.0,0.0,0.0,0.0,0.0,0.0,0.0,0.0,0.0,14.361479413817147,15.638520586182835,0.0,0.0,0.0,0.0,0.0,0.0,0.0,0.0,0.0,0.0,0.0,0.0,0.0,0.0,0.0,0.0,0.0
2500,2941,1516,0.5154709282556953,703,599,0.4427065623937436,841,0.5719143148588915,0.426,3.1670175438596493,3.267516877317065,6.714622641509434,2.3961788269676614,9424.16488347257,1523.287558316373,7853.0,10924.830925226212,10901.018418398964,6.904446713402747,7853.0,0.0,28.614076844610675,21.181900118447658,33.531614981876764,19.379628045325333,0.13668820129207754,0.09826589595375723,0.09282556953417205,0.07786467188031282,0.08296497789867392,0.0717443046582795,0.06664399863991839,0.07242434546072764,0.05542332539952397,0.04726283577014621,0.04930295817749065,0.04454267256035362,0.03604216252975179,0.03162189731383883,0.019381162869772185,0.00884053043182591,0.008160489629377763,0.9419421999075914,0.02347549774281483,0.0,0.0,0.0,0.0,0.0,0.0,0.0,0.0,0.0,0.0,0.0,0.0,0.0,0.0,0.0,0.0,0.0,0.0,0.0,0.0,0.0,0.0,0.0,0.0,0.0,0.020401224073444413,1.091465487929276,9.853791227473652,14.729683781026864,4.304658279496771,4.4490114464099895,3.0119000127251203,nan,nan,nan,4.530776992936428,3.0040019223799446,4.355913978494623,3.013802027218604,0.9614055128481451,0.401,0.00851,0.0,0.0,0.0,0.0,0.0,0.0,0.0,0.0,0.0,0.0,0.0,13.556613396803789,16.433185991159473,0.010200612036722206,0.0,0.0,0.0,0.0,0.0,0.0,0.0,0.0,0.0,0.0,0.0,0.0,0.0,0.0,0.0,0.0,nan,nan,4.4490114464099895,3.0119000127251203,nan,0.401,0.03867,0.0,0.0,0.0,0.0,0.0,0.0,0.0,0.0,0.0,0.0,0.0,0.0,0.0,0.0,0.0,0.0,0.0,0.0,0.0,0.0,0.0,0.0,0.0,0.0,0.0,0.0,0.0,0.0,1.7001020061203673e-05,0.0001360081604896294,0.002890173410404624,0.003587215232913975,0.01963617817069024,0.03901734104046243,0.023495409724583475,0.04359061543692622,0.04605576334580075,0.0782726963617817,0.09153349200952057,0.10943556613396804,0.11849710982658959,0.06477388643318599,0.09149948996939816,0.08265895953757225,0.061033662019721185,0.028714722883373,0.03765725943556614,0.030295817749064945,0.01630397823869432,0.00717443046582795,0.00020401224073444407,0.0016490989459367561,0.000986059163549813,0.0,0.0,0.000884053043182591,0.0,0.0,0.0,0.0,0.0,0.0,0.0,0.0,0.0,0.0,0.0,0.0,0.0,0.0,0.0,0.0,0.0,0.0,0.0,0.0,0.0,0.0,0.0,0.0,0.0,0.0,0.0,0.0,0.0,0.0,0.0,0.0,0.0,0.0,0.0,0.0,0.0,0.0,0.0,0.0,0.0,0.0,0.0,0.0,0.0,nan,nan,4.4490114464099895,3.0119000127251203,nan,0.9419290939232919,0.023634763943906765,0.0,0.0,0.0,0.0,0.0,0.0,0.0,0.0,0.0,0.0,0.0,0.0,0.0,0.0,0.0,0.0,0.0,0.0,0.0,0.0,0.0,0.0,0.0,0.0,0.0,0.03957783641160951,1.0883905013192614,9.914248021108182,14.544854881266494,4.41292875989446,0.9419561428354497,0.023304857887338732,0.0,0.0,0.0,0.0,0.0,0.0,0.0,0.0,0.0,0.0,0.0,0.0,0.0,0.0,0.0,0.0,0.0,0.0,0.0,0.0,0.0,0.0,0.0,0.0,0.0,0.0,1.0947368421052635,9.78947368421053,14.926315789473687,4.189473684210527,0.4011,0.0085,0.0,0.0,0.0,0.0,0.0,0.0,0.0,0.0,0.0,0.0,0.0,13.298153034300773,16.68205804749341,0.019788918205804754,0.0,0.0,0.0,0.0,0.0,0.0,0.0,0.0,0.0,0.0,0.0,0.0,0.0,0.0,0.0,0.0,0.4006,0.00851,0.0,0.0,0.0,0.0,0.0,0.0,0.0,0.0,0.0,0.0,0.0,13.831578947368401,16.168421052631583,0.0,0.0,0.0,0.0,0.0,0.0,0.0,0.0,0.0,0.0,0.0,0.0,0.0,0.0,0.0,0.0,0.0
2600,2865,1507,0.5260034904013962,670,572,0.43350785340314135,773,0.5396160558464224,0.438,3.0670103092783507,3.247849867874602,7.002724795640327,2.195485382148362,9456.011897859627,1521.7119347778616,7853.0,10922.388462901115,10900.530913979981,7.036400085120237,7853.0,0.0,27.000698080279232,20.885092411275515,32.103404791929385,19.265348743791748,0.14659685863874344,0.1193717277486911,0.09458987783595113,0.07853403141361257,0.0743455497382199,0.08237347294938918,0.06910994764397906,0.059336823734729496,0.05445026178010471,0.0506108202443281,0.04013961605584642,0.03909249563699826,0.030366492146596858,0.02931937172774869,0.0150087260034904,0.009424083769633508,0.007329842931937173,0.9409590463779776,0.023665954215086972,0.0,0.0,0.0,0.0,0.0,0.0,0.0,0.0,0.0,0.0,0.0,0.0,0.0,0.0,0.0,0.0,0.0,0.0,0.0,0.0,0.0,0.0,0.0,0.0,0.0,0.020942408376963356,1.1623036649214662,10.146596858638746,14.408376963350788,4.2617801047120425,4.422234699606962,2.9656918568392068,nan,nan,nan,4.292817679558011,2.961894890513481,4.55593607305936,2.963680285742036,1.0612927017036604,0.4006,0.00831,0.0,0.0,0.0,0.0,0.0,0.0,0.0,0.0,0.0,0.0,0.0,14.073298429319351,15.926701570680631,0.0,0.0,0.0,0.0,0.0,0.0,0.0,0.0,0.0,0.0,0.0,0.0,0.0,0.0,0.0,0.0,0.0,nan,nan,4.422234699606962,2.9656918568392068,nan,0.4006,0.03906,0.0,0.0,0.0,0.0,0.0,0.0,0.0,0.0,0.0,0.0,0.0,0.0,0.0,0.0,0.0,0.0,0.0,0.0,0.0,0.0,0.0,0.0,0.0,0.0,0.0,0.0,0.0,0.0,6.980802792321117e-05,0.00017452006980802793,0.0031239092495637,0.0028795811518324606,0.021902268760907503,0.04038394415357766,0.02547993019197208,0.04268760907504363,0.048080279232111695,0.0793193717277487,0.09087260034904014,0.1081151832460733,0.11356020942408376,0.06301919720767889,0.09019197207678883,0.08457242582897033,0.05952879581151833,0.028097731239092497,0.03954624781849913,0.030174520069808027,0.016771378708551485,0.007102966841186736,0.0002443280977312391,0.0028621291448516577,0.0008900523560209424,0.0,0.0,0.00034904013961605586,0.0,0.0,0.0,0.0,0.0,0.0,0.0,0.0,0.0,0.0,0.0,0.0,0.0,0.0,0.0,0.0,0.0,0.0,0.0,0.0,0.0,0.0,0.0,0.0,0.0,0.0,0.0,0.0,0.0,0.0,0.0,0.0,0.0,0.0,0.0,0.0,0.0,0.0,0.0,0.0,0.0,0.0,0.0,0.0,0.0,nan,nan,4.422234699606962,2.9656918568392068,nan,0.9405162468522925,0.023818452713841785,0.0,0.0,0.0,0.0,0.0,0.0,0.0,0.0,0.0,0.0,0.0,0.0,0.0,0.0,0.0,0.0,0.0,0.0,0.0,0.0,0.0,0.0,0.0,0.0,0.0,0.019907100199071007,1.1745189117451895,10.451227604512278,14.213669542136698,4.14067684140677,0.9414504299458769,0.023485794198147256,0.0,0.0,0.0,0.0,0.0,0.0,0.0,0.0,0.0,0.0,0.0,0.0,0.0,0.0,0.0,0.0,0.0,0.0,0.0,0.0,0.0,0.0,0.0,0.0,0.0,0.02209131075110457,1.1487481590574378,9.80854197349043,14.624447717231225,4.396170839469809,0.4006,0.008385,0.0,0.0,0.0,0.0,0.0,0.0,0.0,0.0,0.0,0.0,0.0,13.87524883875247,16.124751161247513,0.0,0.0,0.0,0.0,0.0,0.0,0.0,0.0,0.0,0.0,0.0,0.0,0.0,0.0,0.0,0.0,0.0,0.4004,0.00823,0.0,0.0,0.0,0.0,0.0,0.0,0.0,0.0,0.0,0.0,0.0,14.293078055964633,15.706921944035349,0.0,0.0,0.0,0.0,0.0,0.0,0.0,0.0,0.0,0.0,0.0,0.0,0.0,0.0,0.0,0.0,0.0
2700,3091,1572,0.5085732772565513,717,637,0.43804593982529927,886,0.5732772565512779,0.414,2.9763001974983543,3.1005899762565146,6.610849056603773,2.1328462770127232,9402.888131882122,1523.5447997015478,7853.0,10923.522304058075,10900.52176567916,6.89267160783732,7853.0,0.0,27.896150113231965,20.9255560240659,32.86502121095256,19.186409307900387,0.14040763506955678,0.10093820769977353,0.10029116790682627,0.08087997411840828,0.07343901649951472,0.07893885473956648,0.07246845681009383,0.0575865415723067,0.0585571012617276,0.0527337431252022,0.049175024263992236,0.040116467162730506,0.03688126819799418,0.021352313167259787,0.017793594306049824,0.010999676480103526,0.007440957618893562,0.9407038148341924,0.023157456381639217,0.0,0.0,0.0,0.0,0.0,0.0,0.0,0.0,0.0,0.0,0.0,0.0,0.0,0.0,0.0,0.0,0.0,0.0,0.0,0.0,0.0,0.0,0.0,0.0,0.0,0.03882238757683598,1.1840828210934975,10.171465545131028,14.733096085409255,3.872533160789389,4.317742755465176,2.7884585630818575,nan,nan,nan,4.397540983606557,2.8193117144796727,4.239152371342079,2.7554772328983446,0.9639824590936321,0.4004,0.00848,0.0,0.0,0.0,0.0,0.0,0.0,0.0,0.0,0.0,0.0,0.0,14.247816240698782,15.7521837593012,0.0,0.0,0.0,0.0,0.0,0.0,0.0,0.0,0.0,0.0,0.0,0.0,0.0,0.0,0.0,0.0,0.0,nan,nan,4.317742755465176,2.7884585630818575,nan,0.4004,0.03915,0.0,0.0,0.0,0.0,0.0,0.0,0.0,0.0,0.0,0.0,0.0,0.0,0.0,0.0,0.0,0.0,0.0,0.0,0.0,0.0,0.0,0.0,0.0,0.0,0.0,3.2351989647363315e-05,1.6175994823681658e-05,0.0,0.00011323196376577159,0.0005499838240051764,0.0038498867680362343,0.0027013911355548365,0.021772889032675508,0.03932384341637011,0.027499191200258816,0.04061792300226464,0.050242639922355226,0.07955354254286638,0.08783565189259139,0.10899385312196701,0.11177612423164024,0.06501132319637658,0.09132966677450663,0.08311226140407635,0.05896150113231964,0.02859915884826917,0.04029440310579101,0.030297638304755743,0.016531866709802653,0.006955677774183112,0.0002749919120025882,0.0028307990941442897,0.0007279197670656746,0.0,0.0,0.00019411193788417986,0.0,0.0,0.0,0.0,0.0,0.0,0.0,0.0,0.0,0.0,0.0,0.0,0.0,0.0,0.0,0.0,0.0,0.0,0.0,0.0,0.0,0.0,0.0,0.0,0.0,0.0,0.0,0.0,0.0,0.0,0.0,0.0,0.0,0.0,0.0,0.0,0.0,0.0,0.0,0.0,0.0,0.0,0.0,0.0,0.0,nan,nan,4.317742755465176,2.7884585630818575,nan,0.9404592223218986,0.023192298117447708,0.0,0.0,0.0,0.0,0.0,0.0,0.0,0.0,0.0,0.0,0.0,0.0,0.0,0.0,0.0,0.0,0.0,0.0,0.0,0.0,0.0,0.0,0.0,0.0,0.0,0.03816793893129772,1.2022900763358781,10.286259541984736,14.732824427480919,3.7404580152671763,0.9409569415157762,0.023118619073589267,0.0,0.0,0.0,0.0,0.0,0.0,0.0,0.0,0.0,0.0,0.0,0.0,0.0,0.0,0.0,0.0,0.0,0.0,0.0,0.0,0.0,0.0,0.0,0.0,0.0,0.039499670836076375,1.165240289664253,10.052666227781437,14.733377221856488,4.009216589861752,0.4006,0.00834,0.0,0.0,0.0,0.0,0.0,0.0,0.0,0.0,0.0,0.0,0.0,13.98854961832059,16.011450381679396,0.0,0.0,0.0,0.0,0.0,0.0,0.0,0.0,0.0,0.0,0.0,0.0,0.0,0.0,0.0,0.0,0.0,0.4001,0.008606,0.0,0.0,0.0,0.0,0.0,0.0,0.0,0.0,0.0,0.0,0.0,14.516129032258043,15.483870967741938,0.0,0.0,0.0,0.0,0.0,0.0,0.0,0.0,0.0,0.0,0.0,0.0,0.0,0.0,0.0,0.0,0.0
2800,3099,1634,0.5272668602775089,770,627,0.45079057760567925,857,0.553081639238464,0.40599999999999997,2.964505119453925,3.080064077411954,6.402469135802469,2.2582619400300183,9459.954511727641,1521.5938830780576,7853.0,10921.643608808517,10900.70626183841,6.94339201642833,7853.0,0.0,27.95998709261052,20.71337484610272,32.92423076923077,18.913854033704606,0.13810906744111004,0.09841884478864149,0.09551468215553405,0.08228460793804453,0.08325266214908035,0.07324943530171023,0.07260406582768635,0.06711842529848339,0.05517909002904162,0.05292029686995805,0.05162955792191029,0.04291707002258793,0.03162310422717005,0.020651823168764117,0.017102291061632784,0.010971281058405937,0.006453694740238786,0.9415020892296194,0.02343358489929961,0.0,0.0,0.0,0.0,0.0,0.0,0.0,0.0,0.0,0.0,0.0,0.0,0.0,0.0,0.0,0.0,0.0,0.0,0.0,0.0,0.0,0.0,0.0,0.0,0.0,0.0,1.113262342691191,9.564375605033884,15.043562439496615,4.278799612778316,4.203101550775387,2.8948161194409714,nan,nan,nan,4.227317073170732,2.937401393790963,4.177618069815195,2.849091514470083,0.9882433698501212,0.4001,0.00846,0.0,0.0,0.0,0.0,0.0,0.0,0.0,0.0,0.0,0.0,0.0,14.83059051306871,15.16940948693127,0.0,0.0,0.0,0.0,0.0,0.0,0.0,0.0,0.0,0.0,0.0,0.0,0.0,0.0,0.0,0.0,0.0,nan,nan,4.203101550775387,2.8948161194409714,nan,0.4001,0.03894,0.0,0.0,0.0,0.0,0.0,0.0,0.0,0.0,0.0,0.0,0.0,0.0,0.0,0.0,0.0,0.0,0.0,0.0,0.0,0.0,0.0,0.0,0.0,0.0,0.0,3.2268473701193935e-05,0.0,0.0,0.00011293965795417877,0.0007421748951274605,0.004372378186511778,0.002968699580509842,0.023943207486285898,0.03973862536302033,0.026314940303323653,0.04102936431106809,0.051516618263956114,0.07161987737979994,0.09086802194256212,0.1090351726363343,0.1111648919006131,0.07137786382704098,0.09127137786382704,0.08360761535979348,0.057905776056792514,0.031381090674411104,0.03762504033559213,0.028476928041303647,0.015133914165859954,0.00643756050338819,4.84027105517909e-05,0.0025976121329461116,0.000484027105517909,0.0,0.0,0.0001936108422071636,0.0,0.0,0.0,0.0,0.0,0.0,0.0,0.0,0.0,0.0,0.0,0.0,0.0,0.0,0.0,0.0,0.0,0.0,0.0,0.0,0.0,0.0,0.0,0.0,0.0,0.0,0.0,0.0,0.0,0.0,0.0,0.0,0.0,0.0,0.0,0.0,0.0,0.0,0.0,0.0,0.0,0.0,0.0,0.0,0.0,nan,nan,4.203101550775387,2.8948161194409714,nan,0.9419286245596452,0.023757276806635565,0.0,0.0,0.0,0.0,0.0,0.0,0.0,0.0,0.0,0.0,0.0,0.0,0.0,0.0,0.0,0.0,0.0,0.0,0.0,0.0,0.0,0.0,0.0,0.0,0.0,0.0,1.138310893512852,9.436964504283967,14.889840881272953,4.5348837209302335,0.9410263494826828,0.023057888443955385,0.0,0.0,0.0,0.0,0.0,0.0,0.0,0.0,0.0,0.0,0.0,0.0,0.0,0.0,0.0,0.0,0.0,0.0,0.0,0.0,0.0,0.0,0.0,0.0,0.0,0.0,1.0853242320819116,9.706484641638228,15.21501706484642,3.993174061433448,0.4,0.00833,0.0,0.0,0.0,0.0,0.0,0.0,0.0,0.0,0.0,0.0,0.0,15.091799265605854,14.908200734394127,0.0,0.0,0.0,0.0,0.0,0.0,0.0,0.0,0.0,0.0,0.0,0.0,0.0,0.0,0.0,0.0,0.0,0.4001,0.008606,0.0,0.0,0.0,0.0,0.0,0.0,0.0,0.0,0.0,0.0,0.0,14.53924914675766,15.460750853242324,0.0,0.0,0.0,0.0,0.0,0.0,0.0,0.0,0.0,0.0,0.0,0.0,0.0,0.0,0.0,0.0,0.0
2900,3060,1602,0.5235294117647059,739,606,0.4395424836601307,833,0.5444444444444444,0.438,3.06721536351166,3.172824086639079,6.7552941176470584,2.233725765587117,9448.594920757763,1522.2021157732258,7853.0,10920.657470464706,10900.765578975503,6.6504537280535025,7853.0,0.0,27.735294117647058,20.83956446607551,32.51685393258427,19.189631758072768,0.13562091503267973,0.10882352941176471,0.0934640522875817,0.08627450980392157,0.08104575163398693,0.07647058823529412,0.06830065359477124,0.06601307189542484,0.05326797385620915,0.05392156862745098,0.043137254901960784,0.03594771241830065,0.03366013071895425,0.030065359477124184,0.01764705882352941,0.010784313725490196,0.005555555555555556,0.9409923180061228,0.022578722087815986,0.0,0.0,0.0,0.0,0.0,0.0,0.0,0.0,0.0,0.0,0.0,0.0,0.0,0.0,0.0,0.0,0.0,0.0,0.0,0.0,0.0,0.0,0.0,0.0,0.0,0.0,1.0490196078431375,9.980392156862747,14.93137254901961,4.0392156862745106,4.303991811668372,2.9633922082078215,nan,nan,nan,4.236382322713258,2.9486234644009706,4.3710499490316,2.976451550310892,1.0317883552663143,0.4004,0.00836,0.0,0.0,0.0,0.0,0.0,0.0,0.0,0.0,0.0,0.0,0.0,14.1862745098039,15.81372549019608,0.0,0.0,0.0,0.0,0.0,0.0,0.0,0.0,0.0,0.0,0.0,0.0,0.0,0.0,0.0,0.0,0.0,nan,nan,4.303991811668372,2.9633922082078215,nan,0.4004,0.03897,0.0,0.0,0.0,0.0,0.0,0.0,0.0,0.0,0.0,0.0,0.0,0.0,0.0,0.0,0.0,0.0,0.0,0.0,0.0,0.0,0.0,0.0,0.0,0.0,0.0,0.0,0.0,0.0,3.2679738562091506e-05,0.0008333333333333334,0.005522875816993464,0.002973856209150327,0.025130718954248368,0.036944444444444446,0.02741830065359477,0.03795751633986928,0.04941176470588235,0.06995098039215686,0.08949346405228759,0.1098202614379085,0.11312091503267974,0.07186274509803922,0.08764705882352941,0.08691176470588236,0.05898692810457516,0.034215686274509806,0.037794117647058825,0.02957516339869281,0.015359477124183006,0.006699346405228758,0.0001633986928104575,0.0016830065359477123,0.000196078431372549,0.0,0.0,0.0002941176470588235,0.0,0.0,0.0,0.0,0.0,0.0,0.0,0.0,0.0,0.0,0.0,0.0,0.0,0.0,0.0,0.0,0.0,0.0,0.0,0.0,0.0,0.0,0.0,0.0,0.0,0.0,0.0,0.0,0.0,0.0,0.0,0.0,0.0,0.0,0.0,0.0,0.0,0.0,0.0,0.0,0.0,0.0,0.0,0.0,0.0,nan,nan,4.303991811668372,2.9633922082078215,nan,0.9413853590928958,0.022399460307779694,0.0,0.0,0.0,0.0,0.0,0.0,0.0,0.0,0.0,0.0,0.0,0.0,0.0,0.0,0.0,0.0,0.0,0.0,0.0,0.0,0.0,0.0,0.0,0.0,0.0,0.0,0.9925093632958805,9.719101123595507,15.1123595505618,4.176029962546818,0.9405604580465822,0.022766239284738504,0.0,0.0,0.0,0.0,0.0,0.0,0.0,0.0,0.0,0.0,0.0,0.0,0.0,0.0,0.0,0.0,0.0,0.0,0.0,0.0,0.0,0.0,0.0,0.0,0.0,0.0,1.1111111111111114,10.267489711934159,14.732510288065846,3.8888888888888897,0.4006,0.00841,0.0,0.0,0.0,0.0,0.0,0.0,0.0,0.0,0.0,0.0,0.0,13.876404494382003,16.12359550561798,0.0,0.0,0.0,0.0,0.0,0.0,0.0,0.0,0.0,0.0,0.0,0.0,0.0,0.0,0.0,0.0,0.0,0.4004,0.0083,0.0,0.0,0.0,0.0,0.0,0.0,0.0,0.0,0.0,0.0,0.0,14.526748971193395,15.473251028806587,0.0,0.0,0.0,0.0,0.0,0.0,0.0,0.0,0.0,0.0,0.0,0.0,0.0,0.0,0.0,0.0,0.0
3000,3514,1797,0.5113830392714855,833,736,0.44649971542401823,1009,0.5742743312464428,0.39399999999999996,2.853232382061736,2.9630823567970963,6.391120507399577,1.9072814221058472,9411.360137902951,1523.28496165473,7853.0,10924.493516921997,10900.344198436822,6.8031830744635675,7853.0,0.0,27.78343767785999,20.819823557174164,32.656292286874155,19.110114582378767,0.14058053500284576,0.10557768924302789,0.09021058622652248,0.08793397837222539,0.07740466704610131,0.08025042686397268,0.06573705179282868,0.05833807626636312,0.05805350028457598,0.053784860557768925,0.05008537279453614,0.03642572566875356,0.035571997723392146,0.02731929425156517,0.01906659077973819,0.008821855435401251,0.004837791690381332,0.9408292054078358,0.023479899020835887,0.0,0.0,0.0,0.0,0.0,0.0,0.0,0.0,0.0,0.0,0.0,0.0,0.0,0.0,0.0,0.0,0.0,0.0,0.0,0.0,0.0,0.0,0.0,0.0,0.0,0.008537279453614117,1.2293682413204328,10.167899829254413,14.453614114968701,4.140580535002846,4.21957671957672,2.763666601386694,nan,nan,nan,4.201224846894139,2.7365703713567973,4.238222222222222,2.7908033800633176,1.0088063306955435,0.3997,0.008286,0.0,0.0,0.0,0.0,0.0,0.0,0.0,0.0,0.0,0.0,0.0,15.580535002845737,14.419464997154245,0.0,0.0,0.0,0.0,0.0,0.0,0.0,0.0,0.0,0.0,0.0,0.0,0.0,0.0,0.0,0.0,0.0,nan,nan,4.21957671957672,2.763666601386694,nan,0.3997,0.03882,0.0,0.0,0.0,0.0,0.0,0.0,0.0,0.0,0.0,0.0,0.0,0.0,0.0,0.0,0.0,0.0,0.0,0.0,0.0,0.0,0.0,0.0,0.0,0.0,0.0,0.0,0.0,0.0,1.4228799089356859e-05,0.0006118383608423449,0.005535002845759818,0.0032583949914627205,0.025967558338076267,0.0397410358565737,0.026835515082527035,0.03730791121229368,0.053002276607854296,0.06878201479795105,0.0881616391576551,0.1113118952760387,0.11306203756402959,0.07398975526465566,0.08870233352305065,0.08377916903813318,0.05896414342629482,0.03309618668184405,0.038318155947638016,0.02781730221969266,0.013830392714854867,0.005890722822993739,0.0001422879908935686,0.0011809903244166193,0.00042686397268070576,1.4228799089356859e-05,0.0,0.00025611838360842346,0.0,0.0,0.0,0.0,0.0,0.0,0.0,0.0,0.0,0.0,0.0,0.0,0.0,0.0,0.0,0.0,0.0,0.0,0.0,0.0,0.0,0.0,0.0,0.0,0.0,0.0,0.0,0.0,0.0,0.0,0.0,0.0,0.0,0.0,0.0,0.0,0.0,0.0,0.0,0.0,0.0,0.0,0.0,0.0,0.0,nan,nan,4.21957671957672,2.763666601386694,nan,0.941054420863912,0.023104515525271346,0.0,0.0,0.0,0.0,0.0,0.0,0.0,0.0,0.0,0.0,0.0,0.0,0.0,0.0,0.0,0.0,0.0,0.0,0.0,0.0,0.0,0.0,0.0,0.0,0.0,0.016694490818030053,1.0851419031719536,10.000000000000002,14.841402337228718,4.056761268781303,0.9405934965117559,0.02386417409688225,0.0,0.0,0.0,0.0,0.0,0.0,0.0,0.0,0.0,0.0,0.0,0.0,0.0,0.0,0.0,0.0,0.0,0.0,0.0,0.0,0.0,0.0,0.0,0.0,0.0,0.0,1.3803145020384393,10.343622597553875,14.047757716948167,4.228305183459524,0.3994,0.0083,0.0,0.0,0.0,0.0,0.0,0.0,0.0,0.0,0.0,0.0,0.0,16.076794657762917,13.923205342237067,0.0,0.0,0.0,0.0,0.0,0.0,0.0,0.0,0.0,0.0,0.0,0.0,0.0,0.0,0.0,0.0,0.0,0.4001,0.008255,0.0,0.0,0.0,0.0,0.0,0.0,0.0,0.0,0.0,0.0,0.0,15.061153174140923,14.938846825859061,0.0,0.0,0.0,0.0,0.0,0.0,0.0,0.0,0.0,0.0,0.0,0.0,0.0,0.0,0.0,0.0,0.0
3100,3297,1710,0.5186533212010919,810,662,0.4464664846830452,895,0.5429178040643009,0.422,2.906112161310649,3.0865493415919123,6.517162471395881,2.1780690130886486,9433.454046723407,1522.5608994965119,7853.0,10922.476364731789,10900.226311138638,7.01619718220289,7853.0,0.0,28.281164695177434,21.12708603019494,33.09946140035907,19.450433705798506,0.1343645738550197,0.1040339702760085,0.09614801334546558,0.08522899605702154,0.07521989687594784,0.07400667273278738,0.06885047012435548,0.06490749165908402,0.056414922656960874,0.05398847437063998,0.043069457082195936,0.04488929329693661,0.03548680618744313,0.023961176827418867,0.019411586290567183,0.012738853503184714,0.007279344858962694,0.9400976306928589,0.023666971009557464,0.0,0.0,0.0,0.0,0.0,0.0,0.0,0.0,0.0,0.0,0.0,0.0,0.0,0.0,0.0,0.0,0.0,0.0,0.0,0.0,0.0,0.0,0.0,0.0,0.0,0.03639672429481348,1.2465878070973615,10.282074613284806,14.531392174704278,3.9035486806187456,4.229976580796253,2.909733443357885,nan,nan,nan,4.203966005665722,2.9216949791606104,4.2555762081784385,2.897684715871242,1.012276550867243,0.4004,0.00845,0.0,0.0,0.0,0.0,0.0,0.0,0.0,0.0,0.0,0.0,0.0,14.258416742493155,15.741583257506829,0.0,0.0,0.0,0.0,0.0,0.0,0.0,0.0,0.0,0.0,0.0,0.0,0.0,0.0,0.0,0.0,0.0,nan,nan,4.229976580796253,2.909733443357885,nan,0.4004,0.03903,0.0,0.0,0.0,0.0,0.0,0.0,0.0,0.0,0.0,0.0,0.0,0.0,0.0,0.0,0.0,0.0,0.0,0.0,0.0,0.0,0.0,0.0,0.0,0.0,0.0,0.0,1.5165301789505612e-05,0.0,1.5165301789505612e-05,0.0004246284501061571,0.005383682135274492,0.0026690931149529877,0.027282377919320595,0.0383833788292387,0.024825599029420685,0.03759478313618441,0.05395814376706096,0.0664846830451926,0.08519866545344253,0.11248104337276311,0.11428571428571428,0.07253563845920534,0.08873218077039734,0.08436457385501972,0.05853806490749166,0.03554746739460115,0.038444040036396725,0.029678495602062482,0.014740673339399454,0.005823475887170155,6.066120715802245e-05,0.0016075219896875949,0.0006217773733697301,3.0330603579011223e-05,0.0,0.000272975432211101,0.0,0.0,0.0,0.0,0.0,0.0,0.0,0.0,0.0,0.0,0.0,0.0,0.0,0.0,0.0,0.0,0.0,0.0,0.0,0.0,0.0,0.0,0.0,0.0,0.0,0.0,0.0,0.0,0.0,0.0,0.0,0.0,0.0,0.0,0.0,0.0,0.0,0.0,0.0,0.0,0.0,0.0,0.0,0.0,0.0,nan,nan,4.229976580796253,2.909733443357885,nan,0.9397197040200931,0.024138948411590443,0.0,0.0,0.0,0.0,0.0,0.0,0.0,0.0,0.0,0.0,0.0,0.0,0.0,0.0,0.0,0.0,0.0,0.0,0.0,0.0,0.0,0.0,0.0,0.0,0.0,0.03508771929824562,1.4385964912280704,10.298245614035089,14.17543859649123,4.05263157894737,0.940504848468807,0.02314073712959533,0.0,0.0,0.0,0.0,0.0,0.0,0.0,0.0,0.0,0.0,0.0,0.0,0.0,0.0,0.0,0.0,0.0,0.0,0.0,0.0,0.0,0.0,0.0,0.0,0.0,0.03780718336483933,1.0396975425330817,10.264650283553877,14.914933837429114,3.7429111531190933,0.4004,0.00831,0.0,0.0,0.0,0.0,0.0,0.0,0.0,0.0,0.0,0.0,0.0,14.438596491228049,15.561403508771933,0.0,0.0,0.0,0.0,0.0,0.0,0.0,0.0,0.0,0.0,0.0,0.0,0.0,0.0,0.0,0.0,0.0,0.4004,0.008606,0.0,0.0,0.0,0.0,0.0,0.0,0.0,0.0,0.0,0.0,0.0,14.064272211720207,15.935727788279777,0.0,0.0,0.0,0.0,0.0,0.0,0.0,0.0,0.0,0.0,0.0,0.0,0.0,0.0,0.0,0.0,0.0
3200,3652,1914,0.5240963855421686,884,752,0.447973713033954,1037,0.567907995618839,0.414,3.017836593785961,3.1522953685647392,6.628865979381444,2.286308813863025,9450.052394473343,1521.8623861495032,7853.0,10920.88392829895,10900.249396351437,6.841102523210711,7853.0,0.0,27.70673603504929,20.838796821863216,32.71924083769633,19.088824379138686,0.14238773274917854,0.10377875136911281,0.08926615553121577,0.09227820372398686,0.07667031763417305,0.07228915662650602,0.06736035049288061,0.06845564074479737,0.06106243154435925,0.05449069003285871,0.04107338444687842,0.038335158817086525,0.03231106243154436,0.023822562979189485,0.01725082146768894,0.011774370208105149,0.007393209200438116,0.9396055125328432,0.023219079226245706,0.0,0.0,0.0,0.0,0.0,0.0,0.0,0.0,0.0,0.0,0.0,0.0,0.0,0.0,0.0,0.0,0.0,0.0,0.0,0.0,0.0,0.0,0.0,0.0,0.0,0.024644030668127058,1.363636363636364,10.391566265060243,14.408543263964955,3.8116100766703185,4.346170303808301,2.937878297946818,nan,nan,nan,4.318181818181818,2.923797527259739,4.375108790252393,2.95208738696824,1.0131830882689752,0.4001,0.00868,0.0,0.0,0.0,0.0,0.0,0.0,0.0,0.0,0.0,0.0,0.0,14.852135815991216,15.147864184008766,0.0,0.0,0.0,0.0,0.0,0.0,0.0,0.0,0.0,0.0,0.0,0.0,0.0,0.0,0.0,0.0,0.0,nan,nan,4.346170303808301,2.937878297946818,nan,0.4001,0.03937,0.0,0.0,0.0,0.0,0.0,0.0,0.0,0.0,0.0,0.0,0.0,0.0,0.0,0.0,0.0,0.0,0.0,0.0,0.0,0.0,0.0,0.0,0.0,0.0,0.0,0.0,0.0,0.0,1.3691128148959475e-05,0.0005339539978094195,0.006804490690032859,0.002450711938663746,0.027478094194961666,0.03947152245345016,0.026684008762322017,0.03886911281489595,0.050219058050383354,0.06599123767798466,0.08691128148959475,0.11410186199342826,0.11073384446878423,0.07185104052573932,0.08973165388828039,0.07923055859802848,0.060282037239868566,0.038691128148959475,0.03671960569550931,0.027532858707557503,0.01797645125958379,0.005312157721796276,0.0,0.0016976998904709747,0.0003148959474260679,0.0001642935377875137,0.0,0.00023274917853231106,0.0,0.0,0.0,0.0,0.0,0.0,0.0,0.0,0.0,0.0,0.0,0.0,0.0,0.0,0.0,0.0,0.0,0.0,0.0,0.0,0.0,0.0,0.0,0.0,0.0,0.0,0.0,0.0,0.0,0.0,0.0,0.0,0.0,0.0,0.0,0.0,0.0,0.0,0.0,0.0,0.0,0.0,0.0,0.0,0.0,nan,nan,4.346170303808301,2.937878297946818,nan,0.9402823690461265,0.02311584555700968,0.0,0.0,0.0,0.0,0.0,0.0,0.0,0.0,0.0,0.0,0.0,0.0,0.0,0.0,0.0,0.0,0.0,0.0,0.0,0.0,0.0,0.0,0.0,0.0,0.0,0.015673981191222573,1.1912225705329156,10.36050156739812,14.576802507836994,3.855799373040753,0.9388601135878349,0.0233095088744161,0.0,0.0,0.0,0.0,0.0,0.0,0.0,0.0,0.0,0.0,0.0,0.0,0.0,0.0,0.0,0.0,0.0,0.0,0.0,0.0,0.0,0.0,0.0,0.0,0.0,0.03452243958573073,1.5535097813578829,10.42577675489068,14.223245109321063,3.76294591484465,0.4,0.00879,0.0,0.0,0.0,0.0,0.0,0.0,0.0,0.0,0.0,0.0,0.0,15.391849529780542,14.608150470219439,0.0,0.0,0.0,0.0,0.0,0.0,0.0,0.0,0.0,0.0,0.0,0.0,0.0,0.0,0.0,0.0,0.0,0.4004,0.008545,0.0,0.0,0.0,0.0,0.0,0.0,0.0,0.0,0.0,0.0,0.0,14.257767548906768,15.742232451093214,0.0,0.0,0.0,0.0,0.0,0.0,0.0,0.0,0.0,0.0,0.0,0.0,0.0,0.0,0.0,0.0,0.0
3300,3653,1892,0.517930468108404,875,766,0.4492198193265809,1018,0.5573501231864221,0.43,2.9483248154457695,3.1189095160186393,6.708971553610503,2.159044492762735,9431.150507954271,1522.5436105127276,7853.0,10925.665893554688,10900.031609702406,6.748692380522586,7853.0,0.0,27.282507528059128,20.756184057539393,32.31254103742613,19.072437347123145,0.14371749247194088,0.1056665754174651,0.09471667122912675,0.08267177662195456,0.08486175745962223,0.07829181494661921,0.0730906104571585,0.06296194908294553,0.05474952094169176,0.04489460717218725,0.04817957842868875,0.03202846975088968,0.0325759649603066,0.024089789214344376,0.02107856556255133,0.009581166164796057,0.00684369011771147,0.9388742300376088,0.022616072890599272,0.0,0.0,0.0,0.0,0.0,0.0,0.0,0.0,0.0,0.0,0.0,0.0,0.0,0.0,0.0,0.0,0.0,0.0,0.0,0.0,0.0,0.0,0.0,0.0,0.0,0.032849712565015066,1.2154393649055573,10.906104571585,14.535997810019166,3.3096085409252676,4.256995264743866,2.883710677140947,nan,nan,nan,4.2227891156462585,2.8846339991876415,4.292066259808196,2.8823422682162194,1.0164055419924363,0.4,0.00859,0.0,0.0,0.0,0.0,0.0,0.0,0.0,0.0,0.0,0.0,0.016424856282507533,15.119080208048159,14.864494935669317,0.0,0.0,0.0,0.0,0.0,0.0,0.0,0.0,0.0,0.0,0.0,0.0,0.0,0.0,0.0,0.0,0.0,nan,nan,4.256995264743866,2.883710677140947,nan,0.4,0.03943,0.0,0.0,0.0,0.0,0.0,0.0,0.0,0.0,0.0,0.0,0.0,0.0,0.0,0.0,0.0,0.0,0.0,0.0,0.0,0.0,0.0,0.0,0.0,0.00010949904188338352,0.0,0.0,0.0,0.0,0.0,0.0006296194908294552,0.006980563920065699,0.0026553517656720503,0.026772515740487272,0.04022721051190802,0.025759649603065975,0.04058308239802902,0.05045168354776896,0.06463180947166712,0.08996715028743499,0.11212701888858473,0.11442649876813578,0.06949082945524226,0.08977552696413907,0.08215165617300849,0.05624144538735286,0.03701067615658363,0.03694223925540652,0.026950451683547767,0.018272652614289626,0.004954831645223104,1.368738023542294e-05,0.0019572953736654805,0.0003969340268272653,0.00032849712565015057,0.0,0.00019162332329592115,0.0,0.0,0.0,0.0,0.0,0.0,0.0,0.0,0.0,0.0,0.0,0.0,0.0,0.0,0.0,0.0,0.0,0.0,0.0,0.0,0.0,0.0,0.0,0.0,0.0,0.0,0.0,0.0,0.0,0.0,0.0,0.0,0.0,0.0,0.0,0.0,0.0,0.0,0.0,0.0,0.0,0.0,0.0,0.0,0.0,nan,nan,4.256995264743866,2.883710677140947,nan,0.9393548333178615,0.022514504690510674,0.0,0.0,0.0,0.0,0.0,0.0,0.0,0.0,0.0,0.0,0.0,0.0,0.0,0.0,0.0,0.0,0.0,0.0,0.0,0.0,0.0,0.0,0.0,0.0,0.0,0.04756871035940804,1.141649048625793,10.401691331923892,14.936575052854126,3.4725158562367873,0.9383578748949409,0.022713361466095868,0.0,0.0,0.0,0.0,0.0,0.0,0.0,0.0,0.0,0.0,0.0,0.0,0.0,0.0,0.0,0.0,0.0,0.0,0.0,0.0,0.0,0.0,0.0,0.0,0.0,0.017035775127768316,1.2947189097103922,11.448040885860308,14.105621805792168,3.1345826235093703,0.4001,0.008606,0.0,0.0,0.0,0.0,0.0,0.0,0.0,0.0,0.0,0.0,0.015856236786469347,14.682875264270592,15.301268498942921,0.0,0.0,0.0,0.0,0.0,0.0,0.0,0.0,0.0,0.0,0.0,0.0,0.0,0.0,0.0,0.0,0.0,0.3997,0.00857,0.0,0.0,0.0,0.0,0.0,0.0,0.0,0.0,0.0,0.0,0.017035775127768316,15.587734241907985,14.39522998296423,0.0,0.0,0.0,0.0,0.0,0.0,0.0,0.0,0.0,0.0,0.0,0.0,0.0,0.0,0.0,0.0,0.0
3400,3977,2047,0.5147095800854916,970,829,0.45235101835554437,1138,0.5722906713603219,0.40199999999999997,3.0616580310880828,3.089482634748863,6.537769784172662,2.062951208343975,9421.405700249665,1522.9315336242537,7853.0,10920.405190229416,10900.166326278906,6.808675420044832,7853.0,0.0,27.750062861453358,20.74827010177752,32.76839891859417,18.950635747744393,0.14256977621322606,0.09806386723661051,0.09177772190093035,0.08649735981895901,0.08146844355041488,0.07568518984158913,0.0741765149610259,0.06562735730450088,0.05758109127483028,0.0507920543122957,0.04752325873774202,0.035453859693236105,0.029419160170983154,0.027156147850138295,0.018858436007040482,0.011817953231078702,0.0055318078953985415,0.9393068155152491,0.023229956276758085,0.0,0.0,0.0,0.0,0.0,0.0,0.0,0.0,0.0,0.0,0.0,0.0,0.0,0.0,0.0,0.0,0.0,0.0,0.0,0.0,0.0,0.0,0.0,0.0,0.0,0.007543374402816195,1.433241136535077,10.462660296706062,14.566255971838073,3.5302992205179793,4.305533904910367,2.805632725027222,nan,nan,nan,4.267638036809816,2.804410735699056,4.344690966719493,2.806357316214988,1.0180551699195362,0.4,0.0085,0.0,0.0,0.0,0.0,0.0,0.0,0.0,0.0,0.0,0.0,0.0,14.973598189590122,15.02640181040986,0.0,0.0,0.0,0.0,0.0,0.0,0.0,0.0,0.0,0.0,0.0,0.0,0.0,0.0,0.0,0.0,0.0,nan,nan,4.305533904910367,2.805632725027222,nan,0.4,0.03943,0.0,0.0,0.0,0.0,0.0,0.0,0.0,0.0,0.0,0.0,0.0,0.0,0.0,0.0,0.0,0.0,0.0,0.0,0.0,0.0,0.0,0.0,0.0,0.0001760120693990445,0.0,0.0,0.0,0.0,2.5144581342720645e-05,0.000704048277596178,0.006223283882323359,0.003319084737239125,0.02804878048780488,0.03938898667337189,0.026351521247171234,0.04011817953231079,0.050088006034699525,0.062383706311289915,0.08999245662559718,0.10646215740507921,0.11965049031933618,0.07122202665325622,0.08853407090771939,0.08354287151118935,0.059077193864722155,0.03793060095549409,0.0351395524264521,0.02455368368116671,0.01884586371636912,0.005142066884586372,6.286145335680161e-05,0.0023635906462157407,0.0003394518481267287,0.00022630123208448579,0.0,8.800603469952225e-05,0.0,0.0,0.0,0.0,0.0,0.0,0.0,0.0,0.0,0.0,0.0,0.0,0.0,0.0,0.0,0.0,0.0,0.0,0.0,0.0,0.0,0.0,0.0,0.0,0.0,0.0,0.0,0.0,0.0,0.0,0.0,0.0,0.0,0.0,0.0,0.0,0.0,0.0,0.0,0.0,0.0,0.0,0.0,0.0,0.0,nan,nan,4.305533904910367,2.805632725027222,nan,0.9398503670706421,0.0228718987871146,0.0,0.0,0.0,0.0,0.0,0.0,0.0,0.0,0.0,0.0,0.0,0.0,0.0,0.0,0.0,0.0,0.0,0.0,0.0,0.0,0.0,0.0,0.0,0.0,0.0,0.0,1.275036638983879,10.654616511968737,14.377137274059603,3.693209574987788,0.9387303129070164,0.023590102995236773,0.0,0.0,0.0,0.0,0.0,0.0,0.0,0.0,0.0,0.0,0.0,0.0,0.0,0.0,0.0,0.0,0.0,0.0,0.0,0.0,0.0,0.0,0.0,0.0,0.0,0.015544041450777205,1.6010362694300524,10.259067357512956,14.766839378238346,3.3575129533678765,0.4001,0.008606,0.0,0.0,0.0,0.0,0.0,0.0,0.0,0.0,0.0,0.0,0.0,15.080605764533443,14.91939423546654,0.0,0.0,0.0,0.0,0.0,0.0,0.0,0.0,0.0,0.0,0.0,0.0,0.0,0.0,0.0,0.0,0.0,0.4,0.008385,0.0,0.0,0.0,0.0,0.0,0.0,0.0,0.0,0.0,0.0,0.0,14.860103626942985,15.139896373056999,0.0,0.0,0.0,0.0,0.0,0.0,0.0,0.0,0.0,0.0,0.0,0.0,0.0,0.0,0.0,0.0,0.0
3500,3974,2103,0.5291897332662305,998,808,0.4544539506794162,1095,0.5510820332159033,0.418,3.05237840726884,3.1247761579767594,6.715648854961832,2.0706194814601995,9465.544765067554,1521.0075897958013,7853.0,10921.409523129463,10900.195861330698,6.869604441430392,7853.0,0.0,27.88298943130347,20.747205838305543,32.81324940047961,18.99299894976212,0.13764469048817313,0.101157523905385,0.09209864116758933,0.08656265727226975,0.0790135883241067,0.07599396074484147,0.07473578258681429,0.0626572722697534,0.06139909411172622,0.054856567689984904,0.04428787116255662,0.03950679416205335,0.029944640161046806,0.02264720684448918,0.01987921489682939,0.010568696527428284,0.007045797684952189,0.9395064460193325,0.023140282641668643,0.0,0.0,0.0,0.0,0.0,0.0,0.0,0.0,0.0,0.0,0.0,0.0,0.0,0.0,0.0,0.0,0.0,0.0,0.0,0.0,0.0,0.0,0.0,0.0,0.0,0.022647206844489183,1.1474584801207854,10.931051836940112,14.222445898339208,3.676396577755411,4.299105406456632,2.9051509360571552,nan,nan,nan,4.247486465583913,2.8497845037337326,4.351330203442879,2.959197319931476,1.0244482798710204,0.4004,0.00842,0.0,0.0,0.0,0.0,0.0,0.0,0.0,0.0,0.0,0.0,0.0,14.516859587317544,15.475591343734276,0.007549068948163062,0.0,0.0,0.0,0.0,0.0,0.0,0.0,0.0,0.0,0.0,0.0,0.0,0.0,0.0,0.0,0.0,nan,nan,4.299105406456632,2.9051509360571552,nan,0.4004,0.03952,0.0,0.0,0.0,0.0,0.0,0.0,0.0,0.0,0.0,0.0,0.0,0.0,0.0,0.0,0.0,0.0,0.0,0.0,0.0,0.0,0.0,0.0,0.0,0.0002642174131857071,0.0,0.0,0.0,0.0,0.00011323603422244589,0.0003271263210870659,0.005183694011071968,0.003535480624056366,0.029089079013588325,0.03990941117262204,0.02512581781580272,0.04001006542526422,0.05137141419224962,0.0617639657775541,0.08770759939607449,0.10552340211373931,0.11509813789632611,0.06986663311524911,0.09583543029693005,0.08365626572722698,0.0617639657775541,0.03817312531454454,0.03628585807750377,0.02258429793658782,0.017564167086059387,0.004529441368897836,0.0001887267237040765,0.003485153497735279,0.00022647206844489179,0.0006919979869149472,0.0,0.00012581781580271766,0.0,0.0,0.0,0.0,0.0,0.0,0.0,0.0,0.0,0.0,0.0,0.0,0.0,0.0,0.0,0.0,0.0,0.0,0.0,0.0,0.0,0.0,0.0,0.0,0.0,0.0,0.0,0.0,0.0,0.0,0.0,0.0,0.0,0.0,0.0,0.0,0.0,0.0,0.0,0.0,0.0,0.0,0.0,0.0,0.0,nan,nan,4.299105406456632,2.9051509360571552,nan,0.9398038265141656,0.0232910067633791,0.0,0.0,0.0,0.0,0.0,0.0,0.0,0.0,0.0,0.0,0.0,0.0,0.0,0.0,0.0,0.0,0.0,0.0,0.0,0.0,0.0,0.0,0.0,0.0,0.0,0.0427960057061341,1.1840228245363769,10.827389443651928,14.179743223965767,3.7660485021398014,0.939172190978908,0.02296509224719162,0.0,0.0,0.0,0.0,0.0,0.0,0.0,0.0,0.0,0.0,0.0,0.0,0.0,0.0,0.0,0.0,0.0,0.0,0.0,0.0,0.0,0.0,0.0,0.0,0.0,0.0,1.1063602351683595,11.047568145376806,14.270443613041158,3.5756280064136834,0.4001,0.00845,0.0,0.0,0.0,0.0,0.0,0.0,0.0,0.0,0.0,0.0,0.0,14.536376604850194,15.449358059914411,0.014265335235378035,0.0,0.0,0.0,0.0,0.0,0.0,0.0,0.0,0.0,0.0,0.0,0.0,0.0,0.0,0.0,0.0,0.4004,0.00839,0.0,0.0,0.0,0.0,0.0,0.0,0.0,0.0,0.0,0.0,0.0,14.494922501336163,15.50507749866382,0.0,0.0,0.0,0.0,0.0,0.0,0.0,0.0,0.0,0.0,0.0,0.0,0.0,0.0,0.0,0.0,0.0
3600,4042,2065,0.5108857001484414,922,849,0.43814943097476494,1152,0.570014844136566,0.40599999999999997,2.862923621648963,3.00966679790793,6.386363636363637,2.166891808603475,9409.797296781726,1523.2729618726778,7853.0,10924.11549282074,10900.251657913672,7.022694923775448,7853.0,0.0,27.72909450766947,20.80087706115026,32.61690223792697,19.102264848016738,0.13829787234042554,0.10514596734289955,0.09376546264225631,0.08906481939633845,0.07323107372587828,0.07718951014349332,0.06828302820385948,0.06828302820385948,0.05739732805541811,0.0499752597723899,0.046759030183077685,0.03983176645225136,0.03414151410192974,0.02375061850569025,0.017812963879267688,0.011133102424542306,0.005937654626422563,0.9398621002203872,0.023733641185067537,0.0,0.0,0.0,0.0,0.0,0.0,0.0,0.0,0.0,0.0,0.0,0.0,0.0,0.0,0.0,0.0,0.0,0.0,0.0,0.0,0.0,0.0,0.0,0.0,0.0,0.037110341415141024,1.3137060860959924,10.37605145967343,14.332013854527466,3.941118258287977,4.290774620474893,2.803392217418196,nan,nan,nan,4.256185155626496,2.7961843464758136,4.32370820668693,2.8098421658384183,1.0158646883515325,0.4004,0.0084,0.0,0.0,0.0,0.0,0.0,0.0,0.0,0.0,0.0,0.0,0.0,14.346857991093497,15.653142008906485,0.0,0.0,0.0,0.0,0.0,0.0,0.0,0.0,0.0,0.0,0.0,0.0,0.0,0.0,0.0,0.0,0.0,nan,nan,4.290774620474893,2.803392217418196,nan,0.4004,0.0395,0.0,0.0,0.0,0.0,0.0,0.0,0.0,0.0,0.0,0.0,0.0,0.0,0.0,0.0,0.0,0.0,0.0,0.0,0.0,0.0,0.0,0.0,0.0,0.00024740227610094015,1.2370113805047006e-05,0.0,2.474022761009401e-05,0.0,0.00029688273132112816,0.00029688273132112816,0.004020286986640277,0.0029193468579910937,0.03065314200890648,0.04119247897080653,0.02417120237506185,0.03892874814448293,0.049195942602671947,0.06161553686293914,0.08505690252350322,0.10747154873824839,0.11590796635329045,0.07290945076694706,0.09699406234537358,0.08364670954972786,0.06014349332013855,0.0386566056407719,0.03567540821375557,0.023404255319148935,0.017429490351311232,0.0030677882236516576,0.0003339930727362692,0.0049604156358238494,0.00021029193468579912,0.0005071746660069272,0.0,4.948045522018802e-05,0.0,0.0,0.0,0.0,0.0,0.0,0.0,0.0,0.0,0.0,0.0,0.0,0.0,0.0,0.0,0.0,0.0,0.0,0.0,0.0,0.0,0.0,0.0,0.0,0.0,0.0,0.0,0.0,0.0,0.0,0.0,0.0,0.0,0.0,0.0,0.0,0.0,0.0,0.0,0.0,0.0,0.0,0.0,0.0,0.0,nan,nan,4.290774620474893,2.803392217418196,nan,0.939646131882656,0.023927016949518248,0.0,0.0,0.0,0.0,0.0,0.0,0.0,0.0,0.0,0.0,0.0,0.0,0.0,0.0,0.0,0.0,0.0,0.0,0.0,0.0,0.0,0.0,0.0,0.0,0.0,0.04358353510895884,1.467312348668281,10.271186440677967,14.324455205811141,3.893462469733657,0.9400876817162976,0.023527844400940162,0.0,0.0,0.0,0.0,0.0,0.0,0.0,0.0,0.0,0.0,0.0,0.0,0.0,0.0,0.0,0.0,0.0,0.0,0.0,0.0,0.0,0.0,0.0,0.0,0.0,0.030349013657056154,1.1532625189681338,10.4855842185129,14.339908952959032,3.990895295902884,0.4006,0.008415,0.0,0.0,0.0,0.0,0.0,0.0,0.0,0.0,0.0,0.0,0.0,14.20823244552056,15.791767554479422,0.0,0.0,0.0,0.0,0.0,0.0,0.0,0.0,0.0,0.0,0.0,0.0,0.0,0.0,0.0,0.0,0.0,0.4004,0.00837,0.0,0.0,0.0,0.0,0.0,0.0,0.0,0.0,0.0,0.0,0.0,14.491654021244289,15.508345978755694,0.0,0.0,0.0,0.0,0.0,0.0,0.0,0.0,0.0,0.0,0.0,0.0,0.0,0.0,0.0,0.0,0.0
3700,4161,2188,0.5258351357846671,984,822,0.43403028118240805,1135,0.5455419370343667,0.426,3.082615306639635,3.1406893998361496,6.676271186440678,2.058124782750834,9455.565231691113,1521.8010586249095,7853.0,10922.79643702507,10900.657188787349,6.802848697751251,7853.0,0.0,28.67411679884643,21.443263067293188,33.63369441277081,19.699584537119627,0.13602499399182888,0.10334054313866858,0.09228550829127613,0.08243210766642634,0.07642393655371305,0.07402066810862773,0.06753184330689738,0.059601057438115834,0.05287190579187695,0.055034847392453734,0.0509492910358087,0.04133621725546743,0.03797164143234799,0.03172314347512617,0.01946647440519106,0.010093727469358327,0.008892093246815669,0.9414352173846492,0.023237044803547366,0.0,0.0,0.0,0.0,0.0,0.0,0.0,0.0,0.0,0.0,0.0,0.0,0.0,0.0,0.0,0.0,0.0,0.0,0.0,0.0,0.0,0.0,0.0,0.0,0.0,0.0,1.1824080749819756,9.704397981254507,14.837779379956745,4.275414563806778,4.3583086053412465,2.90642092600586,nan,nan,nan,4.369791666666667,2.9043806125078557,4.350111028867506,2.907072654104816,0.9954962068445304,0.4004,0.00862,0.0,0.0,0.0,0.0,0.0,0.0,0.0,0.0,0.0,0.0,0.007209805335255949,14.477289113193923,15.515501081470804,0.0,0.0,0.0,0.0,0.0,0.0,0.0,0.0,0.0,0.0,0.0,0.0,0.0,0.0,0.0,0.0,0.0,nan,nan,4.3583086053412465,2.90642092600586,nan,0.4004,0.0401,0.0,0.0,0.0,0.0,0.0,0.0,0.0,0.0,0.0,0.0,0.0,0.0,0.0,0.0,0.0,0.0,0.0,0.0,0.0,0.0,0.0,0.0,0.0,0.0001922614756068253,0.0,0.0,2.403268445085316e-05,0.0,0.0002523431867339582,0.0005888007690459025,0.0049387166546503245,0.003929343907714491,0.03447488584474886,0.03984619081951454,0.024633501562124488,0.03816390290795482,0.05001201634222543,0.05963710646479212,0.08147080028839221,0.10559961547704878,0.11959865416967075,0.06910598413842826,0.09768084595049267,0.084450853160298,0.05817111271329008,0.0365296803652968,0.03872867099254987,0.02483777937995674,0.01771208844027878,0.002631578947368421,0.0005767844268204759,0.0054914683970199475,0.0001922614756068253,0.0005287190579187695,0.0,0.0,0.0,0.0,0.0,0.0,0.0,0.0,0.0,0.0,0.0,0.0,0.0,0.0,0.0,0.0,0.0,0.0,0.0,0.0,0.0,0.0,0.0,0.0,0.0,0.0,0.0,0.0,0.0,0.0,0.0,0.0,0.0,0.0,0.0,0.0,0.0,0.0,0.0,0.0,0.0,0.0,0.0,0.0,0.0,0.0,0.0,nan,nan,4.3583086053412465,2.90642092600586,nan,0.9412846611284904,0.02307306450241104,0.0,0.0,0.0,0.0,0.0,0.0,0.0,0.0,0.0,0.0,0.0,0.0,0.0,0.0,0.0,0.0,0.0,0.0,0.0,0.0,0.0,0.0,0.0,0.0,0.0,0.0,1.1791590493601465,9.899451553930533,14.808043875685561,4.113345521023767,0.9416021799231566,0.02341641953451721,0.0,0.0,0.0,0.0,0.0,0.0,0.0,0.0,0.0,0.0,0.0,0.0,0.0,0.0,0.0,0.0,0.0,0.0,0.0,0.0,0.0,0.0,0.0,0.0,0.0,0.0,1.1860111505321846,9.488089204257477,14.870755195134317,4.455144450076027,0.4004,0.00862,0.0,0.0,0.0,0.0,0.0,0.0,0.0,0.0,0.0,0.0,0.01371115173674589,14.643510054844585,15.34277879341865,0.0,0.0,0.0,0.0,0.0,0.0,0.0,0.0,0.0,0.0,0.0,0.0,0.0,0.0,0.0,0.0,0.0,0.4004,0.00863,0.0,0.0,0.0,0.0,0.0,0.0,0.0,0.0,0.0,0.0,0.0,14.29295489102887,15.707045108971114,0.0,0.0,0.0,0.0,0.0,0.0,0.0,0.0,0.0,0.0,0.0,0.0,0.0,0.0,0.0,0.0,0.0
3800,4257,2191,0.5146817007282124,996,872,0.4388066713648109,1181,0.5548508339206014,0.418,2.9298160696999034,3.1146861419536735,6.728904847396769,2.107550175297095,9421.342493907594,1522.9555254661698,7853.0,10927.77580165863,10900.208578988875,6.970671213764113,7853.0,0.0,27.769790932581632,20.92542097356275,32.64822576138586,19.25594232847859,0.13718581160441626,0.10359408033826638,0.09866102889358704,0.08574113225276016,0.082687338501292,0.07634484378670425,0.06483439041578576,0.06037115339440921,0.05520319473807846,0.05144467935165609,0.05191449377495889,0.03688043222926944,0.03359173126614987,0.02349072116513977,0.01949729856706601,0.01221517500587268,0.006342494714587738,0.9395744604405759,0.02340302813257537,0.0,0.0,0.0,0.0,0.0,0.0,0.0,0.0,0.0,0.0,0.0,0.0,0.0,0.0,0.0,0.0,0.0,0.0,0.0,0.0,0.0,0.0,0.0,0.0,0.0,0.03523608174770966,1.3107822410147993,10.676532769556028,14.080338266384782,3.8971106412966887,4.274408284023669,2.8544829434985726,nan,nan,nan,4.290510948905109,2.868960065201246,4.257871064467766,2.8394432634486897,0.9923925413951752,0.4004,0.00867,0.0,0.0,0.0,0.0,0.0,0.0,0.0,0.0,0.0,0.0,0.007047216349541933,14.171952078928802,15.821000704721639,0.0,0.0,0.0,0.0,0.0,0.0,0.0,0.0,0.0,0.0,0.0,0.0,0.0,0.0,0.0,0.0,0.0,nan,nan,4.274408284023669,2.8544829434985726,nan,0.4004,0.04025,0.0,0.0,0.0,0.0,0.0,0.0,0.0,0.0,0.0,0.0,0.0,0.0,0.0,0.0,0.0,0.0,0.0,0.0,0.0,0.0,0.0,0.0,0.0,0.00015268968757340852,0.0,0.0,1.1745360582569884e-05,0.0,0.00048155978388536526,0.0004345783415550857,0.005532064834390416,0.003993422598073761,0.03387361992013155,0.041132252760159735,0.024371623208832512,0.036516326051209774,0.050258397932816536,0.05892647404275311,0.08281653746770026,0.1112285647169368,0.11694855532064835,0.06582100070472163,0.09618275781066479,0.08146582100070472,0.0594785059901339,0.037408973455485085,0.03952313836034766,0.026180408738548273,0.01812309137890533,0.0024782710829222457,0.0009631195677707305,0.004721634954193094,0.0003758515386422363,0.0005755226685459243,2.349072116513977e-05,0.0,0.0,0.0,0.0,0.0,0.0,0.0,0.0,0.0,0.0,0.0,0.0,0.0,0.0,0.0,0.0,0.0,0.0,0.0,0.0,0.0,0.0,0.0,0.0,0.0,0.0,0.0,0.0,0.0,0.0,0.0,0.0,0.0,0.0,0.0,0.0,0.0,0.0,0.0,0.0,0.0,0.0,0.0,0.0,0.0,0.0,nan,nan,4.274408284023669,2.8544829434985726,nan,0.9398152176401268,0.023374770569833923,0.0,0.0,0.0,0.0,0.0,0.0,0.0,0.0,0.0,0.0,0.0,0.0,0.0,0.0,0.0,0.0,0.0,0.0,0.0,0.0,0.0,0.0,0.0,0.0,0.0,0.027384755819260618,1.1912368781378369,10.721131903240531,14.116841624828849,3.943404837973529,0.939319136614721,0.023430255355785357,0.0,0.0,0.0,0.0,0.0,0.0,0.0,0.0,0.0,0.0,0.0,0.0,0.0,0.0,0.0,0.0,0.0,0.0,0.0,0.0,0.0,0.0,0.0,0.0,0.0,0.043562439496611816,1.43756050338819,10.629235237173283,14.041626331074543,3.8480154888673774,0.4001,0.00868,0.0,0.0,0.0,0.0,0.0,0.0,0.0,0.0,0.0,0.0,0.0,14.650844363304406,15.349155636695576,0.0,0.0,0.0,0.0,0.0,0.0,0.0,0.0,0.0,0.0,0.0,0.0,0.0,0.0,0.0,0.0,0.0,0.4006,0.00865,0.0,0.0,0.0,0.0,0.0,0.0,0.0,0.0,0.0,0.0,0.014520813165537274,13.664085188770551,16.321393998063893,0.0,0.0,0.0,0.0,0.0,0.0,0.0,0.0,0.0,0.0,0.0,0.0,0.0,0.0,0.0,0.0,0.0
3900,4454,2337,0.5246969016614279,1080,916,0.44813650651100134,1259,0.5653345307588684,0.41,2.954652810581011,3.138711519065264,6.713286713286713,2.2246941413800223,9451.77287778708,1521.6689211724263,7853.0,10921.77714562416,10900.04082056639,6.874840739043932,7853.0,0.0,27.55231252806466,20.812596954799034,32.32862473347548,19.20579135476588,0.13650651100134711,0.10844185002245173,0.09788953749438707,0.08688819039066008,0.07723394701392007,0.07858105074090704,0.06757970363718006,0.06084418500224517,0.057925460260440056,0.05231252806466098,0.04535249214189493,0.0388414907947912,0.03367759317467445,0.022002694207453974,0.01661427929950606,0.012123933542882801,0.007184553210597216,0.9394174172544244,0.023337792973151434,0.0,0.0,0.0,0.0,0.0,0.0,0.0,0.0,0.0,0.0,0.0,0.0,0.0,0.0,0.0,0.0,0.0,0.0,0.0,0.0,0.0,0.0,0.0,0.0,0.0,0.033677593174674454,1.3268971710821735,10.689268073641673,14.286035024696904,3.664122137404581,4.3199577613516364,2.922931125116062,nan,nan,nan,4.374560787069571,2.9394640875370177,4.265162200282087,2.9052138108593897,0.9749920981528369,0.4006,0.009056,0.0,0.0,0.0,0.0,0.0,0.0,0.0,0.0,0.0,0.0,0.0,14.097440502918705,15.90255949708128,0.0,0.0,0.0,0.0,0.0,0.0,0.0,0.0,0.0,0.0,0.0,0.0,0.0,0.0,0.0,0.0,0.0,nan,nan,4.3199577613516364,2.922931125116062,nan,0.4006,0.04083,0.0,0.0,0.0,0.0,0.0,0.0,0.0,0.0,0.0,0.0,0.0,0.0,0.0,0.0,0.0,0.0,0.0,0.0,0.0,0.0,0.0,0.0,0.0,0.0001571621014818141,1.122586439155815e-05,0.0,0.0,1.122586439155815e-05,0.0005837449483610238,0.000449034575662326,0.006870229007633588,0.004030085316569376,0.03535024696901661,0.04041311180960934,0.025437808711270767,0.03786484059272564,0.0468343062415806,0.05693758419398293,0.08158958239784464,0.11390884598114055,0.10818365514144589,0.06595195330040413,0.09812528064660979,0.08180287382128423,0.06091154018859452,0.0366412213740458,0.042433767400089806,0.026953300404131117,0.01820835204310732,0.0029299506061966772,0.0016165244723843736,0.004467894027840143,0.0006398742703188146,0.0006623259991019308,2.24517287831163e-05,0.0,0.0,0.0,0.0,0.0,0.0,0.0,0.0,0.0,0.0,0.0,0.0,0.0,0.0,0.0,0.0,0.0,0.0,0.0,0.0,0.0,0.0,0.0,0.0,0.0,0.0,0.0,0.0,0.0,0.0,0.0,0.0,0.0,0.0,0.0,0.0,0.0,0.0,0.0,0.0,0.0,0.0,0.0,0.0,0.0,0.0,nan,nan,4.3199577613516364,2.922931125116062,nan,0.9388743911128193,0.02308984095207037,0.0,0.0,0.0,0.0,0.0,0.0,0.0,0.0,0.0,0.0,0.0,0.0,0.0,0.0,0.0,0.0,0.0,0.0,0.0,0.0,0.0,0.0,0.0,0.0,0.0,0.02567394094993582,1.3222079589216948,11.052631578947372,14.120667522464702,3.478818998716304,0.9400168750215151,0.023593979147002737,0.0,0.0,0.0,0.0,0.0,0.0,0.0,0.0,0.0,0.0,0.0,0.0,0.0,0.0,0.0,0.0,0.0,0.0,0.0,0.0,0.0,0.0,0.0,0.0,0.0,0.04251299008030232,1.332073689182806,10.288143599433162,14.468587623996225,3.8686820973075116,0.4006,0.00912,0.0,0.0,0.0,0.0,0.0,0.0,0.0,0.0,0.0,0.0,0.0,14.313222079589195,15.686777920410787,0.0,0.0,0.0,0.0,0.0,0.0,0.0,0.0,0.0,0.0,0.0,0.0,0.0,0.0,0.0,0.0,0.0,0.401,0.00897,0.0,0.0,0.0,0.0,0.0,0.0,0.0,0.0,0.0,0.0,0.0,13.859234766178535,16.140765233821448,0.0,0.0,0.0,0.0,0.0,0.0,0.0,0.0,0.0,0.0,0.0,0.0,0.0,0.0,0.0,0.0,0.0
4000,4337,2252,0.5192529398201522,1066,880,0.448697256167858,1200,0.553377910998386,0.418,2.9918465227817745,3.074210931173465,6.584040747028863,2.093360018754291,9435.461411832457,1522.6649199331996,7853.0,10923.816619992256,10900.573331757269,6.991425341836551,7853.0,0.0,28.000691722388748,20.80520565658796,32.85546126471393,19.075438317065366,0.13719160710168318,0.09937744985012681,0.09315194835139497,0.08554300207516717,0.08277611252017524,0.0777034816693567,0.0712474060410422,0.06156329259857044,0.05948812543232649,0.051648605026516026,0.04357851049112289,0.03643071247406041,0.0405810468065483,0.026746599031588655,0.016140189070786258,0.010606409960802398,0.006225501498731842,0.9398646885166252,0.023773329337012056,0.0,0.0,0.0,0.0,0.0,0.0,0.0,0.0,0.0,0.0,0.0,0.0,0.0,0.0,0.0,0.0,0.0,0.0,0.0,0.0,0.0,0.0,0.0,0.0,0.0,0.027668895549919307,1.390362001383445,10.396587502882179,14.076550611021446,4.108830989163017,4.237857142857143,2.8501620970730484,nan,nan,nan,4.208303507516106,2.8609362288330376,4.266761768901569,2.8400326365927797,1.0138911704635978,0.4006,0.00897,0.0,0.0,0.0,0.0,0.0,0.0,0.0,0.0,0.0,0.0,0.0,14.325570670970697,15.674429329029286,0.0,0.0,0.0,0.0,0.0,0.0,0.0,0.0,0.0,0.0,0.0,0.0,0.0,0.0,0.0,0.0,0.0,nan,nan,4.237857142857143,2.8501620970730484,nan,0.4006,0.0414,0.0,0.0,0.0,0.0,0.0,0.0,0.0,0.0,0.0,0.0,0.0,0.0,0.0,0.0,0.0,0.0,0.0,0.0,0.0,0.0,0.0,0.0,0.0,0.00026516024902005996,2.3057412958266083e-05,0.0,0.0,0.0,0.0005072630850818538,0.0006686649757897164,0.0070670970717085545,0.004553839059257552,0.03842517869495043,0.04011989854738298,0.025985704403965876,0.039670278994696793,0.04440857735762047,0.05483052801475674,0.0802167396818077,0.11708554300207517,0.1051648605026516,0.06691261240488817,0.09611482591653217,0.08125432326492968,0.06059488125432327,0.0354507724233341,0.043832142033663826,0.027542079778648837,0.01743140419644916,0.0029859349780954575,0.0016024902005994928,0.005545307816462993,0.0009338252248097764,0.0007954807470601799,0.0,1.1528706479133041e-05,0.0,0.0,0.0,0.0,0.0,0.0,0.0,0.0,0.0,0.0,0.0,0.0,0.0,0.0,0.0,0.0,0.0,0.0,0.0,0.0,0.0,0.0,0.0,0.0,0.0,0.0,0.0,0.0,0.0,0.0,0.0,0.0,0.0,0.0,0.0,0.0,0.0,0.0,0.0,0.0,0.0,0.0,0.0,0.0,0.0,nan,nan,4.237857142857143,2.8501620970730484,nan,0.9407752082413509,0.023170323482627146,0.0,0.0,0.0,0.0,0.0,0.0,0.0,0.0,0.0,0.0,0.0,0.0,0.0,0.0,0.0,0.0,0.0,0.0,0.0,0.0,0.0,0.0,0.0,0.0,0.0,0.0,1.1722912966252221,10.19094138543517,14.373889875666078,4.262877442273536,0.9388812398738998,0.024369718171299605,0.0,0.0,0.0,0.0,0.0,0.0,0.0,0.0,0.0,0.0,0.0,0.0,0.0,0.0,0.0,0.0,0.0,0.0,0.0,0.0,0.0,0.0,0.0,0.0,0.0,0.05755395683453239,1.62589928057554,10.618705035971225,13.75539568345324,3.9424460431654684,0.4006,0.00891,0.0,0.0,0.0,0.0,0.0,0.0,0.0,0.0,0.0,0.0,0.0,14.174067495559482,15.8259325044405,0.0,0.0,0.0,0.0,0.0,0.0,0.0,0.0,0.0,0.0,0.0,0.0,0.0,0.0,0.0,0.0,0.0,0.4006,0.009026,0.0,0.0,0.0,0.0,0.0,0.0,0.0,0.0,0.0,0.0,0.0,14.489208633093504,15.510791366906478,0.0,0.0,0.0,0.0,0.0,0.0,0.0,0.0,0.0,0.0,0.0,0.0,0.0,0.0,0.0,0.0,0.0
4100,4393,2257,0.51377190985659,1073,904,0.4500341452310494,1244,0.5663555656726611,0.40199999999999997,2.965355805243446,3.0289981416825738,6.3207855973813425,2.183529336838294,9418.9355607793,1523.3900130987947,7853.0,10925.021093010902,10900.919768942607,7.025688200122129,7853.0,0.0,28.383337127247895,20.975430654999528,33.287874696192276,19.188105658211928,0.13362167083997267,0.10198042340086501,0.08445253812884133,0.0908263145913954,0.08149328477122696,0.07398133394035966,0.07056681083541999,0.06396539949920328,0.06009560664693831,0.049169132711131346,0.050079672205781925,0.043478260869565216,0.03164124743910767,0.026860915092192125,0.020259503755975416,0.01115410880946961,0.006373776462554063,0.9412340429685069,0.023649603017202637,0.0,0.0,0.0,0.0,0.0,0.0,0.0,0.0,0.0,0.0,0.0,0.0,0.0,0.0,0.0,0.0,0.0,0.0,0.0,0.0,0.0,0.0,0.0,0.0,0.0,0.020487138629638062,1.2223992715684044,9.984065558843616,14.463919872524475,4.3091281584338725,4.174912891986063,2.8107678547291566,nan,nan,nan,4.142553191489362,2.794669039707011,4.206164383561644,2.825876578821423,1.0153555522721998,0.401,0.00883,0.0,0.0,0.0,0.0,0.0,0.0,0.0,0.0,0.0,0.0,0.0,13.671750512178447,16.321420441611657,0.006829046209879355,0.0,0.0,0.0,0.0,0.0,0.0,0.0,0.0,0.0,0.0,0.0,0.0,0.0,0.0,0.0,0.0,nan,nan,4.174912891986063,2.8107678547291566,nan,0.401,0.0412,0.0,0.0,0.0,0.0,0.0,0.0,0.0,0.0,0.0,0.0,0.0,0.0,0.0,0.0,0.0,0.0,0.0,0.0,0.0,0.0,0.0,0.0,0.0,7.96722057819258e-05,0.0,0.0,0.0,1.1381743683132256e-05,0.00037559754154336443,0.000443888003642158,0.0055201456863191445,0.0049510585021625315,0.037628044616435236,0.0401206464830412,0.025893466879125884,0.03990439335306169,0.04372865923059413,0.0559981789210107,0.07849988618256316,0.11858638743455498,0.10703391759617574,0.06726610516731163,0.09084907807876166,0.08314363760528112,0.060585021625313,0.03617118142499431,0.042943318916458,0.03160710220805828,0.017846574095151377,0.002526747097655361,0.0012178465740951515,0.005338037787389028,0.0009219212383337127,0.0007625768267698612,0.0,4.552697473252902e-05,0.0,0.0,0.0,0.0,0.0,0.0,0.0,0.0,0.0,0.0,0.0,0.0,0.0,0.0,0.0,0.0,0.0,0.0,0.0,0.0,0.0,0.0,0.0,0.0,0.0,0.0,0.0,0.0,0.0,0.0,0.0,0.0,0.0,0.0,0.0,0.0,0.0,0.0,0.0,0.0,0.0,0.0,0.0,0.0,0.0,nan,nan,4.174912891986063,2.8107678547291566,nan,0.9416232575713188,0.023586966435836642,0.0,0.0,0.0,0.0,0.0,0.0,0.0,0.0,0.0,0.0,0.0,0.0,0.0,0.0,0.0,0.0,0.0,0.0,0.0,0.0,0.0,0.0,0.0,0.0,0.0,0.026583961010190525,1.169694284448383,9.889233495790874,14.528134692069122,4.386353566681437,0.9408227801601985,0.023708666345416112,0.0,0.0,0.0,0.0,0.0,0.0,0.0,0.0,0.0,0.0,0.0,0.0,0.0,0.0,0.0,0.0,0.0,0.0,0.0,0.0,0.0,0.0,0.0,0.0,0.0,0.014044943820224722,1.2780898876404496,10.08426966292135,14.396067415730341,4.227528089887642,0.401,0.00879,0.0,0.0,0.0,0.0,0.0,0.0,0.0,0.0,0.0,0.0,0.0,13.51794417368186,16.482055826318124,0.0,0.0,0.0,0.0,0.0,0.0,0.0,0.0,0.0,0.0,0.0,0.0,0.0,0.0,0.0,0.0,0.0,0.401,0.00887,0.0,0.0,0.0,0.0,0.0,0.0,0.0,0.0,0.0,0.0,0.0,13.834269662921328,16.15168539325843,0.014044943820224722,0.0,0.0,0.0,0.0,0.0,0.0,0.0,0.0,0.0,0.0,0.0,0.0,0.0,0.0,0.0,0.0
4200,4334,2264,0.522381172127365,1067,892,0.4520073834794647,1217,0.5616059067835718,0.41,2.944927536231884,3.0775579862937126,6.550621669626998,2.1312640544181196,9444.998264625565,1522.2707667776424,7853.0,10924.887523174286,10900.57971682297,6.937476808212928,7853.0,0.0,28.036455929856945,20.64554755989245,32.86515317286652,18.858859920865612,0.1377480387632672,0.09806183664051685,0.0957544993077988,0.0798338717120443,0.07798800184586986,0.08052607291185972,0.07314259344716198,0.06437471158283341,0.0583756345177665,0.05606829718504845,0.04291647438855561,0.04060913705583756,0.03668666359021689,0.027457314259344716,0.01753576372865713,0.008306414397784956,0.0046146746654360865,0.9407548695376352,0.02338082171694128,0.0,0.0,0.0,0.0,0.0,0.0,0.0,0.0,0.0,0.0,0.0,0.0,0.0,0.0,0.0,0.0,0.0,0.0,0.0,0.0,0.0,0.0,0.0,0.0,0.0,0.027688047992616528,1.2944162436548226,9.808491001384404,14.87540378403323,3.994000922934934,4.205955334987593,2.9028546347109945,nan,nan,nan,4.258840169731259,2.9089512755032563,4.152807391613361,2.8957418448693444,0.9751028979975579,0.4014,0.009094,0.0,0.0,0.0,0.0,0.0,0.0,0.0,0.0,0.0,0.0,0.0,13.110290724503905,16.88970927549608,0.0,0.0,0.0,0.0,0.0,0.0,0.0,0.0,0.0,0.0,0.0,0.0,0.0,0.0,0.0,0.0,0.0,nan,nan,4.205955334987593,2.9028546347109945,nan,0.4014,0.04135,0.0,0.0,0.0,0.0,0.0,0.0,0.0,0.0,0.0,0.0,0.0,0.0,0.0,0.0,0.0,0.0,0.0,0.0,0.0,0.0,0.0,0.0,0.0,0.0,0.0,0.0,6.92201199815413e-05,0.0,0.0003230272265805261,0.0005768343331795108,0.0052261190586063684,0.005779880018458698,0.038751730502999536,0.039628518689432395,0.025380710659898477,0.03760959852330411,0.04217812644208583,0.053980156898938626,0.07824180895246885,0.12231195200738348,0.10784494693124135,0.06394785417628057,0.09012459621596677,0.08271804337794185,0.062436548223350256,0.039190124596215965,0.04146285186894324,0.03508306414397785,0.016935856022150437,0.0017189663128749423,0.001222888786340563,0.0049261652053530225,0.0010498384863867098,0.0012690355329949238,0.0,1.1536686663590216e-05,0.0,0.0,0.0,0.0,0.0,0.0,0.0,0.0,0.0,0.0,0.0,0.0,0.0,0.0,0.0,0.0,0.0,0.0,0.0,0.0,0.0,0.0,0.0,0.0,0.0,0.0,0.0,0.0,0.0,0.0,0.0,0.0,0.0,0.0,0.0,0.0,0.0,0.0,0.0,0.0,0.0,0.0,0.0,0.0,0.0,nan,nan,4.205955334987593,2.9028546347109945,nan,0.9403192889564029,0.023358898689080514,0.0,0.0,0.0,0.0,0.0,0.0,0.0,0.0,0.0,0.0,0.0,0.0,0.0,0.0,0.0,0.0,0.0,0.0,0.0,0.0,0.0,0.0,0.0,0.0,0.0,0.0,1.37809187279152,9.964664310954065,14.801236749116612,3.85600706713781,0.9412312726467704,0.02339549232098479,0.0,0.0,0.0,0.0,0.0,0.0,0.0,0.0,0.0,0.0,0.0,0.0,0.0,0.0,0.0,0.0,0.0,0.0,0.0,0.0,0.0,0.0,0.0,0.0,0.0,0.05797101449275364,1.202898550724638,9.637681159420291,14.956521739130439,4.144927536231885,0.4011,0.00924,0.0,0.0,0.0,0.0,0.0,0.0,0.0,0.0,0.0,0.0,0.0,13.674911660777365,16.325088339222617,0.0,0.0,0.0,0.0,0.0,0.0,0.0,0.0,0.0,0.0,0.0,0.0,0.0,0.0,0.0,0.0,0.0,0.4014,0.008934,0.0,0.0,0.0,0.0,0.0,0.0,0.0,0.0,0.0,0.0,0.0,12.492753623188388,17.507246376811597,0.0,0.0,0.0,0.0,0.0,0.0,0.0,0.0,0.0,0.0,0.0,0.0,0.0,0.0,0.0,0.0,0.0
4300,4415,2280,0.5164212910532276,1077,911,0.45028312570781426,1215,0.5503963759909399,0.414,2.997189695550351,3.1248781250743676,6.741319444444445,2.05161547002457,9427.089445298634,1523.2224688386966,7853.0,10924.324878811836,10901.072324997134,7.06764746269577,7853.0,0.0,27.673839184597963,20.749513650788067,32.5092866756393,19.068160164573506,0.1377123442808607,0.10056625141562854,0.09671574178935448,0.08788221970554927,0.08969422423556059,0.07044167610419026,0.06681766704416761,0.06749716874292186,0.052548131370328426,0.049377123442808604,0.04711211778029445,0.04144960362400906,0.03442808607021518,0.026047565118912798,0.014722536806342015,0.009966024915062289,0.007021517553793885,0.9415026125794493,0.023862346502089286,0.0,0.0,0.0,0.0,0.0,0.0,0.0,0.0,0.0,0.0,0.0,0.0,0.0,0.0,0.0,0.0,0.0,0.0,0.0,0.0,0.0,0.0,0.0,0.0,0.0,0.04077010192525482,1.257078142695357,9.526613816534542,14.751981879954704,4.423556058890148,4.2744268077601415,2.9002521293768693,nan,nan,nan,4.365112994350283,2.8850673138267284,4.18688293370945,2.9114186004373357,0.9591694279457338,0.402,0.00864,0.0,0.0,0.0,0.0,0.0,0.0,0.0,0.0,0.0,0.0,0.0,12.19026047565117,17.809739524348814,0.0,0.0,0.0,0.0,0.0,0.0,0.0,0.0,0.0,0.0,0.0,0.0,0.0,0.0,0.0,0.0,0.0,nan,nan,4.2744268077601415,2.9002521293768693,nan,0.402,0.0411,0.0,0.0,0.0,0.0,0.0,0.0,0.0,0.0,0.0,0.0,0.0,0.0,0.0,0.0,0.0,0.0,0.0,0.0,0.0,0.0,0.0,0.0,0.0,0.0,0.0,0.0,0.00014722536806342017,2.2650056625141562e-05,0.0004190260475651189,0.000520951302378256,0.004688561721404303,0.0039297848244620615,0.034733861834654586,0.04002265005662514,0.025605889014722535,0.03722536806342016,0.03910532276330691,0.05420158550396376,0.08069082672706682,0.12407701019252548,0.10609286523216307,0.06498301245753114,0.08908267270668177,0.08175537938844847,0.06347678369195923,0.04243488108720272,0.04288788221970555,0.035662514156285394,0.018187995469988675,0.001925254813137033,0.0013137032842582106,0.004099660249150623,0.001245753114382786,0.0014382785956964892,2.2650056625141562e-05,0.0,0.0,0.0,0.0,0.0,0.0,0.0,0.0,0.0,0.0,0.0,0.0,0.0,0.0,0.0,0.0,0.0,0.0,0.0,0.0,0.0,0.0,0.0,0.0,0.0,0.0,0.0,0.0,0.0,0.0,0.0,0.0,0.0,0.0,0.0,0.0,0.0,0.0,0.0,0.0,0.0,0.0,0.0,0.0,0.0,0.0,nan,nan,4.2744268077601415,2.9002521293768693,nan,0.9409695731443272,0.02399641795955225,0.0,0.0,0.0,0.0,0.0,0.0,0.0,0.0,0.0,0.0,0.0,0.0,0.0,0.0,0.0,0.0,0.0,0.0,0.0,0.0,0.0,0.0,0.0,0.0,0.0,0.03947368421052632,1.447368421052632,9.48684210526316,14.815789473684214,4.210526315789474,0.9420718537560671,0.023705101605478382,0.0,0.0,0.0,0.0,0.0,0.0,0.0,0.0,0.0,0.0,0.0,0.0,0.0,0.0,0.0,0.0,0.0,0.0,0.0,0.0,0.0,0.0,0.0,0.0,0.0,0.042154566744730684,1.0538641686182673,9.569086651053865,14.683840749414523,4.651053864168619,0.402,0.00864,0.0,0.0,0.0,0.0,0.0,0.0,0.0,0.0,0.0,0.0,0.0,12.249999999999982,17.750000000000004,0.0,0.0,0.0,0.0,0.0,0.0,0.0,0.0,0.0,0.0,0.0,0.0,0.0,0.0,0.0,0.0,0.0,0.402,0.00864,0.0,0.0,0.0,0.0,0.0,0.0,0.0,0.0,0.0,0.0,0.0,12.126463700234176,17.87353629976581,0.0,0.0,0.0,0.0,0.0,0.0,0.0,0.0,0.0,0.0,0.0,0.0,0.0,0.0,0.0,0.0,0.0
4400,4715,2442,0.5179215270413574,1163,958,0.44984093319194063,1326,0.5624602332979851,0.39799999999999996,2.9445666520017597,3.0688689480641775,6.537242472266244,2.1463398254789463,9431.592228552114,1522.9972078314747,7853.0,10920.721002817154,10900.937083383791,6.825149046796461,7853.0,0.0,27.73934252386002,20.567539477574233,32.45721455457967,18.872543206918426,0.1357370095440085,0.09946977730646872,0.09395546129374337,0.08907741251325557,0.08377518557794274,0.07571580063626723,0.07444326617179216,0.06532343584305408,0.05217391304347826,0.05174973488865323,0.04984093319194061,0.03966065747613998,0.03223753976670202,0.023117709437963947,0.018663838812301166,0.00975609756097561,0.005302226935312832,0.9409535581208489,0.02319401234639221,0.0,0.0,0.0,0.0,0.0,0.0,0.0,0.0,0.0,0.0,0.0,0.0,0.0,0.0,0.0,0.0,0.0,0.0,0.0,0.0,0.0,0.0,0.0,0.0,0.0,0.04453870625662779,1.2025450689289503,9.773064687168612,14.863202545068932,4.116648992576883,4.220316622691293,2.8765742790909083,nan,nan,nan,4.192257217847769,2.863320007726586,4.24867374005305,2.8896306138563594,1.013457314108757,0.4023,0.00866,0.0,0.0,0.0,0.0,0.0,0.0,0.0,0.0,0.0,0.0,0.0063626723223754,12.17179215270412,17.81548250265112,0.0063626723223754,0.0,0.0,0.0,0.0,0.0,0.0,0.0,0.0,0.0,0.0,0.0,0.0,0.0,0.0,0.0,0.0,nan,nan,4.220316622691293,2.8765742790909083,nan,0.4023,0.0412,0.0,0.0,0.0,0.0,0.0,0.0,0.0,0.0,0.0,0.0,0.0,0.0,0.0,0.0,0.0,0.0,0.0,0.0,0.0,0.0,0.0,0.0,0.0,0.0,0.0,0.0,0.00012725344644750795,0.0,0.00030752916224814424,0.0004347826086956522,0.004464475079533404,0.004528101802757158,0.03409331919406151,0.04142099681866384,0.025270413573700953,0.03762460233297985,0.03845174973488865,0.0532237539766702,0.08042417815482503,0.12485683987274655,0.10587486744432661,0.06354188759278898,0.09214209968186639,0.07939554612937434,0.064135737009544,0.04244962884411453,0.04253446447507953,0.0360763520678685,0.017773064687168612,0.0018345705196182397,0.0016542948038176034,0.004284199363732768,0.001378579003181336,0.0016648992576882291,3.1813361611876987e-05,0.0,0.0,0.0,0.0,0.0,0.0,0.0,0.0,0.0,0.0,0.0,0.0,0.0,0.0,0.0,0.0,0.0,0.0,0.0,0.0,0.0,0.0,0.0,0.0,0.0,0.0,0.0,0.0,0.0,0.0,0.0,0.0,0.0,0.0,0.0,0.0,0.0,0.0,0.0,0.0,0.0,0.0,0.0,0.0,0.0,0.0,nan,nan,4.220316622691293,2.8765742790909083,nan,0.9404665820428721,0.023226377607750072,0.0,0.0,0.0,0.0,0.0,0.0,0.0,0.0,0.0,0.0,0.0,0.0,0.0,0.0,0.0,0.0,0.0,0.0,0.0,0.0,0.0,0.0,0.0,0.0,0.0,0.04914004914004915,1.2285012285012287,10.073710073710076,14.545454545454549,4.103194103194104,0.9414767413951204,0.02314777735627748,0.0,0.0,0.0,0.0,0.0,0.0,0.0,0.0,0.0,0.0,0.0,0.0,0.0,0.0,0.0,0.0,0.0,0.0,0.0,0.0,0.0,0.0,0.0,0.0,0.0,0.03959524857017158,1.1746590409150903,9.450065992080951,15.20457545094589,4.131104267487903,0.4023,0.00865,0.0,0.0,0.0,0.0,0.0,0.0,0.0,0.0,0.0,0.0,0.0,12.199017199017181,17.788697788697792,0.012285012285012288,0.0,0.0,0.0,0.0,0.0,0.0,0.0,0.0,0.0,0.0,0.0,0.0,0.0,0.0,0.0,0.0,0.4023,0.00867,0.0,0.0,0.0,0.0,0.0,0.0,0.0,0.0,0.0,0.0,0.013198416190057197,12.1425428948526,17.84425868895733,0.0,0.0,0.0,0.0,0.0,0.0,0.0,0.0,0.0,0.0,0.0,0.0,0.0,0.0,0.0,0.0,0.0
4500,4671,2374,0.5082423463926354,1125,958,0.44594305287946906,1340,0.5737529436951402,0.40199999999999997,2.9743143230300393,3.0694674113603218,6.458893871449925,2.124003180062615,9402.17694430691,1523.8544140266656,7853.0,10924.145112633705,10901.10678469148,6.974856604114932,7853.0,0.0,28.586169985013914,21.102166918032076,33.47364419665484,19.30409775976105,0.13594519374866196,0.0939841575679726,0.0926996360522372,0.0864911153928495,0.08392207236137872,0.07193320488118175,0.06786555341468636,0.06572468422179405,0.05373581674159709,0.05180903446799401,0.049025904517233994,0.04453007921216014,0.035538428602012416,0.02847356026546778,0.021408691928923144,0.010276172125883108,0.006636694497966175,0.9409929927246291,0.023447713501670252,0.0,0.0,0.0,0.0,0.0,0.0,0.0,0.0,0.0,0.0,0.0,0.0,0.0,0.0,0.0,0.0,0.0,0.0,0.0,0.0,0.0,0.0,0.0,0.0,0.0,0.03211303789338472,1.2138728323699424,10.147719974309572,14.50224791265254,4.104046242774567,4.299117358613926,2.853815922756209,nan,nan,nan,4.298633702016916,2.856799936219731,4.299145299145299,2.8516796541732328,1.0001190138922846,0.4023,0.00876,0.0,0.0,0.0,0.0,0.0,0.0,0.0,0.0,0.0,0.0,0.0,11.926782273603065,18.07321772639692,0.0,0.0,0.0,0.0,0.0,0.0,0.0,0.0,0.0,0.0,0.0,0.0,0.0,0.0,0.0,0.0,0.0,nan,nan,4.299117358613926,2.853815922756209,nan,0.4023,0.0409,0.0,0.0,0.0,0.0,0.0,0.0,0.0,0.0,0.0,0.0,0.0,0.0,0.0,0.0,0.0,0.0,0.0,0.0,0.0,0.0,0.0,0.0,0.0,0.0,0.0,0.0,5.352172982230786e-05,0.0,0.000299721687004924,0.0007814172554056947,0.003618068935988011,0.003917790622992935,0.033750802825947335,0.042742453436095056,0.0265467779918647,0.03641618497109827,0.03472489830871334,0.05061014771997431,0.08070006422607579,0.12301434382359237,0.10904517233997003,0.06481481481481481,0.09431599229287091,0.08650181973881396,0.061207450224791266,0.04207878398629844,0.041682723185613356,0.035452793834296725,0.01737315350032113,0.0015414258188824663,0.0013166345536287734,0.004410190537358167,0.0015521301648469279,0.001477199743095697,3.2113037893384715e-05,2.1408691928923143e-05,0.0,0.0,0.0,0.0,0.0,0.0,0.0,0.0,0.0,0.0,0.0,0.0,0.0,0.0,0.0,0.0,0.0,0.0,0.0,0.0,0.0,0.0,0.0,0.0,0.0,0.0,0.0,0.0,0.0,0.0,0.0,0.0,0.0,0.0,0.0,0.0,0.0,0.0,0.0,0.0,0.0,0.0,0.0,0.0,0.0,nan,nan,4.299117358613926,2.853815922756209,nan,0.9407907488121139,0.023277310678084428,0.0,0.0,0.0,0.0,0.0,0.0,0.0,0.0,0.0,0.0,0.0,0.0,0.0,0.0,0.0,0.0,0.0,0.0,0.0,0.0,0.0,0.0,0.0,0.0,0.0,0.03791069924178602,1.0362257792754845,10.640269587194611,14.368155012636903,3.917438921651222,0.9412020162545861,0.0236207172738625,0.0,0.0,0.0,0.0,0.0,0.0,0.0,0.0,0.0,0.0,0.0,0.0,0.0,0.0,0.0,0.0,0.0,0.0,0.0,0.0,0.0,0.0,0.0,0.0,0.0,0.026121027427078804,1.3974749673487161,9.638659120592079,14.64083587287767,4.2969090117544635,0.4026,0.008835,0.0,0.0,0.0,0.0,0.0,0.0,0.0,0.0,0.0,0.0,0.0,11.76495366470091,18.235046335299078,0.0,0.0,0.0,0.0,0.0,0.0,0.0,0.0,0.0,0.0,0.0,0.0,0.0,0.0,0.0,0.0,0.0,0.4023,0.00868,0.0,0.0,0.0,0.0,0.0,0.0,0.0,0.0,0.0,0.0,0.0,12.094035698737466,17.905964301262518,0.0,0.0,0.0,0.0,0.0,0.0,0.0,0.0,0.0,0.0,0.0,0.0,0.0,0.0,0.0,0.0,0.0
4600,4387,2297,0.5235924321860042,1109,883,0.4540688397538181,1215,0.5539092774105311,0.422,2.9598086124401912,3.0517564103727515,6.441471571906354,2.105674569586799,9448.9408494416,1522.3406021773205,7853.0,10923.042509317398,10901.059428167307,6.985659418173193,7853.0,0.0,28.57305675860497,20.783015760154182,33.35512510088781,18.960015095328206,0.1338044221563711,0.09163437428766812,0.09414178253932072,0.08547982676088443,0.07636197857305675,0.07681787098244815,0.07431046273079553,0.0638249373147937,0.057214497378618646,0.058126282197401416,0.04718486437200821,0.04969227262366081,0.03282425347617962,0.025757921130613176,0.0166400729427855,0.009801686801914749,0.0063824937314793705,0.940483479761224,0.023448232966798682,0.0,0.0,0.0,0.0,0.0,0.0,0.0,0.0,0.0,0.0,0.0,0.0,0.0,0.0,0.0,0.0,0.0,0.0,0.0,0.0,0.0,0.0,0.0,0.0,0.0,0.047868702986095295,1.1420104855254163,10.291771142010488,14.55892409391384,3.959425575564168,4.082206035379813,2.856585770612916,nan,nan,nan,4.119330076762037,2.843755730575417,4.046928916494134,2.8692232850141437,0.9824240449493639,0.4028,0.00893,0.0,0.0,0.0,0.0,0.0,0.0,0.0,0.0,0.0,0.0,0.0,11.351720993845436,18.63460223387281,0.013676772281741512,0.0,0.0,0.0,0.0,0.0,0.0,0.0,0.0,0.0,0.0,0.0,0.0,0.0,0.0,0.0,0.0,nan,nan,4.082206035379813,2.856585770612916,nan,0.4028,0.04065,0.0,0.0,0.0,0.0,0.0,0.0,0.0,0.0,0.0,0.0,0.0,0.0,0.0,0.0,0.0,0.0,0.0,0.0,0.0,0.0,0.0,0.0,0.0,0.0,0.0,0.0,5.6986551173922956e-05,4.5589240939138365e-05,0.0001481650330521997,0.0006610439936175062,0.0034077957602005925,0.003920674720765899,0.033280145885571,0.04139503077273764,0.026304992021882835,0.034180533394118987,0.03419193070435377,0.05267836790517438,0.07966719854114429,0.12216776840665602,0.10743104627307955,0.068041942101664,0.09572600866195578,0.08981080465010258,0.06273079553225439,0.040574424435833145,0.04022110781855482,0.03470480966491908,0.01757465238203784,0.0016981992249829041,0.0014930476407567814,0.0045247321632094824,0.0016640072942785502,0.0015956234328698426,9.117848187827673e-05,1.1397310234784591e-05,0.0,0.0,0.0,0.0,0.0,0.0,0.0,0.0,0.0,0.0,0.0,0.0,0.0,0.0,0.0,0.0,0.0,0.0,0.0,0.0,0.0,0.0,0.0,0.0,0.0,0.0,0.0,0.0,0.0,0.0,0.0,0.0,0.0,0.0,0.0,0.0,0.0,0.0,0.0,0.0,0.0,0.0,0.0,0.0,0.0,nan,nan,4.082206035379813,2.856585770612916,nan,0.9404665641956969,0.02319273543794758,0.0,0.0,0.0,0.0,0.0,0.0,0.0,0.0,0.0,0.0,0.0,0.0,0.0,0.0,0.0,0.0,0.0,0.0,0.0,0.0,0.0,0.0,0.0,0.0,0.0,0.05224205485415761,1.044841097083152,10.200261210274272,14.8498040922943,3.8528515454941235,0.94050207069616,0.023725848416000284,0.0,0.0,0.0,0.0,0.0,0.0,0.0,0.0,0.0,0.0,0.0,0.0,0.0,0.0,0.0,0.0,0.0,0.0,0.0,0.0,0.0,0.0,0.0,0.0,0.0,0.04306220095693781,1.2488038277511964,10.392344497607658,14.239234449760769,4.076555023923446,0.4026,0.00901,0.0,0.0,0.0,0.0,0.0,0.0,0.0,0.0,0.0,0.0,0.0,11.636917718763588,18.33696125380932,0.026121027427078804,0.0,0.0,0.0,0.0,0.0,0.0,0.0,0.0,0.0,0.0,0.0,0.0,0.0,0.0,0.0,0.0,0.403,0.008835,0.0,0.0,0.0,0.0,0.0,0.0,0.0,0.0,0.0,0.0,0.0,11.038277511961708,18.96172248803828,0.0,0.0,0.0,0.0,0.0,0.0,0.0,0.0,0.0,0.0,0.0,0.0,0.0,0.0,0.0,0.0,0.0
4700,4499,2401,0.5336741498110691,1146,879,0.4501000222271616,1241,0.5516781507001556,0.422,3.1320305052430886,3.209734623562029,6.807383627608346,2.1474110117702,9479.817597306299,1520.7155052272205,7853.0,10926.98858165741,10901.33501469431,6.993079693822059,7853.0,0.0,27.996888197377196,20.64545250516661,32.75072311333158,18.909792400301985,0.13425205601244722,0.09490997999555456,0.09868859746610358,0.08846410313402979,0.08268504112024895,0.07646143587463881,0.06690375639030896,0.060680151144698824,0.060680151144698824,0.05512336074683263,0.050455656812625024,0.04045343409646588,0.03267392753945321,0.022893976439208714,0.019782173816403646,0.009557679484329852,0.005334518781951545,0.9408916056778834,0.02342746631453958,0.0,0.0,0.0,0.0,0.0,0.0,0.0,0.0,0.0,0.0,0.0,0.0,0.0,0.0,0.0,0.0,0.0,0.0,0.0,0.0,0.0,0.0,0.0,0.0,0.0,0.02667259390975773,1.2536119137586132,9.85552344965548,14.736608135141145,4.1275839075350085,4.351082102370319,3.035979940372361,nan,nan,nan,4.281481481481482,3.034741680023504,4.426666666666667,3.034374604389854,1.0339100346020762,0.403,0.008934,0.0,0.0,0.0,0.0,0.0,0.0,0.0,0.0,0.0,0.0,0.0,11.29584352078238,18.69082018226273,0.013336296954878864,0.0,0.0,0.0,0.0,0.0,0.0,0.0,0.0,0.0,0.0,0.0,0.0,0.0,0.0,0.0,0.0,nan,nan,4.351082102370319,3.035979940372361,nan,0.403,0.0405,0.0,0.0,0.0,0.0,0.0,0.0,0.0,0.0,0.0,0.0,0.0,0.0,0.0,0.0,0.0,0.0,0.0,0.0,0.0,0.0,0.0,0.0,0.0,0.0,0.0,0.0,0.00011113580795732385,2.222716159146477e-05,6.668148477439431e-05,0.00121138030673483,0.0032118248499666594,0.0035007779506557014,0.03486330295621249,0.03828628584129807,0.02683929762169371,0.034385418981996,0.03367414981106913,0.05207823960880196,0.0793398533007335,0.11994887752833963,0.10780173371860413,0.0691486997110469,0.10096688152922871,0.08877528339631029,0.061647032673927536,0.04188708601911536,0.03948655256723716,0.03471882640586797,0.017981773727494998,0.0013225161146921537,0.0013780840186708157,0.0035452322738386307,0.0018115136697043788,0.001933763058457435,4.445432318292954e-05,1.1113580795732385e-05,0.0,0.0,0.0,0.0,0.0,0.0,0.0,0.0,0.0,0.0,0.0,0.0,0.0,0.0,0.0,0.0,0.0,0.0,0.0,0.0,0.0,0.0,0.0,0.0,0.0,0.0,0.0,0.0,0.0,0.0,0.0,0.0,0.0,0.0,0.0,0.0,0.0,0.0,0.0,0.0,0.0,0.0,0.0,0.0,0.0,nan,nan,4.351082102370319,3.035979940372361,nan,0.9410128036125259,0.023270967107235033,0.0,0.0,0.0,0.0,0.0,0.0,0.0,0.0,0.0,0.0,0.0,0.0,0.0,0.0,0.0,0.0,0.0,0.0,0.0,0.0,0.0,0.0,0.0,0.0,0.0,0.024989587671803423,1.1745106205747606,9.87088713036235,14.881299458558937,4.048313202832154,0.9407529039423845,0.023604530943459854,0.0,0.0,0.0,0.0,0.0,0.0,0.0,0.0,0.0,0.0,0.0,0.0,0.0,0.0,0.0,0.0,0.0,0.0,0.0,0.0,0.0,0.0,0.0,0.0,0.0,0.028598665395614876,1.3441372735938992,9.837940896091517,14.57102001906578,4.218303145853194,0.403,0.00911,0.0,0.0,0.0,0.0,0.0,0.0,0.0,0.0,0.0,0.0,0.0,11.257809246147422,18.729695960016663,0.012494793835901711,0.0,0.0,0.0,0.0,0.0,0.0,0.0,0.0,0.0,0.0,0.0,0.0,0.0,0.0,0.0,0.0,0.4028,0.00873,0.0,0.0,0.0,0.0,0.0,0.0,0.0,0.0,0.0,0.0,0.0,11.33937082936128,18.6463298379409,0.014299332697807438,0.0,0.0,0.0,0.0,0.0,0.0,0.0,0.0,0.0,0.0,0.0,0.0,0.0,0.0,0.0,0.0
4800,4245,2160,0.508833922261484,1016,895,0.4501766784452297,1196,0.5634864546525324,0.446,3.00431654676259,3.1634120205923795,6.640350877192983,2.2677262473732465,9404.054887309077,1523.8972069660863,7853.0,10923.83035671711,10901.253702142145,7.0315860857129415,7853.0,0.0,27.507656065959953,20.57762459479129,32.39837170129141,18.851243303911698,0.14181389870435807,0.09964664310954063,0.1005889281507656,0.0845700824499411,0.08056537102473499,0.07938751472320377,0.0673733804475854,0.059363957597173146,0.0624263839811543,0.05111896348645465,0.04216725559481743,0.04334511189634865,0.03274440518256773,0.024734982332155476,0.0160188457008245,0.009658421672555949,0.00447585394581861,0.9414749018435484,0.02340533233668897,0.0,0.0,0.0,0.0,0.0,0.0,0.0,0.0,0.0,0.0,0.0,0.0,0.0,0.0,0.0,0.0,0.0,0.0,0.0,0.0,0.0,0.0,0.0,0.0,0.0,0.042402826855123685,1.1660777385159014,9.646643109540637,14.99646643109541,4.148409893992934,4.338012560029553,2.8864560551642127,nan,nan,nan,4.2450037009622505,2.834427213330676,4.429520295202952,2.935219296067803,1.043466768756615,0.4028,0.00869,0.0,0.0,0.0,0.0,0.0,0.0,0.0,0.0,0.0,0.0,0.007067137809187281,11.363957597173128,18.614840989399298,0.014134275618374562,0.0,0.0,0.0,0.0,0.0,0.0,0.0,0.0,0.0,0.0,0.0,0.0,0.0,0.0,0.0,0.0,nan,nan,4.338012560029553,2.8864560551642127,nan,0.4028,0.04056,0.0,0.0,0.0,0.0,0.0,0.0,0.0,0.0,0.0,0.0,0.0,0.0,0.0,0.0,0.0,0.0,0.0,0.0,0.0,0.0,0.0,0.0,0.0,0.0,1.1778563015312131e-05,0.0,2.3557126030624262e-05,3.53356890459364e-05,5.889281507656066e-05,0.0017314487632508833,0.003392226148409894,0.003851590106007067,0.032402826855123676,0.04113074204946997,0.02733804475853946,0.03299175500588928,0.033156654888103654,0.0521319199057715,0.07903415783274441,0.12259128386336866,0.10736160188457008,0.06965842167255595,0.10345111896348645,0.08758539458186101,0.06008244994110719,0.04045936395759717,0.03669022379269729,0.036089517078916375,0.018798586572438162,0.0012249705535924617,0.0018138987043580684,0.0028032979976442872,0.0018492343934040046,0.0021554770318021202,9.422850412249705e-05,0.0,0.0,0.0,0.0,0.0,0.0,0.0,0.0,0.0,0.0,0.0,0.0,0.0,0.0,0.0,0.0,0.0,0.0,0.0,0.0,0.0,0.0,0.0,0.0,0.0,0.0,0.0,0.0,0.0,0.0,0.0,0.0,0.0,0.0,0.0,0.0,0.0,0.0,0.0,0.0,0.0,0.0,0.0,0.0,0.0,0.0,nan,nan,4.338012560029553,2.8864560551642127,nan,0.9411368997284659,0.0236984082070757,0.0,0.0,0.0,0.0,0.0,0.0,0.0,0.0,0.0,0.0,0.0,0.0,0.0,0.0,0.0,0.0,0.0,0.0,0.0,0.0,0.0,0.0,0.0,0.0,0.0,0.04166666666666667,1.2222222222222225,9.791666666666668,14.736111111111114,4.208333333333334,0.9418250623080942,0.023092575929462157,0.0,0.0,0.0,0.0,0.0,0.0,0.0,0.0,0.0,0.0,0.0,0.0,0.0,0.0,0.0,0.0,0.0,0.0,0.0,0.0,0.0,0.0,0.0,0.0,0.0,0.04316546762589929,1.1079136690647484,9.496402877697843,15.266187050359715,4.0863309352518,0.4026,0.00879,0.0,0.0,0.0,0.0,0.0,0.0,0.0,0.0,0.0,0.0,0.013888888888888892,11.472222222222205,18.513888888888893,0.0,0.0,0.0,0.0,0.0,0.0,0.0,0.0,0.0,0.0,0.0,0.0,0.0,0.0,0.0,0.0,0.0,0.4028,0.00858,0.0,0.0,0.0,0.0,0.0,0.0,0.0,0.0,0.0,0.0,0.0,11.251798561151064,18.719424460431657,0.028776978417266195,0.0,0.0,0.0,0.0,0.0,0.0,0.0,0.0,0.0,0.0,0.0,0.0,0.0,0.0,0.0,0.0
4900,4534,2396,0.5284516982796648,1153,918,0.456771063078959,1270,0.5602117335685929,0.434,3.027595884003742,3.084207324243401,6.578947368421052,2.037666925206083,9463.883764988612,1521.6931804421472,7853.0,10928.077184081078,10901.308426735546,7.025670719691848,7853.0,0.0,27.934715483017204,20.82172038166341,32.799109481403875,19.089179732595667,0.13696515218350241,0.10211733568592854,0.08888398764887516,0.08932509925011028,0.08138509042787825,0.07543008381120424,0.07322452580502867,0.06815174239082487,0.05580061755624173,0.05094838994265549,0.0458756065284517,0.03573003970004411,0.030877812086457873,0.030436700485222762,0.016762240846934274,0.010807234230260256,0.007278341420379356,0.9411352152308021,0.023464478847099467,0.0,0.0,0.0,0.0,0.0,0.0,0.0,0.0,0.0,0.0,0.0,0.0,0.0,0.0,0.0,0.0,0.0,0.0,0.0,0.0,0.0,0.0,0.0,0.0,0.0,0.013233348037053378,1.2240846934274374,9.925011027790033,14.616232906925456,4.221438023820027,4.205912334352702,2.861345434940908,nan,nan,nan,4.1910871033085755,2.85065143528848,4.22093023255814,2.8720597925601843,1.007120617757146,0.4033,0.00874,0.0,0.0,0.0,0.0,0.0,0.0,0.0,0.0,0.0,0.0,0.0,10.527128363475946,19.45963828848699,0.013233348037053378,0.0,0.0,0.0,0.0,0.0,0.0,0.0,0.0,0.0,0.0,0.0,0.0,0.0,0.0,0.0,0.0,nan,nan,4.205912334352702,2.861345434940908,nan,0.4033,0.04025,0.0,0.0,0.0,0.0,0.0,0.0,0.0,0.0,0.0,0.0,0.0,0.0,0.0,0.0,0.0,0.0,0.0,0.0,0.0,0.0,0.0,0.0,0.0,0.0,0.0,0.0,0.0,0.0,0.000176444640494045,0.0019188354653727393,0.0029664755183061316,0.0034406704896338776,0.03089986766651963,0.03934715483017203,0.02670930745478606,0.032002646669607414,0.031208645787384207,0.05205116894574327,0.07399647110719013,0.12786722540802822,0.11054256726951919,0.07044552271724747,0.10861270401411557,0.08603881782090869,0.061369651521835024,0.042126157917953246,0.033789148654609615,0.03488089986766652,0.018471548301720334,0.0013012792236435818,0.002359947066607852,0.0025584472871636524,0.00211733568592854,0.0027128363475959418,8.82223202470225e-05,0.0,0.0,0.0,0.0,0.0,0.0,0.0,0.0,0.0,0.0,0.0,0.0,0.0,0.0,0.0,0.0,0.0,0.0,0.0,0.0,0.0,0.0,0.0,0.0,0.0,0.0,0.0,0.0,0.0,0.0,0.0,0.0,0.0,0.0,0.0,0.0,0.0,0.0,0.0,0.0,0.0,0.0,0.0,0.0,0.0,0.0,nan,nan,4.205912334352702,2.861345434940908,nan,0.9407690069910282,0.02372401110452806,0.0,0.0,0.0,0.0,0.0,0.0,0.0,0.0,0.0,0.0,0.0,0.0,0.0,0.0,0.0,0.0,0.0,0.0,0.0,0.0,0.0,0.0,0.0,0.0,0.0,0.025041736227045083,1.277128547579299,10.004173622704508,14.474123539232057,4.219532554257096,0.9415456151103616,0.02316329491867432,0.0,0.0,0.0,0.0,0.0,0.0,0.0,0.0,0.0,0.0,0.0,0.0,0.0,0.0,0.0,0.0,0.0,0.0,0.0,0.0,0.0,0.0,0.0,0.0,0.0,0.0,1.164639850327409,9.836295603367635,14.7754911131899,4.223573433115062,0.4033,0.00875,0.0,0.0,0.0,0.0,0.0,0.0,0.0,0.0,0.0,0.0,0.0,10.542570951585962,19.444908180300505,0.012520868113522541,0.0,0.0,0.0,0.0,0.0,0.0,0.0,0.0,0.0,0.0,0.0,0.0,0.0,0.0,0.0,0.0,0.4036,0.00875,0.0,0.0,0.0,0.0,0.0,0.0,0.0,0.0,0.0,0.0,0.0,10.509822263797927,19.47614593077643,0.014031805425631434,0.0,0.0,0.0,0.0,0.0,0.0,0.0,0.0,0.0,0.0,0.0,0.0,0.0,0.0,0.0,0.0
5000,4813,2484,0.5161022231456472,1159,1006,0.44982339497195095,1345,0.5589029711198836,0.422,2.9536281665951054,3.119144877502391,6.729468599033816,2.0861288392709914,9426.323044756087,1523.4532965806604,7853.0,10925.849853396416,10901.471744931981,6.89027803739024,7853.0,0.0,27.570330355287762,20.59793612502434,32.498885310874414,18.830503801461838,0.14336172865156868,0.09702888011635155,0.09723665073758571,0.08788697278204861,0.08082277166008726,0.07832952420527738,0.06752545190110118,0.06025348015790567,0.058591315188032414,0.050903802202368585,0.04882609599002701,0.04196966548929981,0.032619987533762725,0.024309162684396427,0.017037190941200913,0.00914190733430293,0.00415541242468315,0.9411156327987495,0.02300880211868861,0.0,0.0,0.0,0.0,0.0,0.0,0.0,0.0,0.0,0.0,0.0,0.0,0.0,0.0,0.0,0.0,0.0,0.0,0.0,0.0,0.0,0.0,0.0,0.0,0.0,0.012466237274049453,1.0783295242052775,9.810928734676919,15.096613338873887,4.001662164969874,4.272786247161855,2.925476513945725,nan,nan,nan,4.394548994159637,2.9569827620173204,4.151102464332037,2.888524763364027,0.9446026133395848,0.4036,0.00861,0.0,0.0,0.0,0.0,0.0,0.0,0.0,0.0,0.0,0.0,0.0,9.96675670060252,20.027010180760442,0.0062331186370247265,0.0,0.0,0.0,0.0,0.0,0.0,0.0,0.0,0.0,0.0,0.0,0.0,0.0,0.0,0.0,0.0,nan,nan,4.272786247161855,2.925476513945725,nan,0.4036,0.0399,0.0,0.0,0.0,0.0,0.0,0.0,0.0,0.0,0.0,0.0,0.0,0.0,0.0,0.0,0.0,0.0,0.0,0.0,0.0,0.0,0.0,0.0,0.0,0.0,0.0,0.0,0.0,0.0,0.0002804903386661126,0.002472470392686474,0.003407438188240183,0.0030334510700186995,0.03000207770621234,0.03603781425306462,0.027301059630168295,0.0315291917722834,0.03176812798670268,0.05006233118637025,0.07225223353417827,0.12642842302098484,0.1138375233741949,0.07185746935383337,0.11049241637232496,0.08726366091834614,0.06212341574901309,0.043226677747766465,0.033638063577810094,0.033897776854352794,0.019457718678578848,0.0013920631622688553,0.0025763557033035528,0.0017972158736754623,0.0016725535009349678,0.0020361520880947436,0.0001246623727404945,3.1165593185123624e-05,0.0,0.0,0.0,0.0,0.0,0.0,0.0,0.0,0.0,0.0,0.0,0.0,0.0,0.0,0.0,0.0,0.0,0.0,0.0,0.0,0.0,0.0,0.0,0.0,0.0,0.0,0.0,0.0,0.0,0.0,0.0,0.0,0.0,0.0,0.0,0.0,0.0,0.0,0.0,0.0,0.0,0.0,0.0,0.0,0.0,nan,nan,4.272786247161855,2.925476513945725,nan,0.9409751985192107,0.02304150564320009,0.0,0.0,0.0,0.0,0.0,0.0,0.0,0.0,0.0,0.0,0.0,0.0,0.0,0.0,0.0,0.0,0.0,0.0,0.0,0.0,0.0,0.0,0.0,0.0,0.0,0.0,1.099033816425121,9.794685990338166,15.193236714975848,3.9130434782608705,0.941265413284097,0.022972924737701534,0.0,0.0,0.0,0.0,0.0,0.0,0.0,0.0,0.0,0.0,0.0,0.0,0.0,0.0,0.0,0.0,0.0,0.0,0.0,0.0,0.0,0.0,0.0,0.0,0.0,0.02576212966938601,1.0562473164448263,9.828252468870762,14.993559467582656,4.0961786174323755,0.4036,0.0086,0.0,0.0,0.0,0.0,0.0,0.0,0.0,0.0,0.0,0.0,0.0,9.951690821256024,20.036231884057976,0.012077294685990341,0.0,0.0,0.0,0.0,0.0,0.0,0.0,0.0,0.0,0.0,0.0,0.0,0.0,0.0,0.0,0.0,0.4036,0.00862,0.0,0.0,0.0,0.0,0.0,0.0,0.0,0.0,0.0,0.0,0.0,9.982825246887062,20.017174753112926,0.0,0.0,0.0,0.0,0.0,0.0,0.0,0.0,0.0,0.0,0.0,0.0,0.0,0.0,0.0,0.0,0.0
5100,4745,2517,0.5304531085353004,1222,921,0.4516332982086407,1280,0.5395152792413066,0.422,2.965439856373429,3.0775683227820827,6.493730407523511,2.1310787743222726,9470.024666999363,1521.371061355689,7853.0,10927.26836836338,10901.383808069917,7.116938883888241,7853.0,0.0,28.556164383561644,20.943364253564614,33.378735059760956,19.13853708064379,0.13319283456269757,0.09841938883034773,0.08914646996838778,0.08914646996838778,0.07713382507903056,0.07312961011591149,0.07291886195995785,0.06217070600632244,0.05837723919915701,0.055216016859852474,0.050158061116965226,0.04362486828240253,0.03435194942044257,0.025500526870389884,0.02065331928345627,0.011591148577449948,0.005268703898840885,0.9409228814163249,0.02337073771614982,0.0,0.0,0.0,0.0,0.0,0.0,0.0,0.0,0.0,0.0,0.0,0.0,0.0,0.0,0.0,0.0,0.0,0.0,0.0,0.0,0.0,0.0,0.0,0.0,0.0,0.03161222339304532,1.087460484720759,10.027397260273974,14.775553213909381,4.0779768177028455,4.107795957651588,2.878447595086788,nan,nan,nan,4.09149072296865,2.862370513446488,4.122987765614939,2.894975256628126,1.007698182588921,0.4033,0.00873,0.0,0.0,0.0,0.0,0.0,0.0,0.0,0.0,0.0,0.0,0.0,10.646996838777646,19.353003161222343,0.0,0.0,0.0,0.0,0.0,0.0,0.0,0.0,0.0,0.0,0.0,0.0,0.0,0.0,0.0,0.0,0.0,nan,nan,4.107795957651588,2.878447595086788,nan,0.4033,0.04013,0.0,0.0,0.0,0.0,0.0,0.0,0.0,0.0,0.0,0.0,0.0,0.0,0.0,0.0,0.0,0.0,0.0,0.0,0.0,0.0,0.0,0.0,0.0,0.0,1.053740779768177e-05,0.0,0.0,0.0,0.00029504741833508955,0.0030347734457323496,0.0033192834562697578,0.0031928345626975763,0.03025289778714436,0.038387776606954686,0.02773445732349842,0.030748155953635406,0.03028451001053741,0.05089567966280295,0.07267650158061117,0.1214436248682824,0.11856691253951528,0.07465753424657534,0.10788198103266597,0.08709167544783983,0.06163329820864068,0.04211801896733403,0.03325605900948367,0.03160168598524763,0.020105374077976818,0.001232876712328767,0.0031401475237091674,0.0020021074815595365,0.0018545837723919917,0.002191780821917808,0.00032665964172813486,6.322444678609062e-05,0.0,0.0,0.0,0.0,0.0,0.0,0.0,0.0,0.0,0.0,0.0,0.0,0.0,0.0,0.0,0.0,0.0,0.0,0.0,0.0,0.0,0.0,0.0,0.0,0.0,0.0,0.0,0.0,0.0,0.0,0.0,0.0,0.0,0.0,0.0,0.0,0.0,0.0,0.0,0.0,0.0,0.0,0.0,0.0,0.0,nan,nan,4.107795957651588,2.878447595086788,nan,0.9409214781540275,0.023710708281856258,0.0,0.0,0.0,0.0,0.0,0.0,0.0,0.0,0.0,0.0,0.0,0.0,0.0,0.0,0.0,0.0,0.0,0.0,0.0,0.0,0.0,0.0,0.0,0.0,0.0,0.04767580452920144,1.0846245530393328,10.011918951132303,14.696066746126343,4.159713945172825,0.9409244666996294,0.02298061898498096,0.0,0.0,0.0,0.0,0.0,0.0,0.0,0.0,0.0,0.0,0.0,0.0,0.0,0.0,0.0,0.0,0.0,0.0,0.0,0.0,0.0,0.0,0.0,0.0,0.0,0.01346499102333932,1.090664272890485,10.044883303411133,14.86535008976661,3.985637342908439,0.4033,0.00875,0.0,0.0,0.0,0.0,0.0,0.0,0.0,0.0,0.0,0.0,0.0,10.893921334922512,19.106078665077476,0.0,0.0,0.0,0.0,0.0,0.0,0.0,0.0,0.0,0.0,0.0,0.0,0.0,0.0,0.0,0.0,0.0,0.4033,0.00869,0.0,0.0,0.0,0.0,0.0,0.0,0.0,0.0,0.0,0.0,0.0,10.36804308797126,19.631956912028727,0.0,0.0,0.0,0.0,0.0,0.0,0.0,0.0,0.0,0.0,0.0,0.0,0.0,0.0,0.0,0.0,0.0
5200,4510,2332,0.5170731707317073,1096,905,0.44368070953436806,1240,0.549889135254989,0.438,3.016988062442608,3.1404505243237413,6.614886731391586,2.152120592676593,9429.163780885208,1523.24035627355,7853.0,10925.92953300476,10901.241274353468,7.084929182282903,7853.0,0.0,28.07139689578714,20.972566867693075,32.897819805621225,19.26320295679184,0.1401330376940133,0.09445676274944567,0.09889135254988914,0.09090909090909091,0.07649667405764966,0.06917960088691796,0.06385809312638581,0.0729490022172949,0.05898004434589801,0.04900221729490022,0.04767184035476718,0.04678492239467849,0.03015521064301552,0.02483370288248337,0.016186252771618625,0.009312638580931265,0.010199556541019957,0.9401522232793651,0.023575031663454142,0.0,0.0,0.0,0.0,0.0,0.0,0.0,0.0,0.0,0.0,0.0,0.0,0.0,0.0,0.0,0.0,0.0,0.0,0.0,0.0,0.0,0.0,0.0,0.0,0.0,0.03325942350332595,1.3702882483370293,10.270509977827052,14.434589800443462,3.891352549889136,4.305201515673441,2.9248004991342405,nan,nan,nan,4.30507296733843,2.9258941919238746,4.305327868852459,2.923725078581255,1.0000592095687957,0.4038,0.00883,0.0,0.0,0.0,0.0,0.0,0.0,0.0,0.0,0.0,0.0,0.0,9.804878048780473,20.18847006651885,0.00665188470066519,0.0,0.0,0.0,0.0,0.0,0.0,0.0,0.0,0.0,0.0,0.0,0.0,0.0,0.0,0.0,0.0,nan,nan,4.305201515673441,2.9248004991342405,nan,0.4038,0.04062,0.0,0.0,0.0,0.0,0.0,0.0,0.0,0.0,0.0,0.0,0.0,0.0,0.0,0.0,0.0,0.0,0.0,0.0,0.0,0.0,0.0,0.0,0.0,0.0,0.0,0.0,0.0,0.0,0.00036585365853658537,0.0035920177383592018,0.0037250554323725055,0.004600886917960088,0.032062084257206205,0.03659645232815965,0.028392461197339246,0.028259423503325942,0.030354767184035476,0.048658536585365855,0.07014412416851441,0.12086474501108647,0.11822616407982262,0.07206208425720621,0.10644124168514413,0.09092017738359202,0.0632039911308204,0.044124168514412414,0.0335920177383592,0.03121951219512195,0.02164079822616408,0.0010532150776053216,0.0031707317073170734,0.0018514412416851442,0.0019955654101995565,0.0025609756097560977,0.00031042128603104213,0.0,1.1086474501108647e-05,0.0,0.0,0.0,0.0,0.0,0.0,0.0,0.0,0.0,0.0,0.0,0.0,0.0,0.0,0.0,0.0,0.0,0.0,0.0,0.0,0.0,0.0,0.0,0.0,0.0,0.0,0.0,0.0,0.0,0.0,0.0,0.0,0.0,0.0,0.0,0.0,0.0,0.0,0.0,0.0,0.0,0.0,0.0,0.0,nan,nan,4.305201515673441,2.9248004991342405,nan,0.9399870163785041,0.023831488054173816,0.0,0.0,0.0,0.0,0.0,0.0,0.0,0.0,0.0,0.0,0.0,0.0,0.0,0.0,0.0,0.0,0.0,0.0,0.0,0.0,0.0,0.0,0.0,0.0,0.0,0.01286449399656947,1.4150943396226419,10.43310463121784,14.202401372212696,3.936535162950258,0.9403291114762466,0.023296013923017684,0.0,0.0,0.0,0.0,0.0,0.0,0.0,0.0,0.0,0.0,0.0,0.0,0.0,0.0,0.0,0.0,0.0,0.0,0.0,0.0,0.0,0.0,0.0,0.0,0.0,0.055096418732782385,1.3223140495867771,10.096418732782372,14.683195592286504,3.842975206611571,0.4038,0.00881,0.0,0.0,0.0,0.0,0.0,0.0,0.0,0.0,0.0,0.0,0.0,9.596912521440808,20.39022298456261,0.01286449399656947,0.0,0.0,0.0,0.0,0.0,0.0,0.0,0.0,0.0,0.0,0.0,0.0,0.0,0.0,0.0,0.0,0.4036,0.00885,0.0,0.0,0.0,0.0,0.0,0.0,0.0,0.0,0.0,0.0,0.0,10.027548209366376,19.972451790633613,0.0,0.0,0.0,0.0,0.0,0.0,0.0,0.0,0.0,0.0,0.0,0.0,0.0,0.0,0.0,0.0,0.0
5300,4826,2516,0.5213427268959802,1212,985,0.45524243680066306,1342,0.5561541649399089,0.40199999999999997,2.9393939393939394,3.091358935094884,6.610759493670886,2.1576500767152003,9442.175630925714,1522.736763120721,7853.0,10924.418922543526,10901.235927999802,6.810528880581116,7853.0,0.0,27.816411106506422,20.669700002295816,32.627243668551756,18.95301673154804,0.13675922088686282,0.10256941566514712,0.09510982179859097,0.08599254040613344,0.08474927476170742,0.06610029009531704,0.07293825113966017,0.06734355573974306,0.05781185246581019,0.05263157894736842,0.04807293825113966,0.03895565685868214,0.03273932863655201,0.027144633236634894,0.01554082055532532,0.009738914214670534,0.005801906340654786,0.9400107494118892,0.02346141543076811,0.0,0.0,0.0,0.0,0.0,0.0,0.0,0.0,0.0,0.0,0.0,0.0,0.0,0.0,0.0,0.0,0.0,0.0,0.0,0.0,0.0,0.0,0.0,0.0,0.0,0.03108164111065065,1.3613758806464986,10.331537505180277,14.490261085785333,3.785743887277249,4.193630573248408,2.8880531764751285,nan,nan,nan,4.179974651457541,2.885311694341174,4.207426376440461,2.890754596029268,1.006567438147824,0.4036,0.0086,0.0,0.0,0.0,0.0,0.0,0.0,0.0,0.0,0.0,0.0,0.0,10.45586406962286,19.537919602154997,0.0062163282221301295,0.0,0.0,0.0,0.0,0.0,0.0,0.0,0.0,0.0,0.0,0.0,0.0,0.0,0.0,0.0,0.0,nan,nan,4.193630573248408,2.8880531764751285,nan,0.4036,0.04062,0.0,0.0,0.0,0.0,0.0,0.0,0.0,0.0,0.0,0.0,0.0,0.0,0.0,0.0,0.0,0.0,0.0,0.0,0.0,0.0,0.0,0.0,0.0,0.0,0.0,0.0,0.0,0.0,0.000435142975549109,0.0034707832573559884,0.004651885619560713,0.004268545379196021,0.031672192291753005,0.03503937007874016,0.03063613758806465,0.02962080397845006,0.03156858682138417,0.04926440116038127,0.06842105263157895,0.11999585578118524,0.1162453377538334,0.07200580190634065,0.10917944467467883,0.09315167840861997,0.061406962287608786,0.042498963945296314,0.03337132200580191,0.03063613758806465,0.021632822213012846,0.001118939079983423,0.0033982594280978036,0.00160588479071695,0.001761292996270203,0.0024554496477414006,0.00048694571073352674,0.0,0.0,0.0,0.0,0.0,0.0,0.0,0.0,0.0,0.0,0.0,0.0,0.0,0.0,0.0,0.0,0.0,0.0,0.0,0.0,0.0,0.0,0.0,0.0,0.0,0.0,0.0,0.0,0.0,0.0,0.0,0.0,0.0,0.0,0.0,0.0,0.0,0.0,0.0,0.0,0.0,0.0,0.0,0.0,0.0,0.0,nan,nan,4.193630573248408,2.8880531764751285,nan,0.9402857181425125,0.023125067541753575,0.0,0.0,0.0,0.0,0.0,0.0,0.0,0.0,0.0,0.0,0.0,0.0,0.0,0.0,0.0,0.0,0.0,0.0,0.0,0.0,0.0,0.0,0.0,0.0,0.0,0.011923688394276632,1.2162162162162165,10.206677265500797,14.76152623211447,3.8036565977742454,0.9397112596602667,0.02381874431030159,0.0,0.0,0.0,0.0,0.0,0.0,0.0,0.0,0.0,0.0,0.0,0.0,0.0,0.0,0.0,0.0,0.0,0.0,0.0,0.0,0.0,0.0,0.0,0.0,0.0,0.05194805194805196,1.5194805194805199,10.46753246753247,14.194805194805198,3.766233766233767,0.4036,0.00876,0.0,0.0,0.0,0.0,0.0,0.0,0.0,0.0,0.0,0.0,0.0,10.719395866454674,19.280604133545314,0.0,0.0,0.0,0.0,0.0,0.0,0.0,0.0,0.0,0.0,0.0,0.0,0.0,0.0,0.0,0.0,0.0,0.4033,0.00843,0.0,0.0,0.0,0.0,0.0,0.0,0.0,0.0,0.0,0.0,0.0,10.168831168831154,19.81818181818182,0.01298701298701299,0.0,0.0,0.0,0.0,0.0,0.0,0.0,0.0,0.0,0.0,0.0,0.0,0.0,0.0,0.0,0.0
5400,4422,2336,0.5282677521483492,1114,881,0.45115332428765265,1208,0.5463591135232926,0.438,2.9928092042186,3.1376912674709123,6.663247863247864,2.2252090381243144,9462.90128757133,1521.326564212926,7853.0,10922.588289320469,10900.510057209085,7.05664086736376,7853.0,0.0,28.307779285391227,20.956093923837088,33.19522660230625,19.177173365419318,0.13817277250113072,0.09271822704658525,0.0945273631840796,0.09023066485753053,0.07575757575757576,0.07462686567164178,0.06829488919041157,0.06625961103573044,0.05924920850293985,0.057666214382632294,0.04748982360922659,0.03595658073270014,0.033921302578018994,0.029172320217096336,0.01854364540931705,0.010854816824966078,0.0065581184984170055,0.9381866510612077,0.0234018408282858,0.0,0.0,0.0,0.0,0.0,0.0,0.0,0.0,0.0,0.0,0.0,0.0,0.0,0.0,0.0,0.0,0.0,0.0,0.0,0.0,0.0,0.0,0.0,0.0,0.0,0.0135685210312076,1.6757123473541389,10.698778833107193,14.287652645861604,3.3242876526458622,4.20355524573022,2.9460777155503863,nan,nan,nan,4.266806722689076,3.00808279006539,4.14087439278279,2.881947749381162,0.9704855790076848,0.403,0.00851,0.0,0.0,0.0,0.0,0.0,0.0,0.0,0.0,0.0,0.0,0.0,10.630936227951139,19.36906377204885,0.0,0.0,0.0,0.0,0.0,0.0,0.0,0.0,0.0,0.0,0.0,0.0,0.0,0.0,0.0,0.0,0.0,nan,nan,4.20355524573022,2.9460777155503863,nan,0.403,0.04062,0.0,0.0,0.0,0.0,0.0,0.0,0.0,0.0,0.0,0.0,0.0,0.0,0.0,0.0,0.0,0.0,0.0,0.0,0.0,0.0,0.0,0.0,0.0,0.0,0.0,0.0,0.0,0.0,0.0004522840343735866,0.00304161013116237,0.004477611940298508,0.004353233830845771,0.03254183627317956,0.03662369968340118,0.02944369063772049,0.03075531433740389,0.03233830845771144,0.05144730890999548,0.07003618272274989,0.1143939393939394,0.11664405246494798,0.07147218453188603,0.10948665762098599,0.09492311171415649,0.06213251922207146,0.04079601990049751,0.03152419719583899,0.02935323383084577,0.02295341474445952,0.0015151515151515152,0.0029511533242876525,0.0017639077340569878,0.0018091361374943465,0.002600633197648123,0.00016960651289009497,0.0,0.0,0.0,0.0,0.0,0.0,0.0,0.0,0.0,0.0,0.0,0.0,0.0,0.0,0.0,0.0,0.0,0.0,0.0,0.0,0.0,0.0,0.0,0.0,0.0,0.0,0.0,0.0,0.0,0.0,0.0,0.0,0.0,0.0,0.0,0.0,0.0,0.0,0.0,0.0,0.0,0.0,0.0,0.0,0.0,0.0,nan,nan,4.20355524573022,2.9460777155503863,nan,0.938362579945832,0.02393893629045005,0.0,0.0,0.0,0.0,0.0,0.0,0.0,0.0,0.0,0.0,0.0,0.0,0.0,0.0,0.0,0.0,0.0,0.0,0.0,0.0,0.0,0.0,0.0,0.0,0.0,0.02568493150684932,1.7722602739726032,10.479452054794523,14.1652397260274,3.5573630136986307,0.9379896376985603,0.02278374160476712,0.0,0.0,0.0,0.0,0.0,0.0,0.0,0.0,0.0,0.0,0.0,0.0,0.0,0.0,0.0,0.0,0.0,0.0,0.0,0.0,0.0,0.0,0.0,0.0,0.0,0.0,1.5675934803451586,10.944391179290509,14.424736337488019,3.0632790028763193,0.4028,0.008575,0.0,0.0,0.0,0.0,0.0,0.0,0.0,0.0,0.0,0.0,0.0,11.134417808219162,18.865582191780824,0.0,0.0,0.0,0.0,0.0,0.0,0.0,0.0,0.0,0.0,0.0,0.0,0.0,0.0,0.0,0.0,0.0,0.4036,0.00842,0.0,0.0,0.0,0.0,0.0,0.0,0.0,0.0,0.0,0.0,0.0,10.067114093959718,19.932885906040273,0.0,0.0,0.0,0.0,0.0,0.0,0.0,0.0,0.0,0.0,0.0,0.0,0.0,0.0,0.0,0.0,0.0
5500,4794,2460,0.5131414267834794,1149,986,0.4453483521068002,1337,0.5577805590321235,0.418,2.987574978577549,3.1989608206075,6.927066450567261,2.1263637973841196,9416.714887303477,1523.1504139478259,7853.0,10923.748431682587,10900.33706086702,6.9943803380331415,7853.0,0.0,27.43345848977889,20.732906582644713,32.2983850931677,19.07469879285224,0.14184397163120568,0.10367125573633709,0.09824780976220275,0.08656654151022111,0.08135168961201501,0.0721735502711723,0.07092198581560284,0.06424697538589905,0.054860241969128073,0.052774301209845643,0.04755944931163955,0.03879849812265332,0.0310805173133083,0.02127659574468085,0.016270337922403004,0.011055486024196913,0.0073007926574885276,0.9374033765938066,0.023283964475619343,0.0,0.0,0.0,0.0,0.0,0.0,0.0,0.0,0.0,0.0,0.0,0.0,0.0,0.0,0.0,0.0,0.0,0.0,0.0,0.0,0.0,0.0,0.0,0.0,0.0,0.031289111389236554,1.608260325406759,11.107634543178976,14.086357947434296,3.166458072590739,4.404080289568937,2.9458080826421082,nan,nan,nan,4.439655172413793,2.97553113871902,4.369039843239713,2.915811138837262,0.9840944112928286,0.403,0.00862,0.0,0.0,0.0,0.0,0.0,0.0,0.0,0.0,0.0,0.0,0.0,10.80100125156444,19.198998748435546,0.0,0.0,0.0,0.0,0.0,0.0,0.0,0.0,0.0,0.0,0.0,0.0,0.0,0.0,0.0,0.0,0.0,nan,nan,4.404080289568937,2.9458080826421082,nan,0.403,0.04062,0.0,0.0,0.0,0.0,0.0,0.0,0.0,0.0,0.0,0.0,0.0,0.0,0.0,0.0,0.0,0.0,0.0,0.0,0.0,0.0,0.0,0.0,0.0,0.0,0.0,0.0,1.0429703796412182e-05,0.0,0.0009491030454735085,0.0037651230705047977,0.004276178556528994,0.004432624113475178,0.03232165206508135,0.036201501877346685,0.028327075511055486,0.03250938673341677,0.03268669169795578,0.05043804755944931,0.07002503128911139,0.11355861493533584,0.11624947851481018,0.06983729662077597,0.11114935335836462,0.09542136003337505,0.0649770546516479,0.03991447642886942,0.02969336670838548,0.030767626199415938,0.02250730079265749,0.0012724238631622862,0.0025552774301209847,0.0018877763871506048,0.0013245723821443472,0.0028473091364205256,8.343763037129746e-05,0.0,1.0429703796412182e-05,0.0,0.0,0.0,0.0,0.0,0.0,0.0,0.0,0.0,0.0,0.0,0.0,0.0,0.0,0.0,0.0,0.0,0.0,0.0,0.0,0.0,0.0,0.0,0.0,0.0,0.0,0.0,0.0,0.0,0.0,0.0,0.0,0.0,0.0,0.0,0.0,0.0,0.0,0.0,0.0,0.0,0.0,0.0,0.0,nan,nan,4.404080289568937,2.9458080826421082,nan,0.9374760344018781,0.02341096060232917,0.0,0.0,0.0,0.0,0.0,0.0,0.0,0.0,0.0,0.0,0.0,0.0,0.0,0.0,0.0,0.0,0.0,0.0,0.0,0.0,0.0,0.0,0.0,0.0,0.0,0.02439024390243903,1.5853658536585369,10.987804878048783,14.09756097560976,3.3048780487804885,0.9373267963847852,0.02314911155613363,0.0,0.0,0.0,0.0,0.0,0.0,0.0,0.0,0.0,0.0,0.0,0.0,0.0,0.0,0.0,0.0,0.0,0.0,0.0,0.0,0.0,0.0,0.0,0.0,0.0,0.03856041131105399,1.6323907455012858,11.23393316195373,14.074550128534707,3.0205655526992294,0.403,0.008514,0.0,0.0,0.0,0.0,0.0,0.0,0.0,0.0,0.0,0.0,0.0,10.585365853658521,19.414634146341466,0.0,0.0,0.0,0.0,0.0,0.0,0.0,0.0,0.0,0.0,0.0,0.0,0.0,0.0,0.0,0.0,0.0,0.403,0.00872,0.0,0.0,0.0,0.0,0.0,0.0,0.0,0.0,0.0,0.0,0.0,11.028277634961425,18.971722365038563,0.0,0.0,0.0,0.0,0.0,0.0,0.0,0.0,0.0,0.0,0.0,0.0,0.0,0.0,0.0,0.0,0.0
5600,4625,2423,0.5238918918918919,1186,914,0.4540540540540541,1292,0.5587027027027027,0.37799999999999995,2.9686648501362396,2.9555316042766355,6.12316715542522,2.051983504669899,9449.577026214278,1522.03345388284,7853.0,10926.242736935616,10900.531467701623,6.950286745873948,7853.0,0.0,29.071783783783783,21.047468450373472,33.71768879878358,19.27821689262282,0.12756756756756757,0.09686486486486487,0.0905945945945946,0.0841081081081081,0.07567567567567568,0.0787027027027027,0.06983783783783784,0.06464864864864865,0.05664864864864865,0.05664864864864865,0.053621621621621623,0.04281081081081081,0.035243243243243245,0.027675675675675675,0.020972972972972972,0.011675675675675675,0.006702702702702703,0.9379717414959057,0.023111658925745238,0.0,0.0,0.0,0.0,0.0,0.0,0.0,0.0,0.0,0.0,0.0,0.0,0.0,0.0,0.0,0.0,0.0,0.0,0.0,0.0,0.0,0.0,0.0,0.0,0.0,0.03243243243243244,1.5827027027027032,11.085405405405409,14.114594594594598,3.1848648648648656,4.034505208333333,2.75711334078438,nan,nan,nan,4.0740983606557375,2.7444879943226055,3.995475113122172,2.7689487416116645,0.9807016815566252,0.403,0.00902,0.0,0.0,0.0,0.0,0.0,0.0,0.0,0.0,0.0,0.0,0.0,10.9362162162162,19.050810810810813,0.012972972972972976,0.0,0.0,0.0,0.0,0.0,0.0,0.0,0.0,0.0,0.0,0.0,0.0,0.0,0.0,0.0,0.0,nan,nan,4.034505208333333,2.75711334078438,nan,0.403,0.0408,0.0,0.0,0.0,0.0,0.0,0.0,0.0,0.0,0.0,0.0,0.0,0.0,0.0,0.0,0.0,0.0,0.0,0.0,0.0,0.0,0.0,0.0,0.0,0.0,0.0,0.0,0.0,1.081081081081081e-05,0.001264864864864865,0.003956756756756757,0.00454054054054054,0.004616216216216216,0.03153513513513514,0.035924324324324325,0.02612972972972973,0.035145945945945944,0.032194594594594596,0.04971891891891892,0.07305945945945946,0.11094054054054055,0.11618378378378379,0.0716108108108108,0.11090810810810811,0.09022702702702702,0.06775135135135135,0.04044324324324324,0.030086486486486486,0.031145945945945944,0.021837837837837836,0.0012216216216216216,0.0023783783783783785,0.0023135135135135135,0.0017945945945945945,0.002983783783783784,6.486486486486486e-05,0.0,1.081081081081081e-05,0.0,0.0,0.0,0.0,0.0,0.0,0.0,0.0,0.0,0.0,0.0,0.0,0.0,0.0,0.0,0.0,0.0,0.0,0.0,0.0,0.0,0.0,0.0,0.0,0.0,0.0,0.0,0.0,0.0,0.0,0.0,0.0,0.0,0.0,0.0,0.0,0.0,0.0,0.0,0.0,0.0,0.0,0.0,0.0,nan,nan,4.034505208333333,2.75711334078438,nan,0.937848950263837,0.02323045808825321,0.0,0.0,0.0,0.0,0.0,0.0,0.0,0.0,0.0,0.0,0.0,0.0,0.0,0.0,0.0,0.0,0.0,0.0,0.0,0.0,0.0,0.0,0.0,0.0,0.0,0.037144036318613294,1.7333883615352872,10.945109368551385,14.176640528270742,3.1077177053239793,0.9381068564619832,0.022979468792959923,0.0,0.0,0.0,0.0,0.0,0.0,0.0,0.0,0.0,0.0,0.0,0.0,0.0,0.0,0.0,0.0,0.0,0.0,0.0,0.0,0.0,0.0,0.0,0.0,0.0,0.02724795640326976,1.4168937329700277,11.239782016348776,14.046321525885562,3.2697547683923713,0.4033,0.0091,0.0,0.0,0.0,0.0,0.0,0.0,0.0,0.0,0.0,0.0,0.0,10.796533223276914,19.191085431283536,0.012381345439537766,0.0,0.0,0.0,0.0,0.0,0.0,0.0,0.0,0.0,0.0,0.0,0.0,0.0,0.0,0.0,0.0,0.4028,0.00892,0.0,0.0,0.0,0.0,0.0,0.0,0.0,0.0,0.0,0.0,0.0,11.089918256130774,18.896457765667577,0.01362397820163488,0.0,0.0,0.0,0.0,0.0,0.0,0.0,0.0,0.0,0.0,0.0,0.0,0.0,0.0,0.0,0.0
5700,4359,2235,0.5127322780454233,1018,871,0.43335627437485663,1214,0.5570084881853636,0.426,3.0084745762711864,3.1911665579793955,6.744107744107744,2.2236501890979574,9415.551810347697,1523.2642744796542,7853.0,10923.197806954384,10900.500376423093,6.979886837905982,7853.0,0.0,27.305345262674926,20.783133842572425,32.397683397683394,19.088889383293843,0.14521679284239505,0.10438173893094746,0.09772883688919477,0.09130534526267492,0.07524661619637532,0.07593484744207386,0.06721725166322551,0.057352603808212894,0.053223216334021564,0.057811424638678596,0.04702913512273457,0.040146822665749024,0.030511585225969258,0.02202339986235375,0.01881165404909383,0.010782289515944024,0.005276439550355586,0.9374948491413513,0.023538509665653164,0.0,0.0,0.0,0.0,0.0,0.0,0.0,0.0,0.0,0.0,0.0,0.0,0.0,0.0,0.0,0.0,0.0,0.0,0.0,0.0,0.0,0.0,0.0,0.0,0.0,0.04129387474191329,1.8031658637302137,11.018582243633862,13.785271851342054,3.3516861665519624,4.473414008067474,2.961544416389443,nan,nan,nan,4.442120985810306,2.9716439799444645,4.504686373467917,2.9522417689886535,1.0140845753317989,0.4038,0.00898,0.0,0.0,0.0,0.0,0.0,0.0,0.0,0.0,0.0,0.0,0.0,9.951823812801086,20.041293874741918,0.006882312456985549,0.0,0.0,0.0,0.0,0.0,0.0,0.0,0.0,0.0,0.0,0.0,0.0,0.0,0.0,0.0,0.0,nan,nan,4.473414008067474,2.961544416389443,nan,0.4038,0.04105,0.0,0.0,0.0,0.0,0.0,0.0,0.0,0.0,0.0,0.0,0.0,0.0,0.0,0.0,0.0,0.0,0.0,0.0,0.0,0.0,0.0,0.0,0.0,0.0,0.0,0.0,0.0,0.0,0.0010896994723560449,0.004381738930947465,0.0048061481991282405,0.0049782060105528795,0.030006882312456986,0.0370956641431521,0.02477632484514797,0.03520302821748107,0.029823353980270705,0.049105299380591876,0.07399632943335628,0.10706584078917183,0.11627666896077082,0.07097958247304427,0.11252580867171369,0.09144299151181463,0.06763019041064465,0.04138563890800642,0.03105069970176646,0.031199816471667814,0.024260151410874054,0.0011929341592108282,0.002030282174810736,0.002557926129846295,0.0020646937370956643,0.0030282174810736407,4.588208304657031e-05,0.0,0.0,0.0,0.0,0.0,0.0,0.0,0.0,0.0,0.0,0.0,0.0,0.0,0.0,0.0,0.0,0.0,0.0,0.0,0.0,0.0,0.0,0.0,0.0,0.0,0.0,0.0,0.0,0.0,0.0,0.0,0.0,0.0,0.0,0.0,0.0,0.0,0.0,0.0,0.0,0.0,0.0,0.0,0.0,0.0,0.0,nan,nan,4.473414008067474,2.961544416389443,nan,0.9374535314722082,0.023647234313595288,0.0,0.0,0.0,0.0,0.0,0.0,0.0,0.0,0.0,0.0,0.0,0.0,0.0,0.0,0.0,0.0,0.0,0.0,0.0,0.0,0.0,0.0,0.0,0.0,0.0,0.05369127516778525,1.8657718120805373,10.80536912751678,13.946308724832218,3.3288590604026855,0.9375383260672151,0.02342347947693927,0.0,0.0,0.0,0.0,0.0,0.0,0.0,0.0,0.0,0.0,0.0,0.0,0.0,0.0,0.0,0.0,0.0,0.0,0.0,0.0,0.0,0.0,0.0,0.0,0.0,0.028248587570621476,1.7372881355932208,11.242937853107346,13.615819209039552,3.3757062146892665,0.4038,0.0089,0.0,0.0,0.0,0.0,0.0,0.0,0.0,0.0,0.0,0.0,0.0,10.255033557046966,19.731543624161077,0.013422818791946312,0.0,0.0,0.0,0.0,0.0,0.0,0.0,0.0,0.0,0.0,0.0,0.0,0.0,0.0,0.0,0.0,0.4038,0.00906,0.0,0.0,0.0,0.0,0.0,0.0,0.0,0.0,0.0,0.0,0.0,9.632768361581908,20.367231638418083,0.0,0.0,0.0,0.0,0.0,0.0,0.0,0.0,0.0,0.0,0.0,0.0,0.0,0.0,0.0,0.0,0.0
5800,4498,2390,0.5313472654513117,1092,887,0.43997332147621165,1227,0.5455758114717653,0.414,2.9881404174573056,3.0950091052672386,6.467768595041322,2.172944640174172,9472.473733829042,1520.9418831542953,7853.0,10924.766303181648,10900.863119147712,6.875857942975903,7853.0,0.0,27.969097376611828,21.214548565008574,33.09211927582535,19.47440448144605,0.14428634948866162,0.10337927967985772,0.09026233881725211,0.09092930191196087,0.07425522454424188,0.07314361938639395,0.06425077812361049,0.06425077812361049,0.055135615829257446,0.059582036460649176,0.0426856380613606,0.03912850155624722,0.03379279679857715,0.02578923966207203,0.016674077367718986,0.012894619831036016,0.009559804357492218,0.9387474776957501,0.023409103960719203,0.0,0.0,0.0,0.0,0.0,0.0,0.0,0.0,0.0,0.0,0.0,0.0,0.0,0.0,0.0,0.0,0.0,0.0,0.0,0.0,0.0,0.0,0.0,0.0,0.0,0.03334815473543798,1.534015117830147,10.844819919964431,14.212983548243667,3.3748332592263237,4.2834261838440115,2.8999862576726896,nan,nan,nan,4.336585365853659,2.8908638097901607,4.230340988169798,2.9080979170959997,0.9755004528400547,0.4038,0.00888,0.0,0.0,0.0,0.0,0.0,0.0,0.0,0.0,0.0,0.0,0.0,9.804357492218749,20.182303245887063,0.013339261894175192,0.0,0.0,0.0,0.0,0.0,0.0,0.0,0.0,0.0,0.0,0.0,0.0,0.0,0.0,0.0,0.0,nan,nan,4.2834261838440115,2.8999862576726896,nan,0.4038,0.04102,0.0,0.0,0.0,0.0,0.0,0.0,0.0,0.0,0.0,0.0,0.0,0.0,0.0,0.0,0.0,0.0,0.0,0.0,0.0,0.0,0.0,0.0,0.0,0.0,0.0,0.0,0.0,0.0,0.0011449533125833704,0.004179635393508226,0.004090706980880391,0.0044353045798132505,0.031147176522899066,0.03601600711427301,0.025555802578923967,0.03468208092485549,0.030046687416629612,0.04852156514006225,0.07404401956425077,0.1119942196531792,0.11463983992885728,0.0712872387727879,0.11373943975100044,0.09092930191196087,0.0648399288572699,0.03755002223210316,0.03190306803023566,0.032336594041796354,0.02484437527790129,0.00164517563361494,0.002701200533570476,0.002734548688305914,0.002100933748332592,0.0027678968430413517,5.558025789239662e-05,0.0,0.0,1.1116051578479325e-05,5.558025789239662e-05,0.0,0.0,0.0,0.0,0.0,0.0,0.0,0.0,0.0,0.0,0.0,0.0,0.0,0.0,0.0,0.0,0.0,0.0,0.0,0.0,0.0,0.0,0.0,0.0,0.0,0.0,0.0,0.0,0.0,0.0,0.0,0.0,0.0,0.0,0.0,0.0,0.0,0.0,0.0,0.0,0.0,0.0,nan,nan,4.2834261838440115,2.8999862576726896,nan,0.9385090408464855,0.023234035479947943,0.0,0.0,0.0,0.0,0.0,0.0,0.0,0.0,0.0,0.0,0.0,0.0,0.0,0.0,0.0,0.0,0.0,0.0,0.0,0.0,0.0,0.0,0.0,0.0,0.0,0.025104602510460258,1.644351464435147,10.78242677824268,14.246861924686195,3.301255230125524,0.939017811694679,0.02360310858764959,0.0,0.0,0.0,0.0,0.0,0.0,0.0,0.0,0.0,0.0,0.0,0.0,0.0,0.0,0.0,0.0,0.0,0.0,0.0,0.0,0.0,0.0,0.0,0.0,0.0,0.042694497153700196,1.4089184060721065,10.915559772296017,14.174573055028466,3.458254269449716,0.404,0.00874,0.0,0.0,0.0,0.0,0.0,0.0,0.0,0.0,0.0,0.0,0.0,9.539748953974883,20.447698744769877,0.012552301255230129,0.0,0.0,0.0,0.0,0.0,0.0,0.0,0.0,0.0,0.0,0.0,0.0,0.0,0.0,0.0,0.0,0.4036,0.00904,0.0,0.0,0.0,0.0,0.0,0.0,0.0,0.0,0.0,0.0,0.0,10.104364326375698,19.88140417457306,0.0142314990512334,0.0,0.0,0.0,0.0,0.0,0.0,0.0,0.0,0.0,0.0,0.0,0.0,0.0,0.0,0.0,0.0
5900,4533,2400,0.5294506949040371,1170,887,0.45378336642400174,1250,0.5515111405250386,0.418,3.015939990623535,3.0916200303038988,6.600321027287319,2.0197579181239282,9466.657311146948,1521.2601367092182,7853.0,10924.226938605309,10900.795246428797,6.9043690500844255,7853.0,0.0,28.46238694021619,20.946081427095617,33.28888308977035,19.177443082392365,0.1328038826384293,0.09927200529450694,0.09199205823957644,0.08449150672843592,0.07897639532318552,0.07787337304213546,0.07169644826825503,0.06243106110743437,0.05890138980807412,0.05537171850871388,0.045885726891683215,0.042356055592322965,0.03507610853739246,0.026031325832781824,0.017207147584381206,0.012795058460180895,0.006838738142510479,0.9389389336779763,0.023211222275261668,0.0,0.0,0.0,0.0,0.0,0.0,0.0,0.0,0.0,0.0,0.0,0.0,0.0,0.0,0.0,0.0,0.0,0.0,0.0,0.0,0.0,0.0,0.0,0.0,0.0,0.01323626737260093,1.4493712772998018,10.569159497021841,14.66578424884183,3.302448709463932,4.178091397849462,2.8870779237635746,nan,nan,nan,4.219479653102068,2.880403666086755,4.138888888888889,2.8922061161000654,0.9809003074220466,0.4036,0.008934,0.0,0.0,0.0,0.0,0.0,0.0,0.0,0.0,0.0,0.0,0.0,10.50959629384512,19.483785572468566,0.006618133686300465,0.0,0.0,0.0,0.0,0.0,0.0,0.0,0.0,0.0,0.0,0.0,0.0,0.0,0.0,0.0,0.0,nan,nan,4.178091397849462,2.8870779237635746,nan,0.4036,0.04092,0.0,0.0,0.0,0.0,0.0,0.0,0.0,0.0,0.0,0.0,0.0,0.0,0.0,0.0,0.0,0.0,0.0,0.0,0.0,0.0,0.0,0.0,0.0,0.0,0.0,0.0,0.0,0.0,0.0007831458195455549,0.004588572689168321,0.0041804544451797924,0.005151114052503861,0.030178689609530112,0.036598279285241564,0.02255680564747408,0.034833443635561435,0.03030002206044562,0.051500110302228105,0.07380322082506066,0.11769247738804324,0.11355614383410545,0.0700198544010589,0.11516655636443857,0.08802117802779616,0.064339289653651,0.03515332009706596,0.03320097065960732,0.03189940436796823,0.023781160379439666,0.002073681888374145,0.003154643723803221,0.00300022060445621,0.0019082285462166336,0.002217074784910655,0.00017648356496801235,0.0,0.0,0.0,0.00016545334215751158,0.0,0.0,0.0,0.0,0.0,0.0,0.0,0.0,0.0,0.0,0.0,0.0,0.0,0.0,0.0,0.0,0.0,0.0,0.0,0.0,0.0,0.0,0.0,0.0,0.0,0.0,0.0,0.0,0.0,0.0,0.0,0.0,0.0,0.0,0.0,0.0,0.0,0.0,0.0,0.0,0.0,0.0,nan,nan,4.178091397849462,2.8870779237635746,nan,0.9386539040505886,0.022879422475574947,0.0,0.0,0.0,0.0,0.0,0.0,0.0,0.0,0.0,0.0,0.0,0.0,0.0,0.0,0.0,0.0,0.0,0.0,0.0,0.0,0.0,0.0,0.0,0.0,0.0,0.012500000000000002,1.4250000000000005,10.675000000000002,14.762500000000003,3.125000000000001,0.9392596421194814,0.02357485393065286,0.0,0.0,0.0,0.0,0.0,0.0,0.0,0.0,0.0,0.0,0.0,0.0,0.0,0.0,0.0,0.0,0.0,0.0,0.0,0.0,0.0,0.0,0.0,0.0,0.0,0.01406469760900141,1.476793248945148,10.450070323488047,14.556962025316459,3.502109704641351,0.4036,0.00891,0.0,0.0,0.0,0.0,0.0,0.0,0.0,0.0,0.0,0.0,0.0,10.499999999999984,19.500000000000004,0.0,0.0,0.0,0.0,0.0,0.0,0.0,0.0,0.0,0.0,0.0,0.0,0.0,0.0,0.0,0.0,0.0,0.4036,0.008965,0.0,0.0,0.0,0.0,0.0,0.0,0.0,0.0,0.0,0.0,0.0,10.520393811533037,19.46554149085795,0.01406469760900141,0.0,0.0,0.0,0.0,0.0,0.0,0.0,0.0,0.0,0.0,0.0,0.0,0.0,0.0,0.0,0.0
6000,4490,2381,0.5302895322939867,1099,886,0.4420935412026726,1224,0.5452115812917595,0.422,2.9995258416311046,3.1325240971874795,6.645051194539249,2.202298926240271,9469.256086069106,1521.1464180189498,7853.0,10929.553584814072,10900.874769613729,6.729508491060093,7853.0,0.0,28.17795100222717,21.164562647500183,33.20812317494027,19.395776153083624,0.1418708240534521,0.09799554565701558,0.0933184855233853,0.08396436525612472,0.0799554565701559,0.07371937639198219,0.06748329621380847,0.06703786191536748,0.058797327394209356,0.051002227171492207,0.04365256124721604,0.037416481069042315,0.036302895322939864,0.027616926503340758,0.02093541202672606,0.012026726057906459,0.0069042316258351895,0.9386946382793393,0.02287876655691609,0.0,0.0,0.0,0.0,0.0,0.0,0.0,0.0,0.0,0.0,0.0,0.0,0.0,0.0,0.0,0.0,0.0,0.0,0.0,0.0,0.0,0.0,0.0,0.0,0.0,0.013363028953229402,1.33630289532294,10.997772828507799,14.224944320712698,3.4276169265033416,4.22684703433923,2.889432108864736,nan,nan,nan,4.291495198902607,2.9309748445550556,4.160701754385965,2.844779681691597,0.9695226399064626,0.4036,0.0087,0.0,0.0,0.0,0.0,0.0,0.0,0.0,0.0,0.0,0.0,0.0,10.503340757238293,19.496659242761694,0.0,0.0,0.0,0.0,0.0,0.0,0.0,0.0,0.0,0.0,0.0,0.0,0.0,0.0,0.0,0.0,0.0,nan,nan,4.22684703433923,2.889432108864736,nan,0.4036,0.04077,0.0,0.0,0.0,0.0,0.0,0.0,0.0,0.0,0.0,0.0,0.0,0.0,0.0,0.0,0.0,0.0,0.0,0.0,0.0,0.0,0.0,0.0,0.0,0.0,0.0,0.0,0.0,1.1135857461024499e-05,0.0007572383073496659,0.003930957683741648,0.004276169265033407,0.005523385300668151,0.03020044543429844,0.03478841870824054,0.02242761692650334,0.03642538975501113,0.03409799554565702,0.05020044543429844,0.07503340757238307,0.11899777282850779,0.10528953229398663,0.07169265033407572,0.11615812917594655,0.09101336302895323,0.0630957683741648,0.037494432071269485,0.03388641425389755,0.029320712694877505,0.022739420935412025,0.0024721603563474387,0.003195991091314031,0.0026169265033407574,0.0016815144766146994,0.0020489977728285077,0.00018930957683741648,5.5679287305122496e-05,0.0,0.0,0.00037861915367483297,0.0,0.0,0.0,0.0,0.0,0.0,0.0,0.0,0.0,0.0,0.0,0.0,0.0,0.0,0.0,0.0,0.0,0.0,0.0,0.0,0.0,0.0,0.0,0.0,0.0,0.0,0.0,0.0,0.0,0.0,0.0,0.0,0.0,0.0,0.0,0.0,0.0,0.0,0.0,0.0,0.0,0.0,nan,nan,4.22684703433923,2.889432108864736,nan,0.9388848953966031,0.022799238054789367,0.0,0.0,0.0,0.0,0.0,0.0,0.0,0.0,0.0,0.0,0.0,0.0,0.0,0.0,0.0,0.0,0.0,0.0,0.0,0.0,0.0,0.0,0.0,0.0,0.0,0.012599748005039902,1.3481730365392697,10.911381772364555,14.237715245695089,3.490130197396053,0.9384798434968806,0.02296632693904312,0.0,0.0,0.0,0.0,0.0,0.0,0.0,0.0,0.0,0.0,0.0,0.0,0.0,0.0,0.0,0.0,0.0,0.0,0.0,0.0,0.0,0.0,0.0,0.0,0.0,0.014224751066856334,1.322901849217639,11.09530583214794,14.210526315789478,3.3570412517780945,0.4036,0.00874,0.0,0.0,0.0,0.0,0.0,0.0,0.0,0.0,0.0,0.0,0.0,10.3947921041579,19.605207895842085,0.0,0.0,0.0,0.0,0.0,0.0,0.0,0.0,0.0,0.0,0.0,0.0,0.0,0.0,0.0,0.0,0.0,0.4033,0.00865,0.0,0.0,0.0,0.0,0.0,0.0,0.0,0.0,0.0,0.0,0.0,10.625889046941664,19.374110953058324,0.0,0.0,0.0,0.0,0.0,0.0,0.0,0.0,0.0,0.0,0.0,0.0,0.0,0.0,0.0,0.0,0.0
6100,4436,2285,0.5151036970243462,1092,915,0.4524346257889991,1244,0.5608656447249775,0.426,3.01162250116225,3.190576943980252,6.78125,2.152074523172809,9422.802605808305,1523.086392834699,7853.0,10924.497446417809,10900.546765586714,7.039715501814262,7853.0,0.0,27.911406672678087,20.96810549110279,32.878796022574576,19.246825577608465,0.13976555455365194,0.098512173128945,0.09625788999098286,0.09062218214607755,0.08205590622182146,0.07551848512173129,0.06447249774571687,0.06199278629395852,0.05297565374211001,0.05387736699729486,0.049368800721370606,0.03899909828674482,0.032461677186654644,0.023895401262398558,0.021190261496844005,0.010820559062218215,0.007213706041478809,0.9379855716169364,0.02313507296301444,0.0,0.0,0.0,0.0,0.0,0.0,0.0,0.0,0.0,0.0,0.0,0.0,0.0,0.0,0.0,0.0,0.0,0.0,0.0,0.0,0.0,0.0,0.0,0.0,0.006762849413886386,0.0473399458972047,1.5622182146077552,10.854373309287649,14.310189359783593,3.2191163210099196,4.365001746419839,2.9939730573565924,nan,nan,nan,4.265220433869839,3.022713347325595,4.464435146443515,2.9617136413726364,1.046706780027528,0.4036,0.00889,0.0,0.0,0.0,0.0,0.0,0.0,0.0,0.0,0.0,0.0,0.0,10.151036970243448,19.81514878268711,0.033814247069431924,0.0,0.0,0.0,0.0,0.0,0.0,0.0,0.0,0.0,0.0,0.0,0.0,0.0,0.0,0.0,0.0,nan,nan,4.365001746419839,2.9939730573565924,nan,0.4036,0.04077,0.0,0.0,0.0,0.0,0.0,0.0,0.0,0.0,0.0,0.0,0.0,0.0,0.0,0.0,0.0,0.0,0.0,0.0,0.0,0.0,0.0,0.0,0.0,0.0,0.0,0.0,0.0,0.0,0.0007551848512173129,0.003144724977457169,0.003392696122633003,0.005906221821460776,0.028956266907123534,0.035595130748422,0.021742560865644724,0.03967538322813345,0.03407348963029756,0.0535955816050496,0.07148331830477908,0.11547565374211001,0.1059287646528404,0.07200180342651037,0.11972497745716862,0.08843552750225428,0.06311992786293959,0.037894499549143375,0.03153742110009017,0.029260595130748423,0.024718214607754734,0.003449053201082056,0.003234896302975654,0.0030883678990081156,0.00140892696122633,0.0018710550045085662,4.508566275924256e-05,5.63570784490532e-05,0.0,0.0,0.00042831379621280434,0.0,0.0,0.0,0.0,0.0,0.0,0.0,0.0,0.0,0.0,0.0,0.0,0.0,0.0,0.0,0.0,0.0,0.0,0.0,0.0,0.0,0.0,0.0,0.0,0.0,0.0,0.0,0.0,0.0,0.0,0.0,0.0,0.0,0.0,0.0,0.0,0.0,0.0,0.0,0.0,0.0,0.0,nan,nan,4.365001746419839,2.9939730573565924,nan,0.9376091163320145,0.02339225201149102,0.0,0.0,0.0,0.0,0.0,0.0,0.0,0.0,0.0,0.0,0.0,0.0,0.0,0.0,0.0,0.0,0.0,0.0,0.0,0.0,0.0,0.0,0.0,0.0,0.013129102844638953,0.05251641137855581,1.5754923413566744,11.04157549234136,14.048140043763679,3.2691466083150993,0.9383854787885062,0.022851911142877754,0.0,0.0,0.0,0.0,0.0,0.0,0.0,0.0,0.0,0.0,0.0,0.0,0.0,0.0,0.0,0.0,0.0,0.0,0.0,0.0,0.0,0.0,0.0,0.0,0.0,0.041841004184100423,1.5481171548117159,10.655509065550909,14.588563458856349,3.1659693165969327,0.4036,0.00899,0.0,0.0,0.0,0.0,0.0,0.0,0.0,0.0,0.0,0.0,0.0,10.253829321663005,19.69365426695843,0.05251641137855581,0.0,0.0,0.0,0.0,0.0,0.0,0.0,0.0,0.0,0.0,0.0,0.0,0.0,0.0,0.0,0.0,0.4036,0.00878,0.0,0.0,0.0,0.0,0.0,0.0,0.0,0.0,0.0,0.0,0.0,10.041841004184086,19.944211994421202,0.013947001394700143,0.0,0.0,0.0,0.0,0.0,0.0,0.0,0.0,0.0,0.0,0.0,0.0,0.0,0.0,0.0,0.0
6200,4570,2358,0.5159737417943108,1151,932,0.45579868708971555,1270,0.5557986870897156,0.39399999999999996,2.897830018083183,3.057237993996865,6.524590163934426,2.196170716415497,9425.268783796238,1522.8243626938695,7853.0,10922.875984549522,10900.187592005432,6.99392276932436,7853.0,0.0,28.320131291028446,20.805121865185345,33.011600928074245,19.074746650288247,0.13347921225382933,0.0975929978118162,0.0938730853391685,0.08533916849015317,0.07833698030634573,0.07527352297592997,0.07221006564551423,0.07461706783369804,0.05470459518599562,0.04770240700218818,0.04726477024070022,0.0437636761487965,0.03347921225382932,0.026695842450765863,0.017724288840262583,0.011597374179431073,0.006345733041575492,0.9365160499672921,0.023434025603491494,0.0,0.0,0.0,0.0,0.0,0.0,0.0,0.0,0.0,0.0,0.0,0.0,0.0,0.0,0.0,0.0,0.0,0.0,0.0,0.0,0.0,0.0,0.0,0.0,0.0,0.01969365426695843,1.7330415754923418,11.724288840262584,13.404814004376371,3.1181619256017514,4.163265306122449,2.876534110347623,nan,nan,nan,4.211563731931669,2.904963860660987,4.113156100886163,2.8458721811075254,0.9766339447033915,0.4036,0.00879,0.0,0.0,0.0,0.0,0.0,0.0,0.0,0.0,0.0,0.0,0.0,10.358862144420117,19.628008752735234,0.013129102844638953,0.0,0.0,0.0,0.0,0.0,0.0,0.0,0.0,0.0,0.0,0.0,0.0,0.0,0.0,0.0,0.0,nan,nan,4.163265306122449,2.876534110347623,nan,0.4036,0.04086,0.0,0.0,0.0,0.0,0.0,0.0,0.0,0.0,0.0,0.0,0.0,0.0,0.0,0.0,0.0,0.0,0.0,0.0,0.0,0.0,0.0,0.0,0.0,0.0,0.0,0.0,0.0,1.0940919037199125e-05,0.001137855579868709,0.004190371991247265,0.0030196936542669583,0.005196936542669584,0.02800875273522976,0.03600656455142232,0.02424507658643326,0.03831509846827134,0.03229759299781182,0.055240700218818384,0.07068927789934354,0.1186761487964989,0.10556892778993436,0.06967177242888403,0.12132385120350109,0.08660831509846827,0.06152078774617068,0.03765864332603939,0.03414660831509847,0.027549234135667396,0.025076586433260394,0.003796498905908096,0.0033588621444201315,0.0026695842450765866,0.0014332603938730854,0.002111597374179431,0.0,0.0001312910284463895,0.0,0.0,0.00033916849015317287,0.0,0.0,0.0,0.0,0.0,0.0,0.0,0.0,0.0,0.0,0.0,0.0,0.0,0.0,0.0,0.0,0.0,0.0,0.0,0.0,0.0,0.0,0.0,0.0,0.0,0.0,0.0,0.0,0.0,0.0,0.0,0.0,0.0,0.0,0.0,0.0,0.0,0.0,0.0,0.0,0.0,0.0,nan,nan,4.163265306122449,2.876534110347623,nan,0.93640629174954,0.023475030026836558,0.0,0.0,0.0,0.0,0.0,0.0,0.0,0.0,0.0,0.0,0.0,0.0,0.0,0.0,0.0,0.0,0.0,0.0,0.0,0.0,0.0,0.0,0.0,0.0,0.0,0.0,1.844783715012723,11.61577608142494,13.460559796437662,3.0788804071246827,0.9366330526243714,0.023389668424941588,0.0,0.0,0.0,0.0,0.0,0.0,0.0,0.0,0.0,0.0,0.0,0.0,0.0,0.0,0.0,0.0,0.0,0.0,0.0,0.0,0.0,0.0,0.0,0.0,0.0,0.040687160940325505,1.6139240506329118,11.839963833634723,13.345388788426767,3.160036166365281,0.4036,0.008675,0.0,0.0,0.0,0.0,0.0,0.0,0.0,0.0,0.0,0.0,0.0,10.381679389312962,19.605597964376592,0.012722646310432573,0.0,0.0,0.0,0.0,0.0,0.0,0.0,0.0,0.0,0.0,0.0,0.0,0.0,0.0,0.0,0.0,0.4033,0.00891,0.0,0.0,0.0,0.0,0.0,0.0,0.0,0.0,0.0,0.0,0.0,10.334538878842661,19.65189873417722,0.013562386980108502,0.0,0.0,0.0,0.0,0.0,0.0,0.0,0.0,0.0,0.0,0.0,0.0,0.0,0.0,0.0,0.0
6300,4525,2325,0.5138121546961326,1072,910,0.43801104972375693,1253,0.5538121546961325,0.41,2.9527272727272726,3.095971255765939,6.449838187702265,2.3451889000788455,9418.392396250654,1522.7382842984284,7853.0,10921.246795773506,10899.623910982455,6.738695705172869,7853.0,0.0,28.002872928176796,21.103339332266895,32.894142369319674,19.44121107446041,0.1374585635359116,0.10607734806629834,0.09392265193370165,0.08751381215469613,0.07558011049723756,0.07668508287292818,0.06895027624309392,0.06519337016574586,0.05303867403314917,0.04729281767955801,0.04773480662983425,0.04132596685082873,0.033370165745856356,0.029613259668508286,0.019226519337016575,0.008839779005524863,0.008176795580110497,0.9349278680395685,0.023299035793420006,0.0,0.0,0.0,0.0,0.0,0.0,0.0,0.0,0.0,0.0,0.0,0.0,0.0,0.0,0.0,0.0,0.0,0.0,0.0,0.0,0.0,0.0,0.0,0.0,0.0,0.06629834254143648,1.995580110497238,11.893922651933705,13.4121546961326,2.632044198895028,4.276683937823834,2.8631043556299733,nan,nan,nan,4.351071181755356,2.8837959510926825,4.2031789910158945,2.8411364342770398,0.9660101651842439,0.4033,0.00887,0.0,0.0,0.0,0.0,0.0,0.0,0.0,0.0,0.0,0.0,0.0,10.667403314917111,19.31933701657459,0.013259668508287296,0.0,0.0,0.0,0.0,0.0,0.0,0.0,0.0,0.0,0.0,0.0,0.0,0.0,0.0,0.0,0.0,nan,nan,4.276683937823834,2.8631043556299733,nan,0.4033,0.0411,0.0,0.0,0.0,0.0,0.0,0.0,0.0,0.0,0.0,0.0,0.0,0.0,0.0,0.0,0.0,0.0,0.0,0.0,0.0,0.0,0.0,0.0,0.0,0.0,0.0,0.0,0.0,0.0,0.00143646408839779,0.004419889502762431,0.0035911602209944752,0.005314917127071823,0.030718232044198896,0.03597790055248619,0.023392265193370166,0.03713812154696133,0.032353591160221,0.05574585635359116,0.06976795580110497,0.11524861878453038,0.1049060773480663,0.06875138121546961,0.12630939226519336,0.08792265193370166,0.057049723756906076,0.03986740331491713,0.034441988950276246,0.028386740331491713,0.022718232044198896,0.00425414364640884,0.004088397790055248,0.002397790055248619,0.001569060773480663,0.0018342541436464088,0.0,0.00012154696132596685,0.0,0.0,0.00027624309392265195,0.0,0.0,0.0,0.0,0.0,0.0,0.0,0.0,0.0,0.0,0.0,0.0,0.0,0.0,0.0,0.0,0.0,0.0,0.0,0.0,0.0,0.0,0.0,0.0,0.0,0.0,0.0,0.0,0.0,0.0,0.0,0.0,0.0,0.0,0.0,0.0,0.0,0.0,0.0,0.0,0.0,0.0,nan,nan,4.276683937823834,2.8631043556299733,nan,0.9347791028022766,0.022702701545321762,0.0,0.0,0.0,0.0,0.0,0.0,0.0,0.0,0.0,0.0,0.0,0.0,0.0,0.0,0.0,0.0,0.0,0.0,0.0,0.0,0.0,0.0,0.0,0.0,0.0,0.051612903225806465,1.9225806451612908,11.987096774193551,13.625806451612906,2.4129032258064522,0.935085085847161,0.023912089706004662,0.0,0.0,0.0,0.0,0.0,0.0,0.0,0.0,0.0,0.0,0.0,0.0,0.0,0.0,0.0,0.0,0.0,0.0,0.0,0.0,0.0,0.0,0.0,0.0,0.0,0.08181818181818183,2.072727272727273,11.795454545454549,13.18636363636364,2.8636363636363646,0.4033,0.00867,0.0,0.0,0.0,0.0,0.0,0.0,0.0,0.0,0.0,0.0,0.0,10.916129032258048,19.070967741935487,0.012903225806451616,0.0,0.0,0.0,0.0,0.0,0.0,0.0,0.0,0.0,0.0,0.0,0.0,0.0,0.0,0.0,0.0,0.4036,0.00908,0.0,0.0,0.0,0.0,0.0,0.0,0.0,0.0,0.0,0.0,0.0,10.40454545454544,19.581818181818186,0.01363636363636364,0.0,0.0,0.0,0.0,0.0,0.0,0.0,0.0,0.0,0.0,0.0,0.0,0.0,0.0,0.0,0.0
6400,4320,2260,0.5231481481481481,1049,879,0.4462962962962963,1209,0.5597222222222222,0.438,3.046116504854369,3.1754992675289824,6.799642218246869,2.1713535544439813,9447.097763667076,1521.9371026023612,7853.0,10924.320024728775,10900.124928779544,6.939053303511303,7853.0,0.0,27.722453703703703,20.880459044409537,32.7879711751663,19.12394511060425,0.14375,0.10208333333333333,0.09259259259259259,0.08958333333333333,0.07476851851851851,0.0724537037037037,0.07175925925925926,0.06527777777777778,0.05439814814814815,0.05439814814814815,0.04675925925925926,0.03634259259259259,0.033796296296296297,0.02824074074074074,0.018055555555555554,0.009259259259259259,0.006481481481481481,0.935598775551275,0.023320545353635747,0.0,0.0,0.0,0.0,0.0,0.0,0.0,0.0,0.0,0.0,0.0,0.0,0.0,0.0,0.0,0.0,0.0,0.0,0.0,0.0,0.0,0.0,0.0,0.0,0.0,0.04166666666666667,1.8194444444444449,11.96527777777778,13.423611111111114,2.7500000000000004,4.37042406669083,2.9667375908987794,nan,nan,nan,4.340746054519369,2.998941183799786,4.400732600732601,2.933175062421718,1.0138194092581798,0.4038,0.00886,0.0,0.0,0.0,0.0,0.0,0.0,0.0,0.0,0.0,0.0,0.0,9.659722222222209,20.326388888888893,0.013888888888888892,0.0,0.0,0.0,0.0,0.0,0.0,0.0,0.0,0.0,0.0,0.0,0.0,0.0,0.0,0.0,0.0,nan,nan,4.37042406669083,2.9667375908987794,nan,0.4038,0.0413,0.0,0.0,0.0,0.0,0.0,0.0,0.0,0.0,0.0,0.0,0.0,0.0,0.0,0.0,0.0,0.0,0.0,0.0,0.0,0.0,0.0,0.0,0.0,0.0,0.0,0.0,0.0,0.0,0.001724537037037037,0.004155092592592592,0.004548611111111111,0.005127314814814815,0.0296875,0.03431712962962963,0.023229166666666665,0.036412037037037034,0.031921296296296295,0.05667824074074074,0.06885416666666666,0.10927083333333333,0.10917824074074074,0.07021990740740741,0.12231481481481482,0.09275462962962963,0.05392361111111111,0.03913194444444444,0.0378125,0.03119212962962963,0.02255787037037037,0.0040625,0.003912037037037037,0.002800925925925926,0.0019097222222222222,0.001979166666666667,0.0,0.00011574074074074075,0.0,0.0,0.00020833333333333335,0.0,0.0,0.0,0.0,0.0,0.0,0.0,0.0,0.0,0.0,0.0,0.0,0.0,0.0,0.0,0.0,0.0,0.0,0.0,0.0,0.0,0.0,0.0,0.0,0.0,0.0,0.0,0.0,0.0,0.0,0.0,0.0,0.0,0.0,0.0,0.0,0.0,0.0,0.0,0.0,0.0,0.0,nan,nan,4.37042406669083,2.9667375908987794,nan,0.935805710886432,0.02301282668584324,0.0,0.0,0.0,0.0,0.0,0.0,0.0,0.0,0.0,0.0,0.0,0.0,0.0,0.0,0.0,0.0,0.0,0.0,0.0,0.0,0.0,0.0,0.0,0.0,0.0,0.03982300884955753,1.6858407079646023,11.78761061946903,13.871681415929206,2.615044247787611,0.9353717494068794,0.0236514522966894,0.0,0.0,0.0,0.0,0.0,0.0,0.0,0.0,0.0,0.0,0.0,0.0,0.0,0.0,0.0,0.0,0.0,0.0,0.0,0.0,0.0,0.0,0.0,0.0,0.0,0.04368932038834952,1.9660194174757286,12.160194174757285,12.93203883495146,2.8980582524271847,0.404,0.00896,0.0,0.0,0.0,0.0,0.0,0.0,0.0,0.0,0.0,0.0,0.0,9.610619469026535,20.37610619469027,0.013274336283185844,0.0,0.0,0.0,0.0,0.0,0.0,0.0,0.0,0.0,0.0,0.0,0.0,0.0,0.0,0.0,0.0,0.4038,0.00874,0.0,0.0,0.0,0.0,0.0,0.0,0.0,0.0,0.0,0.0,0.0,9.713592233009695,20.27184466019418,0.014563106796116509,0.0,0.0,0.0,0.0,0.0,0.0,0.0,0.0,0.0,0.0,0.0,0.0,0.0,0.0,0.0,0.0
6500,4870,2516,0.5166324435318275,1192,1002,0.4505133470225873,1378,0.5659137577002054,0.39399999999999996,2.967289719626168,3.054759459624357,6.576631259484067,1.985103904962993,9427.217194687928,1522.7020369977138,7853.0,10925.133628487587,10900.073822786253,6.99297639681378,7853.0,0.0,28.143737166324435,20.912074580035814,33.03900536323744,19.148485453395995,0.1402464065708419,0.0946611909650924,0.08870636550308009,0.08870636550308009,0.08295687885010267,0.0837782340862423,0.06714579055441479,0.062217659137577,0.0568788501026694,0.05215605749486653,0.04373716632443532,0.04106776180698152,0.03552361396303901,0.026694045174537988,0.015811088295687885,0.011704312114989733,0.008008213552361396,0.9353758789553045,0.023317623089212227,0.0,0.0,0.0,0.0,0.0,0.0,0.0,0.0,0.0,0.0,0.0,0.0,0.0,0.0,0.0,0.0,0.0,0.0,0.0,0.0,0.0,0.0,0.0,0.0,0.0,0.08624229979466122,1.8418891170431215,11.93839835728953,13.441478439425055,2.6919917864476393,4.283454602973743,2.8556999216143106,nan,nan,nan,4.267560664112389,2.850790493510659,4.2990595611285265,2.860425970573192,1.0073810074408607,0.4043,0.008736,0.0,0.0,0.0,0.0,0.0,0.0,0.0,0.0,0.0,0.0,0.0,9.449691991786434,20.531827515400416,0.018480492813141687,0.0,0.0,0.0,0.0,0.0,0.0,0.0,0.0,0.0,0.0,0.0,0.0,0.0,0.0,0.0,0.0,nan,nan,4.283454602973743,2.8556999216143106,nan,0.4043,0.0414,0.0,0.0,0.0,0.0,0.0,0.0,0.0,0.0,0.0,0.0,0.0,0.0,0.0,0.0,0.0,0.0,0.0,0.0,0.0,0.0,0.0,0.0,0.0,0.0,0.0,0.0,0.0,3.080082135523614e-05,0.0018172484599589323,0.0037782340862423,0.004363449691991786,0.003963039014373716,0.02782340862422998,0.034004106776180695,0.025297741273100617,0.03282340862422998,0.03234086242299795,0.05933264887063655,0.06957905544147844,0.11320328542094456,0.11046201232032854,0.06803901437371664,0.11990759753593429,0.09237166324435318,0.050503080082135526,0.03951745379876797,0.03731006160164271,0.03306981519507187,0.022987679671457907,0.0034702258726899385,0.005205338809034908,0.0039219712525667355,0.002515400410677618,0.0020636550308008213,0.0,0.00011293634496919918,0.0,0.0,0.00018480492813141683,0.0,0.0,0.0,0.0,0.0,0.0,0.0,0.0,0.0,0.0,0.0,0.0,0.0,0.0,0.0,0.0,0.0,0.0,0.0,0.0,0.0,0.0,0.0,0.0,0.0,0.0,0.0,0.0,0.0,0.0,0.0,0.0,0.0,0.0,0.0,0.0,0.0,0.0,0.0,0.0,0.0,0.0,nan,nan,4.283454602973743,2.8556999216143106,nan,0.9352015099104714,0.02309045977489599,0.0,0.0,0.0,0.0,0.0,0.0,0.0,0.0,0.0,0.0,0.0,0.0,0.0,0.0,0.0,0.0,0.0,0.0,0.0,0.0,0.0,0.0,0.0,0.0,0.0,0.10731319554848968,1.812400635930048,12.138314785373613,13.282988871224168,2.658982511923689,0.9355622479089155,0.023556570952337753,0.0,0.0,0.0,0.0,0.0,0.0,0.0,0.0,0.0,0.0,0.0,0.0,0.0,0.0,0.0,0.0,0.0,0.0,0.0,0.0,0.0,0.0,0.0,0.0,0.0,0.06372132540356841,1.8734069668649111,11.724723874256588,13.610875106202212,2.727272727272728,0.4043,0.00876,0.0,0.0,0.0,0.0,0.0,0.0,0.0,0.0,0.0,0.0,0.0,9.586645468998396,20.389507154213042,0.023847376788553264,0.0,0.0,0.0,0.0,0.0,0.0,0.0,0.0,0.0,0.0,0.0,0.0,0.0,0.0,0.0,0.0,0.4043,0.00871,0.0,0.0,0.0,0.0,0.0,0.0,0.0,0.0,0.0,0.0,0.0,9.303313508920972,20.683942225998305,0.012744265080713682,0.0,0.0,0.0,0.0,0.0,0.0,0.0,0.0,0.0,0.0,0.0,0.0,0.0,0.0,0.0,0.0
6600,4693,2400,0.5113999573833369,1102,963,0.4400170466652461,1321,0.5629661197528234,0.422,2.9978194505015265,3.152124218673617,6.676236044657097,2.234025667069433,9411.101368923128,1522.9806757392344,7853.0,10923.587091207504,10899.737385148432,6.896628809972876,7853.0,0.0,27.36842105263158,20.838956127362977,32.449219749296496,19.136803145186228,0.14660132111655658,0.10313232473897294,0.09610057532495206,0.08502024291497975,0.07713616023865331,0.08097165991902834,0.0730875772427019,0.05817174515235457,0.05241849563179203,0.052205412316215644,0.04517366290219476,0.039207330066055826,0.033027913914340505,0.021308331557639035,0.0176859151928404,0.01150649904112508,0.007244832729597273,0.9341839290671122,0.023223590105936713,0.0,0.0,0.0,0.0,0.0,0.0,0.0,0.0,0.0,0.0,0.0,0.0,0.0,0.0,0.0,0.0,0.0,0.0,0.0,0.0,0.0,0.0,0.0,0.0,0.0,0.04474749627104199,2.0264223311314726,12.401448966545923,13.117408906882595,2.4099722991689756,4.3620747726507245,2.893749411795868,nan,nan,nan,4.388059701492537,2.8468399785488865,4.338018741633199,2.9394036923469966,0.9885961077871577,0.4043,0.00885,0.0,0.0,0.0,0.0,0.0,0.0,0.0,0.0,0.0,0.0,0.0,9.198806733432757,20.801193266567232,0.0,0.0,0.0,0.0,0.0,0.0,0.0,0.0,0.0,0.0,0.0,0.0,0.0,0.0,0.0,0.0,0.0,nan,nan,4.3620747726507245,2.893749411795868,nan,0.4043,0.04144,0.0,0.0,0.0,0.0,0.0,0.0,0.0,0.0,0.0,0.0,0.0,0.0,0.0,0.0,0.0,0.0,0.0,0.0,0.0,0.0,0.0,0.0,0.0,0.0,1.0654165778819519e-05,0.0,5.327082889409759e-05,5.327082889409759e-05,0.00199232900063925,0.0031962497336458554,0.004155124653739612,0.0035052205412316214,0.02693373108885574,0.035883230343064135,0.025356914553590452,0.03332623055614745,0.03228212230982314,0.05714894523758789,0.07028553164287236,0.1146814404432133,0.1101001491583209,0.07045599829533347,0.11645003196249734,0.09157255486895376,0.05116130406989133,0.04256339228638398,0.03626678031110164,0.03170679735776689,0.021990198167483484,0.003803537183038568,0.006211378649051779,0.0035265288727892607,0.0033773705518857873,0.0016940123588323034,0.0,0.0,0.0,5.327082889409759e-05,0.00020242914979757084,0.0,0.0,0.0,0.0,0.0,0.0,0.0,0.0,0.0,0.0,0.0,0.0,0.0,0.0,0.0,0.0,0.0,0.0,0.0,0.0,0.0,0.0,0.0,0.0,0.0,0.0,0.0,0.0,0.0,0.0,0.0,0.0,0.0,0.0,0.0,0.0,0.0,0.0,0.0,0.0,0.0,0.0,nan,nan,4.3620747726507245,2.893749411795868,nan,0.9338981413592895,0.023323002847593317,0.0,0.0,0.0,0.0,0.0,0.0,0.0,0.0,0.0,0.0,0.0,0.0,0.0,0.0,0.0,0.0,0.0,0.0,0.0,0.0,0.0,0.0,0.0,0.0,0.0,0.06250000000000001,2.0625000000000004,12.262500000000003,13.337500000000004,2.2750000000000004,0.9344830527037343,0.023115296317093262,0.0,0.0,0.0,0.0,0.0,0.0,0.0,0.0,0.0,0.0,0.0,0.0,0.0,0.0,0.0,0.0,0.0,0.0,0.0,0.0,0.0,0.0,0.0,0.0,0.0,0.02616659398168339,1.9886611426079377,12.546881814217185,12.88704753597907,2.5512429132141303,0.4045,0.0089,0.0,0.0,0.0,0.0,0.0,0.0,0.0,0.0,0.0,0.0,0.0,9.262499999999987,20.737500000000008,0.0,0.0,0.0,0.0,0.0,0.0,0.0,0.0,0.0,0.0,0.0,0.0,0.0,0.0,0.0,0.0,0.0,0.4043,0.00879,0.0,0.0,0.0,0.0,0.0,0.0,0.0,0.0,0.0,0.0,0.0,9.132141299607488,20.867858700392503,0.0,0.0,0.0,0.0,0.0,0.0,0.0,0.0,0.0,0.0,0.0,0.0,0.0,0.0,0.0,0.0,0.0
6700,4918,2554,0.519316795445303,1231,1005,0.4546563643757625,1387,0.5640504270028467,0.422,2.9983079526226732,3.07038093723737,6.487332339791356,2.1290840739323027,9435.159325271567,1522.179246936033,7853.0,10923.663435697556,10899.616899641958,6.86185341103422,7853.0,0.0,27.935542903619357,20.71971872449168,32.96915978630403,18.876976291835017,0.14213094753965028,0.10044733631557544,0.08702724684831233,0.08255388369255795,0.08092720618137454,0.08113054087027247,0.06893045953639691,0.0664904432696218,0.05876372509150061,0.054493696624644164,0.044123627490849936,0.041276941846278975,0.032736884912566086,0.02541683611224075,0.017486783245221633,0.009760065067100447,0.0063033753558357055,0.9339471881517601,0.023037907383936813,0.0,0.0,0.0,0.0,0.0,0.0,0.0,0.0,0.0,0.0,0.0,0.0,0.0,0.0,0.0,0.0,0.0,0.0,0.0,0.0,0.0,0.0,0.0,0.0,0.0,0.07320048800325336,2.0496136640910945,12.376982513216758,13.08458723058154,2.415616104107361,4.335004700720777,2.9150126319800767,nan,nan,nan,4.341875,2.920187748137952,4.328095537397863,2.90978259953248,0.9968263797087349,0.4043,0.008934,0.0,0.0,0.0,0.0,0.0,0.0,0.0,0.0,0.0,0.0,0.0,9.772265148434307,20.20943472956487,0.01830012200081334,0.0,0.0,0.0,0.0,0.0,0.0,0.0,0.0,0.0,0.0,0.0,0.0,0.0,0.0,0.0,0.0,nan,nan,4.335004700720777,2.9150126319800767,nan,0.4043,0.04147,0.0,0.0,0.0,0.0,0.0,0.0,0.0,0.0,0.0,0.0,0.0,0.0,0.0,0.0,0.0,0.0,0.0,0.0,0.0,0.0,0.0,0.0,0.0,0.0,0.0,0.0,6.10004066693778e-05,0.0,0.00184017893452623,0.00387352582350549,0.0043310288735258235,0.0023180154534363563,0.027877185847905654,0.034353395689304594,0.028395689304595365,0.03223871492476617,0.03412972753151688,0.058397722651484345,0.06860512403416023,0.11609394062627085,0.1110105734038227,0.06924562830418869,0.10966856445709638,0.09243594957299715,0.04967466449776332,0.04370679137860919,0.03970109800732005,0.03196421309475397,0.022793818625457502,0.004066693777958519,0.005032533550223668,0.003121187474583164,0.003060187067913786,0.0018808458723058154,0.0,0.0,0.0,7.116714111427409e-05,5.0833672224481496e-05,0.0,0.0,0.0,0.0,0.0,0.0,0.0,0.0,0.0,0.0,0.0,0.0,0.0,0.0,0.0,0.0,0.0,0.0,0.0,0.0,0.0,0.0,0.0,0.0,0.0,0.0,0.0,0.0,0.0,0.0,0.0,0.0,0.0,0.0,0.0,0.0,0.0,0.0,0.0,0.0,0.0,0.0,nan,nan,4.335004700720777,2.9150126319800767,nan,0.9337060739495554,0.023152387854832996,0.0,0.0,0.0,0.0,0.0,0.0,0.0,0.0,0.0,0.0,0.0,0.0,0.0,0.0,0.0,0.0,0.0,0.0,0.0,0.0,0.0,0.0,0.0,0.0,0.0,0.10571652310101803,2.1143304620203605,12.333594361785437,13.132341425215351,2.314017227877839,0.9342076812450051,0.02291073166197526,0.0,0.0,0.0,0.0,0.0,0.0,0.0,0.0,0.0,0.0,0.0,0.0,0.0,0.0,0.0,0.0,0.0,0.0,0.0,0.0,0.0,0.0,0.0,0.0,0.0,0.03807106598984772,1.9796954314720816,12.423857868020308,13.03299492385787,2.5253807106598987,0.4043,0.008995,0.0,0.0,0.0,0.0,0.0,0.0,0.0,0.0,0.0,0.0,0.0,9.97259201252935,20.003915426781525,0.02349256068911512,0.0,0.0,0.0,0.0,0.0,0.0,0.0,0.0,0.0,0.0,0.0,0.0,0.0,0.0,0.0,0.0,0.4043,0.00887,0.0,0.0,0.0,0.0,0.0,0.0,0.0,0.0,0.0,0.0,0.0,9.555837563451762,20.431472081218278,0.012690355329949242,0.0,0.0,0.0,0.0,0.0,0.0,0.0,0.0,0.0,0.0,0.0,0.0,0.0,0.0,0.0,0.0
6800,4982,2590,0.5198715375351265,1196,1037,0.4482135688478523,1399,0.5616218386190285,0.422,2.995819397993311,3.1423819727025855,6.72863568215892,2.1509326656220846,9436.950416590149,1522.2100433398896,7853.0,10922.0635035038,10899.811187433254,6.8633230567788415,7853.0,0.0,27.577880369329588,20.755188670973432,32.753861003861005,18.920587818400552,0.14753111200321156,0.09775190686471297,0.09694901645925331,0.0820955439582497,0.0806904857486953,0.07165796868727418,0.0688478522681654,0.06684062625451626,0.05981533520674428,0.05218787635487756,0.045965475712565235,0.03894018466479326,0.033520674427940586,0.02228020875150542,0.019871537535126455,0.008831794460056202,0.006222400642312324,0.9344256074851606,0.022836319183752632,0.0,0.0,0.0,0.0,0.0,0.0,0.0,0.0,0.0,0.0,0.0,0.0,0.0,0.0,0.0,0.0,0.0,0.0,0.0,0.0,0.0,0.0,0.0,0.0,0.0,0.06623845845042153,1.854676836611803,12.54315535929346,13.151344841429149,2.384584504215175,4.280514590524004,2.9144920971795374,nan,nan,nan,4.272498426683449,2.9094806274036777,4.288485607008761,2.919444987197428,1.0037418809157344,0.404,0.00915,0.0,0.0,0.0,0.0,0.0,0.0,0.0,0.0,0.0,0.0,0.0,9.863508631071845,20.118426334805307,0.018065034122842234,0.0,0.0,0.0,0.0,0.0,0.0,0.0,0.0,0.0,0.0,0.0,0.0,0.0,0.0,0.0,0.0,nan,nan,4.280514590524004,2.9144920971795374,nan,0.404,0.04166,0.0,0.0,0.0,0.0,0.0,0.0,0.0,0.0,0.0,0.0,0.0,0.0,0.0,0.0,0.0,0.0,0.0,0.0,0.0,0.0,0.0,0.0,0.0,0.0,0.0,0.0,8.028904054596547e-05,0.0,0.0023685266961059816,0.0044460056202328384,0.004335608189482136,0.0023384183059012445,0.02793054997992774,0.03448414291449217,0.029546366920915296,0.032788036932958654,0.03230630268968286,0.05873143315937374,0.06410076274588519,0.1155760738659173,0.11179245283018868,0.06949016459253311,0.11297671617824168,0.09148936170212765,0.05167603372139703,0.04509233239662786,0.03728422320353272,0.031934965877157766,0.020634283420313128,0.005248896025692493,0.004807306302689683,0.003572862304295464,0.002920513849859494,0.0018265756724207146,1.0036130068245684e-05,3.0108390204737053e-05,1.0036130068245684e-05,7.025291047771979e-05,0.00010036130068245685,0.0,0.0,0.0,0.0,0.0,0.0,0.0,0.0,0.0,0.0,0.0,0.0,0.0,0.0,0.0,0.0,0.0,0.0,0.0,0.0,0.0,0.0,0.0,0.0,0.0,0.0,0.0,0.0,0.0,0.0,0.0,0.0,0.0,0.0,0.0,0.0,0.0,0.0,0.0,0.0,0.0,0.0,nan,nan,4.280514590524004,2.9144920971795374,nan,0.9343853341336416,0.022842876482081494,0.0,0.0,0.0,0.0,0.0,0.0,0.0,0.0,0.0,0.0,0.0,0.0,0.0,0.0,0.0,0.0,0.0,0.0,0.0,0.0,0.0,0.0,0.0,0.0,0.0,0.06949806949806951,1.7953667953667958,12.694980694980698,13.123552123552127,2.316602316602317,0.9344692145003921,0.0228291368634519,0.0,0.0,0.0,0.0,0.0,0.0,0.0,0.0,0.0,0.0,0.0,0.0,0.0,0.0,0.0,0.0,0.0,0.0,0.0,0.0,0.0,0.0,0.0,0.0,0.0,0.06270903010033446,1.9188963210702346,12.378762541806022,13.181438127090304,2.4581939799331107,0.4043,0.00923,0.0,0.0,0.0,0.0,0.0,0.0,0.0,0.0,0.0,0.0,0.0,9.660231660231647,20.328185328185334,0.011583011583011586,0.0,0.0,0.0,0.0,0.0,0.0,0.0,0.0,0.0,0.0,0.0,0.0,0.0,0.0,0.0,0.0,0.4038,0.00904,0.0,0.0,0.0,0.0,0.0,0.0,0.0,0.0,0.0,0.0,0.0,10.083612040133763,19.89130434782609,0.025083612040133787,0.0,0.0,0.0,0.0,0.0,0.0,0.0,0.0,0.0,0.0,0.0,0.0,0.0,0.0,0.0,0.0
6900,4950,2492,0.5034343434343435,1171,1053,0.4492929292929293,1442,0.5826262626262626,0.414,2.9772172497965825,3.09457149347526,6.570579494799405,2.1733552897418265,9386.744562194262,1523.25335130519,7853.0,10921.99376320839,10899.563235498235,6.811629599015418,7853.0,0.0,28.082424242424242,20.882433635165444,33.08060635226179,19.053960637993963,0.1416161616161616,0.09313131313131313,0.09272727272727273,0.08303030303030302,0.08969696969696969,0.06808080808080808,0.07414141414141415,0.06909090909090909,0.05313131313131313,0.05070707070707071,0.04626262626262626,0.04404040404040404,0.03474747474747475,0.024646464646464646,0.016565656565656565,0.010505050505050505,0.00787878787878788,0.9335839610147958,0.023143673923283085,0.0,0.0,0.0,0.0,0.0,0.0,0.0,0.0,0.0,0.0,0.0,0.0,0.0,0.0,0.0,0.0,0.0,0.0,0.0,0.0,0.0,0.0,0.0,0.0,0.0,0.10303030303030306,2.157575757575758,12.430303030303033,13.06666666666667,2.2424242424242427,4.354568054692355,2.893405515725816,nan,nan,nan,4.340772014475271,2.9376783432062856,4.369230769230769,2.8455231456423946,1.0065561505328076,0.404,0.00882,0.0,0.0,0.0,0.0,0.0,0.0,0.0,0.0,0.0,0.0,0.0,9.618181818181805,20.369696969696975,0.012121212121212125,0.0,0.0,0.0,0.0,0.0,0.0,0.0,0.0,0.0,0.0,0.0,0.0,0.0,0.0,0.0,0.0,nan,nan,4.354568054692355,2.893405515725816,nan,0.404,0.04156,0.0,0.0,0.0,0.0,0.0,0.0,0.0,0.0,0.0,0.0,0.0,0.0,0.0,0.0,0.0,0.0,0.0,0.0,0.0,0.0,0.0,0.0,0.0,0.0,0.0,0.0,1.0101010101010101e-05,1.0101010101010101e-05,0.0022626262626262625,0.004616161616161616,0.00397979797979798,0.0021414141414141416,0.027464646464646466,0.03574747474747475,0.030585858585858584,0.03113131313131313,0.032767676767676765,0.058434343434343436,0.06101010101010101,0.1174040404040404,0.11255555555555556,0.07013131313131313,0.11463636363636363,0.09024242424242425,0.050494949494949495,0.04542424242424242,0.039242424242424245,0.032424242424242425,0.019444444444444445,0.005272727272727273,0.004101010101010101,0.003393939393939394,0.0025454545454545456,0.002313131313131313,0.0,2.0202020202020203e-05,0.0,7.07070707070707e-05,0.00012121212121212121,0.0,0.0,0.0,0.0,0.0,0.0,0.0,0.0,0.0,0.0,0.0,0.0,0.0,0.0,0.0,0.0,0.0,0.0,0.0,0.0,0.0,0.0,0.0,0.0,0.0,0.0,0.0,0.0,0.0,0.0,0.0,0.0,0.0,0.0,0.0,0.0,0.0,0.0,0.0,0.0,0.0,0.0,nan,nan,4.354568054692355,2.893405515725816,nan,0.933475599601793,0.02314407878743485,0.0,0.0,0.0,0.0,0.0,0.0,0.0,0.0,0.0,0.0,0.0,0.0,0.0,0.0,0.0,0.0,0.0,0.0,0.0,0.0,0.0,0.0,0.0,0.0,0.0,0.12038523274478333,2.23916532905297,12.20706260032103,13.242375601926167,2.1910112359550564,0.9336938213244796,0.02314274550020204,0.0,0.0,0.0,0.0,0.0,0.0,0.0,0.0,0.0,0.0,0.0,0.0,0.0,0.0,0.0,0.0,0.0,0.0,0.0,0.0,0.0,0.0,0.0,0.0,0.0,0.08543531326281532,2.074857607811229,12.656631407648497,12.888527257933282,2.2945484133441827,0.4043,0.00872,0.0,0.0,0.0,0.0,0.0,0.0,0.0,0.0,0.0,0.0,0.0,9.35393258426965,20.634028892455866,0.012038523274478333,0.0,0.0,0.0,0.0,0.0,0.0,0.0,0.0,0.0,0.0,0.0,0.0,0.0,0.0,0.0,0.0,0.4038,0.00891,0.0,0.0,0.0,0.0,0.0,0.0,0.0,0.0,0.0,0.0,0.0,9.886086248982899,20.101708706265264,0.012205044751830759,0.0,0.0,0.0,0.0,0.0,0.0,0.0,0.0,0.0,0.0,0.0,0.0,0.0,0.0,0.0,0.0
7000,4875,2535,0.52,1235,1010,0.4605128205128205,1407,0.5772307692307692,0.38599999999999995,3.016239316239316,3.0338110997360372,6.486049926578561,2.068616438848831,9437.468261094155,1522.3157901778334,7853.0,10921.927044332027,10900.054348257989,6.812149183113309,7853.0,0.0,28.591384615384616,20.691512136455778,33.27038109020743,18.880344675088413,0.1316923076923077,0.09148717948717949,0.09066666666666667,0.0841025641025641,0.08471794871794872,0.07712820512820513,0.07384615384615385,0.06584615384615385,0.058666666666666666,0.05476923076923077,0.048615384615384616,0.04287179487179487,0.03487179487179487,0.025435897435897435,0.018871794871794873,0.010666666666666666,0.005743589743589744,0.9347039220883296,0.023055127299309208,0.0,0.0,0.0,0.0,0.0,0.0,0.0,0.0,0.0,0.0,0.0,0.0,0.0,0.0,0.0,0.0,0.0,0.0,0.0,0.0,0.0,0.0,0.0,0.0,0.0,0.049230769230769245,1.8769230769230774,12.400000000000002,13.150769230769233,2.523076923076924,4.169135802469135,2.879006257537556,nan,nan,nan,4.092777085927771,2.8944891399335915,4.2437232088181265,2.8625373577027706,1.0368811004658316,0.4045,0.00904,0.0,0.0,0.0,0.0,0.0,0.0,0.0,0.0,0.0,0.0,0.0,9.279999999999987,20.70153846153847,0.018461538461538463,0.0,0.0,0.0,0.0,0.0,0.0,0.0,0.0,0.0,0.0,0.0,0.0,0.0,0.0,0.0,0.0,nan,nan,4.169135802469135,2.879006257537556,nan,0.4045,0.04172,0.0,0.0,0.0,0.0,0.0,0.0,0.0,0.0,0.0,0.0,0.0,0.0,0.0,0.0,0.0,0.0,0.0,0.0,0.0,0.0,0.0,0.0,0.0,0.0,0.0,0.0,1.0256410256410256e-05,1.0256410256410256e-05,0.0019179487179487179,0.004605128205128205,0.0041025641025641026,0.0019794871794871793,0.028112820512820512,0.03614358974358974,0.028605128205128207,0.028687179487179488,0.03358974358974359,0.06074871794871795,0.058635897435897436,0.1203897435897436,0.1087897435897436,0.07078974358974359,0.11523076923076923,0.0917025641025641,0.047384615384615386,0.046112820512820514,0.03860512820512821,0.03476923076923077,0.019887179487179486,0.005743589743589744,0.004338461538461538,0.0029641025641025643,0.003374358974358974,0.0026256410256410255,3.076923076923077e-05,0.0,0.0,4.1025641025641023e-05,7.179487179487179e-05,0.0,0.0,0.0,0.0,0.0,0.0,0.0,0.0,0.0,0.0,0.0,0.0,0.0,0.0,0.0,0.0,0.0,0.0,0.0,0.0,0.0,0.0,0.0,0.0,0.0,0.0,0.0,0.0,0.0,0.0,0.0,0.0,0.0,0.0,0.0,0.0,0.0,0.0,0.0,0.0,0.0,0.0,nan,nan,4.169135802469135,2.879006257537556,nan,0.9348942095241133,0.023090331055399895,0.0,0.0,0.0,0.0,0.0,0.0,0.0,0.0,0.0,0.0,0.0,0.0,0.0,0.0,0.0,0.0,0.0,0.0,0.0,0.0,0.0,0.0,0.0,0.0,0.0,0.07100591715976333,1.8224852071005921,12.366863905325447,13.136094674556215,2.603550295857989,0.9344977773662306,0.023015153800804194,0.0,0.0,0.0,0.0,0.0,0.0,0.0,0.0,0.0,0.0,0.0,0.0,0.0,0.0,0.0,0.0,0.0,0.0,0.0,0.0,0.0,0.0,0.0,0.0,0.0,0.025641025641025647,1.9358974358974363,12.43589743589744,13.16666666666667,2.435897435897436,0.4045,0.00899,0.0,0.0,0.0,0.0,0.0,0.0,0.0,0.0,0.0,0.0,0.0,9.254437869822473,20.721893491124266,0.023668639053254444,0.0,0.0,0.0,0.0,0.0,0.0,0.0,0.0,0.0,0.0,0.0,0.0,0.0,0.0,0.0,0.0,0.4043,0.0091,0.0,0.0,0.0,0.0,0.0,0.0,0.0,0.0,0.0,0.0,0.0,9.307692307692294,20.679487179487182,0.012820512820512824,0.0,0.0,0.0,0.0,0.0,0.0,0.0,0.0,0.0,0.0,0.0,0.0,0.0,0.0,0.0,0.0
7100,4797,2504,0.5219929122368147,1198,969,0.4517406712528664,1349,0.5624348551177819,0.39799999999999996,2.9956389010030526,3.122024541702483,6.711180124223603,2.0016606083843858,9443.657201602642,1522.172149309769,7853.0,10922.940738677979,10900.277394603783,6.872187262984549,7853.0,0.0,28.21680216802168,21.021488185911046,33.2229947851999,19.22666640214527,0.1398790910986033,0.10006253908692933,0.08838857619345425,0.08213466750052116,0.08651240358557431,0.072336877214926,0.06900145924536169,0.06837606837606838,0.053992078382322284,0.053366687513028976,0.04586199708150928,0.043777360850531584,0.03335417969564311,0.024181780279341255,0.01938711694809256,0.012299353762768398,0.007087763185324161,0.9356075607788471,0.02321681941101119,0.0,0.0,0.0,0.0,0.0,0.0,0.0,0.0,0.0,0.0,0.0,0.0,0.0,0.0,0.0,0.0,0.0,0.0,0.0,0.0,0.0,0.0,0.0,0.0,0.0,0.05628517823639776,1.8073796122576615,12.076297686053787,13.289555972482805,2.7704815509693566,4.202103920943577,2.9436242710201723,nan,nan,nan,4.136986301369863,2.9510180413731346,4.273202614379085,2.9332220686551254,1.03292645976713,0.4045,0.009,0.0,0.0,0.0,0.0,0.0,0.0,0.0,0.0,0.0,0.0,0.0,9.149468417761087,20.831769856160108,0.01876172607879925,0.0,0.0,0.0,0.0,0.0,0.0,0.0,0.0,0.0,0.0,0.0,0.0,0.0,0.0,0.0,0.0,nan,nan,4.202103920943577,2.9436242710201723,nan,0.4045,0.04218,0.0,0.0,0.0,0.0,0.0,0.0,0.0,0.0,0.0,0.0,0.0,0.0,0.0,0.0,0.0,0.0,0.0,0.0,0.0,0.0,0.0,0.0,0.0,0.0,0.0,0.0,7.29622680842193e-05,2.0846362309776944e-05,0.0017302480717114863,0.004242234730039608,0.004033771106941838,0.002887221179904107,0.02781947050239733,0.03633520950594121,0.03014383989993746,0.028455284552845527,0.036043360433604336,0.06208046695851574,0.05693141546800083,0.12350427350427351,0.10755680633729414,0.06696893892015843,0.11188242651657286,0.0911402960183448,0.0477381696893892,0.04505941213258286,0.03714821763602252,0.03697102355638941,0.020273087346258076,0.006431102772566187,0.00423181154888472,0.0034292265999583075,0.003533458411507192,0.0031165311653116533,2.0846362309776944e-05,0.0,0.0,4.169272461955389e-05,0.0001459245361684386,0.0,0.0,1.0423181154888472e-05,0.0,0.0,0.0,0.0,0.0,0.0,0.0,0.0,0.0,0.0,0.0,0.0,0.0,0.0,0.0,0.0,0.0,0.0,0.0,0.0,0.0,0.0,0.0,0.0,0.0,0.0,0.0,0.0,0.0,0.0,0.0,0.0,0.0,0.0,0.0,0.0,0.0,0.0,0.0,nan,nan,4.202103920943577,2.9436242710201723,nan,0.9357398834805519,0.02330005615367176,0.0,0.0,0.0,0.0,0.0,0.0,0.0,0.0,0.0,0.0,0.0,0.0,0.0,0.0,0.0,0.0,0.0,0.0,0.0,0.0,0.0,0.0,0.0,0.0,0.0,0.059904153354632596,1.725239616613419,12.268370607028757,12.975239616613422,2.971246006389777,0.9354630618494668,0.02312471620629016,0.0,0.0,0.0,0.0,0.0,0.0,0.0,0.0,0.0,0.0,0.0,0.0,0.0,0.0,0.0,0.0,0.0,0.0,0.0,0.0,0.0,0.0,0.0,0.0,0.0,0.05233318796336678,1.8970780636720457,11.866550370693417,13.632795464457047,2.5512429132141303,0.4045,0.009056,0.0,0.0,0.0,0.0,0.0,0.0,0.0,0.0,0.0,0.0,0.0,9.069488817891362,20.906549520766777,0.02396166134185304,0.0,0.0,0.0,0.0,0.0,0.0,0.0,0.0,0.0,0.0,0.0,0.0,0.0,0.0,0.0,0.0,0.4043,0.008934,0.0,0.0,0.0,0.0,0.0,0.0,0.0,0.0,0.0,0.0,0.0,9.236807675534221,20.750109027474927,0.013083296990841695,0.0,0.0,0.0,0.0,0.0,0.0,0.0,0.0,0.0,0.0,0.0,0.0,0.0,0.0,0.0,0.0
7200,4643,2357,0.5076459185871204,1087,979,0.4449709239715701,1303,0.561275037691148,0.422,2.916447944006999,3.138466892372257,6.766666666666667,2.1398338460938713,9399.876956478316,1523.4081170155512,7853.0,10923.138699412346,10900.157279986774,6.764674753975474,7853.0,0.0,27.29829851389188,20.580064630867795,32.278050038689706,18.874920973300377,0.14042644841697177,0.10768899418479431,0.09239715701055352,0.08895110919664011,0.0833512814990308,0.07279776006892096,0.07193624811544261,0.0624596166271807,0.055567520999353866,0.05449063105750592,0.04802929140641826,0.033814344174025415,0.03015291837174241,0.02670687055782899,0.01615334912771915,0.010122765453370666,0.004953693732500539,0.9348090338008609,0.023009958450062564,0.0,0.0,0.0,0.0,0.0,0.0,0.0,0.0,0.0,0.0,0.0,0.0,0.0,0.0,0.0,0.0,0.0,0.0,0.0,0.0,0.0,0.0,0.0,0.0,0.0,0.03876803790652596,2.1193194055567526,11.701486108119754,13.762653456816716,2.377772991600259,4.355729877216917,2.9474694755036053,nan,nan,nan,4.325033647375505,2.8542439356787823,4.386851211072664,3.0409830605252717,1.014292967115914,0.4045,0.00925,0.0,0.0,0.0,0.0,0.0,0.0,0.0,0.0,0.0,0.0,0.0,9.381865173379266,20.59228946801637,0.02584535860435064,0.0,0.0,0.0,0.0,0.0,0.0,0.0,0.0,0.0,0.0,0.0,0.0,0.0,0.0,0.0,0.0,nan,nan,4.355729877216917,2.9474694755036053,nan,0.4045,0.04227,0.0,0.0,0.0,0.0,0.0,0.0,0.0,0.0,0.0,0.0,0.0,0.0,0.0,0.0,0.0,0.0,0.0,0.0,0.0,0.0,0.0,0.0,0.0,0.0,0.0,0.0,9.692009476631489e-05,0.0,0.0015830282145164764,0.004415248761576567,0.003273745423217747,0.0026168425586905017,0.027966831789791084,0.03636657333620504,0.031003661425802284,0.02803144518630196,0.037841912556536725,0.06312728839112643,0.059595089381865175,0.11907172087012707,0.10516907172087013,0.06654102950678441,0.10833512814990308,0.09368942494077105,0.04896618565582597,0.04802929140641826,0.03452509153564506,0.038175748438509585,0.01991169502476847,0.006838251130734439,0.004242946370880896,0.0038875726900710747,0.0035860435063536505,0.0030583674348481586,0.0,0.0,0.0,3.23066982554383e-05,2.1537798836958863e-05,0.0,0.0,0.0,0.0,0.0,0.0,0.0,0.0,0.0,0.0,0.0,0.0,0.0,0.0,0.0,0.0,0.0,0.0,0.0,0.0,0.0,0.0,0.0,0.0,0.0,0.0,0.0,0.0,0.0,0.0,0.0,0.0,0.0,0.0,0.0,0.0,0.0,0.0,0.0,0.0,0.0,0.0,nan,nan,4.355729877216917,2.9474694755036053,nan,0.9352424140698736,0.022739149847005008,0.0,0.0,0.0,0.0,0.0,0.0,0.0,0.0,0.0,0.0,0.0,0.0,0.0,0.0,0.0,0.0,0.0,0.0,0.0,0.0,0.0,0.0,0.0,0.0,0.0,0.0254560882477726,1.96011879507849,11.633432329232077,14.10267288926602,2.2783198981756474,0.9343621933397659,0.02327743359544311,0.0,0.0,0.0,0.0,0.0,0.0,0.0,0.0,0.0,0.0,0.0,0.0,0.0,0.0,0.0,0.0,0.0,0.0,0.0,0.0,0.0,0.0,0.0,0.0,0.0,0.05249343832020999,2.2834645669291342,11.77165354330709,13.412073490813652,2.4803149606299217,0.4045,0.009186,0.0,0.0,0.0,0.0,0.0,0.0,0.0,0.0,0.0,0.0,0.0,9.291472210436982,20.683071701315235,0.0254560882477726,0.0,0.0,0.0,0.0,0.0,0.0,0.0,0.0,0.0,0.0,0.0,0.0,0.0,0.0,0.0,0.0,0.4043,0.009315,0.0,0.0,0.0,0.0,0.0,0.0,0.0,0.0,0.0,0.0,0.0,9.475065616797886,20.498687664042,0.026246719160104993,0.0,0.0,0.0,0.0,0.0,0.0,0.0,0.0,0.0,0.0,0.0,0.0,0.0,0.0,0.0,0.0
7300,4879,2541,0.5208034433285509,1215,1016,0.45726583316253333,1389,0.5693789711006354,0.40199999999999997,3.0410607356715142,3.116504408832407,6.670196671709531,2.2092169991922335,9439.957966196791,1522.255946559205,7853.0,10923.617008209229,10900.134166499072,6.916435249964215,7853.0,0.0,27.972945275671243,20.624600358355334,32.84420642648491,18.82700863562138,0.13834802213568353,0.10022545603607297,0.08628817380610782,0.08731297397007584,0.08177905308464849,0.07665505226480836,0.0705062512810002,0.07132609141217462,0.057593769215003074,0.05267472842795655,0.043861447017831526,0.043451526952244315,0.03484320557491289,0.021725763476122158,0.018651362984218076,0.006968641114982578,0.007788481246156999,0.9350038629791048,0.023359994343543206,0.0,0.0,0.0,0.0,0.0,0.0,0.0,0.0,0.0,0.0,0.0,0.0,0.0,0.0,0.0,0.0,0.0,0.0,0.0,0.0,0.0,0.0,0.0,0.0,0.0,0.07993441278950607,2.053699528591925,11.861037097765939,13.349046935847513,2.6562820250051247,4.305319483789739,2.9345949783103915,nan,nan,nan,4.394703656998739,2.9590431966764985,4.216216216216216,2.907285287785971,0.9593857846368606,0.405,0.00905,0.0,0.0,0.0,0.0,0.0,0.0,0.0,0.0,0.0,0.0,0.0,8.805083008813268,21.170321787251492,0.024595203935232634,0.0,0.0,0.0,0.0,0.0,0.0,0.0,0.0,0.0,0.0,0.0,0.0,0.0,0.0,0.0,0.0,nan,nan,4.305319483789739,2.9345949783103915,nan,0.405,0.04233,0.0,0.0,0.0,0.0,0.0,0.0,0.0,0.0,0.0,0.0,0.0,0.0,0.0,0.0,0.0,0.0,0.0,0.0,0.0,0.0,0.0,0.0,0.0,0.0,0.0,0.0,0.0,1.0248001639680263e-05,0.0015372002459520394,0.004632096741135479,0.0026337364213978275,0.0020496003279360524,0.028366468538634965,0.03561180569788891,0.030580036892805904,0.02893010862881738,0.03606271777003484,0.06327116212338595,0.058710801393728224,0.12146956343513014,0.10346382455421192,0.06331215412994466,0.1097048575527772,0.09443533510965361,0.05195736831317893,0.047929903668784586,0.03273211723713876,0.04024390243902439,0.020168067226890758,0.006148800983808158,0.004509120721459315,0.003863496618159459,0.004447632711621234,0.00312564050010248,0.0,0.0,0.0,9.223201475712236e-05,0.0,0.0,0.0,0.0,0.0,0.0,0.0,0.0,0.0,0.0,0.0,0.0,0.0,0.0,0.0,0.0,0.0,0.0,0.0,0.0,0.0,0.0,0.0,0.0,0.0,0.0,0.0,0.0,0.0,0.0,0.0,0.0,0.0,0.0,0.0,0.0,0.0,0.0,0.0,0.0,0.0,0.0,0.0,nan,nan,4.305319483789739,2.9345949783103915,nan,0.9347281833888508,0.022995326232145903,0.0,0.0,0.0,0.0,0.0,0.0,0.0,0.0,0.0,0.0,0.0,0.0,0.0,0.0,0.0,0.0,0.0,0.0,0.0,0.0,0.0,0.0,0.0,0.0,0.0,0.07083825265643448,1.9952774498229047,12.066115702479342,13.482880755608031,2.3848878394332944,0.935303478821207,0.023746347394095382,0.0,0.0,0.0,0.0,0.0,0.0,0.0,0.0,0.0,0.0,0.0,0.0,0.0,0.0,0.0,0.0,0.0,0.0,0.0,0.0,0.0,0.0,0.0,0.0,0.0,0.08982035928143715,2.117194183062447,11.638152266894785,13.20359281437126,2.9512403763900776,0.405,0.00912,0.0,0.0,0.0,0.0,0.0,0.0,0.0,0.0,0.0,0.0,0.0,8.783943329397863,21.168831168831176,0.04722550177095633,0.0,0.0,0.0,0.0,0.0,0.0,0.0,0.0,0.0,0.0,0.0,0.0,0.0,0.0,0.0,0.0,0.4048,0.008965,0.0,0.0,0.0,0.0,0.0,0.0,0.0,0.0,0.0,0.0,0.0,8.828058169375522,21.171941830624473,0.0,0.0,0.0,0.0,0.0,0.0,0.0,0.0,0.0,0.0,0.0,0.0,0.0,0.0,0.0,0.0,0.0
7400,4835,2526,0.522440537745605,1188,978,0.4479834539813857,1365,0.5646328852119958,0.39799999999999996,2.94889562581204,3.0544339533145246,6.453996983408748,2.1526744767163084,9444.990195065311,1522.0818261906334,7853.0,10923.14018535614,10900.217970364522,6.880882898867589,7853.0,0.0,28.13981385729059,20.98514511697872,33.20923913043478,19.170236513881424,0.14126163391933816,0.09658738366080662,0.08934850051706308,0.08955532574974147,0.07921406411582213,0.07590486039296794,0.06763185108583247,0.06432264736297828,0.05770423991726991,0.05439503619441572,0.04736297828335057,0.041571871768355736,0.032264736297828334,0.026473629782833505,0.01840744570837642,0.01158221302998966,0.006411582213029989,0.9344473559089629,0.02303654402247617,0.0,0.0,0.0,0.0,0.0,0.0,0.0,0.0,0.0,0.0,0.0,0.0,0.0,0.0,0.0,0.0,0.0,0.0,0.0,0.0,0.0,0.0,0.0,0.0,0.0,0.06204756980351604,2.140641158221303,12.080661840744574,13.203722854188214,2.5129265770423994,4.247688874721071,2.9084723252808105,nan,nan,nan,4.2227880330999366,2.9255589365605,4.272669220945083,2.891014202302714,1.0118123825904017,0.4053,0.009254,0.0,0.0,0.0,0.0,0.0,0.0,0.0,0.0,0.0,0.0,0.0,8.395036194415706,21.573940020682528,0.03102378490175802,0.0,0.0,0.0,0.0,0.0,0.0,0.0,0.0,0.0,0.0,0.0,0.0,0.0,0.0,0.0,0.0,nan,nan,4.247688874721071,2.9084723252808105,nan,0.4053,0.04196,0.0,0.0,0.0,0.0,0.0,0.0,0.0,0.0,0.0,0.0,0.0,0.0,0.0,0.0,0.0,0.0,0.0,0.0,0.0,0.0,0.0,0.0,0.0,0.0,0.0,0.0,0.0,0.0,0.0016442605997931748,0.0034436401240951395,0.0026163391933815925,0.0017580144777662875,0.02747673216132368,0.035046535677352636,0.0303205791106515,0.02889348500517063,0.03594622543950362,0.0631023784901758,0.05797311271975181,0.12195449844881076,0.10321613236814892,0.0631540847983454,0.11309203722854189,0.09707342295760082,0.052709410548086866,0.04605997931747673,0.032357807652533606,0.04034126163391934,0.020361944157187176,0.0060703205791106515,0.004126163391933816,0.003216132368148914,0.00452947259565667,0.003485005170630817,0.0,0.0,0.0,3.1023784901758014e-05,0.0,0.0,0.0,0.0,0.0,0.0,0.0,0.0,0.0,0.0,0.0,0.0,0.0,0.0,0.0,0.0,0.0,0.0,0.0,0.0,0.0,0.0,0.0,0.0,0.0,0.0,0.0,0.0,0.0,0.0,0.0,0.0,0.0,0.0,0.0,0.0,0.0,0.0,0.0,0.0,0.0,0.0,0.0,nan,nan,4.247688874721071,2.9084723252808105,nan,0.934931246491528,0.022971394354038662,0.0,0.0,0.0,0.0,0.0,0.0,0.0,0.0,0.0,0.0,0.0,0.0,0.0,0.0,0.0,0.0,0.0,0.0,0.0,0.0,0.0,0.0,0.0,0.0,0.0,0.03562945368171022,2.102137767220903,12.185273159144897,13.08788598574822,2.589073634204276,0.9339179892517262,0.023095996923695777,0.0,0.0,0.0,0.0,0.0,0.0,0.0,0.0,0.0,0.0,0.0,0.0,0.0,0.0,0.0,0.0,0.0,0.0,0.0,0.0,0.0,0.0,0.0,0.0,0.0,0.09094846253789522,2.182763100909485,11.966219142485928,13.330446080554356,2.4296232135123432,0.4053,0.00908,0.0,0.0,0.0,0.0,0.0,0.0,0.0,0.0,0.0,0.0,0.0,8.38479809976246,21.591448931116396,0.02375296912114015,0.0,0.0,0.0,0.0,0.0,0.0,0.0,0.0,0.0,0.0,0.0,0.0,0.0,0.0,0.0,0.0,0.4055,0.009445,0.0,0.0,0.0,0.0,0.0,0.0,0.0,0.0,0.0,0.0,0.0,8.406236466002586,21.554785621481166,0.038977912516240804,0.0,0.0,0.0,0.0,0.0,0.0,0.0,0.0,0.0,0.0,0.0,0.0,0.0,0.0,0.0,0.0
7500,4872,2512,0.5155993431855501,1207,998,0.4525862068965517,1393,0.5718390804597702,0.40199999999999997,2.9673728813559324,3.0796274064656606,6.574404761904762,2.104516034847372,9424.301913905821,1523.0291663348426,7853.0,10926.086844921112,10900.525049581673,7.046765499145638,7853.0,0.0,27.896551724137932,20.694707237591533,32.73312210577626,18.966309064459402,0.1354679802955665,0.10652709359605911,0.08764367816091954,0.0827175697865353,0.08456486042692939,0.08456486042692939,0.069376026272578,0.05521346469622332,0.05726600985221675,0.054187192118226604,0.05377668308702791,0.037561576354679806,0.03366174055829228,0.024220032840722498,0.017036124794745484,0.009236453201970444,0.0069786535303776685,0.9353128957679901,0.02351091015926549,0.0,0.0,0.0,0.0,0.0,0.0,0.0,0.0,0.0,0.0,0.0,0.0,0.0,0.0,0.0,0.0,0.0,0.0,0.0,0.0,0.0,0.0,0.0,0.0,0.0,0.06773399014778327,1.951970443349754,12.105911330049263,13.035714285714288,2.838669950738917,4.225521162349969,2.8828997808774255,nan,nan,nan,4.2150127226463106,2.8976745194557783,4.235884567126726,2.868216715741147,1.0049517868281335,0.4053,0.00916,0.0,0.0,0.0,0.0,0.0,0.0,0.0,0.0,0.0,0.0,0.0,8.442118226600973,21.508620689655178,0.049261083743842374,0.0,0.0,0.0,0.0,0.0,0.0,0.0,0.0,0.0,0.0,0.0,0.0,0.0,0.0,0.0,0.0,nan,nan,4.225521162349969,2.8828997808774255,nan,0.4053,0.04175,0.0,0.0,0.0,0.0,0.0,0.0,0.0,0.0,0.0,0.0,0.0,0.0,0.0,0.0,0.0,0.0,0.0,0.0,0.0,0.0,0.0,0.0,0.0,0.0,0.0,0.0,0.0,0.0,0.0022167487684729066,0.0036330049261083745,0.0024630541871921183,0.001539408866995074,0.027175697865353038,0.0340311986863711,0.029577175697865353,0.02891009852216749,0.03598111658456486,0.06212027914614122,0.0562192118226601,0.12393267651888341,0.10575738916256158,0.061750821018062396,0.11362889983579638,0.09732142857142857,0.053910098522167486,0.04760878489326765,0.032779146141215104,0.03942939244663383,0.01942733990147783,0.005613711001642036,0.0040024630541871924,0.0029864532019704434,0.004833743842364532,0.003150656814449918,0.0,0.0,0.0,0.0,0.0,0.0,0.0,0.0,0.0,0.0,0.0,0.0,0.0,0.0,0.0,0.0,0.0,0.0,0.0,0.0,0.0,0.0,0.0,0.0,0.0,0.0,0.0,0.0,0.0,0.0,0.0,0.0,0.0,0.0,0.0,0.0,0.0,0.0,0.0,0.0,0.0,0.0,0.0,0.0,0.0,0.0,0.0,nan,nan,4.225521162349969,2.8828997808774255,nan,0.9358921516805317,0.023411887788167253,0.0,0.0,0.0,0.0,0.0,0.0,0.0,0.0,0.0,0.0,0.0,0.0,0.0,0.0,0.0,0.0,0.0,0.0,0.0,0.0,0.0,0.0,0.0,0.0,0.0,0.07165605095541402,1.8391719745222934,12.157643312101914,13.053343949044589,2.8781847133757967,0.9346963318475222,0.023600238641955065,0.0,0.0,0.0,0.0,0.0,0.0,0.0,0.0,0.0,0.0,0.0,0.0,0.0,0.0,0.0,0.0,0.0,0.0,0.0,0.0,0.0,0.0,0.0,0.0,0.0,0.06355932203389832,2.072033898305085,12.050847457627121,13.016949152542376,2.7966101694915264,0.4053,0.009155,0.0,0.0,0.0,0.0,0.0,0.0,0.0,0.0,0.0,0.0,0.0,8.395700636942664,21.568471337579624,0.03582802547770701,0.0,0.0,0.0,0.0,0.0,0.0,0.0,0.0,0.0,0.0,0.0,0.0,0.0,0.0,0.0,0.0,0.4053,0.00917,0.0,0.0,0.0,0.0,0.0,0.0,0.0,0.0,0.0,0.0,0.0,8.4915254237288,21.444915254237294,0.06355932203389832,0.0,0.0,0.0,0.0,0.0,0.0,0.0,0.0,0.0,0.0,0.0,0.0,0.0,0.0,0.0,0.0
7600,4698,2343,0.4987228607918263,1127,995,0.45168156662409537,1345,0.5725840783312047,0.41,2.8755838641188958,3.059116483762237,6.566037735849057,2.151577750439446,9372.711599952316,1523.6066527411372,7853.0,10927.900158643723,10900.206613988892,7.128179147913185,7853.0,0.0,27.788207747977864,20.872763537858923,32.75901472828847,19.141492248238425,0.14005959982971478,0.10770540655598126,0.08599404001702853,0.08727117922520221,0.08216262239250745,0.07556406981694339,0.07088122605363985,0.06087696892294593,0.0561941251596424,0.05044699872286079,0.04810557684120902,0.041932737335036184,0.033205619412515965,0.02447850148999574,0.018944231587909748,0.009791400595998296,0.006385696040868455,0.9351818597966328,0.023520022327918385,0.0,0.0,0.0,0.0,0.0,0.0,0.0,0.0,0.0,0.0,0.0,0.0,0.0,0.0,0.0,0.0,0.0,0.0,0.0,0.0,0.0,0.0,0.0,0.0,0.0,0.05108556832694765,1.9667943805874843,12.08173690932312,13.186462324393363,2.713920817369094,4.265964450296248,2.8432323076538397,nan,nan,nan,4.238375900458415,2.8285696506632116,4.293845135671741,2.857703228653867,1.0130873798162467,0.405,0.00935,0.0,0.0,0.0,0.0,0.0,0.0,0.0,0.0,0.0,0.0,0.0,8.91443167305235,21.040868454661563,0.0446998722860792,0.0,0.0,0.0,0.0,0.0,0.0,0.0,0.0,0.0,0.0,0.0,0.0,0.0,0.0,0.0,0.0,nan,nan,4.265964450296248,2.8432323076538397,nan,0.405,0.04224,0.0,0.0,0.0,0.0,0.0,0.0,0.0,0.0,0.0,0.0,0.0,0.0,0.0,0.0,0.0,0.0,0.0,0.0,0.0,0.0,0.0,0.0,0.0,0.0,0.0,0.0,1.0642826734780758e-05,0.0,0.0021179225202213707,0.0036292039165602384,0.003299276287782035,0.001575138356747552,0.028299276287782036,0.0348978288633461,0.03159855257556407,0.027756492124308217,0.03546189868028948,0.06273946360153257,0.059504044274159215,0.12176458067262665,0.1034269902085994,0.06218603661132397,0.11137718177948062,0.09483822903363133,0.05417198808003406,0.04931885908897403,0.0329076202639421,0.038739889314601955,0.01866751809280545,0.005246913580246914,0.003927203065134099,0.0028629203916560237,0.005491698595146871,0.004140059599829715,3.192848020434228e-05,1.0642826734780758e-05,0.0,0.0,0.0,0.0,0.0,0.0,0.0,0.0,0.0,0.0,0.0,0.0,0.0,0.0,0.0,0.0,0.0,0.0,0.0,0.0,0.0,0.0,0.0,0.0,0.0,0.0,0.0,0.0,0.0,0.0,0.0,0.0,0.0,0.0,0.0,0.0,0.0,0.0,0.0,0.0,0.0,0.0,0.0,0.0,0.0,nan,nan,4.265964450296248,2.8432323076538397,nan,0.9351540009689494,0.02376474619735663,0.0,0.0,0.0,0.0,0.0,0.0,0.0,0.0,0.0,0.0,0.0,0.0,0.0,0.0,0.0,0.0,0.0,0.0,0.0,0.0,0.0,0.0,0.0,0.0,0.0,0.06402048655569784,2.0230473751600515,12.074263764404613,13.149807938540336,2.6888604353393095,0.9352095766685065,0.023273958892662993,0.0,0.0,0.0,0.0,0.0,0.0,0.0,0.0,0.0,0.0,0.0,0.0,0.0,0.0,0.0,0.0,0.0,0.0,0.0,0.0,0.0,0.0,0.0,0.0,0.0,0.038216560509554146,1.9108280254777075,12.089171974522296,13.222929936305736,2.738853503184714,0.405,0.00939,0.0,0.0,0.0,0.0,0.0,0.0,0.0,0.0,0.0,0.0,0.0,9.257362355953891,20.69142125480154,0.05121638924455827,0.0,0.0,0.0,0.0,0.0,0.0,0.0,0.0,0.0,0.0,0.0,0.0,0.0,0.0,0.0,0.0,0.4053,0.00931,0.0,0.0,0.0,0.0,0.0,0.0,0.0,0.0,0.0,0.0,0.0,8.5732484076433,21.38853503184714,0.038216560509554146,0.0,0.0,0.0,0.0,0.0,0.0,0.0,0.0,0.0,0.0,0.0,0.0,0.0,0.0,0.0,0.0
7700,4807,2514,0.5229873101726649,1167,995,0.44976076555023925,1375,0.5720823798627003,0.422,3.0998691670300915,3.1844126718865122,6.736214605067064,2.2304991939903855,9446.789302969899,1522.1335214103487,7853.0,10926.866734266281,10900.472227277765,7.072820353438853,7853.0,0.0,28.327023091325152,20.834553477787136,33.12075750122971,19.066209413092313,0.13438735177865613,0.09631786977324734,0.09236530060328688,0.08674849178281673,0.08279592261285625,0.07551487414187644,0.07093821510297482,0.06220095693779904,0.05991262741834824,0.04826294986478053,0.046390680257957145,0.04618265030164344,0.036613272311212815,0.03058040357811525,0.016434366548783025,0.008321198252548368,0.006032868733097566,0.9355656519386509,0.02342328020501921,0.0,0.0,0.0,0.0,0.0,0.0,0.0,0.0,0.0,0.0,0.0,0.0,0.0,0.0,0.0,0.0,0.0,0.0,0.0,0.0,0.0,0.0,0.0,0.0,0.0,0.05616808820470149,1.9097149989598505,11.907634699396716,13.3929685874766,2.7335136259621393,4.362682771773681,2.9767684384431594,nan,nan,nan,4.33975594091201,2.963410902888117,4.385147891755821,2.9896285469079174,1.010459563040375,0.4055,0.00939,0.0,0.0,0.0,0.0,0.0,0.0,0.0,0.0,0.0,0.0,0.0,8.200540877886404,21.762013729977124,0.03744539213646766,0.0,0.0,0.0,0.0,0.0,0.0,0.0,0.0,0.0,0.0,0.0,0.0,0.0,0.0,0.0,0.0,nan,nan,4.362682771773681,2.9767684384431594,nan,0.4055,0.0425,0.0,0.0,0.0,0.0,0.0,0.0,0.0,0.0,0.0,0.0,0.0,0.0,0.0,0.0,0.0,0.0,0.0,0.0,0.0,0.0,0.0,0.0,0.0,0.0,0.0,1.040149781568546e-05,3.1204493447056376e-05,0.0001248179737882255,0.001789057624297899,0.004139796130642813,0.0032348658206781777,0.0012897857291449969,0.028094445600166423,0.034803411691283544,0.032473476180570005,0.026856667360099853,0.03279592261285625,0.06384439359267735,0.059610983981693365,0.12294570418140212,0.09977116704805492,0.05933014354066986,0.10952777199916788,0.09705637611816101,0.05417100062408987,0.05196588308716455,0.0341897233201581,0.03985853962970668,0.01955481589348866,0.005700020802995631,0.0038693571874349906,0.0032556688163095484,0.00588724776367797,0.0037757437070938217,1.040149781568546e-05,0.0,0.0,0.0,0.0,3.1204493447056376e-05,0.0,0.0,0.0,0.0,0.0,0.0,0.0,0.0,0.0,0.0,0.0,0.0,0.0,0.0,0.0,0.0,0.0,0.0,0.0,0.0,0.0,0.0,0.0,0.0,0.0,0.0,0.0,0.0,0.0,0.0,0.0,0.0,0.0,0.0,0.0,0.0,0.0,0.0,0.0,0.0,0.0,nan,nan,4.362682771773681,2.9767684384431594,nan,0.9354538502869572,0.023420333164712433,0.0,0.0,0.0,0.0,0.0,0.0,0.0,0.0,0.0,0.0,0.0,0.0,0.0,0.0,0.0,0.0,0.0,0.0,0.0,0.0,0.0,0.0,0.0,0.0,0.0,0.047732696897374714,1.9451073985680194,11.885441527446304,13.353221957040576,2.7684964200477333,0.935688229065715,0.023425897664818788,0.0,0.0,0.0,0.0,0.0,0.0,0.0,0.0,0.0,0.0,0.0,0.0,0.0,0.0,0.0,0.0,0.0,0.0,0.0,0.0,0.0,0.0,0.0,0.0,0.0,0.06541648495420847,1.8709114696903624,11.931966855647627,13.436546009594421,2.6951591801133894,0.4055,0.0093,0.0,0.0,0.0,0.0,0.0,0.0,0.0,0.0,0.0,0.0,0.0,8.114558472553687,21.849642004773276,0.035799522673031034,0.0,0.0,0.0,0.0,0.0,0.0,0.0,0.0,0.0,0.0,0.0,0.0,0.0,0.0,0.0,0.0,0.4055,0.00948,0.0,0.0,0.0,0.0,0.0,0.0,0.0,0.0,0.0,0.0,0.0,8.29481029219362,21.66593981683385,0.039249890972525084,0.0,0.0,0.0,0.0,0.0,0.0,0.0,0.0,0.0,0.0,0.0,0.0,0.0,0.0,0.0,0.0
7800,4620,2368,0.5125541125541125,1104,919,0.43787878787878787,1273,0.5510822510822511,0.434,2.9533747779751334,3.184673021219201,6.696,2.3159412773211674,9415.025623994112,1523.2942580973474,7853.0,10927.967224240303,10900.533100866889,6.935330471120103,7853.0,0.0,27.86038961038961,21.025077539987564,33.03689269940244,19.220093471330557,0.14653679653679655,0.09458874458874458,0.09523809523809523,0.0893939393939394,0.0829004329004329,0.0658008658008658,0.06818181818181818,0.06493506493506493,0.05800865800865801,0.048701298701298704,0.048701298701298704,0.04220779220779221,0.031385281385281384,0.027705627705627706,0.016666666666666666,0.012337662337662338,0.00670995670995671,0.9357259602128686,0.02314780348853892,0.0,0.0,0.0,0.0,0.0,0.0,0.0,0.0,0.0,0.0,0.0,0.0,0.0,0.0,0.0,0.0,0.0,0.0,0.0,0.0,0.0,0.0,0.0,0.0,0.0,0.03246753246753247,1.785714285714286,12.012987012987017,13.480519480519483,2.688311688311689,4.279580797836376,2.988810928127397,nan,nan,nan,4.220488466757123,2.938693029571397,4.3382749326145555,3.036634582031466,1.0279082544082712,0.405,0.00932,0.0,0.0,0.0,0.0,0.0,0.0,0.0,0.0,0.0,0.0,0.0,8.850649350649338,21.129870129870135,0.019480519480519484,0.0,0.0,0.0,0.0,0.0,0.0,0.0,0.0,0.0,0.0,0.0,0.0,0.0,0.0,0.0,0.0,nan,nan,4.279580797836376,2.988810928127397,nan,0.405,0.04282,0.0,0.0,0.0,0.0,0.0,0.0,0.0,0.0,0.0,0.0,0.0,0.0,0.0,0.0,0.0,0.0,0.0,0.0,0.0,0.0,0.0,0.0,0.0,0.0,0.0,0.0,3.246753246753247e-05,0.00015151515151515152,0.0017748917748917749,0.004253246753246754,0.003463203463203463,0.001829004329004329,0.030075757575757575,0.034772727272727275,0.03224025974025974,0.02817099567099567,0.03384199134199134,0.0666991341991342,0.060476190476190475,0.12645021645021645,0.09375541125541126,0.05841991341991342,0.10506493506493507,0.09817099567099567,0.053636363636363635,0.05046536796536796,0.03510822510822511,0.0383982683982684,0.02054112554112554,0.005487012987012987,0.003971861471861472,0.0033874458874458874,0.005508658008658009,0.003787878787878788,0.0,2.1645021645021645e-05,0.0,0.0,4.329004329004329e-05,0.0,0.0,0.0,0.0,0.0,0.0,0.0,0.0,0.0,0.0,0.0,0.0,0.0,0.0,0.0,0.0,0.0,0.0,0.0,0.0,0.0,0.0,0.0,0.0,0.0,0.0,0.0,0.0,0.0,0.0,0.0,0.0,0.0,0.0,0.0,0.0,0.0,0.0,0.0,0.0,0.0,0.0,nan,nan,4.279580797836376,2.988810928127397,nan,0.9363474752250556,0.023196378408541815,0.0,0.0,0.0,0.0,0.0,0.0,0.0,0.0,0.0,0.0,0.0,0.0,0.0,0.0,0.0,0.0,0.0,0.0,0.0,0.0,0.0,0.0,0.0,0.0,0.0,0.038006756756756764,1.608952702702703,12.11148648648649,13.365709459459463,2.875844594594595,0.9350724311059152,0.023078570276029,0.0,0.0,0.0,0.0,0.0,0.0,0.0,0.0,0.0,0.0,0.0,0.0,0.0,0.0,0.0,0.0,0.0,0.0,0.0,0.0,0.0,0.0,0.0,0.0,0.0,0.026642984014209597,1.9715808170515101,11.90941385435169,13.601243339254,2.4911190053285974,0.4048,0.0093,0.0,0.0,0.0,0.0,0.0,0.0,0.0,0.0,0.0,0.0,0.0,8.678209459459447,21.29645270270271,0.025337837837837843,0.0,0.0,0.0,0.0,0.0,0.0,0.0,0.0,0.0,0.0,0.0,0.0,0.0,0.0,0.0,0.0,0.405,0.00936,0.0,0.0,0.0,0.0,0.0,0.0,0.0,0.0,0.0,0.0,0.0,9.03197158081704,20.954706927175845,0.013321492007104798,0.0,0.0,0.0,0.0,0.0,0.0,0.0,0.0,0.0,0.0,0.0,0.0,0.0,0.0,0.0,0.0
7900,4883,2487,0.50931804218718,1195,971,0.44357976653696496,1389,0.5689125537579357,0.40199999999999997,2.944908180300501,3.1054591304025982,6.564028776978417,2.0535635703092763,9404.831324432611,1523.1842023392117,7853.0,10926.458198785782,10899.8807226395,7.093335335111851,7853.0,0.0,28.235101372107312,20.773404244473877,32.75198079231693,19.14737684107118,0.1273807085807905,0.09932418595125947,0.1028056522629531,0.08416956788859307,0.08273602293671924,0.07618267458529593,0.06819578128199877,0.06348556215441327,0.056522629531026006,0.05222199467540446,0.04915011263567479,0.04075363506041368,0.035224247388900266,0.02887569117345894,0.01576899447061233,0.011263567479008805,0.00593897194347737,0.9349263684319444,0.02371646766094322,0.0,0.0,0.0,0.0,0.0,0.0,0.0,0.0,0.0,0.0,0.0,0.0,0.0,0.0,0.0,0.0,0.0,0.0,0.0,0.0,0.0,0.0,0.0,0.0,0.0,0.043006348556215455,2.107311079254557,11.992627483104652,13.12922383780463,2.7278312512799516,4.24234774376775,2.8881471212308236,nan,nan,nan,4.240948813982522,2.8918277548847566,4.243777919591576,2.8843787215384133,1.0006670926090233,0.404,0.00936,0.0,0.0,0.0,0.0,0.0,0.0,0.0,0.0,0.0,0.0,0.0,10.094204382551695,19.881220561130455,0.0245750563178374,0.0,0.0,0.0,0.0,0.0,0.0,0.0,0.0,0.0,0.0,0.0,0.0,0.0,0.0,0.0,0.0,nan,nan,4.24234774376775,2.8881471212308236,nan,0.404,0.0435,0.0,0.0,0.0,0.0,0.0,0.0,0.0,0.0,0.0,0.0,0.0,0.0,0.0,0.0,0.0,0.0,0.0,0.0,0.0,0.0,0.0,0.0,0.0,3.071882039729674e-05,0.0,0.0,7.16772475936924e-05,0.00035838623796846203,0.002385828384190047,0.005682981773499898,0.0037681753020684006,0.0018738480442351013,0.03218308416956789,0.03619701003481466,0.032398115912348965,0.029756297358181447,0.03546999795207864,0.06693630964570961,0.061048535736227726,0.12309031333196806,0.09205406512389924,0.058027851730493546,0.10874462420643047,0.09381527749334426,0.05024575056317837,0.050696293262338724,0.034271963956584064,0.03750767970509932,0.021574851525701412,0.004843334015973787,0.0037067376612738073,0.003481466311693631,0.005713700593897194,0.004013925865246774,3.071882039729674e-05,1.0239606799098915e-05,1.0239606799098915e-05,0.0,0.0,0.0,0.0,0.0,0.0,0.0,0.0,0.0,0.0,0.0,0.0,0.0,0.0,0.0,0.0,0.0,0.0,0.0,0.0,0.0,0.0,0.0,0.0,0.0,0.0,0.0,0.0,0.0,0.0,0.0,0.0,0.0,0.0,0.0,0.0,0.0,0.0,0.0,0.0,0.0,0.0,0.0,0.0,nan,nan,4.24234774376775,2.8881471212308236,nan,0.9348004063689473,0.023744922238379866,0.0,0.0,0.0,0.0,0.0,0.0,0.0,0.0,0.0,0.0,0.0,0.0,0.0,0.0,0.0,0.0,0.0,0.0,0.0,0.0,0.0,0.0,0.0,0.0,0.0,0.06031363088057902,2.026537997587455,12.21954161640531,12.979493365500606,2.714113389626056,0.9350571145298883,0.023686187730803384,0.0,0.0,0.0,0.0,0.0,0.0,0.0,0.0,0.0,0.0,0.0,0.0,0.0,0.0,0.0,0.0,0.0,0.0,0.0,0.0,0.0,0.0,0.0,0.0,0.0,0.025041736227045083,2.1911519198664444,11.757095158597666,13.284641068447415,2.7420701168614365,0.404,0.00953,0.0,0.0,0.0,0.0,0.0,0.0,0.0,0.0,0.0,0.0,0.0,10.144752714113375,19.8431845597105,0.012062726176115805,0.0,0.0,0.0,0.0,0.0,0.0,0.0,0.0,0.0,0.0,0.0,0.0,0.0,0.0,0.0,0.0,0.404,0.009186,0.0,0.0,0.0,0.0,0.0,0.0,0.0,0.0,0.0,0.0,0.0,10.04173622704506,19.92070116861436,0.037562604340567615,0.0,0.0,0.0,0.0,0.0,0.0,0.0,0.0,0.0,0.0,0.0,0.0,0.0,0.0,0.0,0.0
8000,4821,2495,0.517527483924497,1159,969,0.44140219871395975,1330,0.5517527483924497,0.418,2.934221840068788,3.1130143109854242,6.619718309859155,2.1813663681451505,9429.962495178832,1522.626323612284,7853.0,10927.199618697166,10900.108693089036,7.02011856259718,7853.0,0.0,27.841111802530595,20.81062213636835,32.666584585077565,19.126457149583462,0.13648620618129018,0.10122381248703588,0.10101638664177556,0.0864965774735532,0.07550300767475628,0.07799211781788011,0.06575399294752127,0.06471686372121967,0.058079236672889445,0.05289359054138146,0.05102675793403858,0.03650694876581622,0.02945447002696536,0.02613565650280025,0.020120306990250986,0.009749014727235014,0.006845052893590542,0.9354402837701864,0.02315980299238034,0.0,0.0,0.0,0.0,0.0,0.0,0.0,0.0,0.0,0.0,0.0,0.0,0.0,0.0,0.0,0.0,0.0,0.0,0.0,0.0,0.0,0.0,0.0,0.0,0.0,0.04978220286247668,1.8357187305538274,12.103298070939642,13.17361543248289,2.837585563161171,4.279454722492697,2.9053213935550537,nan,nan,nan,4.246006389776358,2.9174245217682606,4.313984168865435,2.8923682146178127,1.0160098155416712,0.4036,0.00953,0.0,0.0,0.0,0.0,0.0,0.0,0.0,0.0,0.0,0.0,0.0,10.566272557560657,19.383945239576853,0.04978220286247668,0.0,0.0,0.0,0.0,0.0,0.0,0.0,0.0,0.0,0.0,0.0,0.0,0.0,0.0,0.0,0.0,nan,nan,4.279454722492697,2.9053213935550537,nan,0.4036,0.04395,0.0,0.0,0.0,0.0,0.0,0.0,0.0,0.0,0.0,0.0,0.0,0.0,0.0,0.0,0.0,0.0,0.0,0.0,0.0,0.0,0.0,0.0,0.0,0.0001451980916822236,0.0,0.0,1.0371292263015971e-05,0.0006533914125700062,0.0031943580170089195,0.0054034432690313215,0.0031425015556938393,0.002209085252022402,0.03342667496370048,0.03652769135034225,0.032690313213026345,0.03037751503837378,0.036330636797344946,0.06776602364654635,0.061958099979257414,0.12302426882389546,0.0911014312383323,0.056336859572702756,0.10728064716863721,0.0922733872640531,0.04794648413192284,0.051524579962663346,0.035241651109728274,0.037066998548019085,0.021779713752333542,0.005154532254718938,0.003339556108691143,0.0034847542003733664,0.006585770587015142,0.0039307197676830535,3.111387678904791e-05,1.0371292263015971e-05,0.0,0.0,0.0,5.185646131507986e-05,0.0,0.0,0.0,0.0,0.0,0.0,0.0,0.0,0.0,0.0,0.0,0.0,0.0,0.0,0.0,0.0,0.0,0.0,0.0,0.0,0.0,0.0,0.0,0.0,0.0,0.0,0.0,0.0,0.0,0.0,0.0,0.0,0.0,0.0,0.0,0.0,0.0,0.0,0.0,0.0,0.0,nan,nan,4.279454722492697,2.9053213935550537,nan,0.9362276058158798,0.02324812258361512,0.0,0.0,0.0,0.0,0.0,0.0,0.0,0.0,0.0,0.0,0.0,0.0,0.0,0.0,0.0,0.0,0.0,0.0,0.0,0.0,0.0,0.0,0.0,0.0,0.0,0.024048096192384776,1.6713426853707418,12.120240480961927,13.034068136272548,3.1503006012024057,0.9345957573282236,0.023034795536283084,0.0,0.0,0.0,0.0,0.0,0.0,0.0,0.0,0.0,0.0,0.0,0.0,0.0,0.0,0.0,0.0,0.0,0.0,0.0,0.0,0.0,0.0,0.0,0.0,0.0,0.0773860705073087,2.012037833190026,12.085124677558042,13.323301805674982,2.5021496130696477,0.4036,0.00948,0.0,0.0,0.0,0.0,0.0,0.0,0.0,0.0,0.0,0.0,0.0,10.72545090180359,19.238476953907817,0.03607214428857716,0.0,0.0,0.0,0.0,0.0,0.0,0.0,0.0,0.0,0.0,0.0,0.0,0.0,0.0,0.0,0.0,0.4038,0.009575,0.0,0.0,0.0,0.0,0.0,0.0,0.0,0.0,0.0,0.0,0.0,10.395528804815118,19.539982803095445,0.06448839208942392,0.0,0.0,0.0,0.0,0.0,0.0,0.0,0.0,0.0,0.0,0.0,0.0,0.0,0.0,0.0,0.0
8100,4882,2523,0.5167963949201148,1149,999,0.43998361327324864,1382,0.5661614092585007,0.418,2.9817719372615517,3.0883703552467114,6.601492537313433,2.171249900527649,9427.449609017174,1522.4272411558507,7853.0,10922.241387486458,10899.556873254794,7.092678237265257,7853.0,0.0,28.071896763621467,20.84856817156953,32.902379796017485,19.120821571044587,0.13519049569848424,0.09422367882015567,0.09770585825481361,0.09360917656698074,0.08009012699713232,0.07210159770585825,0.07066775911511676,0.062269561655059404,0.058992216304793114,0.05018435067595248,0.04895534616960262,0.04383449405981155,0.029905776321179845,0.02580909463334699,0.01925440393281442,0.010651372388365424,0.006554690700532569,0.9344123257251609,0.023451341435265484,0.0,0.0,0.0,0.0,0.0,0.0,0.0,0.0,0.0,0.0,0.0,0.0,0.0,0.0,0.0,0.0,0.0,0.0,0.0,0.0,0.0,0.0,0.0,0.0,0.0,0.09217533797623927,1.9479721425645231,12.572716099959036,12.757066775911515,2.630069643588694,4.26594387755102,2.9026621097504415,nan,nan,nan,4.268401015228426,2.9132406435632148,4.263461538461539,2.891933665463955,0.9988427805285246,0.403,0.009125,0.0,0.0,0.0,0.0,0.0,0.0,0.0,0.0,0.0,0.0,0.0,11.116345759934436,18.8775092175338,0.006145022531749284,0.0,0.0,0.0,0.0,0.0,0.0,0.0,0.0,0.0,0.0,0.0,0.0,0.0,0.0,0.0,0.0,nan,nan,4.26594387755102,2.9026621097504415,nan,0.403,0.0434,0.0,0.0,0.0,0.0,0.0,0.0,0.0,0.0,0.0,0.0,0.0,0.0,0.0,0.0,0.0,0.0,0.0,0.0,0.0,0.0,0.0,0.0,0.0,6.145022531749283e-05,0.0,0.0,2.0483408439164275e-05,0.0007066775911511676,0.003103236378533388,0.004424416222859484,0.0027857435477263415,0.002365833674723474,0.03609176566980746,0.036921343711593606,0.03247644408029496,0.031288406390823434,0.03641950020483409,0.06676566980745596,0.06429741909053667,0.12450839819746005,0.09116140925850061,0.05391233101188038,0.10914584186808685,0.090710774272839,0.04658951249487915,0.05366653011061041,0.03674723473986071,0.035641130684145844,0.021190086030315445,0.005479311757476444,0.0029188857025809097,0.002242933224088488,0.005848013109381401,0.002468250716919295,4.096681687832855e-05,0.0,0.0,0.0,0.0,0.0,0.0,0.0,0.0,0.0,0.0,0.0,0.0,0.0,0.0,0.0,0.0,0.0,0.0,0.0,0.0,0.0,0.0,0.0,0.0,0.0,0.0,0.0,0.0,0.0,0.0,0.0,0.0,0.0,0.0,0.0,0.0,0.0,0.0,0.0,0.0,0.0,0.0,0.0,0.0,0.0,0.0,nan,nan,4.26594387755102,2.9026621097504415,nan,0.9345654773891704,0.023814997338424366,0.0,0.0,0.0,0.0,0.0,0.0,0.0,0.0,0.0,0.0,0.0,0.0,0.0,0.0,0.0,0.0,0.0,0.0,0.0,0.0,0.0,0.0,0.0,0.0,0.0,0.1189060642092747,1.9976218787158149,12.330558858501787,12.770511296076103,2.782401902497028,0.9342485268068496,0.023054930962385853,0.0,0.0,0.0,0.0,0.0,0.0,0.0,0.0,0.0,0.0,0.0,0.0,0.0,0.0,0.0,0.0,0.0,0.0,0.0,0.0,0.0,0.0,0.0,0.0,0.0,0.06358626536668081,1.8948707079270881,12.831708350996188,12.742687579482835,2.4671470962272153,0.403,0.00922,0.0,0.0,0.0,0.0,0.0,0.0,0.0,0.0,0.0,0.0,0.0,10.927467300832326,19.060642092746733,0.01189060642092747,0.0,0.0,0.0,0.0,0.0,0.0,0.0,0.0,0.0,0.0,0.0,0.0,0.0,0.0,0.0,0.0,0.4028,0.009026,0.0,0.0,0.0,0.0,0.0,0.0,0.0,0.0,0.0,0.0,0.0,11.318355235269165,18.68164476473082,0.0,0.0,0.0,0.0,0.0,0.0,0.0,0.0,0.0,0.0,0.0,0.0,0.0,0.0,0.0,0.0,0.0
8200,4965,2593,0.5222557905337362,1169,1010,0.43887210473313193,1385,0.5579053373615307,0.422,2.9371838111298483,3.104397712130909,6.655963302752293,2.104891544606385,9444.130998384437,1521.8240695839772,7853.0,10922.815721273422,10899.650754716053,7.041614362523955,7853.0,0.0,27.613695871097683,20.745875571028893,32.582531280077,19.0274274691832,0.1417925478348439,0.10513595166163142,0.09546827794561934,0.0866062437059416,0.07532729103726082,0.07653575025176233,0.0662638469284995,0.059013091641490434,0.06243705941591138,0.05337361530715005,0.04471299093655589,0.044108761329305135,0.03141993957703928,0.025780463242698892,0.017522658610271902,0.010070493454179255,0.004431017119838872,0.9348802376489745,0.023546865028768637,0.0,0.0,0.0,0.0,0.0,0.0,0.0,0.0,0.0,0.0,0.0,0.0,0.0,0.0,0.0,0.0,0.0,0.0,0.0,0.0,0.0,0.0,0.0,0.0,0.0,0.05438066465256799,2.0241691842900305,12.175226586102722,13.003021148036257,2.7432024169184297,4.28916428344455,2.9292505151072254,nan,nan,nan,4.270753512132822,2.961136145781582,4.308860759493671,2.8975410733501814,1.0089228393192418,0.4033,0.00926,0.0,0.0,0.0,0.0,0.0,0.0,0.0,0.0,0.0,0.0,0.0,10.870090634441071,19.129909365558916,0.0,0.0,0.0,0.0,0.0,0.0,0.0,0.0,0.0,0.0,0.0,0.0,0.0,0.0,0.0,0.0,0.0,nan,nan,4.28916428344455,2.9292505151072254,nan,0.4033,0.04324,0.0,0.0,0.0,0.0,0.0,0.0,0.0,0.0,0.0,0.0,0.0,0.0,0.0,0.0,0.0,0.0,0.0,0.0,0.0,0.0,0.0,0.0,0.0,0.0001107754279959718,0.0,0.0,0.0,0.0005035246727089627,0.0032124874118831825,0.0041389728096676735,0.0030211480362537764,0.002205438066465257,0.03624370594159114,0.0370392749244713,0.03254783484390735,0.03044310171198389,0.03618328298086606,0.06300100704934541,0.06498489425981874,0.12323262839879154,0.0883987915407855,0.05572004028197382,0.11361530715005035,0.09197381671701914,0.04694864048338369,0.05496475327291037,0.03717019133937563,0.03487411883182276,0.020835850956696877,0.006042296072507553,0.0024672708962739176,0.002215508559919436,0.005850956696878147,0.0019536757301107754,7.049345417925478e-05,3.0211480362537764e-05,0.0,0.0,0.0,0.0,0.0,0.0,0.0,0.0,0.0,0.0,0.0,0.0,0.0,0.0,0.0,0.0,0.0,0.0,0.0,0.0,0.0,0.0,0.0,0.0,0.0,0.0,0.0,0.0,0.0,0.0,0.0,0.0,0.0,0.0,0.0,0.0,0.0,0.0,0.0,0.0,0.0,0.0,0.0,0.0,0.0,nan,nan,4.28916428344455,2.9292505151072254,nan,0.9347059701429662,0.02358629666081997,0.0,0.0,0.0,0.0,0.0,0.0,0.0,0.0,0.0,0.0,0.0,0.0,0.0,0.0,0.0,0.0,0.0,0.0,0.0,0.0,0.0,0.0,0.0,0.0,0.0,0.06941766293868108,2.1172387196297726,12.101812572310068,12.946394138064022,2.765136907057463,0.9350707417143537,0.02350220551763715,0.0,0.0,0.0,0.0,0.0,0.0,0.0,0.0,0.0,0.0,0.0,0.0,0.0,0.0,0.0,0.0,0.0,0.0,0.0,0.0,0.0,0.0,0.0,0.0,0.0,0.037942664418212486,1.922428330522766,12.255480607082633,13.064924114671166,2.7192242833052283,0.4033,0.00917,0.0,0.0,0.0,0.0,0.0,0.0,0.0,0.0,0.0,0.0,0.0,10.78287697647511,19.21712302352488,0.0,0.0,0.0,0.0,0.0,0.0,0.0,0.0,0.0,0.0,0.0,0.0,0.0,0.0,0.0,0.0,0.0,0.4033,0.00935,0.0,0.0,0.0,0.0,0.0,0.0,0.0,0.0,0.0,0.0,0.0,10.96543001686339,19.034569983136596,0.0,0.0,0.0,0.0,0.0,0.0,0.0,0.0,0.0,0.0,0.0,0.0,0.0,0.0,0.0,0.0,0.0
8300,4901,2498,0.509691899612324,1163,1022,0.4458273821669047,1421,0.5798816568047337,0.37399999999999994,2.8876404494382024,2.9793059964170245,6.2259887005649714,2.234754314758101,9406.009804909047,1523.200585879341,7853.0,10921.105036735535,10899.95798793404,6.84033243067066,7853.0,0.0,28.465823301367067,21.006287986045,33.24277456647399,19.26106820431165,0.13344215466231382,0.09957151601713936,0.09324627627014895,0.08284023668639054,0.07447459702101612,0.07937155682513773,0.06957763721689451,0.06896551724137931,0.05917159763313609,0.05468271781269129,0.047337278106508875,0.03815547847378086,0.03366659865333605,0.024484799020608038,0.020199959192001633,0.013466639461334421,0.007345439706182412,0.9351804817703105,0.023057962963336513,0.0,0.0,0.0,0.0,0.0,0.0,0.0,0.0,0.0,0.0,0.0,0.0,0.0,0.0,0.0,0.0,0.0,0.0,0.0,0.0,0.0,0.0,0.0,0.0,0.0,0.04284839828606408,1.8363599265456032,12.095490716180374,13.374821465007145,2.650479493980821,4.167345659667816,2.7875038687249383,nan,nan,nan,4.1851156973108194,2.7855615577011283,4.149497487437186,2.7893394057277154,0.9914893129725134,0.4038,0.00926,0.0,0.0,0.0,0.0,0.0,0.0,0.0,0.0,0.0,0.0,0.0,10.49173638033053,19.471536421138545,0.03672719853091207,0.0,0.0,0.0,0.0,0.0,0.0,0.0,0.0,0.0,0.0,0.0,0.0,0.0,0.0,0.0,0.0,nan,nan,4.167345659667816,2.7875038687249383,nan,0.4038,0.04352,0.0,0.0,0.0,0.0,0.0,0.0,0.0,0.0,0.0,0.0,0.0,0.0,0.0,0.0,0.0,0.0,0.0,0.0,0.0,0.0,0.0,0.0,0.0,0.00010201999591920016,0.0,1.0201999591920016e-05,2.040399918384003e-05,0.000601917975923281,0.0026015098959396043,0.0048561518057539275,0.002978983880840645,0.002509691899612324,0.03632932054682718,0.036227300550907976,0.03116710875331565,0.03222811671087533,0.03744133850234646,0.06067129157314834,0.06305855947765762,0.12097531116098756,0.08866557845337686,0.0534686798612528,0.11520097939196082,0.09148133034074679,0.04916343603346256,0.053570699857172006,0.039542950418281986,0.03721689451132422,0.01992450520301979,0.006927157722913691,0.002591307896347684,0.0020914099163436032,0.0058661497653540095,0.002468883901244644,4.080799836768006e-05,0.0,0.0,0.0,0.0,0.0,0.0,0.0,0.0,0.0,0.0,0.0,0.0,0.0,0.0,0.0,0.0,0.0,0.0,0.0,0.0,0.0,0.0,0.0,0.0,0.0,0.0,0.0,0.0,0.0,0.0,0.0,0.0,0.0,0.0,0.0,0.0,0.0,0.0,0.0,0.0,0.0,0.0,0.0,0.0,0.0,0.0,nan,nan,4.167345659667816,2.7875038687249383,nan,0.935532347930728,0.022951190866820313,0.0,0.0,0.0,0.0,0.0,0.0,0.0,0.0,0.0,0.0,0.0,0.0,0.0,0.0,0.0,0.0,0.0,0.0,0.0,0.0,0.0,0.0,0.0,0.0,0.0,0.04803843074459569,1.7173738991192957,11.93755004003203,13.510808646917537,2.78622898318655,0.9348147049626856,0.023162768893109087,0.0,0.0,0.0,0.0,0.0,0.0,0.0,0.0,0.0,0.0,0.0,0.0,0.0,0.0,0.0,0.0,0.0,0.0,0.0,0.0,0.0,0.0,0.0,0.0,0.0,0.03745318352059926,1.9600499375780278,12.259675405742824,13.233458177278406,2.50936329588015,0.4036,0.00922,0.0,0.0,0.0,0.0,0.0,0.0,0.0,0.0,0.0,0.0,0.0,10.556445156124886,19.39551641313051,0.04803843074459569,0.0,0.0,0.0,0.0,0.0,0.0,0.0,0.0,0.0,0.0,0.0,0.0,0.0,0.0,0.0,0.0,0.4038,0.009315,0.0,0.0,0.0,0.0,0.0,0.0,0.0,0.0,0.0,0.0,0.0,10.424469413233442,19.550561797752813,0.02496878901373284,0.0,0.0,0.0,0.0,0.0,0.0,0.0,0.0,0.0,0.0,0.0,0.0,0.0,0.0,0.0,0.0
8400,4736,2353,0.4968327702702703,1149,993,0.45228040540540543,1359,0.573902027027027,0.39799999999999996,2.9324381032312212,3.1065916501038995,6.604197901049475,2.1723035969580575,9366.896775084422,1523.525868801286,7853.0,10922.578135371208,10900.095251508637,7.350511441548609,7853.0,0.0,27.90498310810811,20.78035899023951,32.8890007550969,18.973334642826046,0.14273648648648649,0.09902871621621621,0.09184966216216216,0.08382601351351351,0.0772804054054054,0.07875844594594594,0.06756756756756757,0.06862331081081081,0.06123310810810811,0.049408783783783786,0.04814189189189189,0.03821790540540541,0.033150337837837836,0.026182432432432432,0.016047297297297296,0.01097972972972973,0.006967905405405405,0.935474533612865,0.023706004710726054,0.0,0.0,0.0,0.0,0.0,0.0,0.0,0.0,0.0,0.0,0.0,0.0,0.0,0.0,0.0,0.0,0.0,0.0,0.0,0.0,0.0,0.0,0.0,0.0,0.0,0.0633445945945946,1.9890202702702706,11.85810810810811,13.220016891891895,2.869510135135136,4.3105590062111805,2.8536819722923563,nan,nan,nan,4.356306892067621,2.9040512287332754,4.264299802761341,2.801069519519656,0.9788795666637228,0.404,0.00926,0.0,0.0,0.0,0.0,0.0,0.0,0.0,0.0,0.0,0.0,0.0,9.945101351351337,20.029560810810814,0.025337837837837843,0.0,0.0,0.0,0.0,0.0,0.0,0.0,0.0,0.0,0.0,0.0,0.0,0.0,0.0,0.0,0.0,nan,nan,4.3105590062111805,2.8536819722923563,nan,0.404,0.04358,0.0,0.0,0.0,0.0,0.0,0.0,0.0,0.0,0.0,0.0,0.0,0.0,0.0,0.0,0.0,0.0,0.0,0.0,0.0,0.0,0.0,0.0,0.0,0.00023226351351351353,0.0,0.0,0.0,0.0005912162162162162,0.0022065033783783784,0.004898648648648649,0.00269214527027027,0.0030194256756756756,0.03523015202702703,0.038291807432432434,0.030922719594594594,0.03090160472972973,0.0363597972972973,0.06308065878378379,0.06397804054054054,0.11683910472972973,0.08707770270270271,0.05095016891891892,0.11772592905405406,0.09177576013513514,0.050021114864864866,0.05625,0.04091005067567568,0.03650760135135135,0.019689611486486486,0.007231841216216216,0.002660472972972973,0.001636402027027027,0.006450591216216216,0.001805320945945946,5.2787162162162165e-05,0.0,0.0,1.0557432432432433e-05,0.0,0.0,0.0,0.0,0.0,0.0,0.0,0.0,0.0,0.0,0.0,0.0,0.0,0.0,0.0,0.0,0.0,0.0,0.0,0.0,0.0,0.0,0.0,0.0,0.0,0.0,0.0,0.0,0.0,0.0,0.0,0.0,0.0,0.0,0.0,0.0,0.0,0.0,0.0,0.0,0.0,0.0,0.0,nan,nan,4.3105590062111805,2.8536819722923563,nan,0.9358132430659017,0.024173381251864752,0.0,0.0,0.0,0.0,0.0,0.0,0.0,0.0,0.0,0.0,0.0,0.0,0.0,0.0,0.0,0.0,0.0,0.0,0.0,0.0,0.0,0.0,0.0,0.0,0.0,0.08924776880577988,2.180195495112623,11.385465363365919,13.374415639609014,2.970675733106673,0.9351400882318347,0.023230444265731395,0.0,0.0,0.0,0.0,0.0,0.0,0.0,0.0,0.0,0.0,0.0,0.0,0.0,0.0,0.0,0.0,0.0,0.0,0.0,0.0,0.0,0.0,0.0,0.0,0.0,0.03776751993285775,1.8002517834662195,12.32480067142258,13.067561896768781,2.7696181284095687,0.4038,0.0093,0.0,0.0,0.0,0.0,0.0,0.0,0.0,0.0,0.0,0.0,0.0,9.99575010624733,19.953251168720787,0.05099872503187421,0.0,0.0,0.0,0.0,0.0,0.0,0.0,0.0,0.0,0.0,0.0,0.0,0.0,0.0,0.0,0.0,0.404,0.009224,0.0,0.0,0.0,0.0,0.0,0.0,0.0,0.0,0.0,0.0,0.0,9.895090222408715,20.104909777591274,0.0,0.0,0.0,0.0,0.0,0.0,0.0,0.0,0.0,0.0,0.0,0.0,0.0,0.0,0.0,0.0,0.0
8500,4651,2435,0.5235433240163405,1219,912,0.4581810363362718,1250,0.5375188131584605,0.41,2.905234657039711,3.047465899832194,6.472817133443163,2.1025212301892995,9447.978795436115,1521.5725604699312,7853.0,10924.127776622772,10899.507752596866,6.930830447330068,7853.0,0.0,28.284454955923458,20.853095046422194,33.17266003570518,19.052485990861893,0.13738980864330252,0.0954633412169426,0.09159320576220167,0.08535798752956353,0.08428294990324661,0.07030746076112664,0.0707374758116534,0.07030746076112664,0.05869705439690389,0.05418189636637282,0.0449365727800473,0.043646527628467,0.030746076112663945,0.022790797677918726,0.021500752526338422,0.011610406364222748,0.006450225757901527,0.9341970610890279,0.023126536974020548,0.0,0.0,0.0,0.0,0.0,0.0,0.0,0.0,0.0,0.0,0.0,0.0,0.0,0.0,0.0,0.0,0.0,0.0,0.0,0.0,0.0,0.0,0.0,0.0,0.0,0.08385293485271987,2.038271339496883,12.210277359707593,13.358417544614065,2.309180821328747,4.189689358889623,2.887349525010113,nan,nan,nan,4.190697674418605,2.9498881973793143,4.188157894736842,2.8249577130166763,0.9993939482446406,0.4036,0.00951,0.0,0.0,0.0,0.0,0.0,0.0,0.0,0.0,0.0,0.0,0.0,10.636422274779601,19.34422704794668,0.019350677273704583,0.0,0.0,0.0,0.0,0.0,0.0,0.0,0.0,0.0,0.0,0.0,0.0,0.0,0.0,0.0,0.0,nan,nan,4.189689358889623,2.887349525010113,nan,0.4036,0.04352,0.0,0.0,0.0,0.0,0.0,0.0,0.0,0.0,0.0,0.0,0.0,0.0,0.0,0.0,0.0,0.0,0.0,0.0,0.0,0.0,0.0,0.0,0.0,0.00010750376263169211,0.0,0.0,0.0,0.0005590195656847989,0.002558589550634272,0.0050741775962158675,0.0024725865405289186,0.0038056331971619006,0.0364867770371963,0.03720705224682864,0.03356267469361428,0.032476886691034185,0.03565899806493227,0.06090088153085358,0.0588690604171146,0.12254353902386583,0.08663728230488067,0.05136529778542249,0.117598365942808,0.09463556224467856,0.0481831864115244,0.05433240163405719,0.04172221027735971,0.03582025370887981,0.018286390023650827,0.006192216727585465,0.0033756181466351324,0.002031821113738981,0.005794452805848204,0.0017200602021070737,2.150075252633842e-05,0.0,0.0,0.0,0.0,0.0,0.0,0.0,0.0,0.0,0.0,0.0,0.0,0.0,0.0,0.0,0.0,0.0,0.0,0.0,0.0,0.0,0.0,0.0,0.0,0.0,0.0,0.0,0.0,0.0,0.0,0.0,0.0,0.0,0.0,0.0,0.0,0.0,0.0,0.0,0.0,0.0,0.0,0.0,0.0,0.0,0.0,nan,nan,4.189689358889623,2.887349525010113,nan,0.9342571641874998,0.02326904812938571,0.0,0.0,0.0,0.0,0.0,0.0,0.0,0.0,0.0,0.0,0.0,0.0,0.0,0.0,0.0,0.0,0.0,0.0,0.0,0.0,0.0,0.0,0.0,0.0,0.0,0.06160164271047229,2.069815195071869,12.357289527720742,13.133470225872692,2.3778234086242303,0.9341310181987845,0.02296874096931017,0.0,0.0,0.0,0.0,0.0,0.0,0.0,0.0,0.0,0.0,0.0,0.0,0.0,0.0,0.0,0.0,0.0,0.0,0.0,0.0,0.0,0.0,0.0,0.0,0.0,0.10830324909747295,2.0036101083032496,12.048736462093865,13.60559566787004,2.2337545126353793,0.4033,0.00941,0.0,0.0,0.0,0.0,0.0,0.0,0.0,0.0,0.0,0.0,0.0,10.903490759753577,19.07186858316222,0.024640657084188916,0.0,0.0,0.0,0.0,0.0,0.0,0.0,0.0,0.0,0.0,0.0,0.0,0.0,0.0,0.0,0.0,0.4038,0.00959,0.0,0.0,0.0,0.0,0.0,0.0,0.0,0.0,0.0,0.0,0.0,10.34296028880865,19.643501805054154,0.013537906137184119,0.0,0.0,0.0,0.0,0.0,0.0,0.0,0.0,0.0,0.0,0.0,0.0,0.0,0.0,0.0,0.0
8600,4624,2459,0.5317906574394463,1148,929,0.4491782006920415,1286,0.5562283737024222,0.426,3.115473441108545,3.1365484361397553,6.674085850556438,2.188344467702205,9473.2821797554,1520.347552600859,7853.0,10925.644661068916,10899.842130617719,7.127279832491813,7853.0,0.0,28.46604671280277,21.053434804574817,33.431946584488955,19.223641669456587,0.1379757785467128,0.09818339100346021,0.09039792387543252,0.08196366782006921,0.07396193771626297,0.07850346020761245,0.07244809688581315,0.07050173010380623,0.05536332179930796,0.05341695501730104,0.04411764705882353,0.038711072664359865,0.039792387543252594,0.026600346020761247,0.019247404844290657,0.013192041522491349,0.005622837370242215,0.9340045920035006,0.02395327183814172,0.0,0.0,0.0,0.0,0.0,0.0,0.0,0.0,0.0,0.0,0.0,0.0,0.0,0.0,0.0,0.0,0.0,0.0,0.0,0.0,0.0,0.0,0.0,0.0,0.0,0.06487889273356402,2.257785467128028,12.50216262975779,12.508650519031145,2.6665224913494816,4.2855254461335095,2.8789930180414602,nan,nan,nan,4.214707813525935,2.8948286974831814,4.357285429141717,2.861069795656169,1.0338285883444205,0.404,0.00943,0.0,0.0,0.0,0.0,0.0,0.0,0.0,0.0,0.0,0.0,0.0,10.34169550173009,19.625865051903116,0.03243944636678201,0.0,0.0,0.0,0.0,0.0,0.0,0.0,0.0,0.0,0.0,0.0,0.0,0.0,0.0,0.0,0.0,nan,nan,4.2855254461335095,2.8789930180414602,nan,0.404,0.04376,0.0,0.0,0.0,0.0,0.0,0.0,0.0,0.0,0.0,0.0,0.0,0.0,0.0,0.0,0.0,0.0,0.0,0.0,0.0,0.0,0.0,0.0,0.0,0.00017301038062283736,0.0,0.0,0.0,0.0004433391003460208,0.0020869377162629757,0.0044874567474048445,0.0019463667820069203,0.004217128027681661,0.03708910034602076,0.0362348615916955,0.036991782006920416,0.03209342560553633,0.034883217993079585,0.05840181660899654,0.06015354671280277,0.12316176470588236,0.08381271626297578,0.0524113321799308,0.1159385813148789,0.09225778546712803,0.048161764705882355,0.056390570934256055,0.040798010380622834,0.03687283737024222,0.02118295847750865,0.00657439446366782,0.0036224048442906574,0.0025519031141868513,0.005092993079584775,0.001967993079584775,0.0,0.0,0.0,0.0,0.0,0.0,0.0,0.0,0.0,0.0,0.0,0.0,0.0,0.0,0.0,0.0,0.0,0.0,0.0,0.0,0.0,0.0,0.0,0.0,0.0,0.0,0.0,0.0,0.0,0.0,0.0,0.0,0.0,0.0,0.0,0.0,0.0,0.0,0.0,0.0,0.0,0.0,0.0,0.0,0.0,0.0,0.0,nan,nan,4.2855254461335095,2.8789930180414602,nan,0.9346074782139211,0.023802086021882798,0.0,0.0,0.0,0.0,0.0,0.0,0.0,0.0,0.0,0.0,0.0,0.0,0.0,0.0,0.0,0.0,0.0,0.0,0.0,0.0,0.0,0.0,0.0,0.0,0.0,0.06100040666937781,2.025213501423343,12.444082960553073,12.663684424562833,2.8060187067913795,0.9333198357949907,0.02410555717868324,0.0,0.0,0.0,0.0,0.0,0.0,0.0,0.0,0.0,0.0,0.0,0.0,0.0,0.0,0.0,0.0,0.0,0.0,0.0,0.0,0.0,0.0,0.0,0.0,0.0,0.06928406466512703,2.521939953810624,12.568129330254045,12.332563510392614,2.5080831408775985,0.404,0.00943,0.0,0.0,0.0,0.0,0.0,0.0,0.0,0.0,0.0,0.0,0.0,10.06506710044732,19.89833265555104,0.03660024400162668,0.0,0.0,0.0,0.0,0.0,0.0,0.0,0.0,0.0,0.0,0.0,0.0,0.0,0.0,0.0,0.0,0.4038,0.00943,0.0,0.0,0.0,0.0,0.0,0.0,0.0,0.0,0.0,0.0,0.0,10.65588914549652,19.316397228637417,0.027713625866050817,0.0,0.0,0.0,0.0,0.0,0.0,0.0,0.0,0.0,0.0,0.0,0.0,0.0,0.0,0.0,0.0
8700,4835,2457,0.5081695966907963,1119,1014,0.441158221302999,1373,0.5679420889348501,0.414,2.894449116904962,3.085718665710173,6.675282714054927,2.1910862988164412,9401.144605587015,1523.0605893158852,7853.0,10925.72618985176,10899.511667893046,6.9681211935273915,7853.0,0.0,27.453981385729058,20.87944670970665,32.60497512437811,19.13858011661205,0.1466390899689762,0.10713547052740434,0.09100310237849017,0.0827300930713547,0.08335056876938987,0.07549120992761117,0.06804550155118924,0.06163391933815925,0.056049638055842815,0.05170630816959669,0.04508790072388832,0.03950361944157187,0.030403309203722854,0.02750775594622544,0.016959669079627714,0.00951396070320579,0.007238883143743537,0.9339408210539398,0.023402858932379398,0.0,0.0,0.0,0.0,0.0,0.0,0.0,0.0,0.0,0.0,0.0,0.0,0.0,0.0,0.0,0.0,0.0,0.0,0.0,0.0,0.0,0.0,0.0,0.0,0.0,0.08066184074457086,2.159255429162358,12.508790072388834,12.862461220268877,2.3888314374353676,4.364320785597381,2.8703296779478236,nan,nan,nan,4.309125964010283,2.8784625300379187,4.420560747663552,2.8614008175774828,1.0258601824555535,0.4038,0.00926,0.0,0.0,0.0,0.0,0.0,0.0,0.0,0.0,0.0,0.0,0.0,10.287487073422943,19.700103412616343,0.012409513960703208,0.0,0.0,0.0,0.0,0.0,0.0,0.0,0.0,0.0,0.0,0.0,0.0,0.0,0.0,0.0,0.0,nan,nan,4.364320785597381,2.8703296779478236,nan,0.4038,0.04376,0.0,0.0,0.0,0.0,0.0,0.0,0.0,0.0,0.0,0.0,0.0,0.0,0.0,0.0,0.0,0.0,0.0,0.0,0.0,0.0,0.0,0.0,0.0,0.0,0.0,1.0341261633919338e-05,0.0,0.000796277145811789,0.0027300930713547054,0.0042605997931747675,0.0017269906928645295,0.0043433298862461224,0.03514994829369183,0.03736297828335057,0.03872802481902792,0.03065149948293692,0.03653567735263702,0.054146845915201657,0.05949327817993795,0.12601861427094105,0.08671147880041365,0.052678386763185106,0.11498448810754912,0.09543950361944158,0.046804550155118925,0.056018614270941056,0.039596690796277145,0.03667011375387797,0.01827300930713547,0.0059669079627714585,0.00407445708376422,0.002802481902792141,0.005770423991726991,0.0021613236814891417,8.27300930713547e-05,1.0341261633919338e-05,0.0,0.0,0.0,0.0,0.0,0.0,0.0,0.0,0.0,0.0,0.0,0.0,0.0,0.0,0.0,0.0,0.0,0.0,0.0,0.0,0.0,0.0,0.0,0.0,0.0,0.0,0.0,0.0,0.0,0.0,0.0,0.0,0.0,0.0,0.0,0.0,0.0,0.0,0.0,0.0,0.0,0.0,0.0,0.0,0.0,nan,nan,4.364320785597381,2.8703296779478236,nan,0.933680188718927,0.023301074812284717,0.0,0.0,0.0,0.0,0.0,0.0,0.0,0.0,0.0,0.0,0.0,0.0,0.0,0.0,0.0,0.0,0.0,0.0,0.0,0.0,0.0,0.0,0.0,0.0,0.0,0.07326007326007328,2.2832722832722836,12.527472527472531,12.820512820512823,2.2954822954822958,0.9342101119063901,0.02350452606965255,0.0,0.0,0.0,0.0,0.0,0.0,0.0,0.0,0.0,0.0,0.0,0.0,0.0,0.0,0.0,0.0,0.0,0.0,0.0,0.0,0.0,0.0,0.0,0.0,0.0,0.08830950378469304,2.03111858704794,12.489486963835159,12.905803195962998,2.4852817493692183,0.4038,0.009254,0.0,0.0,0.0,0.0,0.0,0.0,0.0,0.0,0.0,0.0,0.0,10.061050061050047,19.92673992673993,0.012210012210012213,0.0,0.0,0.0,0.0,0.0,0.0,0.0,0.0,0.0,0.0,0.0,0.0,0.0,0.0,0.0,0.0,0.4038,0.00927,0.0,0.0,0.0,0.0,0.0,0.0,0.0,0.0,0.0,0.0,0.0,10.521446593776266,19.465937762825906,0.012615643397813292,0.0,0.0,0.0,0.0,0.0,0.0,0.0,0.0,0.0,0.0,0.0,0.0,0.0,0.0,0.0,0.0
8800,4837,2586,0.5346289022121149,1210,953,0.447178002894356,1311,0.5420715319412859,0.446,3.025766326077299,3.136074729011948,6.574803149606299,2.22767024602598,9481.877934942346,1519.723155463774,7853.0,10923.272170186043,10899.745000508941,6.9859111298449275,7853.0,0.0,27.92019847012611,20.775213821424767,32.83427587902631,19.001160149525045,0.13913582799255736,0.09820136448211701,0.09758114533801944,0.08331610502377507,0.08145544759148232,0.0756667355799049,0.06822410585073392,0.06512301013024602,0.054165805251188755,0.05581972296878231,0.04899731238370891,0.03928054579284681,0.03328509406657019,0.02501550547860244,0.019226793467025015,0.010336985734959685,0.0051684928674798425,0.9340805921742855,0.02340658351129608,0.0,0.0,0.0,0.0,0.0,0.0,0.0,0.0,0.0,0.0,0.0,0.0,0.0,0.0,0.0,0.0,0.0,0.0,0.0,0.0,0.0,0.0,0.0,0.0,0.0,0.055819722968782313,2.1955757701054375,12.317552201777964,13.09282613189994,2.3382261732478815,4.240990990990991,2.965833853490159,nan,nan,nan,4.203833865814697,2.9017981642109367,4.275616083009079,3.0275285992710477,1.0170754172228618,0.4043,0.00944,0.0,0.0,0.0,0.0,0.0,0.0,0.0,0.0,0.0,0.0,0.0,9.81186685962372,20.18813314037627,0.0,0.0,0.0,0.0,0.0,0.0,0.0,0.0,0.0,0.0,0.0,0.0,0.0,0.0,0.0,0.0,0.0,nan,nan,4.240990990990991,2.965833853490159,nan,0.4043,0.0439,0.0,0.0,0.0,0.0,0.0,0.0,0.0,0.0,0.0,0.0,0.0,0.0,0.0,0.0,0.0,0.0,0.0,0.0,0.0,0.0,0.0,0.0,0.0,0.0,0.0,0.0,0.0,0.001250775273930122,0.002832334091378954,0.0040004134794293985,0.0018193094893529046,0.004496588794707463,0.03393632416787265,0.03443249948315071,0.03766797601819309,0.030990283233409136,0.03813314037626628,0.05540624353938391,0.06018193094893529,0.12297911928881539,0.08686169113086624,0.05226379987595617,0.11763489766384122,0.0931569154434567,0.04757080835228447,0.05427951209427331,0.041916477155261526,0.036644614430432085,0.01873061815174695,0.0066363448418441185,0.0043001860657432295,0.0035972710357659705,0.006357246227000206,0.0018709944180277031,5.168492867479843e-05,0.0,0.0,0.0,0.0,0.0,0.0,0.0,0.0,0.0,0.0,0.0,0.0,0.0,0.0,0.0,0.0,0.0,0.0,0.0,0.0,0.0,0.0,0.0,0.0,0.0,0.0,0.0,0.0,0.0,0.0,0.0,0.0,0.0,0.0,0.0,0.0,0.0,0.0,0.0,0.0,0.0,0.0,0.0,0.0,0.0,0.0,nan,nan,4.240990990990991,2.965833853490159,nan,0.9343366016736808,0.023586078825075067,0.0,0.0,0.0,0.0,0.0,0.0,0.0,0.0,0.0,0.0,0.0,0.0,0.0,0.0,0.0,0.0,0.0,0.0,0.0,0.0,0.0,0.0,0.0,0.0,0.0,0.06960556844547565,2.134570765661253,12.192575406032486,13.23665893271462,2.366589327146172,0.9337864826383299,0.023195173623907203,0.0,0.0,0.0,0.0,0.0,0.0,0.0,0.0,0.0,0.0,0.0,0.0,0.0,0.0,0.0,0.0,0.0,0.0,0.0,0.0,0.0,0.0,0.0,0.0,0.0,0.0399822301199467,2.2656597067969795,12.461128387383388,12.927587738782766,2.3056419369169263,0.404,0.009285,0.0,0.0,0.0,0.0,0.0,0.0,0.0,0.0,0.0,0.0,0.0,10.058004640371216,19.941995359628777,0.0,0.0,0.0,0.0,0.0,0.0,0.0,0.0,0.0,0.0,0.0,0.0,0.0,0.0,0.0,0.0,0.0,0.4045,0.009605,0.0,0.0,0.0,0.0,0.0,0.0,0.0,0.0,0.0,0.0,0.0,9.52909817858728,20.47090182141271,0.0,0.0,0.0,0.0,0.0,0.0,0.0,0.0,0.0,0.0,0.0,0.0,0.0,0.0,0.0,0.0,0.0
8900,4907,2571,0.5239453841450988,1229,1029,0.4601589565926228,1386,0.5649072753209701,0.39799999999999996,3.002140410958904,3.026918989554537,6.387096774193548,2.1477009639420137,9449.369130140984,1521.6720419940552,7853.0,10925.335749864578,10899.823540101832,6.929479912445709,7853.0,0.0,28.44874668840432,20.97482580778762,33.436152168645506,19.131182996707512,0.13796617077644183,0.09374363154676991,0.08783370694925617,0.08905644996943142,0.08090482983492969,0.07540248624414102,0.06908498063990218,0.06663949459955167,0.058895455471775014,0.04890972080701039,0.05522722641124923,0.03545954758508253,0.03464438557163236,0.029549622987568778,0.018137354799266356,0.013042592215202771,0.0055023435907886695,0.934601989896812,0.023255527386439653,0.0,0.0,0.0,0.0,0.0,0.0,0.0,0.0,0.0,0.0,0.0,0.0,0.0,0.0,0.0,0.0,0.0,0.0,0.0,0.0,0.0,0.0,0.0,0.0,0.0,0.0366822906052578,2.0052985530874263,12.478092520888529,12.936621153454253,2.5433054819645413,4.143697739238155,2.8300320716339544,nan,nan,nan,4.150371287128713,2.773243331375225,4.136476426799008,2.886605412978773,0.9966521404066195,0.4043,0.00972,0.0,0.0,0.0,0.0,0.0,0.0,0.0,0.0,0.0,0.0,0.006113715100876301,10.026492765437116,19.91237008355411,0.055023435907886706,0.0,0.0,0.0,0.0,0.0,0.0,0.0,0.0,0.0,0.0,0.0,0.0,0.0,0.0,0.0,0.0,nan,nan,4.143697739238155,2.8300320716339544,nan,0.4043,0.044,0.0,0.0,0.0,0.0,0.0,0.0,0.0,0.0,0.0,0.0,0.0,0.0,0.0,0.0,0.0,0.0,0.0,0.0,0.0,0.0,0.0,0.0,0.0,0.0,0.0,1.0189525168127164e-05,0.0,0.0010699001426533524,0.002486244141023028,0.004585286325657224,0.0018952516812716527,0.0046362339514978606,0.0358569390666395,0.035072345628693706,0.03681475443244345,0.029325453433869983,0.037619726920725495,0.0557774607703281,0.06122885673527614,0.12118402282453637,0.0843590788669248,0.05234359078866925,0.11699612798043611,0.09532300794782964,0.048288159771754637,0.05476869777868351,0.04365192582025677,0.03542897900957816,0.019319339718769105,0.006745465661300183,0.0037905033625433055,0.003097615651110658,0.006449969431424496,0.0017322192785816182,0.00013246382718565315,0.0,0.0,1.0189525168127164e-05,0.0,0.0,0.0,0.0,0.0,0.0,0.0,0.0,0.0,0.0,0.0,0.0,0.0,0.0,0.0,0.0,0.0,0.0,0.0,0.0,0.0,0.0,0.0,0.0,0.0,0.0,0.0,0.0,0.0,0.0,0.0,0.0,0.0,0.0,0.0,0.0,0.0,0.0,0.0,0.0,0.0,0.0,0.0,nan,nan,4.143697739238155,2.8300320716339544,nan,0.9344807095631511,0.02320052740403342,0.0,0.0,0.0,0.0,0.0,0.0,0.0,0.0,0.0,0.0,0.0,0.0,0.0,0.0,0.0,0.0,0.0,0.0,0.0,0.0,0.0,0.0,0.0,0.0,0.0,0.035005834305717624,2.018669778296383,12.438739789964997,12.905484247374565,2.6021003500583437,0.9347354709489705,0.023315181104135364,0.0,0.0,0.0,0.0,0.0,0.0,0.0,0.0,0.0,0.0,0.0,0.0,0.0,0.0,0.0,0.0,0.0,0.0,0.0,0.0,0.0,0.0,0.0,0.0,0.0,0.03852739726027398,1.9905821917808224,12.521404109589044,12.970890410958907,2.4785958904109595,0.4043,0.00979,0.0,0.0,0.0,0.0,0.0,0.0,0.0,0.0,0.0,0.0,0.01166861143523921,10.011668611435224,19.91831971995333,0.05834305717619604,0.0,0.0,0.0,0.0,0.0,0.0,0.0,0.0,0.0,0.0,0.0,0.0,0.0,0.0,0.0,0.0,0.4043,0.00965,0.0,0.0,0.0,0.0,0.0,0.0,0.0,0.0,0.0,0.0,0.0,10.042808219178069,19.905821917808222,0.05136986301369864,0.0,0.0,0.0,0.0,0.0,0.0,0.0,0.0,0.0,0.0,0.0,0.0,0.0,0.0,0.0,0.0
9000,4772,2471,0.5178122380553227,1150,976,0.44551550712489524,1347,0.5645431684828164,0.40599999999999997,2.99174272055628,3.1096744577595765,6.64797507788162,2.136481213223456,9430.406663662068,1522.1870164395796,7853.0,10922.375353574753,10899.290813029294,7.040556125716034,7853.0,0.0,27.72485331098072,20.808630558000544,32.81576305220884,19.002475333368057,0.14606035205364626,0.09786253143336128,0.09052808046940486,0.0875943000838223,0.07627829002514669,0.08382229673093043,0.05993294216261526,0.06538139145012574,0.06370494551550712,0.053646269907795474,0.04484492875104778,0.037720033528918694,0.03352891869237217,0.02556580050293378,0.01655490360435876,0.01068734283319363,0.006286672254819782,0.9330327968860213,0.023621060530354065,0.0,0.0,0.0,0.0,0.0,0.0,0.0,0.0,0.0,0.0,0.0,0.0,0.0,0.0,0.0,0.0,0.0,0.0,0.0,0.0,0.0,0.0,0.0,0.0,0.0,0.05029337803855827,2.4895222129086343,12.422464375523893,12.629924559932945,2.407795473595977,4.386705959397512,2.936140913673612,nan,nan,nan,4.479166666666667,2.93897716996161,4.293148880105401,2.9303001987022688,0.9584704476514384,0.4038,0.0097,0.0,0.0,0.0,0.0,0.0,0.0,0.0,0.0,0.0,0.0,0.0,10.637049455155056,19.34409052808047,0.01886001676445935,0.0,0.0,0.0,0.0,0.0,0.0,0.0,0.0,0.0,0.0,0.0,0.0,0.0,0.0,0.0,0.0,nan,nan,4.386705959397512,2.936140913673612,nan,0.4038,0.04425,0.0,0.0,0.0,0.0,0.0,0.0,0.0,0.0,0.0,0.0,0.0,0.0,0.0,0.0,0.0,0.0,0.0,0.0,0.0,0.0,0.0,0.0,0.0,0.0,0.0,0.0,1.0477787091366304e-05,0.001068734283319363,0.0030280804694048616,0.005375104777870914,0.001959346186085499,0.004935037720033529,0.0385268231349539,0.035781642917015924,0.03723805532271584,0.02743084660519698,0.03715423302598491,0.053436714165968145,0.060184409052808044,0.12659262363788767,0.08453478625314334,0.0508696563285834,0.11625104777870914,0.09625943000838223,0.046531852472757755,0.05281852472757754,0.04489731768650461,0.0337384744341995,0.020326906957250628,0.006485750209555742,0.003352891869237217,0.0033424140821458506,0.006087594300083822,0.0016869237217099749,8.382229673093043e-05,0.0,0.0,0.0,1.0477787091366304e-05,0.0,0.0,0.0,0.0,0.0,0.0,0.0,0.0,0.0,0.0,0.0,0.0,0.0,0.0,0.0,0.0,0.0,0.0,0.0,0.0,0.0,0.0,0.0,0.0,0.0,0.0,0.0,0.0,0.0,0.0,0.0,0.0,0.0,0.0,0.0,0.0,0.0,0.0,0.0,0.0,0.0,0.0,nan,nan,4.386705959397512,2.936140913673612,nan,0.9332084775163981,0.02368603897942324,0.0,0.0,0.0,0.0,0.0,0.0,0.0,0.0,0.0,0.0,0.0,0.0,0.0,0.0,0.0,0.0,0.0,0.0,0.0,0.0,0.0,0.0,0.0,0.0,0.0,0.048563334682314864,2.355321732092271,12.602185350060708,12.371509510319711,2.622420072845003,0.9328441368088106,0.023549622426116756,0.0,0.0,0.0,0.0,0.0,0.0,0.0,0.0,0.0,0.0,0.0,0.0,0.0,0.0,0.0,0.0,0.0,0.0,0.0,0.0,0.0,0.0,0.0,0.0,0.0,0.05215123859191657,2.6336375488917865,12.229465449804437,12.907431551499352,2.177314211212517,0.4036,0.00969,0.0,0.0,0.0,0.0,0.0,0.0,0.0,0.0,0.0,0.0,0.0,10.89032780250909,19.08539053014974,0.024281667341157432,0.0,0.0,0.0,0.0,0.0,0.0,0.0,0.0,0.0,0.0,0.0,0.0,0.0,0.0,0.0,0.0,0.4038,0.0097,0.0,0.0,0.0,0.0,0.0,0.0,0.0,0.0,0.0,0.0,0.0,10.365058670143402,19.62190352020861,0.013037809647979142,0.0,0.0,0.0,0.0,0.0,0.0,0.0,0.0,0.0,0.0,0.0,0.0,0.0,0.0,0.0,0.0
9100,4553,2398,0.5266857017351197,1071,900,0.4329013837030529,1255,0.5512848671205799,0.434,3.043155452436195,3.1563280482954164,6.741235392320534,2.1414470501970078,9457.222485617573,1520.7786455820253,7853.0,10924.046941280365,10898.881975403172,6.905945768148516,7853.0,0.0,27.90401932791566,21.13024806673611,33.10709575309944,19.33470425114108,0.1447397320448056,0.1008126509993411,0.09356468262683945,0.08741489128047442,0.07643312101910828,0.07379749615638041,0.07006369426751592,0.059521194816604436,0.05578739292773995,0.051175049417966176,0.04326817482978256,0.04568416428728311,0.03536130024159895,0.027893696463869976,0.01603338458159455,0.0116406764770481,0.006808697562047002,0.932297832241117,0.023344179421386214,0.0,0.0,0.0,0.0,0.0,0.0,0.0,0.0,0.0,0.0,0.0,0.0,0.0,0.0,0.0,0.0,0.0,0.0,0.0,0.0,0.0,0.0,0.0,0.0,0.0,0.08565780803865586,2.4774873709642,12.855260267955197,12.40061497913464,2.1809795739073143,4.296066252587992,2.8776509160741575,nan,nan,nan,4.298110566829951,2.8795513338376253,4.294077603812117,2.8757996461153406,0.9990616893271761,0.4036,0.00935,0.0,0.0,0.0,0.0,0.0,0.0,0.0,0.0,0.0,0.0,0.0,10.614979134636487,19.36525367889304,0.019767186470459042,0.0,0.0,0.0,0.0,0.0,0.0,0.0,0.0,0.0,0.0,0.0,0.0,0.0,0.0,0.0,0.0,nan,nan,4.296066252587992,2.8776509160741575,nan,0.4036,0.04425,0.0,0.0,0.0,0.0,0.0,0.0,0.0,0.0,0.0,0.0,0.0,0.0,0.0,0.0,0.0,0.0,0.0,0.0,0.0,0.0,0.0,0.0,0.0,0.0,0.0,1.0981770261366133e-05,0.0,0.0012848671205798374,0.0028332967274324623,0.0045903799692510435,0.0021304634307050298,0.005446958049637601,0.03943553700856578,0.03551504502525807,0.03535031847133758,0.027696024599165387,0.03802987041511092,0.05283329672743246,0.0601801010322864,0.12845376674719966,0.08742587305073578,0.047232593894135734,0.11937184274104985,0.0957171095980672,0.045980672084339994,0.04917636723039754,0.0452339117065671,0.03240720404129146,0.02172194157698221,0.006819679332308368,0.004282890401932792,0.003711838348341753,0.005765429387217219,0.0012738853503184713,8.785416209092906e-05,0.0,0.0,0.0,0.0,0.0,0.0,0.0,0.0,0.0,0.0,0.0,0.0,0.0,0.0,0.0,0.0,0.0,0.0,0.0,0.0,0.0,0.0,0.0,0.0,0.0,0.0,0.0,0.0,0.0,0.0,0.0,0.0,0.0,0.0,0.0,0.0,0.0,0.0,0.0,0.0,0.0,0.0,0.0,0.0,0.0,0.0,nan,nan,4.296066252587992,2.8776509160741575,nan,0.9316649830669438,0.023626444496427687,0.0,0.0,0.0,0.0,0.0,0.0,0.0,0.0,0.0,0.0,0.0,0.0,0.0,0.0,0.0,0.0,0.0,0.0,0.0,0.0,0.0,0.0,0.0,0.0,0.0,0.12510425354462054,2.6396997497914936,12.985821517931612,12.072560467055883,2.1768140116763974,0.9330020421342341,0.02300556392570475,0.0,0.0,0.0,0.0,0.0,0.0,0.0,0.0,0.0,0.0,0.0,0.0,0.0,0.0,0.0,0.0,0.0,0.0,0.0,0.0,0.0,0.0,0.0,0.0,0.0,0.04176334106728539,2.2969837587006965,12.709976798143854,12.765661252900236,2.1856148491879352,0.4036,0.009384,0.0,0.0,0.0,0.0,0.0,0.0,0.0,0.0,0.0,0.0,0.0,10.633861551292728,19.353628023352798,0.012510425354462054,0.0,0.0,0.0,0.0,0.0,0.0,0.0,0.0,0.0,0.0,0.0,0.0,0.0,0.0,0.0,0.0,0.4036,0.00932,0.0,0.0,0.0,0.0,0.0,0.0,0.0,0.0,0.0,0.0,0.0,10.593967517401376,19.37819025522042,0.02784222737819026,0.0,0.0,0.0,0.0,0.0,0.0,0.0,0.0,0.0,0.0,0.0,0.0,0.0,0.0,0.0,0.0
9200,4862,2494,0.5129576306046895,1142,1017,0.44405594405594406,1373,0.5647881530234471,0.41,2.913429054054054,3.08064830593035,6.5875,2.1480732645792138,9415.401395966994,1522.431216549279,7853.0,10922.62687432766,10898.868318841829,7.1218991065596535,7853.0,0.0,27.379679144385026,20.722576017165924,32.408676361843725,19.006740982049084,0.14376799670917317,0.10283833813245578,0.09502262443438914,0.08988070752776635,0.07980255039078568,0.076717400246812,0.06787330316742081,0.06026326614561909,0.058412176059234884,0.04936240230357877,0.047922665569724396,0.039284245166598106,0.03146853146853147,0.024269847799259565,0.01583710407239819,0.010078157136980667,0.007198683669271904,0.9311769019302053,0.02362368168923622,0.0,0.0,0.0,0.0,0.0,0.0,0.0,0.0,0.0,0.0,0.0,0.0,0.0,0.0,0.0,0.0,0.0,0.0,0.0,0.0,0.0,0.0,0.0,0.0,0.0,0.11106540518305226,2.74578362813657,13.155080213903746,12.062937062937065,1.9251336898395726,4.281694695989651,2.8643120091624366,nan,nan,nan,4.366990291262136,2.874834060763924,4.196509372979961,2.851219264318649,0.960961461576114,0.4043,0.009575,0.0,0.0,0.0,0.0,0.0,0.0,0.0,0.0,0.0,0.0,0.0,9.915672562731372,20.065816536404775,0.018510900863842043,0.0,0.0,0.0,0.0,0.0,0.0,0.0,0.0,0.0,0.0,0.0,0.0,0.0,0.0,0.0,0.0,nan,nan,4.281694695989651,2.8643120091624366,nan,0.4043,0.04416,0.0,0.0,0.0,0.0,0.0,0.0,0.0,0.0,0.0,0.0,0.0,0.0,0.0,0.0,0.0,0.0,0.0,0.0,0.0,0.0,0.0,0.0,0.0,0.0,0.0,0.0,0.0,0.0011415055532702592,0.002601809954751131,0.0043192102015631425,0.001974496092143151,0.005779514603044014,0.0383792677910325,0.03486219662690251,0.03419374742904155,0.02630604689428219,0.03736116824352118,0.0566330728095434,0.05927601809954751,0.12562731386260798,0.08663101604278074,0.04679144385026738,0.11943644590703414,0.0960715754833402,0.04608185931715344,0.05186137392019745,0.04608185931715344,0.034574249280131635,0.021380090497737557,0.007280954339777869,0.005368161250514192,0.0034759358288770055,0.0053373097490744545,0.0011312217194570137,4.113533525298231e-05,0.0,0.0,0.0,0.0,0.0,0.0,0.0,0.0,0.0,0.0,0.0,0.0,0.0,0.0,0.0,0.0,0.0,0.0,0.0,0.0,0.0,0.0,0.0,0.0,0.0,0.0,0.0,0.0,0.0,0.0,0.0,0.0,0.0,0.0,0.0,0.0,0.0,0.0,0.0,0.0,0.0,0.0,0.0,0.0,0.0,0.0,nan,nan,4.281694695989651,2.8643120091624366,nan,0.930912107468225,0.023764014881315985,0.0,0.0,0.0,0.0,0.0,0.0,0.0,0.0,0.0,0.0,0.0,0.0,0.0,0.0,0.0,0.0,0.0,0.0,0.0,0.0,0.0,0.0,0.0,0.0,0.0,0.12028869286287092,2.8388131515637536,13.051323175621494,11.992782678428231,1.996792301523657,0.9314557859623754,0.023471744718338246,0.0,0.0,0.0,0.0,0.0,0.0,0.0,0.0,0.0,0.0,0.0,0.0,0.0,0.0,0.0,0.0,0.0,0.0,0.0,0.0,0.0,0.0,0.0,0.0,0.0,0.10135135135135137,2.647804054054055,13.26435810810811,12.136824324324328,1.8496621621621625,0.4043,0.00958,0.0,0.0,0.0,0.0,0.0,0.0,0.0,0.0,0.0,0.0,0.0,9.995990376904556,19.967923015236572,0.036086607858861273,0.0,0.0,0.0,0.0,0.0,0.0,0.0,0.0,0.0,0.0,0.0,0.0,0.0,0.0,0.0,0.0,0.4043,0.009575,0.0,0.0,0.0,0.0,0.0,0.0,0.0,0.0,0.0,0.0,0.0,9.831081081081066,20.168918918918923,0.0,0.0,0.0,0.0,0.0,0.0,0.0,0.0,0.0,0.0,0.0,0.0,0.0,0.0,0.0,0.0,0.0
9300,4976,2531,0.5086414790996785,1204,1088,0.46061093247588425,1469,0.5904340836012861,0.3539999999999999,2.9226993865030675,3.0049985749071326,6.38,2.151716922433273,9402.28075520384,1522.7401367822781,7853.0,10917.174137532711,10898.919019318178,6.963482970728188,7853.0,0.0,28.65032154340836,20.97041611381715,33.447000237135406,19.170394066581167,0.13444533762057878,0.0932475884244373,0.08762057877813505,0.08922829581993569,0.07717041800643087,0.07717041800643087,0.0737540192926045,0.06672025723472669,0.061294212218649516,0.0512459807073955,0.049437299035369774,0.04119774919614148,0.0317524115755627,0.02532154340836013,0.019493569131832797,0.012057877813504822,0.008842443729903537,0.9309983678593321,0.02337868927652076,0.0,0.0,0.0,0.0,0.0,0.0,0.0,0.0,0.0,0.0,0.0,0.0,0.0,0.0,0.0,0.0,0.0,0.0,0.0,0.0,0.0,0.0,0.0,0.0,0.0,0.08440514469453378,2.6286173633440524,13.504823151125406,11.846864951768492,1.9352893890675245,4.19788838612368,2.81700209799736,nan,nan,nan,4.201330108827086,2.799416621054275,4.1944611679711015,2.834400896547839,0.9983650556661682,0.404,0.00934,0.0,0.0,0.0,0.0,0.0,0.0,0.0,0.0,0.0,0.0,0.0,10.182877813504808,19.80506430868168,0.012057877813504826,0.0,0.0,0.0,0.0,0.0,0.0,0.0,0.0,0.0,0.0,0.0,0.0,0.0,0.0,0.0,0.0,nan,nan,4.19788838612368,2.81700209799736,nan,0.404,0.044,0.0,0.0,0.0,0.0,0.0,0.0,0.0,0.0,0.0,0.0,0.0,0.0,0.0,0.0,0.0,0.0,0.0,0.0,0.0,0.0,0.0,0.0,0.0,0.0,0.0,1.004823151125402e-05,7.033762057877813e-05,0.0009445337620578779,0.0024216237942122185,0.004622186495176849,0.0026527331189710613,0.005034163987138264,0.03876607717041801,0.03494774919614148,0.03408360128617363,0.026105305466237943,0.03908762057877813,0.05498392282958199,0.06061093247588424,0.12830586816720257,0.08668609324758843,0.04719654340836013,0.11835811897106109,0.09564911575562701,0.04377009646302251,0.052381430868167204,0.04564911575562701,0.03345056270096463,0.022266881028938906,0.007455787781350482,0.005606913183279743,0.0028838424437299037,0.0048131028938906755,0.0011856913183279742,0.0,0.0,0.0,0.0,0.0,0.0,0.0,0.0,0.0,0.0,0.0,0.0,0.0,0.0,0.0,0.0,0.0,0.0,0.0,0.0,0.0,0.0,0.0,0.0,0.0,0.0,0.0,0.0,0.0,0.0,0.0,0.0,0.0,0.0,0.0,0.0,0.0,0.0,0.0,0.0,0.0,0.0,0.0,0.0,0.0,0.0,0.0,nan,nan,4.19788838612368,2.81700209799736,nan,0.9311970525793952,0.023546386306373814,0.0,0.0,0.0,0.0,0.0,0.0,0.0,0.0,0.0,0.0,0.0,0.0,0.0,0.0,0.0,0.0,0.0,0.0,0.0,0.0,0.0,0.0,0.0,0.0,0.0,0.059265112603713956,2.7261951797708424,13.12129593046227,11.995258790991706,2.097984986171474,0.9307926946378681,0.02320202493700959,0.0,0.0,0.0,0.0,0.0,0.0,0.0,0.0,0.0,0.0,0.0,0.0,0.0,0.0,0.0,0.0,0.0,0.0,0.0,0.0,0.0,0.0,0.0,0.0,0.0,0.11042944785276076,2.527607361963191,13.901840490797548,11.693251533742334,1.7668711656441722,0.4043,0.00936,0.0,0.0,0.0,0.0,0.0,0.0,0.0,0.0,0.0,0.0,0.0,9.802449624654272,20.185697352824977,0.011853022520742792,0.0,0.0,0.0,0.0,0.0,0.0,0.0,0.0,0.0,0.0,0.0,0.0,0.0,0.0,0.0,0.0,0.4038,0.009315,0.0,0.0,0.0,0.0,0.0,0.0,0.0,0.0,0.0,0.0,0.0,10.576687116564402,19.41104294478528,0.012269938650306752,0.0,0.0,0.0,0.0,0.0,0.0,0.0,0.0,0.0,0.0,0.0,0.0,0.0,0.0,0.0,0.0
9400,4196,2207,0.5259771210676835,1032,866,0.4523355576739752,1184,0.5643469971401335,0.43,3.001005530417295,3.082084496099289,6.485915492957746,2.2051026468170147,9455.159905781467,1520.9836437626645,7853.0,10927.018201470375,10899.063871617143,7.0581334772530075,7853.0,0.0,28.668493803622496,21.12729742743794,33.721859937624046,19.242061129964505,0.13894184938036225,0.09437559580552908,0.08674928503336511,0.08984747378455672,0.07435653002859867,0.07197330791229743,0.07411820781696854,0.06434699714013346,0.05624404194470925,0.05409914204003813,0.04861773117254528,0.04551954242135367,0.03622497616777884,0.026215443279313633,0.020972354623450904,0.011201143946615824,0.006196377502383222,0.9322476458475633,0.02324736130417095,0.0,0.0,0.0,0.0,0.0,0.0,0.0,0.0,0.0,0.0,0.0,0.0,0.0,0.0,0.0,0.0,0.0,0.0,0.0,0.0,0.0,0.0,0.0,0.0,0.0,0.06434699714013348,2.59532888465205,13.040991420400385,12.161582459485228,2.1377502383222122,4.176002891217926,2.900300109839144,nan,nan,nan,4.165689149560118,2.851474158567642,4.186029935851746,2.946958782075531,1.004882934266417,0.404,0.00968,0.0,0.0,0.0,0.0,0.0,0.0,0.0,0.0,0.0,0.0,0.0,10.145376549094362,19.826024785510015,0.028598665395614876,0.0,0.0,0.0,0.0,0.0,0.0,0.0,0.0,0.0,0.0,0.0,0.0,0.0,0.0,0.0,0.0,nan,nan,4.176002891217926,2.900300109839144,nan,0.404,0.04385,0.0,0.0,0.0,0.0,0.0,0.0,0.0,0.0,0.0,0.0,0.0,0.0,0.0,0.0,0.0,0.0,0.0,0.0,0.0,0.0,0.0,0.0,0.0,0.0,0.0,1.1916110581506196e-05,1.1916110581506196e-05,0.0009175405147759772,0.0019065776930409914,0.004742612011439466,0.0031935176358436606,0.004587702573879885,0.03527168732125834,0.03639180171591992,0.03472354623450906,0.028646329837940895,0.04022878932316492,0.0519184938036225,0.06257149666348903,0.12685891325071497,0.08243565300285986,0.04764061010486177,0.11851763584366062,0.09852240228789323,0.04507864632983794,0.0528836987607245,0.048879885605338416,0.03189942802669209,0.01992373689227836,0.008329361296472831,0.0053741658722592945,0.0022044804575786464,0.005040514775977121,0.0012631077216396567,0.0,0.0,2.383222116301239e-05,0.0,0.0,0.0,0.0,0.0,0.0,0.0,0.0,0.0,0.0,0.0,0.0,0.0,0.0,0.0,0.0,0.0,0.0,0.0,0.0,0.0,0.0,0.0,0.0,0.0,0.0,0.0,0.0,0.0,0.0,0.0,0.0,0.0,0.0,0.0,0.0,0.0,0.0,0.0,0.0,0.0,0.0,0.0,0.0,nan,nan,4.176002891217926,2.900300109839144,nan,0.9317508865439843,0.023245266007439012,0.0,0.0,0.0,0.0,0.0,0.0,0.0,0.0,0.0,0.0,0.0,0.0,0.0,0.0,0.0,0.0,0.0,0.0,0.0,0.0,0.0,0.0,0.0,0.0,0.0,0.027186225645672867,2.8409605799728146,12.818305391934757,12.4241051200725,1.889442682374264,0.932798851369433,0.023237260090416375,0.0,0.0,0.0,0.0,0.0,0.0,0.0,0.0,0.0,0.0,0.0,0.0,0.0,0.0,0.0,0.0,0.0,0.0,0.0,0.0,0.0,0.0,0.0,0.0,0.0,0.10558069381598796,2.322775263951735,13.288084464555057,11.870286576168931,2.413273001508296,0.4043,0.009575,0.0,0.0,0.0,0.0,0.0,0.0,0.0,0.0,0.0,0.0,0.0,10.113275940190288,19.84594472134119,0.04077933846850929,0.0,0.0,0.0,0.0,0.0,0.0,0.0,0.0,0.0,0.0,0.0,0.0,0.0,0.0,0.0,0.0,0.404,0.009796,0.0,0.0,0.0,0.0,0.0,0.0,0.0,0.0,0.0,0.0,0.0,10.180995475113107,19.803921568627455,0.015082956259426851,0.0,0.0,0.0,0.0,0.0,0.0,0.0,0.0,0.0,0.0,0.0,0.0,0.0,0.0,0.0,0.0
9500,4206,2125,0.5052306229196386,983,859,0.43794579172610554,1199,0.5701378982406087,0.426,3.0658337337818358,3.2142747429621723,6.7842809364548495,2.2424799044235835,9392.018160148598,1523.0090692742372,7853.0,10923.483075141907,10899.16959133412,6.77675290932385,7853.0,0.0,27.604374702805515,20.910740718366334,32.723252496433666,19.154269384159583,0.14669519733713743,0.10389919163100333,0.0903471231573942,0.08535425582501188,0.08012363290537328,0.07465525439847837,0.06776034236804565,0.06038991916310033,0.05872563005230623,0.05706134094151213,0.0466000951022349,0.032572515454113174,0.035425582501188775,0.024488825487398953,0.019971469329529243,0.009510223490252021,0.006419400855920114,0.9318108853135175,0.02300861512411908,0.0,0.0,0.0,0.0,0.0,0.0,0.0,0.0,0.0,0.0,0.0,0.0,0.0,0.0,0.0,0.0,0.0,0.0,0.0,0.0,0.0,0.0,0.0,0.0,0.0,0.0427960057061341,2.4679029957204,13.388017118402287,12.068473609129818,2.03281027104137,4.5104790419161676,2.9408914100131107,nan,nan,nan,4.491475166790215,2.936586012491483,4.529856386999244,2.9451486779504363,1.0085453484175573,0.4045,0.00957,0.0,0.0,0.0,0.0,0.0,0.0,0.0,0.0,0.0,0.0,0.0,9.38659058487873,20.577746077032813,0.03566333808844509,0.0,0.0,0.0,0.0,0.0,0.0,0.0,0.0,0.0,0.0,0.0,0.0,0.0,0.0,0.0,0.0,nan,nan,4.5104790419161676,2.9408914100131107,nan,0.4045,0.04385,0.0,0.0,0.0,0.0,0.0,0.0,0.0,0.0,0.0,0.0,0.0,0.0,0.0,0.0,0.0,0.0,0.0,0.0,0.0,0.0,0.0,0.0,0.0,0.0,3.566333808844508e-05,0.0,0.0,0.0016999524488825488,0.0017356157869709938,0.004481692819781265,0.0034236804564907277,0.0040299572039942935,0.033083689966714215,0.03713742272943414,0.03372563005230623,0.028221588207322873,0.038207322872087494,0.05412505943889681,0.062410841654778886,0.12577270565858298,0.08347598668568712,0.046112696148359486,0.11539467427484545,0.10193770803613884,0.04614835948644793,0.05336424155967665,0.051747503566333806,0.033345221112696145,0.0171659533999049,0.009213029006181645,0.005194959581550166,0.0024369947693770803,0.005076081787922016,0.0012482168330955777,0.0,0.0,3.566333808844508e-05,1.1887779362815025e-05,0.0,0.0,0.0,0.0,0.0,0.0,0.0,0.0,0.0,0.0,0.0,0.0,0.0,0.0,0.0,0.0,0.0,0.0,0.0,0.0,0.0,0.0,0.0,0.0,0.0,0.0,0.0,0.0,0.0,0.0,0.0,0.0,0.0,0.0,0.0,0.0,0.0,0.0,0.0,0.0,0.0,0.0,0.0,nan,nan,4.5104790419161676,2.9408914100131107,nan,0.931824166690602,0.02249880075903687,0.0,0.0,0.0,0.0,0.0,0.0,0.0,0.0,0.0,0.0,0.0,0.0,0.0,0.0,0.0,0.0,0.0,0.0,0.0,0.0,0.0,0.0,0.0,0.0,0.0,0.028235294117647067,2.3435294117647065,13.482352941176474,12.22588235294118,1.9200000000000004,0.9317973231192336,0.023517799231084355,0.0,0.0,0.0,0.0,0.0,0.0,0.0,0.0,0.0,0.0,0.0,0.0,0.0,0.0,0.0,0.0,0.0,0.0,0.0,0.0,0.0,0.0,0.0,0.0,0.0,0.0576645843344546,2.594906295050457,13.291686689091787,11.907736665064876,2.148005766458434,0.4045,0.00942,0.0,0.0,0.0,0.0,0.0,0.0,0.0,0.0,0.0,0.0,0.0,9.247058823529398,20.738823529411768,0.014117647058823533,0.0,0.0,0.0,0.0,0.0,0.0,0.0,0.0,0.0,0.0,0.0,0.0,0.0,0.0,0.0,0.0,0.4045,0.00971,0.0,0.0,0.0,0.0,0.0,0.0,0.0,0.0,0.0,0.0,0.0,9.529072561268606,20.41326285439693,0.0576645843344546,0.0,0.0,0.0,0.0,0.0,0.0,0.0,0.0,0.0,0.0,0.0,0.0,0.0,0.0,0.0,0.0
9600,4390,2263,0.515489749430524,1080,888,0.4482915717539863,1258,0.5731207289293849,0.40199999999999997,2.9543958627174423,3.0166889191814548,6.289099526066351,2.178486940581498,9423.338825407442,1522.4294084462385,7853.0,10921.471371412277,10899.304659097952,6.943107732300379,7853.0,0.0,28.39362186788155,20.85666356108513,33.124395486297686,19.115667920468606,0.13120728929384967,0.10022779043280182,0.09043280182232347,0.09134396355353075,0.07722095671981777,0.07790432801822324,0.0621867881548975,0.07220956719817767,0.05535307517084283,0.05398633257403189,0.05239179954441914,0.0407744874715262,0.03507972665148064,0.021867881548974944,0.021184510250569475,0.010478359908883827,0.0061503416856492025,0.9320914194089677,0.0232559754125265,0.0,0.0,0.0,0.0,0.0,0.0,0.0,0.0,0.0,0.0,0.0,0.0,0.0,0.0,0.0,0.0,0.0,0.0,0.0,0.0,0.0,0.0,0.0,0.0,0.0,0.08883826879271073,2.3166287015945333,13.175398633257407,12.437357630979502,1.9817767653758547,4.177862861120779,2.8442645115903944,nan,nan,nan,4.126132404181185,2.8277088440132845,4.229485396383867,2.859757449472691,1.0250483944960056,0.4045,0.00946,0.0,0.0,0.0,0.0,0.0,0.0,0.0,0.0,0.0,0.0,0.0,9.553530751708415,20.419134396355357,0.027334851936218686,0.0,0.0,0.0,0.0,0.0,0.0,0.0,0.0,0.0,0.0,0.0,0.0,0.0,0.0,0.0,0.0,nan,nan,4.177862861120779,2.8442645115903944,nan,0.4045,0.04367,0.0,0.0,0.0,0.0,0.0,0.0,0.0,0.0,0.0,0.0,0.0,0.0,0.0,0.0,0.0,0.0,0.0,0.0,0.0,0.0,0.0,0.0,0.0,3.416856492027335e-05,0.0,0.0,0.0,0.0013211845102505694,0.0016514806378132118,0.004920273348519362,0.0030182232346241456,0.0042027334851936216,0.03225512528473804,0.038906605922551254,0.03338268792710706,0.0284624145785877,0.03722095671981777,0.056059225512528475,0.06093394077448747,0.12342824601366742,0.08576309794988611,0.04555808656036447,0.11112756264236902,0.10618451025056948,0.048280182232346244,0.0541002277904328,0.05158314350797266,0.03293849658314351,0.016662870159453304,0.008656036446469248,0.004954441913439636,0.0027904328018223236,0.004464692482915718,0.0010592255125284739,1.1389521640091117e-05,0.0,1.1389521640091117e-05,5.6947608200455584e-05,0.0,0.0,0.0,0.0,0.0,0.0,0.0,0.0,0.0,0.0,0.0,0.0,0.0,0.0,0.0,0.0,0.0,0.0,0.0,0.0,0.0,0.0,0.0,0.0,0.0,0.0,0.0,0.0,0.0,0.0,0.0,0.0,0.0,0.0,0.0,0.0,0.0,0.0,0.0,0.0,0.0,0.0,0.0,nan,nan,4.177862861120779,2.8442645115903944,nan,0.9323908065306208,0.02347706023816885,0.0,0.0,0.0,0.0,0.0,0.0,0.0,0.0,0.0,0.0,0.0,0.0,0.0,0.0,0.0,0.0,0.0,0.0,0.0,0.0,0.0,0.0,0.0,0.0,0.0,0.09279717189571368,2.3994697304463104,12.912063632346445,12.54087494476359,2.0547945205479454,0.9317728895282431,0.023014147351611693,0.0,0.0,0.0,0.0,0.0,0.0,0.0,0.0,0.0,0.0,0.0,0.0,0.0,0.0,0.0,0.0,0.0,0.0,0.0,0.0,0.0,0.0,0.0,0.0,0.0,0.08462623413258111,2.2284908321579695,13.455571227080398,12.327221438645983,1.9040902679830751,0.4045,0.00955,0.0,0.0,0.0,0.0,0.0,0.0,0.0,0.0,0.0,0.0,0.0,9.505081749889513,20.455148033583743,0.03977021652673443,0.0,0.0,0.0,0.0,0.0,0.0,0.0,0.0,0.0,0.0,0.0,0.0,0.0,0.0,0.0,0.0,0.4045,0.00936,0.0,0.0,0.0,0.0,0.0,0.0,0.0,0.0,0.0,0.0,0.0,9.605077574047941,20.38081805359662,0.014104372355430187,0.0,0.0,0.0,0.0,0.0,0.0,0.0,0.0,0.0,0.0,0.0,0.0,0.0,0.0,0.0,0.0
9700,4210,2229,0.5294536817102138,1083,838,0.45629453681710214,1144,0.5434679334916864,0.45,3.011610297829379,3.1408732523061094,6.6954954954954955,2.1365707721473033,9465.722506753085,1520.3697152237787,7853.0,10921.875151872635,10899.012451067962,6.887915222620675,7853.0,0.0,27.766745843230403,20.699633055935283,32.91422057566258,18.82345253821223,0.14608076009501186,0.09833729216152019,0.08764845605700712,0.0828978622327791,0.0826603325415677,0.07244655581947744,0.07030878859857483,0.0665083135391924,0.0667458432304038,0.05368171021377672,0.04085510688836105,0.03871733966745843,0.03847980997624703,0.02351543942992874,0.014489311163895487,0.01140142517814727,0.005225653206650831,0.931671578895451,0.023237312165626283,0.0,0.0,0.0,0.0,0.0,0.0,0.0,0.0,0.0,0.0,0.0,0.0,0.0,0.0,0.0,0.0,0.0,0.0,0.0,0.0,0.0,0.0,0.0,0.0,0.0,0.05700712589073636,2.57957244655582,13.239904988123518,12.071258907363424,2.052256532066509,4.212132352941176,2.9201757370788277,nan,nan,nan,4.231797919762259,2.8927946365217987,4.192867540029112,2.9466249044343127,0.9908005106880591,0.4038,0.00935,0.0,0.0,0.0,0.0,0.0,0.0,0.0,0.0,0.0,0.0,0.0,10.004750593824214,19.952494061757722,0.04275534441805226,0.0,0.0,0.0,0.0,0.0,0.0,0.0,0.0,0.0,0.0,0.0,0.0,0.0,0.0,0.0,0.0,nan,nan,4.212132352941176,2.9201757370788277,nan,0.4038,0.04364,0.0,0.0,0.0,0.0,0.0,0.0,0.0,0.0,0.0,0.0,0.0,0.0,0.0,0.0,0.0,0.0,0.0,0.0,0.0,0.0,0.0,0.0,0.0,7.125890736342043e-05,0.0,0.0,1.187648456057007e-05,0.0014726840855106887,0.0015914489311163896,0.004394299287410927,0.002992874109263658,0.0045605700712589075,0.03429928741092637,0.04311163895486936,0.031935866983372925,0.02824228028503563,0.035997624703087885,0.058052256532066505,0.060498812351543946,0.11701900237529692,0.08751781472684085,0.04608076009501188,0.11159144893111639,0.10687648456057007,0.05087885985748219,0.05684085510688836,0.04806413301662708,0.0321021377672209,0.016116389548693585,0.007220902612826603,0.004714964370546318,0.0027672209026128264,0.0038836104513064133,0.0008669833729216152,0.0,0.0,0.0,0.00022565320665083135,0.0,0.0,0.0,0.0,0.0,0.0,0.0,0.0,0.0,0.0,0.0,0.0,0.0,0.0,0.0,0.0,0.0,0.0,0.0,0.0,0.0,0.0,0.0,0.0,0.0,0.0,0.0,0.0,0.0,0.0,0.0,0.0,0.0,0.0,0.0,0.0,0.0,0.0,0.0,0.0,0.0,0.0,0.0,nan,nan,4.212132352941176,2.9201757370788277,nan,0.9318578142176406,0.022958919794597844,0.0,0.0,0.0,0.0,0.0,0.0,0.0,0.0,0.0,0.0,0.0,0.0,0.0,0.0,0.0,0.0,0.0,0.0,0.0,0.0,0.0,0.0,0.0,0.0,0.0,0.06729475100942128,2.3956931359353972,13.257065948855992,12.409152086137285,1.8707940780619117,0.9314620289039516,0.023544860113093778,0.0,0.0,0.0,0.0,0.0,0.0,0.0,0.0,0.0,0.0,0.0,0.0,0.0,0.0,0.0,0.0,0.0,0.0,0.0,0.0,0.0,0.0,0.0,0.0,0.0,0.04543160020191823,2.786471479050985,13.220595658758207,11.691065118626957,2.256436143361939,0.4038,0.00943,0.0,0.0,0.0,0.0,0.0,0.0,0.0,0.0,0.0,0.0,0.0,10.148048452220712,19.79811574697174,0.053835800807537026,0.0,0.0,0.0,0.0,0.0,0.0,0.0,0.0,0.0,0.0,0.0,0.0,0.0,0.0,0.0,0.0,0.4038,0.00928,0.0,0.0,0.0,0.0,0.0,0.0,0.0,0.0,0.0,0.0,0.0,9.843513377082267,20.126198889449775,0.03028773346794549,0.0,0.0,0.0,0.0,0.0,0.0,0.0,0.0,0.0,0.0,0.0,0.0,0.0,0.0,0.0,0.0
9800,4358,2255,0.5174391922900413,1060,896,0.44882973841211565,1246,0.5718219366681965,0.41,2.947693770803614,3.131166958425427,6.776785714285714,2.109967084325908,9429.17564741837,1522.1353739105848,7853.0,10921.830342411995,10899.107969600556,6.890421867445142,7853.0,0.0,27.628040385497936,20.695524617829346,32.41966230936819,19.022921476423264,0.13698944469940338,0.10555300596603946,0.09362092703074805,0.08926112895823772,0.08145938503900872,0.07021569527306104,0.07365764111977971,0.06516750803120698,0.05415328132170721,0.05254703992657182,0.046810463515374025,0.03900871959614502,0.033731069297843044,0.025011473152822396,0.016521340064249657,0.00986691142726021,0.006424965580541533,0.9325400330211767,0.023280709991127285,0.0,0.0,0.0,0.0,0.0,0.0,0.0,0.0,0.0,0.0,0.0,0.0,0.0,0.0,0.0,0.0,0.0,0.0,0.0,0.0,0.0,0.0,0.0,0.0,0.0,0.0826067003212483,2.3818265259293256,12.927948600275359,12.45984396512162,2.147774208352456,4.3620135665833635,2.92930619581154,nan,nan,nan,4.422413793103448,2.974945750695274,4.302342086586231,2.8822653773630846,0.9728492827368476,0.4036,0.0092,0.0,0.0,0.0,0.0,0.0,0.0,0.0,0.0,0.0,0.0,0.0,10.752638825149136,19.24736117485085,0.0,0.0,0.0,0.0,0.0,0.0,0.0,0.0,0.0,0.0,0.0,0.0,0.0,0.0,0.0,0.0,0.0,nan,nan,4.3620135665833635,2.92930619581154,nan,0.4036,0.0435,0.0,0.0,0.0,0.0,0.0,0.0,0.0,0.0,0.0,0.0,0.0,0.0,0.0,0.0,0.0,0.0,0.0,0.0,0.0,0.0,0.0,0.0,0.0,3.4419458467186785e-05,1.1473152822395594e-05,0.0,0.0,0.0013997246443322624,0.0013997246443322624,0.004979348324919688,0.003235429095915558,0.00510555300596604,0.03284763653051859,0.044240477283157414,0.033455713630105556,0.026675080312069756,0.0374942634235888,0.06033731069297843,0.062012391005048184,0.11669343735658559,0.08399495181275815,0.04535337310692979,0.1083295089490592,0.11029141808168885,0.05333868747131712,0.05904084442404773,0.04329967875172097,0.03126434144102799,0.01575263882514915,0.007641119779715466,0.00510555300596604,0.0029830197338228544,0.0031551170261587885,0.0003900871959614502,0.0,0.0,0.0,0.00013767783386874714,0.0,0.0,0.0,0.0,0.0,0.0,0.0,0.0,0.0,0.0,0.0,0.0,0.0,0.0,0.0,0.0,0.0,0.0,0.0,0.0,0.0,0.0,0.0,0.0,0.0,0.0,0.0,0.0,0.0,0.0,0.0,0.0,0.0,0.0,0.0,0.0,0.0,0.0,0.0,0.0,0.0,0.0,0.0,nan,nan,4.3620135665833635,2.92930619581154,nan,0.9325681722877824,0.022886539161300266,0.0,0.0,0.0,0.0,0.0,0.0,0.0,0.0,0.0,0.0,0.0,0.0,0.0,0.0,0.0,0.0,0.0,0.0,0.0,0.0,0.0,0.0,0.0,0.0,0.0,0.07982261640798227,2.288248337028825,12.864745011086478,12.718403547671844,2.0487804878048785,0.9325098599131426,0.02369604977631486,0.0,0.0,0.0,0.0,0.0,0.0,0.0,0.0,0.0,0.0,0.0,0.0,0.0,0.0,0.0,0.0,0.0,0.0,0.0,0.0,0.0,0.0,0.0,0.0,0.0,0.0855920114122682,2.482168330955778,12.99572039942939,12.182596291012842,2.2539229671897294,0.4036,0.00919,0.0,0.0,0.0,0.0,0.0,0.0,0.0,0.0,0.0,0.0,0.0,10.656319290465616,19.34368070953437,0.0,0.0,0.0,0.0,0.0,0.0,0.0,0.0,0.0,0.0,0.0,0.0,0.0,0.0,0.0,0.0,0.0,0.4033,0.00922,0.0,0.0,0.0,0.0,0.0,0.0,0.0,0.0,0.0,0.0,0.0,10.855920114122666,19.14407988587732,0.0,0.0,0.0,0.0,0.0,0.0,0.0,0.0,0.0,0.0,0.0,0.0,0.0,0.0,0.0,0.0,0.0
9900,4428,2256,0.5094850948509485,1009,909,0.43315266485998194,1254,0.5663956639566395,0.418,2.9709944751381214,3.0943699730892256,6.546357615894039,2.1444916294851946,9405.03640183276,1522.875729808302,7853.0,10919.960893034935,10899.284214235578,6.790127082004905,7853.0,0.0,28.222673893405602,21.2038352551135,33.34035087719298,19.398900991060312,0.14317976513098465,0.0975609756097561,0.0975609756097561,0.08423667570009033,0.07204155374887082,0.07113821138211382,0.06729900632339657,0.062104787714543815,0.061653116531165314,0.056458897922312554,0.05013550135501355,0.03568202348690153,0.03523035230352303,0.028003613369467027,0.02009936766034327,0.009259259259259259,0.008355916892502258,0.9329430665534794,0.02296726076860428,0.0,0.0,0.0,0.0,0.0,0.0,0.0,0.0,0.0,0.0,0.0,0.0,0.0,0.0,0.0,0.0,0.0,0.0,0.0,0.0,0.0,0.0,0.0,0.0,0.0,0.04065040650406505,2.2628726287262877,12.974254742547428,12.493224932249326,2.2289972899729,4.370527807297202,2.8317082656203136,nan,nan,nan,4.385003604902668,2.794887710505472,4.3565459610027855,2.8667540664336815,0.9935102347765313,0.404,0.009254,0.0,0.0,0.0,0.0,0.0,0.0,0.0,0.0,0.0,0.0,0.0,9.722222222222207,20.257452574525747,0.020325203252032523,0.0,0.0,0.0,0.0,0.0,0.0,0.0,0.0,0.0,0.0,0.0,0.0,0.0,0.0,0.0,0.0,nan,nan,4.370527807297202,2.8317082656203136,nan,0.404,0.0433,0.0,0.0,0.0,0.0,0.0,0.0,0.0,0.0,0.0,0.0,0.0,0.0,0.0,0.0,0.0,0.0,0.0,0.0,0.0,0.0,0.0,0.0,0.0,0.0,0.0,0.0,0.0,0.001851851851851852,0.0013098464317976514,0.004223125564588979,0.003376242095754291,0.004528003613369467,0.030499096657633243,0.04401535682023487,0.03239611562782294,0.02419828364950316,0.037387082204155375,0.0620483288166215,0.06307588075880759,0.11819105691056911,0.08035230352303523,0.04469286359530262,0.11193541102077688,0.11167570009033424,0.05285682023486901,0.06055781391147245,0.04252484191508582,0.03255420054200542,0.01659891598915989,0.007057362240289069,0.004618337850045167,0.0033197831978319784,0.003511743450767841,0.000462962962962963,4.516711833785005e-05,3.3875338753387534e-05,0.0,4.516711833785005e-05,5.6458897922312554e-05,0.0,0.0,0.0,0.0,0.0,0.0,0.0,0.0,0.0,0.0,0.0,0.0,0.0,0.0,0.0,0.0,0.0,0.0,0.0,0.0,0.0,0.0,0.0,0.0,0.0,0.0,0.0,0.0,0.0,0.0,0.0,0.0,0.0,0.0,0.0,0.0,0.0,0.0,0.0,0.0,0.0,0.0,nan,nan,4.370527807297202,2.8317082656203136,nan,0.9326869164269866,0.022878200235575942,0.0,0.0,0.0,0.0,0.0,0.0,0.0,0.0,0.0,0.0,0.0,0.0,0.0,0.0,0.0,0.0,0.0,0.0,0.0,0.0,0.0,0.0,0.0,0.0,0.0,0.06648936170212767,2.1276595744680855,13.297872340425535,12.27393617021277,2.2340425531914896,0.9332091230384553,0.02305638867751316,0.0,0.0,0.0,0.0,0.0,0.0,0.0,0.0,0.0,0.0,0.0,0.0,0.0,0.0,0.0,0.0,0.0,0.0,0.0,0.0,0.0,0.0,0.0,0.0,0.0,0.0138121546961326,2.4033149171270725,12.63812154696133,12.720994475138125,2.2237569060773485,0.404,0.009346,0.0,0.0,0.0,0.0,0.0,0.0,0.0,0.0,0.0,0.0,0.0,9.96010638297871,20.013297872340427,0.02659574468085107,0.0,0.0,0.0,0.0,0.0,0.0,0.0,0.0,0.0,0.0,0.0,0.0,0.0,0.0,0.0,0.0,0.404,0.00916,0.0,0.0,0.0,0.0,0.0,0.0,0.0,0.0,0.0,0.0,0.0,9.475138121546948,20.51104972375691,0.0138121546961326,0.0,0.0,0.0,0.0,0.0,0.0,0.0,0.0,0.0,0.0,0.0,0.0,0.0,0.0,0.0,0.0
10000,4396,2328,0.5295723384895359,1037,895,0.4394904458598726,1227,0.5582347588717016,0.414,2.979690522243714,3.034548567844399,6.44949494949495,2.1173425503597,9466.104752791807,1520.3681505776349,7853.0,10927.219596385956,10899.051758278687,6.964734074441469,7853.0,0.0,28.42060964513194,21.189530420619263,33.311051212938004,19.4470394707773,0.13808007279344858,0.09986351228389445,0.09394904458598727,0.0848498635122839,0.08121019108280254,0.06847133757961783,0.06369426751592357,0.06369426751592357,0.05777979981801638,0.05846223839854413,0.04481346678798908,0.0416287534121929,0.0373066424021838,0.029799818016378526,0.020018198362147407,0.008416742493175615,0.007961783439490446,0.9322323892553683,0.02337330633315768,0.0,0.0,0.0,0.0,0.0,0.0,0.0,0.0,0.0,0.0,0.0,0.0,0.0,0.0,0.0,0.0,0.0,0.0,0.0,0.0,0.0,0.0,0.0,0.0,0.0,0.08189262966333032,2.5523202911737948,12.816196542311195,12.4203821656051,2.1292083712465883,4.230525202678886,2.831991351498498,nan,nan,nan,4.283613445378151,2.799326719100041,4.176721078779276,2.863712476718705,0.9750462155463147,0.404,0.00941,0.0,0.0,0.0,0.0,0.0,0.0,0.0,0.0,0.0,0.0,0.0,9.827115559599621,20.145586897179257,0.027297543221110106,0.0,0.0,0.0,0.0,0.0,0.0,0.0,0.0,0.0,0.0,0.0,0.0,0.0,0.0,0.0,0.0,nan,nan,4.230525202678886,2.831991351498498,nan,0.404,0.04346,0.0,0.0,0.0,0.0,0.0,0.0,0.0,0.0,0.0,0.0,0.0,0.0,0.0,0.0,0.0,0.0,0.0,0.0,0.0,0.0,0.0,0.0,0.0,0.0,0.0,0.0,0.0,0.0021724294813466787,0.0010464058234758871,0.0041856232939035485,0.003264331210191083,0.004583712465878071,0.03128980891719745,0.04390354868061874,0.033246132848043675,0.024897634212920836,0.03773885350318471,0.061112374886260236,0.06356915377616014,0.11562784349408553,0.07843494085532302,0.04623521383075523,0.11228389444949954,0.11133985441310282,0.053230209281164696,0.05783666969972703,0.044642857142857144,0.03525932666060055,0.015468607825295723,0.005948589626933576,0.0050272975432211105,0.0038444040036396724,0.003173339399454049,0.0004322111010009099,3.4121929026387626e-05,3.4121929026387626e-05,0.0,0.0,0.0001364877161055505,0.0,0.0,0.0,0.0,0.0,0.0,0.0,0.0,0.0,0.0,0.0,0.0,0.0,0.0,0.0,0.0,0.0,0.0,0.0,0.0,0.0,0.0,0.0,0.0,0.0,0.0,0.0,0.0,0.0,0.0,0.0,0.0,0.0,0.0,0.0,0.0,0.0,0.0,0.0,0.0,0.0,0.0,nan,nan,4.230525202678886,2.831991351498498,nan,0.9319099346079778,0.023364287402455653,0.0,0.0,0.0,0.0,0.0,0.0,0.0,0.0,0.0,0.0,0.0,0.0,0.0,0.0,0.0,0.0,0.0,0.0,0.0,0.0,0.0,0.0,0.0,0.0,0.0,0.077319587628866,2.6804123711340213,12.976804123711343,12.332474226804127,1.93298969072165,0.9325953846224503,0.023378134079090195,0.0,0.0,0.0,0.0,0.0,0.0,0.0,0.0,0.0,0.0,0.0,0.0,0.0,0.0,0.0,0.0,0.0,0.0,0.0,0.0,0.0,0.0,0.0,0.0,0.0,0.08704061895551259,2.408123791102515,12.635396518375245,12.519342359767895,2.35009671179884,0.404,0.0094,0.0,0.0,0.0,0.0,0.0,0.0,0.0,0.0,0.0,0.0,0.0,10.025773195876274,19.96134020618557,0.012886597938144333,0.0,0.0,0.0,0.0,0.0,0.0,0.0,0.0,0.0,0.0,0.0,0.0,0.0,0.0,0.0,0.0,0.4043,0.00941,0.0,0.0,0.0,0.0,0.0,0.0,0.0,0.0,0.0,0.0,0.0,9.603481624758206,20.352998065764027,0.04352030947775629,0.0,0.0,0.0,0.0,0.0,0.0,0.0,0.0,0.0,0.0,0.0,0.0,0.0,0.0,0.0,0.0
10100,4394,2247,0.5113791533909877,1034,905,0.4412835685025034,1222,0.5562130177514792,0.43,2.96320447135538,3.160221817283937,6.743103448275862,2.1974602949585105,9410.750624946928,1522.7012239778105,7853.0,10927.798586130142,10899.1754543911,6.8946825222018555,7853.0,0.0,26.809968138370504,20.49999901970278,31.69463361481885,18.904674807527744,0.14383249886208466,0.11242603550295859,0.09786071916249431,0.0839781520254893,0.08716431497496586,0.07441966317705963,0.06895766954938552,0.05461993627674101,0.05370960400546199,0.05780609922621757,0.04802002730996814,0.03664087391898043,0.030040964952207556,0.019116977696859355,0.014792899408284023,0.010468821119708694,0.0061447428311333634,0.9330108305324898,0.023151443206664197,0.0,0.0,0.0,0.0,0.0,0.0,0.0,0.0,0.0,0.0,0.0,0.0,0.0,0.0,0.0,0.0,0.0,0.0,0.0,0.0,0.0,0.0,0.0,0.0,0.0,0.05461993627674103,2.1779699590350483,12.979062357760586,12.678652708238511,2.109695038689122,4.394612304331998,2.935059794347905,nan,nan,nan,4.435294117647059,2.9074329037770412,4.354722422494593,2.9613560788291493,0.9818339679364466,0.4036,0.00949,0.0,0.0,0.0,0.0,0.0,0.0,0.0,0.0,0.0,0.0,0.006827492034592628,10.562130177514778,19.396904870277655,0.03413746017296314,0.0,0.0,0.0,0.0,0.0,0.0,0.0,0.0,0.0,0.0,0.0,0.0,0.0,0.0,0.0,0.0,nan,nan,4.394612304331998,2.935059794347905,nan,0.4036,0.04382,0.0,0.0,0.0,0.0,0.0,0.0,0.0,0.0,0.0,0.0,0.0,0.0,0.0,0.0,0.0,0.0,0.0,0.0,0.0,0.0,0.0,0.0,0.0,0.0,0.0,0.0,9.103322712790169e-05,0.0016044606281292672,0.001137915339098771,0.004255803368229403,0.003914428766499773,0.004198907601274465,0.03504779244424215,0.0466659080564406,0.03419435593991807,0.02415794264906691,0.03974738279472007,0.06206190259444697,0.061197086936731905,0.11067364588074648,0.07580791989076013,0.04604005461993628,0.1094333181611288,0.11331360946745563,0.05314064633591261,0.05876194811106054,0.046631770596267635,0.034467455621301775,0.01585116067364588,0.0057464724624487935,0.004802002730996814,0.0033909877105143377,0.0032771961766044607,0.0002048247610377788,7.965407373691397e-05,0.0,0.0,0.0,0.0001024123805188894,0.0,0.0,0.0,0.0,0.0,0.0,0.0,0.0,0.0,0.0,0.0,0.0,0.0,0.0,0.0,0.0,0.0,0.0,0.0,0.0,0.0,0.0,0.0,0.0,0.0,0.0,0.0,0.0,0.0,0.0,0.0,0.0,0.0,0.0,0.0,0.0,0.0,0.0,0.0,0.0,0.0,0.0,nan,nan,4.394612304331998,2.935059794347905,nan,0.9328682174086306,0.023002311674992615,0.0,0.0,0.0,0.0,0.0,0.0,0.0,0.0,0.0,0.0,0.0,0.0,0.0,0.0,0.0,0.0,0.0,0.0,0.0,0.0,0.0,0.0,0.0,0.0,0.0,0.06675567423230976,2.1495327102803743,12.843791722296398,12.977303070761018,1.962616822429907,0.9331600860934175,0.023305564263202135,0.0,0.0,0.0,0.0,0.0,0.0,0.0,0.0,0.0,0.0,0.0,0.0,0.0,0.0,0.0,0.0,0.0,0.0,0.0,0.0,0.0,0.0,0.0,0.0,0.0,0.04191895668374477,2.2077317186772243,13.120633442012114,12.366092221704708,2.2636236609222173,0.4036,0.009476,0.0,0.0,0.0,0.0,0.0,0.0,0.0,0.0,0.0,0.0,0.0,10.640854472630158,19.332443257676907,0.026702269692923906,0.0,0.0,0.0,0.0,0.0,0.0,0.0,0.0,0.0,0.0,0.0,0.0,0.0,0.0,0.0,0.0,0.4038,0.00951,0.0,0.0,0.0,0.0,0.0,0.0,0.0,0.0,0.0,0.0,0.013972985561248256,10.479739170936174,19.46436888681882,0.04191895668374477,0.0,0.0,0.0,0.0,0.0,0.0,0.0,0.0,0.0,0.0,0.0,0.0,0.0,0.0,0.0,0.0
10200,4317,2226,0.5156358582348853,1038,889,0.4463747973129488,1220,0.5652073198980774,0.422,3.033476805356289,3.1527095543381183,6.641666666666667,2.2382874157613353,9423.679939822036,1522.314662802796,7853.0,10921.364812731743,10899.103009978315,6.894955285912557,7853.0,0.0,28.156590224693073,20.942137349125076,32.98298572996707,19.224173981983927,0.13620569840166782,0.10192263145703034,0.08756080611535788,0.09543664581885569,0.0769052582812138,0.07597868890433171,0.0669446374797313,0.0620801482511003,0.05350938151494093,0.05744730136668983,0.04748668056520732,0.040074125550150566,0.03868427148482743,0.02524901552003706,0.018763029881862403,0.009497336113041464,0.006254343293954135,0.9326938420416775,0.023057027406052606,0.0,0.0,0.0,0.0,0.0,0.0,0.0,0.0,0.0,0.0,0.0,0.0,0.0,0.0,0.0,0.0,0.0,0.0,0.0,0.0,0.0,0.0,0.0,0.0,0.0,0.04864489228630995,2.3558026407227244,12.911744266851985,12.668519805420434,2.015288394718555,4.2546164772727275,2.9086738417504026,nan,nan,nan,4.187456926257753,2.891682470352481,4.326007326007326,2.9249372104248694,1.033087002968504,0.4036,0.009415,0.0,0.0,0.0,0.0,0.0,0.0,0.0,0.0,0.0,0.0,0.0,10.555941626129242,19.4232105628909,0.020847810979847118,0.0,0.0,0.0,0.0,0.0,0.0,0.0,0.0,0.0,0.0,0.0,0.0,0.0,0.0,0.0,0.0,nan,nan,4.2546164772727275,2.9086738417504026,nan,0.4036,0.04385,0.0,0.0,0.0,0.0,0.0,0.0,0.0,0.0,0.0,0.0,0.0,0.0,0.0,0.0,0.0,0.0,0.0,0.0,0.0,0.0,0.0,0.0,0.0,0.0,0.0,3.4746351633078526e-05,0.0001853138753764188,0.0019689599258744498,0.0010308084317813297,0.004852907111419968,0.0038568450312717164,0.004215890664813528,0.032835302293259205,0.04713921704887653,0.0342483205930044,0.025723882325689135,0.03951818392402131,0.06147787815612694,0.06060921936529998,0.11480194579569145,0.07227241139680333,0.05111188325225851,0.10631225388000927,0.1113273106323836,0.05179522816770906,0.05924252953439889,0.04643270789900394,0.03564975677553857,0.016620338197822562,0.0057794764883020615,0.004841324994208941,0.002524901552003706,0.0031966643502432243,0.0002779708130646282,8.107482047718323e-05,0.0,0.0,0.0,3.4746351633078526e-05,0.0,0.0,0.0,0.0,0.0,0.0,0.0,0.0,0.0,0.0,0.0,0.0,0.0,0.0,0.0,0.0,0.0,0.0,0.0,0.0,0.0,0.0,0.0,0.0,0.0,0.0,0.0,0.0,0.0,0.0,0.0,0.0,0.0,0.0,0.0,0.0,0.0,0.0,0.0,0.0,0.0,0.0,nan,nan,4.2546164772727275,2.9086738417504026,nan,0.9323063779552028,0.022983898928658774,0.0,0.0,0.0,0.0,0.0,0.0,0.0,0.0,0.0,0.0,0.0,0.0,0.0,0.0,0.0,0.0,0.0,0.0,0.0,0.0,0.0,0.0,0.0,0.0,0.0,0.02695417789757413,2.4258760107816717,13.153638814016176,12.412398921832887,1.9811320754716986,0.9331063217434913,0.023127490794109053,0.0,0.0,0.0,0.0,0.0,0.0,0.0,0.0,0.0,0.0,0.0,0.0,0.0,0.0,0.0,0.0,0.0,0.0,0.0,0.0,0.0,0.0,0.0,0.0,0.0,0.07173601147776185,2.281205164992827,12.654232424677192,12.941176470588239,2.051649928263989,0.4038,0.00939,0.0,0.0,0.0,0.0,0.0,0.0,0.0,0.0,0.0,0.0,0.0,10.188679245283003,19.797843665768198,0.013477088948787064,0.0,0.0,0.0,0.0,0.0,0.0,0.0,0.0,0.0,0.0,0.0,0.0,0.0,0.0,0.0,0.0,0.403,0.009415,0.0,0.0,0.0,0.0,0.0,0.0,0.0,0.0,0.0,0.0,0.0,10.94691535150644,19.02439024390244,0.02869440459110474,0.0,0.0,0.0,0.0,0.0,0.0,0.0,0.0,0.0,0.0,0.0,0.0,0.0,0.0,0.0,0.0
10300,4632,2368,0.5112262521588946,1138,963,0.4535837651122625,1330,0.57426597582038,0.38599999999999995,2.8904593639575973,3.035772725913736,6.4631410256410255,2.1739837898598298,9410.214908389835,1522.6436086578474,7853.0,10919.706235289574,10899.038621478765,7.0037593949421115,7853.0,0.0,27.894645941278064,20.57298072960976,32.837705761316876,18.748639129869282,0.13860103626943004,0.09844559585492228,0.09348013816925733,0.08398100172711571,0.0783678756476684,0.07815198618307427,0.06778929188255613,0.0705958549222798,0.0613126079447323,0.05267702936096719,0.0442573402417962,0.045552677029360965,0.03065630397236615,0.025690846286701208,0.016191709844559584,0.008635578583765112,0.005613126079447323,0.9322362526968148,0.02337496824882968,0.0,0.0,0.0,0.0,0.0,0.0,0.0,0.0,0.0,0.0,0.0,0.0,0.0,0.0,0.0,0.0,0.0,0.0,0.0,0.0,0.0,0.0,0.0,0.0,0.0,0.09715025906735754,2.5000000000000004,12.810880829015547,12.538860103626947,2.0531088082901556,4.188540972684876,2.8546446257273406,nan,nan,nan,4.192460317460317,2.872165504907183,4.184563758389261,2.8367488913861423,0.998116485673539,0.403,0.00966,0.0,0.0,0.0,0.0,0.0,0.0,0.0,0.0,0.0,0.0,0.0064766839378238355,11.198186528497393,18.782383419689122,0.012953367875647671,0.0,0.0,0.0,0.0,0.0,0.0,0.0,0.0,0.0,0.0,0.0,0.0,0.0,0.0,0.0,0.0,nan,nan,4.188540972684876,2.8546446257273406,nan,0.403,0.044,0.0,0.0,0.0,0.0,0.0,0.0,0.0,0.0,0.0,0.0,0.0,0.0,0.0,0.0,0.0,0.0,0.0,0.0,0.0,0.0,0.0,0.0,0.0,0.0,0.0,0.00016191709844559586,0.00019430051813471502,0.0021049222797927462,0.001187392055267703,0.005105785837651123,0.003972366148531951,0.0048898963730569945,0.03256692573402418,0.04685880829015544,0.035643350604490504,0.027828151986183075,0.039119170984455956,0.05900259067357513,0.059110535405872196,0.11643998272884283,0.07236614853195164,0.05073402417962004,0.10400474956822107,0.11264032815198619,0.05397236614853195,0.05832253886010363,0.04430051813471503,0.036204663212435234,0.017767702936096717,0.00481433506044905,0.005332469775474957,0.002158894645941278,0.0029360967184801382,0.00011873920552677029,4.317789291882556e-05,0.0,0.0,0.0,9.715025906735751e-05,0.0,0.0,0.0,0.0,0.0,0.0,0.0,0.0,0.0,0.0,0.0,0.0,0.0,0.0,0.0,0.0,0.0,0.0,0.0,0.0,0.0,0.0,0.0,0.0,0.0,0.0,0.0,0.0,0.0,0.0,0.0,0.0,0.0,0.0,0.0,0.0,0.0,0.0,0.0,0.0,0.0,0.0,nan,nan,4.188540972684876,2.8546446257273406,nan,0.9328247465545664,0.02338433711618017,0.0,0.0,0.0,0.0,0.0,0.0,0.0,0.0,0.0,0.0,0.0,0.0,0.0,0.0,0.0,0.0,0.0,0.0,0.0,0.0,0.0,0.0,0.0,0.0,0.0,0.07601351351351353,2.381756756756757,12.858952702702705,12.364864864864868,2.3184121621621627,0.9316207255523112,0.023349300362094236,0.0,0.0,0.0,0.0,0.0,0.0,0.0,0.0,0.0,0.0,0.0,0.0,0.0,0.0,0.0,0.0,0.0,0.0,0.0,0.0,0.0,0.0,0.0,0.0,0.0,0.11925795053003536,2.623674911660778,12.760600706713785,12.720848056537106,1.7756183745583043,0.403,0.00963,0.0,0.0,0.0,0.0,0.0,0.0,0.0,0.0,0.0,0.0,0.012668918918918921,11.376689189189172,18.597972972972975,0.012668918918918921,0.0,0.0,0.0,0.0,0.0,0.0,0.0,0.0,0.0,0.0,0.0,0.0,0.0,0.0,0.0,0.0,0.4033,0.00969,0.0,0.0,0.0,0.0,0.0,0.0,0.0,0.0,0.0,0.0,0.0,11.011484098939913,18.975265017667848,0.013250883392226152,0.0,0.0,0.0,0.0,0.0,0.0,0.0,0.0,0.0,0.0,0.0,0.0,0.0,0.0,0.0,0.0
10400,4379,2227,0.5085635989952044,1061,899,0.44759077414934917,1263,0.5768440283169673,0.418,3.009293680297398,3.143102891036238,6.6624,2.117268580034191,9402.082834281819,1522.7826774444545,7853.0,10922.429293334484,10898.996287076823,6.890857909006389,7853.0,0.0,27.979218999771636,20.87797226074053,32.88192182410423,19.13319531245843,0.13930121032199133,0.10025119890385933,0.09568394610641699,0.08791961635076502,0.07581639643754282,0.07330440739894953,0.06919387988125143,0.05983101164649463,0.06325645124457639,0.05823247316738982,0.04201872573646951,0.04156200045672528,0.031514044302352134,0.02671842886503768,0.016898835350536653,0.012331582553094314,0.006165791276547157,0.9324332621577233,0.023113875361787658,0.0,0.0,0.0,0.0,0.0,0.0,0.0,0.0,0.0,0.0,0.0,0.0,0.0,0.0,0.0,0.0,0.0,0.0,0.0,0.0,0.0,0.0,0.0,0.0,0.0,0.034254395980817545,2.3772550810687374,13.057775747887648,12.461749257821424,2.06896551724138,4.324647887323944,2.8917484992749487,nan,nan,nan,4.416197183098592,2.9468325636693247,4.232558139534884,2.833562045316931,0.9584169284228249,0.403,0.00944,0.0,0.0,0.0,0.0,0.0,0.0,0.0,0.0,0.0,0.0,0.0,11.482073532770022,18.517926467229966,0.0,0.0,0.0,0.0,0.0,0.0,0.0,0.0,0.0,0.0,0.0,0.0,0.0,0.0,0.0,0.0,0.0,nan,nan,4.324647887323944,2.8917484992749487,nan,0.403,0.04404,0.0,0.0,0.0,0.0,0.0,0.0,0.0,0.0,0.0,0.0,0.0,0.0,0.0,0.0,0.0,0.0,0.0,0.0,0.0,0.0,0.0,0.0,0.0,0.0,0.0,0.00018269011189769353,0.00015985384791048185,0.0019525005709065996,0.0018611555149577528,0.004601507193423156,0.0038364923498515643,0.004487325873487097,0.03391185202100936,0.043640100479561544,0.03646951358757707,0.030874628910710206,0.03982644439369719,0.0611326786937657,0.060219228134277235,0.11338205069650605,0.07202557661566568,0.0503882164877826,0.10387074674583238,0.11117835122174012,0.054692852249372,0.05678237040420187,0.04403973509933775,0.035807261931947935,0.01982187714089975,0.004727106645352821,0.004898378625256908,0.0018040648549897237,0.002740351678465403,0.000445307147750628,9.134505594884677e-05,0.0,0.0,0.0,0.000148435715916876,0.0,0.0,0.0,0.0,0.0,0.0,0.0,0.0,0.0,0.0,0.0,0.0,0.0,0.0,0.0,0.0,0.0,0.0,0.0,0.0,0.0,0.0,0.0,0.0,0.0,0.0,0.0,0.0,0.0,0.0,0.0,0.0,0.0,0.0,0.0,0.0,0.0,0.0,0.0,0.0,0.0,0.0,nan,nan,4.324647887323944,2.8917484992749487,nan,0.9327117028823068,0.023147922964686873,0.0,0.0,0.0,0.0,0.0,0.0,0.0,0.0,0.0,0.0,0.0,0.0,0.0,0.0,0.0,0.0,0.0,0.0,0.0,0.0,0.0,0.0,0.0,0.0,0.0,0.026942074539739565,2.3843735967669515,13.02649303996408,12.46070947462955,2.101481814099686,0.9321451174116046,0.023075050983130507,0.0,0.0,0.0,0.0,0.0,0.0,0.0,0.0,0.0,0.0,0.0,0.0,0.0,0.0,0.0,0.0,0.0,0.0,0.0,0.0,0.0,0.0,0.0,0.0,0.0,0.04182156133828997,2.3698884758364316,13.090148698884763,12.462825278810412,2.035315985130112,0.403,0.00932,0.0,0.0,0.0,0.0,0.0,0.0,0.0,0.0,0.0,0.0,0.0,11.504265828468776,18.49573417153121,0.0,0.0,0.0,0.0,0.0,0.0,0.0,0.0,0.0,0.0,0.0,0.0,0.0,0.0,0.0,0.0,0.0,0.403,0.00955,0.0,0.0,0.0,0.0,0.0,0.0,0.0,0.0,0.0,0.0,0.0,11.459107806691433,18.540892193308554,0.0,0.0,0.0,0.0,0.0,0.0,0.0,0.0,0.0,0.0,0.0,0.0,0.0,0.0,0.0,0.0,0.0
10500,4541,2321,0.5111208984805109,1086,931,0.4441752917859502,1284,0.5655142039198414,0.418,3.0337837837837838,3.215983885165929,6.835483870967742,2.216950591952651,9409.79711079881,1522.5552929253267,7853.0,10922.09266102314,10898.849065117362,6.684722786679892,7853.0,0.0,27.844087205461353,20.921848969728956,32.785358173707685,19.21091227956098,0.13895617705351243,0.10240035234529839,0.09381193569698304,0.08786610878661087,0.08610438229464876,0.06936798062100859,0.07179035454745651,0.06364236952213169,0.05285179475886369,0.05042942083241577,0.04734639947148205,0.042061219995595686,0.03149086104382295,0.025324818321955517,0.015855538427659105,0.013433164501211186,0.007267121779343757,0.9320589113645001,0.022809284293505587,0.0,0.0,0.0,0.0,0.0,0.0,0.0,0.0,0.0,0.0,0.0,0.0,0.0,0.0,0.0,0.0,0.0,0.0,0.0,0.0,0.0,0.0,0.0,0.0,0.0,0.05945826910372166,2.384937238493724,12.981722087645895,12.591940101299276,1.9819423034573886,4.474535443909153,3.029029973745333,nan,nan,nan,4.450340136054422,3.0378423722874905,4.501045296167248,3.020112422862557,1.0113935471363273,0.403,0.0097,0.0,0.0,0.0,0.0,0.0,0.0,0.0,0.0,0.0,0.0,0.0,11.455626513983688,18.53776701167144,0.006606474344857963,0.0,0.0,0.0,0.0,0.0,0.0,0.0,0.0,0.0,0.0,0.0,0.0,0.0,0.0,0.0,0.0,nan,nan,4.474535443909153,3.029029973745333,nan,0.403,0.04416,0.0,0.0,0.0,0.0,0.0,0.0,0.0,0.0,0.0,0.0,0.0,0.0,0.0,0.0,0.0,0.0,0.0,0.0,0.0,0.0,0.0,0.0,0.0,0.0,0.0,0.000286280554943845,0.00012111869632239594,0.0019158775600088087,0.001475445937018278,0.004844747852895838,0.0040079277692138295,0.004018938559788593,0.031083461792556704,0.042028187623871394,0.039473684210526314,0.035124421933494826,0.040442633781105485,0.06106584452763708,0.06014093811935697,0.1135212508258093,0.07275930411803568,0.04994494604712618,0.10369962563312046,0.10636423695221317,0.056088967187844084,0.055252147104162076,0.04377890332525875,0.03621449020039639,0.01998458489319533,0.004866769434045365,0.005483373706232107,0.0021471041620788373,0.0030499889892094253,0.0004844747852895838,3.30323717242898e-05,0.0,0.0,0.0,0.00029729134551860823,0.0,0.0,0.0,0.0,0.0,0.0,0.0,0.0,0.0,0.0,0.0,0.0,0.0,0.0,0.0,0.0,0.0,0.0,0.0,0.0,0.0,0.0,0.0,0.0,0.0,0.0,0.0,0.0,0.0,0.0,0.0,0.0,0.0,0.0,0.0,0.0,0.0,0.0,0.0,0.0,0.0,0.0,nan,nan,4.474535443909153,3.029029973745333,nan,0.9322095277339207,0.022509081453507385,0.0,0.0,0.0,0.0,0.0,0.0,0.0,0.0,0.0,0.0,0.0,0.0,0.0,0.0,0.0,0.0,0.0,0.0,0.0,0.0,0.0,0.0,0.0,0.0,0.0,0.01292546316242999,2.417061611374408,12.89961223610513,12.77035760448083,1.9000430848772085,0.931901442628723,0.023117927912648936,0.0,0.0,0.0,0.0,0.0,0.0,0.0,0.0,0.0,0.0,0.0,0.0,0.0,0.0,0.0,0.0,0.0,0.0,0.0,0.0,0.0,0.0,0.0,0.0,0.0,0.10810810810810813,2.3513513513513518,13.06756756756757,12.405405405405409,2.067567567567568,0.403,0.00971,0.0,0.0,0.0,0.0,0.0,0.0,0.0,0.0,0.0,0.0,0.0,11.568289530374821,18.418785006462734,0.01292546316242999,0.0,0.0,0.0,0.0,0.0,0.0,0.0,0.0,0.0,0.0,0.0,0.0,0.0,0.0,0.0,0.0,0.403,0.009674,0.0,0.0,0.0,0.0,0.0,0.0,0.0,0.0,0.0,0.0,0.0,11.33783783783782,18.662162162162165,0.0,0.0,0.0,0.0,0.0,0.0,0.0,0.0,0.0,0.0,0.0,0.0,0.0,0.0,0.0,0.0,0.0
10600,4780,2471,0.5169456066945607,1173,945,0.4430962343096234,1319,0.5518828451882846,0.40199999999999997,3.018622780424426,3.119546725330604,6.535455861070912,2.135727822205091,9427.60020413198,1522.1179391456749,7853.0,10921.75946289301,10898.968828713421,7.04870486732397,7853.0,0.0,28.11297071129707,20.90249827822284,32.891336633663364,19.206352708206325,0.13556485355648534,0.1002092050209205,0.09309623430962342,0.0907949790794979,0.0809623430962343,0.0707112970711297,0.06422594142259415,0.06694560669456066,0.06380753138075314,0.05230125523012552,0.047907949790794976,0.035146443514644354,0.034518828451882845,0.02698744769874477,0.020502092050209204,0.009623430962343096,0.0066945606694560665,0.9319976876470334,0.02361136987131828,0.0,0.0,0.0,0.0,0.0,0.0,0.0,0.0,0.0,0.0,0.0,0.0,0.0,0.0,0.0,0.0,0.0,0.0,0.0,0.0,0.0,0.0,0.0,0.0,0.0,0.050209205020920515,2.5732217573221763,13.035564853556489,12.112970711297073,2.2280334728033475,4.373938602220771,2.894331060234272,nan,nan,nan,4.425997425997426,2.9100621716690553,4.320291777188329,2.877044777591514,0.9761171011559556,0.4036,0.00959,0.0,0.0,0.0,0.0,0.0,0.0,0.0,0.0,0.0,0.0,0.0,10.738493723849357,19.23640167364017,0.025104602510460258,0.0,0.0,0.0,0.0,0.0,0.0,0.0,0.0,0.0,0.0,0.0,0.0,0.0,0.0,0.0,0.0,nan,nan,4.373938602220771,2.894331060234272,nan,0.4036,0.0441,0.0,0.0,0.0,0.0,0.0,0.0,0.0,0.0,0.0,0.0,0.0,0.0,0.0,0.0,0.0,0.0,0.0,0.0,0.0,0.0,0.0,0.0,0.0,0.0,0.0,0.00013598326359832636,6.276150627615063e-05,0.0018828451882845188,0.0014225941422594142,0.00551255230125523,0.00446652719665272,0.0034518828451882847,0.03055439330543933,0.0427092050209205,0.03553347280334728,0.03414225941422594,0.04129707112970711,0.05963389121338912,0.06085774058577406,0.11146443514644351,0.07127615062761507,0.04833682008368201,0.10408995815899581,0.11098326359832636,0.059843096234309626,0.05594142259414226,0.043755230125523015,0.03534518828451883,0.021673640167364016,0.004361924686192469,0.005564853556485356,0.0018723849372384938,0.003075313807531381,0.0004079497907949791,0.0,0.0,0.0,0.0,0.00034518828451882844,0.0,0.0,0.0,0.0,0.0,0.0,0.0,0.0,0.0,0.0,0.0,0.0,0.0,0.0,0.0,0.0,0.0,0.0,0.0,0.0,0.0,0.0,0.0,0.0,0.0,0.0,0.0,0.0,0.0,0.0,0.0,0.0,0.0,0.0,0.0,0.0,0.0,0.0,0.0,0.0,0.0,0.0,nan,nan,4.373938602220771,2.894331060234272,nan,0.9319356402758402,0.023528163190890523,0.0,0.0,0.0,0.0,0.0,0.0,0.0,0.0,0.0,0.0,0.0,0.0,0.0,0.0,0.0,0.0,0.0,0.0,0.0,0.0,0.0,0.0,0.0,0.0,0.0,0.03642250101173614,2.525293403480373,13.184945366248485,12.01942533387293,2.2339133953864834,0.932064088276838,0.0236999108319545,0.0,0.0,0.0,0.0,0.0,0.0,0.0,0.0,0.0,0.0,0.0,0.0,0.0,0.0,0.0,0.0,0.0,0.0,0.0,0.0,0.0,0.0,0.0,0.0,0.0,0.064963187527068,2.6245127760935474,12.875703767864879,12.213079255088786,2.2217410134257256,0.4038,0.009575,0.0,0.0,0.0,0.0,0.0,0.0,0.0,0.0,0.0,0.0,0.0,10.635370295426938,19.328207203561313,0.03642250101173614,0.0,0.0,0.0,0.0,0.0,0.0,0.0,0.0,0.0,0.0,0.0,0.0,0.0,0.0,0.0,0.0,0.4036,0.009605,0.0,0.0,0.0,0.0,0.0,0.0,0.0,0.0,0.0,0.0,0.0,10.84885231702034,19.138155045474235,0.012992637505413601,0.0,0.0,0.0,0.0,0.0,0.0,0.0,0.0,0.0,0.0,0.0,0.0,0.0,0.0,0.0,0.0
10700,4907,2527,0.514978601997147,1227,1041,0.46219686162624823,1426,0.5812105155899735,0.37399999999999994,2.9025210084033612,2.981411943010961,6.2631578947368425,2.0993515863659806,9421.600455908989,1522.301132714361,7853.0,10924.237835526466,10898.952685850974,7.017079287888004,7853.0,0.0,28.463419604646422,20.808638256480492,33.367874396135264,18.940937486648135,0.13816996127980435,0.0898716119828816,0.08701854493580599,0.09211330751986957,0.07805176278785408,0.07275320970042796,0.077644181781129,0.0654167515793764,0.06358263704911352,0.053189321377623805,0.04524149174648461,0.0381088241287956,0.03545954758508253,0.02914204198084369,0.017118402282453638,0.010189525168127165,0.006928877114326473,0.931967522161712,0.02303499429312939,0.0,0.0,0.0,0.0,0.0,0.0,0.0,0.0,0.0,0.0,0.0,0.0,0.0,0.0,0.0,0.0,0.0,0.0,0.0,0.0,0.0,0.0,0.0,0.0,0.0,0.061137151008763005,2.4210311799470148,13.126146321581418,12.319135928265746,2.072549419197066,4.107659181790218,2.8105526464596795,nan,nan,nan,4.206121174266084,2.8293081119882064,4.012121212121212,2.788912851703784,0.9538767538767537,0.4036,0.00976,0.0,0.0,0.0,0.0,0.0,0.0,0.0,0.0,0.0,0.0,0.0,10.80904829834928,19.14815569594457,0.04279600570613411,0.0,0.0,0.0,0.0,0.0,0.0,0.0,0.0,0.0,0.0,0.0,0.0,0.0,0.0,0.0,0.0,nan,nan,4.107659181790218,2.8105526464596795,nan,0.4036,0.044,0.0,0.0,0.0,0.0,0.0,0.0,0.0,0.0,0.0,0.0,0.0,0.0,0.0,0.0,0.0,0.0,0.0,0.0,0.0,0.0,0.0,0.0,0.0,0.0,1.0189525168127164e-05,0.00013246382718565315,5.0947625840635824e-05,0.002282453637660485,0.0010597106174852252,0.005685755043814958,0.004085999592418993,0.003627470959853271,0.030334216425514572,0.04252088852659466,0.035398410434073775,0.034481353168942325,0.041746484613817,0.06020990421846342,0.05866109639290809,0.11077032810271041,0.07138781332789892,0.048797636030161,0.1054004483391074,0.11070919095170165,0.06280823313633585,0.05635826370491135,0.04344813531689423,0.03325861014876707,0.021234970450377012,0.005369879763603016,0.004870593030364785,0.0017322192785816182,0.002547381292031791,0.0005909924597513756,4.075810067250866e-05,1.0189525168127164e-05,2.037905033625433e-05,0.0,0.0003566333808844508,0.0,0.0,0.0,0.0,0.0,0.0,0.0,0.0,0.0,0.0,0.0,0.0,0.0,0.0,0.0,0.0,0.0,0.0,0.0,0.0,0.0,0.0,0.0,0.0,0.0,0.0,0.0,0.0,0.0,0.0,0.0,0.0,0.0,0.0,0.0,0.0,0.0,0.0,0.0,0.0,0.0,0.0,nan,nan,4.107659181790218,2.8105526464596795,nan,0.9317191309687362,0.023254170235266807,0.0,0.0,0.0,0.0,0.0,0.0,0.0,0.0,0.0,0.0,0.0,0.0,0.0,0.0,0.0,0.0,0.0,0.0,0.0,0.0,0.0,0.0,0.0,0.0,0.0,0.059358923624851616,2.5524337158686197,12.928373565492683,12.453502176493869,2.0063316185199844,0.9322312551636656,0.022797012846848444,0.0,0.0,0.0,0.0,0.0,0.0,0.0,0.0,0.0,0.0,0.0,0.0,0.0,0.0,0.0,0.0,0.0,0.0,0.0,0.0,0.0,0.0,0.0,0.0,0.0,0.06302521008403363,2.281512605042017,13.336134453781515,12.176470588235297,2.1428571428571432,0.4038,0.00975,0.0,0.0,0.0,0.0,0.0,0.0,0.0,0.0,0.0,0.0,0.0,10.637119113573391,19.315393747526713,0.04748713889988129,0.0,0.0,0.0,0.0,0.0,0.0,0.0,0.0,0.0,0.0,0.0,0.0,0.0,0.0,0.0,0.0,0.4033,0.00976,0.0,0.0,0.0,0.0,0.0,0.0,0.0,0.0,0.0,0.0,0.0,10.991596638655446,18.97058823529412,0.03781512605042017,0.0,0.0,0.0,0.0,0.0,0.0,0.0,0.0,0.0,0.0,0.0,0.0,0.0,0.0,0.0,0.0
10800,4599,2360,0.5131550337029789,1100,960,0.44792346162209173,1321,0.5744727114590128,0.414,2.983921393479232,3.1201502731018413,6.602848101265823,2.190787267249948,9415.889519623543,1522.3048072733927,7853.0,10924.63920545578,10898.647839300284,6.908041464841546,7853.0,0.0,28.15525114155251,21.01725417291966,33.11821003621314,19.244425144025925,0.14024787997390736,0.09545553381169819,0.09393346379647749,0.08893237660360948,0.07740813220265275,0.07414655359860839,0.06871058925853446,0.06588388780169602,0.0624048706240487,0.045662100456621,0.04740160904544466,0.04196564470537073,0.03131115459882583,0.0289193302891933,0.020004348771472058,0.011306805827353772,0.006305718634485757,0.9306290815591449,0.02345335954806102,0.0,0.0,0.0,0.0,0.0,0.0,0.0,0.0,0.0,0.0,0.0,0.0,0.0,0.0,0.0,0.0,0.0,0.0,0.0,0.0,0.0,0.0,0.0,0.0,0.0,0.11089367253750818,2.7723418134377047,13.4703196347032,11.872146118721464,1.7742987606001308,4.336010709504685,2.9261689873145946,nan,nan,nan,4.344481605351171,2.9147981306838773,4.32774798927614,2.93845850065695,0.9961483054607896,0.404,0.0093,0.0,0.0,0.0,0.0,0.0,0.0,0.0,0.0,0.0,0.0,0.013046314416177433,9.908675799086744,20.07175472928898,0.006523157208088716,0.0,0.0,0.0,0.0,0.0,0.0,0.0,0.0,0.0,0.0,0.0,0.0,0.0,0.0,0.0,0.0,nan,nan,4.336010709504685,2.9261689873145946,nan,0.404,0.04395,0.0,0.0,0.0,0.0,0.0,0.0,0.0,0.0,0.0,0.0,0.0,0.0,0.0,0.0,0.0,0.0,0.0,0.0,0.0,0.0,0.0,0.0,0.0,6.523157208088715e-05,0.0,0.00010871928680147858,0.00011959121548162644,0.001924331376386171,0.0012611437268971516,0.005272885409871711,0.003587736464448793,0.0038812785388127853,0.029615133724722766,0.04355294629267232,0.035409871711241575,0.03144161774298761,0.04197651663405088,0.059208523592085234,0.06282887584257447,0.11266579691237226,0.06668841052402696,0.04724940204392259,0.10632746249184605,0.10937160252228745,0.06435094585779517,0.05437051532941944,0.049217221135029354,0.033115894759730376,0.02178734507501631,0.004914111763426832,0.004729288975864318,0.0016416612307023266,0.0019786910197869103,0.0009023700804522722,8.697542944118286e-05,0.0,0.0,0.0,0.00034790171776473145,0.0,0.0,0.0,0.0,0.0,0.0,0.0,0.0,0.0,0.0,0.0,0.0,0.0,0.0,0.0,0.0,0.0,0.0,0.0,0.0,0.0,0.0,0.0,0.0,0.0,0.0,0.0,0.0,0.0,0.0,0.0,0.0,0.0,0.0,0.0,0.0,0.0,0.0,0.0,0.0,0.0,0.0,nan,nan,4.336010709504685,2.9261689873145946,nan,0.9306521092683582,0.023202896638387645,0.0,0.0,0.0,0.0,0.0,0.0,0.0,0.0,0.0,0.0,0.0,0.0,0.0,0.0,0.0,0.0,0.0,0.0,0.0,0.0,0.0,0.0,0.0,0.0,0.0,0.08898305084745765,2.682203389830509,13.61440677966102,11.885593220338986,1.7288135593220342,0.9306048093868612,0.023714470351007252,0.0,0.0,0.0,0.0,0.0,0.0,0.0,0.0,0.0,0.0,0.0,0.0,0.0,0.0,0.0,0.0,0.0,0.0,0.0,0.0,0.0,0.0,0.0,0.0,0.0,0.13398838767306837,2.8673514962036633,13.318445734702996,11.85797230906655,1.8222420723537298,0.4038,0.009346,0.0,0.0,0.0,0.0,0.0,0.0,0.0,0.0,0.0,0.0,0.012711864406779664,10.271186440677951,19.703389830508478,0.012711864406779664,0.0,0.0,0.0,0.0,0.0,0.0,0.0,0.0,0.0,0.0,0.0,0.0,0.0,0.0,0.0,0.0,0.404,0.00925,0.0,0.0,0.0,0.0,0.0,0.0,0.0,0.0,0.0,0.0,0.013398838767306836,9.526574363555145,20.46002679767754,0.0,0.0,0.0,0.0,0.0,0.0,0.0,0.0,0.0,0.0,0.0,0.0,0.0,0.0,0.0,0.0,0.0
10900,4548,2323,0.5107739665787159,1088,954,0.4489885664028144,1298,0.5708003518029904,0.414,3.0112359550561796,3.111610667214845,6.660287081339713,2.1397137745973245,9408.988304565455,1522.8213511257438,7853.0,10925.958294272423,10899.334399123414,6.822473286890473,7853.0,0.0,27.50791556728232,20.680425926451985,32.37094240837696,18.995916994518897,0.14006156552330695,0.10861917326297274,0.0870712401055409,0.0901495162708883,0.08685136323658751,0.07014072119613017,0.06860158311345646,0.06596306068601583,0.05672823218997362,0.05474934036939314,0.04177660510114336,0.0395778364116095,0.032761653474054526,0.02264731750219877,0.018909410729991204,0.008575197889182058,0.006816182937554969,0.9323944514297873,0.022922516241840888,0.0,0.0,0.0,0.0,0.0,0.0,0.0,0.0,0.0,0.0,0.0,0.0,0.0,0.0,0.0,0.0,0.0,0.0,0.0,0.0,0.0,0.0,0.0,0.0,0.0,0.06596306068601585,2.348284960422164,13.126649076517154,12.519788918205808,1.9393139841688658,4.3171487603305785,2.857190074377456,nan,nan,nan,4.404019404019404,2.846190714834315,4.231348391512663,2.865428505948587,0.9607924042411917,0.404,0.00954,0.0,0.0,0.0,0.0,0.0,0.0,0.0,0.0,0.0,0.0,0.0,10.013192612137189,19.967018469656995,0.01978891820580475,0.0,0.0,0.0,0.0,0.0,0.0,0.0,0.0,0.0,0.0,0.0,0.0,0.0,0.0,0.0,0.0,nan,nan,4.3171487603305785,2.857190074377456,nan,0.404,0.04395,0.0,0.0,0.0,0.0,0.0,0.0,0.0,0.0,0.0,0.0,0.0,0.0,0.0,0.0,0.0,0.0,0.0,0.0,0.0,0.0,0.0,0.0,0.0,8.795074758135444e-05,0.0,0.00019788918205804749,0.0002088830255057168,0.001802990325417766,0.001484168865435356,0.005057167985927881,0.003386103781882146,0.004309586631486367,0.03067282321899736,0.04278803869832894,0.03547713280562885,0.03070580474934037,0.041732629727352685,0.05753078276165347,0.06547933157431839,0.11231310466138962,0.06317062445030783,0.046943711521547936,0.11176341248900616,0.10765171503957784,0.06140061565523307,0.057200967458223395,0.04877968337730871,0.03275065963060686,0.023504837291116975,0.004826297273526825,0.00473834652594547,0.0011763412489006156,0.0016710642040457344,0.0008355321020228672,4.397537379067722e-05,0.0,0.0,0.0,0.00030782761653474057,0.0,0.0,0.0,0.0,0.0,0.0,0.0,0.0,0.0,0.0,0.0,0.0,0.0,0.0,0.0,0.0,0.0,0.0,0.0,0.0,0.0,0.0,0.0,0.0,0.0,0.0,0.0,0.0,0.0,0.0,0.0,0.0,0.0,0.0,0.0,0.0,0.0,0.0,0.0,0.0,0.0,0.0,nan,nan,4.3171487603305785,2.857190074377456,nan,0.9327352192706708,0.022791288162872844,0.0,0.0,0.0,0.0,0.0,0.0,0.0,0.0,0.0,0.0,0.0,0.0,0.0,0.0,0.0,0.0,0.0,0.0,0.0,0.0,0.0,0.0,0.0,0.0,0.0,0.07748600947051228,2.2600086095566083,13.159707275075336,12.565647869134743,1.937150236762807,0.9320386744884962,0.023053353199981388,0.0,0.0,0.0,0.0,0.0,0.0,0.0,0.0,0.0,0.0,0.0,0.0,0.0,0.0,0.0,0.0,0.0,0.0,0.0,0.0,0.0,0.0,0.0,0.0,0.0,0.053932584269662937,2.4404494382022475,13.092134831460678,12.471910112359554,1.9415730337078656,0.4043,0.009544,0.0,0.0,0.0,0.0,0.0,0.0,0.0,0.0,0.0,0.0,0.0,9.737408523461028,20.236762806715458,0.025828669823504097,0.0,0.0,0.0,0.0,0.0,0.0,0.0,0.0,0.0,0.0,0.0,0.0,0.0,0.0,0.0,0.0,0.4038,0.00952,0.0,0.0,0.0,0.0,0.0,0.0,0.0,0.0,0.0,0.0,0.0,10.301123595505603,19.68539325842697,0.013483146067415734,0.0,0.0,0.0,0.0,0.0,0.0,0.0,0.0,0.0,0.0,0.0,0.0,0.0,0.0,0.0,0.0
11000,4758,2456,0.5161832702816309,1146,979,0.44661622530474987,1348,0.5666246321984026,0.43,2.961772371850565,3.10016927095404,6.676375404530744,2.104577797025245,9425.287113311839,1522.203286354418,7853.0,10920.4057020545,10898.98619101699,6.92812156074087,7853.0,0.0,27.489281210592686,20.758610611784242,32.58425832492432,19.00106785543089,0.1448087431693989,0.09878100042034468,0.09352669188734762,0.09226565783942833,0.07671290458175704,0.07797393862967633,0.07208911307271963,0.0664144598570828,0.04918032786885246,0.05275325767129046,0.044136191677175286,0.0416141235813367,0.029844472467423288,0.026271542664985287,0.015552753257671291,0.010298444724674232,0.007776376628835646,0.9321252953460007,0.022982139700933112,0.0,0.0,0.0,0.0,0.0,0.0,0.0,0.0,0.0,0.0,0.0,0.0,0.0,0.0,0.0,0.0,0.0,0.0,0.0,0.0,0.0,0.0,0.0,0.0,0.0,0.13240857503152587,2.2320302648171504,13.083228247162676,12.528373266078187,2.023959646910467,4.314163654288531,2.8592608901870413,nan,nan,nan,4.308755760368664,2.8191241885577845,4.319553805774278,2.898702906658113,1.0025060704310358,0.4038,0.009415,0.0,0.0,0.0,0.0,0.0,0.0,0.0,0.0,0.0,0.0,0.0,10.100882723833529,19.88020176544767,0.01891551071878941,0.0,0.0,0.0,0.0,0.0,0.0,0.0,0.0,0.0,0.0,0.0,0.0,0.0,0.0,0.0,0.0,nan,nan,4.314163654288531,2.8592608901870413,nan,0.4038,0.04367,0.0,0.0,0.0,0.0,0.0,0.0,0.0,0.0,0.0,0.0,0.0,0.0,0.0,0.0,0.0,0.0,0.0,0.0,0.0,0.0,0.0,0.0,0.0,2.101723413198823e-05,0.0,0.00015762925598991173,0.0004833963850357293,0.001817990752416982,0.0017129045817570409,0.004665825977301388,0.0036780159730979405,0.004056326187473728,0.028919714165615805,0.04169819251786465,0.034993694829760405,0.031725514922236235,0.04198192517864649,0.059226565783942836,0.06687683900798655,0.11455443463640184,0.06670870113493065,0.04274905422446406,0.11407103825136612,0.10417192097519966,0.0617801597309794,0.05771332492643968,0.04869693148381673,0.030054644808743168,0.023497267759562842,0.005506515342580917,0.004255989911727617,0.001092896174863388,0.0021542664985287935,0.0006620428751576293,0.0,0.0,0.0,0.0,0.00031525851197982345,0.0,0.0,0.0,0.0,0.0,0.0,0.0,0.0,0.0,0.0,0.0,0.0,0.0,0.0,0.0,0.0,0.0,0.0,0.0,0.0,0.0,0.0,0.0,0.0,0.0,0.0,0.0,0.0,0.0,0.0,0.0,0.0,0.0,0.0,0.0,0.0,0.0,0.0,0.0,0.0,0.0,0.0,nan,nan,4.314163654288531,2.8592608901870413,nan,0.9318311948341345,0.023024010766749054,0.0,0.0,0.0,0.0,0.0,0.0,0.0,0.0,0.0,0.0,0.0,0.0,0.0,0.0,0.0,0.0,0.0,0.0,0.0,0.0,0.0,0.0,0.0,0.0,0.0,0.17100977198697073,2.36970684039088,12.86237785016287,12.618078175895768,1.9788273615635183,0.9324390706966278,0.02293322511446071,0.0,0.0,0.0,0.0,0.0,0.0,0.0,0.0,0.0,0.0,0.0,0.0,0.0,0.0,0.0,0.0,0.0,0.0,0.0,0.0,0.0,0.0,0.0,0.0,0.0,0.09122502172024329,2.085143353605561,13.31885317115552,12.432667245873157,2.072111207645526,0.4038,0.009445,0.0,0.0,0.0,0.0,0.0,0.0,0.0,0.0,0.0,0.0,0.0,10.260586319218227,19.739413680781762,0.0,0.0,0.0,0.0,0.0,0.0,0.0,0.0,0.0,0.0,0.0,0.0,0.0,0.0,0.0,0.0,0.0,0.4038,0.00938,0.0,0.0,0.0,0.0,0.0,0.0,0.0,0.0,0.0,0.0,0.0,9.930495221546467,20.030408340573416,0.039096437880104265,0.0,0.0,0.0,0.0,0.0,0.0,0.0,0.0,0.0,0.0,0.0,0.0,0.0,0.0,0.0,0.0
11100,5049,2575,0.5100019805902158,1235,1039,0.4503862150920974,1435,0.5684293919588037,0.39799999999999996,3.0375909458367016,3.1744931321287457,6.791193181818182,2.1113550547518622,9406.515695707589,1522.752143548026,7853.0,10922.768517792225,10899.097377719463,7.004263668164081,7853.0,0.0,28.143196672608436,21.02758032312645,33.142486435480066,19.242078716859808,0.13963161021984552,0.09942562883739355,0.08714596949891068,0.09249356308179837,0.08021390374331551,0.0718954248366013,0.06714200831847891,0.06496335908100614,0.06020994256288374,0.05189146365616954,0.04971281441869677,0.04139433551198257,0.028124381065557535,0.026737967914438502,0.0184194890077243,0.014062190532778768,0.006535947712418301,0.931744781159533,0.023164085160415668,0.0,0.0,0.0,0.0,0.0,0.0,0.0,0.0,0.0,0.0,0.0,0.0,0.0,0.0,0.0,0.0,0.0,0.0,0.0,0.0,0.0,0.0,0.0,0.0,0.0,0.05347593582887702,2.4123588829471188,13.2620320855615,12.281639928698755,1.9904931669637556,4.316621087815253,2.942169271168055,nan,nan,nan,4.3485124468731025,2.9568803461756414,4.287279367011564,2.925989502742376,0.9859186145585097,0.4038,0.00954,0.0,0.0,0.0,0.0,0.0,0.0,0.0,0.0,0.0,0.0,0.0,10.089126559714781,19.898989898989903,0.011883541295306005,0.0,0.0,0.0,0.0,0.0,0.0,0.0,0.0,0.0,0.0,0.0,0.0,0.0,0.0,0.0,0.0,nan,nan,4.316621087815253,2.942169271168055,nan,0.4038,0.04376,0.0,0.0,0.0,0.0,0.0,0.0,0.0,0.0,0.0,0.0,0.0,0.0,0.0,0.0,0.0,0.0,0.0,0.0,0.0,0.0,0.0,0.0,0.0,5.9417706476530004e-05,0.0,0.00011883541295306001,0.00020796197266785503,0.0017627252921370569,0.0018023370964547435,0.004614775203010497,0.003604674192909487,0.004198851257674787,0.028956228956228958,0.04292929292929293,0.03497722321251733,0.03261041790453555,0.04397900574371163,0.057526242820360465,0.06322043969102793,0.11340859576153693,0.0659536541889483,0.04290948702713408,0.11355714002772826,0.10457516339869281,0.06251733016438898,0.061012081600316896,0.048257080610021784,0.02947118241235888,0.02380669439492969,0.006011091305208952,0.0034660328777975837,0.0017825311942959,0.001881560705090117,0.0005644682115270351,5.9417706476530004e-05,0.0,0.0,0.0,0.00019805902158843335,0.0,0.0,0.0,0.0,0.0,0.0,0.0,0.0,0.0,0.0,0.0,0.0,0.0,0.0,0.0,0.0,0.0,0.0,0.0,0.0,0.0,0.0,0.0,0.0,0.0,0.0,0.0,0.0,0.0,0.0,0.0,0.0,0.0,0.0,0.0,0.0,0.0,0.0,0.0,0.0,0.0,0.0,nan,nan,4.316621087815253,2.942169271168055,nan,0.9321317233391179,0.023211725069886016,0.0,0.0,0.0,0.0,0.0,0.0,0.0,0.0,0.0,0.0,0.0,0.0,0.0,0.0,0.0,0.0,0.0,0.0,0.0,0.0,0.0,0.0,0.0,0.0,0.0,0.011650485436893206,2.551456310679612,12.815533980582527,12.640776699029129,1.9805825242718451,0.9313420422296902,0.023107515471155804,0.0,0.0,0.0,0.0,0.0,0.0,0.0,0.0,0.0,0.0,0.0,0.0,0.0,0.0,0.0,0.0,0.0,0.0,0.0,0.0,0.0,0.0,0.0,0.0,0.0,0.09700889248181085,2.2675828617623286,13.726758286176235,11.907841552142283,2.000808407437349,0.404,0.00948,0.0,0.0,0.0,0.0,0.0,0.0,0.0,0.0,0.0,0.0,0.0,10.240776699029112,19.735922330097093,0.023300970873786412,0.0,0.0,0.0,0.0,0.0,0.0,0.0,0.0,0.0,0.0,0.0,0.0,0.0,0.0,0.0,0.0,0.4038,0.0096,0.0,0.0,0.0,0.0,0.0,0.0,0.0,0.0,0.0,0.0,0.0,9.93128536782537,20.068714632174622,0.0,0.0,0.0,0.0,0.0,0.0,0.0,0.0,0.0,0.0,0.0,0.0,0.0,0.0,0.0,0.0,0.0
11200,4872,2494,0.5119047619047619,1181,995,0.4466338259441708,1371,0.562807881773399,0.414,2.9129520605550883,3.098398965040881,6.549923195084485,2.1556653810989403,9412.287876514023,1522.6019029297538,7853.0,10926.137433052063,10899.050735515768,7.0237057982697175,7853.0,0.0,28.05028735632184,20.893744986387155,32.98876404494382,19.135604098064608,0.1383415435139573,0.10016420361247948,0.09585385878489326,0.08210180623973727,0.07963875205254516,0.07491789819376027,0.06896551724137931,0.06527093596059114,0.0603448275862069,0.05213464696223317,0.04741379310344827,0.04064039408866995,0.03263546798029557,0.026272577996715927,0.0180623973727422,0.01087848932676519,0.006362889983579639,0.9320607272103698,0.02319828965307899,0.0,0.0,0.0,0.0,0.0,0.0,0.0,0.0,0.0,0.0,0.0,0.0,0.0,0.0,0.0,0.0,0.0,0.0,0.0,0.0,0.0,0.0,0.0,0.0,0.0,0.07389162561576355,2.5554187192118234,12.777093596059116,12.690886699507391,1.9027093596059117,4.236600063431652,2.88919464889672,nan,nan,nan,4.233799237611182,2.9029146594500923,4.239392020265991,2.875450215743072,1.001320984378552,0.4043,0.00963,0.0,0.0,0.0,0.0,0.0,0.0,0.0,0.0,0.0,0.0,0.0,9.722906403940874,20.27093596059114,0.006157635467980297,0.0,0.0,0.0,0.0,0.0,0.0,0.0,0.0,0.0,0.0,0.0,0.0,0.0,0.0,0.0,0.0,nan,nan,4.236600063431652,2.88919464889672,nan,0.4043,0.04376,0.0,0.0,0.0,0.0,0.0,0.0,0.0,0.0,0.0,0.0,0.0,0.0,0.0,0.0,0.0,0.0,0.0,0.0,0.0,0.0,0.0,0.0,0.0,0.0,0.0,0.00011288998357963875,0.0001539408866995074,0.00202175697865353,0.0014470443349753695,0.004761904761904762,0.004495073891625616,0.003981937602627258,0.029454022988505746,0.04289819376026273,0.032327586206896554,0.03152709359605911,0.04279556650246306,0.05975985221674877,0.06061165845648604,0.1154967159277504,0.06750821018062397,0.04132799671592775,0.11363916256157636,0.10283251231527094,0.06196633825944171,0.061648193760262725,0.05047208538587849,0.030521346469622332,0.02550287356321839,0.005890804597701149,0.0033251231527093596,0.0009954844006568144,0.0018986042692939245,0.0005233990147783251,0.0,0.0,0.0,0.0,0.00010262725779967159,0.0,0.0,0.0,0.0,0.0,0.0,0.0,0.0,0.0,0.0,0.0,0.0,0.0,0.0,0.0,0.0,0.0,0.0,0.0,0.0,0.0,0.0,0.0,0.0,0.0,0.0,0.0,0.0,0.0,0.0,0.0,0.0,0.0,0.0,0.0,0.0,0.0,0.0,0.0,0.0,0.0,0.0,nan,nan,4.236600063431652,2.88919464889672,nan,0.9318135223727084,0.023242898588339563,0.0,0.0,0.0,0.0,0.0,0.0,0.0,0.0,0.0,0.0,0.0,0.0,0.0,0.0,0.0,0.0,0.0,0.0,0.0,0.0,0.0,0.0,0.0,0.0,0.0,0.07217321571772255,2.5741780272654378,12.919005613472336,12.558139534883724,1.8765036086607862,0.9323199908206,0.023148576282048614,0.0,0.0,0.0,0.0,0.0,0.0,0.0,0.0,0.0,0.0,0.0,0.0,0.0,0.0,0.0,0.0,0.0,0.0,0.0,0.0,0.0,0.0,0.0,0.0,0.0,0.07569386038687974,2.5357443229604715,12.628259041211106,12.830109335576118,1.9301934398654335,0.404,0.00958,0.0,0.0,0.0,0.0,0.0,0.0,0.0,0.0,0.0,0.0,0.0,9.839615076182824,20.160384923817166,0.0,0.0,0.0,0.0,0.0,0.0,0.0,0.0,0.0,0.0,0.0,0.0,0.0,0.0,0.0,0.0,0.0,0.4043,0.009674,0.0,0.0,0.0,0.0,0.0,0.0,0.0,0.0,0.0,0.0,0.0,9.6005046257359,20.386879730866276,0.012615643397813292,0.0,0.0,0.0,0.0,0.0,0.0,0.0,0.0,0.0,0.0,0.0,0.0,0.0,0.0,0.0,0.0
11300,4918,2572,0.5229768198454656,1240,994,0.45424969499796664,1371,0.557543716958113,0.39799999999999996,2.9373401534526855,3.108426314526022,6.622119815668203,2.176201920727098,9446.095917210898,1521.5030543289479,7853.0,10924.00507068634,10899.207511991912,6.968456720589551,7853.0,0.0,27.894062627084182,20.701748342359895,32.8504604944256,18.91210333300349,0.13786091907279382,0.10736071573810492,0.08641724278161854,0.08357055713704759,0.08092720618137454,0.0782838552257015,0.06547376982513217,0.062017080113867425,0.06283041886945913,0.059170394469296464,0.0469703131354209,0.04026026840178935,0.033143554290361935,0.021960146400976006,0.01708011386742578,0.01057340382269215,0.0061000406669377795,0.9319427789057498,0.02268001331350643,0.0,0.0,0.0,0.0,0.0,0.0,0.0,0.0,0.0,0.0,0.0,0.0,0.0,0.0,0.0,0.0,0.0,0.0,0.0,0.0,0.0,0.0,0.0,0.0,0.0,0.0976006506710045,2.2997153314355434,13.291988613257425,12.389182594550633,1.9215128100854009,4.157927786499215,2.8702754408323217,nan,nan,nan,4.213021491782554,2.8530388081397975,4.103555832813475,2.8861544558810603,0.9740173034525008,0.4043,0.00967,0.0,0.0,0.0,0.0,0.0,0.0,0.0,0.0,0.0,0.0,0.0,9.74176494509962,20.227734851565682,0.030500203334688905,0.0,0.0,0.0,0.0,0.0,0.0,0.0,0.0,0.0,0.0,0.0,0.0,0.0,0.0,0.0,0.0,nan,nan,4.157927786499215,2.8702754408323217,nan,0.4043,0.04398,0.0,0.0,0.0,0.0,0.0,0.0,0.0,0.0,0.0,0.0,0.0,0.0,0.0,0.0,0.0,0.0,0.0,0.0,0.0,0.0,0.0,0.0,0.0,0.0,0.0,4.0666937779585194e-05,2.0333468889792597e-05,0.0017690117934119562,0.00184017893452623,0.00477836518910126,0.005113867425782839,0.004320862139080927,0.030866205774705165,0.043086620577470515,0.0329503863359089,0.029503863359089062,0.04018910126067507,0.05945506303375356,0.05910939406262709,0.11626677511183407,0.06916429442862952,0.04036193574623831,0.11254575030500204,0.1046461976413176,0.06136640910939406,0.06190524603497357,0.05073200488003253,0.031689711264741766,0.024572997153314357,0.00719804798698658,0.002653517690117934,0.0010166734444896298,0.0017588450589670597,0.0008946726311508743,0.0,1.0166734444896299e-05,0.0,0.0,0.0001728344855632371,0.0,0.0,0.0,0.0,0.0,0.0,0.0,0.0,0.0,0.0,0.0,0.0,0.0,0.0,0.0,0.0,0.0,0.0,0.0,0.0,0.0,0.0,0.0,0.0,0.0,0.0,0.0,0.0,0.0,0.0,0.0,0.0,0.0,0.0,0.0,0.0,0.0,0.0,0.0,0.0,0.0,0.0,nan,nan,4.157927786499215,2.8702754408323217,nan,0.9320122888355196,0.023132816233332784,0.0,0.0,0.0,0.0,0.0,0.0,0.0,0.0,0.0,0.0,0.0,0.0,0.0,0.0,0.0,0.0,0.0,0.0,0.0,0.0,0.0,0.0,0.0,0.0,0.0,0.0933125972006221,2.4377916018662527,13.308709175738727,12.165629860031107,1.9945567651632974,0.9318665727934874,0.022172716172913377,0.0,0.0,0.0,0.0,0.0,0.0,0.0,0.0,0.0,0.0,0.0,0.0,0.0,0.0,0.0,0.0,0.0,0.0,0.0,0.0,0.0,0.0,0.0,0.0,0.0,0.10230179028132995,2.148337595907929,13.27365728900256,12.634271099744248,1.841432225063939,0.4045,0.009575,0.0,0.0,0.0,0.0,0.0,0.0,0.0,0.0,0.0,0.0,0.0,9.529548989113517,20.43545878693624,0.034992223950233284,0.0,0.0,0.0,0.0,0.0,0.0,0.0,0.0,0.0,0.0,0.0,0.0,0.0,0.0,0.0,0.0,0.4043,0.009766,0.0,0.0,0.0,0.0,0.0,0.0,0.0,0.0,0.0,0.0,0.0,9.974424552429653,20.000000000000004,0.025575447570332487,0.0,0.0,0.0,0.0,0.0,0.0,0.0,0.0,0.0,0.0,0.0,0.0,0.0,0.0,0.0,0.0
11400,4669,2432,0.5208824159348897,1135,942,0.44484900406939387,1282,0.5491539944313557,0.43,3.023245417970496,3.093303309336456,6.50229709035222,2.105650006898952,9439.76083939411,1521.8264705388758,7853.0,10922.834477186203,10899.293733195353,7.087694226315504,7853.0,0.0,28.12208181623474,21.021882821738473,32.92848085214304,19.34236985271518,0.13493253373313344,0.1021632041122296,0.09702291711287213,0.08288712786463912,0.08267294923966588,0.07431998286571,0.07067894624116514,0.06382523024202184,0.05525808524309274,0.04904690511886914,0.047976011994003,0.039194688370100664,0.034268579995716426,0.02762904262154637,0.020775326622403084,0.010923109873634611,0.00642535874919683,0.9321480304047443,0.02341976250080558,0.0,0.0,0.0,0.0,0.0,0.0,0.0,0.0,0.0,0.0,0.0,0.0,0.0,0.0,0.0,0.0,0.0,0.0,0.0,0.0,0.0,0.0,0.0,0.0,0.0,0.08352966373955882,2.4994645534375675,13.088455772113946,12.111801242236028,2.2167487684729066,4.2409438351611835,2.863245950731368,nan,nan,nan,4.196547144754316,2.858995036655944,4.285619174434088,2.867754213748316,1.021225075426857,0.4045,0.0094,0.0,0.0,0.0,0.0,0.0,0.0,0.0,0.0,0.0,0.0,0.012850717498393662,9.663739558792019,20.291282929963593,0.03212679374598416,0.0,0.0,0.0,0.0,0.0,0.0,0.0,0.0,0.0,0.0,0.0,0.0,0.0,0.0,0.0,0.0,nan,nan,4.2409438351611835,2.863245950731368,nan,0.4045,0.0442,0.0,0.0,0.0,0.0,0.0,0.0,0.0,0.0,0.0,0.0,0.0,0.0,0.0,0.0,0.0,0.0,0.0,0.0,0.0,0.0,0.0,0.0,0.0,0.0,0.0,9.638038123795246e-05,3.212679374598415e-05,0.0020239880059970015,0.0019918612122510173,0.0043156992932105375,0.004669094024416363,0.003855215249518098,0.03192332405225958,0.042482330263439706,0.035382308845577214,0.02994217177125723,0.039269650888841295,0.059306061255086744,0.05792460912400942,0.11484257871064468,0.06843007067894624,0.03825230242021846,0.11537802527307775,0.10411222959948598,0.05985221674876847,0.06273291925465839,0.05142428785607196,0.03183765260227029,0.02570143499678732,0.00750696080531163,0.0029770828871278645,0.0010280573998714929,0.0016063396872992076,0.0008674234311415721,4.2835724994645534e-05,0.0,0.0,1.0708931248661384e-05,0.00018205183122724353,0.0,0.0,0.0,0.0,0.0,0.0,0.0,0.0,0.0,0.0,0.0,0.0,0.0,0.0,0.0,0.0,0.0,0.0,0.0,0.0,0.0,0.0,0.0,0.0,0.0,0.0,0.0,0.0,0.0,0.0,0.0,0.0,0.0,0.0,0.0,0.0,0.0,0.0,0.0,0.0,0.0,0.0,nan,nan,4.2409438351611835,2.863245950731368,nan,0.9324456453813534,0.02389583356205215,0.0,0.0,0.0,0.0,0.0,0.0,0.0,0.0,0.0,0.0,0.0,0.0,0.0,0.0,0.0,0.0,0.0,0.0,0.0,0.0,0.0,0.0,0.0,0.0,0.0,0.08634868421052634,2.627467105263159,12.816611842105265,12.002467105263161,2.467105263157895,0.9318244722361644,0.022886571203088395,0.0,0.0,0.0,0.0,0.0,0.0,0.0,0.0,0.0,0.0,0.0,0.0,0.0,0.0,0.0,0.0,0.0,0.0,0.0,0.0,0.0,0.0,0.0,0.0,0.0,0.08046490835940993,2.3603039785426914,13.383996423781854,12.230666070630312,1.9445686186857403,0.4043,0.00935,0.0,0.0,0.0,0.0,0.0,0.0,0.0,0.0,0.0,0.0,0.0,9.794407894736828,20.16858552631579,0.037006578947368425,0.0,0.0,0.0,0.0,0.0,0.0,0.0,0.0,0.0,0.0,0.0,0.0,0.0,0.0,0.0,0.0,0.4045,0.00945,0.0,0.0,0.0,0.0,0.0,0.0,0.0,0.0,0.0,0.0,0.026821636119803316,9.521680822530161,20.424675905230224,0.026821636119803316,0.0,0.0,0.0,0.0,0.0,0.0,0.0,0.0,0.0,0.0,0.0,0.0,0.0,0.0,0.0,0.0
11500,4728,2425,0.512901861252115,1094,963,0.43506768189509304,1300,0.5499153976311336,0.442,3.014329135909683,3.2100125015153638,6.921568627450981,2.1036209422849175,9415.501301310995,1522.6979447959093,7853.0,10922.265690922737,10899.394289731292,6.883933800598953,7853.0,0.0,27.203680203045685,20.89746570162329,32.45563794425978,19.173273963061856,0.14678510998307953,0.11104060913705584,0.09475465313028765,0.08735194585448393,0.07719966159052453,0.07191201353637902,0.05964467005076142,0.06662436548223351,0.05710659898477157,0.05562605752961083,0.04483925549915398,0.03637901861252115,0.031091370558375634,0.025803722504230117,0.01649746192893401,0.010575296108291032,0.00676818950930626,0.9317124875391599,0.023113195174445274,0.0,0.0,0.0,0.0,0.0,0.0,0.0,0.0,0.0,0.0,0.0,0.0,0.0,0.0,0.0,0.0,0.0,0.0,0.0,0.0,0.0,0.0,0.0,0.0,0.0,0.057106598984771585,2.59517766497462,13.242385786802034,12.227157360406094,1.8781725888324876,4.4547304170905395,2.9089964937130093,nan,nan,nan,4.448579161028417,2.9118292657179583,4.460910944935418,2.9061343474158776,1.0027720724889047,0.4045,0.00959,0.0,0.0,0.0,0.0,0.0,0.0,0.0,0.0,0.0,0.0,0.0,9.384517766497448,20.59010152284264,0.025380710659898484,0.0,0.0,0.0,0.0,0.0,0.0,0.0,0.0,0.0,0.0,0.0,0.0,0.0,0.0,0.0,0.0,nan,nan,4.4547304170905395,2.9089964937130093,nan,0.4045,0.04425,0.0,0.0,0.0,0.0,0.0,0.0,0.0,0.0,0.0,0.0,0.0,0.0,0.0,0.0,0.0,0.0,0.0,0.0,0.0,0.0,0.0,0.0,0.0,0.0,0.0,0.0001269035532994924,1.0575296108291032e-05,0.002294839255499154,0.0018401015228426396,0.004832910321489001,0.00491751269035533,0.003923434856175973,0.030763536379018613,0.04425761421319797,0.03291032148900169,0.028817681895093063,0.04059856175972927,0.05645093062605753,0.06178087986463621,0.11230964467005077,0.06972292724196277,0.03687605752961083,0.11735406091370558,0.10267554991539764,0.058766920473773264,0.06490059221658206,0.051607445008460234,0.032053722504230116,0.025571065989847715,0.0077834179357022,0.0028870558375634517,0.0010681049069373942,0.001660321489001692,0.0010469543147208122,5.287648054145516e-05,0.0,2.1150592216582064e-05,0.0,0.00011632825719120135,0.0,0.0,0.0,0.0,0.0,0.0,0.0,0.0,0.0,0.0,0.0,0.0,0.0,0.0,0.0,0.0,0.0,0.0,0.0,0.0,0.0,0.0,0.0,0.0,0.0,0.0,0.0,0.0,0.0,0.0,0.0,0.0,0.0,0.0,0.0,0.0,0.0,0.0,0.0,0.0,0.0,0.0,nan,nan,4.4547304170905395,2.9089964937130093,nan,0.9323789815312808,0.023132739812598276,0.0,0.0,0.0,0.0,0.0,0.0,0.0,0.0,0.0,0.0,0.0,0.0,0.0,0.0,0.0,0.0,0.0,0.0,0.0,0.0,0.0,0.0,0.0,0.0,0.0,0.08659793814432992,2.4618556701030934,13.101030927835055,12.309278350515466,2.041237113402062,0.9310106864402049,0.02307179617369067,0.0,0.0,0.0,0.0,0.0,0.0,0.0,0.0,0.0,0.0,0.0,0.0,0.0,0.0,0.0,0.0,0.0,0.0,0.0,0.0,0.0,0.0,0.0,0.0,0.0,0.026052974381241864,2.735562310030396,13.391228831958319,12.140686061658709,1.7064698219713421,0.4048,0.00963,0.0,0.0,0.0,0.0,0.0,0.0,0.0,0.0,0.0,0.0,0.0,9.253608247422667,20.721649484536087,0.02474226804123712,0.0,0.0,0.0,0.0,0.0,0.0,0.0,0.0,0.0,0.0,0.0,0.0,0.0,0.0,0.0,0.0,0.4045,0.00955,0.0,0.0,0.0,0.0,0.0,0.0,0.0,0.0,0.0,0.0,0.0,9.522362136343885,20.451584889274862,0.026052974381241864,0.0,0.0,0.0,0.0,0.0,0.0,0.0,0.0,0.0,0.0,0.0,0.0,0.0,0.0,0.0,0.0
11600,5060,2630,0.5197628458498024,1234,1065,0.4543478260869565,1427,0.5640316205533596,0.426,2.9646090534979423,3.139615214464578,6.74806800618238,2.218349458482617,9436.403139094366,1522.0156195049624,7853.0,10925.128807425499,10899.3953930865,6.9379101414282,7853.0,0.0,27.41106719367589,20.847853607670707,32.79406130268199,18.97657416476232,0.15276679841897234,0.09841897233201581,0.08478260869565217,0.09288537549407115,0.07885375494071147,0.07588932806324111,0.07430830039525692,0.06422924901185771,0.05632411067193676,0.0466403162055336,0.04387351778656127,0.03636363636363636,0.03399209486166008,0.02351778656126482,0.021936758893280634,0.009288537549407115,0.005928853754940711,0.9330746468819178,0.02351746495346304,0.0,0.0,0.0,0.0,0.0,0.0,0.0,0.0,0.0,0.0,0.0,0.0,0.0,0.0,0.0,0.0,0.0,0.0,0.0,0.0,0.0,0.0,0.0,0.0,0.0,0.0889328063241107,2.264822134387352,12.55731225296443,12.800395256917,2.288537549407115,4.28633137920395,2.935503579468456,nan,nan,nan,4.263030303030303,2.924488543575777,4.310496543054683,2.946688977810363,1.0111343895422558,0.4045,0.00936,0.0,0.0,0.0,0.0,0.0,0.0,0.0,0.0,0.0,0.0,0.0,9.735177865612634,20.247035573122535,0.017786561264822136,0.0,0.0,0.0,0.0,0.0,0.0,0.0,0.0,0.0,0.0,0.0,0.0,0.0,0.0,0.0,0.0,nan,nan,4.28633137920395,2.935503579468456,nan,0.4045,0.04407,0.0,0.0,0.0,0.0,0.0,0.0,0.0,0.0,0.0,0.0,0.0,0.0,0.0,0.0,0.0,0.0,0.0,0.0,0.0,0.0,0.0,0.0,0.0,0.0,0.0,3.9525691699604744e-05,0.0,0.00216403162055336,0.002243083003952569,0.00524703557312253,0.004960474308300395,0.004258893280632411,0.03059288537549407,0.04242094861660079,0.032341897233201584,0.02932806324110672,0.041719367588932806,0.056482213438735177,0.06299407114624506,0.1133596837944664,0.06697628458498024,0.039179841897233204,0.11491106719367589,0.10473320158102767,0.06040513833992095,0.06606719367588933,0.05134387351778656,0.03042490118577075,0.023557312252964428,0.0076679841897233205,0.0034288537549407114,0.0006225296442687748,0.0014031620553359683,0.0008102766798418973,6.91699604743083e-05,0.0,0.0,0.0,0.00024703557312252963,0.0,0.0,0.0,0.0,0.0,0.0,0.0,0.0,0.0,0.0,0.0,0.0,0.0,0.0,0.0,0.0,0.0,0.0,0.0,0.0,0.0,0.0,0.0,0.0,0.0,0.0,0.0,0.0,0.0,0.0,0.0,0.0,0.0,0.0,0.0,0.0,0.0,0.0,0.0,0.0,0.0,0.0,nan,nan,4.28633137920395,2.935503579468456,nan,0.9327854328055799,0.023160197901251782,0.0,0.0,0.0,0.0,0.0,0.0,0.0,0.0,0.0,0.0,0.0,0.0,0.0,0.0,0.0,0.0,0.0,0.0,0.0,0.0,0.0,0.0,0.0,0.0,0.0,0.06844106463878329,2.29277566539924,12.479087452471486,13.04942965779468,2.1102661596958177,0.9333876645859377,0.023894174648029655,0.0,0.0,0.0,0.0,0.0,0.0,0.0,0.0,0.0,0.0,0.0,0.0,0.0,0.0,0.0,0.0,0.0,0.0,0.0,0.0,0.0,0.0,0.0,0.0,0.0,0.11111111111111113,2.234567901234568,12.641975308641978,12.530864197530867,2.481481481481482,0.4043,0.00942,0.0,0.0,0.0,0.0,0.0,0.0,0.0,0.0,0.0,0.0,0.0,9.92395437262356,20.04182509505704,0.03422053231939164,0.0,0.0,0.0,0.0,0.0,0.0,0.0,0.0,0.0,0.0,0.0,0.0,0.0,0.0,0.0,0.0,0.4045,0.00929,0.0,0.0,0.0,0.0,0.0,0.0,0.0,0.0,0.0,0.0,0.0,9.530864197530851,20.469135802469143,0.0,0.0,0.0,0.0,0.0,0.0,0.0,0.0,0.0,0.0,0.0,0.0,0.0,0.0,0.0,0.0,0.0
11700,4280,2226,0.5200934579439253,1059,882,0.45350467289719626,1204,0.5626168224299065,0.40599999999999997,2.9371957156767285,2.963663277607477,6.206375838926174,2.053649465512914,9437.352621372838,1521.920008471646,7853.0,10921.715066194534,10899.28446517329,6.928023765388218,7853.0,0.0,29.132710280373832,21.369527066524043,34.154761904761905,19.466660087297587,0.1378504672897196,0.09602803738317757,0.08294392523364486,0.08037383177570094,0.07967289719626168,0.07032710280373831,0.06705607476635514,0.07079439252336449,0.05957943925233645,0.05186915887850467,0.05280373831775701,0.04392523364485981,0.03785046728971963,0.026869158878504672,0.023130841121495327,0.010981308411214953,0.00794392523364486,0.9318848528037561,0.02322932899104942,0.0,0.0,0.0,0.0,0.0,0.0,0.0,0.0,0.0,0.0,0.0,0.0,0.0,0.0,0.0,0.0,0.0,0.0,0.0,0.0,0.0,0.0,0.0,0.0,0.0,0.09813084112149535,2.4813084112149535,12.939252336448602,12.455607476635517,2.0257009345794397,4.032008441786845,2.725066820751007,nan,nan,nan,4.011781011781012,2.7109285414842206,4.0528571428571425,2.739406683862737,1.0102388766873134,0.4043,0.009415,0.0,0.0,0.0,0.0,0.0,0.0,0.0,0.0,0.0,0.0,0.0,9.841121495327089,20.144859813084114,0.01401869158878505,0.0,0.0,0.0,0.0,0.0,0.0,0.0,0.0,0.0,0.0,0.0,0.0,0.0,0.0,0.0,0.0,nan,nan,4.032008441786845,2.725066820751007,nan,0.4043,0.0439,0.0,0.0,0.0,0.0,0.0,0.0,0.0,0.0,0.0,0.0,0.0,0.0,0.0,0.0,0.0,0.0,0.0,0.0,0.0,0.0,0.0,0.0,0.0,0.0,0.0,1.1682242990654205e-05,2.336448598130841e-05,0.002149532710280374,0.001705607476635514,0.004813084112149532,0.005455607476635514,0.004369158878504673,0.03148364485981309,0.04420560747663552,0.032184579439252334,0.027149532710280373,0.03912383177570093,0.057535046728971966,0.06343457943925233,0.11632009345794392,0.06980140186915888,0.03922897196261682,0.11200934579439252,0.10337616822429907,0.06072429906542056,0.07021028037383177,0.0490303738317757,0.029322429906542057,0.022161214953271027,0.007920560747663551,0.002675233644859813,0.000794392523364486,0.001191588785046729,0.0012733644859813085,0.00010514018691588785,0.0,0.0,0.0,0.0002102803738317757,0.0,0.0,0.0,0.0,0.0,0.0,0.0,0.0,0.0,0.0,0.0,0.0,0.0,0.0,0.0,0.0,0.0,0.0,0.0,0.0,0.0,0.0,0.0,0.0,0.0,0.0,0.0,0.0,0.0,0.0,0.0,0.0,0.0,0.0,0.0,0.0,0.0,0.0,0.0,0.0,0.0,0.0,nan,nan,4.032008441786845,2.725066820751007,nan,0.932376584274107,0.023162230188848637,0.0,0.0,0.0,0.0,0.0,0.0,0.0,0.0,0.0,0.0,0.0,0.0,0.0,0.0,0.0,0.0,0.0,0.0,0.0,0.0,0.0,0.0,0.0,0.0,0.0,0.06738544474393532,2.3719676549865234,13.032345013477093,12.385444743935313,2.1428571428571432,0.9313519442093059,0.02329010880919772,0.0,0.0,0.0,0.0,0.0,0.0,0.0,0.0,0.0,0.0,0.0,0.0,0.0,0.0,0.0,0.0,0.0,0.0,0.0,0.0,0.0,0.0,0.0,0.0,0.0,0.13145082765335933,2.5998052580331064,12.838364167478096,12.531645569620256,1.8987341772151902,0.4043,0.00939,0.0,0.0,0.0,0.0,0.0,0.0,0.0,0.0,0.0,0.0,0.0,9.70350404312667,20.29649595687332,0.0,0.0,0.0,0.0,0.0,0.0,0.0,0.0,0.0,0.0,0.0,0.0,0.0,0.0,0.0,0.0,0.0,0.404,0.00944,0.0,0.0,0.0,0.0,0.0,0.0,0.0,0.0,0.0,0.0,0.0,9.990262901655292,19.980525803310616,0.029211295034079852,0.0,0.0,0.0,0.0,0.0,0.0,0.0,0.0,0.0,0.0,0.0,0.0,0.0,0.0,0.0,0.0
11800,4196,2136,0.5090562440419447,994,867,0.4435176358436606,1188,0.5662535748331744,0.422,2.9766990291262134,3.136295628387068,6.6948853615520285,2.1806488879221124,9403.620959204092,1522.7933883023961,7853.0,10922.861092090607,10899.070011620022,7.016202231569185,7853.0,0.0,27.458293612964727,20.708366420255935,32.33958510940608,19.053604374729986,0.1394184938036225,0.10176358436606292,0.09890371782650142,0.09199237368922783,0.08341277407054337,0.07268827454718779,0.0667302192564347,0.06124880838894185,0.055529075309818876,0.05147759771210677,0.055052430886558625,0.03503336510962822,0.028360343183984747,0.023117254528122022,0.015490943755958055,0.011677788369876072,0.008102955195424213,0.9316348386475651,0.02326768828852845,0.0,0.0,0.0,0.0,0.0,0.0,0.0,0.0,0.0,0.0,0.0,0.0,0.0,0.0,0.0,0.0,0.0,0.0,0.0,0.0,0.0,0.0,0.0,0.0,0.0,0.10009532888465207,2.616777883698761,13.133937082936134,12.254528122020975,1.8946615824594857,4.417949680811115,2.938717038350198,nan,nan,nan,4.391705069124424,2.9421235440317663,4.443056576047025,2.9352348939926944,1.0116928405059855,0.4045,0.009476,0.0,0.0,0.0,0.0,0.0,0.0,0.0,0.0,0.0,0.0,0.0,9.280266920877011,20.698284080076267,0.021448999046711156,0.0,0.0,0.0,0.0,0.0,0.0,0.0,0.0,0.0,0.0,0.0,0.0,0.0,0.0,0.0,0.0,nan,nan,4.417949680811115,2.938717038350198,nan,0.4045,0.04398,0.0,0.0,0.0,0.0,0.0,0.0,0.0,0.0,0.0,0.0,0.0,0.0,0.0,0.0,0.0,0.0,0.0,0.0,0.0,0.0,0.0,0.0,0.0,0.0,0.0,0.0,8.341277407054337e-05,0.002371306005719733,0.0015490943755958055,0.004254051477597712,0.005290753098188751,0.005386081982840801,0.03262631077216396,0.04370829361296473,0.031363203050524306,0.026453765490943755,0.03698760724499523,0.05260962821734986,0.06482364156339371,0.11814823641563393,0.07041229742612011,0.0421234509056244,0.10994995233555767,0.10368207816968542,0.06375119161105815,0.06839847473784556,0.04843898951382269,0.029623450905624404,0.022914680648236416,0.008794089609151573,0.002049571020019066,0.0008102955195424214,0.0016086749285033365,0.0014180171591992373,0.00023832221163012392,0.0,0.0,4.766444232602478e-05,8.341277407054337e-05,0.0,0.0,0.0,0.0,0.0,0.0,0.0,0.0,0.0,0.0,0.0,0.0,0.0,0.0,0.0,0.0,0.0,0.0,0.0,0.0,0.0,0.0,0.0,0.0,0.0,0.0,0.0,0.0,0.0,0.0,0.0,0.0,0.0,0.0,0.0,0.0,0.0,0.0,0.0,0.0,0.0,0.0,nan,nan,4.417949680811115,2.938717038350198,nan,0.9311627186137192,0.023915467601018297,0.0,0.0,0.0,0.0,0.0,0.0,0.0,0.0,0.0,0.0,0.0,0.0,0.0,0.0,0.0,0.0,0.0,0.0,0.0,0.0,0.0,0.0,0.0,0.0,0.0,0.15449438202247193,2.724719101123596,12.977528089887644,12.16292134831461,1.9803370786516858,0.9321243767020772,0.02256596250662301,0.0,0.0,0.0,0.0,0.0,0.0,0.0,0.0,0.0,0.0,0.0,0.0,0.0,0.0,0.0,0.0,0.0,0.0,0.0,0.0,0.0,0.0,0.0,0.0,0.0,0.04368932038834952,2.504854368932039,13.296116504854373,12.3495145631068,1.8058252427184471,0.4048,0.00943,0.0,0.0,0.0,0.0,0.0,0.0,0.0,0.0,0.0,0.0,0.0,8.862359550561784,21.137640449438205,0.0,0.0,0.0,0.0,0.0,0.0,0.0,0.0,0.0,0.0,0.0,0.0,0.0,0.0,0.0,0.0,0.0,0.4043,0.00952,0.0,0.0,0.0,0.0,0.0,0.0,0.0,0.0,0.0,0.0,0.0,9.713592233009695,20.242718446601945,0.04368932038834952,0.0,0.0,0.0,0.0,0.0,0.0,0.0,0.0,0.0,0.0,0.0,0.0,0.0,0.0,0.0,0.0
11900,4210,2191,0.5204275534441806,1019,849,0.4437054631828979,1169,0.5553444180522565,0.422,2.976225854383358,3.080628481015487,6.508833922261484,2.1463486252660435,9438.432624312973,1521.9382205635306,7853.0,10922.398138046265,10899.40408414314,6.809464856046104,7853.0,0.0,28.201900237529692,21.092311444927272,33.390834044975804,19.232219746067162,0.14180522565320666,0.0995249406175772,0.08812351543942992,0.0850356294536817,0.08147268408551069,0.07434679334916865,0.0679334916864608,0.06484560570071259,0.056532066508313536,0.05154394299287411,0.0496437054631829,0.039904988123515436,0.033729216152019,0.028978622327790974,0.017577197149643706,0.012589073634204275,0.006413301662707839,0.9326434548705321,0.0228800812016053,0.0,0.0,0.0,0.0,0.0,0.0,0.0,0.0,0.0,0.0,0.0,0.0,0.0,0.0,0.0,0.0,0.0,0.0,0.0,0.0,0.0,0.0,0.0,0.0,0.0,0.04275534441805226,2.2945368171021383,12.819477434679339,12.641330166270787,2.2019002375296917,4.223116313094367,2.871033031678271,nan,nan,nan,4.184837545126354,2.844042679746936,4.262416604892513,2.897956198323922,1.018538129360961,0.4045,0.009514,0.0,0.0,0.0,0.0,0.0,0.0,0.0,0.0,0.0,0.0,0.0,9.577197149643691,20.408551068883614,0.01425178147268409,0.0,0.0,0.0,0.0,0.0,0.0,0.0,0.0,0.0,0.0,0.0,0.0,0.0,0.0,0.0,0.0,nan,nan,4.223116313094367,2.871033031678271,nan,0.4045,0.04428,0.0,0.0,0.0,0.0,0.0,0.0,0.0,0.0,0.0,0.0,0.0,0.0,0.0,0.0,0.0,0.0,0.0,0.0,0.0,0.0,0.0,0.0,0.0,0.0,0.0,0.0,7.125890736342043e-05,0.0027434679334916866,0.001520190023752969,0.0046912114014251785,0.005201900237529691,0.006900237529691211,0.03496437054631829,0.04228028503562945,0.030273159144893112,0.025748218527315913,0.03519002375296912,0.05140142517814727,0.06479809976247031,0.11723277909738718,0.06901425178147269,0.042268408551068885,0.10945368171021377,0.1054394299287411,0.0651543942992874,0.06992874109263658,0.04826603325415677,0.030783847980997623,0.021484560570071257,0.009263657957244655,0.00167458432304038,0.0010451306413301663,0.001353919239904988,0.0015320665083135392,0.000166270783847981,1.187648456057007e-05,0.0,7.125890736342043e-05,7.125890736342043e-05,0.0,0.0,0.0,0.0,0.0,0.0,0.0,0.0,0.0,0.0,0.0,0.0,0.0,0.0,0.0,0.0,0.0,0.0,0.0,0.0,0.0,0.0,0.0,0.0,0.0,0.0,0.0,0.0,0.0,0.0,0.0,0.0,0.0,0.0,0.0,0.0,0.0,0.0,0.0,0.0,0.0,0.0,nan,nan,4.223116313094367,2.871033031678271,nan,0.9322321048505444,0.022447993550300915,0.0,0.0,0.0,0.0,0.0,0.0,0.0,0.0,0.0,0.0,0.0,0.0,0.0,0.0,0.0,0.0,0.0,0.0,0.0,0.0,0.0,0.0,0.0,0.0,0.0,0.027384755819260618,2.2866271109082614,13.076220903696946,12.651757188498406,1.9580100410771342,0.9330898480819203,0.02333172616367635,0.0,0.0,0.0,0.0,0.0,0.0,0.0,0.0,0.0,0.0,0.0,0.0,0.0,0.0,0.0,0.0,0.0,0.0,0.0,0.0,0.0,0.0,0.0,0.0,0.0,0.059435364041604766,2.3031203566121845,12.540861812778607,12.630014858841013,2.466567607726598,0.405,0.009705,0.0,0.0,0.0,0.0,0.0,0.0,0.0,0.0,0.0,0.0,0.0,9.214970333181183,20.771337288909177,0.013692377909630309,0.0,0.0,0.0,0.0,0.0,0.0,0.0,0.0,0.0,0.0,0.0,0.0,0.0,0.0,0.0,0.0,0.4043,0.009285,0.0,0.0,0.0,0.0,0.0,0.0,0.0,0.0,0.0,0.0,0.0,9.970282317979184,20.014858841010405,0.014858841010401191,0.0,0.0,0.0,0.0,0.0,0.0,0.0,0.0,0.0,0.0,0.0,0.0,0.0,0.0,0.0,0.0
12000,4467,2319,0.519140362659503,1098,911,0.44974255652563244,1255,0.5618983657935975,0.414,2.925046554934823,3.045964795289907,6.426929392446634,2.133861166471051,9434.368221984698,1521.9559528754364,7853.0,10927.089460730553,10899.128437949827,6.892719024508348,7853.0,0.0,28.185135437653905,20.887837240120078,33.098883572567786,19.091411203506205,0.13767629281396912,0.09312737855383926,0.09514215357062905,0.09044101186478622,0.08171032012536378,0.07857622565480188,0.06201029773897471,0.06693530333557197,0.06178643384822028,0.042981867024848894,0.04857846429370943,0.039847772554286995,0.03626595030221625,0.029997761361092456,0.02037161405865234,0.010745466756212223,0.0038056861428251623,0.9325281715857414,0.02307334257141239,0.0,0.0,0.0,0.0,0.0,0.0,0.0,0.0,0.0,0.0,0.0,0.0,0.0,0.0,0.0,0.0,0.0,0.0,0.0,0.0,0.0,0.0,0.0,0.0,0.0,0.060443250503693764,2.2095366017461386,13.183344526527874,12.431161853593018,2.115513767629282,4.147715561662659,2.873281740265594,nan,nan,nan,4.1032571032571035,2.8786516405991622,4.19141689373297,2.8673217398322435,1.0214853196515241,0.4038,0.00947,0.0,0.0,0.0,0.0,0.0,0.0,0.0,0.0,0.0,0.0,0.0,10.362659503022147,19.61719274680994,0.02014775016789792,0.0,0.0,0.0,0.0,0.0,0.0,0.0,0.0,0.0,0.0,0.0,0.0,0.0,0.0,0.0,0.0,nan,nan,4.147715561662659,2.873281740265594,nan,0.4038,0.04422,0.0,0.0,0.0,0.0,0.0,0.0,0.0,0.0,0.0,0.0,0.0,0.0,0.0,0.0,0.0,0.0,0.0,0.0,0.0,0.0,0.0,0.0,0.0,0.0,0.0,0.0,0.0,0.002171479740317887,0.001040967092008059,0.005697336019700023,0.006368927691963286,0.007779270203716141,0.034631743899708974,0.04316095813745243,0.02981867024848892,0.027613610924557868,0.036601746138347886,0.05321244683232595,0.06602865457801657,0.11589433624356392,0.06918513543765391,0.0418177747929259,0.10715245130960376,0.10398477725542869,0.06467427803895232,0.07184911573763152,0.04700022386389075,0.0315648085963734,0.01995746586075666,0.007544213118423998,0.001354376539064249,0.0013991493172151332,0.0009738079247817327,0.0012536377882247593,0.000167897918065816,0.0,0.0,8.954555630176852e-05,1.1193194537721065e-05,0.0,0.0,0.0,0.0,0.0,0.0,0.0,0.0,0.0,0.0,0.0,0.0,0.0,0.0,0.0,0.0,0.0,0.0,0.0,0.0,0.0,0.0,0.0,0.0,0.0,0.0,0.0,0.0,0.0,0.0,0.0,0.0,0.0,0.0,0.0,0.0,0.0,0.0,0.0,0.0,0.0,0.0,nan,nan,4.147715561662659,2.873281740265594,nan,0.9324119421314093,0.022957277401518008,0.0,0.0,0.0,0.0,0.0,0.0,0.0,0.0,0.0,0.0,0.0,0.0,0.0,0.0,0.0,0.0,0.0,0.0,0.0,0.0,0.0,0.0,0.0,0.0,0.0,0.051746442432082804,2.2639068564036227,13.208279430789137,12.457956015523935,2.018111254851229,0.9326536539435608,0.023197341947932586,0.0,0.0,0.0,0.0,0.0,0.0,0.0,0.0,0.0,0.0,0.0,0.0,0.0,0.0,0.0,0.0,0.0,0.0,0.0,0.0,0.0,0.0,0.0,0.0,0.0,0.06983240223463688,2.150837988826816,13.15642458100559,12.402234636871512,2.220670391061453,0.4038,0.00952,0.0,0.0,0.0,0.0,0.0,0.0,0.0,0.0,0.0,0.0,0.0,10.413971539456647,19.5601552393273,0.025873221216041402,0.0,0.0,0.0,0.0,0.0,0.0,0.0,0.0,0.0,0.0,0.0,0.0,0.0,0.0,0.0,0.0,0.4038,0.00941,0.0,0.0,0.0,0.0,0.0,0.0,0.0,0.0,0.0,0.0,0.0,10.307262569832387,19.678770949720676,0.013966480446927377,0.0,0.0,0.0,0.0,0.0,0.0,0.0,0.0,0.0,0.0,0.0,0.0,0.0,0.0,0.0,0.0
12100,4479,2318,0.5175262335342711,1100,894,0.44518865818263004,1244,0.555481134181737,0.39799999999999996,2.979176307265155,3.034588736323955,6.288721804511278,2.184898756634414,9429.837105393663,1522.5094118389081,7853.0,10921.366793990135,10899.873768359885,7.162885807904658,7853.0,0.0,28.324402768475107,21.20225296689914,33.3375,19.45069265640249,0.13797722705961152,0.10404108059834785,0.0884125920964501,0.08372404554588078,0.08260772493860237,0.07412368832328645,0.06876534940835008,0.05670908684974325,0.05938825630721143,0.058941728064300064,0.041527126590756865,0.04041080598347845,0.03393614646126367,0.02902433578923867,0.02254967626702389,0.011609734315695468,0.006251395400759098,0.9346401419696011,0.023549984536029297,0.0,0.0,0.0,0.0,0.0,0.0,0.0,0.0,0.0,0.0,0.0,0.0,0.0,0.0,0.0,0.0,0.0,0.0,0.0,0.0,0.0,0.0,0.0,0.0,0.0,0.06028131279303417,2.109845947756196,12.103148024112528,13.181513730743474,2.545210984594776,4.164496230294723,2.8328486481182664,nan,nan,nan,4.1470994475138125,2.799179513971221,4.181075561606535,2.8664194951186692,1.0081927415830578,0.4038,0.00964,0.0,0.0,0.0,0.0,0.0,0.0,0.0,0.0,0.0,0.0,0.0,10.2009377093101,19.79906229068989,0.0,0.0,0.0,0.0,0.0,0.0,0.0,0.0,0.0,0.0,0.0,0.0,0.0,0.0,0.0,0.0,0.0,nan,nan,4.164496230294723,2.8328486481182664,nan,0.4038,0.04413,0.0,0.0,0.0,0.0,0.0,0.0,0.0,0.0,0.0,0.0,0.0,0.0,0.0,0.0,0.0,0.0,0.0,0.0,0.0,0.0,0.0,0.0,0.0,0.0,1.1163206072784103e-05,1.1163206072784103e-05,0.0,0.0029470864032150033,0.0007814244250948872,0.005068095557043983,0.005458807769591427,0.00827193569993302,0.03650368385800402,0.04176155391828533,0.030966733645903105,0.02578700602813128,0.034672918062067425,0.05036838580040188,0.0683969636079482,0.11683411475775843,0.06893279749944184,0.041549453002902435,0.11154275507925876,0.1051239115874079,0.06417727171243581,0.07103148024112525,0.0451551685644117,0.031848626925653045,0.02018307657959366,0.007032819825853985,0.0014958696137530698,0.0014623799955347176,0.0012837686983701718,0.001172136637642331,5.581603036392052e-05,0.0,0.0,0.00011163206072784104,0.0,0.0,0.0,0.0,0.0,0.0,0.0,0.0,0.0,0.0,0.0,0.0,0.0,0.0,0.0,0.0,0.0,0.0,0.0,0.0,0.0,0.0,0.0,0.0,0.0,0.0,0.0,0.0,0.0,0.0,0.0,0.0,0.0,0.0,0.0,0.0,0.0,0.0,0.0,0.0,0.0,0.0,0.0,nan,nan,4.164496230294723,2.8328486481182664,nan,0.9348442587644711,0.023672495524184812,0.0,0.0,0.0,0.0,0.0,0.0,0.0,0.0,0.0,0.0,0.0,0.0,0.0,0.0,0.0,0.0,0.0,0.0,0.0,0.0,0.0,0.0,0.0,0.0,0.0,0.02588438308886972,2.2778257118205354,11.699741156169114,13.602243313201038,2.394305435720449,0.9344211957731604,0.023415882684395924,0.0,0.0,0.0,0.0,0.0,0.0,0.0,0.0,0.0,0.0,0.0,0.0,0.0,0.0,0.0,0.0,0.0,0.0,0.0,0.0,0.0,0.0,0.0,0.0,0.0,0.09717723276260994,1.9296621934289684,12.535863026376681,12.7302174919019,2.7070800555298478,0.404,0.009705,0.0,0.0,0.0,0.0,0.0,0.0,0.0,0.0,0.0,0.0,0.0,9.952545297670392,20.0474547023296,0.0,0.0,0.0,0.0,0.0,0.0,0.0,0.0,0.0,0.0,0.0,0.0,0.0,0.0,0.0,0.0,0.0,0.4038,0.00958,0.0,0.0,0.0,0.0,0.0,0.0,0.0,0.0,0.0,0.0,0.0,10.467376214715394,19.532623785284592,0.0,0.0,0.0,0.0,0.0,0.0,0.0,0.0,0.0,0.0,0.0,0.0,0.0,0.0,0.0,0.0,0.0
12200,4383,2228,0.5083276294775269,1002,921,0.43874058863791926,1222,0.5576089436459046,0.43,3.0269141531322505,3.1399261802189367,6.698175787728027,2.11331873488943,9401.804386931632,1523.228082354673,7853.0,10922.701105475426,10899.862490090369,6.988857890583552,7853.0,0.0,27.191193246634725,20.767136611785183,32.14445658110322,19.141647560904353,0.14214008669860825,0.10974218571754506,0.09673739447866758,0.08898015058179329,0.08167921514944103,0.07415012548482774,0.06479580196212639,0.06365503080082136,0.053388090349075976,0.053616244581336986,0.04357745836185261,0.03924252794889345,0.030116358658453114,0.024412502851927902,0.014373716632443531,0.012320328542094456,0.0070727812000912615,0.9346412624802569,0.02317432658017296,0.0,0.0,0.0,0.0,0.0,0.0,0.0,0.0,0.0,0.0,0.0,0.0,0.0,0.0,0.0,0.0,0.0,0.0,0.0,0.0,0.0,0.0,0.0,0.0,0.0,0.047912388774811784,1.9986310746064344,12.231348391512666,13.13483915126626,2.587268993839836,4.471718636693256,2.9677560208021276,nan,nan,nan,4.60192023633678,2.976078309276071,4.343549536707056,2.9537186925929584,0.9438558935486043,0.4043,0.0097,0.0,0.0,0.0,0.0,0.0,0.0,0.0,0.0,0.0,0.0,0.0,9.952087611225174,20.013689253935663,0.03422313483915127,0.0,0.0,0.0,0.0,0.0,0.0,0.0,0.0,0.0,0.0,0.0,0.0,0.0,0.0,0.0,0.0,nan,nan,4.471718636693256,2.9677560208021276,nan,0.4043,0.04416,0.0,0.0,0.0,0.0,0.0,0.0,0.0,0.0,0.0,0.0,0.0,0.0,0.0,0.0,0.0,0.0,0.0,0.0,0.0,0.0,0.0,0.0,0.0,0.0,0.0,0.0,3.4223134839151266e-05,0.003650467716176135,0.001243440565822496,0.004369153547798312,0.00458590006844627,0.007278120009126169,0.03685831622176591,0.04140999315537303,0.031793292265571524,0.02645448323066393,0.033880903490759756,0.049269906456764774,0.06544604152407027,0.11411133926534338,0.07099018936801278,0.040177960301163586,0.11422541638147388,0.10321697467488022,0.06678074378279718,0.0757015742642026,0.04511749942961442,0.031177275838466804,0.01948437143509012,0.006354095368469085,0.0018138261464750172,0.0013347022587268994,0.0015058179329226558,0.0014715947980835043,0.00014830025096965548,0.0,0.0,0.00011407711613050422,0.0,0.0,0.0,0.0,0.0,0.0,0.0,0.0,0.0,0.0,0.0,0.0,0.0,0.0,0.0,0.0,0.0,0.0,0.0,0.0,0.0,0.0,0.0,0.0,0.0,0.0,0.0,0.0,0.0,0.0,0.0,0.0,0.0,0.0,0.0,0.0,0.0,0.0,0.0,0.0,0.0,0.0,0.0,nan,nan,4.471718636693256,2.9677560208021276,nan,0.9344890232681158,0.02341875018439372,0.0,0.0,0.0,0.0,0.0,0.0,0.0,0.0,0.0,0.0,0.0,0.0,0.0,0.0,0.0,0.0,0.0,0.0,0.0,0.0,0.0,0.0,0.0,0.0,0.0,0.05385996409335728,2.1274685816876127,12.253141831238782,12.980251346499106,2.5852782764811493,0.9347986587515563,0.022917819461167215,0.0,0.0,0.0,0.0,0.0,0.0,0.0,0.0,0.0,0.0,0.0,0.0,0.0,0.0,0.0,0.0,0.0,0.0,0.0,0.0,0.0,0.0,0.0,0.0,0.0,0.04176334106728539,1.8654292343387475,12.20881670533643,13.29466357308585,2.5893271461716942,0.4043,0.00956,0.0,0.0,0.0,0.0,0.0,0.0,0.0,0.0,0.0,0.0,0.0,9.829443447037688,20.116696588868944,0.05385996409335728,0.0,0.0,0.0,0.0,0.0,0.0,0.0,0.0,0.0,0.0,0.0,0.0,0.0,0.0,0.0,0.0,0.4043,0.009834,0.0,0.0,0.0,0.0,0.0,0.0,0.0,0.0,0.0,0.0,0.0,10.078886310904856,19.907192575406036,0.01392111368909513,0.0,0.0,0.0,0.0,0.0,0.0,0.0,0.0,0.0,0.0,0.0,0.0,0.0,0.0,0.0,0.0
12300,4505,2324,0.5158712541620422,1071,931,0.4443951165371809,1257,0.5580466148723641,0.422,2.9362677670793214,3.0694349798709233,6.548657718120805,2.0972932884736633,9424.758318268512,1522.6418937405354,7853.0,10923.18426835537,10899.803452581604,6.8032787663564935,7853.0,0.0,27.818645948945615,21.04469549262765,32.80746822033898,19.338730605421723,0.14339622641509434,0.10011098779134295,0.09278579356270811,0.08657047724750278,0.08479467258601554,0.07458379578246394,0.06481687014428412,0.06592674805771365,0.05504994450610433,0.04661487236403995,0.049944506104328525,0.03951165371809101,0.033518312985571584,0.02685904550499445,0.017314095449500556,0.0097669256381798,0.008435072142064372,0.933918409329011,0.023186908685532026,0.0,0.0,0.0,0.0,0.0,0.0,0.0,0.0,0.0,0.0,0.0,0.0,0.0,0.0,0.0,0.0,0.0,0.0,0.0,0.0,0.0,0.0,0.0,0.0,0.0,0.053274139844617104,2.0577136514983354,12.725860155382911,12.67924528301887,2.483906770255272,4.289119170984456,2.8514764380913245,nan,nan,nan,4.418055555555555,2.844381713175451,4.160247592847318,2.8533219027873664,0.9416467358849636,0.4048,0.009605,0.0,0.0,0.0,0.0,0.0,0.0,0.0,0.0,0.0,0.0,0.0,9.10987791342951,20.863485016648173,0.026637069922308552,0.0,0.0,0.0,0.0,0.0,0.0,0.0,0.0,0.0,0.0,0.0,0.0,0.0,0.0,0.0,0.0,nan,nan,4.289119170984456,2.8514764380913245,nan,0.4048,0.04398,0.0,0.0,0.0,0.0,0.0,0.0,0.0,0.0,0.0,0.0,0.0,0.0,0.0,0.0,0.0,0.0,0.0,0.0,0.0,0.0,0.0,0.0,0.0,0.0,0.0,0.0,2.2197558268590455e-05,0.00341842397336293,0.0009877913429522753,0.003851276359600444,0.0044950055493895675,0.0060821309655937844,0.03948945615982242,0.039589345172031075,0.03207547169811321,0.027735849056603774,0.031875693673695894,0.0483795782463929,0.06295227524972254,0.11182019977802442,0.06990011098779134,0.040876803551609324,0.1183573806881243,0.10257491675915649,0.07071032186459489,0.07569367369589346,0.04623751387347392,0.0304661487236404,0.02088790233074362,0.005715871254162042,0.0017425083240843508,0.0010876803551609323,0.0012541620421753607,0.0014317425083240844,0.00022197558268590456,0.0,0.0,6.659267480577136e-05,0.0,0.0,0.0,0.0,0.0,0.0,0.0,0.0,0.0,0.0,0.0,0.0,0.0,0.0,0.0,0.0,0.0,0.0,0.0,0.0,0.0,0.0,0.0,0.0,0.0,0.0,0.0,0.0,0.0,0.0,0.0,0.0,0.0,0.0,0.0,0.0,0.0,0.0,0.0,0.0,0.0,0.0,0.0,nan,nan,4.289119170984456,2.8514764380913245,nan,0.9339301412517971,0.02312213526066049,0.0,0.0,0.0,0.0,0.0,0.0,0.0,0.0,0.0,0.0,0.0,0.0,0.0,0.0,0.0,0.0,0.0,0.0,0.0,0.0,0.0,0.0,0.0,0.0,0.0,0.051635111876075744,2.194492254733219,12.715146299483653,12.534423407917387,2.5043029259896734,0.9339059081879957,0.023255724006397246,0.0,0.0,0.0,0.0,0.0,0.0,0.0,0.0,0.0,0.0,0.0,0.0,0.0,0.0,0.0,0.0,0.0,0.0,0.0,0.0,0.0,0.0,0.0,0.0,0.0,0.05502063273727649,1.911966987620358,12.737276478679508,12.833562585969743,2.4621733149931226,0.4048,0.00955,0.0,0.0,0.0,0.0,0.0,0.0,0.0,0.0,0.0,0.0,0.0,9.17814113597245,20.808950086058523,0.012908777969018936,0.0,0.0,0.0,0.0,0.0,0.0,0.0,0.0,0.0,0.0,0.0,0.0,0.0,0.0,0.0,0.0,0.405,0.00965,0.0,0.0,0.0,0.0,0.0,0.0,0.0,0.0,0.0,0.0,0.0,9.037138927097649,20.921595598349384,0.041265474552957364,0.0,0.0,0.0,0.0,0.0,0.0,0.0,0.0,0.0,0.0,0.0,0.0,0.0,0.0,0.0,0.0
12400,4815,2498,0.5187954309449636,1183,1000,0.4533748701973001,1375,0.5711318795430945,0.39799999999999996,2.9943892965041004,3.1079642818190205,6.696048632218845,2.098345609166242,9433.591868815689,1522.2601815070195,7853.0,10922.524773478508,10899.65726515114,6.9439631480134665,7853.0,0.0,28.061266874350988,20.751663853881187,32.98295033358043,18.969874701106747,0.136656282450675,0.10010384215991693,0.08992731048805815,0.08805815160955348,0.0814122533748702,0.07601246105919003,0.06998961578400831,0.06375908618899273,0.06064382139148494,0.05482866043613707,0.044859813084112146,0.04299065420560748,0.027206645898234683,0.02762201453790239,0.019314641744548288,0.011630321910695742,0.004984423676012461,0.9335898398981659,0.023129723630286286,0.0,0.0,0.0,0.0,0.0,0.0,0.0,0.0,0.0,0.0,0.0,0.0,0.0,0.0,0.0,0.0,0.0,0.0,0.0,0.0,0.0,0.0,0.0,0.0,0.0,0.043613707165109046,2.199376947040499,12.529595015576326,13.065420560747667,2.1619937694704054,4.223570744171191,2.8576076679391513,nan,nan,nan,4.217005076142132,2.8585281017691035,4.23037323037323,2.8575721151910796,1.0031700588426438,0.405,0.00947,0.0,0.0,0.0,0.0,0.0,0.0,0.0,0.0,0.0,0.0,0.0,9.052959501557618,20.92211838006231,0.02492211838006231,0.0,0.0,0.0,0.0,0.0,0.0,0.0,0.0,0.0,0.0,0.0,0.0,0.0,0.0,0.0,0.0,nan,nan,4.223570744171191,2.8576076679391513,nan,0.405,0.04398,0.0,0.0,0.0,0.0,0.0,0.0,0.0,0.0,0.0,0.0,0.0,0.0,0.0,0.0,0.0,0.0,0.0,0.0,0.0,0.0,0.0,0.0,0.0,0.0,0.0,0.0,0.0,0.0033125649013499483,0.0007995846313603323,0.004319833852544133,0.004994807892004154,0.006064382139148494,0.037258566978193144,0.03875389408099689,0.030425752855659398,0.02857736240913811,0.032741433021806855,0.04738317757009346,0.06390446521287643,0.1147767393561786,0.06931464174454828,0.039948078920041534,0.11853582554517134,0.1012772585669782,0.07022845275181724,0.07590861889927311,0.047009345794392525,0.030664589823468327,0.021692627206645897,0.005576323987538941,0.0018795430944963656,0.001256490134994808,0.0011630321910695743,0.001869158878504673,0.00036344755970924193,0.0,0.0,0.0,0.0,0.0,0.0,0.0,0.0,0.0,0.0,0.0,0.0,0.0,0.0,0.0,0.0,0.0,0.0,0.0,0.0,0.0,0.0,0.0,0.0,0.0,0.0,0.0,0.0,0.0,0.0,0.0,0.0,0.0,0.0,0.0,0.0,0.0,0.0,0.0,0.0,0.0,0.0,0.0,0.0,0.0,0.0,nan,nan,4.223570744171191,2.8576076679391513,nan,0.9330306358581738,0.02335208011946457,0.0,0.0,0.0,0.0,0.0,0.0,0.0,0.0,0.0,0.0,0.0,0.0,0.0,0.0,0.0,0.0,0.0,0.0,0.0,0.0,0.0,0.0,0.0,0.0,0.0,0.060048038430744605,2.305844675740593,12.610088070456367,12.910328262610092,2.11369095276221,0.9341927279827149,0.022872266599303366,0.0,0.0,0.0,0.0,0.0,0.0,0.0,0.0,0.0,0.0,0.0,0.0,0.0,0.0,0.0,0.0,0.0,0.0,0.0,0.0,0.0,0.0,0.0,0.0,0.0,0.025895554596460948,2.084592145015106,12.442813983599486,13.232628398791544,2.214069917997411,0.405,0.009384,0.0,0.0,0.0,0.0,0.0,0.0,0.0,0.0,0.0,0.0,0.0,8.947157726180931,21.028823058446765,0.024019215372297845,0.0,0.0,0.0,0.0,0.0,0.0,0.0,0.0,0.0,0.0,0.0,0.0,0.0,0.0,0.0,0.0,0.4053,0.00956,0.0,0.0,0.0,0.0,0.0,0.0,0.0,0.0,0.0,0.0,0.0,9.16702632714716,20.80707811825637,0.025895554596460948,0.0,0.0,0.0,0.0,0.0,0.0,0.0,0.0,0.0,0.0,0.0,0.0,0.0,0.0,0.0,0.0
12500,4618,2446,0.5296665223040277,1133,945,0.44997834560415767,1275,0.5521870939800779,0.422,3.0589318600368323,3.145962415869021,6.74959871589085,2.0408891618393388,9466.807715027273,1520.7436248440947,7853.0,10925.65654861927,10899.837296809463,7.136743431641183,7853.0,0.0,28.03464703334777,20.95614249541521,33.14618973561431,19.13835704727355,0.14356864443482026,0.09333044608055435,0.09008228670420096,0.08791684711996535,0.08293633607622347,0.07384148982243395,0.07773928107405803,0.058250324815937636,0.05976613252490256,0.047206582936336075,0.04742312689475964,0.04287570376786488,0.03269813772195756,0.025768731052403637,0.018189692507579038,0.01061065396275444,0.007795582503248159,0.9340160933858442,0.023372676106631508,0.0,0.0,0.0,0.0,0.0,0.0,0.0,0.0,0.0,0.0,0.0,0.0,0.0,0.0,0.0,0.0,0.0,0.0,0.0,0.0,0.0,0.0,0.0,0.0,0.0,0.032481593763534,2.1242962321351238,12.537895192724125,12.888696405370293,2.4166305760069298,4.2156666666666665,2.9512406242497784,nan,nan,nan,4.26392572944297,2.9794786140296443,4.166890080428955,2.921612675100248,0.9772426502778949,0.4048,0.00961,0.0,0.0,0.0,0.0,0.0,0.0,0.0,0.0,0.0,0.0,0.006496318752706801,9.244261585101762,20.703767864876575,0.04547423126894761,0.0,0.0,0.0,0.0,0.0,0.0,0.0,0.0,0.0,0.0,0.0,0.0,0.0,0.0,0.0,0.0,nan,nan,4.2156666666666665,2.9512406242497784,nan,0.4048,0.04425,0.0,0.0,0.0,0.0,0.0,0.0,0.0,0.0,0.0,0.0,0.0,0.0,0.0,0.0,0.0,0.0,0.0,0.0,0.0,0.0,0.0,0.0,0.0,0.0,0.0,3.2481593763533996e-05,3.2481593763533996e-05,0.0035946297098310956,0.0005521870939800779,0.0043308791684712,0.005229536595928974,0.00617150281507146,0.03815504547423127,0.040331312256388044,0.030326981377219574,0.02915764400173235,0.03451710697271546,0.044683845820701604,0.06304677349501948,0.11331745344304894,0.07093980077955825,0.041316587267215245,0.1209614551754006,0.09979428323949761,0.06646816803811173,0.07444781290601993,0.04746643568644435,0.03013209181463837,0.021600259852750107,0.005532698137721958,0.002468601126028584,0.001277609354699004,0.0019055868341273279,0.0019055868341273279,0.000303161541792984,0.0,0.0,0.0,0.0,0.0,0.0,0.0,0.0,0.0,0.0,0.0,0.0,0.0,0.0,0.0,0.0,0.0,0.0,0.0,0.0,0.0,0.0,0.0,0.0,0.0,0.0,0.0,0.0,0.0,0.0,0.0,0.0,0.0,0.0,0.0,0.0,0.0,0.0,0.0,0.0,0.0,0.0,0.0,0.0,0.0,0.0,nan,nan,4.2156666666666665,2.9512406242497784,nan,0.9338082189162248,0.023699497590329008,0.0,0.0,0.0,0.0,0.0,0.0,0.0,0.0,0.0,0.0,0.0,0.0,0.0,0.0,0.0,0.0,0.0,0.0,0.0,0.0,0.0,0.0,0.0,0.0,0.0,0.036794766966475885,2.085036794766967,13.025347506132464,12.264922322158629,2.587898609975471,0.9342501914303606,0.022996817034533875,0.0,0.0,0.0,0.0,0.0,0.0,0.0,0.0,0.0,0.0,0.0,0.0,0.0,0.0,0.0,0.0,0.0,0.0,0.0,0.0,0.0,0.0,0.0,0.0,0.0,0.0276243093922652,2.168508287292818,11.988950276243097,13.591160220994478,2.2237569060773485,0.405,0.00965,0.0,0.0,0.0,0.0,0.0,0.0,0.0,0.0,0.0,0.0,0.012264922322158629,9.186426819296798,20.73998364677024,0.061324611610793146,0.0,0.0,0.0,0.0,0.0,0.0,0.0,0.0,0.0,0.0,0.0,0.0,0.0,0.0,0.0,0.0,0.4048,0.00957,0.0,0.0,0.0,0.0,0.0,0.0,0.0,0.0,0.0,0.0,0.0,9.309392265193356,20.662983425414367,0.0276243093922652,0.0,0.0,0.0,0.0,0.0,0.0,0.0,0.0,0.0,0.0,0.0,0.0,0.0,0.0,0.0,0.0
12600,4550,2291,0.5035164835164835,1039,964,0.4402197802197802,1289,0.5665934065934066,0.422,2.8610004426737494,3.09065865692068,6.639123102866779,2.134899259114057,9387.048813122656,1523.3057566537327,7853.0,10923.876982331276,10899.670493106974,7.037219049013807,7853.0,0.0,27.652967032967034,20.875891952754714,32.56544502617801,19.185158958903404,0.1402197802197802,0.10351648351648352,0.09362637362637363,0.09076923076923077,0.08153846153846153,0.07736263736263736,0.06373626373626373,0.06351648351648352,0.052967032967032965,0.053626373626373625,0.03868131868131868,0.047472527472527476,0.03296703296703297,0.023296703296703296,0.021538461538461538,0.010769230769230769,0.004395604395604396,0.9337189700708285,0.02329608610854183,0.0,0.0,0.0,0.0,0.0,0.0,0.0,0.0,0.0,0.0,0.0,0.0,0.0,0.0,0.0,0.0,0.0,0.0,0.0,0.0,0.0,0.0,0.0,0.0,0.0,0.032967032967032975,2.248351648351649,12.35604395604396,13.021978021978025,2.3406593406593412,4.298203178991016,2.884894449299204,nan,nan,nan,4.327586206896552,2.8692659822768487,4.268698060941828,2.9002035882729236,0.98639238061604,0.4045,0.00923,0.0,0.0,0.0,0.0,0.0,0.0,0.0,0.0,0.0,0.0,0.006593406593406595,9.309890109890096,20.66373626373627,0.019780219780219783,0.0,0.0,0.0,0.0,0.0,0.0,0.0,0.0,0.0,0.0,0.0,0.0,0.0,0.0,0.0,0.0,nan,nan,4.298203178991016,2.884894449299204,nan,0.4045,0.04434,0.0,0.0,0.0,0.0,0.0,0.0,0.0,0.0,0.0,0.0,0.0,0.0,0.0,0.0,0.0,0.0,0.0,0.0,0.0,0.0,0.0,0.0,0.0,0.0,0.0,0.0,5.4945054945054945e-05,0.003384615384615385,0.00043956043956043956,0.003747252747252747,0.005153846153846154,0.006956043956043956,0.03973626373626374,0.039857142857142855,0.0290989010989011,0.03035164835164835,0.036065934065934065,0.04489010989010989,0.06375824175824175,0.11657142857142858,0.07138461538461538,0.04020879120879121,0.12067032967032967,0.0957912087912088,0.06536263736263737,0.07384615384615385,0.04724175824175824,0.02897802197802198,0.022648351648351647,0.005054945054945055,0.003164835164835165,0.0011868131868131868,0.0019010989010989012,0.002098901098901099,0.0003846153846153846,1.0989010989010989e-05,0.0,0.0,0.0,0.0,0.0,0.0,0.0,0.0,0.0,0.0,0.0,0.0,0.0,0.0,0.0,0.0,0.0,0.0,0.0,0.0,0.0,0.0,0.0,0.0,0.0,0.0,0.0,0.0,0.0,0.0,0.0,0.0,0.0,0.0,0.0,0.0,0.0,0.0,0.0,0.0,0.0,0.0,0.0,0.0,0.0,nan,nan,4.298203178991016,2.884894449299204,nan,0.9337686752450878,0.023428149126686098,0.0,0.0,0.0,0.0,0.0,0.0,0.0,0.0,0.0,0.0,0.0,0.0,0.0,0.0,0.0,0.0,0.0,0.0,0.0,0.0,0.0,0.0,0.0,0.0,0.0,0.013094718463553036,2.2261021388040163,12.439982540375386,12.859013531209083,2.461807071147971,0.9336685607949418,0.02316127432913774,0.0,0.0,0.0,0.0,0.0,0.0,0.0,0.0,0.0,0.0,0.0,0.0,0.0,0.0,0.0,0.0,0.0,0.0,0.0,0.0,0.0,0.0,0.0,0.0,0.0,0.05312084993359895,2.270916334661355,12.270916334661358,13.187250996015939,2.217795484727756,0.4043,0.009125,0.0,0.0,0.0,0.0,0.0,0.0,0.0,0.0,0.0,0.0,0.013094718463553036,9.271060672195535,20.70274989087735,0.013094718463553036,0.0,0.0,0.0,0.0,0.0,0.0,0.0,0.0,0.0,0.0,0.0,0.0,0.0,0.0,0.0,0.0,0.4045,0.00933,0.0,0.0,0.0,0.0,0.0,0.0,0.0,0.0,0.0,0.0,0.0,9.3492695883134,20.624169986719792,0.026560424966799476,0.0,0.0,0.0,0.0,0.0,0.0,0.0,0.0,0.0,0.0,0.0,0.0,0.0,0.0,0.0,0.0
12700,4711,2457,0.5215453194650818,1147,924,0.43960942475058373,1293,0.5489280407556782,0.41,2.9911268855368234,3.0872999245593227,6.490825688073395,2.2276566293529996,9441.916736563815,1521.8708005571284,7853.0,10923.468182682991,10899.555452157969,6.809335441083658,7853.0,0.0,28.462534493738058,21.162184853781966,33.34909456740443,19.416432506845016,0.13585226066652514,0.09870515814052218,0.09573338993844195,0.08172362555720654,0.07429420505200594,0.08002547229887497,0.06919974527701125,0.06134578645722776,0.06049670982806198,0.05455317342390151,0.04542559966036935,0.04202929314370622,0.03311398853746551,0.02759499044788792,0.019316493313521546,0.010825727021863723,0.009764381235406495,0.9331235919275043,0.023105773619368296,0.0,0.0,0.0,0.0,0.0,0.0,0.0,0.0,0.0,0.0,0.0,0.0,0.0,0.0,0.0,0.0,0.0,0.0,0.0,0.0,0.0,0.0,0.0,0.0,0.0,0.050944597749946946,2.2224580768414355,12.939927828486525,12.697940989174276,2.088728507747825,4.246629398224268,2.866939995241321,nan,nan,nan,4.278185456971314,2.9472793239252817,4.215444516547696,2.7871113881598792,0.9853346842827065,0.4045,0.00944,0.0,0.0,0.0,0.0,0.0,0.0,0.0,0.0,0.0,0.0,0.0,9.596688601146239,20.371471025260032,0.03184037359371684,0.0,0.0,0.0,0.0,0.0,0.0,0.0,0.0,0.0,0.0,0.0,0.0,0.0,0.0,0.0,0.0,nan,nan,4.246629398224268,2.866939995241321,nan,0.4045,0.0442,0.0,0.0,0.0,0.0,0.0,0.0,0.0,0.0,0.0,0.0,0.0,0.0,0.0,0.0,0.0,0.0,0.0,0.0,0.0,0.0,0.0,0.0,0.0,0.0,0.0,0.0,0.00024410953088516239,0.0030036085756739547,0.00022288261515601782,0.0037996179155168753,0.0048291233283803865,0.006835066864784547,0.038834642326469965,0.04057524941625982,0.029229462959032053,0.03266822330715347,0.03397367862449586,0.04772872001698153,0.06066652515389514,0.11975164508596901,0.07180004245383145,0.038739121205688815,0.11740607089789853,0.09606240713224369,0.06631288473784759,0.07789216726809595,0.04625344937380599,0.027934621099554236,0.021831882827425174,0.0055083846317130125,0.0026852048397367862,0.0011780938229675228,0.0017724474633835704,0.0018785820420292932,0.00024410953088516239,0.00010613457864572278,0.0,0.0,0.0,0.0,0.0,3.1840373593716835e-05,0.0,0.0,0.0,0.0,0.0,0.0,0.0,0.0,0.0,0.0,0.0,0.0,0.0,0.0,0.0,0.0,0.0,0.0,0.0,0.0,0.0,0.0,0.0,0.0,0.0,0.0,0.0,0.0,0.0,0.0,0.0,0.0,0.0,0.0,0.0,0.0,0.0,0.0,0.0,nan,nan,4.246629398224268,2.866939995241321,nan,0.9332206925581178,0.023071753458578852,0.0,0.0,0.0,0.0,0.0,0.0,0.0,0.0,0.0,0.0,0.0,0.0,0.0,0.0,0.0,0.0,0.0,0.0,0.0,0.0,0.0,0.0,0.0,0.0,0.0,0.012210012210012213,2.197802197802198,13.040293040293044,12.710622710622713,2.0390720390720394,0.9330177462090405,0.023142336637419457,0.0,0.0,0.0,0.0,0.0,0.0,0.0,0.0,0.0,0.0,0.0,0.0,0.0,0.0,0.0,0.0,0.0,0.0,0.0,0.0,0.0,0.0,0.0,0.0,0.0,0.09316770186335406,2.2493345164152623,12.830523513753331,12.684117125110918,2.1428571428571432,0.4045,0.00936,0.0,0.0,0.0,0.0,0.0,0.0,0.0,0.0,0.0,0.0,0.0,9.35286935286934,20.622710622710628,0.024420024420024427,0.0,0.0,0.0,0.0,0.0,0.0,0.0,0.0,0.0,0.0,0.0,0.0,0.0,0.0,0.0,0.0,0.4043,0.00952,0.0,0.0,0.0,0.0,0.0,0.0,0.0,0.0,0.0,0.0,0.0,9.862466725820749,20.097604259094947,0.03992901508429459,0.0,0.0,0.0,0.0,0.0,0.0,0.0,0.0,0.0,0.0,0.0,0.0,0.0,0.0,0.0,0.0
12800,4640,2405,0.5183189655172413,1161,940,0.452801724137931,1307,0.5633620689655172,0.418,3.0299776286353466,3.1329233511740653,6.681962025316456,2.0764938069263517,9432.02038600477,1522.1984845223012,7853.0,10924.37579715252,10899.42602538966,6.918149280807535,7853.0,0.0,27.885129310344826,20.729506778415697,32.57150127226463,19.059344900234105,0.13469827586206898,0.09461206896551724,0.1021551724137931,0.09224137931034483,0.07995689655172414,0.07327586206896551,0.07025862068965517,0.06573275862068965,0.05668103448275862,0.05,0.047629310344827584,0.041163793103448275,0.034482758620689655,0.02327586206896552,0.015086206896551725,0.0125,0.00625,0.9328004254220889,0.023227166332493145,0.0,0.0,0.0,0.0,0.0,0.0,0.0,0.0,0.0,0.0,0.0,0.0,0.0,0.0,0.0,0.0,0.0,0.0,0.0,0.0,0.0,0.0,0.0,0.0,0.0,0.051724137931034496,2.3017241379310347,12.892241379310349,12.459051724137934,2.2952586206896557,4.24800796812749,2.9513394244550866,nan,nan,nan,4.313197636244254,2.9670553446022354,4.181329751511082,2.9336793950961235,0.969426885606847,0.4045,0.00948,0.0,0.0,0.0,0.0,0.0,0.0,0.0,0.0,0.0,0.0,0.0,9.834051724137916,20.146551724137936,0.019396551724137935,0.0,0.0,0.0,0.0,0.0,0.0,0.0,0.0,0.0,0.0,0.0,0.0,0.0,0.0,0.0,0.0,nan,nan,4.24800796812749,2.9513394244550866,nan,0.4045,0.04413,0.0,0.0,0.0,0.0,0.0,0.0,0.0,0.0,0.0,0.0,0.0,0.0,0.0,0.0,0.0,0.0,0.0,0.0,0.0,0.0,0.0,0.0,0.0,0.0,0.0,0.0,0.0003232758620689655,0.0030064655172413793,0.0002586206896551724,0.0037392241379310344,0.0035991379310344827,0.007790948275862069,0.037747844827586204,0.04019396551724138,0.029267241379310346,0.03616379310344828,0.031928879310344827,0.04824353448275862,0.05953663793103448,0.11914870689655173,0.07607758620689656,0.03657327586206897,0.11573275862068966,0.09408405172413793,0.07076508620689655,0.07543103448275862,0.04607758620689655,0.029213362068965517,0.02195043103448276,0.005366379310344827,0.002758620689655172,0.0015948275862068967,0.0017025862068965518,0.0014224137931034483,0.00011853448275862069,0.0001831896551724138,0.0,0.0,0.0,0.0,0.0,0.0,0.0,0.0,0.0,0.0,0.0,0.0,0.0,0.0,0.0,0.0,0.0,0.0,0.0,0.0,0.0,0.0,0.0,0.0,0.0,0.0,0.0,0.0,0.0,0.0,0.0,0.0,0.0,0.0,0.0,0.0,0.0,0.0,0.0,0.0,0.0,0.0,0.0,0.0,0.0,nan,nan,4.24800796812749,2.9513394244550866,nan,0.9327425707650532,0.023089817967900546,0.0,0.0,0.0,0.0,0.0,0.0,0.0,0.0,0.0,0.0,0.0,0.0,0.0,0.0,0.0,0.0,0.0,0.0,0.0,0.0,0.0,0.0,0.0,0.0,0.0,0.06237006237006238,2.3700623700623704,12.561330561330564,12.773388773388776,2.2328482328482333,0.9328626806570646,0.023373900350966603,0.0,0.0,0.0,0.0,0.0,0.0,0.0,0.0,0.0,0.0,0.0,0.0,0.0,0.0,0.0,0.0,0.0,0.0,0.0,0.0,0.0,0.0,0.0,0.0,0.0,0.04026845637583893,2.2281879194630876,13.24832214765101,12.12080536912752,2.362416107382551,0.4045,0.00953,0.0,0.0,0.0,0.0,0.0,0.0,0.0,0.0,0.0,0.0,0.0,9.929313929313915,20.05821205821206,0.012474012474012476,0.0,0.0,0.0,0.0,0.0,0.0,0.0,0.0,0.0,0.0,0.0,0.0,0.0,0.0,0.0,0.0,0.4045,0.009445,0.0,0.0,0.0,0.0,0.0,0.0,0.0,0.0,0.0,0.0,0.0,9.73154362416106,20.241610738255037,0.026845637583892624,0.0,0.0,0.0,0.0,0.0,0.0,0.0,0.0,0.0,0.0,0.0,0.0,0.0,0.0,0.0,0.0
12900,4598,2408,0.5237059591126577,1089,925,0.4380165289256198,1283,0.5580687255328404,0.426,3.0689497716894976,3.1556710265194154,6.654320987654321,2.122981212893854,9448.356833704778,1521.4372346586586,7853.0,10926.244883298874,10899.28352216552,6.971268088074847,7853.0,0.0,28.169204001739885,20.978045024515446,33.03044375644995,19.260318208467343,0.13549369290996086,0.10200086994345367,0.09808612440191387,0.0830795998260113,0.08046976946498477,0.07372770769899957,0.06720313179643324,0.05937364071335363,0.05937364071335363,0.05350152240104393,0.048064375815571984,0.042409743366681164,0.03610265332753371,0.028055676381035233,0.015876468029578077,0.0097868638538495,0.007394519356241845,0.9322185419263296,0.0234815136057564,0.0,0.0,0.0,0.0,0.0,0.0,0.0,0.0,0.0,0.0,0.0,0.0,0.0,0.0,0.0,0.0,0.0,0.0,0.0,0.0,0.0,0.0,0.0,0.0,0.0,0.08481948673336236,2.459765115267508,13.04915180513267,12.259678120922143,2.146585471944324,4.285954866958572,2.9219223613234395,nan,nan,nan,4.18535930154466,2.925173943703613,4.387162162162162,2.9151463828018813,1.0482163766783472,0.4043,0.00973,0.0,0.0,0.0,0.0,0.0,0.0,0.0,0.0,0.0,0.0,0.0,9.878207916485414,20.063070900391477,0.05872118312309701,0.0,0.0,0.0,0.0,0.0,0.0,0.0,0.0,0.0,0.0,0.0,0.0,0.0,0.0,0.0,0.0,nan,nan,4.285954866958572,2.9219223613234395,nan,0.4043,0.0443,0.0,0.0,0.0,0.0,0.0,0.0,0.0,0.0,0.0,0.0,0.0,0.0,0.0,0.0,0.0,0.0,0.0,0.0,0.0,0.0,0.0,0.0,0.0,0.0,0.0,0.0,0.0003044802087864289,0.0036972596781209223,0.00032622879512831667,0.004001739886907351,0.003110047846889952,0.007590256633318834,0.0377120487168334,0.03829926054806437,0.0321117877337973,0.0377337973031753,0.03291648542844715,0.04696607220530666,0.0613962592431492,0.11855154414963028,0.07545672031317964,0.03660287081339713,0.1161809482383645,0.09162679425837321,0.06880165289256199,0.0751739886907351,0.04749891257068291,0.02844715093518921,0.022172683775554588,0.005045672031317964,0.0025772074815137015,0.002142235754675946,0.00176163549369291,0.0015985210961287515,0.00010874293170943889,8.699434536755111e-05,0.0,0.0,0.0,0.0,0.0,0.0,0.0,0.0,0.0,0.0,0.0,0.0,0.0,0.0,0.0,0.0,0.0,0.0,0.0,0.0,0.0,0.0,0.0,0.0,0.0,0.0,0.0,0.0,0.0,0.0,0.0,0.0,0.0,0.0,0.0,0.0,0.0,0.0,0.0,0.0,0.0,0.0,0.0,0.0,0.0,nan,nan,4.285954866958572,2.9219223613234395,nan,0.9324105373302172,0.0234111168373403,0.0,0.0,0.0,0.0,0.0,0.0,0.0,0.0,0.0,0.0,0.0,0.0,0.0,0.0,0.0,0.0,0.0,0.0,0.0,0.0,0.0,0.0,0.0,0.0,0.0,0.1121262458471761,2.466777408637874,12.882059800664456,12.446013289036548,2.0930232558139537,0.9320074346511875,0.023556868946712273,0.0,0.0,0.0,0.0,0.0,0.0,0.0,0.0,0.0,0.0,0.0,0.0,0.0,0.0,0.0,0.0,0.0,0.0,0.0,0.0,0.0,0.0,0.0,0.0,0.0,0.054794520547945216,2.4520547945205484,13.232876712328771,12.054794520547949,2.205479452054795,0.4043,0.00969,0.0,0.0,0.0,0.0,0.0,0.0,0.0,0.0,0.0,0.0,0.0,9.879568106312279,20.095514950166116,0.02491694352159469,0.0,0.0,0.0,0.0,0.0,0.0,0.0,0.0,0.0,0.0,0.0,0.0,0.0,0.0,0.0,0.0,0.4043,0.009766,0.0,0.0,0.0,0.0,0.0,0.0,0.0,0.0,0.0,0.0,0.0,9.876712328767109,20.027397260273975,0.09589041095890413,0.0,0.0,0.0,0.0,0.0,0.0,0.0,0.0,0.0,0.0,0.0,0.0,0.0,0.0,0.0,0.0
13000,4644,2419,0.5208871662360034,1113,916,0.4369078380706288,1277,0.5499569336778639,0.418,2.9820224719101125,3.1039866282345767,6.581102362204724,2.1665216610115428,9439.709441124045,1521.763052186295,7853.0,10923.975748062134,10899.167277627146,7.234063454177392,7853.0,0.0,27.815676141257537,21.046113487581326,32.83916623777663,19.34175719816497,0.14125753660637383,0.10615848406546081,0.09259259259259259,0.08333333333333333,0.07838070628768304,0.07751937984496124,0.06912144702842377,0.05792420327304048,0.060723514211886306,0.04931093884582256,0.04844961240310078,0.03509905254091301,0.0359603789836348,0.027777777777777776,0.017011197243755383,0.013350559862187769,0.006029285099052541,0.9323115952434876,0.024027961060249164,0.0,0.0,0.0,0.0,0.0,0.0,0.0,0.0,0.0,0.0,0.0,0.0,0.0,0.0,0.0,0.0,0.0,0.0,0.0,0.0,0.0,0.0,0.0,0.0,0.0,0.10335917312661501,2.5904392764857884,12.894056847545222,12.170542635658919,2.241602067183463,4.252282718971931,2.878194412234606,nan,nan,nan,4.253324468085107,2.8723372703637122,4.251204404679973,2.8842442144229183,0.9995015514520366,0.4038,0.009705,0.0,0.0,0.0,0.0,0.0,0.0,0.0,0.0,0.0,0.0,0.0,10.394056847545205,19.56072351421189,0.04521963824289407,0.0,0.0,0.0,0.0,0.0,0.0,0.0,0.0,0.0,0.0,0.0,0.0,0.0,0.0,0.0,0.0,nan,nan,4.252282718971931,2.878194412234606,nan,0.4038,0.04413,0.0,0.0,0.0,0.0,0.0,0.0,0.0,0.0,0.0,0.0,0.0,0.0,0.0,0.0,0.0,0.0,0.0,0.0,0.0,0.0,0.0,0.0,0.0,0.0,0.0,0.0,0.0001937984496124031,0.004274332472006891,0.0004198966408268734,0.004112833763996555,0.002950043066322136,0.00787037037037037,0.03631567614125754,0.0375,0.03291343669250646,0.03853359173126615,0.034679155900086134,0.04656546080964686,0.06178940568475452,0.1198535745047373,0.07820844099913868,0.03931955211024978,0.11318906115417743,0.08994401378122309,0.06679586563307494,0.07774547803617571,0.04693152454780362,0.027002583979328164,0.019982773471145566,0.0049095607235142115,0.001884151593453919,0.0017226528854435831,0.0024655469422911283,0.001614987080103359,0.0002153316106804479,0.0,9.689922480620155e-05,0.0,0.0,0.0,0.0,0.0,0.0,0.0,0.0,0.0,0.0,0.0,0.0,0.0,0.0,0.0,0.0,0.0,0.0,0.0,0.0,0.0,0.0,0.0,0.0,0.0,0.0,0.0,0.0,0.0,0.0,0.0,0.0,0.0,0.0,0.0,0.0,0.0,0.0,0.0,0.0,0.0,0.0,0.0,0.0,nan,nan,4.252282718971931,2.878194412234606,nan,0.9324628503276278,0.02402022502098471,0.0,0.0,0.0,0.0,0.0,0.0,0.0,0.0,0.0,0.0,0.0,0.0,0.0,0.0,0.0,0.0,0.0,0.0,0.0,0.0,0.0,0.0,0.0,0.0,0.0,0.0992145514675486,2.604381976023151,12.724266225713107,12.240595287308809,2.331541959487392,0.9321471520756068,0.024035288849452056,0.0,0.0,0.0,0.0,0.0,0.0,0.0,0.0,0.0,0.0,0.0,0.0,0.0,0.0,0.0,0.0,0.0,0.0,0.0,0.0,0.0,0.0,0.0,0.0,0.0,0.10786516853932587,2.575280898876405,13.078651685393261,12.094382022471914,2.1438202247191014,0.4038,0.00959,0.0,0.0,0.0,0.0,0.0,0.0,0.0,0.0,0.0,0.0,0.0,10.343116990491923,19.632079371641176,0.02480363786688715,0.0,0.0,0.0,0.0,0.0,0.0,0.0,0.0,0.0,0.0,0.0,0.0,0.0,0.0,0.0,0.0,0.4038,0.00983,0.0,0.0,0.0,0.0,0.0,0.0,0.0,0.0,0.0,0.0,0.0,10.449438202247176,19.483146067415735,0.06741573033707866,0.0,0.0,0.0,0.0,0.0,0.0,0.0,0.0,0.0,0.0,0.0,0.0,0.0,0.0,0.0,0.0
13100,4697,2457,0.5230998509687034,1194,937,0.4536938471364701,1303,0.5548222269533745,0.41,2.976339285714286,3.1054205188944892,6.546583850931677,2.2121918266171288,9446.474776490257,1521.4895752824261,7853.0,10925.887101054192,10899.215313461431,6.930472605813144,7853.0,0.0,28.393655524803066,20.76471357818247,33.08020050125313,19.00244236933504,0.13221205024483712,0.0951671279540132,0.09239940387481371,0.08920587609112199,0.08324462422823078,0.07430274643389398,0.06855439642324888,0.06642537790078774,0.05407707047051309,0.05663189269746647,0.05067064083457526,0.04300617415371514,0.0351288056206089,0.024909516712795402,0.017670853736427506,0.010857994464551842,0.005535448158398978,0.9325246939081473,0.023297882400630295,0.0,0.0,0.0,0.0,0.0,0.0,0.0,0.0,0.0,0.0,0.0,0.0,0.0,0.0,0.0,0.0,0.0,0.0,0.0,0.0,0.0,0.0,0.0,0.0,0.0,0.08941877794336812,2.3823717266340223,13.208430913348948,12.103470300191615,2.216308281882053,4.172245693857653,2.910690446657135,nan,nan,nan,4.14257555847569,2.9302066661439716,4.201286173633441,2.8911659913410865,1.0141724910816965,0.404,0.009445,0.0,0.0,0.0,0.0,0.0,0.0,0.0,0.0,0.0,0.0,0.0,10.014903129657213,19.946774536938474,0.03832233340430062,0.0,0.0,0.0,0.0,0.0,0.0,0.0,0.0,0.0,0.0,0.0,0.0,0.0,0.0,0.0,0.0,nan,nan,4.172245693857653,2.910690446657135,nan,0.404,0.04443,0.0,0.0,0.0,0.0,0.0,0.0,0.0,0.0,0.0,0.0,0.0,0.0,0.0,0.0,0.0,0.0,0.0,0.0,0.0,0.0,0.0,0.0,3.193527783691718e-05,8.516074089844582e-05,0.0,0.0,0.00029806259314456036,0.005439642324888226,0.0005641899084522035,0.0036406216734085587,0.002725143708750266,0.007387694272940175,0.03749201618054077,0.03639557164147328,0.032467532467532464,0.03970619544390036,0.03171173089205876,0.04484777517564403,0.06550989993612945,0.11871407281243347,0.07622950819672131,0.04032361081541409,0.11692569725356611,0.08660847349371939,0.06568022141792633,0.07622950819672131,0.04938258462848627,0.028518203108367043,0.019746646795827123,0.0043644879710453485,0.002033212688950394,0.002309985096870343,0.0022886949116457315,0.002160953800298063,5.3225463061528635e-05,0.0,0.00012774111134766872,0.0,0.0,0.0,0.0,0.0,0.0,0.0,0.0,0.0,0.0,0.0,0.0,0.0,0.0,0.0,0.0,0.0,0.0,0.0,0.0,0.0,0.0,0.0,0.0,0.0,0.0,0.0,0.0,0.0,0.0,0.0,0.0,0.0,0.0,0.0,0.0,0.0,0.0,0.0,0.0,0.0,0.0,0.0,0.0,nan,nan,4.172245693857653,2.910690446657135,nan,0.9326638968727382,0.023147413785456702,0.0,0.0,0.0,0.0,0.0,0.0,0.0,0.0,0.0,0.0,0.0,0.0,0.0,0.0,0.0,0.0,0.0,0.0,0.0,0.0,0.0,0.0,0.0,0.0,0.0,0.07326007326007328,2.2588522588522593,13.272283272283275,12.13675213675214,2.2588522588522593,0.9323720056563616,0.023460868101675848,0.0,0.0,0.0,0.0,0.0,0.0,0.0,0.0,0.0,0.0,0.0,0.0,0.0,0.0,0.0,0.0,0.0,0.0,0.0,0.0,0.0,0.0,0.0,0.0,0.0,0.10714285714285716,2.5178571428571432,13.138392857142861,12.066964285714288,2.1696428571428577,0.4038,0.00945,0.0,0.0,0.0,0.0,0.0,0.0,0.0,0.0,0.0,0.0,0.0,10.109890109890095,19.86568986568987,0.024420024420024427,0.0,0.0,0.0,0.0,0.0,0.0,0.0,0.0,0.0,0.0,0.0,0.0,0.0,0.0,0.0,0.0,0.404,0.00943,0.0,0.0,0.0,0.0,0.0,0.0,0.0,0.0,0.0,0.0,0.0,9.91071428571427,20.03571428571429,0.05357142857142858,0.0,0.0,0.0,0.0,0.0,0.0,0.0,0.0,0.0,0.0,0.0,0.0,0.0,0.0,0.0,0.0
13200,4678,2425,0.5183839247541685,1155,931,0.44591705857203934,1284,0.5489525438221462,0.40599999999999997,2.95162006213937,3.106893284233507,6.622641509433962,2.1549394635604733,9432.420454603222,1522.3866340655823,7853.0,10926.923431277275,10899.81603572531,7.145503812406356,7853.0,0.0,28.33946130825139,20.956534628069214,33.11871684768881,19.228398179779248,0.13232150491663103,0.09982898674647285,0.09341598973920479,0.0880718255664814,0.07588713125267209,0.0808037622915776,0.07011543394613083,0.06049593843522873,0.060282171868319794,0.05322787516032493,0.04424967935014964,0.04061564771269773,0.03569901667379222,0.027362120564343735,0.020949123557075674,0.00983326207781103,0.006840530141085934,0.9342364651899961,0.02365392143112901,0.0,0.0,0.0,0.0,0.0,0.0,0.0,0.0,0.0,0.0,0.0,0.0,0.0,0.0,0.0,0.0,0.0,0.0,0.0,0.0,0.0,0.0,0.0,0.0,0.0,0.08336896109448484,2.193244976485678,12.133390337751178,13.037622915775975,2.5523728088926894,4.211690885072655,2.900900997844643,nan,nan,nan,4.189297658862876,2.8771303013473295,4.233529028049576,2.923731163955677,1.0105581824898797,0.4043,0.00973,0.0,0.0,0.0,0.0,0.0,0.0,0.0,0.0,0.0,0.0,0.0,9.88884138520734,20.079093629756308,0.032064985036340324,0.0,0.0,0.0,0.0,0.0,0.0,0.0,0.0,0.0,0.0,0.0,0.0,0.0,0.0,0.0,0.0,nan,nan,4.211690885072655,2.900900997844643,nan,0.4043,0.04462,0.0,0.0,0.0,0.0,0.0,0.0,0.0,0.0,0.0,0.0,0.0,0.0,0.0,0.0,0.0,0.0,0.0,0.0,0.0,0.0,0.0,0.0,5.344164172723386e-05,1.0688328345446772e-05,0.0,0.0,0.00020307823856348866,0.0044784095767421974,0.000705429670799487,0.0034950833689610943,0.0022017956391620352,0.007823856348867037,0.040081231295425394,0.03565626336041043,0.034181274048738775,0.03851004702864472,0.03282385634886704,0.04342667806755023,0.0655622060709705,0.11430098332620778,0.07637879435656264,0.04050876442924327,0.11445061992304403,0.08790081231295425,0.06580803762291577,0.07487174005985464,0.05270414707139803,0.029382214621633176,0.021173578452330057,0.004563916203505772,0.0022017956391620352,0.001731509191962377,0.0018597691321077384,0.002907225309961522,4.275331338178709e-05,0.0,0.0,0.0,0.0,0.0,0.0,0.0,0.0,0.0,0.0,0.0,0.0,0.0,0.0,0.0,0.0,0.0,0.0,0.0,0.0,0.0,0.0,0.0,0.0,0.0,0.0,0.0,0.0,0.0,0.0,0.0,0.0,0.0,0.0,0.0,0.0,0.0,0.0,0.0,0.0,0.0,0.0,0.0,0.0,0.0,0.0,nan,nan,4.211690885072655,2.900900997844643,nan,0.9343481873482773,0.0235713086018936,0.0,0.0,0.0,0.0,0.0,0.0,0.0,0.0,0.0,0.0,0.0,0.0,0.0,0.0,0.0,0.0,0.0,0.0,0.0,0.0,0.0,0.0,0.0,0.0,0.0,0.09896907216494848,2.103092783505155,12.086597938144333,13.175257731958766,2.536082474226805,0.9341162138656145,0.023741932478215613,0.0,0.0,0.0,0.0,0.0,0.0,0.0,0.0,0.0,0.0,0.0,0.0,0.0,0.0,0.0,0.0,0.0,0.0,0.0,0.0,0.0,0.0,0.0,0.0,0.0,0.06657789613848204,2.290279627163782,12.183754993342214,12.889480692410123,2.5699067909454065,0.4043,0.00987,0.0,0.0,0.0,0.0,0.0,0.0,0.0,0.0,0.0,0.0,0.0,10.045360824742254,19.892783505154643,0.06185567010309279,0.0,0.0,0.0,0.0,0.0,0.0,0.0,0.0,0.0,0.0,0.0,0.0,0.0,0.0,0.0,0.0,0.4043,0.009575,0.0,0.0,0.0,0.0,0.0,0.0,0.0,0.0,0.0,0.0,0.0,9.720372836218361,20.279627163781626,0.0,0.0,0.0,0.0,0.0,0.0,0.0,0.0,0.0,0.0,0.0,0.0,0.0,0.0,0.0,0.0,0.0
13300,4654,2381,0.5116029222174474,1110,957,0.4441340782122905,1332,0.5724108293940696,0.41,2.941047074351078,3.087384054935087,6.5,2.253823720309355,9411.809486510712,1523.0540912682213,7853.0,10923.8585896492,10899.912788836984,6.880559293737077,7853.0,0.0,28.1140954018049,20.981720077873096,33.16431684183543,19.156780219506167,0.1424581005586592,0.09475719810915342,0.09303824666953159,0.086377309840997,0.0782122905027933,0.07713794585302965,0.06639449935539321,0.05951869359690589,0.062097120756338636,0.05371723248818221,0.04984959174903309,0.04082509669101848,0.03308981521272024,0.02599914052428019,0.019982810485603783,0.011388053287494627,0.005156854318865492,0.9343162941148878,0.022653819933964633,0.0,0.0,0.0,0.0,0.0,0.0,0.0,0.0,0.0,0.0,0.0,0.0,0.0,0.0,0.0,0.0,0.0,0.0,0.0,0.0,0.0,0.0,0.0,0.0,0.0,0.045122475290073065,1.9853889127632147,12.176622260421146,13.485174043833265,2.307692307692308,4.220495867768595,2.8441576629938075,nan,nan,nan,4.215189873417722,2.831898541207339,4.225721784776903,2.8561707044922864,1.0024985615536797,0.4045,0.0097,0.0,0.0,0.0,0.0,0.0,0.0,0.0,0.0,0.0,0.0,0.006446067898581867,9.372582724538018,20.614525139664806,0.006446067898581867,0.0,0.0,0.0,0.0,0.0,0.0,0.0,0.0,0.0,0.0,0.0,0.0,0.0,0.0,0.0,0.0,nan,nan,4.220495867768595,2.8441576629938075,nan,0.4048,0.04492,0.0,0.0,0.0,0.0,0.0,0.0,0.0,0.0,0.0,0.0,0.0,0.0,0.0,0.0,0.0,0.0,0.0,0.0,0.0,0.0,0.0,0.0,9.669101847872797e-05,0.0,0.0,0.0,0.00013966480446927373,0.004222174473571122,0.0003437902879243661,0.003910614525139665,0.0020305113880532875,0.00839063171465406,0.04027718091963902,0.03662440911044263,0.03441125913192952,0.039138375590889556,0.031499785131070046,0.04344649763644177,0.06354748603351955,0.11227975934679846,0.0732917920068758,0.03931027073485174,0.11289213579716373,0.08597980232058444,0.07044477868500215,0.07838418564675548,0.05470562956596476,0.029705629565964762,0.02216373012462398,0.0040073055436183926,0.002170176192522561,0.001482595616673829,0.0015040825096691017,0.0034379028792436614,0.0001289213579716373,3.2230339492909325e-05,0.0,0.0,0.0,0.0,0.0,0.0,0.0,0.0,0.0,0.0,0.0,0.0,0.0,0.0,0.0,0.0,0.0,0.0,0.0,0.0,0.0,0.0,0.0,0.0,0.0,0.0,0.0,0.0,0.0,0.0,0.0,0.0,0.0,0.0,0.0,0.0,0.0,0.0,0.0,0.0,0.0,0.0,0.0,0.0,0.0,nan,nan,4.220495867768595,2.8441576629938075,nan,0.9343343745605728,0.02273303274273376,0.0,0.0,0.0,0.0,0.0,0.0,0.0,0.0,0.0,0.0,0.0,0.0,0.0,0.0,0.0,0.0,0.0,0.0,0.0,0.0,0.0,0.0,0.0,0.0,0.0,0.012599748005039902,2.078958420831584,11.881562368752627,13.708525829483413,2.3183536329273418,0.9342973545895135,0.022570529723928513,0.0,0.0,0.0,0.0,0.0,0.0,0.0,0.0,0.0,0.0,0.0,0.0,0.0,0.0,0.0,0.0,0.0,0.0,0.0,0.0,0.0,0.0,0.0,0.0,0.0,0.07919049714034317,1.887373515178179,12.485701715794107,13.251209854817425,2.296524417069952,0.4048,0.00978,0.0,0.0,0.0,0.0,0.0,0.0,0.0,0.0,0.0,0.0,0.012599748005039902,9.260814783704312,20.72658546829064,0.0,0.0,0.0,0.0,0.0,0.0,0.0,0.0,0.0,0.0,0.0,0.0,0.0,0.0,0.0,0.0,0.0,0.4045,0.00961,0.0,0.0,0.0,0.0,0.0,0.0,0.0,0.0,0.0,0.0,0.0,9.489661240651108,20.497140343158826,0.013198416190057197,0.0,0.0,0.0,0.0,0.0,0.0,0.0,0.0,0.0,0.0,0.0,0.0,0.0,0.0,0.0,0.0
13400,4516,2356,0.5217006200177148,1136,911,0.4532772364924712,1259,0.5575730735163862,0.422,3.0055555555555555,3.116706278219261,6.503961965134707,2.2363302288286233,9442.48387356068,1521.941399578104,7853.0,10924.332242488861,10899.73564219017,7.252102442517225,7853.0,0.0,27.817537643932685,20.4419052556854,32.64589905362776,18.644341459566036,0.1366253321523472,0.09853852967227635,0.0949955713020372,0.08990256864481842,0.07683790965456155,0.07240921169176262,0.07063773250664304,0.07019486271036315,0.05779450841452613,0.05757307351638618,0.049601417183348095,0.04030115146147033,0.02878653675819309,0.024800708591674048,0.017936226749335694,0.007971656333038087,0.005093002657218778,0.933669486649803,0.023512613794144873,0.0,0.0,0.0,0.0,0.0,0.0,0.0,0.0,0.0,0.0,0.0,0.0,0.0,0.0,0.0,0.0,0.0,0.0,0.0,0.0,0.0,0.0,0.0,0.0,0.0,0.0863596102745793,2.119131975199292,12.67493356953056,12.748007085916743,2.371567759078831,4.176389842141386,2.875197204369618,nan,nan,nan,4.216140350877193,2.884614817782141,4.138347884486232,2.8656390906945606,0.9815488907111984,0.4048,0.00967,0.0,0.0,0.0,0.0,0.0,0.0,0.0,0.0,0.0,0.0,0.0066430469441984075,9.433126660761722,20.540301151461474,0.01992914083259522,0.0,0.0,0.0,0.0,0.0,0.0,0.0,0.0,0.0,0.0,0.0,0.0,0.0,0.0,0.0,0.0,nan,nan,4.176389842141386,2.875197204369618,nan,0.4048,0.04538,0.0,0.0,0.0,0.0,0.0,0.0,0.0,0.0,0.0,0.0,0.0,0.0,0.0,0.0,0.0,0.0,0.0,0.0,0.0,0.0,0.0,0.0,0.0,0.0,0.0,0.0,0.0002103631532329495,0.004528343666961913,0.0005425155004428698,0.003952612931798051,0.0018600531443755536,0.008381310894596988,0.04200620017714792,0.03929362267493357,0.0345881310894597,0.038153232949512846,0.03030336581045173,0.04154118689105403,0.06173604960141718,0.11344109831709477,0.07184455270150576,0.038020372010628876,0.10914526129317981,0.08701284322409211,0.07095881310894597,0.07909654561558901,0.058392382639503984,0.028731178033658104,0.02316209034543844,0.00408547387068202,0.0018379096545615588,0.0017936226749335695,0.0016054030115146146,0.00354295837023915,0.00019929140832595217,3.3215234720992025e-05,0.0,0.0,0.0,0.0,0.0,0.0,0.0,0.0,0.0,0.0,0.0,0.0,0.0,0.0,0.0,0.0,0.0,0.0,0.0,0.0,0.0,0.0,0.0,0.0,0.0,0.0,0.0,0.0,0.0,0.0,0.0,0.0,0.0,0.0,0.0,0.0,0.0,0.0,0.0,0.0,0.0,0.0,0.0,0.0,0.0,nan,nan,4.176389842141386,2.875197204369618,nan,0.9338469999907174,0.02410143273976279,0.0,0.0,0.0,0.0,0.0,0.0,0.0,0.0,0.0,0.0,0.0,0.0,0.0,0.0,0.0,0.0,0.0,0.0,0.0,0.0,0.0,0.0,0.0,0.0,0.0,0.08913412563667235,2.1646859083191856,12.45331069609508,12.682512733446522,2.6103565365025476,0.9334758656168426,0.022851500676055105,0.0,0.0,0.0,0.0,0.0,0.0,0.0,0.0,0.0,0.0,0.0,0.0,0.0,0.0,0.0,0.0,0.0,0.0,0.0,0.0,0.0,0.0,0.0,0.0,0.0,0.08333333333333334,2.069444444444445,12.91666666666667,12.819444444444448,2.1111111111111116,0.4045,0.00966,0.0,0.0,0.0,0.0,0.0,0.0,0.0,0.0,0.0,0.0,0.01273344651952462,9.639219015280123,20.322580645161292,0.02546689303904924,0.0,0.0,0.0,0.0,0.0,0.0,0.0,0.0,0.0,0.0,0.0,0.0,0.0,0.0,0.0,0.0,0.405,0.009674,0.0,0.0,0.0,0.0,0.0,0.0,0.0,0.0,0.0,0.0,0.0,9.20833333333332,20.777777777777782,0.013888888888888892,0.0,0.0,0.0,0.0,0.0,0.0,0.0,0.0,0.0,0.0,0.0,0.0,0.0,0.0,0.0,0.0
13500,4651,2372,0.5099978499247474,1120,977,0.4508707804773167,1338,0.5753601376048162,0.39799999999999996,2.9372531812198335,3.070620252336058,6.580847723704866,2.1384887129096732,9406.87666217548,1523.1180667947988,7853.0,10928.90293955803,10899.82982958607,6.796904684221452,7853.0,0.0,28.38701354547409,21.114921268013457,33.18780177890724,19.408405510076157,0.13566974844119545,0.09417329606536229,0.09417329606536229,0.09094818318641153,0.07976779187271554,0.07589765641797463,0.0722425284884971,0.060847129649537736,0.057192001720060205,0.04837669318426145,0.050311760911631906,0.03977639217372608,0.03160610621371748,0.029241023435820253,0.01849064717265104,0.013545474091593205,0.0077402709094818315,0.9337516006821588,0.023028013515518784,0.0,0.0,0.0,0.0,0.0,0.0,0.0,0.0,0.0,0.0,0.0,0.0,0.0,0.0,0.0,0.0,0.0,0.0,0.0,0.0,0.0,0.0,0.0,0.0,0.0,0.05160180606321223,2.102773597075898,12.50053751881316,13.119759191571708,2.225327886476027,4.202361429977041,2.881281863114816,nan,nan,nan,4.181340341655716,2.8487900082270703,4.223313686967911,2.9131558099841195,1.010038251345877,0.4045,0.0097,0.0,0.0,0.0,0.0,0.0,0.0,0.0,0.0,0.0,0.0,0.0,9.417329606536216,20.556869490432167,0.025800903031606114,0.0,0.0,0.0,0.0,0.0,0.0,0.0,0.0,0.0,0.0,0.0,0.0,0.0,0.0,0.0,0.0,nan,nan,4.202361429977041,2.881281863114816,nan,0.4045,0.04562,0.0,0.0,0.0,0.0,0.0,0.0,0.0,0.0,0.0,0.0,0.0,0.0,0.0,0.0,0.0,0.0,0.0,0.0,0.0,0.0,0.0,0.0,0.0,0.0,0.0,0.0,0.00015050526768436894,0.004192646742635992,0.00046226617931627604,0.004547409159320576,0.003053106858740056,0.008396043861535155,0.040679423779832295,0.039185121479251774,0.03518598150935283,0.038626101913566975,0.028972264029241024,0.04597935927757472,0.06170715975059127,0.11469576435175231,0.06939367877875725,0.03694904321651258,0.10671898516448075,0.09087293055256934,0.07023220812728445,0.07246828639002365,0.05818103633627177,0.03227262954203397,0.02304880670823479,0.004396903891636207,0.0019888196086863042,0.0016878090733175662,0.0012040421414749515,0.004558159535583746,0.00012900451515803052,6.450225757901526e-05,0.0,0.0,0.0,0.0,0.0,0.0,0.0,0.0,0.0,0.0,0.0,0.0,0.0,0.0,0.0,0.0,0.0,0.0,0.0,0.0,0.0,0.0,0.0,0.0,0.0,0.0,0.0,0.0,0.0,0.0,0.0,0.0,0.0,0.0,0.0,0.0,0.0,0.0,0.0,0.0,0.0,0.0,0.0,0.0,0.0,nan,nan,4.202361429977041,2.881281863114816,nan,0.934085983625954,0.022811315713781123,0.0,0.0,0.0,0.0,0.0,0.0,0.0,0.0,0.0,0.0,0.0,0.0,0.0,0.0,0.0,0.0,0.0,0.0,0.0,0.0,0.0,0.0,0.0,0.0,0.0,0.05059021922428332,1.9730185497470494,12.445193929173696,13.40640809443508,2.1247892074198993,0.9334035724493013,0.02324630166537136,0.0,0.0,0.0,0.0,0.0,0.0,0.0,0.0,0.0,0.0,0.0,0.0,0.0,0.0,0.0,0.0,0.0,0.0,0.0,0.0,0.0,0.0,0.0,0.0,0.0,0.052654673102237835,2.237823606845108,12.558139534883724,12.821412900394913,2.329969284774024,0.4045,0.009735,0.0,0.0,0.0,0.0,0.0,0.0,0.0,0.0,0.0,0.0,0.0,9.574198988195601,20.375210792580106,0.05059021922428332,0.0,0.0,0.0,0.0,0.0,0.0,0.0,0.0,0.0,0.0,0.0,0.0,0.0,0.0,0.0,0.0,0.4048,0.00967,0.0,0.0,0.0,0.0,0.0,0.0,0.0,0.0,0.0,0.0,0.0,9.254058797718285,20.745941202281706,0.0,0.0,0.0,0.0,0.0,0.0,0.0,0.0,0.0,0.0,0.0,0.0,0.0,0.0,0.0,0.0,0.0
13600,4530,2394,0.528476821192053,1135,905,0.4503311258278146,1255,0.5540838852097131,0.414,3.040262172284644,3.069767514070361,6.50547730829421,2.1117937066628305,9463.165200961676,1520.9380367424305,7853.0,10924.67186319828,10899.803826381116,7.146498625924828,7853.0,0.0,28.605739514348787,21.160470929822953,33.37568341577714,19.440272877118986,0.13311258278145696,0.10022075055187638,0.09337748344370861,0.08079470198675497,0.07704194260485651,0.07571743929359824,0.07660044150110375,0.06269315673289183,0.05739514348785872,0.05562913907284768,0.04326710816777042,0.039293598233995586,0.03642384105960265,0.026269315673289183,0.02141280353200883,0.0141280353200883,0.006622516556291391,0.9332173792073795,0.02357751783404066,0.0,0.0,0.0,0.0,0.0,0.0,0.0,0.0,0.0,0.0,0.0,0.0,0.0,0.0,0.0,0.0,0.0,0.0,0.0,0.0,0.0,0.0,0.0,0.0,0.0,0.11920529801324506,2.4039735099337753,12.384105960264904,12.834437086092718,2.2582781456953644,4.179159663865546,2.805966506095712,nan,nan,nan,4.176070700203943,2.8374735375997147,4.18218085106383,2.7748014169419593,1.0014631339597744,0.4055,0.009865,0.0,0.0,0.0,0.0,0.0,0.0,0.0,0.0,0.0,0.0,0.0,8.556291390728465,21.384105960264904,0.05960264900662253,0.0,0.0,0.0,0.0,0.0,0.0,0.0,0.0,0.0,0.0,0.0,0.0,0.0,0.0,0.0,0.0,nan,nan,4.179159663865546,2.805966506095712,nan,0.4055,0.04562,0.0,0.0,0.0,0.0,0.0,0.0,0.0,0.0,0.0,0.0,0.0,0.0,0.0,0.0,0.0,0.0,0.0,0.0,0.0,0.0,0.0,0.0,0.0,0.0,1.1037527593818985e-05,0.0,0.0003421633554083885,0.003675496688741722,0.00030905077262693157,0.0036534216335540838,0.0032339955849889626,0.007626931567328918,0.041379690949227374,0.03760485651214128,0.034801324503311255,0.04022075055187638,0.027649006622516556,0.04198675496688742,0.06274834437086092,0.1117439293598234,0.06927152317880794,0.03859823399558499,0.10671081677704194,0.09396247240618101,0.07380794701986755,0.06880794701986755,0.05815673289183223,0.03420529801324503,0.024646799116997794,0.004260485651214128,0.0018653421633554085,0.00141280353200883,0.0013245033112582781,0.005629139072847682,0.00016556291390728477,0.00018763796909492274,0.0,0.0,0.0,0.0,0.0,0.0,0.0,0.0,0.0,0.0,0.0,0.0,0.0,0.0,0.0,0.0,0.0,0.0,0.0,0.0,0.0,0.0,0.0,0.0,0.0,0.0,0.0,0.0,0.0,0.0,0.0,0.0,0.0,0.0,0.0,0.0,0.0,0.0,0.0,0.0,0.0,0.0,0.0,0.0,0.0,nan,nan,4.179159663865546,2.805966506095712,nan,0.9331354776470484,0.02354307076331382,0.0,0.0,0.0,0.0,0.0,0.0,0.0,0.0,0.0,0.0,0.0,0.0,0.0,0.0,0.0,0.0,0.0,0.0,0.0,0.0,0.0,0.0,0.0,0.0,0.0,0.13784461152882208,2.3558897243107775,12.556390977443613,12.756892230576444,2.1929824561403515,0.9333091733719079,0.02361572835645867,0.0,0.0,0.0,0.0,0.0,0.0,0.0,0.0,0.0,0.0,0.0,0.0,0.0,0.0,0.0,0.0,0.0,0.0,0.0,0.0,0.0,0.0,0.0,0.0,0.0,0.09831460674157307,2.4578651685393265,12.19101123595506,12.921348314606744,2.3314606741573036,0.4055,0.009705,0.0,0.0,0.0,0.0,0.0,0.0,0.0,0.0,0.0,0.0,0.0,8.345864661654122,21.604010025062664,0.05012531328320803,0.0,0.0,0.0,0.0,0.0,0.0,0.0,0.0,0.0,0.0,0.0,0.0,0.0,0.0,0.0,0.0,0.4055,0.01004,0.0,0.0,0.0,0.0,0.0,0.0,0.0,0.0,0.0,0.0,0.0,8.792134831460663,21.137640449438205,0.07022471910112361,0.0,0.0,0.0,0.0,0.0,0.0,0.0,0.0,0.0,0.0,0.0,0.0,0.0,0.0,0.0,0.0
13700,4754,2404,0.5056794278502313,1161,979,0.4501472444257467,1367,0.5750946571308372,0.41,3.0114893617021274,3.149379526005559,6.683582089552239,2.1692970878147615,9393.588894384407,1523.195675519281,7853.0,10924.163406252861,10899.57221460211,6.873045322898818,7853.0,0.0,27.595288178376105,20.578953792130143,32.50889947355227,18.816599337990116,0.1398822044594026,0.09570887673538073,0.09528817837610433,0.09486748001682793,0.08371897349600337,0.0736222128733698,0.0689945309213294,0.061421960454354226,0.056163230963399244,0.05448043752629365,0.049221708035338665,0.037442153975599496,0.03260412284392091,0.02440050483803113,0.017458981909970552,0.009676062263357174,0.005048380311316786,0.932723285435226,0.023158059890013186,0.0,0.0,0.0,0.0,0.0,0.0,0.0,0.0,0.0,0.0,0.0,0.0,0.0,0.0,0.0,0.0,0.0,0.0,0.0,0.0,0.0,0.0,0.0,0.0,0.0,0.0757257046697518,2.259150189314262,13.062684055532186,12.41270509045015,2.189734960033656,4.387086201245493,2.9498068753526505,nan,nan,nan,4.338730569948186,2.9214504958917766,4.436629064366291,2.977765210812955,1.0225638566027098,0.405,0.00968,0.0,0.0,0.0,0.0,0.0,0.0,0.0,0.0,0.0,0.0,0.0,8.910391249474115,21.013883045856126,0.0757257046697518,0.0,0.0,0.0,0.0,0.0,0.0,0.0,0.0,0.0,0.0,0.0,0.0,0.0,0.0,0.0,0.0,nan,nan,4.387086201245493,2.9498068753526505,nan,0.405,0.0457,0.0,0.0,0.0,0.0,0.0,0.0,0.0,0.0,0.0,0.0,0.0,0.0,0.0,0.0,0.0,0.0,0.0,0.0,0.0,0.0,0.0,0.0,0.0,0.0,0.0,0.0,0.00032604122843920907,0.0041964661337820786,0.0003996634413125789,0.0034812789230122,0.0035549011358855702,0.0076041228439209085,0.04086032814472024,0.03933529659234329,0.03564366848969289,0.04012410601598654,0.02532604122843921,0.04192259150189314,0.06220025241901556,0.11521876314682372,0.07019352124526715,0.03876735380732015,0.10658392932267564,0.09414177534707614,0.07528397139251157,0.06671224232225495,0.056142196045435425,0.030122002524190155,0.026840555321834245,0.003944047118216239,0.002071939419436264,0.0016091712242322254,0.0011674379469920066,0.005732015145140934,0.0003996634413125789,9.465713083718974e-05,0.0,0.0,0.0,0.0,0.0,0.0,0.0,0.0,0.0,0.0,0.0,0.0,0.0,0.0,0.0,0.0,0.0,0.0,0.0,0.0,0.0,0.0,0.0,0.0,0.0,0.0,0.0,0.0,0.0,0.0,0.0,0.0,0.0,0.0,0.0,0.0,0.0,0.0,0.0,0.0,0.0,0.0,0.0,0.0,0.0,nan,nan,4.387086201245493,2.9498068753526505,nan,0.9327382010697525,0.022514935162821072,0.0,0.0,0.0,0.0,0.0,0.0,0.0,0.0,0.0,0.0,0.0,0.0,0.0,0.0,0.0,0.0,0.0,0.0,0.0,0.0,0.0,0.0,0.0,0.0,0.0,0.07487520798668887,1.984193011647255,13.477537437603996,12.479201331114812,1.984193011647255,0.9327080270584593,0.02379797625696091,0.0,0.0,0.0,0.0,0.0,0.0,0.0,0.0,0.0,0.0,0.0,0.0,0.0,0.0,0.0,0.0,0.0,0.0,0.0,0.0,0.0,0.0,0.0,0.0,0.0,0.07659574468085108,2.540425531914894,12.638297872340429,12.344680851063833,2.4000000000000004,0.405,0.00979,0.0,0.0,0.0,0.0,0.0,0.0,0.0,0.0,0.0,0.0,0.0,9.24708818635606,20.6405990016639,0.1123128119800333,0.0,0.0,0.0,0.0,0.0,0.0,0.0,0.0,0.0,0.0,0.0,0.0,0.0,0.0,0.0,0.0,0.4053,0.009575,0.0,0.0,0.0,0.0,0.0,0.0,0.0,0.0,0.0,0.0,0.0,8.565957446808499,21.39574468085107,0.03829787234042554,0.0,0.0,0.0,0.0,0.0,0.0,0.0,0.0,0.0,0.0,0.0,0.0,0.0,0.0,0.0,0.0
13800,4588,2387,0.5202702702702703,1089,922,0.4383173496076722,1263,0.550566695727986,0.442,3.004997728305316,3.184964751091015,6.769102990033223,2.153921447195495,9438.030817254039,1522.0323923135975,7853.0,10922.893089413643,10899.552739657116,6.975644354543325,7853.0,0.0,27.748474280732346,20.97304773572951,32.64443290942123,19.326895910892055,0.13862249346120314,0.10941586748038361,0.09415867480383609,0.08805579773321709,0.07606800348735833,0.07083696599825633,0.06931124673060157,0.06299040976460331,0.05928509154315606,0.05187445510026155,0.04293809938971229,0.04075850043591979,0.03400174367916303,0.025719267654751524,0.01896251089799477,0.00959023539668701,0.0074106364428945075,0.9326561289760686,0.023135164193259297,0.0,0.0,0.0,0.0,0.0,0.0,0.0,0.0,0.0,0.0,0.0,0.0,0.0,0.0,0.0,0.0,0.0,0.0,0.0,0.0,0.0,0.0,0.0,0.0,0.0,0.07192676547515259,2.3735832606800353,12.933740191804711,12.436791630340021,2.1839581517000877,4.264716006884681,2.9236664665819987,nan,nan,nan,4.2494816862474085,2.9561336923813153,4.279835390946502,2.8910043489665256,1.0071429192876222,0.405,0.009575,0.0,0.0,0.0,0.0,0.0,0.0,0.0,0.0,0.0,0.0,0.0,8.984306887532682,20.96338273757629,0.05231037489102006,0.0,0.0,0.0,0.0,0.0,0.0,0.0,0.0,0.0,0.0,0.0,0.0,0.0,0.0,0.0,0.0,nan,nan,4.264716006884681,2.9236664665819987,nan,0.405,0.04575,0.0,0.0,0.0,0.0,0.0,0.0,0.0,0.0,0.0,0.0,0.0,0.0,0.0,0.0,0.0,0.0,0.0,0.0,0.0,0.0,0.0,0.0,0.0,0.0,0.0,0.0,0.00015257192676547515,0.0040867480383609414,0.00016346992153443767,0.0040867480383609414,0.003389276373147341,0.006985614646904969,0.04169572798605057,0.04019180470793374,0.03524411508282476,0.04144507410636443,0.02681996512641674,0.04254577157802964,0.06130122057541412,0.11517000871839582,0.0693330427201395,0.03864428945074106,0.10136224934612031,0.09744986922406278,0.07522885789014822,0.06916957279860506,0.05447907585004359,0.028716216216216218,0.02616608544027899,0.004642545771578029,0.0025719267654751524,0.0012532693984306888,0.0013840453356582388,0.00564516129032258,0.0006647776809067131,1.0897994768962512e-05,0.0,0.0,0.0,0.0,0.0,0.0,0.0,0.0,0.0,0.0,0.0,0.0,0.0,0.0,0.0,0.0,0.0,0.0,0.0,0.0,0.0,0.0,0.0,0.0,0.0,0.0,0.0,0.0,0.0,0.0,0.0,0.0,0.0,0.0,0.0,0.0,0.0,0.0,0.0,0.0,0.0,0.0,0.0,0.0,0.0,nan,nan,4.264716006884681,2.9236664665819987,nan,0.932504144132412,0.023488014626546296,0.0,0.0,0.0,0.0,0.0,0.0,0.0,0.0,0.0,0.0,0.0,0.0,0.0,0.0,0.0,0.0,0.0,0.0,0.0,0.0,0.0,0.0,0.0,0.0,0.0,0.0628403854210306,2.4507750314201933,12.844574780058654,12.40469208211144,2.237117720988689,0.93282095760933,0.02274516140564998,0.0,0.0,0.0,0.0,0.0,0.0,0.0,0.0,0.0,0.0,0.0,0.0,0.0,0.0,0.0,0.0,0.0,0.0,0.0,0.0,0.0,0.0,0.0,0.0,0.0,0.08178100863243981,2.289868241708315,13.030440708768745,12.471603816447073,2.1263062244434354,0.4053,0.00959,0.0,0.0,0.0,0.0,0.0,0.0,0.0,0.0,0.0,0.0,0.0,8.835358190196887,21.139505655634693,0.02513615416841224,0.0,0.0,0.0,0.0,0.0,0.0,0.0,0.0,0.0,0.0,0.0,0.0,0.0,0.0,0.0,0.0,0.4048,0.00955,0.0,0.0,0.0,0.0,0.0,0.0,0.0,0.0,0.0,0.0,0.0,9.145842798727838,20.77237619263971,0.08178100863243981,0.0,0.0,0.0,0.0,0.0,0.0,0.0,0.0,0.0,0.0,0.0,0.0,0.0,0.0,0.0,0.0
13900,4646,2377,0.5116229014205769,1121,954,0.4466207490314249,1302,0.5604821351700388,0.434,3.0445130013221684,3.194482364805116,6.702028081123245,2.279285873429482,9411.731535924775,1522.9173685869132,7853.0,10922.143975615501,10899.641445480227,7.019989335321887,7853.0,0.0,27.677787343951785,20.827865162065695,32.79705654531371,19.032488065773823,0.1452862677572105,0.09793370641411968,0.08996986655187258,0.09040034438226431,0.08566508824795523,0.0705983641842445,0.06715454154111063,0.06371071889797675,0.05962117950925527,0.05144210073181231,0.0475678002582867,0.03702109341368919,0.03529918209212225,0.02410675850193715,0.017864829961256996,0.008609556607834697,0.007748600947051227,0.9322180537714612,0.023248278919111853,0.0,0.0,0.0,0.0,0.0,0.0,0.0,0.0,0.0,0.0,0.0,0.0,0.0,0.0,0.0,0.0,0.0,0.0,0.0,0.0,0.0,0.0,0.0,0.0,0.0,0.07102884201463626,2.434352130865261,13.017649591046064,12.410675850193718,2.0662935858803277,4.359919571045577,2.972249126989148,nan,nan,nan,4.306526038233355,3.008717874992535,4.415132924335379,2.933038659799276,1.025219140703623,0.4055,0.009964,0.0,0.0,0.0,0.0,0.0,0.0,0.0,0.0,0.0,0.0,0.0,8.962548428755907,20.99225139905295,0.04520017219113217,0.0,0.0,0.0,0.0,0.0,0.0,0.0,0.0,0.0,0.0,0.0,0.0,0.0,0.0,0.0,0.0,nan,nan,4.359919571045577,2.972249126989148,nan,0.4055,0.0454,0.0,0.0,0.0,0.0,0.0,0.0,0.0,0.0,0.0,0.0,0.0,0.0,0.0,0.0,0.0,0.0,0.0,0.0,0.0,0.0,0.0,0.0,0.0,0.0,1.076194575979337e-05,0.0,0.00013990529487731382,0.003755919070167886,0.0002582866982350409,0.004380111924235902,0.0034653465346534654,0.006747739991390444,0.03905510116229014,0.038560051657339646,0.03501937150236763,0.039722341799397334,0.02864829961256995,0.04222987516142919,0.06387214808437365,0.11551872578562204,0.06786482996125699,0.03611708996986655,0.10186181661644425,0.09846104175634955,0.07777658200602669,0.07473095135600516,0.052733534222987516,0.027249246663796814,0.025010761945759793,0.005101162290142057,0.002615152819629789,0.0015927679724494189,0.0012268618166164443,0.005628497632371933,0.0006457167455876022,0.0,0.0,0.0,0.0,0.0,0.0,0.0,0.0,0.0,0.0,0.0,0.0,0.0,0.0,0.0,0.0,0.0,0.0,0.0,0.0,0.0,0.0,0.0,0.0,0.0,0.0,0.0,0.0,0.0,0.0,0.0,0.0,0.0,0.0,0.0,0.0,0.0,0.0,0.0,0.0,0.0,0.0,0.0,0.0,0.0,0.0,nan,nan,4.359919571045577,2.972249126989148,nan,0.9325889301841681,0.023241361680782936,0.0,0.0,0.0,0.0,0.0,0.0,0.0,0.0,0.0,0.0,0.0,0.0,0.0,0.0,0.0,0.0,0.0,0.0,0.0,0.0,0.0,0.0,0.0,0.0,0.0,0.10096760622633574,2.271771140092554,12.96171644930585,12.545225073622216,2.1203197307530504,0.9318295243607055,0.023249178645886295,0.0,0.0,0.0,0.0,0.0,0.0,0.0,0.0,0.0,0.0,0.0,0.0,0.0,0.0,0.0,0.0,0.0,0.0,0.0,0.0,0.0,0.0,0.0,0.0,0.0,0.039665050683120325,2.6046716615249013,13.076245041868669,12.26972234464522,2.0096959012780964,0.4055,0.010025,0.0,0.0,0.0,0.0,0.0,0.0,0.0,0.0,0.0,0.0,0.0,9.07446360959191,20.862431636516625,0.06310475389145984,0.0,0.0,0.0,0.0,0.0,0.0,0.0,0.0,0.0,0.0,0.0,0.0,0.0,0.0,0.0,0.0,0.4055,0.0099,0.0,0.0,0.0,0.0,0.0,0.0,0.0,0.0,0.0,0.0,0.0,8.845306302335818,21.12825033054209,0.026443367122080216,0.0,0.0,0.0,0.0,0.0,0.0,0.0,0.0,0.0,0.0,0.0,0.0,0.0,0.0,0.0,0.0
14000,4713,2473,0.5247188627201358,1162,941,0.44621260343730107,1282,0.5440271589221303,0.442,3.0049107142857143,3.175024323735769,6.673770491803278,2.303269354161122,9451.61832121124,1521.454910824641,7853.0,10921.333178639412,10899.618741556236,6.908656527057434,7853.0,0.0,27.85741565881604,20.898957623075624,32.78226824955797,19.17642736049869,0.13812858052196053,0.10205813706768513,0.09569276469340122,0.08699342244854658,0.07956715467854869,0.07574793125397836,0.06407808190112455,0.06450244005941014,0.060683216634839804,0.054530023339698704,0.041374920432845325,0.04561850201570125,0.03225122002970507,0.02376405686399321,0.015701251856566942,0.010184595798854232,0.00912370040314025,0.9323512909646604,0.02360452698510494,0.0,0.0,0.0,0.0,0.0,0.0,0.0,0.0,0.0,0.0,0.0,0.0,0.0,0.0,0.0,0.0,0.0,0.0,0.0,0.0,0.0,0.0,0.0,0.0,0.0,0.07001909611712287,2.5143220878421393,12.966263526416299,12.272437937619355,2.176957352005093,4.304087736789631,2.955792580275719,nan,nan,nan,4.2895263509006005,2.9668330659869815,4.3185430463576155,2.9447203618911617,1.0067645453328251,0.4058,0.00953,0.0,0.0,0.0,0.0,0.0,0.0,0.0,0.0,0.0,0.0,0.0,8.294080203691903,21.65499681731382,0.05092297899427118,0.0,0.0,0.0,0.0,0.0,0.0,0.0,0.0,0.0,0.0,0.0,0.0,0.0,0.0,0.0,0.0,nan,nan,4.304087736789631,2.955792580275719,nan,0.4058,0.0452,0.0,0.0,0.0,0.0,0.0,0.0,0.0,0.0,0.0,0.0,0.0,0.0,0.0,0.0,0.0,0.0,0.0,0.0,0.0,0.0,0.0,0.0,0.0,1.0608953957139827e-05,2.1217907914279653e-05,0.0,0.00014852535539995756,0.0029492892000848718,0.000488011882028432,0.0036813070231275194,0.004095056227455973,0.006991300657755145,0.03730108211330363,0.038849989391046044,0.03408656906429026,0.04071716528750265,0.02922766815192022,0.043539147040101846,0.06340971780182474,0.11448122215149587,0.0686187141947804,0.035847655421175476,0.10268406535115637,0.09269043072353066,0.07816677275620623,0.07942923827710588,0.05428601739868449,0.027710587736049227,0.02507956715467855,0.004954381497984299,0.002196053469127944,0.0013261192446424783,0.0013685550604710375,0.00550604710375557,0.00013791640144281773,0.0,0.0,0.0,0.0,0.0,0.0,0.0,0.0,0.0,0.0,0.0,0.0,0.0,0.0,0.0,0.0,0.0,0.0,0.0,0.0,0.0,0.0,0.0,0.0,0.0,0.0,0.0,0.0,0.0,0.0,0.0,0.0,0.0,0.0,0.0,0.0,0.0,0.0,0.0,0.0,0.0,0.0,0.0,0.0,0.0,0.0,nan,nan,4.304087736789631,2.955792580275719,nan,0.9324272706881738,0.023334765119488954,0.0,0.0,0.0,0.0,0.0,0.0,0.0,0.0,0.0,0.0,0.0,0.0,0.0,0.0,0.0,0.0,0.0,0.0,0.0,0.0,0.0,0.0,0.0,0.0,0.0,0.07278608976951073,2.401940962393854,13.077234128588762,12.264456126162559,2.183582693085322,0.9322674079931208,0.023898532054945017,0.0,0.0,0.0,0.0,0.0,0.0,0.0,0.0,0.0,0.0,0.0,0.0,0.0,0.0,0.0,0.0,0.0,0.0,0.0,0.0,0.0,0.0,0.0,0.0,0.0,0.06696428571428573,2.6383928571428577,12.843750000000004,12.281250000000004,2.1696428571428577,0.4055,0.00944,0.0,0.0,0.0,0.0,0.0,0.0,0.0,0.0,0.0,0.0,0.0,8.382531338455305,21.556813586736762,0.060655074807925605,0.0,0.0,0.0,0.0,0.0,0.0,0.0,0.0,0.0,0.0,0.0,0.0,0.0,0.0,0.0,0.0,0.4058,0.00962,0.0,0.0,0.0,0.0,0.0,0.0,0.0,0.0,0.0,0.0,0.0,8.19642857142856,21.76339285714286,0.04017857142857143,0.0,0.0,0.0,0.0,0.0,0.0,0.0,0.0,0.0,0.0,0.0,0.0,0.0,0.0,0.0,0.0
14100,4953,2577,0.5202907328891581,1225,995,0.4482132041187159,1357,0.5479507369271149,0.43,3.0248316498316496,3.2290202757733173,6.875379939209727,2.2502215882156427,9437.905673138113,1521.849908308073,7853.0,10922.28375339508,10899.192393889434,7.004854285857432,7853.0,0.0,27.16656571774682,20.436462938099705,32.043624969872255,18.746955108305986,0.14314556834241873,0.10397738744195437,0.09327680193821926,0.09529578033515042,0.08197052291540481,0.06965475469412477,0.07046234605289724,0.059357964869775896,0.05834847567131032,0.0514839491217444,0.0514839491217444,0.03957197657985059,0.028871391076115485,0.02442963860286695,0.013930950938824955,0.010902483343428226,0.0038360589541691905,0.9310203721468892,0.023062133826759326,0.0,0.0,0.0,0.0,0.0,0.0,0.0,0.0,0.0,0.0,0.0,0.0,0.0,0.0,0.0,0.0,0.0,0.0,0.0,0.0,0.0,0.0,0.0,0.0,0.0,0.09691096305269536,2.5560266505148403,13.53119321623259,11.99273167777105,1.8231374924288313,4.333651096282174,3.0401228771233586,nan,nan,nan,4.344387755102041,3.0533135451093165,4.32298923369221,3.0269295334993718,0.995074444866322,0.4055,0.00964,0.0,0.0,0.0,0.0,0.0,0.0,0.0,0.0,0.0,0.0,0.00605693519079346,8.255602665051471,21.70199878861297,0.036341611144760755,0.0,0.0,0.0,0.0,0.0,0.0,0.0,0.0,0.0,0.0,0.0,0.0,0.0,0.0,0.0,0.0,nan,nan,4.333651096282174,3.0401228771233586,nan,0.4055,0.0449,0.0,0.0,0.0,0.0,0.0,0.0,0.0,0.0,0.0,0.0,0.0,0.0,0.0,0.0,0.0,0.0,0.0,0.0,0.0,0.0,0.0,0.0,0.0,0.0,0.0,0.0,7.066424389259035e-05,0.0018978396931152836,0.00035332121946295175,0.00343226327478296,0.004673934988895618,0.0065717746820109025,0.037805370482535836,0.03878457500504744,0.03386836260852009,0.040975166565717744,0.029204522511609127,0.04210579446799919,0.06500100948919847,0.11647486371895821,0.06903896628306078,0.03680597617605492,0.10364425600646072,0.09415505754088431,0.0760145366444579,0.07848778518069857,0.052281445588532205,0.027639814253987482,0.025206945285685442,0.004805168584696143,0.0021199273167777106,0.0011205330102967898,0.0014637593377750857,0.005895416919038966,0.00010094891984655764,0.0,0.0,0.0,0.0,0.0,0.0,0.0,0.0,0.0,0.0,0.0,0.0,0.0,0.0,0.0,0.0,0.0,0.0,0.0,0.0,0.0,0.0,0.0,0.0,0.0,0.0,0.0,0.0,0.0,0.0,0.0,0.0,0.0,0.0,0.0,0.0,0.0,0.0,0.0,0.0,0.0,0.0,0.0,0.0,0.0,0.0,nan,nan,4.333651096282174,3.0401228771233586,nan,0.930790306155331,0.023227160358850002,0.0,0.0,0.0,0.0,0.0,0.0,0.0,0.0,0.0,0.0,0.0,0.0,0.0,0.0,0.0,0.0,0.0,0.0,0.0,0.0,0.0,0.0,0.0,0.0,0.0,0.0931315483119907,2.619324796274739,13.748544819557628,11.641443538998839,1.8975552968568106,0.9312699007917735,0.022879186110012127,0.0,0.0,0.0,0.0,0.0,0.0,0.0,0.0,0.0,0.0,0.0,0.0,0.0,0.0,0.0,0.0,0.0,0.0,0.0,0.0,0.0,0.0,0.0,0.0,0.0,0.10101010101010104,2.487373737373738,13.295454545454549,12.373737373737377,1.7424242424242429,0.4055,0.009705,0.0,0.0,0.0,0.0,0.0,0.0,0.0,0.0,0.0,0.0,0.0,8.114086146682178,21.839348079161823,0.04656577415599535,0.0,0.0,0.0,0.0,0.0,0.0,0.0,0.0,0.0,0.0,0.0,0.0,0.0,0.0,0.0,0.0,0.4055,0.00958,0.0,0.0,0.0,0.0,0.0,0.0,0.0,0.0,0.0,0.0,0.01262626262626263,8.409090909090898,21.553030303030308,0.02525252525252526,0.0,0.0,0.0,0.0,0.0,0.0,0.0,0.0,0.0,0.0,0.0,0.0,0.0,0.0,0.0,0.0
14200,4577,2397,0.5237054839414463,1092,929,0.441555604107494,1242,0.542713567839196,0.446,3.0027522935779816,3.152542550858244,6.6825938566552905,2.134937097864804,9448.225721622453,1521.313808325211,7853.0,10927.746115803719,10899.035931525228,7.037787741263791,7853.0,0.0,27.915228315490495,21.201093568296848,33.01726392885169,19.48078901424422,0.14201441992571553,0.10858641031243173,0.09110771247542059,0.08804894035394363,0.0784356565435875,0.06620056805767971,0.06423421455101595,0.0672929866724929,0.055494865632510375,0.056150316801398294,0.04544461437622897,0.0367052654577234,0.03364649333624645,0.029058335154031025,0.01791566528293642,0.011361153594057243,0.008302381472580292,0.9301581913814916,0.023055935858884106,0.0,0.0,0.0,0.0,0.0,0.0,0.0,0.0,0.0,0.0,0.0,0.0,0.0,0.0,0.0,0.0,0.0,0.0,0.0,0.0,0.0,0.0,0.0,0.0,0.0,0.13764474546646277,2.733231374262618,13.90867380380162,11.470395455538565,1.750054620930741,4.295407813570939,2.8902330426246223,nan,nan,nan,4.288737201365188,2.895785352554637,4.302133516861666,2.8846084403541217,1.003123603724708,0.4058,0.009674,0.0,0.0,0.0,0.0,0.0,0.0,0.0,0.0,0.0,0.0,0.0,8.232466681232237,21.695433690190086,0.07209962857767098,0.0,0.0,0.0,0.0,0.0,0.0,0.0,0.0,0.0,0.0,0.0,0.0,0.0,0.0,0.0,0.0,nan,nan,4.295407813570939,2.8902330426246223,nan,0.4058,0.0449,0.0,0.0,0.0,0.0,0.0,0.0,0.0,0.0,0.0,0.0,0.0,0.0,0.0,0.0,0.0,0.0,0.0,0.0,0.0,0.0,0.0,0.0,0.0,0.0,0.0,0.0,8.739348918505571e-05,0.002053746995848809,0.0001201660476294516,0.0026327288616998035,0.005309154467992135,0.005483941446362246,0.03606073847498362,0.039774961765348484,0.03661787196853834,0.03950185711164518,0.0327070133275071,0.041020318986235524,0.06388464059427573,0.11902993227004588,0.06454009176316365,0.037284247323574396,0.10229407909110771,0.09549923530696963,0.07721214769499672,0.08042385842254753,0.049694122787852305,0.027911295608477167,0.024175223945816036,0.005025125628140704,0.002512562814070352,0.0014310683854052873,0.0013982958269608914,0.006139392615250164,0.00016386279222197948,1.0924186148131964e-05,0.0,0.0,0.0,0.0,0.0,0.0,0.0,0.0,0.0,0.0,0.0,0.0,0.0,0.0,0.0,0.0,0.0,0.0,0.0,0.0,0.0,0.0,0.0,0.0,0.0,0.0,0.0,0.0,0.0,0.0,0.0,0.0,0.0,0.0,0.0,0.0,0.0,0.0,0.0,0.0,0.0,0.0,0.0,0.0,0.0,nan,nan,4.295407813570939,2.8902330426246223,nan,0.9302889318778508,0.023223447668879897,0.0,0.0,0.0,0.0,0.0,0.0,0.0,0.0,0.0,0.0,0.0,0.0,0.0,0.0,0.0,0.0,0.0,0.0,0.0,0.0,0.0,0.0,0.0,0.0,0.0,0.12515644555694622,2.941176470588236,13.37922403003755,11.802252816020028,1.752190237797247,0.9300144368082012,0.022869470848664215,0.0,0.0,0.0,0.0,0.0,0.0,0.0,0.0,0.0,0.0,0.0,0.0,0.0,0.0,0.0,0.0,0.0,0.0,0.0,0.0,0.0,0.0,0.0,0.0,0.0,0.15137614678899086,2.504587155963303,14.490825688073398,11.105504587155965,1.7477064220183491,0.4055,0.009766,0.0,0.0,0.0,0.0,0.0,0.0,0.0,0.0,0.0,0.0,0.0,8.272841051314131,21.627033792240308,0.10012515644555697,0.0,0.0,0.0,0.0,0.0,0.0,0.0,0.0,0.0,0.0,0.0,0.0,0.0,0.0,0.0,0.0,0.4058,0.00957,0.0,0.0,0.0,0.0,0.0,0.0,0.0,0.0,0.0,0.0,0.0,8.188073394495401,21.770642201834864,0.04128440366972478,0.0,0.0,0.0,0.0,0.0,0.0,0.0,0.0,0.0,0.0,0.0,0.0,0.0,0.0,0.0,0.0
14300,4904,2557,0.5214110929853181,1209,989,0.44820554649265903,1367,0.5575040783034257,0.40599999999999997,2.943757988922028,3.021762850764821,6.3982035928143715,2.170873414941476,9441.17966936401,1521.5747396707209,7853.0,10924.63322865963,10898.926123801763,7.116464526433419,7853.0,0.0,27.845228384991845,20.640506076594196,32.69743217054263,18.8877311701297,0.1388662316476346,0.10012234910277325,0.09135399673735727,0.08707177814029364,0.07973083197389885,0.07871125611745514,0.06871941272430669,0.06545676998368678,0.05750407830342578,0.05546492659053834,0.050163132137031,0.03731647634584013,0.03181076672104405,0.023858075040783033,0.01794453507340946,0.00999184339314845,0.0059135399673735725,0.9304681550863322,0.02334948082552803,0.0,0.0,0.0,0.0,0.0,0.0,0.0,0.0,0.0,0.0,0.0,0.0,0.0,0.0,0.0,0.0,0.0,0.0,0.0,0.0,0.0,0.0,0.0,0.0,0.0,0.04893964110929854,2.807911908646004,13.709216965742254,11.56199021207178,1.8719412724306692,4.2202154626109,2.845178601019639,nan,nan,nan,4.19150285351934,2.8409727694268216,4.24889170360988,2.8490841123003374,1.0136917120412678,0.4053,0.00952,0.0,0.0,0.0,0.0,0.0,0.0,0.0,0.0,0.0,0.0,0.0,8.827487765089709,21.148042414355633,0.02446982055464927,0.0,0.0,0.0,0.0,0.0,0.0,0.0,0.0,0.0,0.0,0.0,0.0,0.0,0.0,0.0,0.0,nan,nan,4.2202154626109,2.845178601019639,nan,0.4053,0.0451,0.0,0.0,0.0,0.0,0.0,0.0,0.0,0.0,0.0,0.0,0.0,0.0,0.0,0.0,0.0,0.0,0.0,0.0,0.0,0.0,0.0,0.0,0.0,0.0,0.00010195758564437195,0.0,8.156606851549755e-05,0.0020901305057096247,0.00019371941272430668,0.00225326264274062,0.006871941272430669,0.005831973898858075,0.03774469820554649,0.04137438825448613,0.03617455138662316,0.03725530179445351,0.03296288743882545,0.04102773246329527,0.06276508972267536,0.11963703099510603,0.0641721044045677,0.03853996737357259,0.10440456769983687,0.09404567699836867,0.07729404567699837,0.08057707993474715,0.04908238172920065,0.025275285481239803,0.024000815660685154,0.004292414355628059,0.002110522022838499,0.0013560358890701467,0.0014885807504078303,0.006668026101141925,0.0001835236541598695,0.00013254486133768353,1.0195758564437194e-05,0.0,0.0,0.0,0.0,0.0,0.0,0.0,0.0,0.0,0.0,0.0,0.0,0.0,0.0,0.0,0.0,0.0,0.0,0.0,0.0,0.0,0.0,0.0,0.0,0.0,0.0,0.0,0.0,0.0,0.0,0.0,0.0,0.0,0.0,0.0,0.0,0.0,0.0,0.0,0.0,0.0,0.0,0.0,0.0,nan,nan,4.2202154626109,2.845178601019639,nan,0.9303034064496547,0.023650433653495517,0.0,0.0,0.0,0.0,0.0,0.0,0.0,0.0,0.0,0.0,0.0,0.0,0.0,0.0,0.0,0.0,0.0,0.0,0.0,0.0,0.0,0.0,0.0,0.0,0.0,0.058662495111458754,3.0856472428627306,13.410246382479471,11.65037152913571,1.7950723504106378,0.9306476447599514,0.023015779264811003,0.0,0.0,0.0,0.0,0.0,0.0,0.0,0.0,0.0,0.0,0.0,0.0,0.0,0.0,0.0,0.0,0.0,0.0,0.0,0.0,0.0,0.0,0.0,0.0,0.0,0.038346825734980834,2.5053259480187475,14.034938219002985,11.465700894759271,1.9556881124840226,0.4053,0.00942,0.0,0.0,0.0,0.0,0.0,0.0,0.0,0.0,0.0,0.0,0.0,8.799374266718798,21.165428236214318,0.03519749706687525,0.0,0.0,0.0,0.0,0.0,0.0,0.0,0.0,0.0,0.0,0.0,0.0,0.0,0.0,0.0,0.0,0.4053,0.00963,0.0,0.0,0.0,0.0,0.0,0.0,0.0,0.0,0.0,0.0,0.0,8.858116744780558,21.129100979974442,0.012782275244993611,0.0,0.0,0.0,0.0,0.0,0.0,0.0,0.0,0.0,0.0,0.0,0.0,0.0,0.0,0.0,0.0
14400,4907,2510,0.5115141634399837,1175,1042,0.4518035459547585,1387,0.5653148563276952,0.426,2.908635794743429,3.135980332965744,6.767213114754099,2.235680943795638,9411.055743839279,1522.5885485433623,7853.0,10921.939443707466,10898.96794223878,7.093895846296461,7853.0,0.0,27.19298960668433,20.512857081685425,32.32850834151129,18.71311961601215,0.14672916242103118,0.09965355614428367,0.09822702262074587,0.08599959241899327,0.077644181781129,0.07377216221724067,0.07825555329121663,0.06317505604238842,0.056449969431424496,0.050132463827185655,0.049521092317098024,0.03525575708171999,0.03016099449765641,0.024251069900142655,0.016507030772366007,0.008966782147951905,0.005298553087426126,0.9309919377390712,0.02318484296769417,0.0,0.0,0.0,0.0,0.0,0.0,0.0,0.0,0.0,0.0,0.0,0.0,0.0,0.0,0.0,0.0,0.0,0.0,0.0,0.0,0.0,0.0,0.0,0.0,0.006113715100876301,0.10393315671489711,2.622783778275933,13.321785204809458,12.135724475239456,1.809659669859385,4.282970550576184,2.9648956616825664,nan,nan,nan,4.299350649350649,2.9879627936548694,4.265950726468731,2.942815136043249,0.9922314029243083,0.405,0.009636,0.0,0.0,0.0,0.0,0.0,0.0,0.0,0.0,0.0,0.0,0.0,8.95047890768289,20.994497656409216,0.055023435907886706,0.0,0.0,0.0,0.0,0.0,0.0,0.0,0.0,0.0,0.0,0.0,0.0,0.0,0.0,0.0,0.0,nan,nan,4.282970550576184,2.9648956616825664,nan,0.405,0.04504,0.0,0.0,0.0,0.0,0.0,0.0,0.0,0.0,0.0,0.0,0.0,0.0,0.0,0.0,0.0,0.0,0.0,0.0,0.0,0.0,0.0,0.0,0.0,0.0,0.0,0.0,0.000122274302017526,0.0026594660688811903,0.00016303240269003463,0.0014061544732015489,0.006898308538822091,0.00618504177705319,0.03697778683513348,0.04228652944772773,0.03677399633177094,0.037721622172406766,0.03297330344405951,0.04149174648461382,0.062054208273894434,0.11820868147544325,0.06594660688811901,0.037263093539841044,0.10349500713266761,0.09372325249643366,0.07853067047075606,0.08192378235174241,0.04753413490931323,0.024495618504177707,0.024903199510902793,0.005033625433054819,0.001915630731607907,0.0014469125738740575,0.0013755858976971674,0.006123904626044427,0.0002649276543713063,0.00010189525168127165,0.0,0.0,0.0,0.0,0.0,0.0,0.0,0.0,0.0,0.0,0.0,0.0,0.0,0.0,0.0,0.0,0.0,0.0,0.0,0.0,0.0,0.0,0.0,0.0,0.0,0.0,0.0,0.0,0.0,0.0,0.0,0.0,0.0,0.0,0.0,0.0,0.0,0.0,0.0,0.0,0.0,0.0,0.0,0.0,0.0,nan,nan,4.282970550576184,2.9648956616825664,nan,0.93035252699814,0.023319652201344816,0.0,0.0,0.0,0.0,0.0,0.0,0.0,0.0,0.0,0.0,0.0,0.0,0.0,0.0,0.0,0.0,0.0,0.0,0.0,0.0,0.0,0.0,0.0,0.0,0.0,0.09561752988047811,2.8446215139442237,13.505976095617532,11.713147410358568,1.8406374501992036,0.9316614917481398,0.023023808102812137,0.0,0.0,0.0,0.0,0.0,0.0,0.0,0.0,0.0,0.0,0.0,0.0,0.0,0.0,0.0,0.0,0.0,0.0,0.0,0.0,0.0,0.0,0.0,0.0,0.012515644555694622,0.1126408010012516,2.3904881101376723,13.128911138923657,12.578222778473094,1.7772215269086362,0.4053,0.00957,0.0,0.0,0.0,0.0,0.0,0.0,0.0,0.0,0.0,0.0,0.0,8.784860557768912,21.167330677290842,0.04780876494023906,0.0,0.0,0.0,0.0,0.0,0.0,0.0,0.0,0.0,0.0,0.0,0.0,0.0,0.0,0.0,0.0,0.405,0.0097,0.0,0.0,0.0,0.0,0.0,0.0,0.0,0.0,0.0,0.0,0.0,9.123904881101364,20.813516896120156,0.06257822277847311,0.0,0.0,0.0,0.0,0.0,0.0,0.0,0.0,0.0,0.0,0.0,0.0,0.0,0.0,0.0,0.0
14500,4705,2428,0.5160467587672689,1138,970,0.44803400637619556,1318,0.5602550478214665,0.426,2.9811155028546334,3.092639906733355,6.567140600315955,2.152700102709682,9424.627704872753,1521.98090642576,7853.0,10923.014474511147,10898.514148033897,6.975780472417911,7853.0,0.0,27.875026567481402,20.921504608265707,32.76194086429113,19.225618309087825,0.13793836344314558,0.1030818278427205,0.09054197662061636,0.09117959617428267,0.08140276301806589,0.07821466524973432,0.06524973432518598,0.061211477151965996,0.05993623804463337,0.05100956429330499,0.043783209351753456,0.04208289054197662,0.033156216790648244,0.023379383634431455,0.017215727948990435,0.012964930924548352,0.0076514346439957494,0.9284949877436939,0.023475797646036897,0.0,0.0,0.0,0.0,0.0,0.0,0.0,0.0,0.0,0.0,0.0,0.0,0.0,0.0,0.0,0.0,0.0,0.0,0.0,0.0,0.0,0.0,0.0,0.0,0.0,0.12752391073326252,3.2709883103081836,13.93198724760893,11.120085015940491,1.5494155154091396,4.2565117045829215,2.8703398070479964,nan,nan,nan,4.295336787564767,2.8674660720118212,4.216252518468771,2.8727625613832632,0.9815883426591951,0.4053,0.00956,0.0,0.0,0.0,0.0,0.0,0.0,0.0,0.0,0.0,0.0,0.0,9.00318809776832,20.98405951115835,0.012752391073326251,0.0,0.0,0.0,0.0,0.0,0.0,0.0,0.0,0.0,0.0,0.0,0.0,0.0,0.0,0.0,0.0,nan,nan,4.2565117045829215,2.8703398070479964,nan,0.4053,0.04468,0.0,0.0,0.0,0.0,0.0,0.0,0.0,0.0,0.0,0.0,0.0,0.0,0.0,0.0,0.0,0.0,0.0,0.0,0.0,0.0,0.0,0.0,0.0,0.0,0.0,0.0,0.00010626992561105207,0.0017534537725823593,0.00022316684378320936,0.001647183846971307,0.0056854410201912856,0.006099893730074389,0.03506907545164718,0.041434643995749205,0.038746014877789586,0.039351753453772585,0.031987247608926676,0.04210414452709883,0.06375132837407013,0.11928799149840595,0.06820403825717322,0.034845908607863976,0.10397449521785335,0.09045696068012753,0.08191285866099894,0.08086078639744952,0.04690754516471839,0.023985122210414454,0.02585547290116897,0.005292242295430393,0.0017959617428267801,0.0012433581296493093,0.0013071200850159404,0.00536663124335813,0.000616365568544102,6.376195536663124e-05,4.250797024442083e-05,2.1253985122210414e-05,0.0,0.0,0.0,0.0,0.0,0.0,0.0,0.0,0.0,0.0,0.0,0.0,0.0,0.0,0.0,0.0,0.0,0.0,0.0,0.0,0.0,0.0,0.0,0.0,0.0,0.0,0.0,0.0,0.0,0.0,0.0,0.0,0.0,0.0,0.0,0.0,0.0,0.0,0.0,0.0,0.0,0.0,0.0,nan,nan,4.2565117045829215,2.8703398070479964,nan,0.9288742937749065,0.02349566543852863,0.0,0.0,0.0,0.0,0.0,0.0,0.0,0.0,0.0,0.0,0.0,0.0,0.0,0.0,0.0,0.0,0.0,0.0,0.0,0.0,0.0,0.0,0.0,0.0,0.0,0.1606260296540363,3.051894563426689,13.986820428336083,11.083196046128505,1.7174629324546955,0.9280905279089182,0.023447835023332527,0.0,0.0,0.0,0.0,0.0,0.0,0.0,0.0,0.0,0.0,0.0,0.0,0.0,0.0,0.0,0.0,0.0,0.0,0.0,0.0,0.0,0.0,0.0,0.0,0.0,0.09222661396574443,3.504611330698288,13.873517786561267,11.159420289855076,1.3702239789196315,0.405,0.00959,0.0,0.0,0.0,0.0,0.0,0.0,0.0,0.0,0.0,0.0,0.0,9.106260296540349,20.88138385502472,0.012355848434925867,0.0,0.0,0.0,0.0,0.0,0.0,0.0,0.0,0.0,0.0,0.0,0.0,0.0,0.0,0.0,0.0,0.4055,0.00953,0.0,0.0,0.0,0.0,0.0,0.0,0.0,0.0,0.0,0.0,0.0,8.893280632411054,21.093544137022402,0.013175230566534918,0.0,0.0,0.0,0.0,0.0,0.0,0.0,0.0,0.0,0.0,0.0,0.0,0.0,0.0,0.0,0.0
14600,4985,2557,0.512938816449348,1225,1014,0.44914744232698095,1405,0.563691073219659,0.40599999999999997,2.950988467874794,3.1152470627240785,6.657894736842105,2.1931403451933917,9415.036118921857,1522.1321607720486,7853.0,10927.2045058012,10898.26791272016,6.936520051056303,7853.0,0.0,27.49789368104313,20.558589747693592,32.50864138262122,18.769972169273235,0.14463390170511534,0.09789368104312939,0.09608826479438315,0.08365095285857573,0.07642928786359077,0.08365095285857573,0.07141424272818456,0.06098294884653962,0.05717151454363089,0.058776328986960884,0.04994984954864594,0.033901705115346036,0.03049147442326981,0.022266800401203612,0.0160481444332999,0.010230692076228686,0.0064192577733199595,0.927426671479626,0.02304346215865685,0.0,0.0,0.0,0.0,0.0,0.0,0.0,0.0,0.0,0.0,0.0,0.0,0.0,0.0,0.0,0.0,0.0,0.0,0.0,0.0,0.0,0.0,0.0,0.0,0.0,0.12036108324974927,3.4182547642928793,14.503510531594788,10.615847542627886,1.3420260782347044,4.2625978090766825,2.919294212202222,nan,nan,nan,4.339704069050555,2.8966819593431263,4.183089637635092,2.9403121587377052,0.9639112647029577,0.4058,0.009926,0.0,0.0,0.0,0.0,0.0,0.0,0.0,0.0,0.0,0.0,0.0,8.503510531594772,21.42427281845537,0.07221664994984955,0.0,0.0,0.0,0.0,0.0,0.0,0.0,0.0,0.0,0.0,0.0,0.0,0.0,0.0,0.0,0.0,nan,nan,4.2625978090766825,2.919294212202222,nan,0.4058,0.04495,0.0,0.0,0.0,0.0,0.0,0.0,0.0,0.0,0.0,0.0,0.0,0.0,0.0,0.0,0.0,0.0,0.0,0.0,0.0,0.0,0.0,0.0,0.0,0.0,0.0,3.0090270812437313e-05,5.0150451354062184e-05,0.0020561685055165498,0.0002808425275827482,0.0016248746238716149,0.0053059177532597795,0.0059679037111334005,0.0360481444332999,0.040020060180541626,0.038535606820461386,0.04053159478435306,0.03139418254764293,0.0419358074222668,0.06421263791374122,0.1162888665997994,0.0680641925777332,0.03310932798395186,0.10445336008024073,0.0885456369107322,0.08237713139418255,0.08022066198595787,0.05066198595787362,0.024764292878635907,0.027021063189568706,0.005817452357071214,0.0018455366098294884,0.001283851554663992,0.0012938816449348043,0.005757271815446339,0.0004613841524573721,0.0,2.0060180541624874e-05,2.0060180541624874e-05,0.0,0.0,0.0,0.0,0.0,0.0,0.0,0.0,0.0,0.0,0.0,0.0,0.0,0.0,0.0,0.0,0.0,0.0,0.0,0.0,0.0,0.0,0.0,0.0,0.0,0.0,0.0,0.0,0.0,0.0,0.0,0.0,0.0,0.0,0.0,0.0,0.0,0.0,0.0,0.0,0.0,0.0,0.0,nan,nan,4.2625978090766825,2.919294212202222,nan,0.927606245200523,0.0229393304335148,0.0,0.0,0.0,0.0,0.0,0.0,0.0,0.0,0.0,0.0,0.0,0.0,0.0,0.0,0.0,0.0,0.0,0.0,0.0,0.0,0.0,0.0,0.0,0.0,0.0,0.08212749315604226,3.496284708642942,14.466171294485727,10.629644114196326,1.325772389518968,0.9272375569803122,0.02315111428964102,0.0,0.0,0.0,0.0,0.0,0.0,0.0,0.0,0.0,0.0,0.0,0.0,0.0,0.0,0.0,0.0,0.0,0.0,0.0,0.0,0.0,0.0,0.0,0.0,0.0,0.1606260296540363,3.3360790774299844,14.542833607907745,10.601317957166396,1.3591433278418454,0.4055,0.00985,0.0,0.0,0.0,0.0,0.0,0.0,0.0,0.0,0.0,0.0,0.0,8.623386781384422,21.31795072350411,0.058662495111458754,0.0,0.0,0.0,0.0,0.0,0.0,0.0,0.0,0.0,0.0,0.0,0.0,0.0,0.0,0.0,0.0,0.4058,0.01,0.0,0.0,0.0,0.0,0.0,0.0,0.0,0.0,0.0,0.0,0.0,8.377265238879724,21.53624382207579,0.08649093904448107,0.0,0.0,0.0,0.0,0.0,0.0,0.0,0.0,0.0,0.0,0.0,0.0,0.0,0.0,0.0,0.0
14700,4645,2412,0.5192680301399354,1123,967,0.44994617868675996,1303,0.5610333692142089,0.43,2.9234214061800268,3.0076708215688446,6.378812199036918,2.1562557171030963,9434.36859476968,1521.567203309708,7853.0,10924.731366991997,10898.380233294014,6.900599637501589,7853.0,0.0,28.13885898815931,21.137457943182625,33.371996900025835,19.26528503707625,0.14531754574811626,0.09773950484391819,0.08503767491926803,0.08740581270182993,0.08266953713670613,0.07534983853606028,0.07276641550053821,0.059203444564047365,0.05382131324004306,0.05252960172228202,0.04930032292787944,0.03982777179763186,0.03229278794402583,0.0271259418729817,0.02131324004305705,0.012055974165769645,0.006243272335844994,0.9276527795647908,0.022777588071705785,0.0,0.0,0.0,0.0,0.0,0.0,0.0,0.0,0.0,0.0,0.0,0.0,0.0,0.0,0.0,0.0,0.0,0.0,0.0,0.0,0.0,0.0,0.0,0.0,0.0,0.08396124865446719,3.3972012917115184,14.389666307857915,10.850376749192684,1.2787944025834233,4.1176665561816375,2.785755492992935,nan,nan,nan,4.161204013377926,2.8111281293666313,4.076923076923077,2.7597177532458894,0.9797460215399454,0.4055,0.0095,0.0,0.0,0.0,0.0,0.0,0.0,0.0,0.0,0.0,0.0,0.0,8.099031216361668,21.888051668460715,0.012917115177610336,0.0,0.0,0.0,0.0,0.0,0.0,0.0,0.0,0.0,0.0,0.0,0.0,0.0,0.0,0.0,0.0,nan,nan,4.1176665561816375,2.785755492992935,nan,0.4055,0.04495,0.0,0.0,0.0,0.0,0.0,0.0,0.0,0.0,0.0,0.0,0.0,0.0,0.0,0.0,0.0,0.0,0.0,0.0,0.0,0.0,0.0,0.0,0.0,0.0,0.0,0.0,0.0,0.002303552206673843,0.00016146393972012917,0.0015392895586652314,0.0058019375672766415,0.005726587728740581,0.03692142088266954,0.03942949407965554,0.039741657696447795,0.039956942949407964,0.03161463939720129,0.04060279870828848,0.06494079655543596,0.11491926803013994,0.06719052744886975,0.03351991388589882,0.10806243272335846,0.08885898815931109,0.07973089343379978,0.08023681377825619,0.05297093649085038,0.023918191603875136,0.02542518837459634,0.005629709364908504,0.0017115177610333692,0.0013240043057050593,0.001496232508073197,0.005672766415500539,0.0005274488697524219,0.0,6.458557588805168e-05,0.0,0.0,0.0,0.0,0.0,0.0,0.0,0.0,0.0,0.0,0.0,0.0,0.0,0.0,0.0,0.0,0.0,0.0,0.0,0.0,0.0,0.0,0.0,0.0,0.0,0.0,0.0,0.0,0.0,0.0,0.0,0.0,0.0,0.0,0.0,0.0,0.0,0.0,0.0,0.0,0.0,0.0,0.0,0.0,nan,nan,4.1176665561816375,2.785755492992935,nan,0.9278618164768266,0.02283435850118426,0.0,0.0,0.0,0.0,0.0,0.0,0.0,0.0,0.0,0.0,0.0,0.0,0.0,0.0,0.0,0.0,0.0,0.0,0.0,0.0,0.0,0.0,0.0,0.0,0.0,0.08706467661691544,3.432835820895523,14.228855721393037,10.957711442786072,1.293532338308458,0.9274269859992599,0.022713946297389175,0.0,0.0,0.0,0.0,0.0,0.0,0.0,0.0,0.0,0.0,0.0,0.0,0.0,0.0,0.0,0.0,0.0,0.0,0.0,0.0,0.0,0.0,0.0,0.0,0.0,0.08060904612628751,3.3587102552619803,14.563367666815946,10.734437975817288,1.2628750559785045,0.4055,0.009445,0.0,0.0,0.0,0.0,0.0,0.0,0.0,0.0,0.0,0.0,0.0,8.034825870646754,21.952736318407965,0.012437810945273634,0.0,0.0,0.0,0.0,0.0,0.0,0.0,0.0,0.0,0.0,0.0,0.0,0.0,0.0,0.0,0.0,0.4055,0.00956,0.0,0.0,0.0,0.0,0.0,0.0,0.0,0.0,0.0,0.0,0.0,8.168383340797122,21.81818181818182,0.013434841021047922,0.0,0.0,0.0,0.0,0.0,0.0,0.0,0.0,0.0,0.0,0.0,0.0,0.0,0.0,0.0,0.0
14800,4934,2482,0.503040129712201,1117,1049,0.4389947304418322,1387,0.5622213214430483,0.41,2.9184339314845023,3.123196823083124,6.661514683153014,2.244303011088384,9384.887281243455,1522.6094664352802,7853.0,10922.247562408447,10898.258600183402,7.09352129902698,7853.0,0.0,27.200445885691124,20.605432748165406,32.21463296062227,18.902401885945487,0.14410214835832996,0.10559383867044994,0.09566274827725983,0.08856911228212404,0.08167815160113498,0.06992298338062423,0.06931495743818403,0.06850425618159708,0.055127685447912446,0.05289825699229834,0.04357519254154844,0.04073773814349412,0.030806647750304013,0.020672882042967168,0.015200648561005269,0.010336441021483584,0.007296311309282529,0.9274899309156006,0.023216997250448512,0.0,0.0,0.0,0.0,0.0,0.0,0.0,0.0,0.0,0.0,0.0,0.0,0.0,0.0,0.0,0.0,0.0,0.0,0.0,0.0,0.0,0.0,0.0,0.0,0.0,0.15200648561005273,3.246858532630726,14.47101743007702,10.786380218889342,1.3437373327928661,4.369235730409545,2.891358935561929,nan,nan,nan,4.443729903536977,2.9223417433059535,4.294307891332471,2.857899099609194,0.9663746412477559,0.4053,0.00932,0.0,0.0,0.0,0.0,0.0,0.0,0.0,0.0,0.0,0.0,0.0,8.71909201459261,21.238346169436568,0.042561815970814765,0.0,0.0,0.0,0.0,0.0,0.0,0.0,0.0,0.0,0.0,0.0,0.0,0.0,0.0,0.0,0.0,nan,nan,4.369235730409545,2.891358935561929,nan,0.4053,0.04477,0.0,0.0,0.0,0.0,0.0,0.0,0.0,0.0,0.0,0.0,0.0,0.0,0.0,0.0,0.0,0.0,0.0,0.0,0.0,0.0,0.0,0.0,0.0,0.0,0.0,0.0,0.0,0.0024625050668828537,0.0003749493311714633,0.0011147142278070531,0.004762869882448318,0.0052898256992298335,0.03716051884880422,0.0402918524523713,0.03978516416700446,0.038295500608025945,0.03440413457640859,0.040464126469396025,0.06724766923388731,0.11589987839481151,0.06758208350222943,0.03521483583299554,0.10749898662342927,0.08785974868261046,0.07830360762059181,0.08127280097284151,0.04906769355492501,0.02393595460072963,0.025516822051074178,0.005391163356303202,0.0014085934333198217,0.0007600324280502634,0.001246453182002432,0.006657884069720308,0.0006282934738548845,2.0267531414673694e-05,8.107012565869477e-05,0.0,0.0,0.0,0.0,0.0,0.0,0.0,0.0,0.0,0.0,0.0,0.0,0.0,0.0,0.0,0.0,0.0,0.0,0.0,0.0,0.0,0.0,0.0,0.0,0.0,0.0,0.0,0.0,0.0,0.0,0.0,0.0,0.0,0.0,0.0,0.0,0.0,0.0,0.0,0.0,0.0,0.0,0.0,0.0,nan,nan,4.369235730409545,2.891358935561929,nan,0.9278397641769828,0.02366695370457178,0.0,0.0,0.0,0.0,0.0,0.0,0.0,0.0,0.0,0.0,0.0,0.0,0.0,0.0,0.0,0.0,0.0,0.0,0.0,0.0,0.0,0.0,0.0,0.0,0.0,0.16921837228041905,3.384367445608381,14.069298952457698,10.938759065269947,1.438356164383562,0.9271358174756534,0.022746996363721985,0.0,0.0,0.0,0.0,0.0,0.0,0.0,0.0,0.0,0.0,0.0,0.0,0.0,0.0,0.0,0.0,0.0,0.0,0.0,0.0,0.0,0.0,0.0,0.0,0.0,0.134584013050571,3.1076672104404577,14.877650897226756,10.632137030995109,1.2479608482871127,0.4053,0.00933,0.0,0.0,0.0,0.0,0.0,0.0,0.0,0.0,0.0,0.0,0.0,8.775181305398858,21.16438356164384,0.06043513295729252,0.0,0.0,0.0,0.0,0.0,0.0,0.0,0.0,0.0,0.0,0.0,0.0,0.0,0.0,0.0,0.0,0.4053,0.00932,0.0,0.0,0.0,0.0,0.0,0.0,0.0,0.0,0.0,0.0,0.0,8.66231647634583,21.313213703099517,0.02446982055464927,0.0,0.0,0.0,0.0,0.0,0.0,0.0,0.0,0.0,0.0,0.0,0.0,0.0,0.0,0.0,0.0
14900,4462,2309,0.5174809502465262,1053,888,0.4350067234424025,1262,0.5656656207978485,0.39799999999999996,2.900139340455179,2.971261166687951,6.197802197802198,2.131868131868132,9428.839236657297,1521.6833833485823,7853.0,10919.92787206173,10898.212071877375,6.943952230968568,7853.0,0.0,28.684222321828777,20.956744363118247,33.506087877183695,19.142913246816054,0.13334827431645002,0.09524876736889287,0.09771402958314657,0.08225011205737337,0.07575078440161363,0.07104437471985657,0.06902734199910354,0.06678619453160017,0.061855670103092786,0.05423576871358135,0.05311519497982967,0.04235768713581354,0.033168982519049754,0.027790228597041687,0.020618556701030927,0.009861048857014791,0.00582698341550874,0.927330908661517,0.02295190933360318,0.0,0.0,0.0,0.0,0.0,0.0,0.0,0.0,0.0,0.0,0.0,0.0,0.0,0.0,0.0,0.0,0.0,0.0,0.0,0.0,0.0,0.0,0.0,0.0,0.0,0.12774540564769166,3.2675930076199022,14.71089197669207,10.555804571940836,1.3379650380995072,4.144486692015209,2.705603801962985,nan,nan,nan,4.115062761506276,2.697952972187158,4.17340644276902,2.712791542053506,1.014178078110621,0.4055,0.00973,0.0,0.0,0.0,0.0,0.0,0.0,0.0,0.0,0.0,0.0,0.0,8.545495293590305,21.373823397579564,0.08068130883012103,0.0,0.0,0.0,0.0,0.0,0.0,0.0,0.0,0.0,0.0,0.0,0.0,0.0,0.0,0.0,0.0,nan,nan,4.144486692015209,2.705603801962985,nan,0.4055,0.04486,0.0,0.0,0.0,0.0,0.0,0.0,0.0,0.0,0.0,0.0,0.0,0.0,0.0,0.0,0.0,0.0,0.0,0.0,0.0,0.0,0.0,0.0,3.3617212012550426e-05,1.1205737337516808e-05,0.0,0.0,0.0,0.0019497982967279248,0.0003809950694755715,0.0012550425818018825,0.005322725235320484,0.005076199013895114,0.03954504706409682,0.0395338413267593,0.03784177498879426,0.03695652173913044,0.034435230838189154,0.0398700134468848,0.0664724338861497,0.11767144778126401,0.0672008068130883,0.0341326759300762,0.10569251456745854,0.08577991931869117,0.0773980277902286,0.08731510533393097,0.05162483191393994,0.023195876288659795,0.02572837292693859,0.005053787539220081,0.0011429852084267145,0.0006947557149260421,0.0011541909457642313,0.006902734199910354,0.0005378753922008068,0.0,8.964589870013447e-05,0.0,0.0,0.0,0.0,0.0,0.0,0.0,0.0,0.0,0.0,0.0,0.0,0.0,0.0,0.0,0.0,0.0,0.0,0.0,0.0,0.0,0.0,0.0,0.0,0.0,0.0,0.0,0.0,0.0,0.0,0.0,0.0,0.0,0.0,0.0,0.0,0.0,0.0,0.0,0.0,0.0,0.0,0.0,0.0,nan,nan,4.144486692015209,2.705603801962985,nan,0.9273095268251164,0.023183197931849947,0.0,0.0,0.0,0.0,0.0,0.0,0.0,0.0,0.0,0.0,0.0,0.0,0.0,0.0,0.0,0.0,0.0,0.0,0.0,0.0,0.0,0.0,0.0,0.0,0.0,0.1429190125595496,3.339107838891296,14.785621481160678,10.264183629276745,1.468168038111737,0.9273538397624224,0.022701221267899738,0.0,0.0,0.0,0.0,0.0,0.0,0.0,0.0,0.0,0.0,0.0,0.0,0.0,0.0,0.0,0.0,0.0,0.0,0.0,0.0,0.0,0.0,0.0,0.0,0.0,0.11147236414305622,3.1908964235949844,14.63074779377613,10.86855550394798,1.1983279145378545,0.4055,0.009735,0.0,0.0,0.0,0.0,0.0,0.0,0.0,0.0,0.0,0.0,0.0,8.380251190991759,21.52880034647034,0.09094846253789522,0.0,0.0,0.0,0.0,0.0,0.0,0.0,0.0,0.0,0.0,0.0,0.0,0.0,0.0,0.0,0.0,0.4055,0.00972,0.0,0.0,0.0,0.0,0.0,0.0,0.0,0.0,0.0,0.0,0.0,8.722712494194136,21.207617278216446,0.06967022758941013,0.0,0.0,0.0,0.0,0.0,0.0,0.0,0.0,0.0,0.0,0.0,0.0,0.0,0.0,0.0,0.0
15000,4307,2259,0.524495008126306,1088,901,0.4618063617367077,1200,0.5572324123519852,0.41,2.9951171875,3.0869520620090767,6.536082474226804,2.2077426499296235,9450.125411263814,1520.7170251694165,7853.0,10926.288669109344,10898.072663263943,7.164225991974635,7853.0,0.0,27.985837009519386,20.76582389052349,32.8901766004415,18.980051470740193,0.1404690039470629,0.09310424889714418,0.08962154631994428,0.08846064546087765,0.08497794288367773,0.07894125841653123,0.07406547480845135,0.0640817274204783,0.058741583468771764,0.04713257487810541,0.04991873693986534,0.03947062920826561,0.030415602507545856,0.022985837009519387,0.01857441374506617,0.01068028790341305,0.008358486185279778,0.926556107794184,0.02360869163090782,0.0,0.0,0.0,0.0,0.0,0.0,0.0,0.0,0.0,0.0,0.0,0.0,0.0,0.0,0.0,0.0,0.0,0.0,0.0,0.0,0.0,0.0,0.0,0.0,0.0,0.15323891339679593,3.8727652658462977,14.216391920130024,10.462038541908523,1.2955653587183658,4.1306194690265485,2.9180428291136016,nan,nan,nan,4.171753016323634,2.9174149492043115,4.089689265536723,2.9180919999878765,0.9803287130216474,0.4055,0.00962,0.0,0.0,0.0,0.0,0.0,0.0,0.0,0.0,0.0,0.0,0.0,8.699791037845356,21.244485720919435,0.05572324123519853,0.0,0.0,0.0,0.0,0.0,0.0,0.0,0.0,0.0,0.0,0.0,0.0,0.0,0.0,0.0,0.0,nan,nan,4.1306194690265485,2.9180428291136016,nan,0.4055,0.04504,0.0,0.0,0.0,0.0,0.0,0.0,0.0,0.0,0.0,0.0,0.0,0.0,0.0,0.0,0.0,0.0,0.0,0.0,0.0,0.0,0.0,0.0,4.643603436266543e-05,0.0,2.3218017181332715e-05,0.0,0.0,0.0018574413745066172,0.00045275133503598793,0.0017181332714186208,0.0055491061063385186,0.004713257487810541,0.04053865799860692,0.03818202925470165,0.03788019503134432,0.03783375899698166,0.03574413745066171,0.04003947062920826,0.06932899930345948,0.11668214534478756,0.06679823543069421,0.03361968887856977,0.10132342697933597,0.08410726723937775,0.08020664035291386,0.087613187833759,0.050313443231947995,0.025377292779196658,0.024425354074762016,0.0044578592988158815,0.0010215927559786395,0.0004295333178546552,0.0016020431855119572,0.007244021360575807,0.000847457627118644,0.0,2.3218017181332715e-05,0.0,0.0,0.0,0.0,0.0,0.0,0.0,0.0,0.0,0.0,0.0,0.0,0.0,0.0,0.0,0.0,0.0,0.0,0.0,0.0,0.0,0.0,0.0,0.0,0.0,0.0,0.0,0.0,0.0,0.0,0.0,0.0,0.0,0.0,0.0,0.0,0.0,0.0,0.0,0.0,0.0,0.0,0.0,0.0,nan,nan,4.1306194690265485,2.9180428291136016,nan,0.9270055089022218,0.023799252669441173,0.0,0.0,0.0,0.0,0.0,0.0,0.0,0.0,0.0,0.0,0.0,0.0,0.0,0.0,0.0,0.0,0.0,0.0,0.0,0.0,0.0,0.0,0.0,0.0,0.0,0.19920318725099606,3.7184594953519263,13.984063745019924,10.770252324037186,1.3280212483399736,0.9260604060837068,0.02338668348187165,0.0,0.0,0.0,0.0,0.0,0.0,0.0,0.0,0.0,0.0,0.0,0.0,0.0,0.0,0.0,0.0,0.0,0.0,0.0,0.0,0.0,0.0,0.0,0.0,0.0,0.10253906250000003,4.042968750000001,14.472656250000004,10.122070312500002,1.2597656250000002,0.4053,0.00964,0.0,0.0,0.0,0.0,0.0,0.0,0.0,0.0,0.0,0.0,0.0,9.017264276228406,20.929614873837984,0.05312084993359895,0.0,0.0,0.0,0.0,0.0,0.0,0.0,0.0,0.0,0.0,0.0,0.0,0.0,0.0,0.0,0.0,0.4055,0.0096,0.0,0.0,0.0,0.0,0.0,0.0,0.0,0.0,0.0,0.0,0.0,8.349609374999988,21.591796875000004,0.058593750000000014,0.0,0.0,0.0,0.0,0.0,0.0,0.0,0.0,0.0,0.0,0.0,0.0,0.0,0.0,0.0,0.0
15100,4093,2159,0.5274859516247251,979,822,0.4400195455655998,1123,0.5487417542145125,0.43,3.029989658738366,3.160336253086283,6.766791044776119,2.2376730653476815,9459.180172764334,1520.1925892896868,7853.0,10920.834710538387,10897.97241645411,7.0117951197391815,7853.0,0.0,27.989249938920107,20.91193316487583,32.869956458635706,19.19648417021665,0.1380405570486196,0.09699486928903005,0.10188126068898119,0.08600048863913999,0.07842658196921573,0.07500610798924993,0.06498900561935012,0.06572196432934278,0.055460542389445394,0.05081847055949182,0.0486195944295138,0.04153432689958466,0.03371610065966284,0.027852430979721475,0.019301246029806988,0.010505741509894943,0.005130710969948693,0.926395503941067,0.022991771345187827,0.0,0.0,0.0,0.0,0.0,0.0,0.0,0.0,0.0,0.0,0.0,0.0,0.0,0.0,0.0,0.0,0.0,0.0,0.0,0.0,0.0,0.0,0.0,0.0,0.007329587099926706,0.1172733935988273,3.5255313950647458,15.054971903249454,9.938920107500612,1.3559736134864404,4.323024054982818,2.9134598079422767,nan,nan,nan,4.354566385264774,2.914250367312787,4.291793313069909,2.912340289760031,0.9855845412284263,0.4058,0.009544,0.0,0.0,0.0,0.0,0.0,0.0,0.0,0.0,0.0,0.0,0.0,8.363058881016357,21.56364524798437,0.07329587099926706,0.0,0.0,0.0,0.0,0.0,0.0,0.0,0.0,0.0,0.0,0.0,0.0,0.0,0.0,0.0,0.0,nan,nan,4.323024054982818,2.9134598079422767,nan,0.4058,0.0451,0.0,0.0,0.0,0.0,0.0,0.0,0.0,0.0,0.0,0.0,0.0,0.0,0.0,0.0,0.0,0.0,0.0,0.0,0.0,0.0,0.0,0.0,0.0,0.0,0.0,4.886391399951136e-05,0.0,0.0021744441729782556,0.0006596628389934034,0.001832396774981676,0.005509406303444906,0.004605423894453946,0.0424505252870755,0.03918885902760811,0.03570730515514293,0.03541412167114586,0.03443684339115563,0.04050818470559492,0.06878817493281211,0.11564866845834351,0.06490349376985097,0.03193256779868067,0.10205228438797947,0.08442462741265576,0.08023454678719766,0.08970193012460298,0.05421451258245785,0.02857317371121427,0.02201319325677987,0.005497190324945028,0.0009406303444905937,0.0006230149034937699,0.0016369411189836305,0.005607134131443928,0.0005741509894942585,0.0,9.772782799902272e-05,0.0,0.0,0.0,0.0,0.0,0.0,0.0,0.0,0.0,0.0,0.0,0.0,0.0,0.0,0.0,0.0,0.0,0.0,0.0,0.0,0.0,0.0,0.0,0.0,0.0,0.0,0.0,0.0,0.0,0.0,0.0,0.0,0.0,0.0,0.0,0.0,0.0,0.0,0.0,0.0,0.0,0.0,0.0,0.0,nan,nan,4.323024054982818,2.9134598079422767,nan,0.9262643421673565,0.023148604676596386,0.0,0.0,0.0,0.0,0.0,0.0,0.0,0.0,0.0,0.0,0.0,0.0,0.0,0.0,0.0,0.0,0.0,0.0,0.0,0.0,0.0,0.0,0.0,0.0,0.0,0.13895321908290878,3.571097730430756,15.02084298286244,9.865678554886523,1.4034275127373785,0.9265419249697333,0.022814527953780032,0.0,0.0,0.0,0.0,0.0,0.0,0.0,0.0,0.0,0.0,0.0,0.0,0.0,0.0,0.0,0.0,0.0,0.0,0.0,0.0,0.0,0.0,0.0,0.0,0.01551189245087901,0.09307135470527406,3.4746639089968987,15.093071354705279,10.02068252326784,1.3029989658738368,0.4058,0.00956,0.0,0.0,0.0,0.0,0.0,0.0,0.0,0.0,0.0,0.0,0.0,8.337193144974513,21.621120889300606,0.04168596572487263,0.0,0.0,0.0,0.0,0.0,0.0,0.0,0.0,0.0,0.0,0.0,0.0,0.0,0.0,0.0,0.0,0.4055,0.00954,0.0,0.0,0.0,0.0,0.0,0.0,0.0,0.0,0.0,0.0,0.0,8.391933815925531,21.49948293691831,0.10858324715615308,0.0,0.0,0.0,0.0,0.0,0.0,0.0,0.0,0.0,0.0,0.0,0.0,0.0,0.0,0.0,0.0
15200,4153,2118,0.5099927763062846,978,867,0.44425716349626776,1179,0.5677823260293764,0.414,2.95970515970516,3.066077841200809,6.563734290843806,2.1282857932451145,9406.144291812143,1522.4157603236765,7853.0,10921.65088993311,10898.424100045246,6.843012239338281,7853.0,0.0,27.87141825186612,20.91393240373814,32.76603665521191,19.210847421008,0.1386949193354202,0.09920539369130749,0.0963159162051529,0.08836985311822779,0.08210931856489286,0.07536720443053214,0.07006982903924873,0.060679027209246325,0.05321454370334698,0.05490007223693715,0.047194798940524925,0.039971105225138456,0.03371057067180352,0.02335660967974958,0.018540813869491933,0.008668432458463762,0.00963159162051529,0.927732636677108,0.022977877407320928,0.0,0.0,0.0,0.0,0.0,0.0,0.0,0.0,0.0,0.0,0.0,0.0,0.0,0.0,0.0,0.0,0.0,0.0,0.0,0.0,0.0,0.0,0.0,0.0,0.0,0.18781603660004823,2.954490729593066,14.6279797736576,10.871659041656635,1.3580544184926562,4.302769461077844,2.8566067126791643,nan,nan,nan,4.237212750185322,2.883208707954633,4.369614512471656,2.827659853031385,1.0312473718202,0.4058,0.0093,0.0,0.0,0.0,0.0,0.0,0.0,0.0,0.0,0.0,0.0,0.0,8.119431736094377,21.851673489044067,0.028894774861545878,0.0,0.0,0.0,0.0,0.0,0.0,0.0,0.0,0.0,0.0,0.0,0.0,0.0,0.0,0.0,0.0,nan,nan,4.302769461077844,2.8566067126791643,nan,0.4058,0.04465,0.0,0.0,0.0,0.0,0.0,0.0,0.0,0.0,0.0,0.0,0.0,0.0,0.0,0.0,0.0,0.0,0.0,0.0,0.0,0.0,0.0,0.0,0.0,0.0,0.0,1.2039489525644112e-05,9.63159162051529e-05,0.0020948711774620757,0.0006140139658078498,0.002034673729833855,0.006296653021911871,0.004575006019744763,0.040392487358536,0.038598603419215026,0.036804719479894055,0.03188056826390561,0.034697808812906336,0.0385384059715868,0.07268239826631351,0.11561521791476041,0.0647122562003371,0.03337346496508548,0.10626053455333494,0.08091740910185408,0.08090536961232844,0.09007946063086925,0.05786178666024561,0.02842523477004575,0.019215025282928004,0.005574283650373224,0.0012400674211413437,0.0004695400915001204,0.001276185889718276,0.0037924392005778953,0.0007344088610642909,2.4078979051288225e-05,0.00020467132193594992,0.0,0.0,0.0,0.0,0.0,0.0,0.0,0.0,0.0,0.0,0.0,0.0,0.0,0.0,0.0,0.0,0.0,0.0,0.0,0.0,0.0,0.0,0.0,0.0,0.0,0.0,0.0,0.0,0.0,0.0,0.0,0.0,0.0,0.0,0.0,0.0,0.0,0.0,0.0,0.0,0.0,0.0,0.0,0.0,nan,nan,4.302769461077844,2.8566067126791643,nan,0.9279888277069592,0.022628351718534532,0.0,0.0,0.0,0.0,0.0,0.0,0.0,0.0,0.0,0.0,0.0,0.0,0.0,0.0,0.0,0.0,0.0,0.0,0.0,0.0,0.0,0.0,0.0,0.0,0.0,0.14164305949008502,2.8753541076487257,14.674220963172807,10.977337110481589,1.331444759206799,0.9274659965782259,0.023333112653600222,0.0,0.0,0.0,0.0,0.0,0.0,0.0,0.0,0.0,0.0,0.0,0.0,0.0,0.0,0.0,0.0,0.0,0.0,0.0,0.0,0.0,0.0,0.0,0.0,0.0,0.23587223587223594,3.0368550368550378,14.579852579852583,10.761670761670764,1.3857493857493859,0.4058,0.0091,0.0,0.0,0.0,0.0,0.0,0.0,0.0,0.0,0.0,0.0,0.0,8.045325779036816,21.92634560906516,0.028328611898017005,0.0,0.0,0.0,0.0,0.0,0.0,0.0,0.0,0.0,0.0,0.0,0.0,0.0,0.0,0.0,0.0,0.4058,0.0095,0.0,0.0,0.0,0.0,0.0,0.0,0.0,0.0,0.0,0.0,0.0,8.196560196560185,21.773955773955777,0.029484029484029492,0.0,0.0,0.0,0.0,0.0,0.0,0.0,0.0,0.0,0.0,0.0,0.0,0.0,0.0,0.0,0.0
15300,4262,2196,0.5152510558423276,1032,873,0.4469732519943688,1207,0.5664007508212107,0.426,3.0237173281703775,3.1285647896812256,6.619127516778524,2.106454584515265,9421.942524600749,1521.8026454598637,7853.0,10921.27691090107,10898.005938000177,6.914377354174869,7853.0,0.0,27.948615673392773,20.865852437484094,32.924475524475525,19.1004090198332,0.1381980290943219,0.09713749413420929,0.09784138901923979,0.08610980760206476,0.08352885969028626,0.07156264664476772,0.0689816987329892,0.06311590802440169,0.05936180197090568,0.05232285312060066,0.04809948381041764,0.042702956358517126,0.03144063819802909,0.02252463632097607,0.017832003754106054,0.012904739558892538,0.006335053965274519,0.9263261261678872,0.02340797466635359,0.0,0.0,0.0,0.0,0.0,0.0,0.0,0.0,0.0,0.0,0.0,0.0,0.0,0.0,0.0,0.0,0.0,0.0,0.0,0.0,0.0,0.0,0.0,0.0,0.007038948850305023,0.13374002815579542,3.8714218676677623,14.648052557484752,10.072735804786486,1.267010793054904,4.3945454545454545,2.9202066042611174,nan,nan,nan,4.43956043956044,2.9056297176121513,4.350180505415162,2.9338264284964355,0.979867391071237,0.4055,0.00945,0.0,0.0,0.0,0.0,0.0,0.0,0.0,0.0,0.0,0.0,0.0,8.573439699671503,21.412482402627877,0.014077897700610046,0.0,0.0,0.0,0.0,0.0,0.0,0.0,0.0,0.0,0.0,0.0,0.0,0.0,0.0,0.0,0.0,nan,nan,4.3945454545454545,2.9202066042611174,nan,0.4055,0.04446,0.0,0.0,0.0,0.0,0.0,0.0,0.0,0.0,0.0,0.0,0.0,0.0,0.0,0.0,0.0,0.0,0.0,0.0,0.0,0.0,0.0,0.0,0.0,1.1731581417175035e-05,0.0,7.03894885030502e-05,8.212106992022524e-05,0.0019709056780854058,0.0006100422336931019,0.002275926794931957,0.00687470671046457,0.0038010323791647115,0.04042702956358517,0.03646175504458001,0.03708352885969029,0.03291881745659315,0.032871891130924445,0.03859690286250587,0.07950492726419521,0.11343266072266542,0.06642421398404505,0.03390427029563585,0.10661661191928672,0.0791412482402628,0.08194509619896762,0.089007508212107,0.05423510089160019,0.028906616611919286,0.019826372595025808,0.005760206475832942,0.001055842327545753,0.0003519474425152511,0.0014899108399812294,0.003671984983575786,0.0004692632566870014,0.0,0.0001642421398404505,3.51947442515251e-05,0.0,0.0,0.0,0.0,0.0,0.0,0.0,0.0,0.0,0.0,0.0,0.0,0.0,0.0,0.0,0.0,0.0,0.0,0.0,0.0,0.0,0.0,0.0,0.0,0.0,0.0,0.0,0.0,0.0,0.0,0.0,0.0,0.0,0.0,0.0,0.0,0.0,0.0,0.0,0.0,0.0,0.0,0.0,nan,nan,4.3945454545454545,2.9202066042611174,nan,0.9265870611795745,0.02311384283339253,0.0,0.0,0.0,0.0,0.0,0.0,0.0,0.0,0.0,0.0,0.0,0.0,0.0,0.0,0.0,0.0,0.0,0.0,0.0,0.0,0.0,0.0,0.0,0.0,0.0,0.10928961748633882,3.7021857923497277,14.918032786885249,9.93169398907104,1.3387978142076504,0.9260487722058033,0.023713467605511875,0.0,0.0,0.0,0.0,0.0,0.0,0.0,0.0,0.0,0.0,0.0,0.0,0.0,0.0,0.0,0.0,0.0,0.0,0.0,0.0,0.0,0.0,0.0,0.0,0.014520813165537274,0.15972894482091,4.051306873184899,14.361084220716364,10.22265246853824,1.1907066795740564,0.4055,0.009476,0.0,0.0,0.0,0.0,0.0,0.0,0.0,0.0,0.0,0.0,0.0,8.524590163934414,21.461748633879786,0.013661202185792353,0.0,0.0,0.0,0.0,0.0,0.0,0.0,0.0,0.0,0.0,0.0,0.0,0.0,0.0,0.0,0.0,0.4053,0.00943,0.0,0.0,0.0,0.0,0.0,0.0,0.0,0.0,0.0,0.0,0.0,8.625363020329127,21.36011616650533,0.014520813165537274,0.0,0.0,0.0,0.0,0.0,0.0,0.0,0.0,0.0,0.0,0.0,0.0,0.0,0.0,0.0,0.0
15400,4382,2241,0.5114103149246919,1000,880,0.42902784116841625,1192,0.5440438156093108,0.426,3.001401214385801,3.1661890063735503,6.633613445378152,2.311872074581763,9410.463442676446,1522.3254753127492,7853.0,10925.75812113285,10898.428293533327,6.849563035363013,7853.0,0.0,27.754678229119122,21.061532501761427,32.68027210884354,19.440159847386628,0.13806481058877226,0.10611592879963487,0.09881332724783204,0.09036969420356002,0.07553628480146052,0.07348242811501597,0.06663623916020082,0.06503879507074395,0.05636695572797809,0.04381560931081698,0.04701049748973072,0.04358740301232314,0.03240529438612506,0.02350524874486536,0.019397535371976266,0.010041077133728891,0.009812870835235053,0.9277046139465517,0.02350082889763989,0.0,0.0,0.0,0.0,0.0,0.0,0.0,0.0,0.0,0.0,0.0,0.0,0.0,0.0,0.0,0.0,0.0,0.0,0.0,0.0,0.0,0.0,0.0,0.0,0.0,0.11638521223185763,3.539479689639435,14.055225924235513,10.775901414879053,1.5130077590141493,4.363372093023256,2.886958692024144,nan,nan,nan,4.400285918513224,2.9433342490319325,4.32520325203252,2.8269778599198876,0.9829368664057011,0.4055,0.009636,0.0,0.0,0.0,0.0,0.0,0.0,0.0,0.0,0.0,0.0,0.0,8.591967138293006,21.373801916932912,0.03423094477407577,0.0,0.0,0.0,0.0,0.0,0.0,0.0,0.0,0.0,0.0,0.0,0.0,0.0,0.0,0.0,0.0,nan,nan,4.363372093023256,2.886958692024144,nan,0.4055,0.04495,0.0,0.0,0.0,0.0,0.0,0.0,0.0,0.0,0.0,0.0,0.0,0.0,0.0,0.0,0.0,0.0,0.0,0.0,0.0,0.0,0.0,0.0,0.0,0.0,2.2820629849383842e-05,6.846188954815152e-05,0.0002167959835691465,0.0020766773162939297,0.0007644910999543588,0.002875399361022364,0.006081697854860794,0.0050775901414879055,0.040643541761752625,0.03711775445002282,0.03663852122318576,0.03377453217708809,0.031526700136923776,0.03858968507530808,0.07891373801916933,0.11005248744865358,0.06741214057507987,0.034847101780009125,0.10782747603833866,0.07954130534002739,0.07941579187585578,0.08537197626654495,0.053274760383386584,0.029963486992240985,0.023140118667275215,0.006389776357827476,0.0014719306252852578,0.0004107713372889092,0.0015289821999087175,0.0046896394340483795,0.00023961661341853036,0.0,1.1410314924691921e-05,2.2820629849383842e-05,0.0,0.0,0.0,0.0,0.0,0.0,0.0,0.0,0.0,0.0,0.0,0.0,0.0,0.0,0.0,0.0,0.0,0.0,0.0,0.0,0.0,0.0,0.0,0.0,0.0,0.0,0.0,0.0,0.0,0.0,0.0,0.0,0.0,0.0,0.0,0.0,0.0,0.0,0.0,0.0,0.0,0.0,0.0,nan,nan,4.363372093023256,2.886958692024144,nan,0.9284649433593887,0.022948965025222014,0.0,0.0,0.0,0.0,0.0,0.0,0.0,0.0,0.0,0.0,0.0,0.0,0.0,0.0,0.0,0.0,0.0,0.0,0.0,0.0,0.0,0.0,0.0,0.0,0.0,0.1204819277108434,3.1325301204819285,14.176706827309241,11.057563587684072,1.5127175368139227,0.9269087717166742,0.024039171037651342,0.0,0.0,0.0,0.0,0.0,0.0,0.0,0.0,0.0,0.0,0.0,0.0,0.0,0.0,0.0,0.0,0.0,0.0,0.0,0.0,0.0,0.0,0.0,0.0,0.0,0.11209715086408223,3.965436711816909,13.928070994862217,10.481083605791687,1.5133115366651102,0.4053,0.009384,0.0,0.0,0.0,0.0,0.0,0.0,0.0,0.0,0.0,0.0,0.0,8.848728246318595,21.111111111111114,0.04016064257028113,0.0,0.0,0.0,0.0,0.0,0.0,0.0,0.0,0.0,0.0,0.0,0.0,0.0,0.0,0.0,0.0,0.4058,0.00989,0.0,0.0,0.0,0.0,0.0,0.0,0.0,0.0,0.0,0.0,0.0,8.323213451658091,21.64876226062588,0.028024287716020557,0.0,0.0,0.0,0.0,0.0,0.0,0.0,0.0,0.0,0.0,0.0,0.0,0.0,0.0,0.0,0.0
15500,4516,2326,0.5150575730735164,1080,927,0.44441984056687334,1281,0.5673162090345438,0.422,2.9771689497716896,3.1108044480361876,6.614876033057851,2.186837452231747,9421.435366475485,1521.899774913162,7853.0,10923.453389286995,10898.165139726263,6.786499343648816,7853.0,0.0,28.065544729849424,20.988706940508173,32.958201892744476,19.250222622205044,0.13906111603188662,0.09720992028343667,0.09300265721877768,0.08945969884853854,0.08193091231178033,0.07440212577502214,0.06576616474756422,0.06399468556244464,0.0600088573959256,0.050487156775907885,0.045172719220549155,0.04317980513728964,0.03277236492471213,0.0245792736935341,0.02037201062887511,0.012621789193976971,0.0059787422497785654,0.9270728025898879,0.022649297363284904,0.0,0.0,0.0,0.0,0.0,0.0,0.0,0.0,0.0,0.0,0.0,0.0,0.0,0.0,0.0,0.0,0.0,0.0,0.0,0.0,0.0,0.0,0.0,0.0,0.0066430469441984075,0.0930026572187777,3.241806908768823,14.873782108060233,10.502657218777681,1.2821080602302926,4.251968503937008,2.8986386197127016,nan,nan,nan,4.292243767313019,2.8691058007159915,4.212593094109682,2.926687809768817,0.9814431151814103,0.4055,0.00938,0.0,0.0,0.0,0.0,0.0,0.0,0.0,0.0,0.0,0.0,0.0,8.303808680247997,21.629760850310014,0.06643046944198407,0.0,0.0,0.0,0.0,0.0,0.0,0.0,0.0,0.0,0.0,0.0,0.0,0.0,0.0,0.0,0.0,nan,nan,4.251968503937008,2.8986386197127016,nan,0.4055,0.04517,0.0,0.0,0.0,0.0,0.0,0.0,0.0,0.0,0.0,0.0,0.0,0.0,0.0,0.0,0.0,0.0,0.0,0.0,0.0,0.0,0.0,0.0,0.0,0.0,5.5358724534986716e-05,6.643046944198405e-05,0.00024357838795394153,0.002070416297608503,0.00039858281665190433,0.0030558015943312664,0.0066651904340124,0.005502657218777679,0.04153011514614703,0.03826395039858282,0.036891054030115146,0.03135518157661647,0.030070859167404783,0.039193976970770594,0.07761293179805137,0.11148139946855624,0.07225420726306465,0.034599202834366696,0.10616696191319752,0.07505535872453499,0.0787865367581931,0.08147697077059345,0.0591784765279008,0.02896368467670505,0.02450177147918512,0.006908768821966342,0.0008857395925597874,0.00014393268379096546,0.0013728963684676704,0.004993356953055802,0.00016607617360496013,1.1071744906997343e-05,7.75022143489814e-05,0.0,0.0,0.0,0.0,0.0,0.0,0.0,0.0,0.0,0.0,0.0,0.0,0.0,0.0,0.0,0.0,0.0,0.0,0.0,0.0,0.0,0.0,0.0,0.0,0.0,0.0,0.0,0.0,0.0,0.0,0.0,0.0,0.0,0.0,0.0,0.0,0.0,0.0,0.0,0.0,0.0,0.0,0.0,0.0,nan,nan,4.251968503937008,2.8986386197127016,nan,0.9268906265369081,0.02256300308117414,0.0,0.0,0.0,0.0,0.0,0.0,0.0,0.0,0.0,0.0,0.0,0.0,0.0,0.0,0.0,0.0,0.0,0.0,0.0,0.0,0.0,0.0,0.0,0.0,0.0,0.10318142734307827,3.2631126397248504,15.012897678417888,10.279449699054172,1.3413585554600176,0.927266291858943,0.022738993726543543,0.0,0.0,0.0,0.0,0.0,0.0,0.0,0.0,0.0,0.0,0.0,0.0,0.0,0.0,0.0,0.0,0.0,0.0,0.0,0.0,0.0,0.0,0.0,0.0,0.013698630136986304,0.08219178082191782,3.2191780821917817,14.726027397260276,10.739726027397262,1.219178082191781,0.4058,0.00951,0.0,0.0,0.0,0.0,0.0,0.0,0.0,0.0,0.0,0.0,0.0,8.086844368013747,21.822871883061055,0.09028374892519349,0.0,0.0,0.0,0.0,0.0,0.0,0.0,0.0,0.0,0.0,0.0,0.0,0.0,0.0,0.0,0.0,0.405,0.00922,0.0,0.0,0.0,0.0,0.0,0.0,0.0,0.0,0.0,0.0,0.0,8.534246575342454,21.424657534246577,0.04109589041095891,0.0,0.0,0.0,0.0,0.0,0.0,0.0,0.0,0.0,0.0,0.0,0.0,0.0,0.0,0.0,0.0
15600,4860,2500,0.51440329218107,1163,1022,0.4495884773662551,1418,0.5835390946502058,0.39799999999999996,2.983898305084746,3.096292762484529,6.529154518950437,2.265509200648503,9419.366876710577,1521.8850470331847,7853.0,10920.96572124958,10898.017208325362,6.998464539906146,7853.0,0.0,28.051028806584362,20.777804242684507,32.90866910866911,19.022561261156895,0.13641975308641976,0.09814814814814815,0.09012345679012346,0.09135802469135802,0.08292181069958848,0.07592592592592592,0.06872427983539095,0.0602880658436214,0.0602880658436214,0.05452674897119342,0.04238683127572016,0.044238683127572016,0.03580246913580247,0.02242798353909465,0.019958847736625516,0.010905349794238683,0.005555555555555556,0.9267728553755293,0.022691695577992967,0.0,0.0,0.0,0.0,0.0,0.0,0.0,0.0,0.0,0.0,0.0,0.0,0.0,0.0,0.0,0.0,0.0,0.0,0.0,0.0,0.0,0.0,0.0,0.0,0.0,0.061728395061728406,3.4629629629629637,14.987654320987657,10.265432098765435,1.2222222222222223,4.321439848437007,2.927649525528863,nan,nan,nan,4.340736040609137,2.975366797568265,4.3023255813953485,2.8794751899952424,0.9911511644904355,0.4055,0.00943,0.0,0.0,0.0,0.0,0.0,0.0,0.0,0.0,0.0,0.0,0.0,8.555555555555543,21.382716049382722,0.061728395061728406,0.0,0.0,0.0,0.0,0.0,0.0,0.0,0.0,0.0,0.0,0.0,0.0,0.0,0.0,0.0,0.0,nan,nan,4.321439848437007,2.927649525528863,nan,0.4055,0.04526,0.0,0.0,0.0,0.0,0.0,0.0,0.0,0.0,0.0,0.0,0.0,0.0,0.0,0.0,0.0,0.0,0.0,0.0,0.0,0.0,0.0,0.0,2.05761316872428e-05,0.0,2.05761316872428e-05,0.00022633744855967078,0.0003909465020576132,0.001800411522633745,0.00045267489711934157,0.0030555555555555557,0.006728395061728395,0.005617283950617284,0.039753086419753086,0.03809670781893004,0.037026748971193416,0.03103909465020576,0.03183127572016461,0.03953703703703704,0.07952674897119341,0.11137860082304527,0.07401234567901234,0.03544238683127572,0.10335390946502057,0.07568930041152264,0.07584362139917696,0.07840534979423869,0.06003086419753086,0.03133744855967078,0.024053497942386832,0.0070987654320987656,0.0011111111111111111,6.17283950617284e-05,0.0012757201646090535,0.005473251028806584,0.00023662551440329217,4.11522633744856e-05,3.08641975308642e-05,0.0,0.0,0.0,0.0,0.0,0.0,0.0,0.0,0.0,0.0,0.0,0.0,0.0,0.0,0.0,0.0,0.0,0.0,0.0,0.0,0.0,0.0,0.0,0.0,0.0,0.0,0.0,0.0,0.0,0.0,0.0,0.0,0.0,0.0,0.0,0.0,0.0,0.0,0.0,0.0,0.0,0.0,0.0,0.0,nan,nan,4.321439848437007,2.927649525528863,nan,0.9266177049398422,0.023131031902278186,0.0,0.0,0.0,0.0,0.0,0.0,0.0,0.0,0.0,0.0,0.0,0.0,0.0,0.0,0.0,0.0,0.0,0.0,0.0,0.0,0.0,0.0,0.0,0.0,0.0,0.07200000000000001,3.7320000000000007,14.520000000000003,10.452000000000004,1.2240000000000002,0.9269372096506215,0.02221564090442501,0.0,0.0,0.0,0.0,0.0,0.0,0.0,0.0,0.0,0.0,0.0,0.0,0.0,0.0,0.0,0.0,0.0,0.0,0.0,0.0,0.0,0.0,0.0,0.0,0.0,0.050847457627118654,3.177966101694916,15.48305084745763,10.067796610169493,1.2203389830508478,0.4055,0.00937,0.0,0.0,0.0,0.0,0.0,0.0,0.0,0.0,0.0,0.0,0.0,8.363999999999988,21.576000000000004,0.06000000000000001,0.0,0.0,0.0,0.0,0.0,0.0,0.0,0.0,0.0,0.0,0.0,0.0,0.0,0.0,0.0,0.0,0.4053,0.0095,0.0,0.0,0.0,0.0,0.0,0.0,0.0,0.0,0.0,0.0,0.0,8.758474576271174,21.17796610169492,0.06355932203389832,0.0,0.0,0.0,0.0,0.0,0.0,0.0,0.0,0.0,0.0,0.0,0.0,0.0,0.0,0.0,0.0
15700,4701,2518,0.5356307168687513,1237,916,0.457987662199532,1264,0.5377579238459902,0.418,2.961978928080623,3.0765053446414297,6.46422893481717,2.0230960355876513,9483.971056735876,1518.615138482322,7853.0,10923.544064879417,10897.954304096646,6.992230174707504,7853.0,0.0,28.330567964262922,20.684974653768474,33.044405418966385,18.91897278977327,0.13061050840246757,0.09955328653477984,0.0908317379281004,0.08955541374175707,0.07743033397149543,0.07509040629653266,0.06828334396936822,0.06828334396936822,0.0631780472239949,0.05445649861731546,0.04977664326738992,0.03828972559029994,0.0333971495426505,0.03063178047223995,0.01595405232929164,0.00872154860667943,0.005956179536268879,0.9270723111653323,0.023120910445040197,0.0,0.0,0.0,0.0,0.0,0.0,0.0,0.0,0.0,0.0,0.0,0.0,0.0,0.0,0.0,0.0,0.0,0.0,0.0,0.0,0.0,0.0,0.0,0.0,0.0,0.12125079770261649,3.497128270580728,14.562858966177412,10.523292916400768,1.2954690491384813,4.075251378527408,2.8923008786126485,nan,nan,nan,4.024503311258278,2.8987429768807593,4.12396694214876,2.885263701687908,1.0247145108844213,0.4055,0.00973,0.0,0.0,0.0,0.0,0.0,0.0,0.0,0.0,0.0,0.0,0.0,8.69814932992979,21.263560944479906,0.038289725590299944,0.0,0.0,0.0,0.0,0.0,0.0,0.0,0.0,0.0,0.0,0.0,0.0,0.0,0.0,0.0,0.0,nan,nan,4.075251378527408,2.8923008786126485,nan,0.4055,0.04504,0.0,0.0,0.0,0.0,0.0,0.0,0.0,0.0,0.0,0.0,0.0,0.0,0.0,0.0,0.0,0.0,0.0,0.0,0.0,0.0,0.0,0.0,0.0,0.0,3.190810465858328e-05,0.00017017655817911083,0.0003935332907891938,0.0019357583492873856,0.00014890448840672196,0.0024994681982556904,0.006370984896830462,0.005084024675600936,0.039204424590512654,0.038204637311210383,0.03961922995107424,0.029546904913848118,0.03204637311210381,0.041044458625824294,0.07774941501808126,0.1162093171665603,0.07294192724952138,0.03653477983407786,0.10447777068708786,0.07484577749415018,0.07050627526058285,0.08040842373962986,0.05980642416507126,0.030674324611784726,0.024016166773027016,0.0073920442459051265,0.0008615188257817486,6.381620931716656e-05,0.0012125079770261647,0.005658370559455435,0.00032971708147202725,1.0636034886194427e-05,0.0,0.0,0.0,0.0,0.0,0.0,0.0,0.0,0.0,0.0,0.0,0.0,0.0,0.0,0.0,0.0,0.0,0.0,0.0,0.0,0.0,0.0,0.0,0.0,0.0,0.0,0.0,0.0,0.0,0.0,0.0,0.0,0.0,0.0,0.0,0.0,0.0,0.0,0.0,0.0,0.0,0.0,0.0,0.0,0.0,nan,nan,4.075251378527408,2.8923008786126485,nan,0.9265904960838739,0.023051449131753797,0.0,0.0,0.0,0.0,0.0,0.0,0.0,0.0,0.0,0.0,0.0,0.0,0.0,0.0,0.0,0.0,0.0,0.0,0.0,0.0,0.0,0.0,0.0,0.0,0.0,0.119142176330421,3.57426528991263,14.76171564733916,10.281969817315332,1.2629070691024626,0.927628064887326,0.02318834256564984,0.0,0.0,0.0,0.0,0.0,0.0,0.0,0.0,0.0,0.0,0.0,0.0,0.0,0.0,0.0,0.0,0.0,0.0,0.0,0.0,0.0,0.0,0.0,0.0,0.0,0.12368300503893727,3.4081539166284935,14.333486028401285,10.801649106733855,1.333027943197435,0.4053,0.009766,0.0,0.0,0.0,0.0,0.0,0.0,0.0,0.0,0.0,0.0,0.0,8.613979348689423,21.37410643367753,0.0119142176330421,0.0,0.0,0.0,0.0,0.0,0.0,0.0,0.0,0.0,0.0,0.0,0.0,0.0,0.0,0.0,0.0,0.4055,0.00969,0.0,0.0,0.0,0.0,0.0,0.0,0.0,0.0,0.0,0.0,0.0,8.795235913879969,21.136051305542836,0.06871278057718737,0.0,0.0,0.0,0.0,0.0,0.0,0.0,0.0,0.0,0.0,0.0,0.0,0.0,0.0,0.0,0.0
15800,4750,2427,0.5109473684210526,1143,965,0.4437894736842105,1327,0.5587368421052632,0.426,2.993973310374516,3.183707692834872,6.92443729903537,2.1039881564465386,9409.047501464554,1522.3511186200997,7853.0,10922.59484398365,10898.416412013448,6.8758680037079625,7853.0,0.0,27.172842105263157,20.634958057328365,32.151828499369486,18.959920554977057,0.14484210526315788,0.10568421052631578,0.09726315789473684,0.08757894736842105,0.0808421052631579,0.07452631578947369,0.06589473684210527,0.06063157894736842,0.058105263157894736,0.056210526315789475,0.044421052631578944,0.03768421052631579,0.030526315789473683,0.02336842105263158,0.016842105263157894,0.008842105263157894,0.006736842105263158,0.9286490725467079,0.022766443352311417,0.0,0.0,0.0,0.0,0.0,0.0,0.0,0.0,0.0,0.0,0.0,0.0,0.0,0.0,0.0,0.0,0.0,0.0,0.0,0.0,0.0,0.0,0.0,0.0,0.0,0.06947368421052633,2.9684210526315797,14.450526315789476,10.989473684210529,1.522105263157895,4.382195448460509,2.924389248348469,nan,nan,nan,4.280212483399734,2.91054664297958,4.48582995951417,2.934761004225547,1.0480390814502545,0.405,0.00952,0.0,0.0,0.0,0.0,0.0,0.0,0.0,0.0,0.0,0.0,0.0,8.65894736842104,21.29052631578948,0.0505263157894737,0.0,0.0,0.0,0.0,0.0,0.0,0.0,0.0,0.0,0.0,0.0,0.0,0.0,0.0,0.0,0.0,nan,nan,4.382195448460509,2.924389248348469,nan,0.405,0.0452,0.0,0.0,0.0,0.0,0.0,0.0,0.0,0.0,0.0,0.0,0.0,0.0,0.0,0.0,0.0,0.0,0.0,0.0,0.0,0.0,0.0,0.0,0.0,0.0,2.105263157894737e-05,0.00017894736842105264,0.00030526315789473684,0.001663157894736842,7.368421052631579e-05,0.0032315789473684213,0.006010526315789474,0.005231578947368421,0.042873684210526314,0.03732631578947369,0.039536842105263155,0.029294736842105262,0.032494736842105264,0.04108421052631579,0.07909473684210526,0.11574736842105263,0.07267368421052632,0.036410526315789477,0.10291578947368421,0.0730421052631579,0.07222105263157895,0.0775578947368421,0.060726315789473684,0.031021052631578946,0.024294736842105265,0.006778947368421053,0.000831578947368421,3.157894736842105e-05,0.0013052631578947369,0.005526315789473684,0.00047368421052631577,0.0,2.105263157894737e-05,0.0,0.0,0.0,0.0,0.0,0.0,0.0,0.0,0.0,0.0,0.0,0.0,0.0,0.0,0.0,0.0,0.0,0.0,0.0,0.0,0.0,0.0,0.0,0.0,0.0,0.0,0.0,0.0,0.0,0.0,0.0,0.0,0.0,0.0,0.0,0.0,0.0,0.0,0.0,0.0,0.0,0.0,0.0,0.0,nan,nan,4.382195448460509,2.924389248348469,nan,0.9284013658823376,0.022981463176337598,0.0,0.0,0.0,0.0,0.0,0.0,0.0,0.0,0.0,0.0,0.0,0.0,0.0,0.0,0.0,0.0,0.0,0.0,0.0,0.0,0.0,0.0,0.0,0.0,0.0,0.08652657601977752,3.053152039555007,14.561186650185418,10.840543881334984,1.458590852904821,0.9289078689627334,0.02253669826224054,0.0,0.0,0.0,0.0,0.0,0.0,0.0,0.0,0.0,0.0,0.0,0.0,0.0,0.0,0.0,0.0,0.0,0.0,0.0,0.0,0.0,0.0,0.0,0.0,0.0,0.051657339647008194,2.879896685320707,14.334911752044773,11.145071028842018,1.5884631941455019,0.4053,0.009254,0.0,0.0,0.0,0.0,0.0,0.0,0.0,0.0,0.0,0.0,0.0,8.566131025957961,21.384425216316448,0.04944375772558716,0.0,0.0,0.0,0.0,0.0,0.0,0.0,0.0,0.0,0.0,0.0,0.0,0.0,0.0,0.0,0.0,0.405,0.00979,0.0,0.0,0.0,0.0,0.0,0.0,0.0,0.0,0.0,0.0,0.0,8.755919070167874,21.19242359018511,0.051657339647008194,0.0,0.0,0.0,0.0,0.0,0.0,0.0,0.0,0.0,0.0,0.0,0.0,0.0,0.0,0.0,0.0
15900,4667,2429,0.520462824083994,1141,951,0.4482536961645597,1304,0.5588172273409042,0.418,2.980786416443253,3.0901103323199024,6.526729559748428,2.134084575919271,9437.938879769863,1521.3570867830636,7853.0,10922.792705655098,10898.248971546294,6.95067351365364,7853.0,0.0,27.813370473537603,20.690099869977022,32.76730523627075,18.905025888619132,0.14227555174630382,0.0994214698950075,0.09020784229697879,0.08677951574887507,0.08442254124705378,0.0713520462824084,0.06749517891579172,0.06706663809727877,0.06170987786586672,0.050567816584529676,0.04671094921791301,0.03878294407542318,0.03878294407542318,0.023784015427469468,0.013284765373901865,0.010499250053567602,0.0068566530962074134,0.9284071241069816,0.023168041209919478,0.0,0.0,0.0,0.0,0.0,0.0,0.0,0.0,0.0,0.0,0.0,0.0,0.0,0.0,0.0,0.0,0.0,0.0,0.0,0.0,0.0,0.0,0.0,0.0,0.0,0.14784658238697237,3.111206342404115,14.244696807370905,11.024212556245985,1.4720377115920296,4.245502998001332,2.8551567645328397,nan,nan,nan,4.1660026560424965,2.8437040889558243,4.3255347593582885,2.8644119810974975,1.038293807394578,0.405,0.00987,0.0,0.0,0.0,0.0,0.0,0.0,0.0,0.0,0.0,0.0,0.0,9.462181272766218,20.473537604456826,0.06428112277694452,0.0,0.0,0.0,0.0,0.0,0.0,0.0,0.0,0.0,0.0,0.0,0.0,0.0,0.0,0.0,0.0,nan,nan,4.245502998001332,2.8551567645328397,nan,0.405,0.04544,0.0,0.0,0.0,0.0,0.0,0.0,0.0,0.0,0.0,0.0,0.0,0.0,0.0,0.0,0.0,0.0,0.0,0.0,0.0,0.0,0.0,0.0,0.0,0.0,0.0,0.0002678380115706021,0.00043925433897578747,0.0015963145489607884,8.570816370259267e-05,0.0038890079280051427,0.00637454467538033,0.004874651810584958,0.0438182986929505,0.03712234840368545,0.03826869509320763,0.029537175916006,0.03353331904863938,0.04000428540818513,0.08279408613670453,0.11373473323334048,0.07229483608313692,0.037133061924148274,0.09812513391900579,0.0713091922005571,0.07134133276194557,0.08006213841868438,0.06260981358474395,0.03089779301478466,0.02536961645596743,0.006545961002785515,0.0011892007713734734,9.642168416541676e-05,0.001274908935076066,0.004628240839940004,0.0007713734733233341,0.0,0.0,1.0713520462824084e-05,0.0,0.0,0.0,0.0,0.0,0.0,0.0,0.0,0.0,0.0,0.0,0.0,0.0,0.0,0.0,0.0,0.0,0.0,0.0,0.0,0.0,0.0,0.0,0.0,0.0,0.0,0.0,0.0,0.0,0.0,0.0,0.0,0.0,0.0,0.0,0.0,0.0,0.0,0.0,0.0,0.0,0.0,0.0,nan,nan,4.245502998001332,2.8551567645328397,nan,0.9278933199259812,0.023010814064290366,0.0,0.0,0.0,0.0,0.0,0.0,0.0,0.0,0.0,0.0,0.0,0.0,0.0,0.0,0.0,0.0,0.0,0.0,0.0,0.0,0.0,0.0,0.0,0.0,0.0,0.1358583779333059,3.21119802387814,14.339234252778924,10.930424042815977,1.3832853025936602,0.9289647784213918,0.023324683194472513,0.0,0.0,0.0,0.0,0.0,0.0,0.0,0.0,0.0,0.0,0.0,0.0,0.0,0.0,0.0,0.0,0.0,0.0,0.0,0.0,0.0,0.0,0.0,0.0,0.0,0.160857908847185,3.0026809651474538,14.142091152815016,11.126005361930298,1.568364611260054,0.405,0.00976,0.0,0.0,0.0,0.0,0.0,0.0,0.0,0.0,0.0,0.0,0.0,9.33717579250719,20.6381226842322,0.024701523260601075,0.0,0.0,0.0,0.0,0.0,0.0,0.0,0.0,0.0,0.0,0.0,0.0,0.0,0.0,0.0,0.0,0.405,0.009995,0.0,0.0,0.0,0.0,0.0,0.0,0.0,0.0,0.0,0.0,0.0,9.597855227882023,20.294906166219842,0.10723860589812335,0.0,0.0,0.0,0.0,0.0,0.0,0.0,0.0,0.0,0.0,0.0,0.0,0.0,0.0,0.0,0.0
16000,4536,2434,0.5365961199294532,1171,877,0.4514991181657848,1208,0.5326278659611993,0.442,3.0647002854424357,3.1710813273356004,6.587479935794542,2.2389311624969617,9487.270045522095,1518.736308481799,7853.0,10922.224381685257,10898.62404539368,7.01540740277735,7853.0,0.0,27.901455026455025,20.748711474818414,32.78197064989518,19.002059082268293,0.1384479717813051,0.09832451499118165,0.09391534391534391,0.08818342151675485,0.0804673721340388,0.07804232804232804,0.07142857142857142,0.05952380952380952,0.05599647266313933,0.05401234567901234,0.05048500881834215,0.039241622574955906,0.03284832451499118,0.023148148148148147,0.019620811287477953,0.009038800705467372,0.007275132275132275,0.9289580028655248,0.023177652443001146,0.0,0.0,0.0,0.0,0.0,0.0,0.0,0.0,0.0,0.0,0.0,0.0,0.0,0.0,0.0,0.0,0.0,0.0,0.0,0.0,0.0,0.0,0.0,0.0,0.0,0.1322751322751323,3.0687830687830697,13.842592592592595,11.415343915343918,1.5410052910052914,4.13276740237691,3.023456007523469,nan,nan,nan,4.068212824010914,3.062912273399653,4.196754563894523,2.98245312694654,1.0315966114469102,0.4055,0.01005,0.0,0.0,0.0,0.0,0.0,0.0,0.0,0.0,0.0,0.0,0.0,8.710317460317448,21.203703703703706,0.085978835978836,0.0,0.0,0.0,0.0,0.0,0.0,0.0,0.0,0.0,0.0,0.0,0.0,0.0,0.0,0.0,0.0,nan,nan,4.13276740237691,3.023456007523469,nan,0.4055,0.04547,0.0,0.0,0.0,0.0,0.0,0.0,0.0,0.0,0.0,0.0,0.0,0.0,0.0,0.0,0.0,0.0,0.0,0.0,0.0,0.0,0.0,0.0,0.0,0.0,1.1022927689594357e-05,0.00018738977072310406,0.00036375661375661375,0.0014329805996472662,0.00015432098765432098,0.0035052910052910053,0.007032627865961199,0.004894179894179894,0.043154761904761904,0.035449735449735446,0.03893298059964727,0.02861552028218695,0.03527336860670194,0.03757716049382716,0.08439153439153439,0.11235670194003528,0.07076719576719577,0.03433641975308642,0.10151014109347442,0.07282848324514991,0.07054673721340388,0.07914462081128748,0.06362433862433862,0.0330136684303351,0.02568342151675485,0.0070987654320987656,0.0012235449735449736,0.00020943562610229276,0.0015542328042328043,0.004541446208112874,0.0004519400352733686,1.1022927689594357e-05,0.00011022927689594356,0.0,1.1022927689594357e-05,0.0,0.0,0.0,0.0,0.0,0.0,0.0,0.0,0.0,0.0,0.0,0.0,0.0,0.0,0.0,0.0,0.0,0.0,0.0,0.0,0.0,0.0,0.0,0.0,0.0,0.0,0.0,0.0,0.0,0.0,0.0,0.0,0.0,0.0,0.0,0.0,0.0,0.0,0.0,0.0,0.0,0.0,nan,nan,4.13276740237691,3.023456007523469,nan,0.9290403381124714,0.023186429567534556,0.0,0.0,0.0,0.0,0.0,0.0,0.0,0.0,0.0,0.0,0.0,0.0,0.0,0.0,0.0,0.0,0.0,0.0,0.0,0.0,0.0,0.0,0.0,0.0,0.0,0.13557929334428925,3.044371405094495,13.903040262941662,11.35168447000822,1.5653245686113397,0.9288626631932753,0.023167119272599915,0.0,0.0,0.0,0.0,0.0,0.0,0.0,0.0,0.0,0.0,0.0,0.0,0.0,0.0,0.0,0.0,0.0,0.0,0.0,0.0,0.0,0.0,0.0,0.0,0.0,0.1284490960989534,3.0970504281636546,13.77259752616556,11.489058039961943,1.5128449096098957,0.4053,0.01006,0.0,0.0,0.0,0.0,0.0,0.0,0.0,0.0,0.0,0.0,0.0,8.800328677074763,21.125718981101073,0.07395234182415777,0.0,0.0,0.0,0.0,0.0,0.0,0.0,0.0,0.0,0.0,0.0,0.0,0.0,0.0,0.0,0.0,0.4058,0.010025,0.0,0.0,0.0,0.0,0.0,0.0,0.0,0.0,0.0,0.0,0.0,8.606089438629864,21.29400570884872,0.09990485252140821,0.0,0.0,0.0,0.0,0.0,0.0,0.0,0.0,0.0,0.0,0.0,0.0,0.0,0.0,0.0,0.0
16100,4869,2506,0.5146847401930581,1130,1026,0.4428013965906757,1394,0.5726021770384062,0.422,3.0660177740160814,3.112620293229442,6.74051593323217,1.9911138800765609,9420.568038312138,1522.194564954015,7853.0,10923.901682019234,10898.685865339905,7.1117313491180525,7853.0,0.0,27.719449578968987,20.70886301113561,32.44798249878464,19.047374402327616,0.13719449578968987,0.10453891969603615,0.08975148901211748,0.0915999178476073,0.08235777367015815,0.07660710618196755,0.07085643869377696,0.06551653316902854,0.0529882932840419,0.05031834052166769,0.04600533990552475,0.04004929143561306,0.03224481413021154,0.02731567056890532,0.015403573629081947,0.011090573012939002,0.0061614294516327784,0.9293270931520068,0.023743879315654037,0.0,0.0,0.0,0.0,0.0,0.0,0.0,0.0,0.0,0.0,0.0,0.0,0.0,0.0,0.0,0.0,0.0,0.0,0.0,0.0,0.0,0.0,0.0,0.0,0.0,0.1478743068391867,3.0683918669131245,13.943314849044981,11.07825015403574,1.7621688231669752,4.370761356365963,2.896447378734387,nan,nan,nan,4.415238095238095,2.9344623677524138,4.325596389426177,2.8566180722427608,0.9796971977777147,0.4058,0.00982,0.0,0.0,0.0,0.0,0.0,0.0,0.0,0.0,0.0,0.0,0.0,8.29944547134934,21.632778804682694,0.06777572396796058,0.0,0.0,0.0,0.0,0.0,0.0,0.0,0.0,0.0,0.0,0.0,0.0,0.0,0.0,0.0,0.0,nan,nan,4.370761356365963,2.896447378734387,nan,0.4058,0.0455,0.0,0.0,0.0,0.0,0.0,0.0,0.0,0.0,0.0,0.0,0.0,0.0,0.0,0.0,0.0,0.0,0.0,0.0,0.0,0.0,0.0,0.0,0.0,0.0,2.0538098172109262e-05,0.00013349763811871022,0.0006264119942493325,0.0014376668720476485,0.00014376668720476483,0.004261655370712672,0.006110084206202506,0.0038817005545286505,0.04211337030191004,0.03523310741425344,0.04190798932018895,0.026648182378311767,0.03586978845758883,0.039186691312384475,0.08215239268843705,0.11133703019100431,0.06855617169850071,0.036003286095707535,0.09629287327993427,0.07610392277675088,0.07188334360238242,0.07975970425138632,0.06451016635859519,0.0343602382419388,0.02576504415691107,0.0076401725200246455,0.0014684740193058124,0.0003696857670979667,0.0017149311973711234,0.003963852947217088,0.0004210310125282399,0.0,0.00012322858903265557,0.0,0.0,0.0,0.0,0.0,0.0,0.0,0.0,0.0,0.0,0.0,0.0,0.0,0.0,0.0,0.0,0.0,0.0,0.0,0.0,0.0,0.0,0.0,0.0,0.0,0.0,0.0,0.0,0.0,0.0,0.0,0.0,0.0,0.0,0.0,0.0,0.0,0.0,0.0,0.0,0.0,0.0,0.0,0.0,nan,nan,4.370761356365963,2.896447378734387,nan,0.9289952139804959,0.02377593031534274,0.0,0.0,0.0,0.0,0.0,0.0,0.0,0.0,0.0,0.0,0.0,0.0,0.0,0.0,0.0,0.0,0.0,0.0,0.0,0.0,0.0,0.0,0.0,0.0,0.0,0.19154030327214688,3.124501197126896,14.078212290502796,10.97765363128492,1.6280925778132487,0.9296790564206511,0.02370476514003698,0.0,0.0,0.0,0.0,0.0,0.0,0.0,0.0,0.0,0.0,0.0,0.0,0.0,0.0,0.0,0.0,0.0,0.0,0.0,0.0,0.0,0.0,0.0,0.0,0.0,0.10156580617858657,3.008887008040627,13.80025391451545,11.184934405416847,1.904358865848498,0.4055,0.00978,0.0,0.0,0.0,0.0,0.0,0.0,0.0,0.0,0.0,0.0,0.0,8.547486033519542,21.404628890662416,0.04788507581803672,0.0,0.0,0.0,0.0,0.0,0.0,0.0,0.0,0.0,0.0,0.0,0.0,0.0,0.0,0.0,0.0,0.406,0.00986,0.0,0.0,0.0,0.0,0.0,0.0,0.0,0.0,0.0,0.0,0.0,8.036394413880648,21.874735505713083,0.08887008040626325,0.0,0.0,0.0,0.0,0.0,0.0,0.0,0.0,0.0,0.0,0.0,0.0,0.0,0.0,0.0,0.0
16200,4979,2612,0.5246033340028118,1222,1021,0.45049206668005626,1423,0.5716007230367544,0.37799999999999995,3.033375580904098,3.0527238094848337,6.392156862745098,2.134876480932669,9450.64234938823,1520.8781908378996,7853.0,10920.51680111885,10898.429271670751,6.871634958719146,7853.0,0.0,28.175135569391443,20.635024452132022,32.92807975314503,18.863012661206184,0.1347660172725447,0.09098212492468367,0.09560152641092588,0.09058043783892347,0.08415344446676039,0.07170114480819442,0.07531632858003615,0.060654749949789116,0.06085559349266921,0.05724040972082747,0.04157461337617996,0.04077123920465957,0.03715605543281784,0.025908817031532437,0.018075918859208676,0.008435428800964049,0.006226149829282989,0.9280811675606686,0.023186965044029954,0.0,0.0,0.0,0.0,0.0,0.0,0.0,0.0,0.0,0.0,0.0,0.0,0.0,0.0,0.0,0.0,0.0,0.0,0.0,0.0,0.0,0.0,0.0,0.0,0.0,0.08435428800964051,3.380196826672023,14.298051817634066,10.80939947780679,1.4279975898774857,4.135176651305684,2.8074140526667515,nan,nan,nan,4.11840490797546,2.7974734276451705,4.152093596059113,2.818114443359304,1.008180033007054,0.4055,0.009544,0.0,0.0,0.0,0.0,0.0,0.0,0.0,0.0,0.0,0.0,0.0,8.320947981522382,21.630849568186388,0.04820245029122315,0.0,0.0,0.0,0.0,0.0,0.0,0.0,0.0,0.0,0.0,0.0,0.0,0.0,0.0,0.0,0.0,nan,nan,4.135176651305684,2.8074140526667515,nan,0.4055,0.04556,0.0,0.0,0.0,0.0,0.0,0.0,0.0,0.0,0.0,0.0,0.0,0.0,0.0,0.0,0.0,0.0,0.0,0.0,0.0,0.0,0.0,0.0,0.0,0.0,3.0126531432014462e-05,7.029524000803374e-05,0.0007933319943763808,0.0014159469773046796,0.00023097007431211087,0.004026913034745933,0.006798553926491264,0.004358304880498092,0.04268929503916449,0.033450492066680056,0.04175537256477204,0.026732275557340833,0.03685479011849769,0.03947579835308295,0.08176340630648725,0.11454107250451898,0.06739305081341634,0.03679453705563366,0.0943663386222133,0.07718417352882105,0.07099819240811409,0.0775055231974292,0.06455111468166298,0.03497690299256879,0.025185780277164088,0.007461337617995581,0.0014962843944567182,0.0002610966057441253,0.0017674231773448484,0.0044286001205061255,0.0005523197429202651,0.0,9.037959429604338e-05,0.0,0.0,0.0,0.0,0.0,0.0,0.0,0.0,0.0,0.0,0.0,0.0,0.0,0.0,0.0,0.0,0.0,0.0,0.0,0.0,0.0,0.0,0.0,0.0,0.0,0.0,0.0,0.0,0.0,0.0,0.0,0.0,0.0,0.0,0.0,0.0,0.0,0.0,0.0,0.0,0.0,0.0,0.0,0.0,nan,nan,4.135176651305684,2.8074140526667515,nan,0.927851851829891,0.023000435563313524,0.0,0.0,0.0,0.0,0.0,0.0,0.0,0.0,0.0,0.0,0.0,0.0,0.0,0.0,0.0,0.0,0.0,0.0,0.0,0.0,0.0,0.0,0.0,0.0,0.0,0.08039816232771825,3.3652373660030634,14.494640122511488,10.704441041347629,1.3552833078101076,0.9283342189712267,0.02338846590333204,0.0,0.0,0.0,0.0,0.0,0.0,0.0,0.0,0.0,0.0,0.0,0.0,0.0,0.0,0.0,0.0,0.0,0.0,0.0,0.0,0.0,0.0,0.0,0.0,0.0,0.08871989860583018,3.3967046894803556,14.08111533586819,10.925221799746518,1.5082382762991131,0.4058,0.009575,0.0,0.0,0.0,0.0,0.0,0.0,0.0,0.0,0.0,0.0,0.0,8.03981623277181,21.925727411944877,0.034456355283307816,0.0,0.0,0.0,0.0,0.0,0.0,0.0,0.0,0.0,0.0,0.0,0.0,0.0,0.0,0.0,0.0,0.4053,0.00951,0.0,0.0,0.0,0.0,0.0,0.0,0.0,0.0,0.0,0.0,0.0,8.631178707224322,21.30544993662865,0.06337135614702155,0.0,0.0,0.0,0.0,0.0,0.0,0.0,0.0,0.0,0.0,0.0,0.0,0.0,0.0,0.0,0.0
16300,4260,2260,0.5305164319248826,1049,845,0.44460093896713615,1148,0.5389671361502347,0.462,3.0745,3.1351155879807684,6.637023593466425,2.240286440839967,9468.614041219911,1519.850447399047,7853.0,10921.521678864956,10898.360980352574,7.021093187929012,7853.0,0.0,27.909154929577465,21.17901478730711,33.30315072381493,19.326528010361113,0.14741784037558686,0.10211267605633803,0.0892018779342723,0.07910798122065728,0.08497652582159625,0.07511737089201878,0.06995305164319249,0.06314553990610329,0.056103286384976525,0.04835680751173709,0.045305164319248824,0.038028169014084505,0.03591549295774648,0.02629107981220657,0.019248826291079813,0.01244131455399061,0.00727699530516432,0.928107011402157,0.023305237636940288,0.0,0.0,0.0,0.0,0.0,0.0,0.0,0.0,0.0,0.0,0.0,0.0,0.0,0.0,0.0,0.0,0.0,0.0,0.0,0.0,0.0,0.0,0.0,0.0,0.0,0.14084507042253525,3.1901408450704234,14.352112676056342,10.880281690140846,1.4366197183098595,4.36470157451483,2.9304620660961844,nan,nan,nan,4.403379867744306,2.9494323109874094,4.326277372262774,2.9109852365053692,0.9824901557900275,0.406,0.009735,0.0,0.0,0.0,0.0,0.0,0.0,0.0,0.0,0.0,0.0,0.0070422535211267625,8.119718309859143,21.823943661971835,0.049295774647887335,0.0,0.0,0.0,0.0,0.0,0.0,0.0,0.0,0.0,0.0,0.0,0.0,0.0,0.0,0.0,0.0,nan,nan,4.36470157451483,2.9304620660961844,nan,0.406,0.04556,0.0,0.0,0.0,0.0,0.0,0.0,0.0,0.0,0.0,0.0,0.0,0.0,0.0,0.0,0.0,0.0,0.0,0.0,0.0,0.0,0.0,0.0,0.0,0.0,4.694835680751174e-05,0.00012910798122065727,0.0005868544600938967,0.001103286384976526,0.00028169014084507044,0.00363849765258216,0.006302816901408451,0.005598591549295775,0.043309859154929575,0.03251173708920188,0.04117370892018779,0.02550469483568075,0.038215962441314553,0.03933098591549296,0.08226525821596244,0.11346244131455399,0.0668075117370892,0.0361150234741784,0.09258215962441314,0.0771830985915493,0.07161971830985915,0.07747652582159624,0.06524647887323944,0.03692488262910798,0.027136150234741783,0.007852112676056337,0.0015727699530516431,0.0003169014084507042,0.0015727699530516431,0.0035328638497652584,0.00045774647887323943,1.1737089201877934e-05,0.00012910798122065727,0.0,0.0,0.0,0.0,0.0,0.0,0.0,0.0,0.0,0.0,0.0,0.0,0.0,0.0,0.0,0.0,0.0,0.0,0.0,0.0,0.0,0.0,0.0,0.0,0.0,0.0,0.0,0.0,0.0,0.0,0.0,0.0,0.0,0.0,0.0,0.0,0.0,0.0,0.0,0.0,0.0,0.0,0.0,0.0,nan,nan,4.36470157451483,2.9304620660961844,nan,0.9273155564227991,0.02313509655852544,0.0,0.0,0.0,0.0,0.0,0.0,0.0,0.0,0.0,0.0,0.0,0.0,0.0,0.0,0.0,0.0,0.0,0.0,0.0,0.0,0.0,0.0,0.0,0.0,0.0,0.1858407079646018,3.305309734513275,14.694690265486729,10.606194690265488,1.2079646017699117,0.9290013555288315,0.023463908635123917,0.0,0.0,0.0,0.0,0.0,0.0,0.0,0.0,0.0,0.0,0.0,0.0,0.0,0.0,0.0,0.0,0.0,0.0,0.0,0.0,0.0,0.0,0.0,0.0,0.0,0.09000000000000001,3.0600000000000005,13.965000000000003,11.190000000000001,1.6950000000000005,0.406,0.00977,0.0,0.0,0.0,0.0,0.0,0.0,0.0,0.0,0.0,0.0,0.0,7.805309734513263,22.154867256637175,0.03982300884955753,0.0,0.0,0.0,0.0,0.0,0.0,0.0,0.0,0.0,0.0,0.0,0.0,0.0,0.0,0.0,0.0,0.4058,0.0097,0.0,0.0,0.0,0.0,0.0,0.0,0.0,0.0,0.0,0.0,0.015000000000000003,8.474999999999987,21.450000000000003,0.06000000000000001,0.0,0.0,0.0,0.0,0.0,0.0,0.0,0.0,0.0,0.0,0.0,0.0,0.0,0.0,0.0,0.0
16400,4595,2355,0.5125136017410229,1105,941,0.4452665941240479,1296,0.5640914036996736,0.41,2.991964285714286,3.132195669655746,6.651757188498403,2.1781968783200214,9413.86565938551,1522.2863304310008,7853.0,10924.483181357384,10898.51070270761,6.872593327122927,7853.0,0.0,27.933188248095757,20.84926204215202,32.9436802491565,19.035576528970974,0.14406964091403698,0.09510337323177366,0.09053318824809575,0.09314472252448314,0.07225244831338411,0.07529923830250272,0.07247007616974972,0.07116430903155604,0.05788900979325354,0.04766050054406964,0.04439608269858542,0.04069640914036997,0.03460282916213275,0.026115342763873776,0.016104461371055496,0.011534276387377584,0.006964091403699674,0.9282544103229137,0.022923714493067376,0.0,0.0,0.0,0.0,0.0,0.0,0.0,0.0,0.0,0.0,0.0,0.0,0.0,0.0,0.0,0.0,0.0,0.0,0.0,0.0,0.0,0.0,0.0,0.0,0.0,0.11099020674646357,3.1403699673558223,14.232861806311211,11.17083786724701,1.3449401523395,4.29054054054054,2.8727597108816068,nan,nan,nan,4.283378746594005,2.8643389517291733,4.297587131367292,2.8810036177737235,1.0033170974629748,0.4058,0.00977,0.0,0.0,0.0,0.0,0.0,0.0,0.0,0.0,0.0,0.0,0.0,8.291621327529912,21.636561479869428,0.07181719260065289,0.0,0.0,0.0,0.0,0.0,0.0,0.0,0.0,0.0,0.0,0.0,0.0,0.0,0.0,0.0,0.0,nan,nan,4.29054054054054,2.8727597108816068,nan,0.4058,0.04575,0.0,0.0,0.0,0.0,0.0,0.0,0.0,0.0,0.0,0.0,0.0,0.0,0.0,0.0,0.0,0.0,0.0,0.0,0.0,0.0,0.0,0.0,0.0,0.0,3.264417845484222e-05,7.616974972796518e-05,0.00058759521218716,0.001338411316648531,0.00017410228509249183,0.003220892274211099,0.007192600652883569,0.005973884657236126,0.041697497279651795,0.03381936887921654,0.04224156692056583,0.028041349292709468,0.039075081610446136,0.03694232861806311,0.08371055495103373,0.10951033732317737,0.06866158868335147,0.03702937976060936,0.0901741022850925,0.07466811751904244,0.07115342763873776,0.0804570184983678,0.06449401523394994,0.03818280739934712,0.026267682263329706,0.007616974972796518,0.0013710554951033732,0.000544069640914037,0.001838955386289445,0.003101196953210011,0.0007072905331882481,0.0,4.352557127312296e-05,5.44069640914037e-05,0.0,0.0,0.0,0.0,0.0,0.0,0.0,0.0,0.0,0.0,0.0,0.0,0.0,0.0,0.0,0.0,0.0,0.0,0.0,0.0,0.0,0.0,0.0,0.0,0.0,0.0,0.0,0.0,0.0,0.0,0.0,0.0,0.0,0.0,0.0,0.0,0.0,0.0,0.0,0.0,0.0,0.0,0.0,nan,nan,4.29054054054054,2.8727597108816068,nan,0.9281039660650201,0.022680137752908853,0.0,0.0,0.0,0.0,0.0,0.0,0.0,0.0,0.0,0.0,0.0,0.0,0.0,0.0,0.0,0.0,0.0,0.0,0.0,0.0,0.0,0.0,0.0,0.0,0.0,0.07643312101910829,3.13375796178344,14.267515923566883,11.235668789808921,1.2866242038216562,0.9284125782815473,0.023175983042445395,0.0,0.0,0.0,0.0,0.0,0.0,0.0,0.0,0.0,0.0,0.0,0.0,0.0,0.0,0.0,0.0,0.0,0.0,0.0,0.0,0.0,0.0,0.0,0.0,0.0,0.1473214285714286,3.1473214285714293,14.196428571428575,11.102678571428575,1.4062500000000004,0.4058,0.00987,0.0,0.0,0.0,0.0,0.0,0.0,0.0,0.0,0.0,0.0,0.0,8.30573248407642,21.60509554140128,0.08917197452229302,0.0,0.0,0.0,0.0,0.0,0.0,0.0,0.0,0.0,0.0,0.0,0.0,0.0,0.0,0.0,0.0,0.4055,0.009674,0.0,0.0,0.0,0.0,0.0,0.0,0.0,0.0,0.0,0.0,0.0,8.276785714285703,21.66964285714286,0.05357142857142858,0.0,0.0,0.0,0.0,0.0,0.0,0.0,0.0,0.0,0.0,0.0,0.0,0.0,0.0,0.0,0.0
16500,4546,2367,0.5206775186977562,1091,939,0.4465464144302684,1296,0.5701715794104707,0.41,2.916934373565856,3.011677221860205,6.414191419141914,2.114322506082823,9438.719532556672,1521.452196435049,7853.0,10923.522122442722,10898.492604563848,7.081758331616707,7853.0,0.0,28.2384513858337,20.91228574953188,33.2748492001049,19.064509849682096,0.13836339639243292,0.10008798944126705,0.08666959964804223,0.08556973163220413,0.07765068191816982,0.08051033875934888,0.07105147382314123,0.06533216014078311,0.05741311042674879,0.05037395512538495,0.048834139903211615,0.04003519577650682,0.03717553893532776,0.025296964364276288,0.01957765068191817,0.008798944126704795,0.007259128904531456,0.9274067604300528,0.023331921827930393,0.0,0.0,0.0,0.0,0.0,0.0,0.0,0.0,0.0,0.0,0.0,0.0,0.0,0.0,0.0,0.0,0.0,0.0,0.0,0.0,0.0,0.0,0.0,0.0,0.0,0.11878574571051477,3.464584249890014,14.3532776066872,10.618125824901014,1.445226572811263,4.180987821380244,2.8045350087935375,nan,nan,nan,4.1875,2.8225626439518146,4.174386920980926,2.7861271925606594,0.9968685184432063,0.406,0.00975,0.0,0.0,0.0,0.0,0.0,0.0,0.0,0.0,0.0,0.0,0.0,8.018037835459733,21.935767707875062,0.04619445666520019,0.0,0.0,0.0,0.0,0.0,0.0,0.0,0.0,0.0,0.0,0.0,0.0,0.0,0.0,0.0,0.0,nan,nan,4.180987821380244,2.8045350087935375,nan,0.406,0.04556,0.0,0.0,0.0,0.0,0.0,0.0,0.0,0.0,0.0,0.0,0.0,0.0,0.0,0.0,0.0,0.0,0.0,0.0,0.0,0.0,0.0,0.0,0.0,0.0,0.0,7.699076110866696e-05,0.0006819181698196217,0.0013198416190057193,0.00010998680158380995,0.0027496700395952486,0.007138143422789265,0.006247250329960405,0.03961724593048834,0.03250109986801584,0.04369775626924769,0.02930048394192697,0.0373295204575451,0.035855697316322044,0.08351297844258689,0.11025076990761108,0.06735591728992521,0.038583369995600525,0.0911460624725033,0.07474703035635724,0.07061152661680599,0.08302903651561813,0.06535415750109987,0.03758249010118786,0.025648922129344477,0.007116146062472503,0.001968763748350198,0.0006379234491860977,0.002023757149142103,0.0027936647602287727,0.0008029036515618126,0.0,0.00010998680158380995,9.898812142542895e-05,0.0,0.0,0.0,0.0,0.0,0.0,0.0,0.0,0.0,0.0,0.0,0.0,0.0,0.0,0.0,0.0,0.0,0.0,0.0,0.0,0.0,0.0,0.0,0.0,0.0,0.0,0.0,0.0,0.0,0.0,0.0,0.0,0.0,0.0,0.0,0.0,0.0,0.0,0.0,0.0,0.0,0.0,0.0,nan,nan,4.180987821380244,2.8045350087935375,nan,0.9276650526576975,0.02325248218118769,0.0,0.0,0.0,0.0,0.0,0.0,0.0,0.0,0.0,0.0,0.0,0.0,0.0,0.0,0.0,0.0,0.0,0.0,0.0,0.0,0.0,0.0,0.0,0.0,0.0,0.1013941698352345,3.5614702154626117,14.347275031685681,10.43092522179975,1.5589353612167305,0.9271261832373795,0.023414681618113997,0.0,0.0,0.0,0.0,0.0,0.0,0.0,0.0,0.0,0.0,0.0,0.0,0.0,0.0,0.0,0.0,0.0,0.0,0.0,0.0,0.0,0.0,0.0,0.0,0.0,0.13767783386874716,3.359339146397431,14.35979807251033,10.821477742083527,1.3217072051399728,0.4062,0.00981,0.0,0.0,0.0,0.0,0.0,0.0,0.0,0.0,0.0,0.0,0.0,7.870722433460065,22.078580481622314,0.05069708491761725,0.0,0.0,0.0,0.0,0.0,0.0,0.0,0.0,0.0,0.0,0.0,0.0,0.0,0.0,0.0,0.0,0.406,0.009674,0.0,0.0,0.0,0.0,0.0,0.0,0.0,0.0,0.0,0.0,0.0,8.178063331803568,21.7806333180358,0.04130335016062415,0.0,0.0,0.0,0.0,0.0,0.0,0.0,0.0,0.0,0.0,0.0,0.0,0.0,0.0,0.0,0.0
16600,4636,2384,0.5142364106988784,1149,964,0.4557808455565142,1317,0.5681622088006902,0.40199999999999997,2.8494671403197156,2.985754317709862,6.244514106583072,2.1705696778242416,9418.990225479443,1522.0266435221572,7853.0,10920.947658777237,10898.272938474287,6.663657025670788,7853.0,0.0,28.499568593615187,20.836129804971197,33.04066683505936,19.147639335018678,0.12877480586712683,0.09620362381363244,0.09534081104400345,0.08735979292493529,0.0811044003451251,0.07765314926660914,0.06686798964624677,0.06514236410698879,0.06298533218291631,0.05414150129421916,0.04874892148403796,0.03731665228645384,0.034943917169974116,0.026962899050905955,0.017471958584987058,0.01186367558239862,0.007118205349439172,0.9272092722349891,0.022301460564902956,0.0,0.0,0.0,0.0,0.0,0.0,0.0,0.0,0.0,0.0,0.0,0.0,0.0,0.0,0.0,0.0,0.0,0.0,0.0,0.0,0.0,0.0,0.0,0.0,0.0,0.1294219154443486,3.1643658326143234,14.864106988783437,10.748490077653152,1.0936151855047456,4.176084099868594,2.837450117217438,nan,nan,nan,4.117992177314211,2.815912529558392,4.235099337748345,2.8579550572633767,1.0284379268807917,0.406,0.009575,0.0,0.0,0.0,0.0,0.0,0.0,0.0,0.0,0.0,0.0,0.0,7.836496980155295,22.092320966350307,0.07118205349439173,0.0,0.0,0.0,0.0,0.0,0.0,0.0,0.0,0.0,0.0,0.0,0.0,0.0,0.0,0.0,0.0,nan,nan,4.176084099868594,2.837450117217438,nan,0.406,0.04547,0.0,0.0,0.0,0.0,0.0,0.0,0.0,0.0,0.0,0.0,0.0,0.0,0.0,0.0,0.0,0.0,0.0,0.0,0.0,0.0,0.0,0.0,0.0,0.0,0.0,5.392579810181191e-05,0.0005716134598792062,0.0012187230371009492,0.0001186367558239862,0.002858067299396031,0.007635893011216566,0.006460310612597066,0.04047670405522002,0.031783865401207936,0.042989646246764456,0.030683779119930976,0.035806729939603106,0.035364538395168246,0.08400560828300259,0.10870362381363244,0.07102027610008628,0.03939818809318378,0.08843830888697153,0.0723037100949094,0.07255176876617773,0.0861842105263158,0.0662532355478861,0.03541846419327006,0.025830457290767904,0.006082830025884383,0.0016932700603968938,0.0006686798964624677,0.0018011216566005176,0.002933563416738568,0.0006255392579810181,0.0,4.3140638481449525e-05,2.1570319240724762e-05,0.0,0.0,0.0,0.0,0.0,0.0,0.0,0.0,0.0,0.0,0.0,0.0,0.0,0.0,0.0,0.0,0.0,0.0,0.0,0.0,0.0,0.0,0.0,0.0,0.0,0.0,0.0,0.0,0.0,0.0,0.0,0.0,0.0,0.0,0.0,0.0,0.0,0.0,0.0,0.0,0.0,0.0,0.0,nan,nan,4.176084099868594,2.837450117217438,nan,0.9269358604496357,0.02211200075667167,0.0,0.0,0.0,0.0,0.0,0.0,0.0,0.0,0.0,0.0,0.0,0.0,0.0,0.0,0.0,0.0,0.0,0.0,0.0,0.0,0.0,0.0,0.0,0.0,0.0,0.10067114093959734,3.296979865771813,14.899328859060406,10.708892617449667,0.9941275167785237,0.9274987099331606,0.02249666676310693,0.0,0.0,0.0,0.0,0.0,0.0,0.0,0.0,0.0,0.0,0.0,0.0,0.0,0.0,0.0,0.0,0.0,0.0,0.0,0.0,0.0,0.0,0.0,0.0,0.0,0.15985790408525757,3.0239786856127893,14.82682060390764,10.790408525754886,1.1989342806394319,0.4062,0.00948,0.0,0.0,0.0,0.0,0.0,0.0,0.0,0.0,0.0,0.0,0.0,7.638422818791936,22.273489932885912,0.08808724832214768,0.0,0.0,0.0,0.0,0.0,0.0,0.0,0.0,0.0,0.0,0.0,0.0,0.0,0.0,0.0,0.0,0.4058,0.009674,0.0,0.0,0.0,0.0,0.0,0.0,0.0,0.0,0.0,0.0,0.0,8.046181172291286,21.90053285968029,0.053285968028419194,0.0,0.0,0.0,0.0,0.0,0.0,0.0,0.0,0.0,0.0,0.0,0.0,0.0,0.0,0.0,0.0
16700,4739,2420,0.5106562565942182,1158,970,0.44903988183161003,1339,0.5650981219666597,0.39799999999999996,2.8732212160413972,3.051712350424808,6.36969696969697,2.2359981634519546,9408.203213262883,1522.4120012072563,7853.0,10923.171357154846,10898.499184980496,7.027269616951554,7853.0,0.0,27.940282760075966,20.699887815268408,32.71189405297351,18.984006616285352,0.1337834986284026,0.09833298164169656,0.09854399662376029,0.0875712175564465,0.08124076809453472,0.07448828866849547,0.074066258704368,0.059717239924034604,0.062249419708799325,0.0485334458746571,0.04684532601814729,0.04325807132306394,0.03038615741717662,0.025743827811774637,0.02004642329605402,0.00907364422874024,0.006119434479848069,0.9272713770240539,0.02322178217584792,0.0,0.0,0.0,0.0,0.0,0.0,0.0,0.0,0.0,0.0,0.0,0.0,0.0,0.0,0.0,0.0,0.0,0.0,0.0,0.0,0.0,0.0,0.0,0.0,0.0,0.12027853977632415,3.437434057818106,14.667651403249634,10.502215657311671,1.2724203418442712,4.1731020942408374,2.899913622119593,nan,nan,nan,4.109897172236503,2.885141394015628,4.2368245496998,2.9138082255852114,1.0308833462600295,0.4065,0.00962,0.0,0.0,0.0,0.0,0.0,0.0,0.0,0.0,0.0,0.0,0.0,7.735809242456203,22.226208060772322,0.03798269677147078,0.0,0.0,0.0,0.0,0.0,0.0,0.0,0.0,0.0,0.0,0.0,0.0,0.0,0.0,0.0,0.0,nan,nan,4.1731020942408374,2.899913622119593,nan,0.4065,0.0455,0.0,0.0,0.0,0.0,0.0,0.0,0.0,0.0,0.0,0.0,0.0,0.0,0.0,0.0,0.0,0.0,0.0,0.0,0.0,0.0,0.0,0.0,0.0,0.0,0.0,9.495674192867693e-05,0.0004009284659210804,0.001424351128930154,0.00011605824013504959,0.002648238024899768,0.007206161637476261,0.006731377927832876,0.03920658366744039,0.031472884574804814,0.04448195821903355,0.029014560033762397,0.03377294787929943,0.035060139269888164,0.08394175986495041,0.11095167756910741,0.07041569951466554,0.039502004642329606,0.08779278328761342,0.07286347330660477,0.07485756488710699,0.08424773158894282,0.0658261236547795,0.03636843215868327,0.02740029542097489,0.005539143279172821,0.0018041780966448618,0.0008862629246676514,0.0017303228529225575,0.0037033129352184004,0.0004325807132306394,3.165224730955898e-05,3.165224730955898e-05,4.22029964127453e-05,0.0,0.0,0.0,0.0,0.0,0.0,0.0,0.0,0.0,0.0,0.0,0.0,0.0,0.0,0.0,0.0,0.0,0.0,0.0,0.0,0.0,0.0,0.0,0.0,0.0,0.0,0.0,0.0,0.0,0.0,0.0,0.0,0.0,0.0,0.0,0.0,0.0,0.0,0.0,0.0,0.0,0.0,0.0,nan,nan,4.1731020942408374,2.899913622119593,nan,0.9274397132071581,0.023222258429669206,0.0,0.0,0.0,0.0,0.0,0.0,0.0,0.0,0.0,0.0,0.0,0.0,0.0,0.0,0.0,0.0,0.0,0.0,0.0,0.0,0.0,0.0,0.0,0.0,0.0,0.13636363636363638,3.2479338842975216,14.913223140495871,10.363636363636367,1.338842975206612,0.927095709252121,0.023219983947051326,0.0,0.0,0.0,0.0,0.0,0.0,0.0,0.0,0.0,0.0,0.0,0.0,0.0,0.0,0.0,0.0,0.0,0.0,0.0,0.0,0.0,0.0,0.0,0.0,0.0,0.10349288486416561,3.635187580853817,14.411384217335062,10.646830530401038,1.2031047865459252,0.4065,0.009766,0.0,0.0,0.0,0.0,0.0,0.0,0.0,0.0,0.0,0.0,0.0,7.896694214876021,22.041322314049594,0.061983471074380174,0.0,0.0,0.0,0.0,0.0,0.0,0.0,0.0,0.0,0.0,0.0,0.0,0.0,0.0,0.0,0.0,0.4062,0.00947,0.0,0.0,0.0,0.0,0.0,0.0,0.0,0.0,0.0,0.0,0.0,7.567917205692098,22.419146183699876,0.012936610608020701,0.0,0.0,0.0,0.0,0.0,0.0,0.0,0.0,0.0,0.0,0.0,0.0,0.0,0.0,0.0,0.0
16800,4364,2244,0.5142071494042163,1049,883,0.4427131072410632,1220,0.5591200733272227,0.426,3.0367924528301886,3.164002286086111,6.6738768718802,2.2777517109464904,9418.865617416259,1521.9952769521688,7853.0,10921.03050839901,10898.203901249803,6.926229495343656,7853.0,0.0,28.040788267644363,20.850383281169393,32.99399727148704,19.075393376099107,0.13955087076076994,0.09532538955087076,0.096929422548121,0.08501374885426215,0.08111824014665445,0.076993583868011,0.0653070577451879,0.06851512373968836,0.05957836846929423,0.049725022914757104,0.04514207149404216,0.039642529789184235,0.038038496791934,0.024060494958753436,0.017186067827681027,0.010999083409715857,0.0068744271310724105,0.9263021286396015,0.02301968771419992,0.0,0.0,0.0,0.0,0.0,0.0,0.0,0.0,0.0,0.0,0.0,0.0,0.0,0.0,0.0,0.0,0.0,0.0,0.0,0.0,0.0,0.0,0.0,0.0,0.0,0.08936755270394137,3.6640696608615957,14.890009165902844,10.132905591200736,1.2236480293308893,4.31732479544646,2.911412686084719,nan,nan,nan,4.26685393258427,2.9210822588441383,4.3691420331651045,2.900538109712961,1.0239727214001166,0.4065,0.009735,0.0,0.0,0.0,0.0,0.0,0.0,0.0,0.0,0.0,0.0,0.0,7.912465627864333,22.03253895508708,0.0549954170485793,0.0,0.0,0.0,0.0,0.0,0.0,0.0,0.0,0.0,0.0,0.0,0.0,0.0,0.0,0.0,0.0,nan,nan,4.31732479544646,2.911412686084719,nan,0.4065,0.04532,0.0,0.0,0.0,0.0,0.0,0.0,0.0,0.0,0.0,0.0,0.0,0.0,0.0,0.0,0.0,0.0,0.0,0.0,0.0,0.0,0.0,0.0,0.0,0.0,0.0,0.0,0.0006759853345554537,0.0010884509624197983,0.00032080659945004584,0.002669569202566453,0.007894133822181485,0.006954628780934922,0.03866865261228231,0.030992208982584785,0.04247250229147571,0.027314390467461046,0.035368927589367556,0.033421173235563706,0.08272227314390468,0.11747250229147571,0.0727314390467461,0.038336388634280474,0.08510540788267644,0.07192942254812099,0.07635197066911091,0.08583868010999084,0.06247708524289643,0.0373166819431714,0.028047662694775436,0.005476626947754354,0.0019019248395967003,0.0010655362053162236,0.0012488542621448212,0.003884051329055912,0.00014894592117323556,1.1457378551787351e-05,1.1457378551787351e-05,8.020164986251146e-05,0.0,0.0,0.0,0.0,0.0,0.0,0.0,0.0,0.0,0.0,0.0,0.0,0.0,0.0,0.0,0.0,0.0,0.0,0.0,0.0,0.0,0.0,0.0,0.0,0.0,0.0,0.0,0.0,0.0,0.0,0.0,0.0,0.0,0.0,0.0,0.0,0.0,0.0,0.0,0.0,0.0,0.0,0.0,nan,nan,4.31732479544646,2.911412686084719,nan,0.9265724777272253,0.022847662150648887,0.0,0.0,0.0,0.0,0.0,0.0,0.0,0.0,0.0,0.0,0.0,0.0,0.0,0.0,0.0,0.0,0.0,0.0,0.0,0.0,0.0,0.0,0.0,0.0,0.0,0.09358288770053479,3.462566844919787,15.04010695187166,10.267379679144387,1.1363636363636365,0.9260159666808147,0.023196953211734653,0.0,0.0,0.0,0.0,0.0,0.0,0.0,0.0,0.0,0.0,0.0,0.0,0.0,0.0,0.0,0.0,0.0,0.0,0.0,0.0,0.0,0.0,0.0,0.0,0.0,0.0849056603773585,3.8773584905660385,14.731132075471702,9.990566037735851,1.316037735849057,0.4062,0.00986,0.0,0.0,0.0,0.0,0.0,0.0,0.0,0.0,0.0,0.0,0.0,8.262032085561486,21.68449197860963,0.05347593582887702,0.0,0.0,0.0,0.0,0.0,0.0,0.0,0.0,0.0,0.0,0.0,0.0,0.0,0.0,0.0,0.0,0.4065,0.0096,0.0,0.0,0.0,0.0,0.0,0.0,0.0,0.0,0.0,0.0,0.0,7.542452830188668,22.400943396226417,0.056603773584905676,0.0,0.0,0.0,0.0,0.0,0.0,0.0,0.0,0.0,0.0,0.0,0.0,0.0,0.0,0.0,0.0
16900,4415,2322,0.5259343148357871,1090,872,0.4443941109852775,1211,0.5485843714609286,0.422,3.064022933588151,3.1297335617674706,6.66334991708126,2.071147458849242,9454.581612173306,1520.5652276070712,7853.0,10924.744872570038,10898.21223847767,7.077630212671534,7853.0,0.0,28.482672706681768,21.0286135455271,33.18388043768348,19.348435887118594,0.12819932049830124,0.10215175537938845,0.09626274065685164,0.08312570781426953,0.08086070215175538,0.07701019252548132,0.06908267270668177,0.06251415628539071,0.05617214043035108,0.05458663646659117,0.048924122310305775,0.04280860702151756,0.030577576443941108,0.030351075877689693,0.018346545866364666,0.012004530011325029,0.007021517553793885,0.9266423376338263,0.0234706557762272,0.0,0.0,0.0,0.0,0.0,0.0,0.0,0.0,0.0,0.0,0.0,0.0,0.0,0.0,0.0,0.0,0.0,0.0,0.0,0.0,0.0,0.0,0.0,0.0,0.006795016987542471,0.10192525481313706,3.6761041902604763,14.568516421291056,10.219705549263875,1.4269535673839189,4.281577110956036,2.928180050125336,nan,nan,nan,4.330526315789474,2.917018678137959,4.230555555555555,2.937716369756584,0.9769148706314481,0.4065,0.00977,0.0,0.0,0.0,0.0,0.0,0.0,0.0,0.0,0.0,0.0,0.0,7.603624009060011,22.314835787089475,0.08154020385050964,0.0,0.0,0.0,0.0,0.0,0.0,0.0,0.0,0.0,0.0,0.0,0.0,0.0,0.0,0.0,0.0,nan,nan,4.281577110956036,2.928180050125336,nan,0.4065,0.04498,0.0,0.0,0.0,0.0,0.0,0.0,0.0,0.0,0.0,0.0,0.0,0.0,0.0,0.0,0.0,0.0,0.0,0.0,0.0,0.0,0.0,0.0,0.0,0.0,0.0,4.5300113250283124e-05,0.0005549263873159683,0.0007701019252548131,0.0005096262740656852,0.0028086070215175537,0.006727066817667044,0.006636466591166478,0.0381766704416761,0.03184597961494904,0.041415628539071346,0.027146092865232164,0.0359682899207248,0.031245753114382786,0.08490373725934315,0.11889014722536806,0.07370328425821064,0.039864099660249154,0.08208380520951303,0.07424688561721404,0.07674971687429219,0.0843827859569649,0.06194790486976218,0.037814269535673836,0.029060022650056624,0.004303510758776897,0.002072480181200453,0.0011325028312570782,0.0010532276330690827,0.0037032842582106454,0.00015855039637599093,3.3975084937712346e-05,0.0,4.5300113250283124e-05,0.0,0.0,0.0,0.0,0.0,0.0,0.0,0.0,0.0,0.0,0.0,0.0,0.0,0.0,0.0,0.0,0.0,0.0,0.0,0.0,0.0,0.0,0.0,0.0,0.0,0.0,0.0,0.0,0.0,0.0,0.0,0.0,0.0,0.0,0.0,0.0,0.0,0.0,0.0,0.0,0.0,0.0,0.0,nan,nan,4.281577110956036,2.928180050125336,nan,0.9264643891272516,0.023587620223202543,0.0,0.0,0.0,0.0,0.0,0.0,0.0,0.0,0.0,0.0,0.0,0.0,0.0,0.0,0.0,0.0,0.0,0.0,0.0,0.0,0.0,0.0,0.0,0.0,0.012919896640826876,0.12919896640826875,3.643410852713179,14.67700258397933,10.116279069767444,1.4211886304909565,0.9268397559005566,0.023338620604998028,0.0,0.0,0.0,0.0,0.0,0.0,0.0,0.0,0.0,0.0,0.0,0.0,0.0,0.0,0.0,0.0,0.0,0.0,0.0,0.0,0.0,0.0,0.0,0.0,0.0,0.07166746297181081,3.7123745819398004,14.44816053511706,10.33444816053512,1.4333492594362163,0.4065,0.00968,0.0,0.0,0.0,0.0,0.0,0.0,0.0,0.0,0.0,0.0,0.0,7.700258397932806,22.235142118863056,0.06459948320413438,0.0,0.0,0.0,0.0,0.0,0.0,0.0,0.0,0.0,0.0,0.0,0.0,0.0,0.0,0.0,0.0,0.4065,0.00988,0.0,0.0,0.0,0.0,0.0,0.0,0.0,0.0,0.0,0.0,0.0,7.496416626851399,22.40324892498806,0.10033444816053515,0.0,0.0,0.0,0.0,0.0,0.0,0.0,0.0,0.0,0.0,0.0,0.0,0.0,0.0,0.0,0.0
17000,4215,2220,0.5266903914590747,1051,826,0.4453143534994069,1143,0.5423487544483986,0.442,3.0040100250626565,3.135852018128207,6.6648550724637685,2.2030110275919323,9456.70433455116,1520.272989191934,7853.0,10923.293204545975,10897.871067627539,6.837708895914078,7853.0,0.0,28.35302491103203,21.10515219872926,33.271677927927925,19.343758092457442,0.13784104389086596,0.09608540925266904,0.09252669039145907,0.08517200474495848,0.07924080664294188,0.07591933570581258,0.07568208778173191,0.06168446026097272,0.056227758007117434,0.0498220640569395,0.05005931198102016,0.04033214709371293,0.03226571767497034,0.0265717674970344,0.021352313167259787,0.012099644128113879,0.0071174377224199285,0.9262449314161552,0.022399173105141876,0.0,0.0,0.0,0.0,0.0,0.0,0.0,0.0,0.0,0.0,0.0,0.0,0.0,0.0,0.0,0.0,0.0,0.0,0.0,0.0,0.0,0.0,0.0,0.0,0.00711743772241993,0.10676156583629896,3.5160142348754455,15.074733096085414,10.23487544483986,1.0604982206405695,4.201386355344765,2.906222157365836,nan,nan,nan,4.224201930215293,2.883572371071921,4.182340272792534,2.9266806880417318,0.9900900434888478,0.4062,0.0097,0.0,0.0,0.0,0.0,0.0,0.0,0.0,0.0,0.0,0.0,0.0,7.964412811387889,21.971530249110323,0.06405693950177938,0.0,0.0,0.0,0.0,0.0,0.0,0.0,0.0,0.0,0.0,0.0,0.0,0.0,0.0,0.0,0.0,nan,nan,4.201386355344765,2.906222157365836,nan,0.4062,0.04498,0.0,0.0,0.0,0.0,0.0,0.0,0.0,0.0,0.0,0.0,0.0,0.0,0.0,0.0,0.0,0.0,0.0,0.0,0.0,0.0,0.0,0.0,0.0,0.0,1.1862396204033214e-05,2.372479240806643e-05,0.000498220640569395,0.0009015421115065244,0.0005931198102016608,0.003048635824436536,0.007069988137603796,0.006915776986951365,0.037117437722419926,0.03246737841043891,0.042562277580071174,0.027259786476868327,0.03833926453143535,0.03359430604982207,0.07972716488730723,0.11603795966785291,0.07462633451957296,0.03976275207591934,0.08411625148279953,0.07651245551601424,0.07577698695136417,0.0863938315539739,0.06040332147093713,0.036180308422301306,0.027746144721233688,0.0034400948991696323,0.002858837485172005,0.0016132858837485172,0.0010557532621589562,0.0030960854092526692,0.00020166073546856465,0.0,0.0,4.744958481613286e-05,0.0,0.0,0.0,0.0,0.0,0.0,0.0,0.0,0.0,0.0,0.0,0.0,0.0,0.0,0.0,0.0,0.0,0.0,0.0,0.0,0.0,0.0,0.0,0.0,0.0,0.0,0.0,0.0,0.0,0.0,0.0,0.0,0.0,0.0,0.0,0.0,0.0,0.0,0.0,0.0,0.0,0.0,0.0,nan,nan,4.201386355344765,2.906222157365836,nan,0.9258122621892809,0.022666941995681037,0.0,0.0,0.0,0.0,0.0,0.0,0.0,0.0,0.0,0.0,0.0,0.0,0.0,0.0,0.0,0.0,0.0,0.0,0.0,0.0,0.0,0.0,0.0,0.0,0.013513513513513516,0.13513513513513517,3.662162162162163,14.932432432432435,10.229729729729732,1.0270270270270272,0.9267263979242559,0.022087429735428796,0.0,0.0,0.0,0.0,0.0,0.0,0.0,0.0,0.0,0.0,0.0,0.0,0.0,0.0,0.0,0.0,0.0,0.0,0.0,0.0,0.0,0.0,0.0,0.0,0.0,0.07518796992481204,3.3533834586466176,15.23308270676692,10.2406015037594,1.097744360902256,0.4058,0.00989,0.0,0.0,0.0,0.0,0.0,0.0,0.0,0.0,0.0,0.0,0.0,8.689189189189175,21.243243243243246,0.06756756756756759,0.0,0.0,0.0,0.0,0.0,0.0,0.0,0.0,0.0,0.0,0.0,0.0,0.0,0.0,0.0,0.0,0.4065,0.00947,0.0,0.0,0.0,0.0,0.0,0.0,0.0,0.0,0.0,0.0,0.0,7.1578947368420955,22.78195488721805,0.06015037593984964,0.0,0.0,0.0,0.0,0.0,0.0,0.0,0.0,0.0,0.0,0.0,0.0,0.0,0.0,0.0,0.0
17100,4566,2390,0.5234340779675866,1090,959,0.4487516425755585,1281,0.5611038107752957,0.438,3.0284926470588234,3.138810179914384,6.8711985688729875,2.061976359269809,9446.940568815524,1520.9151584631227,7853.0,10925.77202296257,10898.160099251749,6.9434337993169795,7853.0,0.0,27.477441962330268,20.720704805780525,32.716587427363976,18.879737965038498,0.1462987297415681,0.10074463425317565,0.08891809023215068,0.09373631187034603,0.07906263688129654,0.07052124397722295,0.0700832238282961,0.07030223390275953,0.052124397722295226,0.05475251861585633,0.04402102496714849,0.03942181340341656,0.0328515111695138,0.025405168637757335,0.01686377573368375,0.00985545335085414,0.005037231712658782,0.9264140354401701,0.023192856762039065,0.0,0.0,0.0,0.0,0.0,0.0,0.0,0.0,0.0,0.0,0.0,0.0,0.0,0.0,0.0,0.0,0.0,0.0,0.0,0.0,0.0,0.0,0.0,0.0,0.006570302233902761,0.1511169513797635,3.7187910643889626,14.678055190538768,10.256241787122208,1.1892247043363997,4.410738714090288,2.9061766622479768,nan,nan,nan,4.416208791208791,2.952668921264969,4.405313351498638,2.8593074936473224,0.9975328522211535,0.4062,0.00954,0.0,0.0,0.0,0.0,0.0,0.0,0.0,0.0,0.0,0.0,0.0,7.838370565045981,22.1287779237845,0.032851511169513806,0.0,0.0,0.0,0.0,0.0,0.0,0.0,0.0,0.0,0.0,0.0,0.0,0.0,0.0,0.0,0.0,nan,nan,4.410738714090288,2.9061766622479768,nan,0.4062,0.04483,0.0,0.0,0.0,0.0,0.0,0.0,0.0,0.0,0.0,0.0,0.0,0.0,0.0,0.0,0.0,0.0,0.0,0.0,0.0,0.0,0.0,0.0,0.0,0.0,0.0,1.0950503723171266e-05,0.0003504161191414805,0.000700832238282961,0.0005037231712658782,0.0029675865089794132,0.006559351730179588,0.006822163819535699,0.034581690757774855,0.033289531318440646,0.04487516425755585,0.02656592203241349,0.039980289093298295,0.034384581690757775,0.08464739378011389,0.11133377135348226,0.07264564169951818,0.039673674989049494,0.08508541392904073,0.07417871222076215,0.0767958826106001,0.08772448532632501,0.061388523872098116,0.03514016644765659,0.02724485326325011,0.0036793692509855453,0.0026609724047306177,0.0020915462111257116,0.0008103372755146736,0.003044240035041612,0.0002190100744634253,1.0950503723171266e-05,0.0,3.2851511169513796e-05,0.0,0.0,0.0,0.0,0.0,0.0,0.0,0.0,0.0,0.0,0.0,0.0,0.0,0.0,0.0,0.0,0.0,0.0,0.0,0.0,0.0,0.0,0.0,0.0,0.0,0.0,0.0,0.0,0.0,0.0,0.0,0.0,0.0,0.0,0.0,0.0,0.0,0.0,0.0,0.0,0.0,0.0,0.0,nan,nan,4.410738714090288,2.9061766622479768,nan,0.9265995229637274,0.023127158390151194,0.0,0.0,0.0,0.0,0.0,0.0,0.0,0.0,0.0,0.0,0.0,0.0,0.0,0.0,0.0,0.0,0.0,0.0,0.0,0.0,0.0,0.0,0.0,0.0,0.012552301255230129,0.07531380753138077,3.8912133891213396,14.510460251046029,10.355648535564857,1.1548117154811717,0.9262103060369983,0.02326309824097507,0.0,0.0,0.0,0.0,0.0,0.0,0.0,0.0,0.0,0.0,0.0,0.0,0.0,0.0,0.0,0.0,0.0,0.0,0.0,0.0,0.0,0.0,0.0,0.0,0.0,0.23437500000000006,3.529411764705883,14.86213235294118,10.147058823529413,1.2270220588235297,0.406,0.00961,0.0,0.0,0.0,0.0,0.0,0.0,0.0,0.0,0.0,0.0,0.0,8.020920502092038,21.941422594142267,0.037656903765690385,0.0,0.0,0.0,0.0,0.0,0.0,0.0,0.0,0.0,0.0,0.0,0.0,0.0,0.0,0.0,0.0,0.4062,0.009445,0.0,0.0,0.0,0.0,0.0,0.0,0.0,0.0,0.0,0.0,0.0,7.637867647058812,22.334558823529417,0.027573529411764712,0.0,0.0,0.0,0.0,0.0,0.0,0.0,0.0,0.0,0.0,0.0,0.0,0.0,0.0,0.0,0.0
17200,4990,2471,0.49519038076152305,1207,1022,0.4466933867735471,1412,0.565931863727455,0.38599999999999995,2.8384279475982535,3.045065785010674,6.430183356840621,2.084868609120741,9361.025732408163,1522.6097455806068,7853.0,10924.083330392838,10898.345368157317,6.795556965780437,7853.0,0.0,27.766332665330662,20.749172636704593,32.54038004750594,19.07607993034131,0.13567134268537073,0.10841683366733466,0.09318637274549098,0.08597194388777556,0.07775551102204409,0.07975951903807615,0.06673346693386774,0.06392785571142284,0.05991983967935872,0.05030060120240481,0.04669338677354709,0.03867735470941884,0.03346693386773547,0.026052104208416832,0.01843687374749499,0.010420841683366733,0.004609218436873747,0.9274116181538913,0.023129603432271936,0.0,0.0,0.0,0.0,0.0,0.0,0.0,0.0,0.0,0.0,0.0,0.0,0.0,0.0,0.0,0.0,0.0,0.0,0.0,0.0,0.0,0.0,0.0,0.0,0.0,0.13827655310621245,3.3667334669338684,14.519038076152308,10.64729458917836,1.3286573146292588,4.254840724547158,2.834165715986704,nan,nan,nan,4.225124378109452,2.8168055739164006,4.2848180677540775,2.851257465140905,1.0141282680230435,0.406,0.009415,0.0,0.0,0.0,0.0,0.0,0.0,0.0,0.0,0.0,0.0,0.006012024048096194,7.827655310621231,22.124248496993992,0.04208416833667336,0.0,0.0,0.0,0.0,0.0,0.0,0.0,0.0,0.0,0.0,0.0,0.0,0.0,0.0,0.0,0.0,nan,nan,4.254840724547158,2.834165715986704,nan,0.406,0.04483,0.0,0.0,0.0,0.0,0.0,0.0,0.0,0.0,0.0,0.0,0.0,0.0,0.0,0.0,0.0,0.0,0.0,0.0,0.0,0.0,0.0,0.0,0.0,0.0,0.0,3.0060120240480963e-05,0.00041082164328657317,0.0011422845691382766,0.0008416833667334669,0.002745490981963928,0.006052104208416833,0.005851703406813627,0.03370741482965932,0.03673346693386773,0.04649298597194389,0.026432865731462925,0.037364729458917834,0.0344188376753507,0.08287575150300601,0.11225450901803607,0.0750501002004008,0.038547094188376756,0.08575150300601203,0.07032064128256513,0.07701402805611222,0.09129258517034068,0.06217434869739479,0.033587174348697395,0.027324649298597195,0.0031462925851703408,0.002535070140280561,0.0024248496993987977,0.0006913827655310621,0.002535070140280561,0.00022044088176352705,3.0060120240480963e-05,0.0,0.0,0.0,0.0,0.0,0.0,0.0,0.0,0.0,0.0,0.0,0.0,0.0,0.0,0.0,0.0,0.0,0.0,0.0,0.0,0.0,0.0,0.0,0.0,0.0,0.0,0.0,0.0,0.0,0.0,0.0,0.0,0.0,0.0,0.0,0.0,0.0,0.0,0.0,0.0,0.0,0.0,0.0,0.0,0.0,nan,nan,4.254840724547158,2.834165715986704,nan,0.9274018493464774,0.022796298894259673,0.0,0.0,0.0,0.0,0.0,0.0,0.0,0.0,0.0,0.0,0.0,0.0,0.0,0.0,0.0,0.0,0.0,0.0,0.0,0.0,0.0,0.0,0.0,0.0,0.0,0.12140833670578716,3.326588425738568,14.569000404694458,10.732496964791585,1.2505058680696077,0.9274212008149153,0.023451950826419293,0.0,0.0,0.0,0.0,0.0,0.0,0.0,0.0,0.0,0.0,0.0,0.0,0.0,0.0,0.0,0.0,0.0,0.0,0.0,0.0,0.0,0.0,0.0,0.0,0.0,0.1548233425962684,3.4061135371179048,14.470027788805083,10.563715760222314,1.4053195712584363,0.406,0.00945,0.0,0.0,0.0,0.0,0.0,0.0,0.0,0.0,0.0,0.0,0.012140833670578716,8.09793605827599,21.84135977337111,0.048563334682314864,0.0,0.0,0.0,0.0,0.0,0.0,0.0,0.0,0.0,0.0,0.0,0.0,0.0,0.0,0.0,0.0,0.4062,0.00938,0.0,0.0,0.0,0.0,0.0,0.0,0.0,0.0,0.0,0.0,0.0,7.5625248114330965,22.401746724890835,0.03572846367606194,0.0,0.0,0.0,0.0,0.0,0.0,0.0,0.0,0.0,0.0,0.0,0.0,0.0,0.0,0.0,0.0
17300,4534,2336,0.5152183502426114,1087,930,0.4448610498456109,1297,0.572121746801941,0.438,2.9717925386715196,3.0983463799242696,6.503236245954692,2.2005050639389263,9422.153666664495,1522.107908208167,7853.0,10924.804970741272,10898.609043089393,7.254747910949376,7853.0,0.0,28.49713277459197,21.052916413868868,33.32420448617632,19.30344144980019,0.13167181296868108,0.1023378914865461,0.09417732686369651,0.08425231583590649,0.08028231142479048,0.07278341420379356,0.0674900749889722,0.05977062196735774,0.05800617556241729,0.05866784296426996,0.046537273930304365,0.046537273930304365,0.0337450374944861,0.028010586678429643,0.016541685046316718,0.012130569033965593,0.0070577856197618,0.9278106474119185,0.023782274841392843,0.0,0.0,0.0,0.0,0.0,0.0,0.0,0.0,0.0,0.0,0.0,0.0,0.0,0.0,0.0,0.0,0.0,0.0,0.0,0.0,0.0,0.0,0.0,0.0,0.0,0.1588001764446405,3.5862373180414653,13.842082046757833,10.87119541243935,1.5416850463167184,4.147197839297772,2.8481619066474146,nan,nan,nan,4.1632928475033735,2.8783808532997335,4.131081081081081,2.817485253836836,0.9922629112094268,0.4062,0.00959,0.0,0.0,0.0,0.0,0.0,0.0,0.0,0.0,0.0,0.0,0.0,7.801058667842953,22.159241288045884,0.03970004411116013,0.0,0.0,0.0,0.0,0.0,0.0,0.0,0.0,0.0,0.0,0.0,0.0,0.0,0.0,0.0,0.0,nan,nan,4.147197839297772,2.8481619066474146,nan,0.4062,0.04483,0.0,0.0,0.0,0.0,0.0,0.0,0.0,0.0,0.0,0.0,0.0,0.0,0.0,0.0,0.0,0.0,0.0,0.0,0.0,0.0,0.0,0.0,0.0,0.0,0.0,2.2055580061755625e-05,0.0003639170710189678,0.0013674459638288487,0.0005844728716365241,0.0028892809880899867,0.0058226731363034846,0.00513895015438906,0.033094397882664314,0.03634759594177327,0.04782752536391707,0.027194530216144683,0.03602779003087781,0.03512351124834583,0.08335906484340538,0.11065284516982797,0.07653286281429202,0.03986546096162329,0.08802382002646669,0.06654168504631672,0.07738200264666961,0.09164093515659462,0.05966034406704896,0.032840758711954125,0.029267754741949713,0.0034186149095721216,0.002183502426113807,0.0027348919276576973,0.0003639170710189678,0.0034847816497573887,0.00024261138067931186,0.0,0.0,0.0,0.0,0.0,0.0,0.0,0.0,0.0,0.0,0.0,0.0,0.0,0.0,0.0,0.0,0.0,0.0,0.0,0.0,0.0,0.0,0.0,0.0,0.0,0.0,0.0,0.0,0.0,0.0,0.0,0.0,0.0,0.0,0.0,0.0,0.0,0.0,0.0,0.0,0.0,0.0,0.0,0.0,0.0,0.0,nan,nan,4.147197839297772,2.8481619066474146,nan,0.9281283783381933,0.024360638457692423,0.0,0.0,0.0,0.0,0.0,0.0,0.0,0.0,0.0,0.0,0.0,0.0,0.0,0.0,0.0,0.0,0.0,0.0,0.0,0.0,0.0,0.0,0.0,0.0,0.0,0.20547945205479456,3.518835616438357,13.574486301369866,10.928938356164387,1.7722602739726032,0.9274729679561508,0.02314698672138234,0.0,0.0,0.0,0.0,0.0,0.0,0.0,0.0,0.0,0.0,0.0,0.0,0.0,0.0,0.0,0.0,0.0,0.0,0.0,0.0,0.0,0.0,0.0,0.0,0.0,0.10919017288444043,3.657870791628754,14.12647861692448,10.809827115559601,1.29663330300273,0.4062,0.00966,0.0,0.0,0.0,0.0,0.0,0.0,0.0,0.0,0.0,0.0,0.0,7.859589041095879,22.10188356164384,0.03852739726027398,0.0,0.0,0.0,0.0,0.0,0.0,0.0,0.0,0.0,0.0,0.0,0.0,0.0,0.0,0.0,0.0,0.4062,0.009514,0.0,0.0,0.0,0.0,0.0,0.0,0.0,0.0,0.0,0.0,0.0,7.738853503184702,22.220200181983625,0.04094631483166516,0.0,0.0,0.0,0.0,0.0,0.0,0.0,0.0,0.0,0.0,0.0,0.0,0.0,0.0,0.0,0.0
17400,4761,2495,0.5240495694181895,1236,931,0.4551564797311489,1292,0.5427431211930267,0.414,2.968225948808473,3.116714064761192,6.564142194744977,2.219447589526606,9449.063392572181,1521.0627823675368,7853.0,10925.791208148003,10898.634393601666,6.876206701598708,7853.0,0.0,28.26507036336904,20.806181329518115,33.09455088330431,19.0407825081613,0.1337954211300147,0.1012392354547364,0.08926696072253729,0.0856962822936358,0.08527620247847091,0.07246376811594203,0.06952320940978786,0.0651123713505566,0.05650073513967654,0.05923125393824827,0.04641881957571939,0.040747742070993485,0.035706784289014915,0.02205419029615627,0.021214030665826507,0.00924175593362739,0.006511237135055661,0.9279981010777939,0.023243617328979626,0.0,0.0,0.0,0.0,0.0,0.0,0.0,0.0,0.0,0.0,0.0,0.0,0.0,0.0,0.0,0.0,0.0,0.0,0.0,0.0,0.0,0.0,0.0,0.0,0.0,0.1197227473219912,3.4845620667926913,14.076874606175176,10.75614366729679,1.562696912413359,4.178974524346985,2.9158724045664557,nan,nan,nan,4.26552598225602,2.9149047309067955,4.08929743926461,2.914164419992435,0.9586853898617672,0.406,0.009605,0.0,0.0,0.0,0.0,0.0,0.0,0.0,0.0,0.0,0.0,0.0,7.996219281663504,21.947069943289232,0.05671077504725899,0.0,0.0,0.0,0.0,0.0,0.0,0.0,0.0,0.0,0.0,0.0,0.0,0.0,0.0,0.0,0.0,nan,nan,4.178974524346985,2.9158724045664557,nan,0.406,0.0447,0.0,0.0,0.0,0.0,0.0,0.0,0.0,0.0,0.0,0.0,0.0,0.0,0.0,0.0,0.0,0.0,0.0,0.0,0.0,0.0,0.0,0.0,0.0,0.0,0.0,4.2007981516488134e-05,0.0005881117412308339,0.0008926696072253729,0.000651123713505566,0.003108590632220122,0.005650073513967654,0.005482041587901701,0.031264440243646295,0.037114051669817266,0.04875026254988448,0.028166351606805293,0.03568578029825667,0.03608485612266331,0.0846040747742071,0.10964083175803403,0.07584541062801932,0.043761814744801515,0.08714555765595464,0.06393614786809494,0.07915353917244276,0.09056920814954841,0.05695232094097879,0.03262969964293216,0.02960512497374501,0.0033606385213190504,0.002152909052720017,0.003843730308758664,0.00024154589371980676,0.0029510607015332912,0.0001260239445494644,0.0,0.0,0.0,0.0,0.0,0.0,0.0,0.0,0.0,0.0,0.0,0.0,0.0,0.0,0.0,0.0,0.0,0.0,0.0,0.0,0.0,0.0,0.0,0.0,0.0,0.0,0.0,0.0,0.0,0.0,0.0,0.0,0.0,0.0,0.0,0.0,0.0,0.0,0.0,0.0,0.0,0.0,0.0,0.0,0.0,0.0,nan,nan,4.178974524346985,2.9158724045664557,nan,0.9283545119012286,0.022963797214089608,0.0,0.0,0.0,0.0,0.0,0.0,0.0,0.0,0.0,0.0,0.0,0.0,0.0,0.0,0.0,0.0,0.0,0.0,0.0,0.0,0.0,0.0,0.0,0.0,0.0,0.15631262525050105,3.1503006012024057,14.35671342685371,10.72545090180361,1.6112224448897798,0.927605671684824,0.023541629392237844,0.0,0.0,0.0,0.0,0.0,0.0,0.0,0.0,0.0,0.0,0.0,0.0,0.0,0.0,0.0,0.0,0.0,0.0,0.0,0.0,0.0,0.0,0.0,0.0,0.0,0.07943512797881731,3.8526037069726398,13.768755516328335,10.789938217122685,1.5092674315975292,0.406,0.00949,0.0,0.0,0.0,0.0,0.0,0.0,0.0,0.0,0.0,0.0,0.0,7.851703406813615,22.112224448897802,0.03607214428857716,0.0,0.0,0.0,0.0,0.0,0.0,0.0,0.0,0.0,0.0,0.0,0.0,0.0,0.0,0.0,0.0,0.4058,0.00973,0.0,0.0,0.0,0.0,0.0,0.0,0.0,0.0,0.0,0.0,0.0,8.155339805825232,21.765225066195946,0.07943512797881731,0.0,0.0,0.0,0.0,0.0,0.0,0.0,0.0,0.0,0.0,0.0,0.0,0.0,0.0,0.0,0.0
17500,4951,2535,0.5120177741870329,1159,1020,0.4401131084629368,1381,0.5578670975560492,0.40599999999999997,2.917632450331126,3.0809047153242566,6.586726998491704,2.189638012738097,9412.39345441006,1522.3606519134191,7853.0,10921.518409788609,10898.584612538147,7.014164344316796,7853.0,0.0,27.107655019188044,20.666131620046798,32.11703416525321,18.999116659724315,0.1460311048273076,0.11048273076146232,0.09291052312664108,0.0862452029892951,0.08200363562916582,0.07352050090890729,0.06826903655827106,0.063623510401939,0.05756412845889719,0.04867703494243587,0.046051302767117754,0.03474045647343971,0.03393253888103413,0.024641486568370025,0.015148454857604524,0.00989699050696829,0.006261361341143203,0.9282853708101556,0.023125580680275634,0.0,0.0,0.0,0.0,0.0,0.0,0.0,0.0,0.0,0.0,0.0,0.0,0.0,0.0,0.0,0.0,0.0,0.0,0.0,0.0,0.0,0.0,0.0,0.0,0.0,0.08483134720258535,3.369016360331247,14.100181781458295,10.997778226620888,1.448192284386993,4.338069099128188,2.8772678384444585,nan,nan,nan,4.364925854287557,2.906167652297103,4.311125485122898,2.8477253855849534,0.987674391052528,0.4058,0.00959,0.0,0.0,0.0,0.0,0.0,0.0,0.0,0.0,0.0,0.0,0.0,8.065037366188637,21.892546960210066,0.042415673601292676,0.0,0.0,0.0,0.0,0.0,0.0,0.0,0.0,0.0,0.0,0.0,0.0,0.0,0.0,0.0,0.0,nan,nan,4.338069099128188,2.8772678384444585,nan,0.4058,0.0451,0.0,0.0,0.0,0.0,0.0,0.0,0.0,0.0,0.0,0.0,0.0,0.0,0.0,0.0,0.0,0.0,0.0,0.0,0.0,0.0,0.0,0.0,0.0,0.0,0.0,9.089072914562714e-05,0.0007776206826903656,0.000828115532215714,0.0010704908099373864,0.0032114724298121593,0.005372651989497071,0.0058473035750353465,0.03267016764290043,0.037184407190466576,0.0505655423146839,0.02798424560694809,0.03477075338315492,0.03449808119571804,0.0833467986265401,0.11071500706927893,0.0761159361745102,0.043910321147242984,0.0871440113108463,0.06375479701070491,0.07604524338517471,0.0898707331852151,0.0542617652999394,0.03422540900828116,0.0319127449000202,0.004191072510603918,0.0025045445364572814,0.004413249848515452,0.00022217733791153303,0.0023126641082609574,0.00017168248838618462,1.0098969905069683e-05,0.0,0.0,0.0,0.0,0.0,0.0,0.0,0.0,0.0,0.0,0.0,0.0,0.0,0.0,0.0,0.0,0.0,0.0,0.0,0.0,0.0,0.0,0.0,0.0,0.0,0.0,0.0,0.0,0.0,0.0,0.0,0.0,0.0,0.0,0.0,0.0,0.0,0.0,0.0,0.0,0.0,0.0,0.0,0.0,0.0,nan,nan,4.338069099128188,2.8772678384444585,nan,0.9282625516961077,0.02313218892385426,0.0,0.0,0.0,0.0,0.0,0.0,0.0,0.0,0.0,0.0,0.0,0.0,0.0,0.0,0.0,0.0,0.0,0.0,0.0,0.0,0.0,0.0,0.0,0.0,0.0,0.07100591715976333,3.360946745562131,14.189349112426038,10.887573964497044,1.4911242603550299,0.9283093138789105,0.02311862070224022,0.0,0.0,0.0,0.0,0.0,0.0,0.0,0.0,0.0,0.0,0.0,0.0,0.0,0.0,0.0,0.0,0.0,0.0,0.0,0.0,0.0,0.0,0.0,0.0,0.0,0.09933774834437088,3.37748344370861,14.006622516556295,11.113410596026494,1.4031456953642387,0.406,0.009705,0.0,0.0,0.0,0.0,0.0,0.0,0.0,0.0,0.0,0.0,0.0,8.059171597633124,21.917159763313617,0.023668639053254444,0.0,0.0,0.0,0.0,0.0,0.0,0.0,0.0,0.0,0.0,0.0,0.0,0.0,0.0,0.0,0.0,0.4058,0.00947,0.0,0.0,0.0,0.0,0.0,0.0,0.0,0.0,0.0,0.0,0.0,8.07119205298012,21.866721854304643,0.0620860927152318,0.0,0.0,0.0,0.0,0.0,0.0,0.0,0.0,0.0,0.0,0.0,0.0,0.0,0.0,0.0,0.0
17600,4555,2362,0.5185510428100988,1168,918,0.4579582875960483,1252,0.5497255762897915,0.418,2.8490652074783402,2.9791064944966146,6.293924466338259,2.177805466773632,9432.048457954652,1521.5181606043584,7853.0,10920.282121062279,10898.116734116613,6.896380263191068,7853.0,0.0,28.19012074643249,20.83403318189444,33.11951983298539,19.033135455854925,0.13787047200878155,0.09945115257958288,0.0858397365532382,0.08430296377607026,0.0854006586169045,0.07793633369923161,0.07113062568605928,0.061909989023051594,0.06037321624588365,0.05356750823271131,0.04698133918770582,0.04171240395170143,0.03336992316136114,0.025246981339187707,0.01646542261251372,0.010757409440175631,0.007683863885839737,0.927701127136578,0.02303660313342052,0.0,0.0,0.0,0.0,0.0,0.0,0.0,0.0,0.0,0.0,0.0,0.0,0.0,0.0,0.0,0.0,0.0,0.0,0.0,0.0,0.0,0.0,0.0,0.0,0.0,0.11855104281009882,3.319429198682767,14.581778265642155,10.623490669593854,1.356750823271131,4.166107382550336,2.8385397066663236,nan,nan,nan,4.153585926928281,2.8341785991582182,4.179880079946702,2.843161246750919,1.0063304704611868,0.4053,0.00984,0.0,0.0,0.0,0.0,0.0,0.0,0.0,0.0,0.0,0.0,0.00658616904500549,8.845225027442359,21.1152579582876,0.03293084522502745,0.0,0.0,0.0,0.0,0.0,0.0,0.0,0.0,0.0,0.0,0.0,0.0,0.0,0.0,0.0,0.0,nan,nan,4.166107382550336,2.8385397066663236,nan,0.4053,0.0454,0.0,0.0,0.0,0.0,0.0,0.0,0.0,0.0,0.0,0.0,0.0,0.0,0.0,0.0,0.0,0.0,0.0,0.0,0.0,0.0,0.0,0.0,0.0,0.0,0.0,0.00014270032930845225,0.0011086717892425906,0.0010318331503841932,0.000823271130625686,0.003534577387486279,0.005729967069154775,0.005861690450054885,0.030779363336992317,0.03884742041712404,0.05465422612513721,0.027980241492864984,0.03367727771679473,0.0349615806805708,0.08346871569703622,0.11378704720087815,0.07515916575192097,0.043128430296377605,0.08381997804610318,0.06282107574094402,0.07450054884742041,0.09132821075740943,0.05318331503841932,0.03176728869374314,0.03313940724478595,0.004632272228320527,0.003216245883644347,0.004302963776070252,0.00037321624588364434,0.0021844127332601537,3.2930845225027445e-05,2.1953896816684962e-05,0.0,0.0,0.0,0.0,0.0,0.0,0.0,0.0,0.0,0.0,0.0,0.0,0.0,0.0,0.0,0.0,0.0,0.0,0.0,0.0,0.0,0.0,0.0,0.0,0.0,0.0,0.0,0.0,0.0,0.0,0.0,0.0,0.0,0.0,0.0,0.0,0.0,0.0,0.0,0.0,0.0,0.0,0.0,0.0,0.0,nan,nan,4.166107382550336,2.8385397066663236,nan,0.927136913661125,0.02285074043254793,0.0,0.0,0.0,0.0,0.0,0.0,0.0,0.0,0.0,0.0,0.0,0.0,0.0,0.0,0.0,0.0,0.0,0.0,0.0,0.0,0.0,0.0,0.0,0.0,0.0,0.07620660457239628,3.429297205757833,14.872988992379343,10.325994919559697,1.2955122777307368,0.9283088208114617,0.02321979592866152,0.0,0.0,0.0,0.0,0.0,0.0,0.0,0.0,0.0,0.0,0.0,0.0,0.0,0.0,0.0,0.0,0.0,0.0,0.0,0.0,0.0,0.0,0.0,0.0,0.0,0.16415868673050618,3.201094391244871,14.268125854993164,10.943912448700413,1.4227086183310538,0.4055,0.00977,0.0,0.0,0.0,0.0,0.0,0.0,0.0,0.0,0.0,0.0,0.0,8.712955122777295,21.236240474174434,0.050804403048264196,0.0,0.0,0.0,0.0,0.0,0.0,0.0,0.0,0.0,0.0,0.0,0.0,0.0,0.0,0.0,0.0,0.4053,0.00991,0.0,0.0,0.0,0.0,0.0,0.0,0.0,0.0,0.0,0.0,0.013679890560875516,8.987688098495198,20.984952120383042,0.013679890560875516,0.0,0.0,0.0,0.0,0.0,0.0,0.0,0.0,0.0,0.0,0.0,0.0,0.0,0.0,0.0,0.0
17700,4556,2398,0.5263388937664618,1118,927,0.44885864793678665,1262,0.5539947322212467,0.418,2.926320667284523,3.075907529461068,6.510135135135135,2.2079169547416844,9455.805137823087,1520.4923119474179,7853.0,10919.179352641106,10898.196083370301,6.9265784678364275,7853.0,0.0,27.872036874451272,20.783471250932177,32.71398801771294,19.054342700134324,0.13784021071115013,0.1033801580333626,0.09196663740122915,0.08625987708516242,0.0805531167690957,0.07506584723441616,0.0697980684811238,0.0660667251975417,0.0528972783143108,0.05794556628621598,0.046312554872695345,0.03797190517998244,0.033362598770851626,0.02502194907813872,0.019754170324846356,0.010755048287971905,0.00504828797190518,0.9269137518828746,0.02282999397127279,0.0,0.0,0.0,0.0,0.0,0.0,0.0,0.0,0.0,0.0,0.0,0.0,0.0,0.0,0.0,0.0,0.0,0.0,0.0,0.0,0.0,0.0,0.0,0.0,0.0,0.13827919227392452,3.3187006145741886,15.03292361720808,10.212906057945569,1.2971905179982444,4.1966044142614605,2.915398265049131,nan,nan,nan,4.092783505154639,2.8890686529835734,4.2979865771812085,2.93734276571696,1.0501377783037211,0.4055,0.00958,0.0,0.0,0.0,0.0,0.0,0.0,0.0,0.0,0.0,0.0,0.0,8.329675153643533,21.650570676031613,0.01975417032484636,0.0,0.0,0.0,0.0,0.0,0.0,0.0,0.0,0.0,0.0,0.0,0.0,0.0,0.0,0.0,0.0,nan,nan,4.1966044142614605,2.915398265049131,nan,0.4055,0.04495,0.0,0.0,0.0,0.0,0.0,0.0,0.0,0.0,0.0,0.0,0.0,0.0,0.0,0.0,0.0,0.0,0.0,0.0,0.0,0.0,0.0,0.0,0.0,0.0,0.0,0.00012071992976294996,0.0011633011413520631,0.001251097453906936,0.000252414398595259,0.0026009657594381038,0.004861720807726075,0.005542142230026339,0.030223880597014925,0.0403972783143108,0.051613257243195786,0.028061896400351186,0.03665496049165935,0.03370280948200176,0.0867756804214223,0.1098990342405619,0.0740891132572432,0.04264705882352941,0.08441615452151009,0.0660667251975417,0.07508779631255487,0.0924604916593503,0.05353380158033363,0.03183713784021071,0.0334503950834065,0.004038630377524144,0.003511852502194908,0.0035557506584723442,0.00047190517998244074,0.0016900790166812993,2.1949078138718175e-05,0.0,0.0,0.0,0.0,0.0,0.0,0.0,0.0,0.0,0.0,0.0,0.0,0.0,0.0,0.0,0.0,0.0,0.0,0.0,0.0,0.0,0.0,0.0,0.0,0.0,0.0,0.0,0.0,0.0,0.0,0.0,0.0,0.0,0.0,0.0,0.0,0.0,0.0,0.0,0.0,0.0,0.0,0.0,0.0,0.0,0.0,nan,nan,4.1966044142614605,2.915398265049131,nan,0.9271169301865,0.022932618191554063,0.0,0.0,0.0,0.0,0.0,0.0,0.0,0.0,0.0,0.0,0.0,0.0,0.0,0.0,0.0,0.0,0.0,0.0,0.0,0.0,0.0,0.0,0.0,0.0,0.0,0.1376146788990826,3.415346121768141,14.974979149291078,10.10842368640534,1.363636363636364,0.9266879772896894,0.022713280809415433,0.0,0.0,0.0,0.0,0.0,0.0,0.0,0.0,0.0,0.0,0.0,0.0,0.0,0.0,0.0,0.0,0.0,0.0,0.0,0.0,0.0,0.0,0.0,0.0,0.0,0.139017608897127,3.211306765523634,15.097312326227993,10.329008341056536,1.2233549582947176,0.4058,0.00954,0.0,0.0,0.0,0.0,0.0,0.0,0.0,0.0,0.0,0.0,0.0,8.256880733944943,21.718098415346127,0.025020850708924108,0.0,0.0,0.0,0.0,0.0,0.0,0.0,0.0,0.0,0.0,0.0,0.0,0.0,0.0,0.0,0.0,0.4055,0.00963,0.0,0.0,0.0,0.0,0.0,0.0,0.0,0.0,0.0,0.0,0.0,8.41056533827617,21.57553290083411,0.0139017608897127,0.0,0.0,0.0,0.0,0.0,0.0,0.0,0.0,0.0,0.0,0.0,0.0,0.0,0.0,0.0,0.0
17800,4750,2453,0.516421052631579,1179,982,0.45494736842105266,1337,0.5629473684210526,0.422,2.99346974314323,3.1274552076432753,6.684210526315789,2.1826713215904796,9425.584902905664,1521.7670369599903,7853.0,10922.735959112644,10898.16032971949,6.961935945770693,7853.0,0.0,27.421263157894735,20.333710937989043,32.19704926231558,18.607504967232988,0.1385263157894737,0.10021052631578947,0.09431578947368421,0.08736842105263158,0.08505263157894737,0.07663157894736843,0.07221052631578948,0.06442105263157895,0.06126315789473684,0.052,0.048,0.037263157894736845,0.03263157894736842,0.02,0.013473684210526317,0.01031578947368421,0.00631578947368421,0.9269418516660991,0.02325164229451705,0.0,0.0,0.0,0.0,0.0,0.0,0.0,0.0,0.0,0.0,0.0,0.0,0.0,0.0,0.0,0.0,0.0,0.0,0.0,0.0,0.0,0.0,0.0,0.0,0.0,0.12000000000000002,3.5494736842105272,14.69684210526316,10.345263157894738,1.2884210526315791,4.252379389563505,2.923986125755724,nan,nan,nan,4.2630173564753004,2.950455505729164,4.242091672046482,2.898121163261057,0.9950913443040448,0.4055,0.009766,0.0,0.0,0.0,0.0,0.0,0.0,0.0,0.0,0.0,0.0,0.0,8.665263157894724,21.30315789473685,0.03157894736842106,0.0,0.0,0.0,0.0,0.0,0.0,0.0,0.0,0.0,0.0,0.0,0.0,0.0,0.0,0.0,0.0,nan,nan,4.252379389563505,2.923986125755724,nan,0.4055,0.04535,0.0,0.0,0.0,0.0,0.0,0.0,0.0,0.0,0.0,0.0,0.0,0.0,0.0,0.0,0.0,0.0,0.0,0.0,0.0,0.0,0.0,0.0,0.0,0.0,0.0,0.00016842105263157895,0.0012947368421052632,0.0012105263157894737,0.0002631578947368421,0.003094736842105263,0.004452631578947369,0.006894736842105263,0.03002105263157895,0.03897894736842105,0.053747368421052634,0.027705263157894736,0.03848421052631579,0.034063157894736844,0.0798,0.11352631578947368,0.0768,0.04154736842105263,0.08271578947368421,0.0654421052631579,0.07467368421052632,0.09046315789473684,0.055947368421052635,0.030126315789473685,0.03309473684210526,0.004105263157894737,0.0036947368421052632,0.004747368421052631,0.0006736842105263158,0.002263157894736842,0.0,0.0,0.0,0.0,0.0,0.0,0.0,0.0,0.0,0.0,0.0,0.0,0.0,0.0,0.0,0.0,0.0,0.0,0.0,0.0,0.0,0.0,0.0,0.0,0.0,0.0,0.0,0.0,0.0,0.0,0.0,0.0,0.0,0.0,0.0,0.0,0.0,0.0,0.0,0.0,0.0,0.0,0.0,0.0,0.0,0.0,0.0,nan,nan,4.252379389563505,2.923986125755724,nan,0.9271697624333285,0.02291921906959807,0.0,0.0,0.0,0.0,0.0,0.0,0.0,0.0,0.0,0.0,0.0,0.0,0.0,0.0,0.0,0.0,0.0,0.0,0.0,0.0,0.0,0.0,0.0,0.0,0.0,0.1345291479820628,3.3387688544639227,14.95719527109662,10.236445169180598,1.3330615572768043,0.9266984624140253,0.023599042335408712,0.0,0.0,0.0,0.0,0.0,0.0,0.0,0.0,0.0,0.0,0.0,0.0,0.0,0.0,0.0,0.0,0.0,0.0,0.0,0.0,0.0,0.0,0.0,0.0,0.0,0.10448410970831522,3.774488463212887,14.4188071397475,10.46147148454506,1.2407488027862432,0.4055,0.0098,0.0,0.0,0.0,0.0,0.0,0.0,0.0,0.0,0.0,0.0,0.0,8.671015083571126,21.292295148797397,0.03668976763147167,0.0,0.0,0.0,0.0,0.0,0.0,0.0,0.0,0.0,0.0,0.0,0.0,0.0,0.0,0.0,0.0,0.4055,0.00971,0.0,0.0,0.0,0.0,0.0,0.0,0.0,0.0,0.0,0.0,0.0,8.65912059207661,21.314758380496304,0.026121027427078804,0.0,0.0,0.0,0.0,0.0,0.0,0.0,0.0,0.0,0.0,0.0,0.0,0.0,0.0,0.0,0.0
17900,4930,2529,0.5129817444219067,1220,1021,0.4545638945233266,1383,0.5610547667342799,0.418,2.9737609329446064,3.1034735506294697,6.645015105740181,2.1122497527278123,9415.181274573459,1522.1428239281747,7853.0,10924.244439721107,10898.296039401801,6.933779712037855,7853.0,0.0,27.722515212981744,20.619760510033764,32.589483839845634,18.86887818062656,0.13995943204868155,0.09797160243407708,0.09432048681541583,0.08661257606490873,0.08154158215010142,0.07363083164300203,0.07647058823529412,0.06369168356997972,0.061866125760649086,0.04969574036511156,0.04645030425963489,0.040973630831643,0.030831643002028397,0.020892494929006085,0.016835699797160243,0.01257606490872211,0.005679513184584178,0.9274695056447151,0.023027220185198077,0.0,0.0,0.0,0.0,0.0,0.0,0.0,0.0,0.0,0.0,0.0,0.0,0.0,0.0,0.0,0.0,0.0,0.0,0.0,0.0,0.0,0.0,0.0,0.0,0.0,0.12170385395537528,3.4381338742393517,14.494929006085195,10.624746450304263,1.3204868154158218,4.297738693467337,2.9534572045921177,nan,nan,nan,4.3164160401002505,2.987988684431232,4.278967254408061,2.918219660397974,0.9913241019067013,0.4058,0.00948,0.0,0.0,0.0,0.0,0.0,0.0,0.0,0.0,0.0,0.0,0.0,8.032454361054755,21.937119675456394,0.03042596348884382,0.0,0.0,0.0,0.0,0.0,0.0,0.0,0.0,0.0,0.0,0.0,0.0,0.0,0.0,0.0,0.0,nan,nan,4.297738693467337,2.9534572045921177,nan,0.4058,0.0454,0.0,0.0,0.0,0.0,0.0,0.0,0.0,0.0,0.0,0.0,0.0,0.0,0.0,0.0,0.0,0.0,0.0,0.0,0.0,0.0,0.0,0.0,0.0,0.0,0.0,0.00012170385395537525,0.001592292089249493,0.0006592292089249493,0.00028397565922920893,0.0033772819472616634,0.00422920892494929,0.005689655172413793,0.0313184584178499,0.03950304259634888,0.05249492900608519,0.02823529411764706,0.03838742393509128,0.03648073022312373,0.08125760649087221,0.10668356997971602,0.07530425963488843,0.04204868154158215,0.08386409736308316,0.06825557809330629,0.07411764705882352,0.0893711967545639,0.058843813387423935,0.029685598377281946,0.03244421906693712,0.004016227180527384,0.0037525354969574036,0.004330628803245436,0.000821501014198783,0.00281947261663286,1.0141987829614604e-05,0.0,0.0,0.0,0.0,0.0,0.0,0.0,0.0,0.0,0.0,0.0,0.0,0.0,0.0,0.0,0.0,0.0,0.0,0.0,0.0,0.0,0.0,0.0,0.0,0.0,0.0,0.0,0.0,0.0,0.0,0.0,0.0,0.0,0.0,0.0,0.0,0.0,0.0,0.0,0.0,0.0,0.0,0.0,0.0,0.0,0.0,nan,nan,4.297738693467337,2.9534572045921177,nan,0.9272542473071647,0.023140179602095596,0.0,0.0,0.0,0.0,0.0,0.0,0.0,0.0,0.0,0.0,0.0,0.0,0.0,0.0,0.0,0.0,0.0,0.0,0.0,0.0,0.0,0.0,0.0,0.0,0.0,0.15421115065243185,3.3451957295373673,14.721233689205222,10.486358244365364,1.2930011862396207,0.9276962396454086,0.022905448968426844,0.0,0.0,0.0,0.0,0.0,0.0,0.0,0.0,0.0,0.0,0.0,0.0,0.0,0.0,0.0,0.0,0.0,0.0,0.0,0.0,0.0,0.0,0.0,0.0,0.0,0.08746355685131198,3.536026655560184,14.256559766763852,10.770512286547275,1.349437734277385,0.406,0.00963,0.0,0.0,0.0,0.0,0.0,0.0,0.0,0.0,0.0,0.0,0.0,7.841043890865944,22.135231316725985,0.023724792408066436,0.0,0.0,0.0,0.0,0.0,0.0,0.0,0.0,0.0,0.0,0.0,0.0,0.0,0.0,0.0,0.0,0.4055,0.00934,0.0,0.0,0.0,0.0,0.0,0.0,0.0,0.0,0.0,0.0,0.0,8.234069137859214,21.728446480633075,0.03748438150770513,0.0,0.0,0.0,0.0,0.0,0.0,0.0,0.0,0.0,0.0,0.0,0.0,0.0,0.0,0.0,0.0
18000,4624,2357,0.5097318339100346,1092,1004,0.4532871972318339,1362,0.5891003460207612,0.40599999999999997,2.8998676665196297,3.015492270008463,6.424635332252836,2.243212540248681,9405.3287117994,1522.410945133517,7853.0,10920.853912234306,10898.383098583126,6.846431705685047,7853.0,0.0,28.08499134948097,20.925471217505844,33.216817593790424,19.047773444265424,0.1453287197231834,0.09320934256055363,0.08693771626297578,0.08391003460207612,0.0847750865051903,0.08001730103806229,0.06942041522491349,0.06466262975778547,0.052768166089965395,0.05493079584775087,0.04801038062283737,0.04238754325259515,0.031141868512110725,0.026600346020761247,0.018166089965397925,0.010813148788927335,0.006920415224913495,0.9273435458360453,0.02337497859627412,0.0,0.0,0.0,0.0,0.0,0.0,0.0,0.0,0.0,0.0,0.0,0.0,0.0,0.0,0.0,0.0,0.0,0.0,0.0,0.0,0.0,0.0,0.0,0.0,0.0,0.13624567474048446,3.529411764705883,14.163062283737027,10.880190311418689,1.291089965397924,4.154100529100529,2.7799707109815137,nan,nan,nan,4.20890635232482,2.8205856230774002,4.098196392785571,2.736790724024747,0.9736962644754267,0.406,0.00954,0.0,0.0,0.0,0.0,0.0,0.0,0.0,0.0,0.0,0.0,0.0,7.921712802768155,22.019896193771633,0.058391003460207626,0.0,0.0,0.0,0.0,0.0,0.0,0.0,0.0,0.0,0.0,0.0,0.0,0.0,0.0,0.0,0.0,nan,nan,4.154100529100529,2.7799707109815137,nan,0.406,0.04526,0.0,0.0,0.0,0.0,0.0,0.0,0.0,0.0,0.0,0.0,0.0,0.0,0.0,0.0,0.0,0.0,0.0,0.0,0.0,0.0,0.0,0.0,0.0,0.0,0.0,9.731833910034602e-05,0.0014381487889273356,0.0006812283737024222,0.0002378892733564014,0.0033088235294117647,0.003525086505190311,0.006185121107266436,0.033412629757785466,0.03720804498269896,0.05133001730103806,0.02933607266435986,0.03697015570934256,0.03411548442906574,0.08076340830449827,0.1100454152249135,0.07504325259515571,0.042820069204152246,0.08693771626297578,0.06743079584775087,0.07519463667820069,0.08474264705882353,0.06060769896193772,0.029984861591695503,0.03359645328719723,0.003968425605536332,0.0034926470588235296,0.004617214532871972,0.0006163494809688581,0.002292387543252595,0.0,0.0,0.0,0.0,0.0,0.0,0.0,0.0,0.0,0.0,0.0,0.0,0.0,0.0,0.0,0.0,0.0,0.0,0.0,0.0,0.0,0.0,0.0,0.0,0.0,0.0,0.0,0.0,0.0,0.0,0.0,0.0,0.0,0.0,0.0,0.0,0.0,0.0,0.0,0.0,0.0,0.0,0.0,0.0,0.0,0.0,0.0,nan,nan,4.154100529100529,2.7799707109815137,nan,0.9274319914068061,0.022862595052947614,0.0,0.0,0.0,0.0,0.0,0.0,0.0,0.0,0.0,0.0,0.0,0.0,0.0,0.0,0.0,0.0,0.0,0.0,0.0,0.0,0.0,0.0,0.0,0.0,0.0,0.1145523971149767,3.411115825201528,14.459058124734835,10.76792532880781,1.2473483241408572,0.9272515889722238,0.023895709980281562,0.0,0.0,0.0,0.0,0.0,0.0,0.0,0.0,0.0,0.0,0.0,0.0,0.0,0.0,0.0,0.0,0.0,0.0,0.0,0.0,0.0,0.0,0.0,0.0,0.0,0.1588001764446405,3.652404058226732,13.855315394794886,10.996912218791357,1.336568151742391,0.406,0.00945,0.0,0.0,0.0,0.0,0.0,0.0,0.0,0.0,0.0,0.0,0.0,7.802291047942289,22.159524819686048,0.038184132371658894,0.0,0.0,0.0,0.0,0.0,0.0,0.0,0.0,0.0,0.0,0.0,0.0,0.0,0.0,0.0,0.0,0.4058,0.00962,0.0,0.0,0.0,0.0,0.0,0.0,0.0,0.0,0.0,0.0,0.0,8.04587560652844,21.874724305249234,0.07940008822232025,0.0,0.0,0.0,0.0,0.0,0.0,0.0,0.0,0.0,0.0,0.0,0.0,0.0,0.0,0.0,0.0
18100,4665,2412,0.5170418006430868,1110,940,0.43944265809217575,1289,0.5526259378349411,0.40599999999999997,2.871726586773191,3.076616631870431,6.511475409836065,2.2296142694149883,9427.79167837735,1522.0093322181701,7853.0,10922.525846660137,10898.772462533308,6.828582021527074,7853.0,0.0,27.516398713826366,20.67660962368352,32.38927203065134,19.00347988180609,0.14040728831725616,0.10139335476956056,0.09732047159699893,0.08960342979635584,0.08317256162915326,0.0707395498392283,0.07031082529474812,0.06387995712754556,0.05551982851018221,0.05209003215434083,0.045444801714898175,0.040085744908896034,0.031082529474812434,0.025937834941050376,0.01757770632368703,0.008145766345123259,0.007288317256162915,0.92884129164431,0.02334466046733936,0.0,0.0,0.0,0.0,0.0,0.0,0.0,0.0,0.0,0.0,0.0,0.0,0.0,0.0,0.0,0.0,0.0,0.0,0.0,0.0,0.0,0.0,0.0,0.0,0.0,0.06430868167202573,3.1768488745980714,14.205787781350486,10.951768488745984,1.601286173633441,4.213270142180095,2.8967588529028205,nan,nan,nan,4.1750167000668,2.8582809442566934,4.252747252747253,2.9362490334895432,1.0186180219780219,0.406,0.009575,0.0,0.0,0.0,0.0,0.0,0.0,0.0,0.0,0.0,0.0,0.0,7.755627009646291,22.199356913183287,0.04501607717041802,0.0,0.0,0.0,0.0,0.0,0.0,0.0,0.0,0.0,0.0,0.0,0.0,0.0,0.0,0.0,0.0,nan,nan,4.213270142180095,2.8967588529028205,nan,0.406,0.04514,0.0,0.0,0.0,0.0,0.0,0.0,0.0,0.0,0.0,0.0,0.0,0.0,0.0,0.0,0.0,0.0,0.0,0.0,0.0,0.0,0.0,0.0,0.0,0.0,0.0,0.0003215434083601286,0.0010503751339764201,0.0008896034297963558,0.00019292604501607716,0.003354769560557342,0.004255091103965702,0.006548767416934619,0.029431939978563772,0.03695605573419078,0.05261521972132904,0.030685959271168274,0.03487674169346195,0.03436227224008574,0.07964630225080385,0.11400857449088961,0.0747588424437299,0.04408360128617363,0.08568060021436227,0.06765273311897106,0.07411575562700964,0.08360128617363344,0.062357984994640944,0.02913183279742765,0.03433011789924973,0.004362272240085745,0.003687031082529475,0.004062165058949625,0.0005037513397642015,0.002465166130760986,1.0718113612004287e-05,0.0,0.0,0.0,0.0,0.0,0.0,0.0,0.0,0.0,0.0,0.0,0.0,0.0,0.0,0.0,0.0,0.0,0.0,0.0,0.0,0.0,0.0,0.0,0.0,0.0,0.0,0.0,0.0,0.0,0.0,0.0,0.0,0.0,0.0,0.0,0.0,0.0,0.0,0.0,0.0,0.0,0.0,0.0,0.0,0.0,0.0,nan,nan,4.213270142180095,2.8967588529028205,nan,0.9287831368879299,0.023018187404080917,0.0,0.0,0.0,0.0,0.0,0.0,0.0,0.0,0.0,0.0,0.0,0.0,0.0,0.0,0.0,0.0,0.0,0.0,0.0,0.0,0.0,0.0,0.0,0.0,0.0,0.0373134328358209,3.1094527363184086,14.191542288557217,11.169154228855724,1.4925373134328361,0.9289035505313001,0.023689029074534816,0.0,0.0,0.0,0.0,0.0,0.0,0.0,0.0,0.0,0.0,0.0,0.0,0.0,0.0,0.0,0.0,0.0,0.0,0.0,0.0,0.0,0.0,0.0,0.0,0.0,0.09320905459387487,3.2490013315579236,14.221038615179763,10.719041278295608,1.7177097203728366,0.4062,0.00947,0.0,0.0,0.0,0.0,0.0,0.0,0.0,0.0,0.0,0.0,0.0,7.499999999999989,22.45024875621891,0.04975124378109454,0.0,0.0,0.0,0.0,0.0,0.0,0.0,0.0,0.0,0.0,0.0,0.0,0.0,0.0,0.0,0.0,0.406,0.0097,0.0,0.0,0.0,0.0,0.0,0.0,0.0,0.0,0.0,0.0,0.0,8.02929427430092,21.930758988015985,0.03994673768308922,0.0,0.0,0.0,0.0,0.0,0.0,0.0,0.0,0.0,0.0,0.0,0.0,0.0,0.0,0.0,0.0
18200,4695,2419,0.5152289669861555,1129,945,0.4417465388711395,1320,0.5623003194888179,0.39799999999999996,2.858523725834798,2.979015996800124,6.361331220285262,2.095809902407292,9422.371597968833,1522.2862720297321,7853.0,10922.796932339668,10898.969265177211,6.973226550787188,7853.0,0.0,27.917997870074547,21.06388390974342,32.997707006369424,19.3080622701381,0.1450479233226837,0.10415335463258786,0.0871139510117146,0.08200212992545261,0.0792332268370607,0.07752928647497337,0.06964856230031949,0.061980830670926516,0.05921192758253461,0.054952076677316296,0.045580404685836,0.037486687965921195,0.03258785942492013,0.023429179978700747,0.01959531416400426,0.011927582534611288,0.008519701810436636,0.9290111256737552,0.02291827013336269,0.0,0.0,0.0,0.0,0.0,0.0,0.0,0.0,0.0,0.0,0.0,0.0,0.0,0.0,0.0,0.0,0.0,0.0,0.0,0.0,0.0,0.0,0.0,0.0,0.0,0.10223642172523964,2.8434504792332276,14.619808306709269,10.881789137380196,1.552715654952077,4.258603407951887,2.784367665216585,nan,nan,nan,4.324579124579125,2.8262302957856678,4.192435301924353,2.7414818018912364,0.9694435414758118,0.4062,0.00967,0.0,0.0,0.0,0.0,0.0,0.0,0.0,0.0,0.0,0.0,0.0,7.878594249201267,22.044728434504798,0.07667731629392972,0.0,0.0,0.0,0.0,0.0,0.0,0.0,0.0,0.0,0.0,0.0,0.0,0.0,0.0,0.0,0.0,nan,nan,4.258603407951887,2.784367665216585,nan,0.4062,0.0453,0.0,0.0,0.0,0.0,0.0,0.0,0.0,0.0,0.0,0.0,0.0,0.0,0.0,0.0,0.0,0.0,0.0,0.0,0.0,0.0,0.0,0.0,0.0,0.0,6.389776357827476e-05,0.00029818956336528224,0.0013844515441959531,0.00044728434504792333,6.389776357827476e-05,0.0036741214057507987,0.00516506922257721,0.007231096911608094,0.029701810436634717,0.03699680511182109,0.05100106496272631,0.027667731629392973,0.0350692225772098,0.0354419595314164,0.08133120340788072,0.11550585729499467,0.07218317358892438,0.03805111821086262,0.08878594249201278,0.06921192758253461,0.07294994675186368,0.08699680511182109,0.06209797657082002,0.030031948881789138,0.033610223642172525,0.004185303514376997,0.0035356762513312034,0.004302449414270501,0.0006815761448349308,0.0022896698615548455,0.0,1.0649627263045793e-05,0.0,3.194888178913738e-05,0.0,0.0,0.0,0.0,0.0,0.0,0.0,0.0,0.0,0.0,0.0,0.0,0.0,0.0,0.0,0.0,0.0,0.0,0.0,0.0,0.0,0.0,0.0,0.0,0.0,0.0,0.0,0.0,0.0,0.0,0.0,0.0,0.0,0.0,0.0,0.0,0.0,0.0,0.0,0.0,0.0,0.0,0.0,nan,nan,4.258603407951887,2.784367665216585,nan,0.9294822937991807,0.023375312048998176,0.0,0.0,0.0,0.0,0.0,0.0,0.0,0.0,0.0,0.0,0.0,0.0,0.0,0.0,0.0,0.0,0.0,0.0,0.0,0.0,0.0,0.0,0.0,0.0,0.0,0.0992145514675486,2.951632906159571,14.249689954526668,10.963207937164121,1.7362546506821004,0.9285103542785862,0.02241144629559964,0.0,0.0,0.0,0.0,0.0,0.0,0.0,0.0,0.0,0.0,0.0,0.0,0.0,0.0,0.0,0.0,0.0,0.0,0.0,0.0,0.0,0.0,0.0,0.0,0.0,0.10544815465729353,2.72847100175747,15.013181019332166,10.795254833040424,1.3576449912126543,0.406,0.00973,0.0,0.0,0.0,0.0,0.0,0.0,0.0,0.0,0.0,0.0,0.0,7.9743695742042044,21.938817693261683,0.08681273253410503,0.0,0.0,0.0,0.0,0.0,0.0,0.0,0.0,0.0,0.0,0.0,0.0,0.0,0.0,0.0,0.0,0.4062,0.0096,0.0,0.0,0.0,0.0,0.0,0.0,0.0,0.0,0.0,0.0,0.0,7.776801405975384,22.157293497363803,0.06590509666080845,0.0,0.0,0.0,0.0,0.0,0.0,0.0,0.0,0.0,0.0,0.0,0.0,0.0,0.0,0.0,0.0
18300,4636,2385,0.5144521138912856,1108,941,0.4419758412424504,1313,0.5664365832614323,0.41,3.001776988005331,3.108578069681283,6.528505392912172,2.113761006731003,9419.87195286899,1522.2273479284017,7853.0,10921.728637814522,10898.71000985352,7.139713297335848,7853.0,0.0,27.878990509059534,21.147715379270558,33.15792207792208,19.326719162970154,0.14797238999137188,0.09728213977566869,0.09318377911993098,0.08973252804141502,0.07506471095772217,0.07528041415012943,0.06557377049180328,0.062122519413287315,0.05910267471958585,0.051121656600517686,0.04616048317515099,0.03817946505608283,0.03364969801553063,0.028041415012942193,0.017471958584987058,0.01100086281276963,0.0090595340811044,0.9289915175840091,0.023483142178332986,0.0,0.0,0.0,0.0,0.0,0.0,0.0,0.0,0.0,0.0,0.0,0.0,0.0,0.0,0.0,0.0,0.0,0.0,0.0,0.0,0.0,0.0,0.0,0.0,0.0,0.12295081967213117,3.1643658326143234,14.009922346850736,11.072044866264024,1.6307161345987924,4.362748400134725,2.8579434939897426,nan,nan,nan,4.3146292585170345,2.881633918614137,4.411684782608695,2.8328094037596845,1.0224945223045698,0.406,0.00976,0.0,0.0,0.0,0.0,0.0,0.0,0.0,0.0,0.0,0.0,0.0,8.289473684210513,21.63934426229509,0.07118205349439173,0.0,0.0,0.0,0.0,0.0,0.0,0.0,0.0,0.0,0.0,0.0,0.0,0.0,0.0,0.0,0.0,nan,nan,4.362748400134725,2.8579434939897426,nan,0.406,0.0451,0.0,0.0,0.0,0.0,0.0,0.0,0.0,0.0,0.0,0.0,0.0,0.0,0.0,0.0,0.0,0.0,0.0,0.0,0.0,0.0,0.0,0.0,0.0,0.0,0.00022648835202761,0.00010785159620362382,0.001046160483175151,0.0008951682484900777,8.628127696289905e-05,0.003613028472821398,0.004518981880931838,0.007128990509059534,0.03017687661777394,0.03888050043140639,0.05098144952545298,0.026380500431406384,0.03455565142364107,0.035030198446937014,0.0804788610871441,0.11766609145815358,0.0714732528041415,0.03908541846419327,0.09141501294219155,0.0687230371009491,0.07421268334771354,0.08779119930974978,0.05829378774805867,0.029508196721311476,0.03346635030198447,0.004001294219154444,0.0032355478861087143,0.003958153580672994,0.0006147540983606558,0.0023835202761000865,1.0785159620362381e-05,4.3140638481449525e-05,1.0785159620362381e-05,0.0,0.0,0.0,0.0,0.0,0.0,0.0,0.0,0.0,0.0,0.0,0.0,0.0,0.0,0.0,0.0,0.0,0.0,0.0,0.0,0.0,0.0,0.0,0.0,0.0,0.0,0.0,0.0,0.0,0.0,0.0,0.0,0.0,0.0,0.0,0.0,0.0,0.0,0.0,0.0,0.0,0.0,0.0,0.0,nan,nan,4.362748400134725,2.8579434939897426,nan,0.9286953034141029,0.023853300429259785,0.0,0.0,0.0,0.0,0.0,0.0,0.0,0.0,0.0,0.0,0.0,0.0,0.0,0.0,0.0,0.0,0.0,0.0,0.0,0.0,0.0,0.0,0.0,0.0,0.0,0.1635220125786164,3.333333333333334,13.949685534591199,10.905660377358494,1.647798742138365,0.9293053651163177,0.023080326211929663,0.0,0.0,0.0,0.0,0.0,0.0,0.0,0.0,0.0,0.0,0.0,0.0,0.0,0.0,0.0,0.0,0.0,0.0,0.0,0.0,0.0,0.0,0.0,0.0,0.0,0.0799644602398934,2.9853398489560203,14.073745002221239,11.248334073745005,1.6126166148378502,0.406,0.009705,0.0,0.0,0.0,0.0,0.0,0.0,0.0,0.0,0.0,0.0,0.0,8.088050314465397,21.84905660377359,0.0628930817610063,0.0,0.0,0.0,0.0,0.0,0.0,0.0,0.0,0.0,0.0,0.0,0.0,0.0,0.0,0.0,0.0,0.406,0.0098,0.0,0.0,0.0,0.0,0.0,0.0,0.0,0.0,0.0,0.0,0.0,8.50288760550865,21.417147934251446,0.0799644602398934,0.0,0.0,0.0,0.0,0.0,0.0,0.0,0.0,0.0,0.0,0.0,0.0,0.0,0.0,0.0,0.0
18400,4488,2338,0.5209447415329769,1057,890,0.4338235294117647,1238,0.551693404634581,0.434,3.072093023255814,3.199405873726409,6.692556634304207,2.343339304217167,9439.756110320395,1521.6312749226988,7853.0,10924.763166189194,10898.92019808295,6.816370301394999,7853.0,0.0,28.501782531194294,21.52182485592655,33.662496672877296,19.72792072023541,0.14349376114081996,0.09759358288770054,0.09425133689839572,0.07976827094474154,0.07887700534759358,0.07642602495543672,0.06149732620320856,0.061720142602495545,0.06038324420677362,0.05325311942959002,0.040998217468805706,0.03943850267379679,0.0392156862745098,0.030971479500891266,0.022281639928698752,0.010249554367201427,0.009581105169340463,0.9290860753884927,0.022783644486559087,0.0,0.0,0.0,0.0,0.0,0.0,0.0,0.0,0.0,0.0,0.0,0.0,0.0,0.0,0.0,0.0,0.0,0.0,0.0,0.0,0.0,0.0,0.0,0.0,0.006684491978609627,0.12032085561497328,2.9478609625668457,14.144385026737972,11.417112299465243,1.3636363636363638,4.355417529330573,2.932053171201734,nan,nan,nan,4.379642365887208,2.9288252728184925,4.3310249307479225,2.935097822309381,0.9888992225671291,0.406,0.00972,0.0,0.0,0.0,0.0,0.0,0.0,0.0,0.0,0.0,0.0,0.0,8.19518716577539,21.758021390374335,0.04679144385026739,0.0,0.0,0.0,0.0,0.0,0.0,0.0,0.0,0.0,0.0,0.0,0.0,0.0,0.0,0.0,0.0,nan,nan,4.355417529330573,2.932053171201734,nan,0.406,0.04523,0.0,0.0,0.0,0.0,0.0,0.0,0.0,0.0,0.0,0.0,0.0,0.0,0.0,0.0,0.0,0.0,0.0,0.0,0.0,0.0,0.0,0.0,0.0,0.0,0.00017825311942959,0.0001448306595365419,0.0007687165775401069,0.000946969696969697,0.00016711229946524063,0.0034870766488413548,0.004556595365418895,0.008121657754010695,0.02984625668449198,0.03992869875222817,0.051359180035650626,0.02464349376114082,0.034547682709447414,0.03465909090909091,0.08014705882352942,0.12027629233511586,0.07201426024955437,0.03977272727272727,0.08555035650623886,0.06895053475935829,0.07386363636363637,0.08904857397504456,0.05714126559714795,0.03150623885918004,0.03459224598930481,0.004211229946524064,0.002428698752228164,0.004177807486631016,0.0007687165775401069,0.0020276292335115863,0.00011140819964349375,5.570409982174688e-05,0.0,0.0,0.0,0.0,0.0,0.0,0.0,0.0,0.0,0.0,0.0,0.0,0.0,0.0,0.0,0.0,0.0,0.0,0.0,0.0,0.0,0.0,0.0,0.0,0.0,0.0,0.0,0.0,0.0,0.0,0.0,0.0,0.0,0.0,0.0,0.0,0.0,0.0,0.0,0.0,0.0,0.0,0.0,0.0,0.0,nan,nan,4.355417529330573,2.932053171201734,nan,0.929306628180937,0.02242703928936153,0.0,0.0,0.0,0.0,0.0,0.0,0.0,0.0,0.0,0.0,0.0,0.0,0.0,0.0,0.0,0.0,0.0,0.0,0.0,0.0,0.0,0.0,0.0,0.0,0.012831479897348164,0.08982035928143715,2.6304533789563735,14.422583404619337,11.407185628742518,1.4371257485029945,0.9288462370495464,0.023162818719286882,0.0,0.0,0.0,0.0,0.0,0.0,0.0,0.0,0.0,0.0,0.0,0.0,0.0,0.0,0.0,0.0,0.0,0.0,0.0,0.0,0.0,0.0,0.0,0.0,0.0,0.1534883720930233,3.2930232558139543,13.841860465116282,11.427906976744188,1.2837209302325583,0.406,0.00965,0.0,0.0,0.0,0.0,0.0,0.0,0.0,0.0,0.0,0.0,0.0,7.87852865697176,22.082976903336192,0.03849443969204449,0.0,0.0,0.0,0.0,0.0,0.0,0.0,0.0,0.0,0.0,0.0,0.0,0.0,0.0,0.0,0.0,0.406,0.0098,0.0,0.0,0.0,0.0,0.0,0.0,0.0,0.0,0.0,0.0,0.0,8.539534883720918,21.4046511627907,0.055813953488372106,0.0,0.0,0.0,0.0,0.0,0.0,0.0,0.0,0.0,0.0,0.0,0.0,0.0,0.0,0.0,0.0
18500,4864,2535,0.5211759868421053,1212,1008,0.4564144736842105,1361,0.5596217105263158,0.40599999999999997,2.9935594675826533,3.1320517442750764,6.76031746031746,2.148756723031833,9440.550810247905,1521.688758403101,7853.0,10921.333112597466,10899.093546763632,7.0595958867203095,7853.0,0.0,27.73560855263158,20.68436429068892,32.70166830225711,18.913218144276748,0.13980263157894737,0.09642269736842106,0.09251644736842106,0.0912828947368421,0.08326480263157894,0.07648026315789473,0.0678453947368421,0.06681743421052631,0.06229440789473684,0.04893092105263158,0.04009046052631579,0.039473684210526314,0.035567434210526314,0.024876644736842105,0.017064144736842105,0.010279605263157895,0.0069901315789473685,0.9295813616022075,0.023325602483437638,0.0,0.0,0.0,0.0,0.0,0.0,0.0,0.0,0.0,0.0,0.0,0.0,0.0,0.0,0.0,0.0,0.0,0.0,0.0,0.0,0.0,0.0,0.0,0.0,0.0,0.1295230263157895,2.9111842105263164,13.877467105263161,11.299342105263161,1.7824835526315794,4.260522959183674,2.975138949247584,nan,nan,nan,4.267427122940431,2.9708283587170814,4.2535301668806165,2.9794822098512994,0.9967434813391168,0.4065,0.009766,0.0,0.0,0.0,0.0,0.0,0.0,0.0,0.0,0.0,0.0,0.0,7.567845394736832,22.364309210526322,0.06784539473684212,0.0,0.0,0.0,0.0,0.0,0.0,0.0,0.0,0.0,0.0,0.0,0.0,0.0,0.0,0.0,0.0,nan,nan,4.260522959183674,2.975138949247584,nan,0.4065,0.04523,0.0,0.0,0.0,0.0,0.0,0.0,0.0,0.0,0.0,0.0,0.0,0.0,0.0,0.0,0.0,0.0,0.0,0.0,0.0,0.0,0.0,0.0,0.0,0.0,7.195723684210526e-05,8.223684210526316e-05,0.0005962171052631579,0.0010896381578947368,6.167763157894737e-05,0.004070723684210526,0.004409950657894737,0.008819901315789474,0.03022203947368421,0.039977384868421055,0.048715049342105264,0.023653371710526314,0.031537828947368424,0.03302837171052632,0.0822265625,0.11943873355263158,0.07333470394736842,0.03960731907894737,0.08631784539473684,0.07125822368421053,0.07164884868421052,0.08880550986842105,0.0587171052631579,0.03245271381578947,0.035546875,0.004553865131578947,0.0023951480263157895,0.004296875,0.000986842105263158,0.0020148026315789476,0.0,5.139802631578947e-05,0.0,0.0,0.0,1.0279605263157895e-05,0.0,0.0,0.0,0.0,0.0,0.0,0.0,0.0,0.0,0.0,0.0,0.0,0.0,0.0,0.0,0.0,0.0,0.0,0.0,0.0,0.0,0.0,0.0,0.0,0.0,0.0,0.0,0.0,0.0,0.0,0.0,0.0,0.0,0.0,0.0,0.0,0.0,0.0,0.0,0.0,0.0,nan,nan,4.260522959183674,2.975138949247584,nan,0.9295819321562788,0.023592717778741844,0.0,0.0,0.0,0.0,0.0,0.0,0.0,0.0,0.0,0.0,0.0,0.0,0.0,0.0,0.0,0.0,0.0,0.0,0.0,0.0,0.0,0.0,0.0,0.0,0.0,0.1656804733727811,2.8165680473372787,14.17751479289941,10.934911242603553,1.9053254437869827,0.929580740582641,0.023031339978742734,0.0,0.0,0.0,0.0,0.0,0.0,0.0,0.0,0.0,0.0,0.0,0.0,0.0,0.0,0.0,0.0,0.0,0.0,0.0,0.0,0.0,0.0,0.0,0.0,0.0,0.09016745384285103,3.014169171318163,13.550880206097041,11.696006869901248,1.6487762988407046,0.4065,0.00984,0.0,0.0,0.0,0.0,0.0,0.0,0.0,0.0,0.0,0.0,0.0,7.668639053254426,22.295857988165686,0.035502958579881665,0.0,0.0,0.0,0.0,0.0,0.0,0.0,0.0,0.0,0.0,0.0,0.0,0.0,0.0,0.0,0.0,0.4065,0.009674,0.0,0.0,0.0,0.0,0.0,0.0,0.0,0.0,0.0,0.0,0.0,7.458136539287237,22.438814942035215,0.10304851867754404,0.0,0.0,0.0,0.0,0.0,0.0,0.0,0.0,0.0,0.0,0.0,0.0,0.0,0.0,0.0,0.0
18600,4639,2431,0.524035352446648,1144,928,0.4466479844794137,1282,0.5527053244233671,0.41,2.8654891304347827,3.0349004257281242,6.49,2.0639525188337062,9448.995030328153,1521.0410971890785,7853.0,10921.394630670547,10898.586567541053,6.924930801891016,7853.0,0.0,27.835740461306315,20.77748770442435,32.80719794344473,19.004040961550082,0.14270316878637637,0.09678810088381117,0.0937702090967881,0.08816555292088812,0.0784651864625997,0.07781849536538046,0.06790256520801898,0.062297909032118993,0.05626212545807286,0.057555507652511315,0.04677732269885751,0.040525975425738305,0.03319680965725372,0.022849752101746067,0.01875404181935762,0.009269239060142272,0.006898038370338435,0.9281219983954038,0.023157454030803427,0.0,0.0,0.0,0.0,0.0,0.0,0.0,0.0,0.0,0.0,0.0,0.0,0.0,0.0,0.0,0.0,0.0,0.0,0.0,0.0,0.0,0.0,0.0,0.0,0.0,0.1293382194438457,3.272256951929296,14.09786591937918,11.161888338003884,1.338650571243803,4.176037483266399,2.8541876209943355,nan,nan,nan,4.164539959704499,2.8379903442408496,4.1874583055370245,2.8701407542829083,1.005503211892377,0.4067,0.00943,0.0,0.0,0.0,0.0,0.0,0.0,0.0,0.0,0.0,0.0,0.0,7.0942013364949235,22.834662642810958,0.07113602069411512,0.0,0.0,0.0,0.0,0.0,0.0,0.0,0.0,0.0,0.0,0.0,0.0,0.0,0.0,0.0,0.0,nan,nan,4.176037483266399,2.8541876209943355,nan,0.4067,0.0455,0.0,0.0,0.0,0.0,0.0,0.0,0.0,0.0,0.0,0.0,0.0,0.0,0.0,0.0,0.0,0.0,0.0,0.0,0.0,0.0,0.0,0.0,0.0,0.0,0.0,0.0002371200689803837,0.0005604656175899978,0.0008083638715240353,0.0001832291442121147,0.004968743263634404,0.005971114464324208,0.008094416900194008,0.030448372494072,0.03792843285190774,0.0485772795861177,0.023841345117482215,0.028292735503341236,0.033821944384565636,0.081008838111662,0.11905583099805993,0.07417546885104548,0.03949126967018754,0.08990084069842638,0.07164259538693683,0.07067255874110799,0.08506143565423582,0.060896744988144,0.03178486742832507,0.036419486958396204,0.005486096141409787,0.0031795645613278724,0.004472946755766329,0.000829920241431343,0.002047855141194223,1.0778184953653805e-05,0.00010778184953653804,0.0,0.0,0.0,2.155636990730761e-05,0.0,0.0,0.0,0.0,0.0,0.0,0.0,0.0,0.0,0.0,0.0,0.0,0.0,0.0,0.0,0.0,0.0,0.0,0.0,0.0,0.0,0.0,0.0,0.0,0.0,0.0,0.0,0.0,0.0,0.0,0.0,0.0,0.0,0.0,0.0,0.0,0.0,0.0,0.0,0.0,0.0,nan,nan,4.176037483266399,2.8541876209943355,nan,0.9275901609367424,0.02284551059118917,0.0,0.0,0.0,0.0,0.0,0.0,0.0,0.0,0.0,0.0,0.0,0.0,0.0,0.0,0.0,0.0,0.0,0.0,0.0,0.0,0.0,0.0,0.0,0.0,0.0,0.13574660633484165,3.1468531468531475,14.537227478403953,10.884409707939122,1.2957630604689432,0.9287075495104427,0.023482185645950972,0.0,0.0,0.0,0.0,0.0,0.0,0.0,0.0,0.0,0.0,0.0,0.0,0.0,0.0,0.0,0.0,0.0,0.0,0.0,0.0,0.0,0.0,0.0,0.0,0.0,0.1222826086956522,3.4103260869565224,13.614130434782613,11.46739130434783,1.3858695652173916,0.4067,0.00959,0.0,0.0,0.0,0.0,0.0,0.0,0.0,0.0,0.0,0.0,0.0,7.132867132867123,22.805429864253398,0.06170300287947348,0.0,0.0,0.0,0.0,0.0,0.0,0.0,0.0,0.0,0.0,0.0,0.0,0.0,0.0,0.0,0.0,0.4067,0.00924,0.0,0.0,0.0,0.0,0.0,0.0,0.0,0.0,0.0,0.0,0.0,7.051630434782599,22.866847826086964,0.0815217391304348,0.0,0.0,0.0,0.0,0.0,0.0,0.0,0.0,0.0,0.0,0.0,0.0,0.0,0.0,0.0,0.0
18700,4668,2477,0.5306341045415596,1169,951,0.4541559554413025,1302,0.5578406169665809,0.414,3.043815609310817,3.1020814040990046,6.512578616352202,2.209506109995801,9469.257458272941,1520.096265156071,7853.0,10921.982354462147,10898.898189429992,6.885983970556151,7853.0,0.0,28.23521850899743,20.853046697588127,33.02204205725868,19.113737436441145,0.13303341902313626,0.09897172236503857,0.09490145672664953,0.0837617823479006,0.08804627249357326,0.07090831191088261,0.06962296486718081,0.06255355612682091,0.061696658097686374,0.05034275921165381,0.04734361610968295,0.044558697514995714,0.031491002570694086,0.025921165381319625,0.018637532133676093,0.012210796915167094,0.005998286203941731,0.9285924404527555,0.022975478313873882,0.0,0.0,0.0,0.0,0.0,0.0,0.0,0.0,0.0,0.0,0.0,0.0,0.0,0.0,0.0,0.0,0.0,0.0,0.0,0.0,0.0,0.0,0.0,0.0,0.0,0.09640102827763498,2.9755784061696664,14.415167095115685,10.944730077120825,1.5681233933161958,4.287261982928431,2.9395108694008174,nan,nan,nan,4.208193418401612,2.892228074905282,4.362877328195247,2.9820673958649646,1.036757794714766,0.4067,0.00981,0.0,0.0,0.0,0.0,0.0,0.0,0.0,0.0,0.0,0.0,0.0,7.525706940874025,22.377892030848336,0.09640102827763498,0.0,0.0,0.0,0.0,0.0,0.0,0.0,0.0,0.0,0.0,0.0,0.0,0.0,0.0,0.0,0.0,nan,nan,4.287261982928431,2.9395108694008174,nan,0.4067,0.04556,0.0,0.0,0.0,0.0,0.0,0.0,0.0,0.0,0.0,0.0,0.0,0.0,0.0,0.0,0.0,0.0,0.0,0.0,0.0,0.0,0.0,0.0,0.0,0.0,0.0,0.00024635818337617824,0.000728363324764353,0.0005034275921165382,0.00011782347900599829,0.005784061696658098,0.005698371893744644,0.00844044558697515,0.02957369323050557,0.03898886032562125,0.050171379605826905,0.02209725792630677,0.026531705227077977,0.03426520994001714,0.08180162810625535,0.11815552699228792,0.07440017137960582,0.03933161953727506,0.09212724935732648,0.07405741216795202,0.0668808911739503,0.08518637532133676,0.061053984575835475,0.02963796058269066,0.037746358183376176,0.005837617823479006,0.003363324764353042,0.004552270779777206,0.0004927163667523565,0.002002999143101971,1.0711225364181662e-05,0.00014995715509854326,0.0,0.0,0.0,6.426735218508997e-05,0.0,0.0,0.0,0.0,0.0,0.0,0.0,0.0,0.0,0.0,0.0,0.0,0.0,0.0,0.0,0.0,0.0,0.0,0.0,0.0,0.0,0.0,0.0,0.0,0.0,0.0,0.0,0.0,0.0,0.0,0.0,0.0,0.0,0.0,0.0,0.0,0.0,0.0,0.0,0.0,0.0,nan,nan,4.287261982928431,2.9395108694008174,nan,0.9287907852970596,0.02288589331318968,0.0,0.0,0.0,0.0,0.0,0.0,0.0,0.0,0.0,0.0,0.0,0.0,0.0,0.0,0.0,0.0,0.0,0.0,0.0,0.0,0.0,0.0,0.0,0.0,0.0,0.0847799757771498,2.8946306015341148,14.44893015744853,11.033508276140495,1.5381509890997178,0.9283682048620018,0.0230742851452206,0.0,0.0,0.0,0.0,0.0,0.0,0.0,0.0,0.0,0.0,0.0,0.0,0.0,0.0,0.0,0.0,0.0,0.0,0.0,0.0,0.0,0.0,0.0,0.0,0.0,0.10953902327704247,3.0670926517571893,14.376996805111824,10.844363304427203,1.602008215426746,0.4065,0.00981,0.0,0.0,0.0,0.0,0.0,0.0,0.0,0.0,0.0,0.0,0.0,7.5696406943883625,22.32135647961244,0.1090028259991926,0.0,0.0,0.0,0.0,0.0,0.0,0.0,0.0,0.0,0.0,0.0,0.0,0.0,0.0,0.0,0.0,0.4067,0.00981,0.0,0.0,0.0,0.0,0.0,0.0,0.0,0.0,0.0,0.0,0.0,7.476038338658136,22.441807393884076,0.08215426745778184,0.0,0.0,0.0,0.0,0.0,0.0,0.0,0.0,0.0,0.0,0.0,0.0,0.0,0.0,0.0,0.0
18800,4670,2453,0.5252676659528908,1151,920,0.4434689507494647,1264,0.5413276231263383,0.422,2.996842580063148,3.1341224376601295,6.675453047775948,2.1008605165667147,9453.107622421234,1521.1976288164615,7853.0,10922.254232645035,10899.270932208383,6.938885991122818,7853.0,0.0,27.71134903640257,20.651523363614526,32.39053404201468,19.008626143800047,0.1349036402569593,0.10192719486081371,0.10042826552462526,0.08843683083511777,0.07815845824411134,0.07537473233404711,0.07044967880085654,0.06659528907922913,0.055674518201284794,0.051605995717344755,0.04689507494646681,0.037687366167023555,0.032119914346895075,0.02569593147751606,0.018843683083511777,0.010492505353319057,0.004710920770877944,0.9300395448279329,0.023277019707328706,0.0,0.0,0.0,0.0,0.0,0.0,0.0,0.0,0.0,0.0,0.0,0.0,0.0,0.0,0.0,0.0,0.0,0.0,0.0,0.0,0.0,0.0,0.0,0.0,0.0,0.10278372591006427,2.788008565310493,13.997858672376877,11.331905781584586,1.7794432548179875,4.313110886417257,2.9461016032598324,nan,nan,nan,4.3123287671232875,2.9511523268539936,4.313868613138686,2.9411999305008325,1.0003570799209787,0.4065,0.00968,0.0,0.0,0.0,0.0,0.0,0.0,0.0,0.0,0.0,0.0,0.0,7.509635974304057,22.426124197002146,0.06423982869379016,0.0,0.0,0.0,0.0,0.0,0.0,0.0,0.0,0.0,0.0,0.0,0.0,0.0,0.0,0.0,0.0,nan,nan,4.313110886417257,2.9461016032598324,nan,0.4065,0.04584,0.0,0.0,0.0,0.0,0.0,0.0,0.0,0.0,0.0,0.0,0.0,0.0,0.0,0.0,0.0,0.0,0.0,0.0,0.0,0.0,0.0,0.0,0.0,0.0,0.0,0.00034261241970021415,0.0006316916488222698,0.0007494646680942184,0.00018201284796573876,0.005813704496788009,0.005620985010706638,0.008929336188436832,0.030235546038543896,0.03950749464668094,0.05162740899357602,0.020995717344753747,0.025342612419700213,0.03481798715203426,0.07857601713062098,0.11883297644539614,0.0758779443254818,0.03823340471092077,0.0967237687366167,0.07376873661670236,0.06758029978586724,0.08311563169164882,0.05676659528907923,0.027730192719486083,0.03970021413276231,0.006970021413276232,0.00297644539614561,0.004850107066381156,0.000588865096359743,0.002644539614561028,0.0,0.00019271948608137046,1.0706638115631692e-05,0.0,0.0,6.423982869379015e-05,0.0,0.0,0.0,0.0,0.0,0.0,0.0,0.0,0.0,0.0,0.0,0.0,0.0,0.0,0.0,0.0,0.0,0.0,0.0,0.0,0.0,0.0,0.0,0.0,0.0,0.0,0.0,0.0,0.0,0.0,0.0,0.0,0.0,0.0,0.0,0.0,0.0,0.0,0.0,0.0,0.0,nan,nan,4.313110886417257,2.9461016032598324,nan,0.9301685089244679,0.02297418276621607,0.0,0.0,0.0,0.0,0.0,0.0,0.0,0.0,0.0,0.0,0.0,0.0,0.0,0.0,0.0,0.0,0.0,0.0,0.0,0.0,0.0,0.0,0.0,0.0,0.0,0.07337953526294334,2.825112107623319,13.978801467590708,11.447207501019163,1.6754993885038731,0.9298968524829622,0.023606746021287584,0.0,0.0,0.0,0.0,0.0,0.0,0.0,0.0,0.0,0.0,0.0,0.0,0.0,0.0,0.0,0.0,0.0,0.0,0.0,0.0,0.0,0.0,0.0,0.0,0.0,0.13531799729364008,2.7469553450608934,14.018944519621114,11.2043301759134,1.8944519621109612,0.4065,0.00962,0.0,0.0,0.0,0.0,0.0,0.0,0.0,0.0,0.0,0.0,0.0,7.350183448838147,22.576437015898904,0.07337953526294334,0.0,0.0,0.0,0.0,0.0,0.0,0.0,0.0,0.0,0.0,0.0,0.0,0.0,0.0,0.0,0.0,0.4065,0.00975,0.0,0.0,0.0,0.0,0.0,0.0,0.0,0.0,0.0,0.0,0.0,7.686062246278744,22.259810554803796,0.054127198917456036,0.0,0.0,0.0,0.0,0.0,0.0,0.0,0.0,0.0,0.0,0.0,0.0,0.0,0.0,0.0,0.0
18900,4809,2537,0.5275525057184446,1165,976,0.4452069037221876,1364,0.5672697026408817,0.414,3.044894366197183,3.1474489988098466,6.7272727272727275,2.1955310694262575,9459.95211599801,1520.719924917116,7853.0,10922.954805612564,10899.051527723464,6.9176227495764335,7853.0,0.0,27.930131004366814,20.99584826627281,33.02238805970149,19.200992311335288,0.14348097317529632,0.10293200249532128,0.08879184861717612,0.08837596173840716,0.07340403410272406,0.07049282595134124,0.07111665626949469,0.07381992098149304,0.05156997296735288,0.056976502391349555,0.044291952588895823,0.03950925348305261,0.032647119983364524,0.025577043044291953,0.01850696610521938,0.010813058847993346,0.007693907257226035,0.9287330953190891,0.023181454161387668,0.0,0.0,0.0,0.0,0.0,0.0,0.0,0.0,0.0,0.0,0.0,0.0,0.0,0.0,0.0,0.0,0.0,0.0,0.0,0.0,0.0,0.0,0.0,0.0,0.0,0.08109794135995012,3.250155957579539,13.68059887710543,11.484716157205243,1.5034310667498445,4.299222797927461,2.8788984682992194,nan,nan,nan,4.3309813983322645,2.857668480755172,4.266841072596469,2.9000269323280463,0.9851903483675791,0.407,0.010056,0.0,0.0,0.0,0.0,0.0,0.0,0.0,0.0,0.0,0.0,0.0,7.255146600124755,22.62632563942608,0.11852776044915786,0.0,0.0,0.0,0.0,0.0,0.0,0.0,0.0,0.0,0.0,0.0,0.0,0.0,0.0,0.0,0.0,nan,nan,4.299222797927461,2.8788984682992194,nan,0.407,0.0459,0.0,0.0,0.0,0.0,0.0,0.0,0.0,0.0,0.0,0.0,0.0,0.0,0.0,0.0,0.0,0.0,0.0,0.0,0.0,0.0,0.0,0.0,0.0,0.0,0.0,0.0004574755666458723,0.0005198585984612185,0.0009669369931378665,0.0001455604075691412,0.005427323767935121,0.005271366188396756,0.009305468912455811,0.028363485132044085,0.03818881264296112,0.05194427115824496,0.022177167810355582,0.0255978373882304,0.03415470991890206,0.0812746932834269,0.11508629652734456,0.07473487211478477,0.03913495529216053,0.10020794343938448,0.06909960490746517,0.07063838635891037,0.0800374298190892,0.05808899979205656,0.028789769182782282,0.04089207735495945,0.00868163859430235,0.0027032647119983365,0.003992514036182159,0.0007589935537533791,0.0029839883551673945,4.158868787689748e-05,0.00018714909544603867,4.158868787689748e-05,0.0,0.0,0.0001039717196922437,0.0,0.0,0.0,0.0,0.0,0.0,0.0,0.0,0.0,0.0,0.0,0.0,0.0,0.0,0.0,0.0,0.0,0.0,0.0,0.0,0.0,0.0,0.0,0.0,0.0,0.0,0.0,0.0,0.0,0.0,0.0,0.0,0.0,0.0,0.0,0.0,0.0,0.0,0.0,0.0,0.0,nan,nan,4.299222797927461,2.8788984682992194,nan,0.9289903093568443,0.02313138690952517,0.0,0.0,0.0,0.0,0.0,0.0,0.0,0.0,0.0,0.0,0.0,0.0,0.0,0.0,0.0,0.0,0.0,0.0,0.0,0.0,0.0,0.0,0.0,0.0,0.0,0.11824990145841548,2.9917225068979114,14.024438312968075,11.351990540007886,1.513598738667718,0.9284458805242894,0.02323386879693734,0.0,0.0,0.0,0.0,0.0,0.0,0.0,0.0,0.0,0.0,0.0,0.0,0.0,0.0,0.0,0.0,0.0,0.0,0.0,0.0,0.0,0.0,0.0,0.0,0.0,0.03961267605633804,3.538732394366198,13.296654929577468,11.632922535211272,1.4920774647887327,0.407,0.01019,0.0,0.0,0.0,0.0,0.0,0.0,0.0,0.0,0.0,0.0,0.0,7.437918801734322,22.420181316515574,0.14189988175009857,0.0,0.0,0.0,0.0,0.0,0.0,0.0,0.0,0.0,0.0,0.0,0.0,0.0,0.0,0.0,0.0,0.407,0.009895,0.0,0.0,0.0,0.0,0.0,0.0,0.0,0.0,0.0,0.0,0.0,7.051056338028158,22.856514084507047,0.09242957746478876,0.0,0.0,0.0,0.0,0.0,0.0,0.0,0.0,0.0,0.0,0.0,0.0,0.0,0.0,0.0,0.0
19000,4868,2513,0.516228430566968,1188,1028,0.4552177485620378,1375,0.5649137222678718,0.43,2.9205944798301484,3.169128632925615,6.847571189279732,2.256250940217775,9425.212097432075,1521.9931070820287,7853.0,10925.829545497894,10898.574409191939,6.954518321297149,7853.0,0.0,26.980279375513557,20.498803033476587,31.969428007889547,18.826718190348036,0.1444124897288414,0.10599835661462613,0.09798685291700904,0.08073130649137222,0.088126540673788,0.080936729663106,0.06552999178307313,0.061216105176663926,0.05895645028759244,0.05115036976170912,0.043549712407559574,0.03574363188167625,0.029170090386195564,0.025267050123253903,0.014995891536565324,0.009654889071487264,0.00657354149548069,0.9276546206426307,0.023361622864972294,0.0,0.0,0.0,0.0,0.0,0.0,0.0,0.0,0.0,0.0,0.0,0.0,0.0,0.0,0.0,0.0,0.0,0.0,0.0,0.0,0.0,0.0,0.0,0.0,0.0,0.14790468364831555,3.2847165160230083,14.58093672966311,10.513557929334432,1.4728841413311424,4.338526452450503,2.9500833093322454,nan,nan,nan,4.3860103626943,2.9820205862962594,4.290826284970723,2.9168704375398096,0.9782982551675719,0.4065,0.01002,0.0,0.0,0.0,0.0,0.0,0.0,0.0,0.0,0.0,0.0,0.006162695152013149,7.87592440427279,22.01930977814298,0.09860312243221038,0.0,0.0,0.0,0.0,0.0,0.0,0.0,0.0,0.0,0.0,0.0,0.0,0.0,0.0,0.0,0.0,nan,nan,4.338526452450503,2.9500833093322454,nan,0.4065,0.04608,0.0,0.0,0.0,0.0,0.0,0.0,0.0,0.0,0.0,0.0,0.0,0.0,0.0,0.0,0.0,0.0,0.0,0.0,0.0,0.0,0.0,0.0,0.0,0.0,0.0,0.0003697617091207888,0.0003697617091207888,0.0007908792111750206,0.00011298274445357436,0.0069330320460147905,0.0045295809367296635,0.009038619556285949,0.030433442892358258,0.039112571898110106,0.052115858668857845,0.022165160230073953,0.02696179129005752,0.03474732949876746,0.08277526705012325,0.11239728841413311,0.07531840591618734,0.03865036976170912,0.09714461791290058,0.0693303204601479,0.0719494658997535,0.07763968775677896,0.05759038619556286,0.030834018077239112,0.03877362366474938,0.009233771569433032,0.002875924404272802,0.0034613804437140508,0.0012941659819227609,0.0025883319638455218,0.0,0.0004108463434675431,0.0,0.0,0.0,5.135579293344289e-05,0.0,0.0,0.0,0.0,0.0,0.0,0.0,0.0,0.0,0.0,0.0,0.0,0.0,0.0,0.0,0.0,0.0,0.0,0.0,0.0,0.0,0.0,0.0,0.0,0.0,0.0,0.0,0.0,0.0,0.0,0.0,0.0,0.0,0.0,0.0,0.0,0.0,0.0,0.0,0.0,0.0,nan,nan,4.338526452450503,2.9500833093322454,nan,0.9277092954621958,0.02293181872439721,0.0,0.0,0.0,0.0,0.0,0.0,0.0,0.0,0.0,0.0,0.0,0.0,0.0,0.0,0.0,0.0,0.0,0.0,0.0,0.0,0.0,0.0,0.0,0.0,0.0,0.09550338241146043,3.2829287703939523,14.63589335455631,10.624751293274974,1.360923199363311,0.9275962776186106,0.023811569982489393,0.0,0.0,0.0,0.0,0.0,0.0,0.0,0.0,0.0,0.0,0.0,0.0,0.0,0.0,0.0,0.0,0.0,0.0,0.0,0.0,0.0,0.0,0.0,0.0,0.0,0.20382165605095545,3.2866242038216567,14.522292993630577,10.394904458598727,1.5923566878980895,0.4065,0.01005,0.0,0.0,0.0,0.0,0.0,0.0,0.0,0.0,0.0,0.0,0.011937922801432554,7.676084361321118,22.21647433346598,0.09550338241146043,0.0,0.0,0.0,0.0,0.0,0.0,0.0,0.0,0.0,0.0,0.0,0.0,0.0,0.0,0.0,0.0,0.4065,0.00999,0.0,0.0,0.0,0.0,0.0,0.0,0.0,0.0,0.0,0.0,0.0,8.08917197452228,21.808917197452235,0.10191082802547773,0.0,0.0,0.0,0.0,0.0,0.0,0.0,0.0,0.0,0.0,0.0,0.0,0.0,0.0,0.0,0.0
19100,4483,2306,0.5143876868168638,1059,918,0.4409993308052643,1250,0.5576622797233995,0.39399999999999996,2.833716123105191,2.8779973480209238,5.91795665634675,2.175237684171882,9419.74292568386,1522.2973419128978,7853.0,10922.123271465302,10898.840648673353,6.730750445960829,7853.0,0.0,28.397947802810616,21.253586442675623,33.33712923728814,19.51882670643934,0.1358465313406201,0.1014945349096587,0.09524871737675664,0.08788757528440776,0.07807271916127594,0.06781173321436539,0.07026544724514834,0.06022752621012715,0.05799687709123355,0.05331251394155699,0.04505911220165068,0.0388132946687486,0.040597813963863486,0.028998438545616775,0.02208342627704662,0.009591791211242472,0.0066919473566807944,0.9288674022187193,0.0232421378440956,0.0,0.0,0.0,0.0,0.0,0.0,0.0,0.0,0.0,0.0,0.0,0.0,0.0,0.0,0.0,0.0,0.0,0.0,0.0,0.0,0.0,0.0,0.0,0.0,0.0,0.12045505242025432,2.984608521079635,14.21369618559001,11.001561454383229,1.6796787865268796,4.0792661820699205,2.6785074632405843,nan,nan,nan,4.03236914600551,2.662550022828079,4.128830083565459,2.6933796937065932,1.023921653516148,0.4062,0.00945,0.0,0.0,0.0,0.0,0.0,0.0,0.0,0.0,0.0,0.0,0.0,7.7158153022529445,22.223957171536924,0.06022752621012716,0.0,0.0,0.0,0.0,0.0,0.0,0.0,0.0,0.0,0.0,0.0,0.0,0.0,0.0,0.0,0.0,nan,nan,4.0792661820699205,2.6785074632405843,nan,0.4062,0.0459,0.0,0.0,0.0,0.0,0.0,0.0,0.0,0.0,0.0,0.0,0.0,0.0,0.0,0.0,0.0,0.0,0.0,0.0,0.0,0.0,0.0,0.0,0.0,0.0,0.0,0.0006022752621012714,0.0002565246486727638,0.001093018068257863,0.00012268570153914788,0.007628819986616105,0.005018960517510595,0.00816417577515057,0.03048182020968102,0.037196074057550745,0.05273254517064466,0.020343519964309616,0.02525094802587553,0.03563461967432523,0.08427392371180013,0.11555877760428285,0.07584207004238233,0.04064242694624136,0.09628596921704216,0.06908320321213474,0.07035467320990409,0.07734775819763551,0.05543163060450591,0.03253401739906313,0.04025206335043498,0.008320321213473121,0.003279054204773589,0.0030225295561008255,0.0008141869283961633,0.00205219718938211,3.3459736783403974e-05,0.00027883113986169975,0.0,0.0,0.0,6.691947356680795e-05,0.0,0.0,0.0,0.0,0.0,0.0,0.0,0.0,0.0,0.0,0.0,0.0,0.0,0.0,0.0,0.0,0.0,0.0,0.0,0.0,0.0,0.0,0.0,0.0,0.0,0.0,0.0,0.0,0.0,0.0,0.0,0.0,0.0,0.0,0.0,0.0,0.0,0.0,0.0,0.0,0.0,nan,nan,4.0792661820699205,2.6785074632405843,nan,0.9289222079985884,0.022699247930979504,0.0,0.0,0.0,0.0,0.0,0.0,0.0,0.0,0.0,0.0,0.0,0.0,0.0,0.0,0.0,0.0,0.0,0.0,0.0,0.0,0.0,0.0,0.0,0.0,0.0,0.11708586296617522,2.653946227233305,14.713790112749352,10.928013876843021,1.5871639202081531,0.9288093488754129,0.023803559435057412,0.0,0.0,0.0,0.0,0.0,0.0,0.0,0.0,0.0,0.0,0.0,0.0,0.0,0.0,0.0,0.0,0.0,0.0,0.0,0.0,0.0,0.0,0.0,0.0,0.0,0.12402388608176391,3.3348644924207633,13.68396876435462,11.079467156637577,1.777675700505283,0.4062,0.00945,0.0,0.0,0.0,0.0,0.0,0.0,0.0,0.0,0.0,0.0,0.0,7.714657415437977,22.220294882914143,0.06504770164787511,0.0,0.0,0.0,0.0,0.0,0.0,0.0,0.0,0.0,0.0,0.0,0.0,0.0,0.0,0.0,0.0,0.4062,0.00945,0.0,0.0,0.0,0.0,0.0,0.0,0.0,0.0,0.0,0.0,0.0,7.717041800643075,22.227836472209464,0.05512172714745063,0.0,0.0,0.0,0.0,0.0,0.0,0.0,0.0,0.0,0.0,0.0,0.0,0.0,0.0,0.0,0.0
19200,4636,2418,0.5215703192407247,1148,897,0.4411130284728214,1271,0.5483175150992234,0.38999999999999996,3.0482416591523895,3.097152342736249,6.4147058823529415,2.1567448720019193,9441.46253935571,1521.3600417119042,7853.0,10924.30935895443,10898.538599029393,7.0111918893673035,7853.0,0.0,28.73274374460742,21.07773458083918,33.66717791411043,19.23501638226532,0.135893011216566,0.09490940465918896,0.09210526315789473,0.0815358067299396,0.07657463330457291,0.07506471095772217,0.07118205349439172,0.0675150992234685,0.05716134598792062,0.059534081104400345,0.04486626402070751,0.044219154443485766,0.03300258843830889,0.025668679896462467,0.020276100086281276,0.013157894736842105,0.007333908541846419,0.9282806302783199,0.0234167258533477,0.0,0.0,0.0,0.0,0.0,0.0,0.0,0.0,0.0,0.0,0.0,0.0,0.0,0.0,0.0,0.0,0.0,0.0,0.0,0.0,0.0,0.0,0.0,0.0,0.0,0.10353753235547888,3.3002588438308895,14.145815358067303,10.936151855047457,1.5142364106988788,4.279031187790312,2.8812101372570225,nan,nan,nan,4.338157894736842,2.9290050001423227,4.218875502008032,2.8304884974917877,0.9725039070446178,0.4058,0.00953,0.0,0.0,0.0,0.0,0.0,0.0,0.0,0.0,0.0,0.0,0.0,8.367126833477123,21.594046591889565,0.03882657463330458,0.0,0.0,0.0,0.0,0.0,0.0,0.0,0.0,0.0,0.0,0.0,0.0,0.0,0.0,0.0,0.0,nan,nan,4.279031187790312,2.8812101372570225,nan,0.4058,0.0461,0.0,0.0,0.0,0.0,0.0,0.0,0.0,0.0,0.0,0.0,0.0,0.0,0.0,0.0,0.0,0.0,0.0,0.0,0.0,0.0,0.0,0.0,0.0,0.0,0.0,0.0006039689387402934,0.00042062122519413286,0.000992234685073339,0.0002911993097497843,0.008854616048317516,0.0064063848144952544,0.008369283865401207,0.03116911130284728,0.036669542709232096,0.05262079378774806,0.018334771354616048,0.027642364106988785,0.03628127696289905,0.0841458153580673,0.1152825711820535,0.07358714408973253,0.04232096635030198,0.09746548748921484,0.06657679033649698,0.06943485763589301,0.07850517687661777,0.05493960310612597,0.035386108714408976,0.036755823986194994,0.007549611734253667,0.003559102674719586,0.0028149266609145815,0.0007765314926660914,0.0019628990509059532,0.00010785159620362382,0.0001725625539257981,0.0,0.0,0.0,0.0,0.0,0.0,0.0,0.0,0.0,0.0,0.0,0.0,0.0,0.0,0.0,0.0,0.0,0.0,0.0,0.0,0.0,0.0,0.0,0.0,0.0,0.0,0.0,0.0,0.0,0.0,0.0,0.0,0.0,0.0,0.0,0.0,0.0,0.0,0.0,0.0,0.0,0.0,0.0,0.0,0.0,nan,nan,4.279031187790312,2.8812101372570225,nan,0.9283476238954748,0.023265377487147618,0.0,0.0,0.0,0.0,0.0,0.0,0.0,0.0,0.0,0.0,0.0,0.0,0.0,0.0,0.0,0.0,0.0,0.0,0.0,0.0,0.0,0.0,0.0,0.0,0.0,0.09925558312655089,3.312655086848636,14.218362282878415,10.967741935483874,1.4019851116625315,0.9282075957579049,0.023580397934303523,0.0,0.0,0.0,0.0,0.0,0.0,0.0,0.0,0.0,0.0,0.0,0.0,0.0,0.0,0.0,0.0,0.0,0.0,0.0,0.0,0.0,0.0,0.0,0.0,0.0,0.10820559062218217,3.2867448151487837,14.066726780883682,10.901713255184854,1.6366095581605054,0.4058,0.00953,0.0,0.0,0.0,0.0,0.0,0.0,0.0,0.0,0.0,0.0,0.0,8.362282878411898,21.60049627791564,0.03722084367245658,0.0,0.0,0.0,0.0,0.0,0.0,0.0,0.0,0.0,0.0,0.0,0.0,0.0,0.0,0.0,0.0,0.4058,0.00953,0.0,0.0,0.0,0.0,0.0,0.0,0.0,0.0,0.0,0.0,0.0,8.372407574391332,21.587015329125343,0.04057709648331831,0.0,0.0,0.0,0.0,0.0,0.0,0.0,0.0,0.0,0.0,0.0,0.0,0.0,0.0,0.0,0.0
19300,4270,2177,0.5098360655737705,973,874,0.4325526932084309,1201,0.5625292740046839,0.43,2.9918776875298616,3.0708205427655653,6.489830508474577,2.1516406759473727,9405.565599490916,1522.3261142832578,7853.0,10921.327664136887,10898.225130834271,6.996657178435432,7853.0,0.0,27.818735362997657,20.848700537241157,32.62305555555555,19.179687507511755,0.1360655737704918,0.10936768149882904,0.09461358313817331,0.08548009367681499,0.08032786885245902,0.07283372365339578,0.06838407494145199,0.06159250585480094,0.05503512880562061,0.05245901639344262,0.04660421545667447,0.03981264637002342,0.03723653395784543,0.026932084309133488,0.01873536299765808,0.011241217798594848,0.003278688524590164,0.9274390055647499,0.023230422972420565,0.0,0.0,0.0,0.0,0.0,0.0,0.0,0.0,0.0,0.0,0.0,0.0,0.0,0.0,0.0,0.0,0.0,0.0,0.0,0.0,0.0,0.0,0.0,0.0,0.0,0.09133489461358317,3.59016393442623,14.009367681498832,11.016393442622952,1.2927400468384076,4.407652685798381,2.8124029424270374,nan,nan,nan,4.459641255605381,2.824767756079562,4.357246376811594,2.799440619101998,0.9770396601598649,0.4055,0.00986,0.0,0.0,0.0,0.0,0.0,0.0,0.0,0.0,0.0,0.0,0.0,8.430913348946124,21.54098360655738,0.028103044496487126,0.0,0.0,0.0,0.0,0.0,0.0,0.0,0.0,0.0,0.0,0.0,0.0,0.0,0.0,0.0,0.0,nan,nan,4.407652685798381,2.8124029424270374,nan,0.4055,0.04617,0.0,0.0,0.0,0.0,0.0,0.0,0.0,0.0,0.0,0.0,0.0,0.0,0.0,0.0,0.0,0.0,0.0,0.0,0.0,0.0,0.0,0.0,0.0,0.0,0.0,0.0005152224824355972,0.0004566744730679157,0.0012177985948477752,0.0001756440281030445,0.008337236533957846,0.006557377049180328,0.009414519906323185,0.032014051522248246,0.0382903981264637,0.047985948477751755,0.01984777517564403,0.02879391100702576,0.03708430913348946,0.08559718969555036,0.11295081967213115,0.07190866510538642,0.04451990632318501,0.09929742388758782,0.06529274004683841,0.06628805620608899,0.0788056206088993,0.05509367681498829,0.035210772833723654,0.03789227166276347,0.006920374707259953,0.0036065573770491803,0.0029859484777517565,0.0005620608899297424,0.0021311475409836068,3.51288056206089e-05,0.0002107728337236534,0.0,0.0,0.0,0.0,0.0,0.0,0.0,0.0,0.0,0.0,0.0,0.0,0.0,0.0,0.0,0.0,0.0,0.0,0.0,0.0,0.0,0.0,0.0,0.0,0.0,0.0,0.0,0.0,0.0,0.0,0.0,0.0,0.0,0.0,0.0,0.0,0.0,0.0,0.0,0.0,0.0,0.0,0.0,0.0,0.0,nan,nan,4.407652685798381,2.8124029424270374,nan,0.9275529455799109,0.023221286278614393,0.0,0.0,0.0,0.0,0.0,0.0,0.0,0.0,0.0,0.0,0.0,0.0,0.0,0.0,0.0,0.0,0.0,0.0,0.0,0.0,0.0,0.0,0.0,0.0,0.0,0.11024345429490126,3.514010105649978,14.0973817179605,10.983004134129537,1.2953605879650898,0.9273204927061712,0.023239329836441364,0.0,0.0,0.0,0.0,0.0,0.0,0.0,0.0,0.0,0.0,0.0,0.0,0.0,0.0,0.0,0.0,0.0,0.0,0.0,0.0,0.0,0.0,0.0,0.0,0.0,0.07166746297181081,3.669374104156714,13.91782130912566,11.051122790253228,1.2900143334925946,0.4053,0.00984,0.0,0.0,0.0,0.0,0.0,0.0,0.0,0.0,0.0,0.0,0.0,8.36472209462562,21.607717041800647,0.027560863573725315,0.0,0.0,0.0,0.0,0.0,0.0,0.0,0.0,0.0,0.0,0.0,0.0,0.0,0.0,0.0,0.0,0.4055,0.00987,0.0,0.0,0.0,0.0,0.0,0.0,0.0,0.0,0.0,0.0,0.0,8.499761108456749,21.47157190635452,0.028666985188724327,0.0,0.0,0.0,0.0,0.0,0.0,0.0,0.0,0.0,0.0,0.0,0.0,0.0,0.0,0.0,0.0
19400,4561,2364,0.5183073887305415,1061,977,0.44683183512387636,1327,0.5818899364174523,0.414,2.9690487027765133,3.05076867215922,6.504159733777039,2.163161395366803,9431.408166771263,1521.6437356420947,7853.0,10921.682012200356,10898.312880136942,6.983678613013889,7853.0,0.0,27.638894979171234,20.801703440941548,32.765386638611254,18.98826241781974,0.14623985967989475,0.09581232185924139,0.09274281955711466,0.08682306511729884,0.0817803113352335,0.07783380837535628,0.07016005262003946,0.0648980486735365,0.05503179127384346,0.048015786011839506,0.04713878535408902,0.04363078272308704,0.032010524007893004,0.02367901775926332,0.015566761675071256,0.012058759044069283,0.0065775049331287,0.9271101901024691,0.023168438743683968,0.0,0.0,0.0,0.0,0.0,0.0,0.0,0.0,0.0,0.0,0.0,0.0,0.0,0.0,0.0,0.0,0.0,0.0,0.0,0.0,0.0,0.0,0.0,0.0,0.0,0.11181758386318792,3.433457575093182,14.523130892348172,10.63582547686911,1.295768471826354,4.271174863387978,2.846643068909856,nan,nan,nan,4.22585128561501,2.750651995762009,4.314976494291471,2.935765880599692,1.0210904744754854,0.4062,0.009605,0.0,0.0,0.0,0.0,0.0,0.0,0.0,0.0,0.0,0.0,0.0,7.649638237228666,22.258276693707526,0.09208506906380182,0.0,0.0,0.0,0.0,0.0,0.0,0.0,0.0,0.0,0.0,0.0,0.0,0.0,0.0,0.0,0.0,nan,nan,4.271174863387978,2.846643068909856,nan,0.4062,0.0462,0.0,0.0,0.0,0.0,0.0,0.0,0.0,0.0,0.0,0.0,0.0,0.0,0.0,0.0,0.0,0.0,0.0,0.0,0.0,0.0,0.0,0.0,1.0962508221881167e-05,0.0,0.0,0.000723525542644157,0.00037272527954395967,0.0007454505590879193,0.00020828765621574215,0.00676386757290068,0.006347292260469196,0.009515457136592853,0.030782723087042316,0.03886209164656874,0.04743477307607981,0.02002850252137689,0.028305196228897173,0.038522253891690415,0.08516772637579478,0.11087480815610612,0.07056566542424907,0.04499013374260031,0.0963385222538917,0.06140100855075641,0.06826353869765402,0.08642841482131111,0.053497040122780094,0.03565007673755755,0.041284805963604475,0.007597018197763648,0.003365490024117518,0.002883139662354747,0.000789300591975444,0.001907476430607323,1.0962508221881167e-05,0.0003617627713220785,0.0,0.0,0.0,0.0,0.0,0.0,0.0,0.0,0.0,0.0,0.0,0.0,0.0,0.0,0.0,0.0,0.0,0.0,0.0,0.0,0.0,0.0,0.0,0.0,0.0,0.0,0.0,0.0,0.0,0.0,0.0,0.0,0.0,0.0,0.0,0.0,0.0,0.0,0.0,0.0,0.0,0.0,0.0,0.0,0.0,nan,nan,4.271174863387978,2.846643068909856,nan,0.9270946964394623,0.02337685266751394,0.0,0.0,0.0,0.0,0.0,0.0,0.0,0.0,0.0,0.0,0.0,0.0,0.0,0.0,0.0,0.0,0.0,0.0,0.0,0.0,0.0,0.0,0.0,0.0,0.0,0.1269035532994924,3.540609137055838,14.276649746192897,10.71065989847716,1.3451776649746197,0.9271268614813258,0.0229420564670065,0.0,0.0,0.0,0.0,0.0,0.0,0.0,0.0,0.0,0.0,0.0,0.0,0.0,0.0,0.0,0.0,0.0,0.0,0.0,0.0,0.0,0.0,0.0,0.0,0.0,0.09558488848429679,3.3181611288120174,14.788347746927633,10.555302685480202,1.2426035502958581,0.4062,0.00954,0.0,0.0,0.0,0.0,0.0,0.0,0.0,0.0,0.0,0.0,0.0,7.8680203045685175,22.043147208121834,0.0888324873096447,0.0,0.0,0.0,0.0,0.0,0.0,0.0,0.0,0.0,0.0,0.0,0.0,0.0,0.0,0.0,0.0,0.4065,0.009674,0.0,0.0,0.0,0.0,0.0,0.0,0.0,0.0,0.0,0.0,0.0,7.414656349567581,22.489758761948117,0.09558488848429679,0.0,0.0,0.0,0.0,0.0,0.0,0.0,0.0,0.0,0.0,0.0,0.0,0.0,0.0,0.0,0.0
19500,4722,2428,0.5141889030072003,1100,972,0.43879711986446424,1334,0.5650148242270224,0.426,2.911944202266783,3.095558362100863,6.618357487922705,2.168635569410158,9418.912192817628,1522.096071983776,7853.0,10925.051571369171,10898.402543033293,6.89904951900093,7853.0,0.0,28.014824227022448,21.209883589031122,33.1297845373891,19.463433267394947,0.14061838204150784,0.10736975857687421,0.09212198221092757,0.08005082592121983,0.07856840321897501,0.0781448538754765,0.07157983905124947,0.05717916137229987,0.05802626005929691,0.04553155442609064,0.04870817450232952,0.04150783566285472,0.03473104616687844,0.027530707327403644,0.01905972045743329,0.012706480304955527,0.006565014824227023,0.9268860137977625,0.02306465655649072,0.0,0.0,0.0,0.0,0.0,0.0,0.0,0.0,0.0,0.0,0.0,0.0,0.0,0.0,0.0,0.0,0.0,0.0,0.0,0.0,0.0,0.0,0.0,0.0,0.0,0.06988564167725542,3.672172808132148,14.52350698856417,10.432020330368491,1.3024142312579419,4.363636363636363,2.9060211075774984,nan,nan,nan,4.406801831262263,2.845828043598403,4.31951871657754,2.965630896333199,0.9801935466973966,0.4067,0.00976,0.0,0.0,0.0,0.0,0.0,0.0,0.0,0.0,0.0,0.0,0.0,7.318932655654373,22.579415501905977,0.10165184243964424,0.0,0.0,0.0,0.0,0.0,0.0,0.0,0.0,0.0,0.0,0.0,0.0,0.0,0.0,0.0,0.0,nan,nan,4.363636363636363,2.9060211075774984,nan,0.4067,0.04617,0.0,0.0,0.0,0.0,0.0,0.0,0.0,0.0,0.0,0.0,0.0,0.0,0.0,0.0,0.0,0.0,0.0,0.0,0.0,0.0,0.0,0.0,0.0,0.0,4.2354934349851756e-05,0.0010271071579839052,0.0005400254129606099,0.0010059296908089793,0.00036001694197373995,0.006120288013553579,0.007157983905124947,0.009540448962304108,0.02730834392206692,0.03849004659042778,0.0436573485811097,0.020700974163490045,0.02975434138077086,0.03988775942397289,0.08375688267683185,0.1139135959339263,0.06974798814061839,0.04417619652689538,0.09552096569250318,0.062452350698856414,0.0686573485811097,0.09007835662854723,0.052784836933502756,0.034667513765353666,0.041814908936891146,0.006490893689114782,0.00349428208386277,0.0024989411266412537,0.0012600592969080897,0.0027213045319779755,0.0,0.0003706056755612029,0.0,0.0,0.0,0.0,0.0,0.0,0.0,0.0,0.0,0.0,0.0,0.0,0.0,0.0,0.0,0.0,0.0,0.0,0.0,0.0,0.0,0.0,0.0,0.0,0.0,0.0,0.0,0.0,0.0,0.0,0.0,0.0,0.0,0.0,0.0,0.0,0.0,0.0,0.0,0.0,0.0,0.0,0.0,0.0,0.0,nan,nan,4.363636363636363,2.9060211075774984,nan,0.9266630994674597,0.022867023607909053,0.0,0.0,0.0,0.0,0.0,0.0,0.0,0.0,0.0,0.0,0.0,0.0,0.0,0.0,0.0,0.0,0.0,0.0,0.0,0.0,0.0,0.0,0.0,0.0,0.0,0.0370675453047776,3.6943986820428343,14.641680395387153,10.354200988467877,1.2726523887973644,0.9271219492790069,0.023269679615752905,0.0,0.0,0.0,0.0,0.0,0.0,0.0,0.0,0.0,0.0,0.0,0.0,0.0,0.0,0.0,0.0,0.0,0.0,0.0,0.0,0.0,0.0,0.0,0.0,0.0,0.10462074978204013,3.6486486486486496,14.398430688753272,10.514385353095031,1.3339145597210116,0.407,0.00992,0.0,0.0,0.0,0.0,0.0,0.0,0.0,0.0,0.0,0.0,0.0,7.240527182866546,22.648270181219118,0.11120263591433281,0.0,0.0,0.0,0.0,0.0,0.0,0.0,0.0,0.0,0.0,0.0,0.0,0.0,0.0,0.0,0.0,0.4065,0.009575,0.0,0.0,0.0,0.0,0.0,0.0,0.0,0.0,0.0,0.0,0.0,7.401918047079326,22.506538796861385,0.09154315605928512,0.0,0.0,0.0,0.0,0.0,0.0,0.0,0.0,0.0,0.0,0.0,0.0,0.0,0.0,0.0,0.0
19600,5009,2582,0.5154721501297664,1262,998,0.4511878618486724,1393,0.5561988420842483,0.40599999999999997,2.9526163988463123,3.1094278853435684,6.537117903930131,2.1625378284462697,9422.801558660434,1521.9620886598284,7853.0,10923.027121543884,10898.36638548804,6.913009458872188,7853.0,0.0,27.63904971052106,20.644126439588277,32.72464114832536,18.810564462491318,0.14673587542423638,0.09742463565581952,0.09203433819125574,0.08764224396087043,0.07785985226592135,0.07586344579756438,0.062287881812737075,0.06767817927730085,0.0656817728089439,0.05689758434817329,0.04352166101018167,0.039728488720303455,0.029347175084847275,0.024156518267119186,0.017768017568376922,0.009782391694949091,0.005589938111399481,0.9268805383802959,0.023189330907935946,0.0,0.0,0.0,0.0,0.0,0.0,0.0,0.0,0.0,0.0,0.0,0.0,0.0,0.0,0.0,0.0,0.0,0.0,0.0,0.0,0.0,0.0,0.0,0.0,0.005989219405070874,0.1377520463166301,3.473747254941107,14.763425833499703,10.253543621481336,1.3655420243561593,4.284108648142366,2.8916029846527107,nan,nan,nan,4.247352024922118,2.8772175515061904,4.323731997495304,2.9044079984955733,1.017982962590577,0.407,0.00988,0.0,0.0,0.0,0.0,0.0,0.0,0.0,0.0,0.0,0.0,0.0,7.498502695148722,22.387702136154928,0.1137951686963466,0.0,0.0,0.0,0.0,0.0,0.0,0.0,0.0,0.0,0.0,0.0,0.0,0.0,0.0,0.0,0.0,nan,nan,4.284108648142366,2.8916029846527107,nan,0.407,0.0462,0.0,0.0,0.0,0.0,0.0,0.0,0.0,0.0,0.0,0.0,0.0,0.0,0.0,0.0,0.0,0.0,0.0,0.0,0.0,0.0,0.0,0.0,0.0,0.0,0.00020962267917748052,0.0007286883609502895,0.0005490117787981633,0.0011778798163306048,0.000329407067278898,0.006248752245957277,0.006737871830704732,0.009912158115392294,0.0272309842283889,0.03966859652625274,0.04118586544220403,0.02175084847274905,0.029826312637252946,0.03996805749650629,0.07941704931123977,0.11343581553204232,0.07115192653224196,0.045198642443601514,0.099211419444999,0.060950289478937915,0.06847674186464364,0.09151527250948294,0.051407466560191656,0.03448792174086644,0.0402874825314434,0.007895787582351767,0.0037732082251946495,0.0028249151527250946,0.0014873228189259333,0.002405669794370134,0.0,0.000519065681772809,2.9946097025354362e-05,0.0,0.0,0.0,0.0,0.0,0.0,0.0,0.0,0.0,0.0,0.0,0.0,0.0,0.0,0.0,0.0,0.0,0.0,0.0,0.0,0.0,0.0,0.0,0.0,0.0,0.0,0.0,0.0,0.0,0.0,0.0,0.0,0.0,0.0,0.0,0.0,0.0,0.0,0.0,0.0,0.0,0.0,0.0,0.0,nan,nan,4.284108648142366,2.8916029846527107,nan,0.9265265859761597,0.02319301413252725,0.0,0.0,0.0,0.0,0.0,0.0,0.0,0.0,0.0,0.0,0.0,0.0,0.0,0.0,0.0,0.0,0.0,0.0,0.0,0.0,0.0,0.0,0.0,0.0,0.0,0.1859024012393494,3.601859024012394,14.593338497288926,10.364058869093729,1.2548412083656084,0.9272570959029495,0.02317947889624601,0.0,0.0,0.0,0.0,0.0,0.0,0.0,0.0,0.0,0.0,0.0,0.0,0.0,0.0,0.0,0.0,0.0,0.0,0.0,0.0,0.0,0.0,0.0,0.0,0.01236093943139679,0.08652657601977752,3.337453646477133,14.944375772558718,10.135970333745368,1.4833127317676147,0.407,0.00994,0.0,0.0,0.0,0.0,0.0,0.0,0.0,0.0,0.0,0.0,0.0,7.378001549186665,22.505809450038736,0.11618900077459336,0.0,0.0,0.0,0.0,0.0,0.0,0.0,0.0,0.0,0.0,0.0,0.0,0.0,0.0,0.0,0.0,0.4067,0.00982,0.0,0.0,0.0,0.0,0.0,0.0,0.0,0.0,0.0,0.0,0.0,7.6266996291718065,22.26205191594562,0.1112484548825711,0.0,0.0,0.0,0.0,0.0,0.0,0.0,0.0,0.0,0.0,0.0,0.0,0.0,0.0,0.0,0.0
19700,4624,2403,0.5196799307958477,1106,942,0.4429065743944637,1324,0.5726643598615917,0.414,2.9738856371004054,3.068957247886074,6.502369668246446,2.1077778350789176,9435.773038581787,1521.6625484868537,7853.0,10919.533436536789,10898.668968124088,6.890787431461075,7853.0,0.0,28.35250865051903,21.04328733357881,33.37117117117117,19.206275593682438,0.14100346020761245,0.09580449826989619,0.08953287197231834,0.08672145328719723,0.07807093425605537,0.07136678200692041,0.07504325259515571,0.05968858131487889,0.05644463667820069,0.05644463667820069,0.05060553633217993,0.04022491349480969,0.03503460207612457,0.0296280276816609,0.01730103806228374,0.010380622837370242,0.0067041522491349485,0.9271894741970981,0.022843667079484483,0.0,0.0,0.0,0.0,0.0,0.0,0.0,0.0,0.0,0.0,0.0,0.0,0.0,0.0,0.0,0.0,0.0,0.0,0.0,0.0,0.0,0.0,0.0,0.0,0.0,0.13624567474048446,3.4191176470588243,14.68209342560554,10.536332179930797,1.22621107266436,4.208582834331337,2.815118068833905,nan,nan,nan,4.153236459709379,2.7977214192259017,4.264745308310992,2.8315563795034007,1.026848663610503,0.407,0.00981,0.0,0.0,0.0,0.0,0.0,0.0,0.0,0.0,0.0,0.0,0.006487889273356403,7.032871972318329,22.863321799307965,0.09731833910034604,0.0,0.0,0.0,0.0,0.0,0.0,0.0,0.0,0.0,0.0,0.0,0.0,0.0,0.0,0.0,0.0,nan,nan,4.208582834331337,2.815118068833905,nan,0.407,0.04678,0.0,0.0,0.0,0.0,0.0,0.0,0.0,0.0,0.0,0.0,0.0,0.0,0.0,0.0,0.0,0.0,0.0,0.0,0.0,0.0,0.0,0.0,0.0,0.0,0.00017301038062283736,0.0007461072664359862,0.0008866782006920416,0.0011786332179930796,0.00019463667820069204,0.0068879757785467125,0.006390570934256055,0.011418685121107266,0.030990484429065743,0.03767301038062284,0.040927768166089964,0.021172145328719725,0.02946583044982699,0.04024653979238754,0.0782439446366782,0.11042387543252595,0.06862024221453288,0.045642301038062286,0.09636678200692042,0.06237024221453287,0.06660899653979238,0.09445285467128027,0.0516219723183391,0.034764273356401386,0.043663494809688584,0.008455882352941176,0.00344939446366782,0.0026275951557093425,0.0011461937716262976,0.0023897058823529414,0.0,0.0007352941176470588,6.487889273356402e-05,0.0,0.0,0.0,0.0,0.0,0.0,0.0,0.0,0.0,0.0,0.0,0.0,0.0,0.0,0.0,0.0,0.0,0.0,0.0,0.0,0.0,0.0,0.0,0.0,0.0,0.0,0.0,0.0,0.0,0.0,0.0,0.0,0.0,0.0,0.0,0.0,0.0,0.0,0.0,0.0,0.0,0.0,0.0,0.0,nan,nan,4.208582834331337,2.815118068833905,nan,0.9276873520697547,0.022741419746634572,0.0,0.0,0.0,0.0,0.0,0.0,0.0,0.0,0.0,0.0,0.0,0.0,0.0,0.0,0.0,0.0,0.0,0.0,0.0,0.0,0.0,0.0,0.0,0.0,0.0,0.16229712858926346,3.3458177278402004,14.357053682896382,10.923845193508118,1.2109862671660427,0.9266507976874206,0.0229416140201783,0.0,0.0,0.0,0.0,0.0,0.0,0.0,0.0,0.0,0.0,0.0,0.0,0.0,0.0,0.0,0.0,0.0,0.0,0.0,0.0,0.0,0.0,0.0,0.0,0.0,0.10805943268797841,3.4984241332733013,15.033768572714996,10.117064385411979,1.2426834759117518,0.4067,0.00975,0.0,0.0,0.0,0.0,0.0,0.0,0.0,0.0,0.0,0.0,0.01248439450686642,7.166042446941312,22.721598002496886,0.09987515605493136,0.0,0.0,0.0,0.0,0.0,0.0,0.0,0.0,0.0,0.0,0.0,0.0,0.0,0.0,0.0,0.0,0.4072,0.009865,0.0,0.0,0.0,0.0,0.0,0.0,0.0,0.0,0.0,0.0,0.0,6.888788833858612,23.016659162539405,0.09455200360198111,0.0,0.0,0.0,0.0,0.0,0.0,0.0,0.0,0.0,0.0,0.0,0.0,0.0,0.0,0.0,0.0
19800,4634,2384,0.5144583513163573,1094,949,0.44087181700474753,1308,0.5645230902028485,0.414,3.0004444444444442,3.086241839415379,6.528213166144201,2.1615738500960657,9419.882427520673,1522.2179393559427,7853.0,10922.721578478813,10898.69344342735,6.895362466620817,7853.0,0.0,27.977772982304703,21.054836795505306,33.05367741935484,19.292845641019362,0.14220975399223135,0.10056107034958998,0.09257660768234786,0.08351316357358654,0.08351316357358654,0.07401812688821752,0.06732844195079844,0.061070349589987055,0.05718601640051791,0.05416486836426414,0.04704359085023738,0.04078549848942598,0.03107466551575313,0.026542943461372464,0.020500647388864913,0.010574018126888218,0.0073370738023306,0.9275221328283622,0.022995032891166164,0.0,0.0,0.0,0.0,0.0,0.0,0.0,0.0,0.0,0.0,0.0,0.0,0.0,0.0,0.0,0.0,0.0,0.0,0.0,0.0,0.0,0.0,0.0,0.0,0.0,0.1424255502805352,3.2757876564523096,14.488562796719899,10.895554596460943,1.1976694000863186,4.284462419952814,2.810131036095453,nan,nan,nan,4.234468937875752,2.8700072273149573,4.335374149659864,2.7468795585157397,1.0238294844677103,0.407,0.00992,0.0,0.0,0.0,0.0,0.0,0.0,0.0,0.0,0.0,0.0,0.0,7.03711696158825,22.839879154078556,0.1230038843331895,0.0,0.0,0.0,0.0,0.0,0.0,0.0,0.0,0.0,0.0,0.0,0.0,0.0,0.0,0.0,0.0,nan,nan,4.284462419952814,2.810131036095453,nan,0.407,0.04697,0.0,0.0,0.0,0.0,0.0,0.0,0.0,0.0,0.0,0.0,0.0,0.0,0.0,0.0,0.0,0.0,0.0,0.0,0.0,0.0,0.0,0.0,0.0,0.0,0.00010789814415192059,0.0006905481225722918,0.0011976694000863186,0.0011329305135951663,0.0002373759171342253,0.007779456193353474,0.006937850668968494,0.011081139404402245,0.030945187742770823,0.0377643504531722,0.040753129046180406,0.018795856711264568,0.03008200258955546,0.03823910228744066,0.07638109624514458,0.11641130772550712,0.06975615019421666,0.04345058264997842,0.09311609840310747,0.06134009495036685,0.06935692706085456,0.09585671126456626,0.05173716012084592,0.034311609840310744,0.04224212343547691,0.009613724643936124,0.002977988778593008,0.0035822183858437635,0.0011976694000863186,0.002179542511868796,0.0,0.0006365990504963315,0.00010789814415192059,0.0,0.0,0.0,0.0,0.0,0.0,0.0,0.0,0.0,0.0,0.0,0.0,0.0,0.0,0.0,0.0,0.0,0.0,0.0,0.0,0.0,0.0,0.0,0.0,0.0,0.0,0.0,0.0,0.0,0.0,0.0,0.0,0.0,0.0,0.0,0.0,0.0,0.0,0.0,0.0,0.0,0.0,0.0,0.0,nan,nan,4.284462419952814,2.810131036095453,nan,0.9274664087183524,0.023069399516422937,0.0,0.0,0.0,0.0,0.0,0.0,0.0,0.0,0.0,0.0,0.0,0.0,0.0,0.0,0.0,0.0,0.0,0.0,0.0,0.0,0.0,0.0,0.0,0.0,0.0,0.17617449664429535,3.3095637583892623,14.106543624161077,11.275167785234903,1.13255033557047,0.9275811756187015,0.022915826152601477,0.0,0.0,0.0,0.0,0.0,0.0,0.0,0.0,0.0,0.0,0.0,0.0,0.0,0.0,0.0,0.0,0.0,0.0,0.0,0.0,0.0,0.0,0.0,0.0,0.0,0.10666666666666669,3.2400000000000007,14.893333333333336,10.493333333333334,1.2666666666666668,0.4072,0.00995,0.0,0.0,0.0,0.0,0.0,0.0,0.0,0.0,0.0,0.0,0.0,6.933724832214755,22.940436241610744,0.12583892617449666,0.0,0.0,0.0,0.0,0.0,0.0,0.0,0.0,0.0,0.0,0.0,0.0,0.0,0.0,0.0,0.0,0.407,0.00988,0.0,0.0,0.0,0.0,0.0,0.0,0.0,0.0,0.0,0.0,0.0,7.146666666666656,22.73333333333334,0.12000000000000002,0.0,0.0,0.0,0.0,0.0,0.0,0.0,0.0,0.0,0.0,0.0,0.0,0.0,0.0,0.0,0.0
19900,4873,2549,0.5230863944182229,1156,992,0.44079622409193514,1366,0.5606402626718654,0.40599999999999997,2.9513769363166955,3.0995742305056524,6.594043887147335,2.184964784107924,9446.293306850357,1521.3573665195083,7853.0,10922.180282175541,10898.94675727022,6.943196352003886,7853.0,0.0,27.41699158629181,20.715662106104304,32.5431672422299,18.94355822065515,0.14631643751282578,0.10137492304535194,0.09070387851426226,0.09111430330391955,0.07941719679868664,0.07572337369177098,0.0693617894520829,0.06279499281756618,0.06279499281756618,0.04535193925713113,0.04124769136055818,0.04124769136055818,0.037759080648471166,0.024009850194951776,0.015185717217319926,0.008824132977631849,0.006772009029345372,0.9279403256582279,0.02340517481647549,0.0,0.0,0.0,0.0,0.0,0.0,0.0,0.0,0.0,0.0,0.0,0.0,0.0,0.0,0.0,0.0,0.0,0.0,0.0,0.0,0.0,0.0,0.0,0.0,0.0,0.19084752719064235,3.3182844243792333,14.116560640262675,11.001436486763804,1.3728709214036532,4.3297630639402795,2.9531097339294026,nan,nan,nan,4.258564964447317,2.933057690717813,4.403131115459883,2.9718032341090135,1.0339471517329142,0.4072,0.009766,0.0,0.0,0.0,0.0,0.0,0.0,0.0,0.0,0.0,0.0,0.0,6.962856556536004,22.95095423763596,0.08618920582803204,0.0,0.0,0.0,0.0,0.0,0.0,0.0,0.0,0.0,0.0,0.0,0.0,0.0,0.0,0.0,0.0,nan,nan,4.3297630639402795,2.9531097339294026,nan,0.4072,0.04706,0.0,0.0,0.0,0.0,0.0,0.0,0.0,0.0,0.0,0.0,0.0,0.0,0.0,0.0,0.0,0.0,0.0,0.0,0.0,0.0,0.0,0.0,0.0,0.0,0.0,0.0007900677200902935,0.001344141186127642,0.001231274368971886,0.00020521239482864764,0.007120870100554073,0.006423147958136671,0.01097886312333265,0.03216704288939052,0.03654832751898215,0.041965934742458445,0.018971885901908476,0.03137697516930023,0.037358916478555305,0.07807305561255899,0.11355427867843218,0.06837676995690539,0.04164785553047404,0.09262261440591012,0.06373896983377796,0.07123948286476503,0.09556741227170121,0.05194951775087215,0.0338087420480197,0.04143238251590396,0.009142212189616254,0.003539913810794172,0.004730145700800328,0.0010671044531089678,0.0022881182023394213,2.0521239482864765e-05,0.0005232916068130515,0.00014364867638005336,5.130309870716191e-05,0.0,0.0,0.0,0.0,0.0,0.0,0.0,0.0,0.0,0.0,0.0,0.0,0.0,0.0,0.0,0.0,0.0,0.0,0.0,0.0,0.0,0.0,0.0,0.0,0.0,0.0,0.0,0.0,0.0,0.0,0.0,0.0,0.0,0.0,0.0,0.0,0.0,0.0,0.0,0.0,0.0,0.0,0.0,nan,nan,4.3297630639402795,2.9531097339294026,nan,0.9281188484592595,0.022988974598593996,0.0,0.0,0.0,0.0,0.0,0.0,0.0,0.0,0.0,0.0,0.0,0.0,0.0,0.0,0.0,0.0,0.0,0.0,0.0,0.0,0.0,0.0,0.0,0.0,0.0,0.15300117693213028,3.130639466457435,14.582189093762263,10.745390349156535,1.388779913691644,0.9277445190231894,0.02385178418375124,0.0,0.0,0.0,0.0,0.0,0.0,0.0,0.0,0.0,0.0,0.0,0.0,0.0,0.0,0.0,0.0,0.0,0.0,0.0,0.0,0.0,0.0,0.0,0.0,0.0,0.23235800344234084,3.5240963855421694,13.605851979345958,11.28227194492255,1.3554216867469884,0.4075,0.009865,0.0,0.0,0.0,0.0,0.0,0.0,0.0,0.0,0.0,0.0,0.0,7.02628481757551,22.879560612004713,0.09415457041977249,0.0,0.0,0.0,0.0,0.0,0.0,0.0,0.0,0.0,0.0,0.0,0.0,0.0,0.0,0.0,0.0,0.407,0.00965,0.0,0.0,0.0,0.0,0.0,0.0,0.0,0.0,0.0,0.0,0.0,6.8932874354561,23.029259896729783,0.07745266781411361,0.0,0.0,0.0,0.0,0.0,0.0,0.0,0.0,0.0,0.0,0.0,0.0,0.0,0.0,0.0,0.0
20000,4800,2446,0.5095833333333334,1099,1013,0.44,1366,0.5691666666666667,0.40599999999999997,2.9655904842820733,3.060853554387204,6.492331288343558,2.153240408859678,9405.07981934761,1522.6191874347696,7853.0,10919.98993498087,10898.78214753415,6.85563126917035,7853.0,0.0,27.698541666666667,20.760262471203582,32.624534392848275,19.037324936829524,0.139375,0.10166666666666667,0.09666666666666666,0.08916666666666667,0.08104166666666666,0.07291666666666667,0.06625,0.065625,0.053125,0.051875,0.04958333333333333,0.03979166666666667,0.03395833333333333,0.029791666666666668,0.013958333333333333,0.009583333333333333,0.005625,0.9271939534321427,0.023082576274492894,0.0,0.0,0.0,0.0,0.0,0.0,0.0,0.0,0.0,0.0,0.0,0.0,0.0,0.0,0.0,0.0,0.0,0.0,0.0,0.0,0.0,0.0,0.0,0.0,0.0,0.13125000000000003,3.406250000000001,14.656250000000004,10.450000000000003,1.3562500000000004,4.303992146596858,2.8134977169138926,nan,nan,nan,4.373026315789474,2.808292944559982,4.235677083333333,2.8169738602014327,0.9685917205756982,0.4072,0.00975,0.0,0.0,0.0,0.0,0.0,0.0,0.0,0.0,0.0,0.0,0.0,7.1062499999999895,22.812500000000007,0.08125000000000003,0.0,0.0,0.0,0.0,0.0,0.0,0.0,0.0,0.0,0.0,0.0,0.0,0.0,0.0,0.0,0.0,nan,nan,4.303992146596858,2.8134977169138926,nan,0.4072,0.0471,0.0,0.0,0.0,0.0,0.0,0.0,0.0,0.0,0.0,0.0,0.0,0.0,0.0,0.0,0.0,0.0,0.0,0.0,0.0,0.0,0.0,0.0,0.0,0.0,0.0,0.00044791666666666667,0.0016458333333333333,0.0012291666666666666,0.00015625,0.007916666666666667,0.00684375,0.011260416666666667,0.032197916666666666,0.03746875,0.0413125,0.018260416666666668,0.030822916666666665,0.0351875,0.07689583333333333,0.113,0.07229166666666667,0.040552083333333336,0.09153125,0.06432291666666666,0.07121875,0.09694791666666666,0.05408333333333333,0.031447916666666666,0.04157291666666667,0.009197916666666667,0.0036145833333333334,0.005020833333333334,0.0004895833333333333,0.0022916666666666667,6.25e-05,0.00036458333333333335,0.00026041666666666666,8.333333333333333e-05,0.0,0.0,0.0,0.0,0.0,0.0,0.0,0.0,0.0,0.0,0.0,0.0,0.0,0.0,0.0,0.0,0.0,0.0,0.0,0.0,0.0,0.0,0.0,0.0,0.0,0.0,0.0,0.0,0.0,0.0,0.0,0.0,0.0,0.0,0.0,0.0,0.0,0.0,0.0,0.0,0.0,0.0,0.0,nan,nan,4.303992146596858,2.8134977169138926,nan,0.9277816938262247,0.02287325996960335,0.0,0.0,0.0,0.0,0.0,0.0,0.0,0.0,0.0,0.0,0.0,0.0,0.0,0.0,0.0,0.0,0.0,0.0,0.0,0.0,0.0,0.0,0.0,0.0,0.0,0.09811937857726903,3.250204415372037,14.521668029435817,10.7318070318888,1.3982011447260838,0.9265832427252929,0.02328236826574897,0.0,0.0,0.0,0.0,0.0,0.0,0.0,0.0,0.0,0.0,0.0,0.0,0.0,0.0,0.0,0.0,0.0,0.0,0.0,0.0,0.0,0.0,0.0,0.0,0.0,0.16567544604927786,3.5683942225998306,14.796091758708585,10.157179269328804,1.3126593033135092,0.4072,0.00952,0.0,0.0,0.0,0.0,0.0,0.0,0.0,0.0,0.0,0.0,0.0,6.856091578086661,23.107113654946858,0.036794766966475885,0.0,0.0,0.0,0.0,0.0,0.0,0.0,0.0,0.0,0.0,0.0,0.0,0.0,0.0,0.0,0.0,0.4072,0.00998,0.0,0.0,0.0,0.0,0.0,0.0,0.0,0.0,0.0,0.0,0.0,7.366185216652496,22.506372132540363,0.12744265080713682,0.0,0.0,0.0,0.0,0.0,0.0,0.0,0.0,0.0,0.0,0.0,0.0,0.0,0.0,0.0,0.0
20100,4929,2553,0.5179549604382228,1193,996,0.444106309596267,1376,0.5583282613106106,0.418,3.0728114478114477,3.1417415940699756,6.605413105413105,2.1759169499164397,9430.660838310061,1521.9971808158336,7853.0,10922.525285303593,10898.942135538697,7.018779198875747,7853.0,0.0,28.012984378170014,20.95221146192016,33.004835589941976,19.175181811571395,0.14120511259890445,0.09880300263745181,0.09190505173463177,0.08480421992290525,0.07952931629133698,0.07567457902211402,0.07039967539054574,0.06553053357679042,0.06045851085412863,0.049705822682085614,0.04585108541286265,0.04017041996348144,0.03164942178940962,0.02657739906674782,0.018665043619395416,0.01278149726110773,0.006289308176100629,0.9276008765942718,0.02311612484428648,0.0,0.0,0.0,0.0,0.0,0.0,0.0,0.0,0.0,0.0,0.0,0.0,0.0,0.0,0.0,0.0,0.0,0.0,0.0,0.0,0.0,0.0,0.0,0.0,0.0,0.14607425441265978,3.2805842970176515,14.63785757760195,10.511259890444313,1.4242239805234331,4.34599556821779,2.883889320763768,nan,nan,nan,4.353459119496855,2.7896209222470025,4.338432122370937,2.976356002917004,0.996548262723171,0.408,0.010216,0.0,0.0,0.0,0.0,0.0,0.0,0.0,0.0,0.0,0.0,0.0,6.567255021302486,23.25623858794888,0.1765063907486306,0.0,0.0,0.0,0.0,0.0,0.0,0.0,0.0,0.0,0.0,0.0,0.0,0.0,0.0,0.0,0.0,nan,nan,4.34599556821779,2.883889320763768,nan,0.408,0.04727,0.0,0.0,0.0,0.0,0.0,0.0,0.0,0.0,0.0,0.0,0.0,0.0,0.0,0.0,0.0,0.0,0.0,0.0,0.0,0.0,0.0,0.0,0.0,0.0,0.0,0.0005376344086021505,0.002018665043619395,0.0008115236356258876,0.00044633799959423816,0.007496449584094136,0.005609657131263948,0.011351186853317104,0.0315581253804017,0.03666058023939947,0.039379184418746195,0.019537431527693244,0.030046662609048487,0.036670724284844795,0.07717589774802192,0.1119496855345912,0.07099817407181984,0.04028200446338,0.09126597687157638,0.06219314262527896,0.0696490160275918,0.09835666463785758,0.05618786772164739,0.03329275715155204,0.04270643132481233,0.010123757354432947,0.004645972813958206,0.005295191722458917,0.0004564820450395618,0.0025664434976668694,8.115236356258876e-05,0.00030432136335970786,0.00032460945425035506,2.028809089064719e-05,0.0,0.0,0.0,0.0,0.0,0.0,0.0,0.0,0.0,0.0,0.0,0.0,0.0,0.0,0.0,0.0,0.0,0.0,0.0,0.0,0.0,0.0,0.0,0.0,0.0,0.0,0.0,0.0,0.0,0.0,0.0,0.0,0.0,0.0,0.0,0.0,0.0,0.0,0.0,0.0,0.0,0.0,0.0,nan,nan,4.34599556821779,2.883889320763768,nan,0.9276695920820569,0.023128601990886597,0.0,0.0,0.0,0.0,0.0,0.0,0.0,0.0,0.0,0.0,0.0,0.0,0.0,0.0,0.0,0.0,0.0,0.0,0.0,0.0,0.0,0.0,0.0,0.0,0.0,0.1292596944770858,3.254994124559343,14.770857814336079,10.270270270270274,1.5746180963572272,0.9275270421496947,0.023102482912728425,0.0,0.0,0.0,0.0,0.0,0.0,0.0,0.0,0.0,0.0,0.0,0.0,0.0,0.0,0.0,0.0,0.0,0.0,0.0,0.0,0.0,0.0,0.0,0.0,0.0,0.1641414141414142,3.308080808080809,14.494949494949498,10.770202020202023,1.2626262626262628,0.408,0.0103,0.0,0.0,0.0,0.0,0.0,0.0,0.0,0.0,0.0,0.0,0.0,6.698002350176253,23.090481786133967,0.2115158636897768,0.0,0.0,0.0,0.0,0.0,0.0,0.0,0.0,0.0,0.0,0.0,0.0,0.0,0.0,0.0,0.0,0.4082,0.010124,0.0,0.0,0.0,0.0,0.0,0.0,0.0,0.0,0.0,0.0,0.0,6.426767676767668,23.43434343434344,0.13888888888888892,0.0,0.0,0.0,0.0,0.0,0.0,0.0,0.0,0.0,0.0,0.0,0.0,0.0,0.0,0.0,0.0
20200,4661,2415,0.5181291568332975,1127,980,0.4520489165415147,1303,0.5591074876635915,0.438,3.010685663401603,3.119591921967914,6.636363636363637,2.2245809336993143,9431.189460941738,1521.9758224165978,7853.0,10924.841128706932,10898.938334347595,6.890563478661499,7853.0,0.0,27.941428877923194,20.760653221432552,32.89624329159213,18.9682901812148,0.13902596009440035,0.09912036043767432,0.09354215833512122,0.0881785024672817,0.07981119931345206,0.07101480369019524,0.07015661875134091,0.06457841664878781,0.0547092898519631,0.05900021454623471,0.048487449045269256,0.040334692126153184,0.03325466638060502,0.026603733104484016,0.01652006007294572,0.010298219266251877,0.005363655867839519,0.9269709807049944,0.023100590580089578,0.0,0.0,0.0,0.0,0.0,0.0,0.0,0.0,0.0,0.0,0.0,0.0,0.0,0.0,0.0,0.0,0.0,0.0,0.0,0.0,0.0,0.0,0.0,0.0,0.0,0.16734606307659305,3.42415790602875,14.64278051920189,10.414074232997212,1.3516412786955594,4.255474452554744,2.876655039711221,nan,nan,nan,4.3532934131736525,2.88426123516194,4.158173395102581,2.865758569108694,0.955178757884637,0.4082,0.01006,0.0,0.0,0.0,0.0,0.0,0.0,0.0,0.0,0.0,0.0,0.0,6.39776871915897,23.42201244368162,0.1802188371594079,0.0,0.0,0.0,0.0,0.0,0.0,0.0,0.0,0.0,0.0,0.0,0.0,0.0,0.0,0.0,0.0,nan,nan,4.255474452554744,2.876655039711221,nan,0.4082,0.04706,0.0,0.0,0.0,0.0,0.0,0.0,0.0,0.0,0.0,0.0,0.0,0.0,0.0,0.0,0.0,0.0,0.0,0.0,0.0,0.0,0.0,0.0,0.0,2.1454623471358076e-05,0.0,0.0005900021454623471,0.0014589143960523493,0.0004183651576914825,0.00042909246942716153,0.008442394335979403,0.005320746620896803,0.009761853679467926,0.032857755846384895,0.03564685689766144,0.0388435957948938,0.01896588714868054,0.031055567474790817,0.037642136880497744,0.07786955588929415,0.11227204462561682,0.06899806908388757,0.04275906457841665,0.09061360223128084,0.060695129800472,0.0712400772366445,0.09721089894872345,0.05615747693627977,0.033083029392834154,0.04446470714438962,0.009397125080454838,0.0048701995279982835,0.0049881999570907535,0.0002467281699206179,0.0028963741686333405,0.0001394550525638275,0.00018236429950654366,0.0004183651576914825,4.290924694271615e-05,0.0,0.0,0.0,0.0,0.0,0.0,0.0,0.0,0.0,0.0,0.0,0.0,0.0,0.0,0.0,0.0,0.0,0.0,0.0,0.0,0.0,0.0,0.0,0.0,0.0,0.0,0.0,0.0,0.0,0.0,0.0,0.0,0.0,0.0,0.0,0.0,0.0,0.0,0.0,0.0,0.0,0.0,0.0,nan,nan,4.255474452554744,2.876655039711221,nan,0.9274550882185468,0.022811792695326343,0.0,0.0,0.0,0.0,0.0,0.0,0.0,0.0,0.0,0.0,0.0,0.0,0.0,0.0,0.0,0.0,0.0,0.0,0.0,0.0,0.0,0.0,0.0,0.0,0.0,0.08695652173913046,3.3167701863354044,14.881987577639755,10.298136645962735,1.4161490683229818,0.9264504465797812,0.023395970506983235,0.0,0.0,0.0,0.0,0.0,0.0,0.0,0.0,0.0,0.0,0.0,0.0,0.0,0.0,0.0,0.0,0.0,0.0,0.0,0.0,0.0,0.0,0.0,0.0,0.0,0.2537845057880677,3.539626001780945,14.38557435440784,10.538735529830811,1.2822796081923422,0.408,0.01024,0.0,0.0,0.0,0.0,0.0,0.0,0.0,0.0,0.0,0.0,0.0,6.4720496894409845,23.354037267080752,0.17391304347826092,0.0,0.0,0.0,0.0,0.0,0.0,0.0,0.0,0.0,0.0,0.0,0.0,0.0,0.0,0.0,0.0,0.4082,0.00988,0.0,0.0,0.0,0.0,0.0,0.0,0.0,0.0,0.0,0.0,0.0,6.3178984861976755,23.49510240427427,0.1869991095280499,0.0,0.0,0.0,0.0,0.0,0.0,0.0,0.0,0.0,0.0,0.0,0.0,0.0,0.0,0.0,0.0
20300,4914,2571,0.5231990231990232,1241,1005,0.45706145706145707,1392,0.5665445665445665,0.36199999999999993,2.9573196756295346,2.966287456586357,6.2105263157894735,2.0123523616408145,9446.47319506011,1521.1860318113127,7853.0,10927.471876621246,10898.634881573467,7.0793172394150385,7853.0,0.0,29.269637769637768,21.14102563710792,34.04688995215311,19.289303439204527,0.13064713064713065,0.09320309320309321,0.08506308506308506,0.08404558404558404,0.082010582010582,0.0695970695970696,0.06796906796906797,0.07224257224257224,0.06288156288156288,0.05046805046805047,0.05372405372405373,0.04314204314204314,0.03907203907203907,0.024827024827024827,0.021367521367521368,0.011803011803011803,0.007936507936507936,0.9264705074260426,0.02355505074336735,0.0,0.0,0.0,0.0,0.0,0.0,0.0,0.0,0.0,0.0,0.0,0.0,0.0,0.0,0.0,0.0,0.0,0.0,0.0,0.0,0.0,0.0,0.0,0.0,0.0,0.14041514041514044,3.7484737484737494,14.645909645909649,10.152625152625156,1.312576312576313,4.025812329183116,2.7900960341448493,nan,nan,nan,3.9736196319018404,2.77697209471563,4.0769693325315695,2.8019566144345913,1.026008956619802,0.4077,0.00998,0.0,0.0,0.0,0.0,0.0,0.0,0.0,0.0,0.0,0.0,0.0,6.59951159951159,23.290598290598297,0.10989010989010992,0.0,0.0,0.0,0.0,0.0,0.0,0.0,0.0,0.0,0.0,0.0,0.0,0.0,0.0,0.0,0.0,nan,nan,4.025812329183116,2.7900960341448493,nan,0.4077,0.04724,0.0,0.0,0.0,0.0,0.0,0.0,0.0,0.0,0.0,0.0,0.0,0.0,0.0,0.0,0.0,0.0,0.0,0.0,0.0,0.0,0.0,0.0,0.0,0.0,0.0,0.0005901505901505902,0.0011294261294261295,0.000641025641025641,0.00034595034595034593,0.008831908831908831,0.005352055352055352,0.011080586080586081,0.0323972323972324,0.03562271062271062,0.0400997150997151,0.019495319495319494,0.03254985754985755,0.03765771265771266,0.08128815628815629,0.10785510785510785,0.06915954415954416,0.04196174196174196,0.08905168905168905,0.06402116402116402,0.07057387057387057,0.09337606837606838,0.05781440781440782,0.03146113146113146,0.04362026862026862,0.009218559218559219,0.005626780626780627,0.004822954822954823,0.0003357753357753358,0.003367928367928368,9.157509157509158e-05,0.00014245014245014244,0.00037647537647537646,4.07000407000407e-05,0.0,0.0,0.0,0.0,0.0,0.0,0.0,0.0,0.0,0.0,0.0,0.0,0.0,0.0,0.0,0.0,0.0,0.0,0.0,0.0,0.0,0.0,0.0,0.0,0.0,0.0,0.0,0.0,0.0,0.0,0.0,0.0,0.0,0.0,0.0,0.0,0.0,0.0,0.0,0.0,0.0,0.0,0.0,nan,nan,4.025812329183116,2.7900960341448493,nan,0.9265963809353885,0.023325063225162822,0.0,0.0,0.0,0.0,0.0,0.0,0.0,0.0,0.0,0.0,0.0,0.0,0.0,0.0,0.0,0.0,0.0,0.0,0.0,0.0,0.0,0.0,0.0,0.0,0.0,0.10501750291715288,3.68728121353559,14.772462077012838,10.140023337222873,1.2952158693115523,0.9263323850220613,0.023804095993710955,0.0,0.0,0.0,0.0,0.0,0.0,0.0,0.0,0.0,0.0,0.0,0.0,0.0,0.0,0.0,0.0,0.0,0.0,0.0,0.0,0.0,0.0,0.0,0.0,0.0,0.17925736235595396,3.815620998719591,14.50704225352113,10.166453265044815,1.3316261203585151,0.4077,0.00989,0.0,0.0,0.0,0.0,0.0,0.0,0.0,0.0,0.0,0.0,0.0,6.546091015169185,23.360560093348898,0.09334889148191368,0.0,0.0,0.0,0.0,0.0,0.0,0.0,0.0,0.0,0.0,0.0,0.0,0.0,0.0,0.0,0.0,0.4077,0.01008,0.0,0.0,0.0,0.0,0.0,0.0,0.0,0.0,0.0,0.0,0.0,6.658130601792564,23.213828425096036,0.12804097311139567,0.0,0.0,0.0,0.0,0.0,0.0,0.0,0.0,0.0,0.0,0.0,0.0,0.0,0.0,0.0,0.0
20400,4411,2268,0.5141691226479257,1077,910,0.45046474722285196,1229,0.5572432554976195,0.43,2.979001399906673,3.0989329567395747,6.6,2.1250012357880737,9419.102937396328,1522.342146461604,7853.0,10921.282392382622,10898.89067762575,7.067730800902449,7853.0,0.0,27.999546588075265,20.73049308886218,32.72702919903563,19.021853877247487,0.13511675357061892,0.10337791883926548,0.09158920879619134,0.08365450011335299,0.08342779415098617,0.07413284969394696,0.06755837678530946,0.06778508274767626,0.06143731580140558,0.05032872364543187,0.0510088415325323,0.038540013602357745,0.030832010881886193,0.02720471548401723,0.01904330083881206,0.0088415325323056,0.006121060983903877,0.9268700545997853,0.02362735571324596,0.0,0.0,0.0,0.0,0.0,0.0,0.0,0.0,0.0,0.0,0.0,0.0,0.0,0.0,0.0,0.0,0.0,0.0,0.0,0.0,0.0,0.0,0.0,0.0,0.0,0.18363182951711635,3.6590342326003182,14.493312174110182,10.249376558603492,1.4146452051688962,4.228002793296089,2.8897402175856333,nan,nan,nan,4.222853087295954,2.874476424147566,4.2329896907216495,2.904436290965701,1.0024004158364377,0.4082,0.00996,0.0,0.0,0.0,0.0,0.0,0.0,0.0,0.0,0.0,0.0,0.0,6.223078666968933,23.64089775561098,0.13602357742008617,0.0,0.0,0.0,0.0,0.0,0.0,0.0,0.0,0.0,0.0,0.0,0.0,0.0,0.0,0.0,0.0,nan,nan,4.228002793296089,2.8897402175856333,nan,0.4082,0.04715,0.0,0.0,0.0,0.0,0.0,0.0,0.0,0.0,0.0,0.0,0.0,0.0,0.0,0.0,0.0,0.0,0.0,0.0,0.0,0.0,0.0,0.0,0.0,0.0,0.0,0.0006461119927454092,0.0009635003400589435,0.00032872364543187483,0.0005214237134436635,0.008524144184992066,0.005520290183631829,0.011357968714577194,0.032192246656087053,0.03501473588755384,0.041339832237587845,0.01812514169122648,0.029233733847200183,0.039707549308546815,0.07970981636817048,0.10756064384493312,0.06961006574472908,0.04146452051688959,0.08804126048515076,0.065279981863523,0.07432554976195874,0.09509181591475856,0.05554296077986851,0.03224892314667876,0.04389027431421447,0.008138744048968487,0.005917025617773747,0.005520290183631829,0.0002720471548401723,0.0032192246656087054,6.801178871004307e-05,0.00029471775107685333,0.00030605304919519385,2.2670596236681024e-05,0.0,0.0,0.0,0.0,0.0,0.0,0.0,0.0,0.0,0.0,0.0,0.0,0.0,0.0,0.0,0.0,0.0,0.0,0.0,0.0,0.0,0.0,0.0,0.0,0.0,0.0,0.0,0.0,0.0,0.0,0.0,0.0,0.0,0.0,0.0,0.0,0.0,0.0,0.0,0.0,0.0,0.0,0.0,nan,nan,4.228002793296089,2.8897402175856333,nan,0.9270247080654064,0.023426856724789294,0.0,0.0,0.0,0.0,0.0,0.0,0.0,0.0,0.0,0.0,0.0,0.0,0.0,0.0,0.0,0.0,0.0,0.0,0.0,0.0,0.0,0.0,0.0,0.0,0.0,0.15873015873015875,3.624338624338625,14.378306878306882,10.410052910052912,1.428571428571429,0.9267063802833931,0.023836620076634323,0.0,0.0,0.0,0.0,0.0,0.0,0.0,0.0,0.0,0.0,0.0,0.0,0.0,0.0,0.0,0.0,0.0,0.0,0.0,0.0,0.0,0.0,0.0,0.0,0.0,0.20998600093327116,3.6957536164255727,14.615025664955674,10.079328044797014,1.3999066728884744,0.4082,0.00997,0.0,0.0,0.0,0.0,0.0,0.0,0.0,0.0,0.0,0.0,0.0,6.018518518518509,23.862433862433868,0.11904761904761907,0.0,0.0,0.0,0.0,0.0,0.0,0.0,0.0,0.0,0.0,0.0,0.0,0.0,0.0,0.0,0.0,0.408,0.00994,0.0,0.0,0.0,0.0,0.0,0.0,0.0,0.0,0.0,0.0,0.0,6.439570695286972,23.406439570695294,0.15398973401773217,0.0,0.0,0.0,0.0,0.0,0.0,0.0,0.0,0.0,0.0,0.0,0.0,0.0,0.0,0.0,0.0
20500,4553,2328,0.5113112233692071,1087,943,0.445859872611465,1265,0.5556775752251263,0.422,2.943370786516854,3.0713511076661852,6.605704697986577,2.0847563567858804,9410.380721645319,1522.5466194407152,7853.0,10919.720318734646,10898.856712049455,6.907472565144379,7853.0,0.0,27.710959806720844,20.820188756394302,32.771879106438895,19.031393878892796,0.14517900285526028,0.09620030748956732,0.09839666154184054,0.08214364155501867,0.08060619371842741,0.07753129804524489,0.06654952778387876,0.06632989237865144,0.0562266637381946,0.05183395563364814,0.04744124752910169,0.0417307269931913,0.031188227542279817,0.024599165385460135,0.015154842960685262,0.012738853503184714,0.006149791346365034,0.9271140818985483,0.02310796265565196,0.0,0.0,0.0,0.0,0.0,0.0,0.0,0.0,0.0,0.0,0.0,0.0,0.0,0.0,0.0,0.0,0.0,0.0,0.0,0.0,0.0,0.0,0.0,0.0,0.0,0.164726553920492,3.525148253898529,14.469580496376018,10.641335383263783,1.1992093125411818,4.283802333562114,2.8552529267928026,nan,nan,nan,4.3175033921302575,2.901060538367786,4.249305555555556,2.8071707912202717,0.9842043351491028,0.4084,0.01013,0.0,0.0,0.0,0.0,0.0,0.0,0.0,0.0,0.0,0.0,0.0,5.989457500549079,23.872172194157706,0.13837030529321329,0.0,0.0,0.0,0.0,0.0,0.0,0.0,0.0,0.0,0.0,0.0,0.0,0.0,0.0,0.0,0.0,nan,nan,4.283802333562114,2.8552529267928026,nan,0.4084,0.04733,0.0,0.0,0.0,0.0,0.0,0.0,0.0,0.0,0.0,0.0,0.0,0.0,0.0,0.0,0.0,0.0,0.0,0.0,0.0,0.0,0.0,0.0,0.0,0.0,0.0,0.0005490885130683066,0.0009444322424774873,0.0004722161212387437,0.000582033823852405,0.010092246870195476,0.004502525807160114,0.010542499450911487,0.03177026136613222,0.0335273446079508,0.04100593015594114,0.0185152646606633,0.030221831759279595,0.03941357346804305,0.0807050296507797,0.1069404788051834,0.07056885569953876,0.042642213924884695,0.08800790687458819,0.06360641335383264,0.07767406105864265,0.08951240940039534,0.054030309685921374,0.03262683944651878,0.04539863826048759,0.008994069844058863,0.006281572589501428,0.006885569953876565,0.00014276301339775972,0.003140786294750714,7.687239182956293e-05,0.0004722161212387437,0.00012079947287502746,3.29453107840984e-05,0.0,0.0,0.0,0.0,0.0,0.0,0.0,0.0,0.0,0.0,0.0,0.0,0.0,0.0,0.0,0.0,0.0,0.0,0.0,0.0,0.0,0.0,0.0,0.0,0.0,0.0,0.0,0.0,0.0,0.0,0.0,0.0,0.0,0.0,0.0,0.0,0.0,0.0,0.0,0.0,0.0,0.0,0.0,nan,nan,4.283802333562114,2.8552529267928026,nan,0.9268852170441568,0.023011064040008775,0.0,0.0,0.0,0.0,0.0,0.0,0.0,0.0,0.0,0.0,0.0,0.0,0.0,0.0,0.0,0.0,0.0,0.0,0.0,0.0,0.0,0.0,0.0,0.0,0.0,0.154639175257732,3.5438144329896915,14.587628865979385,10.554123711340207,1.1597938144329898,0.9273535413956374,0.023206497726891026,0.0,0.0,0.0,0.0,0.0,0.0,0.0,0.0,0.0,0.0,0.0,0.0,0.0,0.0,0.0,0.0,0.0,0.0,0.0,0.0,0.0,0.0,0.0,0.0,0.0,0.17528089887640455,3.505617977528091,14.34606741573034,10.732584269662922,1.2404494382022473,0.4084,0.01014,0.0,0.0,0.0,0.0,0.0,0.0,0.0,0.0,0.0,0.0,0.0,6.030927835051537,23.90463917525774,0.06443298969072166,0.0,0.0,0.0,0.0,0.0,0.0,0.0,0.0,0.0,0.0,0.0,0.0,0.0,0.0,0.0,0.0,0.4084,0.01012,0.0,0.0,0.0,0.0,0.0,0.0,0.0,0.0,0.0,0.0,0.0,5.946067415730329,23.838202247191017,0.21573033707865175,0.0,0.0,0.0,0.0,0.0,0.0,0.0,0.0,0.0,0.0,0.0,0.0,0.0,0.0,0.0,0.0
20600,4525,2355,0.5204419889502763,1092,932,0.44729281767955803,1272,0.5622099447513812,0.414,2.9797235023041475,3.1174481347502447,6.62876254180602,2.17525813802063,9438.094785408737,1521.570608052954,7853.0,10921.273377656937,10898.670447547573,7.101902081618551,7853.0,0.0,27.485082872928178,20.640443285605116,32.44365267880708,18.895381011088826,0.14519337016574585,0.09480662983425414,0.09767955801104973,0.09171270718232044,0.08,0.07138121546961326,0.07049723756906077,0.06541436464088397,0.059005524861878454,0.05546961325966851,0.0430939226519337,0.03624309392265193,0.030497237569060774,0.025635359116022098,0.017679558011049725,0.010386740331491713,0.005303867403314917,0.9268642553308392,0.023540347380638163,0.0,0.0,0.0,0.0,0.0,0.0,0.0,0.0,0.0,0.0,0.0,0.0,0.0,0.0,0.0,0.0,0.0,0.0,0.0,0.0,0.0,0.0,0.0,0.0,0.0,0.15911602209944753,3.6795580110497244,14.187845303867407,10.660773480662986,1.3127071823204421,4.280458174245053,2.888497685765025,nan,nan,nan,4.208821502412129,2.8752762831044114,4.355493351994402,2.8997006888307193,1.0348486742662317,0.4084,0.01026,0.0,0.0,0.0,0.0,0.0,0.0,0.0,0.0,0.0,0.0,0.0,6.172375690607726,23.64861878453039,0.1790055248618785,0.0,0.0,0.0,0.0,0.0,0.0,0.0,0.0,0.0,0.0,0.0,0.0,0.0,0.0,0.0,0.0,nan,nan,4.280458174245053,2.888497685765025,nan,0.4084,0.04745,0.0,0.0,0.0,0.0,0.0,0.0,0.0,0.0,0.0,0.0,0.0,0.0,0.0,0.0,0.0,0.0,0.0,0.0,0.0,0.0,0.0,0.0,0.0,1.1049723756906077e-05,0.0,0.0007071823204419889,0.000850828729281768,0.0008839779005524862,0.0004861878453038674,0.010022099447513812,0.004132596685082873,0.01050828729281768,0.030629834254143645,0.03450828729281768,0.04241988950276243,0.01825414364640884,0.02696132596685083,0.03868508287292818,0.08296132596685082,0.10958011049723757,0.06773480662983425,0.043392265193370166,0.09203314917127071,0.06365745856353591,0.07443093922651933,0.08849723756906078,0.051458563535911606,0.034994475138121546,0.043679558011049724,0.009591160220994476,0.00681767955801105,0.007944751381215469,9.94475138121547e-05,0.003116022099447514,6.629834254143647e-05,0.0006850828729281768,0.00018784530386740331,1.1049723756906077e-05,0.0,0.0,0.0,0.0,0.0,0.0,0.0,0.0,0.0,0.0,0.0,0.0,0.0,0.0,0.0,0.0,0.0,0.0,0.0,0.0,0.0,0.0,0.0,0.0,0.0,0.0,0.0,0.0,0.0,0.0,0.0,0.0,0.0,0.0,0.0,0.0,0.0,0.0,0.0,0.0,0.0,0.0,0.0,nan,nan,4.280458174245053,2.888497685765025,nan,0.9263600473444427,0.023775231959936714,0.0,0.0,0.0,0.0,0.0,0.0,0.0,0.0,0.0,0.0,0.0,0.0,0.0,0.0,0.0,0.0,0.0,0.0,0.0,0.0,0.0,0.0,0.0,0.0,0.0,0.16560509554140132,3.8343949044585997,14.305732484076437,10.331210191082803,1.3630573248407647,0.9274114487907305,0.023270398654220904,0.0,0.0,0.0,0.0,0.0,0.0,0.0,0.0,0.0,0.0,0.0,0.0,0.0,0.0,0.0,0.0,0.0,0.0,0.0,0.0,0.0,0.0,0.0,0.0,0.0,0.15207373271889404,3.51152073732719,14.059907834101386,11.018433179723504,1.2580645161290325,0.4082,0.01013,0.0,0.0,0.0,0.0,0.0,0.0,0.0,0.0,0.0,0.0,0.0,6.063694267515915,23.74522292993631,0.19108280254777074,0.0,0.0,0.0,0.0,0.0,0.0,0.0,0.0,0.0,0.0,0.0,0.0,0.0,0.0,0.0,0.0,0.4087,0.0104,0.0,0.0,0.0,0.0,0.0,0.0,0.0,0.0,0.0,0.0,0.0,6.290322580645152,23.543778801843324,0.16589861751152077,0.0,0.0,0.0,0.0,0.0,0.0,0.0,0.0,0.0,0.0,0.0,0.0,0.0,0.0,0.0,0.0
20700,4370,2259,0.5169336384439359,1048,875,0.440045766590389,1213,0.5551487414187642,0.422,3.0056845097110374,3.1153363541775985,6.5542763157894735,2.174995796116229,9427.421415460929,1521.981432688099,7853.0,10922.906462907791,10898.693486305558,6.985530537442956,7853.0,0.0,27.780778032036615,20.941741054358424,32.83301396112784,19.194853842832742,0.1414187643020595,0.105720823798627,0.09061784897025171,0.08832951945080092,0.08123569794050343,0.07208237986270023,0.06681922196796339,0.06064073226544622,0.05652173913043478,0.05377574370709382,0.04851258581235698,0.041189931350114416,0.03501144164759725,0.02265446224256293,0.017162471395881007,0.010526315789473684,0.007780320366132723,0.9262956220034331,0.02325780885991992,0.0,0.0,0.0,0.0,0.0,0.0,0.0,0.0,0.0,0.0,0.0,0.0,0.0,0.0,0.0,0.0,0.0,0.0,0.0,0.0,0.0,0.0,0.0,0.0,0.0,0.18535469107551492,3.542334096109841,15.13729977116705,9.837528604118996,1.2974828375286043,4.290311047550947,2.8574941099272775,nan,nan,nan,4.37776193870278,2.922104194597164,4.202295552367288,2.788188946230113,0.9599187007442698,0.4087,0.01038,0.0,0.0,0.0,0.0,0.0,0.0,0.0,0.0,0.0,0.0,0.0,6.178489702517154,23.56064073226545,0.26086956521739135,0.0,0.0,0.0,0.0,0.0,0.0,0.0,0.0,0.0,0.0,0.0,0.0,0.0,0.0,0.0,0.0,nan,nan,4.290311047550947,2.8574941099272775,nan,0.4087,0.04785,0.0,0.0,0.0,0.0,0.0,0.0,0.0,0.0,0.0,0.0,0.0,0.0,0.0,0.0,0.0,0.0,0.0,0.0,0.0,0.0,0.0,0.0,0.0,0.0,0.0,0.00034324942791762013,0.0008581235697940503,0.0011327231121281464,0.0007551487414187644,0.010617848970251717,0.0043020594965675054,0.012299771167048055,0.028237986270022882,0.03608695652173913,0.04037757437070938,0.018844393592677346,0.026361556064073227,0.03980549199084668,0.08036613272311213,0.11209382151029748,0.06461098398169336,0.044588100686498856,0.09089244851258581,0.06267734553775743,0.0718878718535469,0.08823798627002288,0.05421052631578947,0.035389016018306636,0.04490846681922197,0.009725400457665904,0.007963386727688787,0.008123569794050343,0.00011441647597254005,0.0028832951945080092,4.576659038901602e-05,0.0008466819221967963,0.00034324942791762013,6.864988558352403e-05,0.0,0.0,0.0,0.0,0.0,0.0,0.0,0.0,0.0,0.0,0.0,0.0,0.0,0.0,0.0,0.0,0.0,0.0,0.0,0.0,0.0,0.0,0.0,0.0,0.0,0.0,0.0,0.0,0.0,0.0,0.0,0.0,0.0,0.0,0.0,0.0,0.0,0.0,0.0,0.0,0.0,0.0,0.0,nan,nan,4.290311047550947,2.8574941099272775,nan,0.9261479497008642,0.022947038995430418,0.0,0.0,0.0,0.0,0.0,0.0,0.0,0.0,0.0,0.0,0.0,0.0,0.0,0.0,0.0,0.0,0.0,0.0,0.0,0.0,0.0,0.0,0.0,0.0,0.0,0.15936254980079684,3.3864541832669333,15.498007968127494,9.734395750332007,1.2217795484727758,0.9264536474565374,0.02358480737492156,0.0,0.0,0.0,0.0,0.0,0.0,0.0,0.0,0.0,0.0,0.0,0.0,0.0,0.0,0.0,0.0,0.0,0.0,0.0,0.0,0.0,0.0,0.0,0.0,0.0,0.2131691141639034,3.7091425864519194,14.751302700142116,9.947891994315492,1.3784936049265752,0.4084,0.010475,0.0,0.0,0.0,0.0,0.0,0.0,0.0,0.0,0.0,0.0,0.0,6.254980079681266,23.45285524568394,0.29216467463479423,0.0,0.0,0.0,0.0,0.0,0.0,0.0,0.0,0.0,0.0,0.0,0.0,0.0,0.0,0.0,0.0,0.4087,0.01028,0.0,0.0,0.0,0.0,0.0,0.0,0.0,0.0,0.0,0.0,0.0,6.096636665087628,23.675982946470874,0.22738038844149697,0.0,0.0,0.0,0.0,0.0,0.0,0.0,0.0,0.0,0.0,0.0,0.0,0.0,0.0,0.0,0.0
20800,4320,2279,0.5275462962962963,1062,861,0.44513888888888886,1202,0.5564814814814815,0.422,3.0881920627143558,3.1650750176070956,6.669505962521295,2.22111754056611,9459.952394977958,1520.739241796707,7853.0,10932.46177494526,10899.08790974321,6.963295207132517,7853.0,0.0,28.415972222222223,21.076148852284966,33.43400385781207,19.255325273040977,0.1398148148148148,0.0962962962962963,0.09513888888888888,0.08356481481481481,0.07800925925925926,0.061342592592592594,0.07222222222222222,0.06898148148148148,0.06319444444444444,0.055092592592592596,0.04583333333333333,0.03958333333333333,0.03611111111111111,0.02824074074074074,0.01875,0.0125,0.005324074074074074,0.9266118800612512,0.02336477960771061,0.0,0.0,0.0,0.0,0.0,0.0,0.0,0.0,0.0,0.0,0.0,0.0,0.0,0.0,0.0,0.0,0.0,0.0,0.0,0.0,0.0,0.0,0.0,0.0,0.0,0.15972222222222224,3.6458333333333344,14.54166666666667,10.381944444444446,1.2708333333333335,4.377148997134671,2.9085797217640708,nan,nan,nan,4.378514780100938,2.988596415833326,4.375800711743772,2.8273671749135896,0.9993801395008417,0.409,0.0101,0.0,0.0,0.0,0.0,0.0,0.0,0.0,0.0,0.0,0.0,0.0,5.597222222222213,24.152777777777786,0.25000000000000006,0.0,0.0,0.0,0.0,0.0,0.0,0.0,0.0,0.0,0.0,0.0,0.0,0.0,0.0,0.0,0.0,nan,nan,4.377148997134671,2.9085797217640708,nan,0.409,0.04767,0.0,0.0,0.0,0.0,0.0,0.0,0.0,0.0,0.0,0.0,0.0,0.0,0.0,0.0,0.0,0.0,0.0,0.0,0.0,0.0,0.0,0.0,0.0,0.0,0.0,0.0002662037037037037,0.0007638888888888889,0.001400462962962963,0.0004050925925925926,0.01005787037037037,0.004722222222222222,0.011076388888888889,0.028483796296296295,0.035486111111111114,0.04231481481481481,0.01806712962962963,0.02673611111111111,0.03871527777777778,0.08195601851851853,0.11172453703703704,0.062141203703703705,0.043020833333333335,0.09284722222222222,0.059930555555555556,0.07189814814814814,0.09179398148148148,0.05767361111111111,0.03509259259259259,0.04296296296296296,0.009965277777777778,0.00863425925925926,0.0077777777777777776,5.787037037037037e-05,0.003136574074074074,0.00010416666666666667,0.0005555555555555556,0.00016203703703703703,6.944444444444444e-05,0.0,0.0,0.0,0.0,0.0,0.0,0.0,0.0,0.0,0.0,0.0,0.0,0.0,0.0,0.0,0.0,0.0,0.0,0.0,0.0,0.0,0.0,0.0,0.0,0.0,0.0,0.0,0.0,0.0,0.0,0.0,0.0,0.0,0.0,0.0,0.0,0.0,0.0,0.0,0.0,0.0,0.0,0.0,nan,nan,4.377148997134671,2.9085797217640708,nan,0.9270537577474677,0.023193931063971867,0.0,0.0,0.0,0.0,0.0,0.0,0.0,0.0,0.0,0.0,0.0,0.0,0.0,0.0,0.0,0.0,0.0,0.0,0.0,0.0,0.0,0.0,0.0,0.0,0.0,0.1579640193067135,3.448881088196578,14.62483545414656,10.491443615620888,1.2768758227292674,0.9261184752367104,0.023544288267646107,0.0,0.0,0.0,0.0,0.0,0.0,0.0,0.0,0.0,0.0,0.0,0.0,0.0,0.0,0.0,0.0,0.0,0.0,0.0,0.0,0.0,0.0,0.0,0.0,0.0,0.16168544830965215,3.865752082312593,14.44879960803528,10.259676629103382,1.2640862322390987,0.409,0.01012,0.0,0.0,0.0,0.0,0.0,0.0,0.0,0.0,0.0,0.0,0.0,5.38394032470381,24.37911364633612,0.23694602896007025,0.0,0.0,0.0,0.0,0.0,0.0,0.0,0.0,0.0,0.0,0.0,0.0,0.0,0.0,0.0,0.0,0.4087,0.01008,0.0,0.0,0.0,0.0,0.0,0.0,0.0,0.0,0.0,0.0,0.0,5.835374816266528,23.9000489955904,0.26457618814306716,0.0,0.0,0.0,0.0,0.0,0.0,0.0,0.0,0.0,0.0,0.0,0.0,0.0,0.0,0.0,0.0
20900,4271,2228,0.5216576914071646,1097,865,0.45937719503629126,1191,0.5577148208850387,0.422,3.0416054821341163,3.1518482821582334,6.7020547945205475,2.220760365221175,9441.758518497438,1521.377344793309,7853.0,10923.986182689667,10898.595885324306,7.093500204758618,7853.0,0.0,27.727932568485134,20.58850757734444,32.56343906510851,18.857164803092907,0.13579957855303207,0.10559587918520252,0.09435729337391711,0.08171388433622102,0.0819480215406228,0.07539217981737298,0.07351908218215875,0.0592367127136502,0.063685319597284,0.05478810583001639,0.04776398969796301,0.03652540388667759,0.032779208616249125,0.02552095527979396,0.017560290330133458,0.007492390540856942,0.006321704518848045,0.9261324123905291,0.02342402681132516,0.0,0.0,0.0,0.0,0.0,0.0,0.0,0.0,0.0,0.0,0.0,0.0,0.0,0.0,0.0,0.0,0.0,0.0,0.0,0.0,0.0,0.0,0.0,0.0,0.007024116132053385,0.15453055490517445,3.736829782252401,14.905174432217283,9.840786701006792,1.3556544134863031,4.244291409931135,2.9425665549487845,nan,nan,nan,4.259814418272662,2.947485596766651,4.229182019159912,2.938289948289993,0.992808982714986,0.4084,0.010056,0.0,0.0,0.0,0.0,0.0,0.0,0.0,0.0,0.0,0.0,0.0,6.160149847810809,23.615078435963483,0.22477171622570832,0.0,0.0,0.0,0.0,0.0,0.0,0.0,0.0,0.0,0.0,0.0,0.0,0.0,0.0,0.0,0.0,nan,nan,4.244291409931135,2.9425665549487845,nan,0.4084,0.0476,0.0,0.0,0.0,0.0,0.0,0.0,0.0,0.0,0.0,0.0,0.0,0.0,0.0,0.0,0.0,0.0,0.0,0.0,0.0,0.0,0.0,0.0,0.0,0.0,0.0,0.00018730976352142355,0.0006204635916647155,0.0014048232264106766,0.0004916881292437368,0.008604542261765394,0.003956918754390072,0.011133224069304613,0.028915944743619762,0.03578787169281199,0.044626551158979164,0.021084055256380237,0.028342308592835402,0.03842191524233201,0.08372746429407633,0.11228049637087333,0.0640131116834465,0.041055958791852025,0.0920276281901194,0.0599742449075158,0.06898852727698432,0.09036525403886678,0.05872161086396628,0.031924607820182624,0.040622804963708736,0.010618122219620697,0.009236712713650199,0.008944041208147974,5.853430110044486e-05,0.0032545071411847343,0.00014048232264106766,0.0003043783657223133,0.0,0.00016389604308124562,0.0,0.0,0.0,0.0,0.0,0.0,0.0,0.0,0.0,0.0,0.0,0.0,0.0,0.0,0.0,0.0,0.0,0.0,0.0,0.0,0.0,0.0,0.0,0.0,0.0,0.0,0.0,0.0,0.0,0.0,0.0,0.0,0.0,0.0,0.0,0.0,0.0,0.0,0.0,0.0,0.0,0.0,0.0,nan,nan,4.244291409931135,2.9425665549487845,nan,0.9261886728944213,0.023612923164257126,0.0,0.0,0.0,0.0,0.0,0.0,0.0,0.0,0.0,0.0,0.0,0.0,0.0,0.0,0.0,0.0,0.0,0.0,0.0,0.0,0.0,0.0,0.0,0.0,0.0,0.20197486535008982,3.6355475763016165,14.85188509874327,9.937163375224419,1.3734290843806105,0.9260710573231421,0.023216117962949943,0.0,0.0,0.0,0.0,0.0,0.0,0.0,0.0,0.0,0.0,0.0,0.0,0.0,0.0,0.0,0.0,0.0,0.0,0.0,0.0,0.0,0.0,0.0,0.0,0.014684287812041119,0.10279001468428783,3.8472834067547734,14.963289280469901,9.735682819383262,1.3362701908957417,0.4082,0.00991,0.0,0.0,0.0,0.0,0.0,0.0,0.0,0.0,0.0,0.0,0.0,6.2612208258527735,23.631059245960508,0.10771992818671457,0.0,0.0,0.0,0.0,0.0,0.0,0.0,0.0,0.0,0.0,0.0,0.0,0.0,0.0,0.0,0.0,0.4087,0.01019,0.0,0.0,0.0,0.0,0.0,0.0,0.0,0.0,0.0,0.0,0.0,6.049926578560931,23.59765051395008,0.35242290748898686,0.0,0.0,0.0,0.0,0.0,0.0,0.0,0.0,0.0,0.0,0.0,0.0,0.0,0.0,0.0,0.0
21000,4352,2227,0.51171875,1033,881,0.4397977941176471,1229,0.5647977941176471,0.422,3.0338823529411765,3.0921198112841037,6.523052464228935,2.1184764222852484,9411.591175804571,1522.4882606038188,7853.0,10919.169116139412,10898.796496228782,7.047359603120757,7853.0,0.0,27.895680147058822,21.016552031197865,32.88544806796383,19.28825431534458,0.14039522058823528,0.10454963235294118,0.09053308823529412,0.08800551470588236,0.08065257352941177,0.07352941176470588,0.06755514705882353,0.05698529411764706,0.06089154411764706,0.05353860294117647,0.04802389705882353,0.038373161764705885,0.03423713235294118,0.025045955882352942,0.018152573529411766,0.01401654411764706,0.0055147058823529415,0.9271579303313047,0.023415346194193203,0.0,0.0,0.0,0.0,0.0,0.0,0.0,0.0,0.0,0.0,0.0,0.0,0.0,0.0,0.0,0.0,0.0,0.0,0.0,0.0,0.0,0.0,0.0,0.0,0.0,0.17233455882352944,3.522518382352942,14.379595588235297,10.505514705882355,1.4200367647058827,4.3539346029464605,2.8389755896952127,nan,nan,nan,4.315561959654179,2.8347605428850913,4.392114695340502,2.8426492340506178,1.0177387641289843,0.4072,0.01027,0.0,0.0,0.0,0.0,0.0,0.0,0.0,0.0,0.0,0.0,0.006893382352941178,7.024356617647049,22.87913602941177,0.08961397058823532,0.0,0.0,0.0,0.0,0.0,0.0,0.0,0.0,0.0,0.0,0.0,0.0,0.0,0.0,0.0,0.0,nan,nan,4.3539346029464605,2.8389755896952127,nan,0.4072,0.04745,0.0,0.0,0.0,0.0,0.0,0.0,0.0,0.0,0.0,0.0,0.0,0.0,0.0,0.0,0.0,0.0,0.0,0.0,0.0,0.0,0.0,0.0,0.0,0.0,0.0,0.00029871323529411767,0.0008731617647058824,0.0009420955882352941,0.00026424632352941175,0.008237591911764706,0.0052274816176470585,0.012143841911764706,0.02836626838235294,0.037798713235294115,0.043221507352941176,0.024310661764705883,0.029090073529411765,0.04063648897058823,0.0876608455882353,0.10830652573529412,0.06313189338235294,0.04255514705882353,0.09386488970588236,0.0576171875,0.06800321691176471,0.09162454044117647,0.05774356617647059,0.029825367647058825,0.03793658088235294,0.010213694852941177,0.008203125,0.007594209558823529,1.1488970588235294e-05,0.0034581801470588234,2.2977941176470588e-05,0.0006433823529411765,2.2977941176470588e-05,0.00014935661764705884,0.0,0.0,0.0,0.0,0.0,0.0,0.0,0.0,0.0,0.0,0.0,0.0,0.0,0.0,0.0,0.0,0.0,0.0,0.0,0.0,0.0,0.0,0.0,0.0,0.0,0.0,0.0,0.0,0.0,0.0,0.0,0.0,0.0,0.0,0.0,0.0,0.0,0.0,0.0,0.0,0.0,0.0,0.0,nan,nan,4.3539346029464605,2.8389755896952127,nan,0.9277861840959403,0.023287109143161188,0.0,0.0,0.0,0.0,0.0,0.0,0.0,0.0,0.0,0.0,0.0,0.0,0.0,0.0,0.0,0.0,0.0,0.0,0.0,0.0,0.0,0.0,0.0,0.0,0.0,0.1751234845083072,3.3408172429277063,14.252357431522231,10.830713964975304,1.4009878760664576,0.9264995203859666,0.023530995339052424,0.0,0.0,0.0,0.0,0.0,0.0,0.0,0.0,0.0,0.0,0.0,0.0,0.0,0.0,0.0,0.0,0.0,0.0,0.0,0.0,0.0,0.0,0.0,0.0,0.0,0.16941176470588237,3.712941176470589,14.512941176470592,10.164705882352942,1.4400000000000002,0.4072,0.01023,0.0,0.0,0.0,0.0,0.0,0.0,0.0,0.0,0.0,0.0,0.0,7.139649753030973,22.766052986079934,0.09429726088908849,0.0,0.0,0.0,0.0,0.0,0.0,0.0,0.0,0.0,0.0,0.0,0.0,0.0,0.0,0.0,0.0,0.4072,0.0103,0.0,0.0,0.0,0.0,0.0,0.0,0.0,0.0,0.0,0.0,0.014117647058823533,6.903529411764696,22.99764705882353,0.08470588235294119,0.0,0.0,0.0,0.0,0.0,0.0,0.0,0.0,0.0,0.0,0.0,0.0,0.0,0.0,0.0,0.0
21100,4437,2275,0.5127338291638495,1110,903,0.45368492224476,1221,0.5503718728870859,0.418,2.916281221091582,3.0876680875358087,6.473154362416107,2.096885862047366,9414.659802156579,1522.3902620569706,7853.0,10926.967646360397,10898.751447107137,7.099788185987688,7853.0,0.0,28.528735632183906,21.096254855886954,33.34540612516644,19.348874995291016,0.1352265043948614,0.09826459319359927,0.0915032679738562,0.09037638043723237,0.07257155735857561,0.07279693486590039,0.07144466982195177,0.06490872210953347,0.06130268199233716,0.05228758169934641,0.04665314401622718,0.041469461347757496,0.03493351363533919,0.027721433400946585,0.01983322064457967,0.011494252873563218,0.007212080234392608,0.9276237768822757,0.02344259145181422,0.0,0.0,0.0,0.0,0.0,0.0,0.0,0.0,0.0,0.0,0.0,0.0,0.0,0.0,0.0,0.0,0.0,0.0,0.0,0.0,0.0,0.0,0.0,0.0,0.0,0.11494252873563221,3.421230561189994,14.28668018931711,10.743745774171739,1.433400946585531,4.140151515151516,2.886510276240031,nan,nan,nan,4.110805230557467,2.9197997883025604,4.172413793103448,2.8513634429773558,1.0149869816472978,0.4067,0.01033,0.0,0.0,0.0,0.0,0.0,0.0,0.0,0.0,0.0,0.0,0.0,7.599729546991199,22.29885057471265,0.10141987829614607,0.0,0.0,0.0,0.0,0.0,0.0,0.0,0.0,0.0,0.0,0.0,0.0,0.0,0.0,0.0,0.0,nan,nan,4.140151515151516,2.886510276240031,nan,0.4067,0.04745,0.0,0.0,0.0,0.0,0.0,0.0,0.0,0.0,0.0,0.0,0.0,0.0,0.0,0.0,0.0,0.0,0.0,0.0,0.0,0.0,0.0,0.0,0.0,0.0,0.0,0.00019157088122605365,0.0006423258958755916,0.0011719630380887986,0.00020283975659229209,0.008958755916159567,0.005578093306288032,0.013128239801667793,0.02825107054315979,0.03918187964841109,0.043407707910750506,0.02472391255352716,0.028228532792427315,0.039384719405003384,0.08284877169258507,0.10872210953346856,0.06467207572684246,0.04303583502366464,0.0980955600631057,0.060649087221095334,0.06867252648185711,0.08962136578769439,0.05631057020509353,0.02688753662384494,0.03691683569979716,0.010570205093531666,0.007955826008564345,0.007347306738787469,4.5075501464953795e-05,0.0041694838855082265,0.0,0.0002704530087897228,0.0,0.0001577642551273383,0.0,0.0,0.0,0.0,0.0,0.0,0.0,0.0,0.0,0.0,0.0,0.0,0.0,0.0,0.0,0.0,0.0,0.0,0.0,0.0,0.0,0.0,0.0,0.0,0.0,0.0,0.0,0.0,0.0,0.0,0.0,0.0,0.0,0.0,0.0,0.0,0.0,0.0,0.0,0.0,0.0,0.0,0.0,nan,nan,4.140151515151516,2.886510276240031,nan,0.9280696771957062,0.023429090690104775,0.0,0.0,0.0,0.0,0.0,0.0,0.0,0.0,0.0,0.0,0.0,0.0,0.0,0.0,0.0,0.0,0.0,0.0,0.0,0.0,0.0,0.0,0.0,0.0,0.0,0.1186813186813187,3.336263736263737,13.925274725274729,11.195604395604398,1.4241758241758247,0.9271545709557935,0.02344763524293945,0.0,0.0,0.0,0.0,0.0,0.0,0.0,0.0,0.0,0.0,0.0,0.0,0.0,0.0,0.0,0.0,0.0,0.0,0.0,0.0,0.0,0.0,0.0,0.0,0.0,0.11100832562442185,3.510638297872341,14.666975023126739,10.268270120259022,1.4431082331174843,0.4067,0.01027,0.0,0.0,0.0,0.0,0.0,0.0,0.0,0.0,0.0,0.0,0.0,7.648351648351637,22.259340659340666,0.09230769230769233,0.0,0.0,0.0,0.0,0.0,0.0,0.0,0.0,0.0,0.0,0.0,0.0,0.0,0.0,0.0,0.0,0.407,0.01039,0.0,0.0,0.0,0.0,0.0,0.0,0.0,0.0,0.0,0.0,0.0,7.548566142460674,22.340425531914896,0.11100832562442185,0.0,0.0,0.0,0.0,0.0,0.0,0.0,0.0,0.0,0.0,0.0,0.0,0.0,0.0,0.0,0.0
21200,4535,2341,0.5162072767364939,1086,937,0.44608599779492836,1270,0.5600882028665931,0.43,3.00820419325433,3.1602485049149887,6.696869851729819,2.240934162087547,9425.114562794668,1521.9632157038025,7853.0,10927.22530901432,10898.510270087065,6.984430428814019,7853.0,0.0,27.53781697905182,20.73377882126317,32.54945924558164,18.988205785517657,0.14421168687982358,0.10033076074972437,0.09768467475192943,0.08269018743109151,0.07960308710033076,0.07673649393605292,0.07144432194046306,0.06350606394707828,0.05843439911797133,0.05248070562293274,0.04432194046306505,0.03902976846747519,0.03109151047409041,0.02447629547960309,0.018743109151047408,0.009040793825799339,0.006174200661521499,0.9278291968421347,0.023579034287889367,0.0,0.0,0.0,0.0,0.0,0.0,0.0,0.0,0.0,0.0,0.0,0.0,0.0,0.0,0.0,0.0,0.0,0.0,0.0,0.0,0.0,0.0,0.0,0.0,0.0,0.0859977949283352,3.506063947078281,14.083792723263509,10.855567805953697,1.4685777287761856,4.3503800967519,2.9486924808952013,nan,nan,nan,4.346075085324232,2.9368251451063183,4.357142857142857,2.9605077000975584,1.0025466131167402,0.4067,0.010376,0.0,0.0,0.0,0.0,0.0,0.0,0.0,0.0,0.0,0.0,0.0,7.779492833517078,22.08820286659317,0.13230429988974643,0.0,0.0,0.0,0.0,0.0,0.0,0.0,0.0,0.0,0.0,0.0,0.0,0.0,0.0,0.0,0.0,nan,nan,4.3503800967519,2.9486924808952013,nan,0.4067,0.04767,0.0,0.0,0.0,0.0,0.0,0.0,0.0,0.0,0.0,0.0,0.0,0.0,0.0,0.0,0.0,0.0,0.0,0.0,0.0,0.0,0.0,0.0,0.0,0.0,0.0,0.0001543550165380375,0.0009812568908489526,0.0011907386990077178,0.00037486218302094817,0.009195148842337375,0.005490628445424476,0.012954796030871003,0.02836824696802646,0.03985667034178611,0.04357221609702315,0.02474090407938258,0.027287761852260197,0.04169790518191841,0.0830760749724366,0.10676957001102536,0.06496141124586549,0.04199558985667034,0.09712238147739802,0.06073869900771775,0.06919514884233738,0.08748621830209481,0.05679162072767365,0.028390297684674753,0.03654906284454245,0.011852260198456449,0.007199558985667034,0.007618522601984565,6.615214994487321e-05,0.003980154355016538,1.1025358324145534e-05,0.00017640573318632855,0.0,0.0001543550165380375,0.0,0.0,0.0,0.0,0.0,0.0,0.0,0.0,0.0,0.0,0.0,0.0,0.0,0.0,0.0,0.0,0.0,0.0,0.0,0.0,0.0,0.0,0.0,0.0,0.0,0.0,0.0,0.0,0.0,0.0,0.0,0.0,0.0,0.0,0.0,0.0,0.0,0.0,0.0,0.0,0.0,0.0,0.0,nan,nan,4.3503800967519,2.9486924808952013,nan,0.9274388423642252,0.023331054919229877,0.0,0.0,0.0,0.0,0.0,0.0,0.0,0.0,0.0,0.0,0.0,0.0,0.0,0.0,0.0,0.0,0.0,0.0,0.0,0.0,0.0,0.0,0.0,0.0,0.0,0.07689021785561727,3.524134985049125,14.301580521144812,10.72618539085861,1.3712088850918416,0.9282457054259023,0.02383373513879606,0.0,0.0,0.0,0.0,0.0,0.0,0.0,0.0,0.0,0.0,0.0,0.0,0.0,0.0,0.0,0.0,0.0,0.0,0.0,0.0,0.0,0.0,0.0,0.0,0.0,0.09571558796718325,3.486782133090247,13.851412944393804,10.99361896080219,1.572470373746582,0.4065,0.010124,0.0,0.0,0.0,0.0,0.0,0.0,0.0,0.0,0.0,0.0,0.0,7.753096967108062,22.170012815036316,0.07689021785561727,0.0,0.0,0.0,0.0,0.0,0.0,0.0,0.0,0.0,0.0,0.0,0.0,0.0,0.0,0.0,0.0,0.407,0.01063,0.0,0.0,0.0,0.0,0.0,0.0,0.0,0.0,0.0,0.0,0.0,7.807657247037363,22.000911577028262,0.1914311759343665,0.0,0.0,0.0,0.0,0.0,0.0,0.0,0.0,0.0,0.0,0.0,0.0,0.0,0.0,0.0,0.0
21300,4384,2236,0.510036496350365,1062,910,0.4498175182481752,1229,0.5606751824817519,0.43,2.962756052141527,3.1069559494721806,6.553511705685619,2.130283172965549,9406.339524373181,1522.4746599015014,7853.0,10926.526816368103,10898.545829540262,7.147719052413355,7853.0,0.0,28.243841240875913,21.274783388734402,33.335239651416124,19.497418409004045,0.1425638686131387,0.09762773722627738,0.0885036496350365,0.09146897810218978,0.07481751824817519,0.07527372262773722,0.06614963503649635,0.060903284671532845,0.0636405109489051,0.054972627737226276,0.044023722627737225,0.03695255474452555,0.03718065693430657,0.02645985401459854,0.017563868613138685,0.012317518248175183,0.00958029197080292,0.9270162897279662,0.02329781309441965,0.0,0.0,0.0,0.0,0.0,0.0,0.0,0.0,0.0,0.0,0.0,0.0,0.0,0.0,0.0,0.0,0.0,0.0,0.0,0.0,0.0,0.0,0.0,0.0,0.0,0.14370437956204382,3.6747262773722635,14.575729927007302,10.244069343065695,1.361770072992701,4.273175890024674,2.8596156598344993,nan,nan,nan,4.273170731707317,2.8231147788346083,4.273181169757489,2.8964993889869,1.0000024426943894,0.4065,0.01035,0.0,0.0,0.0,0.0,0.0,0.0,0.0,0.0,0.0,0.0,0.0,8.020072992700719,21.829379562043798,0.15054744525547448,0.0,0.0,0.0,0.0,0.0,0.0,0.0,0.0,0.0,0.0,0.0,0.0,0.0,0.0,0.0,0.0,nan,nan,4.273175890024674,2.8596156598344993,nan,0.4065,0.0479,0.0,0.0,0.0,0.0,0.0,0.0,0.0,0.0,0.0,0.0,0.0,0.0,0.0,0.0,0.0,0.0,0.0,0.0,0.0,0.0,0.0,0.0,0.0,0.0,0.0,0.0002052919708029197,0.000604470802919708,0.0015396897810218979,0.0004447992700729927,0.009420620437956204,0.0050638686131386865,0.013207116788321168,0.02884352189781022,0.03939324817518248,0.0457801094890511,0.02513686131386861,0.026437043795620438,0.04153740875912409,0.0806911496350365,0.11218065693430657,0.06223768248175182,0.04248403284671533,0.09475364963503649,0.060583941605839416,0.07062043795620437,0.08639370437956205,0.057230839416058395,0.02635720802919708,0.03656478102189781,0.01219206204379562,0.00718521897810219,0.007755474452554745,4.562043795620438e-05,0.004698905109489051,2.281021897810219e-05,0.00011405109489051095,0.0,0.0002623175182481752,0.0,0.0,1.1405109489051094e-05,0.0,0.0,0.0,0.0,0.0,0.0,0.0,0.0,0.0,0.0,0.0,0.0,0.0,0.0,0.0,0.0,0.0,0.0,0.0,0.0,0.0,0.0,0.0,0.0,0.0,0.0,0.0,0.0,0.0,0.0,0.0,0.0,0.0,0.0,0.0,0.0,0.0,0.0,0.0,0.0,nan,nan,4.273175890024674,2.8596156598344993,nan,0.9273834307153238,0.0232586916538559,0.0,0.0,0.0,0.0,0.0,0.0,0.0,0.0,0.0,0.0,0.0,0.0,0.0,0.0,0.0,0.0,0.0,0.0,0.0,0.0,0.0,0.0,0.0,0.0,0.0,0.14758497316636854,3.421288014311271,14.771914132379251,10.304114490161004,1.3550983899821112,0.9266341075828399,0.023332331486442086,0.0,0.0,0.0,0.0,0.0,0.0,0.0,0.0,0.0,0.0,0.0,0.0,0.0,0.0,0.0,0.0,0.0,0.0,0.0,0.0,0.0,0.0,0.0,0.0,0.0,0.13966480446927376,3.9385474860335203,14.371508379888272,10.181564245810058,1.3687150837988828,0.4067,0.01045,0.0,0.0,0.0,0.0,0.0,0.0,0.0,0.0,0.0,0.0,0.0,7.9159212880142995,21.949910554561722,0.1341681574239714,0.0,0.0,0.0,0.0,0.0,0.0,0.0,0.0,0.0,0.0,0.0,0.0,0.0,0.0,0.0,0.0,0.4065,0.01025,0.0,0.0,0.0,0.0,0.0,0.0,0.0,0.0,0.0,0.0,0.0,8.12849162011172,21.703910614525142,0.1675977653631285,0.0,0.0,0.0,0.0,0.0,0.0,0.0,0.0,0.0,0.0,0.0,0.0,0.0,0.0,0.0,0.0
21400,4559,2286,0.5014257512612414,1042,947,0.4362798859398991,1304,0.5720552752796666,0.41,3.036515618125825,3.083952846235997,6.459770114942529,2.1698275671791967,9380.0522419758,1522.7121985479178,7853.0,10922.1200684309,10898.420459828378,7.039564798742202,7853.0,0.0,28.601008993200264,21.495834491720075,33.92153765139547,19.60747389917218,0.14608466769028294,0.09278350515463918,0.08620311471813995,0.08708050010967318,0.07984207062952402,0.07457775828032463,0.06536521166922571,0.06339109453827593,0.057030050449660016,0.056152665058126786,0.04101776705417855,0.0397016889668787,0.038385610879578855,0.028076332529063393,0.020837903048914235,0.016012283395481466,0.007457775828032464,0.9268856226521957,0.023211106057102082,0.0,0.0,0.0,0.0,0.0,0.0,0.0,0.0,0.0,0.0,0.0,0.0,0.0,0.0,0.0,0.0,0.0,0.0,0.0,0.0,0.0,0.0,0.0,0.0,0.0,0.1579293704759816,3.599473568765081,14.51634130291731,10.403597280105288,1.322658477736346,4.248739495798319,2.835070450897001,nan,nan,nan,4.188933873144399,2.7995443184630684,4.305630026809651,2.8680350659047473,1.0278581990547526,0.4067,0.01013,0.0,0.0,0.0,0.0,0.0,0.0,0.0,0.0,0.0,0.0,0.0,7.804343057688079,22.05746874314543,0.1381881991664839,0.0,0.0,0.0,0.0,0.0,0.0,0.0,0.0,0.0,0.0,0.0,0.0,0.0,0.0,0.0,0.0,nan,nan,4.248739495798319,2.835070450897001,nan,0.4067,0.04803,0.0,0.0,0.0,0.0,0.0,0.0,0.0,0.0,0.0,0.0,0.0,0.0,0.0,0.0,0.0,0.0,0.0,0.0,0.0,0.0,0.0,0.0,0.0,0.0,9.870585654748848e-05,0.0001754770783066462,0.0006470717262557578,0.0013160780872998464,0.0005264312349199386,0.008971265628427287,0.004299188418512832,0.01307304233384514,0.03110331212985304,0.03861592454485633,0.049276157051985084,0.024742268041237112,0.02634349638078526,0.04132485194121518,0.07989690721649484,0.11165825838999781,0.059947356876508005,0.04142355779776267,0.08926299627111209,0.059640271989471375,0.07187979820135995,0.09175257731958762,0.05875191928054398,0.02941434525115157,0.034601886378591795,0.012020179864005264,0.0068545733713533665,0.008159684141259048,4.386926957666155e-05,0.003586312787892082,8.77385391533231e-05,0.00015354244351831542,0.0,0.0003509541566132924,0.0,0.0,0.0,0.0,0.0,0.0,0.0,0.0,0.0,0.0,0.0,0.0,0.0,0.0,0.0,0.0,0.0,0.0,0.0,0.0,0.0,0.0,0.0,0.0,0.0,0.0,0.0,0.0,0.0,0.0,0.0,0.0,0.0,0.0,0.0,0.0,0.0,0.0,0.0,0.0,0.0,0.0,0.0,nan,nan,4.248739495798319,2.835070450897001,nan,0.9269246339328646,0.02328562635555084,0.0,0.0,0.0,0.0,0.0,0.0,0.0,0.0,0.0,0.0,0.0,0.0,0.0,0.0,0.0,0.0,0.0,0.0,0.0,0.0,0.0,0.0,0.0,0.0,0.0,0.15748031496062995,3.700787401574804,14.448818897637798,10.367454068241472,1.325459317585302,0.9268463882537754,0.02313585111807029,0.0,0.0,0.0,0.0,0.0,0.0,0.0,0.0,0.0,0.0,0.0,0.0,0.0,0.0,0.0,0.0,0.0,0.0,0.0,0.0,0.0,0.0,0.0,0.0,0.0,0.15838099428068633,3.497580290365157,14.584249890013202,10.43994720633524,1.3198416190057196,0.4067,0.010216,0.0,0.0,0.0,0.0,0.0,0.0,0.0,0.0,0.0,0.0,0.0,7.664041994750645,22.17847769028872,0.15748031496062995,0.0,0.0,0.0,0.0,0.0,0.0,0.0,0.0,0.0,0.0,0.0,0.0,0.0,0.0,0.0,0.0,0.4065,0.01004,0.0,0.0,0.0,0.0,0.0,0.0,0.0,0.0,0.0,0.0,0.0,7.945446546414419,21.935767707875062,0.11878574571051477,0.0,0.0,0.0,0.0,0.0,0.0,0.0,0.0,0.0,0.0,0.0,0.0,0.0,0.0,0.0,0.0
21500,4624,2382,0.5151384083044983,1130,943,0.44831314878892736,1323,0.5722318339100346,0.41,3.0396966993755576,3.132906909948494,6.610169491525424,2.1198209366175083,9421.709894844778,1521.9206016804837,7853.0,10921.103303134441,10898.220215685247,7.099938405813875,7853.0,0.0,27.952205882352942,20.772913504020128,32.705039652084935,19.073251577544543,0.13494809688581316,0.10099480968858132,0.09277681660899655,0.09083044982698962,0.07980103806228374,0.08001730103806229,0.06790657439446367,0.06076989619377163,0.05579584775086505,0.05211937716262976,0.051470588235294115,0.04044117647058824,0.03546712802768166,0.02249134948096886,0.01578719723183391,0.011678200692041523,0.0067041522491349485,0.9265507773003158,0.02313196606367381,0.0,0.0,0.0,0.0,0.0,0.0,0.0,0.0,0.0,0.0,0.0,0.0,0.0,0.0,0.0,0.0,0.0,0.0,0.0,0.0,0.0,0.0,0.0,0.0,0.0,0.11678200692041525,3.6656574394463677,14.870242214532874,10.185986159169552,1.161332179930796,4.278055278055278,2.942496048925697,nan,nan,nan,4.31970509383378,2.9525402193383434,4.236929185969556,2.9319639394619146,0.9808376020894614,0.4062,0.01049,0.0,0.0,0.0,0.0,0.0,0.0,0.0,0.0,0.0,0.0,0.006487889273356403,8.272058823529399,21.585207612456752,0.13624567474048446,0.0,0.0,0.0,0.0,0.0,0.0,0.0,0.0,0.0,0.0,0.0,0.0,0.0,0.0,0.0,0.0,nan,nan,4.278055278055278,2.942496048925697,nan,0.4062,0.0479,0.0,0.0,0.0,0.0,0.0,0.0,0.0,0.0,0.0,0.0,0.0,0.0,0.0,0.0,0.0,0.0,0.0,0.0,0.0,0.0,0.0,0.0,0.0,0.0,7.569204152249134e-05,0.00020544982698961938,0.0004974048442906575,0.001448961937716263,0.00043252595155709344,0.00941825259515571,0.003298010380622837,0.013451557093425605,0.03157439446366782,0.03899221453287197,0.05070285467128028,0.024978373702422146,0.026113754325259517,0.04249567474048443,0.08095804498269896,0.11168901384083045,0.05942906574394464,0.04346885813148789,0.08790008650519031,0.05900735294117647,0.07442690311418686,0.08721885813148789,0.05919117647058823,0.02735726643598616,0.03309904844290657,0.0142409169550173,0.00710423875432526,0.007352941176470588,6.487889273356402e-05,0.0036872837370242216,0.0,3.243944636678201e-05,0.0,8.650519031141868e-05,0.0,0.0,0.0,0.0,0.0,0.0,0.0,0.0,0.0,0.0,0.0,0.0,0.0,0.0,0.0,0.0,0.0,0.0,0.0,0.0,0.0,0.0,0.0,0.0,0.0,0.0,0.0,0.0,0.0,0.0,0.0,0.0,0.0,0.0,0.0,0.0,0.0,0.0,0.0,0.0,0.0,0.0,0.0,nan,nan,4.278055278055278,2.942496048925697,nan,0.9267463229915658,0.023581181619098713,0.0,0.0,0.0,0.0,0.0,0.0,0.0,0.0,0.0,0.0,0.0,0.0,0.0,0.0,0.0,0.0,0.0,0.0,0.0,0.0,0.0,0.0,0.0,0.0,0.0,0.13853904282115873,3.8035264483627214,14.672544080604537,10.100755667506299,1.28463476070529,0.9263430209057762,0.022643088254876396,0.0,0.0,0.0,0.0,0.0,0.0,0.0,0.0,0.0,0.0,0.0,0.0,0.0,0.0,0.0,0.0,0.0,0.0,0.0,0.0,0.0,0.0,0.0,0.0,0.0,0.09366636931311331,3.519179304192686,15.080285459411243,10.276538804638717,1.0303300624442464,0.4062,0.01062,0.0,0.0,0.0,0.0,0.0,0.0,0.0,0.0,0.0,0.0,0.0,8.476070528967242,21.385390428211593,0.13853904282115873,0.0,0.0,0.0,0.0,0.0,0.0,0.0,0.0,0.0,0.0,0.0,0.0,0.0,0.0,0.0,0.0,0.4062,0.01035,0.0,0.0,0.0,0.0,0.0,0.0,0.0,0.0,0.0,0.0,0.013380909901873331,8.055307760927732,21.797502230151654,0.1338090990187333,0.0,0.0,0.0,0.0,0.0,0.0,0.0,0.0,0.0,0.0,0.0,0.0,0.0,0.0,0.0,0.0
21600,4723,2417,0.5117510057167055,1156,962,0.4484437857294093,1327,0.5619309760745289,0.41,2.982220294882914,3.120051748081582,6.394387001477105,2.2177272458055346,9411.315214453563,1522.1199538254991,7853.0,10926.168670892715,10898.065270113437,6.837061317028051,7853.0,0.0,28.17891170865975,20.78578022752035,32.87765293383271,19.07125772976577,0.13423671395299597,0.08913825958077493,0.10184204954478086,0.09316112640271014,0.08003387677323735,0.07029430446749947,0.06923565530383231,0.06351894982002965,0.06478932881643024,0.04848613169595596,0.04954478085962312,0.041075587550285834,0.03154774507728139,0.028160067753546476,0.019479144611475756,0.009527842473004446,0.0059284353165360995,0.926237135248469,0.022863106127251457,0.0,0.0,0.0,0.0,0.0,0.0,0.0,0.0,0.0,0.0,0.0,0.0,0.0,0.0,0.0,0.0,0.0,0.0,0.0,0.0,0.0,0.0,0.0,0.0,0.0,0.12068600465805635,3.506246030065637,15.085750582257043,10.118568706330723,1.1687486766885455,4.290333115610712,2.9526468469962843,nan,nan,nan,4.245784695201038,2.9496254461727833,4.3355263157894735,2.955022662098889,1.0211366395215165,0.406,0.010025,0.0,0.0,0.0,0.0,0.0,0.0,0.0,0.0,0.0,0.0,0.006351894982002965,8.1685369468558,21.76159220834216,0.06351894982002966,0.0,0.0,0.0,0.0,0.0,0.0,0.0,0.0,0.0,0.0,0.0,0.0,0.0,0.0,0.0,0.0,nan,nan,4.290333115610712,2.9526468469962843,nan,0.406,0.04797,0.0,0.0,0.0,0.0,0.0,0.0,0.0,0.0,0.0,0.0,0.0,0.0,0.0,0.0,0.0,0.0,0.0,0.0,0.0,0.0,0.0,0.0,0.0,0.0,0.0,0.0002540757992801186,0.0004975651069235655,0.0011645140800338768,0.0003175947491001482,0.008331568918060554,0.003853482955748465,0.013476603853482956,0.03354859199661232,0.03975227609570189,0.05097395723057379,0.026497988566589033,0.027133178064789328,0.04308702096125344,0.0765085750582257,0.11240736819817912,0.057526995553673514,0.045119627355494386,0.08842896464111794,0.0587232691086174,0.074274825322888,0.08550709294939657,0.06103112428541181,0.02739784035570612,0.030647893288164304,0.014736396358246877,0.006807114122379844,0.008183358035147153,5.2932458183358036e-05,0.003504128731738302,0.0,0.0001270378996400593,0.0,0.0001270378996400593,0.0,0.0,0.0,0.0,0.0,0.0,0.0,0.0,0.0,0.0,0.0,0.0,0.0,0.0,0.0,0.0,0.0,0.0,0.0,0.0,0.0,0.0,0.0,0.0,0.0,0.0,0.0,0.0,0.0,0.0,0.0,0.0,0.0,0.0,0.0,0.0,0.0,0.0,0.0,0.0,0.0,0.0,0.0,nan,nan,4.290333115610712,2.9526468469962843,nan,0.9263441164384068,0.022570261425616016,0.0,0.0,0.0,0.0,0.0,0.0,0.0,0.0,0.0,0.0,0.0,0.0,0.0,0.0,0.0,0.0,0.0,0.0,0.0,0.0,0.0,0.0,0.0,0.0,0.0,0.11170872983036825,3.326437732726521,15.328920148944976,10.041373603640878,1.1915597848572612,0.9261250044869426,0.023165543592004373,0.0,0.0,0.0,0.0,0.0,0.0,0.0,0.0,0.0,0.0,0.0,0.0,0.0,0.0,0.0,0.0,0.0,0.0,0.0,0.0,0.0,0.0,0.0,0.0,0.0,0.13009540329575023,3.694709453599307,14.830875975715529,10.19947961838682,1.1448395490026022,0.406,0.009995,0.0,0.0,0.0,0.0,0.0,0.0,0.0,0.0,0.0,0.0,0.012412081092263138,8.142325196524606,21.8204385601986,0.024824162184526277,0.0,0.0,0.0,0.0,0.0,0.0,0.0,0.0,0.0,0.0,0.0,0.0,0.0,0.0,0.0,0.0,0.406,0.01005,0.0,0.0,0.0,0.0,0.0,0.0,0.0,0.0,0.0,0.0,0.0,8.196010407632253,21.69991326973114,0.1040763226366002,0.0,0.0,0.0,0.0,0.0,0.0,0.0,0.0,0.0,0.0,0.0,0.0,0.0,0.0,0.0,0.0
21700,4811,2462,0.5117439201829141,1108,1032,0.4448139679900229,1366,0.5678653086676366,0.418,2.9616858237547894,3.063438228173778,6.484520123839009,2.170497796136076,9411.277018263865,1522.105206130658,7853.0,10923.341035425663,10898.03279239133,7.250727202019737,7853.0,0.0,27.57721887341509,20.70311597956849,32.43065512978986,19.006340746434304,0.13884847225109126,0.10372064019954272,0.09706921637913116,0.08646850966535023,0.08231136977759301,0.07337351901891499,0.06547495323217627,0.06672209519850343,0.06173352733319476,0.049677821658698815,0.040532113905632924,0.04115568488879651,0.03491997505716067,0.02494283932654334,0.018499272500519644,0.00914570775306589,0.0054042818540843895,0.925807854386383,0.023583477469407713,0.0,0.0,0.0,0.0,0.0,0.0,0.0,0.0,0.0,0.0,0.0,0.0,0.0,0.0,0.0,0.0,0.0,0.0,0.0,0.0,0.0,0.0,0.0,0.0,0.0,0.23695697360216175,3.940968613593848,14.666389524007485,9.883600083142799,1.2720848056537104,4.286505867014341,2.790790950144809,nan,nan,nan,4.3125406107862245,2.759432752188,4.258507853403142,2.8218121750940486,0.9874707829422081,0.4062,0.01016,0.0,0.0,0.0,0.0,0.0,0.0,0.0,0.0,0.0,0.0,0.0,8.27478694658074,21.631677405944718,0.09353564747453755,0.0,0.0,0.0,0.0,0.0,0.0,0.0,0.0,0.0,0.0,0.0,0.0,0.0,0.0,0.0,0.0,nan,nan,4.286505867014341,2.790790950144809,nan,0.4062,0.0479,0.0,0.0,0.0,0.0,0.0,0.0,0.0,0.0,0.0,0.0,0.0,0.0,0.0,0.0,0.0,0.0,0.0,0.0,0.0,0.0,0.0,0.0,0.0,0.0,0.0,0.00030139264186239867,0.00022864269382664727,0.0010704635210974848,0.00020785699438786114,0.00979006443566826,0.0043026397838287255,0.013448347536894617,0.03391186863437955,0.038630222406983994,0.04813967990022864,0.02542091041363542,0.026761588027437125,0.04360839742257327,0.07668883807940137,0.11389524007482851,0.05544585325296196,0.04754728746622324,0.08800665142382041,0.0588339222614841,0.07659530243192683,0.08529411764705883,0.06309499064643526,0.024423196840573685,0.030981085013510705,0.01485138224901268,0.005726460195385575,0.008636458116815631,7.27499480357514e-05,0.003762211598420287,0.0,0.0001454998960715028,0.0,0.00017667844522968197,0.0,0.0,0.0,0.0,0.0,0.0,0.0,0.0,0.0,0.0,0.0,0.0,0.0,0.0,0.0,0.0,0.0,0.0,0.0,0.0,0.0,0.0,0.0,0.0,0.0,0.0,0.0,0.0,0.0,0.0,0.0,0.0,0.0,0.0,0.0,0.0,0.0,0.0,0.0,0.0,0.0,0.0,0.0,nan,nan,4.286505867014341,2.790790950144809,nan,0.9261174445516399,0.023823432744737794,0.0,0.0,0.0,0.0,0.0,0.0,0.0,0.0,0.0,0.0,0.0,0.0,0.0,0.0,0.0,0.0,0.0,0.0,0.0,0.0,0.0,0.0,0.0,0.0,0.0,0.28025995125913894,3.655564581640943,14.829406986190092,9.845653939886272,1.3891145410235584,0.925483371207642,0.023324920115537575,0.0,0.0,0.0,0.0,0.0,0.0,0.0,0.0,0.0,0.0,0.0,0.0,0.0,0.0,0.0,0.0,0.0,0.0,0.0,0.0,0.0,0.0,0.0,0.0,0.0,0.1915708812260537,4.240102171136654,14.495530012771395,9.92337164750958,1.149425287356322,0.406,0.01021,0.0,0.0,0.0,0.0,0.0,0.0,0.0,0.0,0.0,0.0,0.0,8.3225020308692,21.592201462225837,0.08529650690495534,0.0,0.0,0.0,0.0,0.0,0.0,0.0,0.0,0.0,0.0,0.0,0.0,0.0,0.0,0.0,0.0,0.4062,0.01011,0.0,0.0,0.0,0.0,0.0,0.0,0.0,0.0,0.0,0.0,0.0,8.224776500638557,21.67305236270754,0.1021711366538953,0.0,0.0,0.0,0.0,0.0,0.0,0.0,0.0,0.0,0.0,0.0,0.0,0.0,0.0,0.0,0.0
21800,4988,2549,0.5110264635124299,1223,976,0.44085805934242184,1394,0.5589414595028067,0.39799999999999996,2.995489954899549,3.0948482096140033,6.482900136798905,2.1895586859002774,9408.991475053173,1522.0557008405385,7853.0,10922.608382582664,10897.83541685572,7.004895315417351,7853.0,0.0,28.474137931034484,20.970669476832555,33.26065340909091,19.213377825146843,0.13251804330392944,0.1020449077786688,0.08981555733761026,0.08380112269446673,0.07638331996792301,0.07497995188452286,0.07638331996792301,0.06375300721732158,0.05573376102646351,0.05292702485966319,0.05172413793103448,0.04109863672814756,0.033881315156375304,0.027465918203688853,0.019647153167602245,0.010625501202886928,0.007217321571772253,0.9251778800557304,0.023151509183575975,0.0,0.0,0.0,0.0,0.0,0.0,0.0,0.0,0.0,0.0,0.0,0.0,0.0,0.0,0.0,0.0,0.0,0.0,0.0,0.0,0.0,0.0,0.0,0.0,0.0,0.16238973536487575,4.192060946271051,14.879711307137132,9.63512429831596,1.1307137129109865,4.303516347933375,2.8897775494859683,nan,nan,nan,4.25,2.8844718984032642,4.3574969021065675,2.8941170392890414,1.025293388730957,0.4065,0.01028,0.0,0.0,0.0,0.0,0.0,0.0,0.0,0.0,0.0,0.0,0.0,7.878909382518032,22.006816359262235,0.11427425821972736,0.0,0.0,0.0,0.0,0.0,0.0,0.0,0.0,0.0,0.0,0.0,0.0,0.0,0.0,0.0,0.0,nan,nan,4.303516347933375,2.8897775494859683,nan,0.4065,0.04788,0.0,0.0,0.0,0.0,0.0,0.0,0.0,0.0,0.0,0.0,0.0,0.0,0.0,0.0,0.0,0.0,0.0,0.0,0.0,0.0,0.0,0.0,0.0,0.0,0.0,0.00022052927024859663,0.0002606255012028869,0.0017742582197273456,9.021651964715317e-05,0.00907177225340818,0.003929430633520449,0.01366279069767442,0.03634723336006415,0.034913793103448276,0.04744386527666399,0.023957497995188454,0.02687449879711307,0.04319366479550922,0.0758019246190858,0.11154771451483561,0.05854049719326383,0.04989975942261427,0.08833199679230153,0.057056936647955095,0.07803728949478748,0.08389133921411387,0.06477546110665597,0.024157979149959905,0.030543303929430634,0.017040898155573376,0.006405372894947875,0.008069366479550923,0.00010024057738572574,0.003879310344827586,0.0,0.00011026463512429831,0.0,6.0144346431435444e-05,0.0,1.0024057738572574e-05,0.0,0.0,0.0,0.0,0.0,0.0,0.0,0.0,0.0,0.0,0.0,0.0,0.0,0.0,0.0,0.0,0.0,0.0,0.0,0.0,0.0,0.0,0.0,0.0,0.0,0.0,0.0,0.0,0.0,0.0,0.0,0.0,0.0,0.0,0.0,0.0,0.0,0.0,0.0,0.0,0.0,nan,nan,4.303516347933375,2.8897775494859683,nan,0.9251320390385148,0.02297967974168723,0.0,0.0,0.0,0.0,0.0,0.0,0.0,0.0,0.0,0.0,0.0,0.0,0.0,0.0,0.0,0.0,0.0,0.0,0.0,0.0,0.0,0.0,0.0,0.0,0.0,0.1765398195370734,4.107493134562574,14.923499411533937,9.66261278932915,1.1298548450372696,0.9252257885234969,0.023329639519599037,0.0,0.0,0.0,0.0,0.0,0.0,0.0,0.0,0.0,0.0,0.0,0.0,0.0,0.0,0.0,0.0,0.0,0.0,0.0,0.0,0.0,0.0,0.0,0.0,0.0,0.14760147601476017,4.280442804428045,14.833948339483397,9.606396063960641,1.1316113161131613,0.4065,0.010315,0.0,0.0,0.0,0.0,0.0,0.0,0.0,0.0,0.0,0.0,0.0,8.073754413495477,21.832091016084746,0.09415457041977249,0.0,0.0,0.0,0.0,0.0,0.0,0.0,0.0,0.0,0.0,0.0,0.0,0.0,0.0,0.0,0.0,0.4067,0.01024,0.0,0.0,0.0,0.0,0.0,0.0,0.0,0.0,0.0,0.0,0.0,7.675276752767517,22.18942189421895,0.13530135301353016,0.0,0.0,0.0,0.0,0.0,0.0,0.0,0.0,0.0,0.0,0.0,0.0,0.0,0.0,0.0,0.0
21900,4884,2527,0.5174037674037674,1180,963,0.43877968877968876,1370,0.561015561015561,0.41,3.0742469240560033,3.1200017669872366,6.57325746799431,2.0595602426658197,9428.470644837515,1521.562861617522,7853.0,10922.25104612112,10897.953949104243,7.0522807812282275,7853.0,0.0,28.384725634725633,21.05170937853899,33.178277697145624,19.32255932385011,0.1334971334971335,0.10278460278460279,0.09766584766584767,0.07985257985257985,0.07882882882882883,0.07248157248157248,0.06981981981981981,0.06244881244881245,0.052006552006552006,0.05814905814905815,0.04873054873054873,0.04688779688779689,0.03235053235053235,0.02886977886977887,0.01760851760851761,0.01167076167076167,0.006347256347256347,0.9252721868412696,0.023335814764039203,0.0,0.0,0.0,0.0,0.0,0.0,0.0,0.0,0.0,0.0,0.0,0.0,0.0,0.0,0.0,0.0,0.0,0.0,0.0,0.0,0.0,0.0,0.0,0.0,0.0,0.18427518427518433,4.066339066339067,14.864864864864868,9.815724815724817,1.068796068796069,4.388291139240506,2.870549211561689,nan,nan,nan,4.4256670902160105,2.8276187162603654,4.351197982345523,2.912055076595533,0.9831733597777567,0.4067,0.01008,0.0,0.0,0.0,0.0,0.0,0.0,0.0,0.0,0.0,0.0,0.0,7.444717444717434,22.420147420147426,0.13513513513513517,0.0,0.0,0.0,0.0,0.0,0.0,0.0,0.0,0.0,0.0,0.0,0.0,0.0,0.0,0.0,0.0,nan,nan,4.388291139240506,2.870549211561689,nan,0.4067,0.0475,0.0,0.0,0.0,0.0,0.0,0.0,0.0,0.0,0.0,0.0,0.0,0.0,0.0,0.0,0.0,0.0,0.0,0.0,0.0,0.0,0.0,0.0,0.0,0.0,0.0,0.00022522522522522523,0.00011261261261261261,0.0019041769041769042,0.00012285012285012285,0.008292383292383292,0.003757166257166257,0.014035626535626535,0.03594389844389844,0.032514332514332514,0.04528050778050778,0.021355446355446357,0.02802006552006552,0.042741605241605245,0.08069205569205569,0.11355446355446355,0.060493447993447996,0.05025593775593776,0.08678337428337428,0.05626535626535627,0.08066134316134316,0.08267813267813268,0.06548935298935299,0.02295249795249795,0.031081081081081083,0.016134316134316134,0.005692055692055692,0.008097870597870599,0.00010237510237510238,0.004576167076167076,6.142506142506142e-05,0.00010237510237510238,0.0,2.0475020475020476e-05,0.0,0.0,0.0,0.0,0.0,0.0,0.0,0.0,0.0,0.0,0.0,0.0,0.0,0.0,0.0,0.0,0.0,0.0,0.0,0.0,0.0,0.0,0.0,0.0,0.0,0.0,0.0,0.0,0.0,0.0,0.0,0.0,0.0,0.0,0.0,0.0,0.0,0.0,0.0,0.0,0.0,0.0,0.0,nan,nan,4.388291139240506,2.870549211561689,nan,0.9251690035900392,0.023141348647697325,0.0,0.0,0.0,0.0,0.0,0.0,0.0,0.0,0.0,0.0,0.0,0.0,0.0,0.0,0.0,0.0,0.0,0.0,0.0,0.0,0.0,0.0,0.0,0.0,0.0,0.14246141669964388,4.107637514839731,15.005935892362489,9.687376335575783,1.0565888405223587,0.9253828122446888,0.023542020290569614,0.0,0.0,0.0,0.0,0.0,0.0,0.0,0.0,0.0,0.0,0.0,0.0,0.0,0.0,0.0,0.0,0.0,0.0,0.0,0.0,0.0,0.0,0.0,0.0,0.0,0.2291047942299534,4.022061943148071,14.71361900721256,9.953330504879085,1.0818837505303354,0.4067,0.01018,0.0,0.0,0.0,0.0,0.0,0.0,0.0,0.0,0.0,0.0,0.0,7.3961218836565,22.44954491491888,0.1543332014246142,0.0,0.0,0.0,0.0,0.0,0.0,0.0,0.0,0.0,0.0,0.0,0.0,0.0,0.0,0.0,0.0,0.407,0.00998,0.0,0.0,0.0,0.0,0.0,0.0,0.0,0.0,0.0,0.0,0.0,7.496817988969018,22.388629613916002,0.1145523971149767,0.0,0.0,0.0,0.0,0.0,0.0,0.0,0.0,0.0,0.0,0.0,0.0,0.0,0.0,0.0,0.0
22000,4868,2550,0.5238290879211175,1246,992,0.45973705834018075,1359,0.5583401807723911,0.414,2.995685936151855,3.1047263407824204,6.612462006079028,2.1088097925032687,9447.98324157845,1520.7059584161657,7853.0,10921.639844417572,10897.854282354467,7.125932844583663,7853.0,0.0,27.82087099424815,20.63468989781335,32.616077953714985,18.911570219043966,0.13763352506162696,0.09428923582580115,0.09285127362366474,0.09161873459326211,0.08792111750205424,0.07641741988496302,0.06820049301561217,0.06614626129827444,0.0599835661462613,0.050328677074774036,0.04580936729663106,0.03944124897288414,0.030608052588331963,0.02485620377978636,0.015406737880032868,0.010887428101889893,0.0076006573541495485,0.9251351354424838,0.023436931178403227,0.0,0.0,0.0,0.0,0.0,0.0,0.0,0.0,0.0,0.0,0.0,0.0,0.0,0.0,0.0,0.0,0.0,0.0,0.0,0.0,0.0,0.0,0.0,0.0,0.006162695152013149,0.16023007395234187,4.1536565324568615,14.870583401807727,9.619967132292524,1.1894001643385377,4.195843828715366,2.9337878569719935,nan,nan,nan,4.14711477488903,2.996073246231196,4.2439024390243905,2.8702260632259557,1.0233385544864624,0.407,0.00997,0.0,0.0,0.0,0.0,0.0,0.0,0.0,0.0,0.0,0.0,0.0,7.419884963023819,22.46918652423994,0.11092851273623668,0.0,0.0,0.0,0.0,0.0,0.0,0.0,0.0,0.0,0.0,0.0,0.0,0.0,0.0,0.0,0.0,nan,nan,4.195843828715366,2.9337878569719935,nan,0.407,0.0475,0.0,0.0,0.0,0.0,0.0,0.0,0.0,0.0,0.0,0.0,0.0,0.0,0.0,0.0,0.0,0.0,0.0,0.0,0.0,0.0,0.0,0.0,0.0,0.0,0.0,0.00017460969597370583,6.162695152013147e-05,0.0016433853738701725,0.0002875924404272802,0.008617502054231717,0.0035743631881676253,0.015242399342645851,0.03623664749383731,0.031244864420706654,0.04421733771569433,0.0217645850451931,0.02855382087099425,0.0414543960558751,0.07917009038619556,0.11360928512736236,0.06129827444535744,0.05164338537387017,0.08813681183237469,0.05556696795398521,0.08008422350041085,0.08385373870172555,0.06333196384552177,0.024845932621199673,0.02998151191454396,0.01605382087099425,0.006152423993426459,0.008391536565324568,0.00030813475760065734,0.004385784716516023,5.135579293344289e-05,6.162695152013147e-05,0.0,0.0,0.0,0.0,0.0,0.0,0.0,0.0,0.0,0.0,0.0,0.0,0.0,0.0,0.0,0.0,0.0,0.0,0.0,0.0,0.0,0.0,0.0,0.0,0.0,0.0,0.0,0.0,0.0,0.0,0.0,0.0,0.0,0.0,0.0,0.0,0.0,0.0,0.0,0.0,0.0,0.0,0.0,0.0,0.0,nan,nan,4.195843828715366,2.9337878569719935,nan,0.9248553252220154,0.02366829187434144,0.0,0.0,0.0,0.0,0.0,0.0,0.0,0.0,0.0,0.0,0.0,0.0,0.0,0.0,0.0,0.0,0.0,0.0,0.0,0.0,0.0,0.0,0.0,0.0,0.0,0.1882352941176471,4.11764705882353,14.98823529411765,9.458823529411767,1.2470588235294122,0.9254429508273821,0.023175845089957993,0.0,0.0,0.0,0.0,0.0,0.0,0.0,0.0,0.0,0.0,0.0,0.0,0.0,0.0,0.0,0.0,0.0,0.0,0.0,0.0,0.0,0.0,0.0,0.0,0.01294219154443486,0.1294219154443486,4.193270060396895,14.741156169111306,9.797238999137189,1.1259706643658327,0.4067,0.01008,0.0,0.0,0.0,0.0,0.0,0.0,0.0,0.0,0.0,0.0,0.0,7.705882352941165,22.1764705882353,0.11764705882352944,0.0,0.0,0.0,0.0,0.0,0.0,0.0,0.0,0.0,0.0,0.0,0.0,0.0,0.0,0.0,0.0,0.407,0.00985,0.0,0.0,0.0,0.0,0.0,0.0,0.0,0.0,0.0,0.0,0.0,7.105263157894726,22.79119930974979,0.10353753235547888,0.0,0.0,0.0,0.0,0.0,0.0,0.0,0.0,0.0,0.0,0.0,0.0,0.0,0.0,0.0,0.0
22100,4910,2540,0.5173116089613035,1206,1029,0.45519348268839105,1399,0.569857433808554,0.40599999999999997,2.989029535864979,3.078694635973969,6.519536903039074,2.165539291331267,9428.495740099012,1521.8677942876152,7853.0,10921.172729730606,10898.544914915805,7.003086859615565,7853.0,0.0,28.377800407331975,20.97711962856872,33.250723938223935,19.198393304140566,0.13584521384928716,0.0979633401221996,0.08716904276985743,0.08879837067209775,0.08228105906313646,0.07617107942973524,0.0659877800407332,0.064969450101833,0.06313645621181263,0.05580448065173116,0.042566191446028516,0.03808553971486762,0.03747454175152749,0.026069246435845215,0.018940936863543787,0.012016293279022403,0.006720977596741344,0.9268512323893258,0.023534599715432664,0.0,0.0,0.0,0.0,0.0,0.0,0.0,0.0,0.0,0.0,0.0,0.0,0.0,0.0,0.0,0.0,0.0,0.0,0.0,0.0,0.0,0.0,0.0,0.0,0.0,0.1344195519348269,3.635437881873728,14.517311608961306,10.374745417515278,1.3380855397148679,4.291886851103513,2.9307051567543407,nan,nan,nan,4.300681959082455,2.9533644531632586,4.283042394014963,2.9077138307259136,0.9958984260553748,0.4067,0.01013,0.0,0.0,0.0,0.0,0.0,0.0,0.0,0.0,0.0,0.0,0.0,7.613034623217912,22.264765784114058,0.12219959266802446,0.0,0.0,0.0,0.0,0.0,0.0,0.0,0.0,0.0,0.0,0.0,0.0,0.0,0.0,0.0,0.0,nan,nan,4.291886851103513,2.9307051567543407,nan,0.4067,0.04785,0.0,0.0,0.0,0.0,0.0,0.0,0.0,0.0,0.0,0.0,0.0,0.0,0.0,0.0,0.0,0.0,0.0,0.0,0.0,0.0,0.0,0.0,0.0,0.0,0.0,7.128309572301426e-05,0.0002240325865580448,0.001680244399185336,0.00021384928716904278,0.007983706720977597,0.0035030549898167006,0.015875763747454176,0.03842158859470468,0.0314867617107943,0.04385947046843177,0.021985743380855398,0.03129327902240326,0.04090631364562118,0.08044806517311609,0.10880855397148677,0.060376782077393075,0.054124236252545824,0.09006109979633402,0.05457230142566191,0.0775050916496945,0.08093686354378819,0.06259674134419552,0.024938900203665987,0.0314765784114053,0.015020366598778005,0.006955193482688391,0.008991853360488798,0.0004989816700610998,0.005,1.0183299389002036e-05,0.00017311608961303462,0.0,0.0,0.0,0.0,0.0,0.0,0.0,0.0,0.0,0.0,0.0,0.0,0.0,0.0,0.0,0.0,0.0,0.0,0.0,0.0,0.0,0.0,0.0,0.0,0.0,0.0,0.0,0.0,0.0,0.0,0.0,0.0,0.0,0.0,0.0,0.0,0.0,0.0,0.0,0.0,0.0,0.0,0.0,0.0,0.0,nan,nan,4.291886851103513,2.9307051567543407,nan,0.9272143751617492,0.02311098786708539,0.0,0.0,0.0,0.0,0.0,0.0,0.0,0.0,0.0,0.0,0.0,0.0,0.0,0.0,0.0,0.0,0.0,0.0,0.0,0.0,0.0,0.0,0.0,0.0,0.0,0.09448818897637798,3.5551181102362213,14.444881889763783,10.653543307086617,1.2519685039370083,0.926462041401159,0.023974185341407547,0.0,0.0,0.0,0.0,0.0,0.0,0.0,0.0,0.0,0.0,0.0,0.0,0.0,0.0,0.0,0.0,0.0,0.0,0.0,0.0,0.0,0.0,0.0,0.0,0.0,0.17721518987341778,3.721518987341773,14.594936708860763,10.07594936708861,1.4303797468354433,0.407,0.010185,0.0,0.0,0.0,0.0,0.0,0.0,0.0,0.0,0.0,0.0,0.0,7.2992125984251865,22.57086614173229,0.1299212598425197,0.0,0.0,0.0,0.0,0.0,0.0,0.0,0.0,0.0,0.0,0.0,0.0,0.0,0.0,0.0,0.0,0.4065,0.01008,0.0,0.0,0.0,0.0,0.0,0.0,0.0,0.0,0.0,0.0,0.0,7.949367088607584,21.9367088607595,0.11392405063291142,0.0,0.0,0.0,0.0,0.0,0.0,0.0,0.0,0.0,0.0,0.0,0.0,0.0,0.0,0.0,0.0
22200,4674,2515,0.5380830124090714,1238,868,0.45057766367137353,1231,0.5267436884895165,0.43,3.0583603520148217,3.141162905385306,6.636932707355243,2.094694239345702,9491.614538845148,1518.2268526655205,7853.0,10921.59382969141,10898.282049527723,7.076017488237836,7853.0,0.0,28.594779632006848,21.007835776648154,33.38125315816069,19.261974737533333,0.13115104835258878,0.09970047068891741,0.094137783483098,0.08664955070603338,0.07894736842105263,0.07188703465982028,0.06482670089858793,0.06439880188275567,0.05926401369276851,0.058194266153187846,0.04813863928112965,0.04022250748823278,0.03808301240907146,0.02738553701326487,0.02053915275994865,0.01069747539580659,0.005776636713735558,0.9264555549999053,0.02354664873948226,0.0,0.0,0.0,0.0,0.0,0.0,0.0,0.0,0.0,0.0,0.0,0.0,0.0,0.0,0.0,0.0,0.0,0.0,0.0,0.0,0.0,0.0,0.0,0.0,0.0,0.14762516046213095,3.74839537869063,14.569961489088579,10.211810012836972,1.3222079589216948,4.200917731891183,2.949583876475245,nan,nan,nan,4.238406270411495,2.980009787781063,4.163157894736842,2.9181303542753083,0.9822460682450463,0.4065,0.01016,0.0,0.0,0.0,0.0,0.0,0.0,0.0,0.0,0.0,0.0,0.0,7.881899871630284,22.008985879332485,0.10911424903722725,0.0,0.0,0.0,0.0,0.0,0.0,0.0,0.0,0.0,0.0,0.0,0.0,0.0,0.0,0.0,0.0,nan,nan,4.200917731891183,2.949583876475245,nan,0.4065,0.04797,0.0,0.0,0.0,0.0,0.0,0.0,0.0,0.0,0.0,0.0,0.0,0.0,0.0,0.0,0.0,0.0,0.0,0.0,0.0,0.0,0.0,0.0,0.0,0.0,0.0,0.00011767222935387249,0.00026743688489516476,0.0021715875053487377,0.0003102267864783911,0.008953786906290116,0.003679931536157467,0.01537227214377407,0.03557980316645272,0.032466837826273,0.045464270432178,0.02198331193838254,0.028754813863928114,0.04157038938810441,0.0813436029097133,0.10802310654685494,0.06161745827984596,0.054385964912280704,0.09346384253316217,0.05310226786478391,0.07671159606332906,0.08279845956354301,0.0600556268720582,0.024229781771501927,0.02813436029097133,0.0147732135216089,0.009103551561831407,0.00956354300385109,0.0006739409499358152,0.005231065468549422,0.0,7.488232777064613e-05,0.0,2.1394950791613178e-05,0.0,0.0,0.0,0.0,0.0,0.0,0.0,0.0,0.0,0.0,0.0,0.0,0.0,0.0,0.0,0.0,0.0,0.0,0.0,0.0,0.0,0.0,0.0,0.0,0.0,0.0,0.0,0.0,0.0,0.0,0.0,0.0,0.0,0.0,0.0,0.0,0.0,0.0,0.0,0.0,0.0,0.0,0.0,nan,nan,4.200917731891183,2.949583876475245,nan,0.9267927899986328,0.023707048024252064,0.0,0.0,0.0,0.0,0.0,0.0,0.0,0.0,0.0,0.0,0.0,0.0,0.0,0.0,0.0,0.0,0.0,0.0,0.0,0.0,0.0,0.0,0.0,0.0,0.0,0.16699801192842947,3.685884691848907,14.504970178926444,10.222664015904575,1.4194831013916505,0.9260627129333004,0.023352272201026463,0.0,0.0,0.0,0.0,0.0,0.0,0.0,0.0,0.0,0.0,0.0,0.0,0.0,0.0,0.0,0.0,0.0,0.0,0.0,0.0,0.0,0.0,0.0,0.0,0.0,0.1250578971746179,3.8212135247799917,14.645669291338587,10.199166280685505,1.2088930060213063,0.4062,0.010086,0.0,0.0,0.0,0.0,0.0,0.0,0.0,0.0,0.0,0.0,0.0,8.123260437375734,21.74552683896621,0.1312127236580517,0.0,0.0,0.0,0.0,0.0,0.0,0.0,0.0,0.0,0.0,0.0,0.0,0.0,0.0,0.0,0.0,0.4067,0.01024,0.0,0.0,0.0,0.0,0.0,0.0,0.0,0.0,0.0,0.0,0.0,7.600741083835097,22.31588698471515,0.08337193144974527,0.0,0.0,0.0,0.0,0.0,0.0,0.0,0.0,0.0,0.0,0.0,0.0,0.0,0.0,0.0,0.0
22300,4740,2420,0.510548523206751,1155,940,0.4419831223628692,1334,0.5628691983122363,0.426,3.0219827586206898,3.1988601741082463,6.768421052631579,2.1848200979276684,9407.73304638088,1522.2793103360486,7853.0,10920.500851988792,10898.22092555594,6.7899009708980325,7853.0,0.0,27.914135021097046,20.832393495865507,32.844009042954035,19.08751200913146,0.13966244725738397,0.09578059071729958,0.0970464135021097,0.09029535864978903,0.08354430379746836,0.07215189873417721,0.06455696202531645,0.06265822784810127,0.060759493670886074,0.05189873417721519,0.04767932489451477,0.04177215189873418,0.031223628691983123,0.026371308016877638,0.018143459915611813,0.00949367088607595,0.006962025316455696,0.9266763705996018,0.02282789847863087,0.0,0.0,0.0,0.0,0.0,0.0,0.0,0.0,0.0,0.0,0.0,0.0,0.0,0.0,0.0,0.0,0.0,0.0,0.0,0.0,0.0,0.0,0.0,0.0,0.0,0.08860759493670889,3.500000000000001,14.860759493670889,10.348101265822786,1.2025316455696204,4.34375,2.957249191327181,nan,nan,nan,4.360887096774194,3.03421391002167,4.327319587628866,2.881432925123793,0.9923025961460551,0.4062,0.010315,0.0,0.0,0.0,0.0,0.0,0.0,0.0,0.0,0.0,0.0,0.0,8.354430379746823,21.512658227848107,0.1329113924050633,0.0,0.0,0.0,0.0,0.0,0.0,0.0,0.0,0.0,0.0,0.0,0.0,0.0,0.0,0.0,0.0,nan,nan,4.34375,2.957249191327181,nan,0.4062,0.04764,0.0,0.0,0.0,0.0,0.0,0.0,0.0,0.0,0.0,0.0,0.0,0.0,0.0,0.0,0.0,0.0,0.0,0.0,0.0,0.0,0.0,0.0,0.0,0.0,0.0,0.00011603375527426161,0.0003691983122362869,0.0023734177215189874,0.0003270042194092827,0.009462025316455696,0.003924050632911393,0.014113924050632911,0.03319620253164557,0.03306962025316456,0.04385021097046413,0.02431434599156118,0.028090717299578058,0.04162447257383966,0.08591772151898734,0.10738396624472574,0.06337552742616034,0.05589662447257384,0.09690928270042194,0.051191983122362866,0.07589662447257384,0.08193037974683544,0.057584388185654006,0.0229957805907173,0.027130801687763714,0.01478902953586498,0.008544303797468355,0.009356540084388186,0.0007278481012658228,0.005506329113924051,0.0,3.1645569620253167e-05,0.0,0.0,0.0,0.0,0.0,0.0,0.0,0.0,0.0,0.0,0.0,0.0,0.0,0.0,0.0,0.0,0.0,0.0,0.0,0.0,0.0,0.0,0.0,0.0,0.0,0.0,0.0,0.0,0.0,0.0,0.0,0.0,0.0,0.0,0.0,0.0,0.0,0.0,0.0,0.0,0.0,0.0,0.0,0.0,0.0,nan,nan,4.34375,2.957249191327181,nan,0.926689491735017,0.022678333687829615,0.0,0.0,0.0,0.0,0.0,0.0,0.0,0.0,0.0,0.0,0.0,0.0,0.0,0.0,0.0,0.0,0.0,0.0,0.0,0.0,0.0,0.0,0.0,0.0,0.0,0.09917355371900828,3.40909090909091,14.789256198347111,10.59917355371901,1.1033057851239672,0.926662683898005,0.02298286491737732,0.0,0.0,0.0,0.0,0.0,0.0,0.0,0.0,0.0,0.0,0.0,0.0,0.0,0.0,0.0,0.0,0.0,0.0,0.0,0.0,0.0,0.0,0.0,0.0,0.0,0.07758620689655174,3.5948275862068972,14.93534482758621,10.086206896551726,1.306034482758621,0.4062,0.01036,0.0,0.0,0.0,0.0,0.0,0.0,0.0,0.0,0.0,0.0,0.0,8.30578512396693,21.54545454545455,0.14876033057851243,0.0,0.0,0.0,0.0,0.0,0.0,0.0,0.0,0.0,0.0,0.0,0.0,0.0,0.0,0.0,0.0,0.406,0.01027,0.0,0.0,0.0,0.0,0.0,0.0,0.0,0.0,0.0,0.0,0.0,8.40517241379309,21.478448275862075,0.11637931034482761,0.0,0.0,0.0,0.0,0.0,0.0,0.0,0.0,0.0,0.0,0.0,0.0,0.0,0.0,0.0,0.0
22400,5036,2601,0.5164813343923749,1199,1051,0.44678316123907863,1419,0.5635424940428911,0.414,2.9605749486652977,3.107400928727581,6.657450076804915,2.1647260719087957,9425.787396798894,1521.7792387530865,7853.0,10919.991998791695,10898.196974348031,6.932938599120328,7853.0,0.0,27.611795075456712,20.82280885043769,32.71095238095238,19.043478424950155,0.1465448768864178,0.0982922954725973,0.09531374106433678,0.09193804606830819,0.07684670373312152,0.06850675138999206,0.07148530579825259,0.06374106433677522,0.0534154090548054,0.05142970611596505,0.050833995234312944,0.03991262907069103,0.033558379666401905,0.02680698967434472,0.01608419380460683,0.009928514694201748,0.005361397934868944,0.92681725718513,0.023082780082211447,0.0,0.0,0.0,0.0,0.0,0.0,0.0,0.0,0.0,0.0,0.0,0.0,0.0,0.0,0.0,0.0,0.0,0.0,0.0,0.0,0.0,0.0,0.0,0.0,0.0,0.11318506751389994,3.6159650516282773,14.70214455917395,10.121127879269265,1.447577442414615,4.248290863890615,2.8701229663658525,nan,nan,nan,4.26372239747634,2.9019480064406915,4.233312921004287,2.838811988685034,0.9928678573234382,0.406,0.010216,0.0,0.0,0.0,0.0,0.0,0.0,0.0,0.0,0.0,0.0,0.0,8.375694996028583,21.57069102462272,0.053613979348689444,0.0,0.0,0.0,0.0,0.0,0.0,0.0,0.0,0.0,0.0,0.0,0.0,0.0,0.0,0.0,0.0,nan,nan,4.248290863890615,2.8701229663658525,nan,0.406,0.04813,0.0,0.0,0.0,0.0,0.0,0.0,0.0,0.0,0.0,0.0,0.0,0.0,0.0,0.0,0.0,0.0,0.0,0.0,0.0,0.0,0.0,0.0,0.0,0.0,0.0,0.0003177124702144559,0.0004169976171564734,0.0025615567911040507,0.0003574265289912629,0.009372517871326449,0.004229547259729944,0.014475774424146147,0.033657664813343924,0.03220810166799047,0.04323868149324861,0.025585782366957903,0.02743248610007943,0.04709094519459889,0.08543486894360604,0.10828038125496425,0.060762509928514695,0.05516282764098491,0.09040905480540111,0.05031771247021446,0.07605242255758539,0.0824563145353455,0.057436457505957106,0.02237887212073074,0.02982525814138205,0.01567712470214456,0.009303018268467037,0.009223590150913423,0.0006652104845115171,0.0055798252581413825,9.928514694201747e-06,2.9785544082605243e-05,0.0,0.0,0.0,0.0,4.9642573471008734e-05,0.0,0.0,0.0,0.0,0.0,0.0,0.0,0.0,0.0,0.0,0.0,0.0,0.0,0.0,0.0,0.0,0.0,0.0,0.0,0.0,0.0,0.0,0.0,0.0,0.0,0.0,0.0,0.0,0.0,0.0,0.0,0.0,0.0,0.0,0.0,0.0,0.0,0.0,0.0,0.0,nan,nan,4.248290863890615,2.8701229663658525,nan,0.9267019161761884,0.022924987032776012,0.0,0.0,0.0,0.0,0.0,0.0,0.0,0.0,0.0,0.0,0.0,0.0,0.0,0.0,0.0,0.0,0.0,0.0,0.0,0.0,0.0,0.0,0.0,0.0,0.0,0.1384083044982699,3.6562860438292972,14.567474048442909,10.23068050749712,1.407151095732411,0.9269404612772274,0.02324951536373614,0.0,0.0,0.0,0.0,0.0,0.0,0.0,0.0,0.0,0.0,0.0,0.0,0.0,0.0,0.0,0.0,0.0,0.0,0.0,0.0,0.0,0.0,0.0,0.0,0.0,0.08624229979466122,3.572895277207393,14.845995893223822,10.0041067761807,1.4907597535934296,0.4062,0.01018,0.0,0.0,0.0,0.0,0.0,0.0,0.0,0.0,0.0,0.0,0.0,8.28143021914647,21.707035755478667,0.011534025374855827,0.0,0.0,0.0,0.0,0.0,0.0,0.0,0.0,0.0,0.0,0.0,0.0,0.0,0.0,0.0,0.0,0.406,0.01027,0.0,0.0,0.0,0.0,0.0,0.0,0.0,0.0,0.0,0.0,0.0,8.476386036960974,21.425051334702264,0.09856262833675566,0.0,0.0,0.0,0.0,0.0,0.0,0.0,0.0,0.0,0.0,0.0,0.0,0.0,0.0,0.0,0.0
22500,4900,2564,0.5232653061224489,1176,998,0.4436734693877551,1377,0.5620408163265306,0.40599999999999997,2.9375,3.0517002755706217,6.635499207606973,2.087683608463816,9446.208154834265,1520.7306093998884,7853.0,10921.78181809187,10897.742573591226,6.927740473391972,7853.0,0.0,28.042653061224488,20.79413224490046,32.826528146895384,19.07762811435297,0.13551020408163264,0.10040816326530612,0.09224489795918367,0.09244897959183673,0.07653061224489796,0.07428571428571429,0.07285714285714286,0.0636734693877551,0.05714285714285714,0.04816326530612245,0.04979591836734694,0.041428571428571426,0.035918367346938776,0.024489795918367346,0.02,0.009795918367346938,0.005306122448979592,0.9257455856581124,0.02285439713629787,0.0,0.0,0.0,0.0,0.0,0.0,0.0,0.0,0.0,0.0,0.0,0.0,0.0,0.0,0.0,0.0,0.0,0.0,0.0,0.0,0.0,0.0,0.0,0.0,0.0,0.1285714285714286,3.857142857142858,14.981632653061228,9.942857142857145,1.0897959183673471,4.253872905469491,2.8708715182665228,nan,nan,nan,4.240625,2.845210819847099,4.267434420985285,2.896841487328078,1.0063220447422927,0.4058,0.01011,0.0,0.0,0.0,0.0,0.0,0.0,0.0,0.0,0.0,0.0,0.0,8.497959183673457,21.459183673469393,0.04285714285714287,0.0,0.0,0.0,0.0,0.0,0.0,0.0,0.0,0.0,0.0,0.0,0.0,0.0,0.0,0.0,0.0,nan,nan,4.253872905469491,2.8708715182665228,nan,0.4058,0.0484,0.0,0.0,0.0,0.0,0.0,0.0,0.0,0.0,0.0,0.0,0.0,0.0,0.0,0.0,0.0,0.0,0.0,0.0,0.0,0.0,0.0,0.0,0.0,0.0,0.0,7.142857142857143e-05,0.00039795918367346937,0.0025408163265306124,0.0005918367346938776,0.009265306122448979,0.004551020408163266,0.016346938775510203,0.034,0.03340816326530612,0.04174489795918367,0.02609183673469388,0.028346938775510203,0.04698979591836735,0.08488775510204082,0.1093469387755102,0.059479591836734694,0.05542857142857143,0.08627551020408163,0.05031632653061224,0.07442857142857143,0.08560204081632652,0.0551734693877551,0.02373469387755102,0.03096938775510204,0.015275510204081633,0.008397959183673469,0.009846938775510204,0.0006530612244897959,0.005755102040816327,0.0,4.0816326530612245e-05,0.0,0.0,0.0,0.0,4.0816326530612245e-05,0.0,0.0,0.0,0.0,0.0,0.0,0.0,0.0,0.0,0.0,0.0,0.0,0.0,0.0,0.0,0.0,0.0,0.0,0.0,0.0,0.0,0.0,0.0,0.0,0.0,0.0,0.0,0.0,0.0,0.0,0.0,0.0,0.0,0.0,0.0,0.0,0.0,0.0,0.0,0.0,nan,nan,4.253872905469491,2.8708715182665228,nan,0.9253937289606948,0.022909043325576504,0.0,0.0,0.0,0.0,0.0,0.0,0.0,0.0,0.0,0.0,0.0,0.0,0.0,0.0,0.0,0.0,0.0,0.0,0.0,0.0,0.0,0.0,0.0,0.0,0.0,0.12870514820592827,4.001560062402497,14.96489859594384,9.781591263650549,1.123244929797192,0.9261317845331888,0.022788013294320255,0.0,0.0,0.0,0.0,0.0,0.0,0.0,0.0,0.0,0.0,0.0,0.0,0.0,0.0,0.0,0.0,0.0,0.0,0.0,0.0,0.0,0.0,0.0,0.0,0.0,0.1284246575342466,3.698630136986302,15.000000000000004,10.119863013698632,1.0530821917808222,0.4058,0.01013,0.0,0.0,0.0,0.0,0.0,0.0,0.0,0.0,0.0,0.0,0.0,8.658346333853341,21.294851794071768,0.046801872074883004,0.0,0.0,0.0,0.0,0.0,0.0,0.0,0.0,0.0,0.0,0.0,0.0,0.0,0.0,0.0,0.0,0.406,0.0101,0.0,0.0,0.0,0.0,0.0,0.0,0.0,0.0,0.0,0.0,0.0,8.321917808219165,21.639554794520553,0.03852739726027398,0.0,0.0,0.0,0.0,0.0,0.0,0.0,0.0,0.0,0.0,0.0,0.0,0.0,0.0,0.0,0.0
22600,4722,2330,0.493434985175773,1110,998,0.4464210080474375,1356,0.5743329097839899,0.38999999999999996,2.830267558528428,2.92957247933722,6.113924050632911,2.0403014558637915,9355.44664696759,1522.312925167382,7853.0,10922.239307165146,10897.872560936034,6.974066307887595,7853.0,0.0,28.358746293943245,20.86556820267776,33.10497375656086,19.123547009982232,0.1315120711562897,0.10144006776789496,0.09106310885218127,0.08534519271495129,0.08005082592121983,0.07793307920372723,0.06416772554002541,0.06797966963151207,0.05844980940279543,0.05802626005929691,0.04807285048708174,0.043202033036848796,0.033672172808132145,0.022236340533672173,0.018424396442185513,0.01207115628970775,0.0063532401524777635,0.9258744621847403,0.02318653841668191,0.0,0.0,0.0,0.0,0.0,0.0,0.0,0.0,0.0,0.0,0.0,0.0,0.0,0.0,0.0,0.0,0.0,0.0,0.0,0.0,0.0,0.0,0.0,0.0,0.0,0.15247776365946636,3.8564167725540033,14.739517153748414,10.076238881829735,1.1753494282083865,4.150796230094247,2.727824023448766,nan,nan,nan,4.1216999356085,2.749231434153609,4.180446194225722,2.7055131446204177,1.0142529197988668,0.406,0.010155,0.0,0.0,0.0,0.0,0.0,0.0,0.0,0.0,0.0,0.0,0.006353240152477765,8.310038119440902,21.632782719186793,0.05082592121982212,0.0,0.0,0.0,0.0,0.0,0.0,0.0,0.0,0.0,0.0,0.0,0.0,0.0,0.0,0.0,0.0,nan,nan,4.150796230094247,2.727824023448766,nan,0.406,0.0487,0.0,0.0,0.0,0.0,0.0,0.0,0.0,0.0,0.0,0.0,0.0,0.0,0.0,0.0,0.0,0.0,0.0,0.0,0.0,0.0,0.0,0.0,0.0,0.0,0.0,4.2354934349851756e-05,0.0005506141465480729,0.0019059720457433292,0.0005823803473104617,0.009847522236340533,0.004733163913595934,0.015999576450656503,0.033799237611181705,0.03406395595086827,0.042121982210927576,0.0268000847098687,0.029044896230410844,0.04716221939855993,0.08275095298602288,0.10916984328674291,0.05843922066920796,0.05889453621346887,0.08916772554002542,0.047130453197797545,0.06928208386277002,0.08550402371876324,0.05465904277848369,0.02522236340533672,0.0295425667090216,0.015004235493434985,0.011287590004235494,0.010599322321050403,0.0006035578144853876,0.00601440067767895,0.0,7.412113511224057e-05,0.0,0.0,0.0,0.0,0.0,0.0,0.0,0.0,0.0,0.0,0.0,0.0,0.0,0.0,0.0,0.0,0.0,0.0,0.0,0.0,0.0,0.0,0.0,0.0,0.0,0.0,0.0,0.0,0.0,0.0,0.0,0.0,0.0,0.0,0.0,0.0,0.0,0.0,0.0,0.0,0.0,0.0,0.0,0.0,0.0,nan,nan,4.150796230094247,2.727824023448766,nan,0.9258576894011109,0.023040632593524294,0.0,0.0,0.0,0.0,0.0,0.0,0.0,0.0,0.0,0.0,0.0,0.0,0.0,0.0,0.0,0.0,0.0,0.0,0.0,0.0,0.0,0.0,0.0,0.0,0.0,0.10300429184549359,3.824034334763949,15.16738197424893,9.74678111587983,1.1587982832618027,0.925890800222306,0.023327773414135018,0.0,0.0,0.0,0.0,0.0,0.0,0.0,0.0,0.0,0.0,0.0,0.0,0.0,0.0,0.0,0.0,0.0,0.0,0.0,0.0,0.0,0.0,0.0,0.0,0.0,0.2006688963210703,3.8879598662207364,14.32274247491639,10.397157190635454,1.1914715719063547,0.4058,0.01021,0.0,0.0,0.0,0.0,0.0,0.0,0.0,0.0,0.0,0.0,0.012875536480686699,8.356223175965653,21.57939914163091,0.051502145922746795,0.0,0.0,0.0,0.0,0.0,0.0,0.0,0.0,0.0,0.0,0.0,0.0,0.0,0.0,0.0,0.0,0.406,0.0101,0.0,0.0,0.0,0.0,0.0,0.0,0.0,0.0,0.0,0.0,0.0,8.265050167224068,21.68478260869566,0.050167224080267574,0.0,0.0,0.0,0.0,0.0,0.0,0.0,0.0,0.0,0.0,0.0,0.0,0.0,0.0,0.0,0.0
22700,4592,2409,0.5246080139372822,1145,903,0.445993031358885,1274,0.5548780487804879,0.41,3.0206138341731563,3.1393117447345986,6.630331753554502,2.1970458516967155,9450.413984620393,1520.6466917459502,7853.0,10921.371350884438,10897.966798412968,6.938060378302782,7853.0,0.0,28.22147212543554,20.866694465164652,33.039453326456936,19.12335411006772,0.13501742160278746,0.10583623693379791,0.08950348432055749,0.08427700348432056,0.07621951219512195,0.07273519163763066,0.07556620209059234,0.05814459930313589,0.06162891986062718,0.05749128919860627,0.04507839721254355,0.040940766550522645,0.03614982578397213,0.028310104529616725,0.016550522648083623,0.010670731707317074,0.005879790940766551,0.9261923955967617,0.022995219553963848,0.0,0.0,0.0,0.0,0.0,0.0,0.0,0.0,0.0,0.0,0.0,0.0,0.0,0.0,0.0,0.0,0.0,0.0,0.0,0.0,0.0,0.0,0.0,0.0,0.006533101045296169,0.18292682926829273,3.5213414634146347,14.862804878048784,10.237369337979096,1.1890243902439026,4.19050824638169,2.909042549282062,nan,nan,nan,4.188267394270123,2.9370426931116618,4.192691029900332,2.8815047288776263,1.0010561970413496,0.4055,0.010735,0.0,0.0,0.0,0.0,0.0,0.0,0.0,0.0,0.0,0.0,0.013066202090592338,9.022212543553994,20.801393728223,0.1633275261324042,0.0,0.0,0.0,0.0,0.0,0.0,0.0,0.0,0.0,0.0,0.0,0.0,0.0,0.0,0.0,0.0,nan,nan,4.19050824638169,2.909042549282062,nan,0.4055,0.049,0.0,0.0,0.0,0.0,0.0,0.0,0.0,0.0,0.0,0.0,0.0,0.0,0.0,0.0,0.0,0.0,0.0,0.0,0.0,0.0,0.0,0.0,0.0,0.0,0.0,1.0888501742160279e-05,0.0007186411149825784,0.001753048780487805,0.0002068815331010453,0.011258710801393729,0.00431184668989547,0.01635452961672474,0.03422256097560976,0.03336236933797909,0.043085801393728224,0.026774825783972125,0.03054224738675958,0.047375871080139374,0.08508275261324041,0.10652221254355401,0.06003919860627178,0.05828614982578397,0.08793554006968642,0.04935757839721255,0.06805313588850175,0.0826219512195122,0.051110627177700346,0.024738675958188152,0.031064895470383276,0.014699477351916377,0.011585365853658536,0.011389372822299652,0.0005117595818815331,0.006979529616724739,0.0,1.0888501742160279e-05,0.0,3.2665505226480836e-05,0.0,0.0,0.0,0.0,0.0,0.0,0.0,0.0,0.0,0.0,0.0,0.0,0.0,0.0,0.0,0.0,0.0,0.0,0.0,0.0,0.0,0.0,0.0,0.0,0.0,0.0,0.0,0.0,0.0,0.0,0.0,0.0,0.0,0.0,0.0,0.0,0.0,0.0,0.0,0.0,0.0,0.0,0.0,nan,nan,4.19050824638169,2.909042549282062,nan,0.9264115867846335,0.023133816004123096,0.0,0.0,0.0,0.0,0.0,0.0,0.0,0.0,0.0,0.0,0.0,0.0,0.0,0.0,0.0,0.0,0.0,0.0,0.0,0.0,0.0,0.0,0.0,0.0,0.012453300124533004,0.14943960149439603,3.52428393524284,14.806973848069742,10.286425902864263,1.2204234122042343,0.9259505121466549,0.022838857075094955,0.0,0.0,0.0,0.0,0.0,0.0,0.0,0.0,0.0,0.0,0.0,0.0,0.0,0.0,0.0,0.0,0.0,0.0,0.0,0.0,0.0,0.0,0.0,0.0,0.0,0.2198808978469996,3.5180943655519936,14.924415941365098,10.183234081539167,1.1543747136967477,0.4055,0.01065,0.0,0.0,0.0,0.0,0.0,0.0,0.0,0.0,0.0,0.0,0.02490660024906601,8.80448318804482,20.996264009962648,0.17434620174346208,0.0,0.0,0.0,0.0,0.0,0.0,0.0,0.0,0.0,0.0,0.0,0.0,0.0,0.0,0.0,0.0,0.4055,0.01082,0.0,0.0,0.0,0.0,0.0,0.0,0.0,0.0,0.0,0.0,0.0,9.262482821804843,20.586349060925336,0.15116811726981222,0.0,0.0,0.0,0.0,0.0,0.0,0.0,0.0,0.0,0.0,0.0,0.0,0.0,0.0,0.0,0.0
22800,4641,2380,0.5128205128205128,1136,936,0.4464555052790347,1300,0.5602240896358543,0.41,2.972578505086245,3.093007612900591,6.5895865237366005,2.0521565202006036,9414.470590806874,1521.9416705463964,7853.0,10920.7967364192,10897.867652073402,7.060285591346778,7853.0,0.0,28.159232923938806,21.03338337749078,33.177498073465195,19.249643288058664,0.1394096099978453,0.0989010989010989,0.09394527041585865,0.08295625942684766,0.0786468433527257,0.07606119370825253,0.07088989441930618,0.062055591467356175,0.0592544710191769,0.053005817711700064,0.048911872441284206,0.037060978237448826,0.03533721180780004,0.025425554837319543,0.0196078431372549,0.010127127774186598,0.008403361344537815,0.9253216329331903,0.02359362216449026,0.0,0.0,0.0,0.0,0.0,0.0,0.0,0.0,0.0,0.0,0.0,0.0,0.0,0.0,0.0,0.0,0.0,0.0,0.0,0.0,0.0,0.0,0.0,0.0,0.006464124111182936,0.18099547511312222,4.1435035552682615,14.654169360051716,9.851325145442795,1.1635423400129283,4.3666333666333665,2.900580204417149,nan,nan,nan,4.369736842105263,2.8562267959136736,4.366396761133603,2.9441548210754553,0.9992356333819747,0.4065,0.01074,0.0,0.0,0.0,0.0,0.0,0.0,0.0,0.0,0.0,0.0,0.0,8.125404007756938,21.680672268907568,0.1939237233354881,0.0,0.0,0.0,0.0,0.0,0.0,0.0,0.0,0.0,0.0,0.0,0.0,0.0,0.0,0.0,0.0,nan,nan,4.3666333666333665,2.900580204417149,nan,0.4065,0.04922,0.0,0.0,0.0,0.0,0.0,0.0,0.0,0.0,0.0,0.0,0.0,0.0,0.0,0.0,0.0,0.0,0.0,0.0,0.0,0.0,0.0,0.0,0.0,0.0,0.0,0.0,0.0009696186166774402,0.001098901098901099,0.00014005602240896358,0.012034044386985564,0.0041909071320836025,0.014673561732385262,0.03374272786037492,0.03482008187890541,0.04288946347769877,0.027634130575307045,0.030392156862745098,0.04365438483085542,0.08379659556130144,0.10106658047834519,0.05994397759103642,0.06280973928032751,0.08331178625296272,0.051023486317603964,0.06831501831501831,0.08446455505279035,0.053275156216332685,0.027461753932342167,0.03302090066795949,0.015179918121094592,0.011376858435681965,0.011258349493643611,0.0004201680672268908,0.007013574660633484,0.0,0.0,1.0773540185304892e-05,1.0773540185304892e-05,0.0,0.0,0.0,0.0,0.0,0.0,0.0,0.0,0.0,0.0,0.0,0.0,0.0,0.0,0.0,0.0,0.0,0.0,0.0,0.0,0.0,0.0,0.0,0.0,0.0,0.0,0.0,0.0,0.0,0.0,0.0,0.0,0.0,0.0,0.0,0.0,0.0,0.0,0.0,0.0,0.0,0.0,0.0,nan,nan,4.3666333666333665,2.900580204417149,nan,0.9251264525812213,0.02330352099506426,0.0,0.0,0.0,0.0,0.0,0.0,0.0,0.0,0.0,0.0,0.0,0.0,0.0,0.0,0.0,0.0,0.0,0.0,0.0,0.0,0.0,0.0,0.0,0.0,0.012605042016806726,0.1512605042016807,4.27310924369748,14.684873949579835,9.768907563025211,1.1092436974789919,0.9255270859352628,0.023893464792765377,0.0,0.0,0.0,0.0,0.0,0.0,0.0,0.0,0.0,0.0,0.0,0.0,0.0,0.0,0.0,0.0,0.0,0.0,0.0,0.0,0.0,0.0,0.0,0.0,0.0,0.21229544449358695,4.007076514816454,14.621848739495801,9.938080495356038,1.220698805838125,0.4065,0.0106,0.0,0.0,0.0,0.0,0.0,0.0,0.0,0.0,0.0,0.0,0.0,7.95378151260503,21.894957983193283,0.1512605042016807,0.0,0.0,0.0,0.0,0.0,0.0,0.0,0.0,0.0,0.0,0.0,0.0,0.0,0.0,0.0,0.0,0.4062,0.01088,0.0,0.0,0.0,0.0,0.0,0.0,0.0,0.0,0.0,0.0,0.0,8.306059265811577,21.45510835913313,0.23883237505528532,0.0,0.0,0.0,0.0,0.0,0.0,0.0,0.0,0.0,0.0,0.0,0.0,0.0,0.0,0.0,0.0
22900,4672,2404,0.514554794520548,1141,944,0.4462756849315068,1306,0.5590753424657534,0.39799999999999996,2.951499118165785,3.0896842146561707,6.633802816901408,2.090409525944127,9419.714007936074,1521.7606322622512,7853.0,10922.444416940212,10897.795276654466,6.94147321883759,7853.0,0.0,27.58818493150685,20.78406217612772,32.49285714285714,19.10007078734612,0.1429794520547945,0.10081335616438356,0.0939640410958904,0.0879708904109589,0.0800513698630137,0.07662671232876712,0.0740582191780822,0.0627140410958904,0.0507277397260274,0.05607876712328767,0.04387842465753425,0.03553082191780822,0.0351027397260274,0.022688356164383562,0.018407534246575343,0.011344178082191781,0.007063356164383561,0.9245633681189932,0.022884112177253953,0.0,0.0,0.0,0.0,0.0,0.0,0.0,0.0,0.0,0.0,0.0,0.0,0.0,0.0,0.0,0.0,0.0,0.0,0.0,0.0,0.0,0.0,0.0,0.0,0.0,0.14126712328767127,4.013270547945206,15.26969178082192,9.580479452054796,0.9952910958904112,4.30529490616622,2.924248966416504,nan,nan,nan,4.40551445864156,3.0244992450900354,4.205744822979292,2.817616899615865,0.9546546407831181,0.4067,0.01037,0.0,0.0,0.0,0.0,0.0,0.0,0.0,0.0,0.0,0.0,0.0,7.94306506849314,21.922089041095898,0.13484589041095893,0.0,0.0,0.0,0.0,0.0,0.0,0.0,0.0,0.0,0.0,0.0,0.0,0.0,0.0,0.0,0.0,nan,nan,4.30529490616622,2.924248966416504,nan,0.4067,0.0491,0.0,0.0,0.0,0.0,0.0,0.0,0.0,0.0,0.0,0.0,0.0,0.0,0.0,0.0,0.0,0.0,0.0,0.0,0.0,0.0,0.0,0.0,0.0,0.0,0.0,0.0,0.000449486301369863,0.0016160102739726028,0.00021404109589041095,0.011429794520547945,0.004045376712328767,0.013741438356164384,0.03410744863013699,0.03513484589041096,0.04055008561643836,0.02969820205479452,0.031506849315068496,0.040860445205479455,0.08232020547945205,0.10051369863013698,0.06315282534246576,0.0638056506849315,0.0802654109589041,0.052836044520547944,0.07111515410958905,0.08559503424657534,0.05146618150684931,0.024957191780821918,0.034064640410958906,0.01503638698630137,0.012788955479452056,0.01131207191780822,0.00046018835616438357,0.00684931506849315,3.210616438356164e-05,0.0,5.351027397260274e-05,2.1404109589041096e-05,0.0,0.0,0.0,0.0,0.0,0.0,0.0,0.0,0.0,0.0,0.0,0.0,0.0,0.0,0.0,0.0,0.0,0.0,0.0,0.0,0.0,0.0,0.0,0.0,0.0,0.0,0.0,0.0,0.0,0.0,0.0,0.0,0.0,0.0,0.0,0.0,0.0,0.0,0.0,0.0,0.0,0.0,0.0,nan,nan,4.30529490616622,2.924248966416504,nan,0.9246053353770204,0.02276995317721869,0.0,0.0,0.0,0.0,0.0,0.0,0.0,0.0,0.0,0.0,0.0,0.0,0.0,0.0,0.0,0.0,0.0,0.0,0.0,0.0,0.0,0.0,0.0,0.0,0.0,0.14975041597337774,3.905990016638936,15.411813643926791,9.54658901830283,0.9858569051580701,0.924518884305811,0.023004414629036372,0.0,0.0,0.0,0.0,0.0,0.0,0.0,0.0,0.0,0.0,0.0,0.0,0.0,0.0,0.0,0.0,0.0,0.0,0.0,0.0,0.0,0.0,0.0,0.0,0.0,0.1322751322751323,4.126984126984127,15.119047619047622,9.616402116402117,1.0052910052910056,0.4067,0.010315,0.0,0.0,0.0,0.0,0.0,0.0,0.0,0.0,0.0,0.0,0.0,7.924292845257892,21.91347753743761,0.16222961730449256,0.0,0.0,0.0,0.0,0.0,0.0,0.0,0.0,0.0,0.0,0.0,0.0,0.0,0.0,0.0,0.0,0.4067,0.01042,0.0,0.0,0.0,0.0,0.0,0.0,0.0,0.0,0.0,0.0,0.0,7.962962962962952,21.931216931216937,0.10582010582010584,0.0,0.0,0.0,0.0,0.0,0.0,0.0,0.0,0.0,0.0,0.0,0.0,0.0,0.0,0.0,0.0
23000,4332,2242,0.5175438596491229,1070,878,0.44967682363804246,1186,0.5475530932594644,0.426,2.916267942583732,3.109358223136363,6.696649029982363,2.1206233622973416,9428.73348962482,1521.3902225622146,7853.0,10920.43665921688,10897.637590122531,7.199413975705112,7853.0,0.0,27.70544783010157,20.891876110185184,32.771633950787944,19.146925260451614,0.14127423822714683,0.10272391505078486,0.0951061865189289,0.08356417359187442,0.08194829178208679,0.07848568790397045,0.06740535549399815,0.06394275161588181,0.05632502308402586,0.05240073868882733,0.041089566020313946,0.04155124653739612,0.030932594644506,0.0265466297322253,0.02100646352723915,0.010156971375807941,0.00554016620498615,0.9239942977275435,0.023407026332780436,0.0,0.0,0.0,0.0,0.0,0.0,0.0,0.0,0.0,0.0,0.0,0.0,0.0,0.0,0.0,0.0,0.0,0.0,0.0,0.0,0.0,0.0,0.0,0.0,0.013850415512465377,0.20775623268698065,4.487534626038782,14.792243767313023,9.508310249307481,0.9903047091412744,4.254225098885293,2.93776161619488,nan,nan,nan,4.249112845990064,2.9674794478284485,4.259475218658892,2.906916806905933,1.002438714396255,0.4065,0.01029,0.0,0.0,0.0,0.0,0.0,0.0,0.0,0.0,0.0,0.0,0.0069252077562326885,8.01939058171744,21.842105263157897,0.13157894736842107,0.0,0.0,0.0,0.0,0.0,0.0,0.0,0.0,0.0,0.0,0.0,0.0,0.0,0.0,0.0,0.0,nan,nan,4.254225098885293,2.93776161619488,nan,0.4065,0.04926,0.0,0.0,0.0,0.0,0.0,0.0,0.0,0.0,0.0,0.0,0.0,0.0,0.0,0.0,0.0,0.0,0.0,0.0,0.0,0.0,0.0,0.0,0.0,0.0,0.0,0.0,8.079409048938135e-05,0.0017543859649122807,0.0004270544783010157,0.011415050784856879,0.0043859649122807015,0.012811634349030472,0.03499538319482918,0.03683056325023084,0.04132040627885503,0.031198060941828254,0.02888965835641736,0.041355032317636195,0.08356417359187442,0.09862650046168052,0.06334256694367497,0.06298476454293629,0.08030932594644506,0.051408125577100644,0.07154893813481071,0.08702677746999077,0.04919205909510618,0.024826869806094182,0.035145429362880884,0.01561634349030471,0.01206140350877193,0.0110803324099723,0.000554016620498615,0.006694367497691598,0.0002770083102493075,0.0,0.0002539242843951985,1.1542012927054478e-05,0.0,1.1542012927054478e-05,0.0,0.0,0.0,0.0,0.0,0.0,0.0,0.0,0.0,0.0,0.0,0.0,0.0,0.0,0.0,0.0,0.0,0.0,0.0,0.0,0.0,0.0,0.0,0.0,0.0,0.0,0.0,0.0,0.0,0.0,0.0,0.0,0.0,0.0,0.0,0.0,0.0,0.0,0.0,0.0,0.0,nan,nan,4.254225098885293,2.93776161619488,nan,0.9242252327840739,0.023512631208504265,0.0,0.0,0.0,0.0,0.0,0.0,0.0,0.0,0.0,0.0,0.0,0.0,0.0,0.0,0.0,0.0,0.0,0.0,0.0,0.0,0.0,0.0,0.0,0.0,0.026761819803746662,0.22747546833184662,4.375557537912579,14.571810883140056,9.84834968777877,0.9500446030330064,0.9237465673941745,0.023290663313776067,0.0,0.0,0.0,0.0,0.0,0.0,0.0,0.0,0.0,0.0,0.0,0.0,0.0,0.0,0.0,0.0,0.0,0.0,0.0,0.0,0.0,0.0,0.0,0.0,0.0,0.1866028708133972,4.607655502392346,15.028708133971296,9.143540669856462,1.0334928229665075,0.4065,0.01024,0.0,0.0,0.0,0.0,0.0,0.0,0.0,0.0,0.0,0.0,0.0,7.881355932203379,22.038358608385376,0.08028545941123998,0.0,0.0,0.0,0.0,0.0,0.0,0.0,0.0,0.0,0.0,0.0,0.0,0.0,0.0,0.0,0.0,0.4065,0.01033,0.0,0.0,0.0,0.0,0.0,0.0,0.0,0.0,0.0,0.0,0.014354066985645937,8.167464114832523,21.631578947368425,0.1866028708133972,0.0,0.0,0.0,0.0,0.0,0.0,0.0,0.0,0.0,0.0,0.0,0.0,0.0,0.0,0.0,0.0
23100,4594,2374,0.5167609925990422,1134,914,0.4457988680888115,1275,0.5550718328254245,0.40599999999999997,2.927027027027027,3.1075451899172193,6.667207792207792,2.1216178575431006,9426.180425476343,1521.307489496292,7853.0,10919.834191560745,10897.309551237708,6.946205796558313,7853.0,0.0,27.99804092294297,20.98190952438731,33.03038171903402,19.183850250899617,0.14410100130605139,0.09447104919460166,0.0890291684806269,0.08989986939486286,0.08511101436656508,0.07466260339573356,0.06813234653896387,0.06247279059643013,0.056813234653896386,0.051371353939921635,0.044188071397474965,0.04114061819764911,0.03330430996952547,0.03090988245537658,0.01545494122768829,0.012407488027862429,0.006530256856769699,0.9235364788503402,0.02352182555912232,0.0,0.0,0.0,0.0,0.0,0.0,0.0,0.0,0.0,0.0,0.0,0.0,0.0,0.0,0.0,0.0,0.0,0.0,0.0,0.0,0.0,0.0,0.0,0.0,0.006530256856769701,0.2742707879843274,4.492816717457554,15.143665650848936,9.037875489769267,1.044841097083152,4.262605752961083,2.9195773015159183,nan,nan,nan,4.314422419685577,2.910297752023042,4.2117962466487935,2.927757560628901,0.976213230172241,0.4062,0.01007,0.0,0.0,0.0,0.0,0.0,0.0,0.0,0.0,0.0,0.0,0.0,8.182411841532423,21.739225076186337,0.07836308228123641,0.0,0.0,0.0,0.0,0.0,0.0,0.0,0.0,0.0,0.0,0.0,0.0,0.0,0.0,0.0,0.0,nan,nan,4.262605752961083,2.9195773015159183,nan,0.4062,0.04947,0.0,0.0,0.0,0.0,0.0,0.0,0.0,0.0,0.0,0.0,0.0,0.0,0.0,0.0,0.0,0.0,0.0,0.0,0.0,0.0,0.0,0.0,0.0,0.0,0.0,0.0,3.26512842838485e-05,0.001937309534175011,0.00065302568567697,0.013125816282107097,0.004190248149760557,0.012679582063561167,0.03562255115367871,0.036384414453635175,0.0445472355245973,0.02800391815411406,0.027459730082716585,0.04206573791902481,0.08437091858946452,0.09533086634740967,0.06347409664780149,0.06657596865476709,0.07921201567261646,0.05196996081845886,0.07272529386155856,0.08377231171092729,0.04912929908576404,0.02633870265563779,0.03455594253373966,0.015574662603395734,0.011123204179364389,0.011199390509360035,0.0005768393556813235,0.006747932085328689,0.0005333043099695255,0.0,8.7070091423596e-05,0.0,0.0,0.0,0.0,0.0,0.0,0.0,0.0,0.0,0.0,0.0,0.0,0.0,0.0,0.0,0.0,0.0,0.0,0.0,0.0,0.0,0.0,0.0,0.0,0.0,0.0,0.0,0.0,0.0,0.0,0.0,0.0,0.0,0.0,0.0,0.0,0.0,0.0,0.0,0.0,0.0,0.0,0.0,0.0,nan,nan,4.262605752961083,2.9195773015159183,nan,0.9236571287646852,0.023098853444365828,0.0,0.0,0.0,0.0,0.0,0.0,0.0,0.0,0.0,0.0,0.0,0.0,0.0,0.0,0.0,0.0,0.0,0.0,0.0,0.0,0.0,0.0,0.0,0.0,0.0,0.22746419545071614,4.296545914069083,15.480202190395959,9.111204717775907,0.8845829823083405,0.9234074595275226,0.02396520862436493,0.0,0.0,0.0,0.0,0.0,0.0,0.0,0.0,0.0,0.0,0.0,0.0,0.0,0.0,0.0,0.0,0.0,0.0,0.0,0.0,0.0,0.0,0.0,0.0,0.013513513513513516,0.3243243243243244,4.7027027027027035,14.783783783783788,8.959459459459461,1.2162162162162165,0.406,0.01013,0.0,0.0,0.0,0.0,0.0,0.0,0.0,0.0,0.0,0.0,0.0,8.466722830665532,21.482729570345416,0.05054759898904803,0.0,0.0,0.0,0.0,0.0,0.0,0.0,0.0,0.0,0.0,0.0,0.0,0.0,0.0,0.0,0.0,0.4065,0.009995,0.0,0.0,0.0,0.0,0.0,0.0,0.0,0.0,0.0,0.0,0.0,7.8783783783783665,22.013513513513516,0.10810810810810813,0.0,0.0,0.0,0.0,0.0,0.0,0.0,0.0,0.0,0.0,0.0,0.0,0.0,0.0,0.0,0.0
23200,4530,2394,0.528476821192053,1156,904,0.45474613686534215,1247,0.5505518763796909,0.418,2.9854868913857677,3.1336154716214732,6.538714991762768,2.200359487513177,9461.700514736014,1519.5547494322082,7853.0,10919.798528909683,10897.032302320029,7.233401889201628,7853.0,0.0,28.156512141280352,20.902000035759393,33.127167630057805,19.100052210595262,0.13973509933774833,0.09492273730684327,0.09646799116997792,0.08388520971302428,0.08256070640176601,0.06909492273730684,0.06799116997792494,0.06357615894039735,0.0695364238410596,0.04790286975717439,0.047240618101545256,0.04370860927152318,0.031125827814569535,0.027373068432671083,0.018101545253863136,0.009933774834437087,0.006843267108167771,0.9229756195550459,0.023196452331962044,0.0,0.0,0.0,0.0,0.0,0.0,0.0,0.0,0.0,0.0,0.0,0.0,0.0,0.0,0.0,0.0,0.0,0.0,0.0,0.0,0.0,0.0,0.0,0.0,0.0,0.22516556291390732,4.635761589403974,15.112582781456958,9.172185430463578,0.8543046357615897,4.191734417344174,2.950671592274378,nan,nan,nan,4.131972789115646,2.998003562340076,4.251012145748988,2.90174495896349,1.0288093273380001,0.406,0.01042,0.0,0.0,0.0,0.0,0.0,0.0,0.0,0.0,0.0,0.0,0.0,8.245033112582771,21.58940397350994,0.16556291390728478,0.0,0.0,0.0,0.0,0.0,0.0,0.0,0.0,0.0,0.0,0.0,0.0,0.0,0.0,0.0,0.0,nan,nan,4.191734417344174,2.950671592274378,nan,0.406,0.0497,0.0,0.0,0.0,0.0,0.0,0.0,0.0,0.0,0.0,0.0,0.0,0.0,0.0,0.0,0.0,0.0,0.0,0.0,0.0,0.0,0.0,0.0,0.0,0.0,0.0,0.0,0.0,0.0016887417218543047,0.0003642384105960265,0.01228476821192053,0.004757174392935983,0.012913907284768211,0.0366887417218543,0.03780353200883002,0.04444812362030905,0.028465783664459163,0.028046357615894038,0.043432671081677705,0.08288079470198675,0.09644591611479028,0.06450331125827814,0.06440397350993378,0.07729580573951435,0.05314569536423841,0.07177704194260486,0.08036423841059602,0.04921633554083885,0.024415011037527592,0.03686534216335541,0.016004415011037526,0.012108167770419426,0.011942604856512141,0.0004194260485651214,0.006666666666666667,0.0004966887417218543,1.1037527593818985e-05,5.518763796909492e-05,8.830022075055188e-05,0.0,0.0,0.0,0.0,0.0,0.0,0.0,0.0,0.0,0.0,0.0,0.0,0.0,0.0,0.0,0.0,0.0,0.0,0.0,0.0,0.0,0.0,0.0,0.0,0.0,0.0,0.0,0.0,0.0,0.0,0.0,0.0,0.0,0.0,0.0,0.0,0.0,0.0,0.0,0.0,0.0,0.0,0.0,nan,nan,4.191734417344174,2.950671592274378,nan,0.9225074189995962,0.023743665500919497,0.0,0.0,0.0,0.0,0.0,0.0,0.0,0.0,0.0,0.0,0.0,0.0,0.0,0.0,0.0,0.0,0.0,0.0,0.0,0.0,0.0,0.0,0.0,0.0,0.0,0.27568922305764415,4.874686716791981,14.837092731829577,9.085213032581455,0.9273182957393485,0.9235003724247776,0.022555831668425418,0.0,0.0,0.0,0.0,0.0,0.0,0.0,0.0,0.0,0.0,0.0,0.0,0.0,0.0,0.0,0.0,0.0,0.0,0.0,0.0,0.0,0.0,0.0,0.0,0.0,0.16853932584269665,4.367977528089889,15.421348314606744,9.269662921348317,0.7724719101123597,0.4062,0.010635,0.0,0.0,0.0,0.0,0.0,0.0,0.0,0.0,0.0,0.0,0.0,8.471177944862143,21.34085213032582,0.18796992481203012,0.0,0.0,0.0,0.0,0.0,0.0,0.0,0.0,0.0,0.0,0.0,0.0,0.0,0.0,0.0,0.0,0.406,0.01016,0.0,0.0,0.0,0.0,0.0,0.0,0.0,0.0,0.0,0.0,0.0,7.991573033707853,21.86797752808989,0.14044943820224723,0.0,0.0,0.0,0.0,0.0,0.0,0.0,0.0,0.0,0.0,0.0,0.0,0.0,0.0,0.0,0.0
23300,4494,2343,0.5213618157543392,1147,889,0.4530485091232755,1218,0.5420560747663551,0.442,3.0232450023245003,3.171294258758038,6.796928327645051,2.16110295716102,9440.341856437455,1520.922001499972,7853.0,10919.529358446598,10897.607043461341,7.021971832995802,7853.0,0.0,27.55518469069871,20.556606175476798,32.43561208267091,18.81308397647515,0.14063195371606588,0.10347129506008011,0.09679572763684913,0.0792167334223409,0.0796617712505563,0.07454383622607921,0.07565643079661771,0.06408544726301736,0.05874499332443257,0.05585224744103249,0.04806408544726302,0.03827325322652426,0.03226524254561638,0.01913662661326213,0.018024032042723633,0.010013351134846462,0.0055629728526924785,0.9243847609866074,0.02301460444865369,0.0,0.0,0.0,0.0,0.0,0.0,0.0,0.0,0.0,0.0,0.0,0.0,0.0,0.0,0.0,0.0,0.0,0.0,0.0,0.0,0.0,0.0,0.0,0.0,0.0,0.21361815754339125,4.132176234979974,15.04672897196262,9.612817089452605,0.9946595460614154,4.3,2.9245268237540825,nan,nan,nan,4.25327812284334,2.9194437449265127,4.347642505277974,2.928933607592807,1.022186271320426,0.4058,0.01062,0.0,0.0,0.0,0.0,0.0,0.0,0.0,0.0,0.0,0.0,0.0,8.845126835781029,21.0547396528705,0.10013351134846464,0.0,0.0,0.0,0.0,0.0,0.0,0.0,0.0,0.0,0.0,0.0,0.0,0.0,0.0,0.0,0.0,nan,nan,4.3,2.9245268237540825,nan,0.4058,0.0496,0.0,0.0,0.0,0.0,0.0,0.0,0.0,0.0,0.0,0.0,0.0,0.0,0.0,0.0,0.0,0.0,0.0,0.0,0.0,0.0,0.0,0.0,0.0,0.0,0.0,0.0,5.562972852692479e-05,0.0017467734757454383,0.00015576323987538941,0.012305295950155764,0.004428126390743213,0.011381842456608811,0.03719403649310191,0.04066533155318202,0.045471740097908324,0.03147530040053405,0.02901646639964397,0.041054739652870494,0.07965064530485091,0.09788607031597686,0.06310636404094348,0.06160436137071651,0.07986203827325322,0.05446150422785937,0.07279706275033378,0.08058522474410325,0.04900979083222074,0.021395193591455273,0.03758344459279039,0.017156208277703606,0.011292834890965732,0.011125945705384957,0.0005562972852692479,0.005852247441032488,0.0008900756564307966,2.2251891410769917e-05,6.675567423230975e-05,0.00014463729417000444,0.0,0.0,0.0,0.0,0.0,0.0,0.0,0.0,0.0,0.0,0.0,0.0,0.0,0.0,0.0,0.0,0.0,0.0,0.0,0.0,0.0,0.0,0.0,0.0,0.0,0.0,0.0,0.0,0.0,0.0,0.0,0.0,0.0,0.0,0.0,0.0,0.0,0.0,0.0,0.0,0.0,0.0,0.0,nan,nan,4.3,2.9245268237540825,nan,0.924777178468228,0.022739394069556825,0.0,0.0,0.0,0.0,0.0,0.0,0.0,0.0,0.0,0.0,0.0,0.0,0.0,0.0,0.0,0.0,0.0,0.0,0.0,0.0,0.0,0.0,0.0,0.0,0.0,0.1536491677336748,3.956466069142126,15.339308578745202,9.526248399487837,1.0243277848911654,0.9239573160031406,0.02330316538598968,0.0,0.0,0.0,0.0,0.0,0.0,0.0,0.0,0.0,0.0,0.0,0.0,0.0,0.0,0.0,0.0,0.0,0.0,0.0,0.0,0.0,0.0,0.0,0.0,0.0,0.27894002789400285,4.3235704323570445,14.72803347280335,9.707112970711298,0.9623430962343098,0.406,0.010735,0.0,0.0,0.0,0.0,0.0,0.0,0.0,0.0,0.0,0.0,0.0,8.975672215108823,20.896286811779774,0.12804097311139567,0.0,0.0,0.0,0.0,0.0,0.0,0.0,0.0,0.0,0.0,0.0,0.0,0.0,0.0,0.0,0.0,0.4055,0.01049,0.0,0.0,0.0,0.0,0.0,0.0,0.0,0.0,0.0,0.0,0.0,8.702928870292876,21.227336122733615,0.06973500697350071,0.0,0.0,0.0,0.0,0.0,0.0,0.0,0.0,0.0,0.0,0.0,0.0,0.0,0.0,0.0,0.0
23400,4984,2539,0.509430176565008,1241,1052,0.46007223113964685,1461,0.5862760834670947,0.3499999999999999,2.9042944785276075,2.9943098667145445,6.38122332859175,2.098509986852119,9403.903165202306,1521.9313566538967,7853.0,10919.588366925716,10897.388095852028,6.941732029415828,7853.0,0.0,28.589686998394864,20.6696670126169,33.28831168831169,18.85013894473434,0.1306179775280899,0.08747993579454254,0.09289727126805779,0.09229534510433386,0.08206260032102729,0.07403691813804174,0.07423756019261638,0.06721508828250401,0.0593900481540931,0.05196629213483146,0.05156500802568218,0.04373996789727127,0.03451043338683788,0.023274478330658106,0.01725521669341894,0.011637239165329053,0.005818619582664527,0.9238016080966348,0.022897702770462835,0.0,0.0,0.0,0.0,0.0,0.0,0.0,0.0,0.0,0.0,0.0,0.0,0.0,0.0,0.0,0.0,0.0,0.0,0.0,0.0,0.0,0.0,0.0,0.0,0.0,0.180577849117175,4.321829855537722,15.228731942215092,9.384028892455861,0.8848314606741575,4.104962406015038,2.842765153928689,nan,nan,nan,4.136446331109764,2.82502672033176,4.073985680190931,2.859772194105953,0.9848999247375523,0.406,0.01028,0.0,0.0,0.0,0.0,0.0,0.0,0.0,0.0,0.0,0.0,0.0,8.372792937399668,21.5308988764045,0.09630818619582666,0.0,0.0,0.0,0.0,0.0,0.0,0.0,0.0,0.0,0.0,0.0,0.0,0.0,0.0,0.0,0.0,nan,nan,4.104962406015038,2.842765153928689,nan,0.406,0.04974,0.0,0.0,0.0,0.0,0.0,0.0,0.0,0.0,0.0,0.0,0.0,0.0,0.0,0.0,0.0,0.0,0.0,0.0,0.0,0.0,0.0,0.0,0.0,0.0,0.0,0.0,3.0096308186195826e-05,0.0016954253611556982,0.000511637239165329,0.011787720706260033,0.0038723916532905295,0.012199036918138041,0.039215489566613165,0.04101123595505618,0.04369983948635634,0.030959069020866772,0.028611556982343498,0.03932584269662921,0.07765850722311396,0.09986958266452649,0.06464686998394864,0.05859751203852327,0.07856139646869983,0.056751605136436595,0.07524077046548956,0.08204253611556982,0.04813402889245586,0.020957062600321028,0.036396468699839486,0.01792736757624398,0.011145666131621188,0.010674157303370787,0.0004313804173354735,0.00630016051364366,0.0013142054574638844,5.016051364365971e-05,3.0096308186195826e-05,0.00035112359550561797,0.0,0.0,0.0,0.0,0.0,0.0,0.0,0.0,0.0,0.0,0.0,0.0,0.0,0.0,0.0,0.0,0.0,0.0,0.0,0.0,0.0,0.0,0.0,0.0,0.0,0.0,0.0,0.0,0.0,0.0,0.0,0.0,0.0,0.0,0.0,0.0,0.0,0.0,0.0,0.0,0.0,0.0,0.0,nan,nan,4.104962406015038,2.842765153928689,nan,0.9238663227035099,0.02276327120157913,0.0,0.0,0.0,0.0,0.0,0.0,0.0,0.0,0.0,0.0,0.0,0.0,0.0,0.0,0.0,0.0,0.0,0.0,0.0,0.0,0.0,0.0,0.0,0.0,0.0,0.21268215833005125,4.182749113824341,15.313115399763689,9.476171721150061,0.8152816069318631,0.9237344054844238,0.023036279958878886,0.0,0.0,0.0,0.0,0.0,0.0,0.0,0.0,0.0,0.0,0.0,0.0,0.0,0.0,0.0,0.0,0.0,0.0,0.0,0.0,0.0,0.0,0.0,0.0,0.0,0.147239263803681,4.466257668711657,15.14110429447853,9.288343558282211,0.9570552147239265,0.406,0.010376,0.0,0.0,0.0,0.0,0.0,0.0,0.0,0.0,0.0,0.0,0.0,8.176447420244179,21.71721150059079,0.10634107916502562,0.0,0.0,0.0,0.0,0.0,0.0,0.0,0.0,0.0,0.0,0.0,0.0,0.0,0.0,0.0,0.0,0.406,0.01018,0.0,0.0,0.0,0.0,0.0,0.0,0.0,0.0,0.0,0.0,0.0,8.576687116564406,21.33742331288344,0.08588957055214726,0.0,0.0,0.0,0.0,0.0,0.0,0.0,0.0,0.0,0.0,0.0,0.0,0.0,0.0,0.0,0.0
23500,4391,2193,0.4994306536096561,1034,929,0.44705078569801865,1259,0.5734456843543612,0.43,2.9422202001819837,3.090216294203444,6.5855704697986575,2.0161412018271805,9373.548774382663,1522.2893023044846,7853.0,10929.618735194206,10897.564372236333,7.028311078531331,7853.0,0.0,27.61147802322933,20.90795555936609,32.80827170638182,19.101924931032304,0.15007970849464813,0.09724436347073559,0.08950125256205875,0.086312912776133,0.08790708266909587,0.069460259621954,0.07082669095877932,0.06581644272375313,0.05511273058528809,0.047825096788886357,0.04691414256433614,0.04008198588020952,0.035982691869733546,0.02072420860851742,0.01730813026645411,0.01115918925074015,0.007743110908676839,0.9243079806563252,0.022855082833273515,0.0,0.0,0.0,0.0,0.0,0.0,0.0,0.0,0.0,0.0,0.0,0.0,0.0,0.0,0.0,0.0,0.0,0.0,0.0,0.0,0.0,0.0,0.0,0.0,0.0,0.20496470052379873,4.058301070371215,15.146891368708726,9.626508767934412,0.963334092461854,4.360510457284651,2.9046260493712626,nan,nan,nan,4.470800288392214,2.9144949405069696,4.254710397766923,2.8918673057691637,0.9516663960172104,0.4062,0.01041,0.0,0.0,0.0,0.0,0.0,0.0,0.0,0.0,0.0,0.0,0.0,8.055112730585277,21.828740605784564,0.11614666363015261,0.0,0.0,0.0,0.0,0.0,0.0,0.0,0.0,0.0,0.0,0.0,0.0,0.0,0.0,0.0,0.0,nan,nan,4.360510457284651,2.9046260493712626,nan,0.4062,0.04922,0.0,0.0,0.0,0.0,0.0,0.0,0.0,0.0,0.0,0.0,0.0,0.0,0.0,0.0,0.0,0.0,0.0,0.0,0.0,0.0,0.0,0.0,0.0,0.0,1.1386927806877704e-05,0.0,5.693463903438852e-05,0.001229788203142792,0.0008767934411295832,0.012218173536779777,0.003381917558642678,0.010327943520838078,0.036324299703939876,0.04028695058073332,0.04161922113413801,0.029435208380778864,0.03132543839672056,0.04122067866089729,0.08109769984058302,0.1022432247779549,0.06332270553404691,0.059439763151901616,0.07880892735140059,0.05835800501024824,0.07341152357094057,0.08101799134593486,0.05001138692780688,0.020872238670006833,0.03536779776816215,0.01725119562741972,0.011512184012753359,0.010646777499430654,0.0002618993395581872,0.006353905716237759,0.0014689136870872238,1.1386927806877704e-05,0.0,0.0002277385561375541,0.0,0.0,0.0,0.0,0.0,0.0,0.0,0.0,0.0,0.0,0.0,0.0,0.0,0.0,0.0,0.0,0.0,0.0,0.0,0.0,0.0,0.0,0.0,0.0,0.0,0.0,0.0,0.0,0.0,0.0,0.0,0.0,0.0,0.0,0.0,0.0,0.0,0.0,0.0,0.0,0.0,0.0,0.0,nan,nan,4.360510457284651,2.9046260493712626,nan,0.924113834741395,0.022981931083852852,0.0,0.0,0.0,0.0,0.0,0.0,0.0,0.0,0.0,0.0,0.0,0.0,0.0,0.0,0.0,0.0,0.0,0.0,0.0,0.0,0.0,0.0,0.0,0.0,0.0,0.21887824897400826,4.199726402188784,15.061559507523944,9.562243502051984,0.9575923392612861,0.9245016849290467,0.022726164755511615,0.0,0.0,0.0,0.0,0.0,0.0,0.0,0.0,0.0,0.0,0.0,0.0,0.0,0.0,0.0,0.0,0.0,0.0,0.0,0.0,0.0,0.0,0.0,0.0,0.0,0.19108280254777074,3.9171974522293,15.232029117379438,9.690627843494088,0.9690627843494087,0.4065,0.010254,0.0,0.0,0.0,0.0,0.0,0.0,0.0,0.0,0.0,0.0,0.0,8.276333789329673,21.641586867305065,0.08207934336525309,0.0,0.0,0.0,0.0,0.0,0.0,0.0,0.0,0.0,0.0,0.0,0.0,0.0,0.0,0.0,0.0,0.4062,0.01056,0.0,0.0,0.0,0.0,0.0,0.0,0.0,0.0,0.0,0.0,0.0,7.834394904458587,22.015468607825298,0.15013648771610558,0.0,0.0,0.0,0.0,0.0,0.0,0.0,0.0,0.0,0.0,0.0,0.0,0.0,0.0,0.0,0.0
23600,4516,2375,0.5259078830823738,1134,910,0.4526129317980514,1253,0.5549158547387069,0.418,3.0051377860812702,3.1673650774780615,6.74442538593482,2.252850065511372,9454.104377135674,1520.1929123302748,7853.0,10921.403496801853,10897.45783879777,7.157940870358443,7853.0,0.0,27.740035429583703,20.639310407562533,32.58774006840305,18.89636498097266,0.1370682019486271,0.10407440212577503,0.09056687333923827,0.08525243578387955,0.08370239149689991,0.08060230292294066,0.06842338352524358,0.062444641275465014,0.058015943312666074,0.05336581045172719,0.04827280779450841,0.03697962798937113,0.03299379982285208,0.024800708591674048,0.01837909654561559,0.009300265721877768,0.005757307351638618,0.9242385876347683,0.023436824361891092,0.0,0.0,0.0,0.0,0.0,0.0,0.0,0.0,0.0,0.0,0.0,0.0,0.0,0.0,0.0,0.0,0.0,0.0,0.0,0.0,0.0,0.0,0.0,0.0,0.0,0.1727192205491586,4.331266607617361,15.073073516386186,9.360053144375556,1.062887511071745,4.272167066073263,2.9670463968877208,nan,nan,nan,4.299931833674165,2.9706620453789516,4.244154057771665,2.9631303048003663,0.9870282185718187,0.4065,0.01052,0.0,0.0,0.0,0.0,0.0,0.0,0.0,0.0,0.0,0.0,0.013286093888396815,8.157661647475631,21.71612046058459,0.11293179805137292,0.0,0.0,0.0,0.0,0.0,0.0,0.0,0.0,0.0,0.0,0.0,0.0,0.0,0.0,0.0,0.0,nan,nan,4.272167066073263,2.9670463968877208,nan,0.4065,0.04938,0.0,0.0,0.0,0.0,0.0,0.0,0.0,0.0,0.0,0.0,0.0,0.0,0.0,0.0,0.0,0.0,0.0,0.0,0.0,0.0,0.0,0.0,0.0,0.0,0.0,0.0,9.964570416297608e-05,0.0010075287865367582,0.0011403897254207262,0.011492471213463243,0.003066873339238264,0.010684233835252436,0.03622674933569531,0.04218334809565988,0.03866253321523472,0.02891939769707706,0.03255093002657219,0.04269264836138175,0.08025907883082374,0.10346545615589017,0.06463684676705049,0.05984278122232064,0.07926262178919398,0.0537422497785651,0.07486713906111603,0.08261736049601417,0.047697077059344554,0.02059344552701506,0.03433348095659876,0.016164747564216122,0.013053587245349867,0.01020814880425155,0.00032108060230292293,0.008270593445527014,0.0018379096545615588,0.0,0.0,9.964570416297608e-05,0.0,0.0,0.0,0.0,0.0,0.0,0.0,0.0,0.0,0.0,0.0,0.0,0.0,0.0,0.0,0.0,0.0,0.0,0.0,0.0,0.0,0.0,0.0,0.0,0.0,0.0,0.0,0.0,0.0,0.0,0.0,0.0,0.0,0.0,0.0,0.0,0.0,0.0,0.0,0.0,0.0,0.0,0.0,nan,nan,4.272167066073263,2.9670463968877208,nan,0.9239103503478201,0.023890947162718328,0.0,0.0,0.0,0.0,0.0,0.0,0.0,0.0,0.0,0.0,0.0,0.0,0.0,0.0,0.0,0.0,0.0,0.0,0.0,0.0,0.0,0.0,0.0,0.0,0.0,0.16421052631578953,4.597894736842106,14.867368421052635,9.22105263157895,1.1494736842105264,0.9246026995247739,0.022917045915507778,0.0,0.0,0.0,0.0,0.0,0.0,0.0,0.0,0.0,0.0,0.0,0.0,0.0,0.0,0.0,0.0,0.0,0.0,0.0,0.0,0.0,0.0,0.0,0.0,0.0,0.18215787015413362,4.03549743110696,15.301261092947223,9.51424567958898,0.9668379262027093,0.4062,0.01038,0.0,0.0,0.0,0.0,0.0,0.0,0.0,0.0,0.0,0.0,0.02526315789473685,8.033684210526303,21.827368421052636,0.11368421052631582,0.0,0.0,0.0,0.0,0.0,0.0,0.0,0.0,0.0,0.0,0.0,0.0,0.0,0.0,0.0,0.0,0.4065,0.01066,0.0,0.0,0.0,0.0,0.0,0.0,0.0,0.0,0.0,0.0,0.0,8.295189163942071,21.59271368519384,0.11209715086408223,0.0,0.0,0.0,0.0,0.0,0.0,0.0,0.0,0.0,0.0,0.0,0.0,0.0,0.0,0.0,0.0
23700,4370,2247,0.5141876430205949,1063,893,0.4475972540045767,1223,0.559725400457666,0.43,3.0946773433820067,3.1630200941290973,6.715909090909091,2.1552126823172815,9418.535058398596,1521.7335324982118,7853.0,10920.717552125454,10897.676548821479,6.984583699142289,7853.0,0.0,28.346224256292906,21.37213675444861,33.56747120131651,19.552318818227963,0.14324942791762013,0.09450800915331808,0.0931350114416476,0.08787185354691075,0.08123569794050343,0.07048054919908467,0.06819221967963386,0.062013729977116704,0.06041189931350115,0.05080091533180778,0.041647597254004576,0.040732265446224256,0.03409610983981693,0.029290617848970253,0.020137299771167048,0.011899313501144164,0.010297482837528604,0.924612117468356,0.023165095411991892,0.0,0.0,0.0,0.0,0.0,0.0,0.0,0.0,0.0,0.0,0.0,0.0,0.0,0.0,0.0,0.0,0.0,0.0,0.0,0.0,0.0,0.0,0.0,0.0,0.0,0.20594965675057214,4.057208237986271,15.130434782608699,9.624713958810071,0.9816933638443938,4.322523792738808,2.914592673265912,nan,nan,nan,4.304964539007092,2.878985396565279,4.339873861247372,2.9492508731694387,1.0081090847378573,0.4062,0.01029,0.0,0.0,0.0,0.0,0.0,0.0,0.0,0.0,0.0,0.0,0.006864988558352404,8.340961098398157,21.521739130434785,0.13043478260869568,0.0,0.0,0.0,0.0,0.0,0.0,0.0,0.0,0.0,0.0,0.0,0.0,0.0,0.0,0.0,0.0,nan,nan,4.322523792738808,2.914592673265912,nan,0.4062,0.0493,0.0,0.0,0.0,0.0,0.0,0.0,0.0,0.0,0.0,0.0,0.0,0.0,0.0,0.0,0.0,0.0,0.0,0.0,0.0,0.0,0.0,0.0,0.0,0.0,0.0,2.288329519450801e-05,2.288329519450801e-05,0.0008695652173913044,0.0008695652173913044,0.012585812356979404,0.0036613272311212816,0.011270022883295195,0.03371853546910755,0.04242562929061785,0.03767734553775744,0.0271395881006865,0.03323798627002288,0.04438215102974828,0.08200228832951945,0.1036842105263158,0.06550343249427917,0.05808924485125858,0.07795194508009154,0.05466819221967963,0.07479405034324943,0.08486270022883295,0.04639588100686499,0.022734553775743706,0.03337528604118993,0.014988558352402747,0.013203661327231121,0.00908466819221968,0.0002059496567505721,0.008810068649885584,0.0015903890160183067,0.0,0.0,0.00016018306636155606,0.0,0.0,0.0,0.0,0.0,1.1441647597254004e-05,0.0,0.0,0.0,0.0,0.0,0.0,0.0,0.0,0.0,0.0,0.0,0.0,0.0,0.0,0.0,0.0,0.0,0.0,0.0,0.0,0.0,0.0,0.0,0.0,0.0,0.0,0.0,0.0,0.0,0.0,0.0,0.0,0.0,0.0,0.0,0.0,0.0,nan,nan,4.322523792738808,2.914592673265912,nan,0.9247786563717104,0.023100752948625028,0.0,0.0,0.0,0.0,0.0,0.0,0.0,0.0,0.0,0.0,0.0,0.0,0.0,0.0,0.0,0.0,0.0,0.0,0.0,0.0,0.0,0.0,0.0,0.0,0.0,0.14686248331108145,4.232309746328439,14.819759679572767,9.826435246995997,0.9746328437917225,0.9244358513751684,0.023231701429398562,0.0,0.0,0.0,0.0,0.0,0.0,0.0,0.0,0.0,0.0,0.0,0.0,0.0,0.0,0.0,0.0,0.0,0.0,0.0,0.0,0.0,0.0,0.0,0.0,0.0,0.26848798869524265,3.8718794159208674,15.459255770136602,9.411210551106926,0.9891662741403676,0.4062,0.01033,0.0,0.0,0.0,0.0,0.0,0.0,0.0,0.0,0.0,0.0,0.0,8.65153538050733,21.255006675567426,0.09345794392523367,0.0,0.0,0.0,0.0,0.0,0.0,0.0,0.0,0.0,0.0,0.0,0.0,0.0,0.0,0.0,0.0,0.4065,0.010254,0.0,0.0,0.0,0.0,0.0,0.0,0.0,0.0,0.0,0.0,0.014130946773433824,8.012246820536964,21.80405087140839,0.16957136128120587,0.0,0.0,0.0,0.0,0.0,0.0,0.0,0.0,0.0,0.0,0.0,0.0,0.0,0.0,0.0,0.0
23800,4544,2355,0.5182658450704225,1093,889,0.43617957746478875,1251,0.5506161971830986,0.414,3.0050251256281406,3.1238296829947547,6.524409448818898,2.1238694643605105,9430.982771774832,1521.3602641210239,7853.0,10920.200972020626,10897.736184689953,7.005813407849124,7853.0,0.0,28.51100352112676,21.203270128303096,33.42253521126761,19.43907924834425,0.13600352112676056,0.09330985915492958,0.09639084507042253,0.08736795774647887,0.0818661971830986,0.0724031690140845,0.06668133802816902,0.06183978873239437,0.05743838028169014,0.05567781690140845,0.04951584507042254,0.03851232394366197,0.0332306338028169,0.028169014084507043,0.02090669014084507,0.013644366197183098,0.007042253521126761,0.9243336121066356,0.02347481534905021,0.0,0.0,0.0,0.0,0.0,0.0,0.0,0.0,0.0,0.0,0.0,0.0,0.0,0.0,0.0,0.0,0.0,0.0,0.0,0.0,0.0,0.0,0.0,0.0,0.0,0.22447183098591555,4.192341549295776,15.112235915492962,9.41461267605634,1.0563380281690142,4.306143344709898,2.894999184765618,nan,nan,nan,4.234728894989705,2.862404247623128,4.3767820773930755,2.9251683035751803,1.0335448114686727,0.4065,0.01052,0.0,0.0,0.0,0.0,0.0,0.0,0.0,0.0,0.0,0.0,0.0,8.345070422535198,21.522887323943664,0.13204225352112678,0.0,0.0,0.0,0.0,0.0,0.0,0.0,0.0,0.0,0.0,0.0,0.0,0.0,0.0,0.0,0.0,nan,nan,4.306143344709898,2.894999184765618,nan,0.4065,0.0494,0.0,0.0,0.0,0.0,0.0,0.0,0.0,0.0,0.0,0.0,0.0,0.0,0.0,0.0,0.0,0.0,0.0,0.0,0.0,0.0,0.0,0.0,0.0,0.0,5.501760563380282e-05,5.501760563380282e-05,6.602112676056337e-05,0.0010893485915492958,0.0006712147887323943,0.011212588028169015,0.004478433098591549,0.013193221830985915,0.03409991197183099,0.040525968309859155,0.03805017605633803,0.02636443661971831,0.03134903169014085,0.044465228873239435,0.07711267605633802,0.10893485915492958,0.06570202464788732,0.05776848591549296,0.07651848591549296,0.05451144366197183,0.07750880281690141,0.08434198943661972,0.047909330985915495,0.022799295774647888,0.033439700704225354,0.015327904929577465,0.01192781690140845,0.008758802816901409,0.00023107394366197182,0.009154929577464789,0.0019476232394366197,1.1003521126760564e-05,0.0,0.00040713028169014084,0.0,1.1003521126760564e-05,0.0,0.0,0.0,0.0,0.0,0.0,0.0,0.0,0.0,0.0,0.0,0.0,0.0,0.0,0.0,0.0,0.0,0.0,0.0,0.0,0.0,0.0,0.0,0.0,0.0,0.0,0.0,0.0,0.0,0.0,0.0,0.0,0.0,0.0,0.0,0.0,0.0,0.0,0.0,0.0,0.0,nan,nan,4.306143344709898,2.894999184765618,nan,0.9248483432579445,0.02319415301671051,0.0,0.0,0.0,0.0,0.0,0.0,0.0,0.0,0.0,0.0,0.0,0.0,0.0,0.0,0.0,0.0,0.0,0.0,0.0,0.0,0.0,0.0,0.0,0.0,0.0,0.2292993630573249,3.949044585987262,15.235668789808921,9.477707006369428,1.1082802547770703,0.9237798469803986,0.02376061379656644,0.0,0.0,0.0,0.0,0.0,0.0,0.0,0.0,0.0,0.0,0.0,0.0,0.0,0.0,0.0,0.0,0.0,0.0,0.0,0.0,0.0,0.0,0.0,0.0,0.0,0.21927820922795802,4.454088624942897,14.979442667884882,9.34673366834171,1.0004568296025584,0.4062,0.01049,0.0,0.0,0.0,0.0,0.0,0.0,0.0,0.0,0.0,0.0,0.0,8.726114649681517,21.171974522293,0.10191082802547773,0.0,0.0,0.0,0.0,0.0,0.0,0.0,0.0,0.0,0.0,0.0,0.0,0.0,0.0,0.0,0.0,0.4067,0.010544,0.0,0.0,0.0,0.0,0.0,0.0,0.0,0.0,0.0,0.0,0.0,7.935130196436718,21.900411146642305,0.1644586569209685,0.0,0.0,0.0,0.0,0.0,0.0,0.0,0.0,0.0,0.0,0.0,0.0,0.0,0.0,0.0,0.0
23900,4544,2300,0.5061619718309859,1059,975,0.4476232394366197,1300,0.5721830985915493,0.40199999999999997,2.90017825311943,3.0733487174403615,6.502495840266223,2.26902980734534,9393.901158285104,1522.0354299362232,7853.0,10923.581906914711,10897.284723151093,7.218374230123443,7853.0,0.0,27.25,20.484793398113155,32.12549225518509,18.789475044835445,0.14150528169014084,0.1034330985915493,0.09639084507042253,0.0878080985915493,0.0838468309859155,0.0743838028169014,0.06976232394366197,0.06382042253521127,0.058098591549295774,0.0488556338028169,0.04863556338028169,0.037411971830985914,0.03125,0.023767605633802816,0.018485915492957746,0.007922535211267605,0.0046214788732394365,0.9237567752363606,0.023309502517423964,0.0,0.0,0.0,0.0,0.0,0.0,0.0,0.0,0.0,0.0,0.0,0.0,0.0,0.0,0.0,0.0,0.0,0.0,0.0,0.0,0.0,0.0,0.0,0.0,0.0,0.2178697183098592,4.522447183098592,14.960387323943666,9.388204225352114,0.9110915492957748,4.291420632163946,2.8793317994869576,nan,nan,nan,4.353514265831594,2.891016820318353,4.229542302357836,2.8663020750162413,0.9715237034028469,0.4058,0.01057,0.0,0.0,0.0,0.0,0.0,0.0,0.0,0.0,0.0,0.0,0.0,8.761003521126748,21.166373239436624,0.07262323943661973,0.0,0.0,0.0,0.0,0.0,0.0,0.0,0.0,0.0,0.0,0.0,0.0,0.0,0.0,0.0,0.0,nan,nan,4.291420632163946,2.8793317994869576,nan,0.4058,0.04922,0.0,0.0,0.0,0.0,0.0,0.0,0.0,0.0,0.0,0.0,0.0,0.0,0.0,0.0,0.0,0.0,0.0,0.0,0.0,0.0,0.0,0.0,0.0,0.0,4.4014084507042256e-05,0.0,1.1003521126760564e-05,0.0011443661971830986,0.0003851232394366197,0.011564700704225352,0.004896566901408451,0.013138204225352113,0.03615757042253521,0.04200044014084507,0.036113556338028166,0.02420774647887324,0.03186619718309859,0.04467429577464789,0.07765184859154929,0.11395246478873239,0.0694212147887324,0.057680457746478876,0.07305237676056338,0.05576584507042254,0.07683758802816902,0.08339568661971831,0.045158450704225354,0.021170774647887323,0.03265845070422535,0.015889084507042253,0.010673415492957746,0.00897887323943662,0.0002640845070422535,0.008758802816901409,0.0022557218309859155,0.0,0.0,0.00023107394366197182,0.0,0.0,0.0,0.0,0.0,0.0,0.0,0.0,0.0,0.0,0.0,0.0,0.0,0.0,0.0,0.0,0.0,0.0,0.0,0.0,0.0,0.0,0.0,0.0,0.0,0.0,0.0,0.0,0.0,0.0,0.0,0.0,0.0,0.0,0.0,0.0,0.0,0.0,0.0,0.0,0.0,0.0,0.0,nan,nan,4.291420632163946,2.8793317994869576,nan,0.9237318302237469,0.023660066315084702,0.0,0.0,0.0,0.0,0.0,0.0,0.0,0.0,0.0,0.0,0.0,0.0,0.0,0.0,0.0,0.0,0.0,0.0,0.0,0.0,0.0,0.0,0.0,0.0,0.0,0.2086956521739131,4.682608695652175,15.026086956521743,9.03913043478261,1.0434782608695654,0.9237823427626581,0.02294460445759557,0.0,0.0,0.0,0.0,0.0,0.0,0.0,0.0,0.0,0.0,0.0,0.0,0.0,0.0,0.0,0.0,0.0,0.0,0.0,0.0,0.0,0.0,0.0,0.0,0.0,0.22727272727272732,4.358288770053477,14.89304812834225,9.745989304812836,0.7754010695187168,0.4058,0.010635,0.0,0.0,0.0,0.0,0.0,0.0,0.0,0.0,0.0,0.0,0.0,8.726086956521726,21.182608695652178,0.09130434782608698,0.0,0.0,0.0,0.0,0.0,0.0,0.0,0.0,0.0,0.0,0.0,0.0,0.0,0.0,0.0,0.0,0.4058,0.0105,0.0,0.0,0.0,0.0,0.0,0.0,0.0,0.0,0.0,0.0,0.0,8.796791443850255,21.149732620320858,0.05347593582887702,0.0,0.0,0.0,0.0,0.0,0.0,0.0,0.0,0.0,0.0,0.0,0.0,0.0,0.0,0.0,0.0
24000,4496,2352,0.5231316725978647,1075,927,0.4452846975088968,1282,0.5702846975088968,0.41,2.9762126865671643,3.072187073967175,6.475083056478406,2.213716769738897,9445.752770395002,1520.7034076423022,7853.0,10921.030161678791,10897.649853612214,7.016221354763511,7853.0,0.0,28.062722419928825,20.836073847329008,32.91031390134529,19.090515257870553,0.1376779359430605,0.10120106761565836,0.09141459074733096,0.08451957295373666,0.08073843416370106,0.07517793594306049,0.07006227758007118,0.06138790035587188,0.05894128113879003,0.05849644128113879,0.046708185053380785,0.04203736654804271,0.03291814946619217,0.023798932384341637,0.017348754448398576,0.010008896797153026,0.007562277580071174,0.9246794086122003,0.0230514430890039,0.0,0.0,0.0,0.0,0.0,0.0,0.0,0.0,0.0,0.0,0.0,0.0,0.0,0.0,0.0,0.0,0.0,0.0,0.0,0.0,0.0,0.0,0.0,0.0,0.0,0.1601423487544484,3.8834519572953745,15.607206405693953,9.254893238434166,1.0943060498220643,4.240976280508766,2.886537523573182,nan,nan,nan,4.271604938271605,2.8583913051799654,4.210199862164025,2.9142215326411653,0.9856248232233699,0.4055,0.01043,0.0,0.0,0.0,0.0,0.0,0.0,0.0,0.0,0.0,0.0,0.0,8.827846975088955,21.065391459074736,0.10676156583629896,0.0,0.0,0.0,0.0,0.0,0.0,0.0,0.0,0.0,0.0,0.0,0.0,0.0,0.0,0.0,0.0,nan,nan,4.240976280508766,2.886537523573182,nan,0.4055,0.04913,0.0,0.0,0.0,0.0,0.0,0.0,0.0,0.0,0.0,0.0,0.0,0.0,0.0,0.0,0.0,0.0,0.0,0.0,0.0,0.0,0.0,0.0,0.0,0.0,0.00013345195729537367,0.0,2.224199288256228e-05,0.001201067615658363,0.00022241992882562276,0.011298932384341638,0.006516903914590747,0.0119105871886121,0.03553158362989324,0.044884341637010675,0.03664368327402135,0.02276467971530249,0.03316281138790036,0.0451067615658363,0.07592304270462634,0.11377891459074733,0.06544706405693951,0.056183274021352314,0.07556717081850534,0.06095418149466192,0.07404359430604983,0.08341859430604982,0.04649688612099644,0.022775800711743774,0.03344083629893239,0.014802046263345196,0.008852313167259786,0.007606761565836299,0.00026690391459074735,0.0086076512455516,0.002268683274021352,0.0,0.0,0.0001668149466192171,0.0,0.0,0.0,0.0,0.0,0.0,0.0,0.0,0.0,0.0,0.0,0.0,0.0,0.0,0.0,0.0,0.0,0.0,0.0,0.0,0.0,0.0,0.0,0.0,0.0,0.0,0.0,0.0,0.0,0.0,0.0,0.0,0.0,0.0,0.0,0.0,0.0,0.0,0.0,0.0,0.0,0.0,0.0,nan,nan,4.240976280508766,2.886537523573182,nan,0.9252252899819896,0.022895833213390455,0.0,0.0,0.0,0.0,0.0,0.0,0.0,0.0,0.0,0.0,0.0,0.0,0.0,0.0,0.0,0.0,0.0,0.0,0.0,0.0,0.0,0.0,0.0,0.0,0.0,0.15306122448979595,3.6607142857142865,15.548469387755105,9.540816326530614,1.0969387755102042,0.9240805686020584,0.02320618485732536,0.0,0.0,0.0,0.0,0.0,0.0,0.0,0.0,0.0,0.0,0.0,0.0,0.0,0.0,0.0,0.0,0.0,0.0,0.0,0.0,0.0,0.0,0.0,0.0,0.0,0.16791044776119404,4.127798507462687,15.67164179104478,8.941231343283583,1.0914179104477615,0.4055,0.010574,0.0,0.0,0.0,0.0,0.0,0.0,0.0,0.0,0.0,0.0,0.0,8.749999999999988,21.084183673469393,0.1658163265306123,0.0,0.0,0.0,0.0,0.0,0.0,0.0,0.0,0.0,0.0,0.0,0.0,0.0,0.0,0.0,0.0,0.4055,0.01027,0.0,0.0,0.0,0.0,0.0,0.0,0.0,0.0,0.0,0.0,0.0,8.913246268656703,21.04477611940299,0.04197761194029851,0.0,0.0,0.0,0.0,0.0,0.0,0.0,0.0,0.0,0.0,0.0,0.0,0.0,0.0,0.0,0.0
24100,4658,2335,0.5012881064834693,1013,1003,0.43280377844568485,1293,0.5551738943752683,0.40199999999999997,2.894532931554025,3.1366606342839667,6.652996845425868,2.1751606438349493,9379.025378247285,1522.1073846804925,7853.0,10921.141855120659,10897.208227784093,7.108894387019721,7853.0,0.0,27.566337483898668,20.767704566619695,32.39514687100894,19.140721788841752,0.1369686560755689,0.1056247316444826,0.1009016745384285,0.08587376556462001,0.08136539287247746,0.07406612279948475,0.06719622155431516,0.06569343065693431,0.05452984113353371,0.0476599398883641,0.04680120223271791,0.041004723057106056,0.034993559467582654,0.023400601116358954,0.01567196221554315,0.0111635895234006,0.007084585659081151,0.9229574224860845,0.023008521144124192,0.0,0.0,0.0,0.0,0.0,0.0,0.0,0.0,0.0,0.0,0.0,0.0,0.0,0.0,0.0,0.0,0.0,0.0,0.0,0.0,0.0,0.0,0.0,0.0,0.0,0.23185916702447407,4.4182052382997,15.476599398883645,8.978102189781023,0.8952340060111638,4.360705802511029,2.9431653892178824,nan,nan,nan,4.304697986577181,2.8942974613356403,4.417982155113246,2.9912304755884738,1.0263164033549637,0.406,0.01047,0.0,0.0,0.0,0.0,0.0,0.0,0.0,0.0,0.0,0.0,0.0064405324173465025,8.559467582653486,21.273078574495496,0.16101331043366254,0.0,0.0,0.0,0.0,0.0,0.0,0.0,0.0,0.0,0.0,0.0,0.0,0.0,0.0,0.0,0.0,nan,nan,4.360705802511029,2.9431653892178824,nan,0.406,0.04922,0.0,0.0,0.0,0.0,0.0,0.0,0.0,0.0,0.0,0.0,0.0,0.0,0.0,0.0,0.0,0.0,0.0,0.0,0.0,0.0,0.0,0.0,0.0,0.0,0.000150279089738085,0.0,8.587376556462001e-05,0.0011914984972091027,0.00023615285530270502,0.010541004723057107,0.006343924431086303,0.012000858737655646,0.03441391155002147,0.04798196650923143,0.036614426792614854,0.020352082438814943,0.033662516101331044,0.0470910261914985,0.07322885358522971,0.1069235723486475,0.0698475740661228,0.0553885787891799,0.0740446543580936,0.06246243022756548,0.07355088020609704,0.08686131386861314,0.04801416917131816,0.022391584370974667,0.03376985830828682,0.015113782739373121,0.008158007728638901,0.007578359811077716,0.00032202662086732505,0.008576642335766424,0.00291970802919708,0.0,0.0,0.0001824817518248175,0.0,0.0,0.0,0.0,0.0,0.0,0.0,0.0,0.0,0.0,0.0,0.0,0.0,0.0,0.0,0.0,0.0,0.0,0.0,0.0,0.0,0.0,0.0,0.0,0.0,0.0,0.0,0.0,0.0,0.0,0.0,0.0,0.0,0.0,0.0,0.0,0.0,0.0,0.0,0.0,0.0,0.0,0.0,nan,nan,4.360705802511029,2.9431653892178824,nan,0.9230734407263599,0.023516493579398463,0.0,0.0,0.0,0.0,0.0,0.0,0.0,0.0,0.0,0.0,0.0,0.0,0.0,0.0,0.0,0.0,0.0,0.0,0.0,0.0,0.0,0.0,0.0,0.0,0.0,0.2312633832976446,4.50963597430407,15.430406852248398,8.762312633832979,1.0663811563169168,0.9228408049264449,0.022485760089525086,0.0,0.0,0.0,0.0,0.0,0.0,0.0,0.0,0.0,0.0,0.0,0.0,0.0,0.0,0.0,0.0,0.0,0.0,0.0,0.0,0.0,0.0,0.0,0.0,0.0,0.23245802841153684,4.326302195436936,15.52303056392596,9.195006457167457,0.7232027550581147,0.4062,0.010574,0.0,0.0,0.0,0.0,0.0,0.0,0.0,0.0,0.0,0.0,0.012847965738758033,8.312633832976433,21.54603854389722,0.12847965738758033,0.0,0.0,0.0,0.0,0.0,0.0,0.0,0.0,0.0,0.0,0.0,0.0,0.0,0.0,0.0,0.0,0.4058,0.01035,0.0,0.0,0.0,0.0,0.0,0.0,0.0,0.0,0.0,0.0,0.0,8.807576409814882,20.998708566508828,0.1937150236762807,0.0,0.0,0.0,0.0,0.0,0.0,0.0,0.0,0.0,0.0,0.0,0.0,0.0,0.0,0.0,0.0
24200,4298,2175,0.5060493252675663,1009,874,0.4381107491856677,1227,0.5709632387156817,0.418,2.910032972209138,3.091920114460029,6.505050505050505,2.2256860057300174,9393.404980768752,1521.887976659331,7853.0,10922.021930098534,10896.981888434066,7.120290966887463,7853.0,0.0,27.94299674267101,20.91166153674875,32.999443981095354,19.109432735827507,0.1465798045602606,0.09422987436016753,0.09283387622149837,0.08911121451838064,0.07515123313168916,0.07212657049790601,0.06956724057701257,0.06444858073522569,0.05886458818054909,0.05467659376454165,0.050488599348534204,0.04071661237785016,0.0288506281991624,0.02629129827826896,0.018380642159143788,0.01209865053513262,0.005583992554676594,0.9226306737329084,0.02313625965996584,0.0,0.0,0.0,0.0,0.0,0.0,0.0,0.0,0.0,0.0,0.0,0.0,0.0,0.0,0.0,0.0,0.0,0.0,0.0,0.0,0.0,0.0,0.0,0.0,0.0,0.21637971149371807,4.578873894834808,15.691019078641231,8.67612843182876,0.8375988832014892,4.234375,2.8252024601380956,nan,nan,nan,4.280087527352298,2.7926712452068263,4.188993482983346,2.8564082078838355,0.9787167800221824,0.4065,0.01054,0.0,0.0,0.0,0.0,0.0,0.0,0.0,0.0,0.0,0.0,0.0,7.936249418334097,21.966030711959053,0.09771986970684042,0.0,0.0,0.0,0.0,0.0,0.0,0.0,0.0,0.0,0.0,0.0,0.0,0.0,0.0,0.0,0.0,nan,nan,4.234375,2.8252024601380956,nan,0.4065,0.04938,0.0,0.0,0.0,0.0,0.0,0.0,0.0,0.0,0.0,0.0,0.0,0.0,0.0,0.0,0.0,0.0,0.0,0.0,0.0,0.0,0.0,0.0,0.0,0.0,0.00015123313168915775,0.0,0.00023266635644485808,0.0011284318287575618,0.00017449976733364356,0.009481154025127966,0.007224290367612843,0.011970684039087949,0.03360865518845975,0.04797580269892973,0.036610051186598415,0.01793857608189856,0.03441135411819451,0.04872033503955328,0.07408096789204281,0.10303629595160539,0.07415076779897627,0.050953932061423915,0.07007910656119125,0.06208701721731038,0.07452303396928804,0.09328757561656585,0.04413680781758958,0.022743136342484878,0.037249883666821776,0.017298743601675198,0.008073522568636575,0.006956724057701256,0.00017449976733364356,0.00813168915774779,0.0029781293624941835,0.0,9.306654257794323e-05,0.0003373662168450442,0.0,0.0,0.0,0.0,0.0,0.0,0.0,0.0,0.0,0.0,0.0,0.0,0.0,0.0,0.0,0.0,0.0,0.0,0.0,0.0,0.0,0.0,0.0,0.0,0.0,0.0,0.0,0.0,0.0,0.0,0.0,0.0,0.0,0.0,0.0,0.0,0.0,0.0,0.0,0.0,0.0,0.0,0.0,nan,nan,4.234375,2.8252024601380956,nan,0.9222989025609246,0.02363741464251599,0.0,0.0,0.0,0.0,0.0,0.0,0.0,0.0,0.0,0.0,0.0,0.0,0.0,0.0,0.0,0.0,0.0,0.0,0.0,0.0,0.0,0.0,0.0,0.0,0.0,0.24827586206896557,4.841379310344829,15.31034482758621,8.800000000000002,0.8000000000000002,0.9229705711888975,0.02260626463299538,0.0,0.0,0.0,0.0,0.0,0.0,0.0,0.0,0.0,0.0,0.0,0.0,0.0,0.0,0.0,0.0,0.0,0.0,0.0,0.0,0.0,0.0,0.0,0.0,0.0,0.18370230805463972,4.309938765897316,16.08101742816769,8.549222797927463,0.876118699952897,0.4062,0.01064,0.0,0.0,0.0,0.0,0.0,0.0,0.0,0.0,0.0,0.0,0.0,8.28965517241378,21.627586206896556,0.08275862068965519,0.0,0.0,0.0,0.0,0.0,0.0,0.0,0.0,0.0,0.0,0.0,0.0,0.0,0.0,0.0,0.0,0.4067,0.010414,0.0,0.0,0.0,0.0,0.0,0.0,0.0,0.0,0.0,0.0,0.0,7.574187470560516,22.312764955252007,0.11304757418747059,0.0,0.0,0.0,0.0,0.0,0.0,0.0,0.0,0.0,0.0,0.0,0.0,0.0,0.0,0.0,0.0
24300,4473,2302,0.5146434160518668,1088,927,0.4504806617482674,1256,0.5615917728593784,0.41,2.951174573929065,3.0882031750978918,6.591216216216216,2.1368209860031606,9419.66348683409,1521.4419030928207,7853.0,10928.505598187447,10897.172796094215,7.0498824517131276,7853.0,0.0,27.63223787167449,20.672702171953677,32.59263214095035,18.928733322141504,0.14084507042253522,0.10440420299575229,0.09121395036887994,0.08428347864967584,0.08383635144198524,0.0744466800804829,0.0701989716074223,0.0670690811535882,0.05700871898054997,0.05030181086519115,0.04426559356136821,0.03755868544600939,0.03420523138832998,0.0297339593114241,0.01564945226917058,0.010507489380728817,0.004471272076905879,0.9216256823258301,0.023191139179328767,0.0,0.0,0.0,0.0,0.0,0.0,0.0,0.0,0.0,0.0,0.0,0.0,0.0,0.0,0.0,0.0,0.0,0.0,0.0,0.0,0.0,0.0,0.0,0.0,0.006706908115358822,0.2213279678068411,5.251509054325957,15.378940308517777,8.316566063044938,0.824949698189135,4.319260293091417,2.883337410675983,nan,nan,nan,4.3087719298245615,2.9362991805687235,4.330555555555556,2.830716384047258,1.0050556460369164,0.4075,0.01067,0.0,0.0,0.0,0.0,0.0,0.0,0.0,0.0,0.0,0.0,0.0,7.230046948356797,22.541918175720998,0.22803487592219993,0.0,0.0,0.0,0.0,0.0,0.0,0.0,0.0,0.0,0.0,0.0,0.0,0.0,0.0,0.0,0.0,nan,nan,4.319260293091417,2.883337410675983,nan,0.4075,0.04935,0.0,0.0,0.0,0.0,0.0,0.0,0.0,0.0,0.0,0.0,0.0,0.0,0.0,0.0,0.0,0.0,0.0,0.0,0.0,0.0,0.0,0.0,0.0,0.0,6.70690811535882e-05,0.0,0.00033534540576794097,0.0012519561815336462,0.000223563603845294,0.009009613234965347,0.008473060585736642,0.012027721886876817,0.0320143080706461,0.04626648781578359,0.0335345405767941,0.017180862955510842,0.03251732617929801,0.04964229823384753,0.07081377151799687,0.10141962888441762,0.07309412027721887,0.052436843281913705,0.07104851330203443,0.06463223787167449,0.07594455622624637,0.09872568745808183,0.044589760786943884,0.021696847753185783,0.03970489604292421,0.017180862955510842,0.007019897160742231,0.006818689917281466,0.00023474178403755868,0.008774871450927788,0.002939861390565616,0.0,0.00010060362173038229,0.00027945450480661746,0.0,0.0,0.0,0.0,0.0,0.0,0.0,0.0,0.0,0.0,0.0,0.0,0.0,0.0,0.0,0.0,0.0,0.0,0.0,0.0,0.0,0.0,0.0,0.0,0.0,0.0,0.0,0.0,0.0,0.0,0.0,0.0,0.0,0.0,0.0,0.0,0.0,0.0,0.0,0.0,0.0,0.0,0.0,nan,nan,4.319260293091417,2.883337410675983,nan,0.921528783106576,0.02310267312717717,0.0,0.0,0.0,0.0,0.0,0.0,0.0,0.0,0.0,0.0,0.0,0.0,0.0,0.0,0.0,0.0,0.0,0.0,0.0,0.0,0.0,0.0,0.0,0.0,0.0,0.22154648132059085,5.121633362293658,15.821025195482193,7.936576889661166,0.8992180712423982,0.9217284285269921,0.02328413572036402,0.0,0.0,0.0,0.0,0.0,0.0,0.0,0.0,0.0,0.0,0.0,0.0,0.0,0.0,0.0,0.0,0.0,0.0,0.0,0.0,0.0,0.0,0.0,0.0,0.013818516812528792,0.22109626900046067,5.389221556886229,14.910179640718566,8.719484108705668,0.7461999078765548,0.4077,0.01058,0.0,0.0,0.0,0.0,0.0,0.0,0.0,0.0,0.0,0.0,0.0,7.050390964378791,22.74109470026065,0.20851433536055608,0.0,0.0,0.0,0.0,0.0,0.0,0.0,0.0,0.0,0.0,0.0,0.0,0.0,0.0,0.0,0.0,0.4072,0.01077,0.0,0.0,0.0,0.0,0.0,0.0,0.0,0.0,0.0,0.0,0.0,7.420543528327949,22.330723169046525,0.24873330262551824,0.0,0.0,0.0,0.0,0.0,0.0,0.0,0.0,0.0,0.0,0.0,0.0,0.0,0.0,0.0,0.0
24400,4487,2338,0.5210608424336973,1130,915,0.4557610875863606,1261,0.5620681970135948,0.41,2.9660307119590508,3.0430844668056802,6.442434210526316,2.068714798304584,9439.092860802446,1520.6418676780295,7853.0,10920.723314285278,10896.968634054996,6.972785660164225,7853.0,0.0,28.437708936928907,20.900265889500307,33.25711275026344,19.103601536458747,0.13594829507466014,0.09694673501225763,0.09026075328727434,0.08335190550479162,0.08156897704479608,0.07555159349231112,0.06931134388232672,0.06529975484733674,0.06329396032984176,0.04791620236238021,0.051704925339870735,0.04145308669489637,0.03253844439491865,0.028972587474927567,0.01894361488745264,0.01181190104747047,0.005125919322487185,0.9216557125192935,0.022864093178054486,0.0,0.0,0.0,0.0,0.0,0.0,0.0,0.0,0.0,0.0,0.0,0.0,0.0,0.0,0.0,0.0,0.0,0.0,0.0,0.0,0.0,0.0,0.0,0.0,0.0,0.2072654334744819,4.9676844216625815,15.638511254735906,8.431022955203924,0.7555159349231114,4.185951815405497,2.869997286860913,nan,nan,nan,4.186155913978495,2.856260198192184,4.185743660041124,2.8839400106468056,0.999901519688745,0.4067,0.01051,0.0,0.0,0.0,0.0,0.0,0.0,0.0,0.0,0.0,0.0,0.0,7.856028526855349,21.976821930020066,0.16714954312458216,0.0,0.0,0.0,0.0,0.0,0.0,0.0,0.0,0.0,0.0,0.0,0.0,0.0,0.0,0.0,0.0,nan,nan,4.185951815405497,2.869997286860913,nan,0.4067,0.04938,0.0,0.0,0.0,0.0,0.0,0.0,0.0,0.0,0.0,0.0,0.0,0.0,0.0,0.0,0.0,0.0,0.0,0.0,0.0,0.0,0.0,0.0,1.1143302874972142e-05,0.0,0.00014486293737463784,0.0,0.00037887229774905283,0.0011477601961221305,0.0003008691776242478,0.010340985067974148,0.009973256073100067,0.012725651883218185,0.03223757521729441,0.04652328950300869,0.032694450635168265,0.01643637174058391,0.02955203922442612,0.050534878537998665,0.07568531312681079,0.09877423668375307,0.07269890795631825,0.05025629596612436,0.07122799197682193,0.06893247158457767,0.07827055939380433,0.09602184087363494,0.04428348562513929,0.020369957655449075,0.040049030532649875,0.015689770447960775,0.007053710719857366,0.006853131268107867,0.00017829284599955427,0.0078003120124804995,0.0027078225986182304,0.0,2.2286605749944284e-05,0.00012257633162469355,0.0,0.0,0.0,0.0,0.0,0.0,0.0,0.0,0.0,0.0,0.0,0.0,0.0,0.0,0.0,0.0,0.0,0.0,0.0,0.0,0.0,0.0,0.0,0.0,0.0,0.0,0.0,0.0,0.0,0.0,0.0,0.0,0.0,0.0,0.0,0.0,0.0,0.0,0.0,0.0,0.0,0.0,0.0,nan,nan,4.185951815405497,2.869997286860913,nan,0.9216169043929278,0.022803804406105854,0.0,0.0,0.0,0.0,0.0,0.0,0.0,0.0,0.0,0.0,0.0,0.0,0.0,0.0,0.0,0.0,0.0,0.0,0.0,0.0,0.0,0.0,0.0,0.0,0.0,0.23096663815226695,4.824636441402909,15.78272027373824,8.417450812660395,0.7442258340461935,0.9216979337382062,0.022929429575899433,0.0,0.0,0.0,0.0,0.0,0.0,0.0,0.0,0.0,0.0,0.0,0.0,0.0,0.0,0.0,0.0,0.0,0.0,0.0,0.0,0.0,0.0,0.0,0.0,0.0,0.18147975802698935,5.123313168915776,15.48161935784086,8.44578873894835,0.7677989762680318,0.4067,0.01052,0.0,0.0,0.0,0.0,0.0,0.0,0.0,0.0,0.0,0.0,0.0,7.9426860564585,21.89050470487597,0.16680923866552613,0.0,0.0,0.0,0.0,0.0,0.0,0.0,0.0,0.0,0.0,0.0,0.0,0.0,0.0,0.0,0.0,0.407,0.010506,0.0,0.0,0.0,0.0,0.0,0.0,0.0,0.0,0.0,0.0,0.0,7.7617496510004536,22.070730572359242,0.16751977664029785,0.0,0.0,0.0,0.0,0.0,0.0,0.0,0.0,0.0,0.0,0.0,0.0,0.0,0.0,0.0,0.0
24500,4363,2256,0.5170754068301627,1073,912,0.4549621819848728,1239,0.5679578271831309,0.422,2.9905078310393924,3.1432958132865525,6.798275862068966,2.0608829192020446,9427.268572155104,1521.401795741429,7853.0,10919.266395926476,10897.562845883296,7.002823059082225,7853.0,0.0,27.719229887691956,20.74192875955876,32.71373836891078,18.962719239213367,0.14164565665826268,0.0987852395140958,0.09168003667201467,0.08732523493009398,0.08640843456337383,0.07540683016273207,0.06578042631217053,0.06417602567041027,0.059362823745129495,0.05569562227824891,0.044235617694247074,0.03919321567728627,0.028650011460004583,0.02544121017648407,0.01879440751776301,0.011460004584001834,0.005959202383680954,0.9229953361164122,0.022722480488211207,0.0,0.0,0.0,0.0,0.0,0.0,0.0,0.0,0.0,0.0,0.0,0.0,0.0,0.0,0.0,0.0,0.0,0.0,0.0,0.0,0.0,0.0,0.0,0.0,0.0,0.17190006876002753,4.462525785010315,15.560394224157694,8.973183589273438,0.8319963327985334,4.251327433628319,2.9066635388681386,nan,nan,nan,4.252824858757062,2.9789146846022803,4.251420454545454,2.8325669422467112,0.9996697714440987,0.4067,0.010284,0.0,0.0,0.0,0.0,0.0,0.0,0.0,0.0,0.0,0.0,0.0,7.646115058446012,22.257620903048366,0.09626403850561543,0.0,0.0,0.0,0.0,0.0,0.0,0.0,0.0,0.0,0.0,0.0,0.0,0.0,0.0,0.0,0.0,nan,nan,4.251327433628319,2.9066635388681386,nan,0.4067,0.04956,0.0,0.0,0.0,0.0,0.0,0.0,0.0,0.0,0.0,0.0,0.0,0.0,0.0,0.0,0.0,0.0,0.0,0.0,0.0,0.0,0.0,0.0,0.0,0.0,0.00018336007334402934,0.0,0.00025212010084804036,0.0005844602337840935,0.000206280082512033,0.010577584231033693,0.011070364428145772,0.012227824891129956,0.03456337382534953,0.04643593857437543,0.03134311253724501,0.01849644739857896,0.02886775154710062,0.0487279394911758,0.07550997020398809,0.09766215906486363,0.0712812285124914,0.05257850103140041,0.07278248911299565,0.07198028879211552,0.07816869126747651,0.09223011689204676,0.043891817556727025,0.01932156772862709,0.039743295897318356,0.013648865459546184,0.008457483382993354,0.007724043089617236,0.00018336007334402934,0.008319963327985331,0.0027504011001604402,0.0,5.730002292000917e-05,0.00017190006876002752,0.0,0.0,0.0,0.0,0.0,0.0,0.0,0.0,0.0,0.0,0.0,0.0,0.0,0.0,0.0,0.0,0.0,0.0,0.0,0.0,0.0,0.0,0.0,0.0,0.0,0.0,0.0,0.0,0.0,0.0,0.0,0.0,0.0,0.0,0.0,0.0,0.0,0.0,0.0,0.0,0.0,0.0,0.0,nan,nan,4.251327433628319,2.9066635388681386,nan,0.92360637899726,0.022965067039731932,0.0,0.0,0.0,0.0,0.0,0.0,0.0,0.0,0.0,0.0,0.0,0.0,0.0,0.0,0.0,0.0,0.0,0.0,0.0,0.0,0.0,0.0,0.0,0.0,0.0,0.17287234042553196,4.242021276595746,15.438829787234045,9.135638297872342,1.0106382978723407,0.9223410823246739,0.02244139799579631,0.0,0.0,0.0,0.0,0.0,0.0,0.0,0.0,0.0,0.0,0.0,0.0,0.0,0.0,0.0,0.0,0.0,0.0,0.0,0.0,0.0,0.0,0.0,0.0,0.0,0.17085904129093502,4.698623635500713,15.690555291884198,8.799240626483153,0.6407214048410063,0.407,0.0102,0.0,0.0,0.0,0.0,0.0,0.0,0.0,0.0,0.0,0.0,0.0,7.473404255319138,22.46010638297873,0.06648936170212767,0.0,0.0,0.0,0.0,0.0,0.0,0.0,0.0,0.0,0.0,0.0,0.0,0.0,0.0,0.0,0.0,0.4065,0.01036,0.0,0.0,0.0,0.0,0.0,0.0,0.0,0.0,0.0,0.0,0.0,7.831039392501174,22.040816326530617,0.12814428096820127,0.0,0.0,0.0,0.0,0.0,0.0,0.0,0.0,0.0,0.0,0.0,0.0,0.0,0.0,0.0,0.0
24600,4124,2206,0.534917555771096,1024,823,0.4478661493695441,1146,0.5557710960232783,0.434,3.116266944734098,3.1551034903947763,6.685714285714286,2.221922315363479,9481.403626682975,1518.3997581120018,7853.0,10920.876597642899,10897.214214161646,7.068980275441188,7853.0,0.0,28.36348205625606,21.111650336291593,33.42700202370627,19.281607175132972,0.14136760426770126,0.09917555771096023,0.08462657613967023,0.08729388942774007,0.08195926285160039,0.07298739088263821,0.06547041707080505,0.06644034917555772,0.06547041707080505,0.0446168768186227,0.0460717749757517,0.0460717749757517,0.03225024248302619,0.028370514064015518,0.020126091173617848,0.009699321047526674,0.008001939864209506,0.9230661787360068,0.0229681823779598,0.0,0.0,0.0,0.0,0.0,0.0,0.0,0.0,0.0,0.0,0.0,0.0,0.0,0.0,0.0,0.0,0.0,0.0,0.0,0.0,0.0,0.0,0.0,0.0,0.0,0.2036857419980602,4.502909796314259,15.516488845780799,8.882153249272553,0.8947623666343358,4.218877740616871,2.9417787242957174,nan,nan,nan,4.234641006661732,2.9692002478253854,4.2029850746268655,2.91378453957406,0.9925245299459701,0.4062,0.010574,0.0,0.0,0.0,0.0,0.0,0.0,0.0,0.0,0.0,0.0,0.0,8.69301648884577,21.1905916585839,0.1163918525703201,0.0,0.0,0.0,0.0,0.0,0.0,0.0,0.0,0.0,0.0,0.0,0.0,0.0,0.0,0.0,0.0,nan,nan,4.218877740616871,2.9417787242957174,nan,0.4062,0.04956,0.0,0.0,0.0,0.0,0.0,0.0,0.0,0.0,0.0,0.0,0.0,0.0,0.0,0.0,0.0,0.0,0.0,0.0,0.0,0.0,0.0,0.0,0.0,0.0,0.00013336566440349176,0.0,0.0003273520853540252,0.000533462657613967,0.00019398642095053346,0.010172162948593598,0.010741998060135791,0.012960717749757517,0.03505092143549952,0.049321047526673135,0.030916585838991272,0.017931619786614936,0.03083171677982541,0.047635790494665375,0.07913433559650825,0.09813288069835112,0.0687439379243453,0.05233996120271581,0.07207807953443258,0.06880455868089234,0.08022550921435499,0.0905674102812803,0.04261639185257032,0.01899854510184287,0.040470417070805044,0.014354995150339476,0.008608147429679922,0.008232298739088264,0.0002667313288069835,0.007298739088263822,0.002133850630455868,0.0,1.2124151309408341e-05,0.00018186226964112513,0.0,0.0,0.0,4.8496605237633365e-05,0.0,0.0,0.0,0.0,0.0,0.0,0.0,0.0,0.0,0.0,0.0,0.0,0.0,0.0,0.0,0.0,0.0,0.0,0.0,0.0,0.0,0.0,0.0,0.0,0.0,0.0,0.0,0.0,0.0,0.0,0.0,0.0,0.0,0.0,0.0,0.0,0.0,0.0,0.0,nan,nan,4.218877740616871,2.9417787242957174,nan,0.9229712812120225,0.022966306805106453,0.0,0.0,0.0,0.0,0.0,0.0,0.0,0.0,0.0,0.0,0.0,0.0,0.0,0.0,0.0,0.0,0.0,0.0,0.0,0.0,0.0,0.0,0.0,0.0,0.0,0.20398912058023577,4.4877606527651865,15.530371713508616,8.89392565729828,0.8839528558476883,0.9231753257317886,0.022969854611631497,0.0,0.0,0.0,0.0,0.0,0.0,0.0,0.0,0.0,0.0,0.0,0.0,0.0,0.0,0.0,0.0,0.0,0.0,0.0,0.0,0.0,0.0,0.0,0.0,0.0,0.2033368091762253,4.5203336809176236,15.500521376433788,8.868613138686133,0.9071949947862359,0.4062,0.01066,0.0,0.0,0.0,0.0,0.0,0.0,0.0,0.0,0.0,0.0,0.0,8.608340888485934,21.282864913871265,0.10879419764279241,0.0,0.0,0.0,0.0,0.0,0.0,0.0,0.0,0.0,0.0,0.0,0.0,0.0,0.0,0.0,0.0,0.406,0.010475,0.0,0.0,0.0,0.0,0.0,0.0,0.0,0.0,0.0,0.0,0.0,8.790406673618339,21.084462982273205,0.12513034410844634,0.0,0.0,0.0,0.0,0.0,0.0,0.0,0.0,0.0,0.0,0.0,0.0,0.0,0.0,0.0,0.0
24700,4519,2333,0.5162646603230804,1111,933,0.4523124585085196,1273,0.5633989820756805,0.40599999999999997,3.0164684354986275,3.1357956900090667,6.697368421052632,2.0957019728488997,9424.62000597891,1521.3095463989018,7853.0,10930.588990449905,10897.213804980152,6.939387197053239,7853.0,0.0,27.62071254702368,20.801115672293307,32.650688559322035,19.060746016900843,0.14206682894445674,0.10245629564062846,0.09360477981854393,0.08807258242974109,0.07922106660765656,0.07568046027882275,0.06882053551670723,0.0650586412923213,0.05642841336578889,0.052002655454746624,0.04425757911042266,0.04226598805045364,0.033193184332817,0.022350077450763443,0.017703031644169063,0.010179243195397212,0.006638636866563399,0.9229412172900598,0.0227107916043385,0.0,0.0,0.0,0.0,0.0,0.0,0.0,0.0,0.0,0.0,0.0,0.0,0.0,0.0,0.0,0.0,0.0,0.0,0.0,0.0,0.0,0.0,0.0,0.0,0.0,0.2589068377959726,4.361584421332154,15.813233016154019,8.749723390130562,0.8165523345872983,4.4195659662418185,2.9516116357101847,nan,nan,nan,4.477224947442187,2.9608529485192845,4.360677966101695,2.940093313638929,0.9739689243429516,0.4065,0.01039,0.0,0.0,0.0,0.0,0.0,0.0,0.0,0.0,0.0,0.0,0.0,8.079221066607646,21.76145164859483,0.1593272847975216,0.0,0.0,0.0,0.0,0.0,0.0,0.0,0.0,0.0,0.0,0.0,0.0,0.0,0.0,0.0,0.0,nan,nan,4.4195659662418185,2.9516116357101847,nan,0.4065,0.04938,0.0,0.0,0.0,0.0,0.0,0.0,0.0,0.0,0.0,0.0,0.0,0.0,0.0,0.0,0.0,0.0,0.0,0.0,0.0,0.0,0.0,0.0,0.0,0.0,0.0002544810798849303,0.0,0.0002876742642177473,0.0005864129232131003,0.0001549015268864793,0.010267758353618057,0.009814118167736224,0.013000663863686656,0.03236335472449657,0.04867227262668732,0.03234122593494136,0.01791325514494357,0.030924983403407835,0.04966806815667183,0.07865678247399867,0.09681345430404957,0.06722726266873202,0.04963487497233901,0.07042487275946006,0.07336800177030317,0.0822305819871653,0.09385926089842886,0.042310245629564064,0.02003761894224386,0.038658995352954195,0.013764107103341448,0.008641292321310024,0.00796636423987608,6.638636866563399e-05,0.007213985394998894,0.002611197167514937,0.0,0.0,0.00026554547466253595,0.0,0.0,0.0,0.0,0.0,0.0,0.0,0.0,0.0,0.0,0.0,0.0,0.0,0.0,0.0,0.0,0.0,0.0,0.0,0.0,0.0,0.0,0.0,0.0,0.0,0.0,0.0,0.0,0.0,0.0,0.0,0.0,0.0,0.0,0.0,0.0,0.0,0.0,0.0,0.0,0.0,0.0,0.0,nan,nan,4.4195659662418185,2.9516116357101847,nan,0.9225573788831738,0.023242721451918007,0.0,0.0,0.0,0.0,0.0,0.0,0.0,0.0,0.0,0.0,0.0,0.0,0.0,0.0,0.0,0.0,0.0,0.0,0.0,0.0,0.0,0.0,0.0,0.0,0.0,0.3214744963566224,4.564937848264038,15.752250321474499,8.512644663523362,0.8486926703814832,0.9233508673372993,0.022121645294271283,0.0,0.0,0.0,0.0,0.0,0.0,0.0,0.0,0.0,0.0,0.0,0.0,0.0,0.0,0.0,0.0,0.0,0.0,0.0,0.0,0.0,0.0,0.0,0.0,0.0,0.19213174748398906,4.144556267154621,15.87831655992681,9.002744739249772,0.7822506861848126,0.4067,0.0104,0.0,0.0,0.0,0.0,0.0,0.0,0.0,0.0,0.0,0.0,0.0,7.843977711101575,21.97599657093871,0.1800257179597086,0.0,0.0,0.0,0.0,0.0,0.0,0.0,0.0,0.0,0.0,0.0,0.0,0.0,0.0,0.0,0.0,0.4065,0.01038,0.0,0.0,0.0,0.0,0.0,0.0,0.0,0.0,0.0,0.0,0.0,8.330283623055799,21.53247941445563,0.13723696248856362,0.0,0.0,0.0,0.0,0.0,0.0,0.0,0.0,0.0,0.0,0.0,0.0,0.0,0.0,0.0,0.0
24800,4443,2308,0.5194688273688949,1124,908,0.45734863830744993,1272,0.5725860904794058,0.414,2.953629976580796,3.0145944276663252,6.438625204582651,2.0526811516319072,9434.273933262566,1520.8645365235338,7853.0,10921.73073464632,10897.020834265848,6.991602504628495,7853.0,0.0,28.014629754670267,20.80570465466973,32.950174122689525,19.030427596199523,0.13954535223947784,0.10510916047715507,0.08080126040963313,0.08665316227774027,0.07967589466576637,0.08080126040963313,0.07292370020256583,0.06369570110285842,0.05739365293720459,0.053342336259284265,0.04321404456448346,0.04141345937429665,0.03308575286968265,0.02678370470402881,0.020931802835921675,0.009453072248480757,0.005176682421787081,0.9224774052021929,0.023004621510644793,0.0,0.0,0.0,0.0,0.0,0.0,0.0,0.0,0.0,0.0,0.0,0.0,0.0,0.0,0.0,0.0,0.0,0.0,0.0,0.0,0.0,0.0,0.0,0.0,0.0,0.22282241728561789,4.679270762997975,15.570560432140448,8.663065496286295,0.8642808912896693,4.210961737331955,2.8397927919584496,nan,nan,nan,4.26886145404664,2.837941823377701,4.1524601524601525,2.8404633413209046,0.9727324714471244,0.4065,0.01025,0.0,0.0,0.0,0.0,0.0,0.0,0.0,0.0,0.0,0.0,0.0,7.967589466576626,21.877110060769752,0.15530047265361244,0.0,0.0,0.0,0.0,0.0,0.0,0.0,0.0,0.0,0.0,0.0,0.0,0.0,0.0,0.0,0.0,nan,nan,4.210961737331955,2.8397927919584496,nan,0.4065,0.04895,0.0,0.0,0.0,0.0,0.0,0.0,0.0,0.0,0.0,0.0,0.0,0.0,0.0,0.0,0.0,0.0,0.0,0.0,0.0,0.0,0.0,0.0,0.0,0.0,0.00018005851901868106,0.0,0.00016880486158001352,0.0005401755570560432,0.00012379023182534324,0.009036686923250057,0.00947557956335809,0.014787305874409183,0.03293945532297997,0.04727661489984245,0.029822192212469054,0.01919873959036687,0.03125140670717983,0.04887463425613325,0.07864055818140896,0.10158676569885212,0.06629529597119063,0.047884312401530495,0.06855728111636282,0.0775489534098582,0.08256808462750394,0.09313526896241278,0.04370920549178483,0.018996173756470853,0.03896016205266712,0.013031735313977043,0.008350213819491335,0.007866306549628629,9.002925950934053e-05,0.0065383749718658565,0.0024307900067521947,0.0,0.0,0.0001350438892640108,0.0,0.0,0.0,0.0,0.0,0.0,0.0,0.0,0.0,0.0,0.0,0.0,0.0,0.0,0.0,0.0,0.0,0.0,0.0,0.0,0.0,0.0,0.0,0.0,0.0,0.0,0.0,0.0,0.0,0.0,0.0,0.0,0.0,0.0,0.0,0.0,0.0,0.0,0.0,0.0,0.0,0.0,0.0,nan,nan,4.210961737331955,2.8397927919584496,nan,0.9220115446858431,0.02278677713985402,0.0,0.0,0.0,0.0,0.0,0.0,0.0,0.0,0.0,0.0,0.0,0.0,0.0,0.0,0.0,0.0,0.0,0.0,0.0,0.0,0.0,0.0,0.0,0.0,0.0,0.16897746967071062,4.861351819757367,15.57192374350087,8.656845753899482,0.7409012131715773,0.9229810146034741,0.023227313363432787,0.0,0.0,0.0,0.0,0.0,0.0,0.0,0.0,0.0,0.0,0.0,0.0,0.0,0.0,0.0,0.0,0.0,0.0,0.0,0.0,0.0,0.0,0.0,0.0,0.0,0.28103044496487123,4.4824355971896965,15.569086651053867,8.669789227166278,0.997658079625293,0.4065,0.01029,0.0,0.0,0.0,0.0,0.0,0.0,0.0,0.0,0.0,0.0,0.0,8.09792027729635,21.746100519930682,0.15597920277296362,0.0,0.0,0.0,0.0,0.0,0.0,0.0,0.0,0.0,0.0,0.0,0.0,0.0,0.0,0.0,0.0,0.4065,0.01021,0.0,0.0,0.0,0.0,0.0,0.0,0.0,0.0,0.0,0.0,0.0,7.826697892271651,22.01873536299766,0.1545667447306792,0.0,0.0,0.0,0.0,0.0,0.0,0.0,0.0,0.0,0.0,0.0,0.0,0.0,0.0,0.0,0.0
24900,4321,2222,0.5142328164776672,1048,868,0.4434158759546401,1188,0.5498727146493867,0.434,3.0519294902334444,3.1798061375946176,6.8117443868739205,2.167621739083311,9418.936104606559,1521.9859506415157,7853.0,10923.327084064484,10898.188977499973,7.0766762306613415,7853.0,0.0,27.58227262207822,20.851559885544795,32.51615575807788,19.181701449613726,0.1404767414950243,0.1055311270539227,0.09349687572321222,0.08840546169868087,0.07891691738023605,0.0738255033557047,0.07613978245776441,0.06086554038417033,0.05739412173108077,0.05137699606572552,0.04165702383707475,0.03957417264522101,0.031474195788012034,0.023605646841009027,0.018282804906271696,0.011571395510298541,0.007405693126591067,0.9250442512442022,0.023082682416846745,0.0,0.0,0.0,0.0,0.0,0.0,0.0,0.0,0.0,0.0,0.0,0.0,0.0,0.0,0.0,0.0,0.0,0.0,0.0,0.0,0.0,0.0,0.0,0.0,0.006942837306179127,0.18745660726683644,3.9227030779912067,15.218699375144645,9.588058319833374,1.0761397824577645,4.377785896967483,2.9135246708244926,nan,nan,nan,4.383088235294117,2.906307925344528,4.371366279069767,2.921356783904167,0.9973256399152632,0.4072,0.010414,0.0,0.0,0.0,0.0,0.0,0.0,0.0,0.0,0.0,0.0,0.0,7.37329321916222,22.446193010877113,0.1805137699606573,0.0,0.0,0.0,0.0,0.0,0.0,0.0,0.0,0.0,0.0,0.0,0.0,0.0,0.0,0.0,0.0,nan,nan,4.377785896967483,2.9135246708244926,nan,0.4072,0.04865,0.0,0.0,0.0,0.0,0.0,0.0,0.0,0.0,0.0,0.0,0.0,0.0,0.0,0.0,0.0,0.0,0.0,0.0,0.0,0.0,0.0,0.0,0.0,0.0,0.00037028465632955334,0.0,0.0005669983800046285,0.0005207127979634344,0.00013885674612358251,0.008285119185373757,0.010865540384170331,0.0127053922703078,0.033256190696598006,0.042964591529738486,0.026510067114093958,0.020041657023837076,0.03163619532515621,0.04640129599629715,0.08283962045822726,0.1007868548947003,0.06722980791483453,0.050381856051839854,0.0690580884054617,0.077053922703078,0.0865193242305022,0.09163388104605416,0.04325387641749595,0.01991437167322379,0.03928488775746355,0.01246239296459153,0.00889840314741958,0.007347836149039574,0.0,0.006468410090256885,0.0025109928257347836,5.785697755149271e-05,1.1571395510298542e-05,2.3142791020597083e-05,0.0,0.0,0.0,0.0,0.0,0.0,0.0,0.0,0.0,0.0,0.0,0.0,0.0,0.0,0.0,0.0,0.0,0.0,0.0,0.0,0.0,0.0,0.0,0.0,0.0,0.0,0.0,0.0,0.0,0.0,0.0,0.0,0.0,0.0,0.0,0.0,0.0,0.0,0.0,0.0,0.0,0.0,0.0,nan,nan,4.377785896967483,2.9135246708244926,nan,0.9255576628108587,0.023181031222445303,0.0,0.0,0.0,0.0,0.0,0.0,0.0,0.0,0.0,0.0,0.0,0.0,0.0,0.0,0.0,0.0,0.0,0.0,0.0,0.0,0.0,0.0,0.0,0.0,0.0,0.16201620162016203,3.92889288928893,15.02700270027003,9.666966696669668,1.2151215121512153,0.9245007541021771,0.02296560893738452,0.0,0.0,0.0,0.0,0.0,0.0,0.0,0.0,0.0,0.0,0.0,0.0,0.0,0.0,0.0,0.0,0.0,0.0,0.0,0.0,0.0,0.0,0.0,0.0,0.014292520247737021,0.21438780371605531,3.9161505478799437,15.421629347308246,9.504525964745119,0.9290138161029063,0.4072,0.01038,0.0,0.0,0.0,0.0,0.0,0.0,0.0,0.0,0.0,0.0,0.0,7.304230423042293,22.53375337533754,0.16201620162016203,0.0,0.0,0.0,0.0,0.0,0.0,0.0,0.0,0.0,0.0,0.0,0.0,0.0,0.0,0.0,0.0,0.407,0.01044,0.0,0.0,0.0,0.0,0.0,0.0,0.0,0.0,0.0,0.0,0.0,7.446403049070976,22.353501667460698,0.2000952834683183,0.0,0.0,0.0,0.0,0.0,0.0,0.0,0.0,0.0,0.0,0.0,0.0,0.0,0.0,0.0,0.0
25000,4668,2440,0.5227077977720651,1190,931,0.45437017994858614,1297,0.5556983718937446,0.41,2.970825852782765,3.1186230216812607,6.544740973312402,2.2698539300649703,9444.663741799213,1520.9551748308438,7853.0,10920.374315619469,10898.035387999478,7.01072526388291,7853.0,0.0,28.167309340188517,20.846833662146718,32.87342091965639,19.141382327379535,0.1347472150814053,0.09961439588688946,0.09404455869751499,0.08718937446443874,0.0760497000856898,0.07562125107112254,0.07390745501285347,0.06533847472150814,0.059554413024850046,0.05398457583547558,0.04562982005141388,0.03963153384747215,0.030634104541559553,0.028277634961439587,0.017566409597257925,0.011353898886032563,0.006855184233076264,0.9247349397229045,0.022997362941733806,0.0,0.0,0.0,0.0,0.0,0.0,0.0,0.0,0.0,0.0,0.0,0.0,0.0,0.0,0.0,0.0,0.0,0.0,0.0,0.0,0.0,0.0,0.0,0.0,0.0,0.17352185089974298,3.9717223650385614,15.34061696658098,9.4987146529563,1.0154241645244217,4.201642036124794,2.9174854655419282,nan,nan,nan,4.171763175016266,2.972072844886672,4.232095490716181,2.8604555500385325,1.0144620663179615,0.4065,0.01038,0.0,0.0,0.0,0.0,0.0,0.0,0.0,0.0,0.0,0.0,0.0,7.962724935732637,21.95372750642674,0.08354755784061699,0.0,0.0,0.0,0.0,0.0,0.0,0.0,0.0,0.0,0.0,0.0,0.0,0.0,0.0,0.0,0.0,nan,nan,4.201642036124794,2.9174854655419282,nan,0.4065,0.04883,0.0,0.0,0.0,0.0,0.0,0.0,0.0,0.0,0.0,0.0,0.0,0.0,0.0,0.0,0.0,0.0,0.0,0.0,0.0,0.0,0.0,0.0,0.0,0.0,0.0004070265638389032,0.0,0.0005141388174807198,0.0002035132819194516,9.640102827763497e-05,0.009222365038560412,0.011932305055698372,0.014085261353898886,0.03465081405312768,0.04372322193658955,0.025931876606683803,0.021433161953727506,0.031105398457583547,0.04414095972579263,0.08053770351328192,0.10065338474721508,0.06756640959725793,0.050235646958012,0.07069408740359898,0.07929520137103685,0.08558269065981149,0.09011353898886032,0.04343401885175664,0.018412596401028276,0.03967437874892888,0.012017994858611825,0.007722793487574978,0.00831191088260497,1.0711225364181662e-05,0.006126820908311911,0.0020779777206512426,3.2133676092544985e-05,0.0,5.3556126820908315e-05,0.0,0.0,0.0,0.0,0.0,0.0,0.0,0.0,0.0,0.0,0.0,0.0,0.0,0.0,0.0,0.0,0.0,0.0,0.0,0.0,0.0,0.0,0.0,0.0,0.0,0.0,0.0,0.0,0.0,0.0,0.0,0.0,0.0,0.0,0.0,0.0,0.0,0.0,0.0,0.0,0.0,0.0,0.0,nan,nan,4.201642036124794,2.9174854655419282,nan,0.9256400066076732,0.022861674252124854,0.0,0.0,0.0,0.0,0.0,0.0,0.0,0.0,0.0,0.0,0.0,0.0,0.0,0.0,0.0,0.0,0.0,0.0,0.0,0.0,0.0,0.0,0.0,0.0,0.0,0.18442622950819676,3.688524590163935,15.282786885245905,9.762295081967215,1.0819672131147542,0.9237437533679513,0.023104410978973908,0.0,0.0,0.0,0.0,0.0,0.0,0.0,0.0,0.0,0.0,0.0,0.0,0.0,0.0,0.0,0.0,0.0,0.0,0.0,0.0,0.0,0.0,0.0,0.0,0.0,0.16157989228007183,4.281867145421904,15.403949730700182,9.210053859964095,0.9425493716337524,0.4067,0.010475,0.0,0.0,0.0,0.0,0.0,0.0,0.0,0.0,0.0,0.0,0.0,8.053278688524578,21.872950819672138,0.0737704918032787,0.0,0.0,0.0,0.0,0.0,0.0,0.0,0.0,0.0,0.0,0.0,0.0,0.0,0.0,0.0,0.0,0.4065,0.01028,0.0,0.0,0.0,0.0,0.0,0.0,0.0,0.0,0.0,0.0,0.0,7.86355475763015,22.042190305206468,0.09425493716337525,0.0,0.0,0.0,0.0,0.0,0.0,0.0,0.0,0.0,0.0,0.0,0.0,0.0,0.0,0.0,0.0
25100,4744,2457,0.5179173693086003,1166,969,0.45004215851602025,1333,0.561973018549747,0.422,2.9925666812418017,3.1626145854332677,6.808752025931929,2.1399316621648845,9430.057367029784,1521.5294790955206,7853.0,10919.872330784798,10897.998025718069,6.992777620828219,7853.0,0.0,27.602866779089375,20.81158854463598,32.71219018715225,19.03337106426632,0.14481450252951097,0.10012647554806071,0.09190556492411467,0.08747892074198989,0.08220910623946037,0.07715008431703205,0.06724283305227656,0.06323777403035413,0.05459527824620573,0.05227655986509275,0.04658516020236088,0.04047217537942664,0.031618887015177066,0.026981450252951095,0.01876053962900506,0.008431703204047217,0.006112984822934233,0.9252038305188713,0.022709189286165155,0.0,0.0,0.0,0.0,0.0,0.0,0.0,0.0,0.0,0.0,0.0,0.0,0.0,0.0,0.0,0.0,0.0,0.0,0.0,0.0,0.0,0.0,0.0,0.0,0.0,0.1327993254637437,3.9460370994940988,15.32251264755481,9.599494097807758,0.9991568296795955,4.39456450556647,3.0076060407783887,nan,nan,nan,4.382276843467012,3.02950928545859,4.407161803713528,2.9849315038326885,1.0056785459101276,0.407,0.01038,0.0,0.0,0.0,0.0,0.0,0.0,0.0,0.0,0.0,0.0,0.0,7.474704890387848,22.360876897133227,0.1644182124789208,0.0,0.0,0.0,0.0,0.0,0.0,0.0,0.0,0.0,0.0,0.0,0.0,0.0,0.0,0.0,0.0,nan,nan,4.39456450556647,3.0076060407783887,nan,0.407,0.04895,0.0,0.0,0.0,0.0,0.0,0.0,0.0,0.0,0.0,0.0,0.0,0.0,0.0,0.0,0.0,0.0,0.0,0.0,0.0,0.0,0.0,0.0,0.0,0.0,0.0006429173693086003,0.0,0.00034780775716694774,0.000484822934232715,7.377740303541316e-05,0.009770236087689713,0.012478920741989882,0.014460370994940979,0.031460792580101184,0.04406618887015177,0.02404089376053963,0.021405986509274874,0.033589797639123106,0.04465640809443507,0.07586424957841484,0.09887225969645869,0.06868676222596964,0.0476602023608769,0.07576939291736931,0.08082841483979764,0.08505480607082631,0.09098861720067454,0.04138912310286678,0.019361298482293423,0.04128372681281619,0.012247048903878583,0.007609612141652614,0.008653035413153458,6.323777403035413e-05,0.005902192242833052,0.002213322091062395,0.0,0.0,7.377740303541316e-05,0.0,0.0,0.0,0.0,0.0,0.0,0.0,0.0,0.0,0.0,0.0,0.0,0.0,0.0,0.0,0.0,0.0,0.0,0.0,0.0,0.0,0.0,0.0,0.0,0.0,0.0,0.0,0.0,0.0,0.0,0.0,0.0,0.0,0.0,0.0,0.0,0.0,0.0,0.0,0.0,0.0,0.0,0.0,nan,nan,4.39456450556647,3.0076060407783887,nan,0.9254551046642774,0.022465769839073235,0.0,0.0,0.0,0.0,0.0,0.0,0.0,0.0,0.0,0.0,0.0,0.0,0.0,0.0,0.0,0.0,0.0,0.0,0.0,0.0,0.0,0.0,0.0,0.0,0.0,0.0854700854700855,3.8217338217338224,15.335775335775338,9.902319902319904,0.8547008547008549,0.9249338783652802,0.022964765133462756,0.0,0.0,0.0,0.0,0.0,0.0,0.0,0.0,0.0,0.0,0.0,0.0,0.0,0.0,0.0,0.0,0.0,0.0,0.0,0.0,0.0,0.0,0.0,0.0,0.0,0.18364669873196332,4.0795802361171845,15.308264101442942,9.274158285964146,1.1543506777437693,0.4067,0.01043,0.0,0.0,0.0,0.0,0.0,0.0,0.0,0.0,0.0,0.0,0.0,7.606837606837597,22.197802197802204,0.19536019536019542,0.0,0.0,0.0,0.0,0.0,0.0,0.0,0.0,0.0,0.0,0.0,0.0,0.0,0.0,0.0,0.0,0.4072,0.01032,0.0,0.0,0.0,0.0,0.0,0.0,0.0,0.0,0.0,0.0,0.0,7.332750327940523,22.5360734586795,0.1311762133799738,0.0,0.0,0.0,0.0,0.0,0.0,0.0,0.0,0.0,0.0,0.0,0.0,0.0,0.0,0.0,0.0
25200,4826,2466,0.5109821798590966,1171,948,0.43907998342312476,1335,0.5532532117695814,0.418,2.9478813559322035,3.094458511185602,6.596969696969697,2.096459475500316,9408.990457143322,1522.1896755439113,7853.0,10923.145204544067,10898.097301773589,7.0460194986162366,7853.0,0.0,28.46249481972648,21.228434665977353,33.57354758961681,19.3811765598359,0.1413178615830916,0.09593866556154165,0.09013675922088686,0.08371322005801907,0.07977621218400331,0.07438872772482387,0.07604641525072524,0.05739743058433485,0.055532532117695814,0.04869457107335267,0.053253211769581435,0.0399917115623705,0.036883547451305426,0.026937422295897222,0.02175714877745545,0.01077496891835889,0.0074595938665561546,0.925431249055732,0.023056845938665728,0.0,0.0,0.0,0.0,0.0,0.0,0.0,0.0,0.0,0.0,0.0,0.0,0.0,0.0,0.0,0.0,0.0,0.0,0.0,0.0,0.0,0.0,0.0,0.0,0.0,0.21135515955242443,3.83547451305429,15.037297969332784,9.902610857853297,1.0132615002072112,4.352922389013095,2.8680678308100185,nan,nan,nan,4.255548509828789,2.8241657990829037,4.4517374517374515,2.908612373416303,1.0461019164640084,0.4072,0.010574,0.0,0.0,0.0,0.0,0.0,0.0,0.0,0.0,0.0,0.0,0.0,7.161210111893897,22.658516369664323,0.18027351844177378,0.0,0.0,0.0,0.0,0.0,0.0,0.0,0.0,0.0,0.0,0.0,0.0,0.0,0.0,0.0,0.0,nan,nan,4.352922389013095,2.8680678308100185,nan,0.4072,0.04892,0.0,0.0,0.0,0.0,0.0,0.0,0.0,0.0,0.0,0.0,0.0,0.0,0.0,0.0,0.0,0.0,0.0,0.0,0.0,0.0,0.0,0.0,0.0,0.0,0.0007874015748031496,0.0,0.00030045586406962285,0.00034189805221715707,2.0721094073767094e-05,0.009148363033568172,0.013002486531288852,0.013603398259428098,0.03063613758806465,0.0452134272689598,0.02324906755076668,0.023290509738914215,0.03511189390799834,0.044167012018234565,0.0718503937007874,0.09789680895151263,0.06886655615416494,0.04711976792374637,0.07486531288852051,0.08145462080397844,0.08690426854537919,0.09248860339825943,0.04197057604641525,0.019871529216742644,0.042105263157894736,0.01162453377538334,0.007200580190634066,0.00870285951098218,0.00010360547036883547,0.006060920016576875,0.0019581433899709903,0.0,1.0360547036883547e-05,7.252382925818484e-05,0.0,0.0,0.0,0.0,0.0,0.0,0.0,0.0,0.0,0.0,0.0,0.0,0.0,0.0,0.0,0.0,0.0,0.0,0.0,0.0,0.0,0.0,0.0,0.0,0.0,0.0,0.0,0.0,0.0,0.0,0.0,0.0,0.0,0.0,0.0,0.0,0.0,0.0,0.0,0.0,0.0,0.0,0.0,nan,nan,4.352922389013095,2.8680678308100185,nan,0.9253208817066647,0.023040155650110077,0.0,0.0,0.0,0.0,0.0,0.0,0.0,0.0,0.0,0.0,0.0,0.0,0.0,0.0,0.0,0.0,0.0,0.0,0.0,0.0,0.0,0.0,0.0,0.0,0.0,0.21897810218978106,3.844282238442823,14.902676399026767,10.036496350364967,0.9975669099756693,0.9255465735823422,0.023073708970152266,0.0,0.0,0.0,0.0,0.0,0.0,0.0,0.0,0.0,0.0,0.0,0.0,0.0,0.0,0.0,0.0,0.0,0.0,0.0,0.0,0.0,0.0,0.0,0.0,0.0,0.20338983050847462,3.8262711864406787,15.177966101694919,9.762711864406782,1.0296610169491527,0.4072,0.01058,0.0,0.0,0.0,0.0,0.0,0.0,0.0,0.0,0.0,0.0,0.0,7.092457420924564,22.725060827250616,0.18248175182481757,0.0,0.0,0.0,0.0,0.0,0.0,0.0,0.0,0.0,0.0,0.0,0.0,0.0,0.0,0.0,0.0,0.4072,0.01058,0.0,0.0,0.0,0.0,0.0,0.0,0.0,0.0,0.0,0.0,0.0,7.2330508474576165,22.588983050847464,0.1779661016949153,0.0,0.0,0.0,0.0,0.0,0.0,0.0,0.0,0.0,0.0,0.0,0.0,0.0,0.0,0.0,0.0
25300,4987,2585,0.5183477040304793,1262,1063,0.46621215159414475,1437,0.5762983757770203,0.38599999999999995,2.9288093255620318,3.0554701356182354,6.6070878274268106,2.0361930837370528,9431.834543061897,1521.9326077276528,7853.0,10926.204003334045,10898.89859429388,7.278661138690954,7853.0,0.0,27.859033487066373,20.546600774753816,32.64686311787072,18.787441948036594,0.13475035091237217,0.10126328453980349,0.08702626829757369,0.0902346099859635,0.08081010627631843,0.08802887507519551,0.06416683376779626,0.0661720473230399,0.05875275716863846,0.053739723280529374,0.047523561259274115,0.03789853619410467,0.03469019450571486,0.021856827752155604,0.01784640064166834,0.00902346099859635,0.006216162021255264,0.9282392587311789,0.023515183542172607,0.0,0.0,0.0,0.0,0.0,0.0,0.0,0.0,0.0,0.0,0.0,0.0,0.0,0.0,0.0,0.0,0.0,0.0,0.0,0.0,0.0,0.0,0.0,0.0,0.0,0.13835973531181073,3.3146180068177267,14.07659915781031,11.07479446561059,1.3956286344495692,4.209672482399755,2.914629321210511,nan,nan,nan,4.281846153846153,2.9327765223721896,4.138246041412911,2.894787005621783,0.9664630378407562,0.4075,0.01052,0.0,0.0,0.0,0.0,0.0,0.0,0.0,0.0,0.0,0.0,0.006015640665730902,7.242831361539994,22.61279326248246,0.13835973531181073,0.0,0.0,0.0,0.0,0.0,0.0,0.0,0.0,0.0,0.0,0.0,0.0,0.0,0.0,0.0,0.0,nan,nan,4.209672482399755,2.914629321210511,nan,0.4075,0.04907,0.0,0.0,0.0,0.0,0.0,0.0,0.0,0.0,0.0,0.0,0.0,0.0,0.0,0.0,0.0,0.0,0.0,0.0,0.0,0.0,0.0,0.0,0.0,0.0,0.0007920593543212352,0.0,0.0001503910166432725,0.0006516944054541808,0.0,0.009123721676358533,0.012562662923601364,0.013815921395628634,0.0307399238018849,0.044575897333065974,0.022358131140966513,0.025085221576097855,0.037046320433126126,0.04178865049127732,0.06945057148586324,0.09942851413675556,0.06942049328253459,0.048806897934630035,0.07070382995789051,0.08221375576498897,0.08859033487066373,0.09178865049127732,0.04044515740926408,0.021525967515540406,0.04333266492881492,0.011910968518147182,0.006707439342289954,0.008502105474233006,0.00011028674553839984,0.005915379987968718,0.0020753960296771607,3.00782033286545e-05,2.0052135552436335e-05,0.00033086023661519953,0.0,0.0,0.0,0.0,0.0,0.0,0.0,0.0,0.0,0.0,0.0,0.0,0.0,0.0,0.0,0.0,0.0,0.0,0.0,0.0,0.0,0.0,0.0,0.0,0.0,0.0,0.0,0.0,0.0,0.0,0.0,0.0,0.0,0.0,0.0,0.0,0.0,0.0,0.0,0.0,0.0,0.0,0.0,nan,nan,4.209672482399755,2.914629321210511,nan,0.9280468640982298,0.023905541425278926,0.0,0.0,0.0,0.0,0.0,0.0,0.0,0.0,0.0,0.0,0.0,0.0,0.0,0.0,0.0,0.0,0.0,0.0,0.0,0.0,0.0,0.0,0.0,0.0,0.0,0.15087040618955516,3.4816247582205038,13.775628626692459,11.129593810444877,1.4622823984526117,0.9284463112399938,0.02308592220523392,0.0,0.0,0.0,0.0,0.0,0.0,0.0,0.0,0.0,0.0,0.0,0.0,0.0,0.0,0.0,0.0,0.0,0.0,0.0,0.0,0.0,0.0,0.0,0.0,0.0,0.12489592006661118,3.134887593671941,14.40049958368027,11.015820149875108,1.3238967527060785,0.4072,0.01042,0.0,0.0,0.0,0.0,0.0,0.0,0.0,0.0,0.0,0.0,0.011605415860735012,7.264990328820106,22.607350096711805,0.11605415860735012,0.0,0.0,0.0,0.0,0.0,0.0,0.0,0.0,0.0,0.0,0.0,0.0,0.0,0.0,0.0,0.0,0.4075,0.01062,0.0,0.0,0.0,0.0,0.0,0.0,0.0,0.0,0.0,0.0,0.0,7.218984179850114,22.618651124063287,0.16236469608659454,0.0,0.0,0.0,0.0,0.0,0.0,0.0,0.0,0.0,0.0,0.0,0.0,0.0,0.0,0.0,0.0
25400,4516,2344,0.5190434012400355,1079,916,0.44176262178919395,1278,0.5659875996457041,0.414,2.9691528545119708,3.037134599447677,6.407051282051282,2.091117115859833,9434.028213821595,1521.924773075782,7853.0,10922.371159911156,10899.04241195321,7.109359463334811,7853.0,0.0,27.87466784765279,20.807359396355608,32.91717385551733,18.9991230798371,0.14260407440212577,0.10186005314437556,0.09078830823737821,0.08901682905225863,0.0737378210806023,0.07395925597874226,0.06753764393268379,0.06222320637732506,0.06111603188662533,0.053144375553587246,0.050265721877767934,0.04118689105403012,0.03720106288751107,0.02590788308237378,0.013728963684676704,0.010186005314437556,0.005535872453498672,0.9275124961158889,0.023459999891882986,0.0,0.0,0.0,0.0,0.0,0.0,0.0,0.0,0.0,0.0,0.0,0.0,0.0,0.0,0.0,0.0,0.0,0.0,0.0,0.0,0.0,0.0,0.0,0.0,0.0,0.16607617360496016,3.3746678476527907,14.342338352524362,10.635518157661648,1.4813994685562448,4.221342512908778,2.8162716753655563,nan,nan,nan,4.231520223152022,2.819677727452208,4.2114208021753905,2.8129118785077143,0.9952500709162014,0.4084,0.01045,0.0,0.0,0.0,0.0,0.0,0.0,0.0,0.0,0.0,0.0,0.0,6.344109831709469,23.423383525243583,0.23250664304694424,0.0,0.0,0.0,0.0,0.0,0.0,0.0,0.0,0.0,0.0,0.0,0.0,0.0,0.0,0.0,0.0,nan,nan,4.221342512908778,2.8162716753655563,nan,0.4084,0.04886,0.0,0.0,0.0,0.0,0.0,0.0,0.0,0.0,0.0,0.0,0.0,0.0,0.0,0.0,0.0,0.0,0.0,0.0,0.0,0.0,0.0,0.0,0.0,0.0,0.0008303808680248007,0.0,7.75022143489814e-05,0.0006200177147918512,0.00014393268379096546,0.00900132860938884,0.012322852081488042,0.01362931798051373,0.026904340124003542,0.04320194862710363,0.021855624446412755,0.025863596102745794,0.03527457927369353,0.04140832595217006,0.06650797165633304,0.09978963684676705,0.07186669619131975,0.05261293179805137,0.07056023029229407,0.0812555358724535,0.08979185119574845,0.09206155890168291,0.03941541186891054,0.024224977856510187,0.04294729849424269,0.01362931798051373,0.0077723649247121345,0.006964127546501328,0.0001550044286979628,0.006842338352524358,0.002269707705934455,1.1071744906997343e-05,1.1071744906997343e-05,0.0001771479185119575,0.0,0.0,0.0,0.0,0.0,0.0,0.0,0.0,0.0,0.0,0.0,0.0,0.0,0.0,0.0,0.0,0.0,0.0,0.0,0.0,0.0,0.0,0.0,0.0,0.0,0.0,0.0,0.0,0.0,0.0,0.0,0.0,0.0,0.0,0.0,0.0,0.0,0.0,0.0,0.0,0.0,0.0,0.0,nan,nan,4.221342512908778,2.8162716753655563,nan,0.9276695984317174,0.023469807722208684,0.0,0.0,0.0,0.0,0.0,0.0,0.0,0.0,0.0,0.0,0.0,0.0,0.0,0.0,0.0,0.0,0.0,0.0,0.0,0.0,0.0,0.0,0.0,0.0,0.0,0.1279863481228669,3.40443686006826,14.411262798634816,10.635665529010241,1.4206484641638228,0.9273429529168549,0.02344822989939027,0.0,0.0,0.0,0.0,0.0,0.0,0.0,0.0,0.0,0.0,0.0,0.0,0.0,0.0,0.0,0.0,0.0,0.0,0.0,0.0,0.0,0.0,0.0,0.0,0.0,0.207182320441989,3.342541436464089,14.267955801104975,10.635359116022101,1.5469613259668513,0.4082,0.010376,0.0,0.0,0.0,0.0,0.0,0.0,0.0,0.0,0.0,0.0,0.0,6.527303754266202,23.29351535836178,0.1791808873720137,0.0,0.0,0.0,0.0,0.0,0.0,0.0,0.0,0.0,0.0,0.0,0.0,0.0,0.0,0.0,0.0,0.4084,0.01054,0.0,0.0,0.0,0.0,0.0,0.0,0.0,0.0,0.0,0.0,0.0,6.146408839778997,23.563535911602216,0.29005524861878457,0.0,0.0,0.0,0.0,0.0,0.0,0.0,0.0,0.0,0.0,0.0,0.0,0.0,0.0,0.0,0.0
25500,4478,2318,0.517641804376954,1079,894,0.4405984814649397,1236,0.5520321572130416,0.426,3.0300925925925926,3.1797277414811997,6.712195121951219,2.253834505501144,9429.679721870516,1522.0051193858687,7853.0,10921.103319644928,10898.88947132708,7.136633646600677,7853.0,0.0,27.921616793211253,20.983901864250786,32.89888238424694,19.23626646883249,0.14381420276909335,0.09624832514515409,0.0949084412684234,0.08619919606967397,0.08217954443948192,0.07458686913800804,0.06319785618579724,0.06543099598034836,0.05984814649397052,0.055381866904868245,0.044662795891022775,0.036176864671728454,0.033720410897722194,0.027914247431889236,0.01563197856185797,0.012728896828941492,0.0073693613220187585,0.9268431661383496,0.02302129815139314,0.0,0.0,0.0,0.0,0.0,0.0,0.0,0.0,0.0,0.0,0.0,0.0,0.0,0.0,0.0,0.0,0.0,0.0,0.0,0.0,0.0,0.0,0.0,0.0,0.0,0.15408664582402862,3.3899062081286297,14.879410451094241,10.377400625279144,1.1991960696739619,4.328666433321666,2.9411675062811087,nan,nan,nan,4.211484593837535,2.9130888403032515,4.445766270118964,2.9643374691766464,1.0556292374010443,0.4084,0.01015,0.0,0.0,0.0,0.0,0.0,0.0,0.0,0.0,0.0,0.0,0.006699419383653418,6.243858865564976,23.54175971415811,0.20768200089325597,0.0,0.0,0.0,0.0,0.0,0.0,0.0,0.0,0.0,0.0,0.0,0.0,0.0,0.0,0.0,0.0,nan,nan,4.328666433321666,2.9411675062811087,nan,0.4084,0.04865,0.0,0.0,0.0,0.0,0.0,0.0,0.0,0.0,0.0,0.0,0.0,0.0,0.0,0.0,0.0,0.0,0.0,0.0,0.0,0.0,0.0,0.0,0.0,0.0,0.0008820902188476998,0.0,8.932559178204556e-05,0.00080393032603841,0.00032380527020991513,0.00739169271996427,0.011924966502903082,0.014213934792317999,0.026753014738722644,0.04299910674408218,0.02046672621706119,0.025993747208575255,0.03581956230460027,0.042619472979008484,0.06641357748995087,0.09924073246985261,0.07303483698079499,0.052858418937025455,0.0728338543992854,0.0789079946404645,0.08851049575703439,0.09569004019651631,0.036790978115230015,0.02658552925413131,0.04058731576596695,0.01439258597588209,0.007079053148727111,0.007324698526127735,8.932559178204556e-05,0.006643590888789638,0.0024787851719517643,2.233139794551139e-05,0.0,0.00023447967842786958,0.0,0.0,0.0,0.0,0.0,0.0,0.0,0.0,0.0,0.0,0.0,0.0,0.0,0.0,0.0,0.0,0.0,0.0,0.0,0.0,0.0,0.0,0.0,0.0,0.0,0.0,0.0,0.0,0.0,0.0,0.0,0.0,0.0,0.0,0.0,0.0,0.0,0.0,0.0,0.0,0.0,0.0,0.0,nan,nan,4.328666433321666,2.9411675062811087,nan,0.926833319936568,0.0232885149124765,0.0,0.0,0.0,0.0,0.0,0.0,0.0,0.0,0.0,0.0,0.0,0.0,0.0,0.0,0.0,0.0,0.0,0.0,0.0,0.0,0.0,0.0,0.0,0.0,0.0,0.1553062985332183,3.3779119930974986,14.948231233822264,10.263157894736844,1.2553925798101815,0.9268537325715577,0.022731036139676516,0.0,0.0,0.0,0.0,0.0,0.0,0.0,0.0,0.0,0.0,0.0,0.0,0.0,0.0,0.0,0.0,0.0,0.0,0.0,0.0,0.0,0.0,0.0,0.0,0.0,0.15277777777777782,3.4027777777777786,14.805555555555559,10.500000000000002,1.138888888888889,0.4084,0.010124,0.0,0.0,0.0,0.0,0.0,0.0,0.0,0.0,0.0,0.0,0.01294219154443486,6.031061259706635,23.74892148403797,0.20707506471095777,0.0,0.0,0.0,0.0,0.0,0.0,0.0,0.0,0.0,0.0,0.0,0.0,0.0,0.0,0.0,0.0,0.4084,0.01018,0.0,0.0,0.0,0.0,0.0,0.0,0.0,0.0,0.0,0.0,0.0,6.4722222222222126,23.31944444444445,0.2083333333333334,0.0,0.0,0.0,0.0,0.0,0.0,0.0,0.0,0.0,0.0,0.0,0.0,0.0,0.0,0.0,0.0
25600,4743,2401,0.5062196921779465,1120,954,0.43727598566308246,1359,0.573055028462998,0.39799999999999996,2.9637062339880442,3.052760858616567,6.394428152492669,2.0638271352638586,9394.911463648892,1522.8573235769932,7853.0,10927.983734726906,10898.933391123153,7.135785452366698,7853.0,0.0,28.605102255956147,21.240157430971983,33.40134361781538,19.5232658160087,0.13409234661606578,0.09445498629559351,0.09825005270925574,0.0908707569049125,0.08032890575585072,0.06788952139995784,0.06388361796331436,0.06557031414716424,0.05734767025089606,0.053763440860215055,0.048492515285684164,0.03963736032047228,0.034998945814885093,0.026565464895635674,0.02445709466582332,0.01265022137887413,0.006746784735399536,0.9273657627606376,0.023456750082367264,0.0,0.0,0.0,0.0,0.0,0.0,0.0,0.0,0.0,0.0,0.0,0.0,0.0,0.0,0.0,0.0,0.0,0.0,0.0,0.0,0.0,0.0,0.0,0.0,0.006325110689437067,0.1138519924098672,3.586337760910817,14.358001265022141,10.506008855154969,1.4294750158127771,4.275738876258526,2.8147812934224126,nan,nan,nan,4.313237221494102,2.8138247697653163,4.2388924661944625,2.81523439246337,0.9827635830162185,0.408,0.010216,0.0,0.0,0.0,0.0,0.0,0.0,0.0,0.0,0.0,0.0,0.006325110689437067,6.666666666666656,23.130929791271353,0.19607843137254907,0.0,0.0,0.0,0.0,0.0,0.0,0.0,0.0,0.0,0.0,0.0,0.0,0.0,0.0,0.0,0.0,nan,nan,4.275738876258526,2.8147812934224126,nan,0.408,0.04855,0.0,0.0,0.0,0.0,0.0,0.0,0.0,0.0,0.0,0.0,0.0,0.0,0.0,0.0,0.0,0.0,0.0,0.0,0.0,0.0,0.0,0.0,0.0,0.0,0.0011279780729496099,0.0,0.00010541851149061775,0.0007695551338815096,0.0007379295804343243,0.008043432426734134,0.010531309297912713,0.013050811722538478,0.026344086021505377,0.044212523719165085,0.021357790427999155,0.028062407758802446,0.03779253636938647,0.04291587602783049,0.06515918195235083,0.09765970904490828,0.07513177313936327,0.05398481973434535,0.0743516761543327,0.07759856630824373,0.08410288846721484,0.09666877503689648,0.03624288425047438,0.026807927472064095,0.03984819734345351,0.014737507906388362,0.006757326586548598,0.007526881720430108,7.379295804343243e-05,0.005355260383723382,0.0025405861269238877,0.0001265022137887413,0.0,0.00027408812987560617,0.0,0.0,0.0,0.0,0.0,0.0,0.0,0.0,0.0,0.0,0.0,0.0,0.0,0.0,0.0,0.0,0.0,0.0,0.0,0.0,0.0,0.0,0.0,0.0,0.0,0.0,0.0,0.0,0.0,0.0,0.0,0.0,0.0,0.0,0.0,0.0,0.0,0.0,0.0,0.0,0.0,0.0,0.0,nan,nan,4.275738876258526,2.8147812934224126,nan,0.9273099286612845,0.023737837200825514,0.0,0.0,0.0,0.0,0.0,0.0,0.0,0.0,0.0,0.0,0.0,0.0,0.0,0.0,0.0,0.0,0.0,0.0,0.0,0.0,0.0,0.0,0.0,0.0,0.012494793835901711,0.08746355685131198,3.835901707621825,14.03165347771762,10.59558517284465,1.4369012911286967,0.9274230034406321,0.02316490163381816,0.0,0.0,0.0,0.0,0.0,0.0,0.0,0.0,0.0,0.0,0.0,0.0,0.0,0.0,0.0,0.0,0.0,0.0,0.0,0.0,0.0,0.0,0.0,0.0,0.0,0.14090520922288644,3.3304867634500437,14.692570452604615,10.414175918018788,1.4218616567036724,0.4082,0.010284,0.0,0.0,0.0,0.0,0.0,0.0,0.0,0.0,0.0,0.0,0.012494793835901711,6.3973344439816655,23.327780091628494,0.2623906705539359,0.0,0.0,0.0,0.0,0.0,0.0,0.0,0.0,0.0,0.0,0.0,0.0,0.0,0.0,0.0,0.0,0.4077,0.01014,0.0,0.0,0.0,0.0,0.0,0.0,0.0,0.0,0.0,0.0,0.0,6.942783945345848,22.92912040990607,0.12809564474807858,0.0,0.0,0.0,0.0,0.0,0.0,0.0,0.0,0.0,0.0,0.0,0.0,0.0,0.0,0.0,0.0
25700,4582,2397,0.5231340026189437,1144,897,0.445438673068529,1232,0.5377564382365779,0.418,3.0155606407322653,3.1471516262250296,6.628346456692913,2.173675635814033,9446.15990627495,1521.0847567356077,7853.0,10921.413832366467,10898.41455592483,6.906817285373505,7853.0,0.0,27.996508075076385,20.66638593626818,32.69657128125806,18.97270032623183,0.1355303360977739,0.09799214316892187,0.09646442601484068,0.08467917939764295,0.0811872544740288,0.07878655608904409,0.06983849847228285,0.06132693147097337,0.060672195547795724,0.05456132693147097,0.04539502400698385,0.04233958969882148,0.030990833697075514,0.02749890877346137,0.01680488869489306,0.009821038847664776,0.006110868616324749,0.9265376463929205,0.023245740411338995,0.0,0.0,0.0,0.0,0.0,0.0,0.0,0.0,0.0,0.0,0.0,0.0,0.0,0.0,0.0,0.0,0.0,0.0,0.0,0.0,0.0,0.0,0.0,0.0,0.0,0.11785246617197732,3.574858140549979,14.816673941510262,10.233522479266698,1.2570929725010915,4.313599458728011,2.977832699324939,nan,nan,nan,4.30931339225017,2.9017754482776876,4.317845117845118,3.0512984600838107,1.001979834098465,0.4075,0.01028,0.0,0.0,0.0,0.0,0.0,0.0,0.0,0.0,0.0,0.0,0.0,7.012221737232639,22.88956787429071,0.09821038847664777,0.0,0.0,0.0,0.0,0.0,0.0,0.0,0.0,0.0,0.0,0.0,0.0,0.0,0.0,0.0,0.0,nan,nan,4.313599458728011,2.977832699324939,nan,0.4075,0.0485,0.0,0.0,0.0,0.0,0.0,0.0,0.0,0.0,0.0,0.0,0.0,0.0,0.0,0.0,0.0,0.0,0.0,0.0,0.0,0.0,0.0,0.0,0.0,0.0,0.0011348756001745963,0.0,4.364906154517678e-05,0.0009711916193801834,0.000785683107813182,0.00785683107813182,0.010181143605412484,0.013094718463553033,0.025032736796158882,0.04528590135312091,0.022173723264949805,0.03061981667394151,0.038618507202095156,0.042437800087298125,0.06888913138367525,0.10043649061545176,0.06931470973374072,0.054834133566128325,0.07337407245744217,0.07651680488869489,0.0834788302051506,0.0973810563072894,0.03520296813618507,0.02702968136185072,0.037079877782627675,0.014207769532955042,0.008980794412920122,0.007529463116542994,0.00012003491924923613,0.004768659973810563,0.0022806634657354867,6.547359231776516e-05,3.273679615888258e-05,0.00024006983849847227,0.0,0.0,0.0,0.0,0.0,0.0,0.0,0.0,0.0,0.0,0.0,0.0,0.0,0.0,0.0,0.0,0.0,0.0,0.0,0.0,0.0,0.0,0.0,0.0,0.0,0.0,0.0,0.0,0.0,0.0,0.0,0.0,0.0,0.0,0.0,0.0,0.0,0.0,0.0,0.0,0.0,0.0,0.0,nan,nan,4.313599458728011,2.977832699324939,nan,0.9262566325015011,0.02286452270347701,0.0,0.0,0.0,0.0,0.0,0.0,0.0,0.0,0.0,0.0,0.0,0.0,0.0,0.0,0.0,0.0,0.0,0.0,0.0,0.0,0.0,0.0,0.0,0.0,0.0,0.07509386733416772,3.767209011264081,14.630788485607011,10.350438047559452,1.1764705882352944,0.9268459257053838,0.023653040869709145,0.0,0.0,0.0,0.0,0.0,0.0,0.0,0.0,0.0,0.0,0.0,0.0,0.0,0.0,0.0,0.0,0.0,0.0,0.0,0.0,0.0,0.0,0.0,0.0,0.0,0.1647597254004577,3.3638443935926783,15.02059496567506,10.105263157894738,1.345537757437071,0.4075,0.01019,0.0,0.0,0.0,0.0,0.0,0.0,0.0,0.0,0.0,0.0,0.0,7.133917396745922,22.778473091364212,0.08760951188986235,0.0,0.0,0.0,0.0,0.0,0.0,0.0,0.0,0.0,0.0,0.0,0.0,0.0,0.0,0.0,0.0,0.4077,0.010376,0.0,0.0,0.0,0.0,0.0,0.0,0.0,0.0,0.0,0.0,0.0,6.878718535469098,23.01144164759726,0.10983981693363846,0.0,0.0,0.0,0.0,0.0,0.0,0.0,0.0,0.0,0.0,0.0,0.0,0.0,0.0,0.0,0.0
25800,4588,2446,0.533129904097646,1171,905,0.4524847428073234,1240,0.5405405405405406,0.422,3.0873015873015874,3.1849812857321997,6.780033840947547,2.194210348008654,9476.734317812565,1519.4940496849742,7853.0,10920.72564226389,10898.663552789882,7.099420874668544,7853.0,0.0,27.9590235396687,20.800555247651577,32.88894654903996,19.040451225087946,0.13775065387968613,0.10091543156059285,0.09481255448997385,0.08653007846556234,0.07999128160418482,0.07018308631211857,0.07367044463818657,0.06364428945074106,0.05797733217088056,0.05405405405405406,0.045771578029642546,0.04206625980819529,0.032040104620749785,0.02680906713164778,0.016782911944202266,0.011115954664341761,0.005884917175239756,0.9265677384324145,0.02347789783475743,0.0,0.0,0.0,0.0,0.0,0.0,0.0,0.0,0.0,0.0,0.0,0.0,0.0,0.0,0.0,0.0,0.0,0.0,0.0,0.0,0.0,0.0,0.0,0.0,0.0,0.18308631211857024,3.655187445510027,14.56190061028771,10.272449869224065,1.327375762859634,4.233603786342123,2.9733763294210833,nan,nan,nan,4.252374491180461,2.9943543314828425,4.214959568733153,2.952273998778563,0.9912014046446503,0.4077,0.01011,0.0,0.0,0.0,0.0,0.0,0.0,0.0,0.0,0.0,0.0,0.0,6.551874455100252,23.258500435919796,0.18962510897994775,0.0,0.0,0.0,0.0,0.0,0.0,0.0,0.0,0.0,0.0,0.0,0.0,0.0,0.0,0.0,0.0,nan,nan,4.233603786342123,2.9733763294210833,nan,0.4077,0.0487,0.0,0.0,0.0,0.0,0.0,0.0,0.0,0.0,0.0,0.0,0.0,0.0,0.0,0.0,0.0,0.0,0.0,0.0,0.0,0.0,0.0,0.0,0.0,0.0,0.001068003487358326,6.538796861377506e-05,0.0,0.0008936355710549259,0.0009045335658238884,0.008042720139494332,0.010614646904969485,0.013066695727986051,0.026100697471665213,0.043613775065387966,0.021022231909328684,0.03141891891891892,0.038611595466434175,0.042371403661726245,0.0675021795989538,0.10259372275501308,0.06717523975588492,0.05550348735832607,0.07122929380993898,0.07885789014821273,0.0838927637314734,0.0970357454228422,0.035146033129904095,0.02702702702702703,0.035396687009590234,0.015398866608544028,0.009448561464690497,0.00768308631211857,0.00016346992153443767,0.005361813426329555,0.0024193548387096775,3.269398430688753e-05,0.00013077593722755012,0.0002070619006102877,0.0,0.0,0.0,0.0,0.0,0.0,0.0,0.0,0.0,0.0,0.0,0.0,0.0,0.0,0.0,0.0,0.0,0.0,0.0,0.0,0.0,0.0,0.0,0.0,0.0,0.0,0.0,0.0,0.0,0.0,0.0,0.0,0.0,0.0,0.0,0.0,0.0,0.0,0.0,0.0,0.0,0.0,0.0,nan,nan,4.233603786342123,2.9733763294210833,nan,0.9268245755992556,0.023507934765453854,0.0,0.0,0.0,0.0,0.0,0.0,0.0,0.0,0.0,0.0,0.0,0.0,0.0,0.0,0.0,0.0,0.0,0.0,0.0,0.0,0.0,0.0,0.0,0.0,0.0,0.19623875715453806,3.532297628781685,14.558462796402292,10.314799672935408,1.3982011447260838,0.9262744500523522,0.02344010949459806,0.0,0.0,0.0,0.0,0.0,0.0,0.0,0.0,0.0,0.0,0.0,0.0,0.0,0.0,0.0,0.0,0.0,0.0,0.0,0.0,0.0,0.0,0.0,0.0,0.0,0.16806722689075632,3.795518207282914,14.565826330532216,10.224089635854343,1.2464985994397761,0.4077,0.00994,0.0,0.0,0.0,0.0,0.0,0.0,0.0,0.0,0.0,0.0,0.0,6.475878986099745,23.340147179067873,0.18397383483237945,0.0,0.0,0.0,0.0,0.0,0.0,0.0,0.0,0.0,0.0,0.0,0.0,0.0,0.0,0.0,0.0,0.4077,0.01029,0.0,0.0,0.0,0.0,0.0,0.0,0.0,0.0,0.0,0.0,0.0,6.638655462184865,23.165266106442584,0.19607843137254907,0.0,0.0,0.0,0.0,0.0,0.0,0.0,0.0,0.0,0.0,0.0,0.0,0.0,0.0,0.0,0.0
25900,4581,2441,0.5328530888452303,1152,901,0.4481554245797861,1259,0.5496616459288365,0.426,3.0850467289719625,3.1633503987829035,6.769230769230769,2.1448989990151826,9475.713011932474,1519.3826507541646,7853.0,10925.496000647545,10898.329089579134,6.987848586569018,7853.0,0.0,28.384632176380702,21.009713235319193,33.33843360995851,19.202562826955827,0.1364330932110893,0.09954158480681075,0.08950010914647456,0.08644400785854617,0.08426107836716874,0.07116350141890417,0.06679764243614932,0.06243178345339446,0.061122025758568,0.0519537218947828,0.04475005457323728,0.04562322636978826,0.03536345776031434,0.027068325693080115,0.020301244269810084,0.012224405151713599,0.005020737830168085,0.9253874697609256,0.023115192951692783,0.0,0.0,0.0,0.0,0.0,0.0,0.0,0.0,0.0,0.0,0.0,0.0,0.0,0.0,0.0,0.0,0.0,0.0,0.0,0.0,0.0,0.0,0.0,0.0,0.0,0.17681728880157177,3.92272429600524,14.85920104780616,10.039292730844796,1.0019646365422399,4.276943610276944,3.0053970363058324,nan,nan,nan,4.2784313725490195,2.9628845946319387,4.27762619372442,3.0489420860189833,0.9998118051326556,0.408,0.01043,0.0,0.0,0.0,0.0,0.0,0.0,0.0,0.0,0.0,0.0,0.0,6.568434839554673,23.208906352324828,0.22265880812049776,0.0,0.0,0.0,0.0,0.0,0.0,0.0,0.0,0.0,0.0,0.0,0.0,0.0,0.0,0.0,0.0,nan,nan,4.276943610276944,3.0053970363058324,nan,0.408,0.04846,0.0,0.0,0.0,0.0,0.0,0.0,0.0,0.0,0.0,0.0,0.0,0.0,0.0,0.0,0.0,0.0,0.0,0.0,0.0,0.0,0.0,0.0,0.0,0.0,0.0012660991049989086,1.0914647456887143e-05,0.0,0.0006330495524994543,0.0011023793931456015,0.007782143636760532,0.009877755948482864,0.012399039511023793,0.026369788255839337,0.043571272647893476,0.0210543549443353,0.03237284435712726,0.0365858982754857,0.043483955468238376,0.0669831914429164,0.10239030779305829,0.06487666448373718,0.05793494870115695,0.07093429382230954,0.07901113294040603,0.08401004147566034,0.09886487666448374,0.03533071381794368,0.02762497271338136,0.03552717747216765,0.016393800480244487,0.009113730626500763,0.006548788474132285,0.0005020737830168085,0.0051735428945645055,0.0019428072473259114,0.0,0.00012006112202575857,0.0002073783016808557,0.0,0.0,0.0,0.0,0.0,0.0,0.0,0.0,0.0,0.0,0.0,0.0,0.0,0.0,0.0,0.0,0.0,0.0,0.0,0.0,0.0,0.0,0.0,0.0,0.0,0.0,0.0,0.0,0.0,0.0,0.0,0.0,0.0,0.0,0.0,0.0,0.0,0.0,0.0,0.0,0.0,0.0,0.0,nan,nan,4.276943610276944,3.0053970363058324,nan,0.925264081301527,0.023066843519328948,0.0,0.0,0.0,0.0,0.0,0.0,0.0,0.0,0.0,0.0,0.0,0.0,0.0,0.0,0.0,0.0,0.0,0.0,0.0,0.0,0.0,0.0,0.0,0.0,0.0,0.17206063088897997,3.9942646456370348,14.883244571896766,10.004096681687834,0.9463334698893898,0.9255282133260619,0.02316941753377296,0.0,0.0,0.0,0.0,0.0,0.0,0.0,0.0,0.0,0.0,0.0,0.0,0.0,0.0,0.0,0.0,0.0,0.0,0.0,0.0,0.0,0.0,0.0,0.0,0.0,0.18224299065420566,3.8411214953271036,14.831775700934584,10.079439252336451,1.0654205607476637,0.408,0.01026,0.0,0.0,0.0,0.0,0.0,0.0,0.0,0.0,0.0,0.0,0.0,6.341663252765251,23.387955755837776,0.27038099139696853,0.0,0.0,0.0,0.0,0.0,0.0,0.0,0.0,0.0,0.0,0.0,0.0,0.0,0.0,0.0,0.0,0.4077,0.010605,0.0,0.0,0.0,0.0,0.0,0.0,0.0,0.0,0.0,0.0,0.0,6.827102803738308,23.00467289719627,0.16822429906542058,0.0,0.0,0.0,0.0,0.0,0.0,0.0,0.0,0.0,0.0,0.0,0.0,0.0,0.0,0.0,0.0
26000,4781,2516,0.5262497385484208,1202,956,0.4513700062748379,1306,0.5463292198284878,0.418,3.0878587196467993,3.1889375641405837,6.784829721362229,2.2022685079054978,9455.451652159129,1520.4292969718279,7853.0,10923.736114859581,10898.04028178569,7.124834951515425,7853.0,0.0,27.891863626856306,20.694929004158347,32.62648514851485,19.01567465790588,0.1328174022171094,0.1054172767203514,0.09537753608031793,0.08220037649027401,0.08324618280694415,0.07759882869692533,0.07132399079690441,0.06274837900020916,0.06086592763020288,0.053963605940179876,0.04538799414348463,0.03618489855678728,0.03576657603011922,0.021543610123405145,0.014432127170048107,0.013595482116711985,0.007529805480025099,0.9248478497902336,0.023317709591629182,0.0,0.0,0.0,0.0,0.0,0.0,0.0,0.0,0.0,0.0,0.0,0.0,0.0,0.0,0.0,0.0,0.0,0.0,0.0,0.0,0.0,0.0,0.0,0.0,0.012549675800041835,0.2196193265007321,3.934323363313115,15.147458690650495,9.65070069023217,1.0353482535034513,4.28520325203252,2.969266792306118,nan,nan,nan,4.172638436482084,2.9604615819271514,4.395711500974659,2.9740060445728043,1.0534609139728495,0.4075,0.01054,0.0,0.0,0.0,0.0,0.0,0.0,0.0,0.0,0.0,0.0,0.0,7.190964233423959,22.595691277975327,0.2133444886007112,0.0,0.0,0.0,0.0,0.0,0.0,0.0,0.0,0.0,0.0,0.0,0.0,0.0,0.0,0.0,0.0,nan,nan,4.28520325203252,2.969266792306118,nan,0.4075,0.04843,0.0,0.0,0.0,0.0,0.0,0.0,0.0,0.0,0.0,0.0,0.0,0.0,0.0,0.0,0.0,0.0,0.0,0.0,0.0,0.0,0.0,0.0,1.0458063166701527e-05,0.0,0.0008784773060029283,0.0,0.0,0.00061702572683539,0.001307257895837691,0.007864463501359548,0.009663250366032211,0.01308303702154361,0.026741267517255803,0.045450742522484835,0.021470403681238235,0.030778079899602594,0.03816147249529387,0.043254549257477515,0.06698389458272327,0.10529177996235098,0.06330265634804434,0.05557414766785192,0.07306002928257686,0.07770340932859235,0.08483580840828278,0.09988496130516629,0.0315101443212717,0.026751725580422506,0.036456808199121525,0.0164296172348881,0.008993934323363314,0.005521857352018406,0.00037649027400125495,0.0061807153315206025,0.0014432127170048107,0.0,9.412256850031374e-05,0.00032419995816774735,0.0,0.0,0.0,0.0,0.0,0.0,0.0,0.0,0.0,0.0,0.0,0.0,0.0,0.0,0.0,0.0,0.0,0.0,0.0,0.0,0.0,0.0,0.0,0.0,0.0,0.0,0.0,0.0,0.0,0.0,0.0,0.0,0.0,0.0,0.0,0.0,0.0,0.0,0.0,0.0,0.0,0.0,0.0,nan,nan,4.28520325203252,2.969266792306118,nan,0.9246968797071939,0.023398491750631027,0.0,0.0,0.0,0.0,0.0,0.0,0.0,0.0,0.0,0.0,0.0,0.0,0.0,0.0,0.0,0.0,0.0,0.0,0.0,0.0,0.0,0.0,0.0,0.0,0.011923688394276632,0.2623211446740859,3.922893481717012,15.26232114467409,9.538950715421304,1.001589825119237,0.9250155498913055,0.02322649563911589,0.0,0.0,0.0,0.0,0.0,0.0,0.0,0.0,0.0,0.0,0.0,0.0,0.0,0.0,0.0,0.0,0.0,0.0,0.0,0.0,0.0,0.0,0.0,0.0,0.013245033112582785,0.1721854304635762,3.9470198675496695,15.019867549668877,9.774834437086094,1.0728476821192054,0.4075,0.010544,0.0,0.0,0.0,0.0,0.0,0.0,0.0,0.0,0.0,0.0,0.0,6.987281399046095,22.738473767885537,0.2742448330683625,0.0,0.0,0.0,0.0,0.0,0.0,0.0,0.0,0.0,0.0,0.0,0.0,0.0,0.0,0.0,0.0,0.4072,0.01053,0.0,0.0,0.0,0.0,0.0,0.0,0.0,0.0,0.0,0.0,0.0,7.417218543046347,22.437086092715237,0.14569536423841062,0.0,0.0,0.0,0.0,0.0,0.0,0.0,0.0,0.0,0.0,0.0,0.0,0.0,0.0,0.0,0.0
26100,4800,2500,0.5208333333333334,1208,933,0.44604166666666667,1337,0.5570833333333334,0.40599999999999997,3.057391304347826,3.1870951983589455,6.742469879518072,2.2017799307720534,9438.85651809603,1521.10830135789,7853.0,10922.290357589722,10897.844514744376,6.9060184167730965,7853.0,0.0,27.97125,20.730683943633732,32.85388806339772,18.976000809587337,0.13770833333333332,0.10541666666666667,0.09125,0.08458333333333333,0.07583333333333334,0.07375,0.066875,0.07104166666666667,0.059166666666666666,0.05354166666666667,0.050625,0.04,0.029583333333333333,0.026458333333333334,0.018125,0.010208333333333333,0.005833333333333334,0.9241415087878704,0.022835182168781797,0.0,0.0,0.0,0.0,0.0,0.0,0.0,0.0,0.0,0.0,0.0,0.0,0.0,0.0,0.0,0.0,0.0,0.0,0.0,0.0,0.0,0.0,0.0,0.0,0.0,0.1375,4.3375,15.118750000000004,9.4875,0.9187500000000002,4.357720945289738,2.925851684349957,nan,nan,nan,4.472858077174624,2.9441191462896357,4.244871794871795,2.903408581963595,0.9490289478518753,0.4077,0.010704,0.0,0.0,0.0,0.0,0.0,0.0,0.0,0.0,0.0,0.0,0.0,6.96249999999999,22.800000000000008,0.23750000000000004,0.0,0.0,0.0,0.0,0.0,0.0,0.0,0.0,0.0,0.0,0.0,0.0,0.0,0.0,0.0,0.0,nan,nan,4.357720945289738,2.925851684349957,nan,0.4077,0.04834,0.0,0.0,0.0,0.0,0.0,0.0,0.0,0.0,0.0,0.0,0.0,0.0,0.0,0.0,0.0,0.0,0.0,0.0,0.0,0.0,0.0,0.0,7.291666666666667e-05,0.0,0.0008125,0.0,3.125e-05,0.000625,0.0016770833333333334,0.00709375,0.008166666666666666,0.01365625,0.02546875,0.0455,0.021625,0.03059375,0.0375,0.045208333333333336,0.06694791666666666,0.10488541666666666,0.06458333333333334,0.05632291666666667,0.07232291666666667,0.0769375,0.08482291666666666,0.09819791666666666,0.03377083333333333,0.026010416666666668,0.03555208333333333,0.017260416666666667,0.00984375,0.005760416666666666,0.0005104166666666666,0.005864583333333334,0.0018854166666666668,0.0,0.000125,0.00036458333333333335,0.0,0.0,0.0,0.0,0.0,0.0,0.0,0.0,0.0,0.0,0.0,0.0,0.0,0.0,0.0,0.0,0.0,0.0,0.0,0.0,0.0,0.0,0.0,0.0,0.0,0.0,0.0,0.0,0.0,0.0,0.0,0.0,0.0,0.0,0.0,0.0,0.0,0.0,0.0,0.0,0.0,0.0,0.0,nan,nan,4.357720945289738,2.925851684349957,nan,0.9236732444286346,0.022757406849527505,0.0,0.0,0.0,0.0,0.0,0.0,0.0,0.0,0.0,0.0,0.0,0.0,0.0,0.0,0.0,0.0,0.0,0.0,0.0,0.0,0.0,0.0,0.0,0.0,0.0,0.12000000000000002,4.428000000000001,15.036000000000003,9.660000000000002,0.7560000000000002,0.9246504917870397,0.022908567534529342,0.0,0.0,0.0,0.0,0.0,0.0,0.0,0.0,0.0,0.0,0.0,0.0,0.0,0.0,0.0,0.0,0.0,0.0,0.0,0.0,0.0,0.0,0.0,0.0,0.0,0.1565217391304348,4.239130434782609,15.208695652173915,9.3,1.0956521739130436,0.408,0.0106,0.0,0.0,0.0,0.0,0.0,0.0,0.0,0.0,0.0,0.0,0.0,6.7319999999999895,23.040000000000006,0.22800000000000004,0.0,0.0,0.0,0.0,0.0,0.0,0.0,0.0,0.0,0.0,0.0,0.0,0.0,0.0,0.0,0.0,0.4077,0.01083,0.0,0.0,0.0,0.0,0.0,0.0,0.0,0.0,0.0,0.0,0.0,7.213043478260858,22.539130434782614,0.24782608695652178,0.0,0.0,0.0,0.0,0.0,0.0,0.0,0.0,0.0,0.0,0.0,0.0,0.0,0.0,0.0,0.0
26200,4719,2411,0.5109133290951473,1115,979,0.44373808010171645,1305,0.5530832803560076,0.41,2.8232235701906414,3.0388782946515662,6.5288135593220336,2.113319410629063,9408.701697791246,1522.1169430479658,7853.0,10922.786200523376,10897.942476929446,7.075788735474625,7853.0,0.0,27.198347107438018,20.674893674720447,32.19969512195122,19.002868309076135,0.14515787243059972,0.10425937698664971,0.09705446069082432,0.0875185420639966,0.08052553507098961,0.0777707141343505,0.0712015257469803,0.058910786183513454,0.05488450942996397,0.052553507098961644,0.04428904428904429,0.036660309387582114,0.030303030303030304,0.02500529773257046,0.016952744225471498,0.011019283746556474,0.005933460478915025,0.9238807740138734,0.023220871270122265,0.0,0.0,0.0,0.0,0.0,0.0,0.0,0.0,0.0,0.0,0.0,0.0,0.0,0.0,0.0,0.0,0.0,0.0,0.0,0.0,0.0,0.0,0.0,0.0,0.0,0.17800381436745077,4.265734265734267,15.295613477431662,9.205340114431024,1.055308328035601,4.252276559865093,2.858394762499922,nan,nan,nan,4.292976588628763,2.8603711729325525,4.210347174948945,2.85668607995136,0.980752419219176,0.408,0.010254,0.0,0.0,0.0,0.0,0.0,0.0,0.0,0.0,0.0,0.0,0.0,6.687857596948496,23.16592498410681,0.1462174189446917,0.0,0.0,0.0,0.0,0.0,0.0,0.0,0.0,0.0,0.0,0.0,0.0,0.0,0.0,0.0,0.0,nan,nan,4.252276559865093,2.858394762499922,nan,0.408,0.04807,0.0,0.0,0.0,0.0,0.0,0.0,0.0,0.0,0.0,0.0,0.0,0.0,0.0,0.0,0.0,0.0,0.0,0.0,0.0,0.0,0.0,0.0,7.41682559864378e-05,0.0,0.000879423606696334,0.0,0.0,0.0005615596524687434,0.0013456240728968003,0.006579783852511126,0.00743801652892562,0.013699936427209155,0.02603305785123967,0.044829413011231195,0.02026912481457936,0.031171858444585716,0.04044289044289044,0.04514727696545878,0.063721127357491,0.10536130536130536,0.06467471922017376,0.05974782792964611,0.07027972027972028,0.07594829413011231,0.0878893833439288,0.0960161051070142,0.03696757787666879,0.02670057215511761,0.033566433566433566,0.01645475736384827,0.010118669209578301,0.006018224200042382,0.0002966730239457512,0.005583810129264674,0.0016422970968425514,2.1190930281839374e-05,9.535918626827718e-05,0.0004238186056367875,0.0,0.0,0.0,0.0,0.0,0.0,0.0,0.0,0.0,0.0,0.0,0.0,0.0,0.0,0.0,0.0,0.0,0.0,0.0,0.0,0.0,0.0,0.0,0.0,0.0,0.0,0.0,0.0,0.0,0.0,0.0,0.0,0.0,0.0,0.0,0.0,0.0,0.0,0.0,0.0,0.0,0.0,0.0,nan,nan,4.252276559865093,2.858394762499922,nan,0.9240907732256711,0.023473546955516348,0.0,0.0,0.0,0.0,0.0,0.0,0.0,0.0,0.0,0.0,0.0,0.0,0.0,0.0,0.0,0.0,0.0,0.0,0.0,0.0,0.0,0.0,0.0,0.0,0.0,0.16175860638739117,4.317710493571133,15.093322272915806,9.257569473247617,1.169639153878059,0.9236614030868177,0.022951897284125684,0.0,0.0,0.0,0.0,0.0,0.0,0.0,0.0,0.0,0.0,0.0,0.0,0.0,0.0,0.0,0.0,0.0,0.0,0.0,0.0,0.0,0.0,0.0,0.0,0.0,0.19497400346620455,4.211438474870018,15.506932409012135,9.150779896013866,0.9358752166377818,0.4077,0.010254,0.0,0.0,0.0,0.0,0.0,0.0,0.0,0.0,0.0,0.0,0.0,7.017834923268343,22.820406470344263,0.16175860638739117,0.0,0.0,0.0,0.0,0.0,0.0,0.0,0.0,0.0,0.0,0.0,0.0,0.0,0.0,0.0,0.0,0.408,0.01027,0.0,0.0,0.0,0.0,0.0,0.0,0.0,0.0,0.0,0.0,0.0,6.343154246100511,23.526863084922017,0.12998266897746968,0.0,0.0,0.0,0.0,0.0,0.0,0.0,0.0,0.0,0.0,0.0,0.0,0.0,0.0,0.0,0.0
26300,4590,2383,0.5191721132897603,1110,903,0.43856209150326797,1265,0.55119825708061,0.422,2.8889895786135025,3.039075113787209,6.3498402555910545,2.2146711595830095,9433.66635938997,1521.1838667373913,7853.0,10922.66803497076,10897.59026000838,6.9523132951848385,7853.0,0.0,27.986710239651416,21.02869804493513,32.75373904074265,19.398682324097972,0.13529411764705881,0.09978213507625272,0.1008714596949891,0.08910675381263616,0.08387799564270153,0.07167755991285403,0.06470588235294118,0.06296296296296296,0.05577342047930283,0.05315904139433551,0.044880174291938996,0.0392156862745098,0.03202614379084967,0.02766884531590414,0.0196078431372549,0.011982570806100218,0.007407407407407408,0.9242042059212728,0.023139157647439273,0.0,0.0,0.0,0.0,0.0,0.0,0.0,0.0,0.0,0.0,0.0,0.0,0.0,0.0,0.0,0.0,0.0,0.0,0.0,0.0,0.0,0.0,0.0,0.0,0.0,0.17647058823529416,4.163398692810459,15.339869281045754,9.294117647058824,1.0261437908496733,4.222979884077736,2.856863249962282,nan,nan,nan,4.224757952973721,2.815432877163222,4.221250840618695,2.8965819981456544,0.9991698666777923,0.4075,0.01017,0.0,0.0,0.0,0.0,0.0,0.0,0.0,0.0,0.0,0.0,0.0,6.8169934640522785,23.02614379084968,0.15686274509803924,0.0,0.0,0.0,0.0,0.0,0.0,0.0,0.0,0.0,0.0,0.0,0.0,0.0,0.0,0.0,0.0,nan,nan,4.222979884077736,2.856863249962282,nan,0.4075,0.04837,0.0,0.0,0.0,0.0,0.0,0.0,0.0,0.0,0.0,0.0,0.0,0.0,0.0,0.0,0.0,0.0,0.0,0.0,0.0,0.0,0.0,0.0,0.00021786492374727668,0.0,0.0012745098039215687,0.0,6.535947712418301e-05,0.0010239651416122004,0.0015577342047930283,0.006688453159041394,0.008311546840958606,0.013191721132897603,0.02669934640522876,0.043627450980392155,0.02053376906318083,0.03230936819172113,0.04021786492374728,0.04407407407407407,0.06432461873638344,0.10676470588235294,0.06624183006535948,0.061013071895424834,0.06812636165577342,0.07531590413943355,0.08423747276688454,0.0950326797385621,0.037309368191721135,0.026013071895424837,0.03482570806100218,0.017952069716775598,0.009825708061002178,0.005533769063180828,0.0001633986928104575,0.005021786492374728,0.0020261437908496733,0.0,9.80392156862745e-05,0.0003812636165577342,0.0,0.0,0.0,0.0,0.0,0.0,0.0,0.0,0.0,0.0,0.0,0.0,0.0,0.0,0.0,0.0,0.0,0.0,0.0,0.0,0.0,0.0,0.0,0.0,0.0,0.0,0.0,0.0,0.0,0.0,0.0,0.0,0.0,0.0,0.0,0.0,0.0,0.0,0.0,0.0,0.0,0.0,0.0,nan,nan,4.222979884077736,2.856863249962282,nan,0.9233111922499816,0.0230788730743253,0.0,0.0,0.0,0.0,0.0,0.0,0.0,0.0,0.0,0.0,0.0,0.0,0.0,0.0,0.0,0.0,0.0,0.0,0.0,0.0,0.0,0.0,0.0,0.0,0.0,0.13848090642047842,4.393621485522451,15.812001678556445,8.686529584557283,0.969366344943349,0.9251684340946698,0.023165453540567555,0.0,0.0,0.0,0.0,0.0,0.0,0.0,0.0,0.0,0.0,0.0,0.0,0.0,0.0,0.0,0.0,0.0,0.0,0.0,0.0,0.0,0.0,0.0,0.0,0.0,0.21748980516538294,3.9148164929768927,14.830086089714548,9.950158586316268,1.0874490258269145,0.4072,0.01004,0.0,0.0,0.0,0.0,0.0,0.0,0.0,0.0,0.0,0.0,0.0,6.949223667645814,22.8871170793118,0.1636592530423836,0.0,0.0,0.0,0.0,0.0,0.0,0.0,0.0,0.0,0.0,0.0,0.0,0.0,0.0,0.0,0.0,0.4077,0.010315,0.0,0.0,0.0,0.0,0.0,0.0,0.0,0.0,0.0,0.0,0.0,6.674218396012677,23.17625736293612,0.14952424105120074,0.0,0.0,0.0,0.0,0.0,0.0,0.0,0.0,0.0,0.0,0.0,0.0,0.0,0.0,0.0,0.0
26400,4831,2480,0.5133512730283585,1171,971,0.4433864624301387,1357,0.5617884495963569,0.414,2.93619736282433,3.0790264557340223,6.471317829457364,2.2539265926447003,9416.014767576846,1521.8291356959012,7853.0,10925.066761016846,10897.72755732409,6.971048485013853,7853.0,0.0,27.855723452701305,20.82772004870795,32.842638339920946,19.069710119120973,0.14137859656385843,0.10060028979507349,0.08714551852618506,0.09190643759056095,0.0819706064996895,0.07369074725729663,0.06768784930656178,0.0687228317118609,0.05526806044297247,0.05009314841647692,0.04636721175740013,0.042227282136203685,0.0329124404885117,0.024632581246118817,0.018422686814324157,0.010763817015110743,0.00620989443179466,0.9235965834471336,0.022902347268715532,0.0,0.0,0.0,0.0,0.0,0.0,0.0,0.0,0.0,0.0,0.0,0.0,0.0,0.0,0.0,0.0,0.0,0.0,0.0,0.0,0.0,0.0,0.0,0.0,0.006209894431794661,0.1738770440902505,4.309666735665495,15.444007451873322,9.172014075760714,0.8942247981784311,4.272990353697749,2.9062097386326107,nan,nan,nan,4.2381253958201395,2.9216564713402136,4.308948399738733,2.8897516394159615,1.0167109269556873,0.4077,0.010216,0.0,0.0,0.0,0.0,0.0,0.0,0.0,0.0,0.0,0.0,0.0,6.886772924860267,22.97039950320845,0.14282757193127718,0.0,0.0,0.0,0.0,0.0,0.0,0.0,0.0,0.0,0.0,0.0,0.0,0.0,0.0,0.0,0.0,nan,nan,4.272990353697749,2.9062097386326107,nan,0.4077,0.04813,0.0,0.0,0.0,0.0,0.0,0.0,0.0,0.0,0.0,0.0,0.0,0.0,0.0,0.0,0.0,0.0,0.0,0.0,0.0,0.0,0.0,0.0,0.00019664665700683088,0.0,0.0008693852204512523,0.0,3.1049472158973297e-05,0.0013868764231008072,0.0010763817015110742,0.006147795487476713,0.009149244462844132,0.013247774787828607,0.02521217139308632,0.043262264541502796,0.01996481059821983,0.03416476919892362,0.04055061063961913,0.04308631753260195,0.06401366176774995,0.10190436762575036,0.06797764438004554,0.06263713516870213,0.06757400124197889,0.08109087145518526,0.08341958186710825,0.09608776650796937,0.03759056096046367,0.02457048230180087,0.03321258538604844,0.018495135582695093,0.009656385841440695,0.005826950941833988,0.00032084454564272407,0.004357275926309253,0.0025150072448768372,0.0,0.0001862968329538398,0.00021734630511281307,0.0,0.0,0.0,0.0,0.0,0.0,0.0,0.0,0.0,0.0,0.0,0.0,0.0,0.0,0.0,0.0,0.0,0.0,0.0,0.0,0.0,0.0,0.0,0.0,0.0,0.0,0.0,0.0,0.0,0.0,0.0,0.0,0.0,0.0,0.0,0.0,0.0,0.0,0.0,0.0,0.0,0.0,0.0,nan,nan,4.272990353697749,2.9062097386326107,nan,0.9237444623583747,0.022943613834118713,0.0,0.0,0.0,0.0,0.0,0.0,0.0,0.0,0.0,0.0,0.0,0.0,0.0,0.0,0.0,0.0,0.0,0.0,0.0,0.0,0.0,0.0,0.0,0.0,0.0,0.19354838709677424,4.294354838709678,15.362903225806454,9.229838709677422,0.9193548387096776,0.9234405903804054,0.022857698785947945,0.0,0.0,0.0,0.0,0.0,0.0,0.0,0.0,0.0,0.0,0.0,0.0,0.0,0.0,0.0,0.0,0.0,0.0,0.0,0.0,0.0,0.0,0.0,0.0,0.012760527435133989,0.15312632922160785,4.3258188005104214,15.529561888558064,9.111016588685667,0.8677158655891112,0.4075,0.01018,0.0,0.0,0.0,0.0,0.0,0.0,0.0,0.0,0.0,0.0,0.0,7.354838709677409,22.524193548387103,0.12096774193548389,0.0,0.0,0.0,0.0,0.0,0.0,0.0,0.0,0.0,0.0,0.0,0.0,0.0,0.0,0.0,0.0,0.408,0.01025,0.0,0.0,0.0,0.0,0.0,0.0,0.0,0.0,0.0,0.0,0.0,6.393024245002118,23.44108889834114,0.16588685665674185,0.0,0.0,0.0,0.0,0.0,0.0,0.0,0.0,0.0,0.0,0.0,0.0,0.0,0.0,0.0,0.0
26500,4981,2562,0.5143545472796627,1155,1026,0.43786388275446697,1370,0.5500903433045573,0.426,2.9487391484084333,3.129533910119146,6.720748829953198,2.171656176032018,9419.103893175874,1521.7783287907916,7853.0,10922.06743299961,10897.794493329051,7.133827918013495,7853.0,0.0,27.11122264605501,20.871440324314477,32.318225884634025,19.165169579614584,0.15217827745432644,0.10339289299337483,0.09395703673961052,0.08652880947600883,0.08492270628387874,0.07307769524191929,0.06906243726159406,0.06384260188717125,0.05500903433045573,0.046175466773740216,0.03894800240915479,0.03975105400521983,0.0331258783376832,0.023890784982935155,0.019875527002609916,0.010439670748845614,0.005822124071471592,0.9227468096882051,0.022807046733260776,0.0,0.0,0.0,0.0,0.0,0.0,0.0,0.0,0.0,0.0,0.0,0.0,0.0,0.0,0.0,0.0,0.0,0.0,0.0,0.0,0.0,0.0,0.0,0.0,0.0,0.1746637221441478,4.595462758482233,15.713712106002813,8.799437863882757,0.7167235494880548,4.388960205391528,2.930877855447268,nan,nan,nan,4.3524804177545695,2.8873158926999913,4.424242424242424,2.9719765524140955,1.0164876115685952,0.4084,0.01028,0.0,0.0,0.0,0.0,0.0,0.0,0.0,0.0,0.0,0.0,0.0,6.0951616141336995,23.76028909857459,0.14454928729170852,0.0,0.0,0.0,0.0,0.0,0.0,0.0,0.0,0.0,0.0,0.0,0.0,0.0,0.0,0.0,0.0,nan,nan,4.388960205391528,2.930877855447268,nan,0.4084,0.0479,0.0,0.0,0.0,0.0,0.0,0.0,0.0,0.0,0.0,0.0,0.0,0.0,0.0,0.0,0.0,0.0,0.0,0.0,0.0,0.0,0.0,0.0,4.015257980325236e-05,0.0,0.0012547681188516363,0.0,0.0,0.0013551495683597672,0.001124272234491066,0.0053402931138325635,0.008401927323830556,0.011584019273238306,0.023439068460148565,0.04170849227062839,0.02030716723549488,0.03733186107207388,0.040724754065448704,0.04474001204577394,0.06147359967877936,0.10133507327845814,0.06823930937562739,0.06096165428628789,0.0703975105400522,0.08208191126279864,0.08395904436860069,0.09449909656695443,0.03723147962256575,0.025838185103392895,0.03357759486046979,0.019082513551495685,0.00932543665930536,0.006775747841798836,0.0004216020879341498,0.0045673559526199555,0.0025296125276048987,0.0,0.00022083918891788797,0.00013049588436057016,0.0,0.0,0.0,0.0,0.0,0.0,0.0,0.0,0.0,0.0,0.0,0.0,0.0,0.0,0.0,0.0,0.0,0.0,0.0,0.0,0.0,0.0,0.0,0.0,0.0,0.0,0.0,0.0,0.0,0.0,0.0,0.0,0.0,0.0,0.0,0.0,0.0,0.0,0.0,0.0,0.0,0.0,0.0,nan,nan,4.388960205391528,2.930877855447268,nan,0.9228240233859822,0.02310650784241416,0.0,0.0,0.0,0.0,0.0,0.0,0.0,0.0,0.0,0.0,0.0,0.0,0.0,0.0,0.0,0.0,0.0,0.0,0.0,0.0,0.0,0.0,0.0,0.0,0.0,0.16393442622950824,4.695550351288057,15.538641686182673,8.887587822014053,0.7142857142857144,0.9226650314766693,0.022485245356041614,0.0,0.0,0.0,0.0,0.0,0.0,0.0,0.0,0.0,0.0,0.0,0.0,0.0,0.0,0.0,0.0,0.0,0.0,0.0,0.0,0.0,0.0,0.0,0.0,0.0,0.18602728400165364,4.489458453906574,15.899131872674662,8.70607689127739,0.7193054981397273,0.4084,0.01034,0.0,0.0,0.0,0.0,0.0,0.0,0.0,0.0,0.0,0.0,0.0,5.854800936768141,23.981264637002347,0.16393442622950824,0.0,0.0,0.0,0.0,0.0,0.0,0.0,0.0,0.0,0.0,0.0,0.0,0.0,0.0,0.0,0.0,0.4082,0.01021,0.0,0.0,0.0,0.0,0.0,0.0,0.0,0.0,0.0,0.0,0.0,6.349731293923099,23.52625051674246,0.12401818933443574,0.0,0.0,0.0,0.0,0.0,0.0,0.0,0.0,0.0,0.0,0.0,0.0,0.0,0.0,0.0,0.0
26600,4357,2213,0.5079182924030297,1022,895,0.4399816387422538,1264,0.5802157447785173,0.39799999999999996,2.855410447761194,2.906597715421559,6.0482115085536545,2.0489748008270667,9399.476589678132,1522.18458143185,7853.0,10923.881440162659,10897.734975701589,6.928287999519802,7853.0,0.0,28.679137020885932,21.21897718512661,33.66167256878235,19.393471264440286,0.13633233876520542,0.09983933899472114,0.08882258434702778,0.08974064723433556,0.06908423226991049,0.07665825109019968,0.06288730778058298,0.0640348863897177,0.06334633922423687,0.05210006885471655,0.04934588019279321,0.04062428276336929,0.04062428276336929,0.03167316961211843,0.018590773467982557,0.010328207482212531,0.005967408767500574,0.9231335887920974,0.023166828395911363,0.0,0.0,0.0,0.0,0.0,0.0,0.0,0.0,0.0,0.0,0.0,0.0,0.0,0.0,0.0,0.0,0.0,0.0,0.0,0.0,0.0,0.0,0.0,0.0,0.013770943309616712,0.20656414964425068,4.468671103970623,15.382143676841867,9.075051641037414,0.8537984851962361,4.144109396914446,2.7132583826731134,nan,nan,nan,4.142256482130343,2.749035880447628,4.147471910112359,2.677285710808775,1.0012590789596238,0.4082,0.01039,0.0,0.0,0.0,0.0,0.0,0.0,0.0,0.0,0.0,0.0,0.0,6.472343355519844,23.300436079871478,0.22722056460867573,0.0,0.0,0.0,0.0,0.0,0.0,0.0,0.0,0.0,0.0,0.0,0.0,0.0,0.0,0.0,0.0,nan,nan,4.144109396914446,2.7132583826731134,nan,0.4082,0.0479,0.0,0.0,0.0,0.0,0.0,0.0,0.0,0.0,0.0,0.0,0.0,0.0,0.0,0.0,0.0,0.0,0.0,0.0,0.0,0.0,0.0,0.0,0.0,0.0,0.0011705301813174202,3.442735827404177e-05,0.0,0.001067248106495295,0.0014115216892357126,0.006162497131053477,0.00828551755795272,0.011624971310534771,0.0223892586642185,0.041416112003672255,0.020036722515492312,0.03923571264631627,0.039763598806518245,0.04545558870782648,0.06191186596281845,0.10347716318567822,0.0671448244204728,0.05896258893734221,0.07042689924259812,0.08315354601790223,0.084335551985311,0.09396373651595134,0.03774386045444113,0.025086068395685106,0.03144365389029149,0.018521918751434472,0.011200367225154923,0.006518246499885242,0.0003787009410144595,0.005714941473490934,0.001686940555428047,0.0,0.00010328207482212532,0.00017213679137020887,0.0,0.0,0.0,0.0,0.0,0.0,0.0,0.0,0.0,0.0,0.0,0.0,0.0,0.0,0.0,0.0,0.0,0.0,0.0,0.0,0.0,0.0,0.0,0.0,0.0,0.0,0.0,0.0,0.0,0.0,0.0,0.0,0.0,0.0,0.0,0.0,0.0,0.0,0.0,0.0,0.0,0.0,0.0,nan,nan,4.144109396914446,2.7132583826731134,nan,0.9228885326781965,0.02316382313475371,0.0,0.0,0.0,0.0,0.0,0.0,0.0,0.0,0.0,0.0,0.0,0.0,0.0,0.0,0.0,0.0,0.0,0.0,0.0,0.0,0.0,0.0,0.0,0.0,0.027112516945323097,0.20334387708992324,4.500677812923634,15.41346588341618,9.02846814279259,0.8269317668323545,0.9233865315066789,0.02316721151665512,0.0,0.0,0.0,0.0,0.0,0.0,0.0,0.0,0.0,0.0,0.0,0.0,0.0,0.0,0.0,0.0,0.0,0.0,0.0,0.0,0.0,0.0,0.0,0.0,0.0,0.2098880597014926,4.435634328358209,15.349813432835825,9.12313432835821,0.8815298507462689,0.4082,0.010445,0.0,0.0,0.0,0.0,0.0,0.0,0.0,0.0,0.0,0.0,0.0,6.371441482150917,23.370989606868513,0.2575689109805694,0.0,0.0,0.0,0.0,0.0,0.0,0.0,0.0,0.0,0.0,0.0,0.0,0.0,0.0,0.0,0.0,0.4082,0.01033,0.0,0.0,0.0,0.0,0.0,0.0,0.0,0.0,0.0,0.0,0.0,6.576492537313423,23.227611940298516,0.19589552238805977,0.0,0.0,0.0,0.0,0.0,0.0,0.0,0.0,0.0,0.0,0.0,0.0,0.0,0.0,0.0,0.0
26700,4239,2164,0.5104977589054022,1005,891,0.4472753007784855,1206,0.5690021231422505,0.426,2.9595180722891565,3.06811032600931,6.598958333333333,2.0481866026744244,9407.25602056878,1521.9673528378707,7853.0,10920.869531154633,10897.589312010656,7.016468248942885,7853.0,0.0,27.810804435008258,20.96711196574799,32.97677711696403,19.165676743354346,0.14437367303609341,0.09978768577494693,0.09247464024534088,0.08775654635527247,0.07855626326963906,0.07383816937957065,0.0698277895730125,0.05968388770936542,0.0629865534324133,0.05024769992922859,0.046473224817173864,0.03750884642604388,0.03113941967445152,0.03066761028544468,0.01910828025477707,0.009200283085633405,0.006369426751592357,0.9232678036415287,0.023142385610947353,0.0,0.0,0.0,0.0,0.0,0.0,0.0,0.0,0.0,0.0,0.0,0.0,0.0,0.0,0.0,0.0,0.0,0.0,0.0,0.0,0.0,0.0,0.0,0.0,0.0,0.20523708421797598,4.3807501769285215,15.513092710544944,8.910120311394198,0.9907997169143669,4.35352422907489,2.869183842224981,nan,nan,nan,4.331386861313868,2.865545433483863,4.375923190546529,2.872686931054131,1.0102822330719152,0.4077,0.01038,0.0,0.0,0.0,0.0,0.0,0.0,0.0,0.0,0.0,0.0,0.0,6.86482661004953,22.979476291578205,0.15569709837225765,0.0,0.0,0.0,0.0,0.0,0.0,0.0,0.0,0.0,0.0,0.0,0.0,0.0,0.0,0.0,0.0,nan,nan,4.35352422907489,2.869183842224981,nan,0.4077,0.04803,0.0,0.0,0.0,0.0,0.0,0.0,0.0,0.0,0.0,0.0,0.0,0.0,0.0,0.0,0.0,0.0,0.0,0.0,0.0,0.0,0.0,0.0,0.0,0.0,0.0017221042698749706,0.00011795234725171031,0.0,0.0010615711252653928,0.001155933003066761,0.005649917433356924,0.007867421561689078,0.012845010615711253,0.02322481717386176,0.04345364472753008,0.019391365888181175,0.03962019344184949,0.038582212786034444,0.045104977589054025,0.06385940080207596,0.10202878037272942,0.06981599433828733,0.057655107336636,0.07505307855626327,0.08133993866477943,0.08142250530785562,0.09353621137060628,0.03578674215616891,0.0258551545175749,0.03122198631752772,0.016643076197216326,0.011736258551545175,0.005626326963906581,0.0005897617362585516,0.00561453172918141,0.001981599433828733,8.256664307619721e-05,0.00021231422505307856,0.00014154281670205238,0.0,0.0,0.0,0.0,0.0,0.0,0.0,0.0,0.0,0.0,0.0,0.0,0.0,0.0,0.0,0.0,0.0,0.0,0.0,0.0,0.0,0.0,0.0,0.0,0.0,0.0,0.0,0.0,0.0,0.0,0.0,0.0,0.0,0.0,0.0,0.0,0.0,0.0,0.0,0.0,0.0,0.0,0.0,nan,nan,4.35352422907489,2.869183842224981,nan,0.9229784094196591,0.022758122281519265,0.0,0.0,0.0,0.0,0.0,0.0,0.0,0.0,0.0,0.0,0.0,0.0,0.0,0.0,0.0,0.0,0.0,0.0,0.0,0.0,0.0,0.0,0.0,0.0,0.0,0.23567467652495383,4.297597042513864,15.596118299445475,8.969500924214419,0.9011090573012941,0.9235696104348424,0.02353265776856345,0.0,0.0,0.0,0.0,0.0,0.0,0.0,0.0,0.0,0.0,0.0,0.0,0.0,0.0,0.0,0.0,0.0,0.0,0.0,0.0,0.0,0.0,0.0,0.0,0.0,0.17349397590361448,4.467469879518073,15.426506024096389,8.848192771084339,1.0843373493975905,0.4077,0.01054,0.0,0.0,0.0,0.0,0.0,0.0,0.0,0.0,0.0,0.0,0.0,6.779112754158954,23.012939001848437,0.20794824399260634,0.0,0.0,0.0,0.0,0.0,0.0,0.0,0.0,0.0,0.0,0.0,0.0,0.0,0.0,0.0,0.0,0.4077,0.010216,0.0,0.0,0.0,0.0,0.0,0.0,0.0,0.0,0.0,0.0,0.0,6.95421686746987,22.944578313253015,0.10120481927710846,0.0,0.0,0.0,0.0,0.0,0.0,0.0,0.0,0.0,0.0,0.0,0.0,0.0,0.0,0.0,0.0
26800,4523,2318,0.5124917090426708,1097,931,0.44837497236347557,1269,0.561131992040681,0.422,2.962358276643991,3.0784066716095486,6.467741935483871,2.246271045716002,9413.144127351243,1521.6500123135263,7853.0,10920.041563272476,10897.232911134455,7.171748497785679,7853.0,0.0,27.793720981649347,20.67535689800836,32.72978667368975,18.889325731237097,0.14017245191244748,0.09949148795047535,0.09285872208711032,0.0853415874419633,0.08136192792394428,0.07716117621047977,0.06411673667919522,0.07406588547424275,0.06080035374751271,0.048861375193455674,0.04377625469820915,0.03979659518019014,0.03404819809860712,0.025204510280787087,0.01746628344019456,0.008843687817820032,0.006632765863365023,0.9222041454801194,0.0229038895120665,0.0,0.0,0.0,0.0,0.0,0.0,0.0,0.0,0.0,0.0,0.0,0.0,0.0,0.0,0.0,0.0,0.0,0.0,0.0,0.0,0.0,0.0,0.0,0.0,0.006632765863365025,0.19898297590095074,4.974574397523768,15.242095954012827,8.808313066548752,0.7694008401503429,4.333562585969739,2.8878894005288442,nan,nan,nan,4.357674104124408,2.9143498456659573,4.308607417774668,2.8600312859208423,0.9887401661580658,0.4072,0.01084,0.0,0.0,0.0,0.0,0.0,0.0,0.0,0.0,0.0,0.0,0.0,7.813398187043986,21.84169798806103,0.3449038248949813,0.0,0.0,0.0,0.0,0.0,0.0,0.0,0.0,0.0,0.0,0.0,0.0,0.0,0.0,0.0,0.0,nan,nan,4.333562585969739,2.8878894005288442,nan,0.4072,0.04822,0.0,0.0,0.0,0.0,0.0,0.0,0.0,0.0,0.0,0.0,0.0,0.0,0.0,0.0,0.0,0.0,0.0,0.0,0.0,0.0,0.0,0.0,0.0,0.0,0.002343577271722308,0.00017687375635640063,3.3163829316825113e-05,0.001138624806544329,0.0018571744417422065,0.004753482202078266,0.008147247402166704,0.01463630333849215,0.023314172009728056,0.04328985186822905,0.017886358611541014,0.039498120716338715,0.04027194340039797,0.046108777360159184,0.06336502321468052,0.09886137519345567,0.07239663939862923,0.05736237010833518,0.0707716117621048,0.08199204068096397,0.08368339597612204,0.09524651779792173,0.03455671014813177,0.026840592527083793,0.030588105239885033,0.01643820473137298,0.010667698430245412,0.0055936325447711694,0.00044218439089100157,0.005836833959761221,0.0016360822462967058,1.105460977227504e-05,8.843687817820032e-05,0.00016581914658412558,0.0,0.0,0.0,0.0,0.0,0.0,0.0,0.0,0.0,0.0,0.0,0.0,0.0,0.0,0.0,0.0,0.0,0.0,0.0,0.0,0.0,0.0,0.0,0.0,0.0,0.0,0.0,0.0,0.0,0.0,0.0,0.0,0.0,0.0,0.0,0.0,0.0,0.0,0.0,0.0,0.0,0.0,0.0,nan,nan,4.333562585969739,2.8878894005288442,nan,0.9220741982599905,0.02314728761525909,0.0,0.0,0.0,0.0,0.0,0.0,0.0,0.0,0.0,0.0,0.0,0.0,0.0,0.0,0.0,0.0,0.0,0.0,0.0,0.0,0.0,0.0,0.0,0.0,0.0,0.2329594477998275,4.982743744607421,15.427092320966354,8.606557377049182,0.7506471095772219,0.9223407521269489,0.02264439345488665,0.0,0.0,0.0,0.0,0.0,0.0,0.0,0.0,0.0,0.0,0.0,0.0,0.0,0.0,0.0,0.0,0.0,0.0,0.0,0.0,0.0,0.0,0.0,0.0,0.013605442176870751,0.163265306122449,4.965986394557824,15.047619047619051,9.020408163265309,0.7891156462585036,0.4072,0.01093,0.0,0.0,0.0,0.0,0.0,0.0,0.0,0.0,0.0,0.0,0.0,7.998274374460731,21.691113028472827,0.3106125970664366,0.0,0.0,0.0,0.0,0.0,0.0,0.0,0.0,0.0,0.0,0.0,0.0,0.0,0.0,0.0,0.0,0.4072,0.010735,0.0,0.0,0.0,0.0,0.0,0.0,0.0,0.0,0.0,0.0,0.0,7.619047619047607,22.000000000000004,0.38095238095238104,0.0,0.0,0.0,0.0,0.0,0.0,0.0,0.0,0.0,0.0,0.0,0.0,0.0,0.0,0.0,0.0
26900,4907,2528,0.5151823925005095,1196,1030,0.4536376604850214,1406,0.5730588954554717,0.414,2.9794031105506513,3.111220574735284,6.742725880551301,2.052443338283582,9421.687247431215,1521.764140834266,7853.0,10922.055908679962,10897.916267066841,6.890866056537201,7853.0,0.0,27.33482779702466,20.367816461459007,32.252921129503406,18.610967590141478,0.14204198084369268,0.10006113715100877,0.09007540248624414,0.09109435500305686,0.08966782147951906,0.07805176278785408,0.06521296107601386,0.062359894028938254,0.062156103525575705,0.049724882820460566,0.04198084369268392,0.042796005706134094,0.033421642551457104,0.02343590788669248,0.014672916242103118,0.00794782963113919,0.005298553087426126,0.9235508708427169,0.02280501209414372,0.0,0.0,0.0,0.0,0.0,0.0,0.0,0.0,0.0,0.0,0.0,0.0,0.0,0.0,0.0,0.0,0.0,0.0,0.0,0.0,0.0,0.0,0.0,0.0,0.012227430201752602,0.20175259832891793,4.426329733034441,15.241491746484616,9.201141226818832,0.917057265131445,4.41292581980261,2.9449710107178992,nan,nan,nan,4.476038338658147,2.9673787055104257,4.350253807106599,2.921200719082088,0.971898245270782,0.4075,0.01042,0.0,0.0,0.0,0.0,0.0,0.0,0.0,0.0,0.0,0.0,0.006113715100876301,7.177501528428765,22.669655594049324,0.1467291624210312,0.0,0.0,0.0,0.0,0.0,0.0,0.0,0.0,0.0,0.0,0.0,0.0,0.0,0.0,0.0,0.0,nan,nan,4.41292581980261,2.9449710107178992,nan,0.4075,0.04773,0.0,0.0,0.0,0.0,0.0,0.0,0.0,0.0,0.0,0.0,0.0,0.0,0.0,0.0,0.0,0.0,0.0,0.0,0.0,0.0,0.0,0.0,0.0,1.0189525168127164e-05,0.0024964336661911554,0.00010189525168127165,4.075810067250866e-05,0.0010597106174852252,0.0015895659262278377,0.004534338699816589,0.006225799877725698,0.01348074179743224,0.021520277155084575,0.044161402078663134,0.019105359690238435,0.0405848787446505,0.04111473405339311,0.045475850825351535,0.06475443244344814,0.09782963113918891,0.07243733442021602,0.06127980436111677,0.06978805787650295,0.08290197676788262,0.08313633584674954,0.09590381088241288,0.03399225596087222,0.026543713062971267,0.029682086814754434,0.016557978398206642,0.00981251273690646,0.0052068473609129815,0.0006928877114326473,0.006113715100876299,0.0016303240269003464,0.0,9.170572651314449e-05,0.0001426533523537803,0.0,0.0,0.0,0.0,0.0,0.0,0.0,0.0,0.0,0.0,0.0,0.0,0.0,0.0,0.0,0.0,0.0,0.0,0.0,0.0,0.0,0.0,0.0,0.0,0.0,0.0,0.0,0.0,0.0,0.0,0.0,0.0,0.0,0.0,0.0,0.0,0.0,0.0,0.0,0.0,0.0,0.0,0.0,nan,nan,4.41292581980261,2.9449710107178992,nan,0.9244297540781996,0.02287893960783985,0.0,0.0,0.0,0.0,0.0,0.0,0.0,0.0,0.0,0.0,0.0,0.0,0.0,0.0,0.0,0.0,0.0,0.0,0.0,0.0,0.0,0.0,0.0,0.0,0.01186708860759494,0.18987341772151903,3.9754746835443044,15.237341772151902,9.588607594936711,0.9968354430379749,0.9226169419569246,0.022688911677281327,0.0,0.0,0.0,0.0,0.0,0.0,0.0,0.0,0.0,0.0,0.0,0.0,0.0,0.0,0.0,0.0,0.0,0.0,0.0,0.0,0.0,0.0,0.0,0.0,0.012610340479192942,0.21437578814628,4.905422446406054,15.245901639344265,8.78940731399748,0.8322824716267341,0.4075,0.01041,0.0,0.0,0.0,0.0,0.0,0.0,0.0,0.0,0.0,0.0,0.01186708860759494,7.2033227848101165,22.65427215189874,0.13053797468354433,0.0,0.0,0.0,0.0,0.0,0.0,0.0,0.0,0.0,0.0,0.0,0.0,0.0,0.0,0.0,0.0,0.4075,0.01044,0.0,0.0,0.0,0.0,0.0,0.0,0.0,0.0,0.0,0.0,0.0,7.150063051702385,22.6860025220681,0.16393442622950824,0.0,0.0,0.0,0.0,0.0,0.0,0.0,0.0,0.0,0.0,0.0,0.0,0.0,0.0,0.0,0.0
27000,4717,2458,0.5210939156243375,1116,975,0.44329022683909264,1315,0.5575577697689209,0.43,3.057104913678619,3.181928934219594,6.814285714285714,2.1206735335330764,9439.596204246534,1521.0237228717767,7853.0,10925.489990830421,10897.74137324284,7.005695435106962,7853.0,0.0,27.518337926648293,20.93591210025107,32.382790815039115,19.315541943436546,0.14119143523425906,0.10515157939368243,0.09857960568157727,0.0847996608013568,0.08119567521729913,0.07886368454526183,0.0659317362730549,0.059995760016959936,0.06126775492898028,0.04748781004875981,0.044731821072715706,0.03625185499258003,0.02989188043247827,0.02671189315242739,0.019715921136315456,0.009751960992156031,0.00847996608013568,0.9231488947547895,0.023313423981803548,0.0,0.0,0.0,0.0,0.0,0.0,0.0,0.0,0.0,0.0,0.0,0.0,0.0,0.0,0.0,0.0,0.0,0.0,0.0,0.0,0.0,0.0,0.0,0.0,0.0,0.19079923680305283,4.617341530633878,15.200339198643208,9.056603773584907,0.9349162603349589,4.333778817240227,2.959440429945374,nan,nan,nan,4.311389071757735,2.973850591360592,4.35685210312076,2.94433842501676,1.0105448686273377,0.4075,0.01065,0.0,0.0,0.0,0.0,0.0,0.0,0.0,0.0,0.0,0.0,0.012719949120203522,7.422090311638742,22.3871104515582,0.1780792876828493,0.0,0.0,0.0,0.0,0.0,0.0,0.0,0.0,0.0,0.0,0.0,0.0,0.0,0.0,0.0,0.0,nan,nan,4.333778817240227,2.959440429945374,nan,0.4075,0.04773,0.0,0.0,0.0,0.0,0.0,0.0,0.0,0.0,0.0,0.0,0.0,0.0,0.0,0.0,0.0,0.0,0.0,0.0,0.0,0.0,0.0,0.0,0.0,5.2999788000847996e-05,0.002427390290438838,0.00021199915200339198,9.53996184015264e-05,0.0008479966080135679,0.0016323934704261182,0.004589781640873436,0.006762772948908204,0.012815348738605046,0.020818316726733094,0.04232563069747721,0.019122323510705957,0.03970744117023532,0.043767224931100274,0.04682001271994912,0.06570913716345135,0.10152639389442442,0.07149671401314395,0.05949756200975196,0.06815772736909052,0.07961628153487386,0.08119567521729913,0.09757260970956116,0.03467246131015476,0.026372694509221962,0.031640873436506255,0.017606529573881705,0.00923256306974772,0.005215179139283443,0.000582997668009328,0.006720373118507526,0.0009115963536145855,2.1199915200339197e-05,6.35997456010176e-05,0.0001907992368030528,0.0,0.0,0.0,0.0,0.0,0.0,0.0,0.0,0.0,0.0,0.0,0.0,0.0,0.0,0.0,0.0,0.0,0.0,0.0,0.0,0.0,0.0,0.0,0.0,0.0,0.0,0.0,0.0,0.0,0.0,0.0,0.0,0.0,0.0,0.0,0.0,0.0,0.0,0.0,0.0,0.0,0.0,0.0,nan,nan,4.333778817240227,2.959440429945374,nan,0.9236024272839551,0.02303791869400966,0.0,0.0,0.0,0.0,0.0,0.0,0.0,0.0,0.0,0.0,0.0,0.0,0.0,0.0,0.0,0.0,0.0,0.0,0.0,0.0,0.0,0.0,0.0,0.0,0.0,0.23189585028478443,4.259560618388935,15.390561432058588,9.263628966639546,0.8543531326281532,0.9226554096035327,0.023599647834912713,0.0,0.0,0.0,0.0,0.0,0.0,0.0,0.0,0.0,0.0,0.0,0.0,0.0,0.0,0.0,0.0,0.0,0.0,0.0,0.0,0.0,0.0,0.0,0.0,0.0,0.14608233731739712,5.006640106241701,14.993359893758303,8.831341301460824,1.0225763612217798,0.4077,0.010666,0.0,0.0,0.0,0.0,0.0,0.0,0.0,0.0,0.0,0.0,0.024410089503661518,7.335231895850274,22.469487388120427,0.17087062652563065,0.0,0.0,0.0,0.0,0.0,0.0,0.0,0.0,0.0,0.0,0.0,0.0,0.0,0.0,0.0,0.0,0.4075,0.01063,0.0,0.0,0.0,0.0,0.0,0.0,0.0,0.0,0.0,0.0,0.0,7.5166002656042386,22.29747675962816,0.18592297476759634,0.0,0.0,0.0,0.0,0.0,0.0,0.0,0.0,0.0,0.0,0.0,0.0,0.0,0.0,0.0,0.0
27100,4627,2449,0.5292846336719257,1157,915,0.44780635400907715,1253,0.5416036308623298,0.45,3.112947658402204,3.2125653549452955,6.8861788617886175,2.128411186634428,9464.481725482503,1519.7157948597512,7853.0,10924.079830169678,10897.641055045955,7.012526320888712,7853.0,0.0,27.654851955910956,20.664557727986253,32.535374324671984,18.940871028691785,0.13745407391398315,0.10654851955910957,0.09531013615733737,0.08536848930192349,0.0812621569051221,0.07088826453425545,0.06915928247244435,0.06116274043656797,0.05619191700886103,0.06008212664793603,0.05035660255024854,0.04084720121028744,0.0322022909012319,0.0226928895612708,0.015560838556299979,0.007348173762697212,0.007564296520423601,0.9234368303617185,0.0233119267580017,0.0,0.0,0.0,0.0,0.0,0.0,0.0,0.0,0.0,0.0,0.0,0.0,0.0,0.0,0.0,0.0,0.0,0.0,0.0,0.0,0.0,0.0,0.0,0.0,0.0,0.2723146747352497,4.577480008644911,14.990274475902316,9.206829479144156,0.9531013615733739,4.304010785305022,2.9854033319046263,nan,nan,nan,4.2005347593582885,2.9376133010567944,4.407482993197279,3.029887145366366,1.0492671161398996,0.4075,0.010315,0.0,0.0,0.0,0.0,0.0,0.0,0.0,0.0,0.0,0.0,0.0064836827317916595,7.008861033066772,22.842014264102016,0.14264102009941648,0.0,0.0,0.0,0.0,0.0,0.0,0.0,0.0,0.0,0.0,0.0,0.0,0.0,0.0,0.0,0.0,nan,nan,4.304010785305022,2.9854033319046263,nan,0.4075,0.04712,0.0,0.0,0.0,0.0,0.0,0.0,0.0,0.0,0.0,0.0,0.0,0.0,0.0,0.0,0.0,0.0,0.0,0.0,0.0,0.0,0.0,0.0,0.0,6.483682731791658e-05,0.0023341257834449966,0.00014047979252215258,4.3224551545277716e-05,0.000453857791225416,0.0012210935811540955,0.004052301707369786,0.0077263885887183924,0.012092068294791442,0.020693754052301706,0.04031770045385779,0.018143505511130323,0.04031770045385779,0.04700669980548952,0.04695266911605792,0.0659066349686622,0.10414955694834666,0.0692457315755349,0.05932569699589367,0.07210935811540956,0.07770693754052302,0.08228874000432246,0.09742813918305597,0.034687702615085365,0.02646423168359628,0.03171601469634752,0.01649016641452345,0.008266695483034363,0.004257618327209855,0.0007996542035876378,0.006753836178949643,0.0005186946185433326,0.0,4.3224551545277716e-05,0.00028095958504430516,0.0,0.0,0.0,0.0,0.0,0.0,0.0,0.0,0.0,0.0,0.0,0.0,0.0,0.0,0.0,0.0,0.0,0.0,0.0,0.0,0.0,0.0,0.0,0.0,0.0,0.0,0.0,0.0,0.0,0.0,0.0,0.0,0.0,0.0,0.0,0.0,0.0,0.0,0.0,0.0,0.0,0.0,0.0,nan,nan,4.304010785305022,2.9854033319046263,nan,0.9235639204390929,0.023423992054291014,0.0,0.0,0.0,0.0,0.0,0.0,0.0,0.0,0.0,0.0,0.0,0.0,0.0,0.0,0.0,0.0,0.0,0.0,0.0,0.0,0.0,0.0,0.0,0.0,0.0,0.2572478562678645,4.6182115149040435,14.883625969783589,9.297672519395674,0.9432421396488364,0.9232939269643403,0.02318443859940848,0.0,0.0,0.0,0.0,0.0,0.0,0.0,0.0,0.0,0.0,0.0,0.0,0.0,0.0,0.0,0.0,0.0,0.0,0.0,0.0,0.0,0.0,0.0,0.0,0.0,0.2892561983471075,4.531680440771351,15.110192837465569,9.104683195592289,0.9641873278236917,0.4072,0.010185,0.0,0.0,0.0,0.0,0.0,0.0,0.0,0.0,0.0,0.0,0.012249897917517356,6.8966925275622595,22.968558595345044,0.12249897917517356,0.0,0.0,0.0,0.0,0.0,0.0,0.0,0.0,0.0,0.0,0.0,0.0,0.0,0.0,0.0,0.0,0.4075,0.01046,0.0,0.0,0.0,0.0,0.0,0.0,0.0,0.0,0.0,0.0,0.0,7.1349862258953065,22.699724517906343,0.16528925619834714,0.0,0.0,0.0,0.0,0.0,0.0,0.0,0.0,0.0,0.0,0.0,0.0,0.0,0.0,0.0,0.0
27200,5050,2597,0.5142574257425743,1212,1036,0.44514851485148516,1410,0.5584158415841585,0.40199999999999997,2.971463514064411,3.1691029314505097,6.723053892215569,2.274489141188204,9419.111963806577,1522.0815555742756,7853.0,10922.607424974442,10898.385220340091,6.932786028330442,7853.0,0.0,27.49148514851485,20.77110585376699,32.55850937574175,19.016319820624226,0.14396039603960395,0.09980198019801981,0.09504950495049505,0.09108910891089109,0.07920792079207921,0.07584158415841584,0.06772277227722773,0.06712871287128713,0.05188118811881188,0.05306930693069307,0.04257425742574258,0.03861386138613861,0.03762376237623762,0.025544554455445543,0.015049504950495049,0.009108910891089108,0.006732673267326733,0.9249235639123633,0.023110024865259034,0.0,0.0,0.0,0.0,0.0,0.0,0.0,0.0,0.0,0.0,0.0,0.0,0.0,0.0,0.0,0.0,0.0,0.0,0.0,0.0,0.0,0.0,0.0,0.0,0.0,0.1425742574257426,3.992079207920793,15.255445544554458,9.493069306930694,1.116831683168317,4.295848822800496,2.967526870866375,nan,nan,nan,4.236386138613861,2.973032723275889,4.35545905707196,2.9607986691921373,1.0281071919702436,0.408,0.01009,0.0,0.0,0.0,0.0,0.0,0.0,0.0,0.0,0.0,0.0,0.0,6.475247524752466,23.370297029702975,0.1544554455445545,0.0,0.0,0.0,0.0,0.0,0.0,0.0,0.0,0.0,0.0,0.0,0.0,0.0,0.0,0.0,0.0,nan,nan,4.295848822800496,2.967526870866375,nan,0.408,0.04688,0.0,0.0,0.0,0.0,0.0,0.0,0.0,0.0,0.0,0.0,0.0,0.0,0.0,0.0,0.0,0.0,0.0,0.0,0.0,0.0,0.0,0.0,0.0,9.900990099009901e-06,0.002306930693069307,0.00012871287128712872,0.00021782178217821783,0.00025742574257425744,0.0009405940594059406,0.0034554455445544555,0.007237623762376238,0.011811881188118812,0.02125742574257426,0.038475247524752475,0.01901980198019802,0.03877227722772277,0.046564356435643564,0.047,0.06665346534653466,0.10481188118811881,0.066990099009901,0.05832673267326733,0.07357425742574257,0.07816831683168317,0.08531683168316832,0.09853465346534654,0.034693069306930696,0.026138613861386138,0.03206930693069307,0.016504950495049506,0.00795049504950495,0.0037128712871287127,0.0010396039603960397,0.007217821782178218,0.0003366336633663366,0.0,7.920792079207921e-05,0.00042574257425742574,0.0,0.0,0.0,0.0,0.0,0.0,0.0,0.0,0.0,0.0,0.0,0.0,0.0,0.0,0.0,0.0,0.0,0.0,0.0,0.0,0.0,0.0,0.0,0.0,0.0,0.0,0.0,0.0,0.0,0.0,0.0,0.0,0.0,0.0,0.0,0.0,0.0,0.0,0.0,0.0,0.0,0.0,0.0,nan,nan,4.295848822800496,2.967526870866375,nan,0.9253130359836941,0.023168147365031283,0.0,0.0,0.0,0.0,0.0,0.0,0.0,0.0,0.0,0.0,0.0,0.0,0.0,0.0,0.0,0.0,0.0,0.0,0.0,0.0,0.0,0.0,0.0,0.0,0.0,0.13862148633038124,3.9160569888332697,14.936465152098577,9.84212552945707,1.1667308432807086,0.9245112284173589,0.0230411573342078,0.0,0.0,0.0,0.0,0.0,0.0,0.0,0.0,0.0,0.0,0.0,0.0,0.0,0.0,0.0,0.0,0.0,0.0,0.0,0.0,0.0,0.0,0.0,0.0,0.0,0.1467590705258867,4.072564207093356,15.59315124337546,9.123522217692623,1.0640032613126786,0.4082,0.01012,0.0,0.0,0.0,0.0,0.0,0.0,0.0,0.0,0.0,0.0,0.0,6.1224489795918275,23.669618790912597,0.20793222949557186,0.0,0.0,0.0,0.0,0.0,0.0,0.0,0.0,0.0,0.0,0.0,0.0,0.0,0.0,0.0,0.0,0.4075,0.01007,0.0,0.0,0.0,0.0,0.0,0.0,0.0,0.0,0.0,0.0,0.0,6.848756624541368,23.053403995108038,0.09783938035059114,0.0,0.0,0.0,0.0,0.0,0.0,0.0,0.0,0.0,0.0,0.0,0.0,0.0,0.0,0.0,0.0
27300,4262,2231,0.52346316283435,1092,816,0.44767714687939936,1116,0.5236977944626936,0.43,2.86656819300837,3.084469761188062,6.469750889679715,2.2104514623672276,9446.901976252318,1520.7897626699557,7853.0,10921.603967130184,10897.917177403577,6.98030377741856,7853.0,0.0,28.15814171750352,20.994074226403637,33.04791086350975,19.262255147084574,0.13890192397935242,0.0999530736743313,0.09408728296574378,0.08376349131862976,0.07836696386672924,0.07297043641482871,0.06945096198967621,0.0661661191928672,0.061473486625997185,0.05255748474894416,0.04598779915532614,0.03918348193336462,0.0337869544814641,0.023697794462693572,0.01994368840919756,0.011966213045518537,0.0077428437353355235,0.9250111335574713,0.023220675729552262,0.0,0.0,0.0,0.0,0.0,0.0,0.0,0.0,0.0,0.0,0.0,0.0,0.0,0.0,0.0,0.0,0.0,0.0,0.0,0.0,0.0,0.0,0.0,0.0,0.0,0.19709056780854065,4.040356640075083,14.831065227592683,9.875645236977947,1.0558423275457534,4.07689517591585,2.9053312485254184,nan,nan,nan,4.075457875457875,2.9062554535081797,4.078304597701149,2.9044239936356484,1.0006985036602676,0.4077,0.01037,0.0,0.0,0.0,0.0,0.0,0.0,0.0,0.0,0.0,0.0,0.0,6.799624589394641,23.087752229000476,0.11262318160488037,0.0,0.0,0.0,0.0,0.0,0.0,0.0,0.0,0.0,0.0,0.0,0.0,0.0,0.0,0.0,0.0,nan,nan,4.07689517591585,2.9053312485254184,nan,0.4077,0.04715,0.0,0.0,0.0,0.0,0.0,0.0,0.0,0.0,0.0,0.0,0.0,0.0,0.0,0.0,0.0,0.0,0.0,0.0,0.0,0.0,0.0,0.0,0.0,1.1731581417175035e-05,0.002698263725950258,0.00012904739558892539,0.0003167526982637259,0.0003871421867667762,0.0009737212576255279,0.0034490849366494605,0.007648991083998123,0.012271234162365087,0.021609572970436416,0.039547160957297045,0.018043172219615204,0.03831534490849366,0.0491083998122947,0.04472078836227123,0.06360863444392303,0.10546691694040357,0.06657672454246832,0.059514312529328955,0.0742491787893008,0.08002111684655092,0.08724777099953074,0.09398169873298921,0.03601595495072736,0.024190520882214923,0.03226184889723135,0.016694040356640075,0.008305959643359924,0.004141248240262787,0.0006335053965274519,0.00664007508212107,0.00037541060534960113,0.0,0.00015251055842327546,0.0006921633036133271,0.0,0.0,0.0,0.0,0.0,0.0,0.0,0.0,0.0,0.0,0.0,0.0,0.0,0.0,0.0,0.0,0.0,0.0,0.0,0.0,0.0,0.0,0.0,0.0,0.0,0.0,0.0,0.0,0.0,0.0,0.0,0.0,0.0,0.0,0.0,0.0,0.0,0.0,0.0,0.0,0.0,0.0,0.0,nan,nan,4.07689517591585,2.9053312485254184,nan,0.9246160025449143,0.023186041158452415,0.0,0.0,0.0,0.0,0.0,0.0,0.0,0.0,0.0,0.0,0.0,0.0,0.0,0.0,0.0,0.0,0.0,0.0,0.0,0.0,0.0,0.0,0.0,0.0,0.0,0.22859704168534295,4.168534289556254,14.76467951591215,9.829672792469745,1.008516360376513,0.9254451745663412,0.023250923375898964,0.0,0.0,0.0,0.0,0.0,0.0,0.0,0.0,0.0,0.0,0.0,0.0,0.0,0.0,0.0,0.0,0.0,0.0,0.0,0.0,0.0,0.0,0.0,0.0,0.0,0.16248153618906946,3.899556868537667,14.903988183161008,9.926144756277697,1.1078286558345645,0.4072,0.01043,0.0,0.0,0.0,0.0,0.0,0.0,0.0,0.0,0.0,0.0,0.0,7.2075302554908,22.684894666069034,0.10757507844016138,0.0,0.0,0.0,0.0,0.0,0.0,0.0,0.0,0.0,0.0,0.0,0.0,0.0,0.0,0.0,0.0,0.4082,0.01027,0.0,0.0,0.0,0.0,0.0,0.0,0.0,0.0,0.0,0.0,0.0,6.35155096011816,23.530280649926148,0.11816838995568688,0.0,0.0,0.0,0.0,0.0,0.0,0.0,0.0,0.0,0.0,0.0,0.0,0.0,0.0,0.0,0.0
27400,4776,2534,0.5305695142378559,1205,969,0.4551926298157454,1351,0.5657453936348409,0.39799999999999996,3.024977698483497,3.1237201660335425,6.682662538699691,2.1172832278476172,9469.009801426313,1520.0607889186504,7853.0,10923.218081831932,10898.802214527257,7.0336464645065915,7853.0,0.0,28.509840871021776,20.874352603723885,33.35528596187175,19.040418851700938,0.13525963149078726,0.09736180904522614,0.08417085427135679,0.08396147403685092,0.08563651591289782,0.07747068676716917,0.07160804020100503,0.0638609715242881,0.05820770519262981,0.055695142378559465,0.045435510887772194,0.042085427135678394,0.03664154103852596,0.028056951423785594,0.018425460636515914,0.009003350083752094,0.00711892797319933,0.9266757307265272,0.023021689962087085,0.0,0.0,0.0,0.0,0.0,0.0,0.0,0.0,0.0,0.0,0.0,0.0,0.0,0.0,0.0,0.0,0.0,0.0,0.0,0.0,0.0,0.0,0.0,0.0,0.0,0.18216080402010054,3.4987437185929657,14.893216080402013,10.125628140703519,1.3002512562814075,4.147188881869868,2.9376232642273203,nan,nan,nan,4.10831234256927,2.940571137172093,4.186311787072244,2.934133755719341,1.0189857630090011,0.408,0.010086,0.0,0.0,0.0,0.0,0.0,0.0,0.0,0.0,0.0,0.0,0.0,6.4195979899497395,23.429648241206035,0.15075376884422112,0.0,0.0,0.0,0.0,0.0,0.0,0.0,0.0,0.0,0.0,0.0,0.0,0.0,0.0,0.0,0.0,nan,nan,4.147188881869868,2.9376232642273203,nan,0.408,0.04703,0.0,0.0,0.0,0.0,0.0,0.0,0.0,0.0,0.0,0.0,0.0,0.0,0.0,0.0,0.0,0.0,0.0,0.0,0.0,0.0,0.0,0.0,0.0,0.0,0.002449748743718593,0.00010469011725293132,0.0004396984924623116,0.0005025125628140704,0.0011306532663316582,0.0032663316582914573,0.007307370184254606,0.012615159128978225,0.020760050251256282,0.03936348408710218,0.017231993299832497,0.040012562814070354,0.04880653266331658,0.04343592964824121,0.06201842546063652,0.1060929648241206,0.06185092127303182,0.06024916247906198,0.07536641541038526,0.08319723618090452,0.09015912897822445,0.09118509212730318,0.03851549413735343,0.023408710217755445,0.032956448911222784,0.016425879396984925,0.00885678391959799,0.004365577889447236,0.0008165829145728643,0.006260469011725293,0.00020938023450586265,0.0,0.00011515912897822445,0.0005234505862646566,0.0,0.0,0.0,0.0,0.0,0.0,0.0,0.0,0.0,0.0,0.0,0.0,0.0,0.0,0.0,0.0,0.0,0.0,0.0,0.0,0.0,0.0,0.0,0.0,0.0,0.0,0.0,0.0,0.0,0.0,0.0,0.0,0.0,0.0,0.0,0.0,0.0,0.0,0.0,0.0,0.0,0.0,0.0,nan,nan,4.147188881869868,2.9376232642273203,nan,0.9269726125151507,0.02342985861584275,0.0,0.0,0.0,0.0,0.0,0.0,0.0,0.0,0.0,0.0,0.0,0.0,0.0,0.0,0.0,0.0,0.0,0.0,0.0,0.0,0.0,0.0,0.0,0.0,0.0,0.18942383583267566,3.5516969218626686,14.656669297553279,10.181531176006317,1.4206787687450675,0.9263401827995102,0.02254676377982892,0.0,0.0,0.0,0.0,0.0,0.0,0.0,0.0,0.0,0.0,0.0,0.0,0.0,0.0,0.0,0.0,0.0,0.0,0.0,0.0,0.0,0.0,0.0,0.0,0.0,0.1739518287243533,3.438893844781446,15.160570918822483,10.062444246208743,1.1641391614629797,0.408,0.01012,0.0,0.0,0.0,0.0,0.0,0.0,0.0,0.0,0.0,0.0,0.0,6.381215469613251,23.488555643251782,0.1302288871349645,0.0,0.0,0.0,0.0,0.0,0.0,0.0,0.0,0.0,0.0,0.0,0.0,0.0,0.0,0.0,0.0,0.408,0.01004,0.0,0.0,0.0,0.0,0.0,0.0,0.0,0.0,0.0,0.0,0.0,6.462979482604808,23.363068688670836,0.1739518287243533,0.0,0.0,0.0,0.0,0.0,0.0,0.0,0.0,0.0,0.0,0.0,0.0,0.0,0.0,0.0,0.0
27500,4539,2332,0.5137695527649262,1130,936,0.4551663361974003,1265,0.5573914959242123,0.426,2.9796103307657456,3.1473467846602077,6.719798657718121,2.1960177410924593,9418.031053509698,1522.517718400401,7853.0,10923.085667729378,10899.17322121806,7.211062085478,7853.0,0.0,27.52566644635382,20.666690260696576,32.50645246247037,18.926031056313775,0.14210178453403832,0.1002423441286627,0.09297202026878167,0.082837629433796,0.08702357347433355,0.07732980832782552,0.07292355144304913,0.06631416611588456,0.057942278034809426,0.05133289270764486,0.041639127561136816,0.038995373430270985,0.031064111037673495,0.0196078431372549,0.01784534038334435,0.01255783212161269,0.007270323859881031,0.9277021386571381,0.023725209271088277,0.0,0.0,0.0,0.0,0.0,0.0,0.0,0.0,0.0,0.0,0.0,0.0,0.0,0.0,0.0,0.0,0.0,0.0,0.0,0.0,0.0,0.0,0.0,0.0,0.0,0.19167217448777268,3.5029742233972248,13.906146728354265,11.004626569729018,1.3945803040317255,4.285763059064527,2.95313435166727,nan,nan,nan,4.267586206896552,2.9426913029805446,4.303788903924222,2.9642204193134343,1.0084831788445574,0.4082,0.01036,0.0,0.0,0.0,0.0,0.0,0.0,0.0,0.0,0.0,0.0,0.0,6.391275611368133,23.463317911434242,0.14540647719762065,0.0,0.0,0.0,0.0,0.0,0.0,0.0,0.0,0.0,0.0,0.0,0.0,0.0,0.0,0.0,0.0,nan,nan,4.285763059064527,2.95313435166727,nan,0.4082,0.0471,0.0,0.0,0.0,0.0,0.0,0.0,0.0,0.0,0.0,0.0,0.0,0.0,0.0,0.0,0.0,0.0,0.0,0.0,0.0,0.0,0.0,0.0,0.0,0.0,0.002952192112800176,0.00014320334875523243,0.0004846882573254021,0.0004406256884776382,0.00149812734082397,0.00356906807666887,0.007743996474994492,0.011136814276272307,0.019982374972460894,0.03815818462216347,0.016192994051553205,0.0419035029742234,0.048920467063229785,0.041837409120951755,0.06014540647719762,0.10612469706983917,0.06121392377175589,0.05978189028420357,0.07696629213483146,0.08650583829037232,0.09200264375413086,0.08730998017184402,0.03927076448556951,0.0255783212161269,0.032308878607622826,0.016677682308878606,0.008790482485128884,0.004450319453624146,0.0013328927076448557,0.005584930601454065,0.00014320334875523243,0.00012117206433135052,0.00015421899096717338,0.0005728133950209297,0.0,0.0,0.0,0.0,0.0,0.0,0.0,0.0,0.0,0.0,0.0,0.0,0.0,0.0,0.0,0.0,0.0,0.0,0.0,0.0,0.0,0.0,0.0,0.0,0.0,0.0,0.0,0.0,0.0,0.0,0.0,0.0,0.0,0.0,0.0,0.0,0.0,0.0,0.0,0.0,0.0,0.0,0.0,nan,nan,4.285763059064527,2.95313435166727,nan,0.9281339352218815,0.023685693400088387,0.0,0.0,0.0,0.0,0.0,0.0,0.0,0.0,0.0,0.0,0.0,0.0,0.0,0.0,0.0,0.0,0.0,0.0,0.0,0.0,0.0,0.0,0.0,0.0,0.0,0.16723842195540314,3.512006861063466,13.700686106346486,11.230703259005148,1.389365351629503,0.9272458860114736,0.023758366390594463,0.0,0.0,0.0,0.0,0.0,0.0,0.0,0.0,0.0,0.0,0.0,0.0,0.0,0.0,0.0,0.0,0.0,0.0,0.0,0.0,0.0,0.0,0.0,0.0,0.0,0.21748980516538294,3.493429995468963,14.123244222927054,10.765745355686454,1.4000906207521526,0.4082,0.01029,0.0,0.0,0.0,0.0,0.0,0.0,0.0,0.0,0.0,0.0,0.0,6.483704974271003,23.37478559176673,0.14150943396226418,0.0,0.0,0.0,0.0,0.0,0.0,0.0,0.0,0.0,0.0,0.0,0.0,0.0,0.0,0.0,0.0,0.4084,0.01043,0.0,0.0,0.0,0.0,0.0,0.0,0.0,0.0,0.0,0.0,0.0,6.293611236973258,23.556864521975537,0.14952424105120074,0.0,0.0,0.0,0.0,0.0,0.0,0.0,0.0,0.0,0.0,0.0,0.0,0.0,0.0,0.0,0.0
27600,4869,2537,0.521051550626412,1165,967,0.4378722530293695,1335,0.5483672211953173,0.41,3.0510291595197256,3.1921676989720793,6.6875,2.2452312268884738,9440.10409265409,1521.6394907077026,7853.0,10919.477647602558,10898.96366855844,6.890103685476267,7853.0,0.0,27.66194290408708,20.885980591242998,32.63076545632973,19.206213356733315,0.14109673444239063,0.10494968165947834,0.09242144177449169,0.09057301293900184,0.08194701170671596,0.07208872458410351,0.06736496200451839,0.06325734237009653,0.05524748408297392,0.05031834052166769,0.0445676730334771,0.04271924419798727,0.03553090983774902,0.024440336824810022,0.016019716574245224,0.008831382214006983,0.00862600123228589,0.9275800822010812,0.022581497521866264,0.0,0.0,0.0,0.0,0.0,0.0,0.0,0.0,0.0,0.0,0.0,0.0,0.0,0.0,0.0,0.0,0.0,0.0,0.0,0.0,0.0,0.0,0.0,0.0,0.0,0.11706715958102282,3.0930375847196556,14.80591497227357,10.690080098582873,1.293900184842884,4.360246433203631,2.92805906708867,nan,nan,nan,4.403795811518324,2.8845428903130834,4.315112540192926,2.9690357930461815,0.9798620837293494,0.4084,0.01041,0.0,0.0,0.0,0.0,0.0,0.0,0.0,0.0,0.0,0.0,0.0,6.333949476278487,23.40727048675293,0.25878003696857677,0.0,0.0,0.0,0.0,0.0,0.0,0.0,0.0,0.0,0.0,0.0,0.0,0.0,0.0,0.0,0.0,nan,nan,4.360246433203631,2.92805906708867,nan,0.4084,0.04736,0.0,0.0,0.0,0.0,0.0,0.0,0.0,0.0,0.0,0.0,0.0,0.0,0.0,0.0,0.0,0.0,0.0,0.0,0.0,0.0,0.0,0.0,0.0,0.0,0.0030601766276442803,1.0269049086054631e-05,0.0004826453070445677,0.00040049291435613065,0.001725200246457178,0.002680221811460259,0.007465598685561717,0.012887656602998562,0.018196754980488807,0.03925857465598685,0.018217293078660917,0.04226740603820086,0.04972273567467653,0.039895255699322243,0.058903265557609365,0.1068597247894845,0.06060792770589443,0.05977613472992401,0.07377284863421647,0.0890223865270076,0.09305812281782706,0.08457588827274594,0.03750256726227151,0.02654549188745122,0.03443212158554118,0.017077428630108853,0.009005956048469911,0.004446498254261655,0.0013555144793592113,0.005966317518997741,2.0538098172109262e-05,8.215239268843705e-05,0.00028753337440952967,0.0004313000616142945,0.0,0.0,0.0,0.0,0.0,0.0,0.0,0.0,0.0,0.0,0.0,0.0,0.0,0.0,0.0,0.0,0.0,0.0,0.0,0.0,0.0,0.0,0.0,0.0,0.0,0.0,0.0,0.0,0.0,0.0,0.0,0.0,0.0,0.0,0.0,0.0,0.0,0.0,0.0,0.0,0.0,0.0,0.0,nan,nan,4.360246433203631,2.92805906708867,nan,0.927289057327717,0.022469265951653935,0.0,0.0,0.0,0.0,0.0,0.0,0.0,0.0,0.0,0.0,0.0,0.0,0.0,0.0,0.0,0.0,0.0,0.0,0.0,0.0,0.0,0.0,0.0,0.0,0.0,0.13007489160425703,3.1572723689396933,15.029562475364607,10.453291288923928,1.2297989751675211,0.9278966903073097,0.02269872764682266,0.0,0.0,0.0,0.0,0.0,0.0,0.0,0.0,0.0,0.0,0.0,0.0,0.0,0.0,0.0,0.0,0.0,0.0,0.0,0.0,0.0,0.0,0.0,0.0,0.0,0.10291595197255576,3.023156089193826,14.562607204116642,10.947684391080621,1.363636363636364,0.4082,0.010376,0.0,0.0,0.0,0.0,0.0,0.0,0.0,0.0,0.0,0.0,0.0,6.456444619629474,23.307055577453692,0.23649980291683095,0.0,0.0,0.0,0.0,0.0,0.0,0.0,0.0,0.0,0.0,0.0,0.0,0.0,0.0,0.0,0.0,0.4084,0.01044,0.0,0.0,0.0,0.0,0.0,0.0,0.0,0.0,0.0,0.0,0.0,6.200686106346475,23.516295025728994,0.28301886792452835,0.0,0.0,0.0,0.0,0.0,0.0,0.0,0.0,0.0,0.0,0.0,0.0,0.0,0.0,0.0,0.0
27700,4716,2416,0.5122985581000848,1086,983,0.4387192536047498,1316,0.5581000848176421,0.418,2.8839130434782607,3.061400985241653,6.540229885057471,2.068317723802261,9413.353452194839,1522.4422366104018,7853.0,10925.151080071926,10898.789271751184,7.048925298888141,7853.0,0.0,27.405640373197624,20.77122553980328,32.531855249745156,19.011189755132445,0.14652247667514842,0.10199321458863443,0.09669211195928754,0.08566581849024597,0.08418150975402884,0.07061068702290077,0.06806615776081425,0.060644614079728584,0.054707379134860054,0.05046649703138253,0.045589482612383374,0.045165394402035625,0.03604749787955895,0.023960983884648006,0.014206955046649703,0.010178117048346057,0.005301102629346904,0.9261093380670612,0.023569146589305385,0.0,0.0,0.0,0.0,0.0,0.0,0.0,0.0,0.0,0.0,0.0,0.0,0.0,0.0,0.0,0.0,0.0,0.0,0.0,0.0,0.0,0.0,0.0,0.0,0.0,0.16539440203562344,3.753180661577609,14.64376590330789,10.254452926208653,1.183206106870229,4.337135189533713,2.854880948709502,nan,nan,nan,4.353019243530192,2.8357132992170233,4.32089552238806,2.8742548344569623,0.9926203585729888,0.4087,0.01036,0.0,0.0,0.0,0.0,0.0,0.0,0.0,0.0,0.0,0.0,0.0,6.0114503816793805,23.740458015267183,0.24809160305343517,0.0,0.0,0.0,0.0,0.0,0.0,0.0,0.0,0.0,0.0,0.0,0.0,0.0,0.0,0.0,0.0,nan,nan,4.337135189533713,2.854880948709502,nan,0.4087,0.04715,0.0,0.0,0.0,0.0,0.0,0.0,0.0,0.0,0.0,0.0,0.0,0.0,0.0,0.0,0.0,0.0,0.0,0.0,0.0,0.0,1.0602205258693808e-05,0.0,2.1204410517387616e-05,0.0,0.0028519932145886343,0.0,0.00041348600508905853,0.00041348600508905853,0.001208651399491094,0.0021734520780322306,0.008301526717557252,0.013539016115351993,0.01676208651399491,0.03858142493638677,0.01779050042408821,0.042854113655640375,0.04912001696352841,0.03931297709923664,0.05875742154368108,0.1053223070398643,0.06557463952502121,0.0585665818490246,0.07325063613231553,0.08883587786259542,0.09296013570822731,0.08705470737913486,0.03786047497879559,0.026547921967769297,0.032400339270568276,0.01782230703986429,0.009245122985581,0.003986429177268872,0.0014949109414758269,0.006202290076335878,3.1806615776081425e-05,0.00013782866836301952,0.00027565733672603904,0.0003180661577608143,0.0,0.0,0.0,0.0,0.0,0.0,0.0,0.0,0.0,0.0,0.0,0.0,0.0,0.0,0.0,0.0,0.0,0.0,0.0,0.0,0.0,0.0,0.0,0.0,0.0,0.0,0.0,0.0,0.0,0.0,0.0,0.0,0.0,0.0,0.0,0.0,0.0,0.0,0.0,0.0,0.0,0.0,0.0,nan,nan,4.337135189533713,2.854880948709502,nan,0.9259492478623296,0.02364582708093582,0.0,0.0,0.0,0.0,0.0,0.0,0.0,0.0,0.0,0.0,0.0,0.0,0.0,0.0,0.0,0.0,0.0,0.0,0.0,0.0,0.0,0.0,0.0,0.0,0.0,0.11175496688741725,3.998344370860928,14.317052980132454,10.380794701986758,1.1920529801324504,0.9262775023864663,0.023487154050038605,0.0,0.0,0.0,0.0,0.0,0.0,0.0,0.0,0.0,0.0,0.0,0.0,0.0,0.0,0.0,0.0,0.0,0.0,0.0,0.0,0.0,0.0,0.0,0.0,0.0,0.22173913043478266,3.495652173913044,14.986956521739133,10.121739130434785,1.173913043478261,0.409,0.01034,0.0,0.0,0.0,0.0,0.0,0.0,0.0,0.0,0.0,0.0,0.0,5.4635761589403895,24.250827814569544,0.28559602649006627,0.0,0.0,0.0,0.0,0.0,0.0,0.0,0.0,0.0,0.0,0.0,0.0,0.0,0.0,0.0,0.0,0.4082,0.01036,0.0,0.0,0.0,0.0,0.0,0.0,0.0,0.0,0.0,0.0,0.0,6.586956521739121,23.204347826086963,0.2086956521739131,0.0,0.0,0.0,0.0,0.0,0.0,0.0,0.0,0.0,0.0,0.0,0.0,0.0,0.0,0.0,0.0
27800,4652,2398,0.5154772141014617,1096,943,0.4383061049011178,1289,0.554170249355116,0.41,2.932120674356699,3.0867819684363784,6.483253588516747,2.1508405547582337,9422.851733193942,1521.9954980580367,7853.0,10921.939311623573,10898.433804344544,6.995267660631354,7853.0,0.0,27.593508168529663,21.01172912807432,32.738119834710744,19.28605921218881,0.14681857265692175,0.10275150472914875,0.09307824591573517,0.08748925193465176,0.08404987102321582,0.07115219260533104,0.06470335339638865,0.061049011177987965,0.05653482373172829,0.05266552020636286,0.04621668099742046,0.03761822871883061,0.0352536543422184,0.024720550300945828,0.01956147893379192,0.010103181427343079,0.006233877901977644,0.9255314295212974,0.02302298230082134,0.0,0.0,0.0,0.0,0.0,0.0,0.0,0.0,0.0,0.0,0.0,0.0,0.0,0.0,0.0,0.0,0.0,0.0,0.0,0.0,0.0,0.0,0.0,0.0,0.0,0.1612209802235598,3.901547721410147,15.032244196044715,9.73774720550301,1.1672398968185729,4.2433987813134735,2.855347895323719,nan,nan,nan,4.269938650306749,2.8675730120076515,4.217215870880969,2.84299292858793,0.9876525674620659,0.4082,0.00994,0.0,0.0,0.0,0.0,0.0,0.0,0.0,0.0,0.0,0.0,0.0,6.107050730868435,23.738177128116945,0.1547721410146174,0.0,0.0,0.0,0.0,0.0,0.0,0.0,0.0,0.0,0.0,0.0,0.0,0.0,0.0,0.0,0.0,nan,nan,4.2433987813134735,2.855347895323719,nan,0.4082,0.04703,0.0,0.0,0.0,0.0,0.0,0.0,0.0,0.0,0.0,0.0,0.0,0.0,0.0,0.0,0.0,0.0,0.0,0.0,0.0,0.0,0.0,0.0,5.374032674118659e-05,0.0,0.0029772141014617367,0.0,0.0001827171109200344,0.00027944969905417026,0.0012467755803955288,0.0022570937231298368,0.007856835769561478,0.01294067067927773,0.01871238177128117,0.03682287188306105,0.018540412725709374,0.043970335339638865,0.04972055030094583,0.0403804815133276,0.06179062768701634,0.10726569217540842,0.06625107480653482,0.05934006878761823,0.07395743766122098,0.07954643164230439,0.0953030954428203,0.08449054170249355,0.037532244196044715,0.028181427343078245,0.032469905417024936,0.01683147033533964,0.008759673258813414,0.004299226139294927,0.0014079965606190886,0.006126397248495271,1.0748065348237317e-05,0.00010748065348237318,0.00016122098022355977,0.00022570937231298366,0.0,0.0,0.0,0.0,0.0,0.0,0.0,0.0,0.0,0.0,0.0,0.0,0.0,0.0,0.0,0.0,0.0,0.0,0.0,0.0,0.0,0.0,0.0,0.0,0.0,0.0,0.0,0.0,0.0,0.0,0.0,0.0,0.0,0.0,0.0,0.0,0.0,0.0,0.0,0.0,0.0,0.0,0.0,nan,nan,4.2433987813134735,2.855347895323719,nan,0.925675376839594,0.023286322830215745,0.0,0.0,0.0,0.0,0.0,0.0,0.0,0.0,0.0,0.0,0.0,0.0,0.0,0.0,0.0,0.0,0.0,0.0,0.0,0.0,0.0,0.0,0.0,0.0,0.0,0.1125938281901585,4.07839866555463,14.849874895746458,9.708090075062554,1.2510425354462054,0.9253782859235711,0.022738469541959072,0.0,0.0,0.0,0.0,0.0,0.0,0.0,0.0,0.0,0.0,0.0,0.0,0.0,0.0,0.0,0.0,0.0,0.0,0.0,0.0,0.0,0.0,0.0,0.0,0.0,0.21295474711623785,3.7133984028393976,15.226264418811006,9.76929902395741,1.078083407275954,0.408,0.00999,0.0,0.0,0.0,0.0,0.0,0.0,0.0,0.0,0.0,0.0,0.0,6.105087572977472,23.769808173477905,0.12510425354462054,0.0,0.0,0.0,0.0,0.0,0.0,0.0,0.0,0.0,0.0,0.0,0.0,0.0,0.0,0.0,0.0,0.4082,0.00989,0.0,0.0,0.0,0.0,0.0,0.0,0.0,0.0,0.0,0.0,0.0,6.109139307897063,23.704525288376228,0.18633540372670812,0.0,0.0,0.0,0.0,0.0,0.0,0.0,0.0,0.0,0.0,0.0,0.0,0.0,0.0,0.0,0.0
27900,4794,2492,0.5198164372131832,1205,946,0.44868585732165206,1337,0.5577805590321235,0.39799999999999996,2.992180712423979,3.079729645351211,6.536337209302325,2.0710811866362757,9436.065014543163,1521.5271267428054,7853.0,10922.817999720573,10898.430850609922,6.879814696636323,7853.0,0.0,28.430538172715895,20.98472421147953,33.17613776137761,19.252513040947303,0.1328744263662912,0.10116812682519817,0.09157279933249896,0.082186065915728,0.08197747183979975,0.07175636211931581,0.07488527325823946,0.06716729244889445,0.05465164789319983,0.05340008343763037,0.04964539007092199,0.0392156862745098,0.03420942845223195,0.028160200250312892,0.01898206090947017,0.011889862327909888,0.006257822277847309,0.924708318588482,0.022655817803627784,0.0,0.0,0.0,0.0,0.0,0.0,0.0,0.0,0.0,0.0,0.0,0.0,0.0,0.0,0.0,0.0,0.0,0.0,0.0,0.0,0.0,0.0,0.0,0.0,0.0,0.11889862327909889,3.973717146433042,15.344180225281605,9.612015018773468,0.9511889862327911,4.2008914358484555,2.8900160508670574,nan,nan,nan,4.282802547770701,2.861832701826212,4.119032463399109,2.9156114106198556,0.9617610005259668,0.4084,0.01011,0.0,0.0,0.0,0.0,0.0,0.0,0.0,0.0,0.0,0.0,0.0,6.1576971214017435,23.673341677096378,0.1689612015018774,0.0,0.0,0.0,0.0,0.0,0.0,0.0,0.0,0.0,0.0,0.0,0.0,0.0,0.0,0.0,0.0,nan,nan,4.2008914358484555,2.8900160508670574,nan,0.4084,0.04712,0.0,0.0,0.0,0.0,0.0,0.0,0.0,0.0,0.0,0.0,0.0,0.0,0.0,0.0,0.0,0.0,0.0,0.0,0.0,0.0,0.0,0.0,6.257822277847309e-05,0.0,0.0027951606174384646,0.0,0.00014601585314977055,0.00028160200250312893,0.0013037129745515227,0.0022006675010429705,0.007582394659991656,0.013277012932832708,0.018533583646224448,0.037786816854401335,0.01912807676261994,0.04419065498539841,0.04740300375469337,0.0399874843554443,0.06327701293283271,0.10695661243220693,0.062254901960784315,0.061055486024196914,0.0738840216937839,0.07633500208594075,0.09569253233208178,0.08721318314559867,0.036368377138089276,0.03064246975385899,0.032665832290362955,0.019002920317062997,0.008302044221944097,0.004171881518564873,0.000803087192323738,0.006028368794326241,4.171881518564873e-05,7.300792657488527e-05,0.00031289111389236547,0.000229453483521068,0.0,0.0,0.0,1.0429703796412182e-05,0.0,0.0,0.0,0.0,0.0,0.0,0.0,0.0,0.0,0.0,0.0,0.0,0.0,0.0,0.0,0.0,0.0,0.0,0.0,0.0,0.0,0.0,0.0,0.0,0.0,0.0,0.0,0.0,0.0,0.0,0.0,0.0,0.0,0.0,0.0,0.0,0.0,0.0,0.0,nan,nan,4.2008914358484555,2.8900160508670574,nan,0.9251427530381309,0.022833235678187642,0.0,0.0,0.0,0.0,0.0,0.0,0.0,0.0,0.0,0.0,0.0,0.0,0.0,0.0,0.0,0.0,0.0,0.0,0.0,0.0,0.0,0.0,0.0,0.0,0.0,0.09630818619582666,3.9486356340288933,15.228731942215092,9.630818619582666,1.0955056179775282,0.9242380272554999,0.0224527037202331,0.0,0.0,0.0,0.0,0.0,0.0,0.0,0.0,0.0,0.0,0.0,0.0,0.0,0.0,0.0,0.0,0.0,0.0,0.0,0.0,0.0,0.0,0.0,0.0,0.0,0.1433536055603823,4.00086880973067,15.469157254561255,9.59165942658558,0.7949609035621201,0.4084,0.01005,0.0,0.0,0.0,0.0,0.0,0.0,0.0,0.0,0.0,0.0,0.0,6.043338683788114,23.800160513643664,0.15650080256821836,0.0,0.0,0.0,0.0,0.0,0.0,0.0,0.0,0.0,0.0,0.0,0.0,0.0,0.0,0.0,0.0,0.4082,0.01017,0.0,0.0,0.0,0.0,0.0,0.0,0.0,0.0,0.0,0.0,0.0,6.281494352736742,23.53605560382277,0.18245004344048657,0.0,0.0,0.0,0.0,0.0,0.0,0.0,0.0,0.0,0.0,0.0,0.0,0.0,0.0,0.0,0.0
28000,4752,2475,0.5208333333333334,1177,974,0.45265151515151514,1337,0.5627104377104377,0.41,2.9797979797979797,3.0969597560861484,6.618819776714513,2.103349620915802,9439.048279523196,1521.2924626954077,7853.0,10924.614885509014,10898.212696684539,7.003131684929978,7853.0,0.0,27.904671717171716,20.741361718054254,32.79909932449337,18.976248119264906,0.13867845117845118,0.10248316498316498,0.08543771043771044,0.09090909090909091,0.08017676767676768,0.0726010101010101,0.07533670033670034,0.06776094276094276,0.05597643097643098,0.05345117845117845,0.04482323232323232,0.03851010101010101,0.03577441077441077,0.02356902356902357,0.015361952861952861,0.012415824915824917,0.006734006734006734,0.924516319325476,0.023145836012019343,0.0,0.0,0.0,0.0,0.0,0.0,0.0,0.0,0.0,0.0,0.0,0.0,0.0,0.0,0.0,0.0,0.0,0.0,0.0,0.0,0.0,0.0,0.0,0.0,0.0,0.20833333333333337,4.090909090909092,15.347222222222225,9.356060606060607,0.9974747474747476,4.189180434078393,2.905905798326191,nan,nan,nan,4.113890717577354,2.9064067281937684,4.262117346938775,2.9035593228538894,1.0360307649223874,0.408,0.010254,0.0,0.0,0.0,0.0,0.0,0.0,0.0,0.0,0.0,0.0,0.0,6.540404040404031,23.282828282828287,0.17676767676767682,0.0,0.0,0.0,0.0,0.0,0.0,0.0,0.0,0.0,0.0,0.0,0.0,0.0,0.0,0.0,0.0,nan,nan,4.189180434078393,2.905905798326191,nan,0.408,0.04752,0.0,0.0,0.0,0.0,0.0,0.0,0.0,0.0,0.0,0.0,0.0,0.0,0.0,0.0,0.0,0.0,0.0,0.0,0.0,0.0,0.0,0.0,1.0521885521885522e-05,0.0,0.0037984006734006733,0.0,0.0002525252525252525,0.0003051346801346801,0.0012205387205387204,0.0022622053872053873,0.00798611111111111,0.013162878787878788,0.018013468013468013,0.038583754208754206,0.020075757575757577,0.04553872053872054,0.047316919191919195,0.03875210437710438,0.06388888888888888,0.10570286195286195,0.06260521885521886,0.05917508417508417,0.07487373737373737,0.07482112794612794,0.0960016835016835,0.0904776936026936,0.0345223063973064,0.029713804713804713,0.03250210437710438,0.018129208754208755,0.007649410774410775,0.00432449494949495,0.0008312289562289562,0.006776094276094276,0.00010521885521885521,5.260942760942761e-05,0.0003261784511784512,0.000242003367003367,0.0,0.0,0.0,0.0,0.0,0.0,0.0,0.0,0.0,0.0,0.0,0.0,0.0,0.0,0.0,0.0,0.0,0.0,0.0,0.0,0.0,0.0,0.0,0.0,0.0,0.0,0.0,0.0,0.0,0.0,0.0,0.0,0.0,0.0,0.0,0.0,0.0,0.0,0.0,0.0,0.0,0.0,0.0,nan,nan,4.189180434078393,2.905905798326191,nan,0.9246694195872606,0.023022464064236567,0.0,0.0,0.0,0.0,0.0,0.0,0.0,0.0,0.0,0.0,0.0,0.0,0.0,0.0,0.0,0.0,0.0,0.0,0.0,0.0,0.0,0.0,0.0,0.0,0.0,0.15757575757575762,4.121212121212122,15.393939393939396,9.284848484848487,1.0424242424242427,0.9243499059974493,0.023278052319626607,0.0,0.0,0.0,0.0,0.0,0.0,0.0,0.0,0.0,0.0,0.0,0.0,0.0,0.0,0.0,0.0,0.0,0.0,0.0,0.0,0.0,0.0,0.0,0.0,0.0,0.26350461133069836,4.057971014492755,15.296442687747039,9.433465085639,0.948616600790514,0.4082,0.01028,0.0,0.0,0.0,0.0,0.0,0.0,0.0,0.0,0.0,0.0,0.0,6.266666666666658,23.478787878787884,0.2545454545454546,0.0,0.0,0.0,0.0,0.0,0.0,0.0,0.0,0.0,0.0,0.0,0.0,0.0,0.0,0.0,0.0,0.408,0.01023,0.0,0.0,0.0,0.0,0.0,0.0,0.0,0.0,0.0,0.0,0.0,6.837944664031611,23.06982872200264,0.09222661396574443,0.0,0.0,0.0,0.0,0.0,0.0,0.0,0.0,0.0,0.0,0.0,0.0,0.0,0.0,0.0,0.0
28100,4677,2422,0.5178533247808425,1172,954,0.4545648920248022,1289,0.5512080393414582,0.422,3.0199556541019956,3.1061131339174035,6.561919504643963,2.158941096014247,9429.955808297293,1521.6272166093727,7853.0,10920.783808708191,10898.17849521323,7.233020856755097,7853.0,0.0,27.810348514004705,20.813962493138945,32.70534351145038,19.103127035672276,0.1379089159717768,0.10284370322856531,0.09215308958734231,0.08980115458627325,0.08274534958306606,0.0750481077613855,0.0654265554842848,0.06521274321146034,0.05943981184519991,0.04939063502245029,0.04896301047680137,0.03998289501817404,0.030788967286722257,0.025016035920461834,0.01774641864443019,0.010476801368398547,0.007055805003207184,0.9246902435998874,0.023179396560553504,0.0,0.0,0.0,0.0,0.0,0.0,0.0,0.0,0.0,0.0,0.0,0.0,0.0,0.0,0.0,0.0,0.0,0.0,0.0,0.0,0.0,0.0,0.0,0.0,0.006414368184733806,0.20525978191148178,3.983322642719693,15.285439384220657,9.480436177036564,1.0391276459268763,4.25973597359736,2.9008128932837454,nan,nan,nan,4.353682813536828,2.955822373896721,4.16819973718791,2.8426705516982977,0.9573962816555679,0.408,0.01034,0.0,0.0,0.0,0.0,0.0,0.0,0.0,0.0,0.0,0.0,0.0,6.504169339320067,23.316228351507384,0.17960230917254655,0.0,0.0,0.0,0.0,0.0,0.0,0.0,0.0,0.0,0.0,0.0,0.0,0.0,0.0,0.0,0.0,nan,nan,4.25973597359736,2.9008128932837454,nan,0.408,0.04767,0.0,0.0,0.0,0.0,0.0,0.0,0.0,0.0,0.0,0.0,0.0,0.0,0.0,0.0,0.0,0.0,0.0,0.0,0.0,0.0,0.0,0.0,0.0,0.0,0.0035813555698097073,4.276245456489202e-05,0.00029933718195424415,0.00031002779559546716,0.0011652768868933077,0.0027902501603592044,0.008648706435749411,0.012508017960230917,0.01817404319007911,0.03717126363053239,0.019531751122514433,0.04917682274962583,0.04645071627111396,0.04185375240538807,0.060573016891169555,0.1050673508659397,0.06437887534744495,0.057130639298695746,0.07559332905708788,0.0738828308744922,0.09310455420141116,0.09325422279238828,0.03563181526619628,0.028469104126576866,0.03223220012828736,0.017864015394483644,0.007323070344237759,0.004457985888389994,0.0006307462048321574,0.008114175753688262,0.00010690613641223006,0.0,0.00028864656831302114,0.0001924310455420141,0.0,0.0,0.0,0.0,0.0,0.0,0.0,0.0,0.0,0.0,0.0,0.0,0.0,0.0,0.0,0.0,0.0,0.0,0.0,0.0,0.0,0.0,0.0,0.0,0.0,0.0,0.0,0.0,0.0,0.0,0.0,0.0,0.0,0.0,0.0,0.0,0.0,0.0,0.0,0.0,0.0,0.0,0.0,nan,nan,4.25973597359736,2.9008128932837454,nan,0.9247771317952925,0.023665287419272873,0.0,0.0,0.0,0.0,0.0,0.0,0.0,0.0,0.0,0.0,0.0,0.0,0.0,0.0,0.0,0.0,0.0,0.0,0.0,0.0,0.0,0.0,0.0,0.0,0.01238645747316268,0.2229562345169282,3.951279933938894,15.037159372419492,9.661436829066888,1.114781172584641,0.9245969206689467,0.022645541444012155,0.0,0.0,0.0,0.0,0.0,0.0,0.0,0.0,0.0,0.0,0.0,0.0,0.0,0.0,0.0,0.0,0.0,0.0,0.0,0.0,0.0,0.0,0.0,0.0,0.0,0.18625277161862533,4.017738359201775,15.552106430155213,9.286031042128604,0.9578713968957874,0.408,0.01054,0.0,0.0,0.0,0.0,0.0,0.0,0.0,0.0,0.0,0.0,0.0,6.688687035507835,23.113129644921557,0.19818331957060287,0.0,0.0,0.0,0.0,0.0,0.0,0.0,0.0,0.0,0.0,0.0,0.0,0.0,0.0,0.0,0.0,0.408,0.01012,0.0,0.0,0.0,0.0,0.0,0.0,0.0,0.0,0.0,0.0,0.0,6.3059866962305895,23.534368070953445,0.15964523281596454,0.0,0.0,0.0,0.0,0.0,0.0,0.0,0.0,0.0,0.0,0.0,0.0,0.0,0.0,0.0,0.0
28200,4584,2379,0.518979057591623,1131,917,0.4467713787085515,1270,0.5541012216404887,0.418,2.9900226757369612,3.0744194001488947,6.4984567901234565,2.0593053098664162,9433.427605777302,1521.5420871574865,7853.0,10922.459078252316,10898.262776327514,6.85418235452259,7853.0,0.0,28.62434554973822,21.098337874021958,33.44470224284609,19.348621103335397,0.1324171029668412,0.10231239092495636,0.0887870855148342,0.0824607329842932,0.08158813263525305,0.07242582897033159,0.07198952879581152,0.06479057591623037,0.05977312390924956,0.0506108202443281,0.04712041884816754,0.044284467713787086,0.037085514834205933,0.027050610820244327,0.01832460732984293,0.010471204188481676,0.008507853403141362,0.9251773838233365,0.02294662823363797,0.0,0.0,0.0,0.0,0.0,0.0,0.0,0.0,0.0,0.0,0.0,0.0,0.0,0.0,0.0,0.0,0.0,0.0,0.0,0.0,0.0,0.0,0.0,0.0,0.0,0.15706806282722516,3.8547120418848175,15.222513089005238,9.777486910994766,0.9882198952879583,4.198457928260141,2.844177195199034,nan,nan,nan,4.292763157894737,2.884477558590304,4.100478468899522,2.798328480798291,0.9552072448624173,0.408,0.01035,0.0,0.0,0.0,0.0,0.0,0.0,0.0,0.0,0.0,0.0,0.0,6.603403141361247,23.21335078534032,0.18324607329842937,0.0,0.0,0.0,0.0,0.0,0.0,0.0,0.0,0.0,0.0,0.0,0.0,0.0,0.0,0.0,0.0,nan,nan,4.198457928260141,2.844177195199034,nan,0.408,0.04745,0.0,0.0,0.0,0.0,0.0,0.0,0.0,0.0,0.0,0.0,0.0,0.0,0.0,0.0,0.0,0.0,0.0,0.0,0.0,0.0,0.0,0.0,0.0,0.0,0.0028359511343804536,4.363001745200698e-05,0.0004581151832460733,0.0003272251308900524,0.0010907504363001745,0.0034140488656195464,0.008922338568935428,0.012609075043630017,0.017855584642233857,0.03558027923211169,0.018891797556719023,0.050207242582897035,0.04717495636998255,0.04231020942408377,0.06289267015706806,0.1018542757417103,0.06542321116928447,0.05410122164048865,0.07831588132635253,0.07299301919720767,0.09573516579406632,0.09168848167539267,0.034587696335078535,0.031260907504363,0.032471640488656195,0.01763743455497382,0.0067408376963350785,0.0035340314136125656,0.00044720767888307153,0.007984293193717278,0.0001199825479930192,0.0,0.00010907504363001745,0.00038176265270506107,0.0,0.0,0.0,0.0,0.0,0.0,0.0,0.0,0.0,0.0,0.0,0.0,0.0,0.0,0.0,0.0,0.0,0.0,0.0,0.0,0.0,0.0,0.0,0.0,0.0,0.0,0.0,0.0,0.0,0.0,0.0,0.0,0.0,0.0,0.0,0.0,0.0,0.0,0.0,0.0,0.0,0.0,0.0,nan,nan,4.198457928260141,2.844177195199034,nan,0.9251467230541458,0.02293573436783086,0.0,0.0,0.0,0.0,0.0,0.0,0.0,0.0,0.0,0.0,0.0,0.0,0.0,0.0,0.0,0.0,0.0,0.0,0.0,0.0,0.0,0.0,0.0,0.0,0.0,0.17654476670870117,3.8965952080706185,15.056746532156371,9.886506935687265,0.9836065573770494,0.9252104640817966,0.022958330032665526,0.0,0.0,0.0,0.0,0.0,0.0,0.0,0.0,0.0,0.0,0.0,0.0,0.0,0.0,0.0,0.0,0.0,0.0,0.0,0.0,0.0,0.0,0.0,0.0,0.0,0.1360544217687075,3.80952380952381,15.40136054421769,9.659863945578232,0.9931972789115648,0.408,0.01033,0.0,0.0,0.0,0.0,0.0,0.0,0.0,0.0,0.0,0.0,0.0,6.620428751576283,23.266078184110977,0.11349306431273647,0.0,0.0,0.0,0.0,0.0,0.0,0.0,0.0,0.0,0.0,0.0,0.0,0.0,0.0,0.0,0.0,0.408,0.010376,0.0,0.0,0.0,0.0,0.0,0.0,0.0,0.0,0.0,0.0,0.0,6.585034013605433,23.15646258503402,0.2585034013605443,0.0,0.0,0.0,0.0,0.0,0.0,0.0,0.0,0.0,0.0,0.0,0.0,0.0,0.0,0.0,0.0
28300,4566,2335,0.5113885238720981,1092,933,0.44349540078843624,1269,0.5558475689881734,0.418,2.9049753473778575,3.094931207858007,6.6066666666666665,2.233522380058508,9410.116112353246,1522.0527575253902,7853.0,10921.25377970934,10897.87887323551,7.024028249902486,7853.0,0.0,27.507227332457294,20.724562808735786,32.44822175732217,19.026611978096618,0.14235654840122647,0.10797196671046869,0.09417433201927289,0.08169075777485764,0.07818659658344283,0.08015768725361366,0.06679807271134472,0.06460797196671046,0.05584756898817345,0.05081033727551467,0.049277266754270695,0.03745072273324573,0.032413491020586944,0.026500219010074464,0.017082785808147174,0.008322382829610162,0.006351292159439334,0.9242586483832154,0.022846531442495786,0.0,0.0,0.0,0.0,0.0,0.0,0.0,0.0,0.0,0.0,0.0,0.0,0.0,0.0,0.0,0.0,0.0,0.0,0.0,0.0,0.0,0.0,0.0,0.0,0.0,0.15768725361366626,4.342969776609725,15.098554533508544,9.480946123521683,0.9198423127463865,4.228650137741047,2.877921100084687,nan,nan,nan,4.260283209710047,2.8634383088845374,4.195636875439831,2.8925895939803117,0.9848258129593653,0.4077,0.01041,0.0,0.0,0.0,0.0,0.0,0.0,0.0,0.0,0.0,0.0,0.006570302233902761,7.220762155059122,22.595269382391596,0.17739816031537456,0.0,0.0,0.0,0.0,0.0,0.0,0.0,0.0,0.0,0.0,0.0,0.0,0.0,0.0,0.0,0.0,nan,nan,4.228650137741047,2.877921100084687,nan,0.4077,0.0471,0.0,0.0,0.0,0.0,0.0,0.0,0.0,0.0,0.0,0.0,0.0,0.0,0.0,0.0,0.0,0.0,0.0,0.0,0.0,0.0,0.0,0.0,0.0,0.0,0.0025295663600525624,0.00017520805957074026,0.0003175646079719667,0.00042706964520367936,0.001314060446780552,0.003624616732369689,0.007840560665790626,0.01357862461673237,0.01788217257993868,0.035282522996057816,0.018659658344283837,0.051084099868593955,0.04685720543144985,0.04041830924222514,0.06613009198423127,0.10181778361804643,0.06549496276828734,0.059056066579062635,0.07790188348664039,0.07261279018834867,0.0942838370565046,0.08793254489706527,0.035249671484888306,0.032216381953569864,0.032742006132282085,0.01747700394218134,0.005332895313184406,0.0035589137100306614,0.0005146736749890495,0.007380639509417433,0.0,0.0,0.0,0.00030661410424879544,0.0,0.0,0.0,0.0,0.0,0.0,0.0,0.0,0.0,0.0,0.0,0.0,0.0,0.0,0.0,0.0,0.0,0.0,0.0,0.0,0.0,0.0,0.0,0.0,0.0,0.0,0.0,0.0,0.0,0.0,0.0,0.0,0.0,0.0,0.0,0.0,0.0,0.0,0.0,0.0,0.0,0.0,0.0,nan,nan,4.228650137741047,2.877921100084687,nan,0.9240866832610627,0.023124228559819715,0.0,0.0,0.0,0.0,0.0,0.0,0.0,0.0,0.0,0.0,0.0,0.0,0.0,0.0,0.0,0.0,0.0,0.0,0.0,0.0,0.0,0.0,0.0,0.0,0.0,0.16702355460385443,4.612419700214134,14.710920770877948,9.520342612419702,0.9892933618843684,0.9244386298086866,0.022550822864394134,0.0,0.0,0.0,0.0,0.0,0.0,0.0,0.0,0.0,0.0,0.0,0.0,0.0,0.0,0.0,0.0,0.0,0.0,0.0,0.0,0.0,0.0,0.0,0.0,0.0,0.1479157328552219,4.060959211116092,15.504258180188259,9.439713133124162,0.847153742716271,0.4077,0.01052,0.0,0.0,0.0,0.0,0.0,0.0,0.0,0.0,0.0,0.0,0.012847965738758033,7.336188436830824,22.496788008565318,0.15417558886509639,0.0,0.0,0.0,0.0,0.0,0.0,0.0,0.0,0.0,0.0,0.0,0.0,0.0,0.0,0.0,0.0,0.4077,0.01029,0.0,0.0,0.0,0.0,0.0,0.0,0.0,0.0,0.0,0.0,0.0,7.0999551770506395,22.698341550874055,0.20170327207530261,0.0,0.0,0.0,0.0,0.0,0.0,0.0,0.0,0.0,0.0,0.0,0.0,0.0,0.0,0.0,0.0
28400,4777,2423,0.5072221059242202,1128,1042,0.4542599958132719,1387,0.580699183588026,0.39799999999999996,2.9324553950722176,3.0217464726605936,6.385911179173047,2.0791204344093557,9397.215180312523,1522.0771118507334,7853.0,10920.92791223526,10897.455598990065,6.979112434141822,7853.0,0.0,27.854720535901194,20.833044354686734,32.87075,19.05283560096764,0.14109273602679506,0.10341218337868956,0.0923173539878585,0.0845719070546368,0.07724513292861629,0.07389575047100691,0.06866234038099225,0.06845300397739167,0.06133556625497174,0.0498220640569395,0.047938036424534224,0.039355243876910195,0.030772451329286164,0.026167050450073268,0.01737492149884865,0.010466820180029307,0.0071174377224199285,0.9227340437014881,0.02293383373083228,0.0,0.0,0.0,0.0,0.0,0.0,0.0,0.0,0.0,0.0,0.0,0.0,0.0,0.0,0.0,0.0,0.0,0.0,0.0,0.0,0.0,0.0,0.0,0.0,0.0,0.2763240527527738,4.402344567720327,15.888633033284492,8.616286372200127,0.8164119740422862,4.321474773609315,2.8413445241174684,nan,nan,nan,4.308626198083067,2.7883754068978757,4.333551769331586,2.8952012256885005,1.005785039152296,0.408,0.01003,0.0,0.0,0.0,0.0,0.0,0.0,0.0,0.0,0.0,0.0,0.0,6.411974042285944,23.431023655013615,0.15700230270043963,0.0,0.0,0.0,0.0,0.0,0.0,0.0,0.0,0.0,0.0,0.0,0.0,0.0,0.0,0.0,0.0,nan,nan,4.321474773609315,2.8413445241174684,nan,0.408,0.0471,0.0,0.0,0.0,0.0,0.0,0.0,0.0,0.0,0.0,0.0,0.0,0.0,0.0,0.0,0.0,0.0,0.0,0.0,0.0,0.0,0.0,0.0,0.0,0.0,0.002020096294745656,6.280092108017584e-05,0.0001465354825204103,0.0005338078291814947,0.0010466820180029307,0.002962110110948294,0.008352522503663386,0.012853255181075988,0.018411136696671552,0.03563952271299979,0.01902867908729328,0.05069081013188193,0.04713209127067197,0.04057986183797362,0.06900774544693322,0.1009629474565627,0.06327192798827716,0.059828344149047516,0.07747540297257693,0.07186518735608122,0.0890726397320494,0.09026585723257274,0.03605819552020096,0.033483357755913754,0.03352522503663387,0.018327402135231315,0.004375130835252251,0.004040192589491312,0.0006175423906217291,0.00816411974042286,1.0466820180029307e-05,0.0,0.0,0.00018840276324052753,0.0,0.0,0.0,0.0,0.0,0.0,0.0,0.0,0.0,0.0,0.0,0.0,0.0,0.0,0.0,0.0,0.0,0.0,0.0,0.0,0.0,0.0,0.0,0.0,0.0,0.0,0.0,0.0,0.0,0.0,0.0,0.0,0.0,0.0,0.0,0.0,0.0,0.0,0.0,0.0,0.0,0.0,0.0,nan,nan,4.321474773609315,2.8413445241174684,nan,0.9221975721458832,0.023094966182117368,0.0,0.0,0.0,0.0,0.0,0.0,0.0,0.0,0.0,0.0,0.0,0.0,0.0,0.0,0.0,0.0,0.0,0.0,0.0,0.0,0.0,0.0,0.0,0.0,0.0,0.371440363186133,4.457284358233595,15.872884853487415,8.617416425918284,0.6809739991745771,0.9232862402092327,0.022753580809498387,0.0,0.0,0.0,0.0,0.0,0.0,0.0,0.0,0.0,0.0,0.0,0.0,0.0,0.0,0.0,0.0,0.0,0.0,0.0,0.0,0.0,0.0,0.0,0.0,0.0,0.17841971112999155,4.3457943925233655,15.904842820730675,8.615123194562448,0.9558198810535261,0.408,0.009995,0.0,0.0,0.0,0.0,0.0,0.0,0.0,0.0,0.0,0.0,0.0,6.42591828312009,23.40074288072638,0.17333883615352874,0.0,0.0,0.0,0.0,0.0,0.0,0.0,0.0,0.0,0.0,0.0,0.0,0.0,0.0,0.0,0.0,0.408,0.01007,0.0,0.0,0.0,0.0,0.0,0.0,0.0,0.0,0.0,0.0,0.0,6.397621070518258,23.46219201359389,0.14018691588785048,0.0,0.0,0.0,0.0,0.0,0.0,0.0,0.0,0.0,0.0,0.0,0.0,0.0,0.0,0.0,0.0
28500,4445,2294,0.5160854893138358,1090,902,0.4481439820022497,1225,0.5511811023622047,0.442,3.01580660158066,3.125268009003623,6.600660066006601,2.2195351310524987,9424.254279218134,1521.5008474387278,7853.0,10918.628513276577,10897.562018798868,6.7821018299530245,7853.0,0.0,27.758155230596177,20.976954610198085,32.898488120950326,19.207544354581827,0.14443194600674916,0.10281214848143982,0.08683914510686164,0.08796400449943757,0.08683914510686164,0.07154105736782902,0.06884139482564679,0.06029246344206974,0.05826771653543307,0.05556805399325084,0.04296962879640045,0.03734533183352081,0.03622047244094488,0.024296962879640047,0.01687289088863892,0.008323959505061868,0.010573678290213724,0.9226328239398008,0.02273541864220924,0.0,0.0,0.0,0.0,0.0,0.0,0.0,0.0,0.0,0.0,0.0,0.0,0.0,0.0,0.0,0.0,0.0,0.0,0.0,0.0,0.0,0.0,0.0,0.0,0.0,0.2227221597300338,4.697412823397076,15.536557930258722,8.740157480314963,0.8031496062992128,4.2481675392670155,2.9492835157709587,nan,nan,nan,4.238723108952117,2.9621577242659622,4.252283907238229,2.930014076042242,1.0031992649525683,0.408,0.010025,0.0,0.0,0.0,0.0,0.0,0.0,0.0,0.0,0.0,0.0,0.0,6.566929133858258,23.331833520809905,0.10123734533183355,0.0,0.0,0.0,0.0,0.0,0.0,0.0,0.0,0.0,0.0,0.0,0.0,0.0,0.0,0.0,0.0,nan,nan,4.2481675392670155,2.9492835157709587,nan,0.408,0.04703,0.0,0.0,0.0,0.0,0.0,0.0,0.0,0.0,0.0,0.0,0.0,0.0,0.0,0.0,0.0,0.0,0.0,0.0,0.0,0.0,0.0,0.0,6.749156355455568e-05,0.0,0.0014285714285714286,0.0001124859392575928,8.998875140607424e-05,0.0005399325084364454,0.0006074240719910011,0.0025984251968503938,0.008717660292463443,0.012440944881889763,0.018346456692913387,0.03863892013498313,0.018031496062992126,0.04952755905511811,0.048650168728908885,0.04048368953880765,0.07142857142857142,0.10064116985376828,0.06173228346456693,0.059606299212598426,0.07862767154105736,0.07105736782902138,0.09080989876265466,0.08667041619797525,0.034769403824521934,0.03214848143982002,0.03463442069741282,0.01937007874015748,0.004679415073115861,0.004791901012373453,0.0007761529808773903,0.007851518560179977,0.0,8.998875140607424e-05,0.0,3.374578177727784e-05,0.0,0.0,0.0,0.0,0.0,0.0,0.0,0.0,0.0,0.0,0.0,0.0,0.0,0.0,0.0,0.0,0.0,0.0,0.0,0.0,0.0,0.0,0.0,0.0,0.0,0.0,0.0,0.0,0.0,0.0,0.0,0.0,0.0,0.0,0.0,0.0,0.0,0.0,0.0,0.0,0.0,0.0,0.0,nan,nan,4.2481675392670155,2.9492835157709587,nan,0.9228301865179432,0.022291413613166187,0.0,0.0,0.0,0.0,0.0,0.0,0.0,0.0,0.0,0.0,0.0,0.0,0.0,0.0,0.0,0.0,0.0,0.0,0.0,0.0,0.0,0.0,0.0,0.0,0.0,0.19616390584132526,4.472537053182215,15.863121185701834,8.76198779424586,0.7061900610287709,0.9224223405579975,0.02319772936291483,0.0,0.0,0.0,0.0,0.0,0.0,0.0,0.0,0.0,0.0,0.0,0.0,0.0,0.0,0.0,0.0,0.0,0.0,0.0,0.0,0.0,0.0,0.0,0.0,0.0,0.25104602510460255,4.93723849372385,15.188284518828455,8.71687587168759,0.9065550906555093,0.4077,0.010086,0.0,0.0,0.0,0.0,0.0,0.0,0.0,0.0,0.0,0.0,0.0,6.865736704446372,23.029642545771583,0.10462074978204013,0.0,0.0,0.0,0.0,0.0,0.0,0.0,0.0,0.0,0.0,0.0,0.0,0.0,0.0,0.0,0.0,0.4082,0.00996,0.0,0.0,0.0,0.0,0.0,0.0,0.0,0.0,0.0,0.0,0.0,6.248256624825653,23.654114365411445,0.09762900976290101,0.0,0.0,0.0,0.0,0.0,0.0,0.0,0.0,0.0,0.0,0.0,0.0,0.0,0.0,0.0,0.0
28600,4668,2390,0.5119965724078834,1114,965,0.4453727506426735,1327,0.5685518423307626,0.418,3.012291483757682,3.127356413656725,6.691705790297339,2.094880129119846,9411.757384992568,1521.8042261057449,7853.0,10921.144793987274,10897.468398805568,7.000002155292779,7853.0,0.0,27.73414738646101,20.725524362278215,32.64243815353226,18.979866232036155,0.13967437874892888,0.09832904884318766,0.09425878320479864,0.09061696658097686,0.08461868037703513,0.07455012853470437,0.06683804627249357,0.05741216795201371,0.060197086546700945,0.05634104541559554,0.04862896315338475,0.037703513281919454,0.032776349614395885,0.022922022279348756,0.018851756640959727,0.010282776349614395,0.005998286203941731,0.9222577526948343,0.0230054442095744,0.0,0.0,0.0,0.0,0.0,0.0,0.0,0.0,0.0,0.0,0.0,0.0,0.0,0.0,0.0,0.0,0.0,0.0,0.0,0.0,0.0,0.0,0.0,0.0,0.0,0.23136246786632395,4.768637532133677,15.674807197943448,8.438303341902316,0.8868894601542419,4.335781041388518,2.8935384642186692,nan,nan,nan,4.356182795698925,2.832608594644996,4.315649867374005,2.952289794142976,0.9906953104986916,0.4075,0.01074,0.0,0.0,0.0,0.0,0.0,0.0,0.0,0.0,0.0,0.0,0.0,7.3650385604113,22.493573264781496,0.14138817480719798,0.0,0.0,0.0,0.0,0.0,0.0,0.0,0.0,0.0,0.0,0.0,0.0,0.0,0.0,0.0,0.0,nan,nan,4.335781041388518,2.8935384642186692,nan,0.4075,0.04706,0.0,0.0,0.0,0.0,0.0,0.0,0.0,0.0,0.0,0.0,0.0,0.0,0.0,0.0,0.0,0.0,0.0,0.0,0.0,0.0,0.0,0.0,7.497857754927163e-05,0.0,0.0020779777206512426,3.2133676092544985e-05,0.00014995715509854326,0.0006426735218508997,0.00016066838046272492,0.002377892030848329,0.008408311910882605,0.013089117395029992,0.018412596401028276,0.03862467866323908,0.018348329048843186,0.05071765209940017,0.05110325621251071,0.04095972579263068,0.07116538131962297,0.09953941730934018,0.061964438731790916,0.05812982005141388,0.07929520137103685,0.07158311910882605,0.0899528706083976,0.08699657240788346,0.032433590402742074,0.03344044558697515,0.03410454155955441,0.01835904027420737,0.004755784061696658,0.004830762639245929,0.0006426735218508997,0.00741216795201371,0.0,5.3556126820908315e-05,0.0,0.00016066838046272492,0.0,0.0,0.0,0.0,0.0,0.0,0.0,0.0,0.0,0.0,0.0,0.0,0.0,0.0,0.0,0.0,0.0,0.0,0.0,0.0,0.0,0.0,0.0,0.0,0.0,0.0,0.0,0.0,0.0,0.0,0.0,0.0,0.0,0.0,0.0,0.0,0.0,0.0,0.0,0.0,0.0,0.0,0.0,nan,nan,4.335781041388518,2.8935384642186692,nan,0.922708912748672,0.022850846518238568,0.0,0.0,0.0,0.0,0.0,0.0,0.0,0.0,0.0,0.0,0.0,0.0,0.0,0.0,0.0,0.0,0.0,0.0,0.0,0.0,0.0,0.0,0.0,0.0,0.0,0.2259414225941423,4.556485355648537,15.803347280334732,8.497907949790797,0.9163179916317994,0.9217844109351013,0.02315708715622335,0.0,0.0,0.0,0.0,0.0,0.0,0.0,0.0,0.0,0.0,0.0,0.0,0.0,0.0,0.0,0.0,0.0,0.0,0.0,0.0,0.0,0.0,0.0,0.0,0.0,0.23705004389815632,4.991220368744513,15.53994732221247,8.375768217734857,0.856014047410009,0.4075,0.01065,0.0,0.0,0.0,0.0,0.0,0.0,0.0,0.0,0.0,0.0,0.0,7.481171548117144,22.38075313807532,0.1380753138075314,0.0,0.0,0.0,0.0,0.0,0.0,0.0,0.0,0.0,0.0,0.0,0.0,0.0,0.0,0.0,0.0,0.4075,0.01084,0.0,0.0,0.0,0.0,0.0,0.0,0.0,0.0,0.0,0.0,0.0,7.243195785776986,22.61194029850747,0.14486391571553997,0.0,0.0,0.0,0.0,0.0,0.0,0.0,0.0,0.0,0.0,0.0,0.0,0.0,0.0,0.0,0.0
28700,4904,2574,0.5248776508972267,1242,1009,0.4590130505709625,1369,0.5583197389885808,0.39799999999999996,2.981115879828326,3.0560689706051254,6.448640483383686,2.113027415502035,9450.842665593786,1520.2331869279667,7853.0,10921.826495468616,10897.219282079224,7.128817083898368,7853.0,0.0,27.888662316476346,20.78209407790286,32.99169921875,18.932340712311053,0.1449836867862969,0.09380097879282219,0.09278140293637846,0.08523654159869494,0.08340130505709625,0.06871941272430669,0.07157422512234911,0.06627243066884177,0.0636215334420881,0.0566884176182708,0.04261827079934747,0.03792822185970636,0.03242251223491028,0.02426590538336052,0.01835236541598695,0.010807504078303425,0.0065252854812398045,0.9216677826171403,0.02335735635392544,0.0,0.0,0.0,0.0,0.0,0.0,0.0,0.0,0.0,0.0,0.0,0.0,0.0,0.0,0.0,0.0,0.0,0.0,0.0,0.0,0.0,0.0,0.0,0.0,0.0,0.25081566068515504,5.22430668841762,15.061174551386626,8.662316476345842,0.8013866231647636,4.124568559774082,2.866638673301241,nan,nan,nan,4.131086142322097,2.8785738152439246,4.117981072555205,2.854509691160431,0.9968276939004894,0.4077,0.010124,0.0,0.0,0.0,0.0,0.0,0.0,0.0,0.0,0.0,0.0,0.0,6.796492659053823,23.075040783034265,0.12846655791190867,0.0,0.0,0.0,0.0,0.0,0.0,0.0,0.0,0.0,0.0,0.0,0.0,0.0,0.0,0.0,0.0,nan,nan,4.124568559774082,2.866638673301241,nan,0.4077,0.0469,0.0,0.0,0.0,0.0,0.0,0.0,0.0,0.0,0.0,0.0,0.0,0.0,0.0,0.0,0.0,0.0,0.0,0.0,0.0,0.0,0.0,0.0,2.039151712887439e-05,0.0,0.001213295269168026,0.0,0.0001835236541598695,0.00046900489396411093,0.00025489396411092983,0.0026101141924959217,0.008034257748776509,0.01522226753670473,0.018770391517128875,0.038509380097879284,0.017088091353996738,0.04853181076672104,0.053456362153344206,0.04143556280587276,0.06805668841761828,0.09955138662316476,0.06264274061990212,0.06027732463295269,0.07849714518760195,0.07219616639477977,0.09123164763458401,0.08556280587275693,0.03341150081566069,0.03271818923327895,0.03350326264274062,0.01828099510603589,0.00515905383360522,0.004751223491027732,0.0007442903752039151,0.007330750407830343,2.039151712887439e-05,2.039151712887439e-05,0.0,0.00024469820554649265,0.0,0.0,0.0,0.0,0.0,0.0,0.0,0.0,0.0,0.0,0.0,0.0,0.0,0.0,0.0,0.0,0.0,0.0,0.0,0.0,0.0,0.0,0.0,0.0,0.0,0.0,0.0,0.0,0.0,0.0,0.0,0.0,0.0,0.0,0.0,0.0,0.0,0.0,0.0,0.0,0.0,0.0,0.0,nan,nan,4.124568559774082,2.866638673301241,nan,0.921704581752709,0.023534058487526033,0.0,0.0,0.0,0.0,0.0,0.0,0.0,0.0,0.0,0.0,0.0,0.0,0.0,0.0,0.0,0.0,0.0,0.0,0.0,0.0,0.0,0.0,0.0,0.0,0.0,0.27972027972027974,5.256410256410258,14.976689976689979,8.624708624708626,0.8624708624708627,0.9216271298381904,0.023160514572895894,0.0,0.0,0.0,0.0,0.0,0.0,0.0,0.0,0.0,0.0,0.0,0.0,0.0,0.0,0.0,0.0,0.0,0.0,0.0,0.0,0.0,0.0,0.0,0.0,0.0,0.21888412017167386,5.188841201716739,15.154506437768244,8.703862660944207,0.7339055793991418,0.4077,0.01032,0.0,0.0,0.0,0.0,0.0,0.0,0.0,0.0,0.0,0.0,0.0,7.074592074592065,22.750582750582755,0.17482517482517487,0.0,0.0,0.0,0.0,0.0,0.0,0.0,0.0,0.0,0.0,0.0,0.0,0.0,0.0,0.0,0.0,0.4075,0.009895,0.0,0.0,0.0,0.0,0.0,0.0,0.0,0.0,0.0,0.0,0.0,6.489270386266085,23.43347639484979,0.07725321888412018,0.0,0.0,0.0,0.0,0.0,0.0,0.0,0.0,0.0,0.0,0.0,0.0,0.0,0.0,0.0,0.0
28800,4707,2443,0.5190142341193966,1113,973,0.44316974718504354,1320,0.5608667941363926,0.422,2.9518551236749118,3.1954688691174074,6.885860306643952,2.205519111112088,9432.841902833912,1520.8707835621274,7853.0,10918.10463553667,10896.92789056047,6.735704864369031,7853.0,0.0,27.415338857021457,20.734161729286644,32.5464759959142,18.958872625178927,0.14659018483110262,0.09751434034416825,0.09411514765243255,0.09305289993626514,0.08604206500956023,0.06904610155088167,0.06543445931591248,0.06394731251327809,0.05268748672190355,0.05098789037603569,0.048226046314000424,0.04227745910346293,0.0331421287444232,0.025281495644784362,0.018908009347779902,0.007435734013171872,0.0053112385808370514,0.9213377950625585,0.02273782620846734,0.0,0.0,0.0,0.0,0.0,0.0,0.0,0.0,0.0,0.0,0.0,0.0,0.0,0.0,0.0,0.0,0.0,0.0,0.0,0.0,0.0,0.0,0.0,0.006373486297004442,0.006373486297004463,0.21669853409815173,5.073295092415552,15.774378585086046,8.260038240917783,0.6628425748884642,4.296296296296297,2.9932015555000877,nan,nan,nan,4.312961719274681,2.977660256583797,4.2780358327803585,3.008559232752026,0.9919021107147233,0.4072,0.01021,0.0,0.0,0.0,0.0,0.0,0.0,0.0,0.0,0.0,0.0,0.0,7.367750159337146,22.498406628425755,0.13384321223709372,0.0,0.0,0.0,0.0,0.0,0.0,0.0,0.0,0.0,0.0,0.0,0.0,0.0,0.0,0.0,0.0,nan,nan,4.296296296296297,2.9932015555000877,nan,0.4072,0.0471,0.0,0.0,0.0,0.0,0.0,0.0,0.0,0.0,0.0,0.0,0.0,0.0,0.0,0.0,0.0,0.0,0.0,0.0,0.0,0.0,0.0,0.0,0.0,0.0,0.0012959422137242406,0.0,5.311238580837051e-05,0.0005842362438920756,0.00013809220310176333,0.003207988102825579,0.008296154663267474,0.015604418950499256,0.017771404291480775,0.03874017420862545,0.017771404291480775,0.048587210537497344,0.05704270235818993,0.04094964945825366,0.06755895474824729,0.09769492245591672,0.0674314850223072,0.06047376248141066,0.0794455066921606,0.06995963458678564,0.09046101550881666,0.08132568514977692,0.034268111323560654,0.031931166347992354,0.03324835351603994,0.01581686849373274,0.0051625239005736135,0.006054811982154238,0.0004780114722753346,0.008349267049075845,6.373486297004461e-05,0.0,1.0622477161674103e-05,0.00022307202039515615,0.0,0.0,0.0,0.0,0.0,0.0,0.0,0.0,0.0,0.0,0.0,0.0,0.0,0.0,0.0,0.0,0.0,0.0,0.0,0.0,0.0,0.0,0.0,0.0,0.0,0.0,0.0,0.0,0.0,0.0,0.0,0.0,0.0,0.0,0.0,0.0,0.0,0.0,0.0,0.0,0.0,0.0,0.0,nan,nan,4.296296296296297,2.9932015555000877,nan,0.9212062570875997,0.022457040168437203,0.0,0.0,0.0,0.0,0.0,0.0,0.0,0.0,0.0,0.0,0.0,0.0,0.0,0.0,0.0,0.0,0.0,0.0,0.0,0.0,0.0,0.0,0.0,0.0,0.012279983626688501,0.24559967253377,4.985673352435531,16.013098649201805,8.178469095374542,0.564879246827671,0.9214797329039118,0.02303613109312605,0.0,0.0,0.0,0.0,0.0,0.0,0.0,0.0,0.0,0.0,0.0,0.0,0.0,0.0,0.0,0.0,0.0,0.0,0.0,0.0,0.0,0.0,0.0,0.013250883392226107,0.0,0.18551236749116612,5.167844522968199,15.516784452296823,8.348056537102476,0.7685512367491169,0.407,0.01017,0.0,0.0,0.0,0.0,0.0,0.0,0.0,0.0,0.0,0.0,0.0,7.527629963160039,22.337290216946382,0.1350798198935735,0.0,0.0,0.0,0.0,0.0,0.0,0.0,0.0,0.0,0.0,0.0,0.0,0.0,0.0,0.0,0.0,0.4072,0.010254,0.0,0.0,0.0,0.0,0.0,0.0,0.0,0.0,0.0,0.0,0.0,7.195229681978788,22.672261484098946,0.1325088339222615,0.0,0.0,0.0,0.0,0.0,0.0,0.0,0.0,0.0,0.0,0.0,0.0,0.0,0.0,0.0,0.0
28900,4593,2389,0.5201393424776835,1100,929,0.4417591987807533,1277,0.556063575005443,0.434,3.0567150635208713,3.1537946073204086,6.7004754358161644,2.204443667170072,9436.250842409781,1520.7220223213542,7853.0,10919.190777897835,10896.897496520774,6.991310272662301,7853.0,0.0,28.28238623993033,21.134947089380013,33.1343129672596,19.414164325933886,0.13694752884824735,0.10080557369910734,0.09405617243631613,0.08556499020248204,0.08033964728935336,0.07010668408447637,0.0733725234051818,0.05682560418027433,0.06009144350097975,0.051817983888526015,0.04746353146091879,0.041585020683649034,0.035706509906379275,0.028521663400827346,0.017635532331809273,0.011974744175919878,0.007184846505551927,0.9207094163124322,0.022841156381867317,0.0,0.0,0.0,0.0,0.0,0.0,0.0,0.0,0.0,0.0,0.0,0.0,0.0,0.0,0.0,0.0,0.0,0.0,0.0,0.0,0.0,0.0,0.0,0.0,0.0,0.2547354670150229,5.179621162638799,16.11365120836055,7.772697583278904,0.6792945787067278,4.347782258064516,2.947060076139168,nan,nan,nan,4.410462776659959,2.894848077674016,4.283018867924528,2.9974306242768813,0.9711041867511362,0.4072,0.01027,0.0,0.0,0.0,0.0,0.0,0.0,0.0,0.0,0.0,0.0,0.0,7.073807968647932,22.789026779882438,0.1371652514696277,0.0,0.0,0.0,0.0,0.0,0.0,0.0,0.0,0.0,0.0,0.0,0.0,0.0,0.0,0.0,0.0,nan,nan,4.347782258064516,2.947060076139168,nan,0.4072,0.04752,0.0,0.0,0.0,0.0,0.0,0.0,0.0,0.0,0.0,0.0,0.0,0.0,0.0,0.0,0.0,0.0,0.0,0.0,0.0,0.0,0.0,0.0,0.0,1.0886131069018071e-05,0.0015458306118005661,3.2658393207054215e-05,5.4430655345090354e-05,0.0006858262573481385,0.0002612671456564337,0.003690398432397126,0.009046374918354017,0.016111473982146744,0.01711299804049641,0.03878728499891139,0.01906161550185064,0.04672327454822556,0.057696494665795774,0.04045286305247115,0.06364032222947964,0.09472022643152624,0.07000870890485522,0.06127803178750272,0.07703026344437187,0.0696385804485086,0.0940997169605922,0.07906596995427825,0.03740474635314609,0.03113433485739168,0.033104724580883954,0.015871979098628346,0.004561288917918572,0.007097757456999782,0.00046810363596777707,0.009449161767907686,0.0,0.0,0.0,0.000152405834966253,0.0,0.0,0.0,0.0,0.0,0.0,0.0,0.0,0.0,0.0,0.0,0.0,0.0,0.0,0.0,0.0,0.0,0.0,0.0,0.0,0.0,0.0,0.0,0.0,0.0,0.0,0.0,0.0,0.0,0.0,0.0,0.0,0.0,0.0,0.0,0.0,0.0,0.0,0.0,0.0,0.0,0.0,0.0,nan,nan,4.347782258064516,2.947060076139168,nan,0.9208173718149066,0.022863130013888365,0.0,0.0,0.0,0.0,0.0,0.0,0.0,0.0,0.0,0.0,0.0,0.0,0.0,0.0,0.0,0.0,0.0,0.0,0.0,0.0,0.0,0.0,0.0,0.0,0.0,0.2134784428631227,5.374633737965677,15.922980326496445,7.71033905399749,0.778568438677271,0.920592399209251,0.022816737534703615,0.0,0.0,0.0,0.0,0.0,0.0,0.0,0.0,0.0,0.0,0.0,0.0,0.0,0.0,0.0,0.0,0.0,0.0,0.0,0.0,0.0,0.0,0.0,0.0,0.0,0.2994555353901997,4.968239564428313,16.320326678765884,7.840290381125229,0.5716878402903812,0.4072,0.010254,0.0,0.0,0.0,0.0,0.0,0.0,0.0,0.0,0.0,0.0,0.0,7.057346169945573,22.766848053578908,0.17580577647551282,0.0,0.0,0.0,0.0,0.0,0.0,0.0,0.0,0.0,0.0,0.0,0.0,0.0,0.0,0.0,0.0,0.4072,0.010284,0.0,0.0,0.0,0.0,0.0,0.0,0.0,0.0,0.0,0.0,0.0,7.091651542649718,22.813067150635217,0.09528130671506355,0.0,0.0,0.0,0.0,0.0,0.0,0.0,0.0,0.0,0.0,0.0,0.0,0.0,0.0,0.0,0.0
29000,4714,2417,0.5127280441238863,1119,957,0.4403903266864658,1340,0.5685193042002545,0.41,3.0317805833696125,3.083420070057677,6.525147928994083,2.168416542908857,9413.672569652344,1521.4456826270202,7853.0,10919.270837247372,10896.860361332705,7.184169011458015,7853.0,0.0,28.295502757742895,21.1265122906083,33.487172974345945,19.242629537704172,0.14467543487484089,0.09376325837929571,0.08845990666100975,0.08909630886720407,0.07891387356809504,0.07467119219346627,0.06554942723801442,0.06385235468816292,0.058336868901145526,0.05366991938905388,0.04794229953330505,0.040941875265167585,0.034789987271955876,0.028850233347475603,0.019092066185829443,0.011243105642766229,0.00615188799321171,0.9207916111702327,0.02330639038470358,0.0,0.0,0.0,0.0,0.0,0.0,0.0,0.0,0.0,0.0,0.0,0.0,0.0,0.0,0.0,0.0,0.0,0.0,0.0,0.0,0.0,0.0,0.0,0.0,0.0,0.29274501484938487,5.364870598218076,15.560033941451,8.050487908358084,0.7318625371234623,4.262209111766634,2.8023631404505696,nan,nan,nan,4.233180927498367,2.789800684077605,4.291447368421053,2.814657221322999,1.0137642217331633,0.4072,0.01057,0.0,0.0,0.0,0.0,0.0,0.0,0.0,0.0,0.0,0.0,0.0,7.172252863809917,22.64319049639373,0.18455663979635134,0.0,0.0,0.0,0.0,0.0,0.0,0.0,0.0,0.0,0.0,0.0,0.0,0.0,0.0,0.0,0.0,nan,nan,4.262209111766634,2.8023631404505696,nan,0.4072,0.04773,0.0,0.0,0.0,0.0,0.0,0.0,0.0,0.0,0.0,0.0,0.0,0.0,0.0,0.0,0.0,0.0,0.0,0.0,0.0,0.0,0.0,0.0,0.0,0.0,0.0018137462876537972,0.0,0.00012728044123886295,0.0007848960543063216,0.000243954179041154,0.003574459058124735,0.009673313534153585,0.016673737802291047,0.017055579126007636,0.037812897751378874,0.01822231650403055,0.046764955451845565,0.05903691132795927,0.03882053457785321,0.06441450997030124,0.09495120916419177,0.07017394993635978,0.06327959270258804,0.07404539669070853,0.06813746287653798,0.09744378447178617,0.0785108188375053,0.03801442511667374,0.029900296987696223,0.033071701315231225,0.015581247348324142,0.003818413237165889,0.006936784047518032,0.0004454815443360204,0.010352142554094187,7.42469240560034e-05,0.0,0.0,0.000243954179041154,0.0,0.0,0.0,0.0,0.0,0.0,0.0,0.0,0.0,0.0,0.0,0.0,0.0,0.0,0.0,0.0,0.0,0.0,0.0,0.0,0.0,0.0,0.0,0.0,0.0,0.0,0.0,0.0,0.0,0.0,0.0,0.0,0.0,0.0,0.0,0.0,0.0,0.0,0.0,0.0,0.0,0.0,0.0,nan,nan,4.262209111766634,2.8023631404505696,nan,0.9207787783766365,0.02359218140481993,0.0,0.0,0.0,0.0,0.0,0.0,0.0,0.0,0.0,0.0,0.0,0.0,0.0,0.0,0.0,0.0,0.0,0.0,0.0,0.0,0.0,0.0,0.0,0.0,0.0,0.26065370293752593,5.37443111294994,15.453040959867607,8.179561439801407,0.7323127844435252,0.9208051143753357,0.02300182767189786,0.0,0.0,0.0,0.0,0.0,0.0,0.0,0.0,0.0,0.0,0.0,0.0,0.0,0.0,0.0,0.0,0.0,0.0,0.0,0.0,0.0,0.0,0.0,0.0,0.0,0.32651284283848503,5.354810622551155,15.672616456247281,7.914671310404877,0.7313887679582065,0.4072,0.01058,0.0,0.0,0.0,0.0,0.0,0.0,0.0,0.0,0.0,0.0,0.0,7.2983036822507135,22.49069093918081,0.21100537856847337,0.0,0.0,0.0,0.0,0.0,0.0,0.0,0.0,0.0,0.0,0.0,0.0,0.0,0.0,0.0,0.0,0.4075,0.01054,0.0,0.0,0.0,0.0,0.0,0.0,0.0,0.0,0.0,0.0,0.0,7.039616891597726,22.803656943839798,0.15672616456247282,0.0,0.0,0.0,0.0,0.0,0.0,0.0,0.0,0.0,0.0,0.0,0.0,0.0,0.0,0.0,0.0
29100,4514,2386,0.5285777580859548,1103,888,0.44107221976074434,1258,0.5573770491803278,0.422,3.087406015037594,3.094056763571803,6.482758620689655,2.1804597976566416,9461.913618300874,1519.4480417083082,7853.0,10921.211133122444,10896.854179803078,7.1391938348774655,7853.0,0.0,28.713779353123616,21.253091218380032,33.64855643044619,19.453777352912322,0.1382365972529907,0.09481612760301285,0.08418254319893664,0.08949933540097474,0.0848471422241914,0.06845369960124058,0.07443509082853345,0.06291537439078422,0.05582631812140009,0.04851572884359769,0.052281789986708016,0.043420469649977846,0.03433761630482942,0.02724856003544528,0.019273371732388127,0.013070447496677004,0.008639787328311919,0.9204387429756669,0.02295044226905472,0.0,0.0,0.0,0.0,0.0,0.0,0.0,0.0,0.0,0.0,0.0,0.0,0.0,0.0,0.0,0.0,0.0,0.0,0.0,0.0,0.0,0.0,0.0,0.0,0.0,0.2791315906070005,5.3566681435533905,15.857332742578647,7.842268498006205,0.6645990252547631,4.22361299052774,2.8836945258042332,nan,nan,nan,4.250341064120055,2.9077593927039556,4.1973154362416105,2.8595758428779465,0.9875243828486922,0.4077,0.010124,0.0,0.0,0.0,0.0,0.0,0.0,0.0,0.0,0.0,0.0,0.0,6.778910057598573,23.114754098360663,0.1063358440407621,0.0,0.0,0.0,0.0,0.0,0.0,0.0,0.0,0.0,0.0,0.0,0.0,0.0,0.0,0.0,0.0,nan,nan,4.22361299052774,2.8836945258042332,nan,0.4077,0.04773,0.0,0.0,0.0,0.0,0.0,0.0,0.0,0.0,0.0,0.0,0.0,0.0,0.0,0.0,0.0,0.0,0.0,0.0,0.0,0.0,0.0,0.0,0.0,0.0,0.0019716437749224634,0.0,9.968985378821444e-05,0.0008861320336730173,0.0002990695613646433,0.0036331413380593707,0.009957908728400532,0.01642667257421356,0.01700265839610102,0.037173238812583075,0.016659282233052724,0.0466880815241471,0.056535223748338505,0.041304829419583515,0.06413380593708462,0.0915595923792645,0.07145547186530793,0.06396765618077094,0.06959459459459459,0.07044749667700487,0.1031457687195392,0.08017279574656624,0.03581081081081081,0.029264510412051397,0.03387239698715108,0.01695835179441737,0.003976517501107665,0.006225077536552946,0.0004209127159946832,0.01003544528134692,0.00011076650420912716,0.0,0.0,0.0002104563579973416,0.0,0.0,0.0,0.0,0.0,0.0,0.0,0.0,0.0,0.0,0.0,0.0,0.0,0.0,0.0,0.0,0.0,0.0,0.0,0.0,0.0,0.0,0.0,0.0,0.0,0.0,0.0,0.0,0.0,0.0,0.0,0.0,0.0,0.0,0.0,0.0,0.0,0.0,0.0,0.0,0.0,0.0,0.0,nan,nan,4.22361299052774,2.8836945258042332,nan,0.920431454418491,0.02322180675531046,0.0,0.0,0.0,0.0,0.0,0.0,0.0,0.0,0.0,0.0,0.0,0.0,0.0,0.0,0.0,0.0,0.0,0.0,0.0,0.0,0.0,0.0,0.0,0.0,0.0,0.25146689019279134,5.569991617770328,15.452640402347027,8.059513830678963,0.6663872590108971,0.9204469152018988,0.022642307307270553,0.0,0.0,0.0,0.0,0.0,0.0,0.0,0.0,0.0,0.0,0.0,0.0,0.0,0.0,0.0,0.0,0.0,0.0,0.0,0.0,0.0,0.0,0.0,0.0,0.0,0.3101503759398497,5.11748120300752,16.311090225563913,7.598684210526318,0.6625939849624061,0.4075,0.01025,0.0,0.0,0.0,0.0,0.0,0.0,0.0,0.0,0.0,0.0,0.0,7.091366303436703,22.795473595976535,0.1131601005867561,0.0,0.0,0.0,0.0,0.0,0.0,0.0,0.0,0.0,0.0,0.0,0.0,0.0,0.0,0.0,0.0,0.408,0.009995,0.0,0.0,0.0,0.0,0.0,0.0,0.0,0.0,0.0,0.0,0.0,6.428571428571419,23.47274436090226,0.09868421052631582,0.0,0.0,0.0,0.0,0.0,0.0,0.0,0.0,0.0,0.0,0.0,0.0,0.0,0.0,0.0,0.0
29200,4625,2382,0.5150270270270271,1114,946,0.4454054054054054,1295,0.56,0.418,2.9803834150691038,3.1705241370676402,6.787581699346405,2.1993706842467255,9420.926147799157,1521.4994413336567,7853.0,10922.815622210503,10897.357025008858,7.101322255203806,7853.0,0.0,27.76691891891892,20.823659821097184,32.822722567287784,19.053927806212453,0.14140540540540542,0.10118918918918919,0.09037837837837838,0.08886486486486486,0.08086486486486487,0.0787027027027027,0.06832432432432432,0.06183783783783784,0.056,0.05318918918918919,0.04454054054054054,0.04,0.03545945945945946,0.02508108108108108,0.016,0.011243243243243243,0.006918918918918919,0.921586512230538,0.023480799314486368,0.0,0.0,0.0,0.0,0.0,0.0,0.0,0.0,0.0,0.0,0.0,0.0,0.0,0.0,0.0,0.0,0.0,0.0,0.0,0.0,0.0,0.0,0.0,0.0,0.006486486486486488,0.29837837837837844,5.007567567567568,15.178378378378381,8.756756756756758,0.7524324324324326,4.3366969391187355,2.9725714599328046,nan,nan,nan,4.22972972972973,2.917085259885365,4.442732752846617,3.0228371287602718,1.0503585422065485,0.4082,0.01061,0.0,0.0,0.0,0.0,0.0,0.0,0.0,0.0,0.0,0.0,0.006486486486486488,6.570810810810801,23.111351351351356,0.3113513513513514,0.0,0.0,0.0,0.0,0.0,0.0,0.0,0.0,0.0,0.0,0.0,0.0,0.0,0.0,0.0,0.0,nan,nan,4.3366969391187355,2.9725714599328046,nan,0.4082,0.04773,0.0,0.0,0.0,0.0,0.0,0.0,0.0,0.0,0.0,0.0,0.0,0.0,0.0,0.0,0.0,0.0,0.0,0.0,0.0,0.0,0.0,0.0,0.0,0.0,0.0022162162162162164,4.324324324324324e-05,1.081081081081081e-05,0.000627027027027027,0.0002918918918918919,0.004702702702702703,0.009556756756756758,0.014518918918918919,0.014864864864864866,0.035848648648648646,0.017989189189189188,0.048227027027027025,0.05442162162162162,0.04375135135135135,0.06474594594594595,0.08687567567567568,0.07158918918918919,0.0644108108108108,0.06932972972972973,0.07301621621621622,0.10331891891891892,0.07915675675675676,0.035481081081081084,0.03054054054054054,0.035037837837837836,0.018172972972972972,0.0038918918918918917,0.006032432432432433,0.000854054054054054,0.010216216216216217,3.243243243243243e-05,0.0,0.0,0.00022702702702702703,0.0,0.0,0.0,0.0,0.0,0.0,0.0,0.0,0.0,0.0,0.0,0.0,0.0,0.0,0.0,0.0,0.0,0.0,0.0,0.0,0.0,0.0,0.0,0.0,0.0,0.0,0.0,0.0,0.0,0.0,0.0,0.0,0.0,0.0,0.0,0.0,0.0,0.0,0.0,0.0,0.0,0.0,0.0,nan,nan,4.3366969391187355,2.9725714599328046,nan,0.9215601222240855,0.023129080280948906,0.0,0.0,0.0,0.0,0.0,0.0,0.0,0.0,0.0,0.0,0.0,0.0,0.0,0.0,0.0,0.0,0.0,0.0,0.0,0.0,0.0,0.0,0.0,0.0,0.012594458438287156,0.2267002518891688,4.962216624685139,15.440806045340054,8.627204030226702,0.7304785894206551,0.921614537640868,0.02384860400380187,0.0,0.0,0.0,0.0,0.0,0.0,0.0,0.0,0.0,0.0,0.0,0.0,0.0,0.0,0.0,0.0,0.0,0.0,0.0,0.0,0.0,0.0,0.0,0.0,0.0,0.37449843958983514,5.055728934462774,14.899687917967011,8.894337940258584,0.7757467677218014,0.4082,0.01054,0.0,0.0,0.0,0.0,0.0,0.0,0.0,0.0,0.0,0.0,0.012594458438287156,6.536523929471024,23.17380352644837,0.27707808564231745,0.0,0.0,0.0,0.0,0.0,0.0,0.0,0.0,0.0,0.0,0.0,0.0,0.0,0.0,0.0,0.0,0.4082,0.010704,0.0,0.0,0.0,0.0,0.0,0.0,0.0,0.0,0.0,0.0,0.0,6.6072224699063655,23.045028979045927,0.3477485510477041,0.0,0.0,0.0,0.0,0.0,0.0,0.0,0.0,0.0,0.0,0.0,0.0,0.0,0.0,0.0,0.0
29300,4696,2433,0.5181005110732538,1155,952,0.44867972742759793,1332,0.5672913117546848,0.40599999999999997,3.0375607600530268,3.1131133515275184,6.571428571428571,2.1987204559457303,9430.342588530488,1521.2463912667051,7853.0,10921.509097874165,10897.472172519183,6.891667203446849,7853.0,0.0,28.531942078364565,21.23099013764842,33.393198992443324,19.487186362728632,0.135221465076661,0.09689097103918229,0.09476149914821125,0.08496592844974446,0.07921635434412266,0.07729982964224873,0.06856899488926746,0.06303236797274275,0.05323679727427598,0.05132027257240204,0.04961669505962521,0.0434412265758092,0.03492333901192504,0.02555366269165247,0.02022998296422487,0.012989778534923339,0.00873083475298126,0.9226198417390022,0.022870150622423976,0.0,0.0,0.0,0.0,0.0,0.0,0.0,0.0,0.0,0.0,0.0,0.0,0.0,0.0,0.0,0.0,0.0,0.0,0.0,0.0,0.0,0.0,0.0,0.0,0.0,0.29386712095400347,4.459114139693357,15.677172061328793,8.822402044293018,0.7474446337308349,4.300942476438089,2.917527816919985,nan,nan,nan,4.333118140735959,2.9085603092509857,4.268324607329843,2.9262294269294724,0.9850469035688211,0.4084,0.01049,0.0,0.0,0.0,0.0,0.0,0.0,0.0,0.0,0.0,0.0,0.0,6.279812606473585,23.55408858603067,0.1660988074957411,0.0,0.0,0.0,0.0,0.0,0.0,0.0,0.0,0.0,0.0,0.0,0.0,0.0,0.0,0.0,0.0,nan,nan,4.300942476438089,2.917527816919985,nan,0.4084,0.0478,0.0,0.0,0.0,0.0,0.0,0.0,0.0,0.0,0.0,0.0,0.0,0.0,0.0,0.0,0.0,0.0,0.0,0.0,0.0,0.0,0.0,0.0,3.194207836456559e-05,1.0647359454855195e-05,0.002214650766609881,0.0,0.0,0.00020229982964224872,0.0002448892674616695,0.004674190800681431,0.009742333901192505,0.01409710391822828,0.014948892674616696,0.03619037478705281,0.018718057921635434,0.04881814310051107,0.05404599659284497,0.04410136286201022,0.0655664395229983,0.08512563884156729,0.06672700170357751,0.0660881601362862,0.06807921635434412,0.07303023850085179,0.10121379897785349,0.08281516183986372,0.03785136286201022,0.03018526405451448,0.03600936967632027,0.01897359454855196,0.003439097103918228,0.005909284497444634,0.0007133730834752981,0.010136286201022146,6.388415672913118e-05,0.0,0.0,3.194207836456559e-05,0.0,0.0,0.0,0.0,0.0,0.0,0.0,0.0,0.0,0.0,0.0,0.0,0.0,0.0,0.0,0.0,0.0,0.0,0.0,0.0,0.0,0.0,0.0,0.0,0.0,0.0,0.0,0.0,0.0,0.0,0.0,0.0,0.0,0.0,0.0,0.0,0.0,0.0,0.0,0.0,0.0,0.0,0.0,nan,nan,4.300942476438089,2.917527816919985,nan,0.9218724117914051,0.022882067999246587,0.0,0.0,0.0,0.0,0.0,0.0,0.0,0.0,0.0,0.0,0.0,0.0,0.0,0.0,0.0,0.0,0.0,0.0,0.0,0.0,0.0,0.0,0.0,0.0,0.0,0.2712700369913687,4.734895191122073,15.869297163995071,8.335388409371149,0.7891491985203455,0.9234234197604356,0.022830050972500175,0.0,0.0,0.0,0.0,0.0,0.0,0.0,0.0,0.0,0.0,0.0,0.0,0.0,0.0,0.0,0.0,0.0,0.0,0.0,0.0,0.0,0.0,0.0,0.0,0.0,0.31816173221387545,4.16261599646487,15.470614228899693,9.34600088378259,0.702607158638975,0.4084,0.010345,0.0,0.0,0.0,0.0,0.0,0.0,0.0,0.0,0.0,0.0,0.0,6.350184956843394,23.526510480887797,0.12330456226880397,0.0,0.0,0.0,0.0,0.0,0.0,0.0,0.0,0.0,0.0,0.0,0.0,0.0,0.0,0.0,0.0,0.4087,0.01065,0.0,0.0,0.0,0.0,0.0,0.0,0.0,0.0,0.0,0.0,0.0,6.204153778170562,23.583738400353518,0.21210782147591697,0.0,0.0,0.0,0.0,0.0,0.0,0.0,0.0,0.0,0.0,0.0,0.0,0.0,0.0,0.0,0.0
29400,4596,2418,0.5261096605744126,1138,934,0.45082680591818974,1275,0.5548302872062664,0.434,3.0505050505050506,3.1617291101908047,6.8216039279869065,2.0314849197003264,9454.861803426535,1520.2963106953646,7853.0,10923.93542945385,10897.72987946582,6.977501076707941,7853.0,0.0,27.788729329852046,20.897444554272358,32.88946819603754,19.111433928617288,0.14360313315926893,0.09812880765883376,0.09051348999129678,0.09377719756309835,0.08289817232375979,0.07049608355091384,0.06592689295039164,0.06331592689295039,0.06179286335944299,0.05265448215839861,0.043951261966927765,0.03546562228024369,0.03677110530896432,0.0278503046127067,0.014795474325500435,0.010226283724978242,0.007832898172323759,0.922511207204056,0.02299353502609021,0.0,0.0,0.0,0.0,0.0,0.0,0.0,0.0,0.0,0.0,0.0,0.0,0.0,0.0,0.0,0.0,0.0,0.0,0.0,0.0,0.0,0.0,0.0,0.0,0.0,0.23498694516971283,4.640992167101828,15.6201044386423,8.616187989556137,0.8877284595300263,4.288798920377868,2.9431631315094133,nan,nan,nan,4.278378378378378,2.9508711618074006,4.2991913746630726,2.9354188767948712,1.0048646927513183,0.409,0.01045,0.0,0.0,0.0,0.0,0.0,0.0,0.0,0.0,0.0,0.0,0.0,5.868146214099208,23.877284595300267,0.25456919060052224,0.0,0.0,0.0,0.0,0.0,0.0,0.0,0.0,0.0,0.0,0.0,0.0,0.0,0.0,0.0,0.0,nan,nan,4.288798920377868,2.9431631315094133,nan,0.409,0.04794,0.0,0.0,0.0,0.0,0.0,0.0,0.0,0.0,0.0,0.0,0.0,0.0,0.0,0.0,0.0,0.0,0.0,0.0,0.0,0.0,0.0,0.0,0.0,0.0,0.0018494342906875544,0.0,0.0,3.2637075718015665e-05,0.0002175805047867711,0.0056897302001740644,0.00925805047867711,0.013936031331592689,0.01693864229765013,0.03524804177545692,0.017569625761531767,0.04860748476936466,0.05414490861618799,0.0442993907745866,0.06327241079199304,0.0860639686684073,0.06491514360313316,0.06507832898172324,0.06298955613577023,0.07355308964316797,0.10478677110530897,0.08740208877284596,0.037184508268059184,0.02921018276762402,0.03658616187989556,0.020876849434290686,0.003622715404699739,0.005591818973020017,0.0009247171453437772,0.009986945169712793,0.00013054830287206266,3.2637075718015665e-05,0.0,0.0,0.0,0.0,0.0,0.0,0.0,0.0,0.0,0.0,0.0,0.0,0.0,0.0,0.0,0.0,0.0,0.0,0.0,0.0,0.0,0.0,0.0,0.0,0.0,0.0,0.0,0.0,0.0,0.0,0.0,0.0,0.0,0.0,0.0,0.0,0.0,0.0,0.0,0.0,0.0,0.0,0.0,0.0,0.0,nan,nan,4.288798920377868,2.9431631315094133,nan,0.9225224878937869,0.02285625865658637,0.0,0.0,0.0,0.0,0.0,0.0,0.0,0.0,0.0,0.0,0.0,0.0,0.0,0.0,0.0,0.0,0.0,0.0,0.0,0.0,0.0,0.0,0.0,0.0,0.0,0.2481389578163772,4.652605459057073,15.719602977667497,8.523573200992557,0.8560794044665014,0.922498683463115,0.023144978118068617,0.0,0.0,0.0,0.0,0.0,0.0,0.0,0.0,0.0,0.0,0.0,0.0,0.0,0.0,0.0,0.0,0.0,0.0,0.0,0.0,0.0,0.0,0.0,0.0,0.0,0.22038567493112954,4.62809917355372,15.509641873278241,8.719008264462811,0.9228650137741049,0.4087,0.01051,0.0,0.0,0.0,0.0,0.0,0.0,0.0,0.0,0.0,0.0,0.0,6.042183622828775,23.697270471464027,0.2605459057071961,0.0,0.0,0.0,0.0,0.0,0.0,0.0,0.0,0.0,0.0,0.0,0.0,0.0,0.0,0.0,0.0,0.4092,0.010376,0.0,0.0,0.0,0.0,0.0,0.0,0.0,0.0,0.0,0.0,0.0,5.674931129476576,24.077134986225904,0.24793388429752072,0.0,0.0,0.0,0.0,0.0,0.0,0.0,0.0,0.0,0.0,0.0,0.0,0.0,0.0,0.0,0.0
29500,4666,2418,0.5182168881268753,1178,926,0.450921560222889,1279,0.5482211744534934,0.438,3.054715302491103,3.209490903313033,6.805295950155763,2.177719946354433,9430.891458279857,1521.421387141853,7853.0,10921.515867173672,10897.84761965832,7.00660127041684,7853.0,0.0,27.951350192884696,20.968502272382,32.8780612244898,19.25913322472432,0.13759108444063436,0.10244320617231033,0.09322760394342049,0.08744106300900129,0.08294042006000857,0.07093870552936134,0.06965280754393485,0.06065152164594942,0.06450921560222889,0.052936133733390484,0.04136305186455208,0.041577368195456495,0.03000428632661809,0.025932276039434207,0.01778825546506644,0.01264466352336048,0.008358336905272181,0.9229816129495798,0.022726521145495972,0.0,0.0,0.0,0.0,0.0,0.0,0.0,0.0,0.0,0.0,0.0,0.0,0.0,0.0,0.0,0.0,0.0,0.0,0.0,0.0,0.0,0.0,0.0,0.0,0.0,0.14787826832404632,4.622803257608231,15.462923274753539,9.001285897985428,0.7651093013287614,4.316017316017316,2.967304325602468,nan,nan,nan,4.383651944627554,3.0209894793857694,4.246971736204576,2.9098571712268035,0.9688204697477205,0.409,0.01041,0.0,0.0,0.0,0.0,0.0,0.0,0.0,0.0,0.0,0.0,0.0,5.8958422631804455,23.86626660951565,0.2378911273039006,0.0,0.0,0.0,0.0,0.0,0.0,0.0,0.0,0.0,0.0,0.0,0.0,0.0,0.0,0.0,0.0,nan,nan,4.316017316017316,2.967304325602468,nan,0.409,0.04825,0.0,0.0,0.0,0.0,0.0,0.0,0.0,0.0,0.0,0.0,0.0,0.0,0.0,0.0,0.0,0.0,0.0,0.0,0.0,0.0,0.0,0.0,0.0,0.0,0.0021860265752250323,0.0,2.1431633090441493e-05,4.2863266180882985e-05,0.0003214744963566224,0.006333047578225461,0.009740677239605658,0.013566223746249464,0.017466780968709815,0.033936990998714105,0.020081440205743678,0.048242606086583796,0.05159665666523789,0.044663523360480066,0.0609515645092156,0.08638019717102444,0.0666845263609087,0.06660951564509215,0.06034076296613802,0.071795970852979,0.10500428632661808,0.08888769824260609,0.03786969567081012,0.02790398628375482,0.037301757393913414,0.021495927989712817,0.003761251607372482,0.005797256750964423,0.0008679811401628804,0.009997856836690956,0.0001178739819974282,3.2147449635662235e-05,0.0,0.0,0.0,0.0,0.0,0.0,0.0,0.0,0.0,0.0,0.0,0.0,0.0,0.0,0.0,0.0,0.0,0.0,0.0,0.0,0.0,0.0,0.0,0.0,0.0,0.0,0.0,0.0,0.0,0.0,0.0,0.0,0.0,0.0,0.0,0.0,0.0,0.0,0.0,0.0,0.0,0.0,0.0,0.0,0.0,nan,nan,4.316017316017316,2.967304325602468,nan,0.9226404332345531,0.02320980826753622,0.0,0.0,0.0,0.0,0.0,0.0,0.0,0.0,0.0,0.0,0.0,0.0,0.0,0.0,0.0,0.0,0.0,0.0,0.0,0.0,0.0,0.0,0.0,0.0,0.0,0.21091811414392064,4.78908188585608,15.099255583126554,9.019851116625311,0.8808933002481392,0.9233485936217036,0.02218908711811275,0.0,0.0,0.0,0.0,0.0,0.0,0.0,0.0,0.0,0.0,0.0,0.0,0.0,0.0,0.0,0.0,0.0,0.0,0.0,0.0,0.0,0.0,0.0,0.0,0.0,0.0800711743772242,4.443950177935944,15.854092526690394,8.98131672597865,0.6405693950177936,0.409,0.01035,0.0,0.0,0.0,0.0,0.0,0.0,0.0,0.0,0.0,0.0,0.0,5.645161290322572,24.131513647642684,0.2233250620347395,0.0,0.0,0.0,0.0,0.0,0.0,0.0,0.0,0.0,0.0,0.0,0.0,0.0,0.0,0.0,0.0,0.409,0.01046,0.0,0.0,0.0,0.0,0.0,0.0,0.0,0.0,0.0,0.0,0.0,6.165480427046255,23.580960854092535,0.25355871886121,0.0,0.0,0.0,0.0,0.0,0.0,0.0,0.0,0.0,0.0,0.0,0.0,0.0,0.0,0.0,0.0
29600,4715,2432,0.5158006362672323,1176,945,0.44984093319194063,1282,0.543796394485684,0.438,2.926850635129216,3.109674619644989,6.735099337748345,2.0204320131925586,9423.59520099292,1521.7313607677058,7853.0,10924.150032758713,10897.965613767112,7.267065358132297,7853.0,0.0,28.115164369034996,20.843060827912442,32.86136876410128,19.147069291496905,0.1325556733828208,0.10222693531283139,0.09734888653234358,0.08695652173913043,0.07635206786850478,0.0735949098621421,0.07168610816542947,0.06214209968186638,0.06171792152704136,0.05259809119830329,0.05090137857900318,0.03966065747613998,0.02863202545068929,0.02799575821845175,0.01887592788971368,0.009331919406150583,0.007423117709437964,0.9227965511041886,0.02366913482408614,0.0,0.0,0.0,0.0,0.0,0.0,0.0,0.0,0.0,0.0,0.0,0.0,0.0,0.0,0.0,0.0,0.0,0.0,0.0,0.0,0.0,0.0,0.0,0.0,0.0,0.27995758218451755,4.625662778366915,15.225874867444329,8.914103923647934,0.9544008483563099,4.224092409240924,2.8733922899921978,nan,nan,nan,4.147211413748379,2.863698166944501,4.304640215198386,2.882010383111512,1.0379601582229727,0.409,0.010376,0.0,0.0,0.0,0.0,0.0,0.0,0.0,0.0,0.0,0.0,0.0,5.980911983032866,23.81548250265112,0.2036055143160128,0.0,0.0,0.0,0.0,0.0,0.0,0.0,0.0,0.0,0.0,0.0,0.0,0.0,0.0,0.0,0.0,nan,nan,4.224092409240924,2.8733922899921978,nan,0.409,0.04828,0.0,0.0,0.0,0.0,0.0,0.0,0.0,0.0,0.0,0.0,0.0,0.0,0.0,0.0,0.0,0.0,0.0,0.0,0.0,0.0,0.0,0.0,0.0,0.0,0.0021314952279957583,0.0,8.48356309650053e-05,6.362672322375397e-05,0.00036055143160127254,0.004835630965005302,0.010063626723223754,0.013658536585365854,0.01923647932131495,0.03389183457051962,0.02295864262990456,0.047486744432661716,0.04914103923647932,0.045609756097560974,0.05936373276776246,0.085949098621421,0.06803817603393425,0.06705196182396607,0.05712619300106044,0.07331919406150583,0.10358430540827147,0.09171792152704136,0.038494167550371154,0.02857900318133616,0.0371474019088017,0.018016967126193002,0.004294803817603394,0.006097560975609756,0.0009544008483563097,0.010519618239660657,9.544008483563096e-05,9.544008483563096e-05,0.0,0.0,3.1813361611876987e-05,0.0,0.0,0.0,0.0,0.0,0.0,0.0,0.0,0.0,0.0,0.0,0.0,0.0,0.0,0.0,0.0,0.0,0.0,0.0,0.0,0.0,0.0,0.0,0.0,0.0,0.0,0.0,0.0,0.0,0.0,0.0,0.0,0.0,0.0,0.0,0.0,0.0,0.0,0.0,0.0,0.0,0.0,nan,nan,4.224092409240924,2.8733922899921978,nan,0.9229415984040028,0.02406786312963774,0.0,0.0,0.0,0.0,0.0,0.0,0.0,0.0,0.0,0.0,0.0,0.0,0.0,0.0,0.0,0.0,0.0,0.0,0.0,0.0,0.0,0.0,0.0,0.0,0.0,0.28371710526315796,4.539473684210527,15.222039473684214,8.980263157894738,0.9745065789473686,0.9226420372920343,0.02323586246751181,0.0,0.0,0.0,0.0,0.0,0.0,0.0,0.0,0.0,0.0,0.0,0.0,0.0,0.0,0.0,0.0,0.0,0.0,0.0,0.0,0.0,0.0,0.0,0.0,0.0,0.27595269382391596,4.717477003942182,15.2299605781866,8.843626806833116,0.932982917214192,0.4092,0.01034,0.0,0.0,0.0,0.0,0.0,0.0,0.0,0.0,0.0,0.0,0.0,5.797697368421044,24.01726973684211,0.18503289473684215,0.0,0.0,0.0,0.0,0.0,0.0,0.0,0.0,0.0,0.0,0.0,0.0,0.0,0.0,0.0,0.0,0.4087,0.01041,0.0,0.0,0.0,0.0,0.0,0.0,0.0,0.0,0.0,0.0,0.0,6.176084099868585,23.60052562417872,0.22339027595269387,0.0,0.0,0.0,0.0,0.0,0.0,0.0,0.0,0.0,0.0,0.0,0.0,0.0,0.0,0.0,0.0
29700,4627,2394,0.5173978819969742,1092,937,0.4385130754268424,1273,0.5502485411713853,0.438,2.9856695029108824,3.1227708699163035,6.564019448946516,2.218136978643042,9428.276382020476,1521.3930673650568,7853.0,10921.482136249542,10897.613124314432,7.006286846449895,7853.0,0.0,28.135076723578994,21.171546986050153,33.308210308210306,19.362189633285123,0.14437000216122758,0.09855197752323319,0.09790360925005404,0.08277501620920683,0.07629133347741517,0.06526907283336936,0.07132051004970824,0.06591744110654851,0.059866003890209636,0.05122109358115409,0.043656797060730494,0.041711692241193,0.03652474605575967,0.02593473092716663,0.020531661984006917,0.011238383401772207,0.006915928247244435,0.9226355401181958,0.022671535372129327,0.0,0.0,0.0,0.0,0.0,0.0,0.0,0.0,0.0,0.0,0.0,0.0,0.0,0.0,0.0,0.0,0.0,0.0,0.0,0.0,0.0,0.0,0.0,0.0,0.0,0.12318997190404152,4.6098984223038695,15.768316403717314,8.681651177869032,0.8169440242057491,4.258533288273065,2.8823513524287696,nan,nan,nan,4.233766233766234,2.91741558633404,4.28561872909699,2.8462309528991483,1.0122473685290436,0.4084,0.01062,0.0,0.0,0.0,0.0,0.0,0.0,0.0,0.0,0.0,0.0,0.0,6.5031337799870235,23.321806786254598,0.1750594337583748,0.0,0.0,0.0,0.0,0.0,0.0,0.0,0.0,0.0,0.0,0.0,0.0,0.0,0.0,0.0,0.0,nan,nan,4.258533288273065,2.8823513524287696,nan,0.4084,0.04852,0.0,0.0,0.0,0.0,0.0,0.0,0.0,0.0,0.0,0.0,0.0,0.0,0.0,0.0,0.0,0.0,0.0,0.0,0.0,0.0,0.0,0.0,0.0,1.0806137886319429e-05,0.0024529933001945104,0.0,0.00011886751674951373,0.00023773503349902746,0.000529500756429652,0.0050680786686838125,0.010568402852820402,0.013777825805057273,0.0192997622649665,0.032288740004322455,0.02517830127512427,0.04789280311216771,0.0515020531661984,0.04431597147179598,0.0590123189971904,0.08491463151069807,0.0691376701966717,0.06665225848281824,0.057683164037173114,0.07281175707802032,0.10462502701534472,0.09062027231467473,0.03643829695266912,0.02824724443483899,0.03568186730062676,0.017948995029176573,0.004830343635184785,0.006375621352928463,0.0011022260644045817,0.010460341473957208,0.00011886751674951373,0.0,0.0,0.0,9.725524097687486e-05,0.0,0.0,0.0,0.0,0.0,0.0,0.0,0.0,0.0,0.0,0.0,0.0,0.0,0.0,0.0,0.0,0.0,0.0,0.0,0.0,0.0,0.0,0.0,0.0,0.0,0.0,0.0,0.0,0.0,0.0,0.0,0.0,0.0,0.0,0.0,0.0,0.0,0.0,0.0,0.0,0.0,0.0,nan,nan,4.258533288273065,2.8823513524287696,nan,0.9224273149879554,0.02302065913083365,0.0,0.0,0.0,0.0,0.0,0.0,0.0,0.0,0.0,0.0,0.0,0.0,0.0,0.0,0.0,0.0,0.0,0.0,0.0,0.0,0.0,0.0,0.0,0.0,0.0,0.1629072681704261,4.761904761904763,15.626566416040104,8.596491228070176,0.8521303258145365,0.9228587783456009,0.022289006381911905,0.0,0.0,0.0,0.0,0.0,0.0,0.0,0.0,0.0,0.0,0.0,0.0,0.0,0.0,0.0,0.0,0.0,0.0,0.0,0.0,0.0,0.0,0.0,0.0,0.0,0.08060904612628751,4.446932377966862,15.920286609941785,8.772951186744292,0.7792207792207794,0.4082,0.0105,0.0,0.0,0.0,0.0,0.0,0.0,0.0,0.0,0.0,0.0,0.0,6.478696741854628,23.370927318295745,0.15037593984962408,0.0,0.0,0.0,0.0,0.0,0.0,0.0,0.0,0.0,0.0,0.0,0.0,0.0,0.0,0.0,0.0,0.4084,0.01076,0.0,0.0,0.0,0.0,0.0,0.0,0.0,0.0,0.0,0.0,0.0,6.529332736229279,23.269144648455,0.20152261531571883,0.0,0.0,0.0,0.0,0.0,0.0,0.0,0.0,0.0,0.0,0.0,0.0,0.0,0.0,0.0,0.0
29800,4889,2564,0.5244426263039477,1263,994,0.46164859889547966,1378,0.5637144610349765,0.41,3.0279569892473117,3.0973580692103977,6.622900763358778,2.177559558628297,9449.5852845308,1520.3621843289598,7853.0,10922.073872089386,10897.346901743791,7.078594802548628,7853.0,0.0,28.209654326038045,20.738098925591498,33.137402723735406,18.918955810879215,0.13561055430558397,0.09940683166291675,0.08692984250357946,0.08222540396809164,0.08508897525056248,0.07895275107383923,0.07486193495602372,0.06688484352628349,0.05563509920229086,0.04990795663734915,0.049703415831458375,0.036408263448557986,0.03743096747801186,0.025158519124565352,0.021067703006749847,0.010431581100429535,0.004295356923706279,0.9217130855003196,0.02328157274062281,0.0,0.0,0.0,0.0,0.0,0.0,0.0,0.0,0.0,0.0,0.0,0.0,0.0,0.0,0.0,0.0,0.0,0.0,0.0,0.0,0.0,0.0,0.0,0.0,0.0,0.3006749846594396,4.927388013908775,15.604418081407244,8.34526488034363,0.8222540396809165,4.235951567836076,2.915378871987137,nan,nan,nan,4.2878504672897195,2.9296011109413436,4.1801857585139315,2.8961986342378636,0.9748907501329352,0.408,0.01071,0.0,0.0,0.0,0.0,0.0,0.0,0.0,0.0,0.0,0.0,0.0,7.0934751482920735,22.7163019022295,0.190222949478421,0.0,0.0,0.0,0.0,0.0,0.0,0.0,0.0,0.0,0.0,0.0,0.0,0.0,0.0,0.0,0.0,nan,nan,4.235951567836076,2.915378871987137,nan,0.4077,0.04865,0.0,0.0,0.0,0.0,0.0,0.0,0.0,0.0,0.0,0.0,0.0,0.0,0.0,0.0,0.0,0.0,0.0,0.0,0.0,0.0,0.0,0.0,1.022704029453876e-05,7.158928206177133e-05,0.003201063612190632,1.022704029453876e-05,7.158928206177133e-05,0.00025567600736346903,0.0006749846594395582,0.005849867048476171,0.010656575986909389,0.013622417672325629,0.01989159337287789,0.029740233176518714,0.026559623644917162,0.04760687257107793,0.05323174473307425,0.04035590100224995,0.06271221108611168,0.0861730415217836,0.06871548373900593,0.0677030067498466,0.06152587441194518,0.0714256494170587,0.10261812231540192,0.08801390877480057,0.036234403763550825,0.029014113315606462,0.03281857230517488,0.018981386786663938,0.005420331356105543,0.004908979341378605,0.0009511147473921048,0.010656575986909389,0.00024544896706893025,0.0,1.022704029453876e-05,1.022704029453876e-05,5.1135201472693805e-05,0.0,0.0,0.0,0.0,0.0,0.0,0.0,0.0,0.0,0.0,0.0,0.0,0.0,0.0,0.0,0.0,0.0,0.0,0.0,0.0,0.0,0.0,0.0,0.0,0.0,0.0,0.0,0.0,0.0,0.0,0.0,0.0,0.0,0.0,0.0,0.0,0.0,0.0,0.0,0.0,0.0,0.0,nan,nan,4.235951567836076,2.915378871987137,nan,0.9218899771547913,0.023337353460876748,0.0,0.0,0.0,0.0,0.0,0.0,0.0,0.0,0.0,0.0,0.0,0.0,0.0,0.0,0.0,0.0,0.0,0.0,0.0,0.0,0.0,0.0,0.0,0.0,0.0,0.3159126365054603,4.762090483619345,15.842433697347897,8.26053042121685,0.8190327613104526,0.9215180101445926,0.023218340092075587,0.0,0.0,0.0,0.0,0.0,0.0,0.0,0.0,0.0,0.0,0.0,0.0,0.0,0.0,0.0,0.0,0.0,0.0,0.0,0.0,0.0,0.0,0.0,0.0,0.0,0.28387096774193554,5.109677419354839,15.341935483870971,8.438709677419357,0.8258064516129034,0.408,0.010704,0.0,0.0,0.0,0.0,0.0,0.0,0.0,0.0,0.0,0.0,0.0,6.938377535101394,22.88611544461779,0.17550702028081128,0.0,0.0,0.0,0.0,0.0,0.0,0.0,0.0,0.0,0.0,0.0,0.0,0.0,0.0,0.0,0.0,0.4077,0.01072,0.0,0.0,0.0,0.0,0.0,0.0,0.0,0.0,0.0,0.0,0.0,7.2645161290322475,22.52903225806452,0.20645161290322586,0.0,0.0,0.0,0.0,0.0,0.0,0.0,0.0,0.0,0.0,0.0,0.0,0.0,0.0,0.0,0.0
29900,4799,2442,0.5088560116690978,1159,994,0.4486351323192332,1358,0.5659512398416336,0.426,2.988969028425965,3.118213509694347,6.708527131782946,2.0182128485313546,9401.70915355037,1521.5254223359473,7853.0,10920.625192463398,10896.511559331788,7.070988771280639,7853.0,0.0,27.642425505313607,20.831098230873387,32.71874220114799,19.051439060794618,0.1460720983538237,0.10293811210668889,0.08793498645551157,0.0825171910814753,0.08439258178787247,0.07834965617837049,0.0702229631173161,0.06459679099812461,0.056470097937070224,0.04896853511148156,0.04417586997291102,0.03813294436340904,0.035632423421546155,0.026672223379870807,0.014794748906022087,0.013336111689935403,0.004792665138570536,0.920210714488259,0.0232451959315775,0.0,0.0,0.0,0.0,0.0,0.0,0.0,0.0,0.0,0.0,0.0,0.0,0.0,0.0,0.0,0.0,0.0,0.0,0.0,0.0,0.0,0.0,0.0,0.0,0.0,0.33757032715149,5.263596582621381,15.690768910189625,8.057928735153158,0.650135444884351,4.3283582089552235,2.9028003157492575,nan,nan,nan,4.238834951456311,2.8619668597124446,4.418619791666667,2.941467563710042,1.042413739215911,0.4065,0.01065,0.0,0.0,0.0,0.0,0.0,0.0,0.0,0.0,0.0,0.0,0.0,8.195457386955603,21.64826005417796,0.15628255886643053,0.0,0.0,0.0,0.0,0.0,0.0,0.0,0.0,0.0,0.0,0.0,0.0,0.0,0.0,0.0,0.0,nan,nan,4.3283582089552235,2.9028003157492575,nan,0.4065,0.04886,0.0,0.0,0.0,0.0,0.0,0.0,0.0,0.0,0.0,0.0,0.0,0.0,0.0,0.0,0.0,0.0,0.0,0.0,0.0,0.0,0.0,0.0,3.12565117732861e-05,0.000312565117732861,0.0035840800166701396,3.12565117732861e-05,9.376953531985831e-05,0.0007188997707855803,0.0008543446551364868,0.005834548864346739,0.010825171910814753,0.013950823088143363,0.02079599916649302,0.03301729526984788,0.02837049385288602,0.048093352781829544,0.05396957699520733,0.03845592831839967,0.06651385705355282,0.08553865388622629,0.06821212752656804,0.06621171077307772,0.06320066680558449,0.07270264638466348,0.10103146488851844,0.08602833923734111,0.035173994582204625,0.026568035007293187,0.03068347572410919,0.01717024380079183,0.005792873515315691,0.005324025838716399,0.0011564909356115859,0.009595749114398833,0.00011460720983538237,0.0,2.0837674515524066e-05,1.0418837257762033e-05,1.0418837257762033e-05,0.0,0.0,0.0,0.0,0.0,0.0,0.0,0.0,0.0,0.0,0.0,0.0,0.0,0.0,0.0,0.0,0.0,0.0,0.0,0.0,0.0,0.0,0.0,0.0,0.0,0.0,0.0,0.0,0.0,0.0,0.0,0.0,0.0,0.0,0.0,0.0,0.0,0.0,0.0,0.0,0.0,0.0,nan,nan,4.3283582089552235,2.9028003157492575,nan,0.9203189774969384,0.02344728010471512,0.0,0.0,0.0,0.0,0.0,0.0,0.0,0.0,0.0,0.0,0.0,0.0,0.0,0.0,0.0,0.0,0.0,0.0,0.0,0.0,0.0,0.0,0.0,0.0,0.0,0.38083538083538093,5.245700245700247,15.62653562653563,8.144963144963146,0.601965601965602,0.9200985472132506,0.023033417392049966,0.0,0.0,0.0,0.0,0.0,0.0,0.0,0.0,0.0,0.0,0.0,0.0,0.0,0.0,0.0,0.0,0.0,0.0,0.0,0.0,0.0,0.0,0.0,0.0,0.0,0.29274501484938487,5.282138311412814,15.757318625371237,7.967755621552823,0.7000424268137465,0.4065,0.01056,0.0,0.0,0.0,0.0,0.0,0.0,0.0,0.0,0.0,0.0,0.0,8.169533169533157,21.658476658476665,0.17199017199017202,0.0,0.0,0.0,0.0,0.0,0.0,0.0,0.0,0.0,0.0,0.0,0.0,0.0,0.0,0.0,0.0,0.4065,0.01075,0.0,0.0,0.0,0.0,0.0,0.0,0.0,0.0,0.0,0.0,0.0,8.222316504030536,21.63767501060671,0.1400084853627493,0.0,0.0,0.0,0.0,0.0,0.0,0.0,0.0,0.0,0.0,0.0,0.0,0.0,0.0,0.0,0.0
30000,4922,2535,0.5150345388053637,1252,956,0.4485981308411215,1369,0.5562779357984559,0.38999999999999996,2.913280268118978,3.0642504669108557,6.390070921985815,2.1634391115296756,9420.417200853613,1520.9822926642353,7853.0,10917.04933476448,10896.324442840822,6.930302690154741,7853.0,0.0,28.75436814303129,20.945091966999808,33.48565279770445,19.154252144614766,0.13165379926859,0.09447379114181227,0.09223892726533929,0.08472165786265745,0.0778138967899228,0.07740755790329135,0.06867127184071516,0.06704591629418935,0.05587159691182446,0.053839902478667205,0.05465258025193011,0.044494108086143846,0.035757822023567656,0.02641202763104429,0.017472572125152377,0.010158472165786265,0.007314099959366111,0.9196895063165629,0.023140262000615672,0.0,0.0,0.0,0.0,0.0,0.0,0.0,0.0,0.0,0.0,0.0,0.0,0.0,0.0,0.0,0.0,0.0,0.0,0.0,0.0,0.0,0.0,0.0,0.0,0.006095083299471761,0.3291344981714751,5.509955302722472,15.865501828524993,7.588378707842342,0.7009345794392525,4.11275415896488,2.8571845201094064,nan,nan,nan,4.1471135940409685,2.86073767342171,4.078899082568808,2.8532745304983527,0.9835513279476649,0.4062,0.01043,0.0,0.0,0.0,0.0,0.0,0.0,0.0,0.0,0.0,0.0,0.0,8.167411621292146,21.72897196261683,0.10361641609101993,0.0,0.0,0.0,0.0,0.0,0.0,0.0,0.0,0.0,0.0,0.0,0.0,0.0,0.0,0.0,0.0,nan,nan,4.11275415896488,2.8571845201094064,nan,0.4062,0.0487,0.0,0.0,0.0,0.0,0.0,0.0,0.0,0.0,0.0,0.0,0.0,0.0,0.0,0.0,0.0,0.0,0.0,0.0,0.0,0.0,0.0,0.0,0.0,0.00041649735879723687,0.0031999187322226735,3.0475416497358797e-05,0.00012190166598943519,0.0012698090207232831,0.0005282405526208858,0.005932547744819179,0.009884193417310037,0.015440877691995123,0.02089597724502235,0.034559122308004876,0.028159284843559527,0.04651564404713531,0.052427874847622916,0.04025802519301097,0.06685290532303942,0.0822531491263714,0.06894555058919138,0.06520723283218204,0.06369362047947989,0.07376066639577407,0.10172694026818367,0.08643843965867533,0.03766761479073547,0.0271434376269809,0.029388459975619667,0.01689353921170256,0.0059427062169849654,0.004997968305566843,0.0010260056887444128,0.00826899634295002,9.142624949207639e-05,0.0,6.0950832994717594e-05,0.0,0.0,0.0,0.0,0.0,0.0,0.0,0.0,0.0,0.0,0.0,0.0,0.0,0.0,0.0,0.0,0.0,0.0,0.0,0.0,0.0,0.0,0.0,0.0,0.0,0.0,0.0,0.0,0.0,0.0,0.0,0.0,0.0,0.0,0.0,0.0,0.0,0.0,0.0,0.0,0.0,0.0,0.0,0.0,nan,nan,4.11275415896488,2.8571845201094064,nan,0.9197298893796857,0.022989554221971336,0.0,0.0,0.0,0.0,0.0,0.0,0.0,0.0,0.0,0.0,0.0,0.0,0.0,0.0,0.0,0.0,0.0,0.0,0.0,0.0,0.0,0.0,0.0,0.0,0.011834319526627222,0.34319526627218944,5.278106508875741,16.01183431952663,7.692307692307693,0.6627218934911244,0.9196466194020189,0.023299170059125608,0.0,0.0,0.0,0.0,0.0,0.0,0.0,0.0,0.0,0.0,0.0,0.0,0.0,0.0,0.0,0.0,0.0,0.0,0.0,0.0,0.0,0.0,0.0,0.0,0.0,0.31420192710515293,5.756179304566403,15.71009635525765,7.478005865102641,0.741516547968161,0.4062,0.010376,0.0,0.0,0.0,0.0,0.0,0.0,0.0,0.0,0.0,0.0,0.0,8.118343195266261,21.775147928994087,0.10650887573964499,0.0,0.0,0.0,0.0,0.0,0.0,0.0,0.0,0.0,0.0,0.0,0.0,0.0,0.0,0.0,0.0,0.4062,0.01049,0.0,0.0,0.0,0.0,0.0,0.0,0.0,0.0,0.0,0.0,0.0,8.219522413070788,21.679932970255557,0.10054461667364896,0.0,0.0,0.0,0.0,0.0,0.0,0.0,0.0,0.0,0.0,0.0,0.0,0.0,0.0,0.0,0.0
30100,4876,2455,0.5034864643150123,1175,1007,0.4474979491386382,1390,0.5701394585726005,0.40199999999999997,2.93184634448575,3.0585471579503385,6.47376311844078,2.144792813712363,9385.218186474964,1521.5790609131561,7853.0,10919.785436093807,10896.216243279805,6.923743172760352,7853.0,0.0,28.04101722723544,20.97663548744078,33.24704724409449,19.093932002411883,0.14643150123051682,0.09618539786710419,0.09310910582444627,0.08388022969647252,0.07301066447908121,0.07301066447908121,0.07321575061525841,0.06480721903199343,0.054142739950779326,0.054963084495488104,0.055373256767842494,0.03691550451189499,0.033634126333059886,0.027481542247744052,0.015381460213289582,0.011894995898277276,0.006562756357670222,0.9196869621299347,0.023077273540462524,0.0,0.0,0.0,0.0,0.0,0.0,0.0,0.0,0.0,0.0,0.0,0.0,0.0,0.0,0.0,0.0,0.0,0.0,0.0,0.0,0.0,0.0,0.0,0.0,0.006152584085315834,0.3322395406070551,5.56808859721083,15.689089417555376,7.819934372436425,0.5844954881050042,4.31513805141225,2.812678594206774,nan,nan,nan,4.380769230769231,2.7921390427278237,4.2507856693903205,2.831196476237653,0.9703285988072724,0.406,0.01034,0.0,0.0,0.0,0.0,0.0,0.0,0.0,0.0,0.0,0.0,0.006152584085315834,8.385972108285468,21.509433962264158,0.09844134536505335,0.0,0.0,0.0,0.0,0.0,0.0,0.0,0.0,0.0,0.0,0.0,0.0,0.0,0.0,0.0,0.0,nan,nan,4.31513805141225,2.812678594206774,nan,0.406,0.04843,0.0,0.0,0.0,0.0,0.0,0.0,0.0,0.0,0.0,0.0,0.0,0.0,0.0,0.0,0.0,0.0,0.0,0.0,0.0,0.0,0.0,0.0,0.0,0.0005434782608695652,0.0033223954060705497,0.0,4.1017227235438884e-05,0.0015791632485643971,0.0006562756357670221,0.0051989335520918785,0.010551681706316653,0.01470467596390484,0.020159967186218212,0.03356234618539787,0.02912223133716161,0.0484721082854799,0.05129204265791632,0.03779737489745693,0.0655045118949959,0.08578753076292042,0.07155455291222314,0.06805783429040196,0.06182321575061526,0.07404634946677605,0.10381460213289581,0.08577727645611156,0.03572600492206727,0.02680475799835931,0.027789171452009844,0.016478671041837572,0.005363002461033634,0.005537325676784249,0.0007895816242821986,0.00810090237899918,2.0508613617719442e-05,2.0508613617719442e-05,0.0,0.0,0.0,0.0,0.0,0.0,0.0,0.0,0.0,0.0,0.0,0.0,0.0,0.0,0.0,0.0,0.0,0.0,0.0,0.0,0.0,0.0,0.0,0.0,0.0,0.0,0.0,0.0,0.0,0.0,0.0,0.0,0.0,0.0,0.0,0.0,0.0,0.0,0.0,0.0,0.0,0.0,0.0,0.0,0.0,nan,nan,4.31513805141225,2.812678594206774,nan,0.9196197106007888,0.0225381641144659,0.0,0.0,0.0,0.0,0.0,0.0,0.0,0.0,0.0,0.0,0.0,0.0,0.0,0.0,0.0,0.0,0.0,0.0,0.0,0.0,0.0,0.0,0.0,0.0,0.0,0.32993890020366606,5.389002036659879,16.09368635437882,7.759674134419553,0.4276985743380856,0.9197551581250001,0.02361119205334307,0.0,0.0,0.0,0.0,0.0,0.0,0.0,0.0,0.0,0.0,0.0,0.0,0.0,0.0,0.0,0.0,0.0,0.0,0.0,0.0,0.0,0.0,0.0,0.0,0.012391573729863695,0.3345724907063198,5.749690210656755,15.278810408921936,7.88104089219331,0.7434944237918217,0.406,0.01043,0.0,0.0,0.0,0.0,0.0,0.0,0.0,0.0,0.0,0.0,0.0,8.492871690427688,21.397148676171085,0.10997963340122202,0.0,0.0,0.0,0.0,0.0,0.0,0.0,0.0,0.0,0.0,0.0,0.0,0.0,0.0,0.0,0.0,0.4062,0.010254,0.0,0.0,0.0,0.0,0.0,0.0,0.0,0.0,0.0,0.0,0.012391573729863695,8.277571251548935,21.62329615861215,0.08674101610904587,0.0,0.0,0.0,0.0,0.0,0.0,0.0,0.0,0.0,0.0,0.0,0.0,0.0,0.0,0.0,0.0
30200,4761,2470,0.5187985717286284,1209,927,0.44864524259609323,1330,0.5587061541692921,0.38999999999999996,2.864687909209952,2.883603556019998,5.978323699421965,2.0088945481590885,9431.61591099342,1520.3473182967234,7853.0,10918.843149602413,10895.830102121323,6.822609365844152,7853.0,0.0,28.94391934467549,21.08885407302202,33.79201784828954,19.245604247192205,0.13190506196177273,0.09745851711825247,0.08632640201638311,0.08359588321781139,0.07834488552825036,0.07708464608275573,0.06931316950220542,0.06385213190506196,0.059021214030665826,0.056080655324511654,0.04725897920604915,0.04557865994538962,0.037387103549674436,0.029615626969124134,0.018693551774837218,0.011552194917034237,0.006931316950220542,0.9182386131402801,0.022399318303310975,0.0,0.0,0.0,0.0,0.0,0.0,0.0,0.0,0.0,0.0,0.0,0.0,0.0,0.0,0.0,0.0,0.0,0.0,0.0,0.0,0.0,0.0,0.0,0.0,0.0,0.3087586641461878,6.00504095778198,16.112161310649025,7.145557655954633,0.42848141146817903,4.072017766497462,2.7459390855613104,nan,nan,nan,3.9836580766813325,2.699206661154149,4.158974358974359,2.7880898661819784,1.044008867959641,0.4062,0.01047,0.0,0.0,0.0,0.0,0.0,0.0,0.0,0.0,0.0,0.0,0.0,8.22306238185254,21.688720856962828,0.0882167611846251,0.0,0.0,0.0,0.0,0.0,0.0,0.0,0.0,0.0,0.0,0.0,0.0,0.0,0.0,0.0,0.0,nan,nan,4.072017766497462,2.7459390855613104,nan,0.4062,0.04843,0.0,0.0,0.0,0.0,0.0,0.0,0.0,0.0,0.0,0.0,0.0,0.0,0.0,0.0,0.0,0.0,0.0,0.0,0.0,0.0,0.0,0.0,0.0,0.0004830917874396135,0.0032451165721487083,0.0,4.2007981516488134e-05,0.0011237135055660575,0.0006091157319890779,0.004830917874396135,0.01146817895400126,0.014597773576979627,0.019050619617727367,0.034467548834278515,0.03269271161520689,0.04682839739550514,0.04882377651753833,0.04021214030665826,0.06388363789119933,0.08278722957361899,0.072117202268431,0.06655114471749632,0.0630119722747322,0.07634950640621718,0.10501995379122034,0.08409997899600924,0.03579080025204789,0.02670657424910733,0.02841839949590422,0.017779878176853604,0.004788909892879647,0.004578869985297207,0.0006091157319890779,0.008947700063011972,2.1003990758244067e-05,5.250997689561016e-05,1.0501995379122034e-05,0.0,0.0,0.0,0.0,0.0,0.0,0.0,0.0,0.0,0.0,0.0,0.0,0.0,0.0,0.0,0.0,0.0,0.0,0.0,0.0,0.0,0.0,0.0,0.0,0.0,0.0,0.0,0.0,0.0,0.0,0.0,0.0,0.0,0.0,0.0,0.0,0.0,0.0,0.0,0.0,0.0,0.0,0.0,0.0,nan,nan,4.072017766497462,2.7459390855613104,nan,0.9179694981951463,0.02216457589902549,0.0,0.0,0.0,0.0,0.0,0.0,0.0,0.0,0.0,0.0,0.0,0.0,0.0,0.0,0.0,0.0,0.0,0.0,0.0,0.0,0.0,0.0,0.0,0.0,0.0,0.2793522267206478,6.157894736842107,16.08097165991903,7.093117408906884,0.38866396761133615,0.918528754525911,0.022646093978285972,0.0,0.0,0.0,0.0,0.0,0.0,0.0,0.0,0.0,0.0,0.0,0.0,0.0,0.0,0.0,0.0,0.0,0.0,0.0,0.0,0.0,0.0,0.0,0.0,0.0,0.34046268005237895,5.840244434744655,16.145787865560894,7.20209515495417,0.4714098646879093,0.4062,0.01052,0.0,0.0,0.0,0.0,0.0,0.0,0.0,0.0,0.0,0.0,0.0,8.125506072874483,21.765182186234824,0.10931174089068828,0.0,0.0,0.0,0.0,0.0,0.0,0.0,0.0,0.0,0.0,0.0,0.0,0.0,0.0,0.0,0.0,0.4062,0.01041,0.0,0.0,0.0,0.0,0.0,0.0,0.0,0.0,0.0,0.0,0.0,8.328240942819717,21.606285464862513,0.06547359231776519,0.0,0.0,0.0,0.0,0.0,0.0,0.0,0.0,0.0,0.0,0.0,0.0,0.0,0.0,0.0,0.0
30300,4510,2348,0.5206208425720621,1110,877,0.4405764966740576,1217,0.5396895787139689,0.434,3.0758556891766884,3.2331223804552267,6.862582781456954,2.1598359526790407,9437.55880799764,1520.510733295855,7853.0,10922.32336205244,10896.594643981838,6.90253505525298,7853.0,0.0,27.54190687361419,20.714914127682736,32.39092587707729,19.03698830506795,0.13902439024390245,0.10376940133037695,0.09667405764966741,0.09068736141906873,0.07960088691796009,0.06984478935698447,0.07006651884700665,0.06274944567627494,0.06297117516629712,0.05121951219512195,0.04656319290465632,0.035698447893569844,0.03503325942350333,0.022838137472283814,0.01662971175166297,0.008425720620842573,0.008203991130820399,0.9196868493525258,0.022438773239214917,0.0,0.0,0.0,0.0,0.0,0.0,0.0,0.0,0.0,0.0,0.0,0.0,0.0,0.0,0.0,0.0,0.0,0.0,0.0,0.0,0.0,0.0,0.0,0.0,0.0,0.27937915742793795,5.421286031042129,16.130820399113084,7.662971175166299,0.5055432372505544,4.419445419445419,3.0187063170551296,nan,nan,nan,4.369534555712271,3.004740482752723,4.46890286512928,3.031671415338211,1.0227411657122853,0.4067,0.01059,0.0,0.0,0.0,0.0,0.0,0.0,0.0,0.0,0.0,0.0,0.0,8.188470066518835,21.645232815964526,0.16629711751662973,0.0,0.0,0.0,0.0,0.0,0.0,0.0,0.0,0.0,0.0,0.0,0.0,0.0,0.0,0.0,0.0,nan,nan,4.419445419445419,3.0187063170551296,nan,0.4067,0.04837,0.0,0.0,0.0,0.0,0.0,0.0,0.0,0.0,0.0,0.0,0.0,0.0,0.0,0.0,0.0,0.0,0.0,0.0,0.0,0.0,0.0,0.0,0.0,0.0005099778270509978,0.003203991130820399,0.0,1.1086474501108647e-05,0.0009977827050997783,0.0006873614190687361,0.0056430155210643014,0.01,0.015044345898004435,0.017971175166297117,0.033680709534368074,0.03350332594235033,0.04721729490022173,0.045964523281596455,0.04094235033259423,0.06354767184035477,0.08219512195121952,0.07200665188470066,0.06866962305986696,0.06054323725055433,0.07501108647450111,0.10888026607538803,0.0839689578713969,0.03676274944567628,0.026319290465631928,0.028725055432372505,0.019977827050997782,0.004911308203991131,0.004623059866962306,0.0003991130820399113,0.007760532150776054,0.00012195121951219512,9.977827050997783e-05,9.977827050997783e-05,0.0,0.0,0.0,0.0,0.0,0.0,0.0,0.0,0.0,0.0,0.0,0.0,0.0,0.0,0.0,0.0,0.0,0.0,0.0,0.0,0.0,0.0,0.0,0.0,0.0,0.0,0.0,0.0,0.0,0.0,0.0,0.0,0.0,0.0,0.0,0.0,0.0,0.0,0.0,0.0,0.0,0.0,0.0,0.0,nan,nan,4.419445419445419,3.0187063170551296,nan,0.9202022596152921,0.022521517549628646,0.0,0.0,0.0,0.0,0.0,0.0,0.0,0.0,0.0,0.0,0.0,0.0,0.0,0.0,0.0,0.0,0.0,0.0,0.0,0.0,0.0,0.0,0.0,0.0,0.0,0.24275979557069852,5.187393526405452,16.213798977853497,7.806643952299831,0.5494037478705283,0.919127097596293,0.02233509474964811,0.0,0.0,0.0,0.0,0.0,0.0,0.0,0.0,0.0,0.0,0.0,0.0,0.0,0.0,0.0,0.0,0.0,0.0,0.0,0.0,0.0,0.0,0.0,0.0,0.0,0.31914893617021284,5.675300647548567,16.040703052728958,7.506938020351528,0.45790934320074017,0.4067,0.010735,0.0,0.0,0.0,0.0,0.0,0.0,0.0,0.0,0.0,0.0,0.0,8.164395229982953,21.656729131175474,0.17887563884156735,0.0,0.0,0.0,0.0,0.0,0.0,0.0,0.0,0.0,0.0,0.0,0.0,0.0,0.0,0.0,0.0,0.4065,0.01044,0.0,0.0,0.0,0.0,0.0,0.0,0.0,0.0,0.0,0.0,0.0,8.214616096207203,21.632747456059207,0.15263644773358004,0.0,0.0,0.0,0.0,0.0,0.0,0.0,0.0,0.0,0.0,0.0,0.0,0.0,0.0,0.0,0.0
30400,4762,2437,0.5117597648047039,1170,981,0.4517009659806804,1350,0.5669886602267955,0.41,2.948817204301075,3.053283742423397,6.453194650817236,2.218648381596348,9410.637514890204,1521.431753567399,7853.0,10924.224858283997,10896.688898607777,7.01675702630218,7853.0,0.0,28.418521629567408,20.83169332899844,33.177111716621255,19.042254912776084,0.13502729945401093,0.09449811003779925,0.09659806803863923,0.08336833263334734,0.07517849643007139,0.07811843763124737,0.06803863922721545,0.061318773624527506,0.06803863922721545,0.05627887442251155,0.050608987820243596,0.0373792524149517,0.03233935321293574,0.027299454010919783,0.01868962620747585,0.010709785804283915,0.006509869802603948,0.9198561832590395,0.022953650888089202,0.0,0.0,0.0,0.0,0.0,0.0,0.0,0.0,0.0,0.0,0.0,0.0,0.0,0.0,0.0,0.0,0.0,0.0,0.0,0.0,0.0,0.0,0.0,0.0,0.018899622007559853,0.31499370012599753,5.21629567408652,16.171776564468715,7.553548929021421,0.7244855102897944,4.262528289686388,2.8298457279667,nan,nan,nan,4.276973684210526,2.85601789382241,4.2485696122059755,2.8042526602641416,0.9933588387252857,0.4072,0.01053,0.0,0.0,0.0,0.0,0.0,0.0,0.0,0.0,0.0,0.0,0.0,7.307853842923131,22.459050818983627,0.23309533809323818,0.0,0.0,0.0,0.0,0.0,0.0,0.0,0.0,0.0,0.0,0.0,0.0,0.0,0.0,0.0,0.0,nan,nan,4.262528289686388,2.8298457279667,nan,0.4072,0.04803,0.0,0.0,0.0,0.0,0.0,0.0,0.0,0.0,0.0,0.0,0.0,0.0,0.0,0.0,0.0,0.0,0.0,0.0,0.0,0.0,0.0,0.0,0.0,0.0004619907601847963,0.00251994960100798,0.0,3.149937001259975e-05,0.000986980260394792,0.0007769844603107938,0.004829903401931962,0.008473330533389332,0.015634187316253673,0.017765644687106258,0.03262284754304914,0.03533179336413272,0.04636707265854683,0.04525409491810164,0.04142167156656867,0.06192776144477111,0.08556278874422511,0.07069508609827803,0.06973960520789584,0.05749685006299874,0.0761444771104578,0.1120222595548089,0.08222385552288954,0.03473330533389332,0.02885342293154137,0.02979840403191936,0.02006509869802604,0.005102897942041159,0.004934901301973961,0.0002939941201175976,0.007780344393112138,8.399832003359933e-05,5.249895002099958e-05,1.0499790004199916e-05,0.0,0.0,0.0,0.0,0.0,0.0,0.0,0.0,0.0,0.0,0.0,0.0,0.0,0.0,0.0,0.0,0.0,0.0,0.0,0.0,0.0,0.0,0.0,0.0,0.0,0.0,0.0,0.0,0.0,0.0,0.0,0.0,0.0,0.0,0.0,0.0,0.0,0.0,0.0,0.0,0.0,0.0,0.0,0.0,nan,nan,4.262528289686388,2.8298457279667,nan,0.9202123146395631,0.022831938063725618,0.0,0.0,0.0,0.0,0.0,0.0,0.0,0.0,0.0,0.0,0.0,0.0,0.0,0.0,0.0,0.0,0.0,0.0,0.0,0.0,0.0,0.0,0.0,0.0,0.02462043496101765,0.3077554370127206,4.9363972096840385,16.311038161674194,7.64464505539598,0.775543701272056,0.919482896302336,0.02307463863446313,0.0,0.0,0.0,0.0,0.0,0.0,0.0,0.0,0.0,0.0,0.0,0.0,0.0,0.0,0.0,0.0,0.0,0.0,0.0,0.0,0.0,0.0,0.0,0.0,0.012903225806451616,0.32258064516129037,5.509677419354841,16.025806451612905,7.458064516129034,0.670967741935484,0.4072,0.01058,0.0,0.0,0.0,0.0,0.0,0.0,0.0,0.0,0.0,0.0,0.0,7.263028313500195,22.466146901928607,0.27082478457119413,0.0,0.0,0.0,0.0,0.0,0.0,0.0,0.0,0.0,0.0,0.0,0.0,0.0,0.0,0.0,0.0,0.4072,0.01047,0.0,0.0,0.0,0.0,0.0,0.0,0.0,0.0,0.0,0.0,0.0,7.354838709677408,22.45161290322581,0.19354838709677424,0.0,0.0,0.0,0.0,0.0,0.0,0.0,0.0,0.0,0.0,0.0,0.0,0.0,0.0,0.0,0.0
30500,4608,2414,0.5238715277777778,1149,917,0.4483506944444444,1267,0.5499131944444444,0.426,2.9749316317228804,3.095533085993991,6.584967320261438,2.203896467499077,9447.572327194102,1520.1841767016488,7853.0,10922.93771725893,10896.823232688657,6.844517788522665,7853.0,0.0,28.35373263888889,21.06628827516625,33.32774626095926,19.251025132964106,0.140625,0.09288194444444445,0.09027777777777778,0.08355034722222222,0.07855902777777778,0.08333333333333333,0.07508680555555555,0.061197916666666664,0.053385416666666664,0.050347222222222224,0.049262152777777776,0.041015625,0.03233506944444445,0.028428819444444444,0.021484375,0.011284722222222222,0.006944444444444444,0.9207246451405808,0.023127288371834892,0.0,0.0,0.0,0.0,0.0,0.0,0.0,0.0,0.0,0.0,0.0,0.0,0.0,0.0,0.0,0.0,0.0,0.0,0.0,0.0,0.0,0.0,0.0,0.0,0.006510416666666668,0.27994791666666674,5.162760416666668,15.820312500000004,8.027343750000002,0.7031250000000002,4.23445294313269,2.8963763397150024,nan,nan,nan,4.297658862876254,2.873537645367557,4.171957671957672,2.917436520313714,0.9707512404010458,0.4075,0.010315,0.0,0.0,0.0,0.0,0.0,0.0,0.0,0.0,0.0,0.0,0.006510416666666668,7.128906249999989,22.695312500000007,0.16927083333333337,0.0,0.0,0.0,0.0,0.0,0.0,0.0,0.0,0.0,0.0,0.0,0.0,0.0,0.0,0.0,0.0,nan,nan,4.23445294313269,2.8963763397150024,nan,0.4075,0.04776,0.0,0.0,0.0,0.0,0.0,0.0,0.0,0.0,0.0,0.0,0.0,0.0,0.0,0.0,0.0,0.0,0.0,0.0,0.0,0.0,0.0,0.0,0.0,0.00046657986111111113,0.002983940972222222,0.0,0.0,0.0011827256944444444,0.0006618923611111111,0.0037651909722222223,0.00788845486111111,0.015581597222222222,0.0177734375,0.030924479166666668,0.034190538194444446,0.04467230902777778,0.04559461805555556,0.04240451388888889,0.06531032986111111,0.08433159722222222,0.07067057291666666,0.06873914930555555,0.05719401041666667,0.07867838541666666,0.11271701388888888,0.08166232638888889,0.0349609375,0.03037109375,0.030056423611111112,0.019032118055555554,0.0053059895833333336,0.0052191840277777775,0.00029296875,0.007215711805555556,7.595486111111111e-05,7.595486111111111e-05,0.0,0.0,0.0,0.0,0.0,0.0,0.0,0.0,0.0,0.0,0.0,0.0,0.0,0.0,0.0,0.0,0.0,0.0,0.0,0.0,0.0,0.0,0.0,0.0,0.0,0.0,0.0,0.0,0.0,0.0,0.0,0.0,0.0,0.0,0.0,0.0,0.0,0.0,0.0,0.0,0.0,0.0,0.0,0.0,0.0,nan,nan,4.23445294313269,2.8963763397150024,nan,0.9204533790248233,0.022544243980228237,0.0,0.0,0.0,0.0,0.0,0.0,0.0,0.0,0.0,0.0,0.0,0.0,0.0,0.0,0.0,0.0,0.0,0.0,0.0,0.0,0.0,0.0,0.0,0.0,0.01242750621375311,0.24855012427506218,5.244407622203813,16.03148301574151,7.928748964374484,0.5343827671913837,0.9210231120519021,0.023748686006547334,0.0,0.0,0.0,0.0,0.0,0.0,0.0,0.0,0.0,0.0,0.0,0.0,0.0,0.0,0.0,0.0,0.0,0.0,0.0,0.0,0.0,0.0,0.0,0.0,0.0,0.31449407474931634,5.072926162260712,15.587967183226986,8.135824977210575,0.8887876025524158,0.4075,0.01042,0.0,0.0,0.0,0.0,0.0,0.0,0.0,0.0,0.0,0.0,0.01242750621375311,7.332228666114323,22.481358740679376,0.17398508699254353,0.0,0.0,0.0,0.0,0.0,0.0,0.0,0.0,0.0,0.0,0.0,0.0,0.0,0.0,0.0,0.0,0.4077,0.010185,0.0,0.0,0.0,0.0,0.0,0.0,0.0,0.0,0.0,0.0,0.0,6.905195989061066,22.93072014585233,0.16408386508659983,0.0,0.0,0.0,0.0,0.0,0.0,0.0,0.0,0.0,0.0,0.0,0.0,0.0,0.0,0.0,0.0
30600,4709,2491,0.5289870460819707,1193,937,0.45232533446591633,1302,0.5529836483329794,0.418,2.9923354373309285,3.0814659966001843,6.621138211382114,2.0916890141981255,9463.092545854892,1519.3128740892992,7853.0,10920.748179078102,10896.727739233513,7.047192078021701,7853.0,0.0,28.00212359311956,20.819431085323032,32.84756865709247,19.085734213028736,0.13697175621150987,0.0972605648757698,0.09598640900403482,0.08706731790189,0.0819706944149501,0.07602463368018687,0.07007857294542366,0.06307071565088129,0.059885325971543855,0.052240390741134,0.04417073688681249,0.039711191335740074,0.033552771289021024,0.024846039498832025,0.02038649394775961,0.010617965597791464,0.006158420046719048,0.9200470561332119,0.022908782274601695,0.0,0.0,0.0,0.0,0.0,0.0,0.0,0.0,0.0,0.0,0.0,0.0,0.0,0.0,0.0,0.0,0.0,0.0,0.0,0.0,0.0,0.0,0.0,0.0,0.0,0.2994266298577193,5.370566999362923,16.016139307708645,7.657676789127205,0.6561902739435126,4.244743758212878,2.9265351048891066,nan,nan,nan,4.254889178617992,2.919982221548498,4.235255135851557,2.9339407347634863,0.9953855336902542,0.4072,0.0105,0.0,0.0,0.0,0.0,0.0,0.0,0.0,0.0,0.0,0.0,0.0,7.300913145041399,22.565300488426423,0.13378636653217246,0.0,0.0,0.0,0.0,0.0,0.0,0.0,0.0,0.0,0.0,0.0,0.0,0.0,0.0,0.0,0.0,nan,nan,4.244743758212878,2.9265351048891066,nan,0.4072,0.04773,0.0,0.0,0.0,0.0,0.0,0.0,0.0,0.0,0.0,0.0,0.0,0.0,0.0,0.0,0.0,0.0,0.0,0.0,0.0,0.0,0.0,0.0,0.0,0.0003716287959227012,0.0035888723720535146,0.0,0.0,0.0014015714589084732,0.0007644935230409854,0.003206625610533022,0.008685495858993416,0.01298577192609896,0.017540879167551496,0.034147377362497344,0.033966871947334894,0.044807814822679974,0.046028880866425995,0.04370354640050966,0.0642917816946273,0.08472074750477808,0.0712677850923763,0.06968570821830537,0.055489488214058184,0.07544064557230834,0.11514121894245062,0.08273518793799108,0.034540242089615626,0.02837120407729879,0.03003822467615205,0.019844977702272244,0.004597579103843704,0.005542578042047144,7.432575918454024e-05,0.0068379698449777026,0.00015926948396687195,0.0,2.1235931195582926e-05,0.0,0.0,0.0,0.0,0.0,0.0,0.0,0.0,0.0,0.0,0.0,0.0,0.0,0.0,0.0,0.0,0.0,0.0,0.0,0.0,0.0,0.0,0.0,0.0,0.0,0.0,0.0,0.0,0.0,0.0,0.0,0.0,0.0,0.0,0.0,0.0,0.0,0.0,0.0,0.0,0.0,0.0,0.0,0.0,nan,nan,4.244743758212878,2.9265351048891066,nan,0.9202228035136237,0.02284113080682828,0.0,0.0,0.0,0.0,0.0,0.0,0.0,0.0,0.0,0.0,0.0,0.0,0.0,0.0,0.0,0.0,0.0,0.0,0.0,0.0,0.0,0.0,0.0,0.0,0.0,0.22882376555600165,5.371336812525092,16.114010437575274,7.587314331593739,0.6985146527498998,0.9198496770869514,0.02298292099113667,0.0,0.0,0.0,0.0,0.0,0.0,0.0,0.0,0.0,0.0,0.0,0.0,0.0,0.0,0.0,0.0,0.0,0.0,0.0,0.0,0.0,0.0,0.0,0.0,0.0,0.3787195671776376,5.36970243462579,15.906221821460779,7.736699729486025,0.6086564472497746,0.4072,0.010475,0.0,0.0,0.0,0.0,0.0,0.0,0.0,0.0,0.0,0.0,0.0,7.1657968687274085,22.701726214371742,0.13247691690084307,0.0,0.0,0.0,0.0,0.0,0.0,0.0,0.0,0.0,0.0,0.0,0.0,0.0,0.0,0.0,0.0,0.4072,0.01052,0.0,0.0,0.0,0.0,0.0,0.0,0.0,0.0,0.0,0.0,0.0,7.452660054102783,22.412082957619482,0.1352569882777277,0.0,0.0,0.0,0.0,0.0,0.0,0.0,0.0,0.0,0.0,0.0,0.0,0.0,0.0,0.0,0.0
30700,4601,2399,0.5214083894805477,1140,911,0.4457726581178005,1234,0.5364051293197131,0.45,3.002724795640327,3.2353901094630793,7.007042253521127,2.252530592164549,9439.833888030731,1520.2932827168263,7853.0,10920.35501486063,10896.360866539972,6.965410925931737,7853.0,0.0,27.415344490328188,20.81525361413743,32.54676071055381,19.063227510367167,0.14735926972397306,0.09758748098239513,0.09758748098239513,0.08715496631167137,0.08932840686807215,0.06802868941534448,0.06563790480330363,0.06628993697022387,0.056074766355140186,0.051075853075418384,0.04281677896109541,0.039121930015214086,0.03216692023473158,0.024125190176048684,0.017387524451206258,0.010867202782003912,0.00738969789176266,0.9186978047501909,0.022919553636265223,0.0,0.0,0.0,0.0,0.0,0.0,0.0,0.0,0.0,0.0,0.0,0.0,0.0,0.0,0.0,0.0,0.0,0.0,0.0,0.0,0.0,0.0,0.0,0.0,0.006520321669202349,0.39773962182134326,5.790045642251686,15.903064551184528,7.315800912845035,0.5868289502282114,4.381262868908717,3.035107828523176,nan,nan,nan,4.397222222222222,3.0474020001662536,4.363883231500339,3.023213940632087,0.9924181701453709,0.4072,0.01064,0.0,0.0,0.0,0.0,0.0,0.0,0.0,0.0,0.0,0.0,0.0,7.283199304499011,22.553792653770927,0.1630080417300587,0.0,0.0,0.0,0.0,0.0,0.0,0.0,0.0,0.0,0.0,0.0,0.0,0.0,0.0,0.0,0.0,nan,nan,4.381262868908717,3.035107828523176,nan,0.4072,0.04797,0.0,0.0,0.0,0.0,0.0,0.0,0.0,0.0,0.0,0.0,0.0,0.0,0.0,0.0,0.0,0.0,0.0,0.0,0.0,0.0,0.0,0.0,0.0,0.00046728971962616824,0.003977396218213432,0.0,0.0,0.001467072375570528,0.0008259074114322974,0.0027711367094109974,0.009324059986959357,0.012116931101934363,0.016800695500978048,0.034351227993914366,0.03272114757661378,0.0466637687459248,0.04617474462073462,0.04379482721147577,0.06469245816126928,0.08575309715279288,0.069419691371441,0.07294066507281026,0.05593349271897414,0.07559226255161922,0.11171484459900022,0.08010215170615084,0.036133449250163006,0.027374483807867854,0.029960878069984785,0.019897848293849163,0.004901108454683764,0.005520539013257987,2.1734405564007825e-05,0.00844381656161704,0.00013040643338404695,1.0867202782003912e-05,0.0,0.0,0.0,0.0,0.0,0.0,0.0,0.0,0.0,0.0,0.0,0.0,0.0,0.0,0.0,0.0,0.0,0.0,0.0,0.0,0.0,0.0,0.0,0.0,0.0,0.0,0.0,0.0,0.0,0.0,0.0,0.0,0.0,0.0,0.0,0.0,0.0,0.0,0.0,0.0,0.0,0.0,0.0,0.0,0.0,nan,nan,4.381262868908717,3.035107828523176,nan,0.919011597535967,0.02291476204770183,0.0,0.0,0.0,0.0,0.0,0.0,0.0,0.0,0.0,0.0,0.0,0.0,0.0,0.0,0.0,0.0,0.0,0.0,0.0,0.0,0.0,0.0,0.0,0.0,0.0,0.40016673614005843,5.589829095456442,16.06919549812422,7.390579408086705,0.5502292621925803,0.9183559387678671,0.02291988347870375,0.0,0.0,0.0,0.0,0.0,0.0,0.0,0.0,0.0,0.0,0.0,0.0,0.0,0.0,0.0,0.0,0.0,0.0,0.0,0.0,0.0,0.0,0.0,0.0,0.01362397820163488,0.39509536784741156,6.008174386920983,15.722070844686652,7.234332425068121,0.6267029972752045,0.4072,0.01059,0.0,0.0,0.0,0.0,0.0,0.0,0.0,0.0,0.0,0.0,0.0,7.303042934556054,22.53438932888704,0.16256773655689877,0.0,0.0,0.0,0.0,0.0,0.0,0.0,0.0,0.0,0.0,0.0,0.0,0.0,0.0,0.0,0.0,0.4072,0.0107,0.0,0.0,0.0,0.0,0.0,0.0,0.0,0.0,0.0,0.0,0.0,7.261580381471379,22.574931880109,0.16348773841961856,0.0,0.0,0.0,0.0,0.0,0.0,0.0,0.0,0.0,0.0,0.0,0.0,0.0,0.0,0.0,0.0
30800,4795,2479,0.5169968717413973,1197,959,0.44963503649635034,1339,0.5584984358706987,0.38999999999999996,2.930051813471503,2.9843191504577042,6.3072463768115945,2.010430687189717,9426.320529057286,1520.7244978820308,7853.0,10921.804354906082,10896.191584037791,6.910975774711727,7853.0,0.0,28.97643378519291,21.188160155259034,33.9025413274118,19.33230705791926,0.13534932221063609,0.09760166840458812,0.08237747653806048,0.08342022940563086,0.07591240875912408,0.07758081334723671,0.0721584984358707,0.06569343065693431,0.057977059436913454,0.05651720542231491,0.04734098018769552,0.042544316996871744,0.04004171011470282,0.02586027111574557,0.01897810218978102,0.012721584984358707,0.007924921793534932,0.918426553424879,0.02271163366000383,0.0,0.0,0.0,0.0,0.0,0.0,0.0,0.0,0.0,0.0,0.0,0.0,0.0,0.0,0.0,0.0,0.0,0.0,0.0,0.0,0.0,0.0,0.0,0.0,0.0,0.4379562043795621,5.5245046923879055,16.617309697601673,6.882168925964548,0.5380604796663192,4.165617128463476,2.811169102424651,nan,nan,nan,4.110832811521603,2.8276945292735087,4.221799746514575,2.7939789155308348,1.026993784491055,0.407,0.01037,0.0,0.0,0.0,0.0,0.0,0.0,0.0,0.0,0.0,0.0,0.0,7.332638164754942,22.523461939520338,0.14389989572471326,0.0,0.0,0.0,0.0,0.0,0.0,0.0,0.0,0.0,0.0,0.0,0.0,0.0,0.0,0.0,0.0,nan,nan,4.165617128463476,2.811169102424651,nan,0.407,0.04807,0.0,0.0,0.0,0.0,0.0,0.0,0.0,0.0,0.0,0.0,0.0,0.0,0.0,0.0,0.0,0.0,0.0,0.0,0.0,0.0,0.0,0.0,0.0,0.0005318039624608968,0.004932221063607925,1.0427528675703859e-05,0.0,0.0011157455683003129,0.0007716371220020856,0.0027320125130344108,0.009249217935349323,0.010312825860271116,0.016256517205422316,0.033764337851929095,0.03462982273201251,0.048633993743482797,0.04599582898852972,0.04524504692387904,0.06302398331595412,0.0878206465067779,0.0691657977059437,0.07385818561001042,0.05693430656934306,0.07456725755995829,0.10993743482794578,0.07700729927007299,0.03664233576642336,0.02559958289885297,0.03069864442127216,0.021470281543274242,0.00502606882168926,0.005828988529718457,1.0427528675703859e-05,0.008039624608967675,0.0001772679874869656,1.0427528675703859e-05,0.0,0.0,0.0,0.0,0.0,0.0,0.0,0.0,0.0,0.0,0.0,0.0,0.0,0.0,0.0,0.0,0.0,0.0,0.0,0.0,0.0,0.0,0.0,0.0,0.0,0.0,0.0,0.0,0.0,0.0,0.0,0.0,0.0,0.0,0.0,0.0,0.0,0.0,0.0,0.0,0.0,0.0,0.0,0.0,0.0,nan,nan,4.165617128463476,2.811169102424651,nan,0.9185774045011698,0.02264361295272503,0.0,0.0,0.0,0.0,0.0,0.0,0.0,0.0,0.0,0.0,0.0,0.0,0.0,0.0,0.0,0.0,0.0,0.0,0.0,0.0,0.0,0.0,0.0,0.0,0.0,0.4477611940298508,5.506252521177895,16.615570794675275,6.9584509883017365,0.4719645018152482,0.9182650854550495,0.022783109947589225,0.0,0.0,0.0,0.0,0.0,0.0,0.0,0.0,0.0,0.0,0.0,0.0,0.0,0.0,0.0,0.0,0.0,0.0,0.0,0.0,0.0,0.0,0.0,0.0,0.0,0.42746113989637313,5.544041450777204,16.619170984455963,6.800518134715028,0.6088082901554405,0.407,0.01031,0.0,0.0,0.0,0.0,0.0,0.0,0.0,0.0,0.0,0.0,0.0,7.297297297297287,22.569584509883022,0.13311819281968537,0.0,0.0,0.0,0.0,0.0,0.0,0.0,0.0,0.0,0.0,0.0,0.0,0.0,0.0,0.0,0.0,0.407,0.01044,0.0,0.0,0.0,0.0,0.0,0.0,0.0,0.0,0.0,0.0,0.0,7.370466321243512,22.47409326424871,0.15544041450777205,0.0,0.0,0.0,0.0,0.0,0.0,0.0,0.0,0.0,0.0,0.0,0.0,0.0,0.0,0.0,0.0
30900,4754,2444,0.5140933950357593,1192,976,0.4560370214556163,1342,0.5645771981489273,0.39399999999999996,2.952813852813853,3.0976779957492715,6.638888888888889,2.1233199604207056,9417.439469200877,1520.9554306643952,7853.0,10921.240026473999,10896.103615622327,6.955276180676292,7853.0,0.0,27.903449726546068,20.612776503925303,32.65297485685835,18.887375326235254,0.13420277660917124,0.09928481278923013,0.09192259150189314,0.09002944888514935,0.08161548169962138,0.07909129154396298,0.0708876735380732,0.06499789650820362,0.059949516196886835,0.04985275557425326,0.04774926377787127,0.041438788388725285,0.030500631047538914,0.023559108119478336,0.018931426167437947,0.009886411442995372,0.006100126209507783,0.91890020723046,0.022531887968053846,0.0,0.0,0.0,0.0,0.0,0.0,0.0,0.0,0.0,0.0,0.0,0.0,0.0,0.0,0.0,0.0,0.0,0.0,0.0,0.0,0.0,0.0,0.0,0.0,0.0,0.32814472023559116,5.509045014724444,16.299957930164076,7.370635254522509,0.49221708035338674,4.288399222294232,2.8973206325414744,nan,nan,nan,4.3313725490196076,2.889579443091893,4.2461439588688945,2.904292415866452,0.9803229601734433,0.4067,0.01033,0.0,0.0,0.0,0.0,0.0,0.0,0.0,0.0,0.0,0.0,0.0,7.761884728649547,22.09297433740009,0.14514093395035763,0.0,0.0,0.0,0.0,0.0,0.0,0.0,0.0,0.0,0.0,0.0,0.0,0.0,0.0,0.0,0.0,nan,nan,4.288399222294232,2.8973206325414744,nan,0.4067,0.04822,0.0,0.0,0.0,0.0,0.0,0.0,0.0,0.0,0.0,0.0,0.0,0.0,0.0,0.0,0.0,0.0,0.0,0.0,0.0,0.0,4.206983592763988e-05,0.0,0.0,0.0007572570466975179,0.004922170803533866,0.0,0.00010517458981909971,0.001062263357172907,0.0011674379469920066,0.0033024821203197306,0.009476230542700883,0.010023138409760202,0.01452461085401767,0.03235170382835507,0.037105595288178375,0.04676062263357173,0.04787547328565418,0.048348758939840135,0.06205300799326883,0.09088136306268406,0.06873159444678166,0.07226546066470341,0.055100967606226334,0.07507362221287336,0.10774084981068574,0.0764724442574674,0.03806268405553218,0.023758939840134625,0.030563735801430375,0.02176062263357173,0.005437526293647455,0.006478754732856542,0.00013672696676482961,0.007425326041228439,0.00021034917963819942,0.0,0.0,0.0,2.103491796381994e-05,0.0,0.0,0.0,0.0,0.0,0.0,0.0,0.0,0.0,0.0,0.0,0.0,0.0,0.0,0.0,0.0,0.0,0.0,0.0,0.0,0.0,0.0,0.0,0.0,0.0,0.0,0.0,0.0,0.0,0.0,0.0,0.0,0.0,0.0,0.0,0.0,0.0,0.0,0.0,0.0,0.0,0.0,nan,nan,4.288399222294232,2.8973206325414744,nan,0.9186698975325021,0.022645986118296716,0.0,0.0,0.0,0.0,0.0,0.0,0.0,0.0,0.0,0.0,0.0,0.0,0.0,0.0,0.0,0.0,0.0,0.0,0.0,0.0,0.0,0.0,0.0,0.0,0.0,0.3436988543371523,5.6464811783960736,16.288870703764324,7.205400981996728,0.5155482815057284,0.9191438768849228,0.02240796178230019,0.0,0.0,0.0,0.0,0.0,0.0,0.0,0.0,0.0,0.0,0.0,0.0,0.0,0.0,0.0,0.0,0.0,0.0,0.0,0.0,0.0,0.0,0.0,0.0,0.0,0.31168831168831174,5.363636363636365,16.311688311688314,7.545454545454547,0.46753246753246763,0.4065,0.010345,0.0,0.0,0.0,0.0,0.0,0.0,0.0,0.0,0.0,0.0,0.0,8.126022913256945,21.738952536824883,0.13502454991816695,0.0,0.0,0.0,0.0,0.0,0.0,0.0,0.0,0.0,0.0,0.0,0.0,0.0,0.0,0.0,0.0,0.407,0.010315,0.0,0.0,0.0,0.0,0.0,0.0,0.0,0.0,0.0,0.0,0.0,7.376623376623366,22.467532467532475,0.15584415584415587,0.0,0.0,0.0,0.0,0.0,0.0,0.0,0.0,0.0,0.0,0.0,0.0,0.0,0.0,0.0,0.0
31000,4396,2289,0.5207006369426752,1095,883,0.4499545040946315,1217,0.5536851683348498,0.418,2.9591836734693877,3.0912778836468644,6.509499136442142,2.1356007574971496,9437.46942823644,1520.1824208250532,7853.0,10917.90061545372,10895.956577775181,7.105968126175034,7853.0,0.0,28.193130118289353,20.981354826320114,32.98116760828625,19.278042069544576,0.1367151956323931,0.09599636032757052,0.09508644222020018,0.09167424931756142,0.07848043676069154,0.06847133757961783,0.07393084622383986,0.06619654231119199,0.059372156505914465,0.0502729754322111,0.04617834394904458,0.036169244767970885,0.034804367606915375,0.030482256596906277,0.018198362147406732,0.010691537761601456,0.007279344858962694,0.9190887888118937,0.0230640014807471,0.0,0.0,0.0,0.0,0.0,0.0,0.0,0.0,0.0,0.0,0.0,0.0,0.0,0.0,0.0,0.0,0.0,0.0,0.0,0.0,0.0,0.0,0.0,0.0,0.013648771610555053,0.3412192902638763,5.909918107370339,15.600545950864426,7.554595086442222,0.5800727934485898,4.215541490857946,2.8903346052204837,nan,nan,nan,4.299719887955182,2.9147216269197305,4.130649717514125,2.863025270960935,0.9606787942361841,0.4065,0.01046,0.0,0.0,0.0,0.0,0.0,0.0,0.0,0.0,0.0,0.0,0.006824385805277527,8.264331210191072,21.585532302092815,0.14331210191082805,0.0,0.0,0.0,0.0,0.0,0.0,0.0,0.0,0.0,0.0,0.0,0.0,0.0,0.0,0.0,0.0,nan,nan,4.215541490857946,2.8903346052204837,nan,0.4065,0.0482,0.0,0.0,0.0,0.0,0.0,0.0,0.0,0.0,0.0,0.0,0.0,0.0,0.0,0.0,0.0,0.0,0.0,0.0,0.0,0.0,3.4121929026387626e-05,0.0,0.0,0.0005800727934485897,0.004629208371246587,0.0,0.0,0.0008871701546860782,0.001262511373976342,0.0035259326660600546,0.009952229299363057,0.009645131938125568,0.015764331210191083,0.034121929026387623,0.03879663330300273,0.044608735213830755,0.04799818016378526,0.04939717925386715,0.06178343949044586,0.0929140127388535,0.06828935395814377,0.06975659690627843,0.05530027297543221,0.07345313921747043,0.10832575068243858,0.07570518653321201,0.03736351228389445,0.02587579617834395,0.02945859872611465,0.021019108280254776,0.006278434940855323,0.006676524112829845,0.00020473157415832574,0.006130573248407644,0.00018198362147406734,7.961783439490445e-05,0.0,0.0,0.0,0.0,0.0,0.0,0.0,0.0,0.0,0.0,0.0,0.0,0.0,0.0,0.0,0.0,0.0,0.0,0.0,0.0,0.0,0.0,0.0,0.0,0.0,0.0,0.0,0.0,0.0,0.0,0.0,0.0,0.0,0.0,0.0,0.0,0.0,0.0,0.0,0.0,0.0,0.0,0.0,0.0,0.0,nan,nan,4.215541490857946,2.8903346052204837,nan,0.9183392680175652,0.02320093395848011,0.0,0.0,0.0,0.0,0.0,0.0,0.0,0.0,0.0,0.0,0.0,0.0,0.0,0.0,0.0,0.0,0.0,0.0,0.0,0.0,0.0,0.0,0.0,0.0,0.026212319790301447,0.3538663171690696,6.343381389252951,15.412844036697251,7.313237221494104,0.5504587155963304,0.9199030522661974,0.022886512087201428,0.0,0.0,0.0,0.0,0.0,0.0,0.0,0.0,0.0,0.0,0.0,0.0,0.0,0.0,0.0,0.0,0.0,0.0,0.0,0.0,0.0,0.0,0.0,0.0,0.0,0.32747982914095874,5.439012814428097,15.80446131941149,7.816801139060277,0.6122448979591838,0.4065,0.01059,0.0,0.0,0.0,0.0,0.0,0.0,0.0,0.0,0.0,0.0,0.013106159895150724,8.440366972477051,21.441677588466582,0.10484927916120579,0.0,0.0,0.0,0.0,0.0,0.0,0.0,0.0,0.0,0.0,0.0,0.0,0.0,0.0,0.0,0.0,0.4065,0.01032,0.0,0.0,0.0,0.0,0.0,0.0,0.0,0.0,0.0,0.0,0.0,8.073089700996666,21.741813004271478,0.18509729473184627,0.0,0.0,0.0,0.0,0.0,0.0,0.0,0.0,0.0,0.0,0.0,0.0,0.0,0.0,0.0,0.0
31100,4567,2345,0.5134661703525291,1082,926,0.4396759360630611,1283,0.5618567987738121,0.41,2.974797479747975,3.0862626910600905,6.478939157566303,2.2033748326339007,9415.56911554325,1521.0454723348187,7853.0,10917.134660959244,10896.17831585758,6.994498455462508,7853.0,0.0,27.8977446901686,20.81511324773808,32.75455018200728,19.091374387919608,0.13728924895992994,0.1013794613531859,0.0963433326034596,0.08386249178892052,0.08145390847383403,0.07926428727830086,0.06546967374644186,0.0632800525509087,0.05758703744252244,0.0481716663017298,0.05211298445368951,0.03788044668272389,0.035252901248084084,0.029121961900591197,0.01664112108605211,0.008977446901686009,0.005911977227939566,0.9177241095939036,0.022992635945364763,0.0,0.0,0.0,0.0,0.0,0.0,0.0,0.0,0.0,0.0,0.0,0.0,0.0,0.0,0.0,0.0,0.0,0.0,0.0,0.0,0.0,0.0,0.0,0.0,0.01313772717319904,0.3415809065031751,6.273264725202542,15.936063061090435,6.890737902342896,0.5452156776877601,4.27495741056218,2.893399017977323,nan,nan,nan,4.315254237288135,2.8955145650437246,4.233036326250857,2.891310472817224,0.980947145517677,0.4072,0.01029,0.0,0.0,0.0,0.0,0.0,0.0,0.0,0.0,0.0,0.0,0.00656886358659952,7.298007444712054,22.570615283555952,0.12480840814539088,0.0,0.0,0.0,0.0,0.0,0.0,0.0,0.0,0.0,0.0,0.0,0.0,0.0,0.0,0.0,0.0,nan,nan,4.27495741056218,2.893399017977323,nan,0.4072,0.04825,0.0,0.0,0.0,0.0,0.0,0.0,0.0,0.0,0.0,0.0,0.0,0.0,0.0,0.0,0.0,0.0,0.0,0.0,0.0,0.0,6.568863586599518e-05,0.0,0.0,0.00040507992117363696,0.004543463980731333,0.0,0.0,0.0006349901467046201,0.001379461353185899,0.002737026494416466,0.009700021896211955,0.010553974162469892,0.016159404423034814,0.03089555506897307,0.03873439894898183,0.04292752353842785,0.04800744471206481,0.050591197722793954,0.06208670899934311,0.09243485876943289,0.06704620100722575,0.07005693015108386,0.055397416246989274,0.07234508430041603,0.10838624917889206,0.0780599956207576,0.03710313115830961,0.025717100941537115,0.029242391066345522,0.022432669148237355,0.0077293628202321,0.007948324939785418,0.00016422158966498797,0.0060324063936938906,0.00025180643748631484,0.00022991022553098313,0.0,0.0,0.0,0.0,0.0,0.0,0.0,0.0,0.0,0.0,0.0,0.0,0.0,0.0,0.0,0.0,0.0,0.0,0.0,0.0,0.0,0.0,0.0,0.0,0.0,0.0,0.0,0.0,0.0,0.0,0.0,0.0,0.0,0.0,0.0,0.0,0.0,0.0,0.0,0.0,0.0,0.0,0.0,0.0,0.0,nan,nan,4.27495741056218,2.893399017977323,nan,0.9183220311268561,0.023037712618755566,0.0,0.0,0.0,0.0,0.0,0.0,0.0,0.0,0.0,0.0,0.0,0.0,0.0,0.0,0.0,0.0,0.0,0.0,0.0,0.0,0.0,0.0,0.0,0.0,0.012793176972281453,0.28144989339019194,6.127931769722816,15.67164179104478,7.407249466950961,0.49893390191897663,0.9170930897942757,0.022928062924962866,0.0,0.0,0.0,0.0,0.0,0.0,0.0,0.0,0.0,0.0,0.0,0.0,0.0,0.0,0.0,0.0,0.0,0.0,0.0,0.0,0.0,0.0,0.0,0.0,0.013501350135013504,0.40504050405040515,6.426642664266429,16.215121512151217,6.345634563456347,0.5940594059405941,0.4072,0.010185,0.0,0.0,0.0,0.0,0.0,0.0,0.0,0.0,0.0,0.0,0.012793176972281453,7.356076759061823,22.515991471215358,0.11513859275053308,0.0,0.0,0.0,0.0,0.0,0.0,0.0,0.0,0.0,0.0,0.0,0.0,0.0,0.0,0.0,0.0,0.4072,0.0104,0.0,0.0,0.0,0.0,0.0,0.0,0.0,0.0,0.0,0.0,0.0,7.236723672367226,22.628262826282636,0.13501350135013504,0.0,0.0,0.0,0.0,0.0,0.0,0.0,0.0,0.0,0.0,0.0,0.0,0.0,0.0,0.0,0.0
31200,4495,2346,0.5219132369299221,1078,899,0.43982202447163515,1256,0.5588431590656284,0.414,3.1033038622615168,3.1056371495239854,6.563664596273292,2.0867780119972688,9441.131365424852,1519.9979026513774,7853.0,10918.55375379324,10895.903021135853,6.9387407361163875,7853.0,0.0,28.374416017797554,21.10294096633711,33.2882787750792,19.348054206509744,0.13793103448275862,0.09810901001112347,0.09588431590656285,0.08053392658509455,0.07875417130144605,0.0760845383759733,0.06696329254727475,0.06407119021134594,0.06117908787541713,0.05094549499443826,0.048053392658509456,0.04293659621802002,0.034260289210233594,0.023136818687430477,0.022024471635150165,0.01268075639599555,0.0064516129032258064,0.9182295567864703,0.02307219378508123,0.0,0.0,0.0,0.0,0.0,0.0,0.0,0.0,0.0,0.0,0.0,0.0,0.0,0.0,0.0,0.0,0.0,0.0,0.0,0.0,0.0,0.0,0.0,0.0,0.00667408231368187,0.3737486095661848,6.06674082313682,15.684093437152395,7.374860956618466,0.4938820912124584,4.315355547921676,2.8549320061142476,nan,nan,nan,4.331015299026426,2.798325139559774,4.3009510869565215,2.909840718746832,0.9930583916254782,0.407,0.01034,0.0,0.0,0.0,0.0,0.0,0.0,0.0,0.0,0.0,0.0,0.0,7.501668520578409,22.391546162402676,0.10678531701890992,0.0,0.0,0.0,0.0,0.0,0.0,0.0,0.0,0.0,0.0,0.0,0.0,0.0,0.0,0.0,0.0,nan,nan,4.315355547921676,2.8549320061142476,nan,0.407,0.0485,0.0,0.0,0.0,0.0,0.0,0.0,0.0,0.0,0.0,0.0,0.0,0.0,0.0,0.0,0.0,0.0,0.0,0.0,0.0,0.0,5.5617352614015575e-05,0.0,0.0,0.00028921023359288096,0.005361512791991101,0.0,0.0,0.0003670745272525028,0.0012903225806451613,0.003192436040044494,0.010077864293659622,0.010600667408231368,0.017730812013348165,0.029988876529477196,0.03814238042269188,0.04347052280311457,0.04755283648498331,0.049899888765294775,0.0628921023359288,0.09434927697441602,0.06835372636262514,0.06746384872080088,0.05422691879866518,0.07132369299221357,0.10764182424916574,0.0799777530589544,0.03791991101223582,0.027163515016685204,0.026585094549499443,0.020589543937708565,0.007575083426028921,0.00814238042269188,0.0002335928809788654,0.006840934371523916,5.5617352614015575e-05,0.0006006674082313682,4.449388209121246e-05,0.0,0.0,0.0,0.0,0.0,0.0,0.0,0.0,0.0,0.0,0.0,0.0,0.0,0.0,0.0,0.0,0.0,0.0,0.0,0.0,0.0,0.0,0.0,0.0,0.0,0.0,0.0,0.0,0.0,0.0,0.0,0.0,0.0,0.0,0.0,0.0,0.0,0.0,0.0,0.0,0.0,0.0,0.0,0.0,nan,nan,4.315355547921676,2.8549320061142476,nan,0.9177486191726808,0.02292386207599132,0.0,0.0,0.0,0.0,0.0,0.0,0.0,0.0,0.0,0.0,0.0,0.0,0.0,0.0,0.0,0.0,0.0,0.0,0.0,0.0,0.0,0.0,0.0,0.0,0.012787723785166244,0.35805626598465484,6.189258312020462,15.716112531969312,7.199488491048595,0.524296675191816,0.9187545822131573,0.023221672671459543,0.0,0.0,0.0,0.0,0.0,0.0,0.0,0.0,0.0,0.0,0.0,0.0,0.0,0.0,0.0,0.0,0.0,0.0,0.0,0.0,0.0,0.0,0.0,0.0,0.0,0.3908794788273617,5.932992089343883,15.649139134481157,7.566309911586786,0.46067938576081907,0.4067,0.01031,0.0,0.0,0.0,0.0,0.0,0.0,0.0,0.0,0.0,0.0,0.0,7.58312020460357,22.352941176470594,0.06393861892583122,0.0,0.0,0.0,0.0,0.0,0.0,0.0,0.0,0.0,0.0,0.0,0.0,0.0,0.0,0.0,0.0,0.407,0.010376,0.0,0.0,0.0,0.0,0.0,0.0,0.0,0.0,0.0,0.0,0.0,7.412750116333167,22.43369008841322,0.15355979525360636,0.0,0.0,0.0,0.0,0.0,0.0,0.0,0.0,0.0,0.0,0.0,0.0,0.0,0.0,0.0,0.0
31300,4537,2309,0.5089266034824774,1093,925,0.44478730438615827,1273,0.56116376460216,0.414,2.9488330341113107,3.118123814848542,6.492890995260663,2.264576448713404,9401.630555951664,1521.2329428653798,7853.0,10920.127946138382,10895.934964206452,6.895719509249987,7853.0,0.0,28.169936081110865,20.955803168064467,33.07406438105208,19.19481004685716,0.13665417676878994,0.10403350231430461,0.08948644478730439,0.08221291602380427,0.08287414591139519,0.07802512673572845,0.06832708838439497,0.05840864007053119,0.05840864007053119,0.056865770332819046,0.045845272206303724,0.04297994269340974,0.033061494379545954,0.027771655278818603,0.01807361692748512,0.011681728014106238,0.005289839100727353,0.917825214697817,0.023317393846597895,0.0,0.0,0.0,0.0,0.0,0.0,0.0,0.0,0.0,0.0,0.0,0.0,0.0,0.0,0.0,0.0,0.0,0.0,0.0,0.0,0.0,0.0,0.0,0.0,0.0,0.47608551906546187,6.2155609433546415,15.757108221291606,7.0619351994710176,0.48931011681728026,4.216463414634147,2.920391342875982,nan,nan,nan,4.174592391304348,2.898196796425611,4.256930358350236,2.942354259682292,1.019723594384304,0.407,0.010254,0.0,0.0,0.0,0.0,0.0,0.0,0.0,0.0,0.0,0.0,0.0,7.326427154507373,22.581000661229893,0.0925721842627287,0.0,0.0,0.0,0.0,0.0,0.0,0.0,0.0,0.0,0.0,0.0,0.0,0.0,0.0,0.0,0.0,nan,nan,4.216463414634147,2.920391342875982,nan,0.407,0.04858,0.0,0.0,0.0,0.0,0.0,0.0,0.0,0.0,0.0,0.0,0.0,0.0,0.0,0.0,0.0,0.0,0.0,0.0,0.0,0.0,5.5102490632576594e-05,0.0,0.0,0.00045184042318712804,0.005256777606347807,0.0,0.0,0.00028653295128939826,0.001520828741459114,0.003118800969803835,0.009356402909411506,0.010127837778267578,0.017258100066122987,0.03166189111747851,0.03825214899713467,0.04252810227022261,0.04733303945338329,0.052413489089706854,0.06131805157593123,0.09246197928146352,0.06960546616707075,0.06834912938064801,0.053262067445448535,0.07036588053780031,0.10812210711924179,0.08217985452942474,0.03769010359268239,0.027319814855631473,0.025743883623539784,0.018294026890015427,0.008254353096759974,0.007527000220409963,0.0004628609213136434,0.00843068106678422,0.0001212254793916685,0.0007824553669825876,7.714348688560723e-05,1.1020498126515318e-05,0.0,0.0,0.0,0.0,0.0,0.0,0.0,0.0,0.0,0.0,0.0,0.0,0.0,0.0,0.0,0.0,0.0,0.0,0.0,0.0,0.0,0.0,0.0,0.0,0.0,0.0,0.0,0.0,0.0,0.0,0.0,0.0,0.0,0.0,0.0,0.0,0.0,0.0,0.0,0.0,0.0,0.0,0.0,nan,nan,4.216463414634147,2.920391342875982,nan,0.9179382012643149,0.023099158013714777,0.0,0.0,0.0,0.0,0.0,0.0,0.0,0.0,0.0,0.0,0.0,0.0,0.0,0.0,0.0,0.0,0.0,0.0,0.0,0.0,0.0,0.0,0.0,0.0,0.0,0.40277176266782166,6.249458640103943,15.851017756604595,6.990038977912517,0.5067128627111305,0.9177081204509393,0.023540856857168654,0.0,0.0,0.0,0.0,0.0,0.0,0.0,0.0,0.0,0.0,0.0,0.0,0.0,0.0,0.0,0.0,0.0,0.0,0.0,0.0,0.0,0.0,0.0,0.0,0.0,0.5520646319569121,6.180430879712748,15.65978456014363,7.13644524236984,0.4712746858168762,0.4067,0.01034,0.0,0.0,0.0,0.0,0.0,0.0,0.0,0.0,0.0,0.0,0.0,7.678648765699426,22.24339540926809,0.07795582503248161,0.0,0.0,0.0,0.0,0.0,0.0,0.0,0.0,0.0,0.0,0.0,0.0,0.0,0.0,0.0,0.0,0.4075,0.010155,0.0,0.0,0.0,0.0,0.0,0.0,0.0,0.0,0.0,0.0,0.0,6.961400359066418,22.930879712746865,0.10771992818671457,0.0,0.0,0.0,0.0,0.0,0.0,0.0,0.0,0.0,0.0,0.0,0.0,0.0,0.0,0.0,0.0
31400,4260,2191,0.5143192488262911,1002,861,0.4373239436619718,1144,0.5370892018779343,0.434,2.956984050265829,3.1435120862009844,6.698181818181818,2.1027679514989854,9417.996310172408,1520.8089296570074,7853.0,10918.476319611073,10895.849968660183,6.870529526943121,7853.0,0.0,27.594600938967137,20.991507761001518,32.555804823331464,19.35624343922558,0.13943661971830987,0.1056338028169014,0.10023474178403756,0.08967136150234742,0.07887323943661972,0.06901408450704226,0.06854460093896714,0.06291079812206572,0.054929577464788736,0.0528169014084507,0.0431924882629108,0.038028169014084505,0.035211267605633804,0.026056338028169014,0.016901408450704224,0.011267605633802818,0.00727699530516432,0.9175101775938357,0.02284361924880729,0.0,0.0,0.0,0.0,0.0,0.0,0.0,0.0,0.0,0.0,0.0,0.0,0.0,0.0,0.0,0.0,0.0,0.0,0.0,0.0,0.0,0.0,0.0,0.0,0.0070422535211267625,0.4295774647887325,6.126760563380284,16.09859154929578,6.845070422535213,0.49295774647887336,4.3066318926974665,2.8960275192179723,nan,nan,nan,4.3744427934621095,2.9116868616760594,4.238415545590433,2.878577314399437,0.9689040972086826,0.4065,0.01034,0.0,0.0,0.0,0.0,0.0,0.0,0.0,0.0,0.0,0.0,0.0070422535211267625,8.232394366197171,21.669014084507047,0.09154929577464792,0.0,0.0,0.0,0.0,0.0,0.0,0.0,0.0,0.0,0.0,0.0,0.0,0.0,0.0,0.0,0.0,nan,nan,4.3066318926974665,2.8960275192179723,nan,0.4065,0.04843,0.0,0.0,0.0,0.0,0.0,0.0,0.0,0.0,0.0,0.0,0.0,0.0,0.0,0.0,0.0,0.0,0.0,0.0,0.0,0.0,9.389671361502347e-05,0.0,0.0,0.00036384976525821597,0.00465962441314554,1.1737089201877934e-05,0.0,0.0003051643192488263,0.0014436619718309859,0.0031572769953051643,0.009330985915492957,0.009976525821596244,0.019284037558685446,0.031056338028169015,0.03880281690140845,0.04267605633802817,0.049870892018779346,0.05151408450704225,0.06198356807511737,0.09034037558685445,0.07485915492957747,0.07062206572769954,0.05360328638497652,0.06841549295774647,0.10504694835680752,0.08163145539906104,0.035187793427230045,0.026561032863849764,0.024612676056338028,0.019800469483568076,0.007312206572769953,0.007640845070422535,0.00039906103286384975,0.008309859154929577,0.00010563380281690141,0.0009154929577464789,0.0,0.00010563380281690141,0.0,0.0,0.0,0.0,0.0,0.0,0.0,0.0,0.0,0.0,0.0,0.0,0.0,0.0,0.0,0.0,0.0,0.0,0.0,0.0,0.0,0.0,0.0,0.0,0.0,0.0,0.0,0.0,0.0,0.0,0.0,0.0,0.0,0.0,0.0,0.0,0.0,0.0,0.0,0.0,0.0,0.0,0.0,nan,nan,4.3066318926974665,2.8960275192179723,nan,0.9179821747016385,0.02267520195317936,0.0,0.0,0.0,0.0,0.0,0.0,0.0,0.0,0.0,0.0,0.0,0.0,0.0,0.0,0.0,0.0,0.0,0.0,0.0,0.0,0.0,0.0,0.0,0.0,0.013692377909630309,0.35600182565038807,6.079415791875857,15.787311729803745,7.256960292104064,0.5066179826563214,0.91701034885377,0.023010071508778002,0.0,0.0,0.0,0.0,0.0,0.0,0.0,0.0,0.0,0.0,0.0,0.0,0.0,0.0,0.0,0.0,0.0,0.0,0.0,0.0,0.0,0.0,0.0,0.0,0.0,0.5074915418076367,6.176897051715806,16.428226196230067,6.408893185113583,0.47849202513291456,0.4065,0.01027,0.0,0.0,0.0,0.0,0.0,0.0,0.0,0.0,0.0,0.0,0.013692377909630309,8.283888635326324,21.579187585577365,0.12323140118667278,0.0,0.0,0.0,0.0,0.0,0.0,0.0,0.0,0.0,0.0,0.0,0.0,0.0,0.0,0.0,0.0,0.4065,0.01041,0.0,0.0,0.0,0.0,0.0,0.0,0.0,0.0,0.0,0.0,0.0,8.177863702271617,21.76413726437893,0.05799903334944419,0.0,0.0,0.0,0.0,0.0,0.0,0.0,0.0,0.0,0.0,0.0,0.0,0.0,0.0,0.0,0.0
31500,4746,2368,0.4989464812473662,1086,1011,0.4418457648546144,1367,0.5760640539401601,0.39399999999999996,2.93986543313709,3.062318857651627,6.462536023054755,2.2129192113636287,9371.027513475596,1521.237648245847,7853.0,10923.448931455612,10895.465616112826,7.078535719326572,7853.0,0.0,28.26906868942267,20.896759242427756,33.27478042659975,19.05750470758217,0.13758954909397386,0.09608091024020228,0.09144542772861357,0.08449220396123051,0.07859249894648125,0.07796038769490098,0.07206068268015171,0.06595027391487568,0.055836493889591235,0.056679308891698275,0.046354825115887066,0.042351453855878636,0.03560893383902233,0.022123893805309734,0.01685630004214075,0.013063632532659082,0.00695322376738306,0.9170738022713233,0.022924084695340703,0.0,0.0,0.0,0.0,0.0,0.0,0.0,0.0,0.0,0.0,0.0,0.0,0.0,0.0,0.0,0.0,0.0,0.0,0.0,0.0,0.0,0.0,0.0,0.0,0.006321112515802783,0.3666245259165614,6.649810366624528,15.758533501896336,6.782553729456386,0.436156763590392,4.347545219638243,2.914370155896111,nan,nan,nan,4.353426395939087,2.8196803714014655,4.341447368421052,3.0093919668909552,0.9972483679684562,0.4065,0.01042,0.0,0.0,0.0,0.0,0.0,0.0,0.0,0.0,0.0,0.0,0.0,7.926675094816677,21.959544879898868,0.11378002528445008,0.0,0.0,0.0,0.0,0.0,0.0,0.0,0.0,0.0,0.0,0.0,0.0,0.0,0.0,0.0,0.0,nan,nan,4.347545219638243,2.914370155896111,nan,0.4065,0.04846,0.0,0.0,0.0,0.0,0.0,0.0,0.0,0.0,0.0,0.0,0.0,0.0,0.0,0.0,0.0,0.0,0.0,0.0,0.0,0.0,0.00015802781289506955,0.0,0.0,0.0003687315634218289,0.004256215760640539,1.0535187526337969e-05,4.2140750105351876e-05,0.00042140750105351877,0.0014433206911083018,0.003402865571007164,0.01057732827644332,0.010250737463126844,0.01816266329540666,0.032279814580699534,0.03754740834386852,0.04026548672566372,0.048830594184576484,0.0511378002528445,0.0628213232195533,0.08981247366203118,0.07547408343868521,0.07514749262536873,0.05370838600927096,0.0675621576064054,0.10535187526337969,0.08163716814159291,0.032848714707121786,0.024968394437420986,0.024831436999578592,0.021091445427728613,0.007490518331226296,0.008280657395701644,0.000663716814159292,0.007595870206489675,0.00011588706278971766,0.001369574378423936,0.0,7.374631268436578e-05,0.0,0.0,0.0,0.0,0.0,0.0,0.0,0.0,0.0,0.0,0.0,0.0,0.0,0.0,0.0,0.0,0.0,0.0,0.0,0.0,0.0,0.0,0.0,0.0,0.0,0.0,0.0,0.0,0.0,0.0,0.0,0.0,0.0,0.0,0.0,0.0,0.0,0.0,0.0,0.0,0.0,0.0,0.0,nan,nan,4.347545219638243,2.914370155896111,nan,0.9163882834081715,0.023231514366103632,0.0,0.0,0.0,0.0,0.0,0.0,0.0,0.0,0.0,0.0,0.0,0.0,0.0,0.0,0.0,0.0,0.0,0.0,0.0,0.0,0.0,0.0,0.0,0.0,0.0,0.316722972972973,7.271959459459461,15.202702702702705,6.739864864864867,0.4687500000000001,0.9177564383806353,0.022593135612886867,0.0,0.0,0.0,0.0,0.0,0.0,0.0,0.0,0.0,0.0,0.0,0.0,0.0,0.0,0.0,0.0,0.0,0.0,0.0,0.0,0.0,0.0,0.0,0.0,0.012615643397813292,0.41631623212783864,6.030277544154753,16.312026913372584,6.82506307821699,0.40370058873002534,0.4065,0.01052,0.0,0.0,0.0,0.0,0.0,0.0,0.0,0.0,0.0,0.0,0.0,8.032094594594582,21.87922297297298,0.08868243243243246,0.0,0.0,0.0,0.0,0.0,0.0,0.0,0.0,0.0,0.0,0.0,0.0,0.0,0.0,0.0,0.0,0.4065,0.01032,0.0,0.0,0.0,0.0,0.0,0.0,0.0,0.0,0.0,0.0,0.0,7.821698906644228,22.03952901597982,0.13877207737594618,0.0,0.0,0.0,0.0,0.0,0.0,0.0,0.0,0.0,0.0,0.0,0.0,0.0,0.0,0.0,0.0
31600,4716,2404,0.5097540288379983,1079,1002,0.4412637828668363,1338,0.5674300254452926,0.40599999999999997,2.930363321799308,3.030110463031056,6.413145539906103,2.150419247060805,9403.871579440129,1520.914635010022,7853.0,10918.385561466217,10895.392000266076,6.960404928096037,7853.0,0.0,27.852205258693807,21.062772145539157,32.99135519959319,19.29404795046836,0.14376590330788805,0.10623409669211197,0.08481764206955046,0.08481764206955046,0.08396946564885496,0.07782018659881255,0.06361323155216285,0.06679389312977099,0.05576759966072943,0.053011026293469043,0.04664970313825276,0.03541136556403732,0.03095843935538592,0.025233248515691264,0.019720101781170483,0.01378286683630195,0.007633587786259542,0.9169015952269843,0.02304377685443585,0.0,0.0,0.0,0.0,0.0,0.0,0.0,0.0,0.0,0.0,0.0,0.0,0.0,0.0,0.0,0.0,0.0,0.0,0.0,0.0,0.0,0.0,0.0,0.0,0.0,0.4262086513994912,6.539440203562343,15.807888040712472,6.787531806615777,0.4389312977099238,4.283631544068919,2.8184055787015465,nan,nan,nan,4.302830809743252,2.8590659228087927,4.2641761174116075,2.776459974799645,0.9910164507876732,0.4062,0.01062,0.0,0.0,0.0,0.0,0.0,0.0,0.0,0.0,0.0,0.0,0.006361323155216286,8.174300254452914,21.685750636132322,0.133587786259542,0.0,0.0,0.0,0.0,0.0,0.0,0.0,0.0,0.0,0.0,0.0,0.0,0.0,0.0,0.0,0.0,nan,nan,4.283631544068919,2.8184055787015465,nan,0.4062,0.04865,0.0,0.0,0.0,0.0,0.0,0.0,0.0,0.0,0.0,0.0,0.0,0.0,0.0,0.0,0.0,0.0,0.0,0.0,0.0,0.0,0.00019083969465648855,0.0,1.0602205258693808e-05,0.00044529262086513997,0.0036259541984732823,0.0,5.301102629346904e-05,0.00045589482612383377,0.0022052586938083123,0.003530534351145038,0.012913486005089058,0.011121713316369805,0.01818278201865988,0.03329092451229856,0.03402247667514843,0.041327396098388466,0.046596692111959284,0.050901187446988974,0.06274385072094996,0.09061704834605598,0.07649491094147583,0.07767175572519083,0.052014418999151824,0.06912637828668362,0.10621289228159457,0.0772370653095844,0.03277141645462256,0.025986005089058524,0.024035199321458863,0.02244486853265479,0.007379134860050891,0.007177692960135708,0.0006679389312977099,0.006594571670907549,0.00011662425784563189,0.001611535199321459,0.0,0.00022264631043256999,0.0,0.0,0.0,0.0,0.0,0.0,0.0,0.0,0.0,0.0,0.0,0.0,0.0,0.0,0.0,0.0,0.0,0.0,0.0,0.0,0.0,0.0,0.0,0.0,0.0,0.0,0.0,0.0,0.0,0.0,0.0,0.0,0.0,0.0,0.0,0.0,0.0,0.0,0.0,0.0,0.0,0.0,0.0,nan,nan,4.283631544068919,2.8184055787015465,nan,0.916374620676239,0.022663437880948163,0.0,0.0,0.0,0.0,0.0,0.0,0.0,0.0,0.0,0.0,0.0,0.0,0.0,0.0,0.0,0.0,0.0,0.0,0.0,0.0,0.0,0.0,0.0,0.0,0.0,0.4492512479201332,6.576539101497506,16.023294509151416,6.58901830282862,0.3618968386023295,0.9174495393532782,0.023420133468806614,0.0,0.0,0.0,0.0,0.0,0.0,0.0,0.0,0.0,0.0,0.0,0.0,0.0,0.0,0.0,0.0,0.0,0.0,0.0,0.0,0.0,0.0,0.0,0.0,0.0,0.402249134948097,6.500865051903116,15.583910034602079,6.9939446366782025,0.5190311418685122,0.4062,0.01073,0.0,0.0,0.0,0.0,0.0,0.0,0.0,0.0,0.0,0.0,0.0,8.273710482529106,21.589018302828624,0.1372712146422629,0.0,0.0,0.0,0.0,0.0,0.0,0.0,0.0,0.0,0.0,0.0,0.0,0.0,0.0,0.0,0.0,0.406,0.01051,0.0,0.0,0.0,0.0,0.0,0.0,0.0,0.0,0.0,0.0,0.012975778546712806,8.070934256055352,21.786332179930803,0.12975778546712805,0.0,0.0,0.0,0.0,0.0,0.0,0.0,0.0,0.0,0.0,0.0,0.0,0.0,0.0,0.0,0.0
31700,4829,2473,0.5121143093808241,1179,982,0.44750465934976186,1356,0.5616069579623111,0.414,3.004244482173175,3.1269107947776056,6.533033033033033,2.17264361785363,9411.265824735758,1520.9659549267199,7853.0,10917.34161990881,10895.80859993893,7.009824547478053,7853.0,0.0,27.960654379788775,20.894247645269925,32.77521472392638,19.191281869654233,0.13708842410436944,0.09546489956512735,0.09546489956512735,0.091737419755643,0.08034789811555187,0.07786291157589563,0.07123628080347898,0.06502381445433837,0.059846759163387865,0.04597225098364051,0.04328018223234624,0.03955270242286188,0.03375440049699731,0.025885276454752536,0.018223234624145785,0.010354110581901015,0.008904535100434872,0.9180890253351006,0.023014369051471854,0.0,0.0,0.0,0.0,0.0,0.0,0.0,0.0,0.0,0.0,0.0,0.0,0.0,0.0,0.0,0.0,0.0,0.0,0.0,0.0,0.0,0.0,0.0,0.0,0.0,0.33547318285359295,6.342928142472563,15.78587699316629,6.995237109132327,0.5404845723752331,4.299104286628279,2.9277576799712057,nan,nan,nan,4.315120711562897,2.896093426121452,4.282860824742268,2.9594362553875717,0.9925239897150073,0.4058,0.01046,0.0,0.0,0.0,0.0,0.0,0.0,0.0,0.0,0.0,0.0,0.00621246634914061,8.772002484986528,21.13481051977636,0.08697452888796854,0.0,0.0,0.0,0.0,0.0,0.0,0.0,0.0,0.0,0.0,0.0,0.0,0.0,0.0,0.0,0.0,nan,nan,4.299104286628279,2.9277576799712057,nan,0.4058,0.04886,0.0,0.0,0.0,0.0,0.0,0.0,0.0,0.0,0.0,0.0,0.0,0.0,0.0,0.0,0.0,0.0,0.0,0.0,0.0,0.0,0.0002795609857113274,0.0,0.0,0.00047628908676744665,0.004245185338579416,0.0,5.1770552909505074e-05,0.0003727479809484365,0.002132946779871609,0.0041623524539242075,0.012808034789811556,0.011772623731621454,0.018192172292400083,0.03480016566576931,0.035379995858355766,0.04020501138952164,0.04825015531165873,0.05166701180368606,0.058210809691447506,0.08749223441706358,0.07503623938703666,0.0806171049906813,0.05252640298198385,0.07082211638020294,0.1060468005798302,0.07743839304203769,0.03180782770759992,0.028090702008697455,0.02376268378546283,0.02002484986539656,0.0071443363015117,0.00723752329674881,0.0004969973079312487,0.006388486229032926,0.0,0.0018223234624145787,0.0,0.00023814454338372333,0.0,0.0,0.0,0.0,0.0,0.0,0.0,0.0,0.0,0.0,0.0,0.0,0.0,0.0,0.0,0.0,0.0,0.0,0.0,0.0,0.0,0.0,0.0,0.0,0.0,0.0,0.0,0.0,0.0,0.0,0.0,0.0,0.0,0.0,0.0,0.0,0.0,0.0,0.0,0.0,0.0,0.0,0.0,nan,nan,4.299104286628279,2.9277576799712057,nan,0.9183098584160456,0.0230387994065348,0.0,0.0,0.0,0.0,0.0,0.0,0.0,0.0,0.0,0.0,0.0,0.0,0.0,0.0,0.0,0.0,0.0,0.0,0.0,0.0,0.0,0.0,0.0,0.0,0.0,0.35179943388596857,6.223210675293168,15.86736756975334,6.951071572988274,0.606550748079256,0.9178572255858743,0.02298641543774275,0.0,0.0,0.0,0.0,0.0,0.0,0.0,0.0,0.0,0.0,0.0,0.0,0.0,0.0,0.0,0.0,0.0,0.0,0.0,0.0,0.0,0.0,0.0,0.0,0.0,0.3183361629881155,6.468590831918507,15.700339558573857,7.041595925297115,0.471137521222411,0.406,0.0103,0.0,0.0,0.0,0.0,0.0,0.0,0.0,0.0,0.0,0.0,0.012131014961585123,8.515972503032742,21.38697937727457,0.08491710473109586,0.0,0.0,0.0,0.0,0.0,0.0,0.0,0.0,0.0,0.0,0.0,0.0,0.0,0.0,0.0,0.0,0.4055,0.010635,0.0,0.0,0.0,0.0,0.0,0.0,0.0,0.0,0.0,0.0,0.0,9.040747028862466,20.870118845500855,0.08913412563667235,0.0,0.0,0.0,0.0,0.0,0.0,0.0,0.0,0.0,0.0,0.0,0.0,0.0,0.0,0.0,0.0
31800,4718,2470,0.5235269181856719,1195,907,0.44552776600254346,1269,0.5379398050021196,0.43,3.0604982206405693,3.1622616406870154,6.709428129829985,2.120545148919478,9445.984554528559,1519.7199348140764,7853.0,10926.036917209625,10895.793979054955,6.863204615459263,7853.0,0.0,28.176133955065705,20.816059077854124,33.002008536279185,19.057611717672,0.13565069944891903,0.09495548961424333,0.096015260703688,0.08817295464179738,0.08011869436201781,0.07545570156846121,0.06909707503179313,0.05913522679101314,0.06252649427723611,0.056591776176345907,0.04662992793556592,0.04345061466723188,0.034548537515896566,0.023526918185671895,0.016108520559559136,0.009749894022891056,0.008266214497668503,0.9181515072780729,0.02290383667514414,0.0,0.0,0.0,0.0,0.0,0.0,0.0,0.0,0.0,0.0,0.0,0.0,0.0,0.0,0.0,0.0,0.0,0.0,0.0,0.0,0.0,0.0,0.0,0.0,0.0,0.3688003391267487,6.148791860958035,15.90292496820687,7.026282323018229,0.553200508690123,4.272097625329815,2.945330785562054,nan,nan,nan,4.234113712374582,2.931555935184645,4.309043591411841,2.958199822532637,1.0176967091881046,0.4055,0.01028,0.0,0.0,0.0,0.0,0.0,0.0,0.0,0.0,0.0,0.0,0.0,9.010173802458656,20.907164052564653,0.08266214497668506,0.0,0.0,0.0,0.0,0.0,0.0,0.0,0.0,0.0,0.0,0.0,0.0,0.0,0.0,0.0,0.0,nan,nan,4.272097625329815,2.945330785562054,nan,0.4055,0.04858,0.0,0.0,0.0,0.0,0.0,0.0,0.0,0.0,0.0,0.0,0.0,0.0,0.0,0.0,0.0,0.0,0.0,0.0,0.0,0.0,0.0002543450614667232,0.0,0.0,0.0002543450614667232,0.004080118694362018,1.05977108944468e-05,5.2988554472234e-05,0.0004874947011445528,0.0025328529037727853,0.004398050021195422,0.012664264518863926,0.011933022467147097,0.016807969478592623,0.03810936837643069,0.03462272149215769,0.03916913946587537,0.04675710046629928,0.05278719796523951,0.05839338702840186,0.0865938957185248,0.07505298855447223,0.08277871979652394,0.053984739296312,0.07025222551928784,0.10693090292496821,0.0777871979652395,0.03070156846121238,0.028921153030945317,0.021693514200932597,0.01857778719796524,0.00751377702416278,0.007142857142857143,0.0005828740991945739,0.0063162356930902925,5.2988554472234e-05,0.0015366680796947859,0.0,0.00026494277236117,0.0,0.0,0.0,0.0,0.0,0.0,0.0,0.0,0.0,0.0,0.0,0.0,0.0,0.0,0.0,0.0,0.0,0.0,0.0,0.0,0.0,0.0,0.0,0.0,0.0,0.0,0.0,0.0,0.0,0.0,0.0,0.0,0.0,0.0,0.0,0.0,0.0,0.0,0.0,0.0,0.0,0.0,0.0,nan,nan,4.272097625329815,2.945330785562054,nan,0.918710488394687,0.022739721881464805,0.0,0.0,0.0,0.0,0.0,0.0,0.0,0.0,0.0,0.0,0.0,0.0,0.0,0.0,0.0,0.0,0.0,0.0,0.0,0.0,0.0,0.0,0.0,0.0,0.0,0.21862348178137656,6.19433198380567,15.607287449392716,7.469635627530366,0.5101214574898786,0.9175373242896222,0.023067200271457314,0.0,0.0,0.0,0.0,0.0,0.0,0.0,0.0,0.0,0.0,0.0,0.0,0.0,0.0,0.0,0.0,0.0,0.0,0.0,0.0,0.0,0.0,0.0,0.0,0.0,0.5338078291814947,6.098754448398578,16.22775800711744,6.539145907473311,0.6005338078291816,0.4055,0.01025,0.0,0.0,0.0,0.0,0.0,0.0,0.0,0.0,0.0,0.0,0.0,9.03643724696355,20.878542510121463,0.08502024291497978,0.0,0.0,0.0,0.0,0.0,0.0,0.0,0.0,0.0,0.0,0.0,0.0,0.0,0.0,0.0,0.0,0.4055,0.010315,0.0,0.0,0.0,0.0,0.0,0.0,0.0,0.0,0.0,0.0,0.0,8.981316725978635,20.938612099644132,0.0800711743772242,0.0,0.0,0.0,0.0,0.0,0.0,0.0,0.0,0.0,0.0,0.0,0.0,0.0,0.0,0.0,0.0
31900,4678,2408,0.5147498931167166,1101,966,0.44185549380076955,1327,0.5673364685763147,0.434,3.0687224669603523,3.1726584757948153,6.752336448598131,2.2289589006716426,9419.088887465325,1520.559802489211,7853.0,10921.49215811491,10895.426833705475,7.060578955458226,7853.0,0.0,27.589354424967937,20.859401019992422,32.542485327889764,19.17202097885359,0.1417272338606242,0.10666951688755878,0.0917058572039333,0.08358272766139375,0.0837964942283027,0.08058999572466866,0.06498503634031637,0.0639162035057717,0.05579307396323215,0.050021376656690895,0.04424967935014964,0.03976058144506199,0.032492518170158184,0.02436938862761864,0.01923899102180419,0.010047028644719966,0.00705429670799487,0.9174817653230338,0.023249251453839298,0.0,0.0,0.0,0.0,0.0,0.0,0.0,0.0,0.0,0.0,0.0,0.0,0.0,0.0,0.0,0.0,0.0,0.0,0.0,0.0,0.0,0.0,0.0,0.0,0.0,0.46173578452330066,6.2141941000427545,15.846515604959388,6.996579734929458,0.4809747755451048,4.367360644728006,2.921062868021623,nan,nan,nan,4.329514824797844,2.911065797482683,4.404953145917001,2.9304754409001657,1.0174241974382614,0.4055,0.01049,0.0,0.0,0.0,0.0,0.0,0.0,0.0,0.0,0.0,0.0,0.0,8.83710987601538,21.00256519880291,0.1603249251817016,0.0,0.0,0.0,0.0,0.0,0.0,0.0,0.0,0.0,0.0,0.0,0.0,0.0,0.0,0.0,0.0,nan,nan,4.367360644728006,2.921062868021623,nan,0.4055,0.0487,0.0,0.0,0.0,0.0,0.0,0.0,0.0,0.0,0.0,0.0,0.0,0.0,0.0,0.0,0.0,0.0,0.0,0.0,0.0,0.0,0.00018170158187259512,0.0,0.0,0.00026720820863616933,0.00470286447199658,0.0,0.0003099615220179564,0.000609234715690466,0.0029392902949978623,0.003954681487815305,0.012377084224027363,0.011682342881573321,0.017379221889696452,0.036714407866609663,0.03472637879435656,0.03904446344591706,0.04723172295852929,0.05063061137238136,0.06054938007695596,0.08403163745190252,0.0769452757588713,0.08250320649850364,0.05302479692176144,0.07214621633176571,0.1092774690038478,0.07464728516460026,0.031380932022231724,0.028324070115433947,0.02310816588285592,0.01795639162035058,0.007332193244976486,0.00741769987174006,0.000374091492090637,0.006562633604104318,2.1376656690893544e-05,0.001175716117999145,0.0,0.000470286447199658,0.0,0.0,0.0,0.0,0.0,0.0,0.0,0.0,0.0,0.0,0.0,0.0,0.0,0.0,0.0,0.0,0.0,0.0,0.0,0.0,0.0,0.0,0.0,0.0,0.0,0.0,0.0,0.0,0.0,0.0,0.0,0.0,0.0,0.0,0.0,0.0,0.0,0.0,0.0,0.0,0.0,0.0,0.0,nan,nan,4.367360644728006,2.921062868021623,nan,0.9173964825629,0.023256046149166217,0.0,0.0,0.0,0.0,0.0,0.0,0.0,0.0,0.0,0.0,0.0,0.0,0.0,0.0,0.0,0.0,0.0,0.0,0.0,0.0,0.0,0.0,0.0,0.0,0.0,0.48588039867109645,6.179401993355484,15.934385382059803,6.877076411960134,0.5232558139534884,0.9175722326738719,0.023241699470234023,0.0,0.0,0.0,0.0,0.0,0.0,0.0,0.0,0.0,0.0,0.0,0.0,0.0,0.0,0.0,0.0,0.0,0.0,0.0,0.0,0.0,0.0,0.0,0.0,0.0,0.43612334801762126,6.251101321585905,15.753303964757713,7.123348017621147,0.43612334801762126,0.4055,0.010345,0.0,0.0,0.0,0.0,0.0,0.0,0.0,0.0,0.0,0.0,0.0,8.80813953488371,21.104651162790702,0.08720930232558143,0.0,0.0,0.0,0.0,0.0,0.0,0.0,0.0,0.0,0.0,0.0,0.0,0.0,0.0,0.0,0.0,0.4058,0.01064,0.0,0.0,0.0,0.0,0.0,0.0,0.0,0.0,0.0,0.0,0.0,8.867841409691618,20.89427312775331,0.23788546255506612,0.0,0.0,0.0,0.0,0.0,0.0,0.0,0.0,0.0,0.0,0.0,0.0,0.0,0.0,0.0,0.0
32000,4745,2494,0.5256059009483667,1172,940,0.44510010537407796,1304,0.5496311907270811,0.422,2.9133718347401154,3.039507920654599,6.4245283018867925,2.181748677832568,9452.113896038887,1519.2229710172162,7853.0,10923.141902446747,10895.419982640144,7.248580761313296,7853.0,0.0,28.37323498419389,21.006537197378982,33.14488424197162,19.293880908738416,0.13171759747102213,0.1083245521601686,0.08998946259220232,0.07966280295047419,0.08619599578503688,0.07186512118018967,0.06807165437302423,0.06575342465753424,0.0541622760800843,0.05226554267650158,0.04994731296101159,0.04467860906217071,0.034562697576396205,0.02423603793466807,0.02149631190727081,0.01053740779768177,0.006533192834562698,0.9176101553427533,0.023455395062491814,0.0,0.0,0.0,0.0,0.0,0.0,0.0,0.0,0.0,0.0,0.0,0.0,0.0,0.0,0.0,0.0,0.0,0.0,0.0,0.0,0.0,0.0,0.0,0.0,0.0,0.4805057955742888,6.271865121180191,15.553213909378297,7.188619599578505,0.5057955742887251,4.074651087309316,2.832831938180751,nan,nan,nan,4.108949416342412,2.885593773464459,4.042912873862159,2.7775300970004335,0.9839286066122869,0.4058,0.010666,0.0,0.0,0.0,0.0,0.0,0.0,0.0,0.0,0.0,0.0,0.012644889357218128,8.762908324552148,21.072708113804012,0.15173867228661753,0.0,0.0,0.0,0.0,0.0,0.0,0.0,0.0,0.0,0.0,0.0,0.0,0.0,0.0,0.0,0.0,nan,nan,4.074651087309316,2.832831938180751,nan,0.4058,0.04846,0.0,0.0,0.0,0.0,0.0,0.0,0.0,0.0,0.0,0.0,0.0,0.0,0.0,0.0,0.0,0.0,0.0,0.0,4.214963119072708e-05,0.0,8.429926238145416e-05,0.0,0.0,4.214963119072708e-05,0.005036880927291886,0.0,0.00024236037934668073,0.0006006322444678609,0.0024552160168598526,0.004309799789251844,0.012581664910432033,0.011348788198103267,0.016332982086406742,0.03473129610115912,0.03640674394099051,0.039409905163329824,0.044973656480505796,0.05364594309799789,0.05888303477344573,0.08258166491043203,0.07979978925184404,0.08522655426765016,0.05126448893572181,0.07134878819810327,0.1095995785036881,0.07806111696522655,0.030136986301369864,0.0280927291886196,0.02315068493150685,0.016680716543730243,0.006870389884088514,0.007892518440463646,0.0005690200210748156,0.005648050579557429,0.0,0.001053740779768177,1.053740779768177e-05,0.0008851422550052687,0.0,0.0,0.0,0.0,0.0,0.0,0.0,0.0,0.0,0.0,0.0,0.0,0.0,0.0,0.0,0.0,0.0,0.0,0.0,0.0,0.0,0.0,0.0,0.0,0.0,0.0,0.0,0.0,0.0,0.0,0.0,0.0,0.0,0.0,0.0,0.0,0.0,0.0,0.0,0.0,0.0,0.0,0.0,nan,nan,4.074651087309316,2.832831938180751,nan,0.9169640376650053,0.023566045666778654,0.0,0.0,0.0,0.0,0.0,0.0,0.0,0.0,0.0,0.0,0.0,0.0,0.0,0.0,0.0,0.0,0.0,0.0,0.0,0.0,0.0,0.0,0.0,0.0,0.0,0.5653568564554933,6.363271852445871,15.75781876503609,6.868484362469929,0.4450681635926224,0.9183260227298271,0.023311283468693378,0.0,0.0,0.0,0.0,0.0,0.0,0.0,0.0,0.0,0.0,0.0,0.0,0.0,0.0,0.0,0.0,0.0,0.0,0.0,0.0,0.0,0.0,0.0,0.0,0.0,0.38649489115948477,6.170590848511774,15.326521545979569,7.543314082629944,0.573078631719236,0.4058,0.01068,0.0,0.0,0.0,0.0,0.0,0.0,0.0,0.0,0.0,0.0,0.024057738572574185,8.672814755412977,21.146752205292707,0.1563753007217322,0.0,0.0,0.0,0.0,0.0,0.0,0.0,0.0,0.0,0.0,0.0,0.0,0.0,0.0,0.0,0.0,0.4055,0.01065,0.0,0.0,0.0,0.0,0.0,0.0,0.0,0.0,0.0,0.0,0.0,8.86272767658817,20.990670812972017,0.14660151043980454,0.0,0.0,0.0,0.0,0.0,0.0,0.0,0.0,0.0,0.0,0.0,0.0,0.0,0.0,0.0,0.0
32100,4778,2562,0.5362076182503139,1198,955,0.4506069485140226,1316,0.5508580996232734,0.418,3.0487364620938626,3.1424323500995377,6.686495176848875,2.2367388983729017,9484.329583104758,1517.1881790702173,7853.0,10921.056727051735,10895.346896203955,6.921148816183498,7853.0,0.0,27.916910841356216,21.021884656049753,32.948487121780445,19.289657068082438,0.1406446211804102,0.09669317706153202,0.10025115110925073,0.0849727919631645,0.08099623273336123,0.07262452909167015,0.06969443281707828,0.06236919213059858,0.061741314357471745,0.04813729593972373,0.05127668480535789,0.03599832565927166,0.02888237756383424,0.026161573880284637,0.017789870238593554,0.01297614064462118,0.008790288823775638,0.917156545998113,0.022810096747870302,0.0,0.0,0.0,0.0,0.0,0.0,0.0,0.0,0.0,0.0,0.0,0.0,0.0,0.0,0.0,0.0,0.0,0.0,0.0,0.0,0.0,0.0,0.0,0.0,0.0,0.3767266638760989,6.529928840519047,15.966931770615323,6.674340728338218,0.45207199665131864,4.310894308943089,2.9733113696726288,nan,nan,nan,4.330759330759331,3.0149765280348104,4.2905982905982905,2.9299913223338585,0.9907265592258163,0.4053,0.010475,0.0,0.0,0.0,0.0,0.0,0.0,0.0,0.0,0.0,0.0,0.012557555462536629,9.110506488070309,20.807869401423197,0.06906655504395146,0.0,0.0,0.0,0.0,0.0,0.0,0.0,0.0,0.0,0.0,0.0,0.0,0.0,0.0,0.0,0.0,nan,nan,4.310894308943089,2.9733113696726288,nan,0.4053,0.0482,0.0,0.0,0.0,0.0,0.0,0.0,0.0,0.0,0.0,0.0,0.0,0.0,0.0,0.0,0.0,0.0,0.0,0.0,0.00027208036835496026,0.0,5.2323147760569277e-05,0.0,0.0,7.325240686479699e-05,0.004876517371285057,0.0,0.00044997907074089576,0.0004918375889493512,0.0018417748011720384,0.004740477187107577,0.012002930096274593,0.010307660108832148,0.015519045625784848,0.03601925491837589,0.037829635830891585,0.03756802009208874,0.04474675596483885,0.0551381331100879,0.06114483047300125,0.08837379656760151,0.07876726663876099,0.08152992884051904,0.04923608204269569,0.07355588112180829,0.1124633737965676,0.07658015906236919,0.029583507743825867,0.026538300544160738,0.020604855588112182,0.017277103390539974,0.006310171619924655,0.007806613645876936,0.0005336961071578066,0.006017161992465467,0.0001151109250732524,0.0007534533277521976,0.0,0.00086856425282545,1.0464629552113855e-05,0.0,0.0,0.0,0.0,0.0,0.0,0.0,0.0,0.0,0.0,0.0,0.0,0.0,0.0,0.0,0.0,0.0,0.0,0.0,0.0,0.0,0.0,0.0,0.0,0.0,0.0,0.0,0.0,0.0,0.0,0.0,0.0,0.0,0.0,0.0,0.0,0.0,0.0,0.0,0.0,0.0,0.0,nan,nan,4.310894308943089,2.9733113696726288,nan,0.9172816447314576,0.022592121887173973,0.0,0.0,0.0,0.0,0.0,0.0,0.0,0.0,0.0,0.0,0.0,0.0,0.0,0.0,0.0,0.0,0.0,0.0,0.0,0.0,0.0,0.0,0.0,0.0,0.0,0.3278688524590165,6.323185011709604,16.358313817330213,6.5690866510538655,0.42154566744730687,0.9170119147008077,0.023058691696834433,0.0,0.0,0.0,0.0,0.0,0.0,0.0,0.0,0.0,0.0,0.0,0.0,0.0,0.0,0.0,0.0,0.0,0.0,0.0,0.0,0.0,0.0,0.0,0.0,0.0,0.4332129963898918,6.76895306859206,15.514440433213,6.7960288808664275,0.48736462093862826,0.4053,0.010574,0.0,0.0,0.0,0.0,0.0,0.0,0.0,0.0,0.0,0.0,0.0,9.227166276346592,20.737704918032794,0.035128805620608904,0.0,0.0,0.0,0.0,0.0,0.0,0.0,0.0,0.0,0.0,0.0,0.0,0.0,0.0,0.0,0.0,0.4055,0.01035,0.0,0.0,0.0,0.0,0.0,0.0,0.0,0.0,0.0,0.0,0.027075812274368238,8.975631768953056,20.888989169675092,0.10830324909747295,0.0,0.0,0.0,0.0,0.0,0.0,0.0,0.0,0.0,0.0,0.0,0.0,0.0,0.0,0.0,0.0
32200,4799,2529,0.5269847884976037,1216,931,0.4473848718483017,1289,0.5371952490102104,0.418,3.0123348017621145,3.141988947896019,6.677519379844961,2.0410227072438185,9456.412059131526,1519.098833037904,7853.0,10919.189473569393,10895.615449494739,6.914167860524547,7853.0,0.0,28.178370493852885,20.863807445142744,32.990379871731626,19.118903417488966,0.13398624713481974,0.09668680975203167,0.10002083767451553,0.08689310272973536,0.07751614919774953,0.07876640966868098,0.06522192123359033,0.06418003750781413,0.06438841425296937,0.045217753698687226,0.05105230256303397,0.038758074598874766,0.03146488851844134,0.0302146280475099,0.01833715357366118,0.011669097728693479,0.005626172119191498,0.9180224402220604,0.022802962845633292,0.0,0.0,0.0,0.0,0.0,0.0,0.0,0.0,0.0,0.0,0.0,0.0,0.0,0.0,0.0,0.0,0.0,0.0,0.0,0.0,0.0,0.0,0.0,0.0,0.006251302354657221,0.3500729318608044,6.045009376953534,16.06584705146906,6.970202125442802,0.5626172119191499,4.252821670428894,2.9483234820021966,nan,nan,nan,4.1998714652956295,2.96171370248008,4.306148867313916,2.9338104480059397,1.0253049177567641,0.405,0.01027,0.0,0.0,0.0,0.0,0.0,0.0,0.0,0.0,0.0,0.0,0.006251302354657221,9.30193790372993,20.610543863304862,0.08126693061054388,0.0,0.0,0.0,0.0,0.0,0.0,0.0,0.0,0.0,0.0,0.0,0.0,0.0,0.0,0.0,0.0,nan,nan,4.252821670428894,2.9483234820021966,nan,0.405,0.0482,0.0,0.0,0.0,0.0,0.0,0.0,0.0,0.0,0.0,0.0,0.0,0.0,0.0,0.0,0.0,0.0,0.0,0.0,0.0005626172119191498,0.0,0.00014586372160866847,0.0,0.0,0.00016670139612419253,0.004521775369868723,0.0,0.00044801000208376745,0.00044801000208376745,0.001531569076891019,0.005126067930818921,0.009793707022296311,0.010731402375494895,0.01598249635340696,0.037205667847468225,0.03862262971452386,0.038758074598874766,0.043675765784538446,0.05729318608043343,0.06055428214211294,0.08735153156907689,0.08375703271514899,0.08001667013961242,0.047218170452177535,0.07201500312565118,0.11189831214836424,0.07539070639716608,0.030412585955407377,0.02504688476765993,0.022171285684517608,0.018107939153990414,0.005521983746613878,0.007241091894144613,0.0006459679099812461,0.00563659095644926,0.00032298395499062303,0.0008543446551364868,1.0418837257762033e-05,0.0008126693061054387,0.0,0.0,0.0,0.0,0.0,0.0,0.0,0.0,0.0,0.0,0.0,0.0,0.0,0.0,0.0,0.0,0.0,0.0,0.0,0.0,0.0,0.0,0.0,0.0,0.0,0.0,0.0,0.0,0.0,0.0,0.0,0.0,0.0,0.0,0.0,0.0,0.0,0.0,0.0,0.0,0.0,0.0,0.0,nan,nan,4.252821670428894,2.9483234820021966,nan,0.918548365646127,0.0225440950084592,0.0,0.0,0.0,0.0,0.0,0.0,0.0,0.0,0.0,0.0,0.0,0.0,0.0,0.0,0.0,0.0,0.0,0.0,0.0,0.0,0.0,0.0,0.0,0.0,0.0,0.36773428232502975,5.646500593119812,16.44128113879004,6.986951364175565,0.5575326215895612,0.9174365083289041,0.02307383601314719,0.0,0.0,0.0,0.0,0.0,0.0,0.0,0.0,0.0,0.0,0.0,0.0,0.0,0.0,0.0,0.0,0.0,0.0,0.0,0.0,0.0,0.0,0.0,0.0,0.013215859030837008,0.3303964757709252,6.4889867841409705,15.647577092511016,6.9515418502202655,0.5682819383259913,0.405,0.01049,0.0,0.0,0.0,0.0,0.0,0.0,0.0,0.0,0.0,0.0,0.0,9.667852906287056,20.225385527876636,0.10676156583629895,0.0,0.0,0.0,0.0,0.0,0.0,0.0,0.0,0.0,0.0,0.0,0.0,0.0,0.0,0.0,0.0,0.4053,0.010025,0.0,0.0,0.0,0.0,0.0,0.0,0.0,0.0,0.0,0.0,0.013215859030837008,8.89427312775329,21.039647577092513,0.05286343612334803,0.0,0.0,0.0,0.0,0.0,0.0,0.0,0.0,0.0,0.0,0.0,0.0,0.0,0.0,0.0,0.0
32300,4812,2532,0.5261845386533666,1180,968,0.4463840399002494,1317,0.5473815461346634,0.422,2.9153508771929824,3.1408920623066043,6.734860883797054,2.2514034405244012,9453.979216211343,1519.230217157265,7853.0,10918.716233491898,10895.619268723927,6.850207969696032,7853.0,0.0,27.606400665004156,20.68775164018357,32.455871446229914,18.999768218306183,0.13944305901911888,0.10307564422277639,0.09746467165419784,0.08873649210307565,0.07689110556940981,0.07543640897755612,0.06650041562759768,0.06359102244389027,0.05964256026600166,0.0529925187032419,0.04551122194513716,0.040939318370739816,0.03428927680798005,0.02369077306733167,0.016417290108063174,0.008728179551122194,0.006650041562759767,0.9180829764923649,0.022951906977858347,0.0,0.0,0.0,0.0,0.0,0.0,0.0,0.0,0.0,0.0,0.0,0.0,0.0,0.0,0.0,0.0,0.0,0.0,0.0,0.0,0.0,0.0,0.0,0.0,0.0,0.3054862842892769,6.128428927680799,16.05985037406484,6.938902743142146,0.5673316708229428,4.226814188089815,2.9517714907464083,nan,nan,nan,4.233311730395334,2.968838787142637,4.220261437908497,2.934444073952252,0.996917238011759,0.4055,0.0103,0.0,0.0,0.0,0.0,0.0,0.0,0.0,0.0,0.0,0.0,0.0,9.09600997506233,20.79177057356609,0.11221945137157109,0.0,0.0,0.0,0.0,0.0,0.0,0.0,0.0,0.0,0.0,0.0,0.0,0.0,0.0,0.0,0.0,nan,nan,4.226814188089815,2.9517714907464083,nan,0.4055,0.04794,0.0,0.0,0.0,0.0,0.0,0.0,0.0,0.0,0.0,0.0,0.0,0.0,0.0,0.0,0.0,0.0,0.0,0.0,0.00044679966749792185,0.0,2.0781379883624272e-05,1.0390689941812136e-05,0.0,0.000228595178719867,0.004000415627597673,0.0,0.00013507896924355777,0.00023898586866167914,0.001288445552784705,0.004800498753117207,0.00987115544472153,0.011211554447215295,0.015741895261845388,0.03711554447215295,0.03940149625935162,0.03907938487115545,0.04156275976724855,0.057138403990024934,0.061845386533665836,0.08998337489609311,0.08249168744804655,0.07907315045719036,0.04505403158769742,0.07231920199501247,0.11125311720698254,0.07868869492934331,0.029935577722360766,0.025072734829592686,0.021716541978387367,0.018349958437240233,0.0059954280964256024,0.00778262676641729,0.0006442227763923525,0.0057772236076475475,0.00018703241895261845,0.0007377389858686617,1.0390689941812136e-05,0.0007896924355777224,0.0,0.0,0.0,0.0,0.0,0.0,0.0,0.0,0.0,0.0,0.0,0.0,0.0,0.0,0.0,0.0,0.0,0.0,0.0,0.0,0.0,0.0,0.0,0.0,0.0,0.0,0.0,0.0,0.0,0.0,0.0,0.0,0.0,0.0,0.0,0.0,0.0,0.0,0.0,0.0,0.0,0.0,0.0,nan,nan,4.226814188089815,2.9517714907464083,nan,0.9181290554915559,0.022515659202838652,0.0,0.0,0.0,0.0,0.0,0.0,0.0,0.0,0.0,0.0,0.0,0.0,0.0,0.0,0.0,0.0,0.0,0.0,0.0,0.0,0.0,0.0,0.0,0.0,0.0,0.2369668246445498,6.113744075829385,16.279620853080573,6.872037914691944,0.4976303317535546,0.9180318045511581,0.02342674721821213,0.0,0.0,0.0,0.0,0.0,0.0,0.0,0.0,0.0,0.0,0.0,0.0,0.0,0.0,0.0,0.0,0.0,0.0,0.0,0.0,0.0,0.0,0.0,0.0,0.0,0.38157894736842113,6.144736842105265,15.815789473684214,7.013157894736843,0.6447368421052633,0.4055,0.01032,0.0,0.0,0.0,0.0,0.0,0.0,0.0,0.0,0.0,0.0,0.0,9.2298578199052,20.663507109004744,0.10663507109004741,0.0,0.0,0.0,0.0,0.0,0.0,0.0,0.0,0.0,0.0,0.0,0.0,0.0,0.0,0.0,0.0,0.4055,0.01028,0.0,0.0,0.0,0.0,0.0,0.0,0.0,0.0,0.0,0.0,0.0,8.94736842105262,20.93421052631579,0.11842105263157897,0.0,0.0,0.0,0.0,0.0,0.0,0.0,0.0,0.0,0.0,0.0,0.0,0.0,0.0,0.0,0.0
32400,4886,2492,0.5100286532951289,1217,979,0.449447400736799,1365,0.5587392550143266,0.414,2.982456140350877,3.093857819342259,6.542735042735043,2.14177614496795,9404.702274574713,1520.8930815253923,7853.0,10918.840111672878,10895.382549587499,6.829964856941834,7853.0,0.0,28.45497339336881,21.018974694442065,33.296125907990316,19.251759065658433,0.1361031518624642,0.09414654113794516,0.09025787965616046,0.0869832173557102,0.0830945558739255,0.07347523536635285,0.07715923045435939,0.06099058534588621,0.05730659025787966,0.05116659844453541,0.04564060581252558,0.04707327056897258,0.03029062627916496,0.025173966434711422,0.022103970528039297,0.011461318051575931,0.00757265656979124,0.9177313199479512,0.023173154240283933,0.0,0.0,0.0,0.0,0.0,0.0,0.0,0.0,0.0,0.0,0.0,0.0,0.0,0.0,0.0,0.0,0.0,0.0,0.0,0.0,0.0,0.0,0.0,0.0,0.0,0.43593941874744174,6.127711829717562,15.896438804748263,6.9320507572656584,0.6078591895210808,4.169014084507042,2.8762005668758723,nan,nan,nan,4.209113607990012,2.895705518567843,4.128688010043942,2.8558833403076798,0.9808925095788811,0.4053,0.010124,0.0,0.0,0.0,0.0,0.0,0.0,0.0,0.0,0.0,0.0,0.012279983626688501,9.068767908309443,20.869832173557107,0.049119934506754004,0.0,0.0,0.0,0.0,0.0,0.0,0.0,0.0,0.0,0.0,0.0,0.0,0.0,0.0,0.0,0.0,nan,nan,4.169014084507042,2.8762005668758723,nan,0.4053,0.04788,0.0,0.0,0.0,0.0,0.0,0.0,0.0,0.0,0.0,0.0,0.0,0.0,0.0,0.0,0.0,0.0,0.0,0.0,0.0006037658616455178,0.0,1.0233319688907081e-05,6.139991813344248e-05,0.0,6.139991813344248e-05,0.004001227998362669,0.0,4.0933278755628324e-05,0.00028653295128939826,0.0012484650020466639,0.003632828489562014,0.010151453131395824,0.012003683995088006,0.017058943921408106,0.035478919361440854,0.03849774866966844,0.03943921408104789,0.044310274252967664,0.05653909128121162,0.06557511256651657,0.08567335243553009,0.08681948424068768,0.07665779778960295,0.04576340564879247,0.07230863692181744,0.10818665575112567,0.07936962750716332,0.029707327056897256,0.024252967662709783,0.022431436758084324,0.01749897666803111,0.005505525992632009,0.008115022513303316,0.0008186655751125665,0.0066721244371674175,0.00023536635284486287,0.0004911993450675399,0.0,0.0004911993450675399,0.0,0.0,0.0,0.0,0.0,0.0,0.0,0.0,0.0,0.0,0.0,0.0,0.0,0.0,0.0,0.0,0.0,0.0,0.0,0.0,0.0,0.0,0.0,0.0,0.0,0.0,0.0,0.0,0.0,0.0,0.0,0.0,0.0,0.0,0.0,0.0,0.0,0.0,0.0,0.0,0.0,0.0,0.0,nan,nan,4.169014084507042,2.8762005668758723,nan,0.9174546642919604,0.022830249646010672,0.0,0.0,0.0,0.0,0.0,0.0,0.0,0.0,0.0,0.0,0.0,0.0,0.0,0.0,0.0,0.0,0.0,0.0,0.0,0.0,0.0,0.0,0.0,0.0,0.0,0.36115569823435,6.404494382022474,15.926966292134834,6.753611556982345,0.5537720706260033,0.918019300689275,0.023521330803103643,0.0,0.0,0.0,0.0,0.0,0.0,0.0,0.0,0.0,0.0,0.0,0.0,0.0,0.0,0.0,0.0,0.0,0.0,0.0,0.0,0.0,0.0,0.0,0.0,0.0,0.5137844611528823,5.839598997493736,15.864661654135341,7.117794486215541,0.6641604010025065,0.4053,0.01014,0.0,0.0,0.0,0.0,0.0,0.0,0.0,0.0,0.0,0.0,0.0,9.125200642054562,20.826645264847517,0.04815409309791333,0.0,0.0,0.0,0.0,0.0,0.0,0.0,0.0,0.0,0.0,0.0,0.0,0.0,0.0,0.0,0.0,0.4053,0.01012,0.0,0.0,0.0,0.0,0.0,0.0,0.0,0.0,0.0,0.0,0.025062656641604016,9.010025062656627,20.914786967418554,0.05012531328320803,0.0,0.0,0.0,0.0,0.0,0.0,0.0,0.0,0.0,0.0,0.0,0.0,0.0,0.0,0.0,0.0
32500,4834,2539,0.525237898220935,1233,964,0.45448903599503515,1360,0.5626810095159288,0.38599999999999995,2.9668845315904138,3.093001674270064,6.534226190476191,2.13014531055418,9451.156503136499,1519.4334221462252,7853.0,10922.832462906837,10895.72884449068,6.932506641937391,7853.0,0.0,28.61936284650393,21.019917006776605,33.46074834922964,19.226736284179054,0.13239553165080678,0.09846917666528755,0.08502275548200249,0.0891601158460902,0.0819197352089367,0.07695490277203144,0.06847331402565164,0.06309474555233761,0.059371121224658666,0.05833678113363674,0.04509722796855606,0.04447662391394291,0.03247827885808854,0.025031030202730658,0.01779064956557716,0.014273893256102607,0.0076541166735622675,0.9179182878865355,0.022475716874740672,0.0,0.0,0.0,0.0,0.0,0.0,0.0,0.0,0.0,0.0,0.0,0.0,0.0,0.0,0.0,0.0,0.0,0.0,0.0,0.0,0.0,0.0,0.0,0.0,0.006206040546131569,0.3289201489449732,5.870914356640465,16.383947041787344,6.9197352089367,0.490277203144394,4.155333749220212,2.9148149017893363,nan,nan,nan,4.069418386491558,2.870925021833166,4.240821406347231,2.955361966543879,1.0421197831180609,0.4055,0.01038,0.0,0.0,0.0,0.0,0.0,0.0,0.0,0.0,0.0,0.0,0.0,8.930492345883312,20.95159288374018,0.11791477037649982,0.0,0.0,0.0,0.0,0.0,0.0,0.0,0.0,0.0,0.0,0.0,0.0,0.0,0.0,0.0,0.0,nan,nan,4.155333749220212,2.9148149017893363,nan,0.4055,0.04807,0.0,0.0,0.0,0.0,0.0,0.0,0.0,0.0,0.0,0.0,0.0,0.0,0.0,0.0,0.0,0.0,0.0,0.0,0.0006723210591642532,0.0,0.0,9.309060819197353e-05,0.0,2.068680182043856e-05,0.003847745138601572,0.0,0.0,0.0001551510136532892,0.000992966487381051,0.00387877534133223,0.009877947869259412,0.013198179561439802,0.0172217625155151,0.03725693007860985,0.03837401737691353,0.03859122879602814,0.043152668597434836,0.05486139842780306,0.06654944145635085,0.0824575920562681,0.0862639635912288,0.0750517170045511,0.04723831195697145,0.0708109226313612,0.10899875879189078,0.08216797683078196,0.03150599917252793,0.024762101779064957,0.022600330988829128,0.017035581299131155,0.0058543649151841124,0.0067542407943731895,0.0006412908564335954,0.007923045097227969,0.00013446421183285065,0.0005275134464211833,0.0,0.0005275134464211833,0.0,0.0,0.0,0.0,0.0,0.0,0.0,0.0,0.0,0.0,0.0,0.0,0.0,0.0,0.0,0.0,0.0,0.0,0.0,0.0,0.0,0.0,0.0,0.0,0.0,0.0,0.0,0.0,0.0,0.0,0.0,0.0,0.0,0.0,0.0,0.0,0.0,0.0,0.0,0.0,0.0,0.0,0.0,nan,nan,4.155333749220212,2.9148149017893363,nan,0.9183627285089677,0.022540632640422276,0.0,0.0,0.0,0.0,0.0,0.0,0.0,0.0,0.0,0.0,0.0,0.0,0.0,0.0,0.0,0.0,0.0,0.0,0.0,0.0,0.0,0.0,0.0,0.0,0.0,0.4135486411973219,5.730602599448603,16.27018511224892,7.113036628593936,0.47262701851122496,0.917426595189213,0.02239340523660857,0.0,0.0,0.0,0.0,0.0,0.0,0.0,0.0,0.0,0.0,0.0,0.0,0.0,0.0,0.0,0.0,0.0,0.0,0.0,0.0,0.0,0.0,0.0,0.0,0.013071895424836605,0.23529411764705888,6.026143790849675,16.50980392156863,6.705882352941178,0.5098039215686275,0.4055,0.01032,0.0,0.0,0.0,0.0,0.0,0.0,0.0,0.0,0.0,0.0,0.0,8.956282000787699,20.91374556912171,0.12997243009058687,0.0,0.0,0.0,0.0,0.0,0.0,0.0,0.0,0.0,0.0,0.0,0.0,0.0,0.0,0.0,0.0,0.4055,0.01044,0.0,0.0,0.0,0.0,0.0,0.0,0.0,0.0,0.0,0.0,0.0,8.901960784313713,20.993464052287585,0.10457516339869284,0.0,0.0,0.0,0.0,0.0,0.0,0.0,0.0,0.0,0.0,0.0,0.0,0.0,0.0,0.0,0.0
32600,4638,2423,0.5224234583872359,1134,928,0.44458818456231136,1287,0.5549805950840879,0.422,3.023476297968397,3.137106201488187,6.605055292259084,2.129037869115437,9442.687446695674,1519.932472615043,7853.0,10919.886546313763,10895.909772090192,6.977352073916201,7853.0,0.0,28.02436394997844,20.927719335449964,32.974326059050064,19.182211436265586,0.13820612332902113,0.1006899525657611,0.09465286761535144,0.0858128503665373,0.0838723587753342,0.07567917205692108,0.06295817162570073,0.05907718844329452,0.061233290211297975,0.05390254420008624,0.04851228978007762,0.040965933592065545,0.02824493316084519,0.032125916343251404,0.018542475204829666,0.009702457956015523,0.005821474773609315,0.9186591447530609,0.022755961356466837,0.0,0.0,0.0,0.0,0.0,0.0,0.0,0.0,0.0,0.0,0.0,0.0,0.0,0.0,0.0,0.0,0.0,0.0,0.0,0.0,0.0,0.0,0.0,0.0,0.0,0.28460543337645544,5.957309184993533,16.112548512289784,7.102199223803365,0.5433376455368695,4.324723247232472,2.9465590036490976,nan,nan,nan,4.299003322259137,2.956770315899705,4.350948509485095,2.93587850040911,1.0120830767813087,0.4055,0.01034,0.0,0.0,0.0,0.0,0.0,0.0,0.0,0.0,0.0,0.0,0.0064683053040103505,8.855109961190156,21.05433376455369,0.08408796895213456,0.0,0.0,0.0,0.0,0.0,0.0,0.0,0.0,0.0,0.0,0.0,0.0,0.0,0.0,0.0,0.0,nan,nan,4.324723247232472,2.9465590036490976,nan,0.4055,0.04843,0.0,0.0,0.0,0.0,0.0,0.0,0.0,0.0,0.0,0.0,0.0,0.0,0.0,0.0,0.0,0.0,0.0,0.0,0.0005929279862009486,0.0,0.0,9.702457956015524e-05,0.0,6.46830530401035e-05,0.0036545924967658476,0.0,2.15610176800345e-05,0.000129366106080207,0.00117507546356188,0.00321259163432514,0.011567485985338508,0.014704614057783527,0.016364812419146182,0.03863734368262182,0.03733290211297973,0.038216903837861145,0.04463130659767141,0.05459249676584735,0.06426261319534282,0.08032557136696852,0.08641655886157827,0.07622897800776196,0.04710004312203536,0.07198145752479516,0.10755713669685209,0.08100474342388961,0.0316839154808107,0.024245364381198793,0.024202242345838725,0.016817593790426907,0.006177231565329884,0.00646830530401035,0.0009163432514014662,0.008160845191893057,0.00018326865028029323,0.00038809831824062095,6.46830530401035e-05,0.0008193186718413109,0.0,0.0,0.0,0.0,0.0,0.0,0.0,0.0,0.0,0.0,0.0,0.0,0.0,0.0,0.0,0.0,0.0,0.0,0.0,0.0,0.0,0.0,0.0,0.0,0.0,0.0,0.0,0.0,0.0,0.0,0.0,0.0,0.0,0.0,0.0,0.0,0.0,0.0,0.0,0.0,0.0,0.0,0.0,nan,nan,4.324723247232472,2.9465590036490976,nan,0.918803756240966,0.022687782278945735,0.0,0.0,0.0,0.0,0.0,0.0,0.0,0.0,0.0,0.0,0.0,0.0,0.0,0.0,0.0,0.0,0.0,0.0,0.0,0.0,0.0,0.0,0.0,0.0,0.0,0.2847709451093686,5.843995047461826,16.23194387123401,7.032604209657451,0.6066859265373505,0.918500953495637,0.022829260536903845,0.0,0.0,0.0,0.0,0.0,0.0,0.0,0.0,0.0,0.0,0.0,0.0,0.0,0.0,0.0,0.0,0.0,0.0,0.0,0.0,0.0,0.0,0.0,0.0,0.0,0.2844243792325057,6.081264108352146,15.981941309255083,7.178329571106096,0.4740406320541762,0.4058,0.01048,0.0,0.0,0.0,0.0,0.0,0.0,0.0,0.0,0.0,0.0,0.0,8.852661989269487,21.02352455633513,0.12381345439537765,0.0,0.0,0.0,0.0,0.0,0.0,0.0,0.0,0.0,0.0,0.0,0.0,0.0,0.0,0.0,0.0,0.4053,0.01018,0.0,0.0,0.0,0.0,0.0,0.0,0.0,0.0,0.0,0.0,0.013544018058690748,8.857787810383734,21.088036117381492,0.04063205417607224,0.0,0.0,0.0,0.0,0.0,0.0,0.0,0.0,0.0,0.0,0.0,0.0,0.0,0.0,0.0,0.0
32700,4817,2497,0.5183724309736351,1145,986,0.442391529997924,1372,0.5696491592277351,0.40599999999999997,2.9948275862068967,3.1410750638086284,6.700775193798449,2.159259711069923,9430.34595527617,1520.4216212928993,7853.0,10918.451042056084,10895.881644599644,6.960531833524517,7853.0,0.0,27.77018891426199,20.836944198685913,32.71534653465346,19.117359332559786,0.1413742993564459,0.10026987751712685,0.09300394436371186,0.08864438447166285,0.08034046086776002,0.0768112933361013,0.06767697737180818,0.06207182893917376,0.057504670957027194,0.05563628814614906,0.04401079510068508,0.03778285239775794,0.03363089059580652,0.0280257421631721,0.01847623001868383,0.008511521694000415,0.006227942702927133,0.9192424691735597,0.02286030016698273,0.0,0.0,0.0,0.0,0.0,0.0,0.0,0.0,0.0,0.0,0.0,0.0,0.0,0.0,0.0,0.0,0.0,0.0,0.0,0.0,0.0,0.0,0.0,0.0,0.0,0.23043388000830398,5.929001453186633,15.738011210296868,7.6292298110857395,0.4733236454224622,4.321219987021415,2.899461350591169,nan,nan,nan,4.391585760517799,2.9140981513197857,4.251953125,2.8833093395962104,0.9682045067243921,0.4053,0.010414,0.0,0.0,0.0,0.0,0.0,0.0,0.0,0.0,0.0,0.0,0.0,9.242266971143852,20.68922565912394,0.06850736973219848,0.0,0.0,0.0,0.0,0.0,0.0,0.0,0.0,0.0,0.0,0.0,0.0,0.0,0.0,0.0,0.0,nan,nan,4.321219987021415,2.899461350591169,nan,0.4053,0.04907,0.0,0.0,0.0,0.0,0.0,0.0,0.0,0.0,0.0,0.0,0.0,0.0,0.0,0.0,0.0,0.0,0.0,0.0,0.0005189952252439277,0.0,0.0,9.341914054390699e-05,0.0,0.0,0.004504878555117293,0.0,2.075980900975711e-05,0.00018683828108781398,0.001608885198256176,0.003425368486609923,0.0133589370977787,0.015870873987959312,0.015580236661822712,0.037554494498650615,0.03663068299771642,0.03597674901390907,0.047716421008926715,0.05553248910110027,0.06458376582935436,0.07781814407307452,0.08541623417064563,0.07813992111272576,0.04643969275482666,0.07088436786381565,0.10328004982354162,0.08284201785343574,0.03143035084077227,0.024455055013493876,0.02449657463151339,0.016867344820427652,0.0066223790741125185,0.0072451733444052315,0.0006850736973219847,0.00855304131201993,0.00041519618019514223,0.00015569856757317833,0.00014531866306829978,0.0009445713099439485,0.0,0.0,0.0,0.0,0.0,0.0,0.0,0.0,0.0,0.0,0.0,0.0,0.0,0.0,0.0,0.0,0.0,0.0,0.0,0.0,0.0,0.0,0.0,0.0,0.0,0.0,0.0,0.0,0.0,0.0,0.0,0.0,0.0,0.0,0.0,0.0,0.0,0.0,0.0,0.0,0.0,0.0,0.0,nan,nan,4.321219987021415,2.899461350591169,nan,0.9192661337485827,0.022691389708663082,0.0,0.0,0.0,0.0,0.0,0.0,0.0,0.0,0.0,0.0,0.0,0.0,0.0,0.0,0.0,0.0,0.0,0.0,0.0,0.0,0.0,0.0,0.0,0.0,0.0,0.19223067681217465,5.887064477372848,15.786944333199843,7.641169403283942,0.49259110933119754,0.9192169991546664,0.023040686625650127,0.0,0.0,0.0,0.0,0.0,0.0,0.0,0.0,0.0,0.0,0.0,0.0,0.0,0.0,0.0,0.0,0.0,0.0,0.0,0.0,0.0,0.0,0.0,0.0,0.0,0.2715517241379311,5.974137931034484,15.68534482758621,7.616379310344829,0.4525862068965518,0.4053,0.01024,0.0,0.0,0.0,0.0,0.0,0.0,0.0,0.0,0.0,0.0,0.0,9.227072486984369,20.748898678414104,0.02402883460152183,0.0,0.0,0.0,0.0,0.0,0.0,0.0,0.0,0.0,0.0,0.0,0.0,0.0,0.0,0.0,0.0,0.4055,0.0106,0.0,0.0,0.0,0.0,0.0,0.0,0.0,0.0,0.0,0.0,0.0,9.258620689655158,20.625000000000004,0.11637931034482761,0.0,0.0,0.0,0.0,0.0,0.0,0.0,0.0,0.0,0.0,0.0,0.0,0.0,0.0,0.0,0.0
32800,4813,2523,0.5242052773737793,1163,980,0.4452524413047995,1339,0.5564097236650738,0.41,2.978602620087336,3.0602359934389023,6.4671875,2.1677000114969207,9448.023600950004,1519.5976585566304,7853.0,10917.70174664259,10895.746171768677,6.957596471830375,7853.0,0.0,27.89694577186786,20.85436169346785,32.92975924547034,19.063538401040596,0.14232287554539788,0.10014543943486391,0.09162684396426345,0.08435487222106794,0.07729067109910659,0.07936837731144816,0.06773322252233534,0.0664865987949304,0.05838354456679826,0.05235819655100769,0.046332848535217123,0.03926864741325577,0.03448992312487014,0.02576355703303553,0.01724496156243507,0.00997298981923956,0.006856430500727197,0.9192567599208593,0.022784169485305174,0.0,0.0,0.0,0.0,0.0,0.0,0.0,0.0,0.0,0.0,0.0,0.0,0.0,0.0,0.0,0.0,0.0,0.0,0.0,0.0,0.0,0.0,0.0,0.0,0.0062331186370247265,0.3241221691252858,5.640972366507377,16.087679202160817,7.417411178059424,0.523581965510077,4.287795403043056,2.844585019337924,nan,nan,nan,4.34070796460177,2.860357055045966,4.232249502322495,2.8268680423964225,0.9750136468143566,0.4048,0.010765,0.0,0.0,0.0,0.0,0.0,0.0,0.0,0.0,0.0,0.0,0.0,9.960523581965495,19.939746519842096,0.09972989819239562,0.0,0.0,0.0,0.0,0.0,0.0,0.0,0.0,0.0,0.0,0.0,0.0,0.0,0.0,0.0,0.0,nan,nan,4.287795403043056,2.844585019337924,nan,0.4048,0.0491,0.0,0.0,0.0,0.0,0.0,0.0,0.0,0.0,0.0,0.0,0.0,0.0,0.0,0.0,0.0,0.0,0.0,0.0,0.0005194265530853937,0.0,0.0,0.00020777062123415748,0.0,0.0,0.003989195927695824,0.0,4.15541242468315e-05,0.00015582796592561812,0.0020361520880947436,0.0038437564928319136,0.014876376480365676,0.0149075420735508,0.014533554955329316,0.03954913775192188,0.035539164762102636,0.038728443798046956,0.04765219198005402,0.05532931643465614,0.0651776438811552,0.07912944109702888,0.08934136713068772,0.07800747974236442,0.04741325576563474,0.06955121545813422,0.09932474548098899,0.07771660087263661,0.03282775815499688,0.024672761271556203,0.02404944940785373,0.014793268231872013,0.006472054851444006,0.00816538541450239,0.0008310824849366299,0.009225015582796592,0.0005090380220236859,7.271971743195512e-05,5.194265530853937e-05,0.0007271971743195513,3.1165593185123624e-05,0.0,0.0,0.0,0.0,0.0,0.0,0.0,0.0,0.0,0.0,0.0,0.0,0.0,0.0,0.0,0.0,0.0,0.0,0.0,0.0,0.0,0.0,0.0,0.0,0.0,0.0,0.0,0.0,0.0,0.0,0.0,0.0,0.0,0.0,0.0,0.0,0.0,0.0,0.0,0.0,0.0,0.0,nan,nan,4.287795403043056,2.844585019337924,nan,0.9191037363539222,0.022699037780685726,0.0,0.0,0.0,0.0,0.0,0.0,0.0,0.0,0.0,0.0,0.0,0.0,0.0,0.0,0.0,0.0,0.0,0.0,0.0,0.0,0.0,0.0,0.0,0.0,0.01189060642092747,0.3210463733650417,5.624256837098693,16.242568370986923,7.300832342449467,0.4994054696789537,0.9194253531345634,0.022876411200622542,0.0,0.0,0.0,0.0,0.0,0.0,0.0,0.0,0.0,0.0,0.0,0.0,0.0,0.0,0.0,0.0,0.0,0.0,0.0,0.0,0.0,0.0,0.0,0.0,0.0,0.3275109170305677,5.659388646288211,15.917030567685593,7.545851528384281,0.5502183406113538,0.4048,0.010635,0.0,0.0,0.0,0.0,0.0,0.0,0.0,0.0,0.0,0.0,0.0,9.797859690844218,20.107015457788354,0.09512485136741976,0.0,0.0,0.0,0.0,0.0,0.0,0.0,0.0,0.0,0.0,0.0,0.0,0.0,0.0,0.0,0.0,0.4045,0.0109,0.0,0.0,0.0,0.0,0.0,0.0,0.0,0.0,0.0,0.0,0.0,10.139737991266362,19.755458515283845,0.10480349344978168,0.0,0.0,0.0,0.0,0.0,0.0,0.0,0.0,0.0,0.0,0.0,0.0,0.0,0.0,0.0,0.0
32900,4839,2509,0.5184955569332507,1185,1005,0.45257284562926225,1373,0.5674726183095681,0.41,2.982403433476395,3.099375441776443,6.6801872074882995,2.1069080263295823,9430.757510243971,1520.4434293723796,7853.0,10924.781674444675,10895.952806724024,6.990714771288741,7853.0,0.0,27.725356478611282,20.754103107000365,32.75481957488878,18.977943209870926,0.1415581731762761,0.10043397396156231,0.09113453192808431,0.09072122339326306,0.07708204174416201,0.0797685472205001,0.07005579665220087,0.06426947716470345,0.05600330646827857,0.05497003513122546,0.04009092787766067,0.039264310808018184,0.03389129985534201,0.02831163463525522,0.015912378590617896,0.010746021905352345,0.005786319487497416,0.9202249987752606,0.02299653483192539,0.0,0.0,0.0,0.0,0.0,0.0,0.0,0.0,0.0,0.0,0.0,0.0,0.0,0.0,0.0,0.0,0.0,0.0,0.0,0.0,0.0,0.0,0.0,0.0,0.0,0.2789832610043398,5.523868567885929,15.57346559206448,7.991320520768755,0.6323620582765035,4.334401024983984,2.8940773939507975,nan,nan,nan,4.390885750962773,2.909520314083401,4.278132992327365,2.877509151744686,0.9743211814129565,0.4048,0.010605,0.0,0.0,0.0,0.0,0.0,0.0,0.0,0.0,0.0,0.0,0.006199628022318662,9.857408555486657,20.018598884066957,0.11779293242405459,0.0,0.0,0.0,0.0,0.0,0.0,0.0,0.0,0.0,0.0,0.0,0.0,0.0,0.0,0.0,0.0,nan,nan,4.334401024983984,2.8940773939507975,nan,0.4048,0.04962,0.0,0.0,0.0,0.0,0.0,0.0,0.0,0.0,0.0,0.0,0.0,0.0,0.0,0.0,0.0,0.0,0.0,0.0,0.0006509609423434594,0.0,2.0665426741062202e-05,0.00033064682785699523,4.1330853482124403e-05,0.0,0.004897706137631742,2.0665426741062202e-05,5.166356685265551e-05,0.00010332713370531102,0.002769167183302335,0.004308741475511469,0.013236205827650342,0.015881380450506303,0.015127092374457533,0.03770407108906799,0.034118619549493696,0.039646621202727834,0.04836743128745609,0.05383343666046704,0.06566439346972515,0.07964455466005373,0.08628848935730522,0.07734035957842529,0.049070055796652204,0.07074808844802645,0.09659020458772474,0.07776400082661707,0.03520355445339946,0.023393263070882412,0.024674519528828272,0.016356685265550733,0.0063339532961355655,0.008390163256871254,0.0009402769167183302,0.009330440173589584,0.00026865054763380863,5.166356685265551e-05,0.0,0.0008369497830130192,0.0,0.0,0.0,0.0,0.0,0.0,0.0,0.0,0.0,0.0,0.0,0.0,0.0,0.0,0.0,0.0,0.0,0.0,0.0,0.0,0.0,0.0,0.0,0.0,0.0,0.0,0.0,0.0,0.0,0.0,0.0,0.0,0.0,0.0,0.0,0.0,0.0,0.0,0.0,0.0,0.0,0.0,0.0,nan,nan,4.334401024983984,2.8940773939507975,nan,0.9199593709540491,0.022989410518226956,0.0,0.0,0.0,0.0,0.0,0.0,0.0,0.0,0.0,0.0,0.0,0.0,0.0,0.0,0.0,0.0,0.0,0.0,0.0,0.0,0.0,0.0,0.0,0.0,0.0,0.31088082901554415,5.488242327620568,15.603826225587886,8.011159824631328,0.5858907931446793,0.9205110331973293,0.023000774055343776,0.0,0.0,0.0,0.0,0.0,0.0,0.0,0.0,0.0,0.0,0.0,0.0,0.0,0.0,0.0,0.0,0.0,0.0,0.0,0.0,0.0,0.0,0.0,0.0,0.0,0.24463519313304727,5.562231759656654,15.540772532188845,7.969957081545066,0.6824034334763951,0.4048,0.010544,0.0,0.0,0.0,0.0,0.0,0.0,0.0,0.0,0.0,0.0,0.011956954962136312,9.685133519330396,20.231167795934642,0.07174172977281787,0.0,0.0,0.0,0.0,0.0,0.0,0.0,0.0,0.0,0.0,0.0,0.0,0.0,0.0,0.0,0.0,0.4048,0.01067,0.0,0.0,0.0,0.0,0.0,0.0,0.0,0.0,0.0,0.0,0.0,10.042918454935608,19.789699570815454,0.1673819742489271,0.0,0.0,0.0,0.0,0.0,0.0,0.0,0.0,0.0,0.0,0.0,0.0,0.0,0.0,0.0,0.0
33000,4756,2434,0.5117746005046258,1176,969,0.4510092514718251,1365,0.5740117746005047,0.418,3.0219638242894056,3.1039886987439087,6.57624633431085,2.126682597820071,9410.294846281471,1521.052216587183,7853.0,10917.386148691177,10895.931096513837,7.150881558446126,7853.0,0.0,28.639402859545836,21.070741595101993,33.595362752430816,19.21131471946572,0.13856181665264927,0.09461732548359966,0.08494533221194281,0.08557611438183348,0.07674516400336417,0.08010933557611438,0.0691757779646762,0.06665264928511354,0.062026913372582,0.05004205214465938,0.05004205214465938,0.04226240538267451,0.031959629941127,0.026282590412111017,0.021026072329688814,0.012615643397813289,0.007359125315391085,0.9199508456270468,0.023147654758764204,0.0,0.0,0.0,0.0,0.0,0.0,0.0,0.0,0.0,0.0,0.0,0.0,0.0,0.0,0.0,0.0,0.0,0.0,0.0,0.0,0.0,0.0,0.0,0.0,0.018923465096719935,0.3721614802354921,5.355340622371743,15.744322960470987,7.865853658536587,0.6433978132884778,4.299328429804925,2.877736102400078,nan,nan,nan,4.320766773162939,2.8537263436858793,4.277848911651729,2.9014338779705198,0.9900670728682278,0.4045,0.01063,0.0,0.0,0.0,0.0,0.0,0.0,0.0,0.0,0.0,0.0,0.0,9.966358284272484,19.945332211942812,0.08830950378469304,0.0,0.0,0.0,0.0,0.0,0.0,0.0,0.0,0.0,0.0,0.0,0.0,0.0,0.0,0.0,0.0,nan,nan,4.299328429804925,2.877736102400078,nan,0.4045,0.04965,0.0,0.0,0.0,0.0,0.0,0.0,0.0,0.0,0.0,0.0,0.0,0.0,0.0,0.0,0.0,0.0,0.0,0.0,0.0007569386038687973,0.0,0.0,0.0002628259041211102,0.0001366694701429773,0.0,0.0045311185870479396,0.0,0.00022077375946173255,5.256518082422203e-05,0.0031013456686291,0.0041211101766190075,0.012636669470142978,0.01663162321278385,0.01586417157275021,0.03799411269974769,0.03315811606391926,0.04125315391084945,0.049747687132043736,0.05342724978973928,0.06831370899915895,0.07297098402018502,0.0871951219512195,0.07730235492010093,0.04639402859545837,0.07223507148864593,0.09865433137089992,0.07662952060555088,0.03520815811606392,0.0255677039529016,0.024222035323801513,0.01662111017661901,0.00646551724137931,0.006865012615643398,0.0006833473507148864,0.009819175777964676,0.00018923465096719932,0.0,0.0,0.0007674516400336417,0.0,0.0,0.0,0.0,0.0,0.0,0.0,0.0,0.0,0.0,0.0,0.0,0.0,0.0,0.0,0.0,0.0,0.0,0.0,0.0,0.0,0.0,0.0,0.0,0.0,0.0,0.0,0.0,0.0,0.0,0.0,0.0,0.0,0.0,0.0,0.0,0.0,0.0,0.0,0.0,0.0,0.0,0.0,nan,nan,4.299328429804925,2.877736102400078,nan,0.920040742236273,0.02339122650696398,0.0,0.0,0.0,0.0,0.0,0.0,0.0,0.0,0.0,0.0,0.0,0.0,0.0,0.0,0.0,0.0,0.0,0.0,0.0,0.0,0.0,0.0,0.0,0.0,0.024650780608052595,0.36976170912078893,5.386195562859492,15.616269515201317,7.838948233360725,0.7641741988496304,0.919856612919529,0.0228891732208574,0.0,0.0,0.0,0.0,0.0,0.0,0.0,0.0,0.0,0.0,0.0,0.0,0.0,0.0,0.0,0.0,0.0,0.0,0.0,0.0,0.0,0.0,0.0,0.0,0.012919896640826876,0.3746770025839794,5.322997416020673,15.87855297157623,7.8940568475452215,0.516795865633075,0.4045,0.01062,0.0,0.0,0.0,0.0,0.0,0.0,0.0,0.0,0.0,0.0,0.0,10.106820049301547,19.79457682826623,0.09860312243221038,0.0,0.0,0.0,0.0,0.0,0.0,0.0,0.0,0.0,0.0,0.0,0.0,0.0,0.0,0.0,0.0,0.4045,0.01064,0.0,0.0,0.0,0.0,0.0,0.0,0.0,0.0,0.0,0.0,0.0,9.81912144702841,20.103359173126616,0.07751937984496125,0.0,0.0,0.0,0.0,0.0,0.0,0.0,0.0,0.0,0.0,0.0,0.0,0.0,0.0,0.0,0.0
33100,4899,2501,0.5105123494590733,1155,1018,0.4435599101857522,1393,0.5686874872422943,0.41,2.9182652210175144,3.0882205093945774,6.5075075075075075,2.2023951139456392,9406.35321241206,1521.0388316943129,7853.0,10918.75247400999,10895.733861498073,6.985525437801227,7853.0,0.0,27.414574402939376,20.598074409987788,32.158391862436424,18.96483349771413,0.13921208409879568,0.1041028781383956,0.09818330271483976,0.09083486425801184,0.08348642580118391,0.07062665850173505,0.0665441926923862,0.06205348030210247,0.05919575423555828,0.05470504184527455,0.04123290467442335,0.040620534803021024,0.031026740151051235,0.030006123698714023,0.012655644008981426,0.008981424780567463,0.006531945294958155,0.9195244246342883,0.022994585437639405,0.0,0.0,0.0,0.0,0.0,0.0,0.0,0.0,0.0,0.0,0.0,0.0,0.0,0.0,0.0,0.0,0.0,0.0,0.0,0.0,0.0,0.0,0.0,0.0,0.0,0.3245560318432334,5.713410900183712,15.878750765462343,7.477036129822414,0.6062461726883038,4.341943816596706,2.9003958788183293,nan,nan,nan,4.3370273794002605,2.865379925121078,4.346769033909149,2.93434787139151,1.00224615932912,0.4045,0.0105,0.0,0.0,0.0,0.0,0.0,0.0,0.0,0.0,0.0,0.0,0.006123698714023271,10.122473974280451,19.804041641151258,0.06736068585425599,0.0,0.0,0.0,0.0,0.0,0.0,0.0,0.0,0.0,0.0,0.0,0.0,0.0,0.0,0.0,0.0,nan,nan,4.341943816596706,2.9003958788183293,nan,0.4045,0.04974,0.0,0.0,0.0,0.0,0.0,0.0,0.0,0.0,0.0,0.0,0.0,0.0,0.0,0.0,0.0,0.0,0.0,1.0206164523372116e-05,0.0005307205552153501,0.0,0.0,0.0004184527454582568,0.00013268013880383752,0.0,0.0044907123902837316,0.0,0.00020412329046744235,0.00022453561951418658,0.002633190447030006,0.004654011022657685,0.012471933047560727,0.017860787915901205,0.01431924882629108,0.039610124515207186,0.03253725250051031,0.04033476219636661,0.048887528066952436,0.055419473361910596,0.07146356399265157,0.07350479689732599,0.0839661155337824,0.07548479281486017,0.04998979383547663,0.07108593590528679,0.0981322718922229,0.07599510104102879,0.03453766074709124,0.02467850581751378,0.024617268830373545,0.01620738926311492,0.006552357624004899,0.006572769953051643,0.000612369871402327,0.010389875484792815,0.0004184527454582568,0.0,0.0,0.001051234945907328,0.0,0.0,0.0,0.0,0.0,0.0,0.0,0.0,0.0,0.0,0.0,0.0,0.0,0.0,0.0,0.0,0.0,0.0,0.0,0.0,0.0,0.0,0.0,0.0,0.0,0.0,0.0,0.0,0.0,0.0,0.0,0.0,0.0,0.0,0.0,0.0,0.0,0.0,0.0,0.0,0.0,0.0,0.0,nan,nan,4.341943816596706,2.9003958788183293,nan,0.9195470473662418,0.02298806614091108,0.0,0.0,0.0,0.0,0.0,0.0,0.0,0.0,0.0,0.0,0.0,0.0,0.0,0.0,0.0,0.0,0.0,0.0,0.0,0.0,0.0,0.0,0.0,0.0,0.0,0.2998800479808077,5.709716113554579,15.857656937225112,7.485005997600961,0.6477409036385448,0.9195008302003369,0.023001359081269705,0.0,0.0,0.0,0.0,0.0,0.0,0.0,0.0,0.0,0.0,0.0,0.0,0.0,0.0,0.0,0.0,0.0,0.0,0.0,0.0,0.0,0.0,0.0,0.0,0.0,0.35029190992493753,5.717264386989159,15.90075062552127,7.468723936613847,0.5629691409507924,0.4043,0.01043,0.0,0.0,0.0,0.0,0.0,0.0,0.0,0.0,0.0,0.0,0.0,10.31587365053977,19.62415033986406,0.05997600959616155,0.0,0.0,0.0,0.0,0.0,0.0,0.0,0.0,0.0,0.0,0.0,0.0,0.0,0.0,0.0,0.0,0.4045,0.01057,0.0,0.0,0.0,0.0,0.0,0.0,0.0,0.0,0.0,0.0,0.012510425354462054,9.920767306088393,19.991659716430362,0.07506255212677232,0.0,0.0,0.0,0.0,0.0,0.0,0.0,0.0,0.0,0.0,0.0,0.0,0.0,0.0,0.0,0.0
33200,4795,2425,0.5057351407716372,1173,977,0.4483837330552659,1384,0.5772679874869656,0.37799999999999995,2.861603375527426,2.935351667570562,6.156204379562044,2.059794522877748,9391.77089354067,1521.2287918373884,7853.0,10920.67373329401,10895.641828671141,6.91952268912407,7853.0,0.0,29.13806047966632,20.98250228848379,34.02807190347205,19.053526902325252,0.1305526590198123,0.0940563086548488,0.08967674661105318,0.08175182481751825,0.07194994786235662,0.07549530761209593,0.07361835245046924,0.070281543274244,0.057977059436913454,0.05505735140771637,0.05192909280500521,0.049009384775808136,0.03441084462982273,0.026694473409801876,0.021897810218978103,0.009176225234619395,0.0064650677789363925,0.9195313036628262,0.023174647300784893,0.0,0.0,0.0,0.0,0.0,0.0,0.0,0.0,0.0,0.0,0.0,0.0,0.0,0.0,0.0,0.0,0.0,0.0,0.0,0.0,0.0,0.0,0.0,0.0,0.0,0.3065693430656935,5.781021897810221,15.710114702815435,7.607924921793536,0.59436913451512,4.085220125786163,2.731248553727116,nan,nan,nan,4.004394224733208,2.736258739553809,4.166351606805293,2.723799189797432,1.0404449145071064,0.4038,0.01069,0.0,0.0,0.0,0.0,0.0,0.0,0.0,0.0,0.0,0.0,0.012513034410844634,10.798748696558901,19.138686131386866,0.050052137643378534,0.0,0.0,0.0,0.0,0.0,0.0,0.0,0.0,0.0,0.0,0.0,0.0,0.0,0.0,0.0,0.0,nan,nan,4.085220125786163,2.731248553727116,nan,0.4038,0.04993,0.0,0.0,0.0,0.0,0.0,0.0,0.0,0.0,0.0,0.0,0.0,0.0,0.0,0.0,0.0,0.0,0.0,2.0855057351407717e-05,0.0005630865484880083,0.0,0.0,0.0003336809176225235,2.0855057351407717e-05,1.0427528675703859e-05,0.00497393117831074,0.0,0.00020855057351407716,0.0003441084462982273,0.0030865484880083422,0.00570385818561001,0.012554744525547445,0.017090719499478622,0.01465067778936392,0.041011470281543276,0.030385818561001043,0.041960375391032326,0.04988529718456726,0.05606882168925965,0.07110531803962461,0.07599582898852972,0.08374348279457769,0.07440041710114703,0.05141814389989573,0.06982273201251303,0.09525547445255475,0.07511991657977059,0.03576642335766423,0.023691345151199167,0.024150156412930137,0.014723670490093847,0.007069864442127216,0.0064650677789363925,0.0004275286757038582,0.010719499478623567,0.0003023983315954119,0.0,3.128258602711157e-05,0.0009176225234619395,0.0,0.0,0.0,0.0,0.0,0.0,0.0,0.0,0.0,0.0,0.0,0.0,0.0,0.0,0.0,0.0,0.0,0.0,0.0,0.0,0.0,0.0,0.0,0.0,0.0,0.0,0.0,0.0,0.0,0.0,0.0,0.0,0.0,0.0,0.0,0.0,0.0,0.0,0.0,0.0,0.0,0.0,0.0,nan,nan,4.085220125786163,2.731248553727116,nan,0.9197471062670048,0.022652118059371538,0.0,0.0,0.0,0.0,0.0,0.0,0.0,0.0,0.0,0.0,0.0,0.0,0.0,0.0,0.0,0.0,0.0,0.0,0.0,0.0,0.0,0.0,0.0,0.0,0.0,0.2721649484536083,5.616494845360826,16.04536082474227,7.534020618556703,0.531958762886598,0.9193104929813353,0.023695345500263924,0.0,0.0,0.0,0.0,0.0,0.0,0.0,0.0,0.0,0.0,0.0,0.0,0.0,0.0,0.0,0.0,0.0,0.0,0.0,0.0,0.0,0.0,0.0,0.0,0.0,0.3417721518987343,5.949367088607596,15.36708860759494,7.68354430379747,0.658227848101266,0.4038,0.010635,0.0,0.0,0.0,0.0,0.0,0.0,0.0,0.0,0.0,0.0,0.01237113402061856,10.812371134020603,19.113402061855673,0.06185567010309279,0.0,0.0,0.0,0.0,0.0,0.0,0.0,0.0,0.0,0.0,0.0,0.0,0.0,0.0,0.0,0.0,0.4038,0.01074,0.0,0.0,0.0,0.0,0.0,0.0,0.0,0.0,0.0,0.0,0.012658227848101269,10.784810126582263,19.16455696202532,0.037974683544303806,0.0,0.0,0.0,0.0,0.0,0.0,0.0,0.0,0.0,0.0,0.0,0.0,0.0,0.0,0.0,0.0
33300,4530,2340,0.5165562913907285,1115,948,0.4554083885209713,1280,0.565121412803532,0.40599999999999997,3.0337899543378994,3.140652547104542,6.743333333333333,2.137160629329381,9424.39152500365,1520.200373793621,7853.0,10919.734699368477,10895.052824045526,6.883394704402998,7853.0,0.0,27.44878587196468,20.606127693622913,32.45785997357992,18.841419343317778,0.14370860927152318,0.0977924944812362,0.09602649006622517,0.0880794701986755,0.08079470198675497,0.0739514348785872,0.07373068432671082,0.06644591611479028,0.0565121412803532,0.05518763796909492,0.04613686534216335,0.034657836644591614,0.02803532008830022,0.024944812362030905,0.016777041942604858,0.009713024282560706,0.0075055187637969095,0.9190446382458373,0.022966753957571605,0.0,0.0,0.0,0.0,0.0,0.0,0.0,0.0,0.0,0.0,0.0,0.0,0.0,0.0,0.0,0.0,0.0,0.0,0.0,0.0,0.0,0.0,0.0,0.0,0.0,0.3642384105960266,5.715231788079472,15.794701986754971,7.635761589403975,0.49006622516556303,4.349157206742346,2.9277861421627582,nan,nan,nan,4.347767253044655,2.887053790387242,4.350594821553534,2.969326746197439,1.0006503495574421,0.4033,0.01071,0.0,0.0,0.0,0.0,0.0,0.0,0.0,0.0,0.0,0.0,0.019867549668874177,11.443708609271507,18.476821192052984,0.05960264900662253,0.0,0.0,0.0,0.0,0.0,0.0,0.0,0.0,0.0,0.0,0.0,0.0,0.0,0.0,0.0,0.0,nan,nan,4.349157206742346,2.9277861421627582,nan,0.4033,0.05005,0.0,0.0,0.0,0.0,0.0,0.0,0.0,0.0,0.0,0.0,0.0,0.0,0.0,0.0,0.0,0.0,0.0,0.0,0.0008388520971302428,0.0,0.0,0.0002097130242825607,0.0,0.0,0.004701986754966888,0.0,0.0004966887417218543,0.0003642384105960265,0.0034547461368653423,0.007395143487858719,0.012240618101545253,0.016666666666666666,0.015485651214128036,0.03891832229580574,0.03147902869757174,0.04466887417218543,0.05061810154525386,0.05554083885209713,0.07214128035320089,0.07561810154525386,0.08656732891832229,0.07157836644591611,0.051379690949227376,0.0677373068432671,0.09353200883002208,0.0741280353200883,0.034613686534216336,0.026490066225165563,0.024315673289183222,0.013598233995584989,0.0068543046357615895,0.007229580573951435,0.0005629139072847682,0.009227373068432672,0.0006291390728476821,3.3112582781456954e-05,7.726269315673289e-05,0.0006070640176600441,0.0,0.0,0.0,0.0,0.0,0.0,0.0,0.0,0.0,0.0,0.0,0.0,0.0,0.0,0.0,0.0,0.0,0.0,0.0,0.0,0.0,0.0,0.0,0.0,0.0,0.0,0.0,0.0,0.0,0.0,0.0,0.0,0.0,0.0,0.0,0.0,0.0,0.0,0.0,0.0,0.0,0.0,0.0,nan,nan,4.349157206742346,2.9277861421627582,nan,0.9182890716526243,0.02268744341915948,0.0,0.0,0.0,0.0,0.0,0.0,0.0,0.0,0.0,0.0,0.0,0.0,0.0,0.0,0.0,0.0,0.0,0.0,0.0,0.0,0.0,0.0,0.0,0.0,0.0,0.3846153846153847,5.807692307692309,16.34615384615385,6.974358974358976,0.4871794871794873,0.9198519559755717,0.023234352704082143,0.0,0.0,0.0,0.0,0.0,0.0,0.0,0.0,0.0,0.0,0.0,0.0,0.0,0.0,0.0,0.0,0.0,0.0,0.0,0.0,0.0,0.0,0.0,0.0,0.0,0.34246575342465757,5.616438356164386,15.205479452054798,8.342465753424658,0.49315068493150693,0.4033,0.01072,0.0,0.0,0.0,0.0,0.0,0.0,0.0,0.0,0.0,0.0,0.03846153846153847,11.512820512820495,18.410256410256412,0.03846153846153847,0.0,0.0,0.0,0.0,0.0,0.0,0.0,0.0,0.0,0.0,0.0,0.0,0.0,0.0,0.0,0.0,0.4033,0.010704,0.0,0.0,0.0,0.0,0.0,0.0,0.0,0.0,0.0,0.0,0.0,11.369863013698614,18.547945205479454,0.08219178082191782,0.0,0.0,0.0,0.0,0.0,0.0,0.0,0.0,0.0,0.0,0.0,0.0,0.0,0.0,0.0,0.0
33400,4547,2357,0.5183637563228503,1126,945,0.4554651418517704,1285,0.565207829338025,0.41,3.015068493150685,3.093113778894977,6.530708661417322,2.191663223849726,9430.106896447065,1520.2180979065224,7853.0,10921.415731072426,10895.47138656971,7.1664355662530035,7853.0,0.0,27.826259071915548,20.79953828230717,32.75163741157977,19.0691044528454,0.13921266769298438,0.10314493072355399,0.08819001539476579,0.09126896855069276,0.08269188475918188,0.07345502529140092,0.06971629645920387,0.06311853969650319,0.05762040906091929,0.05520123158126237,0.04882340004398505,0.03694743787112382,0.03188915768638663,0.019793270288102044,0.020233120738948757,0.010556410820321091,0.008137233340664175,0.9190099498243522,0.023213290451456113,0.0,0.0,0.0,0.0,0.0,0.0,0.0,0.0,0.0,0.0,0.0,0.0,0.0,0.0,0.0,0.0,0.0,0.0,0.0,0.0,0.0,0.0,0.0,0.0,0.0,0.38266989223663966,5.9115900593798125,15.762040906091931,7.3037167363096565,0.6399824059819662,4.2002715546503735,2.885330537243546,nan,nan,nan,4.168493150684932,2.8600400759874773,4.231493943472409,2.9096264419901616,1.0151135651445475,0.4036,0.01065,0.0,0.0,0.0,0.0,0.0,0.0,0.0,0.0,0.0,0.0,0.006597756762700684,11.08423136133713,18.862986584561252,0.046184297338904785,0.0,0.0,0.0,0.0,0.0,0.0,0.0,0.0,0.0,0.0,0.0,0.0,0.0,0.0,0.0,0.0,nan,nan,4.2002715546503735,2.885330537243546,nan,0.4036,0.05017,0.0,0.0,0.0,0.0,0.0,0.0,0.0,0.0,0.0,0.0,0.0,0.0,0.0,0.0,0.0,0.0,0.0,0.0,0.0006267868924565648,0.0,0.0,0.0003738728832197053,0.0,0.0,0.004607433472619309,1.0996261271167803e-05,0.0003738728832197053,0.0007917308115240818,0.0033208709038926765,0.0075104464482076095,0.012117879920826918,0.016747305915988563,0.016802287222344402,0.03894875742247636,0.029953815702661094,0.043358258192214644,0.05360677369694304,0.05443149329228063,0.06913349461183198,0.0754453485814823,0.08564987904112602,0.06971629645920387,0.0519793270288102,0.06791290961073235,0.09563448427534638,0.07568726632944799,0.03528700241917748,0.02747965691664834,0.02347701781394326,0.013503408840994062,0.007290521222784253,0.007004618429733891,0.0005718055861007258,0.009049923026171101,0.0009566747305915989,2.1992522542335606e-05,0.00012095887398284583,0.0004948317572025511,0.0,0.0,0.0,0.0,0.0,0.0,0.0,0.0,0.0,0.0,0.0,0.0,0.0,0.0,0.0,0.0,0.0,0.0,0.0,0.0,0.0,0.0,0.0,0.0,0.0,0.0,0.0,0.0,0.0,0.0,0.0,0.0,0.0,0.0,0.0,0.0,0.0,0.0,0.0,0.0,0.0,0.0,0.0,nan,nan,4.2002715546503735,2.885330537243546,nan,0.9191250597768079,0.02338158295763024,0.0,0.0,0.0,0.0,0.0,0.0,0.0,0.0,0.0,0.0,0.0,0.0,0.0,0.0,0.0,0.0,0.0,0.0,0.0,0.0,0.0,0.0,0.0,0.0,0.0,0.39456936784047525,5.931268561731016,15.604582095884602,7.382265591854053,0.6873143826898602,0.9188860620810017,0.02303014790135274,0.0,0.0,0.0,0.0,0.0,0.0,0.0,0.0,0.0,0.0,0.0,0.0,0.0,0.0,0.0,0.0,0.0,0.0,0.0,0.0,0.0,0.0,0.0,0.0,0.0,0.3698630136986302,5.890410958904111,15.931506849315072,7.219178082191783,0.5890410958904111,0.4038,0.01061,0.0,0.0,0.0,0.0,0.0,0.0,0.0,0.0,0.0,0.0,0.0,10.577004666949497,19.35935511243106,0.06364022061943149,0.0,0.0,0.0,0.0,0.0,0.0,0.0,0.0,0.0,0.0,0.0,0.0,0.0,0.0,0.0,0.0,0.403,0.01068,0.0,0.0,0.0,0.0,0.0,0.0,0.0,0.0,0.0,0.0,0.013698630136986304,11.630136986301354,18.328767123287676,0.027397260273972608,0.0,0.0,0.0,0.0,0.0,0.0,0.0,0.0,0.0,0.0,0.0,0.0,0.0,0.0,0.0,0.0
33500,4383,2276,0.5192790326260552,1077,868,0.4437599817476614,1177,0.5370750627424139,0.43,3.0085429520645466,3.143449523367988,6.649241146711636,2.213343772478725,9432.96237075889,1520.1804928462607,7853.0,10919.35302644968,10895.607676202206,6.824734880892063,7853.0,0.0,27.787588409765,21.02804557295285,32.76933551198257,19.344385132636365,0.14236824093086928,0.1051791010723249,0.08852384211727128,0.08829568788501027,0.08464522016883413,0.07232489162673968,0.06776180698151951,0.06342687656856034,0.05430070727812001,0.05475701574264202,0.04380561259411362,0.03718913985854438,0.030800821355236138,0.028747433264887063,0.018480492813141684,0.013004791238877482,0.006388318503308237,0.9186068487825553,0.022263558698448604,0.0,0.0,0.0,0.0,0.0,0.0,0.0,0.0,0.0,0.0,0.0,0.0,0.0,0.0,0.0,0.0,0.0,0.0,0.0,0.0,0.0,0.0,0.0,0.0,0.0,0.3011635865845312,5.7084188911704326,16.276522929500345,7.24845995893224,0.4654346338124573,4.292665474060823,2.924977234424701,nan,nan,nan,4.286125089863408,2.9162922963750977,4.299145299145299,2.9335420203494555,1.0030377576503038,0.4043,0.010704,0.0,0.0,0.0,0.0,0.0,0.0,0.0,0.0,0.0,0.0,0.0,10.328542094455837,19.61670088980151,0.05475701574264204,0.0,0.0,0.0,0.0,0.0,0.0,0.0,0.0,0.0,0.0,0.0,0.0,0.0,0.0,0.0,0.0,nan,nan,4.292665474060823,2.924977234424701,nan,0.4043,0.05002,0.0,0.0,0.0,0.0,0.0,0.0,0.0,0.0,0.0,0.0,0.0,0.0,0.0,0.0,0.0,0.0,0.0,0.0,0.0004791238877481177,0.0,0.0,0.0005703855806525211,0.0,3.4223134839151266e-05,0.004026922199406799,0.0,0.0004563084645220169,0.0008099475245265799,0.0033424595026237736,0.007426420260095825,0.01131644992014602,0.016655258955053615,0.016917636322153776,0.0366301619895049,0.028747433264887063,0.04366872005475701,0.05434633812457221,0.055293178188455396,0.06970111795573808,0.07610084417065936,0.08433721195528177,0.06702030572667123,0.05079853981291353,0.06623317362537075,0.09524298425735797,0.07967145790554415,0.03572895277207392,0.030355920602327172,0.024161533196440793,0.015023956194387405,0.007951174994296144,0.0063084645220168835,0.0005247547342003195,0.008669860825918321,0.0010609171800136893,0.0,0.00012548482774355464,0.00026237736710015973,0.0,0.0,0.0,0.0,0.0,0.0,0.0,0.0,0.0,0.0,0.0,0.0,0.0,0.0,0.0,0.0,0.0,0.0,0.0,0.0,0.0,0.0,0.0,0.0,0.0,0.0,0.0,0.0,0.0,0.0,0.0,0.0,0.0,0.0,0.0,0.0,0.0,0.0,0.0,0.0,0.0,0.0,0.0,nan,nan,4.292665474060823,2.924977234424701,nan,0.9189506839888796,0.02233613143960152,0.0,0.0,0.0,0.0,0.0,0.0,0.0,0.0,0.0,0.0,0.0,0.0,0.0,0.0,0.0,0.0,0.0,0.0,0.0,0.0,0.0,0.0,0.0,0.0,0.0,0.32952548330404224,5.575571177504395,16.278558875219687,7.315465729349738,0.5008787346221442,0.9182354349574038,0.022178910187698866,0.0,0.0,0.0,0.0,0.0,0.0,0.0,0.0,0.0,0.0,0.0,0.0,0.0,0.0,0.0,0.0,0.0,0.0,0.0,0.0,0.0,0.0,0.0,0.0,0.0,0.27052681537731377,5.851922164214525,16.274323682961562,7.176079734219271,0.4271476032273376,0.4045,0.010765,0.0,0.0,0.0,0.0,0.0,0.0,0.0,0.0,0.0,0.0,0.0,10.096660808435837,19.81107205623902,0.09226713532513184,0.0,0.0,0.0,0.0,0.0,0.0,0.0,0.0,0.0,0.0,0.0,0.0,0.0,0.0,0.0,0.0,0.404,0.01063,0.0,0.0,0.0,0.0,0.0,0.0,0.0,0.0,0.0,0.0,0.0,10.579022306597041,19.406739439962035,0.014238253440911251,0.0,0.0,0.0,0.0,0.0,0.0,0.0,0.0,0.0,0.0,0.0,0.0,0.0,0.0,0.0,0.0
33600,4653,2435,0.5233182892757361,1150,972,0.45604986030517947,1309,0.5626477541371159,0.41,3.032461677186655,3.141799318428531,6.732899022801303,2.094741142862681,9445.054869727412,1519.4688592495156,7853.0,10923.73466193676,10895.230516978088,7.104384058348572,7853.0,0.0,27.506339995701698,20.552894250228192,32.41081496668375,18.81637551703991,0.13797549967762734,0.10466365785514721,0.09477756286266925,0.08682570384698045,0.07951859015688803,0.07736943907156674,0.06791317429615303,0.06425961745110681,0.061680636148721255,0.05652267354395014,0.041693531055233185,0.03868471953578337,0.03417150225660864,0.02493015258972706,0.013109821620459918,0.009456264775413711,0.006447453255963894,0.9183432751257343,0.023179218065027818,0.0,0.0,0.0,0.0,0.0,0.0,0.0,0.0,0.0,0.0,0.0,0.0,0.0,0.0,0.0,0.0,0.0,0.0,0.0,0.0,0.0,0.0,0.0,0.0,0.006447453255963896,0.4384268214055449,5.95744680851064,15.744680851063833,7.26627981947131,0.5867182462927145,4.247412353923205,2.9058496897258412,nan,nan,nan,4.287049399198932,2.919316538329521,4.207748830995324,2.891767287513047,0.9815022966102451,0.404,0.010544,0.0,0.0,0.0,0.0,0.0,0.0,0.0,0.0,0.0,0.0,0.006447453255963896,10.52224371373306,19.387491940683432,0.08381689232753065,0.0,0.0,0.0,0.0,0.0,0.0,0.0,0.0,0.0,0.0,0.0,0.0,0.0,0.0,0.0,0.0,nan,nan,4.247412353923205,2.9058496897258412,nan,0.404,0.0504,0.0,0.0,0.0,0.0,0.0,0.0,0.0,0.0,0.0,0.0,0.0,0.0,0.0,0.0,0.0,0.0,0.0,0.0,0.0007844401461422738,0.0,3.223726627981947e-05,0.0002149151085321298,0.0,7.522028798624543e-05,0.004180098860949924,4.298302170642596e-05,0.0005265420159037181,0.000655491081022996,0.0041263700838168925,0.00854287556415216,0.010649043627767031,0.01849344508918977,0.01610788738448313,0.036911669890393295,0.02773479475607135,0.041865463142058884,0.05515796260477111,0.055802707930367505,0.06781646249731356,0.07850848914678701,0.08258113045347087,0.06703202235117128,0.05007522028798624,0.06529120997206103,0.09815173006662369,0.07885235332043843,0.03750268643885665,0.026477541371158392,0.024607779926928863,0.01509778637438212,0.008607350096711798,0.006597893831936385,0.0007092198581560284,0.008854502471523747,0.0009241349666881582,0.0,6.447453255963895e-05,0.0003438641736514077,0.0,0.0,0.0,0.0,0.0,0.0,0.0,0.0,0.0,0.0,0.0,0.0,0.0,0.0,0.0,0.0,0.0,0.0,0.0,0.0,0.0,0.0,0.0,0.0,0.0,0.0,0.0,0.0,0.0,0.0,0.0,0.0,0.0,0.0,0.0,0.0,0.0,0.0,0.0,0.0,0.0,0.0,0.0,nan,nan,4.247412353923205,2.9058496897258412,nan,0.917774402067157,0.023301213281082644,0.0,0.0,0.0,0.0,0.0,0.0,0.0,0.0,0.0,0.0,0.0,0.0,0.0,0.0,0.0,0.0,0.0,0.0,0.0,0.0,0.0,0.0,0.0,0.0,0.0,0.46817248459958943,6.258726899383985,15.720739219712529,7.047227926078031,0.5051334702258727,0.9189678043852635,0.02302836680070446,0.0,0.0,0.0,0.0,0.0,0.0,0.0,0.0,0.0,0.0,0.0,0.0,0.0,0.0,0.0,0.0,0.0,0.0,0.0,0.0,0.0,0.0,0.0,0.0,0.013525698827772771,0.40577096483318315,5.626690712353473,15.77096483318305,7.506762849413888,0.6762849413886385,0.4043,0.01057,0.0,0.0,0.0,0.0,0.0,0.0,0.0,0.0,0.0,0.0,0.012320328542094458,10.373716632443516,19.527720739219717,0.08624229979466122,0.0,0.0,0.0,0.0,0.0,0.0,0.0,0.0,0.0,0.0,0.0,0.0,0.0,0.0,0.0,0.0,0.4038,0.010506,0.0,0.0,0.0,0.0,0.0,0.0,0.0,0.0,0.0,0.0,0.0,10.685302073940472,19.23354373309288,0.08115419296663662,0.0,0.0,0.0,0.0,0.0,0.0,0.0,0.0,0.0,0.0,0.0,0.0,0.0,0.0,0.0,0.0
33700,4414,2334,0.5287720888083371,1090,874,0.4449478930675125,1216,0.5509741730856366,0.442,3.0245192307692306,3.1943271169996676,6.782837127845885,2.2243170517042827,9461.633175782032,1518.5909695819544,7853.0,10920.301917135715,10895.205157627202,7.156725318221432,7853.0,0.0,27.742863615768012,20.90424774239806,32.66289104638619,19.18982429504358,0.14068871771635705,0.10398731309469869,0.09288627095604894,0.08676937018577255,0.08019936565473493,0.07362936112369732,0.07430901676483914,0.061169007702763935,0.05346624376982329,0.05210693248753965,0.04712279111916629,0.040099682827367464,0.03149071137290439,0.026959673765292253,0.019030357951971,0.009741730856366107,0.006343452650657001,0.9177048209435161,0.02312395933998186,0.0,0.0,0.0,0.0,0.0,0.0,0.0,0.0,0.0,0.0,0.0,0.0,0.0,0.0,0.0,0.0,0.0,0.0,0.0,0.0,0.0,0.0,0.0,0.0,0.0,0.40779338468509296,6.300407793384687,15.829179882193026,6.986859990937926,0.47575894879927516,4.264737027885634,2.9623741938662844,nan,nan,nan,4.296398891966759,2.986249799170502,4.231821454283657,2.9369856048818854,0.9849694036082528,0.4043,0.010605,0.0,0.0,0.0,0.0,0.0,0.0,0.0,0.0,0.0,0.0,0.013593112822836434,10.235613955595817,19.682827367467155,0.06796556411418216,0.0,0.0,0.0,0.0,0.0,0.0,0.0,0.0,0.0,0.0,0.0,0.0,0.0,0.0,0.0,0.0,nan,nan,4.264737027885634,2.9623741938662844,nan,0.4043,0.05054,0.0,0.0,0.0,0.0,0.0,0.0,0.0,0.0,0.0,0.0,0.0,0.0,0.0,0.0,0.0,0.0,0.0,0.0,0.001144086995922066,0.0,0.0,0.00039646579066606255,0.0,0.0,0.003998640688717716,1.1327594019030359e-05,0.0007136384231989126,0.0006796556411418215,0.00412324422292705,0.008518350702310828,0.011089714544630721,0.017195287720888082,0.016368373357498866,0.037800181241504305,0.029870865428183055,0.039850475758948796,0.051438604440416855,0.05506343452650657,0.06700271862256457,0.07752605346624376,0.08697326687811509,0.06671952877208881,0.05182374263706389,0.06385364748527413,0.09811961939284096,0.07874943362029904,0.03986180335296783,0.025690983235160853,0.024127775260534664,0.01648164929768917,0.007770729497054826,0.006094245582238333,0.0010308110557317625,0.008201178069777978,0.001144086995922066,4.5310376076121435e-05,3.398278205709107e-05,0.0004644313547802447,2.2655188038060717e-05,0.0,0.0,0.0,0.0,0.0,0.0,0.0,0.0,0.0,0.0,0.0,0.0,0.0,0.0,0.0,0.0,0.0,0.0,0.0,0.0,0.0,0.0,0.0,0.0,0.0,0.0,0.0,0.0,0.0,0.0,0.0,0.0,0.0,0.0,0.0,0.0,0.0,0.0,0.0,0.0,0.0,0.0,nan,nan,4.264737027885634,2.9623741938662844,nan,0.917963278247642,0.02335591435662838,0.0,0.0,0.0,0.0,0.0,0.0,0.0,0.0,0.0,0.0,0.0,0.0,0.0,0.0,0.0,0.0,0.0,0.0,0.0,0.0,0.0,0.0,0.0,0.0,0.0,0.44987146529562994,6.272493573264783,15.46272493573265,7.339331619537276,0.4755784061696659,0.9174148020262901,0.02285739775097014,0.0,0.0,0.0,0.0,0.0,0.0,0.0,0.0,0.0,0.0,0.0,0.0,0.0,0.0,0.0,0.0,0.0,0.0,0.0,0.0,0.0,0.0,0.0,0.0,0.0,0.36057692307692313,6.331730769230771,16.24038461538462,6.591346153846156,0.47596153846153855,0.404,0.01077,0.0,0.0,0.0,0.0,0.0,0.0,0.0,0.0,0.0,0.0,0.025706940874035997,10.66838046272492,19.228791773778923,0.07712082262210798,0.0,0.0,0.0,0.0,0.0,0.0,0.0,0.0,0.0,0.0,0.0,0.0,0.0,0.0,0.0,0.0,0.4043,0.01042,0.0,0.0,0.0,0.0,0.0,0.0,0.0,0.0,0.0,0.0,0.0,9.749999999999986,20.192307692307697,0.05769230769230771,0.0,0.0,0.0,0.0,0.0,0.0,0.0,0.0,0.0,0.0,0.0,0.0,0.0,0.0,0.0,0.0
33800,4389,2278,0.5190248348143085,1092,864,0.4456596035543404,1170,0.5331510594668489,0.442,2.986262434864993,3.1238907352414964,6.562711864406779,2.163322797722839,9431.991407515818,1520.0205294367524,7853.0,10916.787643551826,10895.227079713313,7.05812661192754,7853.0,0.0,28.318979266347686,20.999014987515803,33.14424373146401,19.26000826764045,0.13761676919571655,0.09387104123946229,0.09797220323536113,0.08430166324903167,0.07997265892002735,0.07131465026201868,0.06766917293233082,0.06926406926406926,0.060833902939166094,0.05217589428115744,0.046251993620414676,0.04032809295967191,0.03212576896787423,0.026657552973342446,0.021189336978810664,0.010936431989063569,0.007518796992481203,0.9177930534198306,0.0227830309701692,0.0,0.0,0.0,0.0,0.0,0.0,0.0,0.0,0.0,0.0,0.0,0.0,0.0,0.0,0.0,0.0,0.0,0.0,0.0,0.0,0.0,0.0,0.0,0.0,0.0,0.3280929596719071,6.049213943950788,16.185919343814085,6.924128503075873,0.5126452494873549,4.232180663373324,2.9292543582105317,nan,nan,nan,4.293656450463293,2.9588546384532255,4.172727272727273,2.899522068603572,0.9718353857298081,0.4045,0.01065,0.0,0.0,0.0,0.0,0.0,0.0,0.0,0.0,0.0,0.0,0.006835269993164732,10.259740259740244,19.630895420369107,0.10252904989747097,0.0,0.0,0.0,0.0,0.0,0.0,0.0,0.0,0.0,0.0,0.0,0.0,0.0,0.0,0.0,0.0,nan,nan,4.232180663373324,2.9292543582105317,nan,0.4045,0.05032,0.0,0.0,0.0,0.0,0.0,0.0,0.0,0.0,0.0,0.0,0.0,0.0,0.0,0.0,0.0,0.0,0.0,0.0,0.0008544087491455912,0.0,0.0,0.0004784688995215311,4.55684666210982e-05,0.0,0.004693552061973114,0.0,0.000991114149008886,0.0005468215994531784,0.00367965367965368,0.007826384142173615,0.010070631123262702,0.017167919799498745,0.014889496468443836,0.036226930963773066,0.030177717019822282,0.04129642287537024,0.05271132376395534,0.05574162679425837,0.06666666666666667,0.0753816359079517,0.09000911369332422,0.06782866256550467,0.05283663704716336,0.06380724538619276,0.0961494645705172,0.07611073137388927,0.041330599225336065,0.0240373661426293,0.025324675324675326,0.017418546365914788,0.008293460925039872,0.00670995670995671,0.0011050353155616314,0.008293460925039872,0.0011278195488721805,3.417634996582365e-05,5.696058327637275e-05,7.974481658692185e-05,0.0,0.0,0.0,0.0,0.0,0.0,0.0,0.0,0.0,0.0,0.0,0.0,0.0,0.0,0.0,0.0,0.0,0.0,0.0,0.0,0.0,0.0,0.0,0.0,0.0,0.0,0.0,0.0,0.0,0.0,0.0,0.0,0.0,0.0,0.0,0.0,0.0,0.0,0.0,0.0,0.0,0.0,0.0,nan,nan,4.232180663373324,2.9292543582105317,nan,0.9175175313263007,0.023091730639822148,0.0,0.0,0.0,0.0,0.0,0.0,0.0,0.0,0.0,0.0,0.0,0.0,0.0,0.0,0.0,0.0,0.0,0.0,0.0,0.0,0.0,0.0,0.0,0.0,0.0,0.36874451273046543,6.0711150131694485,16.1062335381914,6.9534679543459195,0.5004389815627744,0.9180903719082538,0.022441353575717037,0.0,0.0,0.0,0.0,0.0,0.0,0.0,0.0,0.0,0.0,0.0,0.0,0.0,0.0,0.0,0.0,0.0,0.0,0.0,0.0,0.0,0.0,0.0,0.0,0.0,0.2842254855518712,6.0255802936996705,16.271909047844627,6.892468024632877,0.5258171482709617,0.4045,0.010704,0.0,0.0,0.0,0.0,0.0,0.0,0.0,0.0,0.0,0.0,0.013169446883230908,10.166812993854244,19.675153643546974,0.14486391571553997,0.0,0.0,0.0,0.0,0.0,0.0,0.0,0.0,0.0,0.0,0.0,0.0,0.0,0.0,0.0,0.0,0.4043,0.01058,0.0,0.0,0.0,0.0,0.0,0.0,0.0,0.0,0.0,0.0,0.0,10.360018948365688,19.583135954523925,0.05684509711037424,0.0,0.0,0.0,0.0,0.0,0.0,0.0,0.0,0.0,0.0,0.0,0.0,0.0,0.0,0.0,0.0
33900,4820,2530,0.524896265560166,1208,961,0.45,1306,0.541908713692946,0.418,2.967685589519651,3.139521890395525,6.644230769230769,2.162107838596383,9449.778522081617,1519.1638851443304,7853.0,10922.939450860023,10895.08398278,7.0640084040069375,7853.0,0.0,27.768672199170126,20.817529067932302,32.679851668726826,19.125726808044984,0.13900414937759337,0.10145228215767635,0.09294605809128631,0.091701244813278,0.08215767634854772,0.07157676348547717,0.06784232365145228,0.06452282157676349,0.056224066390041495,0.05269709543568465,0.04979253112033195,0.04066390041493776,0.03153526970954357,0.02136929460580913,0.01701244813278008,0.011825726141078838,0.007676348547717842,0.9172853146351224,0.02273669701420525,0.0,0.0,0.0,0.0,0.0,0.0,0.0,0.0,0.0,0.0,0.0,0.0,0.0,0.0,0.0,0.0,0.0,0.0,0.0,0.0,0.0,0.0,0.0,0.0,0.0,0.3983402489626557,6.392116182572615,15.846473029045645,6.8589211618257275,0.5041493775933611,4.22365869424693,2.956986849707151,nan,nan,nan,4.251913265306122,2.943071058908231,4.194626474442988,2.970937862112078,0.9865268204479686,0.404,0.01075,0.0,0.0,0.0,0.0,0.0,0.0,0.0,0.0,0.0,0.0,0.0,10.786307053941893,19.120331950207472,0.09336099585062244,0.0,0.0,0.0,0.0,0.0,0.0,0.0,0.0,0.0,0.0,0.0,0.0,0.0,0.0,0.0,0.0,nan,nan,4.22365869424693,2.956986849707151,nan,0.404,0.0502,0.0,0.0,0.0,0.0,0.0,0.0,0.0,0.0,0.0,0.0,0.0,0.0,0.0,0.0,0.0,0.0,0.0,3.112033195020747e-05,0.0007676348547717843,0.0,0.0,0.00029045643153526973,8.298755186721991e-05,1.037344398340249e-05,0.004139004149377594,0.0,0.0010477178423236515,0.0009232365145228216,0.0033195020746887966,0.009512448132780084,0.01012448132780083,0.01696058091286307,0.015518672199170124,0.03727178423236514,0.031556016597510374,0.04134854771784233,0.05090248962655602,0.054304979253112035,0.06821576763485478,0.07485477178423236,0.0891908713692946,0.0716804979253112,0.05533195020746888,0.06259336099585062,0.09447095435684648,0.07399377593360996,0.04015560165975104,0.02432572614107884,0.025383817427385894,0.015975103734439833,0.007800829875518672,0.006659751037344399,0.0006120331950207468,0.009232365145228216,0.0012551867219917012,0.0001037344398340249,5.186721991701245e-05,0.0,0.0,0.0,0.0,0.0,0.0,0.0,0.0,0.0,0.0,0.0,0.0,0.0,0.0,0.0,0.0,0.0,0.0,0.0,0.0,0.0,0.0,0.0,0.0,0.0,0.0,0.0,0.0,0.0,0.0,0.0,0.0,0.0,0.0,0.0,0.0,0.0,0.0,0.0,0.0,0.0,0.0,0.0,0.0,nan,nan,4.22365869424693,2.956986849707151,nan,0.9175689874430419,0.022634095710002678,0.0,0.0,0.0,0.0,0.0,0.0,0.0,0.0,0.0,0.0,0.0,0.0,0.0,0.0,0.0,0.0,0.0,0.0,0.0,0.0,0.0,0.0,0.0,0.0,0.0,0.3675889328063242,6.272727272727274,16.019762845849804,6.782608695652176,0.557312252964427,0.9169719119259364,0.022845420537655817,0.0,0.0,0.0,0.0,0.0,0.0,0.0,0.0,0.0,0.0,0.0,0.0,0.0,0.0,0.0,0.0,0.0,0.0,0.0,0.0,0.0,0.0,0.0,0.0,0.0,0.43231441048034946,6.5240174672489095,15.655021834061138,6.943231441048036,0.44541484716157215,0.404,0.01078,0.0,0.0,0.0,0.0,0.0,0.0,0.0,0.0,0.0,0.0,0.0,10.743083003952554,19.173913043478265,0.08300395256916998,0.0,0.0,0.0,0.0,0.0,0.0,0.0,0.0,0.0,0.0,0.0,0.0,0.0,0.0,0.0,0.0,0.404,0.01072,0.0,0.0,0.0,0.0,0.0,0.0,0.0,0.0,0.0,0.0,0.0,10.834061135371163,19.06113537117904,0.10480349344978168,0.0,0.0,0.0,0.0,0.0,0.0,0.0,0.0,0.0,0.0,0.0,0.0,0.0,0.0,0.0,0.0
34000,4801,2513,0.5234326182045407,1163,976,0.4455321807956676,1332,0.5548843990835243,0.40599999999999997,2.95236013986014,3.0004229928517656,6.3894899536321486,2.0765298197349287,9445.132084111365,1519.1939748189507,7853.0,10916.64912056923,10894.713543899188,6.936154021911193,7853.0,0.0,27.80816496563216,20.823067736404102,32.86917518066284,19.028211752666696,0.143928348260779,0.09768798167048531,0.09268902312018329,0.08373255571755885,0.08123307644240783,0.07644240783170173,0.07227660903978338,0.06456988127473443,0.05602999375130181,0.05290564465736305,0.045615496771505934,0.038117058946052905,0.03457612997292231,0.02436992293272235,0.019787544261612163,0.010414496979795875,0.005623828369089773,0.9161131897709613,0.022723051504924593,0.0,0.0,0.0,0.0,0.0,0.0,0.0,0.0,0.0,0.0,0.0,0.0,0.0,0.0,0.0,0.0,0.0,0.0,0.0,0.0,0.0,0.0,0.0,0.0,0.0,0.4561549677150595,6.87356800666528,15.81545511351802,6.5298896063320155,0.32493230576963145,4.189022409873336,2.7758053735319845,nan,nan,nan,4.155945419103314,2.8597919629048194,4.223521767381417,2.6891243084826426,1.016260162601626,0.404,0.01072,0.0,0.0,0.0,0.0,0.0,0.0,0.0,0.0,0.0,0.0,0.01874609456363258,10.404082482816065,19.514684440741515,0.062486981878775265,0.0,0.0,0.0,0.0,0.0,0.0,0.0,0.0,0.0,0.0,0.0,0.0,0.0,0.0,0.0,0.0,nan,nan,4.189022409873336,2.7758053735319845,nan,0.404,0.05032,0.0,0.0,0.0,0.0,0.0,0.0,0.0,0.0,0.0,0.0,0.0,0.0,0.0,0.0,0.0,0.0,0.0,0.00014580295771714227,0.0008331597583836701,0.0,0.0,0.0003436784003332639,3.1243490939387625e-05,0.0,0.0044469902103728386,5.207248489897938e-05,0.0011351801707977505,0.000749843782545303,0.003103520099979171,0.009685482191210164,0.009675067694230368,0.016777754634451157,0.01634034576129973,0.03651322641116434,0.030951885023953345,0.040803999166840244,0.052749427202666115,0.05441574671943345,0.0659029368881483,0.07528639866694439,0.08971047698396167,0.07235992501562175,0.05587377629660487,0.06334097063111851,0.08960633201416372,0.07459904186627786,0.04325140595709227,0.02472401583003541,0.0255051031035201,0.015694646948552386,0.00772755675900854,0.006831910018746094,0.000843574255363466,0.008394084565715476,0.001499687565090606,3.1243490939387625e-05,6.248698187877525e-05,0.0,0.0,0.0,0.0,0.0,0.0,0.0,0.0,0.0,0.0,0.0,0.0,0.0,0.0,0.0,0.0,0.0,0.0,0.0,0.0,0.0,0.0,0.0,0.0,0.0,0.0,0.0,0.0,0.0,0.0,0.0,0.0,0.0,0.0,0.0,0.0,0.0,0.0,0.0,0.0,0.0,0.0,0.0,0.0,nan,nan,4.189022409873336,2.7758053735319845,nan,0.9163360517669189,0.022574922815735796,0.0,0.0,0.0,0.0,0.0,0.0,0.0,0.0,0.0,0.0,0.0,0.0,0.0,0.0,0.0,0.0,0.0,0.0,0.0,0.0,0.0,0.0,0.0,0.0,0.0,0.35813768404297663,6.8523676880222855,15.793871866295268,6.673298846000797,0.32232391563867896,0.9158684117133384,0.02288214107273673,0.0,0.0,0.0,0.0,0.0,0.0,0.0,0.0,0.0,0.0,0.0,0.0,0.0,0.0,0.0,0.0,0.0,0.0,0.0,0.0,0.0,0.0,0.0,0.0,0.0,0.5638111888111889,6.896853146853148,15.839160839160842,6.372377622377624,0.32779720279720287,0.4038,0.01052,0.0,0.0,0.0,0.0,0.0,0.0,0.0,0.0,0.0,0.0,0.011937922801432554,10.708316752884983,19.22005571030641,0.059689614007162765,0.0,0.0,0.0,0.0,0.0,0.0,0.0,0.0,0.0,0.0,0.0,0.0,0.0,0.0,0.0,0.0,0.4043,0.010925,0.0,0.0,0.0,0.0,0.0,0.0,0.0,0.0,0.0,0.0,0.02622377622377623,10.069930069930056,19.838286713286717,0.06555944055944057,0.0,0.0,0.0,0.0,0.0,0.0,0.0,0.0,0.0,0.0,0.0,0.0,0.0,0.0,0.0,0.0
34100,4554,2335,0.5127360562143171,1103,931,0.44664031620553357,1255,0.5511638120333773,0.442,2.9238395673726902,3.165135735038777,6.765541740674956,2.185472586393526,9412.570089631754,1520.3461862358693,7853.0,10917.714410185814,10894.66260735889,7.033523889490615,7853.0,0.0,26.96354852876592,20.51807021447819,31.92657894736842,18.845190057316984,0.14712340799297322,0.10057092665788318,0.10298638559508125,0.08893280632411067,0.07575757575757576,0.07553798858146685,0.07114624505928854,0.06873078612209046,0.05511638120333773,0.05006587615283267,0.039306104523495825,0.03842775581906017,0.031181379007465964,0.02217830478700044,0.017347386912604304,0.010101010101010102,0.005489679402722881,0.9168209276887268,0.02289653738091475,0.0,0.0,0.0,0.0,0.0,0.0,0.0,0.0,0.0,0.0,0.0,0.0,0.0,0.0,0.0,0.0,0.0,0.0,0.0,0.0,0.0,0.0,0.0,0.0,0.006587615283267459,0.3359683794466404,6.416337285902505,16.27140974967062,6.442687747035575,0.5270092226613967,4.346531184302733,2.9718535184666073,nan,nan,nan,4.272027972027972,2.9750925376547825,4.421348314606742,2.9667150490142666,1.0349530348481977,0.4033,0.01066,0.0,0.0,0.0,0.0,0.0,0.0,0.0,0.0,0.0,0.0,0.006587615283267459,11.146245059288521,18.79446640316206,0.05270092226613967,0.0,0.0,0.0,0.0,0.0,0.0,0.0,0.0,0.0,0.0,0.0,0.0,0.0,0.0,0.0,0.0,nan,nan,4.346531184302733,2.9718535184666073,nan,0.4033,0.0505,0.0,0.0,0.0,0.0,0.0,0.0,0.0,0.0,0.0,0.0,0.0,0.0,0.0,0.0,0.0,0.0,0.0,0.0001756697408871322,0.000878348704435661,0.0,0.0,0.00021958717610891525,0.0,0.0,0.0050175669740887135,6.587615283267457e-05,0.0011308739569609134,0.0008344312692138779,0.0035682916117698725,0.0097167325428195,0.00958498023715415,0.018434343434343435,0.01733640755379886,0.0339481774264383,0.03197189284145806,0.04245718050065876,0.05489679402722881,0.05487483530961792,0.06803908651734739,0.07203557312252964,0.08611111111111111,0.07324330259112868,0.055204216073781294,0.06561264822134387,0.09298418972332016,0.07086078173034695,0.04256697408871322,0.022913921826965306,0.02587834870443566,0.014888010540184453,0.005599472990777339,0.007070707070707071,0.0007575757575757576,0.009541062801932367,0.0015480895915678525,1.0979358805445763e-05,0.0,2.1958717610891526e-05,0.0,0.0,0.0,0.0,0.0,0.0,0.0,0.0,0.0,0.0,0.0,0.0,0.0,0.0,0.0,0.0,0.0,0.0,0.0,0.0,0.0,0.0,0.0,0.0,0.0,0.0,0.0,0.0,0.0,0.0,0.0,0.0,0.0,0.0,0.0,0.0,0.0,0.0,0.0,0.0,0.0,0.0,0.0,nan,nan,4.346531184302733,2.9718535184666073,nan,0.9168967858371694,0.023111095010336972,0.0,0.0,0.0,0.0,0.0,0.0,0.0,0.0,0.0,0.0,0.0,0.0,0.0,0.0,0.0,0.0,0.0,0.0,0.0,0.0,0.0,0.0,0.0,0.0,0.012847965738758033,0.35974304068522495,6.321199143468952,16.20128479657388,6.591006423982871,0.5139186295503213,0.9167411039948947,0.022668296779645467,0.0,0.0,0.0,0.0,0.0,0.0,0.0,0.0,0.0,0.0,0.0,0.0,0.0,0.0,0.0,0.0,0.0,0.0,0.0,0.0,0.0,0.0,0.0,0.0,0.0,0.31095087877422267,6.516448850833711,16.34520054078414,6.2866155926092855,0.5407841369986481,0.403,0.010574,0.0,0.0,0.0,0.0,0.0,0.0,0.0,0.0,0.0,0.0,0.012847965738758033,11.24197002141326,18.68094218415418,0.06423982869379016,0.0,0.0,0.0,0.0,0.0,0.0,0.0,0.0,0.0,0.0,0.0,0.0,0.0,0.0,0.0,0.0,0.4036,0.010735,0.0,0.0,0.0,0.0,0.0,0.0,0.0,0.0,0.0,0.0,0.0,11.04551599819737,18.913925191527717,0.04055881027489861,0.0,0.0,0.0,0.0,0.0,0.0,0.0,0.0,0.0,0.0,0.0,0.0,0.0,0.0,0.0,0.0
34200,4671,2406,0.5150931278098908,1118,975,0.44808392207236136,1329,0.5690430314707772,0.414,2.981015452538631,3.0899812228909442,6.490045941807044,2.220324224293102,9419.879190143554,1520.2821424471974,7853.0,10925.613192081451,10894.933789343533,7.027302224306021,7853.0,0.0,27.876043673731534,20.831521972826792,32.87231869254341,19.041378517570767,0.1417255405694712,0.09441233140655106,0.09698137443802184,0.0892742453436095,0.07728537786341255,0.07707129094412331,0.06658103189895097,0.06658103189895097,0.05887390280453864,0.05095268679083708,0.047313209162920145,0.03874973239135089,0.03425390708627703,0.02526225647612931,0.017341040462427744,0.011560693641618497,0.005780346820809248,0.9179994538697561,0.023190758237996562,0.0,0.0,0.0,0.0,0.0,0.0,0.0,0.0,0.0,0.0,0.0,0.0,0.0,0.0,0.0,0.0,0.0,0.0,0.0,0.0,0.0,0.0,0.0,0.0,0.006422607578676944,0.46885035324341695,5.979447655748236,16.14643545279384,6.872190109184331,0.5266538214515094,4.318030605455755,2.8988241095242135,nan,nan,nan,4.327714093054619,2.8760328644871014,4.3068331143232585,2.920959301812612,0.9951750558649722,0.4028,0.010414,0.0,0.0,0.0,0.0,0.0,0.0,0.0,0.0,0.0,0.0,0.012845215157353889,11.901091843288357,18.041104688503534,0.04495825305073861,0.0,0.0,0.0,0.0,0.0,0.0,0.0,0.0,0.0,0.0,0.0,0.0,0.0,0.0,0.0,0.0,nan,nan,4.318030605455755,2.8988241095242135,nan,0.4028,0.0505,0.0,0.0,0.0,0.0,0.0,0.0,0.0,0.0,0.0,0.0,0.0,0.0,0.0,0.0,0.0,0.0,0.0,1.0704345964461572e-05,0.0008777563690858488,0.0,0.0,9.633911368015414e-05,0.0,0.0,0.005534146863626632,0.00013915649753800042,0.0010597302504816955,0.0006529651038321559,0.003371868978805395,0.008327981160351102,0.011528580603725112,0.0198886748019696,0.017469492614001284,0.03683365446371227,0.02942624705630486,0.04443374009847998,0.0562406336972811,0.053660886319845856,0.0689681010490259,0.07039177906229929,0.08752943695140226,0.07270391779062299,0.052001712695354314,0.0673517448083922,0.09460500963391137,0.06950331834724899,0.03964889745236566,0.02185827445943053,0.02690002140869193,0.014632840933418968,0.0060693641618497106,0.0070862770284735605,0.0007707129094412332,0.009066581031898951,0.001348747591522158,0.0,0.0,1.0704345964461572e-05,0.0,0.0,0.0,0.0,0.0,0.0,0.0,0.0,0.0,0.0,0.0,0.0,0.0,0.0,0.0,0.0,0.0,0.0,0.0,0.0,0.0,0.0,0.0,0.0,0.0,0.0,0.0,0.0,0.0,0.0,0.0,0.0,0.0,0.0,0.0,0.0,0.0,0.0,0.0,0.0,0.0,0.0,0.0,nan,nan,4.318030605455755,2.8988241095242135,nan,0.9181448188258129,0.023175190157940253,0.0,0.0,0.0,0.0,0.0,0.0,0.0,0.0,0.0,0.0,0.0,0.0,0.0,0.0,0.0,0.0,0.0,0.0,0.0,0.0,0.0,0.0,0.0,0.0,0.0,0.46134663341645893,5.89775561097257,16.271820448877808,6.770573566084789,0.5985037406483792,0.9178450397045144,0.023206286677204768,0.0,0.0,0.0,0.0,0.0,0.0,0.0,0.0,0.0,0.0,0.0,0.0,0.0,0.0,0.0,0.0,0.0,0.0,0.0,0.0,0.0,0.0,0.0,0.0,0.013245033112582785,0.47682119205298024,6.066225165562916,16.013245033112586,6.980132450331127,0.45033112582781465,0.4028,0.0103,0.0,0.0,0.0,0.0,0.0,0.0,0.0,0.0,0.0,0.0,0.012468827930174566,11.895261845386518,18.067331670822945,0.024937655860349132,0.0,0.0,0.0,0.0,0.0,0.0,0.0,0.0,0.0,0.0,0.0,0.0,0.0,0.0,0.0,0.0,0.4028,0.01053,0.0,0.0,0.0,0.0,0.0,0.0,0.0,0.0,0.0,0.0,0.013245033112582785,11.907284768211904,18.013245033112586,0.06622516556291393,0.0,0.0,0.0,0.0,0.0,0.0,0.0,0.0,0.0,0.0,0.0,0.0,0.0,0.0,0.0,0.0
34300,4604,2373,0.5154213727193745,1119,913,0.4413553431798436,1247,0.5417028670721112,0.43,2.9852084267144776,3.136839696283506,6.69016393442623,2.1388065400471485,9420.718705873584,1520.097665198071,7853.0,10917.565535128117,10894.625335795186,7.091101116713736,7853.0,0.0,27.49978279756733,20.73260211767153,32.782528856243445,18.874862086609184,0.14813205907906168,0.09904430929626412,0.0894874022589053,0.08883579496090356,0.08492615117289314,0.07189400521285838,0.06928757602085144,0.06233709817549957,0.0577758470894874,0.05147697654213727,0.045612510860121636,0.039748045178106,0.03366637706342311,0.022806255430060818,0.01998262380538662,0.010425716768027803,0.004561251086012163,0.9177937086616569,0.023090954127988433,0.0,0.0,0.0,0.0,0.0,0.0,0.0,0.0,0.0,0.0,0.0,0.0,0.0,0.0,0.0,0.0,0.0,0.0,0.0,0.0,0.0,0.0,0.0,0.0,0.0,0.32580364900086883,6.333622936576892,15.619026933101654,7.252389226759341,0.4691572545612512,4.244800545516536,2.881583433635892,nan,nan,nan,4.170355466130114,2.8678389323530977,4.321775312066574,2.8937131451538654,1.0363086185736994,0.4028,0.01072,0.0,0.0,0.0,0.0,0.0,0.0,0.0,0.0,0.0,0.0,0.0065160729800173775,11.917897480451764,18.003909643788013,0.07167680278019115,0.0,0.0,0.0,0.0,0.0,0.0,0.0,0.0,0.0,0.0,0.0,0.0,0.0,0.0,0.0,0.0,nan,nan,4.244800545516536,2.881583433635892,nan,0.4028,0.0506,0.0,0.0,0.0,0.0,0.0,0.0,0.0,0.0,0.0,0.0,0.0,0.0,0.0,0.0,0.0,0.0,0.0,0.0,0.0006081668114682884,0.0,0.0,7.602085143353606e-05,0.0,1.0860121633362293e-05,0.007080799304952216,9.774109470026064e-05,0.0010425716768027802,0.000629887054735013,0.003192875760208514,0.007080799304952216,0.012239357080799306,0.01865768896611642,0.01775629887054735,0.038694613379669854,0.029192006950477845,0.044070373588184185,0.05459383145091225,0.052389226759339706,0.0690377932232841,0.07113379669852303,0.08729365768896612,0.07022154648132059,0.051357515204170284,0.07079713292788879,0.09946785403996525,0.06966768027801912,0.036804952215464815,0.022762814943527367,0.025836229365768897,0.013911815812337098,0.005408340573414422,0.005734144222415291,0.0010534317984361426,0.010881841876629019,0.0012054735013032145,0.0,0.0,1.0860121633362293e-05,0.0,0.0,0.0,0.0,0.0,0.0,0.0,0.0,0.0,0.0,0.0,0.0,0.0,0.0,0.0,0.0,0.0,0.0,0.0,0.0,0.0,0.0,0.0,0.0,0.0,0.0,0.0,0.0,0.0,0.0,0.0,0.0,0.0,0.0,0.0,0.0,0.0,0.0,0.0,0.0,0.0,0.0,0.0,nan,nan,4.244800545516536,2.881583433635892,nan,0.9169598822848887,0.023389762925197444,0.0,0.0,0.0,0.0,0.0,0.0,0.0,0.0,0.0,0.0,0.0,0.0,0.0,0.0,0.0,0.0,0.0,0.0,0.0,0.0,0.0,0.0,0.0,0.0,0.0,0.41719342604298365,6.49810366624526,15.549936788874845,7.0543615676359055,0.4804045512010115,0.918680606910008,0.022735285399954314,0.0,0.0,0.0,0.0,0.0,0.0,0.0,0.0,0.0,0.0,0.0,0.0,0.0,0.0,0.0,0.0,0.0,0.0,0.0,0.0,0.0,0.0,0.0,0.0,0.0,0.22859704168534295,6.1586732406992395,15.692514567458542,7.4630210667861965,0.4571940833706859,0.403,0.01104,0.0,0.0,0.0,0.0,0.0,0.0,0.0,0.0,0.0,0.0,0.012642225031605565,11.871049304677607,18.04045512010114,0.07585335018963339,0.0,0.0,0.0,0.0,0.0,0.0,0.0,0.0,0.0,0.0,0.0,0.0,0.0,0.0,0.0,0.0,0.4028,0.01036,0.0,0.0,0.0,0.0,0.0,0.0,0.0,0.0,0.0,0.0,0.0,11.967727476467934,17.965038099506952,0.06723442402510087,0.0,0.0,0.0,0.0,0.0,0.0,0.0,0.0,0.0,0.0,0.0,0.0,0.0,0.0,0.0,0.0
34400,4730,2437,0.5152219873150106,1148,953,0.4441860465116279,1296,0.5479915433403806,0.426,2.9973833406018318,3.1520547089063626,6.7063492063492065,2.2313333629172543,9420.093598267265,1520.0977135157168,7853.0,10922.184492349625,10894.589134101012,6.901974125805631,7853.0,0.0,28.151797040169132,21.13400819218814,33.25486725663717,19.35439067455077,0.13995771670190274,0.10359408033826638,0.08921775898520085,0.08414376321353066,0.08224101479915433,0.07209302325581396,0.0708245243128964,0.06300211416490487,0.05771670190274841,0.04904862579281184,0.04989429175475687,0.03932346723044398,0.03150105708245243,0.028118393234672304,0.0200845665961945,0.011627906976744186,0.007610993657505285,0.9174874489453579,0.02286289333870829,0.0,0.0,0.0,0.0,0.0,0.0,0.0,0.0,0.0,0.0,0.0,0.0,0.0,0.0,0.0,0.0,0.0,0.0,0.0,0.0,0.0,0.0,0.0,0.0,0.0,0.45665961945031724,5.9746300211416505,16.281183932346725,6.830866807610995,0.45665961945031724,4.276958374303507,2.9563064253670515,nan,nan,nan,4.358589157413455,2.981560416356083,4.1947368421052635,2.9283502961674026,0.9624070291118176,0.4026,0.01048,0.0,0.0,0.0,0.0,0.0,0.0,0.0,0.0,0.0,0.0,0.0,12.247357293868905,17.695560253699792,0.057082452431289656,0.0,0.0,0.0,0.0,0.0,0.0,0.0,0.0,0.0,0.0,0.0,0.0,0.0,0.0,0.0,0.0,nan,nan,4.276958374303507,2.9563064253670515,nan,0.4026,0.0507,0.0,0.0,0.0,0.0,0.0,0.0,0.0,0.0,0.0,0.0,0.0,0.0,0.0,0.0,0.0,0.0,3.171247357293869e-05,0.0,0.00035940803382663846,0.0,0.0,7.399577167019027e-05,0.0,0.0,0.007885835095137421,0.00013742071881606764,0.0010887949260042283,0.0007188160676532769,0.002346723044397463,0.0075369978858350955,0.014291754756871037,0.018837209302325582,0.01704016913319239,0.035634249471458775,0.029323467230443975,0.04554968287526427,0.05241014799154334,0.05382663847780127,0.07116279069767442,0.07423890063424947,0.09157505285412262,0.07061310782241015,0.05147991543340381,0.06660676532769556,0.0947568710359408,0.06765327695560254,0.036405919661733614,0.02291754756871036,0.025866807610993657,0.014651162790697675,0.005972515856236787,0.005887949260042284,0.0006448202959830867,0.011405919661733615,0.0009830866807610994,1.0570824524312896e-05,0.0,0.0,7.399577167019027e-05,0.0,0.0,0.0,0.0,0.0,0.0,0.0,0.0,0.0,0.0,0.0,0.0,0.0,0.0,0.0,0.0,0.0,0.0,0.0,0.0,0.0,0.0,0.0,0.0,0.0,0.0,0.0,0.0,0.0,0.0,0.0,0.0,0.0,0.0,0.0,0.0,0.0,0.0,0.0,0.0,0.0,0.0,nan,nan,4.276958374303507,2.9563064253670515,nan,0.9172683478771393,0.022652226897345248,0.0,0.0,0.0,0.0,0.0,0.0,0.0,0.0,0.0,0.0,0.0,0.0,0.0,0.0,0.0,0.0,0.0,0.0,0.0,0.0,0.0,0.0,0.0,0.0,0.0,0.4062371768567912,6.093557652851868,16.212556421830122,6.881411571604433,0.4062371768567912,0.91772030952244,0.023082402665912726,0.0,0.0,0.0,0.0,0.0,0.0,0.0,0.0,0.0,0.0,0.0,0.0,0.0,0.0,0.0,0.0,0.0,0.0,0.0,0.0,0.0,0.0,0.0,0.0,0.0,0.5102485826428261,5.8482337549062375,16.354121238552118,6.7771478412559985,0.5102485826428261,0.4026,0.01052,0.0,0.0,0.0,0.0,0.0,0.0,0.0,0.0,0.0,0.0,0.0,12.211735740664734,17.739023389413216,0.0492408699220353,0.0,0.0,0.0,0.0,0.0,0.0,0.0,0.0,0.0,0.0,0.0,0.0,0.0,0.0,0.0,0.0,0.4026,0.010445,0.0,0.0,0.0,0.0,0.0,0.0,0.0,0.0,0.0,0.0,0.0,12.28521587440033,17.649367640645444,0.06541648495420847,0.0,0.0,0.0,0.0,0.0,0.0,0.0,0.0,0.0,0.0,0.0,0.0,0.0,0.0,0.0,0.0
34500,4850,2504,0.5162886597938144,1170,1009,0.44927835051546394,1358,0.56,0.422,2.9957374254049447,3.137102812392632,6.757825370675453,2.200569167609169,9423.531947835303,1520.1835031242142,7853.0,10921.361295998096,10894.964835064384,7.031271677784974,7853.0,0.0,27.14082474226804,20.5355152087015,32.2269908211362,18.802484986742336,0.14556701030927835,0.10762886597938144,0.09360824742268041,0.08268041237113402,0.0779381443298969,0.07835051546391752,0.07463917525773196,0.06762886597938145,0.05360824742268041,0.050721649484536085,0.04288659793814433,0.03649484536082474,0.029278350515463916,0.027422680412371135,0.018350515463917527,0.009072164948453608,0.004123711340206186,0.9185858241430263,0.022814055203750766,0.0,0.0,0.0,0.0,0.0,0.0,0.0,0.0,0.0,0.0,0.0,0.0,0.0,0.0,0.0,0.0,0.0,0.0,0.0,0.0,0.0,0.0,0.0,0.0,0.0,0.309278350515464,5.808247422680414,16.193814432989694,7.1134020618556715,0.575257731958763,4.379954143465444,2.8796843774706806,nan,nan,nan,4.384872824631861,2.8720713651061733,4.375240538806928,2.8869532764706567,0.9978032918604105,0.402,0.010574,0.0,0.0,0.0,0.0,0.0,0.0,0.0,0.0,0.0,0.0,0.0,12.791752577319569,17.15876288659794,0.04948453608247424,0.0,0.0,0.0,0.0,0.0,0.0,0.0,0.0,0.0,0.0,0.0,0.0,0.0,0.0,0.0,0.0,nan,nan,4.379954143465444,2.8796843774706806,nan,0.402,0.05066,0.0,0.0,0.0,0.0,0.0,0.0,0.0,0.0,0.0,0.0,0.0,0.0,0.0,0.0,0.0,0.0,0.00013402061855670103,0.0,0.0002577319587628866,0.0,0.0,4.1237113402061855e-05,0.0,4.1237113402061855e-05,0.006907216494845361,0.0002061855670103093,0.001020618556701031,0.0005257731958762887,0.0025670103092783505,0.007824742268041238,0.015525773195876289,0.019278350515463918,0.017824742268041236,0.036577319587628866,0.02981443298969072,0.0455360824742268,0.05111340206185567,0.051969072164948456,0.07324742268041237,0.07608247422680413,0.09327835051546392,0.07049484536082475,0.05102061855670103,0.06565979381443299,0.09242268041237113,0.06644329896907217,0.03734020618556701,0.021865979381443298,0.024041237113402062,0.01397938144329897,0.007422680412371134,0.006628865979381443,0.0009690721649484536,0.010855670103092784,0.000979381443298969,7.216494845360825e-05,0.0,0.0,3.0927835051546395e-05,0.0,0.0,0.0,0.0,0.0,0.0,0.0,0.0,0.0,0.0,0.0,0.0,0.0,0.0,0.0,0.0,0.0,0.0,0.0,0.0,0.0,0.0,0.0,0.0,0.0,0.0,0.0,0.0,0.0,0.0,0.0,0.0,0.0,0.0,0.0,0.0,0.0,0.0,0.0,0.0,0.0,0.0,nan,nan,4.379954143465444,2.8796843774706806,nan,0.9187610795893989,0.023004088930761588,0.0,0.0,0.0,0.0,0.0,0.0,0.0,0.0,0.0,0.0,0.0,0.0,0.0,0.0,0.0,0.0,0.0,0.0,0.0,0.0,0.0,0.0,0.0,0.0,0.0,0.38338658146964866,5.798722044728436,15.97044728434505,7.248402555910545,0.5990415335463259,0.9183987654739227,0.022607961953620918,0.0,0.0,0.0,0.0,0.0,0.0,0.0,0.0,0.0,0.0,0.0,0.0,0.0,0.0,0.0,0.0,0.0,0.0,0.0,0.0,0.0,0.0,0.0,0.0,0.0,0.23017902813299237,5.818414322250641,16.43222506393862,6.969309462915603,0.5498721227621485,0.4023,0.01054,0.0,0.0,0.0,0.0,0.0,0.0,0.0,0.0,0.0,0.0,0.0,12.747603833865796,17.204472843450482,0.04792332268370608,0.0,0.0,0.0,0.0,0.0,0.0,0.0,0.0,0.0,0.0,0.0,0.0,0.0,0.0,0.0,0.0,0.4019,0.010605,0.0,0.0,0.0,0.0,0.0,0.0,0.0,0.0,0.0,0.0,0.0,12.838874680306887,17.109974424552433,0.051150895140664975,0.0,0.0,0.0,0.0,0.0,0.0,0.0,0.0,0.0,0.0,0.0,0.0,0.0,0.0,0.0,0.0
34600,4551,2464,0.5414194682487365,1136,903,0.44803339925291147,1249,0.5488903537684026,0.43,2.9995208433157643,3.032091534047103,6.492307692307692,2.0598794191808314,9499.92226837431,1515.7114554673703,7853.0,10919.011061251163,10894.860082537129,7.070560987111081,7853.0,0.0,28.67479674796748,21.095865245918688,33.44392644392644,19.3390602540223,0.13425620742693914,0.09162821357943308,0.0942649967040211,0.08503625576796309,0.08130081300813008,0.07536805097780708,0.07273126785321907,0.06460118655240607,0.055592177543397056,0.053394858272907054,0.04438584926389805,0.04262799384750604,0.037793891452428036,0.027686222808174028,0.021753460777851022,0.00966820479015601,0.007910349373764008,0.9185704048113151,0.02291178344460267,0.0,0.0,0.0,0.0,0.0,0.0,0.0,0.0,0.0,0.0,0.0,0.0,0.0,0.0,0.0,0.0,0.0,0.0,0.0,0.0,0.0,0.0,0.0,0.0,0.0,0.3361898483849704,5.880026367831247,16.09756097560976,7.106130520764669,0.5800922874093607,4.085942704863425,2.835474501786528,nan,nan,nan,4.122476446837147,2.8288683524039424,4.050131926121372,2.841479181760644,0.9824511985335225,0.4023,0.01074,0.0,0.0,0.0,0.0,0.0,0.0,0.0,0.0,0.0,0.0,0.0,12.498352010547116,17.46209624258405,0.03955174686882004,0.0,0.0,0.0,0.0,0.0,0.0,0.0,0.0,0.0,0.0,0.0,0.0,0.0,0.0,0.0,0.0,nan,nan,4.085942704863425,2.835474501786528,nan,0.4023,0.0512,0.0,0.0,0.0,0.0,0.0,0.0,0.0,0.0,0.0,0.0,0.0,0.0,0.0,0.0,0.0,0.0,0.0001977587343441002,0.0,0.00012085255987695013,0.0,0.0,1.0986596352450011e-05,0.0,0.0,0.007284113381674357,0.00035157108327840036,0.0011645792133597012,0.00046143704680290046,0.0023621182157767522,0.008899143045484509,0.015820698747528016,0.02019336409580312,0.02010547132498352,0.033992529114480335,0.02840035157108328,0.046407382992748845,0.0514502307185234,0.0528784882443419,0.07570863546473303,0.07061085475719622,0.09038672819160624,0.06978686003076247,0.05152713689299055,0.06457921335970117,0.09406723796967699,0.06545814106789717,0.037497253350911884,0.023862887277521425,0.024807734563832125,0.014491320588881565,0.006789716545814107,0.007361019556141508,0.0007361019556141507,0.01071193144363876,0.0012304987914744012,0.00018677213799165018,6.591957811470006e-05,0.0,3.295978905735003e-05,0.0,0.0,0.0,0.0,0.0,0.0,0.0,0.0,0.0,0.0,0.0,0.0,0.0,0.0,0.0,0.0,0.0,0.0,0.0,0.0,0.0,0.0,0.0,0.0,0.0,0.0,0.0,0.0,0.0,0.0,0.0,0.0,0.0,0.0,0.0,0.0,0.0,0.0,0.0,0.0,0.0,0.0,nan,nan,4.085942704863425,2.835474501786528,nan,0.9186706370734549,0.02285379077281099,0.0,0.0,0.0,0.0,0.0,0.0,0.0,0.0,0.0,0.0,0.0,0.0,0.0,0.0,0.0,0.0,0.0,0.0,0.0,0.0,0.0,0.0,0.0,0.0,0.0,0.3287337662337663,5.917207792207794,15.90097402597403,7.268668831168832,0.5844155844155845,0.918452066385866,0.02297950085511144,0.0,0.0,0.0,0.0,0.0,0.0,0.0,0.0,0.0,0.0,0.0,0.0,0.0,0.0,0.0,0.0,0.0,0.0,0.0,0.0,0.0,0.0,0.0,0.0,0.0,0.3449928126497365,5.836128413991376,16.329659798754196,6.914230953521804,0.5749880210828943,0.402,0.01081,0.0,0.0,0.0,0.0,0.0,0.0,0.0,0.0,0.0,0.0,0.0,12.857142857142838,17.081980519480524,0.06087662337662339,0.0,0.0,0.0,0.0,0.0,0.0,0.0,0.0,0.0,0.0,0.0,0.0,0.0,0.0,0.0,0.0,0.4023,0.01067,0.0,0.0,0.0,0.0,0.0,0.0,0.0,0.0,0.0,0.0,0.0,12.07474844274076,17.910876856732155,0.014374700527072357,0.0,0.0,0.0,0.0,0.0,0.0,0.0,0.0,0.0,0.0,0.0,0.0,0.0,0.0,0.0,0.0
34700,4648,2433,0.5234509466437177,1196,938,0.4591222030981067,1276,0.5490533562822719,0.426,2.979683972911964,3.1476879457012386,6.747954173486089,2.140401228396644,9445.434907816081,1519.4271420455866,7853.0,10917.404475331306,10895.185553443956,6.952785152262494,7853.0,0.0,27.89909638554217,20.728968128332113,32.656647987773816,19.03717280526721,0.1351118760757315,0.09853700516351119,0.09617039586919104,0.08950086058519793,0.08003442340791739,0.0783132530120482,0.07185886402753873,0.06153184165232358,0.0576592082616179,0.05335628227194492,0.04969879518072289,0.03399311531841653,0.03356282271944923,0.025387263339070567,0.018717728055077452,0.0096815834767642,0.0068846815834767644,0.9198311784155603,0.022698862802903834,0.0,0.0,0.0,0.0,0.0,0.0,0.0,0.0,0.0,0.0,0.0,0.0,0.0,0.0,0.0,0.0,0.0,0.0,0.0,0.0,0.0,0.0,0.0,0.0,0.0,0.2969018932874355,5.408777969018934,16.0197934595525,7.725903614457833,0.5486230636833047,4.136423841059603,2.953154861318365,nan,nan,nan,4.110146862483311,2.943938327415789,4.162286465177398,2.9619704396037094,1.0126855814253277,0.402,0.01045,0.0,0.0,0.0,0.0,0.0,0.0,0.0,0.0,0.0,0.0,0.006454388984509468,12.527969018932856,17.426850258175563,0.038726333907056806,0.0,0.0,0.0,0.0,0.0,0.0,0.0,0.0,0.0,0.0,0.0,0.0,0.0,0.0,0.0,0.0,nan,nan,4.136423841059603,2.953154861318365,nan,0.402,0.0512,0.0,0.0,0.0,0.0,0.0,0.0,0.0,0.0,0.0,0.0,0.0,0.0,0.0,0.0,0.0,0.0,0.00023666092943201377,2.151462994836489e-05,5.378657487091222e-05,0.0,0.0,0.0,0.0,0.0,0.006895438898450947,0.00039802065404475045,0.0009143717728055077,0.00032271944922547335,0.002054647160068847,0.0082723752151463,0.01707185886402754,0.019395438898450947,0.021772805507745265,0.034003872633390705,0.029679432013769363,0.04524526678141136,0.05124784853700516,0.05341006884681584,0.07541953528399312,0.06955679862306369,0.08994191049913941,0.07314974182444062,0.05278614457831325,0.06468373493975904,0.09371772805507746,0.06291953528399312,0.038005593803786576,0.02240748709122203,0.023827452667814112,0.013285283993115318,0.006260757314974183,0.00858433734939759,0.0008283132530120482,0.011671686746987951,0.0014629948364888125,0.00015060240963855423,0.0003334767641996558,1.0757314974182445e-05,0.0,0.0,0.0,0.0,0.0,0.0,0.0,0.0,0.0,0.0,0.0,0.0,0.0,0.0,0.0,0.0,0.0,0.0,0.0,0.0,0.0,0.0,0.0,0.0,0.0,0.0,0.0,0.0,0.0,0.0,0.0,0.0,0.0,0.0,0.0,0.0,0.0,0.0,0.0,0.0,0.0,0.0,0.0,nan,nan,4.136423841059603,2.953154861318365,nan,0.9197134090165665,0.022702280213412158,0.0,0.0,0.0,0.0,0.0,0.0,0.0,0.0,0.0,0.0,0.0,0.0,0.0,0.0,0.0,0.0,0.0,0.0,0.0,0.0,0.0,0.0,0.0,0.0,0.0,0.24660912453760794,5.524044389642418,15.955610357583234,7.681874229346487,0.5918618988902591,0.9199605386628523,0.022694404138029572,0.0,0.0,0.0,0.0,0.0,0.0,0.0,0.0,0.0,0.0,0.0,0.0,0.0,0.0,0.0,0.0,0.0,0.0,0.0,0.0,0.0,0.0,0.0,0.0,0.0,0.35214446952595946,5.282167042889391,16.09029345372461,7.774266365688489,0.5011286681715577,0.4023,0.010544,0.0,0.0,0.0,0.0,0.0,0.0,0.0,0.0,0.0,0.0,0.0,12.42909987669542,17.533908754623923,0.03699136868064119,0.0,0.0,0.0,0.0,0.0,0.0,0.0,0.0,0.0,0.0,0.0,0.0,0.0,0.0,0.0,0.0,0.402,0.01035,0.0,0.0,0.0,0.0,0.0,0.0,0.0,0.0,0.0,0.0,0.013544018058690748,12.636568848758447,17.309255079006775,0.04063205417607224,0.0,0.0,0.0,0.0,0.0,0.0,0.0,0.0,0.0,0.0,0.0,0.0,0.0,0.0,0.0,0.0
34800,4701,2459,0.5230801957030419,1170,955,0.45203148266326315,1332,0.5666879387364391,0.418,2.9665477252453165,3.0667922290237764,6.4392523364485985,2.128332403067306,9444.255957815412,1519.4308023449064,7853.0,10921.168585598469,10895.087945380337,6.902114310726583,7853.0,0.0,27.987662199532014,20.767046390507407,32.938718662952645,18.961938726365904,0.13826845352052755,0.09976600723250373,0.08870453095086152,0.08955541374175707,0.08040842373962986,0.07572856838970432,0.07062327164433099,0.06360348861944268,0.05913635396724101,0.05488194001276324,0.04594767070835992,0.042544139544777704,0.03212082535630717,0.02318655605190385,0.018506700701978303,0.010636034886194426,0.006381620931716656,0.9194619554936746,0.022853954697090662,0.0,0.0,0.0,0.0,0.0,0.0,0.0,0.0,0.0,0.0,0.0,0.0,0.0,0.0,0.0,0.0,0.0,0.0,0.0,0.0,0.0,0.0,0.0,0.0,0.0,0.2680280791320996,5.807275047862158,15.762603701340144,7.555839183152522,0.6062539885130824,4.179436804191225,2.8804871972550923,nan,nan,nan,4.203257328990228,2.81579811625437,4.1553653719552335,2.9442184865466565,0.9886059897630632,0.402,0.01058,0.0,0.0,0.0,0.0,0.0,0.0,0.0,0.0,0.0,0.0,0.0,12.99936183790681,16.943203573707724,0.05743458838544992,0.0,0.0,0.0,0.0,0.0,0.0,0.0,0.0,0.0,0.0,0.0,0.0,0.0,0.0,0.0,0.0,nan,nan,4.179436804191225,2.8804871972550923,nan,0.402,0.05075,0.0,0.0,0.0,0.0,0.0,0.0,0.0,0.0,0.0,0.0,0.0,0.0,0.0,0.0,0.0,0.0,0.0,3.190810465858328e-05,0.0,0.0,0.0,0.0,0.0,1.0636034886194427e-05,0.006147628164220378,0.0003084450116996384,0.0008934269304403319,0.0005105296745373325,0.0016060412678153585,0.007849393746011487,0.017815358434375664,0.020740268028079132,0.021974048074877687,0.033663050414805364,0.028408849181025313,0.04435226547543076,0.05419059774516061,0.054913848117421823,0.0750053180174431,0.0683152520740268,0.08998085513720484,0.07350563709848969,0.05155286109338439,0.06592214422463305,0.09621357158051479,0.06190172303765156,0.03774728781110402,0.022356945330780684,0.021708147202722825,0.014305466921931504,0.00631780472239949,0.008008934269304404,0.0012337800467985536,0.010529674537332482,0.001318868325888109,0.00019144862795149968,0.00045734950010636036,1.0636034886194427e-05,0.0,0.0,0.0,0.0,0.0,0.0,0.0,0.0,0.0,0.0,0.0,0.0,0.0,0.0,0.0,0.0,0.0,0.0,0.0,0.0,0.0,0.0,0.0,0.0,0.0,0.0,0.0,0.0,0.0,0.0,0.0,0.0,0.0,0.0,0.0,0.0,0.0,0.0,0.0,0.0,0.0,0.0,0.0,nan,nan,4.179436804191225,2.8804871972550923,nan,0.919483268803918,0.02270651914193428,0.0,0.0,0.0,0.0,0.0,0.0,0.0,0.0,0.0,0.0,0.0,0.0,0.0,0.0,0.0,0.0,0.0,0.0,0.0,0.0,0.0,0.0,0.0,0.0,0.0,0.2684017893452623,5.74623830825539,15.762505083367225,7.661651077673852,0.5612037413582758,0.9194385792983631,0.023014551612124786,0.0,0.0,0.0,0.0,0.0,0.0,0.0,0.0,0.0,0.0,0.0,0.0,0.0,0.0,0.0,0.0,0.0,0.0,0.0,0.0,0.0,0.0,0.0,0.0,0.0,0.2676181980374666,5.8742194469223925,15.762711864406782,7.439785905441572,0.6556645851917932,0.402,0.01053,0.0,0.0,0.0,0.0,0.0,0.0,0.0,0.0,0.0,0.0,0.0,13.005286701911327,16.909312728751527,0.08540056933712893,0.0,0.0,0.0,0.0,0.0,0.0,0.0,0.0,0.0,0.0,0.0,0.0,0.0,0.0,0.0,0.0,0.4019,0.01063,0.0,0.0,0.0,0.0,0.0,0.0,0.0,0.0,0.0,0.0,0.0,12.992863514718982,16.980374665477257,0.026761819803746662,0.0,0.0,0.0,0.0,0.0,0.0,0.0,0.0,0.0,0.0,0.0,0.0,0.0,0.0,0.0,0.0
34900,4765,2421,0.5080797481636936,1129,1002,0.4472193074501574,1402,0.5884575026232949,0.37799999999999995,2.9343003412969284,3.028158679510273,6.409024745269287,2.046071980197766,9398.671195238847,1520.9007222841205,7853.0,10920.8208912611,10895.18225746101,7.009680145286704,7853.0,0.0,28.28520461699895,20.7184565078654,32.986633663366334,18.98474686215892,0.12948583420776497,0.09779643231899265,0.09590766002098636,0.0875131164742917,0.080797481636936,0.0789087093389297,0.06946484784889821,0.0602308499475341,0.06190975865687303,0.053515215110178385,0.048268625393494226,0.04302203567681007,0.032948583420776494,0.025813221406086044,0.017838405036726127,0.012381951731374607,0.004197271773347324,0.919687162741534,0.022870908593516728,0.0,0.0,0.0,0.0,0.0,0.0,0.0,0.0,0.0,0.0,0.0,0.0,0.0,0.0,0.0,0.0,0.0,0.0,0.0,0.0,0.0,0.0,0.0,0.0,0.0,0.3336831059811124,5.540398740818469,15.771248688352573,7.8384050367261295,0.516264428121721,4.238141335914811,2.842325859867887,nan,nan,nan,4.287103046014258,2.8498630853192317,4.189710610932476,2.8349036481667267,0.9772824599650506,0.4023,0.0103,0.0,0.0,0.0,0.0,0.0,0.0,0.0,0.0,0.0,0.0,0.006295907660020988,12.421825813221387,17.521511017838407,0.050367261280167906,0.0,0.0,0.0,0.0,0.0,0.0,0.0,0.0,0.0,0.0,0.0,0.0,0.0,0.0,0.0,0.0,nan,nan,4.238141335914811,2.842325859867887,nan,0.4023,0.05054,0.0,0.0,0.0,0.0,0.0,0.0,0.0,0.0,0.0,0.0,0.0,0.0,0.0,0.0,0.0,0.0,0.0,0.0001888772298006296,0.0,0.0,0.0,0.0,0.0,1.0493179433368311e-05,0.00502623294858342,0.00033578174186778596,0.000912906610703043,0.0004931794333683106,0.001752360965372508,0.007219307450157398,0.01621196222455404,0.021710388247639035,0.022885624344176285,0.03388247639034628,0.027869884575026233,0.04388247639034627,0.055498426023084996,0.0544700944386149,0.07547743966421826,0.06731374606505772,0.09385099685204618,0.07277019937040924,0.050041972717733474,0.06433368310598112,0.09262329485834207,0.0646694648478489,0.040797481636935994,0.02224554039874082,0.021416579223504723,0.014239244491080797,0.0060230849947534104,0.008856243441762853,0.0010388247639034627,0.010409233997901364,0.0008814270724029381,0.00014690451206715634,0.00044071353620146904,7.345225603357817e-05,0.0,0.0,0.0,0.0,0.0,0.0,0.0,0.0,0.0,0.0,0.0,0.0,0.0,0.0,0.0,0.0,0.0,0.0,0.0,0.0,0.0,0.0,0.0,0.0,0.0,0.0,0.0,0.0,0.0,0.0,0.0,0.0,0.0,0.0,0.0,0.0,0.0,0.0,0.0,0.0,0.0,0.0,0.0,nan,nan,4.238141335914811,2.842325859867887,nan,0.9197809548232241,0.02286391419652923,0.0,0.0,0.0,0.0,0.0,0.0,0.0,0.0,0.0,0.0,0.0,0.0,0.0,0.0,0.0,0.0,0.0,0.0,0.0,0.0,0.0,0.0,0.0,0.0,0.0,0.3345724907063198,5.501858736059481,15.848822800495666,7.74473358116481,0.57001239157373,0.9195902896059658,0.02287772683883415,0.0,0.0,0.0,0.0,0.0,0.0,0.0,0.0,0.0,0.0,0.0,0.0,0.0,0.0,0.0,0.0,0.0,0.0,0.0,0.0,0.0,0.0,0.0,0.0,0.0,0.33276450511945405,5.580204778156999,15.691126279863484,7.935153583617749,0.4607508532423209,0.402,0.01037,0.0,0.0,0.0,0.0,0.0,0.0,0.0,0.0,0.0,0.0,0.0,12.627013630731085,17.31102850061958,0.06195786864931847,0.0,0.0,0.0,0.0,0.0,0.0,0.0,0.0,0.0,0.0,0.0,0.0,0.0,0.0,0.0,0.0,0.4023,0.01023,0.0,0.0,0.0,0.0,0.0,0.0,0.0,0.0,0.0,0.0,0.012798634812286692,12.209897610921484,17.738907849829353,0.03839590443686008,0.0,0.0,0.0,0.0,0.0,0.0,0.0,0.0,0.0,0.0,0.0,0.0,0.0,0.0,0.0,0.0
35000,4349,2241,0.5152908714647045,1080,864,0.4469993101862497,1222,0.5619682685674868,0.426,3.043168880455408,3.159206271454436,6.648692810457517,2.2005157425216404,9420.521199088791,1520.3029648066008,7853.0,10920.890796661377,10895.01235824951,6.9590842686033305,7853.0,0.0,28.24718326051966,20.949101661563468,33.14542974079127,19.173463115566058,0.13727293630719706,0.10186249712577604,0.08852609795355254,0.08737640836974017,0.07748907794895378,0.0738100712807542,0.06622212002759255,0.06944125086226718,0.06277305127615544,0.05173603127155668,0.04276845251782019,0.045297769602207404,0.03127155667969648,0.02943205334559669,0.018165095424235455,0.010807082087836284,0.005748447919061853,0.9192657456312489,0.02296749619828077,0.0,0.0,0.0,0.0,0.0,0.0,0.0,0.0,0.0,0.0,0.0,0.0,0.0,0.0,0.0,0.0,0.0,0.0,0.0,0.0,0.0,0.0,0.0,0.0,0.0,0.36560128765233396,5.711657852379859,15.976086456656706,7.34651644056105,0.6001379627500576,4.318861209964413,2.9504991046435602,nan,nan,nan,4.365682137834036,2.960576084359988,4.2696467195385726,2.9400587233874305,0.9780021963891512,0.4023,0.01021,0.0,0.0,0.0,0.0,0.0,0.0,0.0,0.0,0.0,0.0,0.0,12.382156817659213,17.590250632329276,0.0275925500114969,0.0,0.0,0.0,0.0,0.0,0.0,0.0,0.0,0.0,0.0,0.0,0.0,0.0,0.0,0.0,0.0,nan,nan,4.318861209964413,2.9504991046435602,nan,0.4023,0.05002,0.0,0.0,0.0,0.0,0.0,0.0,0.0,0.0,0.0,0.0,0.0,0.0,0.0,0.0,0.0,0.0,0.0,0.00019544722924810302,0.0,0.0,0.0,4.598758335249483e-05,0.0,0.0,0.004679236606116349,4.598758335249483e-05,0.001057714417107381,0.00025293170843872155,0.0015175902506323292,0.007967348815819729,0.015267877673028282,0.01925730052885721,0.022315474821798114,0.03407679926419867,0.02989192917912164,0.04337778799724074,0.058266268107610944,0.05219590710508163,0.07556909634398712,0.06744079098643366,0.09679236606116348,0.07236146240515061,0.05319613704299839,0.06283053575534606,0.09222809841342837,0.06311795815129916,0.038859507932858126,0.02347666130144861,0.023361692343067373,0.014394113589330881,0.00595539204414808,0.007679926419866636,0.0008392733961830306,0.010473672108530696,0.0004943665210393194,0.0,0.0003793975626580823,0.00013796275005748448,0.0,0.0,0.0,0.0,0.0,0.0,0.0,0.0,0.0,0.0,0.0,0.0,0.0,0.0,0.0,0.0,0.0,0.0,0.0,0.0,0.0,0.0,0.0,0.0,0.0,0.0,0.0,0.0,0.0,0.0,0.0,0.0,0.0,0.0,0.0,0.0,0.0,0.0,0.0,0.0,0.0,0.0,0.0,nan,nan,4.318861209964413,2.9504991046435602,nan,0.9191085173848589,0.022910922826508712,0.0,0.0,0.0,0.0,0.0,0.0,0.0,0.0,0.0,0.0,0.0,0.0,0.0,0.0,0.0,0.0,0.0,0.0,0.0,0.0,0.0,0.0,0.0,0.0,0.0,0.388219544846051,5.609103078982598,16.157965194109774,7.215528781793844,0.6291834002677377,0.9194328938761065,0.023026309238382253,0.0,0.0,0.0,0.0,0.0,0.0,0.0,0.0,0.0,0.0,0.0,0.0,0.0,0.0,0.0,0.0,0.0,0.0,0.0,0.0,0.0,0.0,0.0,0.0,0.0,0.34155597722960157,5.82068311195446,15.78273244781784,7.485768500948768,0.5692599620493359,0.4023,0.010025,0.0,0.0,0.0,0.0,0.0,0.0,0.0,0.0,0.0,0.0,0.0,12.583668005354735,17.37617135207497,0.04016064257028113,0.0,0.0,0.0,0.0,0.0,0.0,0.0,0.0,0.0,0.0,0.0,0.0,0.0,0.0,0.0,0.0,0.4026,0.01041,0.0,0.0,0.0,0.0,0.0,0.0,0.0,0.0,0.0,0.0,0.0,12.167931688804536,17.817836812144215,0.0142314990512334,0.0,0.0,0.0,0.0,0.0,0.0,0.0,0.0,0.0,0.0,0.0,0.0,0.0,0.0,0.0,0.0
35100,4344,2256,0.5193370165745856,1035,915,0.4488950276243094,1233,0.5676795580110497,0.40599999999999997,3.0047892720306515,3.1180441441864866,6.627749576988156,2.1414074577397155,9432.746419757523,1519.796346333031,7853.0,10920.482905089855,10894.852148682037,6.88856520078926,7853.0,0.0,27.600138121546962,20.71938510066394,32.58624484181568,18.97623006175973,0.14318600368324125,0.09967771639042357,0.0964548802946593,0.08747697974217311,0.08126151012891344,0.07205340699815838,0.06698895027624309,0.0639963167587477,0.06054327808471455,0.05225598526703499,0.0462707182320442,0.03844383057090239,0.03222836095764273,0.025552486187845305,0.019337016574585635,0.009208103130755065,0.0050644567219152855,0.9181045478631779,0.02299870822411219,0.0,0.0,0.0,0.0,0.0,0.0,0.0,0.0,0.0,0.0,0.0,0.0,0.0,0.0,0.0,0.0,0.0,0.0,0.0,0.0,0.0,0.0,0.0,0.0,0.0069060773480663,0.3591160220994476,6.063535911602211,15.918508287292822,7.127071823204422,0.5248618784530388,4.207824838478105,2.8736662013280396,nan,nan,nan,4.139601139601139,2.865036081752251,4.2771345875542695,2.8807532195820262,1.03322384048971,0.402,0.0103,0.0,0.0,0.0,0.0,0.0,0.0,0.0,0.0,0.0,0.0,0.0138121546961326,12.575966850828712,17.35497237569061,0.0552486187845304,0.0,0.0,0.0,0.0,0.0,0.0,0.0,0.0,0.0,0.0,0.0,0.0,0.0,0.0,0.0,0.0,nan,nan,4.207824838478105,2.8736662013280396,nan,0.402,0.0497,0.0,0.0,0.0,0.0,0.0,0.0,0.0,0.0,0.0,0.0,0.0,0.0,0.0,0.0,0.0,0.0,0.0,0.00029926335174953957,0.0,0.0,0.0,0.0,0.0,0.0,0.004753683241252302,2.302025782688766e-05,0.0006906077348066298,0.0002647329650092081,0.001427255985267035,0.007113259668508287,0.015699815837937385,0.019820441988950277,0.022490791896869245,0.032769337016574585,0.030156537753222835,0.04128683241252302,0.05901243093922652,0.05311924493554328,0.07815377532228361,0.068646408839779,0.09803176795580111,0.07308931860036832,0.05273941068139963,0.06300644567219153,0.09226519337016574,0.0637085635359116,0.03594613259668508,0.023699355432780848,0.02287062615101289,0.013639502762430939,0.005939226519337017,0.006146408839779006,0.0009093001841620626,0.010784990791896869,0.0007826887661141805,1.151012891344383e-05,0.0005524861878453039,0.00014963167587476978,0.0,0.0,0.0,0.0,0.0,0.0,0.0,0.0,0.0,0.0,0.0,0.0,0.0,0.0,0.0,0.0,0.0,0.0,0.0,0.0,0.0,0.0,0.0,0.0,0.0,0.0,0.0,0.0,0.0,0.0,0.0,0.0,0.0,0.0,0.0,0.0,0.0,0.0,0.0,0.0,0.0,0.0,0.0,nan,nan,4.207824838478105,2.8736662013280396,nan,0.9186621580457857,0.02269166648127901,0.0,0.0,0.0,0.0,0.0,0.0,0.0,0.0,0.0,0.0,0.0,0.0,0.0,0.0,0.0,0.0,0.0,0.0,0.0,0.0,0.0,0.0,0.0,0.0,0.0,0.3058510638297873,5.970744680851065,15.93085106382979,7.287234042553193,0.5053191489361704,0.9175020724934636,0.023310925925743492,0.0,0.0,0.0,0.0,0.0,0.0,0.0,0.0,0.0,0.0,0.0,0.0,0.0,0.0,0.0,0.0,0.0,0.0,0.0,0.0,0.0,0.0,0.0,0.0,0.014367816091954026,0.4166666666666668,6.163793103448278,15.905172413793107,6.9540229885057485,0.5459770114942529,0.402,0.01026,0.0,0.0,0.0,0.0,0.0,0.0,0.0,0.0,0.0,0.0,0.013297872340425535,12.606382978723387,17.353723404255323,0.02659574468085107,0.0,0.0,0.0,0.0,0.0,0.0,0.0,0.0,0.0,0.0,0.0,0.0,0.0,0.0,0.0,0.0,0.4023,0.010345,0.0,0.0,0.0,0.0,0.0,0.0,0.0,0.0,0.0,0.0,0.014367816091954026,12.543103448275845,17.356321839080465,0.08620689655172416,0.0,0.0,0.0,0.0,0.0,0.0,0.0,0.0,0.0,0.0,0.0,0.0,0.0,0.0,0.0,0.0
35200,4237,2168,0.5116827944300213,1057,854,0.45102666981354733,1171,0.5527495869719141,0.418,2.9458675688738523,3.134332342047962,6.625429553264605,2.1492201265235145,9409.405441534767,1520.4623115464967,7853.0,10917.71870291233,10894.738863368453,6.936635766097497,7853.0,0.0,27.40004720320982,20.522597134702675,32.116708648194795,18.89152036496504,0.13570922822751946,0.10195893320745811,0.0951144677838093,0.09700259617654,0.08236960113287703,0.0821335850837857,0.0660844937455747,0.06042010856738258,0.05664385178192117,0.049563370309181023,0.05168751475100307,0.03634647156006608,0.02501770120368185,0.024309653056407837,0.02006136417276375,0.008732593816379515,0.006844465423648808,0.9182783016371845,0.022672432988185345,0.0,0.0,0.0,0.0,0.0,0.0,0.0,0.0,0.0,0.0,0.0,0.0,0.0,0.0,0.0,0.0,0.0,0.0,0.0,0.0,0.0,0.0,0.0,0.0,0.007080481472740148,0.3257021477460468,6.117535992447488,15.697427425064907,7.392022657540714,0.4602312957281096,4.2876661742983755,2.9236283411771757,nan,nan,nan,4.276064610866373,2.9379535399947327,4.296654275092937,2.9083439690923893,1.0048150966134237,0.4019,0.010254,0.0,0.0,0.0,0.0,0.0,0.0,0.0,0.0,0.0,0.0,0.0,13.233419872551314,16.73117772008497,0.03540240736370074,0.0,0.0,0.0,0.0,0.0,0.0,0.0,0.0,0.0,0.0,0.0,0.0,0.0,0.0,0.0,0.0,nan,nan,4.2876661742983755,2.9236283411771757,nan,0.4019,0.04965,0.0,0.0,0.0,0.0,0.0,0.0,0.0,0.0,0.0,0.0,0.0,0.0,0.0,0.0,0.0,0.0,0.0,9.440641963653528e-05,0.0,0.0,0.0,0.0,0.0,0.0,0.004566910549917394,0.0,0.000531036110455511,0.00018881283927307056,0.001180080245456691,0.007941940051923531,0.01661552985603021,0.018432853434033513,0.02353080009440642,0.03330186452678782,0.031531744158602784,0.0419400519235308,0.059900873259381635,0.05297380221855086,0.07633939107859335,0.06884588151994335,0.10099126740618362,0.0726103375029502,0.05080245456691055,0.06164739202265754,0.09170403587443947,0.06345291479820628,0.0355558177956101,0.021819683738494217,0.024805286759499647,0.014385178192117064,0.005227755487373142,0.005983006844465424,0.0011210762331838565,0.010219494925654944,0.0009558649988199197,0.0,0.0006254425300920462,0.00017701203681850367,0.0,0.0,0.0,0.0,0.0,0.0,0.0,0.0,0.0,0.0,0.0,0.0,0.0,0.0,0.0,0.0,0.0,0.0,0.0,0.0,0.0,0.0,0.0,0.0,0.0,0.0,0.0,0.0,0.0,0.0,0.0,0.0,0.0,0.0,0.0,0.0,0.0,0.0,0.0,0.0,0.0,0.0,0.0,nan,nan,4.2876661742983755,2.9236283411771757,nan,0.9184584213193933,0.02267812924818455,0.0,0.0,0.0,0.0,0.0,0.0,0.0,0.0,0.0,0.0,0.0,0.0,0.0,0.0,0.0,0.0,0.0,0.0,0.0,0.0,0.0,0.0,0.0,0.0,0.0,0.30442804428044284,5.9363468634686365,15.83025830258303,7.541512915129153,0.38745387453874547,0.9180895633718252,0.022664926882383012,0.0,0.0,0.0,0.0,0.0,0.0,0.0,0.0,0.0,0.0,0.0,0.0,0.0,0.0,0.0,0.0,0.0,0.0,0.0,0.0,0.0,0.0,0.0,0.0,0.014499758337361047,0.3479942000966651,6.307394876752056,15.558240695988404,7.235379410343163,0.5364910584823588,0.4019,0.010155,0.0,0.0,0.0,0.0,0.0,0.0,0.0,0.0,0.0,0.0,0.0,12.9381918819188,17.034132841328418,0.027675276752767534,0.0,0.0,0.0,0.0,0.0,0.0,0.0,0.0,0.0,0.0,0.0,0.0,0.0,0.0,0.0,0.0,0.4019,0.01037,0.0,0.0,0.0,0.0,0.0,0.0,0.0,0.0,0.0,0.0,0.0,13.542774287095195,16.413726437892706,0.04349927501208314,0.0,0.0,0.0,0.0,0.0,0.0,0.0,0.0,0.0,0.0,0.0,0.0,0.0,0.0,0.0,0.0
35300,4333,2286,0.5275790445418879,1095,880,0.45580429263789524,1225,0.5654281098546042,0.38599999999999995,2.9027845627747926,2.909954121418451,6.0602605863192185,2.108139321271916,9457.680017450006,1518.4891569869553,7853.0,10919.210986733437,10894.591651623305,7.011135640110203,7853.0,0.0,28.80083083314101,20.93241416667874,33.58977149075081,19.09579663801678,0.1327025155781214,0.0946226632817909,0.0906992845603508,0.07385183475651973,0.08746826678975306,0.08192937918301407,0.06923609508423725,0.06438956842834063,0.05908146780521579,0.05492730210016155,0.04500346180475421,0.04315716593584122,0.03900300023078698,0.027925225017309024,0.01892453265635818,0.011770136164320332,0.005308100623124856,0.9183007653414886,0.022808384024342123,0.0,0.0,0.0,0.0,0.0,0.0,0.0,0.0,0.0,0.0,0.0,0.0,0.0,0.0,0.0,0.0,0.0,0.0,0.0,0.0,0.0,0.0,0.0,0.0,0.0,0.28386798984537276,6.168936072005541,15.896607431340875,7.138241403184862,0.5123471036233558,4.038649025069638,2.718751938379693,nan,nan,nan,4.154218533886584,2.692211149997529,3.917894736842105,2.7380866266216963,0.9431123338561151,0.4016,0.0103,0.0,0.0,0.0,0.0,0.0,0.0,0.0,0.0,0.0,0.0,0.006923609508423727,13.494114931917819,16.471267020540044,0.027694438033694906,0.0,0.0,0.0,0.0,0.0,0.0,0.0,0.0,0.0,0.0,0.0,0.0,0.0,0.0,0.0,0.0,nan,nan,4.038649025069638,2.718751938379693,nan,0.4016,0.0499,0.0,0.0,0.0,0.0,0.0,0.0,0.0,0.0,0.0,0.0,0.0,0.0,0.0,0.0,0.0,0.0,0.0,5.7696745903531043e-05,0.0,0.0,0.0,0.0,0.0,1.1539349180706208e-05,0.0034964228017539812,2.3078698361412415e-05,0.0007846757442880221,0.0004384952688668359,0.0020309254558042926,0.009554581121624741,0.01767828294484191,0.019143780290791598,0.02559427648280637,0.03202169397645973,0.033267943687976,0.0396030463881837,0.05774290330025387,0.05212324024924994,0.07364412647126702,0.07314793445649666,0.10274636510500808,0.07110546965151165,0.04972305561966305,0.05912762520193861,0.09080313870297715,0.06410108469882299,0.0371797830602354,0.02057465958919917,0.026240480036925917,0.014862681744749596,0.004800369259173783,0.005700438495268867,0.001107777521347796,0.010246942072467112,0.0003807985229633049,5.7696745903531043e-05,0.0007385183475651973,0.0001384721901684745,0.0,0.0,0.0,0.0,0.0,0.0,0.0,0.0,0.0,0.0,0.0,0.0,0.0,0.0,0.0,0.0,0.0,0.0,0.0,0.0,0.0,0.0,0.0,0.0,0.0,0.0,0.0,0.0,0.0,0.0,0.0,0.0,0.0,0.0,0.0,0.0,0.0,0.0,0.0,0.0,0.0,0.0,0.0,nan,nan,4.038649025069638,2.718751938379693,nan,0.9183478403122719,0.022819145817885855,0.0,0.0,0.0,0.0,0.0,0.0,0.0,0.0,0.0,0.0,0.0,0.0,0.0,0.0,0.0,0.0,0.0,0.0,0.0,0.0,0.0,0.0,0.0,0.0,0.0,0.3018372703412074,6.299212598425198,15.446194225721788,7.5196850393700805,0.4330708661417324,0.9182481940746541,0.0227962448208544,0.0,0.0,0.0,0.0,0.0,0.0,0.0,0.0,0.0,0.0,0.0,0.0,0.0,0.0,0.0,0.0,0.0,0.0,0.0,0.0,0.0,0.0,0.0,0.0,0.0,0.2638006839276991,6.023448949682464,16.39960918417196,6.71226184660479,0.6008793356130925,0.4014,0.01027,0.0,0.0,0.0,0.0,0.0,0.0,0.0,0.0,0.0,0.0,0.013123359580052497,13.740157480314942,16.233595800524938,0.013123359580052497,0.0,0.0,0.0,0.0,0.0,0.0,0.0,0.0,0.0,0.0,0.0,0.0,0.0,0.0,0.0,0.0,0.4016,0.01034,0.0,0.0,0.0,0.0,0.0,0.0,0.0,0.0,0.0,0.0,0.0,13.219345383488012,16.736687835857357,0.04396678065461652,0.0,0.0,0.0,0.0,0.0,0.0,0.0,0.0,0.0,0.0,0.0,0.0,0.0,0.0,0.0,0.0
35400,4239,2172,0.5123849964614295,1107,841,0.4595423448926634,1167,0.5506015569709837,0.40199999999999997,2.914368650217707,3.098280751394208,6.563573883161512,2.2001045610590477,9411.602253688496,1520.4704654039322,7853.0,10918.903247773647,10894.857713345089,7.003774643911938,7853.0,0.0,27.983250766690258,20.698944104709266,32.892847124824684,18.901301687935895,0.13894786506251475,0.10214673271998113,0.08539749941023826,0.08303845246520405,0.08822835574427931,0.0754895022410946,0.07006369426751592,0.06393017221042699,0.0606275064873791,0.05449398443029016,0.0469450342061807,0.039867893371078086,0.03467799009200283,0.02264685067232838,0.017456947393253125,0.009436187780136825,0.006605331446095777,0.9201637435055027,0.023004763151570858,0.0,0.0,0.0,0.0,0.0,0.0,0.0,0.0,0.0,0.0,0.0,0.0,0.0,0.0,0.0,0.0,0.0,0.0,0.0,0.0,0.0,0.0,0.0,0.0,0.00707714083510262,0.2901627742392074,5.520169851380043,15.739561217268227,7.707006369426753,0.7360226468506725,4.181555153707053,2.918226028106322,nan,nan,nan,4.241797432239657,2.9420254978998703,4.121145374449339,2.892723542918196,0.9715563838873338,0.4006,0.01028,0.0,0.0,0.0,0.0,0.0,0.0,0.0,0.0,0.0,0.0,0.0,14.32413305024768,15.675866949752303,0.0,0.0,0.0,0.0,0.0,0.0,0.0,0.0,0.0,0.0,0.0,0.0,0.0,0.0,0.0,0.0,0.0,nan,nan,4.181555153707053,2.918226028106322,nan,0.4006,0.05002,0.0,0.0,0.0,0.0,0.0,0.0,0.0,0.0,0.0,0.0,0.0,0.0,0.0,0.0,0.0,0.0,0.0,0.00011795234725171031,0.0,0.0,0.0,0.0,0.0,2.359046945034206e-05,0.003880632224581269,0.0,0.000766690257136117,0.0006605331446095777,0.001899032790752536,0.00927105449398443,0.018707242274121256,0.018471337579617834,0.027600849256900213,0.03380514272234018,0.032672800188723754,0.04006841236140599,0.05901155933003067,0.05195800896437839,0.07619721632460486,0.07285916489738145,0.10294880868129276,0.07254069355980183,0.0473932531257372,0.05731304552960604,0.08899504600141543,0.06397735314932768,0.03540929464496344,0.02048832271762208,0.02664543524416136,0.013918376975701816,0.005991979240386884,0.005402217504128332,0.0008374616654871432,0.00813871196036801,0.00044821891955649915,5.8976173625855154e-05,0.001497994810096721,1.179523472517103e-05,0.0,1.179523472517103e-05,0.0,0.0,0.0,0.0,0.0,0.0,0.0,0.0,0.0,0.0,0.0,0.0,0.0,0.0,0.0,0.0,0.0,0.0,0.0,0.0,0.0,0.0,0.0,0.0,0.0,0.0,0.0,0.0,0.0,0.0,0.0,0.0,0.0,0.0,0.0,0.0,0.0,0.0,0.0,0.0,0.0,nan,nan,4.181555153707053,2.918226028106322,nan,0.9200263227272648,0.023193521153577215,0.0,0.0,0.0,0.0,0.0,0.0,0.0,0.0,0.0,0.0,0.0,0.0,0.0,0.0,0.0,0.0,0.0,0.0,0.0,0.0,0.0,0.0,0.0,0.0,0.0,0.29005524861878457,5.6906077348066315,15.6767955801105,7.624309392265195,0.7182320441988952,0.9203081450199354,0.02280384091357068,0.0,0.0,0.0,0.0,0.0,0.0,0.0,0.0,0.0,0.0,0.0,0.0,0.0,0.0,0.0,0.0,0.0,0.0,0.0,0.0,0.0,0.0,0.0,0.0,0.014513788098693763,0.2902757619738752,5.341074020319304,15.805515239477508,7.79390420899855,0.7547169811320756,0.401,0.01043,0.0,0.0,0.0,0.0,0.0,0.0,0.0,0.0,0.0,0.0,0.0,14.171270718232025,15.82872928176796,0.0,0.0,0.0,0.0,0.0,0.0,0.0,0.0,0.0,0.0,0.0,0.0,0.0,0.0,0.0,0.0,0.0,0.4006,0.010124,0.0,0.0,0.0,0.0,0.0,0.0,0.0,0.0,0.0,0.0,0.0,14.48476052249635,15.515239477503632,0.0,0.0,0.0,0.0,0.0,0.0,0.0,0.0,0.0,0.0,0.0,0.0,0.0,0.0,0.0,0.0,0.0
35500,4094,2099,0.5127015144113337,954,858,0.4425989252564729,1162,0.5676599902296043,0.43,2.9834586466165414,3.168647643299526,6.735459662288931,2.3211644763020165,9412.67870268013,1520.5574556564359,7853.0,10920.30700236559,10895.07937530846,7.151013631360092,7853.0,0.0,27.48436736687836,21.089837959238032,32.696675492792,19.365807549382954,0.14631167562286274,0.10820713238886175,0.08695652173913043,0.08378114313629702,0.08378114313629702,0.0806057645334636,0.071323888617489,0.06497313141182218,0.04738641914997557,0.04665363947239863,0.04469956033219345,0.03859306301905227,0.03346360527601368,0.025891548607718612,0.01709819247679531,0.012212994626282364,0.00806057645334636,0.9206375863910828,0.023136093303460222,0.0,0.0,0.0,0.0,0.0,0.0,0.0,0.0,0.0,0.0,0.0,0.0,0.0,0.0,0.0,0.0,0.0,0.0,0.0,0.0,0.0,0.0,0.0,0.0,0.0,0.3297508549096239,5.202735710796288,15.820713238886178,7.987298485588668,0.6595017098192478,4.378440366972477,2.978089203591437,nan,nan,nan,4.442511346444781,2.986369800564897,4.312982998454405,2.968177679479412,0.9708434401424695,0.4011,0.01043,0.0,0.0,0.0,0.0,0.0,0.0,0.0,0.0,0.0,0.0,0.00732779677576942,13.49780166096725,16.43624816805081,0.05862237420615536,0.0,0.0,0.0,0.0,0.0,0.0,0.0,0.0,0.0,0.0,0.0,0.0,0.0,0.0,0.0,0.0,nan,nan,4.378440366972477,2.978089203591437,nan,0.4011,0.04993,0.0,0.0,0.0,0.0,0.0,0.0,0.0,0.0,0.0,0.0,0.0,0.0,0.0,0.0,0.0,0.0,0.0,7.327796775769418e-05,0.0,0.0,0.0,0.0,0.0,4.885197850512946e-05,0.003944797264289204,0.0,0.0008060576453346361,0.0004885197850512946,0.001575476306790425,0.009697117733268198,0.018001954079140205,0.014399120664386908,0.027344894968246214,0.0348314606741573,0.0323400097703957,0.04125549584758183,0.05723009281875916,0.05344406448461163,0.07821201758671226,0.07460918417195897,0.10227161700048852,0.07616023448949683,0.046250610649731315,0.054396678065461654,0.08920371275036638,0.05875671714704445,0.03671226184660479,0.02121397166585247,0.027650219833903273,0.016255495847581826,0.005324865657059111,0.0051416707376648755,0.0010991695163654128,0.00956277479237909,0.0005373717635564241,2.442598925256473e-05,0.001111382510991695,0.0,0.0,2.442598925256473e-05,0.0,0.0,0.0,0.0,0.0,0.0,0.0,0.0,0.0,0.0,0.0,0.0,0.0,0.0,0.0,0.0,0.0,0.0,0.0,0.0,0.0,0.0,0.0,0.0,0.0,0.0,0.0,0.0,0.0,0.0,0.0,0.0,0.0,0.0,0.0,0.0,0.0,0.0,0.0,0.0,0.0,nan,nan,4.378440366972477,2.978089203591437,nan,0.9207563702125331,0.023225081064298405,0.0,0.0,0.0,0.0,0.0,0.0,0.0,0.0,0.0,0.0,0.0,0.0,0.0,0.0,0.0,0.0,0.0,0.0,0.0,0.0,0.0,0.0,0.0,0.0,0.0,0.24297284421152934,5.23106241067175,15.864697474988093,7.9323487374940465,0.7289185326345881,0.9205126103303187,0.023041434513100964,0.0,0.0,0.0,0.0,0.0,0.0,0.0,0.0,0.0,0.0,0.0,0.0,0.0,0.0,0.0,0.0,0.0,0.0,0.0,0.0,0.0,0.0,0.0,0.0,0.0,0.42105263157894746,5.172932330827068,15.774436090225567,8.04511278195489,0.5864661654135339,0.401,0.010475,0.0,0.0,0.0,0.0,0.0,0.0,0.0,0.0,0.0,0.0,0.014292520247737021,13.5207241543592,16.45069080514531,0.014292520247737021,0.0,0.0,0.0,0.0,0.0,0.0,0.0,0.0,0.0,0.0,0.0,0.0,0.0,0.0,0.0,0.0,0.4016,0.01037,0.0,0.0,0.0,0.0,0.0,0.0,0.0,0.0,0.0,0.0,0.0,13.473684210526296,16.421052631578952,0.10526315789473686,0.0,0.0,0.0,0.0,0.0,0.0,0.0,0.0,0.0,0.0,0.0,0.0,0.0,0.0,0.0,0.0
35600,4290,2205,0.513986013986014,992,879,0.43613053613053615,1203,0.5608391608391609,0.41,2.9798561151079137,3.038770573439557,6.374581939799331,2.069080243163715,9416.619408185748,1520.4850422298555,7853.0,10920.916090726852,10895.143882592682,7.002038353407402,7853.0,0.0,28.55734265734266,21.219874539120454,33.47375690607735,19.44986831827825,0.13846153846153847,0.09393939393939393,0.09627039627039627,0.08298368298368299,0.07715617715617716,0.07459207459207459,0.07296037296037296,0.06503496503496503,0.05104895104895105,0.05268065268065268,0.046153846153846156,0.04498834498834499,0.037995337995338,0.028205128205128206,0.017715617715617717,0.011421911421911422,0.008391608391608392,0.921018034775496,0.023191660423946277,0.0,0.0,0.0,0.0,0.0,0.0,0.0,0.0,0.0,0.0,0.0,0.0,0.0,0.0,0.0,0.0,0.0,0.0,0.0,0.0,0.0,0.0,0.0,0.0,0.0,0.3426573426573427,5.244755244755246,15.300699300699304,8.419580419580422,0.6923076923076924,4.3394660894660895,2.8254641428599743,nan,nan,nan,4.36671469740634,2.854586054243385,4.312138728323699,2.795686715633267,0.9875018239421374,0.4014,0.01032,0.0,0.0,0.0,0.0,0.0,0.0,0.0,0.0,0.0,0.0,0.006993006993006995,13.636363636363615,16.349650349650354,0.006993006993006995,0.0,0.0,0.0,0.0,0.0,0.0,0.0,0.0,0.0,0.0,0.0,0.0,0.0,0.0,0.0,0.0,nan,nan,4.3394660894660895,2.8254641428599743,nan,0.4014,0.05002,0.0,0.0,0.0,0.0,0.0,0.0,0.0,0.0,0.0,0.0,0.0,0.0,0.0,0.0,0.0,0.0,0.0,0.0001048951048951049,0.0,0.0,0.0,2.331002331002331e-05,0.0,0.0,0.004428904428904429,0.0,0.000675990675990676,0.0003846153846153846,0.0015501165501165502,0.009895104895104895,0.01703962703962704,0.013006993006993007,0.02979020979020979,0.03228438228438228,0.03386946386946387,0.03973193473193473,0.057529137529137526,0.05348484848484848,0.07867132867132867,0.07604895104895106,0.09965034965034965,0.07782051282051282,0.04623543123543124,0.05277389277389277,0.0911072261072261,0.05952214452214452,0.03414918414918415,0.022307692307692306,0.027097902097902096,0.017435897435897435,0.004755244755244755,0.005174825174825175,0.001282051282051282,0.01062937062937063,0.000675990675990676,3.4965034965034965e-05,0.0008275058275058275,0.0,0.0,0.0,0.0,0.0,0.0,0.0,0.0,0.0,0.0,0.0,0.0,0.0,0.0,0.0,0.0,0.0,0.0,0.0,0.0,0.0,0.0,0.0,0.0,0.0,0.0,0.0,0.0,0.0,0.0,0.0,0.0,0.0,0.0,0.0,0.0,0.0,0.0,0.0,0.0,0.0,0.0,0.0,0.0,nan,nan,4.3394660894660895,2.8254641428599743,nan,0.9206698643106993,0.0233886397967638,0.0,0.0,0.0,0.0,0.0,0.0,0.0,0.0,0.0,0.0,0.0,0.0,0.0,0.0,0.0,0.0,0.0,0.0,0.0,0.0,0.0,0.0,0.0,0.0,0.0,0.40816326530612257,5.2108843537414975,15.56462585034014,8.14965986394558,0.6666666666666667,0.9213862438281949,0.02297576765412046,0.0,0.0,0.0,0.0,0.0,0.0,0.0,0.0,0.0,0.0,0.0,0.0,0.0,0.0,0.0,0.0,0.0,0.0,0.0,0.0,0.0,0.0,0.0,0.0,0.0,0.27338129496402885,5.280575539568346,15.021582733812954,8.705035971223023,0.7194244604316548,0.4011,0.010216,0.0,0.0,0.0,0.0,0.0,0.0,0.0,0.0,0.0,0.0,0.013605442176870751,14.013605442176852,15.972789115646261,0.0,0.0,0.0,0.0,0.0,0.0,0.0,0.0,0.0,0.0,0.0,0.0,0.0,0.0,0.0,0.0,0.0,0.4016,0.01042,0.0,0.0,0.0,0.0,0.0,0.0,0.0,0.0,0.0,0.0,0.0,13.237410071942428,16.748201438848923,0.014388489208633098,0.0,0.0,0.0,0.0,0.0,0.0,0.0,0.0,0.0,0.0,0.0,0.0,0.0,0.0,0.0,0.0
35700,4199,2215,0.5275065491783758,1013,842,0.4417718504405811,1152,0.5487020719218861,0.418,3.0660282258064515,3.162943063316814,6.716606498194946,2.1665771055241954,9458.00844151328,1519.0205722396781,7853.0,10918.515482485294,10895.63225549177,6.903727851289596,7853.0,0.0,27.912360085734697,21.088026694138904,32.92867291844274,19.356595178325254,0.14455822814955943,0.09859490354846392,0.09740414384377233,0.08549654679685639,0.07882829245058347,0.06715884734460587,0.07096927839961896,0.06358656823053108,0.05953798523457966,0.053584186711121695,0.0459633246010955,0.038342462491069304,0.030959752321981424,0.025244105739461776,0.01929030721600381,0.013098356751607526,0.007382710169087878,0.9210429818154972,0.02252197900908403,0.0,0.0,0.0,0.0,0.0,0.0,0.0,0.0,0.0,0.0,0.0,0.0,0.0,0.0,0.0,0.0,0.0,0.0,0.0,0.0,0.0,0.0,0.0,0.0,0.0,0.19290307216003816,5.015479876160992,16.132412479161708,8.030483448440107,0.6287211240771613,4.317200297840655,2.8999027730536877,nan,nan,nan,4.2746268656716415,2.894789105487373,4.358364312267658,2.9050997847698588,1.0195894166268613,0.4016,0.01022,0.0,0.0,0.0,0.0,0.0,0.0,0.0,0.0,0.0,0.0,0.014289116456299123,13.203143605620367,16.76113360323887,0.02143367468444868,0.0,0.0,0.0,0.0,0.0,0.0,0.0,0.0,0.0,0.0,0.0,0.0,0.0,0.0,0.0,0.0,nan,nan,4.317200297840655,2.8999027730536877,nan,0.4016,0.04977,0.0,0.0,0.0,0.0,0.0,0.0,0.0,0.0,0.0,0.0,0.0,0.0,0.0,0.0,0.0,0.0,0.0,0.0,0.0,0.0,0.0,0.0,0.0,0.0,0.004346272922124315,0.0,0.0006549178375803762,0.00032150512026673015,0.0020242914979757085,0.008597285067873304,0.016813527030245298,0.012098118599666587,0.03103119790426292,0.03353179328411526,0.03271016908787806,0.03715170278637771,0.05638247201714694,0.05348892593474637,0.07756608716361038,0.07704215289354609,0.10196475351274113,0.08059061681352703,0.04901166944510598,0.05201238390092879,0.09043819957132651,0.05820433436532508,0.034222433912836386,0.021909978566325317,0.028149559418909263,0.01563467492260062,0.004489164086687306,0.005441771850440581,0.002274351035960943,0.010240533460347702,0.0009645153608001905,2.3815194093831866e-05,0.0006668254346272922,0.0,0.0,0.0,0.0,0.0,0.0,0.0,0.0,0.0,0.0,0.0,0.0,0.0,0.0,0.0,0.0,0.0,0.0,0.0,0.0,0.0,0.0,0.0,0.0,0.0,0.0,0.0,0.0,0.0,0.0,0.0,0.0,0.0,0.0,0.0,0.0,0.0,0.0,0.0,0.0,0.0,0.0,0.0,0.0,nan,nan,4.317200297840655,2.8999027730536877,nan,0.9219877957759539,0.02227070315858746,0.0,0.0,0.0,0.0,0.0,0.0,0.0,0.0,0.0,0.0,0.0,0.0,0.0,0.0,0.0,0.0,0.0,0.0,0.0,0.0,0.0,0.0,0.0,0.0,0.0,0.10835214446952598,4.848758465011287,15.887133182844247,8.478555304740407,0.6772009029345374,0.9199881617941202,0.022752935568827713,0.0,0.0,0.0,0.0,0.0,0.0,0.0,0.0,0.0,0.0,0.0,0.0,0.0,0.0,0.0,0.0,0.0,0.0,0.0,0.0,0.0,0.0,0.0,0.0,0.0,0.28729838709677424,5.201612903225807,16.406250000000004,7.530241935483873,0.5745967741935485,0.4016,0.01029,0.0,0.0,0.0,0.0,0.0,0.0,0.0,0.0,0.0,0.0,0.013544018058690748,12.893905191873571,17.065462753950342,0.027088036117381496,0.0,0.0,0.0,0.0,0.0,0.0,0.0,0.0,0.0,0.0,0.0,0.0,0.0,0.0,0.0,0.0,0.4016,0.010155,0.0,0.0,0.0,0.0,0.0,0.0,0.0,0.0,0.0,0.0,0.015120967741935488,13.548387096774173,16.42137096774194,0.015120967741935488,0.0,0.0,0.0,0.0,0.0,0.0,0.0,0.0,0.0,0.0,0.0,0.0,0.0,0.0,0.0,0.0
35800,4236,2201,0.5195939565627951,1046,852,0.4480642115203022,1181,0.5576015108593012,0.41,3.0113022113022114,3.15299787528362,6.6183986371379895,2.2082859659763168,9433.76984514531,1519.9988867605223,7853.0,10922.836161255836,10895.317612010693,7.070925616461672,7853.0,0.0,28.33191690273843,20.991001066820047,33.18357082984074,19.214385807295667,0.13833805476864966,0.09796978281397545,0.09513692162417375,0.08097261567516525,0.07719546742209632,0.07271010387157696,0.07247403210576014,0.06491973559962229,0.06350330500472144,0.04745042492917847,0.0483947119924457,0.040132200188857416,0.03918791312559018,0.025495750708215296,0.018649669499527857,0.010859301227573183,0.0066100094428706326,0.9209233000382036,0.02307080293654387,0.0,0.0,0.0,0.0,0.0,0.0,0.0,0.0,0.0,0.0,0.0,0.0,0.0,0.0,0.0,0.0,0.0,0.0,0.0,0.0,0.0,0.0,0.0,0.0,0.014164305949008502,0.2974504249291785,4.929178470254958,15.828611898017,8.236543909348443,0.6940509915014166,4.305809280233833,2.96348731761052,nan,nan,nan,4.279086366880799,2.9358933613273637,4.333832335329341,2.9918940862579952,1.0127938451703766,0.4023,0.010376,0.0,0.0,0.0,0.0,0.0,0.0,0.0,0.0,0.0,0.0,0.007082152974504251,12.606232294617545,17.372521246458927,0.014164305949008502,0.0,0.0,0.0,0.0,0.0,0.0,0.0,0.0,0.0,0.0,0.0,0.0,0.0,0.0,0.0,0.0,nan,nan,4.305809280233833,2.96348731761052,nan,0.4023,0.0501,0.0,0.0,0.0,0.0,0.0,0.0,0.0,0.0,0.0,0.0,0.0,0.0,0.0,0.0,0.0,0.0,0.0,0.0,0.0,0.0,0.0,4.721435316336166e-05,1.1803588290840415e-05,0.0,0.005028328611898017,0.0,0.0004367327667610954,0.0006491973559962229,0.0015226628895184135,0.008368744098205854,0.015439093484419263,0.012960339943342777,0.03152738432483475,0.03299102927289896,0.03407695939565628,0.03832625118035883,0.052679414542020776,0.0504957507082153,0.07439801699716714,0.0790014164305949,0.10292728989612843,0.07860009442870633,0.046435316336166196,0.05188857412653446,0.093047686496695,0.06085930122757318,0.036461284230406045,0.022072710103871577,0.028847969782813974,0.01620632672332389,0.004898489140698773,0.005771954674220963,0.002219074598677998,0.010375354107648725,0.000708215297450425,2.360717658168083e-05,0.0006964117091595845,0.0,0.0,0.0,0.0,0.0,0.0,0.0,0.0,0.0,0.0,0.0,0.0,0.0,0.0,0.0,0.0,0.0,0.0,0.0,0.0,0.0,0.0,0.0,0.0,0.0,0.0,0.0,0.0,0.0,0.0,0.0,0.0,0.0,0.0,0.0,0.0,0.0,0.0,0.0,0.0,0.0,0.0,0.0,0.0,nan,nan,4.305809280233833,2.96348731761052,nan,0.9201560022613234,0.023202693112152815,0.0,0.0,0.0,0.0,0.0,0.0,0.0,0.0,0.0,0.0,0.0,0.0,0.0,0.0,0.0,0.0,0.0,0.0,0.0,0.0,0.0,0.0,0.0,0.0,0.027260336210813273,0.3952748750567925,5.002271694684235,16.24716038164471,7.66015447523853,0.6678782371649251,0.9217531881988488,0.022898375585829533,0.0,0.0,0.0,0.0,0.0,0.0,0.0,0.0,0.0,0.0,0.0,0.0,0.0,0.0,0.0,0.0,0.0,0.0,0.0,0.0,0.0,0.0,0.0,0.0,0.0,0.1916461916461917,4.850122850122851,15.37592137592138,8.859950859950862,0.7223587223587224,0.4023,0.01038,0.0,0.0,0.0,0.0,0.0,0.0,0.0,0.0,0.0,0.0,0.0,12.308041799182172,17.678328032712407,0.013630168105406636,0.0,0.0,0.0,0.0,0.0,0.0,0.0,0.0,0.0,0.0,0.0,0.0,0.0,0.0,0.0,0.0,0.402,0.010376,0.0,0.0,0.0,0.0,0.0,0.0,0.0,0.0,0.0,0.0,0.014742014742014746,12.92874692874691,17.041769041769044,0.014742014742014746,0.0,0.0,0.0,0.0,0.0,0.0,0.0,0.0,0.0,0.0,0.0,0.0,0.0,0.0,0.0,0.0
35900,4218,2199,0.5213371266002845,1056,827,0.44642010431484114,1164,0.5519203413940256,0.442,3.0376423972263495,3.1842183883693527,6.8213660245183885,2.2008513455843746,9438.977419970046,1519.6894034537536,7853.0,10915.795710027218,10895.134041579651,6.835804406116835,7853.0,0.0,27.90872451398767,20.931892191133915,32.888606163415325,19.190797663573104,0.14201043148411568,0.10146989094357516,0.0905642484589853,0.08511142721669038,0.0858226647700332,0.07562825983878615,0.06377430061640588,0.06590801327643434,0.05073494547178758,0.052394499762920814,0.04694167852062589,0.04338549075391181,0.03295400663821717,0.027264106211474633,0.022048364153627313,0.007586533902323376,0.006401137980085348,0.9204432158008917,0.022871687973855342,0.0,0.0,0.0,0.0,0.0,0.0,0.0,0.0,0.0,0.0,0.0,0.0,0.0,0.0,0.0,0.0,0.0,0.0,0.0,0.0,0.0,0.0,0.0,0.0,0.0,0.22759601706970134,5.362731152204837,15.910384068278809,7.773826458036986,0.725462304409673,4.327232796486091,2.984676205178536,nan,nan,nan,4.395484340859432,3.008878825498887,4.258278145695364,2.958424740789857,0.9687847380347531,0.4014,0.0102,0.0,0.0,0.0,0.0,0.0,0.0,0.0,0.0,0.0,0.0,0.007112375533428167,13.598862019914632,16.3371266002845,0.056899004267425335,0.0,0.0,0.0,0.0,0.0,0.0,0.0,0.0,0.0,0.0,0.0,0.0,0.0,0.0,0.0,0.0,nan,nan,4.327232796486091,2.984676205178536,nan,0.4014,0.0501,0.0,0.0,0.0,0.0,0.0,0.0,0.0,0.0,0.0,0.0,0.0,0.0,0.0,0.0,0.0,0.0,0.0,0.0,0.0,0.0,0.0,1.1853959222380275e-05,0.0,0.0,0.004990516832622096,0.0,0.0002607871028923661,0.00030820293978188717,0.0013869132290184921,0.007693219535324799,0.017010431484115695,0.013975817923186345,0.03272878141299194,0.03409198672356567,0.03585822664770033,0.03781412991939308,0.053603603603603604,0.05125651967757231,0.0753674727358938,0.08546704599336179,0.09811522048364153,0.07786865813181602,0.04318397344713134,0.049431009957325744,0.093266951161688,0.059743954480796585,0.0360597439544808,0.02272403982930299,0.028141299193930772,0.01549312470365102,0.0056661925082977715,0.005251303935514462,0.002110004741583689,0.009589853010905643,0.0005808440018966335,0.0001422475106685633,0.0007586533902323376,3.556187766714083e-05,0.0,0.0,1.1853959222380275e-05,0.0,0.0,0.0,0.0,0.0,0.0,0.0,0.0,0.0,0.0,0.0,0.0,0.0,0.0,0.0,0.0,0.0,0.0,0.0,0.0,0.0,0.0,0.0,0.0,0.0,0.0,0.0,0.0,0.0,0.0,0.0,0.0,0.0,0.0,0.0,0.0,0.0,0.0,0.0,0.0,nan,nan,4.327232796486091,2.984676205178536,nan,0.9203586239010272,0.02281623247395374,0.0,0.0,0.0,0.0,0.0,0.0,0.0,0.0,0.0,0.0,0.0,0.0,0.0,0.0,0.0,0.0,0.0,0.0,0.0,0.0,0.0,0.0,0.0,0.0,0.0,0.28649386084583905,5.184174624829469,16.016371077762624,7.8990450204638485,0.6139154160982265,0.9205353493263014,0.022931579910793223,0.0,0.0,0.0,0.0,0.0,0.0,0.0,0.0,0.0,0.0,0.0,0.0,0.0,0.0,0.0,0.0,0.0,0.0,0.0,0.0,0.0,0.0,0.0,0.0,0.0,0.1634472511144131,5.557206537890045,15.794947994056468,7.637444279346213,0.846953937592868,0.4014,0.009995,0.0,0.0,0.0,0.0,0.0,0.0,0.0,0.0,0.0,0.0,0.013642564802182814,13.465211459754414,16.49386084583902,0.02728512960436563,0.0,0.0,0.0,0.0,0.0,0.0,0.0,0.0,0.0,0.0,0.0,0.0,0.0,0.0,0.0,0.0,0.4014,0.01042,0.0,0.0,0.0,0.0,0.0,0.0,0.0,0.0,0.0,0.0,0.0,13.74442793462108,16.166419019316496,0.08915304606240715,0.0,0.0,0.0,0.0,0.0,0.0,0.0,0.0,0.0,0.0,0.0,0.0,0.0,0.0,0.0,0.0
36000,4487,2333,0.5199465121462001,1102,920,0.4506351682638734,1262,0.5625139291285938,0.414,3.001392757660167,3.124839518384561,6.558252427184466,2.1521431001063878,9434.774469109216,1519.8907352645485,7853.0,10923.000275492668,10895.186902225912,6.8988035506242165,7853.0,0.0,28.097838199242254,20.820799552651856,33.010860927152315,19.04053921757182,0.1372854914196568,0.09605527078225987,0.09583240472476041,0.09026075328727434,0.07310006685981725,0.0713171383998217,0.07733452195230667,0.06663695119233341,0.060842433697347896,0.05103632716737241,0.043904613327390235,0.03833296188990417,0.0374414976599064,0.027635391129930912,0.016714954312458213,0.008246044127479386,0.008023178069979943,0.920696687214832,0.022633150138442984,0.0,0.0,0.0,0.0,0.0,0.0,0.0,0.0,0.0,0.0,0.0,0.0,0.0,0.0,0.0,0.0,0.0,0.0,0.0,0.0,0.0,0.0,0.0,0.0,0.0,0.2540673055493649,5.2484956541118795,15.678627145085807,8.230443503454426,0.5883663917985292,4.292699724517906,3.0158674287592886,nan,nan,nan,4.233495482974288,2.972604298473434,4.351092896174864,3.0576807181071017,1.027777852527188,0.4011,0.01022,0.0,0.0,0.0,0.0,0.0,0.0,0.0,0.0,0.0,0.0,0.0,13.819924225540431,16.166703811009587,0.013371963449966573,0.0,0.0,0.0,0.0,0.0,0.0,0.0,0.0,0.0,0.0,0.0,0.0,0.0,0.0,0.0,0.0,nan,nan,4.292699724517906,3.0158674287592886,nan,0.4011,0.05045,0.0,0.0,0.0,0.0,0.0,0.0,0.0,0.0,0.0,0.0,0.0,0.0,0.0,0.0,0.0,0.0,0.0,0.0,0.0,0.0,0.0,0.0,0.0,0.0,0.004836193447737909,2.2286605749944284e-05,0.00033429908624916426,0.0003677289948740807,0.0015043458881212391,0.008446623579228884,0.017182973033207042,0.016402941831958992,0.03417650991753956,0.03353019835079117,0.036639179852908405,0.03835524849565411,0.05161577891687096,0.04791620236238021,0.07106084243369734,0.08741921105415645,0.10079117450412302,0.0774013817695565,0.04145308669489637,0.0510809003788723,0.09528638288388679,0.05741029641185647,0.035402273233786495,0.023456652551816358,0.029262313349676845,0.013862268776465344,0.006184533095609538,0.004847336750612882,0.002273233786494317,0.009973256073100067,0.0006908847782482728,7.800312012480499e-05,0.0007243146868731892,1.1143302874972142e-05,0.0,0.0,0.0,0.0,0.0,0.0,0.0,0.0,0.0,0.0,0.0,0.0,0.0,0.0,0.0,0.0,0.0,0.0,0.0,0.0,0.0,0.0,0.0,0.0,0.0,0.0,0.0,0.0,0.0,0.0,0.0,0.0,0.0,0.0,0.0,0.0,0.0,0.0,0.0,0.0,0.0,0.0,0.0,nan,nan,4.292699724517906,3.0158674287592886,nan,0.9207334972684904,0.022621338001604596,0.0,0.0,0.0,0.0,0.0,0.0,0.0,0.0,0.0,0.0,0.0,0.0,0.0,0.0,0.0,0.0,0.0,0.0,0.0,0.0,0.0,0.0,0.0,0.0,0.0,0.24432061723103304,5.272181740248609,15.687955422203174,8.152593227603944,0.6429489927132448,0.9206568182012829,0.02264586942933712,0.0,0.0,0.0,0.0,0.0,0.0,0.0,0.0,0.0,0.0,0.0,0.0,0.0,0.0,0.0,0.0,0.0,0.0,0.0,0.0,0.0,0.0,0.0,0.0,0.0,0.26462395543175493,5.222841225626742,15.668523676880227,8.314763231197773,0.5292479108635099,0.4011,0.010445,0.0,0.0,0.0,0.0,0.0,0.0,0.0,0.0,0.0,0.0,0.0,13.887698242606067,16.086583797685385,0.025717959708529796,0.0,0.0,0.0,0.0,0.0,0.0,0.0,0.0,0.0,0.0,0.0,0.0,0.0,0.0,0.0,0.0,0.4011,0.00998,0.0,0.0,0.0,0.0,0.0,0.0,0.0,0.0,0.0,0.0,0.0,13.746518105849562,16.253481894150422,0.0,0.0,0.0,0.0,0.0,0.0,0.0,0.0,0.0,0.0,0.0,0.0,0.0,0.0,0.0,0.0,0.0
36100,4653,2423,0.5207393079733506,1140,954,0.45003223726627983,1293,0.5557704706640877,0.40599999999999997,2.9533632286995517,3.114637061523475,6.693467336683417,2.189094533990904,9437.036480740644,1519.6491346620128,7853.0,10919.107135772705,10894.89919310203,7.035021947764452,7853.0,0.0,27.63271007951859,20.630921550746947,32.473939703628005,18.916443776058905,0.1384053298946916,0.10101010101010101,0.09628196862239416,0.08833010960670536,0.07951859015688803,0.07285622179239201,0.07156673114119923,0.07156673114119923,0.05716741886954653,0.05007522028798624,0.04556200300881152,0.03632065334192994,0.03159252095422308,0.026219643240919837,0.019342359767891684,0.009026434558349452,0.0051579626047711154,0.920053350830652,0.0226506954187518,0.0,0.0,0.0,0.0,0.0,0.0,0.0,0.0,0.0,0.0,0.0,0.0,0.0,0.0,0.0,0.0,0.0,0.0,0.0,0.0,0.0,0.0,0.0,0.0,0.0,0.20631850419084466,5.351386202450033,15.976789168278533,7.872340425531917,0.5931656995486784,4.292379993286338,2.9305681960347676,nan,nan,nan,4.3389487870619945,2.916459097234324,4.248326639892905,2.9435645340978596,0.9791142620905532,0.4014,0.010544,0.0,0.0,0.0,0.0,0.0,0.0,0.0,0.0,0.0,0.0,0.0,13.4429400386847,16.537717601547392,0.019342359767891684,0.0,0.0,0.0,0.0,0.0,0.0,0.0,0.0,0.0,0.0,0.0,0.0,0.0,0.0,0.0,0.0,nan,nan,4.292379993286338,2.9305681960347676,nan,0.4014,0.05096,0.0,0.0,0.0,0.0,0.0,0.0,0.0,0.0,0.0,0.0,0.0,0.0,0.0,0.0,0.0,0.0,0.0,0.0,0.0,0.0,0.0,0.0,2.149151085321298e-05,0.0,0.00544809800128949,1.074575542660649e-05,0.0005587792821835375,0.00041908446163765314,0.001966473243068988,0.008489146787019128,0.01614012465076295,0.017709004943047495,0.034268214055448096,0.03233397807865893,0.03829787234042553,0.0346013324736729,0.050623253814743176,0.046948205458843754,0.07543520309477757,0.08566516226090694,0.09954867827208252,0.07693960885450248,0.043606275521169136,0.05087040618955513,0.09361702127659574,0.0538147431764453,0.03546099290780142,0.026413066838598752,0.030722114764667956,0.014291854717386632,0.006823554695895122,0.005254674403610574,0.001966473243068988,0.009327315710294434,0.0012357618740597464,5.372877713303245e-05,0.0010208467655276165,7.522028798624543e-05,2.149151085321298e-05,0.0,0.0,0.0,0.0,0.0,0.0,0.0,0.0,0.0,0.0,0.0,0.0,0.0,0.0,0.0,0.0,0.0,0.0,0.0,0.0,0.0,0.0,0.0,0.0,0.0,0.0,0.0,0.0,0.0,0.0,0.0,0.0,0.0,0.0,0.0,0.0,0.0,0.0,0.0,0.0,0.0,0.0,nan,nan,4.292379993286338,2.9305681960347676,nan,0.9196694888362105,0.022746358201965234,0.0,0.0,0.0,0.0,0.0,0.0,0.0,0.0,0.0,0.0,0.0,0.0,0.0,0.0,0.0,0.0,0.0,0.0,0.0,0.0,0.0,0.0,0.0,0.0,0.0,0.210482872472142,5.559224102352458,15.7366900536525,7.9364424267437075,0.5571605447791994,0.9204704349618321,0.02253888362625592,0.0,0.0,0.0,0.0,0.0,0.0,0.0,0.0,0.0,0.0,0.0,0.0,0.0,0.0,0.0,0.0,0.0,0.0,0.0,0.0,0.0,0.0,0.0,0.0,0.0,0.20179372197309423,5.125560538116593,16.237668161434982,7.8026905829596425,0.6322869955156951,0.4014,0.010506,0.0,0.0,0.0,0.0,0.0,0.0,0.0,0.0,0.0,0.0,0.0,13.582335947172906,16.392901361948002,0.02476269087907553,0.0,0.0,0.0,0.0,0.0,0.0,0.0,0.0,0.0,0.0,0.0,0.0,0.0,0.0,0.0,0.0,0.4016,0.01058,0.0,0.0,0.0,0.0,0.0,0.0,0.0,0.0,0.0,0.0,0.0,13.291479820627783,16.695067264573993,0.01345291479820628,0.0,0.0,0.0,0.0,0.0,0.0,0.0,0.0,0.0,0.0,0.0,0.0,0.0,0.0,0.0,0.0
36200,4695,2401,0.511395101171459,1097,971,0.440468583599574,1314,0.5597444089456869,0.414,2.935483870967742,3.1106064589847997,6.6796875,2.0491369896480203,9408.41069570809,1520.3656618867415,7853.0,10917.083775639534,10894.504879779042,6.985843811306206,7853.0,0.0,27.039190628328008,20.81090271377921,32.19136912406884,19.138204012221227,0.15058572949946752,0.10543130990415335,0.09478168264110756,0.09286474973375931,0.08391906283280086,0.06517571884984026,0.065814696485623,0.06219382321618743,0.058146964856230034,0.05473908413205538,0.04004259850905218,0.03855165069222577,0.030031948881789138,0.022790202342918,0.01703940362087327,0.00979765708200213,0.008093716719914802,0.9188656394600995,0.022715671639471607,0.0,0.0,0.0,0.0,0.0,0.0,0.0,0.0,0.0,0.0,0.0,0.0,0.0,0.0,0.0,0.0,0.0,0.0,0.0,0.0,0.0,0.0,0.0,0.0,0.0,0.27476038338658154,5.7955271565495226,16.025559105431313,7.329073482428116,0.575079872204473,4.376402584155049,2.878848183108551,nan,nan,nan,4.371010638297872,2.8975154507130534,4.383704735376044,2.859473173862426,1.0029041560702114,0.401,0.01048,0.0,0.0,0.0,0.0,0.0,0.0,0.0,0.0,0.0,0.0,0.02555910543130991,13.99361022364215,15.974440894568692,0.0063897763578274775,0.0,0.0,0.0,0.0,0.0,0.0,0.0,0.0,0.0,0.0,0.0,0.0,0.0,0.0,0.0,0.0,nan,nan,4.376402584155049,2.878848183108551,nan,0.401,0.05075,0.0,0.0,0.0,0.0,0.0,0.0,0.0,0.0,0.0,0.0,0.0,0.0,0.0,0.0,0.0,0.0,0.0,0.0,0.0,0.0,0.0,1.0649627263045793e-05,1.0649627263045793e-05,0.0,0.004611288604898829,0.0,0.000564430244941427,0.00025559105431309905,0.002204472843450479,0.008519701810436636,0.017337593184238553,0.019542066027689032,0.0330457933972311,0.033961661341853036,0.03805111821086262,0.033578274760383386,0.050788072417465385,0.0479765708200213,0.07758253461128861,0.08648562300319489,0.09822151224707135,0.07579339723109692,0.04336528221512247,0.04929712460063898,0.09422790202342918,0.0536741214057508,0.033940362087326946,0.028221512247071354,0.0315335463258786,0.013929712460063897,0.006357827476038339,0.004440894568690096,0.0017252396166134185,0.00865814696485623,0.0013525026624068158,0.0,0.000670926517571885,0.0,5.3248136315228964e-05,0.0,0.0,0.0,1.0649627263045793e-05,0.0,0.0,0.0,0.0,0.0,0.0,0.0,0.0,0.0,0.0,0.0,0.0,0.0,0.0,0.0,0.0,0.0,0.0,0.0,0.0,0.0,0.0,0.0,0.0,0.0,0.0,0.0,0.0,0.0,0.0,0.0,0.0,0.0,0.0,0.0,0.0,0.0,0.0,nan,nan,4.376402584155049,2.878848183108551,nan,0.9184309461622227,0.022588069558216437,0.0,0.0,0.0,0.0,0.0,0.0,0.0,0.0,0.0,0.0,0.0,0.0,0.0,0.0,0.0,0.0,0.0,0.0,0.0,0.0,0.0,0.0,0.0,0.0,0.0,0.19991670137442738,6.222407330279052,16.093294460641403,6.934610578925449,0.5497709287796753,0.9193206083390021,0.022839602881244998,0.0,0.0,0.0,0.0,0.0,0.0,0.0,0.0,0.0,0.0,0.0,0.0,0.0,0.0,0.0,0.0,0.0,0.0,0.0,0.0,0.0,0.0,0.0,0.0,0.0,0.35309503051438546,5.348735832606801,15.954664341761118,7.74193548387097,0.6015693112467307,0.4011,0.010315,0.0,0.0,0.0,0.0,0.0,0.0,0.0,0.0,0.0,0.0,0.03748438150770513,14.169096209912516,15.78092461474386,0.012494793835901711,0.0,0.0,0.0,0.0,0.0,0.0,0.0,0.0,0.0,0.0,0.0,0.0,0.0,0.0,0.0,0.0,0.4006,0.01065,0.0,0.0,0.0,0.0,0.0,0.0,0.0,0.0,0.0,0.0,0.013077593722755016,13.809938971229274,16.176983435047955,0.0,0.0,0.0,0.0,0.0,0.0,0.0,0.0,0.0,0.0,0.0,0.0,0.0,0.0,0.0,0.0,0.0
36300,4856,2463,0.5072075782537068,1152,988,0.44069192751235586,1383,0.5696046128500823,0.38599999999999995,2.9857918930213123,3.088303218174885,6.453277545327754,2.1374279038852992,9395.751338774784,1520.6784551378446,7853.0,10917.984769403934,10894.65671989052,6.975641858351345,7853.0,0.0,28.108937397034598,20.965499686975786,33.0453098212099,19.21197108285186,0.13920922570016475,0.10049423393739704,0.09163920922570017,0.08813838550247118,0.07969522240527183,0.07207578253706755,0.06404448105436573,0.06445634266886326,0.06177924217462932,0.05395387149917628,0.04901153212520593,0.04139209225700165,0.03397858319604613,0.02285831960461285,0.018121911037891267,0.012149917627677101,0.00700164744645799,0.9194684634614226,0.022526498196106443,0.0,0.0,0.0,0.0,0.0,0.0,0.0,0.0,0.0,0.0,0.0,0.0,0.0,0.0,0.0,0.0,0.0,0.0,0.0,0.0,0.0,0.0,0.0,0.0,0.0,0.2532948929159803,5.6219110378912704,16.074958813838553,7.549423393739705,0.5004118616144976,4.2817891373801915,2.863868893961268,nan,nan,nan,4.31222292590247,2.8995287007051416,4.250805931656996,2.8267667478357965,0.9857574630762809,0.4006,0.010574,0.0,0.0,0.0,0.0,0.0,0.0,0.0,0.0,0.0,0.0,0.024711696869851734,14.141268533772632,15.81548599670511,0.0185337726523888,0.0,0.0,0.0,0.0,0.0,0.0,0.0,0.0,0.0,0.0,0.0,0.0,0.0,0.0,0.0,0.0,nan,nan,4.2817891373801915,2.863868893961268,nan,0.4006,0.05057,0.0,0.0,0.0,0.0,0.0,0.0,0.0,0.0,0.0,0.0,0.0,0.0,0.0,0.0,0.0,0.0,0.0,0.0,0.0,0.0,0.0,0.0,0.0,0.0,0.003964168039538715,0.0,0.0005354200988467875,0.0006486820428336079,0.0018842668863261944,0.007341433278418451,0.01764827018121911,0.01996499176276771,0.03462726523887974,0.03443163097199341,0.03991968698517298,0.03060131795716639,0.054025947281713345,0.04822899505766062,0.07707990115321252,0.08666598023064251,0.09758031301482702,0.07606054365733114,0.04223640856672158,0.04858937397034596,0.09381177924217463,0.05326400329489291,0.034112438220757824,0.027224052718286654,0.0314662273476112,0.01590815485996705,0.006898682042833608,0.0037067545304777594,0.0015547775947281712,0.008247528830313015,0.001204695222405272,0.0,0.0004942339373970346,0.0,7.207578253706755e-05,0.0,0.0,0.0,0.0,0.0,0.0,0.0,0.0,0.0,0.0,0.0,0.0,0.0,0.0,0.0,0.0,0.0,0.0,0.0,0.0,0.0,0.0,0.0,0.0,0.0,0.0,0.0,0.0,0.0,0.0,0.0,0.0,0.0,0.0,0.0,0.0,0.0,0.0,0.0,0.0,0.0,0.0,nan,nan,4.2817891373801915,2.863868893961268,nan,0.9192748673069637,0.022746133940455382,0.0,0.0,0.0,0.0,0.0,0.0,0.0,0.0,0.0,0.0,0.0,0.0,0.0,0.0,0.0,0.0,0.0,0.0,0.0,0.0,0.0,0.0,0.0,0.0,0.0,0.2557856272838003,5.627283800243607,16.18757612667479,7.405602923264313,0.5237515225334959,0.9196677226876794,0.022296423163662645,0.0,0.0,0.0,0.0,0.0,0.0,0.0,0.0,0.0,0.0,0.0,0.0,0.0,0.0,0.0,0.0,0.0,0.0,0.0,0.0,0.0,0.0,0.0,0.0,0.0,0.2507312996239031,5.61638111157543,15.959047221061432,7.697450898453825,0.47638946928541587,0.401,0.01069,0.0,0.0,0.0,0.0,0.0,0.0,0.0,0.0,0.0,0.0,0.036540803897685756,14.019488428745412,15.919610231425095,0.024360535931790505,0.0,0.0,0.0,0.0,0.0,0.0,0.0,0.0,0.0,0.0,0.0,0.0,0.0,0.0,0.0,0.0,0.4006,0.010445,0.0,0.0,0.0,0.0,0.0,0.0,0.0,0.0,0.0,0.0,0.012536564981195155,14.266610948600063,15.70831592143753,0.012536564981195155,0.0,0.0,0.0,0.0,0.0,0.0,0.0,0.0,0.0,0.0,0.0,0.0,0.0,0.0,0.0,0.0
36400,4751,2460,0.5177857293201431,1162,998,0.4546411281835403,1374,0.5784045464112818,0.39799999999999996,2.9821038847664774,3.0538786337078743,6.4696048632218845,2.1166197521458403,9427.97148328706,1519.9179131257304,7853.0,10917.831964850426,10894.743706136918,7.091507501459796,7853.0,0.0,28.024205430435696,20.696665708598655,32.903274181454634,18.901523083691824,0.13870764049673753,0.09534834771627027,0.09198063565565144,0.08419280151547043,0.0844032835192591,0.08061460745106293,0.06756472321616502,0.06651231319722163,0.05514628499263313,0.05304146495474637,0.0500947169017049,0.03999158071984845,0.03578194064407493,0.022732056409177016,0.018311934329614817,0.008840244159124395,0.006735424121237634,0.9199110569012489,0.022973089953899645,0.0,0.0,0.0,0.0,0.0,0.0,0.0,0.0,0.0,0.0,0.0,0.0,0.0,0.0,0.0,0.0,0.0,0.0,0.0,0.0,0.0,0.0,0.0,0.0,0.0,0.3536097663649759,5.468322458429806,15.855609345400971,7.722584719006527,0.5998737107977269,4.154044473090558,2.85487222783691,nan,nan,nan,4.172036082474227,2.8244452933616717,4.136041263700839,2.884885275329189,0.9913723615851276,0.401,0.01043,0.0,0.0,0.0,0.0,0.0,0.0,0.0,0.0,0.0,0.0,0.0,14.182277415280971,15.786150284150708,0.03157230056830142,0.0,0.0,0.0,0.0,0.0,0.0,0.0,0.0,0.0,0.0,0.0,0.0,0.0,0.0,0.0,0.0,nan,nan,4.154044473090558,2.85487222783691,nan,0.4006,0.05048,0.0,0.0,0.0,0.0,0.0,0.0,0.0,0.0,0.0,0.0,0.0,0.0,0.0,0.0,0.0,0.0,0.0,0.0,0.0,0.0,0.0,0.0,0.0,0.0,0.0038939170700905074,0.0,0.0005156809092822564,0.0007787834140181015,0.0018311934329614818,0.007356346032414229,0.017312144811618607,0.022016417596295516,0.03296148179330667,0.03429804251736476,0.03864449589560093,0.0312565775626184,0.05436750157861503,0.050894548516101874,0.07669964218059355,0.08251946958535045,0.09832666806988002,0.07539465375710377,0.04290675647232162,0.04637970953483477,0.09579035992422648,0.053136181856451276,0.03766575457798358,0.02708903388760261,0.03154072826773311,0.015038939170700904,0.007019574826352347,0.002925699852662597,0.002094295937697327,0.007587876236581772,0.001336560724058093,0.0,0.00041043990738791835,1.0524100189433804e-05,0.0,0.0,0.0,0.0,0.0,0.0,0.0,0.0,0.0,0.0,0.0,0.0,0.0,0.0,0.0,0.0,0.0,0.0,0.0,0.0,0.0,0.0,0.0,0.0,0.0,0.0,0.0,0.0,0.0,0.0,0.0,0.0,0.0,0.0,0.0,0.0,0.0,0.0,0.0,0.0,0.0,0.0,0.0,nan,nan,4.154044473090558,2.85487222783691,nan,0.9196280743290738,0.02310025606150234,0.0,0.0,0.0,0.0,0.0,0.0,0.0,0.0,0.0,0.0,0.0,0.0,0.0,0.0,0.0,0.0,0.0,0.0,0.0,0.0,0.0,0.0,0.0,0.0,0.0,0.402439024390244,5.54878048780488,15.85365853658537,7.670731707317074,0.5243902439024392,0.9202149142244923,0.02283185013000102,0.0,0.0,0.0,0.0,0.0,0.0,0.0,0.0,0.0,0.0,0.0,0.0,0.0,0.0,0.0,0.0,0.0,0.0,0.0,0.0,0.0,0.0,0.0,0.0,0.0,0.30117852466171985,5.381929288520299,15.857704059362726,7.778262767350504,0.6809253601047579,0.4006,0.01059,0.0,0.0,0.0,0.0,0.0,0.0,0.0,0.0,0.0,0.0,0.0,14.23170731707315,15.719512195121954,0.04878048780487806,0.0,0.0,0.0,0.0,0.0,0.0,0.0,0.0,0.0,0.0,0.0,0.0,0.0,0.0,0.0,0.0,0.401,0.01026,0.0,0.0,0.0,0.0,0.0,0.0,0.0,0.0,0.0,0.0,0.0,14.129201222173702,15.857704059362726,0.013094718463553036,0.0,0.0,0.0,0.0,0.0,0.0,0.0,0.0,0.0,0.0,0.0,0.0,0.0,0.0,0.0,0.0
36500,4795,2460,0.5130344108446299,1134,982,0.44129301355578726,1341,0.559332638164755,0.414,2.9010706638115633,3.122491957896215,6.780290791599354,2.0589532401992914,9413.58175784874,1520.4241216150672,7853.0,10919.880949258804,10894.865662148255,6.962539143958868,7853.0,0.0,27.470490093847758,20.995995319770795,32.59544088176353,19.288156345447454,0.14640250260688217,0.1059436913451512,0.09322210636079249,0.08633993743482794,0.07883211678832117,0.07424400417101147,0.06256517205422316,0.06277372262773723,0.06360792492179354,0.05443169968717414,0.04150156412930136,0.03795620437956204,0.03149113660062565,0.022940563086548488,0.018143899895724715,0.011887382690302399,0.007716371220020855,0.920739378073914,0.02280163545179054,0.0,0.0,0.0,0.0,0.0,0.0,0.0,0.0,0.0,0.0,0.0,0.0,0.0,0.0,0.0,0.0,0.0,0.0,0.0,0.0,0.0,0.0,0.0,0.0,0.018769551616266946,0.237747653806048,5.236704900938479,15.728884254431703,8.045881126173098,0.7320125130344111,4.263989466754444,2.8945864688124576,nan,nan,nan,4.2026315789473685,2.893230469298368,4.324983520105471,2.8955428121601097,1.029113173224846,0.4001,0.01041,0.0,0.0,0.0,0.0,0.0,0.0,0.0,0.0,0.0,0.0,0.006256517205422317,15.184567257559937,14.765380604796666,0.04379562043795621,0.0,0.0,0.0,0.0,0.0,0.0,0.0,0.0,0.0,0.0,0.0,0.0,0.0,0.0,0.0,0.0,nan,nan,4.263989466754444,2.8945864688124576,nan,0.4001,0.0502,0.0,0.0,0.0,0.0,0.0,0.0,0.0,0.0,0.0,0.0,0.0,0.0,0.0,0.0,0.0,0.0,0.0,0.0,0.0,0.0,0.0,0.0,1.0427528675703859e-05,0.0,0.0035870698644421273,0.0,0.0002502606882168926,0.0007194994786235662,0.001981230448383733,0.008894681960375392,0.019843587069864443,0.01991657977059437,0.031157455683003127,0.033065693430656934,0.04205422314911366,0.03298227320125131,0.053722627737226275,0.05066736183524505,0.0792075078206465,0.0816266944734098,0.0983733055265902,0.07451511991657978,0.043858185610010425,0.04470281543274244,0.09832116788321169,0.051668404588112615,0.03791449426485923,0.026684045881126172,0.029749739311783107,0.014118873826903024,0.007069864442127216,0.0036496350364963502,0.0017518248175182481,0.006308654848800834,0.0012617309697601669,0.0,0.0003545359749739312,1.0427528675703859e-05,0.0,0.0,0.0,0.0,0.0,0.0,0.0,0.0,0.0,0.0,0.0,0.0,0.0,0.0,0.0,0.0,0.0,0.0,0.0,0.0,0.0,0.0,0.0,0.0,0.0,0.0,0.0,0.0,0.0,0.0,0.0,0.0,0.0,0.0,0.0,0.0,0.0,0.0,0.0,0.0,0.0,0.0,0.0,nan,nan,4.263989466754444,2.8945864688124576,nan,0.9207578995121204,0.02286259456669892,0.0,0.0,0.0,0.0,0.0,0.0,0.0,0.0,0.0,0.0,0.0,0.0,0.0,0.0,0.0,0.0,0.0,0.0,0.0,0.0,0.0,0.0,0.0,0.0,0.03658536585365854,0.20731707317073175,5.3292682926829285,15.414634146341466,8.329268292682928,0.6829268292682928,0.9207198651240265,0.022737219890445113,0.0,0.0,0.0,0.0,0.0,0.0,0.0,0.0,0.0,0.0,0.0,0.0,0.0,0.0,0.0,0.0,0.0,0.0,0.0,0.0,0.0,0.0,0.0,0.0,0.0,0.26980728051391867,5.139186295503213,16.05995717344754,7.747323340471094,0.78372591006424,0.4001,0.0104,0.0,0.0,0.0,0.0,0.0,0.0,0.0,0.0,0.0,0.0,0.0,15.390243902439,14.57317073170732,0.03658536585365854,0.0,0.0,0.0,0.0,0.0,0.0,0.0,0.0,0.0,0.0,0.0,0.0,0.0,0.0,0.0,0.0,0.4001,0.010414,0.0,0.0,0.0,0.0,0.0,0.0,0.0,0.0,0.0,0.0,0.012847965738758033,14.967880085653084,14.967880085653109,0.05139186295503213,0.0,0.0,0.0,0.0,0.0,0.0,0.0,0.0,0.0,0.0,0.0,0.0,0.0,0.0,0.0,0.0
36600,4989,2577,0.5165363800360794,1162,1027,0.4387652836239727,1373,0.5504109039887753,0.422,2.956882255389718,3.1062924791841007,6.643185298621746,2.163267824217294,9424.210043860297,1520.0856448541363,7853.0,10915.061653792858,10894.818746146302,6.985297288624949,7853.0,0.0,27.56404088995791,20.908110526201035,32.59054929239626,19.20398427793843,0.14331529364602125,0.10442974543996793,0.10082180797755061,0.08137903387452396,0.07696933253156946,0.06975345760673482,0.0747644818600922,0.06454199238324314,0.05552214872719984,0.052715975145319706,0.04590098216075366,0.036480256564441774,0.03146923231108439,0.026458208057727,0.01723792343154941,0.010422930446983364,0.007817197835237523,0.9207347446033725,0.022889116061380225,0.0,0.0,0.0,0.0,0.0,0.0,0.0,0.0,0.0,0.0,0.0,0.0,0.0,0.0,0.0,0.0,0.0,0.0,0.0,0.0,0.0,0.0,0.0,0.0,0.006013229104028865,0.312687913409501,5.255562236921228,15.83884546001203,7.937462417318101,0.6494287432351175,4.303599872570882,2.840434690799684,nan,nan,nan,4.3702995538559595,2.899842412281633,4.235181644359464,2.7782064053292945,0.969082689222692,0.4001,0.01057,0.0,0.0,0.0,0.0,0.0,0.0,0.0,0.0,0.0,0.0,0.0,14.852675886951273,15.117257967528566,0.030066145520144322,0.0,0.0,0.0,0.0,0.0,0.0,0.0,0.0,0.0,0.0,0.0,0.0,0.0,0.0,0.0,0.0,nan,nan,4.303599872570882,2.840434690799684,nan,0.4001,0.05005,0.0,0.0,0.0,0.0,0.0,0.0,0.0,0.0,0.0,0.0,0.0,0.0,0.0,0.0,0.0,0.0,0.0,0.0,0.0,0.0,0.0,0.0,0.0,0.0,0.0031870114251352976,3.0066145520144318e-05,0.0002705953096812989,0.0007015433954700341,0.002234916816997394,0.008869512928442574,0.020304670274604128,0.020434956905191422,0.030507115654439768,0.0326317899378633,0.04292443375425937,0.02923431549408699,0.056604529965925035,0.04768490679494889,0.08321306875125276,0.07838244137101624,0.09752455401884146,0.0759170174383644,0.045700541190619365,0.0455201443174985,0.09854680296652636,0.0525756664662257,0.0385347765083183,0.026317899378632992,0.028983764281419123,0.013700140308679094,0.005662457406293847,0.003698135898977751,0.0024754459811585487,0.005902986570455001,0.0010422930446983363,0.0,0.0006814992984566045,0.0,0.0,0.0,0.0,0.0,0.0,0.0,0.0,0.0,0.0,0.0,0.0,0.0,0.0,0.0,0.0,0.0,0.0,0.0,0.0,0.0,0.0,0.0,0.0,0.0,0.0,0.0,0.0,0.0,0.0,0.0,0.0,0.0,0.0,0.0,0.0,0.0,0.0,0.0,0.0,0.0,0.0,0.0,0.0,nan,nan,4.303599872570882,2.840434690799684,nan,0.9202153515482671,0.02304125862376598,0.0,0.0,0.0,0.0,0.0,0.0,0.0,0.0,0.0,0.0,0.0,0.0,0.0,0.0,0.0,0.0,0.0,0.0,0.0,0.0,0.0,0.0,0.0,0.0,0.0,0.360884749708964,5.459837019790456,15.785797438882424,7.788125727590223,0.6053550640279396,0.9212896682779191,0.022712319849889386,0.0,0.0,0.0,0.0,0.0,0.0,0.0,0.0,0.0,0.0,0.0,0.0,0.0,0.0,0.0,0.0,0.0,0.0,0.0,0.0,0.0,0.0,0.0,0.0,0.012437810945273634,0.2611940298507463,5.037313432835822,15.895522388059705,8.097014925373136,0.6965174129353235,0.4004,0.01056,0.0,0.0,0.0,0.0,0.0,0.0,0.0,0.0,0.0,0.0,0.0,14.377182770663543,15.599534342258442,0.023282887077997676,0.0,0.0,0.0,0.0,0.0,0.0,0.0,0.0,0.0,0.0,0.0,0.0,0.0,0.0,0.0,0.0,0.4,0.01057,0.0,0.0,0.0,0.0,0.0,0.0,0.0,0.0,0.0,0.0,0.0,15.360696517412915,14.601990049751247,0.0373134328358209,0.0,0.0,0.0,0.0,0.0,0.0,0.0,0.0,0.0,0.0,0.0,0.0,0.0,0.0,0.0,0.0
36700,4960,2537,0.511491935483871,1207,1021,0.4491935483870968,1420,0.5725806451612904,0.41,2.9290136194799836,3.062142890988773,6.391432791728213,2.1347758229304605,9408.96016208556,1520.6078629260444,7853.0,10922.543611943722,10895.00331255198,6.897080327982326,7853.0,0.0,28.01633064516129,20.967119406662768,32.853250478011475,19.26215376919918,0.1372983870967742,0.10403225806451613,0.08870967741935484,0.08971774193548387,0.08225806451612903,0.06975806451612904,0.0721774193548387,0.06391129032258064,0.05705645161290323,0.056451612903225805,0.044758064516129036,0.038911290322580644,0.031048387096774193,0.026814516129032257,0.016935483870967744,0.011088709677419355,0.009072580645161291,0.9212337875077802,0.022729906885108595,0.0,0.0,0.0,0.0,0.0,0.0,0.0,0.0,0.0,0.0,0.0,0.0,0.0,0.0,0.0,0.0,0.0,0.0,0.0,0.0,0.0,0.0,0.0,0.0,0.0,0.2540322580645162,4.965725806451615,15.858870967741938,8.250000000000002,0.6713709677419357,4.252723311546841,2.8661817859649643,nan,nan,nan,4.23625,2.853363968634216,4.26906385616863,2.878746787509827,1.0077459678179121,0.4004,0.01044,0.0,0.0,0.0,0.0,0.0,0.0,0.0,0.0,0.0,0.0,0.0,14.879032258064496,15.108870967741938,0.01209677419354839,0.0,0.0,0.0,0.0,0.0,0.0,0.0,0.0,0.0,0.0,0.0,0.0,0.0,0.0,0.0,0.0,nan,nan,4.252723311546841,2.8661817859649643,nan,0.4004,0.04996,0.0,0.0,0.0,0.0,0.0,0.0,0.0,0.0,0.0,0.0,0.0,0.0,0.0,0.0,0.0,0.0,0.0,0.0,0.0,0.0,1.0080645161290323e-05,0.0,0.0,0.0,0.0028024193548387096,1.0080645161290323e-05,0.00025201612903225806,0.0006653225806451613,0.0024193548387096775,0.008467741935483872,0.017923387096774195,0.021985887096774192,0.030836693548387098,0.031340725806451614,0.04321572580645161,0.028991935483870968,0.058296370967741935,0.04850806451612903,0.08684475806451612,0.07592741935483871,0.09526209677419355,0.07648185483870967,0.04587701612903226,0.04536290322580645,0.10014112903225807,0.05128024193548387,0.03684475806451613,0.026018145161290324,0.02962701612903226,0.013911290322580646,0.005866935483870968,0.003961693548387097,0.0028528225806451614,0.006048387096774193,0.0008971774193548387,0.0,0.0010685483870967742,0.0,0.0,0.0,0.0,0.0,0.0,0.0,0.0,0.0,0.0,0.0,0.0,0.0,0.0,0.0,0.0,0.0,0.0,0.0,0.0,0.0,0.0,0.0,0.0,0.0,0.0,0.0,0.0,0.0,0.0,0.0,0.0,0.0,0.0,0.0,0.0,0.0,0.0,0.0,0.0,0.0,0.0,0.0,0.0,nan,nan,4.252723311546841,2.8661817859649643,nan,0.9210084475632676,0.022692093192607475,0.0,0.0,0.0,0.0,0.0,0.0,0.0,0.0,0.0,0.0,0.0,0.0,0.0,0.0,0.0,0.0,0.0,0.0,0.0,0.0,0.0,0.0,0.0,0.0,0.0,0.2719747733543556,5.108395743003549,15.833661805281832,8.123768230193143,0.6621994481671267,0.9214697294967311,0.022767042299863222,0.0,0.0,0.0,0.0,0.0,0.0,0.0,0.0,0.0,0.0,0.0,0.0,0.0,0.0,0.0,0.0,0.0,0.0,0.0,0.0,0.0,0.0,0.0,0.0,0.0,0.23524556335121755,4.816343375980191,15.885266198926953,8.382170862567067,0.6809739991745771,0.4004,0.01031,0.0,0.0,0.0,0.0,0.0,0.0,0.0,0.0,0.0,0.0,0.0,14.781237682301912,15.20693732755223,0.011824990145841548,0.0,0.0,0.0,0.0,0.0,0.0,0.0,0.0,0.0,0.0,0.0,0.0,0.0,0.0,0.0,0.0,0.4004,0.01057,0.0,0.0,0.0,0.0,0.0,0.0,0.0,0.0,0.0,0.0,0.0,14.981427981840673,15.006190672719772,0.012381345439537766,0.0,0.0,0.0,0.0,0.0,0.0,0.0,0.0,0.0,0.0,0.0,0.0,0.0,0.0,0.0,0.0
36800,4947,2571,0.5197089144936325,1193,1010,0.44532039619971703,1394,0.563573883161512,0.39799999999999996,2.9957912457912457,3.0679700452980176,6.475504322766571,2.165049724052129,9433.941894066907,1519.8144650973716,7853.0,10922.314363837242,10894.975709820688,7.132692161788683,7853.0,0.0,28.086314938346472,20.912439553091822,32.903929084810734,19.214326403448,0.13442490398221144,0.10309278350515463,0.09298564786739438,0.08692136648473822,0.08085708510208207,0.07539923185769153,0.06893066504952497,0.06003638568829594,0.061249241964827165,0.053972104305639784,0.048109965635738834,0.03759854457246816,0.036385688295936934,0.023650697392359005,0.016979987871437233,0.010713563776025874,0.008692136648473823,0.9207148718573672,0.023014738600161056,0.0,0.0,0.0,0.0,0.0,0.0,0.0,0.0,0.0,0.0,0.0,0.0,0.0,0.0,0.0,0.0,0.0,0.0,0.0,0.0,0.0,0.0,0.0,0.0,0.0,0.2910855063674955,5.269860521528201,15.664038811400852,8.029108550636751,0.7459066100667073,4.234022556390977,2.815670944314894,nan,nan,nan,4.229949874686716,2.800443976167505,4.238095238095238,2.8308101483838266,1.0019256406458303,0.4004,0.01054,0.0,0.0,0.0,0.0,0.0,0.0,0.0,0.0,0.0,0.0,0.012128562765312313,14.93632504548209,15.015160703456644,0.036385688295936934,0.0,0.0,0.0,0.0,0.0,0.0,0.0,0.0,0.0,0.0,0.0,0.0,0.0,0.0,0.0,0.0,nan,nan,4.234022556390977,2.815670944314894,nan,0.4004,0.05002,0.0,0.0,0.0,0.0,0.0,0.0,0.0,0.0,0.0,0.0,0.0,0.0,0.0,0.0,0.0,0.0,0.0,0.0,0.0,0.0,0.0,0.0,0.0,0.0,0.0030321406913280777,0.0,0.0002223569840307257,0.0006468566808166565,0.0020416413988275724,0.0078330301192642,0.018587022437841116,0.02151809177279159,0.032565191024863556,0.030179907014352133,0.04329896907216495,0.028704265211239133,0.05907620780270871,0.04799878714372347,0.08942793612290277,0.07467151809177279,0.09545178896300788,0.07595512431776834,0.04602789569436022,0.04502728926622195,0.10192035577117445,0.05035374974732161,0.03485951081463513,0.02465130382049727,0.029856478673943806,0.014321811198706286,0.005750960177885588,0.004740246614109561,0.002991712148777037,0.006033959975742875,0.0007984637153830604,1.0107135637760258e-05,0.001445320396199717,0.0,0.0,0.0,0.0,0.0,0.0,0.0,0.0,0.0,0.0,0.0,0.0,0.0,0.0,0.0,0.0,0.0,0.0,0.0,0.0,0.0,0.0,0.0,0.0,0.0,0.0,0.0,0.0,0.0,0.0,0.0,0.0,0.0,0.0,0.0,0.0,0.0,0.0,0.0,0.0,0.0,0.0,0.0,0.0,nan,nan,4.234022556390977,2.815670944314894,nan,0.9207700457335538,0.023220478771710417,0.0,0.0,0.0,0.0,0.0,0.0,0.0,0.0,0.0,0.0,0.0,0.0,0.0,0.0,0.0,0.0,0.0,0.0,0.0,0.0,0.0,0.0,0.0,0.0,0.0,0.30338389731621945,5.332555425904319,15.565927654609105,8.016336056009337,0.781796966161027,0.9206551698221502,0.022789870560186224,0.0,0.0,0.0,0.0,0.0,0.0,0.0,0.0,0.0,0.0,0.0,0.0,0.0,0.0,0.0,0.0,0.0,0.0,0.0,0.0,0.0,0.0,0.0,0.0,0.0,0.27777777777777785,5.202020202020203,15.770202020202023,8.042929292929294,0.7070707070707073,0.4004,0.01071,0.0,0.0,0.0,0.0,0.0,0.0,0.0,0.0,0.0,0.0,0.01166861143523921,14.935822637106162,15.029171528588101,0.02333722287047842,0.0,0.0,0.0,0.0,0.0,0.0,0.0,0.0,0.0,0.0,0.0,0.0,0.0,0.0,0.0,0.0,0.4001,0.01034,0.0,0.0,0.0,0.0,0.0,0.0,0.0,0.0,0.0,0.0,0.01262626262626263,14.936868686868666,15.000000000000004,0.05050505050505052,0.0,0.0,0.0,0.0,0.0,0.0,0.0,0.0,0.0,0.0,0.0,0.0,0.0,0.0,0.0,0.0
36900,4557,2343,0.5141540487162607,1101,921,0.4437129690585912,1233,0.5411454904542462,0.446,3.007226738934056,3.2048323644570678,6.8125,2.289882085657734,9417.200724310982,1520.5384648984275,7853.0,10922.247199177742,10895.280281982563,6.847606475573563,7853.0,0.0,27.394996708360765,20.883812914627974,32.69275669938976,19.088128498561048,0.1511959622558701,0.10182137371077463,0.09304366908053543,0.08294930875576037,0.07877989905639675,0.07658547289883695,0.07109940750493746,0.06254114549045425,0.05837173579109063,0.04805793285055958,0.0456440640772438,0.03686635944700461,0.029844195742813256,0.029624753127057275,0.016238753565942506,0.01206934386657889,0.005266622778143515,0.921737518531857,0.022937238880203024,0.0,0.0,0.0,0.0,0.0,0.0,0.0,0.0,0.0,0.0,0.0,0.0,0.0,0.0,0.0,0.0,0.0,0.0,0.0,0.0,0.0,0.0,0.0,0.0,0.0,0.1909150757077025,5.016458196181699,15.523370638578015,8.564845292955894,0.7044107965766954,4.32686308492201,2.9591539443185906,nan,nan,nan,4.4110344827586205,2.935751498488914,4.241811846689895,2.9802007847142735,0.9616365193402671,0.4006,0.01032,0.0,0.0,0.0,0.0,0.0,0.0,0.0,0.0,0.0,0.0,0.006583278472679396,14.772876892692539,15.200789993416725,0.019749835418038188,0.0,0.0,0.0,0.0,0.0,0.0,0.0,0.0,0.0,0.0,0.0,0.0,0.0,0.0,0.0,0.0,nan,nan,4.32686308492201,2.9591539443185906,nan,0.4004,0.05008,0.0,0.0,0.0,0.0,0.0,0.0,0.0,0.0,0.0,0.0,0.0,0.0,0.0,0.0,0.0,0.0,0.0,0.0,0.0,0.0,0.0,0.0,0.0,0.0,0.0032258064516129032,0.0,0.00025235900811937677,0.0008448540706605223,0.002348035988588984,0.006440640772438008,0.018312486284836515,0.020967741935483872,0.03201667763879745,0.032269036646916834,0.04246214614878209,0.027770463023919244,0.06046741277156024,0.04860653938994953,0.09031160851437349,0.07265745007680492,0.09416282642089094,0.0771889400921659,0.04555628703094141,0.04436032477507132,0.10198595567259161,0.05020847048496818,0.03446346280447663,0.024039938556067588,0.03128154487601492,0.015591397849462365,0.00793285055957867,0.0037414965986394557,0.0029734474434935263,0.005793285055957867,0.0006363835856923414,0.0,0.0010862409479921,4.3888523151195965e-05,0.0,0.0,0.0,0.0,0.0,0.0,0.0,0.0,0.0,0.0,0.0,0.0,0.0,0.0,0.0,0.0,0.0,0.0,0.0,0.0,0.0,0.0,0.0,0.0,0.0,0.0,0.0,0.0,0.0,0.0,0.0,0.0,0.0,0.0,0.0,0.0,0.0,0.0,0.0,0.0,0.0,0.0,0.0,nan,nan,4.32686308492201,2.9591539443185906,nan,0.9218593897394172,0.02234159756957292,0.0,0.0,0.0,0.0,0.0,0.0,0.0,0.0,0.0,0.0,0.0,0.0,0.0,0.0,0.0,0.0,0.0,0.0,0.0,0.0,0.0,0.0,0.0,0.0,0.0,0.1536491677336748,4.942381562099873,15.774647887323948,8.55313700384123,0.5761843790012805,0.9216085464273795,0.023550497674834428,0.0,0.0,0.0,0.0,0.0,0.0,0.0,0.0,0.0,0.0,0.0,0.0,0.0,0.0,0.0,0.0,0.0,0.0,0.0,0.0,0.0,0.0,0.0,0.0,0.0,0.2303523035230353,5.094850948509486,15.257452574525749,8.577235772357724,0.8401084010840111,0.4004,0.01056,0.0,0.0,0.0,0.0,0.0,0.0,0.0,0.0,0.0,0.0,0.0,14.750320102432756,15.224071702944945,0.025608194622279135,0.0,0.0,0.0,0.0,0.0,0.0,0.0,0.0,0.0,0.0,0.0,0.0,0.0,0.0,0.0,0.0,0.4006,0.01006,0.0,0.0,0.0,0.0,0.0,0.0,0.0,0.0,0.0,0.0,0.013550135501355016,14.796747967479654,15.176151761517618,0.013550135501355016,0.0,0.0,0.0,0.0,0.0,0.0,0.0,0.0,0.0,0.0,0.0,0.0,0.0,0.0,0.0,0.0
37000,4716,2415,0.5120865139949109,1160,961,0.44974554707379133,1326,0.5623409669211196,0.422,3.007388092133855,3.160550675866676,6.632440476190476,2.2474233916240216,9410.988632937146,1520.78010168882,7853.0,10921.963879227638,10895.432460841233,7.057696794163137,7853.0,0.0,28.15966921119593,20.921755202962352,33.0654911838791,19.163376675710403,0.13846480067854114,0.09563189143341815,0.09541984732824428,0.08248515691263783,0.08163698049194232,0.08015267175572519,0.06721798134011875,0.06340118744698897,0.06022052586938083,0.05216284987277354,0.0498303647158609,0.037743850720949955,0.03329092451229856,0.02544529262086514,0.01717557251908397,0.01102629346904156,0.008693808312128922,0.9219422770744669,0.023114188766877587,0.0,0.0,0.0,0.0,0.0,0.0,0.0,0.0,0.0,0.0,0.0,0.0,0.0,0.0,0.0,0.0,0.0,0.0,0.0,0.0,0.0,0.0,0.0,0.0,0.006361323155216286,0.2290076335877863,5.025445292620866,15.394402035623413,8.51145038167939,0.8333333333333335,4.272222222222222,2.948259644435924,nan,nan,nan,4.230618892508144,2.946909263924822,4.314098360655738,2.9490256112653466,1.0197322118273109,0.4004,0.01075,0.0,0.0,0.0,0.0,0.0,0.0,0.0,0.0,0.0,0.0,0.01908396946564886,14.478371501272242,15.451653944020359,0.05089058524173029,0.0,0.0,0.0,0.0,0.0,0.0,0.0,0.0,0.0,0.0,0.0,0.0,0.0,0.0,0.0,0.0,nan,nan,4.272222222222222,2.948259644435924,nan,0.4004,0.05005,0.0,0.0,0.0,0.0,0.0,0.0,0.0,0.0,0.0,0.0,0.0,0.0,0.0,0.0,0.0,0.0,0.0,0.0,0.0,0.0,0.0,0.0,0.0,0.0,0.0031806615776081423,0.0,0.00044529262086513997,0.0010708227311280747,0.0020674300254452924,0.006329516539440204,0.01999575911789652,0.019667090754877013,0.03237913486005089,0.0332167090754877,0.04020356234096692,0.02758693808312129,0.056912637828668365,0.04895038167938931,0.09392493638676845,0.07240245971162002,0.09374469889737065,0.07810644614079729,0.04934266327396098,0.04308736217133164,0.10302162849872773,0.04802798982188295,0.0337362171331637,0.02467133163698049,0.02844571670907549,0.01664546225614928,0.008555979643765903,0.0034457167090754877,0.0028625954198473282,0.006287107718405428,0.0007315521628498728,0.0,0.0009223918575063613,3.1806615776081425e-05,0.0,0.0,0.0,0.0,0.0,0.0,0.0,0.0,0.0,0.0,0.0,0.0,0.0,0.0,0.0,0.0,0.0,0.0,0.0,0.0,0.0,0.0,0.0,0.0,0.0,0.0,0.0,0.0,0.0,0.0,0.0,0.0,0.0,0.0,0.0,0.0,0.0,0.0,0.0,0.0,0.0,0.0,0.0,nan,nan,4.272222222222222,2.948259644435924,nan,0.9221726131735382,0.022925506085298003,0.0,0.0,0.0,0.0,0.0,0.0,0.0,0.0,0.0,0.0,0.0,0.0,0.0,0.0,0.0,0.0,0.0,0.0,0.0,0.0,0.0,0.0,0.0,0.0,0.012422360248447208,0.19875776397515532,4.9440993788819885,15.503105590062114,8.58385093167702,0.7577639751552797,0.9217005292781795,0.02330812885701989,0.0,0.0,0.0,0.0,0.0,0.0,0.0,0.0,0.0,0.0,0.0,0.0,0.0,0.0,0.0,0.0,0.0,0.0,0.0,0.0,0.0,0.0,0.0,0.0,0.0,0.26075619295958286,5.110821382007823,15.280312907431554,8.435462842242504,0.9126466753585399,0.4006,0.01085,0.0,0.0,0.0,0.0,0.0,0.0,0.0,0.0,0.0,0.0,0.03726708074534162,14.3478260869565,15.552795031055904,0.06211180124223604,0.0,0.0,0.0,0.0,0.0,0.0,0.0,0.0,0.0,0.0,0.0,0.0,0.0,0.0,0.0,0.0,0.4001,0.01064,0.0,0.0,0.0,0.0,0.0,0.0,0.0,0.0,0.0,0.0,0.0,14.615384615384594,15.34550195567145,0.03911342894393743,0.0,0.0,0.0,0.0,0.0,0.0,0.0,0.0,0.0,0.0,0.0,0.0,0.0,0.0,0.0,0.0
37100,4797,2453,0.5113612674588285,1141,1006,0.447571398790911,1352,0.5636856368563685,0.426,2.9249146757679183,3.1062516083139857,6.634920634920635,2.1343865502954555,9408.587214090077,1520.6409611441825,7853.0,10919.474163889885,10895.051311043662,6.906143775828635,7853.0,0.0,27.595789034813425,20.8849216681046,32.728160200250315,19.11953559310445,0.14613299979153638,0.09818636647904941,0.09339170314780071,0.09318323952470293,0.08130081300813008,0.066916823014384,0.07087763185324161,0.06504065040650407,0.05982905982905983,0.045653533458411506,0.04607046070460705,0.036064206795914114,0.035021888680425266,0.027934125495101107,0.01855326245570148,0.010214717531790703,0.005628517823639775,0.9217023415965092,0.022794849843725873,0.0,0.0,0.0,0.0,0.0,0.0,0.0,0.0,0.0,0.0,0.0,0.0,0.0,0.0,0.0,0.0,0.0,0.0,0.0,0.0,0.0,0.0,0.0,0.0,0.0,0.19387116948092561,4.909318323952471,15.884928080050035,8.23014383989994,0.7817385866166355,4.395629484670581,2.9241945403951,nan,nan,nan,4.42422236929186,2.9315005047451255,4.370656370656371,2.915641694935179,0.9878925618641401,0.4001,0.01039,0.0,0.0,0.0,0.0,0.0,0.0,0.0,0.0,0.0,0.0,0.01876172607879925,14.934333958724181,15.028142589118202,0.01876172607879925,0.0,0.0,0.0,0.0,0.0,0.0,0.0,0.0,0.0,0.0,0.0,0.0,0.0,0.0,0.0,0.0,nan,nan,4.395629484670581,2.9241945403951,nan,0.4001,0.04984,0.0,0.0,0.0,0.0,0.0,0.0,0.0,0.0,0.0,0.0,0.0,0.0,0.0,0.0,0.0,0.0,0.0,0.0,0.0,0.0,0.0,0.0,0.0,3.1269543464665416e-05,0.0034396497811131957,0.0,0.0005003126954346467,0.0009380863039399625,0.001657285803627267,0.0062434855117781945,0.019533041484260997,0.019189076506149677,0.031196581196581197,0.03674171357098186,0.041567646445695224,0.029653950385657702,0.0561496768813842,0.04633104023347926,0.09808213466750051,0.07116948092557848,0.09151553053992079,0.0787471336251824,0.046205962059620596,0.04363143631436314,0.10629560141755263,0.0474671669793621,0.033364602876797995,0.02530748384406921,0.027798624140087554,0.016333124869710235,0.007900771315405461,0.002939337085678549,0.0026996039191161145,0.005972482801751095,0.0005315822388993121,0.0,0.0008547008547008547,1.0423181154888472e-05,0.0,0.0,0.0,0.0,0.0,0.0,0.0,0.0,0.0,0.0,0.0,0.0,0.0,0.0,0.0,0.0,0.0,0.0,0.0,0.0,0.0,0.0,0.0,0.0,0.0,0.0,0.0,0.0,0.0,0.0,0.0,0.0,0.0,0.0,0.0,0.0,0.0,0.0,0.0,0.0,0.0,0.0,0.0,nan,nan,4.395629484670581,2.9241945403951,nan,0.9216775201895846,0.022353829667254833,0.0,0.0,0.0,0.0,0.0,0.0,0.0,0.0,0.0,0.0,0.0,0.0,0.0,0.0,0.0,0.0,0.0,0.0,0.0,0.0,0.0,0.0,0.0,0.0,0.0,0.1589889930697106,4.855279249898085,16.070118222584593,8.279657562168774,0.6359559722788424,0.9217283172412131,0.02324739246132765,0.0,0.0,0.0,0.0,0.0,0.0,0.0,0.0,0.0,0.0,0.0,0.0,0.0,0.0,0.0,0.0,0.0,0.0,0.0,0.0,0.0,0.0,0.0,0.0,0.0,0.23037542662116045,4.965870307167236,15.691126279863484,8.178327645051196,0.9343003412969285,0.4,0.01038,0.0,0.0,0.0,0.0,0.0,0.0,0.0,0.0,0.0,0.0,0.012229922543823893,15.434162250305725,14.529147982062783,0.024459845087647786,0.0,0.0,0.0,0.0,0.0,0.0,0.0,0.0,0.0,0.0,0.0,0.0,0.0,0.0,0.0,0.0,0.4004,0.0104,0.0,0.0,0.0,0.0,0.0,0.0,0.0,0.0,0.0,0.0,0.025597269624573385,14.411262798634791,15.55034129692833,0.012798634812286692,0.0,0.0,0.0,0.0,0.0,0.0,0.0,0.0,0.0,0.0,0.0,0.0,0.0,0.0,0.0,0.0
37200,5111,2567,0.5022500489141069,1263,1085,0.45940129133242025,1504,0.5885345333594209,0.3539999999999999,2.9422169811320753,3.10143669134217,6.632596685082873,2.146007058679121,9380.76315660487,1520.9116571518725,7853.0,10918.196912646294,10894.837745776193,7.040403969957892,7853.0,0.0,28.382117002543534,20.726421970421143,33.096215966774345,18.97002272879078,0.13265505771864605,0.09880649579338681,0.08745842300919585,0.08530620230874585,0.0782625709254549,0.08354529446292311,0.07474075523380944,0.06476227744081393,0.057522989630209354,0.05341420465662297,0.048718450401095674,0.03971825474466836,0.0330659362160047,0.026804930541968305,0.018196047740168263,0.011543729211504598,0.005478379964781843,0.9204433412496835,0.023057739016688342,0.0,0.0,0.0,0.0,0.0,0.0,0.0,0.0,0.0,0.0,0.0,0.0,0.0,0.0,0.0,0.0,0.0,0.0,0.0,0.0,0.0,0.0,0.0,0.0,0.0,0.29935433378986503,5.294462923107026,15.859909998043438,7.812561142633537,0.7337116024261399,4.224725763415357,2.8822970851738456,nan,nan,nan,4.255017709563164,2.902979818009656,4.196066746126341,2.860742258519776,0.9861455421667622,0.4006,0.01059,0.0,0.0,0.0,0.0,0.0,0.0,0.0,0.0,0.0,0.0,0.011739385638818238,14.410095871649364,15.519467814517709,0.05869692819409119,0.0,0.0,0.0,0.0,0.0,0.0,0.0,0.0,0.0,0.0,0.0,0.0,0.0,0.0,0.0,0.0,nan,nan,4.224725763415357,2.8822970851738456,nan,0.4006,0.05005,0.0,0.0,0.0,0.0,0.0,0.0,0.0,0.0,0.0,0.0,0.0,0.0,0.0,0.0,0.0,0.0,0.0,0.0,0.0,0.0,0.0,0.0,0.0,2.9348464097045588e-05,0.003932694189004109,0.0,0.0003913128546272745,0.000851105458814322,0.0012619839561729602,0.005370768929759343,0.019458031696341225,0.021913519859127373,0.029397378203873996,0.03730189786734494,0.03963999217374291,0.026814713363333985,0.05599686949716298,0.04884562707884954,0.09531402856583839,0.07279397378203874,0.09116611230678928,0.07689297593425944,0.04628252788104089,0.04262375269027588,0.10713167677558208,0.049403247896693404,0.034337702993543336,0.025875562512228528,0.02946585795343377,0.01653296810800235,0.007591469379769125,0.0028174525533163765,0.0024554881627861474,0.006212091567207983,0.0009000195656427314,0.0,0.0009684993152025044,2.9348464097045588e-05,0.0,0.0,0.0,0.0,0.0,0.0,0.0,0.0,0.0,0.0,0.0,0.0,0.0,0.0,0.0,0.0,0.0,0.0,0.0,0.0,0.0,0.0,0.0,0.0,0.0,0.0,0.0,0.0,0.0,0.0,0.0,0.0,0.0,0.0,0.0,0.0,0.0,0.0,0.0,0.0,0.0,0.0,0.0,nan,nan,4.224725763415357,2.8822970851738456,nan,0.920147785566454,0.023181269073155986,0.0,0.0,0.0,0.0,0.0,0.0,0.0,0.0,0.0,0.0,0.0,0.0,0.0,0.0,0.0,0.0,0.0,0.0,0.0,0.0,0.0,0.0,0.0,0.0,0.0,0.29216984807167906,5.4811063498246995,15.742111414102068,7.760031164783796,0.7245812232177641,0.920741569016527,0.022928556384951386,0.0,0.0,0.0,0.0,0.0,0.0,0.0,0.0,0.0,0.0,0.0,0.0,0.0,0.0,0.0,0.0,0.0,0.0,0.0,0.0,0.0,0.0,0.0,0.0,0.0,0.30660377358490576,5.1061320754717,15.978773584905664,7.86556603773585,0.7429245283018869,0.4006,0.01046,0.0,0.0,0.0,0.0,0.0,0.0,0.0,0.0,0.0,0.0,0.023373587845734324,14.666926373198265,15.23957927541878,0.07012076353720297,0.0,0.0,0.0,0.0,0.0,0.0,0.0,0.0,0.0,0.0,0.0,0.0,0.0,0.0,0.0,0.0,0.4006,0.01072,0.0,0.0,0.0,0.0,0.0,0.0,0.0,0.0,0.0,0.0,0.0,14.150943396226396,15.801886792452834,0.04716981132075473,0.0,0.0,0.0,0.0,0.0,0.0,0.0,0.0,0.0,0.0,0.0,0.0,0.0,0.0,0.0,0.0
37300,4311,2281,0.5291115750405938,1046,877,0.44606819763395966,1180,0.5474367896079796,0.418,2.935960591133005,3.0868922689689606,6.5503597122302155,2.168110077799564,9462.86846264874,1518.722164553641,7853.0,10921.35627681017,10895.587874826268,7.171920438768987,7853.0,0.0,27.92948271862677,20.978800771844465,32.80104712041885,19.292503837813054,0.13616330317791694,0.10531199257712828,0.09464161447459986,0.08814660171653908,0.08211551844119694,0.07028531663187196,0.06866156344235676,0.061934585942936674,0.05474367896079796,0.05358385525400139,0.047088842495940614,0.040593829737879845,0.032707028531663185,0.029227557411273485,0.017861285084667132,0.010438413361169102,0.006495012758060774,0.9211800948175967,0.02308049820028219,0.0,0.0,0.0,0.0,0.0,0.0,0.0,0.0,0.0,0.0,0.0,0.0,0.0,0.0,0.0,0.0,0.0,0.0,0.0,0.0,0.0,0.0,0.0,0.0,0.0069589422407794034,0.2505219206680585,5.254001391788449,15.309672929714687,8.531663187195548,0.6471816283924845,4.187545257060101,2.874319587453574,nan,nan,nan,4.180766449746927,2.844335542173919,4.1943437273386515,2.9040638028040155,1.0032475570579997,0.4019,0.01065,0.0,0.0,0.0,0.0,0.0,0.0,0.0,0.0,0.0,0.0,0.0,12.950591510090447,16.979819067501744,0.06958942240779403,0.0,0.0,0.0,0.0,0.0,0.0,0.0,0.0,0.0,0.0,0.0,0.0,0.0,0.0,0.0,0.0,nan,nan,4.187545257060101,2.874319587453574,nan,0.4019,0.04987,0.0,0.0,0.0,0.0,0.0,0.0,0.0,0.0,0.0,0.0,0.0,0.0,0.0,0.0,0.0,0.0,0.0,0.0,0.0,0.0,0.0,0.0,0.0,0.0,0.004523312456506611,3.479471120389701e-05,0.00035954534910693576,0.0007770818835536998,0.0010670378102528417,0.004801670146137787,0.017791695662259337,0.022129436325678497,0.027429830665738807,0.035374623057295294,0.03655764323822779,0.0247970308513106,0.05458130364184644,0.04904894456042681,0.0965205288796103,0.06993736951983298,0.09694966365112503,0.07684991881234052,0.046184180004639294,0.04211319879378334,0.11098353050336349,0.05,0.038030619345859426,0.02410113662723266,0.02967988865692415,0.017524936209696126,0.008466713059614939,0.0025748086290883787,0.001960102064486198,0.006877754581303642,0.0006726977499420088,3.479471120389701e-05,0.001264207840408258,0.0,0.0,0.0,0.0,0.0,0.0,0.0,0.0,0.0,0.0,0.0,0.0,0.0,0.0,0.0,0.0,0.0,0.0,0.0,0.0,0.0,0.0,0.0,0.0,0.0,0.0,0.0,0.0,0.0,0.0,0.0,0.0,0.0,0.0,0.0,0.0,0.0,0.0,0.0,0.0,0.0,0.0,0.0,0.0,nan,nan,4.187545257060101,2.874319587453574,nan,0.9213963877417862,0.023424512936957166,0.0,0.0,0.0,0.0,0.0,0.0,0.0,0.0,0.0,0.0,0.0,0.0,0.0,0.0,0.0,0.0,0.0,0.0,0.0,0.0,0.0,0.0,0.0,0.0,0.0,0.26304252520824206,5.4055238930293745,15.00657606313021,8.614642700569927,0.7102148180622536,0.9209370582855394,0.022685264506974147,0.0,0.0,0.0,0.0,0.0,0.0,0.0,0.0,0.0,0.0,0.0,0.0,0.0,0.0,0.0,0.0,0.0,0.0,0.0,0.0,0.0,0.0,0.0,0.0,0.014778325123152712,0.2364532019704434,5.083743842364533,15.650246305418722,8.4384236453202,0.5763546798029557,0.402,0.010475,0.0,0.0,0.0,0.0,0.0,0.0,0.0,0.0,0.0,0.0,0.0,12.83647523016219,17.110916264796145,0.052608505041648414,0.0,0.0,0.0,0.0,0.0,0.0,0.0,0.0,0.0,0.0,0.0,0.0,0.0,0.0,0.0,0.0,0.4019,0.01084,0.0,0.0,0.0,0.0,0.0,0.0,0.0,0.0,0.0,0.0,0.0,13.078817733990128,16.83251231527094,0.08866995073891627,0.0,0.0,0.0,0.0,0.0,0.0,0.0,0.0,0.0,0.0,0.0,0.0,0.0,0.0,0.0,0.0
37400,4318,2217,0.5134321445113479,1013,886,0.4397869383974062,1188,0.5502547475683187,0.422,2.9562113279390765,3.082706630930035,6.625429553264605,2.129946695447947,9415.078937612816,1520.6716612000362,7853.0,10916.274728775024,10895.425283090724,6.901415354584556,7853.0,0.0,27.694997684113016,20.886043128843067,32.896907216494846,19.076592228228336,0.1459008800370542,0.10074108383510885,0.0919407132931913,0.08615099583140343,0.08012968967114405,0.0745715609078277,0.07179249652616952,0.05766558591940713,0.05951829550717925,0.055349698934691986,0.03937007874015748,0.044233441408059286,0.03288559518295507,0.023622047244094488,0.02014821676702177,0.012274201018990273,0.0037054191755442334,0.9210425066197012,0.022383677946963876,0.0,0.0,0.0,0.0,0.0,0.0,0.0,0.0,0.0,0.0,0.0,0.0,0.0,0.0,0.0,0.0,0.0,0.0,0.0,0.0,0.0,0.0,0.0,0.0,0.0,0.27790643816581756,4.918943955534971,15.937934228809638,8.246873552570635,0.6183418249189441,4.324972737186478,2.8914365079018522,nan,nan,nan,4.346520146520146,2.899424721353459,4.303751803751804,2.883390321812576,0.990160325656702,0.402,0.01026,0.0,0.0,0.0,0.0,0.0,0.0,0.0,0.0,0.0,0.0,0.006947660954145439,12.616952292728095,17.35525706345531,0.020842982862436316,0.0,0.0,0.0,0.0,0.0,0.0,0.0,0.0,0.0,0.0,0.0,0.0,0.0,0.0,0.0,0.0,nan,nan,4.324972737186478,2.8914365079018522,nan,0.402,0.04996,0.0,0.0,0.0,0.0,0.0,0.0,0.0,0.0,0.0,0.0,0.0,0.0,0.0,0.0,0.0,0.0,0.0,0.0,0.0,0.0,1.157943492357573e-05,0.0,0.0,2.315886984715146e-05,0.0043422880963408985,0.00012737378415933302,0.0001968503937007874,0.0009147753589624826,0.0012621584066697545,0.0050717924965261695,0.01814497452524317,0.02190829087540528,0.02673691523853636,0.03395090319592404,0.03679944418712367,0.02429365446966188,0.05324224177860121,0.05056739231125521,0.09786938397406207,0.07017137563686893,0.09786938397406207,0.07364520611394164,0.048679944418712366,0.04232283464566929,0.10932144511347847,0.05224641037517369,0.03818897637795276,0.02334414080592867,0.029133858267716535,0.016558591940713293,0.008371931449745252,0.002014821676702177,0.0026632700324224177,0.00794349235757295,0.00037054191755442334,0.0,0.001667438628994905,0.0,0.0,0.0,0.0,2.315886984715146e-05,0.0,0.0,0.0,0.0,0.0,0.0,0.0,0.0,0.0,0.0,0.0,0.0,0.0,0.0,0.0,0.0,0.0,0.0,0.0,0.0,0.0,0.0,0.0,0.0,0.0,0.0,0.0,0.0,0.0,0.0,0.0,0.0,0.0,0.0,0.0,0.0,0.0,0.0,0.0,nan,nan,4.324972737186478,2.8914365079018522,nan,0.9207269783540518,0.022571024671130417,0.0,0.0,0.0,0.0,0.0,0.0,0.0,0.0,0.0,0.0,0.0,0.0,0.0,0.0,0.0,0.0,0.0,0.0,0.0,0.0,0.0,0.0,0.0,0.0,0.0,0.25710419485791614,5.047361299052775,16.089309878213804,7.970230040595401,0.6359945872801084,0.9213754557700795,0.02217940513010408,0.0,0.0,0.0,0.0,0.0,0.0,0.0,0.0,0.0,0.0,0.0,0.0,0.0,0.0,0.0,0.0,0.0,0.0,0.0,0.0,0.0,0.0,0.0,0.0,0.0,0.2998572108519753,4.78343645882913,15.778200856734891,8.53879105188006,0.5997144217039506,0.402,0.01046,0.0,0.0,0.0,0.0,0.0,0.0,0.0,0.0,0.0,0.0,0.013531799729364009,12.6251691474966,17.34776725304466,0.013531799729364009,0.0,0.0,0.0,0.0,0.0,0.0,0.0,0.0,0.0,0.0,0.0,0.0,0.0,0.0,0.0,0.0,0.402,0.010056,0.0,0.0,0.0,0.0,0.0,0.0,0.0,0.0,0.0,0.0,0.0,12.608281770585416,17.36316039980962,0.02855782960495003,0.0,0.0,0.0,0.0,0.0,0.0,0.0,0.0,0.0,0.0,0.0,0.0,0.0,0.0,0.0,0.0
37500,4312,2265,0.525278293135436,1065,855,0.4452690166975881,1199,0.5561224489795918,0.43,3.1172447484123107,3.1618034575603944,6.6480263157894735,2.184227865340183,9451.09420956197,1519.250928844366,7853.0,10918.139588236809,10895.376261205836,6.843565547232681,7853.0,0.0,28.285018552875695,21.1230970764634,33.221090308370044,19.3559961830576,0.14053803339517626,0.10041743970315399,0.08998144712430427,0.08279220779220779,0.08371985157699444,0.07421150278293136,0.06794990723562153,0.05705009276437848,0.05728200371057514,0.05844155844155844,0.04800556586270872,0.04267161410018553,0.031771799628942485,0.02736549165120594,0.0187847866419295,0.011131725417439703,0.007884972170686457,0.920722351100206,0.022899588431539556,0.0,0.0,0.0,0.0,0.0,0.0,0.0,0.0,0.0,0.0,0.0,0.0,0.0,0.0,0.0,0.0,0.0,0.0,0.0,0.0,0.0,0.0,0.0,0.0,0.0,0.2156771799628943,5.419758812615957,15.640074211502787,8.112244897959185,0.6122448979591838,4.400071633237823,2.9674765206000884,nan,nan,nan,4.401591895803183,3.0094059610927877,4.398581560283688,2.925795904702177,0.9993160802748738,0.4019,0.01014,0.0,0.0,0.0,0.0,0.0,0.0,0.0,0.0,0.0,0.0,0.0,13.21196660482373,16.753246753246756,0.03478664192949908,0.0,0.0,0.0,0.0,0.0,0.0,0.0,0.0,0.0,0.0,0.0,0.0,0.0,0.0,0.0,0.0,nan,nan,4.400071633237823,2.9674765206000884,nan,0.4019,0.05005,0.0,0.0,0.0,0.0,0.0,0.0,0.0,0.0,0.0,0.0,0.0,0.0,0.0,0.0,0.0,0.0,0.0,0.0,0.0,0.0,0.0,2.3191094619666047e-05,0.0,8.116883116883117e-05,0.004510667903525047,0.00011595547309833024,0.000487012987012987,0.0012291280148423005,0.0021799628942486085,0.004800556586270872,0.019387755102040816,0.01875,0.02719155844155844,0.03390538033395176,0.036479591836734694,0.026275510204081632,0.0511943413729128,0.04917671614100186,0.09618506493506493,0.0753130797773655,0.09943181818181818,0.07436224489795919,0.04862012987012987,0.04267161410018553,0.10591372912801485,0.051461038961038964,0.03966836734693877,0.02280844155844156,0.028814935064935064,0.016848330241187384,0.007873376623376623,0.0013914656771799629,0.002319109461966605,0.007954545454545454,0.00035946196660482374,0.0,0.0021219851576994436,0.0,0.0,0.0,0.0,9.276437847866419e-05,0.0,0.0,0.0,0.0,0.0,0.0,0.0,0.0,0.0,0.0,0.0,0.0,0.0,0.0,0.0,0.0,0.0,0.0,0.0,0.0,0.0,0.0,0.0,0.0,0.0,0.0,0.0,0.0,0.0,0.0,0.0,0.0,0.0,0.0,0.0,0.0,0.0,0.0,0.0,nan,nan,4.400071633237823,2.9674765206000884,nan,0.9207197324855965,0.022610516030364788,0.0,0.0,0.0,0.0,0.0,0.0,0.0,0.0,0.0,0.0,0.0,0.0,0.0,0.0,0.0,0.0,0.0,0.0,0.0,0.0,0.0,0.0,0.0,0.0,0.0,0.19867549668874177,5.443708609271525,15.788079470198678,7.973509933774836,0.5960264900662252,0.9207252485902355,0.023215251406006703,0.0,0.0,0.0,0.0,0.0,0.0,0.0,0.0,0.0,0.0,0.0,0.0,0.0,0.0,0.0,0.0,0.0,0.0,0.0,0.0,0.0,0.0,0.0,0.0,0.0,0.23448949682462145,5.393258426966293,15.476306790425015,8.265754763067907,0.6301905227161702,0.4019,0.010124,0.0,0.0,0.0,0.0,0.0,0.0,0.0,0.0,0.0,0.0,0.0,13.019867549668854,16.94039735099338,0.03973509933774835,0.0,0.0,0.0,0.0,0.0,0.0,0.0,0.0,0.0,0.0,0.0,0.0,0.0,0.0,0.0,0.0,0.4019,0.010155,0.0,0.0,0.0,0.0,0.0,0.0,0.0,0.0,0.0,0.0,0.0,13.424523693209556,16.546165119687352,0.02931118710307768,0.0,0.0,0.0,0.0,0.0,0.0,0.0,0.0,0.0,0.0,0.0,0.0,0.0,0.0,0.0,0.0
37600,4322,2314,0.5354002776492365,1083,826,0.44169366034243407,1138,0.5266080518278575,0.426,3.058764940239044,3.159525669889569,6.774869109947644,2.0482649683997316,9482.229146328695,1517.6963565841331,7853.0,10919.05350971222,10896.011396038295,7.099141267376703,7853.0,0.0,27.913003239241093,20.90388799645505,32.783553355335535,19.218495403945845,0.13651087459509487,0.1064322073114299,0.0927811198519204,0.08537714021286441,0.07843590930124943,0.07658491439148542,0.06686719111522443,0.06686719111522443,0.054835724201758446,0.052753354928273946,0.05067098565478945,0.03956501619620546,0.03285515964831097,0.02059231837112448,0.01966682091624248,0.011800092549745489,0.007403979639055993,0.9219546311848256,0.023245015423716788,0.0,0.0,0.0,0.0,0.0,0.0,0.0,0.0,0.0,0.0,0.0,0.0,0.0,0.0,0.0,0.0,0.0,0.0,0.0,0.0,0.0,0.0,0.0,0.0,0.0,0.29847292919944474,4.789449329014346,15.583063396575662,8.482184173993524,0.8468301712170294,4.27328742297934,2.9579597115810357,nan,nan,nan,4.19454679439941,2.9399090675030837,4.349500713266762,2.9733414502566036,1.0369417547264577,0.4023,0.01041,0.0,0.0,0.0,0.0,0.0,0.0,0.0,0.0,0.0,0.0,0.0,12.27209625173529,17.69319759370662,0.03470615455807497,0.0,0.0,0.0,0.0,0.0,0.0,0.0,0.0,0.0,0.0,0.0,0.0,0.0,0.0,0.0,0.0,nan,nan,4.27328742297934,2.9579597115810357,nan,0.4023,0.05023,0.0,0.0,0.0,0.0,0.0,0.0,0.0,0.0,0.0,0.0,0.0,0.0,0.0,0.0,0.0,0.0,0.0,0.0,0.0,0.0,0.0,0.0,0.0,8.098102730217491e-05,0.004118463674224896,8.098102730217491e-05,0.0004280425728829246,0.0015039333641832485,0.0021286441462285977,0.0035747339194817213,0.018521517815826005,0.019470152707080055,0.026793151318833874,0.03359555761221657,0.03914854234150856,0.026978250809810273,0.05008098102730218,0.04515270708005553,0.09688801480795928,0.07849375289217955,0.09716566404442388,0.0756941230911615,0.04816057380842203,0.04101110596945858,0.1022211938917168,0.05307727903748265,0.04067561314206386,0.0238894030541416,0.029928273947246644,0.01748033317908376,0.00851457658491439,0.001191577973160574,0.0023600185099490975,0.008734382230448865,0.0004511800092549745,0.0,0.0022443313280888478,0.0,0.0,0.0,0.0,0.00016196205460434983,0.0,0.0,0.0,0.0,0.0,0.0,0.0,0.0,0.0,0.0,0.0,0.0,0.0,0.0,0.0,0.0,0.0,0.0,0.0,0.0,0.0,0.0,0.0,0.0,0.0,0.0,0.0,0.0,0.0,0.0,0.0,0.0,0.0,0.0,0.0,0.0,0.0,0.0,0.0,nan,nan,4.27328742297934,2.9579597115810357,nan,0.9222771203919743,0.023322009915885174,0.0,0.0,0.0,0.0,0.0,0.0,0.0,0.0,0.0,0.0,0.0,0.0,0.0,0.0,0.0,0.0,0.0,0.0,0.0,0.0,0.0,0.0,0.0,0.0,0.0,0.2981849611063095,4.693171996542784,15.544511668107177,8.647363872082975,0.8167675021607608,0.9215829977060694,0.02315039949967229,0.0,0.0,0.0,0.0,0.0,0.0,0.0,0.0,0.0,0.0,0.0,0.0,0.0,0.0,0.0,0.0,0.0,0.0,0.0,0.0,0.0,0.0,0.0,0.0,0.0,0.2988047808764941,4.900398406374503,15.627490039840641,8.29183266932271,0.8814741035856576,0.4026,0.01024,0.0,0.0,0.0,0.0,0.0,0.0,0.0,0.0,0.0,0.0,0.0,11.888504753673276,18.085566119273988,0.025929127052722566,0.0,0.0,0.0,0.0,0.0,0.0,0.0,0.0,0.0,0.0,0.0,0.0,0.0,0.0,0.0,0.0,0.402,0.01059,0.0,0.0,0.0,0.0,0.0,0.0,0.0,0.0,0.0,0.0,0.0,12.714143426294802,17.24103585657371,0.04482071713147411,0.0,0.0,0.0,0.0,0.0,0.0,0.0,0.0,0.0,0.0,0.0,0.0,0.0,0.0,0.0,0.0
37700,4291,2300,0.536005593101841,1114,853,0.45840130505709625,1154,0.5378699603821953,0.446,2.9658463083877447,3.152070548676287,6.739700374531835,2.2043616756594107,9484.330535479316,1517.8060668040293,7853.0,10923.053373217583,10896.495359887715,7.183229758638707,7853.0,0.0,27.942437660219063,20.855166242629373,32.92384658143413,19.090413691993103,0.14006059193661152,0.10090887904917269,0.0929853181076672,0.08319738988580751,0.07900256350501049,0.07690515031461198,0.07131204847354929,0.06338848753204382,0.056397110230715454,0.060591936611512465,0.04754136564903286,0.03915171288743882,0.02703332556513633,0.02540200419482638,0.01654625961314379,0.010720111862036821,0.008855744581682591,0.9234163622371635,0.023918739762580053,0.0,0.0,0.0,0.0,0.0,0.0,0.0,0.0,0.0,0.0,0.0,0.0,0.0,0.0,0.0,0.0,0.0,0.0,0.0,0.0,0.0,0.0,0.0,0.0,0.006991377301328363,0.31461197855977635,4.586343509671406,14.814728501514802,9.256583546958753,1.020741085993941,4.09648493543759,2.9243845415825684,nan,nan,nan,4.036770007209805,2.9149349075469897,4.1535714285714285,2.932573484995382,1.0289343760365373,0.4028,0.01006,0.0,0.0,0.0,0.0,0.0,0.0,0.0,0.0,0.0,0.0,0.0,11.70356560242366,18.26846888837101,0.027965509205313453,0.0,0.0,0.0,0.0,0.0,0.0,0.0,0.0,0.0,0.0,0.0,0.0,0.0,0.0,0.0,0.0,nan,nan,4.09648493543759,2.9243845415825684,nan,0.4028,0.0504,0.0,0.0,0.0,0.0,0.0,0.0,0.0,0.0,0.0,0.0,0.0,0.0,0.0,0.0,0.0,0.0,0.0,0.0,0.0,0.0,0.0,0.0,0.0,8.156606851549755e-05,0.003961780470752739,6.991377301328361e-05,0.0001281752505243533,0.00109531577720811,0.0018993241668608717,0.0039734327662549526,0.016907480773712423,0.01986716383127476,0.026590538336052204,0.03424609648100676,0.03889536238639012,0.027254719179678397,0.050489396411092985,0.04504777441155908,0.09884642274528083,0.07636914472151014,0.09678396644138895,0.07551852714984852,0.048753204381263106,0.040992775576788626,0.10128175250524353,0.05470752738289443,0.04094616639477977,0.022512234910277325,0.028781169890468424,0.016942437660219065,0.009426707061291074,0.0009671405266837567,0.003146119785597763,0.010149149382428339,0.0005942670706129107,0.0,0.0024353297599627125,0.0,0.0,0.0,0.0,0.00033791656956420413,0.0,0.0,0.0,0.0,0.0,0.0,0.0,0.0,0.0,0.0,0.0,0.0,0.0,0.0,0.0,0.0,0.0,0.0,0.0,0.0,0.0,0.0,0.0,0.0,0.0,0.0,0.0,0.0,0.0,0.0,0.0,0.0,0.0,0.0,0.0,0.0,0.0,0.0,0.0,nan,nan,4.09648493543759,2.9243845415825684,nan,0.9238148394356603,0.02383158852068231,0.0,0.0,0.0,0.0,0.0,0.0,0.0,0.0,0.0,0.0,0.0,0.0,0.0,0.0,0.0,0.0,0.0,0.0,0.0,0.0,0.0,0.0,0.0,0.0,0.0,0.3260869565217392,4.395652173913044,14.986956521739133,9.208695652173915,1.082608695652174,0.9229560420179056,0.024010792335959572,0.0,0.0,0.0,0.0,0.0,0.0,0.0,0.0,0.0,0.0,0.0,0.0,0.0,0.0,0.0,0.0,0.0,0.0,0.0,0.0,0.0,0.0,0.0,0.0,0.015067805123053746,0.3013561024610749,4.806629834254145,14.615770969362133,9.311903566047214,0.9492717227523859,0.4028,0.010155,0.0,0.0,0.0,0.0,0.0,0.0,0.0,0.0,0.0,0.0,0.0,12.026086956521722,17.947826086956525,0.026086956521739136,0.0,0.0,0.0,0.0,0.0,0.0,0.0,0.0,0.0,0.0,0.0,0.0,0.0,0.0,0.0,0.0,0.4028,0.00996,0.0,0.0,0.0,0.0,0.0,0.0,0.0,0.0,0.0,0.0,0.0,11.330989452536397,18.638874937217484,0.030135610246107492,0.0,0.0,0.0,0.0,0.0,0.0,0.0,0.0,0.0,0.0,0.0,0.0,0.0,0.0,0.0,0.0
37800,4732,2473,0.5226120033812341,1179,933,0.4463229078613694,1298,0.5486052409129332,0.43,3.0402833111996457,3.1658686503167432,6.6080246913580245,2.2670609241831676,9443.494034690504,1520.1298264902143,7853.0,10922.884091198444,10896.355346605525,7.24600810901638,7853.0,0.0,28.20984784446323,21.047216879052115,33.12296110414053,19.301073289527753,0.13651732882502113,0.09953508030431107,0.09298393913778528,0.09023668639053255,0.07755705832628909,0.07142857142857142,0.07037193575655114,0.06741335587489433,0.05452240067624683,0.05600169061707523,0.04564666103127642,0.03761622992392223,0.03360101437024514,0.027049873203719356,0.019864750633981403,0.015004226542688081,0.004649196956889264,0.9231427277887865,0.02317364441621237,0.0,0.0,0.0,0.0,0.0,0.0,0.0,0.0,0.0,0.0,0.0,0.0,0.0,0.0,0.0,0.0,0.0,0.0,0.0,0.0,0.0,0.0,0.0,0.0,0.0,0.18385460693153005,4.615384615384616,15.272612003381237,8.97083685545224,0.9573119188503806,4.314724126673196,2.97703726527567,nan,nan,nan,4.35344262295082,2.977345547463874,4.276332899869961,2.9762342695996202,0.9822876445702199,0.4033,0.01048,0.0,0.0,0.0,0.0,0.0,0.0,0.0,0.0,0.0,0.0,0.006339814032121726,11.46238377007606,18.429839391377858,0.10143702451394762,0.0,0.0,0.0,0.0,0.0,0.0,0.0,0.0,0.0,0.0,0.0,0.0,0.0,0.0,0.0,0.0,nan,nan,4.314724126673196,2.97703726527567,nan,0.4033,0.05057,0.0,0.0,0.0,0.0,0.0,0.0,0.0,0.0,0.0,0.0,0.0,0.0,0.0,0.0,0.0,0.0,0.0,0.0,0.0,0.0,0.0,0.0,1.0566356720202874e-05,0.0,0.0038989856297548604,6.339814032121724e-05,0.00019019442096365174,0.0012256973795435333,0.0020393068469991547,0.0035185967878275572,0.01591293322062553,0.019167371090448013,0.028508030431107355,0.03337912087912088,0.03905325443786982,0.02562341504649197,0.04935545224006763,0.04437869822485207,0.10043322062552831,0.07629966187658495,0.0974429416737109,0.07566568047337278,0.04756973795435334,0.04066990701606086,0.10286348267117498,0.05378275570583263,0.042476754015215556,0.023224852071005917,0.027345731191885037,0.017371090448013524,0.010312764158918006,0.001437024513947591,0.0031699070160608623,0.009330092983939138,0.00042265426880811494,8.4530853761623e-05,0.0031487743026204565,1.0566356720202874e-05,0.0,0.0,0.0,0.0006128486897717667,0.0,0.0,0.0,0.0,0.0,0.0,0.0,0.0,0.0,0.0,0.0,0.0,0.0,0.0,0.0,0.0,0.0,0.0,0.0,0.0,0.0,0.0,0.0,0.0,0.0,0.0,0.0,0.0,0.0,0.0,0.0,0.0,0.0,0.0,0.0,0.0,0.0,0.0,0.0,nan,nan,4.314724126673196,2.97703726527567,nan,0.922996461102223,0.0236199011200242,0.0,0.0,0.0,0.0,0.0,0.0,0.0,0.0,0.0,0.0,0.0,0.0,0.0,0.0,0.0,0.0,0.0,0.0,0.0,0.0,0.0,0.0,0.0,0.0,0.0,0.19409623938536197,4.706833805095027,15.333602911443593,8.685806712494946,1.0796603315810758,0.9233028506377778,0.022673963285023677,0.0,0.0,0.0,0.0,0.0,0.0,0.0,0.0,0.0,0.0,0.0,0.0,0.0,0.0,0.0,0.0,0.0,0.0,0.0,0.0,0.0,0.0,0.0,0.0,0.0,0.1726427622841966,4.51527224435591,15.205843293492698,9.282868525896417,0.8233731739707837,0.403,0.01054,0.0,0.0,0.0,0.0,0.0,0.0,0.0,0.0,0.0,0.0,0.012131014961585123,11.488071168621092,18.414880711686212,0.08491710473109586,0.0,0.0,0.0,0.0,0.0,0.0,0.0,0.0,0.0,0.0,0.0,0.0,0.0,0.0,0.0,0.0,0.4036,0.01042,0.0,0.0,0.0,0.0,0.0,0.0,0.0,0.0,0.0,0.0,0.0,11.434262948207156,18.446215139442234,0.11952191235059763,0.0,0.0,0.0,0.0,0.0,0.0,0.0,0.0,0.0,0.0,0.0,0.0,0.0,0.0,0.0,0.0
37900,4957,2600,0.5245107928182369,1257,974,0.4500706072221102,1364,0.5503328626185192,0.418,2.986847687738651,3.151431396453151,6.746500777604977,2.0933426381877287,9449.227728796734,1519.8138269526926,7853.0,10923.976045250893,10896.269558325157,7.010144383022342,7853.0,0.0,28.0411539237442,20.88597246947032,32.98487394957983,19.121146895454693,0.14121444422029453,0.10006052047609441,0.09078071414161791,0.08291305224934437,0.08230784748840024,0.07403671575549728,0.07040548718983256,0.06596731894290901,0.059108331652208995,0.04881985071615897,0.04700423643332661,0.04014524914262659,0.03853136978010894,0.025418599959653017,0.016340528545491225,0.009279806334476498,0.007665926971958846,0.9223729979494105,0.023044717126149996,0.0,0.0,0.0,0.0,0.0,0.0,0.0,0.0,0.0,0.0,0.0,0.0,0.0,0.0,0.0,0.0,0.0,0.0,0.0,0.0,0.0,0.0,0.0,0.0,0.006052047609441196,0.20576961872100066,4.738753278192456,15.571918499092195,8.618115795844263,0.8593907605406498,4.281328320802005,2.9743771682189184,nan,nan,nan,4.220149253731344,2.957416173872814,4.343434343434343,2.990216762392529,1.0292134430065463,0.4038,0.01075,0.0,0.0,0.0,0.0,0.0,0.0,0.0,0.0,0.0,0.0,0.0,11.03288279201128,18.930804922332058,0.036312285656647174,0.0,0.0,0.0,0.0,0.0,0.0,0.0,0.0,0.0,0.0,0.0,0.0,0.0,0.0,0.0,0.0,nan,nan,4.281328320802005,2.9743771682189184,nan,0.4038,0.05045,0.0,0.0,0.0,0.0,0.0,0.0,0.0,0.0,0.0,0.0,0.0,0.0,0.0,0.0,0.0,0.0,0.0,0.0,0.0,0.0,0.0,0.0,6.0520476094411944e-05,6.0520476094411944e-05,0.0036614888037119226,9.078071414161792e-05,0.0003328626185192657,0.001492838410328828,0.0016037926165019165,0.0034698406294129515,0.014464393786564455,0.016098446641113578,0.029362517651805527,0.03550534597538834,0.03774460359088158,0.026225539640911844,0.048739156748033086,0.0440891668347791,0.09775065563849103,0.07785959249546097,0.10109945531571515,0.07496469638894493,0.044875933024006456,0.042162598345773655,0.1062537825297559,0.05425660681864031,0.0414060923945935,0.022533790599152715,0.027012305830139197,0.017076861004639902,0.011297155537623563,0.0012204962679039741,0.003046197296752068,0.008946943715957232,0.0005345975388339722,0.0003631228565664717,0.0033387129312083923,7.060722211014726e-05,0.0,0.0,0.0,0.0009279806334476498,0.0,0.0,0.0,0.0,0.0,0.0,0.0,0.0,0.0,0.0,0.0,0.0,0.0,0.0,0.0,0.0,0.0,0.0,0.0,0.0,0.0,0.0,0.0,0.0,0.0,0.0,0.0,0.0,0.0,0.0,0.0,0.0,0.0,0.0,0.0,0.0,0.0,0.0,0.0,nan,nan,4.281328320802005,2.9743771682189184,nan,0.9220462304582963,0.022784432441606706,0.0,0.0,0.0,0.0,0.0,0.0,0.0,0.0,0.0,0.0,0.0,0.0,0.0,0.0,0.0,0.0,0.0,0.0,0.0,0.0,0.0,0.0,0.0,0.0,0.01153846153846154,0.18461538461538465,4.800000000000002,15.87692307692308,8.273076923076925,0.853846153846154,0.9227334542399905,0.02332315815734621,0.0,0.0,0.0,0.0,0.0,0.0,0.0,0.0,0.0,0.0,0.0,0.0,0.0,0.0,0.0,0.0,0.0,0.0,0.0,0.0,0.0,0.0,0.0,0.0,0.0,0.2291047942299534,4.671192193466271,15.235468816291899,8.998727195587612,0.8655070004242683,0.4038,0.01082,0.0,0.0,0.0,0.0,0.0,0.0,0.0,0.0,0.0,0.0,0.0,11.088461538461523,18.865384615384617,0.04615384615384616,0.0,0.0,0.0,0.0,0.0,0.0,0.0,0.0,0.0,0.0,0.0,0.0,0.0,0.0,0.0,0.0,0.4038,0.01067,0.0,0.0,0.0,0.0,0.0,0.0,0.0,0.0,0.0,0.0,0.0,10.971574034789972,19.002969876962243,0.0254560882477726,0.0,0.0,0.0,0.0,0.0,0.0,0.0,0.0,0.0,0.0,0.0,0.0,0.0,0.0,0.0,0.0
38000,4916,2601,0.5290886899918633,1271,967,0.4552481692432872,1350,0.549227013832384,0.414,3.026781857451404,3.0889155642038837,6.531757754800591,2.056285966680651,9463.169895009152,1519.0755318939298,7853.0,10919.767984509468,10896.289197948863,6.862113806045381,7853.0,0.0,28.508543531326282,20.929900831452095,33.4357056694813,19.08308995446263,0.13751017087062653,0.0935720097640358,0.0870626525630594,0.08807973962571196,0.08116354759967453,0.07160292921074043,0.07323026851098453,0.06794141578519121,0.05655004068348251,0.05899104963384866,0.046989422294548416,0.04109031733116355,0.03295362082994304,0.027054515866558177,0.018917819365337672,0.00935720097640358,0.007933279088689993,0.9225876996364896,0.023064626597861963,0.0,0.0,0.0,0.0,0.0,0.0,0.0,0.0,0.0,0.0,0.0,0.0,0.0,0.0,0.0,0.0,0.0,0.0,0.0,0.0,0.0,0.0,0.0,0.0,0.0,0.22579332790886905,4.711147274206673,15.34784377542718,8.952400325467861,0.7628152969894225,4.156965944272446,2.9030473082199,nan,nan,nan,4.0816831683168315,2.9213300813451633,4.232342007434944,2.882656739980083,1.036910958765141,0.4036,0.01055,0.0,0.0,0.0,0.0,0.0,0.0,0.0,0.0,0.0,0.0,0.0,11.320179007323011,18.58218063466233,0.09764035801464607,0.0,0.0,0.0,0.0,0.0,0.0,0.0,0.0,0.0,0.0,0.0,0.0,0.0,0.0,0.0,0.0,nan,nan,4.156965944272446,2.9030473082199,nan,0.4036,0.05057,0.0,0.0,0.0,0.0,0.0,0.0,0.0,0.0,0.0,0.0,0.0,0.0,0.0,0.0,0.0,0.0,0.0,0.0,0.0,0.0,0.0,0.0,6.102522375915378e-05,0.0001017087062652563,0.003081773799837266,0.0002542717656631408,0.00041700569568755083,0.0014646053702196907,0.0014544344995931651,0.004078519121236778,0.015134255492270139,0.016822620016273392,0.030370219690805535,0.03515052888527258,0.036533767290480065,0.025986574450772987,0.04917615947925143,0.047243694060211554,0.09777257933279089,0.07675956061838893,0.10121033360455654,0.07466436126932466,0.04492473555736371,0.040673311635475995,0.10363100081366965,0.05403783563873068,0.0435720097640358,0.01985353946297803,0.02688161106590724,0.01850081366965012,0.011442229454841335,0.001647681041497152,0.0027156224572823435,0.009814890154597234,0.0007017900732302685,0.00046786004882017903,0.0023291293734743696,8.136696501220504e-05,0.0,0.0,0.0,0.0009865744507729863,0.0,0.0,0.0,0.0,0.0,0.0,0.0,0.0,0.0,0.0,0.0,0.0,0.0,0.0,0.0,0.0,0.0,0.0,0.0,0.0,0.0,0.0,0.0,0.0,0.0,0.0,0.0,0.0,0.0,0.0,0.0,0.0,0.0,0.0,0.0,0.0,0.0,0.0,0.0,nan,nan,4.156965944272446,2.9030473082199,nan,0.922343712112437,0.022944753710495838,0.0,0.0,0.0,0.0,0.0,0.0,0.0,0.0,0.0,0.0,0.0,0.0,0.0,0.0,0.0,0.0,0.0,0.0,0.0,0.0,0.0,0.0,0.0,0.0,0.0,0.24221453287197237,4.7058823529411775,15.490196078431376,8.765859284890428,0.7958477508650521,0.9228618298956951,0.023195508501151752,0.0,0.0,0.0,0.0,0.0,0.0,0.0,0.0,0.0,0.0,0.0,0.0,0.0,0.0,0.0,0.0,0.0,0.0,0.0,0.0,0.0,0.0,0.0,0.0,0.0,0.2073434125269979,4.717062634989202,15.187904967602595,9.161987041036719,0.7257019438444926,0.4036,0.0104,0.0,0.0,0.0,0.0,0.0,0.0,0.0,0.0,0.0,0.0,0.0,11.084198385236432,18.835063437139564,0.0807381776239908,0.0,0.0,0.0,0.0,0.0,0.0,0.0,0.0,0.0,0.0,0.0,0.0,0.0,0.0,0.0,0.0,0.4036,0.010735,0.0,0.0,0.0,0.0,0.0,0.0,0.0,0.0,0.0,0.0,0.0,11.585313174945988,18.298056155507563,0.1166306695464363,0.0,0.0,0.0,0.0,0.0,0.0,0.0,0.0,0.0,0.0,0.0,0.0,0.0,0.0,0.0,0.0
38100,4909,2530,0.51537991444286,1175,1042,0.45161947443471173,1406,0.5728254226930128,0.414,2.9525010508617067,3.0383310374905603,6.43609022556391,2.1329967039889604,9421.531981288901,1521.0119450851228,7853.0,10921.83410680294,10896.448022192575,6.874642187605796,7853.0,0.0,27.81686697901813,20.792411508338112,32.85728202630297,18.998528202457546,0.14218781829293134,0.10042778569973518,0.08983499694438786,0.08392748013852108,0.08474231004277857,0.07700142595233245,0.07129761662253005,0.0609085353432471,0.060704827867182724,0.04807496435119169,0.04746384192299857,0.04135261764106743,0.03238948869423508,0.026889386840497045,0.01711142798940721,0.008555713994703605,0.007129761662253004,0.922545539067607,0.022820433819296205,0.0,0.0,0.0,0.0,0.0,0.0,0.0,0.0,0.0,0.0,0.0,0.0,0.0,0.0,0.0,0.0,0.0,0.0,0.0,0.0,0.0,0.0,0.0,0.0,0.0,0.18333672845793444,4.595640660012223,15.797514768792018,8.610715013240988,0.8127928294968427,4.2598177819666985,2.8464820676725475,nan,nan,nan,4.227950310559006,2.8506665054827565,4.292434837889384,2.841822787285693,1.0152519596006917,0.4038,0.01054,0.0,0.0,0.0,0.0,0.0,0.0,0.0,0.0,0.0,0.0,0.0,10.920757791810944,19.00590751680587,0.07333469138317378,0.0,0.0,0.0,0.0,0.0,0.0,0.0,0.0,0.0,0.0,0.0,0.0,0.0,0.0,0.0,0.0,nan,nan,4.2598177819666985,2.8464820676725475,nan,0.4038,0.05072,0.0,0.0,0.0,0.0,0.0,0.0,0.0,0.0,0.0,0.0,0.0,0.0,0.0,0.0,0.0,0.0,0.0,0.0,0.0,0.0,0.0,0.0,0.0001324098594418415,9.166836422896721e-05,0.0029028315339172947,0.00019352210226115298,0.0008657567732735791,0.001497249949073131,0.0012629863515991038,0.0038093298024037482,0.01575677327357914,0.01783458952943573,0.03002648197188837,0.035292320228152374,0.035913628030148706,0.02564677123650438,0.05134446934202485,0.044876756976981055,0.09276838459971481,0.0780708902016704,0.0994499898146262,0.07420044815644734,0.043135058056630676,0.041912813200244446,0.10462415970666124,0.05501120391118354,0.045386025667141984,0.022030963536361785,0.02623752291709106,0.0203401914850275,0.011927072723568955,0.0016704013037278469,0.0023935628437563657,0.009421470767977185,0.0004481564473416174,0.00018333672845793442,0.002373192096149929,0.000264819718883683,0.0,0.0,0.0,0.0007027907924220818,0.0,0.0,0.0,0.0,0.0,0.0,0.0,0.0,0.0,0.0,0.0,0.0,0.0,0.0,0.0,0.0,0.0,0.0,0.0,0.0,0.0,0.0,0.0,0.0,0.0,0.0,0.0,0.0,0.0,0.0,0.0,0.0,0.0,0.0,0.0,0.0,0.0,0.0,0.0,nan,nan,4.2598177819666985,2.8464820676725475,nan,0.9226967690726042,0.02265632577264399,0.0,0.0,0.0,0.0,0.0,0.0,0.0,0.0,0.0,0.0,0.0,0.0,0.0,0.0,0.0,0.0,0.0,0.0,0.0,0.0,0.0,0.0,0.0,0.0,0.0,0.13043478260869568,4.565217391304349,15.865612648221347,8.691699604743084,0.7470355731225298,0.9223847101846128,0.022992581677063143,0.0,0.0,0.0,0.0,0.0,0.0,0.0,0.0,0.0,0.0,0.0,0.0,0.0,0.0,0.0,0.0,0.0,0.0,0.0,0.0,0.0,0.0,0.0,0.0,0.0,0.23959646910466587,4.627994955863809,15.725094577553596,8.524590163934429,0.8827238335435059,0.4038,0.01024,0.0,0.0,0.0,0.0,0.0,0.0,0.0,0.0,0.0,0.0,0.0,10.80237154150196,19.126482213438738,0.07114624505928854,0.0,0.0,0.0,0.0,0.0,0.0,0.0,0.0,0.0,0.0,0.0,0.0,0.0,0.0,0.0,0.0,0.404,0.01084,0.0,0.0,0.0,0.0,0.0,0.0,0.0,0.0,0.0,0.0,0.0,11.046658259772999,18.87767969735183,0.07566204287515764,0.0,0.0,0.0,0.0,0.0,0.0,0.0,0.0,0.0,0.0,0.0,0.0,0.0,0.0,0.0,0.0
38200,4997,2606,0.5215129077446468,1264,1010,0.45507304382629576,1390,0.5563338002801681,0.418,3.0209117524048517,3.168286654177031,6.772455089820359,2.120407391391594,9440.265463117697,1520.3884971798475,7853.0,10919.511939883232,10896.57848012246,7.037270613715765,7853.0,0.0,27.78046828096858,20.680305601337313,32.64509990485252,18.937453319164078,0.1388833299979988,0.10266159695817491,0.0856513908345007,0.08785271162697618,0.08865319191514909,0.07924754852911747,0.06924154492695618,0.05803482089253552,0.06203722233340004,0.05003001801080648,0.04582749649789874,0.03622173303982389,0.03662197318391035,0.027016209725835502,0.017610566339803884,0.008805283169901942,0.005603362017210326,0.9222406640824781,0.022986158545025455,0.0,0.0,0.0,0.0,0.0,0.0,0.0,0.0,0.0,0.0,0.0,0.0,0.0,0.0,0.0,0.0,0.0,0.0,0.0,0.0,0.0,0.0,0.0,0.0,0.006003602161296779,0.13207924754852915,4.904942965779468,15.579347608565142,8.585151090654394,0.7924754852911748,4.230437461491066,2.9737832068854857,nan,nan,nan,4.222290640394089,2.997202418785472,4.2385943279901355,2.9501263317082054,1.0038613371235203,0.4043,0.01053,0.0,0.0,0.0,0.0,0.0,0.0,0.0,0.0,0.0,0.0,0.012007204322593558,10.620372223333984,19.259555733440067,0.10806483890334202,0.0,0.0,0.0,0.0,0.0,0.0,0.0,0.0,0.0,0.0,0.0,0.0,0.0,0.0,0.0,0.0,nan,nan,4.230437461491066,2.9737832068854857,nan,0.4043,0.05072,0.0,0.0,0.0,0.0,0.0,0.0,0.0,0.0,0.0,0.0,0.0,0.0,0.0,0.0,0.0,0.0,0.0,0.0,0.0,0.0,0.0,0.0,0.00015009005403241946,0.00021012607564538724,0.0028417050230138082,0.00019011406844106463,0.0007104262557534521,0.001480888533119872,0.0013007804682809686,0.0031618971382829696,0.015789473684210527,0.016549929957974784,0.030418250950570342,0.035341204722833704,0.03718230938563138,0.024714828897338403,0.05066039623774265,0.04518711226736041,0.09294576746047628,0.0781769061436862,0.09630778467080248,0.07578547128276966,0.04462677606563938,0.04250550330198119,0.10240144086451872,0.055133079847908745,0.04498699219531719,0.0219231538923354,0.02777666599959976,0.02199319591755053,0.011997198318991395,0.0015809485691414848,0.0026415849509705824,0.009395637382429458,0.00047028216930158093,0.000270162097258355,0.0025515309185511308,0.00026015609365619374,1.0006003602161296e-05,0.0,0.0,0.000370222133279968,0.0,0.0,0.0,0.0,0.0,0.0,0.0,0.0,0.0,0.0,0.0,0.0,0.0,0.0,0.0,0.0,0.0,0.0,0.0,0.0,0.0,0.0,0.0,0.0,0.0,0.0,0.0,0.0,0.0,0.0,0.0,0.0,0.0,0.0,0.0,0.0,0.0,0.0,0.0,nan,nan,4.230437461491066,2.9737832068854857,nan,0.92265453346857,0.02293912300993371,0.0,0.0,0.0,0.0,0.0,0.0,0.0,0.0,0.0,0.0,0.0,0.0,0.0,0.0,0.0,0.0,0.0,0.0,0.0,0.0,0.0,0.0,0.0,0.0,0.0,0.11511895625479665,4.83499616270146,15.633154259401385,8.622409823484269,0.7943207981580969,0.9217895793396277,0.02302884444349028,0.0,0.0,0.0,0.0,0.0,0.0,0.0,0.0,0.0,0.0,0.0,0.0,0.0,0.0,0.0,0.0,0.0,0.0,0.0,0.0,0.0,0.0,0.0,0.0,0.012547051442910918,0.150564617314931,4.981179422835634,15.520702634880806,8.544542032622335,0.7904642409033878,0.4043,0.01065,0.0,0.0,0.0,0.0,0.0,0.0,0.0,0.0,0.0,0.0,0.0,10.68303914044511,19.224865694551042,0.09209516500383733,0.0,0.0,0.0,0.0,0.0,0.0,0.0,0.0,0.0,0.0,0.0,0.0,0.0,0.0,0.0,0.0,0.404,0.01041,0.0,0.0,0.0,0.0,0.0,0.0,0.0,0.0,0.0,0.0,0.025094102885821836,10.552070263488066,19.297365119196993,0.12547051442910917,0.0,0.0,0.0,0.0,0.0,0.0,0.0,0.0,0.0,0.0,0.0,0.0,0.0,0.0,0.0,0.0
38300,4726,2490,0.5268726195514177,1181,978,0.4568345323741007,1319,0.5581887431231486,0.422,3.0067084078711988,3.0814015476984316,6.539452495974235,2.150640624270894,9456.311597097603,1519.345481642062,7853.0,10919.438038945198,10896.072533286455,6.927745814811104,7853.0,0.0,27.984341938214136,20.818344768608792,33.002271580010095,18.990133863094762,0.14325010579771477,0.09437156157427,0.09077443927211172,0.0848497672450275,0.0856961489631824,0.07151925518408803,0.07511637748624629,0.06093948370715192,0.05670757511637749,0.053322048243757934,0.047820567075751164,0.04274227676682184,0.033643673296656795,0.026449428692340245,0.016504443504020312,0.009521794329242488,0.006771053745239103,0.9216509778974826,0.022797092413774964,0.0,0.0,0.0,0.0,0.0,0.0,0.0,0.0,0.0,0.0,0.0,0.0,0.0,0.0,0.0,0.0,0.0,0.0,0.0,0.0,0.0,0.0,0.0,0.0,0.0,0.2094794752433348,4.7989843419382145,16.060093101989,8.163351671603895,0.768091409225561,4.20650406504065,2.8738161885819755,nan,nan,nan,4.202851587815943,2.8414015615710246,4.210182767624021,2.9060934843814197,1.0017443346867947,0.4043,0.010315,0.0,0.0,0.0,0.0,0.0,0.0,0.0,0.0,0.0,0.0,0.0,10.378755818874296,19.53872196360559,0.0825222175201016,0.0,0.0,0.0,0.0,0.0,0.0,0.0,0.0,0.0,0.0,0.0,0.0,0.0,0.0,0.0,0.0,nan,nan,4.20650406504065,2.8738161885819755,nan,0.4043,0.05112,0.0,0.0,0.0,0.0,0.0,0.0,0.0,0.0,0.0,0.0,0.0,0.0,0.0,0.0,0.0,0.0,0.0,0.0,0.0,0.0,0.0,0.0,0.00013753702920016927,0.00020101565806178586,0.003110452814219213,0.0002539145154464664,0.00031739314430808297,0.0011637748624629708,0.001290732120186204,0.0033008887008040624,0.015605162928480744,0.016800677105374525,0.03223656369022429,0.034426576385950064,0.03684934405416843,0.02706305543800254,0.052052475666525606,0.04418112568768515,0.09099661447312737,0.07509521794329242,0.09631823952602624,0.07780363944138807,0.04326068556919171,0.04419170545916208,0.09948159119763013,0.05613626745662294,0.04497460854845536,0.0235928903935675,0.028353787558188744,0.020080406263224715,0.0112251375370292,0.0014600084638171815,0.0026237833262801524,0.01027295810410495,0.0005289885738468049,0.0003808717731696995,0.003353787558188743,0.00029623360135421075,0.0,0.0,0.0,0.0005818874312314854,0.0,0.0,0.0,0.0,0.0,0.0,0.0,0.0,0.0,0.0,0.0,0.0,0.0,0.0,0.0,0.0,0.0,0.0,0.0,0.0,0.0,0.0,0.0,0.0,0.0,0.0,0.0,0.0,0.0,0.0,0.0,0.0,0.0,0.0,0.0,0.0,0.0,0.0,0.0,nan,nan,4.20650406504065,2.8738161885819755,nan,0.9208096211454476,0.022640953064043897,0.0,0.0,0.0,0.0,0.0,0.0,0.0,0.0,0.0,0.0,0.0,0.0,0.0,0.0,0.0,0.0,0.0,0.0,0.0,0.0,0.0,0.0,0.0,0.0,0.0,0.2409638554216868,5.000000000000002,16.21686746987952,7.843373493975905,0.6987951807228917,0.9225879091642837,0.022933422759080276,0.0,0.0,0.0,0.0,0.0,0.0,0.0,0.0,0.0,0.0,0.0,0.0,0.0,0.0,0.0,0.0,0.0,0.0,0.0,0.0,0.0,0.0,0.0,0.0,0.0,0.17441860465116285,4.575134168157425,15.885509838998214,8.519677996422184,0.8452593917710198,0.4043,0.01025,0.0,0.0,0.0,0.0,0.0,0.0,0.0,0.0,0.0,0.0,0.0,10.361445783132515,19.530120481927714,0.10843373493975905,0.0,0.0,0.0,0.0,0.0,0.0,0.0,0.0,0.0,0.0,0.0,0.0,0.0,0.0,0.0,0.0,0.4043,0.01038,0.0,0.0,0.0,0.0,0.0,0.0,0.0,0.0,0.0,0.0,0.0,10.398032200357767,19.548300536672635,0.05366726296958856,0.0,0.0,0.0,0.0,0.0,0.0,0.0,0.0,0.0,0.0,0.0,0.0,0.0,0.0,0.0,0.0
38400,4714,2438,0.5171828595672465,1158,937,0.4444208739923632,1302,0.5523971149766652,0.438,3.018014059753954,3.2097351247384616,6.788553259141494,2.338207425395487,9427.196905750261,1521.005635576153,7853.0,10926.281421005726,10896.79172014222,7.162732694952745,7853.0,0.0,27.79932117098006,20.808571294914564,32.72807682587819,19.0778661322455,0.14149342384386931,0.0986423419601188,0.09376325837929571,0.08697496817988969,0.08464149342384387,0.07509546033092915,0.06512515910055156,0.06618582944420874,0.058124734832414086,0.0515485787017395,0.04306321595248197,0.0415782774713619,0.034365719134493,0.026304624522698345,0.01675859142978362,0.00975816716164616,0.006576156130674586,0.9222577892853944,0.023130509796737597,0.0,0.0,0.0,0.0,0.0,0.0,0.0,0.0,0.0,0.0,0.0,0.0,0.0,0.0,0.0,0.0,0.0,0.0,0.0,0.0,0.0,0.0,0.0,0.0,0.0,0.21637675010606708,4.989393296563429,15.394569367840479,8.464149342384388,0.9355112431056429,4.283267457180501,2.9837278273941137,nan,nan,nan,4.287318361955085,2.9730200845410106,4.279237844940868,2.9943358614089917,0.9981152514620975,0.4048,0.01076,0.0,0.0,0.0,0.0,0.0,0.0,0.0,0.0,0.0,0.0,0.0,10.048790835808218,19.78574459058125,0.1654645736105219,0.0,0.0,0.0,0.0,0.0,0.0,0.0,0.0,0.0,0.0,0.0,0.0,0.0,0.0,0.0,0.0,nan,nan,4.283267457180501,2.9837278273941137,nan,0.4048,0.0513,0.0,0.0,0.0,0.0,0.0,0.0,0.0,0.0,0.0,0.0,0.0,0.0,0.0,0.0,0.0,0.0,0.0,0.0,0.0,0.0,0.0,0.0,0.000243954179041154,0.00020152736529486636,0.002831989817564701,0.00043487484089944846,0.0001591005515485787,0.000986423419601188,0.0015061518879932118,0.0029804836656767077,0.01491302503182011,0.017034365719134494,0.03236105218498091,0.03403691132795927,0.036953754773016545,0.02678192617734408,0.04954391175222741,0.0421086126431905,0.09496181586762834,0.07282562579550275,0.09498302927450149,0.07822443784471786,0.042702588035638527,0.04710436996181587,0.09899236317352567,0.05814594823928723,0.0450148493848112,0.024968179889690283,0.027503182011030972,0.01951633432329232,0.011603733559609673,0.0011985574883326261,0.002291047942299533,0.01080823080186678,0.0006257955027577429,0.000487908358082308,0.003563852354688163,0.0004030547305897327,0.0,0.0,0.0,0.0009970301230377598,0.0,0.0,0.0,0.0,0.0,0.0,0.0,0.0,0.0,0.0,0.0,0.0,0.0,0.0,0.0,0.0,0.0,0.0,0.0,0.0,0.0,0.0,0.0,0.0,0.0,0.0,0.0,0.0,0.0,0.0,0.0,0.0,0.0,0.0,0.0,0.0,0.0,0.0,0.0,nan,nan,4.283267457180501,2.9837278273941137,nan,0.922658033406177,0.02343842117456984,0.0,0.0,0.0,0.0,0.0,0.0,0.0,0.0,0.0,0.0,0.0,0.0,0.0,0.0,0.0,0.0,0.0,0.0,0.0,0.0,0.0,0.0,0.0,0.0,0.0,0.22149302707137003,4.87284659557014,15.110746513535688,8.748974569319115,1.0459392945036918,0.9218290567869462,0.022788272179428835,0.0,0.0,0.0,0.0,0.0,0.0,0.0,0.0,0.0,0.0,0.0,0.0,0.0,0.0,0.0,0.0,0.0,0.0,0.0,0.0,0.0,0.0,0.0,0.0,0.0,0.21089630931458705,5.114235500878736,15.698594024604573,8.159050966608087,0.8172231985940248,0.405,0.01091,0.0,0.0,0.0,0.0,0.0,0.0,0.0,0.0,0.0,0.0,0.0,9.770303527481529,19.98359310910583,0.24610336341263336,0.0,0.0,0.0,0.0,0.0,0.0,0.0,0.0,0.0,0.0,0.0,0.0,0.0,0.0,0.0,0.0,0.4045,0.010574,0.0,0.0,0.0,0.0,0.0,0.0,0.0,0.0,0.0,0.0,0.0,10.34710017574691,19.573813708260108,0.07908611599297014,0.0,0.0,0.0,0.0,0.0,0.0,0.0,0.0,0.0,0.0,0.0,0.0,0.0,0.0,0.0,0.0
38500,4870,2501,0.5135523613963039,1183,1008,0.44989733059548254,1364,0.5601642710472279,0.446,3.0341916420430564,3.1600229811584875,6.650442477876106,2.158250570931743,9415.995618187353,1521.198224685175,7853.0,10924.626558423042,10896.498065002963,7.005232059155858,7853.0,0.0,27.779466119096508,20.954067036790786,32.80358018636586,19.197686556827694,0.14537987679671457,0.09630390143737166,0.09322381930184805,0.08809034907597536,0.08234086242299794,0.07453798767967146,0.06550308008213553,0.06283367556468172,0.0646817248459959,0.0486652977412731,0.04476386036960986,0.038193018480492814,0.033880903490759756,0.025256673511293636,0.01724845995893224,0.01273100616016427,0.006365503080082135,0.9221898404724544,0.022940636701593523,0.0,0.0,0.0,0.0,0.0,0.0,0.0,0.0,0.0,0.0,0.0,0.0,0.0,0.0,0.0,0.0,0.0,0.0,0.0,0.0,0.0,0.0,0.0,0.0,0.0,0.25256673511293637,4.681724845995894,15.726899383983575,8.630390143737168,0.7084188911704314,4.316528398213146,2.9408117771144386,nan,nan,nan,4.340952380952381,2.9298581764720906,4.291853752405388,2.9516313036301307,0.9886894339678932,0.4053,0.01065,0.0,0.0,0.0,0.0,0.0,0.0,0.0,0.0,0.0,0.0,0.0,9.646817248459946,20.180698151950722,0.17248459958932244,0.0,0.0,0.0,0.0,0.0,0.0,0.0,0.0,0.0,0.0,0.0,0.0,0.0,0.0,0.0,0.0,nan,nan,4.316528398213146,2.9408117771144386,nan,0.4053,0.0511,0.0,0.0,0.0,0.0,0.0,0.0,0.0,0.0,0.0,0.0,0.0,0.0,0.0,0.0,0.0,0.0,0.0,0.0,0.0,0.0,0.0,0.0,0.00029774127310061604,0.00012320328542094456,0.0022073921971252565,0.00016427104722792606,0.0001950718685831622,0.0010164271047227926,0.0014168377823408624,0.002597535934291581,0.014887063655030801,0.0188911704312115,0.030102669404517453,0.03245379876796715,0.03587268993839836,0.026540041067761807,0.05143737166324435,0.04093429158110883,0.09305954825462012,0.07393223819301849,0.09616016427104723,0.08128336755646817,0.04242299794661191,0.04964065708418891,0.09940451745379877,0.0547741273100616,0.048008213552361394,0.02318275154004107,0.02557494866529774,0.020503080082135524,0.01042094455852156,0.0014989733059548255,0.002104722792607803,0.01188911704312115,0.0006673511293634497,0.000944558521560575,0.004034907597535935,0.0004106776180698152,2.0533880903490758e-05,1.0266940451745379e-05,0.0,0.0009137577002053388,0.0,0.0,0.0,0.0,0.0,0.0,0.0,0.0,0.0,0.0,0.0,0.0,0.0,0.0,0.0,0.0,0.0,0.0,0.0,0.0,0.0,0.0,0.0,0.0,0.0,0.0,0.0,0.0,0.0,0.0,0.0,0.0,0.0,0.0,0.0,0.0,0.0,0.0,0.0,nan,nan,4.316528398213146,2.9408117771144386,nan,0.921365061172339,0.02294724512917878,0.0,0.0,0.0,0.0,0.0,0.0,0.0,0.0,0.0,0.0,0.0,0.0,0.0,0.0,0.0,0.0,0.0,0.0,0.0,0.0,0.0,0.0,0.0,0.0,0.0,0.28788484606157544,4.798080767692923,15.965613754498204,8.300679728108758,0.6477409036385448,0.9230605762384269,0.022901448056816286,0.0,0.0,0.0,0.0,0.0,0.0,0.0,0.0,0.0,0.0,0.0,0.0,0.0,0.0,0.0,0.0,0.0,0.0,0.0,0.0,0.0,0.0,0.0,0.0,0.0,0.21528070915998315,4.558885605740819,15.474883917264671,8.978471929084003,0.7724778387505279,0.4053,0.01079,0.0,0.0,0.0,0.0,0.0,0.0,0.0,0.0,0.0,0.0,0.0,9.728108756497386,20.103958416633354,0.16793282686925234,0.0,0.0,0.0,0.0,0.0,0.0,0.0,0.0,0.0,0.0,0.0,0.0,0.0,0.0,0.0,0.0,0.4053,0.0105,0.0,0.0,0.0,0.0,0.0,0.0,0.0,0.0,0.0,0.0,0.0,9.560996200928647,20.261713803292533,0.17728999577880966,0.0,0.0,0.0,0.0,0.0,0.0,0.0,0.0,0.0,0.0,0.0,0.0,0.0,0.0,0.0,0.0
38600,4751,2490,0.5241001894338034,1195,948,0.45106293411913284,1344,0.5657756261839613,0.36999999999999994,2.900044228217603,2.8907124529151673,6.0215208034433285,1.9901757231011443,9448.269687798984,1520.1527836977884,7853.0,10921.859978735447,10896.82581796505,7.150926320053917,7853.0,0.0,29.46895390444117,21.106684790708524,34.12404627122816,19.255152199138454,0.12818354030730372,0.08629762155335718,0.09113870764049674,0.08503472953062513,0.07808882340559882,0.07114291728057251,0.07198484529572721,0.06567038518206693,0.0650389391707009,0.055567249000210484,0.0492527888865502,0.046306040833508734,0.03641338665544096,0.02883603451904862,0.02294253841296569,0.012839402231109241,0.005262050094716902,0.9222153002300957,0.023170984735542237,0.0,0.0,0.0,0.0,0.0,0.0,0.0,0.0,0.0,0.0,0.0,0.0,0.0,0.0,0.0,0.0,0.0,0.0,0.0,0.0,0.0,0.0,0.0,0.0,0.0,0.18311934329614823,5.070511471269207,15.14207535255736,8.833929699010737,0.7703641338665546,3.960654705697199,2.7150985433610333,nan,nan,nan,3.9075,2.695402335459402,4.014584654407102,2.7338810533362907,1.027404901959591,0.405,0.01067,0.0,0.0,0.0,0.0,0.0,0.0,0.0,0.0,0.0,0.0,0.0,9.730583035150481,20.149442222689963,0.11997474215954539,0.0,0.0,0.0,0.0,0.0,0.0,0.0,0.0,0.0,0.0,0.0,0.0,0.0,0.0,0.0,0.0,nan,nan,3.960654705697199,2.7150985433610333,nan,0.405,0.05112,0.0,0.0,0.0,0.0,0.0,0.0,0.0,0.0,0.0,0.0,0.0,0.0,0.0,0.0,0.0,0.0,0.0,0.0,0.0,2.1048200378867608e-05,0.0,0.0,0.0003788676068196169,0.0,0.0022311092401599663,9.471690170490423e-05,0.00019995790359924226,0.0008103557145864029,0.0012734161229214901,0.0028520311513365606,0.015786150284150705,0.017291096611239738,0.030330456745948222,0.03242475268364555,0.03844453799200168,0.02952010103136182,0.05196800673542412,0.03991791201852242,0.08827615238897074,0.0744369606398653,0.09628499263312987,0.0835613555041044,0.043948642391075564,0.047579456956430226,0.0984108608713955,0.05320985055777731,0.0492527888865502,0.023858135129446432,0.024784255946116607,0.020164175962955166,0.01007156388128815,0.001283940223110924,0.0017996211323931803,0.012292149021258683,0.0008945485161018733,0.0013260366238686593,0.0038728688697116397,0.00021048200378867606,3.157230056830141e-05,0.0,0.0,0.0009050726162913071,0.0,0.0,0.0,0.0,0.0,0.0,0.0,0.0,0.0,0.0,0.0,0.0,0.0,0.0,0.0,0.0,0.0,0.0,0.0,0.0,0.0,0.0,0.0,0.0,0.0,0.0,0.0,0.0,0.0,0.0,0.0,0.0,0.0,0.0,0.0,0.0,0.0,0.0,0.0,nan,nan,3.960654705697199,2.7150985433610333,nan,0.92290173010175,0.023581706793296024,0.0,0.0,0.0,0.0,0.0,0.0,0.0,0.0,0.0,0.0,0.0,0.0,0.0,0.0,0.0,0.0,0.0,0.0,0.0,0.0,0.0,0.0,0.0,0.0,0.0,0.2409638554216868,4.614457831325302,15.228915662650605,8.987951807228917,0.9277108433734942,0.9214593469437536,0.022686051489589788,0.0,0.0,0.0,0.0,0.0,0.0,0.0,0.0,0.0,0.0,0.0,0.0,0.0,0.0,0.0,0.0,0.0,0.0,0.0,0.0,0.0,0.0,0.0,0.0,0.0,0.11941618752764266,5.572755417956658,15.046439628482975,8.664307828394517,0.5970809376382132,0.405,0.01055,0.0,0.0,0.0,0.0,0.0,0.0,0.0,0.0,0.0,0.0,0.0,9.879518072289143,20.03614457831326,0.08433734939759038,0.0,0.0,0.0,0.0,0.0,0.0,0.0,0.0,0.0,0.0,0.0,0.0,0.0,0.0,0.0,0.0,0.4053,0.0108,0.0,0.0,0.0,0.0,0.0,0.0,0.0,0.0,0.0,0.0,0.0,9.566563467492246,20.27421494913755,0.1592215833701902,0.0,0.0,0.0,0.0,0.0,0.0,0.0,0.0,0.0,0.0,0.0,0.0,0.0,0.0,0.0,0.0
38700,4244,2218,0.5226201696512723,1032,864,0.4467483506126296,1210,0.5702167766258247,0.43,2.96248766041461,3.104080448458008,6.639784946236559,2.2145643576680425,9443.788493461647,1520.3857851568896,7853.0,10920.962303578854,10896.871220131303,7.006241148009793,7853.0,0.0,28.52733270499529,21.039446309042884,33.246115427302996,19.31414673353162,0.13195098963242224,0.09778510838831292,0.0942507068803016,0.08058435438265787,0.0845900094250707,0.07799245994344958,0.07280867106503298,0.06079170593779453,0.05466540999057493,0.04830348727615457,0.05113100848256362,0.04288407163053723,0.03770028275212064,0.028039585296889727,0.019792648444863337,0.010367577756833177,0.006361922714420358,0.9227916791992969,0.023091277583571993,0.0,0.0,0.0,0.0,0.0,0.0,0.0,0.0,0.0,0.0,0.0,0.0,0.0,0.0,0.0,0.0,0.0,0.0,0.0,0.0,0.0,0.0,0.0,0.0,0.007068803016022622,0.1908576814326108,4.622997172478795,15.388784165881248,8.92789820923657,0.8623939679547599,4.126206649982124,2.89615583936547,nan,nan,nan,4.106245513280689,2.8537296491241686,4.146011396011396,2.937510097432808,1.0096842438188591,0.4053,0.01101,0.0,0.0,0.0,0.0,0.0,0.0,0.0,0.0,0.0,0.0,0.0,9.811498586239383,20.0612629594722,0.1272384542884072,0.0,0.0,0.0,0.0,0.0,0.0,0.0,0.0,0.0,0.0,0.0,0.0,0.0,0.0,0.0,0.0,nan,nan,4.126206649982124,2.89615583936547,nan,0.4053,0.0516,0.0,0.0,0.0,0.0,0.0,0.0,0.0,0.0,0.0,0.0,0.0,0.0,0.0,0.0,0.0,0.0,0.0,0.0,0.0,0.0,0.0,0.0,0.0003063147973609802,0.0,0.00235626767200754,7.06880301602262e-05,0.0001649387370405278,0.0006361922714420358,0.0017200754005655043,0.0028864278982092366,0.019085768143261076,0.017789820923656927,0.028770028275212065,0.03157398680490104,0.037735626767200756,0.029618284637134777,0.052921771913289346,0.041258246936852025,0.08489632422243167,0.07457587181903864,0.09174128180961358,0.08421300659754948,0.04455702167766258,0.045782280867106506,0.1010014137606032,0.05415881244109331,0.048951460885956644,0.0242813383600377,0.024705466540999057,0.022196041470311026,0.010367577756833177,0.0014255419415645618,0.0015786993402450518,0.010791705937794533,0.000942507068803016,0.0013312912346842602,0.004052780395852969,0.000117813383600377,3.53440150801131e-05,0.0,0.0,0.0014019792648444864,0.0,0.0,0.0,0.0,0.0,0.0,0.0,0.0,0.0,0.0,0.0,0.0,0.0,0.0,0.0,0.0,0.0,0.0,0.0,0.0,0.0,0.0,0.0,0.0,0.0,0.0,0.0,0.0,0.0,0.0,0.0,0.0,0.0,0.0,0.0,0.0,0.0,0.0,0.0,nan,nan,4.126206649982124,2.89615583936547,nan,0.9230853086984082,0.02251527713176881,0.0,0.0,0.0,0.0,0.0,0.0,0.0,0.0,0.0,0.0,0.0,0.0,0.0,0.0,0.0,0.0,0.0,0.0,0.0,0.0,0.0,0.0,0.0,0.0,0.013525698827772771,0.0946798917944094,4.382326420198377,15.662759242560869,9.021641118124439,0.8250676284941391,0.9224702230151761,0.02370165125076079,0.0,0.0,0.0,0.0,0.0,0.0,0.0,0.0,0.0,0.0,0.0,0.0,0.0,0.0,0.0,0.0,0.0,0.0,0.0,0.0,0.0,0.0,0.0,0.0,0.0,0.2961500493583416,4.886475814412637,15.088845014807506,8.82527147087858,0.9032576505429419,0.405,0.01113,0.0,0.0,0.0,0.0,0.0,0.0,0.0,0.0,0.0,0.0,0.0,10.009017132551834,19.896302975653747,0.0946798917944094,0.0,0.0,0.0,0.0,0.0,0.0,0.0,0.0,0.0,0.0,0.0,0.0,0.0,0.0,0.0,0.0,0.4053,0.01088,0.0,0.0,0.0,0.0,0.0,0.0,0.0,0.0,0.0,0.0,0.0,9.595261599210252,20.24185587364265,0.1628825271470879,0.0,0.0,0.0,0.0,0.0,0.0,0.0,0.0,0.0,0.0,0.0,0.0,0.0,0.0,0.0,0.0
38800,4253,2242,0.5271573007288972,1035,848,0.4427462967317188,1164,0.5473783211850458,0.418,3.0099453008453505,3.153443737607686,6.64323374340949,2.3199965342650795,9457.476540196469,1519.5817452041956,7853.0,10921.671660125256,10896.639039007841,7.051674609375854,7853.0,0.0,28.251116858687986,21.025058706858182,33.25139977603583,19.224627284637698,0.1408417587585234,0.09992946155654832,0.08981895132847402,0.08135433811427228,0.07876792852104397,0.07665177521749353,0.07171408417587585,0.06324947096167412,0.059252292499412176,0.053609217023277686,0.04373383494004232,0.04279332236068657,0.03479896543616271,0.02539383964260522,0.01951563602163179,0.010345638372913237,0.008229485069362802,0.9218058452560233,0.02301602094311661,0.0,0.0,0.0,0.0,0.0,0.0,0.0,0.0,0.0,0.0,0.0,0.0,0.0,0.0,0.0,0.0,0.0,0.0,0.0,0.0,0.0,0.0,0.0,0.0,0.0,0.16929226428403482,4.987067952033859,15.800611333176585,8.267105572537034,0.775922877968493,4.315597667638484,2.947344781471824,nan,nan,nan,4.328249818445897,3.0205819128563354,4.301610541727672,2.8723114562346024,0.9938452543555375,0.4053,0.01096,0.0,0.0,0.0,0.0,0.0,0.0,0.0,0.0,0.0,0.0,0.0,9.600282153773794,20.23747942628733,0.1622384199388667,0.0,0.0,0.0,0.0,0.0,0.0,0.0,0.0,0.0,0.0,0.0,0.0,0.0,0.0,0.0,0.0,nan,nan,4.315597667638484,2.947344781471824,nan,0.4053,0.05185,0.0,0.0,0.0,0.0,0.0,0.0,0.0,0.0,0.0,0.0,0.0,0.0,0.0,0.0,0.0,0.0,0.0,0.0,0.0,0.0,0.0,0.0,0.0004467434751939807,0.0,0.0025158711497766284,0.00010580766517752175,0.0002468845520808841,0.0005643075476134494,0.001998589231130966,0.0027509992946155655,0.01917470021161533,0.017317187867387725,0.027580531389607334,0.03115447919115918,0.03831413120150482,0.03149541500117564,0.05412649894192335,0.0434516811662356,0.08510463202445333,0.07176110980484364,0.08845520808840818,0.08593933693863155,0.04189983541029861,0.0460616035739478,0.10293910181048671,0.05460851163884317,0.04770750058782036,0.0237832118504585,0.024806019280507876,0.023548083705619564,0.009275805313896074,0.0012344227604044204,0.001540089348695039,0.01194450975781801,0.0009522689865976957,0.001540089348695039,0.004255819421584764,0.0002468845520808841,1.1756407241946861e-05,0.0,0.0,0.0011403715024688454,0.0,0.0,0.0,0.0,0.0,0.0,0.0,0.0,0.0,0.0,0.0,0.0,0.0,0.0,0.0,0.0,0.0,0.0,0.0,0.0,0.0,0.0,0.0,0.0,0.0,0.0,0.0,0.0,0.0,0.0,0.0,0.0,0.0,0.0,0.0,0.0,0.0,0.0,0.0,nan,nan,4.315597667638484,2.947344781471824,nan,0.9219547437037027,0.023070607039872727,0.0,0.0,0.0,0.0,0.0,0.0,0.0,0.0,0.0,0.0,0.0,0.0,0.0,0.0,0.0,0.0,0.0,0.0,0.0,0.0,0.0,0.0,0.0,0.0,0.0,0.1338090990187333,5.017841213202499,15.575379125780556,8.483496877787692,0.7894736842105265,0.921639843107989,0.02295387296295608,0.0,0.0,0.0,0.0,0.0,0.0,0.0,0.0,0.0,0.0,0.0,0.0,0.0,0.0,0.0,0.0,0.0,0.0,0.0,0.0,0.0,0.0,0.0,0.0,0.0,0.20885131775236207,4.952759820984586,16.051715564395828,8.025857782197914,0.7608155146693188,0.4053,0.01099,0.0,0.0,0.0,0.0,0.0,0.0,0.0,0.0,0.0,0.0,0.0,9.326494201605696,20.45941123996432,0.2140945584299733,0.0,0.0,0.0,0.0,0.0,0.0,0.0,0.0,0.0,0.0,0.0,0.0,0.0,0.0,0.0,0.0,0.405,0.01094,0.0,0.0,0.0,0.0,0.0,0.0,0.0,0.0,0.0,0.0,0.0,9.905519641969155,19.99005469915465,0.10442565887618104,0.0,0.0,0.0,0.0,0.0,0.0,0.0,0.0,0.0,0.0,0.0,0.0,0.0,0.0,0.0,0.0
38900,4426,2242,0.5065521915951198,999,924,0.4344780840488025,1258,0.5684591052869408,0.40199999999999997,2.9006410256410255,3.048256505111448,6.473333333333334,2.1500284235847262,9394.644280863668,1521.5806894477882,7853.0,10926.95572578907,10896.40659549625,6.956131765345667,7853.0,0.0,27.978987799367374,21.21926844488392,33.10013531799729,19.491457133820216,0.14414821509263442,0.10234975146859467,0.0973791233619521,0.08472661545413467,0.07704473565295979,0.06710347943967465,0.06732941708088568,0.06235878897424311,0.058291911432444644,0.05332128332580208,0.04857659286037054,0.03750564844103028,0.035924084952553094,0.026434704021690014,0.019430637144148215,0.009263443289652055,0.008811568007230005,0.9218790041770107,0.02259859448970698,0.0,0.0,0.0,0.0,0.0,0.0,0.0,0.0,0.0,0.0,0.0,0.0,0.0,0.0,0.0,0.0,0.0,0.0,0.0,0.0,0.0,0.0,0.0,0.0,0.0,0.22367826479891556,4.771802982376864,15.908269317668326,8.377767736104836,0.7184816990510621,4.330722677109292,2.823751083055125,nan,nan,nan,4.3314037626628075,2.8274314071788424,4.330063069376314,2.820182082011709,0.9996904714129745,0.4048,0.010666,0.0,0.0,0.0,0.0,0.0,0.0,0.0,0.0,0.0,0.0,0.006778129236330774,9.882512426570251,19.995481247175782,0.11522819701762316,0.0,0.0,0.0,0.0,0.0,0.0,0.0,0.0,0.0,0.0,0.0,0.0,0.0,0.0,0.0,0.0,nan,nan,4.330722677109292,2.823751083055125,nan,0.4048,0.05194,0.0,0.0,0.0,0.0,0.0,0.0,0.0,0.0,0.0,0.0,0.0,0.0,0.0,0.0,0.0,0.0,0.0,0.0,0.0,0.0,7.907817442385901e-05,0.0,0.00040668775417984637,0.0,0.002349751468594668,4.518752824220515e-05,4.518752824220515e-05,0.0005761409850881157,0.002033438770899232,0.0027564392227745144,0.020232715770447357,0.01701310438319024,0.027394938996836874,0.031473113420695885,0.04068007230004519,0.03126976954360596,0.052428829643018524,0.04584274740171713,0.08875960234975147,0.07207410754631721,0.08923407139629462,0.08437641211025756,0.039222774514234074,0.04386579304112065,0.09884771802982377,0.05605512878445549,0.04852010845006778,0.023011748757342975,0.026434704021690014,0.023102123813827383,0.008743786714866697,0.0010054225033890645,0.0014347040216900135,0.013014008133755084,0.0012200632625395391,0.0016267510167193855,0.003569814731134207,0.00015815634884771803,0.0,0.0,0.0,0.001095797559873475,0.0,0.0,0.0,0.0,0.0,0.0,0.0,0.0,0.0,0.0,0.0,0.0,0.0,0.0,0.0,0.0,0.0,0.0,0.0,0.0,0.0,0.0,0.0,0.0,0.0,0.0,0.0,0.0,0.0,0.0,0.0,0.0,0.0,0.0,0.0,0.0,0.0,0.0,0.0,nan,nan,4.330722677109292,2.823751083055125,nan,0.9217261557436542,0.02264143547575988,0.0,0.0,0.0,0.0,0.0,0.0,0.0,0.0,0.0,0.0,0.0,0.0,0.0,0.0,0.0,0.0,0.0,0.0,0.0,0.0,0.0,0.0,0.0,0.0,0.0,0.2140945584299733,4.830508474576272,16.057091882247995,8.122212310437112,0.7760927743086532,0.922035911772059,0.02255345365847986,0.0,0.0,0.0,0.0,0.0,0.0,0.0,0.0,0.0,0.0,0.0,0.0,0.0,0.0,0.0,0.0,0.0,0.0,0.0,0.0,0.0,0.0,0.0,0.0,0.0,0.23351648351648358,4.711538461538463,15.755494505494509,8.640109890109892,0.6593406593406594,0.4045,0.01074,0.0,0.0,0.0,0.0,0.0,0.0,0.0,0.0,0.0,0.0,0.013380909901873331,9.968777876895615,19.910793933987513,0.10704727921498665,0.0,0.0,0.0,0.0,0.0,0.0,0.0,0.0,0.0,0.0,0.0,0.0,0.0,0.0,0.0,0.0,0.4048,0.01058,0.0,0.0,0.0,0.0,0.0,0.0,0.0,0.0,0.0,0.0,0.0,9.793956043956031,20.082417582417587,0.12362637362637366,0.0,0.0,0.0,0.0,0.0,0.0,0.0,0.0,0.0,0.0,0.0,0.0,0.0,0.0,0.0,0.0
39000,4338,2287,0.5272014753342554,1135,846,0.4566620562471185,1197,0.5518672199170125,0.40599999999999997,3.0097513408093612,3.0897358404428554,6.443163097199341,2.1720817787240887,9457.193833227433,1519.1789756063126,7853.0,10919.187162101269,10895.847769366246,6.8845002043119585,7853.0,0.0,28.647533425541724,21.078483380999536,33.368692349430276,19.33992092185133,0.1318579990779161,0.09059474412171507,0.09197786998616875,0.09313047487321346,0.08367911479944674,0.07238358690640849,0.0677731673582296,0.06800368833563854,0.05486399262332872,0.061088059013370215,0.0437989857076994,0.03734439834024896,0.03250345781466114,0.029045643153526972,0.02028584601198709,0.014061779621945597,0.007607192254495159,0.9211620809488881,0.02267624220687577,0.0,0.0,0.0,0.0,0.0,0.0,0.0,0.0,0.0,0.0,0.0,0.0,0.0,0.0,0.0,0.0,0.0,0.0,0.0,0.0,0.0,0.0,0.0,0.0,0.0,0.28354080221300143,5.076071922544952,15.912863070539423,8.077455048409407,0.6500691562932228,4.126573426573427,2.9226736262756776,nan,nan,nan,4.202787456445993,2.9464428267203586,4.049824561403509,2.8965148393949813,0.9636044181087772,0.404,0.01071,0.0,0.0,0.0,0.0,0.0,0.0,0.0,0.0,0.0,0.0,0.0,10.712309820193623,19.18395573997234,0.10373443983402492,0.0,0.0,0.0,0.0,0.0,0.0,0.0,0.0,0.0,0.0,0.0,0.0,0.0,0.0,0.0,0.0,nan,nan,4.126573426573427,2.9226736262756776,nan,0.404,0.05185,0.0,0.0,0.0,0.0,0.0,0.0,0.0,0.0,0.0,0.0,0.0,0.0,0.0,0.0,0.0,0.0,0.0,0.0,0.0,0.0,2.305209774089442e-05,0.0,0.0005532503457814661,1.152604887044721e-05,0.0023282618718303365,2.305209774089442e-05,5.763024435223605e-05,0.0006339326878745966,0.00247810050714615,0.0027201475334255416,0.019640387275242047,0.016885661595205163,0.030198248040571692,0.031177962194559705,0.04148224988473951,0.028480866758875057,0.05695020746887967,0.045020746887966805,0.08913093591516828,0.0729253112033195,0.08677962194559705,0.0851313969571231,0.03966113416320885,0.04304979253112033,0.0989511295527893,0.058079760258183497,0.04557399723374827,0.024112494236975566,0.02573766712770862,0.02136929460580913,0.008218072844628862,0.0008990318118948824,0.0010142923005993546,0.012367450437989857,0.0010488704472106961,0.0021092669432918394,0.004149377593360996,0.0001959428307976026,0.0,0.0,0.0,0.0008298755186721991,0.0,0.0,0.0,0.0,0.0,0.0,0.0,0.0,0.0,0.0,0.0,0.0,0.0,0.0,0.0,0.0,0.0,0.0,0.0,0.0,0.0,0.0,0.0,0.0,0.0,0.0,0.0,0.0,0.0,0.0,0.0,0.0,0.0,0.0,0.0,0.0,0.0,0.0,0.0,nan,nan,4.126573426573427,2.9226736262756776,nan,0.9205066420962105,0.022289831912194417,0.0,0.0,0.0,0.0,0.0,0.0,0.0,0.0,0.0,0.0,0.0,0.0,0.0,0.0,0.0,0.0,0.0,0.0,0.0,0.0,0.0,0.0,0.0,0.0,0.0,0.2623524267599476,5.299519020550941,16.05596851770879,7.739396589418454,0.6427634455618716,0.9218929384116252,0.023077552707020846,0.0,0.0,0.0,0.0,0.0,0.0,0.0,0.0,0.0,0.0,0.0,0.0,0.0,0.0,0.0,0.0,0.0,0.0,0.0,0.0,0.0,0.0,0.0,0.0,0.0,0.3071672354948806,4.826913700633838,15.753291077523164,8.454412481716238,0.658215504631887,0.4038,0.01089,0.0,0.0,0.0,0.0,0.0,0.0,0.0,0.0,0.0,0.0,0.0,11.031919545255779,18.836904241364234,0.1311762133799738,0.0,0.0,0.0,0.0,0.0,0.0,0.0,0.0,0.0,0.0,0.0,0.0,0.0,0.0,0.0,0.0,0.4043,0.010506,0.0,0.0,0.0,0.0,0.0,0.0,0.0,0.0,0.0,0.0,0.0,10.355923939541674,19.570941004388107,0.07313505607020966,0.0,0.0,0.0,0.0,0.0,0.0,0.0,0.0,0.0,0.0,0.0,0.0,0.0,0.0,0.0,0.0
39100,4239,2236,0.5274828969096484,1061,844,0.44939844302901627,1151,0.5430526067468743,0.442,2.964553170244633,3.1471232991342672,6.75047619047619,2.210930586643759,9458.236710329245,1519.3091489447434,7853.0,10919.180194675922,10896.201437873737,7.090760842267159,7853.0,0.0,27.388063222458126,20.517822539317088,32.346967559943586,18.77712221643574,0.14248643548006606,0.09860816230242982,0.09577730596838877,0.0903514979948101,0.0823307383816938,0.07100731304552961,0.08020759613116302,0.06109931587638594,0.05708893606982779,0.0469450342061807,0.047416843595187545,0.039631988676574664,0.03066761028544468,0.024062278839348902,0.01627742392073602,0.009672092474640246,0.006369426751592357,0.9209974566195533,0.023692350018579215,0.0,0.0,0.0,0.0,0.0,0.0,0.0,0.0,0.0,0.0,0.0,0.0,0.0,0.0,0.0,0.0,0.0,0.0,0.0,0.0,0.0,0.0,0.0,0.0,0.00707714083510262,0.2901627742392074,5.265392781316349,15.385704175513096,8.20948336871904,0.8421797593772118,4.271513353115727,2.943411154275845,nan,nan,nan,4.269865067466267,2.919824266100899,4.268919911829537,2.9633538538938446,0.9997786450808641,0.4043,0.01037,0.0,0.0,0.0,0.0,0.0,0.0,0.0,0.0,0.0,0.0,0.0,10.417551309271039,19.50460014154282,0.07784854918612882,0.0,0.0,0.0,0.0,0.0,0.0,0.0,0.0,0.0,0.0,0.0,0.0,0.0,0.0,0.0,0.0,nan,nan,4.271513353115727,2.943411154275845,nan,0.4043,0.05157,0.0,0.0,0.0,0.0,0.0,0.0,0.0,0.0,0.0,0.0,0.0,0.0,0.0,0.0,0.0,0.0,0.0,0.0,0.0,0.0,0.0,0.0,0.0003184713375796178,0.0,0.0012267044114177871,1.179523472517103e-05,0.00018872375560273648,0.000389242745930644,0.0027246992215145083,0.003750884642604388,0.018259023354564755,0.015345600377447512,0.03369898560981364,0.03187072422741213,0.03787449870252418,0.030702995989620195,0.056345836282142014,0.04419674451521585,0.08952583156404813,0.07120783203585751,0.08870016513328616,0.08464260438782732,0.03936069827789573,0.04445623967916962,0.1010615711252654,0.0579381929700401,0.045588582212786034,0.02163246048596367,0.026256192498230715,0.020559094125973107,0.00904694503420618,0.001108752064166077,0.001556970983722576,0.012491153573956122,0.0010615711252653928,0.0020641660769049304,0.003456003774475112,0.00011795234725171031,1.179523472517103e-05,0.0,0.0,0.0012502948808681292,0.0,0.0,0.0,0.0,0.0,0.0,0.0,0.0,0.0,0.0,0.0,0.0,0.0,0.0,0.0,0.0,0.0,0.0,0.0,0.0,0.0,0.0,0.0,0.0,0.0,0.0,0.0,0.0,0.0,0.0,0.0,0.0,0.0,0.0,0.0,0.0,0.0,0.0,0.0,nan,nan,4.271513353115727,2.943411154275845,nan,0.921285054924663,0.023438773534601,0.0,0.0,0.0,0.0,0.0,0.0,0.0,0.0,0.0,0.0,0.0,0.0,0.0,0.0,0.0,0.0,0.0,0.0,0.0,0.0,0.0,0.0,0.0,0.0,0.01341681574239714,0.2549194991055457,5.232558139534884,15.375670840787123,8.278175313059036,0.8452593917710198,0.9206764032944286,0.023968179543840715,0.0,0.0,0.0,0.0,0.0,0.0,0.0,0.0,0.0,0.0,0.0,0.0,0.0,0.0,0.0,0.0,0.0,0.0,0.0,0.0,0.0,0.0,0.0,0.0,0.0,0.32950574138791816,5.302046929605592,15.39690464303545,8.1328007988018,0.8387418871692464,0.4043,0.0103,0.0,0.0,0.0,0.0,0.0,0.0,0.0,0.0,0.0,0.0,0.0,10.465116279069752,19.440966010733455,0.09391771019678,0.0,0.0,0.0,0.0,0.0,0.0,0.0,0.0,0.0,0.0,0.0,0.0,0.0,0.0,0.0,0.0,0.4043,0.010445,0.0,0.0,0.0,0.0,0.0,0.0,0.0,0.0,0.0,0.0,0.0,10.364453320019955,19.57563654518223,0.059910134797803306,0.0,0.0,0.0,0.0,0.0,0.0,0.0,0.0,0.0,0.0,0.0,0.0,0.0,0.0,0.0,0.0
39200,4681,2429,0.5189062166203803,1158,913,0.4424268318735313,1286,0.5494552446058535,0.418,3.035968028419183,3.1638279890460055,6.697492163009405,2.217278962863014,9432.068675633833,1520.4558184723703,7853.0,10921.13028126955,10896.071416484961,6.944776603727,7853.0,0.0,27.935697500534072,20.771581230836457,32.841891204880525,19.024785537575614,0.13971373638111514,0.10232856227301859,0.09335612048707541,0.0858790856654561,0.07690664387951293,0.0739158299508652,0.06836146122623371,0.06472975859859005,0.05789361247596667,0.0587481307412946,0.046357615894039736,0.04165776543473617,0.03225806451612903,0.022858363597521896,0.017731254005554368,0.011108737449262978,0.00619525742362743,0.9208681382982172,0.02285070692170555,0.0,0.0,0.0,0.0,0.0,0.0,0.0,0.0,0.0,0.0,0.0,0.0,0.0,0.0,0.0,0.0,0.0,0.0,0.0,0.0,0.0,0.0,0.0,0.0,0.006408886989959412,0.21149327066866058,5.319376201666312,15.560777611621452,8.229010895107885,0.6729331339457383,4.393595730486991,2.9768708715919368,nan,nan,nan,4.3819855358316895,2.950731353161189,4.405551794177387,3.003504438740297,1.0053779863381553,0.4048,0.01084,0.0,0.0,0.0,0.0,0.0,0.0,0.0,0.0,0.0,0.0,0.0,10.202948088015367,19.6111941892758,0.18585772270882295,0.0,0.0,0.0,0.0,0.0,0.0,0.0,0.0,0.0,0.0,0.0,0.0,0.0,0.0,0.0,0.0,nan,nan,4.393595730486991,2.9768708715919368,nan,0.4048,0.0512,0.0,0.0,0.0,0.0,0.0,0.0,0.0,0.0,0.0,0.0,0.0,0.0,0.0,0.0,0.0,0.0,0.0,0.0,0.0,0.0,0.0,0.0,0.0002563554795983764,0.0,0.0009292886135441145,0.0,0.00010681478316599017,0.00013885921811578722,0.0025101474044007693,0.0032792138431958985,0.01714377269814142,0.01446272164067507,0.035088656270027774,0.030506302072206795,0.037107455671864985,0.030068361461226233,0.05608844264046144,0.04407177953428754,0.089211706900235,0.0729331339457381,0.09205298013245033,0.08242896816919462,0.03884853663747063,0.04328135013885922,0.10305490279854732,0.059399700918607135,0.046111941892757954,0.022249519333475753,0.026020081179235207,0.019760734885708182,0.009698782311471909,0.0009613330484939116,0.0014206366161076693,0.01326639606921598,0.001239051484725486,0.0017197180089724418,0.003022858363597522,0.00016022217474898526,0.0,0.0,0.0,0.0013992736594744713,0.0,0.0,0.0,0.0,0.0,0.0,0.0,0.0,0.0,0.0,0.0,0.0,0.0,0.0,0.0,0.0,0.0,0.0,0.0,0.0,0.0,0.0,0.0,0.0,0.0,0.0,0.0,0.0,0.0,0.0,0.0,0.0,0.0,0.0,0.0,0.0,0.0,0.0,0.0,nan,nan,4.393595730486991,2.9768708715919368,nan,0.9203603133688055,0.022798985824657524,0.0,0.0,0.0,0.0,0.0,0.0,0.0,0.0,0.0,0.0,0.0,0.0,0.0,0.0,0.0,0.0,0.0,0.0,0.0,0.0,0.0,0.0,0.0,0.0,0.012350761630300537,0.23466447097571022,5.360230547550434,15.62371346233018,8.089748867846852,0.6792918896665296,0.921415876643484,0.022893738394644304,0.0,0.0,0.0,0.0,0.0,0.0,0.0,0.0,0.0,0.0,0.0,0.0,0.0,0.0,0.0,0.0,0.0,0.0,0.0,0.0,0.0,0.0,0.0,0.0,0.0,0.1865008880994672,5.2753108348135,15.492895204262881,8.379218472468919,0.6660746003552399,0.4048,0.01088,0.0,0.0,0.0,0.0,0.0,0.0,0.0,0.0,0.0,0.0,0.0,10.362289007822135,19.464800329353647,0.17291066282420753,0.0,0.0,0.0,0.0,0.0,0.0,0.0,0.0,0.0,0.0,0.0,0.0,0.0,0.0,0.0,0.0,0.405,0.010796,0.0,0.0,0.0,0.0,0.0,0.0,0.0,0.0,0.0,0.0,0.0,10.031083481349897,19.76909413854352,0.199822380106572,0.0,0.0,0.0,0.0,0.0,0.0,0.0,0.0,0.0,0.0,0.0,0.0,0.0,0.0,0.0,0.0
39300,4830,2477,0.5128364389233955,1144,1015,0.44699792960662527,1355,0.5610766045548654,0.414,2.9604759881002973,3.1384895348743242,6.764423076923077,2.2051695499627324,9413.648856858363,1521.0919760783336,7853.0,10919.258388340473,10896.170762465035,6.937525361552594,7853.0,0.0,27.252587991718425,20.71367379588118,32.16571852584714,19.074044822703748,0.14306418219461697,0.10269151138716356,0.10082815734989647,0.08467908902691511,0.09006211180124224,0.07122153209109731,0.06873706004140787,0.06252587991718427,0.05817805383022774,0.044099378881987575,0.0443064182194617,0.03768115942028986,0.03395445134575569,0.021739130434782608,0.018426501035196687,0.010766045548654244,0.007039337474120083,0.9205689545867359,0.023134658318633906,0.0,0.0,0.0,0.0,0.0,0.0,0.0,0.0,0.0,0.0,0.0,0.0,0.0,0.0,0.0,0.0,0.0,0.0,0.0,0.0,0.0,0.0,0.0,0.0,0.0,0.25465838509316774,5.27329192546584,15.813664596273295,7.819875776397517,0.8385093167701865,4.366437233693871,2.929317174036686,nan,nan,nan,4.378538512179065,2.9154579231362674,4.35443864229765,2.9429452549529995,0.9944959100361044,0.4055,0.01081,0.0,0.0,0.0,0.0,0.0,0.0,0.0,0.0,0.0,0.0,0.0,9.38509316770185,20.453416149068328,0.16149068322981372,0.0,0.0,0.0,0.0,0.0,0.0,0.0,0.0,0.0,0.0,0.0,0.0,0.0,0.0,0.0,0.0,nan,nan,4.366437233693871,2.929317174036686,nan,0.4055,0.0509,0.0,0.0,0.0,0.0,0.0,0.0,0.0,0.0,0.0,0.0,0.0,0.0,0.0,0.0,0.0,0.0,0.0,0.0,0.0,0.0,0.0,0.0,0.0002898550724637681,0.0,0.00037267080745341616,0.0,9.316770186335404e-05,8.281573498964803e-05,0.0016459627329192547,0.003488612836438923,0.015786749482401656,0.014337474120082816,0.03333333333333333,0.03265010351966874,0.038229813664596275,0.029554865424430643,0.05704968944099379,0.04392339544513458,0.08444099378881988,0.07239130434782609,0.09105590062111801,0.08237060041407868,0.04110766045548654,0.045351966873706004,0.1003416149068323,0.06115942028985507,0.048726708074534164,0.024782608695652172,0.026211180124223604,0.01816770186335404,0.010496894409937889,0.0005486542443064182,0.0012318840579710144,0.012908902691511388,0.0012525879917184264,0.0022360248447204968,0.002929606625258799,0.00011387163561076604,0.0,0.0,0.0,0.0013354037267080746,0.0,0.0,0.0,0.0,0.0,0.0,0.0,0.0,0.0,0.0,0.0,0.0,0.0,0.0,0.0,0.0,0.0,0.0,0.0,0.0,0.0,0.0,0.0,0.0,0.0,0.0,0.0,0.0,0.0,0.0,0.0,0.0,0.0,0.0,0.0,0.0,0.0,0.0,0.0,nan,nan,4.366437233693871,2.929317174036686,nan,0.9199544304938965,0.02290804735116734,0.0,0.0,0.0,0.0,0.0,0.0,0.0,0.0,0.0,0.0,0.0,0.0,0.0,0.0,0.0,0.0,0.0,0.0,0.0,0.0,0.0,0.0,0.0,0.0,0.0,0.2785627775534922,5.268469923294309,16.192975373435612,7.460637868389182,0.7993540573274124,0.9212158632896527,0.02335337261108346,0.0,0.0,0.0,0.0,0.0,0.0,0.0,0.0,0.0,0.0,0.0,0.0,0.0,0.0,0.0,0.0,0.0,0.0,0.0,0.0,0.0,0.0,0.0,0.0,0.0,0.22949426264343395,5.2783680407989815,15.414364640883981,8.19804504887378,0.8797280067998302,0.4055,0.010895,0.0,0.0,0.0,0.0,0.0,0.0,0.0,0.0,0.0,0.0,0.0,9.31368591037544,20.50464271295923,0.181671376665321,0.0,0.0,0.0,0.0,0.0,0.0,0.0,0.0,0.0,0.0,0.0,0.0,0.0,0.0,0.0,0.0,0.4053,0.01072,0.0,0.0,0.0,0.0,0.0,0.0,0.0,0.0,0.0,0.0,0.0,9.46026349341265,20.399490012749684,0.14024649383765408,0.0,0.0,0.0,0.0,0.0,0.0,0.0,0.0,0.0,0.0,0.0,0.0,0.0,0.0,0.0,0.0
39400,4964,2576,0.5189363416599516,1170,1011,0.4393634165995165,1410,0.5680902497985496,0.41,2.9815745393634843,3.118082916138468,6.614369501466276,2.1564807796974996,9432.418324066975,1520.7005947639175,7853.0,10920.420924723148,10896.56854063217,6.887578597148661,7853.0,0.0,27.891418211120065,21.10400015173595,33.100677637947726,19.301262931499448,0.14806607574536665,0.09468170829975826,0.08984689766317486,0.09085414987912974,0.08501208702659147,0.06889605157131345,0.0749395648670427,0.055197421434327154,0.056809024979854954,0.047743755036261076,0.04794520547945205,0.0443190975020145,0.03646253021756648,0.021756647864625302,0.016518936341659952,0.011684125705076551,0.009266720386784852,0.9208380372340789,0.022854137259511215,0.0,0.0,0.0,0.0,0.0,0.0,0.0,0.0,0.0,0.0,0.0,0.0,0.0,0.0,0.0,0.0,0.0,0.0,0.0,0.0,0.0,0.0,0.0,0.0,0.0,0.24174053182917007,5.1490733279613226,15.785656728444806,8.043916196615633,0.7796132151490736,4.322378716744914,2.926536615853092,nan,nan,nan,4.303836633663367,2.949640879809963,4.341355288157062,2.9025779090058643,1.008717490389908,0.4058,0.01051,0.0,0.0,0.0,0.0,0.0,0.0,0.0,0.0,0.0,0.0,0.006043513295729252,8.968573730862195,20.874294923448836,0.15108783239323129,0.0,0.0,0.0,0.0,0.0,0.0,0.0,0.0,0.0,0.0,0.0,0.0,0.0,0.0,0.0,0.0,nan,nan,4.322378716744914,2.926536615853092,nan,0.4058,0.0511,0.0,0.0,0.0,0.0,0.0,0.0,0.0,0.0,0.0,0.0,0.0,0.0,0.0,0.0,0.0,0.0,0.0,0.0,0.0,0.0,0.0,0.0,0.0005036261079774375,0.0,0.00025181305398871875,3.0217566478646254e-05,2.0145044319097503e-05,4.0290088638195005e-05,0.00169218372280419,0.0032937147461724416,0.01669016921837228,0.013769137792103142,0.031114020950846092,0.033894037066881544,0.03876913779210314,0.027447622884770345,0.057211925866236905,0.045850120870265916,0.08660354552780015,0.07416398066075745,0.08633158742949235,0.08151692183722804,0.039000805801772766,0.046273166800966964,0.09791498791297341,0.06284246575342466,0.04949637389202256,0.02562449637389202,0.027226027397260273,0.019248589846897663,0.010314262691377921,0.0005036261079774375,0.001651893634165995,0.012600725221595487,0.0014101531023368251,0.0021253021756647865,0.003072119258662369,0.00011079774375503627,0.0,0.0,0.0,0.0013900080580177276,0.0,0.0,0.0,0.0,0.0,0.0,0.0,0.0,0.0,0.0,0.0,0.0,0.0,0.0,0.0,0.0,0.0,0.0,0.0,0.0,0.0,0.0,0.0,0.0,0.0,0.0,0.0,0.0,0.0,0.0,0.0,0.0,0.0,0.0,0.0,0.0,0.0,0.0,0.0,nan,nan,4.322378716744914,2.926536615853092,nan,0.921182324982578,0.022841817049924516,0.0,0.0,0.0,0.0,0.0,0.0,0.0,0.0,0.0,0.0,0.0,0.0,0.0,0.0,0.0,0.0,0.0,0.0,0.0,0.0,0.0,0.0,0.0,0.0,0.0,0.19798136645962738,5.170807453416151,15.628881987577643,8.070652173913045,0.9316770186335406,0.9204666447549609,0.02286160749727547,0.0,0.0,0.0,0.0,0.0,0.0,0.0,0.0,0.0,0.0,0.0,0.0,0.0,0.0,0.0,0.0,0.0,0.0,0.0,0.0,0.0,0.0,0.0,0.0,0.0,0.2889447236180905,5.125628140703518,15.954773869346736,8.015075376884424,0.6155778894472362,0.4058,0.010414,0.0,0.0,0.0,0.0,0.0,0.0,0.0,0.0,0.0,0.0,0.0,8.827639751552782,21.055900621118017,0.11645962732919257,0.0,0.0,0.0,0.0,0.0,0.0,0.0,0.0,0.0,0.0,0.0,0.0,0.0,0.0,0.0,0.0,0.4058,0.01062,0.0,0.0,0.0,0.0,0.0,0.0,0.0,0.0,0.0,0.0,0.012562814070351761,9.120603015075362,20.678391959799,0.18844221105527642,0.0,0.0,0.0,0.0,0.0,0.0,0.0,0.0,0.0,0.0,0.0,0.0,0.0,0.0,0.0,0.0
39500,4864,2515,0.5170641447368421,1237,955,0.4506578947368421,1351,0.5555098684210527,0.39799999999999996,2.9255002128565346,3.0344946436845093,6.275912408759124,2.1426678761217923,9426.86173974208,1521.0433571188773,7853.0,10920.751514196396,10896.84234676162,7.1803753359139115,7853.0,0.0,28.310238486842106,20.96816220116679,33.014538405621515,19.276174560034658,0.1328125,0.09827302631578948,0.09251644736842106,0.08984375,0.08614309210526316,0.07051809210526316,0.06640625,0.06805098684210527,0.05653782894736842,0.05365953947368421,0.04872532894736842,0.03926809210526316,0.03248355263157895,0.026726973684210526,0.017269736842105265,0.012952302631578948,0.0078125,0.9225369235133066,0.023228607929646372,0.0,0.0,0.0,0.0,0.0,0.0,0.0,0.0,0.0,0.0,0.0,0.0,0.0,0.0,0.0,0.0,0.0,0.0,0.0,0.0,0.0,0.0,0.0,0.0,0.0,0.3083881578947369,4.514802631578948,15.388569078947372,8.94325657894737,0.8449835526315791,4.175483053531834,2.8735786112358173,nan,nan,nan,4.186075949367089,2.8537443392366746,4.164870006341154,2.8932753684818624,0.9949341714573666,0.4055,0.01081,0.0,0.0,0.0,0.0,0.0,0.0,0.0,0.0,0.0,0.0,0.006167763157894739,9.146792763157881,20.69284539473685,0.15419407894736845,0.0,0.0,0.0,0.0,0.0,0.0,0.0,0.0,0.0,0.0,0.0,0.0,0.0,0.0,0.0,0.0,nan,nan,4.175483053531834,2.8735786112358173,nan,0.4055,0.05096,0.0,0.0,0.0,0.0,0.0,0.0,0.0,0.0,0.0,0.0,0.0,0.0,0.0,0.0,0.0,0.0,0.0,0.0,0.0,0.0,0.0,0.0,0.0005345394736842106,0.0,8.223684210526316e-05,2.055921052631579e-05,5.139802631578947e-05,4.111842105263158e-05,0.0016755756578947368,0.0028063322368421053,0.01709498355263158,0.015080180921052632,0.031075246710526316,0.03337787828947368,0.03799342105263158,0.029512746710526314,0.05589021381578947,0.045302220394736845,0.0889391447368421,0.07232730263157895,0.08767475328947369,0.08093133223684211,0.03856907894736842,0.04722450657894737,0.09768708881578947,0.06504934210526316,0.04856085526315789,0.024198190789473686,0.026778371710526317,0.017403371710526316,0.010464638157894737,0.0009971217105263159,0.0018194901315789474,0.01322985197368421,0.0021073190789473685,0.0019942434210526317,0.002323190789473684,0.0,0.0,2.055921052631579e-05,0.0,0.001161595394736842,0.0,0.0,0.0,0.0,0.0,0.0,0.0,0.0,0.0,0.0,0.0,0.0,0.0,0.0,0.0,0.0,0.0,0.0,0.0,0.0,0.0,0.0,0.0,0.0,0.0,0.0,0.0,0.0,0.0,0.0,0.0,0.0,0.0,0.0,0.0,0.0,0.0,0.0,0.0,nan,nan,4.175483053531834,2.8735786112358173,nan,0.9227819183948737,0.023244356193392667,0.0,0.0,0.0,0.0,0.0,0.0,0.0,0.0,0.0,0.0,0.0,0.0,0.0,0.0,0.0,0.0,0.0,0.0,0.0,0.0,0.0,0.0,0.0,0.0,0.0,0.2624254473161034,4.520874751491054,15.316103379721673,8.958250497017895,0.9423459244532805,0.9222746152429186,0.023208868306909672,0.0,0.0,0.0,0.0,0.0,0.0,0.0,0.0,0.0,0.0,0.0,0.0,0.0,0.0,0.0,0.0,0.0,0.0,0.0,0.0,0.0,0.0,0.0,0.0,0.0,0.3575989782886336,4.50830140485313,15.4661558109834,8.927203065134101,0.7407407407407409,0.4053,0.01079,0.0,0.0,0.0,0.0,0.0,0.0,0.0,0.0,0.0,0.0,0.0,9.518886679920465,20.349900596421477,0.1312127236580517,0.0,0.0,0.0,0.0,0.0,0.0,0.0,0.0,0.0,0.0,0.0,0.0,0.0,0.0,0.0,0.0,0.4058,0.01082,0.0,0.0,0.0,0.0,0.0,0.0,0.0,0.0,0.0,0.0,0.012771392081736912,8.748403575989771,21.06002554278417,0.1787994891443168,0.0,0.0,0.0,0.0,0.0,0.0,0.0,0.0,0.0,0.0,0.0,0.0,0.0,0.0,0.0,0.0
39600,4633,2371,0.511763436218433,1125,945,0.44679473343406,1307,0.5642132527519965,0.41,3.041556145004421,3.122187060937874,6.5303951367781155,2.2196593625626915,9410.585788408172,1521.370133692071,7853.0,10918.90337985754,10896.565988062028,7.05096049285885,7853.0,0.0,28.519317936542198,21.167461157111706,33.39320388349515,19.409432640536323,0.13684437729333046,0.09605007554500324,0.09389164688107059,0.08331534642780056,0.07770343190157565,0.07295488884092381,0.07576084610403626,0.06324195985322685,0.06086768832290093,0.05072307360241744,0.0459745305417656,0.04187351608029355,0.03237642995898986,0.02719620116555148,0.020936758040146775,0.010576300453270019,0.009712928987696956,0.9221469200303275,0.023538281373516056,0.0,0.0,0.0,0.0,0.0,0.0,0.0,0.0,0.0,0.0,0.0,0.0,0.0,0.0,0.0,0.0,0.0,0.0,0.0,0.0,0.0,0.0,0.0,0.0,0.0,0.3367148715734946,4.66220591409454,15.404705374487376,8.657457371033889,0.938916468810706,4.293611386957961,2.9298635119290166,nan,nan,nan,4.227302849569251,2.960423187491546,4.360026472534745,2.8984746437937807,1.0313967623538063,0.405,0.010735,0.0,0.0,0.0,0.0,0.0,0.0,0.0,0.0,0.0,0.0,0.0,10.082020289229426,19.775523418951007,0.14245629181955538,0.0,0.0,0.0,0.0,0.0,0.0,0.0,0.0,0.0,0.0,0.0,0.0,0.0,0.0,0.0,0.0,nan,nan,4.293611386957961,2.9298635119290166,nan,0.405,0.05096,0.0,0.0,0.0,0.0,0.0,0.0,0.0,0.0,0.0,0.0,0.0,0.0,0.0,0.0,0.0,0.0,0.0,0.0,0.0,0.0,0.0,0.0,0.0007446578890567667,0.0,4.316857327865314e-05,1.0792143319663286e-05,0.00019425857975393913,9.712928987696957e-05,0.001402978631556227,0.0028922944096697605,0.019630908698467515,0.0142564213252752,0.030951867040794303,0.03211741851931794,0.04042736887545867,0.027541549751780702,0.057813511763436215,0.04560759766889704,0.08890567666738615,0.07133606734297432,0.08943449169004965,0.07661342542628966,0.04103172890135981,0.04777681847614936,0.09807899848909994,0.06691128858191236,0.04593136196848694,0.025188862508094108,0.02558817181092165,0.016101877832937622,0.009615799697819987,0.001014461472048349,0.0018454565076624217,0.014234837038635872,0.001813080077703432,0.001737535074465789,0.0016080293546298294,1.0792143319663286e-05,0.0,0.0,0.0,0.0014893157781135334,0.0,0.0,0.0,0.0,0.0,0.0,0.0,0.0,0.0,0.0,0.0,0.0,0.0,0.0,0.0,0.0,0.0,0.0,0.0,0.0,0.0,0.0,0.0,0.0,0.0,0.0,0.0,0.0,0.0,0.0,0.0,0.0,0.0,0.0,0.0,0.0,0.0,0.0,0.0,nan,nan,4.293611386957961,2.9298635119290166,nan,0.9221142041487113,0.023528528110499682,0.0,0.0,0.0,0.0,0.0,0.0,0.0,0.0,0.0,0.0,0.0,0.0,0.0,0.0,0.0,0.0,0.0,0.0,0.0,0.0,0.0,0.0,0.0,0.0,0.0,0.379586672290173,4.719527625474484,15.272037115141293,8.692534795444962,0.9363137916490935,0.9221812124066813,0.023548451494838425,0.0,0.0,0.0,0.0,0.0,0.0,0.0,0.0,0.0,0.0,0.0,0.0,0.0,0.0,0.0,0.0,0.0,0.0,0.0,0.0,0.0,0.0,0.0,0.0,0.0,0.29177718832891253,4.60212201591512,15.54376657824934,8.620689655172415,0.9416445623342177,0.4048,0.010864,0.0,0.0,0.0,0.0,0.0,0.0,0.0,0.0,0.0,0.0,0.0,10.324757486292688,19.53606073386757,0.1391817798397301,0.0,0.0,0.0,0.0,0.0,0.0,0.0,0.0,0.0,0.0,0.0,0.0,0.0,0.0,0.0,0.0,0.405,0.010605,0.0,0.0,0.0,0.0,0.0,0.0,0.0,0.0,0.0,0.0,0.0,9.827586206896537,20.026525198938995,0.14588859416445626,0.0,0.0,0.0,0.0,0.0,0.0,0.0,0.0,0.0,0.0,0.0,0.0,0.0,0.0,0.0,0.0
39700,4615,2390,0.5178764897074756,1104,939,0.4426868905742145,1302,0.5642470205850487,0.41,2.9222471910112358,3.010658874772251,6.413793103448276,2.023668191129521,9429.222223564244,1520.8482757555657,7853.0,10921.39763557911,10896.625758053968,7.005504011075168,7853.0,0.0,28.203466955579632,20.803283058932227,33.01129073646395,19.06140896090722,0.13369447453954497,0.10032502708559046,0.09165763813651137,0.09079089924160347,0.07973997833152763,0.07497291440953413,0.06955579631635969,0.05980498374864572,0.057854821235102924,0.05308775731310943,0.05027085590465872,0.041603466955579635,0.03510292524377032,0.027735644637053088,0.01733477789815818,0.013001083423618635,0.003466955579631636,0.9229713080247071,0.02332987158468981,0.0,0.0,0.0,0.0,0.0,0.0,0.0,0.0,0.0,0.0,0.0,0.0,0.0,0.0,0.0,0.0,0.0,0.0,0.0,0.0,0.0,0.0,0.0,0.0,0.0,0.2470205850487541,4.7908992416034675,15.022751895991336,9.035752979414953,0.9035752979414953,4.184589614740369,2.817942697428267,nan,nan,nan,4.151696606786427,2.813499107513484,4.217420661715058,2.822929953536054,1.0158306497688674,0.4045,0.01022,0.0,0.0,0.0,0.0,0.0,0.0,0.0,0.0,0.0,0.0,0.0,10.290357529794136,19.592632719393286,0.11700975081256774,0.0,0.0,0.0,0.0,0.0,0.0,0.0,0.0,0.0,0.0,0.0,0.0,0.0,0.0,0.0,0.0,nan,nan,4.184589614740369,2.817942697428267,nan,0.4043,0.05118,0.0,0.0,0.0,0.0,0.0,0.0,0.0,0.0,0.0,0.0,0.0,0.0,0.0,0.0,0.0,0.0,0.0,0.0,0.0,0.0,0.0,0.0,0.0009642470205850487,0.0,0.0,1.0834236186348862e-05,0.00041170097508125676,8.66738894907909e-05,0.0014084507042253522,0.0027085590465872156,0.019447453954496208,0.015362946912242686,0.031960996749729145,0.03364030335861322,0.041180931744312026,0.0280931744312026,0.058624052004333696,0.04685807150595883,0.0857421451787649,0.07223185265438786,0.08556879739978332,0.07842903575297941,0.042123510292524376,0.04715059588299025,0.09735644637053088,0.06512459371614301,0.043575297941495124,0.02724810400866739,0.024983748645720477,0.016132177681473455,0.00933911159263272,0.0013109425785482124,0.0021451787648970747,0.014875406283856987,0.0017226435536294691,0.0018634886240520042,0.0011050920910075839,0.0,0.0,0.0,0.0,0.0012134344528710727,0.0,0.0,0.0,0.0,0.0,0.0,0.0,0.0,0.0,0.0,0.0,0.0,0.0,0.0,0.0,0.0,0.0,0.0,0.0,0.0,0.0,0.0,0.0,0.0,0.0,0.0,0.0,0.0,0.0,0.0,0.0,0.0,0.0,0.0,0.0,0.0,0.0,0.0,0.0,nan,nan,4.184589614740369,2.817942697428267,nan,0.9229543624063915,0.023006416608011514,0.0,0.0,0.0,0.0,0.0,0.0,0.0,0.0,0.0,0.0,0.0,0.0,0.0,0.0,0.0,0.0,0.0,0.0,0.0,0.0,0.0,0.0,0.0,0.0,0.0,0.2133891213389122,4.606694560669457,15.464435146443519,8.79916317991632,0.9163179916317994,0.9229895102843809,0.023672376708803164,0.0,0.0,0.0,0.0,0.0,0.0,0.0,0.0,0.0,0.0,0.0,0.0,0.0,0.0,0.0,0.0,0.0,0.0,0.0,0.0,0.0,0.0,0.0,0.0,0.0,0.2831460674157304,4.988764044943821,14.548314606741576,9.28988764044944,0.8898876404494384,0.4043,0.010185,0.0,0.0,0.0,0.0,0.0,0.0,0.0,0.0,0.0,0.0,0.0,10.55648535564852,19.343096234309627,0.10041841004184103,0.0,0.0,0.0,0.0,0.0,0.0,0.0,0.0,0.0,0.0,0.0,0.0,0.0,0.0,0.0,0.0,0.4045,0.010254,0.0,0.0,0.0,0.0,0.0,0.0,0.0,0.0,0.0,0.0,0.0,10.004494382022457,19.860674157303375,0.13483146067415733,0.0,0.0,0.0,0.0,0.0,0.0,0.0,0.0,0.0,0.0,0.0,0.0,0.0,0.0,0.0,0.0
39800,4557,2384,0.5231511959622559,1097,964,0.4522712310730744,1277,0.5604564406407725,0.414,2.937413713759779,3.0625845229145936,6.497418244406196,2.266741550950738,9445.218852172564,1520.1340922275035,7853.0,10923.958213925362,10896.51564989529,6.986676765251737,7853.0,0.0,27.475093263111695,20.66522832822472,32.577561232552014,18.862674153537924,0.1465876673249945,0.09896861970594689,0.09392143954355936,0.0890937019969278,0.07482993197278912,0.07680491551459294,0.07197717796796138,0.06671055518981786,0.05354399824445907,0.051349572086899276,0.04849681808207154,0.038841342988808425,0.03379416282642089,0.02348035988588984,0.016458196181698487,0.008997147245995173,0.006144393241167435,0.9230502072017863,0.02310910093344929,0.0,0.0,0.0,0.0,0.0,0.0,0.0,0.0,0.0,0.0,0.0,0.0,0.0,0.0,0.0,0.0,0.0,0.0,0.0,0.0,0.0,0.0,0.0,0.0,0.006583278472679396,0.1909150757077025,4.674127715602371,15.088874259381175,9.137590520079002,0.9019091507570772,4.256277949776401,2.907238805246576,nan,nan,nan,4.275034293552812,2.8963236770853755,4.237405106970324,2.9180588387852944,0.9911979217010641,0.4036,0.010765,0.0,0.0,0.0,0.0,0.0,0.0,0.0,0.0,0.0,0.0,0.019749835418038188,11.184990125082274,18.689927583936804,0.10533245556287034,0.0,0.0,0.0,0.0,0.0,0.0,0.0,0.0,0.0,0.0,0.0,0.0,0.0,0.0,0.0,0.0,nan,nan,4.256277949776401,2.907238805246576,nan,0.4036,0.0513,0.0,0.0,0.0,0.0,0.0,0.0,0.0,0.0,0.0,0.0,0.0,0.0,0.0,0.0,0.0,0.0,0.0,0.0,0.0,0.0,0.0,0.0,0.0010204081632653062,1.0972130787798991e-05,1.0972130787798991e-05,0.0,0.0005815229317533465,7.680491551459293e-05,0.0018981786262892253,0.003511081852095677,0.019881500987491772,0.015448760149220978,0.032115426815887645,0.03525345622119816,0.040245775729646695,0.02915295150318192,0.05847048496818082,0.04923195084485407,0.08736010533245556,0.07324994513934606,0.08229098090849243,0.07860434496379197,0.03865481676541584,0.04927583936800527,0.09623655913978495,0.06477946017116525,0.04409699363616414,0.02577353522053983,0.02564186965108624,0.015196401141101603,0.008931314461268379,0.0014812376563528638,0.0020408163265306124,0.014285714285714285,0.0017555409260478386,0.0008887425938117182,0.0008448540706605223,0.0,2.1944261575597983e-05,0.0,0.0,0.0016787360105332456,0.0,0.0,0.0,0.0,0.0,0.0,0.0,0.0,0.0,0.0,0.0,0.0,0.0,0.0,0.0,0.0,0.0,0.0,0.0,0.0,0.0,0.0,0.0,0.0,0.0,0.0,0.0,0.0,0.0,0.0,0.0,0.0,0.0,0.0,0.0,0.0,0.0,0.0,0.0,nan,nan,4.256277949776401,2.907238805246576,nan,0.9232417579065233,0.022628605935929847,0.0,0.0,0.0,0.0,0.0,0.0,0.0,0.0,0.0,0.0,0.0,0.0,0.0,0.0,0.0,0.0,0.0,0.0,0.0,0.0,0.0,0.0,0.0,0.0,0.012583892617449667,0.20134228187919467,4.567953020134229,15.226510067114097,9.098154362416109,0.8934563758389263,0.9228400567737637,0.023623226414270816,0.0,0.0,0.0,0.0,0.0,0.0,0.0,0.0,0.0,0.0,0.0,0.0,0.0,0.0,0.0,0.0,0.0,0.0,0.0,0.0,0.0,0.0,0.0,0.0,0.0,0.17947537965945703,4.790612057063968,14.937873907040961,9.180855959502994,0.9111826967326279,0.4036,0.010796,0.0,0.0,0.0,0.0,0.0,0.0,0.0,0.0,0.0,0.0,0.012583892617449667,10.960570469798643,18.901006711409398,0.12583892617449666,0.0,0.0,0.0,0.0,0.0,0.0,0.0,0.0,0.0,0.0,0.0,0.0,0.0,0.0,0.0,0.0,0.4036,0.010735,0.0,0.0,0.0,0.0,0.0,0.0,0.0,0.0,0.0,0.0,0.027611596870685696,11.431201104463858,18.458352508053387,0.08283479061205708,0.0,0.0,0.0,0.0,0.0,0.0,0.0,0.0,0.0,0.0,0.0,0.0,0.0,0.0,0.0,0.0
39900,4446,2322,0.5222672064777328,1100,893,0.448268106162843,1220,0.5488079172289698,0.414,2.998587570621469,3.0709589651272173,6.471169686985173,2.143626032970628,9442.248035256947,1519.9879365437587,7853.0,10927.553636550903,10895.978796189658,6.859155321558765,7853.0,0.0,28.24089068825911,21.02738508571992,33.259785522788206,19.235615898349916,0.14035087719298245,0.098740440845704,0.09379217273954116,0.0832208726945569,0.07692307692307693,0.06905083220872694,0.07377417903733693,0.06590193432298695,0.06297795771479982,0.05150697255960414,0.04363472784525416,0.04048582995951417,0.03553756185335133,0.02316689158794422,0.02384165542060279,0.010571300044984255,0.0065227170490328385,0.9210237065951029,0.02297566175012122,0.0,0.0,0.0,0.0,0.0,0.0,0.0,0.0,0.0,0.0,0.0,0.0,0.0,0.0,0.0,0.0,0.0,0.0,0.0,0.0,0.0,0.0,0.0,0.0,0.0,0.24966261808367077,5.107962213225372,15.829959514170044,8.083670715249664,0.7287449392712553,4.205360250609119,2.843696961593688,nan,nan,nan,4.175207756232687,2.8604031394669267,4.235829251224633,2.826388391257408,1.014519396047167,0.4036,0.01046,0.0,0.0,0.0,0.0,0.0,0.0,0.0,0.0,0.0,0.0,0.006747638326585696,11.12010796221321,18.785425101214578,0.08771929824561406,0.0,0.0,0.0,0.0,0.0,0.0,0.0,0.0,0.0,0.0,0.0,0.0,0.0,0.0,0.0,0.0,nan,nan,4.205360250609119,2.843696961593688,nan,0.4036,0.05106,0.0,0.0,0.0,0.0,0.0,0.0,0.0,0.0,0.0,0.0,0.0,0.0,0.0,0.0,0.0,0.0,0.0,0.0,0.0,0.0,0.0,0.0,0.0011695906432748538,0.0,0.0,0.0,0.0007872244714349977,0.00011246063877642825,0.0020242914979757085,0.0030589293747188486,0.019714349977507872,0.01437246963562753,0.029667116509221773,0.03750562303193882,0.04199280251911831,0.029475933423301844,0.058445793972109764,0.04718848403058929,0.08309716599190284,0.07702429149797571,0.0844804318488529,0.07728295096716149,0.03791048133153396,0.05123706702654071,0.09758209626630679,0.06423751686909582,0.04462438146648673,0.02667566351776878,0.023324336482231218,0.014406207827260459,0.010177687809266757,0.0014619883040935672,0.002103013945119208,0.014586144849302743,0.0011358524516419254,0.001158344579397211,0.0006635177687809267,0.0,1.1246063877642825e-05,0.0,0.0,0.0013045434098065676,0.0,0.0,0.0,0.0,0.0,0.0,0.0,0.0,0.0,0.0,0.0,0.0,0.0,0.0,0.0,0.0,0.0,0.0,0.0,0.0,0.0,0.0,0.0,0.0,0.0,0.0,0.0,0.0,0.0,0.0,0.0,0.0,0.0,0.0,0.0,0.0,0.0,0.0,0.0,nan,nan,4.205360250609119,2.843696961593688,nan,0.9212345313040169,0.022851190347296692,0.0,0.0,0.0,0.0,0.0,0.0,0.0,0.0,0.0,0.0,0.0,0.0,0.0,0.0,0.0,0.0,0.0,0.0,0.0,0.0,0.0,0.0,0.0,0.0,0.0,0.24547803617571065,5.064599483204135,15.762273901808788,8.165374677002585,0.7622739018087857,0.9207932287353581,0.023108768814534723,0.0,0.0,0.0,0.0,0.0,0.0,0.0,0.0,0.0,0.0,0.0,0.0,0.0,0.0,0.0,0.0,0.0,0.0,0.0,0.0,0.0,0.0,0.0,0.0,0.0,0.25423728813559326,5.155367231638419,15.903954802259891,7.994350282485877,0.6920903954802261,0.4036,0.01057,0.0,0.0,0.0,0.0,0.0,0.0,0.0,0.0,0.0,0.0,0.0,11.214470284237711,18.695090439276488,0.09043927648578814,0.0,0.0,0.0,0.0,0.0,0.0,0.0,0.0,0.0,0.0,0.0,0.0,0.0,0.0,0.0,0.0,0.4036,0.01034,0.0,0.0,0.0,0.0,0.0,0.0,0.0,0.0,0.0,0.0,0.014124293785310738,11.016949152542358,18.884180790960457,0.08474576271186442,0.0,0.0,0.0,0.0,0.0,0.0,0.0,0.0,0.0,0.0,0.0,0.0,0.0,0.0,0.0,0.0
40000,4559,2354,0.5163413029173064,1097,921,0.442640930028515,1274,0.5588944944066682,0.43,3.0539682539682538,3.1485214308951828,6.705882352941177,2.105556369152591,9424.320071637774,1520.7862554664207,7853.0,10919.165005028248,10896.181056328212,7.113373282215587,7853.0,0.0,27.976310594428604,21.093351258799274,33.40334128878282,19.15317755693943,0.1495942092564159,0.09519631498135556,0.08795788550120641,0.0875191928054398,0.08115814871682386,0.07150690940995832,0.06690063610440886,0.062075016450976093,0.0594428602763764,0.05571397236236017,0.044088615924544855,0.041237113402061855,0.03202456679096293,0.029611756964246547,0.01952182496161439,0.010309278350515464,0.0061416977407326165,0.9212563449443759,0.022997951193555393,0.0,0.0,0.0,0.0,0.0,0.0,0.0,0.0,0.0,0.0,0.0,0.0,0.0,0.0,0.0,0.0,0.0,0.0,0.0,0.0,0.0,0.0,0.0,0.0,0.0,0.20399210353147626,5.310375082254882,15.457337135336699,8.304452730862034,0.7238429480149158,4.306467998645445,2.952591110173574,nan,nan,nan,4.262763784887679,2.9869893933238827,4.348617666891436,2.918165103269069,1.0201404268066943,0.4043,0.01055,0.0,0.0,0.0,0.0,0.0,0.0,0.0,0.0,0.0,0.0,0.0,10.344373766176778,19.55692037727572,0.09870585654748851,0.0,0.0,0.0,0.0,0.0,0.0,0.0,0.0,0.0,0.0,0.0,0.0,0.0,0.0,0.0,0.0,nan,nan,4.306467998645445,2.952591110173574,nan,0.4043,0.0508,0.0,0.0,0.0,0.0,0.0,0.0,0.0,0.0,0.0,0.0,0.0,0.0,0.0,0.0,0.0,0.0,0.0,0.0,0.0,0.0,0.0,0.0,0.0016012283395481464,0.0,0.0,0.0,0.000822548804562404,3.290195218249616e-05,0.0016779995613073041,0.0030269796007896467,0.02021276595744681,0.012184689624917745,0.028679534985742487,0.03749725817065146,0.04038166264531696,0.02691379688528186,0.05731520070190831,0.049012941434525115,0.08277034437376618,0.07567449001974118,0.08761789866198728,0.07530160122833955,0.03835270892739636,0.054244351831542005,0.10088835270892739,0.06285369598596183,0.04328800175477078,0.028657600350954156,0.02467646413687212,0.015080061416977408,0.009892520289537179,0.0017438034656722967,0.0021386268918622505,0.01350076771221759,0.000877385391533231,0.0012502741829348541,0.0005154639175257732,0.0,0.0,0.0,0.0,0.0013160780872998464,0.0,0.0,0.0,0.0,0.0,0.0,0.0,0.0,0.0,0.0,0.0,0.0,0.0,0.0,0.0,0.0,0.0,0.0,0.0,0.0,0.0,0.0,0.0,0.0,0.0,0.0,0.0,0.0,0.0,0.0,0.0,0.0,0.0,0.0,0.0,0.0,0.0,0.0,0.0,nan,nan,4.306467998645445,2.952591110173574,nan,0.9213803822242718,0.023097773279936593,0.0,0.0,0.0,0.0,0.0,0.0,0.0,0.0,0.0,0.0,0.0,0.0,0.0,0.0,0.0,0.0,0.0,0.0,0.0,0.0,0.0,0.0,0.0,0.0,0.0,0.22939677145284626,5.314358538657606,15.382327952421413,8.347493627867461,0.7264231096006799,0.9211239260070178,0.022890161562973278,0.0,0.0,0.0,0.0,0.0,0.0,0.0,0.0,0.0,0.0,0.0,0.0,0.0,0.0,0.0,0.0,0.0,0.0,0.0,0.0,0.0,0.0,0.0,0.0,0.0,0.17687074829931979,5.306122448979592,15.537414965986398,8.258503401360546,0.7210884353741499,0.4043,0.01053,0.0,0.0,0.0,0.0,0.0,0.0,0.0,0.0,0.0,0.0,0.0,10.539507221750197,19.384027187765508,0.07646559048428209,0.0,0.0,0.0,0.0,0.0,0.0,0.0,0.0,0.0,0.0,0.0,0.0,0.0,0.0,0.0,0.0,0.4043,0.01058,0.0,0.0,0.0,0.0,0.0,0.0,0.0,0.0,0.0,0.0,0.0,10.136054421768693,19.741496598639458,0.12244897959183676,0.0,0.0,0.0,0.0,0.0,0.0,0.0,0.0,0.0,0.0,0.0,0.0,0.0,0.0,0.0,0.0
40100,4780,2479,0.5186192468619247,1180,955,0.446652719665272,1328,0.5556485355648536,0.414,2.9621903520208606,3.1049798473597434,6.625189681335357,2.162033358141004,9431.474200639677,1520.7575066694144,7853.0,10923.15676188469,10896.608987114827,7.071370255331882,7853.0,0.0,28.085564853556484,20.8635635822454,32.811218186310846,19.181534101328815,0.13535564853556487,0.1,0.09518828451882845,0.08535564853556485,0.07928870292887029,0.08054393305439331,0.07112970711297072,0.06276150627615062,0.05355648535564853,0.05355648535564853,0.04707112970711297,0.0401673640167364,0.03326359832635983,0.025523012552301255,0.018619246861924687,0.012133891213389121,0.006485355648535565,0.922500488274267,0.02344544181136949,0.0,0.0,0.0,0.0,0.0,0.0,0.0,0.0,0.0,0.0,0.0,0.0,0.0,0.0,0.0,0.0,0.0,0.0,0.0,0.0,0.0,0.0,0.0,0.0,0.0,0.30753138075313813,4.7133891213389125,15.357740585774062,8.78661087866109,0.8347280334728036,4.243918261433668,2.901931167002763,nan,nan,nan,4.3,2.9082197192584798,4.187214611872146,2.89445444606986,0.9737708399702665,0.405,0.010506,0.0,0.0,0.0,0.0,0.0,0.0,0.0,0.0,0.0,0.0,0.006276150627615064,9.621338912133877,20.271966527196657,0.10041841004184103,0.0,0.0,0.0,0.0,0.0,0.0,0.0,0.0,0.0,0.0,0.0,0.0,0.0,0.0,0.0,0.0,nan,nan,4.243918261433668,2.901931167002763,nan,0.405,0.05048,0.0,0.0,0.0,0.0,0.0,0.0,0.0,0.0,0.0,0.0,0.0,0.0,0.0,0.0,0.0,0.0,0.0,0.0,0.0,0.0,0.0,0.0,0.0008054393305439331,0.0,0.0,2.092050209205021e-05,0.0007635983263598326,1.0460251046025105e-05,0.001307531380753138,0.004006276150627615,0.01809623430962343,0.01198744769874477,0.029330543933054395,0.037384937238493725,0.03747907949790795,0.026914225941422593,0.05510460251046025,0.050177824267782424,0.08124476987447699,0.07619246861924686,0.09030334728033473,0.0752510460251046,0.04147489539748954,0.056673640167364016,0.0947907949790795,0.06335774058577406,0.04551255230125523,0.029759414225941423,0.02416317991631799,0.01645397489539749,0.009414225941422594,0.002102510460251046,0.002782426778242678,0.012907949790794978,0.0009414225941422594,0.0013598326359832635,0.0005962343096234309,1.0460251046025105e-05,9.414225941422595e-05,0.0,0.0,0.0012238493723849373,0.0,0.0,0.0,0.0,0.0,0.0,0.0,0.0,0.0,0.0,0.0,0.0,0.0,0.0,0.0,0.0,0.0,0.0,0.0,0.0,0.0,0.0,0.0,0.0,0.0,0.0,0.0,0.0,0.0,0.0,0.0,0.0,0.0,0.0,0.0,0.0,0.0,0.0,0.0,nan,nan,4.243918261433668,2.901931167002763,nan,0.9221413873433586,0.023201112471475684,0.0,0.0,0.0,0.0,0.0,0.0,0.0,0.0,0.0,0.0,0.0,0.0,0.0,0.0,0.0,0.0,0.0,0.0,0.0,0.0,0.0,0.0,0.0,0.0,0.0,0.2783380395320694,4.937474788221057,15.260185558693024,8.773699072206536,0.7503025413473177,0.9228873684166929,0.023699766097530606,0.0,0.0,0.0,0.0,0.0,0.0,0.0,0.0,0.0,0.0,0.0,0.0,0.0,0.0,0.0,0.0,0.0,0.0,0.0,0.0,0.0,0.0,0.0,0.0,0.0,0.3389830508474577,4.471968709256846,15.462842242503262,8.80052151238592,0.9256844850065191,0.405,0.010506,0.0,0.0,0.0,0.0,0.0,0.0,0.0,0.0,0.0,0.0,0.012101653892698672,9.572408229124633,20.342880193626467,0.07260992335619203,0.0,0.0,0.0,0.0,0.0,0.0,0.0,0.0,0.0,0.0,0.0,0.0,0.0,0.0,0.0,0.0,0.405,0.01051,0.0,0.0,0.0,0.0,0.0,0.0,0.0,0.0,0.0,0.0,0.0,9.674054758800507,20.19556714471969,0.13037809647979143,0.0,0.0,0.0,0.0,0.0,0.0,0.0,0.0,0.0,0.0,0.0,0.0,0.0,0.0,0.0,0.0
40200,4709,2377,0.5047780845190062,1121,970,0.44404332129963897,1351,0.5737948609046507,0.41,2.986277873070326,3.089819009999337,6.527819548872181,2.1866771366089273,9389.322054397519,1521.718299435933,7853.0,10921.604726612568,10896.559341252803,6.994862334859794,7853.0,0.0,28.25037162879592,21.120500940071885,33.24134445286833,19.34575940318449,0.13909534933106818,0.09683584625185815,0.09025270758122744,0.09067742620513909,0.07857294542365682,0.08218305372690593,0.06328307496283712,0.06031004459545551,0.060947122531323,0.05032915693353154,0.04459545551072414,0.04098534720747505,0.03418984922488851,0.02888086642599278,0.01996177532384795,0.010830324909747292,0.008069653854321512,0.9218487828039622,0.0231342800185723,0.0,0.0,0.0,0.0,0.0,0.0,0.0,0.0,0.0,0.0,0.0,0.0,0.0,0.0,0.0,0.0,0.0,0.0,0.0,0.0,0.0,0.0,0.0,0.0,0.0,0.2994266298577193,5.007432575918455,15.366319813123809,8.562327458059038,0.7644935230409855,4.36959370904325,2.893993095040361,nan,nan,nan,4.403520208604954,2.914158776741303,4.3353096179183135,2.8730641537232464,0.9845099857715313,0.4048,0.01069,0.0,0.0,0.0,0.0,0.0,0.0,0.0,0.0,0.0,0.0,0.0,9.887449564663397,20.02973030367382,0.08282013166277344,0.0,0.0,0.0,0.0,0.0,0.0,0.0,0.0,0.0,0.0,0.0,0.0,0.0,0.0,0.0,0.0,nan,nan,4.36959370904325,2.893993095040361,nan,0.4048,0.05057,0.0,0.0,0.0,0.0,0.0,0.0,0.0,0.0,0.0,0.0,0.0,0.0,0.0,0.0,0.0,0.0,0.0,0.0,0.0,0.0,0.0,0.0,0.0005946060734763219,2.1235931195582926e-05,0.0,6.370779358674878e-05,0.0004671904863028244,0.0,0.001603312805266511,0.003939265236780633,0.01981312380547887,0.012253132299851349,0.029252495221915482,0.03605861117009981,0.03800169887449565,0.02613081333616479,0.057167126778509235,0.05057337014228074,0.07892333828838395,0.07968783181142493,0.08725844128265024,0.07270121044807815,0.0426629857719261,0.05717774474410703,0.09575281376088342,0.06312380547887025,0.04624124017838182,0.028700361010830323,0.02306222127840306,0.016447228710978975,0.009088978551709492,0.001921851773200255,0.0029730303673816097,0.013750265449139945,0.0011892121469526439,0.0013697175621150987,0.0009662348693990231,0.0,8.49437247823317e-05,0.0,2.1235931195582926e-05,0.0009556169038012317,0.0,0.0,0.0,0.0,0.0,0.0,0.0,0.0,0.0,0.0,0.0,0.0,0.0,0.0,0.0,0.0,0.0,0.0,0.0,0.0,0.0,0.0,0.0,0.0,0.0,0.0,0.0,0.0,0.0,0.0,0.0,0.0,0.0,0.0,0.0,0.0,0.0,0.0,0.0,nan,nan,4.36959370904325,2.893993095040361,nan,0.9217789464755173,0.02289989279951613,0.0,0.0,0.0,0.0,0.0,0.0,0.0,0.0,0.0,0.0,0.0,0.0,0.0,0.0,0.0,0.0,0.0,0.0,0.0,0.0,0.0,0.0,0.0,0.0,0.0,0.22717711400925542,5.174589819099707,15.14514093395036,8.733697938578041,0.7193941943626422,0.9219199667459491,0.023370556342179924,0.0,0.0,0.0,0.0,0.0,0.0,0.0,0.0,0.0,0.0,0.0,0.0,0.0,0.0,0.0,0.0,0.0,0.0,0.0,0.0,0.0,0.0,0.0,0.0,0.0,0.3730703259005147,4.8370497427101204,15.591766723842198,8.387650085763294,0.8104631217838767,0.405,0.010735,0.0,0.0,0.0,0.0,0.0,0.0,0.0,0.0,0.0,0.0,0.0,9.65502734539334,20.2692469499369,0.0757257046697518,0.0,0.0,0.0,0.0,0.0,0.0,0.0,0.0,0.0,0.0,0.0,0.0,0.0,0.0,0.0,0.0,0.4045,0.010635,0.0,0.0,0.0,0.0,0.0,0.0,0.0,0.0,0.0,0.0,0.0,10.124356775300157,19.785591766723844,0.09005145797598631,0.0,0.0,0.0,0.0,0.0,0.0,0.0,0.0,0.0,0.0,0.0,0.0,0.0,0.0,0.0,0.0
40300,4698,2449,0.5212856534695615,1165,957,0.45168156662409537,1328,0.5653469561515538,0.43,3.0008892841262784,3.161011808272351,6.706161137440758,2.1651213245502174,9439.477881602616,1520.3258668010033,7853.0,10920.116355776787,10896.39448255169,6.8944525180725025,7853.0,0.0,27.726053639846743,20.90168573048613,32.792664289353034,19.130362421045596,0.1447424435930183,0.09578544061302682,0.09344401873137505,0.08939974457215837,0.08450404427415922,0.07343550446998723,0.06896551724137931,0.0604512558535547,0.05640698169433802,0.05704555129842486,0.04682843763303533,0.03554704129416773,0.031715623669646656,0.022562792677735206,0.02064708386547467,0.011281396338867603,0.007237122179650915,0.9213337639942226,0.022871827208076543,0.0,0.0,0.0,0.0,0.0,0.0,0.0,0.0,0.0,0.0,0.0,0.0,0.0,0.0,0.0,0.0,0.0,0.0,0.0,0.0,0.0,0.0,0.0,0.0,0.0,0.25542784163473825,5.166028097062581,15.446998722860794,8.409961685823756,0.7215836526181356,4.272487644151565,2.960790040960569,nan,nan,nan,4.203197868087941,2.958183429182228,4.340286831812255,2.961769692113578,1.0326153961880165,0.4048,0.01057,0.0,0.0,0.0,0.0,0.0,0.0,0.0,0.0,0.0,0.0,0.0,9.999999999999986,19.865900383141767,0.13409961685823757,0.0,0.0,0.0,0.0,0.0,0.0,0.0,0.0,0.0,0.0,0.0,0.0,0.0,0.0,0.0,0.0,nan,nan,4.272487644151565,2.960790040960569,nan,0.4048,0.05057,0.0,0.0,0.0,0.0,0.0,0.0,0.0,0.0,0.0,0.0,0.0,0.0,0.0,0.0,0.0,0.0,0.0,0.0,0.0,0.0,0.0,0.0,0.0005214985100042572,0.0,0.0,3.192848020434228e-05,0.0004895700297999149,0.0,0.001713495104299702,0.003703703703703704,0.02080672626649638,0.012143465304384845,0.02977862920391656,0.035578969774372075,0.03801617709663686,0.025351213282247764,0.0561409110259685,0.04998935717326522,0.08095998297147722,0.0770966368667518,0.08587696892294594,0.07501064282673478,0.04200723712217965,0.06154746700723712,0.0965730097914006,0.06151553852703278,0.04688165176670924,0.027905491698595148,0.022669220945083016,0.01532567049808429,0.008631332481907195,0.0021285653469561515,0.0026607066836951895,0.014506172839506172,0.0008407833120476799,0.0012132822477650064,0.0009578544061302681,0.0,7.449978714346531e-05,0.0,1.0642826734780758e-05,0.0013409961685823754,0.0,0.0,0.0,0.0,0.0,0.0,0.0,0.0,0.0,0.0,0.0,0.0,0.0,0.0,0.0,0.0,0.0,0.0,0.0,0.0,0.0,0.0,0.0,0.0,0.0,0.0,0.0,0.0,0.0,0.0,0.0,0.0,0.0,0.0,0.0,0.0,0.0,0.0,0.0,nan,nan,4.272487644151565,2.960790040960569,nan,0.9212968936741425,0.0228326582201086,0.0,0.0,0.0,0.0,0.0,0.0,0.0,0.0,0.0,0.0,0.0,0.0,0.0,0.0,0.0,0.0,0.0,0.0,0.0,0.0,0.0,0.0,0.0,0.0,0.0,0.2572478562678645,5.206206614944877,15.43487137607187,8.378930175581871,0.7227439771335241,0.9213739131333405,0.022914335807884285,0.0,0.0,0.0,0.0,0.0,0.0,0.0,0.0,0.0,0.0,0.0,0.0,0.0,0.0,0.0,0.0,0.0,0.0,0.0,0.0,0.0,0.0,0.0,0.0,0.0,0.25344597598932866,5.122276567363273,15.460204535349048,8.443752779012897,0.7203201422854604,0.405,0.0105,0.0,0.0,0.0,0.0,0.0,0.0,0.0,0.0,0.0,0.0,0.0,9.971416904859112,19.955083707635772,0.07349938750510414,0.0,0.0,0.0,0.0,0.0,0.0,0.0,0.0,0.0,0.0,0.0,0.0,0.0,0.0,0.0,0.0,0.4045,0.01064,0.0,0.0,0.0,0.0,0.0,0.0,0.0,0.0,0.0,0.0,0.0,10.031124944419728,19.768786127167633,0.20008892841262788,0.0,0.0,0.0,0.0,0.0,0.0,0.0,0.0,0.0,0.0,0.0,0.0,0.0,0.0,0.0,0.0
40400,4824,2482,0.5145107794361525,1152,971,0.4400912106135987,1329,0.5509950248756219,0.43,2.950469684030743,3.1276742261020747,6.646604938271605,2.1893656174538765,9418.935257684161,1521.1382242044017,7853.0,10921.129373192787,10896.542176901045,6.932244333021303,7853.0,0.0,27.734452736318406,20.87755919683266,32.54406696208764,19.25029885253248,0.13619402985074627,0.1084162520729685,0.09494195688225539,0.08644278606965174,0.08478441127694859,0.07649253731343283,0.06135986733001658,0.06446932006633499,0.0538971807628524,0.04892205638474295,0.04705638474295191,0.04187396351575456,0.036069651741293535,0.024253731343283583,0.01782752902155887,0.009742951907131012,0.007255389718076285,0.9218927571305984,0.022855498539972565,0.0,0.0,0.0,0.0,0.0,0.0,0.0,0.0,0.0,0.0,0.0,0.0,0.0,0.0,0.0,0.0,0.0,0.0,0.0,0.0,0.0,0.0,0.0,0.0,0.0,0.2611940298507463,4.707711442786071,15.920398009950251,8.376865671641793,0.7338308457711444,4.245283018867925,2.8958867810158693,nan,nan,nan,4.259909031838856,2.8814610296755636,4.230618892508144,2.910204545465987,0.9931242336134889,0.4045,0.01047,0.0,0.0,0.0,0.0,0.0,0.0,0.0,0.0,0.0,0.0,0.006218905472636817,9.999999999999986,19.906716417910452,0.08706467661691544,0.0,0.0,0.0,0.0,0.0,0.0,0.0,0.0,0.0,0.0,0.0,0.0,0.0,0.0,0.0,0.0,nan,nan,4.245283018867925,2.8958867810158693,nan,0.4045,0.05063,0.0,0.0,0.0,0.0,0.0,0.0,0.0,0.0,0.0,0.0,0.0,0.0,0.0,0.0,0.0,0.0,0.0,0.0,0.0,0.0,0.0,1.0364842454394693e-05,0.0005804311774461028,0.0,0.0,0.0,0.0007151741293532338,0.0,0.0015650912106135986,0.004467247097844113,0.021890547263681594,0.011390961857379768,0.03025497512437811,0.035323383084577116,0.03775912106135987,0.02535240464344942,0.057234660033167496,0.049471393034825874,0.0812603648424544,0.07666873963515755,0.08364427860696518,0.0749792703150912,0.042392205638474297,0.06318407960199005,0.09328358208955224,0.06439676616915423,0.04713930348258707,0.026938225538971808,0.022077114427860697,0.016138059701492537,0.008592454394693201,0.002601575456053068,0.0022180762852404643,0.014614427860696517,0.0007566334991708126,0.0008188225538971808,0.0011401326699834163,0.0,8.291873963515754e-05,0.0,0.0,0.0010572139303482587,0.0,0.0,0.0,0.0,0.0,0.0,0.0,0.0,0.0,0.0,0.0,0.0,0.0,0.0,0.0,0.0,0.0,0.0,0.0,0.0,0.0,0.0,0.0,0.0,0.0,0.0,0.0,0.0,0.0,0.0,0.0,0.0,0.0,0.0,0.0,0.0,0.0,0.0,0.0,nan,nan,4.245283018867925,2.8958867810158693,nan,0.9223684834723123,0.022824323382564647,0.0,0.0,0.0,0.0,0.0,0.0,0.0,0.0,0.0,0.0,0.0,0.0,0.0,0.0,0.0,0.0,0.0,0.0,0.0,0.0,0.0,0.0,0.0,0.0,0.0,0.24174053182917007,4.6897663174858994,15.809830781627722,8.545527800161162,0.7131345688960518,0.9213885928350671,0.02287769637931207,0.0,0.0,0.0,0.0,0.0,0.0,0.0,0.0,0.0,0.0,0.0,0.0,0.0,0.0,0.0,0.0,0.0,0.0,0.0,0.0,0.0,0.0,0.0,0.0,0.0,0.28181041844577287,4.7267292912041,16.03757472245944,8.198121263877029,0.7557643040136637,0.4045,0.010376,0.0,0.0,0.0,0.0,0.0,0.0,0.0,0.0,0.0,0.0,0.012087026591458504,10.044319097502,19.858984689766324,0.08460918614020953,0.0,0.0,0.0,0.0,0.0,0.0,0.0,0.0,0.0,0.0,0.0,0.0,0.0,0.0,0.0,0.0,0.4048,0.01056,0.0,0.0,0.0,0.0,0.0,0.0,0.0,0.0,0.0,0.0,0.0,9.95303159692569,19.957301451750645,0.08966695132365501,0.0,0.0,0.0,0.0,0.0,0.0,0.0,0.0,0.0,0.0,0.0,0.0,0.0,0.0,0.0,0.0
40500,4929,2548,0.5169405558936904,1275,1016,0.46480016230472715,1407,0.5709068776628119,0.35799999999999993,2.7799244015119697,2.981158837788492,6.298529411764706,2.1599286921140015,9426.141966952868,1520.724012880717,7853.0,10928.082533478737,10896.177690388808,7.177893976741743,7853.0,0.0,28.306350172448774,20.493997613202104,33.04743651173934,18.672425261820802,0.13451004260499086,0.09454250355041591,0.08602150537634409,0.08703590992087644,0.08358693446946643,0.08054372083586935,0.06877662811929397,0.06593629539460337,0.060255629945222156,0.05599513085818624,0.05254615540677622,0.04747413268411443,0.02982349360925137,0.020693852708460133,0.014201663623453034,0.011969973625481842,0.006086427267194157,0.9218674452170854,0.023116716059725744,0.0,0.0,0.0,0.0,0.0,0.0,0.0,0.0,0.0,0.0,0.0,0.0,0.0,0.0,0.0,0.0,0.0,0.0,0.0,0.0,0.0,0.0,0.0,0.0,0.0060864272671941584,0.27388922702373714,5.027388922702375,15.483870967741938,8.502738892270239,0.7060255629945223,3.9313725490196076,2.804966896877711,nan,nan,nan,3.8824242424242423,2.7443816219113977,3.9820210787352757,2.865498922343406,1.025653259430722,0.4038,0.01052,0.0,0.0,0.0,0.0,0.0,0.0,0.0,0.0,0.0,0.0,0.0,10.937309799147885,19.01399878271455,0.04869141813755327,0.0,0.0,0.0,0.0,0.0,0.0,0.0,0.0,0.0,0.0,0.0,0.0,0.0,0.0,0.0,0.0,nan,nan,3.9313725490196076,2.804966896877711,nan,0.4038,0.05054,0.0,0.0,0.0,0.0,0.0,0.0,0.0,0.0,0.0,0.0,0.0,0.0,0.0,0.0,0.0,0.0,0.0,0.0,0.0,0.0,0.0,0.0,0.000476770135930209,0.0,0.0,1.0144045445323596e-05,0.0007202272266179753,1.0144045445323596e-05,0.002008520998174072,0.00375329681476973,0.022682085615743558,0.011696084398458106,0.030229255427064314,0.03558531142219517,0.03804017041996348,0.02847433556502333,0.05694867113004666,0.04966524650030432,0.08420572124163116,0.0789815378372895,0.08388111178738081,0.07407181984175289,0.04139784946236559,0.06043822276323798,0.09124568878068574,0.06592615134915804,0.04603367823087848,0.02533982552241834,0.021069182389937106,0.017457902211401907,0.008277541083384054,0.0025360113613308987,0.0016839115439237168,0.01303509839724082,0.0006897950902820044,0.0009738283627510651,0.0008216676810712112,0.0,0.00015216068167985393,0.0,0.0,0.0014810306350172449,0.0,0.0,0.0,0.0,0.0,0.0,0.0,0.0,0.0,0.0,0.0,0.0,0.0,0.0,0.0,0.0,0.0,0.0,0.0,0.0,0.0,0.0,0.0,0.0,0.0,0.0,0.0,0.0,0.0,0.0,0.0,0.0,0.0,0.0,0.0,0.0,0.0,0.0,0.0,nan,nan,3.9313725490196076,2.804966896877711,nan,0.9217999108966142,0.02335249056311464,0.0,0.0,0.0,0.0,0.0,0.0,0.0,0.0,0.0,0.0,0.0,0.0,0.0,0.0,0.0,0.0,0.0,0.0,0.0,0.0,0.0,0.0,0.0,0.0,0.01177394034536892,0.27080062794348514,4.89795918367347,15.765306122448983,8.253532182103612,0.8006279434850865,0.9219397163000591,0.022861490482670575,0.0,0.0,0.0,0.0,0.0,0.0,0.0,0.0,0.0,0.0,0.0,0.0,0.0,0.0,0.0,0.0,0.0,0.0,0.0,0.0,0.0,0.0,0.0,0.0,0.0,0.27719445611087784,5.16589668206636,15.182696346073081,8.769424611507771,0.6047879042419153,0.4038,0.01059,0.0,0.0,0.0,0.0,0.0,0.0,0.0,0.0,0.0,0.0,0.0,11.279434850863407,18.673469387755105,0.04709576138147568,0.0,0.0,0.0,0.0,0.0,0.0,0.0,0.0,0.0,0.0,0.0,0.0,0.0,0.0,0.0,0.0,0.4038,0.01046,0.0,0.0,0.0,0.0,0.0,0.0,0.0,0.0,0.0,0.0,0.0,10.57118857622846,19.378412431751368,0.05039899202015961,0.0,0.0,0.0,0.0,0.0,0.0,0.0,0.0,0.0,0.0,0.0,0.0,0.0,0.0,0.0,0.0
40600,4300,2261,0.5258139534883721,1076,861,0.45046511627906977,1178,0.5479069767441861,0.438,3.112800392349191,3.1510957722427047,6.69485903814262,2.023024213938011,9453.077283229883,1519.5031932874822,7853.0,10918.955503463745,10896.048349353603,6.858135908511432,7853.0,0.0,28.445813953488372,21.10225588431832,33.347478644254615,19.316017261638432,0.13790697674418603,0.09348837209302326,0.09372093023255813,0.08465116279069768,0.08116279069767442,0.07720930232558139,0.06790697674418604,0.06348837209302326,0.05511627906976744,0.05767441860465116,0.048604651162790696,0.039767441860465116,0.03162790697674418,0.02767441860465116,0.019767441860465116,0.011162790697674419,0.009069767441860464,0.9216822743970294,0.022948941052357667,0.0,0.0,0.0,0.0,0.0,0.0,0.0,0.0,0.0,0.0,0.0,0.0,0.0,0.0,0.0,0.0,0.0,0.0,0.0,0.0,0.0,0.0,0.0,0.0,0.0,0.29302325581395355,4.800000000000001,15.879069767441864,8.274418604651164,0.7534883720930234,4.283428165007113,2.936811282568239,nan,nan,nan,4.301980198019802,2.921419514033725,4.264663805436338,2.952178991086727,0.9913257637492984,0.4033,0.010506,0.0,0.0,0.0,0.0,0.0,0.0,0.0,0.0,0.0,0.0,0.0,11.70697674418603,18.237209302325585,0.055813953488372106,0.0,0.0,0.0,0.0,0.0,0.0,0.0,0.0,0.0,0.0,0.0,0.0,0.0,0.0,0.0,0.0,nan,nan,4.283428165007113,2.936811282568239,nan,0.4033,0.05048,0.0,0.0,0.0,0.0,0.0,0.0,0.0,0.0,0.0,0.0,0.0,0.0,0.0,0.0,0.0,0.0,0.0,0.0,0.0,0.0,0.0,0.0,0.0006395348837209302,0.0,0.0,0.0,0.0007558139534883721,0.0,0.0015813953488372093,0.004093023255813954,0.022290697674418606,0.011569767441860465,0.030744186046511628,0.03558139534883721,0.03916279069767442,0.026465116279069768,0.058755813953488376,0.05291860465116279,0.08341860465116278,0.07898837209302326,0.08290697674418605,0.07555813953488372,0.041441860465116276,0.05852325581395349,0.09187209302325582,0.06166279069767442,0.048476744186046514,0.026709302325581396,0.021465116279069767,0.016372093023255815,0.008081395348837209,0.0024069767441860465,0.0015116279069767441,0.011872093023255814,0.0005348837209302326,0.0009069767441860465,0.0007441860465116279,0.0,0.00018604651162790697,0.0,0.0,0.0018023255813953488,0.0,0.0,0.0,0.0,0.0,0.0,0.0,0.0,0.0,0.0,0.0,0.0,0.0,0.0,0.0,0.0,0.0,0.0,0.0,0.0,0.0,0.0,0.0,0.0,0.0,0.0,0.0,0.0,0.0,0.0,0.0,0.0,0.0,0.0,0.0,0.0,0.0,0.0,0.0,nan,nan,4.283428165007113,2.936811282568239,nan,0.9216154804803375,0.02292512670216044,0.0,0.0,0.0,0.0,0.0,0.0,0.0,0.0,0.0,0.0,0.0,0.0,0.0,0.0,0.0,0.0,0.0,0.0,0.0,0.0,0.0,0.0,0.0,0.0,0.0,0.30517470145953124,4.86952675807165,15.736399823087133,8.425475453339232,0.6634232640424592,0.9217563406283391,0.02297509232492347,0.0,0.0,0.0,0.0,0.0,0.0,0.0,0.0,0.0,0.0,0.0,0.0,0.0,0.0,0.0,0.0,0.0,0.0,0.0,0.0,0.0,0.0,0.0,0.0,0.0,0.2795487984306033,4.722903384011771,16.037273173124085,8.106915154487496,0.8533594899460523,0.4036,0.01047,0.0,0.0,0.0,0.0,0.0,0.0,0.0,0.0,0.0,0.0,0.0,11.490490933215375,18.456435205661215,0.05307386112339674,0.0,0.0,0.0,0.0,0.0,0.0,0.0,0.0,0.0,0.0,0.0,0.0,0.0,0.0,0.0,0.0,0.4033,0.010544,0.0,0.0,0.0,0.0,0.0,0.0,0.0,0.0,0.0,0.0,0.0,11.94703285924471,17.994114762138306,0.05885237861696912,0.0,0.0,0.0,0.0,0.0,0.0,0.0,0.0,0.0,0.0,0.0,0.0,0.0,0.0,0.0,0.0
40700,4432,2279,0.5142148014440433,1071,903,0.4453971119133574,1231,0.5555054151624549,0.438,2.977241058987459,3.2106624507906525,6.981099656357388,2.1066055888341078,9417.83750248882,1520.9728758915037,7853.0,10918.21743518114,10896.159197468383,7.008832526816569,7853.0,0.0,27.077617328519857,20.530780029480262,32.13062330623306,18.79225348941434,0.1473375451263538,0.09972924187725632,0.09927797833935018,0.08641696750902528,0.08235559566787004,0.07739169675090253,0.06859205776173286,0.056407942238267145,0.06182310469314079,0.05144404332129964,0.04963898916967509,0.03316787003610108,0.030685920577617327,0.02414259927797834,0.016696750902527077,0.00947653429602888,0.005415162454873646,0.921426790594947,0.022624595234252153,0.0,0.0,0.0,0.0,0.0,0.0,0.0,0.0,0.0,0.0,0.0,0.0,0.0,0.0,0.0,0.0,0.0,0.0,0.0,0.0,0.0,0.0,0.0,0.0,0.0,0.25722021660649824,5.09702166064982,15.439981949458486,8.562725631768954,0.6430505415162456,4.43015759312321,3.0220287647242157,nan,nan,nan,4.419331911869225,3.0488319237866275,4.44115523465704,2.994514136036137,1.0049381497527268,0.4033,0.01084,0.0,0.0,0.0,0.0,0.0,0.0,0.0,0.0,0.0,0.0,0.006768953068592059,11.365072202166049,18.57400722021661,0.054151624548736475,0.0,0.0,0.0,0.0,0.0,0.0,0.0,0.0,0.0,0.0,0.0,0.0,0.0,0.0,0.0,0.0,nan,nan,4.43015759312321,3.0220287647242157,nan,0.4033,0.05072,0.0,0.0,0.0,0.0,0.0,0.0,0.0,0.0,0.0,0.0,0.0,0.0,0.0,0.0,0.0,0.0,0.0,0.0,0.0,0.0,0.0,0.0,0.0007220216606498195,0.0,0.0,0.0,0.0007220216606498195,0.0,0.002154783393501805,0.004298285198555957,0.023115974729241876,0.011586191335740072,0.03039259927797834,0.03463447653429603,0.03973375451263538,0.029580324909747293,0.05815658844765343,0.052775270758122744,0.07968185920577617,0.08149819494584838,0.07748194945848376,0.07264214801444044,0.041189079422382674,0.060085740072202166,0.09574684115523466,0.0643163357400722,0.051297382671480145,0.026207129963898918,0.019235108303249097,0.014993231046931408,0.00779557761732852,0.0019291516245487366,0.0020532490974729243,0.011033393501805055,0.00046254512635379063,0.0011168772563176896,0.0008348375451263538,0.0,0.00039485559566787,0.0,0.0,0.002132220216606498,0.0,0.0,0.0,0.0,0.0,0.0,0.0,0.0,0.0,0.0,0.0,0.0,0.0,0.0,0.0,0.0,0.0,0.0,0.0,0.0,0.0,0.0,0.0,0.0,0.0,0.0,0.0,0.0,0.0,0.0,0.0,0.0,0.0,0.0,0.0,0.0,0.0,0.0,0.0,nan,nan,4.43015759312321,3.0220287647242157,nan,0.9220258549620782,0.022874973693078764,0.0,0.0,0.0,0.0,0.0,0.0,0.0,0.0,0.0,0.0,0.0,0.0,0.0,0.0,0.0,0.0,0.0,0.0,0.0,0.0,0.0,0.0,0.0,0.0,0.0,0.2632733655111892,4.975866608161475,15.256691531373413,8.806494076349278,0.6976744186046514,0.920792667189145,0.022339013046037613,0.0,0.0,0.0,0.0,0.0,0.0,0.0,0.0,0.0,0.0,0.0,0.0,0.0,0.0,0.0,0.0,0.0,0.0,0.0,0.0,0.0,0.0,0.0,0.0,0.0,0.2508128193218765,5.22526706920576,15.633999071063636,8.304691128657689,0.5852299117510451,0.4036,0.01094,0.0,0.0,0.0,0.0,0.0,0.0,0.0,0.0,0.0,0.0,0.0,11.584028082492305,18.350153576129884,0.0658183413777973,0.0,0.0,0.0,0.0,0.0,0.0,0.0,0.0,0.0,0.0,0.0,0.0,0.0,0.0,0.0,0.0,0.4033,0.01074,0.0,0.0,0.0,0.0,0.0,0.0,0.0,0.0,0.0,0.0,0.013934045517882028,11.13330236878772,18.810961449140738,0.041802136553646084,0.0,0.0,0.0,0.0,0.0,0.0,0.0,0.0,0.0,0.0,0.0,0.0,0.0,0.0,0.0,0.0
40800,4810,2484,0.5164241164241165,1205,992,0.45675675675675675,1356,0.5638253638253639,0.40599999999999997,2.8890799656061907,3.0630647569970426,6.659016393442623,2.11127939218437,9424.713808747885,1520.9151655142603,7853.0,10919.686406195164,10896.455483122916,7.126572485278832,7853.0,0.0,27.483783783783785,20.516811397586725,32.3727385377943,18.783837876293124,0.13970893970893972,0.09896049896049897,0.09563409563409564,0.08835758835758836,0.083991683991684,0.07775467775467776,0.07068607068607069,0.06590436590436591,0.056133056133056136,0.05072765072765073,0.04698544698544699,0.03617463617463618,0.03451143451143451,0.023076923076923078,0.016424116424116425,0.009355509355509356,0.005613305613305614,0.9222054700098018,0.022734717745424744,0.0,0.0,0.0,0.0,0.0,0.0,0.0,0.0,0.0,0.0,0.0,0.0,0.0,0.0,0.0,0.0,0.0,0.0,0.0,0.0,0.0,0.0,0.0,0.0,0.0,0.2120582120582121,4.6964656964656974,15.879417879417883,8.419958419958421,0.7920997920997923,4.195932859909619,2.851390697019272,nan,nan,nan,4.2306684141546524,2.8751664967707615,4.162213740458015,2.827711324277971,0.9838194188257329,0.4048,0.01073,0.0,0.0,0.0,0.0,0.0,0.0,0.0,0.0,0.0,0.0,0.012474012474012476,10.010395010394996,19.8960498960499,0.0810810810810811,0.0,0.0,0.0,0.0,0.0,0.0,0.0,0.0,0.0,0.0,0.0,0.0,0.0,0.0,0.0,0.0,nan,nan,4.195932859909619,2.851390697019272,nan,0.4048,0.05072,0.0,0.0,0.0,0.0,0.0,0.0,0.0,0.0,0.0,0.0,0.0,0.0,0.0,0.0,0.0,0.0,0.0,0.0,0.0,0.0,0.0,0.0,0.0005093555093555093,0.0,0.0,0.0,0.0005405405405405405,7.276507276507276e-05,0.0016112266112266113,0.004251559251559252,0.023097713097713097,0.009989604989604989,0.029365904365904368,0.034480249480249484,0.03818087318087318,0.029823284823284824,0.05875259875259875,0.05025987525987526,0.07783783783783783,0.0808108108108108,0.0761018711018711,0.06539501039501039,0.0466008316008316,0.061185031185031186,0.09524948024948025,0.07064449064449065,0.05203742203742204,0.030207900207900207,0.020135135135135134,0.015675675675675675,0.008056133056133057,0.001185031185031185,0.002661122661122661,0.010446985446985448,0.0003846153846153846,0.0008316008316008316,0.0006964656964656965,2.079002079002079e-05,0.0005093555093555093,0.0,0.0,0.0023804573804573803,1.0395010395010395e-05,0.0,0.0,0.0,0.0,0.0,0.0,0.0,0.0,0.0,0.0,0.0,0.0,0.0,0.0,0.0,0.0,0.0,0.0,0.0,0.0,0.0,0.0,0.0,0.0,0.0,0.0,0.0,0.0,0.0,0.0,0.0,0.0,0.0,0.0,0.0,0.0,0.0,0.0,nan,nan,4.195932859909619,2.851390697019272,nan,0.9219610821605688,0.022957896694756046,0.0,0.0,0.0,0.0,0.0,0.0,0.0,0.0,0.0,0.0,0.0,0.0,0.0,0.0,0.0,0.0,0.0,0.0,0.0,0.0,0.0,0.0,0.0,0.0,0.0,0.2536231884057972,4.758454106280194,15.483091787439616,8.743961352657006,0.7608695652173915,0.9224664585813815,0.02249100179042147,0.0,0.0,0.0,0.0,0.0,0.0,0.0,0.0,0.0,0.0,0.0,0.0,0.0,0.0,0.0,0.0,0.0,0.0,0.0,0.0,0.0,0.0,0.0,0.0,0.0,0.1676698194325022,4.630266552020637,16.302665520206364,8.073946689595875,0.8254514187446261,0.4045,0.010796,0.0,0.0,0.0,0.0,0.0,0.0,0.0,0.0,0.0,0.0,0.024154589371980683,9.999999999999986,19.84299516908213,0.13285024154589375,0.0,0.0,0.0,0.0,0.0,0.0,0.0,0.0,0.0,0.0,0.0,0.0,0.0,0.0,0.0,0.0,0.4048,0.01065,0.0,0.0,0.0,0.0,0.0,0.0,0.0,0.0,0.0,0.0,0.0,10.02149613069646,19.95270851246776,0.025795356835769567,0.0,0.0,0.0,0.0,0.0,0.0,0.0,0.0,0.0,0.0,0.0,0.0,0.0,0.0,0.0,0.0
40900,4833,2505,0.5183116076970825,1172,981,0.44547899855162426,1356,0.5611421477343265,0.434,3.024484536082474,3.1622507903007047,6.7236641221374045,2.1688225271703616,9430.418999253667,1520.6777935653217,7853.0,10918.175333440304,10896.379650057075,7.186566941872315,7853.0,0.0,27.89592385681771,20.84880319345989,32.85112151836332,19.086082626133823,0.13925098282640183,0.10097248086074902,0.08979929650320712,0.08876474239602732,0.08317815021725636,0.07986757707428098,0.06517690875232775,0.05917649493068487,0.06000413821642872,0.05193461618042624,0.046761845644527206,0.04365818332298779,0.029381336643906478,0.02648458514380302,0.018208152286364576,0.010966273536105938,0.006414235464514794,0.9217616791511061,0.023278331316092974,0.0,0.0,0.0,0.0,0.0,0.0,0.0,0.0,0.0,0.0,0.0,0.0,0.0,0.0,0.0,0.0,0.0,0.0,0.0,0.0,0.0,0.0,0.0,0.0,0.006207324643078834,0.2545003103662322,5.015518311607698,15.28864059590317,8.665425201738053,0.7697082557417755,4.342544987146529,2.9424016039849095,nan,nan,nan,4.368950345694532,2.980602083271783,4.317105263157894,2.901355770102857,0.9881332863881759,0.4045,0.010544,0.0,0.0,0.0,0.0,0.0,0.0,0.0,0.0,0.0,0.0,0.006207324643078834,10.074487895716931,19.819987585350717,0.09931719428926135,0.0,0.0,0.0,0.0,0.0,0.0,0.0,0.0,0.0,0.0,0.0,0.0,0.0,0.0,0.0,0.0,nan,nan,4.342544987146529,2.9424016039849095,nan,0.4045,0.0502,0.0,0.0,0.0,0.0,0.0,0.0,0.0,0.0,0.0,0.0,0.0,0.0,0.0,0.0,0.0,0.0,0.0,0.0,0.0,0.0,0.0,0.0,0.00022760190357955722,0.0,0.0,3.1036623215394166e-05,0.0006103869232360852,6.207324643078833e-05,0.0013656114214773433,0.004479619284088558,0.020773846472170496,0.009704117525346575,0.027829505483136768,0.03468859921373888,0.03788537140492448,0.030695220360024828,0.06297330850403476,0.04957583281605628,0.07750879370991103,0.08114007862611214,0.07880198634388579,0.06789778605421064,0.04817918477136354,0.06000413821642872,0.0930891785640389,0.06878750258638527,0.053155390026898404,0.029008897165321745,0.019087523277467412,0.015063107800537968,0.008183322987792261,0.001500103455410718,0.0030933167804676185,0.009828264018208152,0.00032071177322573973,0.0007138423339540658,0.0006931512518104696,0.0,0.0005069315125181047,0.0,0.0,0.0025346575625905233,0.0,0.0,0.0,0.0,0.0,0.0,0.0,0.0,0.0,0.0,0.0,0.0,0.0,0.0,0.0,0.0,0.0,0.0,0.0,0.0,0.0,0.0,0.0,0.0,0.0,0.0,0.0,0.0,0.0,0.0,0.0,0.0,0.0,0.0,0.0,0.0,0.0,0.0,0.0,nan,nan,4.342544987146529,2.9424016039849095,nan,0.921608228574018,0.023662488460320177,0.0,0.0,0.0,0.0,0.0,0.0,0.0,0.0,0.0,0.0,0.0,0.0,0.0,0.0,0.0,0.0,0.0,0.0,0.0,0.0,0.0,0.0,0.0,0.0,0.0,0.3113772455089821,5.113772455089822,15.137724550898206,8.65868263473054,0.7784431137724552,0.9219267967179469,0.022856605548164717,0.0,0.0,0.0,0.0,0.0,0.0,0.0,0.0,0.0,0.0,0.0,0.0,0.0,0.0,0.0,0.0,0.0,0.0,0.0,0.0,0.0,0.0,0.0,0.0,0.012886597938144333,0.193298969072165,4.909793814432991,15.451030927835054,8.672680412371136,0.7603092783505156,0.4048,0.010414,0.0,0.0,0.0,0.0,0.0,0.0,0.0,0.0,0.0,0.0,0.0,9.88023952095807,20.03592814371258,0.08383233532934134,0.0,0.0,0.0,0.0,0.0,0.0,0.0,0.0,0.0,0.0,0.0,0.0,0.0,0.0,0.0,0.0,0.4045,0.01067,0.0,0.0,0.0,0.0,0.0,0.0,0.0,0.0,0.0,0.0,0.012886597938144333,10.283505154639162,19.587628865979383,0.11597938144329899,0.0,0.0,0.0,0.0,0.0,0.0,0.0,0.0,0.0,0.0,0.0,0.0,0.0,0.0,0.0,0.0
41000,4855,2501,0.5151390319258496,1226,991,0.45664263645726055,1349,0.5557157569515963,0.434,3.0033984706881904,3.207889913048335,6.839622641509434,2.2638954258335353,9420.846206790939,1521.0804317641353,7853.0,10919.1654343009,10896.539917620956,6.951463806631991,7853.0,0.0,27.62615859938208,20.60412244083015,32.55945945945946,18.848504465668803,0.13985581874356334,0.1015447991761071,0.09207003089598352,0.09227600411946447,0.07888774459320289,0.07579814624098867,0.06838311019567456,0.06405767250257466,0.05973223480947477,0.05252317198764161,0.04654994850669413,0.03810504634397528,0.03419155509783728,0.024098867147270855,0.016065911431513903,0.010916580844490216,0.004943357363542739,0.9218402718908386,0.02291379880396165,0.0,0.0,0.0,0.0,0.0,0.0,0.0,0.0,0.0,0.0,0.0,0.0,0.0,0.0,0.0,0.0,0.0,0.0,0.0,0.0,0.0,0.0,0.0,0.0,0.0,0.22863027806385175,4.943357363542741,15.454170957775492,8.576725025746654,0.797116374871267,4.2581469648562305,3.010918217943248,nan,nan,nan,4.265345268542199,2.9934798833023626,4.2492012779552715,3.028386626592807,0.9962150800063027,0.405,0.01071,0.0,0.0,0.0,0.0,0.0,0.0,0.0,0.0,0.0,0.0,0.0,9.682801235839328,20.150360453141094,0.1668383110195675,0.0,0.0,0.0,0.0,0.0,0.0,0.0,0.0,0.0,0.0,0.0,0.0,0.0,0.0,0.0,0.0,nan,nan,4.2581469648562305,3.010918217943248,nan,0.405,0.0503,0.0,0.0,0.0,0.0,0.0,0.0,0.0,0.0,0.0,0.0,0.0,0.0,0.0,0.0,0.0,0.0,0.0,0.0,0.0,0.0,0.0,0.0,0.00011328527291452111,0.0,0.0,0.0,0.0003913491246138002,5.149330587023687e-05,0.0010813594232749742,0.005798146240988671,0.01934088568486097,0.009773429454170958,0.02855818743563337,0.03433573635427394,0.03742533470648816,0.031956745623069,0.06434603501544799,0.04496395468589084,0.07686920700308959,0.07764160659114315,0.07713697219361483,0.0717198764160659,0.04812564366632338,0.06243048403707518,0.09721936148300721,0.06735324407826983,0.05216271884654995,0.02858908341915551,0.01973223480947477,0.014191555097837281,0.00854788877445932,0.001709577754891864,0.0030484037075180228,0.010267765190525231,0.0003913491246138002,0.0008444902162718847,0.0006076210092687951,0.0,0.0007209062821833162,0.0,0.0,0.0025540679711637485,0.0,0.0,0.0,0.0,0.0,0.0,0.0,0.0,0.0,0.0,0.0,0.0,0.0,0.0,0.0,0.0,0.0,0.0,0.0,0.0,0.0,0.0,0.0,0.0,0.0,0.0,0.0,0.0,0.0,0.0,0.0,0.0,0.0,0.0,0.0,0.0,0.0,0.0,0.0,nan,nan,4.2581469648562305,3.010918217943248,nan,0.9216704796381542,0.022943041299266945,0.0,0.0,0.0,0.0,0.0,0.0,0.0,0.0,0.0,0.0,0.0,0.0,0.0,0.0,0.0,0.0,0.0,0.0,0.0,0.0,0.0,0.0,0.0,0.0,0.0,0.3238704518192724,4.786085565773691,15.593762495002002,8.528588564574171,0.7676929228308679,0.9220206671431598,0.022881308872387845,0.0,0.0,0.0,0.0,0.0,0.0,0.0,0.0,0.0,0.0,0.0,0.0,0.0,0.0,0.0,0.0,0.0,0.0,0.0,0.0,0.0,0.0,0.0,0.0,0.0,0.12744265080713682,5.110450297366186,15.305862361937132,8.627867459643163,0.8283772302463893,0.4053,0.01074,0.0,0.0,0.0,0.0,0.0,0.0,0.0,0.0,0.0,0.0,0.0,9.620151939224296,20.235905637744906,0.14394242303078772,0.0,0.0,0.0,0.0,0.0,0.0,0.0,0.0,0.0,0.0,0.0,0.0,0.0,0.0,0.0,0.0,0.4048,0.01067,0.0,0.0,0.0,0.0,0.0,0.0,0.0,0.0,0.0,0.0,0.0,9.74936278674595,20.059473237043335,0.19116397621070524,0.0,0.0,0.0,0.0,0.0,0.0,0.0,0.0,0.0,0.0,0.0,0.0,0.0,0.0,0.0,0.0
41100,4546,2441,0.5369555653321602,1120,881,0.44016717993840737,1243,0.546854377474703,0.426,3.069833729216152,3.0547447181424356,6.300153139356815,2.1445361266717806,9487.272524614706,1517.64126354568,7853.0,10921.802142500877,10896.589879925625,7.008209025556824,7853.0,0.0,29.195996480422348,21.426474033661393,34.18359375,19.56359532613985,0.134843818741751,0.0950285965684118,0.09238891333040035,0.08007039155301364,0.07369115706115266,0.07259128904531456,0.06577210734711834,0.06907171139463264,0.05829300483941927,0.05587329520457545,0.04839419269687637,0.04267487901451826,0.04179498460184778,0.029476462824461064,0.02089749230092389,0.010558732952045754,0.008578970523537175,0.9216284366939963,0.022959422310550082,0.0,0.0,0.0,0.0,0.0,0.0,0.0,0.0,0.0,0.0,0.0,0.0,0.0,0.0,0.0,0.0,0.0,0.0,0.0,0.0,0.0,0.0,0.0,0.0,0.0,0.2837659480862297,4.98900131984162,15.640123185217776,8.407391113066433,0.6797184337879456,4.184254606365159,2.84370414338563,nan,nan,nan,4.224711473183978,2.866410158684786,4.14484126984127,2.820850157262057,0.9810945187973952,0.4053,0.01035,0.0,0.0,0.0,0.0,0.0,0.0,0.0,0.0,0.0,0.0,0.0,9.278486581610194,20.642322921249452,0.07919049714034317,0.0,0.0,0.0,0.0,0.0,0.0,0.0,0.0,0.0,0.0,0.0,0.0,0.0,0.0,0.0,0.0,nan,nan,4.184254606365159,2.84370414338563,nan,0.4053,0.0502,0.0,0.0,0.0,0.0,0.0,0.0,0.0,0.0,0.0,0.0,0.0,0.0,0.0,0.0,0.0,0.0,0.0,0.0,0.0,0.0,0.0,0.0,8.798944126704795e-05,0.0,0.0,0.0,0.00027496700395952486,7.699076110866696e-05,0.0008688957325120986,0.005631324241091069,0.017971843378794546,0.009920809502859658,0.028365596128464583,0.03358996920369556,0.03640563132424109,0.035030796304443466,0.06380334359876814,0.044423669159700835,0.08069731632204136,0.07782666080070391,0.07757369115706116,0.06941267047954246,0.04590849098108227,0.06322041355037396,0.09461064672239332,0.06684997800263968,0.05478442586889573,0.029179498460184777,0.019434667839859216,0.014771227452705675,0.009084909810822701,0.0017047954245490542,0.0034645842498900133,0.010096788385393752,0.0005059392872855257,0.0008249010118785746,0.0005499340079190497,0.0,0.0005169379674439068,0.0,0.0,0.0025296964364276285,0.0,0.0,0.0,0.0,0.0,0.0,0.0,0.0,0.0,0.0,0.0,0.0,0.0,0.0,0.0,0.0,0.0,0.0,0.0,0.0,0.0,0.0,0.0,0.0,0.0,0.0,0.0,0.0,0.0,0.0,0.0,0.0,0.0,0.0,0.0,0.0,0.0,0.0,0.0,nan,nan,4.184254606365159,2.84370414338563,nan,0.9217940922742591,0.02285671567377799,0.0,0.0,0.0,0.0,0.0,0.0,0.0,0.0,0.0,0.0,0.0,0.0,0.0,0.0,0.0,0.0,0.0,0.0,0.0,0.0,0.0,0.0,0.0,0.0,0.0,0.2949610815239656,4.928308070462926,15.645227365833678,8.455551003687015,0.6759524784924213,0.9214363391778815,0.023076461640951652,0.0,0.0,0.0,0.0,0.0,0.0,0.0,0.0,0.0,0.0,0.0,0.0,0.0,0.0,0.0,0.0,0.0,0.0,0.0,0.0,0.0,0.0,0.0,0.0,0.0,0.2707838479809977,5.059382422802852,15.634204275534445,8.351543942992876,0.6840855106888362,0.4053,0.01026,0.0,0.0,0.0,0.0,0.0,0.0,0.0,0.0,0.0,0.0,0.0,9.47562474395738,20.462925030725117,0.06145022531749284,0.0,0.0,0.0,0.0,0.0,0.0,0.0,0.0,0.0,0.0,0.0,0.0,0.0,0.0,0.0,0.0,0.4053,0.01047,0.0,0.0,0.0,0.0,0.0,0.0,0.0,0.0,0.0,0.0,0.0,9.04988123515438,20.85035629453682,0.09976247030878863,0.0,0.0,0.0,0.0,0.0,0.0,0.0,0.0,0.0,0.0,0.0,0.0,0.0,0.0,0.0,0.0
41200,4611,2411,0.5228800693992627,1123,941,0.4476252439817827,1283,0.5564953372370418,0.418,3.0681818181818183,3.2162776852691577,6.996688741721854,2.093032187415036,9444.464282120134,1520.2399612781383,7853.0,10921.420023798943,10896.650686377414,7.1520826567766465,7853.0,0.0,27.513771416178702,20.703606297203955,32.44786545924968,18.981612569911295,0.14205161570158317,0.0988939492517892,0.0991108219475168,0.08674907829104316,0.0795922793320321,0.0769898069833008,0.06701366297983084,0.0659292995011928,0.059423118629364564,0.051832574278898286,0.04250704836261115,0.03773584905660377,0.03621774018651052,0.02385599653003687,0.014530470613749728,0.009542398612014747,0.008024289741921492,0.9214816079871874,0.02334209854671077,0.0,0.0,0.0,0.0,0.0,0.0,0.0,0.0,0.0,0.0,0.0,0.0,0.0,0.0,0.0,0.0,0.0,0.0,0.0,0.0,0.0,0.0,0.0,0.0,0.0,0.2927781392322707,5.198438516590762,15.133376707872483,8.6402081977879,0.735198438516591,4.440013633265167,3.0095815179594156,nan,nan,nan,4.440816326530612,3.0432652331318786,4.440874914559125,2.975708865743299,1.0000131930762737,0.4053,0.010475,0.0,0.0,0.0,0.0,0.0,0.0,0.0,0.0,0.0,0.0,0.0,9.193233571893286,20.657124268054655,0.14964216005204947,0.0,0.0,0.0,0.0,0.0,0.0,0.0,0.0,0.0,0.0,0.0,0.0,0.0,0.0,0.0,0.0,nan,nan,4.440013633265167,3.0095815179594156,nan,0.4053,0.0501,0.0,0.0,0.0,0.0,0.0,0.0,0.0,0.0,0.0,0.0,0.0,0.0,0.0,0.0,0.0,0.0,0.0,0.0,0.0,0.0,0.0,0.0,0.0,0.0,0.0,0.0,0.0004771199306007374,0.00014096725222294512,0.0006831489915419649,0.006430275428323574,0.017252222945131207,0.01042073302971156,0.02938625027109087,0.03198872261982216,0.03472131858599002,0.03544784211667751,0.06451962697896335,0.0445239644328779,0.08074170461938841,0.07626328345261331,0.07923443938408155,0.06575580134461072,0.04551073519843852,0.06352201257861635,0.09538061158100195,0.06950769898069833,0.0576339188896118,0.028789850357839947,0.01922576447625244,0.014411190631099545,0.00852309694209499,0.0013554543482975493,0.0040446757753198875,0.00931468228150076,0.00036868358273693344,0.0007915853394057688,0.0005313381045326394,0.0,0.0009650834959878551,1.0843634786380394e-05,2.168726957276079e-05,0.002060290609412275,4.337453914552158e-05,0.0,0.0,0.0,0.0,0.0,0.0,0.0,0.0,0.0,0.0,0.0,0.0,0.0,0.0,0.0,0.0,0.0,0.0,0.0,0.0,0.0,0.0,0.0,0.0,0.0,0.0,0.0,0.0,0.0,0.0,0.0,0.0,0.0,0.0,0.0,0.0,0.0,0.0,nan,nan,4.440013633265167,3.0095815179594156,nan,0.9219175131179543,0.023530473651578718,0.0,0.0,0.0,0.0,0.0,0.0,0.0,0.0,0.0,0.0,0.0,0.0,0.0,0.0,0.0,0.0,0.0,0.0,0.0,0.0,0.0,0.0,0.0,0.0,0.0,0.28618830360846126,5.16383243467441,14.906677727084201,8.884280381584407,0.7590211530485278,0.9210038955916058,0.023124460016823032,0.0,0.0,0.0,0.0,0.0,0.0,0.0,0.0,0.0,0.0,0.0,0.0,0.0,0.0,0.0,0.0,0.0,0.0,0.0,0.0,0.0,0.0,0.0,0.0,0.0,0.30000000000000004,5.236363636363637,15.381818181818184,8.372727272727275,0.7090909090909093,0.4053,0.010445,0.0,0.0,0.0,0.0,0.0,0.0,0.0,0.0,0.0,0.0,0.0,9.195354624637066,20.7548734964745,0.04977187888842805,0.0,0.0,0.0,0.0,0.0,0.0,0.0,0.0,0.0,0.0,0.0,0.0,0.0,0.0,0.0,0.0,0.4053,0.01051,0.0,0.0,0.0,0.0,0.0,0.0,0.0,0.0,0.0,0.0,0.0,9.190909090909077,20.550000000000004,0.25909090909090915,0.0,0.0,0.0,0.0,0.0,0.0,0.0,0.0,0.0,0.0,0.0,0.0,0.0,0.0,0.0,0.0
41300,4563,2362,0.5176419022572869,1100,930,0.44488275257506027,1273,0.5579662502739425,0.418,3.019990913221263,3.1220166422525217,6.523291925465839,2.185728207432731,9428.641563338093,1521.0022996072003,7853.0,10918.717735946178,10896.883341876255,6.980608264927448,7853.0,0.0,27.912119219811526,20.947382814305065,32.91838869997384,19.19822759493488,0.14069690992767916,0.101468332237563,0.09051062897216744,0.08700416392724085,0.08174446635985097,0.0764847687924611,0.0685952224413763,0.06443129520052597,0.05895244356782818,0.05413105413105413,0.03944773175542406,0.035064650449265836,0.037913653298268686,0.027394258163488932,0.018847249616480384,0.009204470742932281,0.008108700416392724,0.9228559562100827,0.022924945478328674,0.0,0.0,0.0,0.0,0.0,0.0,0.0,0.0,0.0,0.0,0.0,0.0,0.0,0.0,0.0,0.0,0.0,0.0,0.0,0.0,0.0,0.0,0.0,0.0,0.0,0.24326101249178178,4.2998027613412235,15.989480604865223,8.59303090072321,0.8744247205785669,4.315054495912807,2.890813611235573,nan,nan,nan,4.2780054644808745,2.876066181012838,4.350781781101292,2.9056072985850263,1.0170117399859957,0.4055,0.01048,0.0,0.0,0.0,0.0,0.0,0.0,0.0,0.0,0.0,0.0,0.006574621959237345,9.00065746219591,20.85470085470086,0.13806706114398423,0.0,0.0,0.0,0.0,0.0,0.0,0.0,0.0,0.0,0.0,0.0,0.0,0.0,0.0,0.0,0.0,nan,nan,4.315054495912807,2.890813611235573,nan,0.4055,0.05035,0.0,0.0,0.0,0.0,0.0,0.0,0.0,0.0,0.0,0.0,0.0,0.0,0.0,0.0,0.0,0.0,0.0,0.0,0.0,0.0,0.0,0.0,0.0,0.0,0.0,0.0,0.0006136313828621521,5.478851632697787e-05,0.0005259697567389875,0.006191102344948499,0.016283147052377822,0.011527503835196143,0.029191321499013805,0.031744466359850974,0.0349002849002849,0.036116589962743806,0.06538461538461539,0.04374315143545913,0.07879684418145956,0.07634231865001095,0.0784571553802323,0.06778435239973701,0.04507999123383739,0.06326977865439404,0.0955182993644532,0.07008547008547009,0.05612535612535612,0.029037913653298268,0.019362261669953976,0.015899627438088978,0.007637519175980714,0.001183431952662722,0.004821389436774052,0.008853824238439624,0.00014245014245014244,0.0005807582730659654,0.0008108700416392724,0.0,0.001358755204909051,0.0,3.287310979618672e-05,0.0024764409379793993,2.1915406530791147e-05,0.0,0.0,4.383081306158229e-05,0.0,0.0,0.0,0.0,0.0,0.0,0.0,0.0,0.0,0.0,0.0,0.0,0.0,0.0,0.0,0.0,0.0,0.0,0.0,0.0,0.0,0.0,0.0,0.0,0.0,0.0,0.0,0.0,0.0,0.0,0.0,0.0,0.0,0.0,0.0,nan,nan,4.315054495912807,2.890813611235573,nan,0.922534616189322,0.022760833726408424,0.0,0.0,0.0,0.0,0.0,0.0,0.0,0.0,0.0,0.0,0.0,0.0,0.0,0.0,0.0,0.0,0.0,0.0,0.0,0.0,0.0,0.0,0.0,0.0,0.0,0.27942421676545304,4.43268416596105,15.800169348010163,8.67485182049111,0.8128704487722271,0.9232008017934706,0.02309479170804707,0.0,0.0,0.0,0.0,0.0,0.0,0.0,0.0,0.0,0.0,0.0,0.0,0.0,0.0,0.0,0.0,0.0,0.0,0.0,0.0,0.0,0.0,0.0,0.0,0.0,0.20445252158109956,4.157201272149024,16.192639709223084,8.505224897773742,0.9404815992730579,0.4055,0.010475,0.0,0.0,0.0,0.0,0.0,0.0,0.0,0.0,0.0,0.0,0.012701100762066049,8.852667231160021,21.02032176121931,0.11430990685859443,0.0,0.0,0.0,0.0,0.0,0.0,0.0,0.0,0.0,0.0,0.0,0.0,0.0,0.0,0.0,0.0,0.4055,0.01049,0.0,0.0,0.0,0.0,0.0,0.0,0.0,0.0,0.0,0.0,0.0,9.159472966833244,20.676965015901867,0.16356201726487962,0.0,0.0,0.0,0.0,0.0,0.0,0.0,0.0,0.0,0.0,0.0,0.0,0.0,0.0,0.0,0.0
41400,4657,2385,0.5121322739961348,1142,956,0.4505046167060339,1304,0.5600171784410565,0.422,2.9674295774647885,3.1300726286355762,6.734959349593496,2.1060495033456994,9411.88607837742,1521.5171153236165,7853.0,10919.238410651684,10896.912984068613,7.201896465543835,7853.0,0.0,27.955121322739963,20.820632494262117,32.83724489795918,19.073275474007392,0.13764225896499893,0.10135280223319734,0.0888984324672536,0.09448142581060769,0.0800944814258106,0.06699592012024909,0.0710757998711617,0.06721065063345501,0.05969508267124758,0.05411208932789349,0.04273137212797939,0.04165771956194975,0.033927421086536395,0.025338200558299336,0.018466824135709683,0.010951256173502255,0.005368262830148164,0.9232648163745913,0.023036264633529313,0.0,0.0,0.0,0.0,0.0,0.0,0.0,0.0,0.0,0.0,0.0,0.0,0.0,0.0,0.0,0.0,0.0,0.0,0.0,0.0,0.0,0.0,0.0,0.0,0.0,0.2512347004509341,4.41915396177797,15.396177796864938,9.057333047025985,0.8761004938801805,4.293550531914893,2.92639054055517,nan,nan,nan,4.272181454302869,2.9138108220623153,4.314777998674619,2.9386797379333793,1.009970677703506,0.4053,0.01066,0.0,0.0,0.0,0.0,0.0,0.0,0.0,0.0,0.0,0.0,0.006441915396177798,9.302125832080725,20.569035859995708,0.12239639252737816,0.0,0.0,0.0,0.0,0.0,0.0,0.0,0.0,0.0,0.0,0.0,0.0,0.0,0.0,0.0,0.0,nan,nan,4.293550531914893,2.92639054055517,nan,0.4053,0.0503,0.0,0.0,0.0,0.0,0.0,0.0,0.0,0.0,0.0,0.0,0.0,0.0,0.0,0.0,0.0,0.0,0.0,0.0,0.0,0.0,0.0,0.0,0.0,0.0,3.2209576980888986e-05,0.0,0.0005475628086751127,0.0001503113592441486,0.0003972514494309641,0.007010951256173502,0.01718917758213442,0.011466609405196478,0.027732445780545414,0.032306205711831654,0.0359566244363324,0.03544127120463818,0.06411853124328967,0.04287094696156324,0.07919261327034571,0.07844105647412497,0.07858063130770883,0.07197766802662658,0.04377281511702813,0.06241142366330255,0.09636031780115954,0.06567532746403264,0.05578698733089972,0.028816834872235346,0.018026626583637535,0.01713549495383294,0.007633669744470689,0.0007945028988619282,0.005872879536182092,0.009254885119175434,0.0001503113592441486,0.0008911316298045953,0.0005153532316942238,0.0,0.001599742323384153,0.0,0.0,0.0018896285162121537,0.0,0.0,0.0,0.0,0.0,0.0,0.0,0.0,0.0,0.0,0.0,0.0,0.0,0.0,0.0,0.0,0.0,0.0,0.0,0.0,0.0,0.0,0.0,0.0,0.0,0.0,0.0,0.0,0.0,0.0,0.0,0.0,0.0,0.0,0.0,0.0,0.0,0.0,0.0,nan,nan,4.293550531914893,2.92639054055517,nan,0.922998849126028,0.022963064125990355,0.0,0.0,0.0,0.0,0.0,0.0,0.0,0.0,0.0,0.0,0.0,0.0,0.0,0.0,0.0,0.0,0.0,0.0,0.0,0.0,0.0,0.0,0.0,0.0,0.0,0.2515723270440252,4.515723270440252,15.47169811320755,8.930817610062894,0.8301886792452832,0.9235440117477531,0.023109563498432326,0.0,0.0,0.0,0.0,0.0,0.0,0.0,0.0,0.0,0.0,0.0,0.0,0.0,0.0,0.0,0.0,0.0,0.0,0.0,0.0,0.0,0.0,0.0,0.0,0.0,0.25088028169014087,4.317781690140846,15.316901408450708,9.190140845070424,0.9242957746478875,0.4053,0.01081,0.0,0.0,0.0,0.0,0.0,0.0,0.0,0.0,0.0,0.0,0.01257861635220126,9.34591194968552,20.515723270440255,0.1257861635220126,0.0,0.0,0.0,0.0,0.0,0.0,0.0,0.0,0.0,0.0,0.0,0.0,0.0,0.0,0.0,0.0,0.4055,0.0105,0.0,0.0,0.0,0.0,0.0,0.0,0.0,0.0,0.0,0.0,0.0,9.256161971830974,20.625000000000004,0.1188380281690141,0.0,0.0,0.0,0.0,0.0,0.0,0.0,0.0,0.0,0.0,0.0,0.0,0.0,0.0,0.0,0.0
41500,4804,2438,0.5074937552039966,1147,1016,0.4502497918401332,1367,0.5691090757701915,0.40599999999999997,2.9243448858833476,3.117822796726771,6.6269592476489025,2.232285297711039,9397.751886927417,1521.7792500492549,7853.0,10921.33114784956,10896.883537653532,7.107892538825583,7853.0,0.0,27.594920899250624,20.893308312416835,32.586215476486686,19.201702231405875,0.14217318900915904,0.1017901748542881,0.09429641965029142,0.08930058284762697,0.08742714404662781,0.0676519567027477,0.06744379683597003,0.06432139883430475,0.0578684429641965,0.05453788509575354,0.04308909242298085,0.03559533721898418,0.032264779350541214,0.026644462947543714,0.01623646960865945,0.010824313072439634,0.008534554537885096,0.9231714677130749,0.023185467605998687,0.0,0.0,0.0,0.0,0.0,0.0,0.0,0.0,0.0,0.0,0.0,0.0,0.0,0.0,0.0,0.0,0.0,0.0,0.0,0.0,0.0,0.0,0.0,0.0,0.0,0.21856786011656956,4.396336386344713,15.524562864279769,8.917568692756038,0.9429641965029144,4.328887443070918,2.9372362515382475,nan,nan,nan,4.259832366215345,2.938032644430456,4.399212081418254,2.9347555135243084,1.0327195305402925,0.405,0.010735,0.0,0.0,0.0,0.0,0.0,0.0,0.0,0.0,0.0,0.0,0.006244796003330559,9.523313905079087,20.295587010824317,0.17485428809325568,0.0,0.0,0.0,0.0,0.0,0.0,0.0,0.0,0.0,0.0,0.0,0.0,0.0,0.0,0.0,0.0,nan,nan,4.328887443070918,2.9372362515382475,nan,0.405,0.0508,0.0,0.0,0.0,0.0,0.0,0.0,0.0,0.0,0.0,0.0,0.0,0.0,0.0,0.0,0.0,0.0,0.0,0.0,0.0,0.0,0.0,0.0,0.0,1.0407993338884264e-05,4.1631973355537055e-05,0.0,0.0008950874271440466,0.00015611990008326394,0.00033305578684429644,0.007556203164029975,0.01908825978351374,0.011063696919233972,0.02927768526228143,0.03269150707743547,0.03506452955870108,0.03685470441298917,0.06355120732722731,0.04011240632805995,0.07650915903413821,0.07725853455453789,0.07761240632805995,0.07307452123230641,0.0449729392173189,0.06418609492089924,0.09652373022481266,0.06387385512073272,0.057649875104079935,0.02946502914238135,0.016777685262281433,0.01589300582847627,0.007962114904246462,0.0007597835137385513,0.005287260616153206,0.009627393838467944,0.0002497918401332223,0.0015299750208159868,0.0003850957535387177,0.0,0.0014571190674437969,0.0,0.0,0.0022273105745212324,2.0815986677768527e-05,0.0,0.0,0.0,0.0,0.0,0.0,0.0,0.0,0.0,0.0,0.0,0.0,0.0,0.0,0.0,0.0,0.0,0.0,0.0,0.0,0.0,0.0,0.0,0.0,0.0,0.0,0.0,0.0,0.0,0.0,0.0,0.0,0.0,0.0,0.0,0.0,0.0,0.0,nan,nan,4.328887443070918,2.9372362515382475,nan,0.9230096133347904,0.02328223107632495,0.0,0.0,0.0,0.0,0.0,0.0,0.0,0.0,0.0,0.0,0.0,0.0,0.0,0.0,0.0,0.0,0.0,0.0,0.0,0.0,0.0,0.0,0.0,0.0,0.0,0.24610336341263336,4.479081214109927,15.467596390484006,8.822805578342905,0.9844134536505335,0.9233382474993208,0.023084148091198423,0.0,0.0,0.0,0.0,0.0,0.0,0.0,0.0,0.0,0.0,0.0,0.0,0.0,0.0,0.0,0.0,0.0,0.0,0.0,0.0,0.0,0.0,0.0,0.0,0.0,0.19019442096365177,4.311073541842774,15.583262890955202,9.015215553677093,0.900253592561285,0.405,0.01066,0.0,0.0,0.0,0.0,0.0,0.0,0.0,0.0,0.0,0.0,0.012305168170631669,9.47497949138637,20.34044298605415,0.17227235438884336,0.0,0.0,0.0,0.0,0.0,0.0,0.0,0.0,0.0,0.0,0.0,0.0,0.0,0.0,0.0,0.0,0.4053,0.01081,0.0,0.0,0.0,0.0,0.0,0.0,0.0,0.0,0.0,0.0,0.0,9.57311918850379,20.249366018596792,0.17751479289940833,0.0,0.0,0.0,0.0,0.0,0.0,0.0,0.0,0.0,0.0,0.0,0.0,0.0,0.0,0.0,0.0
41600,4786,2491,0.5204763894692854,1191,964,0.45027162557459255,1316,0.549937317175094,0.414,2.905446623093682,3.051088731516446,6.446345256609642,2.1232984812958957,9437.167955324881,1520.5756623938007,7853.0,10923.135347783566,10896.688411956999,6.903847923748179,7853.0,0.0,28.299623903050563,21.082887875297207,33.28883917474521,19.289056558782264,0.14061847053907228,0.09506895110739658,0.08900961136648558,0.08587547012118679,0.0829502716255746,0.07709987463435018,0.06811533639782699,0.0651901379022148,0.061011282908483074,0.05077308817384037,0.04450480568324279,0.041370664437944,0.032177183451734225,0.02381947346427079,0.020894274968658588,0.012745507730881738,0.008775595486836606,0.9224636131657051,0.022726244989330336,0.0,0.0,0.0,0.0,0.0,0.0,0.0,0.0,0.0,0.0,0.0,0.0,0.0,0.0,0.0,0.0,0.0,0.0,0.0,0.0,0.0,0.0,0.0,0.0,0.0,0.20685332218972005,4.638529043042207,15.507730881738407,8.907229419139158,0.7396573338905141,4.128369704749679,2.851291406067979,nan,nan,nan,4.1177215189873415,2.866668312446971,4.139322916666667,2.8353452831871278,1.0052459588584897,0.4048,0.01036,0.0,0.0,0.0,0.0,0.0,0.0,0.0,0.0,0.0,0.0,0.0,9.809862097785194,20.09611366485583,0.09402423735896366,0.0,0.0,0.0,0.0,0.0,0.0,0.0,0.0,0.0,0.0,0.0,0.0,0.0,0.0,0.0,0.0,nan,nan,4.128369704749679,2.851291406067979,nan,0.4048,0.05054,0.0,0.0,0.0,0.0,0.0,0.0,0.0,0.0,0.0,0.0,0.0,0.0,0.0,0.0,0.0,0.0,0.0,0.0,0.0,0.0,0.0,0.0,0.0,0.0,5.223568742164647e-05,2.0894274968658587e-05,0.0013476807354784789,0.00024028416213957375,0.0003447555369828667,0.007584621813623067,0.020079398244880902,0.010488926034266611,0.028374425407438363,0.031174258253238614,0.03521730045967405,0.03787087338069369,0.06128290848307564,0.04232135394901797,0.07463435018804848,0.07675511909736732,0.08328458002507313,0.07222106142916841,0.04702256581696615,0.06342457166736314,0.09699122440451316,0.06420810697868784,0.05500417885499373,0.0295653990806519,0.015294609277058085,0.016339323025491015,0.007783117425825324,0.000637275386544087,0.0049310488926034264,0.01066652737150021,0.00021938988717091516,0.0012432093606351859,0.00037609694943585456,0.0,0.001065608023401588,0.0,0.0,0.0019327204346009195,0.0,0.0,0.0,0.0,0.0,0.0,0.0,0.0,0.0,0.0,0.0,0.0,0.0,0.0,0.0,0.0,0.0,0.0,0.0,0.0,0.0,0.0,0.0,0.0,0.0,0.0,0.0,0.0,0.0,0.0,0.0,0.0,0.0,0.0,0.0,0.0,0.0,0.0,0.0,nan,nan,4.128369704749679,2.851291406067979,nan,0.9225365219705797,0.022879747700780904,0.0,0.0,0.0,0.0,0.0,0.0,0.0,0.0,0.0,0.0,0.0,0.0,0.0,0.0,0.0,0.0,0.0,0.0,0.0,0.0,0.0,0.0,0.0,0.0,0.0,0.2529104777197913,4.588518667201928,15.451625853071059,8.972300281011643,0.7346447209955843,0.9223844777265146,0.02255818386705758,0.0,0.0,0.0,0.0,0.0,0.0,0.0,0.0,0.0,0.0,0.0,0.0,0.0,0.0,0.0,0.0,0.0,0.0,0.0,0.0,0.0,0.0,0.0,0.0,0.0,0.15686274509803924,4.692810457516341,15.568627450980395,8.836601307189545,0.7450980392156865,0.4048,0.01034,0.0,0.0,0.0,0.0,0.0,0.0,0.0,0.0,0.0,0.0,0.0,9.863508631071845,20.052187876354882,0.08430349257326378,0.0,0.0,0.0,0.0,0.0,0.0,0.0,0.0,0.0,0.0,0.0,0.0,0.0,0.0,0.0,0.0,0.4048,0.0104,0.0,0.0,0.0,0.0,0.0,0.0,0.0,0.0,0.0,0.0,0.0,9.75163398692809,20.143790849673206,0.10457516339869284,0.0,0.0,0.0,0.0,0.0,0.0,0.0,0.0,0.0,0.0,0.0,0.0,0.0,0.0,0.0,0.0
41700,4862,2521,0.518510900863842,1173,1007,0.4483751542575072,1338,0.5503907856849033,0.41,2.9888936351986333,3.167926569591987,6.7032967032967035,2.226895353425228,9431.162264503933,1520.787434503508,7853.0,10921.449594080448,10896.643367718416,7.275264242971454,7853.0,0.0,27.587412587412587,20.777029990999292,32.60467404674047,19.030471527052896,0.1443850267379679,0.10222130810366105,0.0960510078157137,0.08329905388728918,0.0800082270670506,0.07445495680789799,0.06499382969971206,0.06314273961332785,0.06725627313862607,0.04730563554092966,0.04586589880707528,0.04154668860551213,0.031057178116001647,0.025709584533113946,0.015014397367338544,0.011723570547099958,0.005964623611682435,0.9224314878061445,0.023374886032093797,0.0,0.0,0.0,0.0,0.0,0.0,0.0,0.0,0.0,0.0,0.0,0.0,0.0,0.0,0.0,0.0,0.0,0.0,0.0,0.0,0.0,0.0,0.0,0.0,0.0,0.22830111065405187,4.8930481283422465,15.314685314685317,8.65693130399013,0.9070341423282602,4.26621490803485,2.937301836442902,nan,nan,nan,4.280589365791159,2.9723368894023707,4.251625487646294,2.9012374536068637,0.9932336704902522,0.405,0.010574,0.0,0.0,0.0,0.0,0.0,0.0,0.0,0.0,0.0,0.0,0.0,9.656519950637584,20.22624434389141,0.11723570547099961,0.0,0.0,0.0,0.0,0.0,0.0,0.0,0.0,0.0,0.0,0.0,0.0,0.0,0.0,0.0,0.0,nan,nan,4.26621490803485,2.937301836442902,nan,0.405,0.05035,0.0,0.0,0.0,0.0,0.0,0.0,0.0,0.0,0.0,0.0,0.0,0.0,0.0,0.0,0.0,0.0,0.0,0.0,0.0,0.0,0.0,0.0,0.0,0.0,8.227067050596462e-05,1.0283833813245577e-05,0.0011415055532702592,0.00031879884821061293,0.0007095845331139449,0.00765117235705471,0.019364459070341424,0.01148704236939531,0.029360345536816126,0.028434800493624023,0.036816125051419166,0.038636363636363635,0.059656519950637595,0.04052858905800082,0.07712875359934183,0.07227478403948992,0.08397778691896339,0.07320032908268202,0.04620526532291238,0.06493212669683258,0.0958247634718223,0.06716371863430687,0.05751748251748252,0.03032702591526121,0.014315096668037845,0.015703414232825997,0.006941587823940765,0.0005244755244755245,0.004154668860551214,0.01130193336075689,4.113533525298231e-05,0.001264911559029206,0.00029823118058412175,0.0,0.0010078157136980666,3.085150143973673e-05,1.0283833813245577e-05,0.001655697243932538,0.0,0.0,0.0,0.0,0.0,0.0,0.0,0.0,0.0,0.0,0.0,0.0,0.0,0.0,0.0,0.0,0.0,0.0,0.0,0.0,0.0,0.0,0.0,0.0,0.0,0.0,0.0,0.0,0.0,0.0,0.0,0.0,0.0,0.0,0.0,0.0,0.0,0.0,0.0,nan,nan,4.26621490803485,2.937301836442902,nan,0.9224084119435484,0.023873575779362464,0.0,0.0,0.0,0.0,0.0,0.0,0.0,0.0,0.0,0.0,0.0,0.0,0.0,0.0,0.0,0.0,0.0,0.0,0.0,0.0,0.0,0.0,0.0,0.0,0.0,0.23800079333597784,4.974216580721937,15.279650932169776,8.389527965093219,1.1186037286790957,0.9224563379768427,0.022825645015599166,0.0,0.0,0.0,0.0,0.0,0.0,0.0,0.0,0.0,0.0,0.0,0.0,0.0,0.0,0.0,0.0,0.0,0.0,0.0,0.0,0.0,0.0,0.0,0.0,0.0,0.2178556172575823,4.805638615976079,15.352413498504916,8.944895343870142,0.679196924391286,0.4048,0.01053,0.0,0.0,0.0,0.0,0.0,0.0,0.0,0.0,0.0,0.0,0.0,9.686632288774282,20.19436731455772,0.11900039666798892,0.0,0.0,0.0,0.0,0.0,0.0,0.0,0.0,0.0,0.0,0.0,0.0,0.0,0.0,0.0,0.0,0.405,0.01063,0.0,0.0,0.0,0.0,0.0,0.0,0.0,0.0,0.0,0.0,0.0,9.624092268261412,20.260572404955152,0.11533532678342591,0.0,0.0,0.0,0.0,0.0,0.0,0.0,0.0,0.0,0.0,0.0,0.0,0.0,0.0,0.0,0.0
41800,4643,2356,0.5074305405987508,1107,974,0.44820159379711394,1324,0.5703209132026706,0.422,2.9737647573240054,3.086879712598505,6.47457627118644,2.217673272466503,9397.762842429356,1521.9822826513598,7853.0,10923.554664611816,10897.28432826804,7.018536771711342,7853.0,0.0,28.349989231100583,21.096387452272264,33.16322892793481,19.37525882431224,0.13525737669610166,0.09950463062674994,0.09713547275468447,0.08248976954555244,0.07710531983631273,0.07430540598750808,0.06956709024337712,0.06719793237131165,0.062244238638811115,0.04695240146457032,0.0454447555459832,0.04307559767391773,0.03424510015076459,0.0264914925694594,0.01723023906956709,0.014861081197501616,0.0068920956278268365,0.9239201168035244,0.02336825497549062,0.0,0.0,0.0,0.0,0.0,0.0,0.0,0.0,0.0,0.0,0.0,0.0,0.0,0.0,0.0,0.0,0.0,0.0,0.0,0.0,0.0,0.0,0.0,0.0,0.0,0.1809175102304545,4.348481585181995,15.455524445401682,8.845573982339006,1.1695024768468665,4.313141343925852,2.870812627155201,nan,nan,nan,4.287024901703801,2.8641457699489057,4.338018741633199,2.8774966501346793,1.011894925058432,0.405,0.010635,0.0,0.0,0.0,0.0,0.0,0.0,0.0,0.0,0.0,0.0,0.0,9.56278268360972,20.333835881972867,0.10338143441740257,0.0,0.0,0.0,0.0,0.0,0.0,0.0,0.0,0.0,0.0,0.0,0.0,0.0,0.0,0.0,0.0,nan,nan,4.313141343925852,2.870812627155201,nan,0.405,0.05045,0.0,0.0,0.0,0.0,0.0,0.0,0.0,0.0,0.0,0.0,0.0,0.0,0.0,0.0,0.0,0.0,0.0,0.0,0.0,0.0,0.0,0.0,0.0,0.0,0.00010768899418479432,5.384449709239716e-05,0.0012599612319620934,0.00024768468662502693,0.0009476631488261899,0.00796898556967478,0.019168640964893388,0.012610381219039414,0.03015291837174241,0.027966831789791084,0.0356558259745854,0.0367004092181779,0.059218177902218394,0.040103381434417405,0.0776437648072367,0.06865173379280637,0.08831574413094982,0.07445617057936679,0.04522937755761361,0.06379496015507215,0.0946047813913418,0.0681671333189748,0.056892095627826836,0.03206978246823175,0.014096489338789576,0.015356450570751669,0.00719362481154426,0.0008076674563859573,0.00474908464354943,0.01211501184578936,8.615119534783545e-05,0.0013030368296360112,0.00023691578720654748,0.0,0.0010661210424294638,2.1537798836958863e-05,0.0,0.0009799698470816282,0.0,0.0,0.0,0.0,0.0,0.0,0.0,0.0,0.0,0.0,0.0,0.0,0.0,0.0,0.0,0.0,0.0,0.0,0.0,0.0,0.0,0.0,0.0,0.0,0.0,0.0,0.0,0.0,0.0,0.0,0.0,0.0,0.0,0.0,0.0,0.0,0.0,0.0,0.0,nan,nan,4.313141343925852,2.870812627155201,nan,0.9245208486889336,0.023016755713034992,0.0,0.0,0.0,0.0,0.0,0.0,0.0,0.0,0.0,0.0,0.0,0.0,0.0,0.0,0.0,0.0,0.0,0.0,0.0,0.0,0.0,0.0,0.0,0.0,0.0,0.1782682512733447,4.02376910016978,15.534804753820037,9.04074702886248,1.2224108658743635,0.9233012605192987,0.02370900244866331,0.0,0.0,0.0,0.0,0.0,0.0,0.0,0.0,0.0,0.0,0.0,0.0,0.0,0.0,0.0,0.0,0.0,0.0,0.0,0.0,0.0,0.0,0.0,0.0,0.0,0.18364669873196332,4.682990817665064,15.373852208132929,8.644512461740273,1.1149978137297771,0.405,0.01039,0.0,0.0,0.0,0.0,0.0,0.0,0.0,0.0,0.0,0.0,0.0,9.511884550084876,20.44991511035654,0.03820033955857386,0.0,0.0,0.0,0.0,0.0,0.0,0.0,0.0,0.0,0.0,0.0,0.0,0.0,0.0,0.0,0.0,0.405,0.01088,0.0,0.0,0.0,0.0,0.0,0.0,0.0,0.0,0.0,0.0,0.0,9.615216440752063,20.21425448185396,0.17052907739396594,0.0,0.0,0.0,0.0,0.0,0.0,0.0,0.0,0.0,0.0,0.0,0.0,0.0,0.0,0.0,0.0
41900,5001,2550,0.5098980203959208,1163,1063,0.4451109778044391,1429,0.5714857028594281,0.38599999999999995,2.858017135862913,3.0051356805133933,6.433384379785605,2.065672255973224,9405.04370271777,1521.6259427669102,7853.0,10920.57721298933,10896.831591094733,7.073404695830606,7853.0,0.0,27.65766846630674,20.797304635621465,32.47529691211401,19.14337658805594,0.13877224555088982,0.10357928414317137,0.09638072385522896,0.09198160367926415,0.07878424315136973,0.06938612277544491,0.07218556288742252,0.0623875224955009,0.05898820235952809,0.04799040191961608,0.04499100179964007,0.03739252149570086,0.03939212157568486,0.023795240951809637,0.01839632073585283,0.009598080383923215,0.00599880023995201,0.9228955542914893,0.023003579522019514,0.0,0.0,0.0,0.0,0.0,0.0,0.0,0.0,0.0,0.0,0.0,0.0,0.0,0.0,0.0,0.0,0.0,0.0,0.0,0.0,0.0,0.0,0.0,0.0,0.0,0.20395920815836838,4.529094181163768,15.524895020995803,8.83623275344931,0.9058188362327536,4.26570351758794,2.831380087259628,nan,nan,nan,4.213003095975232,2.829382207287134,4.317602040816326,2.831788640215399,1.0248276449027582,0.4053,0.010925,0.0,0.0,0.0,0.0,0.0,0.0,0.0,0.0,0.0,0.0,0.0,9.490101979604066,20.371925614877032,0.13797240551889625,0.0,0.0,0.0,0.0,0.0,0.0,0.0,0.0,0.0,0.0,0.0,0.0,0.0,0.0,0.0,0.0,nan,nan,4.26570351758794,2.831380087259628,nan,0.4053,0.05005,0.0,0.0,0.0,0.0,0.0,0.0,0.0,0.0,0.0,0.0,0.0,0.0,0.0,0.0,0.0,0.0,0.0,0.0,0.0,0.0,0.0,0.0,0.0,0.0,2.999400119976005e-05,0.0,0.0010997800439912018,0.0,0.0005598880223955209,0.008018396320735853,0.017446510697860428,0.01334733053389322,0.03102379524095181,0.028054389122175564,0.033003399320135976,0.03645270945810838,0.061907618476304736,0.0397620475904819,0.0769246150769846,0.06834633073385322,0.08690261947610478,0.07659468106378724,0.046980603879224155,0.0657868426314737,0.09494101179764047,0.0701759648070386,0.05420915816836633,0.03167366526694661,0.014457108578284344,0.014657068586282743,0.006858628274345131,0.0011097780443911217,0.004369126174765047,0.011517696460707858,4.999000199960008e-05,0.0009498100379924015,0.00022995400919816037,0.0,0.0009898020395920815,0.0,0.0,0.0015696860627874426,0.0,0.0,0.0,0.0,0.0,0.0,0.0,0.0,0.0,0.0,0.0,0.0,0.0,0.0,0.0,0.0,0.0,0.0,0.0,0.0,0.0,0.0,0.0,0.0,0.0,0.0,0.0,0.0,0.0,0.0,0.0,0.0,0.0,0.0,0.0,0.0,0.0,0.0,0.0,nan,nan,4.26570351758794,2.831380087259628,nan,0.9228303095172433,0.022780148939458667,0.0,0.0,0.0,0.0,0.0,0.0,0.0,0.0,0.0,0.0,0.0,0.0,0.0,0.0,0.0,0.0,0.0,0.0,0.0,0.0,0.0,0.0,0.0,0.0,0.0,0.22352941176470592,4.576470588235295,15.400000000000002,8.964705882352943,0.835294117647059,0.9229634344115738,0.023233559896657582,0.0,0.0,0.0,0.0,0.0,0.0,0.0,0.0,0.0,0.0,0.0,0.0,0.0,0.0,0.0,0.0,0.0,0.0,0.0,0.0,0.0,0.0,0.0,0.0,0.0,0.18359853121175035,4.479804161566708,15.654834761321913,8.702570379436967,0.9791921664626685,0.405,0.010956,0.0,0.0,0.0,0.0,0.0,0.0,0.0,0.0,0.0,0.0,0.0,9.694117647058809,20.1764705882353,0.12941176470588237,0.0,0.0,0.0,0.0,0.0,0.0,0.0,0.0,0.0,0.0,0.0,0.0,0.0,0.0,0.0,0.0,0.4053,0.01089,0.0,0.0,0.0,0.0,0.0,0.0,0.0,0.0,0.0,0.0,0.0,9.277845777233768,20.575275397796823,0.14687882496940027,0.0,0.0,0.0,0.0,0.0,0.0,0.0,0.0,0.0,0.0,0.0,0.0,0.0,0.0,0.0,0.0
42000,4436,2311,0.5209648331830478,1088,895,0.44702434625789,1255,0.5658250676284942,0.422,3.024,3.0842122456910435,6.517741935483871,2.114010421553064,9438.540436757374,1520.4048190426688,7853.0,10918.578420460224,10896.469224342583,7.032810210016703,7853.0,0.0,28.57213706041479,21.08796850627203,33.46383773685615,19.283660985448098,0.13818755635707844,0.09715960324616772,0.0863390441839495,0.08904418394950406,0.07687105500450857,0.07484220018034266,0.06762849413886383,0.06492335437330929,0.059513074842200184,0.05162308385933273,0.05072137060414788,0.044860234445446345,0.033137962128043284,0.02750225428313796,0.02164111812443643,0.009918845807033363,0.006086564472497746,0.9217274786116735,0.023022146799736284,0.0,0.0,0.0,0.0,0.0,0.0,0.0,0.0,0.0,0.0,0.0,0.0,0.0,0.0,0.0,0.0,0.0,0.0,0.0,0.0,0.0,0.0,0.0,0.0,0.0,0.2705139765554554,4.855725879170425,15.574842200180345,8.629395852119028,0.6695220919747521,4.230848505668155,2.876292283711211,nan,nan,nan,4.178596247394023,2.9132823196207682,4.281929347826087,2.838736241979872,1.0247291421123799,0.4043,0.01071,0.0,0.0,0.0,0.0,0.0,0.0,0.0,0.0,0.0,0.0,0.0,10.495942290351653,19.368800721370608,0.1352569882777277,0.0,0.0,0.0,0.0,0.0,0.0,0.0,0.0,0.0,0.0,0.0,0.0,0.0,0.0,0.0,0.0,nan,nan,4.230848505668155,2.876292283711211,nan,0.4043,0.05035,0.0,0.0,0.0,0.0,0.0,0.0,0.0,0.0,0.0,0.0,0.0,0.0,0.0,0.0,0.0,0.0,0.0,0.0,0.0,0.0,0.0,0.0,0.0,0.0,2.254283137962128e-05,7.889990982867448e-05,0.0010820559062218215,2.254283137962128e-05,0.00046212804328223627,0.007732191163210099,0.01757213706041479,0.01428088367899008,0.03292380522993688,0.029497294860234446,0.03470468890892696,0.03846934174932372,0.0637736699729486,0.042673579801623084,0.07247520288548241,0.06902614968440036,0.08746618575293057,0.07406447249774571,0.050056357078449056,0.0629283137962128,0.09156898106402164,0.06921776375112715,0.05282912533814247,0.02920423805229937,0.013852569882777277,0.015216411181244364,0.007146077547339946,0.0020852119026149685,0.0037082957619477006,0.012116771866546439,5.63570784490532e-05,0.0010482416591523895,0.00018034265103697024,0.0,0.0011158701532912533,4.508566275924256e-05,1.127141568981064e-05,0.001284941388638413,0.0,0.0,0.0,0.0,0.0,0.0,0.0,0.0,0.0,0.0,0.0,0.0,0.0,0.0,0.0,0.0,0.0,0.0,0.0,0.0,0.0,0.0,0.0,0.0,0.0,0.0,0.0,0.0,0.0,0.0,0.0,0.0,0.0,0.0,0.0,0.0,0.0,0.0,0.0,nan,nan,4.230848505668155,2.876292283711211,nan,0.922102518589246,0.023404660330395458,0.0,0.0,0.0,0.0,0.0,0.0,0.0,0.0,0.0,0.0,0.0,0.0,0.0,0.0,0.0,0.0,0.0,0.0,0.0,0.0,0.0,0.0,0.0,0.0,0.0,0.29857204673301607,4.712245781047167,15.266118563392475,8.944180008654264,0.7788836001730854,0.9213196116054759,0.022591737758327048,0.0,0.0,0.0,0.0,0.0,0.0,0.0,0.0,0.0,0.0,0.0,0.0,0.0,0.0,0.0,0.0,0.0,0.0,0.0,0.0,0.0,0.0,0.0,0.0,0.0,0.24000000000000005,5.011764705882354,15.91058823529412,8.287058823529414,0.5505882352941177,0.4045,0.01078,0.0,0.0,0.0,0.0,0.0,0.0,0.0,0.0,0.0,0.0,0.0,10.164430982258748,19.70575508437906,0.1298139333621809,0.0,0.0,0.0,0.0,0.0,0.0,0.0,0.0,0.0,0.0,0.0,0.0,0.0,0.0,0.0,0.0,0.404,0.010635,0.0,0.0,0.0,0.0,0.0,0.0,0.0,0.0,0.0,0.0,0.0,10.856470588235279,19.002352941176476,0.14117647058823532,0.0,0.0,0.0,0.0,0.0,0.0,0.0,0.0,0.0,0.0,0.0,0.0,0.0,0.0,0.0,0.0
42100,4495,2324,0.5170189098998887,1116,929,0.4549499443826474,1290,0.5739710789766407,0.414,3.031782588668816,3.1311577379622464,6.716129032258064,2.1281669795925544,9426.540579171307,1520.8709848030958,7853.0,10922.601332604885,10896.487479937621,7.287124504039646,7853.0,0.0,28.196885428253616,20.680238111877703,33.018162674387995,18.850974468836046,0.13926585094549498,0.09210233592880979,0.09276974416017797,0.08387096774193549,0.08008898776418243,0.08120133481646273,0.07030033370411569,0.060511679644048945,0.06095661846496107,0.05628476084538376,0.048943270300333706,0.0424916573971079,0.03092324805339266,0.02914349276974416,0.017130144605116797,0.008008898776418243,0.006006674082313682,0.9224151680944228,0.02336696768299351,0.0,0.0,0.0,0.0,0.0,0.0,0.0,0.0,0.0,0.0,0.0,0.0,0.0,0.0,0.0,0.0,0.0,0.0,0.0,0.0,0.0,0.0,0.0,0.0,0.00667408231368187,0.2536151279199111,4.845383759733037,15.296996662958847,8.88320355951057,0.7141268075639602,4.248558833502883,2.8833314050828296,nan,nan,nan,4.25531914893617,2.8980647314682595,4.241957104557641,2.868855303808847,0.9968599195710457,0.404,0.01084,0.0,0.0,0.0,0.0,0.0,0.0,0.0,0.0,0.0,0.0,0.0,10.55172413793102,19.334816462736377,0.11345939933259179,0.0,0.0,0.0,0.0,0.0,0.0,0.0,0.0,0.0,0.0,0.0,0.0,0.0,0.0,0.0,0.0,nan,nan,4.248558833502883,2.8833314050828296,nan,0.404,0.05032,0.0,0.0,0.0,0.0,0.0,0.0,0.0,0.0,0.0,0.0,0.0,0.0,0.0,0.0,0.0,0.0,0.0,0.0,0.0,0.0,0.0,0.0,0.0,0.0,3.3370411568409345e-05,8.898776418242492e-05,0.0007563959955506118,4.449388209121246e-05,0.0003003337041156841,0.0076974416017797555,0.018375973303670745,0.014093437152391546,0.03218020022246941,0.030111234705228033,0.03501668520578421,0.037586206896551726,0.06409343715239155,0.04450500556173526,0.07353726362625139,0.0682091212458287,0.08492769744160178,0.07505005561735262,0.05224694104560623,0.06074527252502781,0.09303670745272526,0.06478309232480534,0.05585094549499444,0.029688542825361514,0.012914349276974416,0.014560622914349277,0.007708565072302559,0.0020244716351501667,0.0034149054505005563,0.012903225806451613,6.674082313681869e-05,0.001256952169076752,4.449388209121246e-05,0.0,0.0008453837597330367,0.0,0.0,0.0013014460511679643,0.0,0.0,0.0,0.0,0.0,0.0,0.0,0.0,0.0,0.0,0.0,0.0,0.0,0.0,0.0,0.0,0.0,0.0,0.0,0.0,0.0,0.0,0.0,0.0,0.0,0.0,0.0,0.0,0.0,0.0,0.0,0.0,0.0,0.0,0.0,0.0,0.0,0.0,0.0,nan,nan,4.248558833502883,2.8833314050828296,nan,0.9226224462977786,0.023697288154522763,0.0,0.0,0.0,0.0,0.0,0.0,0.0,0.0,0.0,0.0,0.0,0.0,0.0,0.0,0.0,0.0,0.0,0.0,0.0,0.0,0.0,0.0,0.0,0.0,0.0,0.24526678141135977,5.047332185886404,14.974182444061965,8.958691910499141,0.7745266781411362,0.9221932820766436,0.02300604377464078,0.0,0.0,0.0,0.0,0.0,0.0,0.0,0.0,0.0,0.0,0.0,0.0,0.0,0.0,0.0,0.0,0.0,0.0,0.0,0.0,0.0,0.0,0.0,0.0,0.013818516812528792,0.26255181943804706,4.629203132197145,15.642561031782591,8.80239520958084,0.6494702901888532,0.404,0.01077,0.0,0.0,0.0,0.0,0.0,0.0,0.0,0.0,0.0,0.0,0.0,10.81755593803785,19.066265060240966,0.11617900172117042,0.0,0.0,0.0,0.0,0.0,0.0,0.0,0.0,0.0,0.0,0.0,0.0,0.0,0.0,0.0,0.0,0.4043,0.01091,0.0,0.0,0.0,0.0,0.0,0.0,0.0,0.0,0.0,0.0,0.0,10.267157991708874,19.622293873790884,0.11054813450023034,0.0,0.0,0.0,0.0,0.0,0.0,0.0,0.0,0.0,0.0,0.0,0.0,0.0,0.0,0.0,0.0
42200,4401,2264,0.5144285389684162,1083,898,0.45012497159736425,1232,0.5598727561917746,0.418,2.863827795975667,2.997376320244246,6.314814814814815,2.1595179774661233,9418.546458947214,1521.0108238566133,7853.0,10918.53212505579,10896.272953103662,6.893535196709649,7853.0,0.0,27.958418541240626,20.814659063883436,33.00380124898181,19.00187871574301,0.14246762099522836,0.09952283571915474,0.09543285616905249,0.07748239036582595,0.08316291751874574,0.07475573733242445,0.06566689388775278,0.0681663258350375,0.05839581913201545,0.05407861849579641,0.04726198591229266,0.04135423767325608,0.031583730970234036,0.02635764598954783,0.018859350147693705,0.00954328561690525,0.005907748239036582,0.9214937023427426,0.02279623711556454,0.0,0.0,0.0,0.0,0.0,0.0,0.0,0.0,0.0,0.0,0.0,0.0,0.0,0.0,0.0,0.0,0.0,0.0,0.0,0.0,0.0,0.0,0.0,0.0,0.0,0.20449897750511253,5.0374914792092715,15.507839127471033,8.602590320381733,0.6475800954328562,4.204304869442484,2.7772329944318503,nan,nan,nan,4.191042687193842,2.7573738972497885,4.217948717948718,2.798212149540736,1.0064198894554548,0.4043,0.01081,0.0,0.0,0.0,0.0,0.0,0.0,0.0,0.0,0.0,0.0,0.006816632583503751,10.429447852760722,19.4478527607362,0.11588275391956376,0.0,0.0,0.0,0.0,0.0,0.0,0.0,0.0,0.0,0.0,0.0,0.0,0.0,0.0,0.0,0.0,nan,nan,4.204304869442484,2.7772329944318503,nan,0.4045,0.05066,0.0,0.0,0.0,0.0,0.0,0.0,0.0,0.0,0.0,0.0,0.0,0.0,0.0,0.0,0.0,0.0,0.0,0.0,0.0,0.0,0.0,0.0,0.0,3.408316291751875e-05,0.0,4.544421722335833e-05,0.0007498295841854124,2.2722108611679163e-05,0.000624857986821177,0.008066348557146103,0.018859350147693705,0.013701431492842536,0.031333787775505564,0.030106793910474893,0.034867075664621675,0.0380027266530334,0.06289479663712792,0.04278573051579187,0.07423312883435583,0.0689161554192229,0.08511701885935015,0.07803908202681209,0.05047716428084526,0.0610202226766644,0.09111565553283345,0.06261077027948193,0.05407861849579641,0.03175414678482163,0.01358782094978414,0.015632810724835265,0.007839127471029312,0.00189729606907521,0.002874346739377414,0.015019313792319928,4.544421722335833e-05,0.0015905476028175414,0.0,1.1361054305839582e-05,0.000977050670302204,0.0,0.0,0.0010679391047489206,0.0,0.0,0.0,0.0,0.0,0.0,0.0,0.0,0.0,0.0,0.0,0.0,0.0,0.0,0.0,0.0,0.0,0.0,0.0,0.0,0.0,0.0,0.0,0.0,0.0,0.0,0.0,0.0,0.0,0.0,0.0,0.0,0.0,0.0,0.0,0.0,0.0,0.0,0.0,nan,nan,4.204304869442484,2.7772329944318503,nan,0.9212789602656668,0.022651149904941086,0.0,0.0,0.0,0.0,0.0,0.0,0.0,0.0,0.0,0.0,0.0,0.0,0.0,0.0,0.0,0.0,0.0,0.0,0.0,0.0,0.0,0.0,0.0,0.0,0.0,0.17226148409894,5.075088339222615,15.649293286219084,8.546819787985868,0.5565371024734983,0.9217212063495277,0.0229467538920768,0.0,0.0,0.0,0.0,0.0,0.0,0.0,0.0,0.0,0.0,0.0,0.0,0.0,0.0,0.0,0.0,0.0,0.0,0.0,0.0,0.0,0.0,0.0,0.0,0.0,0.23865231633130563,4.997660271408518,15.357978474496962,8.661675245671503,0.7440336920917175,0.4045,0.010765,0.0,0.0,0.0,0.0,0.0,0.0,0.0,0.0,0.0,0.0,0.0,10.189929328621893,19.65106007067138,0.1590106007067138,0.0,0.0,0.0,0.0,0.0,0.0,0.0,0.0,0.0,0.0,0.0,0.0,0.0,0.0,0.0,0.0,0.4043,0.01086,0.0,0.0,0.0,0.0,0.0,0.0,0.0,0.0,0.0,0.0,0.01403837154890033,10.683200748713134,19.232569021993452,0.07019185774450165,0.0,0.0,0.0,0.0,0.0,0.0,0.0,0.0,0.0,0.0,0.0,0.0,0.0,0.0,0.0,0.0
42300,4322,2204,0.5099490976399815,1031,878,0.44169366034243407,1208,0.5590004627487274,0.43,3.009915014164306,3.1723242377261283,6.717355371900826,2.1345902769783045,9404.998432108163,1521.426010146857,7853.0,10925.025682926178,10896.437941729346,7.046952188858936,7853.0,0.0,27.521749190189727,20.76228056380407,32.43460264900662,19.080204980102554,0.14113836186950485,0.1018047200370199,0.0962517353077279,0.0920869967607589,0.08236927348449792,0.07380842202683943,0.06385932438685793,0.06640444238778344,0.05460434983803795,0.051365108745950946,0.04604349838037945,0.03887089310504396,0.03123553910226747,0.026839426191577972,0.017584451642757983,0.008792225821378992,0.006941230911614993,0.9218115725350677,0.02294400628283462,0.0,0.0,0.0,0.0,0.0,0.0,0.0,0.0,0.0,0.0,0.0,0.0,0.0,0.0,0.0,0.0,0.0,0.0,0.0,0.0,0.0,0.0,0.0,0.0,0.0,0.31235539102267473,4.574271170754281,15.819065247570572,8.621008792225823,0.6732993984266544,4.329475587703436,2.9346620754600763,nan,nan,nan,4.340379008746356,2.929198912731353,4.318736539842067,2.93999342878752,0.9950136914631933,0.4043,0.01068,0.0,0.0,0.0,0.0,0.0,0.0,0.0,0.0,0.0,0.0,0.0,10.286904211013404,19.629801018047203,0.08329477093937993,0.0,0.0,0.0,0.0,0.0,0.0,0.0,0.0,0.0,0.0,0.0,0.0,0.0,0.0,0.0,0.0,nan,nan,4.329475587703436,2.9346620754600763,nan,0.4043,0.0508,0.0,0.0,0.0,0.0,0.0,0.0,0.0,0.0,0.0,0.0,0.0,0.0,0.0,0.0,0.0,0.0,0.0,0.0,0.0,0.0,0.0,0.0,0.0,0.0,0.0,0.0,0.0003007866728366497,3.4706154558074966e-05,0.0006247107820453494,0.006837112447940768,0.01883387320684868,0.014507172605275336,0.032785747339194815,0.030911614993058768,0.036776955113373436,0.03735539102267469,0.06494678389634428,0.04087228135122629,0.0700023137436372,0.0682438685793614,0.08712401665895418,0.08080749652938454,0.04991901897269783,0.061811661267931514,0.08715872281351227,0.06365108745950948,0.05371355853771402,0.031929662193428965,0.013546968995835261,0.01477325312355391,0.006247107820453493,0.0019435446552521982,0.00475474317445627,0.01618463674224896,0.00012725590004627487,0.0011568718186024988,0.0,0.0,0.0007519666820916242,0.0,0.0,0.0013651087459509487,0.0,0.0,0.0,0.0,0.0,0.0,0.0,0.0,0.0,0.0,0.0,0.0,0.0,0.0,0.0,0.0,0.0,0.0,0.0,0.0,0.0,0.0,0.0,0.0,0.0,0.0,0.0,0.0,0.0,0.0,0.0,0.0,0.0,0.0,0.0,0.0,0.0,0.0,0.0,nan,nan,4.329475587703436,2.9346620754600763,nan,0.9218345425901309,0.022787255370645153,0.0,0.0,0.0,0.0,0.0,0.0,0.0,0.0,0.0,0.0,0.0,0.0,0.0,0.0,0.0,0.0,0.0,0.0,0.0,0.0,0.0,0.0,0.0,0.0,0.0,0.2858439201451906,4.627949183303086,15.857531760435576,8.56170598911071,0.6669691470054447,0.9217876697959936,0.02310596870432665,0.0,0.0,0.0,0.0,0.0,0.0,0.0,0.0,0.0,0.0,0.0,0.0,0.0,0.0,0.0,0.0,0.0,0.0,0.0,0.0,0.0,0.0,0.0,0.0,0.0,0.339943342776204,4.518413597733712,15.77903682719547,8.682719546742211,0.679886685552408,0.4045,0.01062,0.0,0.0,0.0,0.0,0.0,0.0,0.0,0.0,0.0,0.0,0.0,9.9228675136116,19.981851179673324,0.09528130671506355,0.0,0.0,0.0,0.0,0.0,0.0,0.0,0.0,0.0,0.0,0.0,0.0,0.0,0.0,0.0,0.0,0.404,0.010735,0.0,0.0,0.0,0.0,0.0,0.0,0.0,0.0,0.0,0.0,0.0,10.665722379603384,19.263456090651562,0.07082152974504251,0.0,0.0,0.0,0.0,0.0,0.0,0.0,0.0,0.0,0.0,0.0,0.0,0.0,0.0,0.0,0.0
42400,4281,2210,0.5162345246437748,1025,912,0.4524643774818968,1229,0.5741649147395468,0.40199999999999997,2.9425398358281023,3.0311565951670483,6.4809688581314875,2.1924258804449277,9423.93130909603,1520.734874908406,7853.0,10923.102673530579,10896.05743630774,7.033142298424404,7853.0,0.0,27.73954683485167,20.58385459557758,32.51785220038749,18.845035735195655,0.13758467647745853,0.09670637701471618,0.09857509927587012,0.0889978976874562,0.08105582807755198,0.07801915440317683,0.06493809857509927,0.0644709180098108,0.057930390095772014,0.05746320953048353,0.04321420228918477,0.042980612006540526,0.03433777154870357,0.023125437981779958,0.015884139219808455,0.008409250175192713,0.006306937631394534,0.9217925782906511,0.022682840797907056,0.0,0.0,0.0,0.0,0.0,0.0,0.0,0.0,0.0,0.0,0.0,0.0,0.0,0.0,0.0,0.0,0.0,0.0,0.0,0.0,0.0,0.0,0.0,0.0,0.0,0.1822004204625088,4.954449894884374,15.690259285213738,8.514365802382622,0.6587245970567626,4.3063291139240505,2.8364419578569944,nan,nan,nan,4.3610108303249095,2.8114637148822164,4.253081943437273,2.8606345743645054,0.9752514059040768,0.4033,0.01067,0.0,0.0,0.0,0.0,0.0,0.0,0.0,0.0,0.0,0.0,0.0070077084793272616,11.513665031534671,18.437281009110023,0.042046250875963566,0.0,0.0,0.0,0.0,0.0,0.0,0.0,0.0,0.0,0.0,0.0,0.0,0.0,0.0,0.0,0.0,nan,nan,4.3063291139240505,2.8364419578569944,nan,0.4033,0.05096,0.0,0.0,0.0,0.0,0.0,0.0,0.0,0.0,0.0,0.0,0.0,0.0,0.0,0.0,0.0,0.0,0.0,0.0,0.0,0.0,0.0,0.0,0.0,0.0,0.0,0.0,0.0001401541695865452,4.67180565288484e-05,0.0004788600794206961,0.008093903293622985,0.019329595888811026,0.016654987152534453,0.03380051389862182,0.03035505722961925,0.03767811259051623,0.036965662228451296,0.06702873160476525,0.04385657556645643,0.06896753095071245,0.06691193646344312,0.08837888343844896,0.08373043681382855,0.0485517402476057,0.06145760336370007,0.08467647745853772,0.06128241065171689,0.05164681149264191,0.03091567390796543,0.011819668301798645,0.014097173557580004,0.006400373744452231,0.002289184769913572,0.005162345246437748,0.01546367671104882,0.0001284746554543331,0.0017052090633029667,0.0,2.33590282644242e-05,0.0008526045316514833,0.0,0.0,0.0011095538425601496,0.0,0.0,0.0,0.0,0.0,0.0,0.0,0.0,0.0,0.0,0.0,0.0,0.0,0.0,0.0,0.0,0.0,0.0,0.0,0.0,0.0,0.0,0.0,0.0,0.0,0.0,0.0,0.0,0.0,0.0,0.0,0.0,0.0,0.0,0.0,0.0,0.0,0.0,0.0,nan,nan,4.3063291139240505,2.8364419578569944,nan,0.9216984807635864,0.022603239227059643,0.0,0.0,0.0,0.0,0.0,0.0,0.0,0.0,0.0,0.0,0.0,0.0,0.0,0.0,0.0,0.0,0.0,0.0,0.0,0.0,0.0,0.0,0.0,0.0,0.0,0.14932126696832582,4.9547511312217205,15.96380090497738,8.266968325791856,0.6651583710407241,0.9218929913929267,0.022767049124032098,0.0,0.0,0.0,0.0,0.0,0.0,0.0,0.0,0.0,0.0,0.0,0.0,0.0,0.0,0.0,0.0,0.0,0.0,0.0,0.0,0.0,0.0,0.0,0.0,0.0,0.21728633510381465,4.954128440366973,15.398358281023663,8.77836793819411,0.6518590053114438,0.4033,0.01081,0.0,0.0,0.0,0.0,0.0,0.0,0.0,0.0,0.0,0.0,0.013574660633484167,11.375565610859711,18.583710407239824,0.027149321266968333,0.0,0.0,0.0,0.0,0.0,0.0,0.0,0.0,0.0,0.0,0.0,0.0,0.0,0.0,0.0,0.0,0.403,0.01053,0.0,0.0,0.0,0.0,0.0,0.0,0.0,0.0,0.0,0.0,0.0,11.661033317238031,18.281023660067603,0.05794302269435057,0.0,0.0,0.0,0.0,0.0,0.0,0.0,0.0,0.0,0.0,0.0,0.0,0.0,0.0,0.0,0.0
42500,4267,2188,0.5127724396531521,986,877,0.43660651511600657,1213,0.568549332083431,0.418,3.0134680134680134,3.109638609653362,6.554216867469879,2.152348182789312,9413.16802528655,1520.8180076568005,7853.0,10922.083877444267,10895.612871982497,6.892966077709141,7853.0,0.0,27.800796812749002,21.057838132683976,33.07822648969218,19.23561405673364,0.1488164987110382,0.09585188657136161,0.09327396297164284,0.0871806890086712,0.08108741504569955,0.07311928755565972,0.06538551675650339,0.0663229435200375,0.05812045933911413,0.04804312163112257,0.048277478322006094,0.03773142723224748,0.03468479025076166,0.022966955706585423,0.019451605343332554,0.011717834544176237,0.00796812749003984,0.9211618231056389,0.022743362997169756,0.0,0.0,0.0,0.0,0.0,0.0,0.0,0.0,0.0,0.0,0.0,0.0,0.0,0.0,0.0,0.0,0.0,0.0,0.0,0.0,0.0,0.0,0.0,0.0,0.0,0.1968596203421608,5.118350128896181,15.74173892664636,8.282165455823765,0.6608858682915398,4.344966936076414,2.8537120241985168,nan,nan,nan,4.2988929889298895,2.881157559944891,4.390636430138991,2.825503062109659,1.0213411781696708,0.403,0.010735,0.0,0.0,0.0,0.0,0.0,0.0,0.0,0.0,0.0,0.0,0.0,11.54441059292241,18.33606749472698,0.11952191235059764,0.0,0.0,0.0,0.0,0.0,0.0,0.0,0.0,0.0,0.0,0.0,0.0,0.0,0.0,0.0,0.0,nan,nan,4.344966936076414,2.8537120241985168,nan,0.403,0.0509,0.0,0.0,0.0,0.0,0.0,0.0,0.0,0.0,0.0,0.0,0.0,0.0,0.0,0.0,0.0,0.0,0.0,0.0,0.0,0.0,0.0,0.0,0.0,0.0,0.0,0.0,0.0005390203890321068,2.3435669088352474e-05,0.0005038668853995781,0.008741504569955472,0.017693930161706117,0.016240918678228262,0.03197797047105695,0.03060698382938833,0.03975861260838997,0.036852589641434265,0.06854933208343099,0.042395125380829624,0.06927583782516991,0.06713147410358565,0.08797750175767519,0.08575111319428169,0.05031638153269276,0.06172955237872041,0.0846144832434966,0.062385751113194284,0.049121162409186785,0.030372627138504804,0.010827279118818842,0.014002812280290603,0.006315912819310991,0.0026599484415280056,0.0052495898757909535,0.013733302085774548,1.1717834544176237e-05,0.0016170611670963207,0.0,7.030700726505741e-05,0.0011600656198734473,0.0,0.0,0.0017928286852589642,0.0,0.0,0.0,0.0,0.0,0.0,0.0,0.0,0.0,0.0,0.0,0.0,0.0,0.0,0.0,0.0,0.0,0.0,0.0,0.0,0.0,0.0,0.0,0.0,0.0,0.0,0.0,0.0,0.0,0.0,0.0,0.0,0.0,0.0,0.0,0.0,0.0,0.0,0.0,nan,nan,4.344966936076414,2.8537120241985168,nan,0.9204674673690656,0.022557907332779757,0.0,0.0,0.0,0.0,0.0,0.0,0.0,0.0,0.0,0.0,0.0,0.0,0.0,0.0,0.0,0.0,0.0,0.0,0.0,0.0,0.0,0.0,0.0,0.0,0.0,0.15082266910420478,5.498171846435102,15.904936014625232,7.815356489945157,0.6307129798903109,0.9218925832555293,0.022914209476959466,0.0,0.0,0.0,0.0,0.0,0.0,0.0,0.0,0.0,0.0,0.0,0.0,0.0,0.0,0.0,0.0,0.0,0.0,0.0,0.0,0.0,0.0,0.0,0.0,0.0,0.24531024531024537,4.718614718614719,15.569985569985574,8.773448773448775,0.6926406926406927,0.403,0.01065,0.0,0.0,0.0,0.0,0.0,0.0,0.0,0.0,0.0,0.0,0.0,11.599634369287003,18.290676416819014,0.10968921389396712,0.0,0.0,0.0,0.0,0.0,0.0,0.0,0.0,0.0,0.0,0.0,0.0,0.0,0.0,0.0,0.0,0.4033,0.01082,0.0,0.0,0.0,0.0,0.0,0.0,0.0,0.0,0.0,0.0,0.0,11.48629148629147,18.383838383838388,0.12987012987012989,0.0,0.0,0.0,0.0,0.0,0.0,0.0,0.0,0.0,0.0,0.0,0.0,0.0,0.0,0.0,0.0
42600,4288,2199,0.5128264925373134,999,882,0.4386660447761194,1212,0.5652985074626866,0.41,2.9569171852561036,3.0516632217045494,6.399339933993399,2.1214602573979104,9413.332076667488,1520.8137305087387,7853.0,10917.678400814533,10895.612071282487,7.035040507766544,7853.0,0.0,27.88409514925373,21.081472838388752,32.88307349665924,19.389706437196416,0.14015858208955223,0.10680970149253731,0.0865205223880597,0.08908582089552239,0.0853544776119403,0.07509328358208955,0.06716417910447761,0.060167910447761194,0.056669776119402986,0.049906716417910446,0.04337686567164179,0.03731343283582089,0.03731343283582089,0.028218283582089554,0.016791044776119403,0.012593283582089552,0.007462686567164179,0.9216924150849679,0.023257920564022806,0.0,0.0,0.0,0.0,0.0,0.0,0.0,0.0,0.0,0.0,0.0,0.0,0.0,0.0,0.0,0.0,0.0,0.0,0.0,0.0,0.0,0.0,0.0,0.0,0.0,0.27985074626865675,4.9393656716417915,15.342817164179108,8.738339552238807,0.6996268656716419,4.285402257007645,2.8285715689512414,nan,nan,nan,4.329454545454546,2.790341405101676,4.2412536443148685,2.865694478197231,0.9796277105548369,0.4016,0.01054,0.0,0.0,0.0,0.0,0.0,0.0,0.0,0.0,0.0,0.0,0.0,13.215951492537295,16.742070895522392,0.04197761194029851,0.0,0.0,0.0,0.0,0.0,0.0,0.0,0.0,0.0,0.0,0.0,0.0,0.0,0.0,0.0,0.0,nan,nan,4.285402257007645,2.8285715689512414,nan,0.4016,0.0506,0.0,0.0,0.0,0.0,0.0,0.0,0.0,0.0,0.0,0.0,0.0,0.0,0.0,0.0,0.0,0.0,0.0,0.0,0.0,0.0,0.0,0.0,0.0,0.0,1.166044776119403e-05,0.0,0.000384794776119403,3.498134328358209e-05,0.0008628731343283582,0.009153451492537313,0.018493470149253732,0.015881529850746267,0.03669542910447761,0.031529850746268656,0.04231576492537313,0.03523787313432836,0.06925139925373135,0.043540111940298505,0.07242304104477612,0.0667910447761194,0.08668376865671641,0.08482975746268656,0.04897388059701493,0.06298973880597016,0.08387360074626865,0.056564832089552236,0.04884561567164179,0.03015391791044776,0.011532182835820895,0.012744869402985075,0.006506529850746269,0.002681902985074627,0.00492070895522388,0.01304804104477612,5.830223880597015e-05,0.0011660447761194029,0.0,8.162313432835821e-05,0.000396455223880597,0.0,0.0,0.0013409514925373134,0.0,0.0,0.0,0.0,0.0,0.0,0.0,0.0,0.0,0.0,0.0,0.0,0.0,0.0,0.0,0.0,0.0,0.0,0.0,0.0,0.0,0.0,0.0,0.0,0.0,0.0,0.0,0.0,0.0,0.0,0.0,0.0,0.0,0.0,0.0,0.0,0.0,0.0,0.0,nan,nan,4.285402257007645,2.8285715689512414,nan,0.9218363844302092,0.023123617748168922,0.0,0.0,0.0,0.0,0.0,0.0,0.0,0.0,0.0,0.0,0.0,0.0,0.0,0.0,0.0,0.0,0.0,0.0,0.0,0.0,0.0,0.0,0.0,0.0,0.0,0.2592087312414734,4.815825375170533,15.511596180081858,8.785811732605731,0.6275579809004094,0.9215408647785123,0.023397505467997386,0.0,0.0,0.0,0.0,0.0,0.0,0.0,0.0,0.0,0.0,0.0,0.0,0.0,0.0,0.0,0.0,0.0,0.0,0.0,0.0,0.0,0.0,0.0,0.0,0.0,0.3015797032072763,5.069411201531834,15.165150789851607,8.68836764001915,0.775490665390139,0.4016,0.01062,0.0,0.0,0.0,0.0,0.0,0.0,0.0,0.0,0.0,0.0,0.0,13.124147339699846,16.807639836289226,0.06821282401091407,0.0,0.0,0.0,0.0,0.0,0.0,0.0,0.0,0.0,0.0,0.0,0.0,0.0,0.0,0.0,0.0,0.4016,0.01044,0.0,0.0,0.0,0.0,0.0,0.0,0.0,0.0,0.0,0.0,0.0,13.31258975586403,16.67304930588799,0.014360938247965537,0.0,0.0,0.0,0.0,0.0,0.0,0.0,0.0,0.0,0.0,0.0,0.0,0.0,0.0,0.0,0.0
42700,4171,2150,0.5154639175257731,1011,853,0.44689522896187966,1186,0.5686885638935507,0.418,2.9826818406729343,3.059721721589939,6.336666666666667,2.183267174570157,9421.176401885614,1520.4118579923934,7853.0,10921.376353561878,10895.262219658092,7.0505907070996505,7853.0,0.0,28.338767681611124,21.161005114145063,33.43850114416476,19.31186585938351,0.14337089426995925,0.09422200911052506,0.09470151042915367,0.08319347878206665,0.0805562215296092,0.06856868856389355,0.06665068328937905,0.061376168784464155,0.06161591944377847,0.05969791416926397,0.04818988252217694,0.03931910812754735,0.030927835051546393,0.02996883241428914,0.019659554063773677,0.009829777031886838,0.008151522416686647,0.9212200489297985,0.02311184682925183,0.0,0.0,0.0,0.0,0.0,0.0,0.0,0.0,0.0,0.0,0.0,0.0,0.0,0.0,0.0,0.0,0.0,0.0,0.0,0.0,0.0,0.0,0.0,0.0,0.007192519779429395,0.32366339007432277,4.948453608247424,15.715655718053227,8.364900503476386,0.6401342603692162,4.193536540580243,2.8361424668411295,nan,nan,nan,4.1579710144927535,2.8393664223413047,4.230081906180193,2.832360690642873,1.0173428076906008,0.4011,0.01052,0.0,0.0,0.0,0.0,0.0,0.0,0.0,0.0,0.0,0.0,0.0,13.809637976504415,16.14720690481899,0.04315511867657637,0.0,0.0,0.0,0.0,0.0,0.0,0.0,0.0,0.0,0.0,0.0,0.0,0.0,0.0,0.0,0.0,nan,nan,4.193536540580243,2.8361424668411295,nan,0.4011,0.05087,0.0,0.0,0.0,0.0,0.0,0.0,0.0,0.0,0.0,0.0,0.0,0.0,0.0,0.0,0.0,0.0,0.0,0.0,0.0,0.0,0.0,0.0,0.0,0.0,0.0,0.0,0.0003236633900743227,0.0,0.0008511148405658115,0.00830736034524095,0.019239990409973626,0.017561735794773436,0.0411172380724047,0.030232558139534883,0.04133301366578758,0.03638216255094701,0.06698633421241909,0.04171661472069048,0.07271637497003117,0.07203308559098537,0.08741309038599857,0.08533924718292975,0.04689522896187964,0.06486454087748741,0.08272596499640374,0.05340445936226325,0.04832174538479981,0.02950131862862623,0.009985614960441142,0.011244305921841285,0.0066890433948693356,0.0025173819228002875,0.00557420282905778,0.012958523135938625,1.1987532965715656e-05,0.0009949652361543994,0.0,0.0001318628626228722,0.0006233517142172141,0.0,0.0,0.0020019180052745144,0.0,0.0,0.0,0.0,0.0,0.0,0.0,0.0,0.0,0.0,0.0,0.0,0.0,0.0,0.0,0.0,0.0,0.0,0.0,0.0,0.0,0.0,0.0,0.0,0.0,0.0,0.0,0.0,0.0,0.0,0.0,0.0,0.0,0.0,0.0,0.0,0.0,0.0,0.0,nan,nan,4.193536540580243,2.8361424668411295,nan,0.9213358928713687,0.023117252434072456,0.0,0.0,0.0,0.0,0.0,0.0,0.0,0.0,0.0,0.0,0.0,0.0,0.0,0.0,0.0,0.0,0.0,0.0,0.0,0.0,0.0,0.0,0.0,0.0,0.013953488372093027,0.3069767441860466,5.106976744186047,15.474418604651166,8.539534883720933,0.558139534883721,0.9210968106940853,0.02310545720662764,0.0,0.0,0.0,0.0,0.0,0.0,0.0,0.0,0.0,0.0,0.0,0.0,0.0,0.0,0.0,0.0,0.0,0.0,0.0,0.0,0.0,0.0,0.0,0.0,0.0,0.34141514101929743,4.779811974270165,15.972290945076699,8.179119247897082,0.727362691736764,0.401,0.01047,0.0,0.0,0.0,0.0,0.0,0.0,0.0,0.0,0.0,0.0,0.0,13.93953488372091,16.018604651162793,0.041860465116279076,0.0,0.0,0.0,0.0,0.0,0.0,0.0,0.0,0.0,0.0,0.0,0.0,0.0,0.0,0.0,0.0,0.4014,0.010574,0.0,0.0,0.0,0.0,0.0,0.0,0.0,0.0,0.0,0.0,0.0,13.671449777337932,16.28401781296388,0.04453240969816923,0.0,0.0,0.0,0.0,0.0,0.0,0.0,0.0,0.0,0.0,0.0,0.0,0.0,0.0,0.0,0.0
42800,4040,2066,0.5113861386138614,967,800,0.4373762376237624,1132,0.5603960396039604,0.43,3.0217831813576495,3.1478320584631834,6.622340425531915,2.1456530815865373,9408.656971414019,1520.634207463655,7853.0,10920.646821200848,10895.039769851226,7.216286999348642,7853.0,0.0,27.9240099009901,20.866903012820007,32.915559492175966,19.09460735703944,0.13935643564356437,0.09950495049504951,0.09554455445544555,0.0891089108910891,0.07698019801980198,0.06782178217821783,0.07698019801980198,0.060396039603960394,0.06188118811881188,0.05099009900990099,0.049752475247524755,0.038366336633663366,0.034653465346534656,0.02524752475247525,0.01485148514851485,0.010148514851485149,0.008415841584158416,0.9202305224714893,0.02328232300734843,0.0,0.0,0.0,0.0,0.0,0.0,0.0,0.0,0.0,0.0,0.0,0.0,0.0,0.0,0.0,0.0,0.0,0.0,0.0,0.0,0.0,0.0,0.0,0.0,0.0,0.34158415841584167,5.621287128712872,15.371287128712876,8.012376237623764,0.6534653465346536,4.393271461716937,2.9190577707408623,nan,nan,nan,4.391304347826087,2.8990229946520722,4.39522342064715,2.9388018880387676,1.0008924621275688,0.4011,0.01029,0.0,0.0,0.0,0.0,0.0,0.0,0.0,0.0,0.0,0.0,0.0,13.678217821782159,16.284653465346537,0.037128712871287134,0.0,0.0,0.0,0.0,0.0,0.0,0.0,0.0,0.0,0.0,0.0,0.0,0.0,0.0,0.0,0.0,nan,nan,4.393271461716937,2.9190577707408623,nan,0.4011,0.0505,0.0,0.0,0.0,0.0,0.0,0.0,0.0,0.0,0.0,0.0,0.0,0.0,0.0,0.0,0.0,0.0,0.0,0.0,0.0,0.0,0.0,0.0,0.0,1.2376237623762377e-05,0.0,0.0,0.00028465346534653464,3.712871287128713e-05,0.0009777227722772277,0.008663366336633664,0.018972772277227722,0.015321782178217822,0.039455445544554456,0.03181930693069307,0.04366336633663366,0.034900990099009904,0.06543316831683169,0.04233910891089109,0.0718069306930693,0.07228960396039603,0.08799504950495049,0.08715346534653465,0.047722772277227724,0.06657178217821783,0.07985148514851485,0.05568069306930693,0.048613861386138615,0.02863861386138614,0.008688118811881189,0.010680693069306932,0.00775990099009901,0.0028712871287128712,0.006089108910891089,0.012834158415841583,0.0,0.0008415841584158416,0.0,0.0002599009900990099,0.00028465346534653464,0.0,0.0,0.0014603960396039604,2.4752475247524754e-05,0.0,0.0,0.0,0.0,0.0,0.0,0.0,0.0,0.0,0.0,0.0,0.0,0.0,0.0,0.0,0.0,0.0,0.0,0.0,0.0,0.0,0.0,0.0,0.0,0.0,0.0,0.0,0.0,0.0,0.0,0.0,0.0,0.0,0.0,0.0,0.0,0.0,0.0,nan,nan,4.393271461716937,2.9190577707408623,nan,0.9203717949775851,0.023599882457625572,0.0,0.0,0.0,0.0,0.0,0.0,0.0,0.0,0.0,0.0,0.0,0.0,0.0,0.0,0.0,0.0,0.0,0.0,0.0,0.0,0.0,0.0,0.0,0.0,0.0,0.31945788964182,5.575992255566312,15.406582768635047,7.942884801548889,0.7550822846079382,0.9200826658364366,0.0229443253228694,0.0,0.0,0.0,0.0,0.0,0.0,0.0,0.0,0.0,0.0,0.0,0.0,0.0,0.0,0.0,0.0,0.0,0.0,0.0,0.0,0.0,0.0,0.0,0.0,0.0,0.36474164133738607,5.668693009118542,15.334346504559274,8.085106382978726,0.5471124620060791,0.4011,0.01023,0.0,0.0,0.0,0.0,0.0,0.0,0.0,0.0,0.0,0.0,0.0,13.794772507260387,16.14714424007745,0.058083252662149094,0.0,0.0,0.0,0.0,0.0,0.0,0.0,0.0,0.0,0.0,0.0,0.0,0.0,0.0,0.0,0.0,0.4014,0.01036,0.0,0.0,0.0,0.0,0.0,0.0,0.0,0.0,0.0,0.0,0.0,13.556231003039493,16.42857142857143,0.015197568389057755,0.0,0.0,0.0,0.0,0.0,0.0,0.0,0.0,0.0,0.0,0.0,0.0,0.0,0.0,0.0,0.0
42900,4131,2180,0.5277172597434036,1033,822,0.44904381505688695,1153,0.5582183490680223,0.422,3.133777549974372,3.200147682030482,6.746478873239437,2.2421588556702896,9458.443300093153,1518.790701080245,7853.0,10927.54515016079,10895.241409488446,7.191903716778184,7853.0,0.0,28.269426289034133,20.92534440285728,33.28863898500577,19.07878457527282,0.1394335511982571,0.09513435003631082,0.09392398934882595,0.08520939239893488,0.07601065117404987,0.07891551682401356,0.06584362139917696,0.06608569353667393,0.061486322924231424,0.05107722101186153,0.05228758169934641,0.03558460421205519,0.03534253207455822,0.02880658436213992,0.019365770999757927,0.009198741224885015,0.006293875574921327,0.9196204749298742,0.023342238684130736,0.0,0.0,0.0,0.0,0.0,0.0,0.0,0.0,0.0,0.0,0.0,0.0,0.0,0.0,0.0,0.0,0.0,0.0,0.0,0.0,0.0,0.0,0.0,0.0,0.007262164124909225,0.3267973856209151,5.61365286855483,15.889615105301383,7.567175018155412,0.5954974582425564,4.337681699590012,2.940334765853315,nan,nan,nan,4.336545589325426,2.933815058076006,4.339834958739685,2.9477895852024187,1.0007585229640743,0.402,0.01053,0.0,0.0,0.0,0.0,0.0,0.0,0.0,0.0,0.0,0.0,0.0,12.483660130718937,17.472766884531595,0.04357298474945535,0.0,0.0,0.0,0.0,0.0,0.0,0.0,0.0,0.0,0.0,0.0,0.0,0.0,0.0,0.0,0.0,nan,nan,4.337681699590012,2.940334765853315,nan,0.402,0.0509,0.0,0.0,0.0,0.0,0.0,0.0,0.0,0.0,0.0,0.0,0.0,0.0,0.0,0.0,0.0,0.0,0.0,0.0,0.0,0.0,0.0,0.0,0.0,0.0,0.0,0.0,0.0003025901718712176,3.6310820624546116e-05,0.0005688695231178891,0.008823529411764706,0.016957153231663035,0.015432098765432098,0.0387678528201404,0.03126361655773421,0.04467441297506657,0.03179617526022755,0.06712660372791092,0.04184216896635197,0.07229484386347132,0.07349310094408133,0.08671023965141612,0.0859114015976761,0.04596949891067538,0.06619462599854757,0.07700314693778747,0.05751633986928104,0.05106511740498668,0.030597918179617527,0.00906560154926168,0.011353183248608085,0.008387799564270153,0.0032074558218349067,0.0060518034374243525,0.014366981360445412,2.420721374969741e-05,0.0009682885499878964,0.0,0.00033890099249576374,0.00020576131687242798,0.0,0.0,0.00168240135560397,0.0,0.0,0.0,0.0,0.0,0.0,0.0,0.0,0.0,0.0,0.0,0.0,0.0,0.0,0.0,0.0,0.0,0.0,0.0,0.0,0.0,0.0,0.0,0.0,0.0,0.0,0.0,0.0,0.0,0.0,0.0,0.0,0.0,0.0,0.0,0.0,0.0,0.0,0.0,nan,nan,4.337681699590012,2.940334765853315,nan,0.920042058032587,0.023433582254905518,0.0,0.0,0.0,0.0,0.0,0.0,0.0,0.0,0.0,0.0,0.0,0.0,0.0,0.0,0.0,0.0,0.0,0.0,0.0,0.0,0.0,0.0,0.0,0.0,0.01376146788990826,0.2752293577981652,5.600917431192661,15.550458715596333,7.899082568807341,0.6605504587155965,0.9191494082133627,0.023230700181972437,0.0,0.0,0.0,0.0,0.0,0.0,0.0,0.0,0.0,0.0,0.0,0.0,0.0,0.0,0.0,0.0,0.0,0.0,0.0,0.0,0.0,0.0,0.0,0.0,0.0,0.3844182470527935,5.627883136852897,16.268580215274223,7.196309584828295,0.5228088159917992,0.402,0.01027,0.0,0.0,0.0,0.0,0.0,0.0,0.0,0.0,0.0,0.0,0.0,12.344036697247688,17.62844036697248,0.02752293577981652,0.0,0.0,0.0,0.0,0.0,0.0,0.0,0.0,0.0,0.0,0.0,0.0,0.0,0.0,0.0,0.0,0.4023,0.01081,0.0,0.0,0.0,0.0,0.0,0.0,0.0,0.0,0.0,0.0,0.0,12.63967196309583,17.29882111737571,0.06150691952844697,0.0,0.0,0.0,0.0,0.0,0.0,0.0,0.0,0.0,0.0,0.0,0.0,0.0,0.0,0.0,0.0
43000,4334,2282,0.5265343793262575,1032,860,0.4365482233502538,1204,0.5556068297185048,0.418,3.1125730994152048,3.1765002452399247,6.729776247848537,2.1678986672624836,9454.756713164461,1518.9022870907697,7853.0,10919.916100084782,10895.074318516552,6.995125918949488,7853.0,0.0,27.546377480387633,20.85104498806334,32.7180127671385,19.072611307151007,0.14559298569450854,0.10498384863867097,0.09067835717581911,0.0853714813105676,0.08029533917858792,0.07268112598061836,0.07360406091370558,0.05999077065066913,0.05445316105214582,0.05422242731887402,0.048223350253807105,0.04037840332256576,0.03022611905860637,0.023304107060452238,0.019381633594831565,0.009229349330872173,0.007383479464697739,0.9196539084015763,0.022850718207513575,0.0,0.0,0.0,0.0,0.0,0.0,0.0,0.0,0.0,0.0,0.0,0.0,0.0,0.0,0.0,0.0,0.0,0.0,0.0,0.0,0.0,0.0,0.0,0.0,0.006922011998154132,0.2838024919243194,5.669127826488233,16.003691739732353,7.475772958006462,0.5606829718504847,4.429403202328967,2.886203203273557,nan,nan,nan,4.420975965040058,2.8610292959602726,4.437818181818182,2.9110989433290033,1.0038096150966003,0.402,0.01056,0.0,0.0,0.0,0.0,0.0,0.0,0.0,0.0,0.0,0.0,0.013844023996308264,12.632671896631269,17.31887401938164,0.03461005999077066,0.0,0.0,0.0,0.0,0.0,0.0,0.0,0.0,0.0,0.0,0.0,0.0,0.0,0.0,0.0,0.0,nan,nan,4.429403202328967,2.886203203273557,nan,0.402,0.05087,0.0,0.0,0.0,0.0,0.0,0.0,0.0,0.0,0.0,0.0,0.0,0.0,0.0,0.0,0.0,0.0,0.0,0.0,0.0,0.0,0.0,0.0,0.0,0.0,0.0,0.0,0.0003691739732348869,1.1536686663590216e-05,0.00029995385325334563,0.00902168897092755,0.01716658975542224,0.016312874942316567,0.03765574526995847,0.0319566220581449,0.04472773419473927,0.032256575911398244,0.06625519150899861,0.041705122288878634,0.07140055376095986,0.0733502538071066,0.0867789570835256,0.08636363636363636,0.047392708814028614,0.06495154591601292,0.07566912782648823,0.05797185048454084,0.05081910475311491,0.030583756345177664,0.008848638670973696,0.011732810336871251,0.010532994923857867,0.0033341024457775727,0.005364559298569451,0.014513151822796493,0.0,0.0007844946931241347,0.0,0.0001961236732810337,0.0003230272265805261,0.0,0.0,0.0013497923396400553,0.0,0.0,0.0,0.0,0.0,0.0,0.0,0.0,0.0,0.0,0.0,0.0,0.0,0.0,0.0,0.0,0.0,0.0,0.0,0.0,0.0,0.0,0.0,0.0,0.0,0.0,0.0,0.0,0.0,0.0,0.0,0.0,0.0,0.0,0.0,0.0,0.0,0.0,0.0,nan,nan,4.429403202328967,2.886203203273557,nan,0.9193550373095363,0.023184349119236614,0.0,0.0,0.0,0.0,0.0,0.0,0.0,0.0,0.0,0.0,0.0,0.0,0.0,0.0,0.0,0.0,0.0,0.0,0.0,0.0,0.0,0.0,0.0,0.0,0.013146362839614376,0.3943908851884313,5.929009640666084,15.578439964943035,7.532865907099038,0.5521472392638038,0.9199862786900928,0.02246920784345921,0.0,0.0,0.0,0.0,0.0,0.0,0.0,0.0,0.0,0.0,0.0,0.0,0.0,0.0,0.0,0.0,0.0,0.0,0.0,0.0,0.0,0.0,0.0,0.0,0.0,0.16081871345029242,5.3801169590643285,16.476608187134506,7.412280701754388,0.5701754385964913,0.402,0.010605,0.0,0.0,0.0,0.0,0.0,0.0,0.0,0.0,0.0,0.0,0.026292725679228753,12.64680105170901,17.261174408413677,0.06573181419807188,0.0,0.0,0.0,0.0,0.0,0.0,0.0,0.0,0.0,0.0,0.0,0.0,0.0,0.0,0.0,0.0,0.402,0.0105,0.0,0.0,0.0,0.0,0.0,0.0,0.0,0.0,0.0,0.0,0.0,12.616959064327467,17.38304093567252,0.0,0.0,0.0,0.0,0.0,0.0,0.0,0.0,0.0,0.0,0.0,0.0,0.0,0.0,0.0,0.0,0.0
43100,4273,2243,0.5249239410250409,1032,872,0.4455885794523754,1208,0.5654107184647789,0.41,2.9901477832512313,3.100754949838553,6.583187390542907,2.178062330328776,9449.875743181943,1519.1723362853525,7853.0,10922.83599615097,10895.108805446474,7.167501695342221,7853.0,0.0,28.21553943365317,21.049530303457203,33.21438528017842,19.27563436600074,0.13971448630938452,0.09992979171542242,0.090802714720337,0.08284577580154458,0.07910133395740697,0.07652703018956236,0.07184647788439036,0.06131523519775334,0.05640065527732272,0.057102738123098525,0.0437631640533583,0.0435291364380997,0.03276386613620407,0.02761525860051486,0.018956236835946643,0.00889304937982682,0.00889304937982682,0.9189313619024659,0.02302134255311158,0.0,0.0,0.0,0.0,0.0,0.0,0.0,0.0,0.0,0.0,0.0,0.0,0.0,0.0,0.0,0.0,0.0,0.0,0.0,0.0,0.0,0.0,0.0,0.0,0.0,0.4352913643809971,5.700912707699509,15.782822373040021,7.610578048209691,0.47039550666978713,4.276634163958108,2.908505989223549,nan,nan,nan,4.318480642804968,2.964748136328027,4.235167977126519,2.8527891291231637,0.9807078756235121,0.4026,0.010376,0.0,0.0,0.0,0.0,0.0,0.0,0.0,0.0,0.0,0.0,0.014041656915516034,12.377720571027364,17.5590919728528,0.049145799204306125,0.0,0.0,0.0,0.0,0.0,0.0,0.0,0.0,0.0,0.0,0.0,0.0,0.0,0.0,0.0,0.0,nan,nan,4.276634163958108,2.908505989223549,nan,0.4026,0.051,0.0,0.0,0.0,0.0,0.0,0.0,0.0,0.0,0.0,0.0,0.0,0.0,0.0,0.0,0.0,0.0,0.0,0.0,0.0,0.0,0.0,0.0,0.0,0.0,1.1701380762930026e-05,0.0,0.00022232623449567048,1.1701380762930026e-05,0.00014041656915516032,0.009712146033231922,0.016475544114205477,0.016124502691317575,0.03910601450971215,0.03086824245260941,0.04445354551837117,0.03449567048911772,0.0635267961619471,0.04095483267025509,0.06583196817224432,0.07292300491457993,0.08802948747952258,0.08750292534519073,0.0492979171542242,0.06528200327638661,0.07648022466651065,0.05665808565410718,0.05195413058740932,0.030248069272174116,0.00911537561432249,0.012777907793119589,0.012344956704891177,0.003487011467353148,0.005675169670021063,0.01395974725017552,5.850690381465013e-05,0.000924409080271472,1.1701380762930026e-05,4.6805523051720103e-05,0.0003042358998361807,0.00012871518839223029,0.0,0.0008542007956938919,0.0,0.0,0.0,0.0,0.0,0.0,0.0,0.0,0.0,0.0,0.0,0.0,0.0,0.0,0.0,0.0,0.0,0.0,0.0,0.0,0.0,0.0,0.0,0.0,0.0,0.0,0.0,0.0,0.0,0.0,0.0,0.0,0.0,0.0,0.0,0.0,0.0,0.0,0.0,nan,nan,4.276634163958108,2.908505989223549,nan,0.9190912458495907,0.023310603823735017,0.0,0.0,0.0,0.0,0.0,0.0,0.0,0.0,0.0,0.0,0.0,0.0,0.0,0.0,0.0,0.0,0.0,0.0,0.0,0.0,0.0,0.0,0.0,0.0,0.0,0.4681230494872939,5.630851538118593,15.809184128399469,7.610343290236292,0.48149799375835944,0.9187547019549779,0.022696133983203932,0.0,0.0,0.0,0.0,0.0,0.0,0.0,0.0,0.0,0.0,0.0,0.0,0.0,0.0,0.0,0.0,0.0,0.0,0.0,0.0,0.0,0.0,0.0,0.0,0.0,0.3990147783251233,5.77832512315271,15.753694581280792,7.610837438423647,0.4581280788177341,0.4026,0.01008,0.0,0.0,0.0,0.0,0.0,0.0,0.0,0.0,0.0,0.0,0.01337494427106554,12.38519839500667,17.534551939366924,0.0668747213553277,0.0,0.0,0.0,0.0,0.0,0.0,0.0,0.0,0.0,0.0,0.0,0.0,0.0,0.0,0.0,0.0,0.4026,0.010704,0.0,0.0,0.0,0.0,0.0,0.0,0.0,0.0,0.0,0.0,0.014778325123152712,12.369458128078799,17.586206896551726,0.029556650246305424,0.0,0.0,0.0,0.0,0.0,0.0,0.0,0.0,0.0,0.0,0.0,0.0,0.0,0.0,0.0,0.0
43200,4387,2300,0.5242762708000912,1105,891,0.45498062457260086,1223,0.5575564166856621,0.418,2.961188308576905,3.0642267388274727,6.5874125874125875,2.0089961008593646,9447.954351977454,1519.3158489411815,7853.0,10918.110017955303,10895.20206179352,7.12506301281188,7853.0,0.0,27.891725552769547,20.698402881412143,32.68819238043772,18.976500876592763,0.13494415317984956,0.105767038978801,0.08958285844540688,0.08502393435149305,0.08274447230453613,0.07932527923410075,0.07043537725096877,0.06336904490540232,0.05744244358331434,0.04878048780487805,0.04946432641896512,0.038750854798267606,0.03510371552313654,0.02644175974470025,0.019375427399133803,0.00752222475495783,0.0059266013220879874,0.9189643345472616,0.023440979678899423,0.0,0.0,0.0,0.0,0.0,0.0,0.0,0.0,0.0,0.0,0.0,0.0,0.0,0.0,0.0,0.0,0.0,0.0,0.0,0.0,0.0,0.0,0.0,0.0,0.0,0.307727376339184,5.969911100980171,15.618873945748806,7.494871210394349,0.6086163665374973,4.2014716187806584,2.850340457123334,nan,nan,nan,4.2323303009097275,2.8134021874783612,4.17064606741573,2.887586397075319,0.9854254679790142,0.4026,0.010605,0.0,0.0,0.0,0.0,0.0,0.0,0.0,0.0,0.0,0.0,0.0,12.151812172327313,17.74561203555961,0.10257579211306134,0.0,0.0,0.0,0.0,0.0,0.0,0.0,0.0,0.0,0.0,0.0,0.0,0.0,0.0,0.0,0.0,nan,nan,4.2014716187806584,2.850340457123334,nan,0.4026,0.0507,0.0,0.0,0.0,0.0,0.0,0.0,0.0,0.0,0.0,0.0,0.0,0.0,0.0,0.0,0.0,0.0,0.0,0.0,0.0,0.0,0.0,0.0,0.0,0.0,0.0,1.1397310234784591e-05,0.0001253704125826305,4.5589240939138365e-05,0.0004900843400957374,0.008388420332801459,0.014850695235924322,0.01702758149076818,0.03819238659676316,0.031445178937770685,0.04522452701162526,0.03447686346022339,0.06344882607704581,0.03879644403920675,0.0684180533394119,0.07488032824253477,0.09152040118532026,0.08725780715751083,0.05084340095737406,0.06287896056530659,0.07260086619557785,0.059300205151584226,0.051709596535217686,0.02907453840893549,0.008924093913836334,0.012126738089810804,0.012502849327558695,0.0032938226578527467,0.005653065876453157,0.014166856621837247,0.0001481650330521997,0.000752222475495783,0.0,0.00011397310234784591,0.00041030316845224525,0.0001367677228174151,0.0,0.0007636197857305676,0.0,0.0,0.0,0.0,0.0,0.0,0.0,0.0,0.0,0.0,0.0,0.0,0.0,0.0,0.0,0.0,0.0,0.0,0.0,0.0,0.0,0.0,0.0,0.0,0.0,0.0,0.0,0.0,0.0,0.0,0.0,0.0,0.0,0.0,0.0,0.0,0.0,0.0,0.0,nan,nan,4.2014716187806584,2.850340457123334,nan,0.9193913237167441,0.02354514279480522,0.0,0.0,0.0,0.0,0.0,0.0,0.0,0.0,0.0,0.0,0.0,0.0,0.0,0.0,0.0,0.0,0.0,0.0,0.0,0.0,0.0,0.0,0.0,0.0,0.0,0.3260869565217392,5.8695652173913055,15.586956521739134,7.53913043478261,0.6782608695652176,0.9184937667035576,0.02331659151550013,0.0,0.0,0.0,0.0,0.0,0.0,0.0,0.0,0.0,0.0,0.0,0.0,0.0,0.0,0.0,0.0,0.0,0.0,0.0,0.0,0.0,0.0,0.0,0.0,0.0,0.28749401054144713,6.080498322951607,15.654048873981795,7.446094873023481,0.5318639195016771,0.4026,0.01095,0.0,0.0,0.0,0.0,0.0,0.0,0.0,0.0,0.0,0.0,0.0,12.260869565217375,17.608695652173918,0.13043478260869568,0.0,0.0,0.0,0.0,0.0,0.0,0.0,0.0,0.0,0.0,0.0,0.0,0.0,0.0,0.0,0.0,0.4026,0.01021,0.0,0.0,0.0,0.0,0.0,0.0,0.0,0.0,0.0,0.0,0.0,12.031624341159542,17.89650215620508,0.07187350263536178,0.0,0.0,0.0,0.0,0.0,0.0,0.0,0.0,0.0,0.0,0.0,0.0,0.0,0.0,0.0,0.0
43300,4739,2401,0.5066469719350074,1169,965,0.4503059717239924,1341,0.5659421818949145,0.39399999999999996,2.9118905047048758,3.044146906218898,6.403007518796993,2.0925912938870166,9394.32545925852,1520.9778947672808,7853.0,10924.09916394949,10895.20797643737,7.069523811796612,7853.0,0.0,28.102553281282972,20.876571116635755,33.108930817610066,19.066225747789048,0.14053597805444187,0.09580080185693184,0.09537877189280439,0.08651614264612788,0.07533234859675036,0.0732221987761131,0.07216712386579448,0.0668917493142013,0.05845115003165225,0.05359780544418654,0.04431314623338257,0.04093690652036294,0.03376239713019624,0.028698037560666807,0.018569318421607934,0.00970668917493142,0.006119434479848069,0.9193615904083783,0.022974968958425535,0.0,0.0,0.0,0.0,0.0,0.0,0.0,0.0,0.0,0.0,0.0,0.0,0.0,0.0,0.0,0.0,0.0,0.0,0.0,0.0,0.0,0.0,0.0,0.0,0.0,0.31652247309558984,5.735387212492088,15.655201519307873,7.748470141380039,0.5444186537244146,4.221681272314184,2.8319588294592997,nan,nan,nan,4.3276315789473685,2.8691690840183997,4.11474358974359,2.7883067301560045,0.9508072752219909,0.4026,0.01064,0.0,0.0,0.0,0.0,0.0,0.0,0.0,0.0,0.0,0.0,0.0,12.376028698037542,17.522684110571852,0.10128719139058875,0.0,0.0,0.0,0.0,0.0,0.0,0.0,0.0,0.0,0.0,0.0,0.0,0.0,0.0,0.0,0.0,nan,nan,4.221681272314184,2.8319588294592997,nan,0.4026,0.05075,0.0,0.0,0.0,0.0,0.0,0.0,0.0,0.0,0.0,0.0,0.0,0.0,0.0,0.0,0.0,0.0,0.0,0.0,0.0,0.0,0.0,0.0,0.0,0.0,0.0,0.0,0.00021101498206372652,0.0,0.00046423296054019835,0.008630512766406416,0.014686642751635367,0.017566997256805234,0.038383625237391854,0.030491664908208482,0.04701413800379827,0.0337201941337835,0.0653618906942393,0.036463388900611945,0.06584722515298586,0.07362312724203418,0.09339523106140536,0.087033129352184,0.05209959907153408,0.06279805866216501,0.0688963916438067,0.060846170078075544,0.055792361257649296,0.029014560033762397,0.00847225152985862,0.012998522895125554,0.011563621017092213,0.0032285292255750156,0.005834564254062038,0.013072378138847858,0.00022156573116691286,0.0008546106773580925,1.0550749103186326e-05,0.0,0.0003587254695083351,0.00023211648027009917,0.0,0.0008124076809453471,0.0,0.0,0.0,0.0,0.0,0.0,0.0,0.0,0.0,0.0,0.0,0.0,0.0,0.0,0.0,0.0,0.0,0.0,0.0,0.0,0.0,0.0,0.0,0.0,0.0,0.0,0.0,0.0,0.0,0.0,0.0,0.0,0.0,0.0,0.0,0.0,0.0,0.0,0.0,nan,nan,4.221681272314184,2.8319588294592997,nan,0.9193889474133957,0.02298092341170046,0.0,0.0,0.0,0.0,0.0,0.0,0.0,0.0,0.0,0.0,0.0,0.0,0.0,0.0,0.0,0.0,0.0,0.0,0.0,0.0,0.0,0.0,0.0,0.0,0.0,0.2873802582257393,5.69762598917118,15.805914202415662,7.659308621407749,0.5497709287796753,0.9193334962385551,0.022968818536866036,0.0,0.0,0.0,0.0,0.0,0.0,0.0,0.0,0.0,0.0,0.0,0.0,0.0,0.0,0.0,0.0,0.0,0.0,0.0,0.0,0.0,0.0,0.0,0.0,0.0,0.34644995722840044,5.774165953806674,15.500427715996581,7.840034217279728,0.5389221556886229,0.4026,0.010735,0.0,0.0,0.0,0.0,0.0,0.0,0.0,0.0,0.0,0.0,0.0,12.219908371511853,17.655143690129115,0.1249479383590171,0.0,0.0,0.0,0.0,0.0,0.0,0.0,0.0,0.0,0.0,0.0,0.0,0.0,0.0,0.0,0.0,0.4026,0.010544,0.0,0.0,0.0,0.0,0.0,0.0,0.0,0.0,0.0,0.0,0.0,12.536355859709134,17.38665526090676,0.07698887938408898,0.0,0.0,0.0,0.0,0.0,0.0,0.0,0.0,0.0,0.0,0.0,0.0,0.0,0.0,0.0,0.0
43400,4464,2341,0.5244175627240143,1104,861,0.44018817204301075,1207,0.5407706093189965,0.422,3.0861987753179463,3.1757460522339054,6.604395604395604,2.1782093708542765,9448.347449392775,1519.260181825722,7853.0,10917.094177246094,10895.132000892501,7.2356944353797985,7853.0,0.0,28.966621863799283,21.29821131585614,33.70626975763962,19.564404805676055,0.13060035842293907,0.09565412186379928,0.09296594982078853,0.0907258064516129,0.0763888888888889,0.06899641577060932,0.06810035842293907,0.06339605734767025,0.06205197132616488,0.05264336917562724,0.04995519713261649,0.04345878136200717,0.03225806451612903,0.02867383512544803,0.025313620071684587,0.0114247311827957,0.00739247311827957,0.9198603399071215,0.02314804071610672,0.0,0.0,0.0,0.0,0.0,0.0,0.0,0.0,0.0,0.0,0.0,0.0,0.0,0.0,0.0,0.0,0.0,0.0,0.0,0.0,0.0,0.0,0.0,0.0,0.0,0.2419354838709678,5.638440860215056,15.91397849462366,7.452956989247314,0.752688172043011,4.260884470346246,2.9543705628640002,nan,nan,nan,4.269528501055595,2.967068915275031,4.252673796791444,2.9422345568817443,0.9960523265601849,0.4023,0.01062,0.0,0.0,0.0,0.0,0.0,0.0,0.0,0.0,0.0,0.0,0.013440860215053767,12.33198924731181,17.55376344086022,0.10080645161290325,0.0,0.0,0.0,0.0,0.0,0.0,0.0,0.0,0.0,0.0,0.0,0.0,0.0,0.0,0.0,0.0,nan,nan,4.260884470346246,2.9543705628640002,nan,0.4023,0.05066,0.0,0.0,0.0,0.0,0.0,0.0,0.0,0.0,0.0,0.0,0.0,0.0,0.0,0.0,0.0,0.0,0.0,0.0,0.0,0.0,0.0,0.0,0.0,0.0,0.0,0.0,0.00014560931899641578,0.00011200716845878136,0.0008736559139784947,0.009767025089605735,0.013866487455197132,0.016386648745519712,0.04101702508960574,0.031406810035842295,0.04910394265232975,0.031406810035842295,0.06329525089605735,0.036144713261648746,0.06750672043010753,0.07139336917562725,0.09003136200716846,0.0920586917562724,0.052195340501792115,0.06022625448028674,0.06713709677419355,0.06251120071684588,0.05834453405017921,0.029782706093189965,0.00853494623655914,0.01376568100358423,0.009834229390681003,0.0035954301075268816,0.00564516129032258,0.011995967741935483,3.360215053763441e-05,0.0007504480286738351,0.0,0.0,0.0006272401433691756,0.0001232078853046595,0.0,0.00038082437275985666,0.0,0.0,0.0,0.0,0.0,0.0,0.0,0.0,0.0,0.0,0.0,0.0,0.0,0.0,0.0,0.0,0.0,0.0,0.0,0.0,0.0,0.0,0.0,0.0,0.0,0.0,0.0,0.0,0.0,0.0,0.0,0.0,0.0,0.0,0.0,0.0,0.0,0.0,0.0,nan,nan,4.260884470346246,2.9543705628640002,nan,0.9194339583033122,0.023632109723446,0.0,0.0,0.0,0.0,0.0,0.0,0.0,0.0,0.0,0.0,0.0,0.0,0.0,0.0,0.0,0.0,0.0,0.0,0.0,0.0,0.0,0.0,0.0,0.0,0.0,0.26911576249466046,5.741136266552757,15.929090132422045,7.240495514737293,0.8201623237932509,0.9203305044547039,0.022592922853614285,0.0,0.0,0.0,0.0,0.0,0.0,0.0,0.0,0.0,0.0,0.0,0.0,0.0,0.0,0.0,0.0,0.0,0.0,0.0,0.0,0.0,0.0,0.0,0.0,0.0,0.21196420160150736,5.525200188412625,15.897315120113051,7.687235044748,0.6782854451248235,0.4023,0.01055,0.0,0.0,0.0,0.0,0.0,0.0,0.0,0.0,0.0,0.0,0.0,12.199914566424587,17.69756514310124,0.10252029047415637,0.0,0.0,0.0,0.0,0.0,0.0,0.0,0.0,0.0,0.0,0.0,0.0,0.0,0.0,0.0,0.0,0.402,0.0107,0.0,0.0,0.0,0.0,0.0,0.0,0.0,0.0,0.0,0.0,0.028261893546867648,12.477626000942044,17.395195478097037,0.09891662741403677,0.0,0.0,0.0,0.0,0.0,0.0,0.0,0.0,0.0,0.0,0.0,0.0,0.0,0.0,0.0,0.0
43500,4303,2240,0.5205670462468046,1074,863,0.4501510574018127,1182,0.5493841505926098,0.434,2.9689772176442073,3.1601320512983095,6.714788732394366,2.166403106569673,9436.643671316295,1519.797111526947,7853.0,10921.149416923523,10895.151213247329,7.204756035738694,7853.0,0.0,27.472461073669532,20.533871999411716,32.34108527131783,18.817299177189252,0.13897280966767372,0.10248663722983965,0.09481756913781084,0.09342319312107832,0.07738786892865443,0.0741343248896119,0.07227515686730188,0.060887752730653034,0.058563792702765516,0.05275389263304671,0.05042993260515919,0.04090169649082036,0.02835231234022775,0.02626074831512898,0.011619800139437602,0.009993028119916338,0.006739484080873809,0.9195568681788284,0.023351973958296877,0.0,0.0,0.0,0.0,0.0,0.0,0.0,0.0,0.0,0.0,0.0,0.0,0.0,0.0,0.0,0.0,0.0,0.0,0.0,0.0,0.0,0.0,0.0,0.0,0.013943760167325125,0.35556588426679064,5.514757146177087,15.568208226818502,7.871252614455033,0.6762723681152685,4.216823785351704,2.9620722721032733,nan,nan,nan,4.215658362989324,2.919032589223634,4.216715976331361,3.0068342051204016,1.000250877384022,0.4023,0.01049,0.0,0.0,0.0,0.0,0.0,0.0,0.0,0.0,0.0,0.0,0.006971880083662563,12.54938415059259,17.394840808738092,0.04880316058563794,0.0,0.0,0.0,0.0,0.0,0.0,0.0,0.0,0.0,0.0,0.0,0.0,0.0,0.0,0.0,0.0,nan,nan,4.216823785351704,2.9620722721032733,nan,0.4023,0.05066,0.0,0.0,0.0,0.0,0.0,0.0,0.0,0.0,0.0,0.0,0.0,0.0,0.0,0.0,0.0,0.0,0.0,0.0,0.0,0.0,0.0,0.0,0.0,0.0,0.0,0.0,0.00026725540320706484,5.809900069718801e-05,0.0010574018126888218,0.009632814315593772,0.01400185916802231,0.016163141993957703,0.041645363699744364,0.029642110155705323,0.04638624215663491,0.032663258191959095,0.06561701138740414,0.036799907041598884,0.07029979084359748,0.0707064838484778,0.08920520567046247,0.09123867069486405,0.05160353241924239,0.0600743667208924,0.06458284917499418,0.06148036253776435,0.059528236114338835,0.03164071577968859,0.008633511503602137,0.014815245177782942,0.009586335115036022,0.0033465024401580293,0.005159191261910295,0.012851498954217987,8.133860097606321e-05,0.00036021380432256565,0.0,0.0,0.0004996514059958169,5.809900069718801e-05,0.0,0.00031373460376481524,0.0,0.0,0.0,0.0,0.0,0.0,0.0,0.0,0.0,0.0,0.0,0.0,0.0,0.0,0.0,0.0,0.0,0.0,0.0,0.0,0.0,0.0,0.0,0.0,0.0,0.0,0.0,0.0,0.0,0.0,0.0,0.0,0.0,0.0,0.0,0.0,0.0,0.0,0.0,nan,nan,4.216823785351704,2.9620722721032733,nan,0.9195076714668955,0.023740011079387224,0.0,0.0,0.0,0.0,0.0,0.0,0.0,0.0,0.0,0.0,0.0,0.0,0.0,0.0,0.0,0.0,0.0,0.0,0.0,0.0,0.0,0.0,0.0,0.0,0.013392857142857146,0.4955357142857144,5.39732142857143,15.562500000000004,7.808035714285716,0.7232142857142859,0.9196102858398704,0.022923087812381185,0.0,0.0,0.0,0.0,0.0,0.0,0.0,0.0,0.0,0.0,0.0,0.0,0.0,0.0,0.0,0.0,0.0,0.0,0.0,0.0,0.0,0.0,0.0,0.0,0.014541929229277755,0.20358700920988856,5.642268540959768,15.574406204556475,7.939893359185653,0.6253029568589434,0.4023,0.0105,0.0,0.0,0.0,0.0,0.0,0.0,0.0,0.0,0.0,0.0,0.0,12.455357142857125,17.50446428571429,0.04017857142857143,0.0,0.0,0.0,0.0,0.0,0.0,0.0,0.0,0.0,0.0,0.0,0.0,0.0,0.0,0.0,0.0,0.4023,0.01049,0.0,0.0,0.0,0.0,0.0,0.0,0.0,0.0,0.0,0.0,0.014541929229277755,12.651478429471625,17.275811924381973,0.05816771691711102,0.0,0.0,0.0,0.0,0.0,0.0,0.0,0.0,0.0,0.0,0.0,0.0,0.0,0.0,0.0,0.0
43600,4268,2196,0.514526710402999,1061,876,0.45384254920337397,1208,0.5660731021555764,0.414,3.031853281853282,3.147124206929333,6.79447322970639,2.2063428404084258,9418.229120761855,1520.4038998674669,7853.0,10919.212109446526,10895.075540715663,6.969882459238918,7853.0,0.0,27.79568884723524,20.745116297696782,32.63856427378965,19.025094687740115,0.13823805060918462,0.10309278350515463,0.09020618556701031,0.08106841611996252,0.08880037488284911,0.07638238050609185,0.07357075913776945,0.06091846298031865,0.059044048734770385,0.051780693533270854,0.044048734770384255,0.041002811621368325,0.030224929709465793,0.026944704779756325,0.016166822867853797,0.01288659793814433,0.005623242736644799,0.9183118753798565,0.02327486778628256,0.0,0.0,0.0,0.0,0.0,0.0,0.0,0.0,0.0,0.0,0.0,0.0,0.0,0.0,0.0,0.0,0.0,0.0,0.0,0.0,0.0,0.0,0.0,0.0,0.0,0.442830365510778,5.862230552952204,15.878631677600753,7.232895970009373,0.583411433926898,4.258683068017366,2.9151062220699004,nan,nan,nan,4.142149929278642,2.8760863348527748,4.380740740740741,2.950492646781307,1.0576007183553708,0.4023,0.010605,0.0,0.0,0.0,0.0,0.0,0.0,0.0,0.0,0.0,0.0,0.014058106841612,12.476569821930628,17.46719775070291,0.042174320524835995,0.0,0.0,0.0,0.0,0.0,0.0,0.0,0.0,0.0,0.0,0.0,0.0,0.0,0.0,0.0,0.0,nan,nan,4.258683068017366,2.9151062220699004,nan,0.4023,0.05057,0.0,0.0,0.0,0.0,0.0,0.0,0.0,0.0,0.0,0.0,0.0,0.0,0.0,0.0,0.0,0.0,0.0,0.0,0.0,0.0,0.0,0.0,0.0,0.0,1.1715089034676664e-05,1.1715089034676664e-05,0.0004217432052483599,4.6860356138706655e-05,0.0014878163074039362,0.009887535145267103,0.013226335520149953,0.015370196813495782,0.040709934395501406,0.02853795688847235,0.04704779756326148,0.034418931583880034,0.06567478912839737,0.03712511715089035,0.06637769447047798,0.07163776944704779,0.09250234301780694,0.09111996251171509,0.0524601686972821,0.059571227741330834,0.06512417994376757,0.06275773195876289,0.055248359887535146,0.03192361761949391,0.009313495782567948,0.016272258669165887,0.010133552014995315,0.0026358950328022493,0.005869259606373008,0.011925960637300843,4.6860356138706655e-05,0.00026944704779756324,0.0,0.0,0.00037488284910965324,9.372071227741331e-05,0.0,0.00036316776007497655,0.0,0.0,0.0,0.0,0.0,0.0,0.0,0.0,0.0,0.0,0.0,0.0,0.0,0.0,0.0,0.0,0.0,0.0,0.0,0.0,0.0,0.0,0.0,0.0,0.0,0.0,0.0,0.0,0.0,0.0,0.0,0.0,0.0,0.0,0.0,0.0,0.0,0.0,0.0,nan,nan,4.258683068017366,2.9151062220699004,nan,0.9189771353004191,0.02289130246812291,0.0,0.0,0.0,0.0,0.0,0.0,0.0,0.0,0.0,0.0,0.0,0.0,0.0,0.0,0.0,0.0,0.0,0.0,0.0,0.0,0.0,0.0,0.0,0.0,0.0,0.3415300546448088,5.724043715846996,15.874316939890713,7.43169398907104,0.6284153005464482,0.9176068026069049,0.02365419112333436,0.0,0.0,0.0,0.0,0.0,0.0,0.0,0.0,0.0,0.0,0.0,0.0,0.0,0.0,0.0,0.0,0.0,0.0,0.0,0.0,0.0,0.0,0.0,0.0,0.0,0.5501930501930503,6.00868725868726,15.883204633204636,7.022200772200774,0.5357142857142858,0.4026,0.01047,0.0,0.0,0.0,0.0,0.0,0.0,0.0,0.0,0.0,0.0,0.013661202185792353,12.37704918032785,17.568306010928964,0.04098360655737705,0.0,0.0,0.0,0.0,0.0,0.0,0.0,0.0,0.0,0.0,0.0,0.0,0.0,0.0,0.0,0.0,0.402,0.01074,0.0,0.0,0.0,0.0,0.0,0.0,0.0,0.0,0.0,0.0,0.014478764478764483,12.582046332046314,17.360038610038615,0.04343629343629344,0.0,0.0,0.0,0.0,0.0,0.0,0.0,0.0,0.0,0.0,0.0,0.0,0.0,0.0,0.0,0.0
43700,4261,2280,0.5350856606430415,1031,840,0.43909880309786437,1167,0.5477587420793241,0.418,2.9969712266532054,3.0878097937277893,6.466783216783217,2.134616816434518,9480.520286482353,1517.062753749386,7853.0,10923.406086742878,10894.60699153566,6.780339410282432,7853.0,0.0,28.191504341703826,21.056899995547205,33.21958041958042,19.257494259083593,0.14104670265195962,0.09434405069232575,0.09927247125088008,0.08566064304153954,0.0753344285379019,0.0722835015254635,0.06735508096690918,0.06524290072752875,0.061253226942032384,0.05327387937103966,0.04764139873269185,0.036376437455996245,0.03684581084252523,0.028866463271532503,0.018070875381365877,0.010326214503637644,0.006805914104670265,0.9184653933298361,0.02263884786783673,0.0,0.0,0.0,0.0,0.0,0.0,0.0,0.0,0.0,0.0,0.0,0.0,0.0,0.0,0.0,0.0,0.0,0.0,0.0,0.0,0.0,0.0,0.0,0.0,0.0,0.3520300398967379,5.914104670265198,15.968082609716033,7.2025346162872586,0.5632480638347807,4.200292932991578,2.8887234998662406,nan,nan,nan,4.260805860805861,2.9037241609014814,4.13992673992674,2.8734319173496963,0.9716299862448419,0.4019,0.01038,0.0,0.0,0.0,0.0,0.0,0.0,0.0,0.0,0.0,0.0,0.007040600797934758,13.039192677775151,16.93968551983103,0.014081201595869517,0.0,0.0,0.0,0.0,0.0,0.0,0.0,0.0,0.0,0.0,0.0,0.0,0.0,0.0,0.0,0.0,nan,nan,4.200292932991578,2.8887234998662406,nan,0.4019,0.05032,0.0,0.0,0.0,0.0,0.0,0.0,0.0,0.0,0.0,0.0,0.0,0.0,0.0,0.0,0.0,0.0,0.0,0.0,0.0,0.0,0.0,0.0,0.0,0.0,0.00011734334663224596,0.00011734334663224596,0.0002816240319173903,3.520300398967379e-05,0.0012907768129547055,0.00822576859892044,0.012133302041774232,0.014902605022295236,0.04072987561605257,0.028526167566298992,0.05103262145036377,0.03756160525698193,0.06793006336540718,0.03747946491433936,0.06712039427364469,0.07322224829852148,0.0918446374090589,0.09048345458812486,0.05191269655010561,0.06088946256747242,0.061417507627317534,0.060361417507627316,0.05363764374559962,0.03199953062661347,0.008824219666744895,0.01524290072752875,0.009962450129077682,0.0038488617695376674,0.006524290072752875,0.011229758272705937,0.00011734334663224596,0.00015254635062191975,0.0,0.0,0.0002229523586012673,2.346866932644919e-05,0.0,0.0005984510678244543,0.0,0.0,0.0,0.0,0.0,0.0,0.0,0.0,0.0,0.0,0.0,0.0,0.0,0.0,0.0,0.0,0.0,0.0,0.0,0.0,0.0,0.0,0.0,0.0,0.0,0.0,0.0,0.0,0.0,0.0,0.0,0.0,0.0,0.0,0.0,0.0,0.0,0.0,0.0,nan,nan,4.200292932991578,2.8887234998662406,nan,0.9180567413307072,0.022703300481773943,0.0,0.0,0.0,0.0,0.0,0.0,0.0,0.0,0.0,0.0,0.0,0.0,0.0,0.0,0.0,0.0,0.0,0.0,0.0,0.0,0.0,0.0,0.0,0.0,0.0,0.3947368421052633,6.078947368421054,15.815789473684214,7.0921052631578965,0.6184210526315791,0.9189357247574049,0.022555276702083495,0.0,0.0,0.0,0.0,0.0,0.0,0.0,0.0,0.0,0.0,0.0,0.0,0.0,0.0,0.0,0.0,0.0,0.0,0.0,0.0,0.0,0.0,0.0,0.0,0.0,0.3028773346794549,5.724381625441697,16.143361938414944,7.329631499242809,0.4997476022211006,0.4019,0.01031,0.0,0.0,0.0,0.0,0.0,0.0,0.0,0.0,0.0,0.0,0.013157894736842108,12.99999999999998,16.98684210526316,0.0,0.0,0.0,0.0,0.0,0.0,0.0,0.0,0.0,0.0,0.0,0.0,0.0,0.0,0.0,0.0,0.0,0.4019,0.01047,0.0,0.0,0.0,0.0,0.0,0.0,0.0,0.0,0.0,0.0,0.0,13.08430085815243,16.88541140837961,0.03028773346794549,0.0,0.0,0.0,0.0,0.0,0.0,0.0,0.0,0.0,0.0,0.0,0.0,0.0,0.0,0.0,0.0
43800,4362,2200,0.504355800091701,1041,925,0.4507106831728565,1225,0.5616689591930307,0.418,2.935245143385754,3.1581015093596947,6.704545454545454,2.282139600687213,9387.124535867759,1520.8259524843631,7853.0,10917.821365118027,10894.750557025074,7.111608170334569,7853.0,0.0,27.106602475928472,20.552687963916355,32.126512651265124,18.83444901760056,0.146033929390188,0.10476845483723063,0.09284731774415406,0.08803301237964237,0.0811554332874828,0.07932141219624025,0.0687757909215956,0.0639614855570839,0.062356717102246675,0.04722604309949564,0.04264099037138927,0.035075653370013754,0.031178358551123338,0.027968821641448878,0.013296652911508482,0.007794589637780834,0.007565337001375516,0.9176944618048005,0.023222712943960708,0.0,0.0,0.0,0.0,0.0,0.0,0.0,0.0,0.0,0.0,0.0,0.0,0.0,0.0,0.0,0.0,0.0,0.0,0.0,0.0,0.0,0.0,0.0,0.0,0.0,0.39889958734525455,6.409903713892711,15.722145804676757,6.939477303988998,0.5295735900962862,4.4288816503800215,2.98995635948018,nan,nan,nan,4.458512160228898,2.9491510508637293,4.398534798534799,3.030878578797206,0.9865476734079334,0.402,0.010506,0.0,0.0,0.0,0.0,0.0,0.0,0.0,0.0,0.0,0.0,0.006877579092159561,12.812929848693242,17.118294360385146,0.06189821182943605,0.0,0.0,0.0,0.0,0.0,0.0,0.0,0.0,0.0,0.0,0.0,0.0,0.0,0.0,0.0,0.0,nan,nan,4.4288816503800215,2.98995635948018,nan,0.402,0.04987,0.0,0.0,0.0,0.0,0.0,0.0,0.0,0.0,0.0,0.0,0.0,0.0,0.0,0.0,0.0,0.0,0.0,0.0,0.0,0.0,0.0,0.0,0.0,0.0,0.0002063273727647868,0.0001031636863823934,0.00021779000458505273,0.00014901421366345712,0.001215038972948189,0.008574048601558918,0.011439706556625401,0.014270976616231086,0.03992434662998624,0.027556166895919304,0.050149014213663454,0.03491517652453003,0.06527968821641449,0.04074965612104539,0.07329206785878038,0.07102246675836772,0.09317973406694177,0.09314534617148097,0.05105456212746447,0.060247592847317746,0.06265474552957359,0.05813846859238881,0.05475699220541036,0.03206098120128381,0.010224667583677212,0.01425951398441082,0.010339293901879872,0.0035304906006419076,0.0064878496102705185,0.009846400733608436,1.1462631820265933e-05,0.00014901421366345712,0.0,1.1462631820265933e-05,0.00012608895002292527,6.87757909215956e-05,0.0,0.0006419073819348923,0.0,0.0,0.0,0.0,0.0,0.0,0.0,0.0,0.0,0.0,0.0,0.0,0.0,0.0,0.0,0.0,0.0,0.0,0.0,0.0,0.0,0.0,0.0,0.0,0.0,0.0,0.0,0.0,0.0,0.0,0.0,0.0,0.0,0.0,0.0,0.0,0.0,0.0,0.0,nan,nan,4.4288816503800215,2.98995635948018,nan,0.918424136150967,0.023304377725057127,0.0,0.0,0.0,0.0,0.0,0.0,0.0,0.0,0.0,0.0,0.0,0.0,0.0,0.0,0.0,0.0,0.0,0.0,0.0,0.0,0.0,0.0,0.0,0.0,0.0,0.3272727272727273,6.300000000000002,15.531818181818185,7.295454545454547,0.5454545454545455,0.9169519624701261,0.023115685159910384,0.0,0.0,0.0,0.0,0.0,0.0,0.0,0.0,0.0,0.0,0.0,0.0,0.0,0.0,0.0,0.0,0.0,0.0,0.0,0.0,0.0,0.0,0.0,0.0,0.0,0.4717853839037929,6.521739130434784,15.915818686401483,6.577243293246995,0.5134135060129511,0.4019,0.01043,0.0,0.0,0.0,0.0,0.0,0.0,0.0,0.0,0.0,0.0,0.01363636363636364,12.790909090909073,17.154545454545456,0.040909090909090916,0.0,0.0,0.0,0.0,0.0,0.0,0.0,0.0,0.0,0.0,0.0,0.0,0.0,0.0,0.0,0.0,0.402,0.010574,0.0,0.0,0.0,0.0,0.0,0.0,0.0,0.0,0.0,0.0,0.0,12.835337650323757,17.081406105457912,0.08325624421831639,0.0,0.0,0.0,0.0,0.0,0.0,0.0,0.0,0.0,0.0,0.0,0.0,0.0,0.0,0.0,0.0
43900,4589,2384,0.5195031597297887,1107,933,0.44454129439965134,1286,0.5604706907823055,0.41,2.993197278911565,3.097134800492045,6.556097560975609,2.1122232860173784,9433.398652164758,1519.9183365951567,7853.0,10916.97706836462,10895.134821637615,7.057812334230304,7853.0,0.0,27.88494225321421,20.917426558305817,32.92135416666667,19.15338477048463,0.14033558509479188,0.10307256482893877,0.09392024406188712,0.08389627369797341,0.0808455001089562,0.07300065373719765,0.06842449335367183,0.06232294617563739,0.05992590978426673,0.05338853780780126,0.046851165831335806,0.03944214425800828,0.033776421878404884,0.02397036391370669,0.019394203530180867,0.011549357158422315,0.005883634778818915,0.9194707848922337,0.023060759206492722,0.0,0.0,0.0,0.0,0.0,0.0,0.0,0.0,0.0,0.0,0.0,0.0,0.0,0.0,0.0,0.0,0.0,0.0,0.0,0.0,0.0,0.0,0.0,0.0,0.0,0.32686859882327307,5.615602527783833,15.787753323164091,7.629113096535194,0.6406624536936153,4.305593451568895,2.871639341200869,nan,nan,nan,4.3197231833910035,2.901889122107491,4.294078061911171,2.8415405238030806,0.9940632488724195,0.402,0.01039,0.0,0.0,0.0,0.0,0.0,0.0,0.0,0.0,0.0,0.0,0.0,12.943996513401594,16.990629766833734,0.06537371976465463,0.0,0.0,0.0,0.0,0.0,0.0,0.0,0.0,0.0,0.0,0.0,0.0,0.0,0.0,0.0,0.0,nan,nan,4.305593451568895,2.871639341200869,nan,0.402,0.0498,0.0,0.0,0.0,0.0,0.0,0.0,0.0,0.0,0.0,0.0,0.0,0.0,0.0,0.0,0.0,0.0,0.0,0.0,0.0,0.0,0.0,0.0,0.0,0.0,0.00028328611898016995,9.806057964698191e-05,0.00018522553933318807,0.00022880801917629114,0.0014709086947047288,0.007637829592503814,0.011756373937677055,0.016310743081281324,0.04053170625408586,0.026585312704292874,0.04998910438003922,0.033972543037698845,0.06125517541948137,0.042253214207888426,0.07559381128786227,0.06768359119633907,0.09795162344737415,0.09265635214643714,0.0474831117890608,0.06275877097406843,0.06303116147308782,0.05901067770756156,0.05329047722815428,0.03289387666158204,0.009893222924384397,0.014948790586184355,0.011146219219873611,0.003094356068860318,0.005371540640662454,0.009566354325561124,1.0895619960775769e-05,0.00019612115929396382,5.447809980387884e-05,0.0,0.00011985181956853346,7.626933972543037e-05,0.0,0.000610154717803443,0.0,0.0,0.0,0.0,0.0,0.0,0.0,0.0,0.0,0.0,0.0,0.0,0.0,0.0,0.0,0.0,0.0,0.0,0.0,0.0,0.0,0.0,0.0,0.0,0.0,0.0,0.0,0.0,0.0,0.0,0.0,0.0,0.0,0.0,0.0,0.0,0.0,0.0,0.0,nan,nan,4.305593451568895,2.871639341200869,nan,0.9198884940487426,0.023271129654689575,0.0,0.0,0.0,0.0,0.0,0.0,0.0,0.0,0.0,0.0,0.0,0.0,0.0,0.0,0.0,0.0,0.0,0.0,0.0,0.0,0.0,0.0,0.0,0.0,0.0,0.31459731543624164,5.486577181208055,15.629194630872487,7.877516778523492,0.6921140939597318,0.9190191664663302,0.02282253072920459,0.0,0.0,0.0,0.0,0.0,0.0,0.0,0.0,0.0,0.0,0.0,0.0,0.0,0.0,0.0,0.0,0.0,0.0,0.0,0.0,0.0,0.0,0.0,0.0,0.0,0.34013605442176875,5.755102040816328,15.959183673469392,7.360544217687076,0.5850340136054423,0.4019,0.01042,0.0,0.0,0.0,0.0,0.0,0.0,0.0,0.0,0.0,0.0,0.0,12.709731543624143,17.227348993288594,0.06291946308724833,0.0,0.0,0.0,0.0,0.0,0.0,0.0,0.0,0.0,0.0,0.0,0.0,0.0,0.0,0.0,0.0,0.402,0.01035,0.0,0.0,0.0,0.0,0.0,0.0,0.0,0.0,0.0,0.0,0.0,13.197278911564606,16.734693877551024,0.06802721088435375,0.0,0.0,0.0,0.0,0.0,0.0,0.0,0.0,0.0,0.0,0.0,0.0,0.0,0.0,0.0,0.0
44000,4650,2400,0.5161290322580645,1127,973,0.45161290322580644,1318,0.5668817204301075,0.414,2.9724444444444442,3.1152878629648018,6.627831715210356,2.2275130510037875,9423.029174581356,1520.182760919054,7853.0,10920.805553019047,10894.931525751377,7.096596161272939,7853.0,0.0,27.754623655913978,20.867070449860478,32.8698118071668,19.067087263022106,0.1460215053763441,0.09720430107526881,0.09182795698924731,0.08258064516129032,0.08903225806451613,0.07677419354838709,0.06817204301075269,0.0621505376344086,0.056129032258064517,0.04946236559139785,0.04365591397849462,0.0410752688172043,0.03913978494623656,0.022150537634408603,0.016344086021505378,0.01032258064516129,0.007956989247311828,0.9185107831288409,0.023036619122893252,0.0,0.0,0.0,0.0,0.0,0.0,0.0,0.0,0.0,0.0,0.0,0.0,0.0,0.0,0.0,0.0,0.0,0.0,0.0,0.0,0.0,0.0,0.0,0.0,0.012903225806451616,0.3290322580645162,5.935483870967744,15.909677419354843,7.206451612903227,0.6064516129032259,4.250416250416251,2.9111431155114995,nan,nan,nan,4.26232741617357,2.925362507355117,4.2381916329284754,2.8964260113785367,0.9943374168878931,0.4023,0.010475,0.0,0.0,0.0,0.0,0.0,0.0,0.0,0.0,0.0,0.0,0.0,12.290322580645144,17.638709677419357,0.07096774193548389,0.0,0.0,0.0,0.0,0.0,0.0,0.0,0.0,0.0,0.0,0.0,0.0,0.0,0.0,0.0,0.0,nan,nan,4.250416250416251,2.9111431155114995,nan,0.4023,0.0503,0.0,0.0,0.0,0.0,0.0,0.0,0.0,0.0,0.0,0.0,0.0,0.0,0.0,0.0,0.0,0.0,0.0,0.0,0.0,0.0,0.0,0.0,0.0,0.0,0.0003010752688172043,0.0,0.0005161290322580645,0.00021505376344086021,0.0016451612903225807,0.008139784946236558,0.013236559139784946,0.01625806451612903,0.03951612903225806,0.027473118279569893,0.04753763440860215,0.03186021505376344,0.059258064516129035,0.04206451612903226,0.07498924731182796,0.06788172043010753,0.09975268817204301,0.09327956989247312,0.048935483870967744,0.058774193548387095,0.06355913978494623,0.060623655913978496,0.05178494623655914,0.0331505376344086,0.012290322580645162,0.017075268817204302,0.00889247311827957,0.0036881720430107525,0.005752688172043011,0.010172043010752687,0.0,0.00012903225806451613,0.0001827956989247312,0.0,0.00027956989247311827,4.301075268817204e-05,0.0,0.0007419354838709677,0.0,0.0,0.0,0.0,0.0,0.0,0.0,0.0,0.0,0.0,0.0,0.0,0.0,0.0,0.0,0.0,0.0,0.0,0.0,0.0,0.0,0.0,0.0,0.0,0.0,0.0,0.0,0.0,0.0,0.0,0.0,0.0,0.0,0.0,0.0,0.0,0.0,0.0,0.0,nan,nan,4.250416250416251,2.9111431155114995,nan,0.918500051026543,0.023063496177712087,0.0,0.0,0.0,0.0,0.0,0.0,0.0,0.0,0.0,0.0,0.0,0.0,0.0,0.0,0.0,0.0,0.0,0.0,0.0,0.0,0.0,0.0,0.0,0.0,0.012500000000000002,0.3375000000000001,5.887500000000002,15.875000000000004,7.250000000000002,0.6375000000000001,0.9185222307046255,0.02300791014039615,0.0,0.0,0.0,0.0,0.0,0.0,0.0,0.0,0.0,0.0,0.0,0.0,0.0,0.0,0.0,0.0,0.0,0.0,0.0,0.0,0.0,0.0,0.0,0.0,0.013333333333333336,0.32000000000000006,5.986666666666668,15.94666666666667,7.160000000000002,0.5733333333333335,0.4026,0.010544,0.0,0.0,0.0,0.0,0.0,0.0,0.0,0.0,0.0,0.0,0.0,12.287499999999982,17.625000000000004,0.08750000000000002,0.0,0.0,0.0,0.0,0.0,0.0,0.0,0.0,0.0,0.0,0.0,0.0,0.0,0.0,0.0,0.0,0.4023,0.0104,0.0,0.0,0.0,0.0,0.0,0.0,0.0,0.0,0.0,0.0,0.0,12.293333333333315,17.653333333333336,0.053333333333333344,0.0,0.0,0.0,0.0,0.0,0.0,0.0,0.0,0.0,0.0,0.0,0.0,0.0,0.0,0.0,0.0
44100,4564,2319,0.5081069237510956,1125,923,0.44872918492550395,1300,0.5696757230499562,0.414,2.930066815144766,3.0310950111440764,6.318112633181126,2.104034849495643,9398.6810546777,1520.8276702220853,7853.0,10917.087606072426,10895.03895366495,6.978852132239347,7853.0,0.0,28.315293602103417,20.98646997732683,33.40439445461679,19.12251622507423,0.14263803680981596,0.09268185801928133,0.09027169149868536,0.08610867659947415,0.0845749342681858,0.06901840490797546,0.06792287467134094,0.061787905346187555,0.061787905346187555,0.055872042068361084,0.051709027169149865,0.04141104294478527,0.03264680105170903,0.02673093777388256,0.01687116564417178,0.00985977212971078,0.00810692375109553,0.9192046503896362,0.02290673543091916,0.0,0.0,0.0,0.0,0.0,0.0,0.0,0.0,0.0,0.0,0.0,0.0,0.0,0.0,0.0,0.0,0.0,0.0,0.0,0.0,0.0,0.0,0.0,0.0,0.0,0.3286590709903594,5.764680105170904,15.84794040315513,7.519719544259424,0.5390008764241894,4.166946590527377,2.800980414306057,nan,nan,nan,4.122736418511066,2.772691786344216,4.211305518169583,2.828385495942394,1.0214830856663166,0.4023,0.01018,0.0,0.0,0.0,0.0,0.0,0.0,0.0,0.0,0.0,0.0,0.013146362839614376,12.232690622261156,17.72129710780018,0.03286590709903594,0.0,0.0,0.0,0.0,0.0,0.0,0.0,0.0,0.0,0.0,0.0,0.0,0.0,0.0,0.0,0.0,nan,nan,4.166946590527377,2.800980414306057,nan,0.4023,0.05,0.0,0.0,0.0,0.0,0.0,0.0,0.0,0.0,0.0,0.0,0.0,0.0,0.0,0.0,0.0,0.0,0.0,0.0,0.0,0.0,0.0,0.0,0.0,0.0,0.00018624014022787028,0.0,0.0004710780017528484,0.0001971954425942156,0.0022239263803680983,0.00740578439964943,0.01375985977212971,0.016443908851884313,0.039745836985100785,0.02766213847502191,0.045092024539877304,0.030740578439964944,0.058424627519719545,0.0440512708150745,0.0733567046450482,0.06838299737072744,0.09983567046450482,0.09546450482033304,0.0510626643295355,0.05846844872918493,0.06455959684487292,0.061667397020157756,0.05042725679228747,0.03186897458369851,0.011842681858019281,0.017221735319894828,0.008117879053461875,0.003593339176161262,0.006080192813321648,0.010703330411919369,1.0955302366345311e-05,0.0001971954425942156,0.0001971954425942156,0.0,0.0001971954425942156,1.0955302366345311e-05,3.286590709903593e-05,0.0002957931638913234,0.0,0.0,0.0,0.0,0.0,0.0,0.0,0.0,0.0,0.0,0.0,0.0,0.0,0.0,0.0,0.0,0.0,0.0,0.0,0.0,0.0,0.0,0.0,0.0,0.0,0.0,0.0,0.0,0.0,0.0,0.0,0.0,0.0,0.0,0.0,0.0,0.0,0.0,0.0,nan,nan,4.166946590527377,2.800980414306057,nan,0.9188436887653905,0.02298069679723517,0.0,0.0,0.0,0.0,0.0,0.0,0.0,0.0,0.0,0.0,0.0,0.0,0.0,0.0,0.0,0.0,0.0,0.0,0.0,0.0,0.0,0.0,0.0,0.0,0.0,0.41397153945666243,5.8214747736093155,15.782664941785255,7.477360931435966,0.5045278137128073,0.9195775100807836,0.022824091404065792,0.0,0.0,0.0,0.0,0.0,0.0,0.0,0.0,0.0,0.0,0.0,0.0,0.0,0.0,0.0,0.0,0.0,0.0,0.0,0.0,0.0,0.0,0.0,0.0,0.0,0.24053452115812923,5.706013363028955,15.915367483296217,7.563474387527841,0.5746102449888643,0.4026,0.0103,0.0,0.0,0.0,0.0,0.0,0.0,0.0,0.0,0.0,0.0,0.025873221216041402,12.121604139715377,17.813712807244507,0.0388098318240621,0.0,0.0,0.0,0.0,0.0,0.0,0.0,0.0,0.0,0.0,0.0,0.0,0.0,0.0,0.0,0.0,0.4023,0.01006,0.0,0.0,0.0,0.0,0.0,0.0,0.0,0.0,0.0,0.0,0.0,12.347438752783946,17.62583518930958,0.026726057906458805,0.0,0.0,0.0,0.0,0.0,0.0,0.0,0.0,0.0,0.0,0.0,0.0,0.0,0.0,0.0,0.0
44200,4789,2456,0.5128419294215911,1117,958,0.43328461056588014,1343,0.5608686573397369,0.40599999999999997,2.9982854693527647,3.1038596564922067,6.533132530120482,2.151376375192628,9413.045551009605,1520.4876052131651,7853.0,10919.259527564049,10894.961784928746,7.083165529092278,7853.0,0.0,28.21403215702652,21.191810713366134,33.24732254047323,19.44935248943673,0.1373982042179996,0.10398830653581123,0.09396533723115473,0.08937147629985383,0.07224890373773231,0.07475464606389642,0.06076425140948006,0.06702860722489037,0.06055543954896638,0.050532470244309874,0.049279599081227816,0.039465441637084986,0.033618709542702026,0.030695343495510546,0.01712257256212153,0.01106702860722489,0.00814366256003341,0.9189954698770324,0.02324919786412428,0.0,0.0,0.0,0.0,0.0,0.0,0.0,0.0,0.0,0.0,0.0,0.0,0.0,0.0,0.0,0.0,0.0,0.0,0.0,0.0,0.0,0.0,0.0,0.0,0.012528711630820633,0.3257465024013365,5.650448945500106,16.105658801419924,7.247859678429736,0.6577573606180833,4.3478260869565215,2.888350254562253,nan,nan,nan,4.437662337662338,2.903537428770268,4.257575757575758,2.870765814697859,0.95941859330797,0.4028,0.01039,0.0,0.0,0.0,0.0,0.0,0.0,0.0,0.0,0.0,0.0,0.006264355815410317,11.896011693464173,18.060137815827943,0.037586134892461896,0.0,0.0,0.0,0.0,0.0,0.0,0.0,0.0,0.0,0.0,0.0,0.0,0.0,0.0,0.0,0.0,nan,nan,4.3478260869565215,2.888350254562253,nan,0.4028,0.04987,0.0,0.0,0.0,0.0,0.0,0.0,0.0,0.0,0.0,0.0,0.0,0.0,0.0,0.0,0.0,0.0,0.0,0.0,0.0,0.0,0.0,0.0,0.0,0.0,5.2202965128419294e-05,1.0440593025683859e-05,0.00041762372102735435,0.00014616830235957402,0.0022760492795990813,0.0070682814783879725,0.013969513468365002,0.015765295468782626,0.03768010022969304,0.02743787847149718,0.046899143871371896,0.03221967007726039,0.05722489037377323,0.042200877009814154,0.07325120066819796,0.06687199832950512,0.10278763833785759,0.09628314888285655,0.048976821883482985,0.05913551889747338,0.06666318646899144,0.058676132804343285,0.05027145541866778,0.033618709542702026,0.012622676968051786,0.019388181248694927,0.008216746711213196,0.0027771977448319066,0.005335143036124452,0.011025266235122155,7.308415117978701e-05,6.264355815410315e-05,4.1762372102735435e-05,1.0440593025683859e-05,0.00027145541866778033,0.0,0.0,0.00027145541866778033,0.0,0.0,0.0,0.0,0.0,0.0,0.0,0.0,0.0,0.0,0.0,0.0,0.0,0.0,0.0,0.0,0.0,0.0,0.0,0.0,0.0,0.0,0.0,0.0,0.0,0.0,0.0,0.0,0.0,0.0,0.0,0.0,0.0,0.0,0.0,0.0,0.0,0.0,0.0,nan,nan,4.3478260869565215,2.888350254562253,nan,0.9186092137513797,0.023446798419668284,0.0,0.0,0.0,0.0,0.0,0.0,0.0,0.0,0.0,0.0,0.0,0.0,0.0,0.0,0.0,0.0,0.0,0.0,0.0,0.0,0.0,0.0,0.0,0.0,0.012214983713355053,0.3298045602605864,5.997557003257331,15.842833876221501,7.13355048859935,0.6840390879478829,0.9194020901276122,0.023032350608571464,0.0,0.0,0.0,0.0,0.0,0.0,0.0,0.0,0.0,0.0,0.0,0.0,0.0,0.0,0.0,0.0,0.0,0.0,0.0,0.0,0.0,0.0,0.0,0.0,0.012858979854264898,0.3214744963566224,5.285040720102874,16.38234033433348,7.368195456493787,0.6300900128589799,0.4026,0.01046,0.0,0.0,0.0,0.0,0.0,0.0,0.0,0.0,0.0,0.0,0.012214983713355053,12.324918566775226,17.638436482084693,0.024429967426710105,0.0,0.0,0.0,0.0,0.0,0.0,0.0,0.0,0.0,0.0,0.0,0.0,0.0,0.0,0.0,0.0,0.403,0.01031,0.0,0.0,0.0,0.0,0.0,0.0,0.0,0.0,0.0,0.0,0.0,11.44449207029574,18.50407201028719,0.05143591941705959,0.0,0.0,0.0,0.0,0.0,0.0,0.0,0.0,0.0,0.0,0.0,0.0,0.0,0.0,0.0,0.0
44300,4852,2532,0.5218466611706513,1118,1005,0.4375515251442704,1392,0.5737840065952184,0.40599999999999997,2.95,3.0442285699675864,6.52054794520548,2.10239140591198,9440.437907874191,1519.5370097737534,7853.0,10918.467899262905,10894.962373224951,6.983467350727574,7853.0,0.0,28.166735366859026,21.15916457433912,33.16793518291186,19.415249437316174,0.14076669414674362,0.09666117065127783,0.1003709810387469,0.08532563891178896,0.07790601813685079,0.0754328112118714,0.06450948062654575,0.05832646331409728,0.0612118713932399,0.04967023907666941,0.04492992580379225,0.04286892003297609,0.038953009068425394,0.02679307502061006,0.018549051937345424,0.010717230008244023,0.007007419620774938,0.9190151923123412,0.023094491370266427,0.0,0.0,0.0,0.0,0.0,0.0,0.0,0.0,0.0,0.0,0.0,0.0,0.0,0.0,0.0,0.0,0.0,0.0,0.0,0.0,0.0,0.0,0.0,0.0,0.006183017312448477,0.33388293487221776,5.960428689200331,15.525556471558124,7.704039571310801,0.4699093157460842,4.291680051397366,2.8511163222697764,nan,nan,nan,4.2625160462130935,2.8010211480497804,4.320900321543409,2.9001464359912625,1.0136971391303464,0.402,0.01061,0.0,0.0,0.0,0.0,0.0,0.0,0.0,0.0,0.0,0.0,0.0,12.910140148392397,17.040395713108,0.04946413849958781,0.0,0.0,0.0,0.0,0.0,0.0,0.0,0.0,0.0,0.0,0.0,0.0,0.0,0.0,0.0,0.0,nan,nan,4.291680051397366,2.8511163222697764,nan,0.402,0.0499,0.0,0.0,0.0,0.0,0.0,0.0,0.0,0.0,0.0,0.0,0.0,0.0,0.0,0.0,0.0,0.0,0.0,0.0,0.0,0.0,0.0,0.0,0.0,0.0,8.244023083264634e-05,0.0,0.00046372629843363563,0.00010305028854080792,0.003266694146743611,0.007388705688375927,0.01483924154987634,0.013314097279472383,0.0392724649629019,0.02775144270403957,0.050814097279472385,0.033305853256389115,0.05352431986809563,0.04237427864798021,0.07496908491343776,0.06730214344600165,0.102040395713108,0.09836150041220115,0.04933017312448475,0.05718260511129431,0.06348928276999176,0.0580482275350371,0.050494641384995875,0.03387262984336356,0.012912201154163232,0.018816982687551526,0.00886232481450948,0.0021949711459192086,0.004575432811211871,0.010274113767518548,7.213520197856555e-05,0.00016488046166529267,1.0305028854080792e-05,0.0,0.00019579554822753503,0.0,0.0,0.00032976092333058534,0.0,0.0,0.0,0.0,0.0,0.0,0.0,0.0,0.0,0.0,0.0,0.0,0.0,0.0,0.0,0.0,0.0,0.0,0.0,0.0,0.0,0.0,0.0,0.0,0.0,0.0,0.0,0.0,0.0,0.0,0.0,0.0,0.0,0.0,0.0,0.0,0.0,0.0,0.0,nan,nan,4.291680051397366,2.8511163222697764,nan,0.9193451667283948,0.023021714121523887,0.0,0.0,0.0,0.0,0.0,0.0,0.0,0.0,0.0,0.0,0.0,0.0,0.0,0.0,0.0,0.0,0.0,0.0,0.0,0.0,0.0,0.0,0.0,0.0,0.0,0.30805687203791476,5.971563981042656,15.473933649289103,7.831753554502371,0.41469194312796215,0.9186550650617172,0.0231682952760826,0.0,0.0,0.0,0.0,0.0,0.0,0.0,0.0,0.0,0.0,0.0,0.0,0.0,0.0,0.0,0.0,0.0,0.0,0.0,0.0,0.0,0.0,0.0,0.0,0.012931034482758624,0.3620689655172415,5.948275862068967,15.58189655172414,7.5646551724137945,0.5301724137931035,0.4019,0.010544,0.0,0.0,0.0,0.0,0.0,0.0,0.0,0.0,0.0,0.0,0.0,13.281990521326994,16.65876777251185,0.05924170616113745,0.0,0.0,0.0,0.0,0.0,0.0,0.0,0.0,0.0,0.0,0.0,0.0,0.0,0.0,0.0,0.0,0.4023,0.01068,0.0,0.0,0.0,0.0,0.0,0.0,0.0,0.0,0.0,0.0,0.0,12.504310344827568,17.456896551724142,0.03879310344827587,0.0,0.0,0.0,0.0,0.0,0.0,0.0,0.0,0.0,0.0,0.0,0.0,0.0,0.0,0.0,0.0
44400,4793,2424,0.5057375339036094,1131,1001,0.444815355727102,1375,0.5737533903609431,0.422,2.941747572815534,3.1613405290322185,6.689381933438986,2.2789322641505683,9391.363695771304,1520.8185275099718,7853.0,10919.326626181602,10894.82227468311,6.728737136675531,7853.0,0.0,27.446275818902567,20.694898565275274,32.3966591872351,18.997853906753672,0.138326726476111,0.10723972459837262,0.09534738159816399,0.08887961610682245,0.07865637387857292,0.0719799707907365,0.07406634675568538,0.06363446693094095,0.059461715001043185,0.05132484873774254,0.0413102441059879,0.040058418527018566,0.03442520342165658,0.022324222824953055,0.01564781973711663,0.010640517421239308,0.006676403087836428,0.9184460997855068,0.02248957120367042,0.0,0.0,0.0,0.0,0.0,0.0,0.0,0.0,0.0,0.0,0.0,0.0,0.0,0.0,0.0,0.0,0.0,0.0,0.0,0.0,0.0,0.0,0.0,0.0,0.012518255789693306,0.29417901105779265,5.85228458168162,16.217400375547676,7.23555184644273,0.38806592948049246,4.337704918032787,2.920597509854101,nan,nan,nan,4.39751146037983,2.8945345765594386,4.279894875164257,2.9450469324639394,0.9732538308824751,0.402,0.010574,0.0,0.0,0.0,0.0,0.0,0.0,0.0,0.0,0.0,0.0,0.0,13.025245149175863,16.90590444398081,0.06885040684331317,0.0,0.0,0.0,0.0,0.0,0.0,0.0,0.0,0.0,0.0,0.0,0.0,0.0,0.0,0.0,0.0,nan,nan,4.337704918032787,2.920597509854101,nan,0.402,0.0497,0.0,0.0,0.0,0.0,0.0,0.0,0.0,0.0,0.0,0.0,0.0,0.0,0.0,0.0,0.0,0.0,0.0,0.0,0.0,0.0,0.0,0.0,0.0,0.0,9.388691842269976e-05,0.0,0.00042770707281452117,0.0001147506780721886,0.0032964740246192365,0.007083246401001461,0.015877321093261006,0.012382641351971625,0.04067389943667849,0.029407469225954518,0.04882119757980388,0.031452117671604427,0.05143959941581473,0.042739411641977886,0.07647611099520134,0.06543918214062173,0.10327561026496974,0.09845608178593783,0.0531712914667223,0.05693720008345504,0.06405174212393074,0.05705195076152723,0.049801794283329856,0.03359065303567703,0.01409346964322971,0.01837054037137492,0.008282912580847068,0.0027227206342582935,0.00484039223868141,0.009190486125599834,6.259127894846651e-05,8.345503859795535e-05,0.0,0.0,0.00018777383684539953,0.0,0.0,0.00010431879824744419,0.0,0.0,0.0,0.0,0.0,0.0,0.0,0.0,0.0,0.0,0.0,0.0,0.0,0.0,0.0,0.0,0.0,0.0,0.0,0.0,0.0,0.0,0.0,0.0,0.0,0.0,0.0,0.0,0.0,0.0,0.0,0.0,0.0,0.0,0.0,0.0,0.0,0.0,0.0,nan,nan,4.337704918032787,2.920597509854101,nan,0.9185482396101794,0.022116334488088866,0.0,0.0,0.0,0.0,0.0,0.0,0.0,0.0,0.0,0.0,0.0,0.0,0.0,0.0,0.0,0.0,0.0,0.0,0.0,0.0,0.0,0.0,0.0,0.0,0.0,0.30940594059405946,5.742574257425744,16.410891089108915,7.141089108910893,0.3960396039603961,0.9183415886267875,0.022864695481118868,0.0,0.0,0.0,0.0,0.0,0.0,0.0,0.0,0.0,0.0,0.0,0.0,0.0,0.0,0.0,0.0,0.0,0.0,0.0,0.0,0.0,0.0,0.0,0.0,0.025327142254115666,0.27859856479527234,5.96454200084424,16.019417475728158,7.3322076825664855,0.379907133811735,0.402,0.010506,0.0,0.0,0.0,0.0,0.0,0.0,0.0,0.0,0.0,0.0,0.0,12.69801980198018,17.252475247524757,0.049504950495049514,0.0,0.0,0.0,0.0,0.0,0.0,0.0,0.0,0.0,0.0,0.0,0.0,0.0,0.0,0.0,0.0,0.4019,0.010635,0.0,0.0,0.0,0.0,0.0,0.0,0.0,0.0,0.0,0.0,0.0,13.36006753904599,16.551287463064586,0.08864499788940483,0.0,0.0,0.0,0.0,0.0,0.0,0.0,0.0,0.0,0.0,0.0,0.0,0.0,0.0,0.0,0.0
44500,4995,2631,0.5267267267267267,1234,994,0.44604604604604603,1383,0.5537537537537538,0.39399999999999996,2.96912013536379,3.109041027788319,6.556213017751479,2.236353721229662,9455.057042249413,1518.6009557427424,7853.0,10916.898032665253,10894.533609287655,6.929370935607635,7853.0,0.0,28.347747747747746,20.823232204243997,33.0867202268431,19.083744738668287,0.13373373373373373,0.0970970970970971,0.0960960960960961,0.08548548548548549,0.07647647647647647,0.07407407407407407,0.07167167167167167,0.06406406406406406,0.06226226226226226,0.054854854854854855,0.04704704704704705,0.04284284284284284,0.032632632632632635,0.027427427427427428,0.016416416416416415,0.01021021021021021,0.007607607607607607,0.9182769041280966,0.02290504083990654,0.0,0.0,0.0,0.0,0.0,0.0,0.0,0.0,0.0,0.0,0.0,0.0,0.0,0.0,0.0,0.0,0.0,0.0,0.0,0.0,0.0,0.0,0.0,0.0,0.0,0.34234234234234245,6.072072072072073,15.921921921921925,7.117117117117118,0.5465465465465467,4.186362233878433,2.8845649529573993,nan,nan,nan,4.216992665036675,2.9475827819876264,4.155860349127182,2.8192687225810116,0.9855033383348412,0.4016,0.01036,0.0,0.0,0.0,0.0,0.0,0.0,0.0,0.0,0.0,0.0,0.012012012012012015,13.273273273273253,16.696696696696698,0.01801801801801802,0.0,0.0,0.0,0.0,0.0,0.0,0.0,0.0,0.0,0.0,0.0,0.0,0.0,0.0,0.0,0.0,nan,nan,4.186362233878433,2.8845649529573993,nan,0.4016,0.04962,0.0,0.0,0.0,0.0,0.0,0.0,0.0,0.0,0.0,0.0,0.0,0.0,0.0,0.0,0.0,0.0,0.0,0.0,0.0,0.0,0.0,0.0,0.0,1.001001001001001e-05,0.00023023023023023022,2.002002002002002e-05,0.0004104104104104104,7.007007007007007e-05,0.003273273273273273,0.007047047047047047,0.016196196196196198,0.011811811811811812,0.041461461461461464,0.0314014014014014,0.04962962962962963,0.030690690690690692,0.05133133133133133,0.04008008008008008,0.08314314314314314,0.06343343343343344,0.10115115115115116,0.0957057057057057,0.05235235235235235,0.0594994994994995,0.06411411411411412,0.056386386386386385,0.052552552552552555,0.03323323323323323,0.013193193193193193,0.01754754754754755,0.008008008008008008,0.0027127127127127126,0.004334334334334334,0.00868868868868869,5.005005005005005e-05,0.0,0.0,0.0,0.00018018018018018018,0.0,0.0,5.005005005005005e-05,0.0,0.0,0.0,0.0,0.0,0.0,0.0,0.0,0.0,0.0,0.0,0.0,0.0,0.0,0.0,0.0,0.0,0.0,0.0,0.0,0.0,0.0,0.0,0.0,0.0,0.0,0.0,0.0,0.0,0.0,0.0,0.0,0.0,0.0,0.0,0.0,0.0,0.0,0.0,nan,nan,4.186362233878433,2.8845649529573993,nan,0.9182414925855088,0.022733343533981605,0.0,0.0,0.0,0.0,0.0,0.0,0.0,0.0,0.0,0.0,0.0,0.0,0.0,0.0,0.0,0.0,0.0,0.0,0.0,0.0,0.0,0.0,0.0,0.0,0.0,0.3990877993158496,5.963511972633981,16.02052451539339,7.1151653363740035,0.5017103762827823,0.9183163151977026,0.02309456567557962,0.0,0.0,0.0,0.0,0.0,0.0,0.0,0.0,0.0,0.0,0.0,0.0,0.0,0.0,0.0,0.0,0.0,0.0,0.0,0.0,0.0,0.0,0.0,0.0,0.0,0.2791878172588833,6.19289340101523,15.812182741116754,7.119289340101524,0.5964467005076143,0.4014,0.01024,0.0,0.0,0.0,0.0,0.0,0.0,0.0,0.0,0.0,0.0,0.0,13.420752565564404,16.556442417331816,0.022805017103762832,0.0,0.0,0.0,0.0,0.0,0.0,0.0,0.0,0.0,0.0,0.0,0.0,0.0,0.0,0.0,0.0,0.4019,0.01049,0.0,0.0,0.0,0.0,0.0,0.0,0.0,0.0,0.0,0.0,0.025380710659898484,13.109137055837545,16.852791878172592,0.012690355329949242,0.0,0.0,0.0,0.0,0.0,0.0,0.0,0.0,0.0,0.0,0.0,0.0,0.0,0.0,0.0,0.0
44600,4785,2493,0.5210031347962383,1155,983,0.44681295715778474,1340,0.5600835945663531,0.422,2.993891797556719,3.1430353547719334,6.7088,2.203633944193091,9437.678650484588,1519.4618376548851,7853.0,10917.238561451435,10894.5913929277,7.031239045615702,7853.0,0.0,28.031347962382444,21.07513204618134,33.09013732833957,19.314600639381435,0.14148380355276907,0.09571577847439916,0.09508881922675026,0.09049111807732498,0.0806687565308255,0.07460815047021943,0.0652037617554859,0.06583072100313479,0.05621734587251829,0.05141065830721003,0.041379310344827586,0.041379310344827586,0.03385579937304075,0.02884012539184953,0.020271682340647856,0.010031347962382446,0.007523510971786834,0.9183764853073886,0.022823940058855526,0.0,0.0,0.0,0.0,0.0,0.0,0.0,0.0,0.0,0.0,0.0,0.0,0.0,0.0,0.0,0.0,0.0,0.0,0.0,0.0,0.0,0.0,0.0,0.0,0.0,0.3510971786833857,5.88087774294671,16.106583072100317,7.090909090909093,0.5705329153605017,4.290614886731392,2.940897196595528,nan,nan,nan,4.259868421052632,2.957634186759238,4.319311663479923,2.924918203777132,1.0139542437821596,0.4019,0.01049,0.0,0.0,0.0,0.0,0.0,0.0,0.0,0.0,0.0,0.0,0.00626959247648903,12.695924764890265,17.272727272727277,0.02507836990595612,0.0,0.0,0.0,0.0,0.0,0.0,0.0,0.0,0.0,0.0,0.0,0.0,0.0,0.0,0.0,0.0,nan,nan,4.290614886731392,2.940897196595528,nan,0.4019,0.0495,0.0,0.0,0.0,0.0,0.0,0.0,0.0,0.0,0.0,0.0,0.0,0.0,0.0,0.0,0.0,0.0,0.0,0.0,0.0,0.0,0.0,0.0,0.0,0.0,6.269592476489028e-05,2.089864158829676e-05,0.00043887147335423197,0.00014629049111807731,0.003019853709508882,0.007283176593521421,0.015381400208986417,0.01109717868338558,0.04021943573667711,0.032048066875653085,0.050982236154649946,0.030971786833855798,0.048923719958202716,0.043719958202716826,0.080282131661442,0.06105538140020899,0.09848484848484848,0.09728317659352143,0.05275862068965517,0.06387669801462904,0.06389759665621735,0.0561128526645768,0.05412748171368861,0.03288401253918495,0.014012539184952977,0.015893416927899688,0.008881922675026124,0.0030303030303030303,0.004096133751306165,0.008704284221525601,0.00011494252873563218,2.089864158829676e-05,0.0,2.089864158829676e-05,0.00011494252873563218,0.0,0.0,3.134796238244514e-05,0.0,0.0,0.0,0.0,0.0,0.0,0.0,0.0,0.0,0.0,0.0,0.0,0.0,0.0,0.0,0.0,0.0,0.0,0.0,0.0,0.0,0.0,0.0,0.0,0.0,0.0,0.0,0.0,0.0,0.0,0.0,0.0,0.0,0.0,0.0,0.0,0.0,0.0,0.0,nan,nan,4.290614886731392,2.940897196595528,nan,0.9180632635526661,0.022942930166953344,0.0,0.0,0.0,0.0,0.0,0.0,0.0,0.0,0.0,0.0,0.0,0.0,0.0,0.0,0.0,0.0,0.0,0.0,0.0,0.0,0.0,0.0,0.0,0.0,0.0,0.3128760529482552,6.161251504211794,15.908543922984359,7.051744885679905,0.565583634175692,0.918717175462067,0.02268889764840017,0.0,0.0,0.0,0.0,0.0,0.0,0.0,0.0,0.0,0.0,0.0,0.0,0.0,0.0,0.0,0.0,0.0,0.0,0.0,0.0,0.0,0.0,0.0,0.0,0.0,0.3926701570680629,5.575916230366493,16.321989528795815,7.133507853403143,0.5759162303664922,0.4019,0.01045,0.0,0.0,0.0,0.0,0.0,0.0,0.0,0.0,0.0,0.0,0.0,12.936221419975913,17.039711191335744,0.02406738868832732,0.0,0.0,0.0,0.0,0.0,0.0,0.0,0.0,0.0,0.0,0.0,0.0,0.0,0.0,0.0,0.0,0.402,0.01054,0.0,0.0,0.0,0.0,0.0,0.0,0.0,0.0,0.0,0.0,0.013089005235602098,12.434554973821973,17.526178010471206,0.026178010471204195,0.0,0.0,0.0,0.0,0.0,0.0,0.0,0.0,0.0,0.0,0.0,0.0,0.0,0.0,0.0,0.0
44700,4736,2482,0.5240709459459459,1196,933,0.44953547297297297,1313,0.5544763513513513,0.426,2.995563442768412,3.1171987369406846,6.603715170278638,2.148709413062233,9447.146549350948,1519.1712170583003,7853.0,10918.17652219534,10894.852561533475,6.995018892292476,7853.0,0.0,28.407094594594593,21.072054641844723,33.05385951849094,19.410391398369512,0.13175675675675674,0.09565033783783784,0.09649493243243243,0.08783783783783784,0.08445945945945946,0.07411317567567567,0.07516891891891891,0.06144425675675676,0.05616554054054054,0.048986486486486486,0.04581925675675676,0.03885135135135135,0.033361486486486486,0.028716216216216218,0.020903716216216218,0.011402027027027027,0.008868243243243243,0.9189239073846791,0.023460833344967142,0.0,0.0,0.0,0.0,0.0,0.0,0.0,0.0,0.0,0.0,0.0,0.0,0.0,0.0,0.0,0.0,0.0,0.0,0.0,0.0,0.0,0.0,0.0,0.0,0.012668918918918921,0.36739864864864874,5.960726351351353,15.437077702702705,7.6836993243243255,0.5384290540540542,4.164361531038919,2.9215656069812126,nan,nan,nan,4.18429591174562,2.9349048408918406,4.144770408163265,2.9082633323949354,0.9905538459955942,0.4019,0.010666,0.0,0.0,0.0,0.0,0.0,0.0,0.0,0.0,0.0,0.0,0.012668918918918921,13.086993243243224,16.855996621621625,0.04434121621621623,0.0,0.0,0.0,0.0,0.0,0.0,0.0,0.0,0.0,0.0,0.0,0.0,0.0,0.0,0.0,0.0,nan,nan,4.164361531038919,2.9215656069812126,nan,0.4019,0.0497,0.0,0.0,0.0,0.0,0.0,0.0,0.0,0.0,0.0,0.0,0.0,0.0,0.0,0.0,0.0,0.0,0.0,0.0,0.0,0.0,0.0,0.0,0.0,0.0,8.445945945945946e-05,1.0557432432432433e-05,0.0005384290540540541,0.0002850506756756757,0.004001266891891892,0.006366131756756757,0.015783361486486486,0.011264780405405406,0.040466638513513516,0.03431165540540541,0.05004222972972973,0.03138724662162162,0.04935599662162162,0.042081925675675674,0.07958192567567568,0.0601245777027027,0.09837415540540541,0.09415118243243244,0.0535472972972973,0.0672825168918919,0.06276393581081081,0.05382179054054054,0.055352618243243244,0.035008445945945946,0.014812077702702703,0.014854307432432432,0.008414273648648649,0.002808277027027027,0.004423564189189189,0.008182010135135136,0.00021114864864864866,0.00017947635135135136,1.0557432432432433e-05,0.0,0.00011613175675675676,0.0,0.0,0.0,0.0,0.0,0.0,0.0,0.0,0.0,0.0,0.0,0.0,0.0,0.0,0.0,0.0,0.0,0.0,0.0,0.0,0.0,0.0,0.0,0.0,0.0,0.0,0.0,0.0,0.0,0.0,0.0,0.0,0.0,0.0,0.0,0.0,0.0,0.0,0.0,0.0,0.0,0.0,nan,nan,4.164361531038919,2.9215656069812126,nan,0.9187708467509265,0.023541190510525854,0.0,0.0,0.0,0.0,0.0,0.0,0.0,0.0,0.0,0.0,0.0,0.0,0.0,0.0,0.0,0.0,0.0,0.0,0.0,0.0,0.0,0.0,0.0,0.0,0.012087026591458504,0.41095890410958913,5.922643029814667,15.495568090249801,7.59065269943594,0.5680902497985496,0.919092450637995,0.02337086853310187,0.0,0.0,0.0,0.0,0.0,0.0,0.0,0.0,0.0,0.0,0.0,0.0,0.0,0.0,0.0,0.0,0.0,0.0,0.0,0.0,0.0,0.0,0.0,0.0,0.013309671694764866,0.3194321206743567,6.0026619343389545,15.372670807453419,7.786157941437446,0.5057675244010649,0.402,0.01071,0.0,0.0,0.0,0.0,0.0,0.0,0.0,0.0,0.0,0.0,0.012087026591458504,12.727639000805782,17.211925866236907,0.04834810636583402,0.0,0.0,0.0,0.0,0.0,0.0,0.0,0.0,0.0,0.0,0.0,0.0,0.0,0.0,0.0,0.0,0.4016,0.010605,0.0,0.0,0.0,0.0,0.0,0.0,0.0,0.0,0.0,0.0,0.013309671694764866,13.482697426796786,16.46406388642414,0.03992901508429459,0.0,0.0,0.0,0.0,0.0,0.0,0.0,0.0,0.0,0.0,0.0,0.0,0.0,0.0,0.0,0.0
44800,4930,2529,0.5129817444219067,1239,1031,0.460446247464503,1426,0.5784989858012171,0.3539999999999999,2.906289046230737,2.9650129098823883,6.247838616714698,2.1255179934608974,9413.394733951167,1520.4024278082284,7853.0,10921.219553470612,10894.813380142054,7.0764560353108825,7853.0,0.0,28.163894523326572,20.411882418313535,32.851196172248805,18.61241189528113,0.13407707910750508,0.09046653144016227,0.09695740365111562,0.08539553752535498,0.0795131845841785,0.07647058823529412,0.07403651115618662,0.06511156186612577,0.06957403651115619,0.05354969574036511,0.047058823529411764,0.038336713995943204,0.032657200811359026,0.02616632860040568,0.01663286004056795,0.00973630831643002,0.004259634888438134,0.9184220092049961,0.0229693986723422,0.0,0.0,0.0,0.0,0.0,0.0,0.0,0.0,0.0,0.0,0.0,0.0,0.0,0.0,0.0,0.0,0.0,0.0,0.0,0.0,0.0,0.0,0.0,0.0,0.006085192697768764,0.3590263691683571,5.890466531440164,16.034482758620694,7.162271805273835,0.5476673427991887,4.0424674519528825,2.7376041968683564,nan,nan,nan,3.996284829721362,2.7655530027703485,4.088764742396028,2.708506342199319,1.0231414717957212,0.4023,0.01048,0.0,0.0,0.0,0.0,0.0,0.0,0.0,0.0,0.0,0.0,0.006085192697768764,12.231237322515195,17.72008113590264,0.04259634888438135,0.0,0.0,0.0,0.0,0.0,0.0,0.0,0.0,0.0,0.0,0.0,0.0,0.0,0.0,0.0,0.0,nan,nan,4.0424674519528825,2.7376041968683564,nan,0.4023,0.0499,0.0,0.0,0.0,0.0,0.0,0.0,0.0,0.0,0.0,0.0,0.0,0.0,0.0,0.0,0.0,0.0,0.0,0.0,0.0,0.0,0.0,0.0,0.0,0.0,0.0001926977687626775,0.0,0.00030425963488843813,0.00020283975659229209,0.004350912778904665,0.004787018255578093,0.01550709939148073,0.011024340770791076,0.041156186612576064,0.034066937119675456,0.05227180527383367,0.030395537525354968,0.049046653144016225,0.038711967545638944,0.08008113590263692,0.060334685598377284,0.10300202839756592,0.09259634888438134,0.050912778904665314,0.06710953346855984,0.059198782961460444,0.05495943204868154,0.05796146044624746,0.036247464503042594,0.014482758620689656,0.014807302231237322,0.009198782961460447,0.0035294117647058825,0.005253549695740365,0.007565922920892495,0.000385395537525355,0.0002535496957403651,0.0,1.0141987829614604e-05,9.127789046653144e-05,0.0,0.0,0.0,0.0,0.0,0.0,0.0,0.0,0.0,0.0,0.0,0.0,0.0,0.0,0.0,0.0,0.0,0.0,0.0,0.0,0.0,0.0,0.0,0.0,0.0,0.0,0.0,0.0,0.0,0.0,0.0,0.0,0.0,0.0,0.0,0.0,0.0,0.0,0.0,0.0,0.0,0.0,nan,nan,4.0424674519528825,2.7376041968683564,nan,0.9184191802265428,0.023133886774266314,0.0,0.0,0.0,0.0,0.0,0.0,0.0,0.0,0.0,0.0,0.0,0.0,0.0,0.0,0.0,0.0,0.0,0.0,0.0,0.0,0.0,0.0,0.0,0.0,0.011862396204033218,0.379596678529063,5.848161328588376,16.120996441281143,7.058125741399764,0.5812574139976276,0.9184249889994601,0.022794857629731186,0.0,0.0,0.0,0.0,0.0,0.0,0.0,0.0,0.0,0.0,0.0,0.0,0.0,0.0,0.0,0.0,0.0,0.0,0.0,0.0,0.0,0.0,0.0,0.0,0.0,0.3373594335693462,5.9350270720533125,15.943356934610582,7.271970012494795,0.5122865472719701,0.402,0.010475,0.0,0.0,0.0,0.0,0.0,0.0,0.0,0.0,0.0,0.0,0.011862396204033218,12.289442467378393,17.66310794780546,0.03558718861209965,0.0,0.0,0.0,0.0,0.0,0.0,0.0,0.0,0.0,0.0,0.0,0.0,0.0,0.0,0.0,0.0,0.4023,0.0105,0.0,0.0,0.0,0.0,0.0,0.0,0.0,0.0,0.0,0.0,0.0,12.169929196168246,17.780091628488133,0.049979175343606845,0.0,0.0,0.0,0.0,0.0,0.0,0.0,0.0,0.0,0.0,0.0,0.0,0.0,0.0,0.0,0.0
44900,4275,2242,0.5244444444444445,1065,886,0.45637426900584793,1215,0.5684210526315789,0.414,3.00245941957698,3.1137626447154325,6.671328671328672,2.146801894561452,9448.233131051371,1519.069015802423,7853.0,10918.478944778442,10894.75808886914,7.05959057630798,7853.0,0.0,28.33029239766082,20.930861554450637,33.207374549487106,19.142244622914227,0.1368421052631579,0.09941520467836257,0.08654970760233918,0.08935672514619883,0.07859649122807018,0.07461988304093567,0.07111111111111111,0.06339181286549708,0.06222222222222222,0.051228070175438595,0.044444444444444446,0.04678362573099415,0.03391812865497076,0.02502923976608187,0.019415204678362573,0.010292397660818714,0.006783625730994152,0.918252859241084,0.023024807900540303,0.0,0.0,0.0,0.0,0.0,0.0,0.0,0.0,0.0,0.0,0.0,0.0,0.0,0.0,0.0,0.0,0.0,0.0,0.0,0.0,0.0,0.0,0.0,0.0,0.0,0.31578947368421056,6.421052631578949,15.529824561403512,7.2280701754385985,0.505263157894737,4.245889921372409,2.952980813968871,nan,nan,nan,4.204463642908567,2.964626140619718,4.284090909090909,2.9402626801187632,1.0189387453300125,0.4016,0.01023,0.0,0.0,0.0,0.0,0.0,0.0,0.0,0.0,0.0,0.0,0.0,13.340350877192964,16.631578947368425,0.0280701754385965,0.0,0.0,0.0,0.0,0.0,0.0,0.0,0.0,0.0,0.0,0.0,0.0,0.0,0.0,0.0,0.0,nan,nan,4.245889921372409,2.952980813968871,nan,0.4016,0.04977,0.0,0.0,0.0,0.0,0.0,0.0,0.0,0.0,0.0,0.0,0.0,0.0,0.0,0.0,0.0,0.0,0.0,0.0,0.0,0.0,0.0,0.0,0.0,0.0,0.00010526315789473685,0.0,0.0002573099415204678,0.00014035087719298245,0.0045730994152046785,0.004035087719298246,0.01535672514619883,0.012070175438596491,0.042140350877192985,0.03264327485380117,0.054584795321637423,0.03428070175438597,0.04784795321637427,0.03843274853801169,0.08260818713450292,0.060269005847953215,0.10035087719298245,0.09456140350877193,0.04860818713450293,0.06741520467836257,0.06064327485380117,0.05295906432748538,0.055473684210526314,0.03480701754385965,0.01497076023391813,0.015263157894736841,0.009695906432748537,0.003543859649122807,0.004374269005847953,0.007368421052631579,0.00018713450292397662,0.0003976608187134503,0.0,0.0,3.508771929824561e-05,0.0,0.0,0.0,0.0,0.0,0.0,0.0,0.0,0.0,0.0,0.0,0.0,0.0,0.0,0.0,0.0,0.0,0.0,0.0,0.0,0.0,0.0,0.0,0.0,0.0,0.0,0.0,0.0,0.0,0.0,0.0,0.0,0.0,0.0,0.0,0.0,0.0,0.0,0.0,0.0,0.0,0.0,nan,nan,4.245889921372409,2.952980813968871,nan,0.9184732222854826,0.02295740526802683,0.0,0.0,0.0,0.0,0.0,0.0,0.0,0.0,0.0,0.0,0.0,0.0,0.0,0.0,0.0,0.0,0.0,0.0,0.0,0.0,0.0,0.0,0.0,0.0,0.0,0.30776092774308655,6.275646743978593,15.602140945584303,7.3595004460303315,0.45495093666369324,0.9180098420519344,0.023096474051711197,0.0,0.0,0.0,0.0,0.0,0.0,0.0,0.0,0.0,0.0,0.0,0.0,0.0,0.0,0.0,0.0,0.0,0.0,0.0,0.0,0.0,0.0,0.0,0.0,0.0,0.324643384161338,6.581406787998034,15.450073782587314,7.08312838170192,0.5607476635514019,0.4019,0.01024,0.0,0.0,0.0,0.0,0.0,0.0,0.0,0.0,0.0,0.0,0.0,12.77876895628901,17.19446922390723,0.026761819803746662,0.0,0.0,0.0,0.0,0.0,0.0,0.0,0.0,0.0,0.0,0.0,0.0,0.0,0.0,0.0,0.0,0.4014,0.010216,0.0,0.0,0.0,0.0,0.0,0.0,0.0,0.0,0.0,0.0,0.0,13.959665518937511,16.010821446138713,0.029513034923758,0.0,0.0,0.0,0.0,0.0,0.0,0.0,0.0,0.0,0.0,0.0,0.0,0.0,0.0,0.0,0.0
45000,4365,2235,0.5120274914089347,1069,908,0.4529209621993127,1252,0.5736540664375716,0.40199999999999997,2.943192488262911,3.107474427852268,6.638225255972697,2.1683827013936985,9410.379876586825,1520.365058463399,7853.0,10918.500771641731,10894.59425561588,6.889650697785007,7853.0,0.0,27.597479954180987,20.636213969202355,32.62016990956426,18.841462266166943,0.1434135166093929,0.09667812142038947,0.09209621993127148,0.09209621993127148,0.08453608247422681,0.07285223367697595,0.06552119129438717,0.06368843069873997,0.06437571592210767,0.05200458190148912,0.04490263459335624,0.038946162657502864,0.032073310423825885,0.024742268041237112,0.01741122565864834,0.009163802978235968,0.005498281786941581,0.9183461539251015,0.022770779432680785,0.0,0.0,0.0,0.0,0.0,0.0,0.0,0.0,0.0,0.0,0.0,0.0,0.0,0.0,0.0,0.0,0.0,0.0,0.0,0.0,0.0,0.0,0.0,0.0,0.0068728522336769775,0.3505154639175258,5.993127147766325,15.951890034364265,7.243986254295534,0.4536082474226805,4.300392436674991,2.94527742998982,nan,nan,nan,4.310541310541311,2.9231130213306713,4.2882689556509295,2.967495296366544,0.9948330491959525,0.4019,0.010155,0.0,0.0,0.0,0.0,0.0,0.0,0.0,0.0,0.0,0.0,0.0,13.092783505154621,16.87285223367698,0.03436426116838489,0.0,0.0,0.0,0.0,0.0,0.0,0.0,0.0,0.0,0.0,0.0,0.0,0.0,0.0,0.0,0.0,nan,nan,4.300392436674991,2.94527742998982,nan,0.4019,0.0495,0.0,0.0,0.0,0.0,0.0,0.0,0.0,0.0,0.0,0.0,0.0,0.0,0.0,0.0,0.0,0.0,0.0,0.0,0.0,0.0,0.0,0.0,0.0,0.0,5.72737686139748e-05,0.0,0.0003436426116838488,0.00018327605956471935,0.004284077892325315,0.004650630011454754,0.013207331042382588,0.0127262313860252,0.03948453608247423,0.03306987399770905,0.05424971363115693,0.034914089347079034,0.047262313860252,0.04030927835051546,0.08271477663230241,0.06124856815578465,0.09628865979381443,0.09860252004581901,0.04843069873997709,0.06744558991981672,0.06177548682703322,0.05611683848797251,0.05339060710194731,0.03343642611683849,0.01436426116838488,0.015486827033218785,0.010091638029782359,0.003218785796105384,0.004501718213058419,0.0072737686139748,0.0004238258877434135,0.0003780068728522337,2.290950744558992e-05,0.0,4.581901489117984e-05,0.0,0.0,0.0,0.0,0.0,0.0,0.0,0.0,0.0,0.0,0.0,0.0,0.0,0.0,0.0,0.0,0.0,0.0,0.0,0.0,0.0,0.0,0.0,0.0,0.0,0.0,0.0,0.0,0.0,0.0,0.0,0.0,0.0,0.0,0.0,0.0,0.0,0.0,0.0,0.0,0.0,0.0,nan,nan,4.300392436674991,2.94527742998982,nan,0.9181050095248809,0.022703722521612273,0.0,0.0,0.0,0.0,0.0,0.0,0.0,0.0,0.0,0.0,0.0,0.0,0.0,0.0,0.0,0.0,0.0,0.0,0.0,0.0,0.0,0.0,0.0,0.0,0.0,0.32214765100671144,6.04026845637584,16.067114093959734,7.100671140939599,0.4697986577181209,0.918599185725333,0.02283819289792487,0.0,0.0,0.0,0.0,0.0,0.0,0.0,0.0,0.0,0.0,0.0,0.0,0.0,0.0,0.0,0.0,0.0,0.0,0.0,0.0,0.0,0.0,0.0,0.0,0.014084507042253525,0.3802816901408452,5.943661971830988,15.830985915492962,7.394366197183101,0.43661971830985924,0.4016,0.01005,0.0,0.0,0.0,0.0,0.0,0.0,0.0,0.0,0.0,0.0,0.0,13.194630872483202,16.77852348993289,0.026845637583892624,0.0,0.0,0.0,0.0,0.0,0.0,0.0,0.0,0.0,0.0,0.0,0.0,0.0,0.0,0.0,0.0,0.402,0.01026,0.0,0.0,0.0,0.0,0.0,0.0,0.0,0.0,0.0,0.0,0.0,12.985915492957728,16.971830985915496,0.04225352112676057,0.0,0.0,0.0,0.0,0.0,0.0,0.0,0.0,0.0,0.0,0.0,0.0,0.0,0.0,0.0,0.0
45100,4221,2213,0.5242833451788675,1019,871,0.44776119402985076,1177,0.5576877517176024,0.41,3.033366533864542,3.1695736986840957,6.665511265164644,2.333704396821681,9447.557836327938,1518.916205686605,7853.0,10918.513633310795,10894.404711766934,6.962681778767175,7853.0,0.0,28.07225775882492,21.096235767530697,33.203855968244966,19.283394017123364,0.14380478559583038,0.10092395167022032,0.08410329305851694,0.0867093105899076,0.08694622127457949,0.07225775882492301,0.06515043828476665,0.06017531390665719,0.06301824212271974,0.05543710021321962,0.0445392087183132,0.03861644160151623,0.03553660270078181,0.024638711205875383,0.017294479981047144,0.01279317697228145,0.008054963278843875,0.9178331137070637,0.022843383060274263,0.0,0.0,0.0,0.0,0.0,0.0,0.0,0.0,0.0,0.0,0.0,0.0,0.0,0.0,0.0,0.0,0.0,0.0,0.0,0.0,0.0,0.0,0.0,0.0,0.007107320540156363,0.36247334754797444,6.147832267235254,15.98436389481166,7.085998578535894,0.412224591329069,4.278471711976488,2.959866155248946,nan,nan,nan,4.246494464944649,2.9078936783870404,4.31016825164594,3.010161850827966,1.0149944353458895,0.4019,0.01036,0.0,0.0,0.0,0.0,0.0,0.0,0.0,0.0,0.0,0.0,0.0,12.89267945984362,17.07889125799574,0.02842928216062545,0.0,0.0,0.0,0.0,0.0,0.0,0.0,0.0,0.0,0.0,0.0,0.0,0.0,0.0,0.0,0.0,nan,nan,4.278471711976488,2.959866155248946,nan,0.4019,0.04962,0.0,0.0,0.0,0.0,0.0,0.0,0.0,0.0,0.0,0.0,0.0,0.0,0.0,0.0,0.0,0.0,0.0,0.0,0.0,0.0,0.0,0.0,0.0,0.0,0.0,0.0,0.0003316749585406302,0.00028429282160625445,0.004572376214167259,0.004761904761904762,0.0111348021795783,0.012698412698412698,0.0390547263681592,0.033665008291873966,0.056763800047382136,0.03588012319355603,0.045119639895759296,0.04076048329779673,0.08315565031982942,0.06063728974176735,0.09734660033167496,0.10285477375029614,0.046730632551528074,0.06561241411987681,0.05935797204453921,0.05493958777540867,0.052487562189054725,0.035050935797204454,0.01285240464344942,0.015150438284766643,0.012035062781331438,0.003304904051172708,0.005294953802416489,0.007332385690594646,0.00034352049277422414,0.0004501303008765695,2.369106846718787e-05,0.0,1.1845534233593935e-05,0.0,0.0,0.0,0.0,0.0,0.0,0.0,0.0,0.0,0.0,0.0,0.0,0.0,0.0,0.0,0.0,0.0,0.0,0.0,0.0,0.0,0.0,0.0,0.0,0.0,0.0,0.0,0.0,0.0,0.0,0.0,0.0,0.0,0.0,0.0,0.0,0.0,0.0,0.0,0.0,0.0,0.0,nan,nan,4.278471711976488,2.959866155248946,nan,0.9174764831573565,0.022798648604994132,0.0,0.0,0.0,0.0,0.0,0.0,0.0,0.0,0.0,0.0,0.0,0.0,0.0,0.0,0.0,0.0,0.0,0.0,0.0,0.0,0.0,0.0,0.0,0.0,0.0,0.4066877541798465,6.181653863533667,15.996384997740627,7.076366922729329,0.33890646181653866,0.9182261532521343,0.02288614687643442,0.0,0.0,0.0,0.0,0.0,0.0,0.0,0.0,0.0,0.0,0.0,0.0,0.0,0.0,0.0,0.0,0.0,0.0,0.0,0.0,0.0,0.0,0.0,0.0,0.014940239043824705,0.3137450199203188,6.110557768924304,15.97111553784861,7.0966135458167345,0.49302788844621526,0.4016,0.01042,0.0,0.0,0.0,0.0,0.0,0.0,0.0,0.0,0.0,0.0,0.0,13.298689561680956,16.687754179846365,0.013556258472661549,0.0,0.0,0.0,0.0,0.0,0.0,0.0,0.0,0.0,0.0,0.0,0.0,0.0,0.0,0.0,0.0,0.4023,0.01029,0.0,0.0,0.0,0.0,0.0,0.0,0.0,0.0,0.0,0.0,0.0,12.445219123505957,17.509960159362553,0.04482071713147411,0.0,0.0,0.0,0.0,0.0,0.0,0.0,0.0,0.0,0.0,0.0,0.0,0.0,0.0,0.0,0.0
45200,4321,2233,0.5167785234899329,1048,876,0.4452672992362879,1197,0.5540384170330942,0.422,3.0009578544061304,3.1419176615712705,6.630849220103986,2.3157852125306544,9424.787121691643,1519.9063776440078,7853.0,10918.547463297844,10894.51014457214,6.768789013160682,7853.0,0.0,27.534829900486,20.79451158663788,32.39779614325069,19.13735750941835,0.1388567461235825,0.10483684332330478,0.0999768572089794,0.08377690349456145,0.08053691275167785,0.07660263827817634,0.07104836843323305,0.06364267530664199,0.053228419347373296,0.05507984262902106,0.04304559129831058,0.035177042351307565,0.03077991205739412,0.02823420504512844,0.0166628095348299,0.012265679240916455,0.006248553575561213,0.9180437626730538,0.02283328077063994,0.0,0.0,0.0,0.0,0.0,0.0,0.0,0.0,0.0,0.0,0.0,0.0,0.0,0.0,0.0,0.0,0.0,0.0,0.0,0.0,0.0,0.0,0.0,0.0,0.0,0.3610275399213146,6.12358250404999,15.843554732700767,7.144179588058321,0.5276556352696136,4.253536452665942,2.8886842894374913,nan,nan,nan,4.2370909090909095,2.913880057884253,4.269898697539797,2.8633023886081284,1.007742998475321,0.4016,0.01015,0.0,0.0,0.0,0.0,0.0,0.0,0.0,0.0,0.0,0.0,0.0,13.128905345984707,16.843323304790562,0.027771349224716507,0.0,0.0,0.0,0.0,0.0,0.0,0.0,0.0,0.0,0.0,0.0,0.0,0.0,0.0,0.0,0.0,nan,nan,4.253536452665942,2.8886842894374913,nan,0.4016,0.04993,0.0,0.0,0.0,0.0,0.0,0.0,0.0,0.0,0.0,0.0,0.0,0.0,0.0,0.0,0.0,0.0,0.0,0.0,0.0,0.0,0.0,0.0,0.0,0.0,0.0,0.0,0.00016199953714417958,0.0003355704697986577,0.00460541541309882,0.004535987040037028,0.010379541772737793,0.014498958574404074,0.04179588058319833,0.03467947234436473,0.05378384633186762,0.03757232122193937,0.04640129599629715,0.04001388567461236,0.08216847951862995,0.06501967137236751,0.09501272853506133,0.10211756537838464,0.04358944688729461,0.06357324693358019,0.05536912751677853,0.05722055079842629,0.051805137699606575,0.03763017819949086,0.014221245082156908,0.015343670446655867,0.011525109928257348,0.0035755612126822495,0.006503124276787781,0.005762554964128674,0.0004397130293913446,0.0002661420967368665,0.0,0.0,9.257116408238833e-05,0.0,0.0,0.0,0.0,0.0,0.0,0.0,0.0,0.0,0.0,0.0,0.0,0.0,0.0,0.0,0.0,0.0,0.0,0.0,0.0,0.0,0.0,0.0,0.0,0.0,0.0,0.0,0.0,0.0,0.0,0.0,0.0,0.0,0.0,0.0,0.0,0.0,0.0,0.0,0.0,0.0,0.0,nan,nan,4.253536452665942,2.8886842894374913,nan,0.9178690398641621,0.02274391214107367,0.0,0.0,0.0,0.0,0.0,0.0,0.0,0.0,0.0,0.0,0.0,0.0,0.0,0.0,0.0,0.0,0.0,0.0,0.0,0.0,0.0,0.0,0.0,0.0,0.0,0.37617554858934177,6.2472010747872835,15.75906851768921,7.174205105239589,0.4433497536945814,0.9182306190103406,0.022926996702183886,0.0,0.0,0.0,0.0,0.0,0.0,0.0,0.0,0.0,0.0,0.0,0.0,0.0,0.0,0.0,0.0,0.0,0.0,0.0,0.0,0.0,0.0,0.0,0.0,0.0,0.34482758620689663,5.991379310344829,15.933908045977015,7.112068965517243,0.6178160919540231,0.4016,0.009995,0.0,0.0,0.0,0.0,0.0,0.0,0.0,0.0,0.0,0.0,0.0,13.139274518584845,16.847290640394093,0.013434841021047922,0.0,0.0,0.0,0.0,0.0,0.0,0.0,0.0,0.0,0.0,0.0,0.0,0.0,0.0,0.0,0.0,0.4016,0.01029,0.0,0.0,0.0,0.0,0.0,0.0,0.0,0.0,0.0,0.0,0.0,13.117816091954003,16.83908045977012,0.04310344827586208,0.0,0.0,0.0,0.0,0.0,0.0,0.0,0.0,0.0,0.0,0.0,0.0,0.0,0.0,0.0,0.0
45300,4382,2230,0.5089000456412597,1036,904,0.44272021907804654,1235,0.563669557279781,0.43,3.0381040892193307,3.181095082239909,6.822222222222222,2.195376303281614,9400.768749510682,1520.46777061658,7853.0,10917.322187066078,10894.40029612368,7.149190621075457,7853.0,0.0,27.162939297124602,20.738574366621574,32.40871483728627,18.96349066247206,0.15289821999087175,0.09904153354632587,0.0926517571884984,0.08900045641259699,0.07918758557736194,0.07736193518941123,0.06549520766773163,0.06754906435417618,0.05750798722044728,0.05294386125057052,0.041761752624372435,0.0344591510725696,0.03172067549064354,0.025559105431309903,0.018028297581013236,0.00730260155180283,0.007530807850296669,0.9171636662000067,0.023040557242003445,0.0,0.0,0.0,0.0,0.0,0.0,0.0,0.0,0.0,0.0,0.0,0.0,0.0,0.0,0.0,0.0,0.0,0.0,0.0,0.0,0.0,0.0,0.0,0.0,0.0068461889548151545,0.43130990415335474,6.277955271565497,16.095390232770427,6.729803742583297,0.4586946599726153,4.478434215295397,2.936717280498437,nan,nan,nan,4.375358166189112,2.896162899804513,4.584005869405723,2.9739800101007945,1.0476869996218712,0.4019,0.01066,0.0,0.0,0.0,0.0,0.0,0.0,0.0,0.0,0.0,0.0,0.0068461889548151545,13.000912825193957,16.971702418986766,0.02053856686444546,0.0,0.0,0.0,0.0,0.0,0.0,0.0,0.0,0.0,0.0,0.0,0.0,0.0,0.0,0.0,0.0,nan,nan,4.478434215295397,2.936717280498437,nan,0.4019,0.05017,0.0,0.0,0.0,0.0,0.0,0.0,0.0,0.0,0.0,0.0,0.0,0.0,0.0,0.0,0.0,0.0,0.0,0.0,0.0,0.0,0.0,0.0,0.0,1.1410314924691921e-05,5.705157462345961e-05,1.1410314924691921e-05,0.00030807850296668185,0.00034230944774075767,0.003913738019169329,0.004347329986307622,0.009413509812870835,0.014262893655864901,0.0429370150616157,0.03453902327704245,0.05556823368324966,0.03838429940666362,0.047067549064354175,0.03917161113646737,0.08267914194431766,0.06374942948425377,0.09379278868096759,0.10437015061615701,0.04220675490643542,0.06348699224098585,0.05337745321770881,0.057998630762209034,0.0507074395253309,0.03662711090826107,0.014399817434961205,0.014879050661798265,0.012197626654495664,0.004210406207211319,0.00700593336376084,0.007405294386125057,0.0003308991328160657,0.00017115472387037883,0.0,0.0,6.846188954815152e-05,0.0,0.0,0.0,0.0,0.0,0.0,0.0,0.0,0.0,0.0,0.0,0.0,0.0,0.0,0.0,0.0,0.0,0.0,0.0,0.0,0.0,0.0,0.0,0.0,0.0,0.0,0.0,0.0,0.0,0.0,0.0,0.0,0.0,0.0,0.0,0.0,0.0,0.0,0.0,0.0,0.0,0.0,nan,nan,4.478434215295397,2.936717280498437,nan,0.9174024488893859,0.023199798945111393,0.0,0.0,0.0,0.0,0.0,0.0,0.0,0.0,0.0,0.0,0.0,0.0,0.0,0.0,0.0,0.0,0.0,0.0,0.0,0.0,0.0,0.0,0.0,0.0,0.01345291479820628,0.40358744394618845,6.309417040358746,15.901345291479824,6.834080717488791,0.5381165919282512,0.9169162287477224,0.022871744294982125,0.0,0.0,0.0,0.0,0.0,0.0,0.0,0.0,0.0,0.0,0.0,0.0,0.0,0.0,0.0,0.0,0.0,0.0,0.0,0.0,0.0,0.0,0.0,0.0,0.0,0.4600371747211897,6.245353159851303,16.296468401486994,6.621747211895912,0.3763940520446098,0.4016,0.01052,0.0,0.0,0.0,0.0,0.0,0.0,0.0,0.0,0.0,0.0,0.01345291479820628,13.076233183856482,16.89686098654709,0.01345291479820628,0.0,0.0,0.0,0.0,0.0,0.0,0.0,0.0,0.0,0.0,0.0,0.0,0.0,0.0,0.0,0.0,0.4019,0.010796,0.0,0.0,0.0,0.0,0.0,0.0,0.0,0.0,0.0,0.0,0.0,12.92286245353158,17.04925650557621,0.027881040892193315,0.0,0.0,0.0,0.0,0.0,0.0,0.0,0.0,0.0,0.0,0.0,0.0,0.0,0.0,0.0,0.0
45400,4480,2333,0.5207589285714286,1061,933,0.4450892857142857,1274,0.56875,0.41,2.9636702375407546,3.0547836209628234,6.465,2.1060488281772263,9436.7803193318,1519.3439414660372,7853.0,10917.074348151684,10894.292683500411,7.148981808310371,7853.0,0.0,27.543973214285714,20.83237380855294,32.647216274089935,19.05235539239685,0.146875,0.10178571428571428,0.09397321428571428,0.0859375,0.078125,0.07120535714285714,0.06785714285714285,0.06450892857142858,0.062276785714285715,0.05223214285714286,0.046205357142857145,0.039732142857142855,0.03080357142857143,0.02388392857142857,0.016964285714285713,0.011607142857142858,0.0060267857142857146,0.9166967228055001,0.022964361271941545,0.0,0.0,0.0,0.0,0.0,0.0,0.0,0.0,0.0,0.0,0.0,0.0,0.0,0.0,0.0,0.0,0.0,0.0,0.0,0.0,0.0,0.0,0.0,0.0,0.006696428571428573,0.45535714285714296,6.348214285714287,16.158482142857146,6.595982142857144,0.43526785714285726,4.373772791023843,2.832363939458166,nan,nan,nan,4.324517512508935,2.738373831904648,4.421197522367516,2.9192183187937824,1.0223562535193644,0.402,0.01063,0.0,0.0,0.0,0.0,0.0,0.0,0.0,0.0,0.0,0.0,0.006696428571428573,12.890624999999982,17.04241071428572,0.06026785714285716,0.0,0.0,0.0,0.0,0.0,0.0,0.0,0.0,0.0,0.0,0.0,0.0,0.0,0.0,0.0,0.0,nan,nan,4.373772791023843,2.832363939458166,nan,0.402,0.05026,0.0,0.0,0.0,0.0,0.0,0.0,0.0,0.0,0.0,0.0,0.0,0.0,0.0,0.0,0.0,0.0,0.0,0.0,0.0,0.0,0.0,0.0,0.0,0.0,0.00013392857142857144,3.348214285714286e-05,0.0002232142857142857,0.000234375,0.003794642857142857,0.0045535714285714285,0.009508928571428571,0.0153125,0.04316964285714286,0.035558035714285716,0.050736607142857146,0.039654017857142856,0.047109375,0.04059151785714286,0.07775669642857143,0.06717633928571429,0.09534598214285714,0.10345982142857142,0.038392857142857145,0.06614955357142857,0.052064732142857145,0.05872767857142857,0.050435267857142856,0.037109375,0.015569196428571429,0.016026785714285716,0.012098214285714285,0.004207589285714286,0.008325892857142856,0.006060267857142857,0.0004129464285714286,2.232142857142857e-05,0.0,0.0,4.464285714285714e-05,0.0,0.0,0.0,0.0,0.0,0.0,0.0,0.0,0.0,0.0,0.0,0.0,0.0,0.0,0.0,0.0,0.0,0.0,0.0,0.0,0.0,0.0,0.0,0.0,0.0,0.0,0.0,0.0,0.0,0.0,0.0,0.0,0.0,0.0,0.0,0.0,0.0,0.0,0.0,0.0,0.0,0.0,nan,nan,4.373772791023843,2.832363939458166,nan,0.9168790652932806,0.023269064843931306,0.0,0.0,0.0,0.0,0.0,0.0,0.0,0.0,0.0,0.0,0.0,0.0,0.0,0.0,0.0,0.0,0.0,0.0,0.0,0.0,0.0,0.0,0.0,0.0,0.012858979854264898,0.46292327475353634,6.32661808829833,15.906558079725679,6.789541363051866,0.501500214316331,0.9164985835302359,0.02262694357469436,0.0,0.0,0.0,0.0,0.0,0.0,0.0,0.0,0.0,0.0,0.0,0.0,0.0,0.0,0.0,0.0,0.0,0.0,0.0,0.0,0.0,0.0,0.0,0.0,0.0,0.4471355379599442,6.3716814159292054,16.43223102002795,6.385654401490453,0.3632976245924547,0.4019,0.01072,0.0,0.0,0.0,0.0,0.0,0.0,0.0,0.0,0.0,0.0,0.012858979854264898,13.193313330475764,16.729532790398633,0.0642948992713245,0.0,0.0,0.0,0.0,0.0,0.0,0.0,0.0,0.0,0.0,0.0,0.0,0.0,0.0,0.0,0.0,0.402,0.01052,0.0,0.0,0.0,0.0,0.0,0.0,0.0,0.0,0.0,0.0,0.0,12.561714019562162,17.38239403819283,0.055891942244993026,0.0,0.0,0.0,0.0,0.0,0.0,0.0,0.0,0.0,0.0,0.0,0.0,0.0,0.0,0.0,0.0
45500,4580,2390,0.5218340611353712,1098,941,0.44519650655021836,1315,0.574235807860262,0.40199999999999997,2.992694063926941,3.047259649612508,6.383792048929664,2.1096357482739756,9439.981670627232,1519.1390638813111,7853.0,10920.384337484837,10894.161527812856,7.155197562190776,7853.0,0.0,28.165065502183406,20.90557483201179,33.03652849740933,19.15737827451384,0.1349344978165939,0.10283842794759826,0.09606986899563319,0.08340611353711791,0.07794759825327512,0.07205240174672489,0.06724890829694323,0.06550218340611354,0.06462882096069869,0.05152838427947598,0.048689956331877726,0.039956331877729255,0.03449781659388646,0.026200873362445413,0.015283842794759825,0.0111353711790393,0.008078602620087336,0.9167333404570167,0.023259724946271855,0.0,0.0,0.0,0.0,0.0,0.0,0.0,0.0,0.0,0.0,0.0,0.0,0.0,0.0,0.0,0.0,0.0,0.0,0.0,0.0,0.0,0.0,0.0,0.0,0.006550218340611355,0.38646288209607,6.838427947598255,15.56331877729258,6.707423580786028,0.497816593886463,4.305010155721056,2.8287972813194027,nan,nan,nan,4.31283422459893,2.802500027774058,4.296982167352538,2.8555059227968362,0.9963244454989766,0.4023,0.01075,0.0,0.0,0.0,0.0,0.0,0.0,0.0,0.0,0.0,0.0,0.0,12.543668122270725,17.410480349344983,0.045851528384279486,0.0,0.0,0.0,0.0,0.0,0.0,0.0,0.0,0.0,0.0,0.0,0.0,0.0,0.0,0.0,0.0,nan,nan,4.305010155721056,2.8287972813194027,nan,0.4023,0.0502,0.0,0.0,0.0,0.0,0.0,0.0,0.0,0.0,0.0,0.0,0.0,0.0,0.0,0.0,0.0,0.0,0.0,0.0,0.0,0.0,0.0,0.0,0.0,0.0,6.550218340611354e-05,0.0,0.00012008733624454149,0.00018558951965065503,0.0033733624454148473,0.004661572052401747,0.009967248908296943,0.015065502183406113,0.04445414847161572,0.03566593886462882,0.04623362445414847,0.03947598253275109,0.04810043668122271,0.04186681222707424,0.07707423580786026,0.0683296943231441,0.09162663755458515,0.10512008733624455,0.03849344978165939,0.06736899563318777,0.04924672489082969,0.06048034934497817,0.050720524017467246,0.03762008733624454,0.0174235807860262,0.01680131004366812,0.012805676855895197,0.004039301310043668,0.006768558951965066,0.0062117903930131,0.0005895196506550219,1.0917030567685589e-05,0.0,3.275109170305677e-05,0.0,0.0,0.0,0.0,0.0,0.0,0.0,0.0,0.0,0.0,0.0,0.0,0.0,0.0,0.0,0.0,0.0,0.0,0.0,0.0,0.0,0.0,0.0,0.0,0.0,0.0,0.0,0.0,0.0,0.0,0.0,0.0,0.0,0.0,0.0,0.0,0.0,0.0,0.0,0.0,0.0,0.0,0.0,nan,nan,4.305010155721056,2.8287972813194027,nan,0.9158679295035087,0.023337159032032317,0.0,0.0,0.0,0.0,0.0,0.0,0.0,0.0,0.0,0.0,0.0,0.0,0.0,0.0,0.0,0.0,0.0,0.0,0.0,0.0,0.0,0.0,0.0,0.0,0.012552301255230129,0.4016736401673641,7.292887029288704,15.451882845188287,6.376569037656905,0.46443514644351475,0.9176777843743155,0.02313801625545216,0.0,0.0,0.0,0.0,0.0,0.0,0.0,0.0,0.0,0.0,0.0,0.0,0.0,0.0,0.0,0.0,0.0,0.0,0.0,0.0,0.0,0.0,0.0,0.0,0.0,0.3698630136986302,6.342465753424659,15.684931506849319,7.068493150684933,0.5342465753424659,0.4023,0.01084,0.0,0.0,0.0,0.0,0.0,0.0,0.0,0.0,0.0,0.0,0.0,12.451882845188265,17.510460251046027,0.037656903765690385,0.0,0.0,0.0,0.0,0.0,0.0,0.0,0.0,0.0,0.0,0.0,0.0,0.0,0.0,0.0,0.0,0.4023,0.01065,0.0,0.0,0.0,0.0,0.0,0.0,0.0,0.0,0.0,0.0,0.0,12.643835616438338,17.3013698630137,0.054794520547945216,0.0,0.0,0.0,0.0,0.0,0.0,0.0,0.0,0.0,0.0,0.0,0.0,0.0,0.0,0.0,0.0
45600,4395,2286,0.520136518771331,1037,891,0.4386803185437998,1234,0.561547212741752,0.422,3.027027027027027,3.0837418738833065,6.582651391162029,2.0984664748881867,9435.070049287015,1519.5967983450196,7853.0,10915.851416409016,10894.643861162042,7.126617989704224,7853.0,0.0,28.5608646188851,21.136753214573883,33.39574926015604,19.394068781751347,0.13333333333333333,0.09670079635949944,0.0994311717861206,0.08282138794084186,0.07645051194539249,0.07531285551763367,0.06803185437997725,0.07030716723549488,0.05233219567690557,0.0552901023890785,0.04505119453924915,0.04141069397042093,0.03686006825938567,0.026166097838452786,0.021387940841865755,0.012514220705346985,0.006598407281001138,0.9173432466926835,0.02285998365674323,0.0,0.0,0.0,0.0,0.0,0.0,0.0,0.0,0.0,0.0,0.0,0.0,0.0,0.0,0.0,0.0,0.0,0.0,0.0,0.0,0.0,0.0,0.0,0.0,0.006825938566552903,0.40273037542662127,6.334470989761094,15.94539249146758,6.887372013651879,0.42320819112627994,4.254278728606357,2.833910043627635,nan,nan,nan,4.231036882393876,2.8147755781509596,4.27438596491228,2.8511265963781662,1.0102454986149585,0.4026,0.01072,0.0,0.0,0.0,0.0,0.0,0.0,0.0,0.0,0.0,0.0,0.0,12.34812286689418,17.556313993174065,0.09556313993174063,0.0,0.0,0.0,0.0,0.0,0.0,0.0,0.0,0.0,0.0,0.0,0.0,0.0,0.0,0.0,0.0,nan,nan,4.254278728606357,2.833910043627635,nan,0.4026,0.0503,0.0,0.0,0.0,0.0,0.0,0.0,0.0,0.0,0.0,0.0,0.0,0.0,0.0,0.0,0.0,0.0,0.0,0.0,0.0,0.0,0.0,0.0,0.0,0.0,2.2753128555176338e-05,0.0,0.00017064846416382253,0.00015927189988623435,0.003708759954493743,0.004436860068259386,0.008498293515358362,0.014732650739476678,0.046382252559726965,0.03547212741751991,0.04845278725824801,0.0387485779294653,0.044425483503981796,0.040705346985210465,0.080193401592719,0.06847554038680319,0.090967007963595,0.10139931740614334,0.04036405005688282,0.06555176336746303,0.05352673492605233,0.06290102389078499,0.049237770193401593,0.03599544937428897,0.017667804323094425,0.01589306029579067,0.012912400455062572,0.004960182025028442,0.007224118316268487,0.006177474402730376,0.0004664391353811149,0.00017064846416382253,0.0,0.0,0.0,0.0,0.0,0.0,0.0,0.0,0.0,0.0,0.0,0.0,0.0,0.0,0.0,0.0,0.0,0.0,0.0,0.0,0.0,0.0,0.0,0.0,0.0,0.0,0.0,0.0,0.0,0.0,0.0,0.0,0.0,0.0,0.0,0.0,0.0,0.0,0.0,0.0,0.0,0.0,0.0,0.0,0.0,nan,nan,4.254278728606357,2.833910043627635,nan,0.9174921566576469,0.022743520848450403,0.0,0.0,0.0,0.0,0.0,0.0,0.0,0.0,0.0,0.0,0.0,0.0,0.0,0.0,0.0,0.0,0.0,0.0,0.0,0.0,0.0,0.0,0.0,0.0,0.0,0.4199475065616799,6.220472440944883,16.10236220472441,6.797900262467193,0.45931758530183736,0.9171818393053405,0.022984464710866848,0.0,0.0,0.0,0.0,0.0,0.0,0.0,0.0,0.0,0.0,0.0,0.0,0.0,0.0,0.0,0.0,0.0,0.0,0.0,0.0,0.0,0.0,0.0,0.0,0.014224751066856334,0.384068278805121,6.458036984352775,15.775248933143674,6.98435277382646,0.384068278805121,0.4026,0.01078,0.0,0.0,0.0,0.0,0.0,0.0,0.0,0.0,0.0,0.0,0.0,12.440944881889747,17.480314960629926,0.07874015748031497,0.0,0.0,0.0,0.0,0.0,0.0,0.0,0.0,0.0,0.0,0.0,0.0,0.0,0.0,0.0,0.0,0.4026,0.01066,0.0,0.0,0.0,0.0,0.0,0.0,0.0,0.0,0.0,0.0,0.0,12.247510668563283,17.638691322901852,0.11379800853485067,0.0,0.0,0.0,0.0,0.0,0.0,0.0,0.0,0.0,0.0,0.0,0.0,0.0,0.0,0.0,0.0
45700,4732,2453,0.518385460693153,1140,963,0.4444209636517329,1339,0.5659340659340659,0.39399999999999996,2.9798157086441424,3.0486095149776844,6.526799387442573,2.0952732521325776,9429.772251982837,1519.829723493342,7853.0,10917.708268284798,10894.698449401869,7.2714520773804585,7853.0,0.0,27.868343195266274,20.77588913320644,32.813900780659786,19.017251989977193,0.1392645815722739,0.10418427726120034,0.08854606931530008,0.08389687235841083,0.08199492814877431,0.07586644125105664,0.0760777683854607,0.06128486897717667,0.05853761622992392,0.04775993237531699,0.04691462383770076,0.04564666103127642,0.03423499577345731,0.02092138630600169,0.018596787827557058,0.011200338123415046,0.00507185122569738,0.9182340522388835,0.02349476473429992,0.0,0.0,0.0,0.0,0.0,0.0,0.0,0.0,0.0,0.0,0.0,0.0,0.0,0.0,0.0,0.0,0.0,0.0,0.0,0.0,0.0,0.0,0.0,0.0,0.006339814032121726,0.4184277261200339,6.155959425190196,15.475486052409133,7.404902789518176,0.5388841927303467,4.324137931034483,2.8442362922347613,nan,nan,nan,4.280632411067193,2.791438373008899,4.367387033398821,2.8951210990733105,1.0202667769620517,0.4023,0.01088,0.0,0.0,0.0,0.0,0.0,0.0,0.0,0.0,0.0,0.0,0.025359256128486905,12.540152155536752,17.314032121724434,0.12045646661031278,0.0,0.0,0.0,0.0,0.0,0.0,0.0,0.0,0.0,0.0,0.0,0.0,0.0,0.0,0.0,0.0,nan,nan,4.324137931034483,2.8442362922347613,nan,0.4023,0.05057,0.0,0.0,0.0,0.0,0.0,0.0,0.0,0.0,0.0,0.0,0.0,0.0,0.0,0.0,0.0,0.0,0.0,0.0,0.0,0.0,0.0,0.0,0.0,0.0,0.0,0.0,0.0002852916314454776,0.0002430262045646661,0.004786559594251902,0.00467032967032967,0.009467455621301775,0.015057058326289096,0.0459530853761623,0.0330938292476754,0.049387151310228236,0.0393279797125951,0.04702028740490279,0.03810228233305157,0.07550718512256974,0.07100591715976332,0.09389264581572274,0.10006339814032121,0.040300084530853764,0.06731825866441252,0.0533072696534235,0.060418427726120036,0.049651310228233304,0.03520710059171597,0.01686390532544379,0.017180896027049874,0.012140743871513102,0.0054311073541842775,0.006773034657650042,0.006339814032121725,0.00099323753169907,0.00021132713440405747,0.0,0.0,0.0,0.0,0.0,0.0,0.0,0.0,0.0,0.0,0.0,0.0,0.0,0.0,0.0,0.0,0.0,0.0,0.0,0.0,0.0,0.0,0.0,0.0,0.0,0.0,0.0,0.0,0.0,0.0,0.0,0.0,0.0,0.0,0.0,0.0,0.0,0.0,0.0,0.0,0.0,0.0,0.0,0.0,0.0,nan,nan,4.324137931034483,2.8442362922347613,nan,0.9180378485736777,0.02378163763484841,0.0,0.0,0.0,0.0,0.0,0.0,0.0,0.0,0.0,0.0,0.0,0.0,0.0,0.0,0.0,0.0,0.0,0.0,0.0,0.0,0.0,0.0,0.0,0.0,0.0,0.5014268242967795,6.176110884631066,15.373012637586632,7.399103139013454,0.550346514472075,0.9184452359118761,0.023180167050279272,0.0,0.0,0.0,0.0,0.0,0.0,0.0,0.0,0.0,0.0,0.0,0.0,0.0,0.0,0.0,0.0,0.0,0.0,0.0,0.0,0.0,0.0,0.0,0.0,0.013163668275559459,0.3290917068889864,6.134269416410708,15.5857832382624,7.411145239139976,0.5265467310223784,0.402,0.01081,0.0,0.0,0.0,0.0,0.0,0.0,0.0,0.0,0.0,0.0,0.0,12.743579290664474,17.13412148389727,0.12229922543823891,0.0,0.0,0.0,0.0,0.0,0.0,0.0,0.0,0.0,0.0,0.0,0.0,0.0,0.0,0.0,0.0,0.4026,0.010956,0.0,0.0,0.0,0.0,0.0,0.0,0.0,0.0,0.0,0.0,0.052654673102237835,12.321193505923633,17.50767880649408,0.11847301448003512,0.0,0.0,0.0,0.0,0.0,0.0,0.0,0.0,0.0,0.0,0.0,0.0,0.0,0.0,0.0,0.0
45800,4589,2317,0.5049030289823491,1084,970,0.4475920679886686,1330,0.5796469819132709,0.40199999999999997,2.9515845070422535,3.0886743857468075,6.582689335394127,2.135779729971192,9388.838832077688,1520.8599716631793,7853.0,10919.05253559351,10894.849115409803,7.173072168634096,7853.0,0.0,27.90281106994988,20.7841622874512,32.81290489764188,19.014628084613964,0.14142514709086948,0.09566354325561124,0.0965351928524733,0.08629331008934409,0.07997385051209414,0.07496186533013728,0.06711701895837874,0.06580954456308565,0.061669208977990844,0.051427326214861624,0.04096753105251689,0.043582479843103074,0.036827195467422094,0.022880801917629114,0.018958378731749836,0.00893440836783613,0.006973196774896492,0.9183268672268124,0.02309431848454545,0.0,0.0,0.0,0.0,0.0,0.0,0.0,0.0,0.0,0.0,0.0,0.0,0.0,0.0,0.0,0.0,0.0,0.0,0.0,0.0,0.0,0.0,0.0,0.0,0.0065373719764654625,0.3987796905643932,6.001307474395294,15.755066463281764,7.289169753758991,0.5491392460230988,4.3085752869682645,2.862712988441223,nan,nan,nan,4.316353887399464,2.8864434182341414,4.300680272108844,2.838402746171649,0.9963687835382601,0.402,0.01058,0.0,0.0,0.0,0.0,0.0,0.0,0.0,0.0,0.0,0.0,0.0,12.46023098714315,17.494007409021577,0.045761603835258235,0.0,0.0,0.0,0.0,0.0,0.0,0.0,0.0,0.0,0.0,0.0,0.0,0.0,0.0,0.0,0.0,nan,nan,4.3085752869682645,2.862712988441223,nan,0.402,0.05066,0.0,0.0,0.0,0.0,0.0,0.0,0.0,0.0,0.0,0.0,0.0,0.0,0.0,0.0,0.0,0.0,0.0,0.0,0.0,0.0,0.0,0.0,4.3582479843103074e-05,0.0,1.0895619960775769e-05,0.0,0.0002505992590978427,0.0002397036391370669,0.004652429723251253,0.005371540640662454,0.008999782087600784,0.01305295271300937,0.05033776421878405,0.030725648289387668,0.051732403573763346,0.039224231858792764,0.048104162126825015,0.03568315537154064,0.0739158858139028,0.07259751579864894,0.09116365221181086,0.10289823490956636,0.041261712791457836,0.06515580736543909,0.0539551100457616,0.057387230333405974,0.054728699062976685,0.03288298104162127,0.016888210939202442,0.016931793419045545,0.011810852037480933,0.00553497494007409,0.006973196774896492,0.006733493135759425,0.000610154717803443,0.00014164305949008498,0.0,0.0,0.0,0.0,0.0,0.0,0.0,0.0,0.0,0.0,0.0,0.0,0.0,0.0,0.0,0.0,0.0,0.0,0.0,0.0,0.0,0.0,0.0,0.0,0.0,0.0,0.0,0.0,0.0,0.0,0.0,0.0,0.0,0.0,0.0,0.0,0.0,0.0,0.0,0.0,0.0,0.0,0.0,0.0,0.0,nan,nan,4.3085752869682645,2.862712988441223,nan,0.9185078029083084,0.023438106952271092,0.0,0.0,0.0,0.0,0.0,0.0,0.0,0.0,0.0,0.0,0.0,0.0,0.0,0.0,0.0,0.0,0.0,0.0,0.0,0.0,0.0,0.0,0.0,0.0,0.0,0.5308588692274494,5.878290893396636,15.394907207596033,7.652136383254209,0.5438066465256799,0.9181423478720474,0.022736885304361274,0.0,0.0,0.0,0.0,0.0,0.0,0.0,0.0,0.0,0.0,0.0,0.0,0.0,0.0,0.0,0.0,0.0,0.0,0.0,0.0,0.0,0.0,0.0,0.0,0.01320422535211268,0.26408450704225356,6.126760563380283,16.12235915492958,6.919014084507044,0.5545774647887325,0.4023,0.010635,0.0,0.0,0.0,0.0,0.0,0.0,0.0,0.0,0.0,0.0,0.0,12.365127319810082,17.608977125593444,0.025895554596460948,0.0,0.0,0.0,0.0,0.0,0.0,0.0,0.0,0.0,0.0,0.0,0.0,0.0,0.0,0.0,0.0,0.402,0.01053,0.0,0.0,0.0,0.0,0.0,0.0,0.0,0.0,0.0,0.0,0.0,12.557218309859138,17.376760563380284,0.06602112676056339,0.0,0.0,0.0,0.0,0.0,0.0,0.0,0.0,0.0,0.0,0.0,0.0,0.0,0.0,0.0,0.0
45900,4542,2318,0.5103478643769265,1098,939,0.4484808454425363,1297,0.5711140466754734,0.39799999999999996,2.9617805755395685,3.0709352959873115,6.606973058637084,2.048744085366661,9405.322420631079,1520.5297806819053,7853.0,10916.574361085892,10894.694751728368,6.96417152339499,7853.0,0.0,27.653016292382212,20.711098848605,32.66587740068403,18.91955069915642,0.14376926464112727,0.09951563188022898,0.09313077939233817,0.08784676354029063,0.08058124174372523,0.07529722589167767,0.06847203874944958,0.06186701893439014,0.058784676354029064,0.05151915455746367,0.0488771466314399,0.04227212681638045,0.03258476442095993,0.023337736679876705,0.01673271686481726,0.009687362395420519,0.005724350506384853,0.9175670563466011,0.02264940683462414,0.0,0.0,0.0,0.0,0.0,0.0,0.0,0.0,0.0,0.0,0.0,0.0,0.0,0.0,0.0,0.0,0.0,0.0,0.0,0.0,0.0,0.0,0.0,0.0,0.006605019815059446,0.3170409511228534,6.433289299867901,15.951122853368563,6.856010568031706,0.4359313077939235,4.356971565604659,2.864774403668163,nan,nan,nan,4.320027529249828,2.8204087600763175,4.393587994542974,2.907615691416096,1.0170277769748195,0.402,0.010704,0.0,0.0,0.0,0.0,0.0,0.0,0.0,0.0,0.0,0.0,0.006605019815059446,12.87318361955084,17.06737120211361,0.05284015852047557,0.0,0.0,0.0,0.0,0.0,0.0,0.0,0.0,0.0,0.0,0.0,0.0,0.0,0.0,0.0,0.0,nan,nan,4.356971565604659,2.864774403668163,nan,0.402,0.0508,0.0,0.0,0.0,0.0,0.0,0.0,0.0,0.0,0.0,0.0,0.0,0.0,0.0,0.0,0.0,0.0,0.0,0.0,0.0,0.0,0.0,0.0,9.907529722589168e-05,1.1008366358432408e-05,0.0,0.0,0.00033025099075297226,0.00016512549537648613,0.004535446939674152,0.0051629238221048,0.008971818582122412,0.012956847203874945,0.053423601937472476,0.029843681197710258,0.053170409511228534,0.03750550418317922,0.04949361514751211,0.0341369440774989,0.07113606340819023,0.07119110523998239,0.0901144870101277,0.10705636283575518,0.04263540290620872,0.06428885953324527,0.05273007485689124,0.05604359313077939,0.056384852487890796,0.03315719947159841,0.016787758696609423,0.015213562307353589,0.013397181858212242,0.005284015852047556,0.007001321003963012,0.007078379568472039,0.000484368119771026,0.0001210920299427565,8.806693086745927e-05,0.0,0.0,0.0,0.0,0.0,0.0,0.0,0.0,0.0,0.0,0.0,0.0,0.0,0.0,0.0,0.0,0.0,0.0,0.0,0.0,0.0,0.0,0.0,0.0,0.0,0.0,0.0,0.0,0.0,0.0,0.0,0.0,0.0,0.0,0.0,0.0,0.0,0.0,0.0,0.0,0.0,0.0,0.0,0.0,nan,nan,4.356971565604659,2.864774403668163,nan,0.9182382363044979,0.022841492645932125,0.0,0.0,0.0,0.0,0.0,0.0,0.0,0.0,0.0,0.0,0.0,0.0,0.0,0.0,0.0,0.0,0.0,0.0,0.0,0.0,0.0,0.0,0.0,0.0,0.0,0.3235547886108715,6.251078515962038,15.828300258843834,7.105263157894738,0.4918032786885247,0.9168675081710592,0.022426084248291615,0.0,0.0,0.0,0.0,0.0,0.0,0.0,0.0,0.0,0.0,0.0,0.0,0.0,0.0,0.0,0.0,0.0,0.0,0.0,0.0,0.0,0.0,0.0,0.0,0.013489208633093528,0.31025179856115115,6.623201438848922,16.079136690647484,6.596223021582736,0.3776978417266188,0.4019,0.01071,0.0,0.0,0.0,0.0,0.0,0.0,0.0,0.0,0.0,0.0,0.01294219154443486,13.123382226056927,16.837791199309752,0.02588438308886972,0.0,0.0,0.0,0.0,0.0,0.0,0.0,0.0,0.0,0.0,0.0,0.0,0.0,0.0,0.0,0.0,0.4023,0.010704,0.0,0.0,0.0,0.0,0.0,0.0,0.0,0.0,0.0,0.0,0.0,12.612410071942428,17.306654676258997,0.08093525179856116,0.0,0.0,0.0,0.0,0.0,0.0,0.0,0.0,0.0,0.0,0.0,0.0,0.0,0.0,0.0,0.0
46000,4333,2221,0.5125778906069698,1069,878,0.4493422570966997,1208,0.557581352411724,0.414,2.9801136363636362,3.115300460113558,6.534201954397394,2.2348956497066284,9412.042636924023,1520.313242878688,7853.0,10921.197478950024,10894.572150288966,7.071860105237698,7853.0,0.0,28.19409185321948,20.959731752191008,33.08105147864184,19.201802072655514,0.1384721901684745,0.10085391183937226,0.08839141472420955,0.0858527579044542,0.07754442649434572,0.0754673436418186,0.07523655665820447,0.06323563351027002,0.05931225478882991,0.04754211862450958,0.050080775444264945,0.041310870066928226,0.035079621509346876,0.02607892914839603,0.01615508885298869,0.010616201246249712,0.008769905377336719,0.9173168799301067,0.023024356882791162,0.0,0.0,0.0,0.0,0.0,0.0,0.0,0.0,0.0,0.0,0.0,0.0,0.0,0.0,0.0,0.0,0.0,0.0,0.0,0.0,0.0,0.0,0.0,0.0,0.006923609508423727,0.40156935148857614,6.459727671359337,15.855065774290333,6.833602584814218,0.4431110085391185,4.243781094527363,2.9399804045898854,nan,nan,nan,4.294661921708185,2.974387698514895,4.1930447125621,2.904377626178418,0.9763387174593555,0.4019,0.01079,0.0,0.0,0.0,0.0,0.0,0.0,0.0,0.0,0.0,0.0,0.013847219016847453,13.168705285021906,16.734364181860148,0.08308331410108472,0.0,0.0,0.0,0.0,0.0,0.0,0.0,0.0,0.0,0.0,0.0,0.0,0.0,0.0,0.0,0.0,nan,nan,4.243781094527363,2.9399804045898854,nan,0.4019,0.05066,0.0,0.0,0.0,0.0,0.0,0.0,0.0,0.0,0.0,0.0,0.0,0.0,0.0,0.0,0.0,0.0,0.0,0.0,0.0,0.0,0.0,0.0,0.0003461804754211862,0.0,0.0,0.0,0.00033464112624048003,2.3078698361412415e-05,0.004788829909993076,0.004258019847680591,0.007523655665820448,0.01235864297253635,0.05572351719363028,0.0304869605354258,0.05438495268866836,0.03709900761597046,0.049803831063927995,0.03443341795522732,0.07231710131548581,0.07215555042695591,0.08954534964228017,0.10759289176090468,0.04148396030463882,0.06535887375951996,0.05285021924763443,0.053427186706669745,0.05830833141010847,0.033198707592891764,0.01475882760212324,0.014043387952919456,0.01308562197092084,0.005527348257558274,0.00678513731825525,0.00736210477729056,0.0004961920147703669,9.231479344564966e-05,1.1539349180706208e-05,3.4618047542118625e-05,0.0,0.0,0.0,0.0,0.0,0.0,0.0,0.0,0.0,0.0,0.0,0.0,0.0,0.0,0.0,0.0,0.0,0.0,0.0,0.0,0.0,0.0,0.0,0.0,0.0,0.0,0.0,0.0,0.0,0.0,0.0,0.0,0.0,0.0,0.0,0.0,0.0,0.0,0.0,0.0,0.0,0.0,0.0,nan,nan,4.243781094527363,2.9399804045898854,nan,0.91785357085395,0.022992012976767343,0.0,0.0,0.0,0.0,0.0,0.0,0.0,0.0,0.0,0.0,0.0,0.0,0.0,0.0,0.0,0.0,0.0,0.0,0.0,0.0,0.0,0.0,0.0,0.0,0.013507429085997301,0.40522287257991907,6.2404322377307535,15.96578117964881,6.848266546600632,0.5267897343538948,0.9167524904690005,0.023044841815839347,0.0,0.0,0.0,0.0,0.0,0.0,0.0,0.0,0.0,0.0,0.0,0.0,0.0,0.0,0.0,0.0,0.0,0.0,0.0,0.0,0.0,0.0,0.0,0.0,0.0,0.3977272727272728,6.690340909090911,15.738636363636367,6.81818181818182,0.3551136363636364,0.4019,0.01074,0.0,0.0,0.0,0.0,0.0,0.0,0.0,0.0,0.0,0.0,0.0,13.25078793336333,16.61413777577668,0.13507429085997302,0.0,0.0,0.0,0.0,0.0,0.0,0.0,0.0,0.0,0.0,0.0,0.0,0.0,0.0,0.0,0.0,0.4019,0.01084,0.0,0.0,0.0,0.0,0.0,0.0,0.0,0.0,0.0,0.0,0.028409090909090915,13.082386363636346,16.860795454545457,0.028409090909090915,0.0,0.0,0.0,0.0,0.0,0.0,0.0,0.0,0.0,0.0,0.0,0.0,0.0,0.0,0.0,0.0
46100,4547,2322,0.5106663734330328,1075,926,0.44007037607213545,1297,0.5704860347481856,0.39799999999999996,3.000449438202247,3.0726776779564826,6.542503863987635,2.0528493199346154,9406.031459224272,1520.2555110042795,7853.0,10915.842137515545,10894.186065931422,7.121431087283763,7853.0,0.0,28.020013195513524,21.155124579524326,32.944284593251375,19.478078334505103,0.13789311634044424,0.10336485594897735,0.0961073235100066,0.0851110622388388,0.07741367934902134,0.07939300637783153,0.06597756762700682,0.06465801627446668,0.056520782933802506,0.05058280184737189,0.041565867605014295,0.04024631625247416,0.035407961293160324,0.025511326149109302,0.019573345062678688,0.011216186496591158,0.009456784693204311,0.9167815524456342,0.022920792127295128,0.0,0.0,0.0,0.0,0.0,0.0,0.0,0.0,0.0,0.0,0.0,0.0,0.0,0.0,0.0,0.0,0.0,0.0,0.0,0.0,0.0,0.0,0.0,0.0,0.006597756762700684,0.38266989223663966,6.643941060039588,15.979766879261055,6.624147789751486,0.3628766219485376,4.3680960548885075,2.8184659972038664,nan,nan,nan,4.331540013449899,2.8233761898111394,4.405746320953049,2.8137803951696716,1.0171316223035527,0.4016,0.01048,0.0,0.0,0.0,0.0,0.0,0.0,0.0,0.0,0.0,0.0,0.0,13.551792390587181,16.382230041785796,0.06597756762700684,0.0,0.0,0.0,0.0,0.0,0.0,0.0,0.0,0.0,0.0,0.0,0.0,0.0,0.0,0.0,0.0,nan,nan,4.3680960548885075,2.8184659972038664,nan,0.4016,0.0505,0.0,0.0,0.0,0.0,0.0,0.0,0.0,0.0,0.0,0.0,0.0,0.0,0.0,0.0,0.0,0.0,0.0,0.0,0.0,0.0,0.0,0.0,0.00034088409940620187,0.0,0.0,0.0,0.00040686166703320873,5.4981306355839013e-05,0.0047283923466021555,0.0046404222564328124,0.007774356718715637,0.011568066857268529,0.053331867165163846,0.03228502309214867,0.05521222784253354,0.03793710138552892,0.04844952716076534,0.035056080932482955,0.07618209808665054,0.07310314493072355,0.08725533318671652,0.10411260171541675,0.0429294040026391,0.06435012095887398,0.05245216626347042,0.05461842973389048,0.05911590059379811,0.03317572025511326,0.01457004618429734,0.014438091049043325,0.01271167802946998,0.004981306355839015,0.007246536177699582,0.006487794149989004,0.00027490653177919506,8.797009016934242e-05,0.0,0.00012095887398284583,0.0,0.0,0.0,0.0,0.0,0.0,0.0,0.0,0.0,0.0,0.0,0.0,0.0,0.0,0.0,0.0,0.0,0.0,0.0,0.0,0.0,0.0,0.0,0.0,0.0,0.0,0.0,0.0,0.0,0.0,0.0,0.0,0.0,0.0,0.0,0.0,0.0,0.0,0.0,0.0,0.0,0.0,0.0,nan,nan,4.3680960548885075,2.8184659972038664,nan,0.9167048146404345,0.023078074709525956,0.0,0.0,0.0,0.0,0.0,0.0,0.0,0.0,0.0,0.0,0.0,0.0,0.0,0.0,0.0,0.0,0.0,0.0,0.0,0.0,0.0,0.0,0.0,0.0,0.0,0.3875968992248063,6.899224806201552,15.607235142118865,6.78294573643411,0.3229974160206719,0.9168616356742516,0.022755217572943548,0.0,0.0,0.0,0.0,0.0,0.0,0.0,0.0,0.0,0.0,0.0,0.0,0.0,0.0,0.0,0.0,0.0,0.0,0.0,0.0,0.0,0.0,0.0,0.0,0.013483146067415734,0.37752808988764053,6.377528089887642,16.3685393258427,6.458426966292136,0.404494382022472,0.4016,0.01033,0.0,0.0,0.0,0.0,0.0,0.0,0.0,0.0,0.0,0.0,0.0,13.578811369509024,16.356589147286826,0.06459948320413438,0.0,0.0,0.0,0.0,0.0,0.0,0.0,0.0,0.0,0.0,0.0,0.0,0.0,0.0,0.0,0.0,0.4016,0.01065,0.0,0.0,0.0,0.0,0.0,0.0,0.0,0.0,0.0,0.0,0.0,13.523595505617958,16.408988764044945,0.06741573033707866,0.0,0.0,0.0,0.0,0.0,0.0,0.0,0.0,0.0,0.0,0.0,0.0,0.0,0.0,0.0,0.0
46200,4241,2208,0.5206319264324452,1013,862,0.4421127092666824,1183,0.5578872907333177,0.43,3.0585341859321202,3.161502506298402,6.675302245250432,2.177351158924433,9436.238377510068,1519.2098937005978,7853.0,10917.826681494713,10893.993640860597,6.8771188508146635,7853.0,0.0,28.329403442584297,21.452034217758126,33.530923467946906,19.662974119468597,0.14454138174958736,0.09926904032067908,0.08912992218816317,0.08347087950954964,0.08252770572978071,0.07144541381749588,0.0662579580287668,0.06696533836359349,0.057533600565904265,0.05069559066257958,0.038905918415468047,0.04220702664465928,0.0346616364065079,0.028531006838009902,0.021928790379627448,0.012968639471822684,0.008960150907804764,0.9164658347493887,0.022488258508958116,0.0,0.0,0.0,0.0,0.0,0.0,0.0,0.0,0.0,0.0,0.0,0.0,0.0,0.0,0.0,0.0,0.0,0.0,0.0,0.0,0.0,0.0,0.0,0.0,0.0,0.3961329875029475,6.649375147370905,16.14241924074511,6.43008724357463,0.3819853808064137,4.3567784256559765,2.932408755330541,nan,nan,nan,4.382137628111273,2.9391740154694435,4.331640058055152,2.9254700158842892,0.98847649838011,0.4014,0.010635,0.0,0.0,0.0,0.0,0.0,0.0,0.0,0.0,0.0,0.0,0.01414760669653384,13.56755482197593,16.36878094788965,0.04951662343786844,0.0,0.0,0.0,0.0,0.0,0.0,0.0,0.0,0.0,0.0,0.0,0.0,0.0,0.0,0.0,0.0,nan,nan,4.3567784256559765,2.932408755330541,nan,0.4014,0.05035,0.0,0.0,0.0,0.0,0.0,0.0,0.0,0.0,0.0,0.0,0.0,0.0,0.0,0.0,0.0,0.0,0.0,0.0,0.0,1.178967224711153e-05,0.0,0.0,0.00029474180617778827,0.0,0.0,0.0,0.0005187455788729073,9.431737797689224e-05,0.004692289554350389,0.0051285074274935154,0.008276349917472295,0.011813251591605753,0.052063192643244514,0.03345908983730252,0.0559302051402971,0.04006130629568498,0.04760669653383636,0.03508606460740391,0.07497052581938222,0.07171657627917943,0.08417825984437632,0.10261730723885876,0.0428436689460033,0.06768450837066729,0.0557297807120962,0.054998821032775286,0.0587950954963452,0.03327045508134874,0.013970761612827164,0.015609526055175666,0.011223767979250177,0.004715868898844612,0.006861589247818911,0.005305352511200188,0.0002829521339306767,0.00014147606696533836,0.0,3.536901674133459e-05,1.178967224711153e-05,0.0,0.0,0.0,0.0,0.0,0.0,0.0,0.0,0.0,0.0,0.0,0.0,0.0,0.0,0.0,0.0,0.0,0.0,0.0,0.0,0.0,0.0,0.0,0.0,0.0,0.0,0.0,0.0,0.0,0.0,0.0,0.0,0.0,0.0,0.0,0.0,0.0,0.0,0.0,0.0,0.0,0.0,nan,nan,4.3567784256559765,2.932408755330541,nan,0.9165534746117782,0.022652986668211472,0.0,0.0,0.0,0.0,0.0,0.0,0.0,0.0,0.0,0.0,0.0,0.0,0.0,0.0,0.0,0.0,0.0,0.0,0.0,0.0,0.0,0.0,0.0,0.0,0.0,0.4891304347826088,6.399456521739132,16.182065217391308,6.521739130434784,0.407608695652174,0.9163706508752342,0.02230758263874914,0.0,0.0,0.0,0.0,0.0,0.0,0.0,0.0,0.0,0.0,0.0,0.0,0.0,0.0,0.0,0.0,0.0,0.0,0.0,0.0,0.0,0.0,0.0,0.0,0.0,0.29513034923757997,6.9208066896212515,16.09936055090999,6.330545991146091,0.354156419085096,0.4011,0.01055,0.0,0.0,0.0,0.0,0.0,0.0,0.0,0.0,0.0,0.0,0.027173913043478267,13.980978260869545,15.937500000000004,0.054347826086956534,0.0,0.0,0.0,0.0,0.0,0.0,0.0,0.0,0.0,0.0,0.0,0.0,0.0,0.0,0.0,0.0,0.4016,0.01072,0.0,0.0,0.0,0.0,0.0,0.0,0.0,0.0,0.0,0.0,0.0,13.118544023610408,16.83718642400394,0.044269552385637,0.0,0.0,0.0,0.0,0.0,0.0,0.0,0.0,0.0,0.0,0.0,0.0,0.0,0.0,0.0,0.0
46300,4383,2242,0.511521788729181,1045,916,0.44741044946383757,1261,0.5754049737622633,0.434,3.049976646426903,3.178457709919545,6.766666666666667,2.1883530082893135,9408.484110336678,1520.0516775976937,7853.0,10917.028201341629,10893.895118468181,6.832886170567409,7853.0,0.0,27.9637234770705,20.87914460534242,33.069634079737845,19.043220577098424,0.1412274697695642,0.10061601642710473,0.08898015058179329,0.0917180013689254,0.07460643394934977,0.07688797627195984,0.06707734428473648,0.06365503080082136,0.059548254620123205,0.048825005703855805,0.04996577686516085,0.03947068218115446,0.03969883641341547,0.02327173169062286,0.019164955509924708,0.009810631987223362,0.0054757015742642025,0.9159490666703876,0.023068557361872598,0.0,0.0,0.0,0.0,0.0,0.0,0.0,0.0,0.0,0.0,0.0,0.0,0.0,0.0,0.0,0.0,0.0,0.0,0.0,0.0,0.0,0.0,0.0,0.0,0.006844626967830255,0.4380561259411363,6.748802190280632,16.105407255304588,6.269678302532514,0.4312114989733061,4.3847511471937874,2.9290119365852605,nan,nan,nan,4.2883263009845285,2.8442685746517147,4.480851063829787,3.0096750582980585,1.0448950824476808,0.4016,0.010544,0.0,0.0,0.0,0.0,0.0,0.0,0.0,0.0,0.0,0.0,0.01368925393566051,13.134839151266238,16.789869952087614,0.06160164271047229,0.0,0.0,0.0,0.0,0.0,0.0,0.0,0.0,0.0,0.0,0.0,0.0,0.0,0.0,0.0,0.0,nan,nan,4.3847511471937874,2.9290119365852605,nan,0.4016,0.05035,0.0,0.0,0.0,0.0,0.0,0.0,0.0,0.0,0.0,0.0,0.0,0.0,0.0,0.0,0.0,0.0,0.0,0.0,0.0,0.0,0.0,0.0,0.0002737850787132101,0.0,0.0,0.0,0.0006274241387177732,0.0002509696554871093,0.004175222450376454,0.004106776180698152,0.007164042892995665,0.011692904403376683,0.054426192105863566,0.03350444900752909,0.05541866301619895,0.03997262149212868,0.05010266940451746,0.03321925621720283,0.07353410905772302,0.0729637234770705,0.07888432580424366,0.10399269906456765,0.04460415240702715,0.06495550992470911,0.0567647729865389,0.05663928815879535,0.058669860825918324,0.0338010495094684,0.015856719142140086,0.01647273556924481,0.011510381017567876,0.005464293862651152,0.005738078941364362,0.00487109285877253,0.00013689253935660506,5.703855806525211e-05,0.0,0.0,0.00014830025096965548,0.0,0.0,0.0,0.0,0.0,0.0,0.0,0.0,0.0,0.0,0.0,0.0,0.0,0.0,0.0,0.0,0.0,0.0,0.0,0.0,0.0,0.0,0.0,0.0,0.0,0.0,0.0,0.0,0.0,0.0,0.0,0.0,0.0,0.0,0.0,0.0,0.0,0.0,0.0,0.0,0.0,0.0,nan,nan,4.3847511471937874,2.9290119365852605,nan,0.9155889324425163,0.022755605849459928,0.0,0.0,0.0,0.0,0.0,0.0,0.0,0.0,0.0,0.0,0.0,0.0,0.0,0.0,0.0,0.0,0.0,0.0,0.0,0.0,0.0,0.0,0.0,0.0,0.013380909901873331,0.41480820695807324,6.837644959857272,16.27118644067797,6.128456735057986,0.33452274754683325,0.9163261899487096,0.023385840934595326,0.0,0.0,0.0,0.0,0.0,0.0,0.0,0.0,0.0,0.0,0.0,0.0,0.0,0.0,0.0,0.0,0.0,0.0,0.0,0.0,0.0,0.0,0.0,0.0,0.0,0.4624007473143392,6.655768332554882,15.931807566557687,6.417561886968708,0.5324614666043905,0.4016,0.01039,0.0,0.0,0.0,0.0,0.0,0.0,0.0,0.0,0.0,0.0,0.026761819803746662,12.912578055307742,17.020517395182875,0.04014272970561999,0.0,0.0,0.0,0.0,0.0,0.0,0.0,0.0,0.0,0.0,0.0,0.0,0.0,0.0,0.0,0.0,0.4016,0.010704,0.0,0.0,0.0,0.0,0.0,0.0,0.0,0.0,0.0,0.0,0.0,13.367585240541784,16.548341896310138,0.08407286314806167,0.0,0.0,0.0,0.0,0.0,0.0,0.0,0.0,0.0,0.0,0.0,0.0,0.0,0.0,0.0,0.0
46400,4605,2392,0.5194353963083604,1099,932,0.44104234527687297,1262,0.548099891422367,0.426,2.9719837324898326,3.1517045066949376,6.712605042016807,2.2205516243215557,9432.712960384322,1519.4654469200611,7853.0,10916.96589076519,10894.211614786707,7.193433969686137,7853.0,0.0,27.845385450597178,21.056585335249284,32.932934754354044,19.309840752174775,0.14332247557003258,0.10423452768729642,0.08534201954397394,0.09077090119435396,0.08447339847991314,0.0727470141150923,0.06666666666666667,0.06145494028230185,0.05884907709011943,0.049728555917481,0.04191096634093377,0.04082519001085776,0.033876221498371335,0.03061889250814332,0.01758957654723127,0.011074918566775244,0.006514657980456026,0.9163649156479312,0.023332164263438718,0.0,0.0,0.0,0.0,0.0,0.0,0.0,0.0,0.0,0.0,0.0,0.0,0.0,0.0,0.0,0.0,0.0,0.0,0.0,0.0,0.0,0.0,0.0,0.0,0.013029315960912054,0.5993485342019544,6.46254071661238,15.97394136807818,6.540716612377852,0.4104234527687297,4.313519021739131,2.944667593473195,nan,nan,nan,4.203665987780041,2.9045578579327254,4.426530612244898,2.9790156464597506,1.053016729947793,0.4016,0.01097,0.0,0.0,0.0,0.0,0.0,0.0,0.0,0.0,0.0,0.0,0.01954397394136808,13.192182410423435,16.72964169381108,0.05863192182410425,0.0,0.0,0.0,0.0,0.0,0.0,0.0,0.0,0.0,0.0,0.0,0.0,0.0,0.0,0.0,0.0,nan,nan,4.313519021739131,2.944667593473195,nan,0.4016,0.05045,0.0,0.0,0.0,0.0,0.0,0.0,0.0,0.0,0.0,0.0,0.0,0.0,0.0,0.0,0.0,0.0,0.0,0.0,0.0,0.0,0.0,0.0,0.00036916395222584146,0.0,2.171552660152009e-05,0.0,0.0005320304017372422,0.0002714440825190011,0.003941368078175896,0.004462540716612378,0.007622149837133551,0.011932681867535287,0.053355048859934855,0.03222584147665581,0.05577633007600434,0.0395656894679696,0.053224755700325733,0.03319218241042345,0.07325732899022801,0.07133550488599348,0.07829533116178067,0.10628664495114007,0.04512486427795874,0.06511400651465798,0.0548642779587405,0.05741585233441911,0.05795874049945711,0.03166123778501629,0.015711183496199783,0.017003257328990228,0.01233441910966341,0.005494028230184582,0.006471226927252986,0.004777415852334419,0.0002280130293159609,0.0001737242128121607,0.0,0.0,0.0,0.0,0.0,0.0,0.0,0.0,0.0,0.0,0.0,0.0,0.0,0.0,0.0,0.0,0.0,0.0,0.0,0.0,0.0,0.0,0.0,0.0,0.0,0.0,0.0,0.0,0.0,0.0,0.0,0.0,0.0,0.0,0.0,0.0,0.0,0.0,0.0,0.0,0.0,0.0,0.0,0.0,0.0,nan,nan,4.313519021739131,2.944667593473195,nan,0.9168301111330157,0.02330535460996466,0.0,0.0,0.0,0.0,0.0,0.0,0.0,0.0,0.0,0.0,0.0,0.0,0.0,0.0,0.0,0.0,0.0,0.0,0.0,0.0,0.0,0.0,0.0,0.0,0.012541806020066893,0.6270903010033446,6.183110367892978,16.053511705685622,6.722408026755854,0.4013377926421406,0.9158620925117713,0.023350687720629322,0.0,0.0,0.0,0.0,0.0,0.0,0.0,0.0,0.0,0.0,0.0,0.0,0.0,0.0,0.0,0.0,0.0,0.0,0.0,0.0,0.0,0.0,0.0,0.0,0.013556258472661549,0.569362855851785,6.764572977858113,15.887934929959334,6.344328965205605,0.420244012652508,0.4016,0.01097,0.0,0.0,0.0,0.0,0.0,0.0,0.0,0.0,0.0,0.0,0.012541806020066893,13.256688963210683,16.655518394648833,0.07525083612040134,0.0,0.0,0.0,0.0,0.0,0.0,0.0,0.0,0.0,0.0,0.0,0.0,0.0,0.0,0.0,0.0,0.4019,0.01096,0.0,0.0,0.0,0.0,0.0,0.0,0.0,0.0,0.0,0.0,0.027112516945323097,13.122458201536356,16.809760506100318,0.040668775417984644,0.0,0.0,0.0,0.0,0.0,0.0,0.0,0.0,0.0,0.0,0.0,0.0,0.0,0.0,0.0,0.0
46500,4863,2527,0.5196380834875591,1201,1003,0.45321817807937487,1357,0.5580917129344026,0.40599999999999997,2.9375,3.029172869043288,6.418918918918919,2.0342863006926084,9433.396606427932,1519.5057364084787,7853.0,10915.850987136364,10894.340996066101,7.090840700381758,7853.0,0.0,27.695044211392144,20.672513570132672,32.68418467583497,18.88742280069832,0.14332716430187128,0.09726506271848653,0.08883405305367058,0.09047912811022003,0.07875796833230517,0.08492699979436562,0.06559736787990952,0.06292412091301666,0.059633970799917745,0.05716635821509356,0.041949413942011106,0.03763109191856878,0.03392967304133251,0.024059222702035782,0.01727328809376928,0.010076084721365413,0.006169031462060457,0.91691351859824,0.02301222137948967,0.0,0.0,0.0,0.0,0.0,0.0,0.0,0.0,0.0,0.0,0.0,0.0,0.0,0.0,0.0,0.0,0.0,0.0,0.0,0.0,0.0,0.0,0.0,0.0,0.006169031462060458,0.4935225169648366,6.360271437384332,16.03331276989513,6.637877853177053,0.46884639111659476,4.271218889597958,2.881706486282542,nan,nan,nan,4.211636828644501,2.8384630095975125,4.332058636073932,2.9232804864005915,1.0285926380476136,0.4016,0.010666,0.0,0.0,0.0,0.0,0.0,0.0,0.0,0.0,0.0,0.0,0.006169031462060458,13.405305367057352,16.533004318322025,0.05552128315854412,0.0,0.0,0.0,0.0,0.0,0.0,0.0,0.0,0.0,0.0,0.0,0.0,0.0,0.0,0.0,0.0,nan,nan,4.271218889597958,2.881706486282542,nan,0.4016,0.0502,0.0,0.0,0.0,0.0,0.0,0.0,0.0,0.0,0.0,0.0,0.0,0.0,0.0,0.0,0.0,0.0,0.0,0.0,0.0,0.0,0.0,0.0,0.00048324079786140245,0.0,0.0,0.0,0.000658030022619782,0.00025704297758585235,0.0033415587086160804,0.003721982315443142,0.007248611967921036,0.013325107958050586,0.052292823360065806,0.03342586880526424,0.05562410034957845,0.04035574748097882,0.05273493728151347,0.030197409006785934,0.0757557063541024,0.07088217149907465,0.07910754678182193,0.1112790458564672,0.043748714785112074,0.06510384536294468,0.05454451984371787,0.057485091507300023,0.057752416203989305,0.028871067242442938,0.015216944273082459,0.01742751388032079,0.012399753238741517,0.005346493933785729,0.006693399136335596,0.004338885461649187,0.00011309891013777503,0.00026732469668928644,0.0,0.0,0.0,0.0,0.0,0.0,0.0,0.0,0.0,0.0,0.0,0.0,0.0,0.0,0.0,0.0,0.0,0.0,0.0,0.0,0.0,0.0,0.0,0.0,0.0,0.0,0.0,0.0,0.0,0.0,0.0,0.0,0.0,0.0,0.0,0.0,0.0,0.0,0.0,0.0,0.0,0.0,0.0,0.0,0.0,nan,nan,4.271218889597958,2.881706486282542,nan,0.9173635317017828,0.02293004572514686,0.0,0.0,0.0,0.0,0.0,0.0,0.0,0.0,0.0,0.0,0.0,0.0,0.0,0.0,0.0,0.0,0.0,0.0,0.0,0.0,0.0,0.0,0.0,0.0,0.011871784724970323,0.4273842500989316,6.23268698060942,16.026909378709934,6.802532647407995,0.49861495844875353,0.9164267107589196,0.023090913847756744,0.0,0.0,0.0,0.0,0.0,0.0,0.0,0.0,0.0,0.0,0.0,0.0,0.0,0.0,0.0,0.0,0.0,0.0,0.0,0.0,0.0,0.0,0.0,0.0,0.0,0.5650684931506851,6.4982876712328785,16.0402397260274,6.459760273972604,0.43664383561643844,0.4016,0.010895,0.0,0.0,0.0,0.0,0.0,0.0,0.0,0.0,0.0,0.0,0.011871784724970323,13.438860308666383,16.478037198258807,0.07123070834982194,0.0,0.0,0.0,0.0,0.0,0.0,0.0,0.0,0.0,0.0,0.0,0.0,0.0,0.0,0.0,0.0,0.4016,0.01042,0.0,0.0,0.0,0.0,0.0,0.0,0.0,0.0,0.0,0.0,0.0,13.36900684931505,16.592465753424662,0.03852739726027398,0.0,0.0,0.0,0.0,0.0,0.0,0.0,0.0,0.0,0.0,0.0,0.0,0.0,0.0,0.0,0.0
46600,4833,2476,0.5123111938754397,1199,979,0.4506517690875233,1344,0.5561762880198634,0.426,2.9596945269410266,3.1501238084415926,6.774143302180685,2.0974137682608145,9411.040681104543,1520.1467931792733,7853.0,10918.171734154224,10894.199762430639,6.856925957158506,7853.0,0.0,27.453548520587628,20.670309753003135,32.502852890101714,18.92053206604032,0.1425615559693772,0.09931719428926133,0.09393751293192634,0.09021311814607905,0.08255741775294848,0.07676391475274157,0.06765983860955928,0.06745292778812331,0.05627974343058142,0.052348437823298156,0.044485826608731634,0.03765776950134492,0.030208979929650322,0.023587833643699565,0.019242706393544383,0.007655700393130561,0.008069522036002483,0.9167656067018057,0.02273169191706904,0.0,0.0,0.0,0.0,0.0,0.0,0.0,0.0,0.0,0.0,0.0,0.0,0.0,0.0,0.0,0.0,0.0,0.0,0.0,0.0,0.0,0.0,0.0,0.0,0.0,0.4903786468032279,6.486654252017382,16.157666045934207,6.418373680943515,0.44692737430167606,4.312012987012987,2.9478781450855287,nan,nan,nan,4.2426614481409,2.9385675674598333,4.379042690815006,2.9556752460114977,1.0321452098738322,0.4019,0.0107,0.0,0.0,0.0,0.0,0.0,0.0,0.0,0.0,0.0,0.0,0.0,12.768466790813141,17.20049658597145,0.03103662321539417,0.0,0.0,0.0,0.0,0.0,0.0,0.0,0.0,0.0,0.0,0.0,0.0,0.0,0.0,0.0,0.0,nan,nan,4.312012987012987,2.9478781450855287,nan,0.4019,0.05002,0.0,0.0,0.0,0.0,0.0,0.0,0.0,0.0,0.0,0.0,0.0,0.0,0.0,0.0,0.0,0.0,0.0,0.0,0.0,0.0,0.0,0.0,9.310986964618249e-05,0.0,0.0,0.0,0.0005896958410924892,0.00027932960893854746,0.003020897992965032,0.004707221187668115,0.006259052348437823,0.012031864266501139,0.052586385267949516,0.0340471756672874,0.05728326091454583,0.037637078419201324,0.05156217670184151,0.030167597765363128,0.07468446099731016,0.07271880819366854,0.07803641630457273,0.11204220980757294,0.045396234223049864,0.06667701220773846,0.0542727084626526,0.05810055865921788,0.058390233809228226,0.026888061245603147,0.01537347403269191,0.0170287606041796,0.01185599006828057,0.006155596937719843,0.006983240223463687,0.004707221187668115,0.00017587419822056693,0.00017587419822056693,0.0,7.241878750258639e-05,0.0,0.0,0.0,0.0,0.0,0.0,0.0,0.0,0.0,0.0,0.0,0.0,0.0,0.0,0.0,0.0,0.0,0.0,0.0,0.0,0.0,0.0,0.0,0.0,0.0,0.0,0.0,0.0,0.0,0.0,0.0,0.0,0.0,0.0,0.0,0.0,0.0,0.0,0.0,0.0,0.0,0.0,0.0,nan,nan,4.312012987012987,2.9478781450855287,nan,0.916409688157681,0.022541868900858027,0.0,0.0,0.0,0.0,0.0,0.0,0.0,0.0,0.0,0.0,0.0,0.0,0.0,0.0,0.0,0.0,0.0,0.0,0.0,0.0,0.0,0.0,0.0,0.0,0.0,0.44830371567043625,6.603392568659129,16.223747980613897,6.361066235864299,0.36348949919224566,0.9171394948287692,0.02292345537855428,0.0,0.0,0.0,0.0,0.0,0.0,0.0,0.0,0.0,0.0,0.0,0.0,0.0,0.0,0.0,0.0,0.0,0.0,0.0,0.0,0.0,0.0,0.0,0.0,0.0,0.5345778532032245,6.36402206194315,16.088247772592283,6.478574459058127,0.5345778532032245,0.402,0.010826,0.0,0.0,0.0,0.0,0.0,0.0,0.0,0.0,0.0,0.0,0.0,12.855411954765732,17.108239095315028,0.03634894991922456,0.0,0.0,0.0,0.0,0.0,0.0,0.0,0.0,0.0,0.0,0.0,0.0,0.0,0.0,0.0,0.0,0.4019,0.01057,0.0,0.0,0.0,0.0,0.0,0.0,0.0,0.0,0.0,0.0,0.0,12.677131947390732,17.29741196436148,0.0254560882477726,0.0,0.0,0.0,0.0,0.0,0.0,0.0,0.0,0.0,0.0,0.0,0.0,0.0,0.0,0.0,0.0
46700,4923,2471,0.5019297176518384,1165,1032,0.4462725980093439,1439,0.584602884420069,0.37799999999999995,2.8531810766721044,2.9763303047603866,6.186013986013986,2.133404036515628,9379.439637675194,1520.567765202731,7853.0,10921.999145627022,10894.142183842567,6.961221843276995,7853.0,0.0,28.311598618728418,21.0531089352548,33.17208182912154,19.316503493601893,0.13548649197643714,0.10156408693885842,0.09100142189721715,0.08937639650619542,0.08043875685557587,0.07028234816169003,0.06642291285801341,0.06479788746699167,0.061547836684948204,0.05403209425147268,0.043469429209831406,0.0410318911232988,0.03310989234206785,0.029250457038391225,0.018484663822872234,0.014422100345317896,0.005281332520820638,0.9165351371587884,0.02297565863820878,0.0,0.0,0.0,0.0,0.0,0.0,0.0,0.0,0.0,0.0,0.0,0.0,0.0,0.0,0.0,0.0,0.0,0.0,0.0,0.0,0.0,0.0,0.0,0.0,0.006093845216331507,0.4204753199268739,6.605728214503353,16.14259597806216,6.416819012797077,0.40828762949421094,4.126712328767123,2.750151591100445,nan,nan,nan,4.098258706467662,2.7272892073693162,4.155333749220212,2.7734506722841434,1.0139266568658727,0.402,0.0104,0.0,0.0,0.0,0.0,0.0,0.0,0.0,0.0,0.0,0.0,0.0,12.809262644728804,17.15417428397319,0.03656307129798904,0.0,0.0,0.0,0.0,0.0,0.0,0.0,0.0,0.0,0.0,0.0,0.0,0.0,0.0,0.0,0.0,nan,nan,4.126712328767123,2.750151591100445,nan,0.402,0.04965,0.0,0.0,0.0,0.0,0.0,0.0,0.0,0.0,0.0,0.0,0.0,0.0,0.0,0.0,0.0,0.0,0.0,0.0,0.0,0.0,0.0,0.0,0.0,0.0,0.0,0.0,0.0005992281129392646,0.00020312817387771684,0.0025898842169408895,0.004956327442616291,0.005525086329473898,0.011862685354458663,0.04924842575665245,0.03320130002031282,0.059018890920170625,0.038401381271582366,0.05405240706886045,0.028884826325411336,0.07637619337802153,0.07026203534430225,0.07745277269957343,0.11094860857200894,0.04471866747917936,0.06892138939670932,0.05469226081657526,0.06081657525898842,0.060522039406865735,0.024974608978265287,0.016158846231972373,0.016148689823278488,0.011476741824091,0.006723542555352427,0.006479788746699167,0.0045094454600853135,9.140767824497258e-05,0.00018281535648994517,0.0,0.0,0.0,0.0,0.0,0.0,0.0,0.0,0.0,0.0,0.0,0.0,0.0,0.0,0.0,0.0,0.0,0.0,0.0,0.0,0.0,0.0,0.0,0.0,0.0,0.0,0.0,0.0,0.0,0.0,0.0,0.0,0.0,0.0,0.0,0.0,0.0,0.0,0.0,0.0,0.0,0.0,0.0,0.0,0.0,nan,nan,4.126712328767123,2.750151591100445,nan,0.9159540288219661,0.023131521205571316,0.0,0.0,0.0,0.0,0.0,0.0,0.0,0.0,0.0,0.0,0.0,0.0,0.0,0.0,0.0,0.0,0.0,0.0,0.0,0.0,0.0,0.0,0.0,0.0,0.012140833670578716,0.5220558478348848,6.7381626871711875,15.868069607446381,6.507486847430192,0.35208417644678275,0.9171207483742404,0.02280253443591388,0.0,0.0,0.0,0.0,0.0,0.0,0.0,0.0,0.0,0.0,0.0,0.0,0.0,0.0,0.0,0.0,0.0,0.0,0.0,0.0,0.0,0.0,0.0,0.0,0.0,0.31810766721044054,6.472267536704733,16.41924959216966,6.325448613376837,0.4649265905383361,0.4023,0.01034,0.0,0.0,0.0,0.0,0.0,0.0,0.0,0.0,0.0,0.0,0.0,12.857142857142838,17.10643464184541,0.03642250101173614,0.0,0.0,0.0,0.0,0.0,0.0,0.0,0.0,0.0,0.0,0.0,0.0,0.0,0.0,0.0,0.0,0.402,0.010475,0.0,0.0,0.0,0.0,0.0,0.0,0.0,0.0,0.0,0.0,0.0,12.761011419249574,17.202283849918437,0.036704730831973904,0.0,0.0,0.0,0.0,0.0,0.0,0.0,0.0,0.0,0.0,0.0,0.0,0.0,0.0,0.0,0.0
46800,4574,2369,0.5179274158285964,1129,932,0.45059029296020986,1314,0.5745518146042851,0.414,3.0058956916099775,3.0546736323963692,6.439509954058193,2.038248596283863,9428.235033889785,1519.7402174871477,7853.0,10915.229730546474,10894.420449561789,6.763949390715831,7853.0,0.0,28.473327503279407,21.11508974304601,33.56867344279385,19.229686909202762,0.14320069960647136,0.09357236554438128,0.08898119807608221,0.08329689549628334,0.0835155225185833,0.0695233930913861,0.07039790118058592,0.06034105815478793,0.059466550065588104,0.05378224748578924,0.0540008745080892,0.04175776125929165,0.03519895059029296,0.026016615653694796,0.01770878880629646,0.011368605159597726,0.007870572802798426,0.9173363236865989,0.02293379250227479,0.0,0.0,0.0,0.0,0.0,0.0,0.0,0.0,0.0,0.0,0.0,0.0,0.0,0.0,0.0,0.0,0.0,0.0,0.0,0.0,0.0,0.0,0.0,0.0,0.0,0.47879317883690437,6.06034105815479,16.134674245736775,6.873633581110627,0.4525579361609096,4.2160452729693745,2.8726166302186376,nan,nan,nan,4.2408660351826795,2.871427496391495,4.192005242463958,2.87356351530856,0.9884785814233775,0.4019,0.01039,0.0,0.0,0.0,0.0,0.0,0.0,0.0,0.0,0.0,0.0,0.0,12.796239615216422,17.15784871010057,0.04591167468299083,0.0,0.0,0.0,0.0,0.0,0.0,0.0,0.0,0.0,0.0,0.0,0.0,0.0,0.0,0.0,0.0,nan,nan,4.2160452729693745,2.8726166302186376,nan,0.4019,0.0499,0.0,0.0,0.0,0.0,0.0,0.0,0.0,0.0,0.0,0.0,0.0,0.0,0.0,0.0,0.0,0.0,0.0,0.0,0.0,0.0,0.0,0.0,0.0,0.0,0.0,0.0,0.0006121556624398776,0.00042632269348491476,0.002710975076519458,0.004809794490599038,0.006536947966768692,0.011937035417577612,0.04942063839090512,0.03384346305203323,0.05738959335373852,0.039516834280717096,0.0540008745080892,0.03146042850896371,0.0780061215566244,0.06735898557061652,0.0764866637516397,0.10807826847398339,0.046228683865325755,0.07131613467424573,0.055695233930913864,0.05864669873196327,0.058165719282903365,0.022321818976825537,0.017610406646261477,0.016309575863576738,0.011488850021862703,0.006930476606908614,0.008526453869698294,0.003968080454744206,4.3725404459991255e-05,7.65194578049847e-05,0.0,6.558810668998688e-05,1.0931351114997814e-05,0.0,0.0,0.0,0.0,0.0,0.0,0.0,0.0,0.0,0.0,0.0,0.0,0.0,0.0,0.0,0.0,0.0,0.0,0.0,0.0,0.0,0.0,0.0,0.0,0.0,0.0,0.0,0.0,0.0,0.0,0.0,0.0,0.0,0.0,0.0,0.0,0.0,0.0,0.0,0.0,0.0,0.0,nan,nan,4.2160452729693745,2.8726166302186376,nan,0.9171626157728415,0.022491069954677263,0.0,0.0,0.0,0.0,0.0,0.0,0.0,0.0,0.0,0.0,0.0,0.0,0.0,0.0,0.0,0.0,0.0,0.0,0.0,0.0,0.0,0.0,0.0,0.0,0.0,0.4178978471929085,6.103841283241875,16.17138032925285,6.964964119881809,0.34191642043056153,0.9175229513726267,0.0233986742349097,0.0,0.0,0.0,0.0,0.0,0.0,0.0,0.0,0.0,0.0,0.0,0.0,0.0,0.0,0.0,0.0,0.0,0.0,0.0,0.0,0.0,0.0,0.0,0.0,0.0,0.54421768707483,6.013605442176872,16.0952380952381,6.775510204081634,0.5714285714285715,0.402,0.010254,0.0,0.0,0.0,0.0,0.0,0.0,0.0,0.0,0.0,0.0,0.0,12.7268889826931,17.23512030392571,0.0379907133811735,0.0,0.0,0.0,0.0,0.0,0.0,0.0,0.0,0.0,0.0,0.0,0.0,0.0,0.0,0.0,0.0,0.4019,0.01054,0.0,0.0,0.0,0.0,0.0,0.0,0.0,0.0,0.0,0.0,0.0,12.87074829931971,17.074829931972793,0.054421768707483005,0.0,0.0,0.0,0.0,0.0,0.0,0.0,0.0,0.0,0.0,0.0,0.0,0.0,0.0,0.0,0.0
46900,4628,2375,0.5131806395851339,1120,948,0.44684528954191877,1316,0.5687121866897148,0.40199999999999997,2.970705725699068,3.062165972464399,6.52833078101072,2.0879314413442573,9413.929160825812,1520.3178472626846,7853.0,10916.978372693062,10894.675855284991,7.071411683857964,7853.0,0.0,27.904062229904927,20.640769310808693,32.89350180505415,18.82041713529047,0.14088159031979255,0.09766637856525497,0.09334485738980121,0.08426966292134831,0.08059636992221261,0.07994814174589455,0.06525496974935177,0.05920484010371651,0.06071737251512532,0.05445116681071737,0.05315471045808125,0.04148660328435609,0.036084701815038894,0.02139152981849611,0.01728608470181504,0.009291270527225583,0.004969749351771823,0.9179837631066503,0.022968554191735335,0.0,0.0,0.0,0.0,0.0,0.0,0.0,0.0,0.0,0.0,0.0,0.0,0.0,0.0,0.0,0.0,0.0,0.0,0.0,0.0,0.0,0.0,0.0,0.0,0.0,0.3046672428694901,6.229472774416596,15.706568712186693,7.292566983578221,0.46672428694900614,4.316705724807499,2.8524944524719698,nan,nan,nan,4.413953488372093,2.8797733134236623,4.217948717948718,2.82109397766867,0.9555942827807948,0.402,0.01038,0.0,0.0,0.0,0.0,0.0,0.0,0.0,0.0,0.0,0.0,0.019446845289541922,12.74416594641312,17.19749351771824,0.038893690579083845,0.0,0.0,0.0,0.0,0.0,0.0,0.0,0.0,0.0,0.0,0.0,0.0,0.0,0.0,0.0,0.0,nan,nan,4.316705724807499,2.8524944524719698,nan,0.402,0.0501,0.0,0.0,0.0,0.0,0.0,0.0,0.0,0.0,0.0,0.0,0.0,0.0,0.0,0.0,0.0,0.0,0.0,0.0,0.0,0.0,0.0,0.0,0.0,0.0,0.0,0.0,0.0005834053586862575,0.0006158167675021607,0.0032951598962834916,0.005261452031114952,0.00530466724286949,0.012262316335350043,0.04918971477960242,0.03366464995678479,0.05729256698357822,0.03902333621434745,0.05490492653414002,0.03403197925669836,0.07785220397579948,0.06584917891097666,0.07334701815038894,0.10848098530682801,0.04538677614520311,0.07133751080380293,0.058232497839239415,0.05851339671564391,0.05562878133102852,0.023757562662057044,0.017350907519446845,0.017005185825410545,0.011646499567847883,0.007832757130509939,0.008340535868625756,0.003813742437337943,0.0,2.1607605877268798e-05,0.0,0.00017286084701815038,0.0,0.0,0.0,0.0,0.0,0.0,0.0,0.0,0.0,0.0,0.0,0.0,0.0,0.0,0.0,0.0,0.0,0.0,0.0,0.0,0.0,0.0,0.0,0.0,0.0,0.0,0.0,0.0,0.0,0.0,0.0,0.0,0.0,0.0,0.0,0.0,0.0,0.0,0.0,0.0,0.0,0.0,0.0,nan,nan,4.316705724807499,2.8524944524719698,nan,0.9181133024818019,0.022982113375547644,0.0,0.0,0.0,0.0,0.0,0.0,0.0,0.0,0.0,0.0,0.0,0.0,0.0,0.0,0.0,0.0,0.0,0.0,0.0,0.0,0.0,0.0,0.0,0.0,0.0,0.3031578947368421,6.277894736842107,15.536842105263162,7.427368421052633,0.4547368421052633,0.9178472091714595,0.022953460603114765,0.0,0.0,0.0,0.0,0.0,0.0,0.0,0.0,0.0,0.0,0.0,0.0,0.0,0.0,0.0,0.0,0.0,0.0,0.0,0.0,0.0,0.0,0.0,0.0,0.0,0.3062583222370174,6.1784287616511335,15.885486018641814,7.150466045272971,0.4793608521970707,0.402,0.01029,0.0,0.0,0.0,0.0,0.0,0.0,0.0,0.0,0.0,0.0,0.02526315789473685,12.833684210526297,17.115789473684213,0.02526315789473685,0.0,0.0,0.0,0.0,0.0,0.0,0.0,0.0,0.0,0.0,0.0,0.0,0.0,0.0,0.0,0.0,0.402,0.01049,0.0,0.0,0.0,0.0,0.0,0.0,0.0,0.0,0.0,0.0,0.013315579227696408,12.649800266311567,17.283621837549937,0.05326231691078563,0.0,0.0,0.0,0.0,0.0,0.0,0.0,0.0,0.0,0.0,0.0,0.0,0.0,0.0,0.0,0.0
47000,4521,2350,0.519796505197965,1120,904,0.44768856447688565,1254,0.5547445255474452,0.418,2.9442653155228005,3.058635945583882,6.418333333333333,2.2068070197056704,9434.160730703548,1519.75738086561,7853.0,10917.859091579914,10894.88411213223,6.801721265555705,7853.0,0.0,27.64587480645875,20.488169910858424,32.58100263852243,18.69447897411023,0.14001327140013273,0.09975669099756691,0.09334218093342181,0.0864852908648529,0.0822826808228268,0.07365627073656271,0.0734350807343508,0.06525105065251051,0.05640345056403451,0.058394160583941604,0.04423800044238001,0.0418049104180491,0.030524220305242204,0.0245520902455209,0.0161468701614687,0.007962840079628402,0.0057509400575094,0.9181819773305704,0.022898133047586797,0.0,0.0,0.0,0.0,0.0,0.0,0.0,0.0,0.0,0.0,0.0,0.0,0.0,0.0,0.0,0.0,0.0,0.0,0.0,0.0,0.0,0.0,0.0,0.0,0.006635700066357002,0.3317850033178501,6.0783012607830145,15.992037159920375,7.000663570006638,0.5905773059057732,4.267172937521574,2.8508674107304905,nan,nan,nan,4.2862141357592725,2.878206328849739,4.248125426039537,2.824771418797231,0.9911136708262037,0.4023,0.01036,0.0,0.0,0.0,0.0,0.0,0.0,0.0,0.0,0.0,0.0,0.006635700066357002,12.402123424021216,17.55142667551427,0.03981420039814201,0.0,0.0,0.0,0.0,0.0,0.0,0.0,0.0,0.0,0.0,0.0,0.0,0.0,0.0,0.0,0.0,nan,nan,4.267172937521574,2.8508674107304905,nan,0.4023,0.0502,0.0,0.0,0.0,0.0,0.0,0.0,0.0,0.0,0.0,0.0,0.0,0.0,0.0,0.0,0.0,0.0,0.0,0.0,0.0,0.0,0.0,0.0,0.0,0.0,0.0,0.0,0.00042026100420261006,0.00046449900464499007,0.0028644105286441054,0.006337093563370935,0.0047113470471134705,0.012641008626410086,0.05009953550099536,0.034019022340190226,0.055518690555186906,0.03701614687016147,0.05719973457199735,0.03309002433090024,0.07282680822826808,0.06891174518911745,0.07148860871488609,0.10832780358327804,0.04486839194868392,0.07538155275381553,0.061446582614465825,0.05684583056845831,0.052554744525547446,0.024629506746295066,0.018779031187790313,0.017120106171201063,0.01159035611590356,0.007642114576421145,0.00827250608272506,0.004700287547002875,1.1059500110595001e-05,3.3178500331785e-05,0.0,0.00018801150188011502,0.0,0.0,0.0,0.0,0.0,0.0,0.0,0.0,0.0,0.0,0.0,0.0,0.0,0.0,0.0,0.0,0.0,0.0,0.0,0.0,0.0,0.0,0.0,0.0,0.0,0.0,0.0,0.0,0.0,0.0,0.0,0.0,0.0,0.0,0.0,0.0,0.0,0.0,0.0,0.0,0.0,0.0,0.0,nan,nan,4.267172937521574,2.8508674107304905,nan,0.9183789856636778,0.022688466037584492,0.0,0.0,0.0,0.0,0.0,0.0,0.0,0.0,0.0,0.0,0.0,0.0,0.0,0.0,0.0,0.0,0.0,0.0,0.0,0.0,0.0,0.0,0.0,0.0,0.012765957446808513,0.3063829787234043,5.974468085106385,16.161702127659577,6.893617021276597,0.6510638297872341,0.9179687255651157,0.0231210526687773,0.0,0.0,0.0,0.0,0.0,0.0,0.0,0.0,0.0,0.0,0.0,0.0,0.0,0.0,0.0,0.0,0.0,0.0,0.0,0.0,0.0,0.0,0.0,0.0,0.0,0.3592814371257486,6.190695532012899,15.808383233532938,7.116536158452328,0.5251036388760941,0.4026,0.010414,0.0,0.0,0.0,0.0,0.0,0.0,0.0,0.0,0.0,0.0,0.0,12.268085106382962,17.693617021276598,0.03829787234042554,0.0,0.0,0.0,0.0,0.0,0.0,0.0,0.0,0.0,0.0,0.0,0.0,0.0,0.0,0.0,0.0,0.4023,0.01029,0.0,0.0,0.0,0.0,0.0,0.0,0.0,0.0,0.0,0.0,0.013818516812528792,12.547213265776122,17.39751266697375,0.04145555043758637,0.0,0.0,0.0,0.0,0.0,0.0,0.0,0.0,0.0,0.0,0.0,0.0,0.0,0.0,0.0,0.0
47100,4505,2334,0.5180910099889012,1149,915,0.458157602663707,1279,0.5678135405105439,0.422,2.9378166743436203,3.0717360024339215,6.511363636363637,2.1036148751834944,9428.98940524269,1519.9707503868317,7853.0,10916.16739410162,10894.916139939298,7.09487640036489,7853.0,0.0,28.18379578246393,20.737146866814424,32.93209229155742,18.983470661041526,0.13296337402885683,0.10344062153163153,0.08856825749167592,0.08213096559378469,0.08457269700332963,0.08057713651498336,0.06481687014428412,0.06459489456159823,0.06082130965593785,0.0586015538290788,0.04772475027746948,0.03729189789123197,0.03507214206437292,0.025527192008879023,0.016648168701442843,0.009322974472807992,0.00732519422863485,0.9180569675204228,0.02317680355109261,0.0,0.0,0.0,0.0,0.0,0.0,0.0,0.0,0.0,0.0,0.0,0.0,0.0,0.0,0.0,0.0,0.0,0.0,0.0,0.0,0.0,0.0,0.0,0.0,0.0,0.35960044395116547,6.426193118756938,15.336293007769148,7.411764705882354,0.46614872364039966,4.176430976430977,2.9079914370743425,nan,nan,nan,4.163058186738836,2.9421236078866326,4.189678284182306,2.8737185097783384,1.0063943611281405,0.4028,0.010544,0.0,0.0,0.0,0.0,0.0,0.0,0.0,0.0,0.0,0.0,0.0,12.046614872364023,17.893451720310768,0.05993340732519424,0.0,0.0,0.0,0.0,0.0,0.0,0.0,0.0,0.0,0.0,0.0,0.0,0.0,0.0,0.0,0.0,nan,nan,4.176430976430977,2.9079914370743425,nan,0.4028,0.05032,0.0,0.0,0.0,0.0,0.0,0.0,0.0,0.0,0.0,0.0,0.0,0.0,0.0,0.0,0.0,0.0,0.0,0.0,0.0,0.0,0.0,0.0,0.0,0.0,0.0,0.0,0.0004994450610432853,0.0005771365149833519,0.003140954495005549,0.007081021087680355,0.0058601553829078805,0.011298557158712542,0.04923418423973363,0.032541620421753605,0.05469478357380688,0.034639289678135406,0.05850166481687014,0.03251942286348502,0.07087680355160933,0.06783573806881243,0.07322974472807992,0.111842397336293,0.04615982241953385,0.07485016648168702,0.06002219755826859,0.05942286348501665,0.05157602663706992,0.023007769145394007,0.019134295227524974,0.01653718091009989,0.012563817980022197,0.008967813540510544,0.007746947835738069,0.005294117647058823,3.329633740288568e-05,3.329633740288568e-05,0.0,0.0002774694783573807,0.0,0.0,0.0,0.0,0.0,0.0,0.0,0.0,0.0,0.0,0.0,0.0,0.0,0.0,0.0,0.0,0.0,0.0,0.0,0.0,0.0,0.0,0.0,0.0,0.0,0.0,0.0,0.0,0.0,0.0,0.0,0.0,0.0,0.0,0.0,0.0,0.0,0.0,0.0,0.0,0.0,0.0,0.0,nan,nan,4.176430976430977,2.9079914370743425,nan,0.9181866210142363,0.023213707588480157,0.0,0.0,0.0,0.0,0.0,0.0,0.0,0.0,0.0,0.0,0.0,0.0,0.0,0.0,0.0,0.0,0.0,0.0,0.0,0.0,0.0,0.0,0.0,0.0,0.0,0.35989717223650397,6.568123393316197,15.038560411311057,7.5706940874036,0.4627249357326479,0.9179175795634624,0.0231362526516882,0.0,0.0,0.0,0.0,0.0,0.0,0.0,0.0,0.0,0.0,0.0,0.0,0.0,0.0,0.0,0.0,0.0,0.0,0.0,0.0,0.0,0.0,0.0,0.0,0.0,0.3592814371257486,6.273606632888072,15.65637954859512,7.240902809765087,0.46982957162597894,0.4028,0.010475,0.0,0.0,0.0,0.0,0.0,0.0,0.0,0.0,0.0,0.0,0.0,12.06940874035988,17.879177377892034,0.051413881748071995,0.0,0.0,0.0,0.0,0.0,0.0,0.0,0.0,0.0,0.0,0.0,0.0,0.0,0.0,0.0,0.0,0.4028,0.01062,0.0,0.0,0.0,0.0,0.0,0.0,0.0,0.0,0.0,0.0,0.0,12.02210962690003,17.908797789037312,0.06909258406264396,0.0,0.0,0.0,0.0,0.0,0.0,0.0,0.0,0.0,0.0,0.0,0.0,0.0,0.0,0.0,0.0
47200,4554,2371,0.5206411945542381,1120,951,0.45476504172156346,1277,0.5608256477821695,0.434,2.9225836005497023,3.0870643643432856,6.622033898305085,2.1497786875933453,9436.882259429116,1519.8003753035207,7853.0,10923.732119321823,10895.176216550062,7.234996774512141,7853.0,0.0,27.90513833992095,20.840976304299932,32.91745283018868,19.044999382472632,0.1429512516469038,0.09881422924901186,0.08454106280193237,0.09288537549407115,0.08036890645586298,0.07861220904699165,0.06938954765041722,0.062143170838823016,0.05950812472551603,0.050944224857268336,0.04567413263065437,0.041282389108476064,0.033816425120772944,0.021958717610891524,0.019762845849802372,0.010540184453227932,0.006807202459376372,0.9183558508079723,0.023221248122210613,0.0,0.0,0.0,0.0,0.0,0.0,0.0,0.0,0.0,0.0,0.0,0.0,0.0,0.0,0.0,0.0,0.0,0.0,0.0,0.0,0.0,0.0,0.0,0.0,0.006587615283267459,0.42160737812911736,5.968379446640318,15.955204216073785,7.114624505928855,0.5335968379446642,4.289864864864865,2.953656457380408,nan,nan,nan,4.302658486707567,2.947116209948857,4.277294038847957,2.960014874321906,0.9941049358349101,0.4033,0.01094,0.0,0.0,0.0,0.0,0.0,0.0,0.0,0.0,0.0,0.0,0.013175230566534918,11.594202898550709,18.287220026350465,0.10540184453227934,0.0,0.0,0.0,0.0,0.0,0.0,0.0,0.0,0.0,0.0,0.0,0.0,0.0,0.0,0.0,0.0,nan,nan,4.289864864864865,2.953656457380408,nan,0.4033,0.0505,0.0,0.0,0.0,0.0,0.0,0.0,0.0,0.0,0.0,0.0,0.0,0.0,0.0,0.0,0.0,0.0,0.0,0.0,0.0,0.0,0.0,0.0,0.0,0.0,2.1958717610891526e-05,0.0,0.00040623627580149317,0.0006038647342995169,0.0030193236714975845,0.008201581027667984,0.005676328502415459,0.01129776021080369,0.04782608695652174,0.03267457180500659,0.052261747913921824,0.03457400087834871,0.05966183574879227,0.032037768994290734,0.06887351778656127,0.06506368028107158,0.07434123847167326,0.11364734299516908,0.047880983750548965,0.07545015371102327,0.06179183135704875,0.05690601668862538,0.05207509881422925,0.02321036451471234,0.01836846728151076,0.016512955643390427,0.013427755819060166,0.010188844971453666,0.007465963987703118,0.006335090030742205,3.293807641633728e-05,2.1958717610891526e-05,0.0,0.0001427316644707949,0.0,0.0,0.0,0.0,0.0,0.0,0.0,0.0,0.0,0.0,0.0,0.0,0.0,0.0,0.0,0.0,0.0,0.0,0.0,0.0,0.0,0.0,0.0,0.0,0.0,0.0,0.0,0.0,0.0,0.0,0.0,0.0,0.0,0.0,0.0,0.0,0.0,0.0,0.0,0.0,0.0,0.0,0.0,nan,nan,4.289864864864865,2.953656457380408,nan,0.9188948435051337,0.023319088949588323,0.0,0.0,0.0,0.0,0.0,0.0,0.0,0.0,0.0,0.0,0.0,0.0,0.0,0.0,0.0,0.0,0.0,0.0,0.0,0.0,0.0,0.0,0.0,0.0,0.0,0.379586672290173,5.90889919865036,15.942640236187266,7.110923660902574,0.6579502319696332,0.9177704400498551,0.023100269046102902,0.0,0.0,0.0,0.0,0.0,0.0,0.0,0.0,0.0,0.0,0.0,0.0,0.0,0.0,0.0,0.0,0.0,0.0,0.0,0.0,0.0,0.0,0.0,0.0,0.013742556115437475,0.4672469079248741,6.032982134677051,15.968850206138345,7.118644067796612,0.3985341273476868,0.403,0.011116,0.0,0.0,0.0,0.0,0.0,0.0,0.0,0.0,0.0,0.0,0.0253057781526782,11.843104175453378,18.017714044706878,0.1138760016870519,0.0,0.0,0.0,0.0,0.0,0.0,0.0,0.0,0.0,0.0,0.0,0.0,0.0,0.0,0.0,0.0,0.4036,0.01074,0.0,0.0,0.0,0.0,0.0,0.0,0.0,0.0,0.0,0.0,0.0,11.32386623912046,18.579935868071466,0.09619789280806233,0.0,0.0,0.0,0.0,0.0,0.0,0.0,0.0,0.0,0.0,0.0,0.0,0.0,0.0,0.0,0.0
47300,4775,2467,0.5166492146596858,1157,992,0.4500523560209424,1337,0.56,0.41,3.068457538994801,3.2092792042391785,6.775572519083969,2.2254630396670687,9424.714441818978,1520.2299176279041,7853.0,10918.01258957386,10895.130709236168,6.889022690285771,7853.0,0.0,28.22282722513089,20.981602072164353,33.16558764940239,19.212748430256138,0.1380104712041885,0.09633507853403141,0.09340314136125655,0.08942408376963351,0.07958115183246073,0.06973821989528796,0.0712041884816754,0.06575916230366492,0.060732984293193716,0.05068062827225131,0.04607329842931937,0.0412565445026178,0.0356020942408377,0.024712041884816755,0.01842931937172775,0.011518324607329843,0.007539267015706806,0.9176718328760557,0.022936803691735903,0.0,0.0,0.0,0.0,0.0,0.0,0.0,0.0,0.0,0.0,0.0,0.0,0.0,0.0,0.0,0.0,0.0,0.0,0.0,0.0,0.0,0.0,0.0,0.0,0.0,0.40837696335078544,6.339267015706808,15.80104712041885,6.89214659685864,0.5591623036649216,4.333765392093325,3.0117625122803338,nan,nan,nan,4.3125,2.9975760718789157,4.353555120678409,3.026128134060473,1.0095200279833991,0.4036,0.01043,0.0,0.0,0.0,0.0,0.0,0.0,0.0,0.0,0.0,0.0,0.0,11.25863874345548,18.678534031413616,0.06282722513089006,0.0,0.0,0.0,0.0,0.0,0.0,0.0,0.0,0.0,0.0,0.0,0.0,0.0,0.0,0.0,0.0,nan,nan,4.333765392093325,3.0117625122803338,nan,0.4036,0.0505,0.0,0.0,0.0,0.0,0.0,0.0,0.0,0.0,0.0,0.0,0.0,0.0,0.0,0.0,0.0,0.0,0.0,0.0,0.0,0.0,0.0,0.0,0.0,0.0,2.094240837696335e-05,0.0,0.0004712041884816754,0.0005968586387434555,0.003518324607329843,0.009361256544502618,0.005015706806282723,0.01119371727748691,0.04638743455497382,0.03213612565445026,0.052450261780104715,0.034356020942408375,0.05665968586387435,0.031842931937172775,0.06769633507853404,0.06607329842931937,0.07282722513089006,0.11739267015706806,0.048010471204188485,0.0777696335078534,0.06347643979057592,0.05452356020942408,0.05253403141361256,0.024722513089005235,0.01669109947643979,0.01574869109947644,0.01506806282722513,0.009769633507853403,0.006429319371727749,0.007057591623036649,7.329842931937172e-05,3.141361256544503e-05,1.0471204188481675e-05,8.37696335078534e-05,0.0,0.0,0.0,0.0,0.0,0.0,0.0,0.0,0.0,0.0,0.0,0.0,0.0,0.0,0.0,0.0,0.0,0.0,0.0,0.0,0.0,0.0,0.0,0.0,0.0,0.0,0.0,0.0,0.0,0.0,0.0,0.0,0.0,0.0,0.0,0.0,0.0,0.0,0.0,0.0,0.0,0.0,0.0,nan,nan,4.333765392093325,3.0117625122803338,nan,0.9180013172095924,0.022605725928691825,0.0,0.0,0.0,0.0,0.0,0.0,0.0,0.0,0.0,0.0,0.0,0.0,0.0,0.0,0.0,0.0,0.0,0.0,0.0,0.0,0.0,0.0,0.0,0.0,0.0,0.3283340089177139,6.238346169436564,15.91811917308472,6.967977300364817,0.5472233481961898,0.9173196500983973,0.023280329784925294,0.0,0.0,0.0,0.0,0.0,0.0,0.0,0.0,0.0,0.0,0.0,0.0,0.0,0.0,0.0,0.0,0.0,0.0,0.0,0.0,0.0,0.0,0.0,0.0,0.0,0.49393414211438486,6.447140381282497,15.675909878682845,6.811091854419412,0.5719237435008666,0.4038,0.01047,0.0,0.0,0.0,0.0,0.0,0.0,0.0,0.0,0.0,0.0,0.0,10.810701256586931,19.104175111471427,0.08512363194162953,0.0,0.0,0.0,0.0,0.0,0.0,0.0,0.0,0.0,0.0,0.0,0.0,0.0,0.0,0.0,0.0,0.4033,0.010376,0.0,0.0,0.0,0.0,0.0,0.0,0.0,0.0,0.0,0.0,0.0,11.737435008665495,18.22357019064125,0.038994800693240905,0.0,0.0,0.0,0.0,0.0,0.0,0.0,0.0,0.0,0.0,0.0,0.0,0.0,0.0,0.0,0.0
47400,4816,2422,0.502906976744186,1147,997,0.44518272425249167,1397,0.5801495016611296,0.41,2.968671679197995,3.0970551118586287,6.461538461538462,2.1729404506512804,9382.664027210041,1520.8044379770508,7853.0,10923.423340201378,10894.644077226902,7.000533847648125,7853.0,0.0,28.28737541528239,21.092415858142413,33.31164976502597,19.289066806552352,0.1401578073089701,0.09779900332225913,0.09385382059800665,0.08554817275747509,0.0755813953488372,0.07433554817275748,0.06748338870431894,0.061669435215946845,0.0606312292358804,0.059385382059800665,0.04775747508305648,0.03696013289036545,0.03509136212624585,0.02574750830564784,0.018064784053156147,0.012043189368770765,0.007890365448504983,0.9177198899024943,0.022940031835312923,0.0,0.0,0.0,0.0,0.0,0.0,0.0,0.0,0.0,0.0,0.0,0.0,0.0,0.0,0.0,0.0,0.0,0.0,0.0,0.0,0.0,0.0,0.0,0.0,0.006229235880398673,0.33014950166112966,6.378737541528241,15.90323920265781,6.89576411960133,0.48588039867109645,4.337391861582826,2.8558066543148524,nan,nan,nan,4.326464906632324,2.832463164876938,4.348214285714286,2.8786993723781946,1.00502705547169,0.4026,0.01056,0.0,0.0,0.0,0.0,0.0,0.0,0.0,0.0,0.0,0.0,0.006229235880398673,12.047342192691012,17.896594684385384,0.04983388704318938,0.0,0.0,0.0,0.0,0.0,0.0,0.0,0.0,0.0,0.0,0.0,0.0,0.0,0.0,0.0,0.0,nan,nan,4.337391861582826,2.8558066543148524,nan,0.4026,0.0501,0.0,0.0,0.0,0.0,0.0,0.0,0.0,0.0,0.0,0.0,0.0,0.0,0.0,0.0,0.0,0.0,0.0,0.0,0.0,0.0,0.0,0.0,0.0,0.0,4.152823920265781e-05,1.0382059800664452e-05,0.00029069767441860465,0.0009759136212624585,0.003477990033222591,0.00898048172757475,0.005419435215946844,0.011025747508305648,0.04549418604651163,0.03286960132890365,0.054049003322259134,0.03678363787375415,0.05780730897009967,0.03568313953488372,0.06616486710963455,0.06225083056478405,0.07294435215946844,0.1181374584717608,0.04863995016611296,0.07903862126245847,0.06366279069767442,0.053477990033222594,0.05212832225913621,0.023100083056478406,0.016735880398671098,0.015759966777408638,0.014213039867109634,0.008772840531561462,0.00615656146179402,0.005647840531561462,0.00014534883720930232,5.191029900332226e-05,5.191029900332226e-05,1.0382059800664452e-05,0.0,0.0,0.0,0.0,0.0,0.0,0.0,0.0,0.0,0.0,0.0,0.0,0.0,0.0,0.0,0.0,0.0,0.0,0.0,0.0,0.0,0.0,0.0,0.0,0.0,0.0,0.0,0.0,0.0,0.0,0.0,0.0,0.0,0.0,0.0,0.0,0.0,0.0,0.0,0.0,0.0,0.0,0.0,nan,nan,4.337391861582826,2.8558066543148524,nan,0.9173025064582573,0.02298752009044807,0.0,0.0,0.0,0.0,0.0,0.0,0.0,0.0,0.0,0.0,0.0,0.0,0.0,0.0,0.0,0.0,0.0,0.0,0.0,0.0,0.0,0.0,0.0,0.0,0.0,0.37159372419488035,6.416184971098267,16.06523534269199,6.6391412056151955,0.5078447563996698,0.9181421550244416,0.022884142500860533,0.0,0.0,0.0,0.0,0.0,0.0,0.0,0.0,0.0,0.0,0.0,0.0,0.0,0.0,0.0,0.0,0.0,0.0,0.0,0.0,0.0,0.0,0.0,0.0,0.012531328320802008,0.28822055137844615,6.340852130325816,15.73934837092732,7.155388471177947,0.46365914786967427,0.4026,0.01068,0.0,0.0,0.0,0.0,0.0,0.0,0.0,0.0,0.0,0.0,0.0,11.866226259289826,18.059454995871185,0.07431874483897606,0.0,0.0,0.0,0.0,0.0,0.0,0.0,0.0,0.0,0.0,0.0,0.0,0.0,0.0,0.0,0.0,0.4026,0.010445,0.0,0.0,0.0,0.0,0.0,0.0,0.0,0.0,0.0,0.0,0.012531328320802008,12.23057644110274,17.73182957393484,0.025062656641604016,0.0,0.0,0.0,0.0,0.0,0.0,0.0,0.0,0.0,0.0,0.0,0.0,0.0,0.0,0.0,0.0
47500,4999,2523,0.5047009401880376,1195,1044,0.4478895779155831,1456,0.5825165033006602,0.39399999999999996,2.983844911147011,3.101627705747245,6.6414285714285715,2.1209831182154897,9388.105789783394,1520.7481931259827,7853.0,10918.262129068375,10894.614682174868,6.973552446355212,7853.0,0.0,27.991798359671936,20.748750200277705,32.76172430127902,19.046592592904066,0.1350270054010802,0.10362072414482897,0.09041808361672335,0.09041808361672335,0.07721544308861772,0.07661532306461293,0.06961392278455691,0.0610122024404881,0.05901180236047209,0.05581116223244649,0.04920984196839368,0.03960792158431686,0.03180636127225445,0.02660532106421284,0.017803560712142428,0.010802160432086417,0.0054010802160432084,0.9175230177623507,0.022633120862436955,0.0,0.0,0.0,0.0,0.0,0.0,0.0,0.0,0.0,0.0,0.0,0.0,0.0,0.0,0.0,0.0,0.0,0.0,0.0,0.0,0.0,0.0,0.0,0.0,0.0,0.30606121224244853,6.36727345469094,16.059211842368477,6.7693538707741565,0.4980996199239849,4.331172839506173,2.884486578574835,nan,nan,nan,4.323475046210721,2.913116025648576,4.338899196042053,2.8554414025366235,1.0035675352966016,0.4026,0.01053,0.0,0.0,0.0,0.0,0.0,0.0,0.0,0.0,0.0,0.0,0.006001200240048011,12.056411282256434,17.907581516303264,0.030006001200240055,0.0,0.0,0.0,0.0,0.0,0.0,0.0,0.0,0.0,0.0,0.0,0.0,0.0,0.0,0.0,0.0,nan,nan,4.331172839506173,2.884486578574835,nan,0.4026,0.05045,0.0,0.0,0.0,0.0,0.0,0.0,0.0,0.0,0.0,0.0,0.0,0.0,0.0,0.0,0.0,0.0,0.0,0.0,0.0,0.0,0.0,0.0,0.0,0.0,0.0,4.000800160032006e-05,0.00028005601120224046,0.0010902180436087217,0.003550710142028406,0.009491898379675935,0.00620124024804961,0.010922184436887377,0.04817963592718544,0.03257651530306061,0.052790558111622324,0.03660732146429286,0.05772154430886177,0.034556911382276456,0.06323264652930587,0.0628125625125025,0.07429485897179436,0.11860372074414884,0.04808961792358472,0.08069613922784558,0.0625125025005001,0.05318063612722544,0.0514002800560112,0.022224444888977797,0.015533106621324264,0.016533306661332268,0.014982996599319865,0.008691738347669535,0.0072014402880576115,0.00574114822964593,0.0001800360072014403,2.000400080016003e-05,6.00120024004801e-05,0.0,0.0,0.0,0.0,0.0,0.0,0.0,0.0,0.0,0.0,0.0,0.0,0.0,0.0,0.0,0.0,0.0,0.0,0.0,0.0,0.0,0.0,0.0,0.0,0.0,0.0,0.0,0.0,0.0,0.0,0.0,0.0,0.0,0.0,0.0,0.0,0.0,0.0,0.0,0.0,0.0,0.0,0.0,0.0,nan,nan,4.331172839506173,2.884486578574835,nan,0.9173872842941783,0.022787255252438344,0.0,0.0,0.0,0.0,0.0,0.0,0.0,0.0,0.0,0.0,0.0,0.0,0.0,0.0,0.0,0.0,0.0,0.0,0.0,0.0,0.0,0.0,0.0,0.0,0.0,0.29726516052318674,6.456599286563616,16.040428061831157,6.646848989298456,0.5588585017835911,0.9176613277543535,0.022474130093745208,0.0,0.0,0.0,0.0,0.0,0.0,0.0,0.0,0.0,0.0,0.0,0.0,0.0,0.0,0.0,0.0,0.0,0.0,0.0,0.0,0.0,0.0,0.0,0.0,0.0,0.31502423263327956,6.276252019386108,16.078352180937,6.894184168012925,0.43618739903069476,0.4026,0.010574,0.0,0.0,0.0,0.0,0.0,0.0,0.0,0.0,0.0,0.0,0.0,12.045184304399507,17.931034482758623,0.02378121284185494,0.0,0.0,0.0,0.0,0.0,0.0,0.0,0.0,0.0,0.0,0.0,0.0,0.0,0.0,0.0,0.0,0.4026,0.01049,0.0,0.0,0.0,0.0,0.0,0.0,0.0,0.0,0.0,0.0,0.012116316639741522,12.067851373182535,17.883683360258484,0.03634894991922456,0.0,0.0,0.0,0.0,0.0,0.0,0.0,0.0,0.0,0.0,0.0,0.0,0.0,0.0,0.0,0.0
47600,4832,2527,0.5229718543046358,1164,965,0.4406043046357616,1336,0.5529801324503312,0.426,3.0234273318872016,3.0751071740544393,6.445427728613569,2.213354754964852,9443.456601299815,1518.9977601094822,7853.0,10918.730349957943,10894.189670550337,7.079163767848107,7853.0,0.0,28.64466059602649,21.454850571538746,33.48215158924205,19.770326713373983,0.13638245033112584,0.09830298013245033,0.09375,0.08526490066225166,0.076158940397351,0.07760761589403974,0.06767384105960265,0.06084437086092715,0.05753311258278146,0.05339403973509934,0.04759933774834437,0.039735099337748346,0.033112582781456956,0.026903973509933773,0.019246688741721855,0.016556291390728478,0.009933774834437087,0.9169034678118908,0.022989297601862774,0.0,0.0,0.0,0.0,0.0,0.0,0.0,0.0,0.0,0.0,0.0,0.0,0.0,0.0,0.0,0.0,0.0,0.0,0.0,0.0,0.0,0.0,0.0,0.0,0.00620860927152318,0.4035596026490067,6.6742549668874185,15.763658940397354,6.723923841059604,0.42839403973509943,4.305475504322766,2.8765048196076033,nan,nan,nan,4.2904056664520285,2.916086237893527,4.320382165605095,2.836729947778711,1.0069868682552474,0.4016,0.010735,0.0,0.0,0.0,0.0,0.0,0.0,0.0,0.0,0.0,0.0,0.0,13.336092715231768,16.639072847682122,0.02483443708609272,0.0,0.0,0.0,0.0,0.0,0.0,0.0,0.0,0.0,0.0,0.0,0.0,0.0,0.0,0.0,0.0,nan,nan,4.305475504322766,2.8765048196076033,nan,0.4016,0.05032,0.0,0.0,0.0,0.0,0.0,0.0,0.0,0.0,0.0,0.0,0.0,0.0,0.0,0.0,0.0,0.0,0.0,0.0,0.0,0.0,0.0,0.0,0.0,0.0,0.0,0.0,0.00010347682119205298,0.0016038907284768211,0.003818294701986755,0.009747516556291391,0.006725993377483443,0.011827400662251656,0.04924461920529801,0.033578228476821195,0.054397764900662254,0.03602028145695364,0.05850579470198675,0.035006208609271526,0.06276903973509934,0.06310016556291391,0.07637624172185431,0.11532491721854304,0.047164735099337746,0.08424048013245033,0.06081332781456954,0.05221440397350993,0.050951986754966885,0.02171978476821192,0.014600579470198676,0.017239238410596026,0.013783112582781457,0.006829470198675497,0.0065914735099337745,0.005339403973509934,0.00028973509933774837,4.139072847682119e-05,3.1043046357615894e-05,0.0,0.0,0.0,0.0,0.0,0.0,0.0,0.0,0.0,0.0,0.0,0.0,0.0,0.0,0.0,0.0,0.0,0.0,0.0,0.0,0.0,0.0,0.0,0.0,0.0,0.0,0.0,0.0,0.0,0.0,0.0,0.0,0.0,0.0,0.0,0.0,0.0,0.0,0.0,0.0,0.0,0.0,0.0,0.0,nan,nan,4.305475504322766,2.8765048196076033,nan,0.9170253114545586,0.02303258367414537,0.0,0.0,0.0,0.0,0.0,0.0,0.0,0.0,0.0,0.0,0.0,0.0,0.0,0.0,0.0,0.0,0.0,0.0,0.0,0.0,0.0,0.0,0.0,0.0,0.011871784724970323,0.45112781954887227,6.588840522358529,15.777601899485559,6.743173723783143,0.4273842500989316,0.9167698891199074,0.022941005084366427,0.0,0.0,0.0,0.0,0.0,0.0,0.0,0.0,0.0,0.0,0.0,0.0,0.0,0.0,0.0,0.0,0.0,0.0,0.0,0.0,0.0,0.0,0.0,0.0,0.0,0.3514099783080261,6.767895878524947,15.74837310195228,6.702819956616054,0.42950108459869857,0.4014,0.0107,0.0,0.0,0.0,0.0,0.0,0.0,0.0,0.0,0.0,0.0,0.0,13.36762960031656,16.62049861495845,0.011871784724970323,0.0,0.0,0.0,0.0,0.0,0.0,0.0,0.0,0.0,0.0,0.0,0.0,0.0,0.0,0.0,0.0,0.4019,0.01077,0.0,0.0,0.0,0.0,0.0,0.0,0.0,0.0,0.0,0.0,0.0,13.301518438177855,16.659436008676792,0.03904555314533623,0.0,0.0,0.0,0.0,0.0,0.0,0.0,0.0,0.0,0.0,0.0,0.0,0.0,0.0,0.0,0.0
47700,4927,2518,0.5110614978688858,1215,1014,0.45240511467424394,1409,0.5719504769636696,0.37399999999999994,2.925695309256953,3.0336222630738705,6.462196861626248,2.096885883680136,9407.252884278778,1520.248255836019,7853.0,10916.094467282295,10894.224766021262,6.9129892505955395,7853.0,0.0,28.25938705094378,20.762404272260586,33.12897016361887,18.94564988754107,0.13781205601786076,0.09762532981530343,0.09031865232392937,0.08077937893241323,0.08382382788715242,0.07469048102293485,0.06778973005885934,0.06576009742236655,0.06515120763141871,0.057438603612746095,0.048711183275827075,0.03714227724781814,0.0306474528110412,0.02800893038360057,0.018266693728435153,0.009945199918814695,0.006088897909478384,0.9172969344955733,0.022971452831045378,0.0,0.0,0.0,0.0,0.0,0.0,0.0,0.0,0.0,0.0,0.0,0.0,0.0,0.0,0.0,0.0,0.0,0.0,0.0,0.0,0.0,0.0,0.0,0.0,0.006088897909478386,0.426222853663487,6.198498071848997,16.129490562208243,6.728232189973617,0.5114674243961844,4.146994705699159,2.7887648026579357,nan,nan,nan,4.126528117359413,2.790659485958261,4.1682539682539685,2.7866362151916397,1.0101116119187517,0.4014,0.010994,0.0,0.0,0.0,0.0,0.0,0.0,0.0,0.0,0.0,0.0,0.03653338745687031,13.584331236046255,16.324335295311553,0.05480008118530547,0.0,0.0,0.0,0.0,0.0,0.0,0.0,0.0,0.0,0.0,0.0,0.0,0.0,0.0,0.0,0.0,nan,nan,4.146994705699159,2.7887648026579357,nan,0.4014,0.05057,0.0,0.0,0.0,0.0,0.0,0.0,0.0,0.0,0.0,0.0,0.0,0.0,0.0,0.0,0.0,0.0,0.0,0.0,0.0,0.0,0.0,0.0,0.0,0.0,0.0,1.0148163182463974e-05,0.00043637101684595086,0.001542520803734524,0.004576821595291252,0.00963060686015831,0.007316825654556525,0.012045869697584737,0.04829510858534605,0.03427034706718084,0.05382585751978892,0.036847980515526686,0.05681956565861579,0.03533590420133956,0.06286787091536432,0.0644509843718287,0.07630403896894662,0.11404505784453015,0.04762532981530343,0.08175360259792977,0.0612949056220824,0.051065557134158716,0.053896894662066167,0.020742845544956364,0.013649279480414046,0.01787091536431906,0.014105946823624925,0.007438603612746093,0.006251268520397808,0.005226304038968946,0.00039577836411609497,0.0,4.05926527298559e-05,0.0,0.0,2.029632636492795e-05,0.0,0.0,0.0,0.0,0.0,0.0,0.0,0.0,0.0,0.0,0.0,0.0,0.0,0.0,0.0,0.0,0.0,0.0,0.0,0.0,0.0,0.0,0.0,0.0,0.0,0.0,0.0,0.0,0.0,0.0,0.0,0.0,0.0,0.0,0.0,0.0,0.0,0.0,0.0,0.0,0.0,nan,nan,4.146994705699159,2.7887648026579357,nan,0.9171346486608977,0.022809782799421318,0.0,0.0,0.0,0.0,0.0,0.0,0.0,0.0,0.0,0.0,0.0,0.0,0.0,0.0,0.0,0.0,0.0,0.0,0.0,0.0,0.0,0.0,0.0,0.0,0.0,0.3455123113582209,6.2787926926131865,16.143764892772044,6.779189833200954,0.45274027005559975,0.917466563275861,0.02313801396446519,0.0,0.0,0.0,0.0,0.0,0.0,0.0,0.0,0.0,0.0,0.0,0.0,0.0,0.0,0.0,0.0,0.0,0.0,0.0,0.0,0.0,0.0,0.0,0.0,0.012453300124533004,0.5105853051058531,6.114570361145705,16.114570361145706,6.6749688667496905,0.5728518057285181,0.4014,0.01099,0.0,0.0,0.0,0.0,0.0,0.0,0.0,0.0,0.0,0.0,0.0119142176330421,13.58220810166797,16.34630659253376,0.0595710881652105,0.0,0.0,0.0,0.0,0.0,0.0,0.0,0.0,0.0,0.0,0.0,0.0,0.0,0.0,0.0,0.0,0.4014,0.010994,0.0,0.0,0.0,0.0,0.0,0.0,0.0,0.0,0.0,0.0,0.06226650062266502,13.586550435865485,16.3013698630137,0.04981320049813202,0.0,0.0,0.0,0.0,0.0,0.0,0.0,0.0,0.0,0.0,0.0,0.0,0.0,0.0,0.0,0.0
47800,4876,2465,0.5055373256767842,1166,989,0.441960623461854,1384,0.5676784249384742,0.40599999999999997,2.956864371630029,3.125570135939739,6.678195488721805,2.1243783113900547,9390.846388145352,1520.9166384329055,7853.0,10918.830221891403,10895.00364648955,6.977751482325868,7853.0,0.0,27.786300246103362,20.868849640730264,32.749938830437976,19.149269017670367,0.140278917145201,0.09905660377358491,0.09536505332239541,0.08921246923707957,0.08039376538146022,0.08039376538146022,0.06316652994257588,0.06378178835110747,0.057219031993437246,0.04881050041017227,0.049425758818703855,0.03937653814602133,0.03240360951599672,0.024405250205086135,0.01763740771123872,0.011279737489745693,0.007793273174733388,0.9187626823526215,0.02325300605889906,0.0,0.0,0.0,0.0,0.0,0.0,0.0,0.0,0.0,0.0,0.0,0.0,0.0,0.0,0.0,0.0,0.0,0.0,0.0,0.0,0.0,0.0,0.0,0.0,0.012305168170631669,0.40607054963084505,5.875717801476622,15.707547169811324,7.426168990976212,0.5721903199343725,4.40352,2.9229114953415882,nan,nan,nan,4.374840357598979,2.9425066322827065,4.4323284156510585,2.902809973022898,1.0131406070514606,0.4016,0.01074,0.0,0.0,0.0,0.0,0.0,0.0,0.0,0.0,0.0,0.0,0.012305168170631669,13.424938474159127,16.538146021328963,0.024610336341263337,0.0,0.0,0.0,0.0,0.0,0.0,0.0,0.0,0.0,0.0,0.0,0.0,0.0,0.0,0.0,0.0,nan,nan,4.40352,2.9229114953415882,nan,0.4016,0.05066,0.0,0.0,0.0,0.0,0.0,0.0,0.0,0.0,0.0,0.0,0.0,0.0,0.0,0.0,0.0,0.0,0.0,0.0,0.0,0.0,0.0,0.0,0.0,0.0,0.0,5.127153404429861e-05,0.0005742411812961444,0.0013433141919606234,0.004911812961443806,0.009854388843314191,0.008295734208367515,0.01141304347826087,0.04547785069729286,0.03304963084495488,0.055291222313371614,0.036771944216570956,0.05641919606234619,0.03716160787530763,0.06427399507793273,0.06299220672682526,0.07384126333059886,0.11303322395406071,0.048277276456111566,0.08439294503691551,0.06086956521739131,0.04990771123872026,0.05429655455291222,0.021482772764561116,0.014273995077932733,0.017780968006562755,0.0146636587366694,0.0069524200164068906,0.006531993437243642,0.005578342904019688,0.00020508613617719443,1.0254306808859721e-05,1.0254306808859721e-05,0.0,0.0,1.0254306808859721e-05,0.0,0.0,0.0,0.0,0.0,0.0,0.0,0.0,0.0,0.0,0.0,0.0,0.0,0.0,0.0,0.0,0.0,0.0,0.0,0.0,0.0,0.0,0.0,0.0,0.0,0.0,0.0,0.0,0.0,0.0,0.0,0.0,0.0,0.0,0.0,0.0,0.0,0.0,0.0,0.0,0.0,nan,nan,4.40352,2.9229114953415882,nan,0.9195272587133954,0.023226197415097263,0.0,0.0,0.0,0.0,0.0,0.0,0.0,0.0,0.0,0.0,0.0,0.0,0.0,0.0,0.0,0.0,0.0,0.0,0.0,0.0,0.0,0.0,0.0,0.0,0.024340770791075057,0.41379310344827597,5.574036511156188,15.675456389452336,7.667342799188642,0.645030425963489,0.9179809815109344,0.023254408551537896,0.0,0.0,0.0,0.0,0.0,0.0,0.0,0.0,0.0,0.0,0.0,0.0,0.0,0.0,0.0,0.0,0.0,0.0,0.0,0.0,0.0,0.0,0.0,0.0,0.0,0.3981750311074244,6.184155951887186,15.74035669846537,7.179593529655746,0.49771878888428045,0.4019,0.01068,0.0,0.0,0.0,0.0,0.0,0.0,0.0,0.0,0.0,0.0,0.012170385395537529,13.265720081135884,16.68559837728195,0.03651115618661258,0.0,0.0,0.0,0.0,0.0,0.0,0.0,0.0,0.0,0.0,0.0,0.0,0.0,0.0,0.0,0.0,0.4014,0.0108,0.0,0.0,0.0,0.0,0.0,0.0,0.0,0.0,0.0,0.0,0.012442969722107013,13.587722936540835,16.387391124014936,0.012442969722107013,0.0,0.0,0.0,0.0,0.0,0.0,0.0,0.0,0.0,0.0,0.0,0.0,0.0,0.0,0.0,0.0
47900,4785,2473,0.5168234064785789,1162,979,0.4474399164054336,1375,0.5747126436781609,0.41,2.8966262975778547,3.0121074659278104,6.329787234042553,2.1336200704873804,9425.30804811954,1520.2744992623836,7853.0,10920.806064844131,10895.253946725434,7.199234565512829,7853.0,0.0,28.426332288401255,20.95852640518,33.173816568047336,19.22775911903226,0.13375130616509928,0.09634273772204807,0.09153605015673981,0.09070010449320794,0.08234064785788923,0.0729362591431557,0.06959247648902821,0.05851619644723093,0.061233019853709506,0.052873563218390804,0.050156739811912224,0.03636363636363636,0.036154649947753394,0.03260188087774295,0.01734587251828631,0.012748171368861024,0.004806687565308255,0.919445940182625,0.02336659911584789,0.0,0.0,0.0,0.0,0.0,0.0,0.0,0.0,0.0,0.0,0.0,0.0,0.0,0.0,0.0,0.0,0.0,0.0,0.0,0.0,0.0,0.0,0.0,0.0,0.01253918495297806,0.32601880877742956,5.7742946708463965,15.586206896551728,7.661442006269594,0.639498432601881,4.174567584881486,2.842539752431099,nan,nan,nan,4.20919689119171,2.8340807791571967,4.140139505389981,2.8512064183683887,0.9835936907712156,0.4026,0.01116,0.0,0.0,0.0,0.0,0.0,0.0,0.0,0.0,0.0,0.0,0.01253918495297806,12.231974921630076,17.68652037617555,0.06896551724137932,0.0,0.0,0.0,0.0,0.0,0.0,0.0,0.0,0.0,0.0,0.0,0.0,0.0,0.0,0.0,0.0,nan,nan,4.174567584881486,2.842539752431099,nan,0.4026,0.0509,0.0,0.0,0.0,0.0,0.0,0.0,0.0,0.0,0.0,0.0,0.0,0.0,0.0,0.0,0.0,0.0,0.0,0.0,0.0,0.0,0.0,0.0,0.0,0.0,0.0,4.179728317659352e-05,0.0004806687565308255,0.001786833855799373,0.004618599791013584,0.009519331243469174,0.00910135841170324,0.010083594566353188,0.04297805642633229,0.03201671891327064,0.056624869383490074,0.03499477533960293,0.05536050156739812,0.03704284221525601,0.06413793103448276,0.06264367816091954,0.07415882967607106,0.10846394984326019,0.04917450365726228,0.08450365726227795,0.06274817136886103,0.049791013584117035,0.05658307210031348,0.02347962382445141,0.015600835945663532,0.019571577847439917,0.01573667711598746,0.006436781609195402,0.006593521421107628,0.005538140020898642,0.00011494252873563218,4.179728317659352e-05,0.0,2.089864158829676e-05,0.0,1.044932079414838e-05,0.0,0.0,0.0,0.0,0.0,0.0,0.0,0.0,0.0,0.0,0.0,0.0,0.0,0.0,0.0,0.0,0.0,0.0,0.0,0.0,0.0,0.0,0.0,0.0,0.0,0.0,0.0,0.0,0.0,0.0,0.0,0.0,0.0,0.0,0.0,0.0,0.0,0.0,0.0,0.0,0.0,nan,nan,4.174567584881486,2.842539752431099,nan,0.9194683678180063,0.02334472894518969,0.0,0.0,0.0,0.0,0.0,0.0,0.0,0.0,0.0,0.0,0.0,0.0,0.0,0.0,0.0,0.0,0.0,0.0,0.0,0.0,0.0,0.0,0.0,0.0,0.012131014961585123,0.2790133441164578,5.895673271330369,15.406389001213105,7.751718560452892,0.6550748079255966,0.9194219507612159,0.023389945814493072,0.0,0.0,0.0,0.0,0.0,0.0,0.0,0.0,0.0,0.0,0.0,0.0,0.0,0.0,0.0,0.0,0.0,0.0,0.0,0.0,0.0,0.0,0.0,0.0,0.012975778546712806,0.3762975778546714,5.64446366782007,15.778546712802772,7.5648788927335655,0.6228373702422146,0.4028,0.01118,0.0,0.0,0.0,0.0,0.0,0.0,0.0,0.0,0.0,0.0,0.012131014961585123,12.070359886777176,17.83259199353013,0.08491710473109586,0.0,0.0,0.0,0.0,0.0,0.0,0.0,0.0,0.0,0.0,0.0,0.0,0.0,0.0,0.0,0.0,0.4026,0.01113,0.0,0.0,0.0,0.0,0.0,0.0,0.0,0.0,0.0,0.0,0.012975778546712806,12.404844290657422,17.530276816609,0.05190311418685122,0.0,0.0,0.0,0.0,0.0,0.0,0.0,0.0,0.0,0.0,0.0,0.0,0.0,0.0,0.0,0.0
48000,4754,2456,0.5166175851914178,1165,992,0.45372318047959614,1342,0.5645771981489273,0.414,2.955613577023499,3.146929415377523,6.643086816720257,2.247816115317886,9424.584008964335,1520.200535587645,7853.0,10921.983146965504,10895.064486407351,7.102979868266815,7853.0,0.0,27.885990744636096,20.794344311866457,32.872896257221804,19.046273491489707,0.13609591922591502,0.1064366848969289,0.08918805216659655,0.08960875052587294,0.08140513251998317,0.0715187210769878,0.06983592763988221,0.06794278502313841,0.05511148506520824,0.05132519983172066,0.05006310475389146,0.038704249053428695,0.02923853596970972,0.02923853596970972,0.01724863273033235,0.010307109802271772,0.006731173748422381,0.9192250466642633,0.023013865387469173,0.0,0.0,0.0,0.0,0.0,0.0,0.0,0.0,0.0,0.0,0.0,0.0,0.0,0.0,0.0,0.0,0.0,0.0,0.0,0.0,0.0,0.0,0.0,0.0,0.006310475389145984,0.403870424905343,5.616323096339926,15.997055111485068,7.351703828355071,0.6247370635254523,4.224350649350649,2.944727497220955,nan,nan,nan,4.1687377370830605,2.9306867058049377,4.2791747259832364,2.957480472261815,1.0264917094490695,0.4026,0.010765,0.0,0.0,0.0,0.0,0.0,0.0,0.0,0.0,0.0,0.0,0.025241901556583936,12.040387042490517,17.858645351283133,0.0757257046697518,0.0,0.0,0.0,0.0,0.0,0.0,0.0,0.0,0.0,0.0,0.0,0.0,0.0,0.0,0.0,0.0,nan,nan,4.224350649350649,2.944727497220955,nan,0.4026,0.0505,0.0,0.0,0.0,0.0,0.0,0.0,0.0,0.0,0.0,0.0,0.0,0.0,0.0,0.0,0.0,0.0,0.0,0.0,0.0,0.0,0.0,0.0,0.0,0.0,0.0,0.0,0.0005153554901135886,0.0013251998317206563,0.004606647034076567,0.009791754312158183,0.009749684476230543,0.008550694152292806,0.04331089608750526,0.03230963399242743,0.055069415229280605,0.03496003365586874,0.05459612957509466,0.036937315944467815,0.06428270929743374,0.06261043331931006,0.0784917963819941,0.11040176693310896,0.048843079511989906,0.08051114850652083,0.06416701724863273,0.04993689524610854,0.05952881783761043,0.023306689103912495,0.014713925115692049,0.01731173748422381,0.016407236011779555,0.005795119899032394,0.006331510307109802,0.0055216659655027344,0.00011569204880100968,0.0,0.0,0.0,0.0,0.0,0.0,0.0,0.0,0.0,0.0,0.0,0.0,0.0,0.0,0.0,0.0,0.0,0.0,0.0,0.0,0.0,0.0,0.0,0.0,0.0,0.0,0.0,0.0,0.0,0.0,0.0,0.0,0.0,0.0,0.0,0.0,0.0,0.0,0.0,0.0,0.0,0.0,0.0,0.0,0.0,0.0,nan,nan,4.224350649350649,2.944727497220955,nan,0.9190782520689483,0.022967812185887927,0.0,0.0,0.0,0.0,0.0,0.0,0.0,0.0,0.0,0.0,0.0,0.0,0.0,0.0,0.0,0.0,0.0,0.0,0.0,0.0,0.0,0.0,0.0,0.0,0.0,0.41530944625407173,5.716612377850164,15.855048859934856,7.500000000000002,0.5130293159609122,0.9193819341864972,0.02306195040236089,0.0,0.0,0.0,0.0,0.0,0.0,0.0,0.0,0.0,0.0,0.0,0.0,0.0,0.0,0.0,0.0,0.0,0.0,0.0,0.0,0.0,0.0,0.0,0.0,0.013054830287206269,0.3916449086161881,5.509138381201046,16.148825065274156,7.193211488250654,0.7441253263707573,0.4023,0.01089,0.0,0.0,0.0,0.0,0.0,0.0,0.0,0.0,0.0,0.0,0.04885993485342021,11.82410423452767,18.053745928338767,0.0732899022801303,0.0,0.0,0.0,0.0,0.0,0.0,0.0,0.0,0.0,0.0,0.0,0.0,0.0,0.0,0.0,0.0,0.4028,0.01064,0.0,0.0,0.0,0.0,0.0,0.0,0.0,0.0,0.0,0.0,0.0,12.271540469973873,17.650130548302876,0.07832898172323761,0.0,0.0,0.0,0.0,0.0,0.0,0.0,0.0,0.0,0.0,0.0,0.0,0.0,0.0,0.0,0.0
48100,4778,2457,0.5142318961908748,1147,975,0.44411887819171203,1329,0.5562997069903726,0.41,2.975010771219302,3.1549493765517633,6.6828125,2.2278811884487357,9417.357031061154,1520.4539051444463,7853.0,10915.380289673805,10895.123685148634,7.031144623086494,7853.0,0.0,27.4742570113018,20.64855379640128,32.390761548064916,18.937254026303513,0.13959815822519883,0.11280870657178736,0.0960652992884052,0.07722896609460025,0.07115948095437422,0.08790288823775638,0.06739221431561322,0.06236919213059858,0.05713687735454165,0.05127668480535789,0.04918375889493512,0.04081205525324404,0.033068229384679786,0.024905818334030976,0.01506906655504395,0.006906655504395145,0.007115948095437421,0.9188668480873508,0.02265492849253844,0.0,0.0,0.0,0.0,0.0,0.0,0.0,0.0,0.0,0.0,0.0,0.0,0.0,0.0,0.0,0.0,0.0,0.0,0.0,0.0,0.0,0.0,0.0,0.0,0.0,0.320217664294684,5.757639179573045,15.922980326496445,7.572205943909587,0.4269568857262454,4.355584930601454,2.9095979589013847,nan,nan,nan,4.3068331143232585,2.905623363835125,4.4049202127659575,2.912784045872491,1.0227747618352079,0.4028,0.01039,0.0,0.0,0.0,0.0,0.0,0.0,0.0,0.0,0.0,0.0,0.01883633319380494,11.691084135621582,18.258685642528256,0.03139388865634157,0.0,0.0,0.0,0.0,0.0,0.0,0.0,0.0,0.0,0.0,0.0,0.0,0.0,0.0,0.0,0.0,nan,nan,4.355584930601454,2.9095979589013847,nan,0.4028,0.05035,0.0,0.0,0.0,0.0,0.0,0.0,0.0,0.0,0.0,0.0,0.0,0.0,0.0,0.0,0.0,0.0,0.0,0.0,0.0,0.0,0.0,0.0,0.0,0.0,0.0,2.092925910422771e-05,0.000722059439095856,0.0014127249895353705,0.005190456257848472,0.010244872331519465,0.008539137714524905,0.007503139388865634,0.040927166178317285,0.03263917957304312,0.05441607367099205,0.035171619924654667,0.055514859773964004,0.03645876935956467,0.06317496860611134,0.06304939305148598,0.08233570531603181,0.1101192967768941,0.047624529091670156,0.08043114273754709,0.06525742988698201,0.049539556299706994,0.060255336961071576,0.021546672247802427,0.015477187107576392,0.017465466722478024,0.018930514859773963,0.0050648807032231055,0.006561322729175387,0.00420678107994977,0.00017789870238593553,2.092925910422771e-05,0.0,0.0,0.0,0.0,0.0,0.0,0.0,0.0,0.0,0.0,0.0,0.0,0.0,0.0,0.0,0.0,0.0,0.0,0.0,0.0,0.0,0.0,0.0,0.0,0.0,0.0,0.0,0.0,0.0,0.0,0.0,0.0,0.0,0.0,0.0,0.0,0.0,0.0,0.0,0.0,0.0,0.0,0.0,0.0,0.0,nan,nan,4.355584930601454,2.9095979589013847,nan,0.9188874131496912,0.023048717435215894,0.0,0.0,0.0,0.0,0.0,0.0,0.0,0.0,0.0,0.0,0.0,0.0,0.0,0.0,0.0,0.0,0.0,0.0,0.0,0.0,0.0,0.0,0.0,0.0,0.0,0.402930402930403,5.824175824175826,15.604395604395608,7.704517704517706,0.46398046398046405,0.9188450780062776,0.022230445257647377,0.0,0.0,0.0,0.0,0.0,0.0,0.0,0.0,0.0,0.0,0.0,0.0,0.0,0.0,0.0,0.0,0.0,0.0,0.0,0.0,0.0,0.0,0.0,0.0,0.0,0.23265833692373983,5.687203791469196,16.26023265833693,7.432141318397244,0.3877638948728997,0.4028,0.01038,0.0,0.0,0.0,0.0,0.0,0.0,0.0,0.0,0.0,0.0,0.024420024420024427,11.831501831501814,18.10744810744811,0.03663003663003664,0.0,0.0,0.0,0.0,0.0,0.0,0.0,0.0,0.0,0.0,0.0,0.0,0.0,0.0,0.0,0.0,0.4028,0.01039,0.0,0.0,0.0,0.0,0.0,0.0,0.0,0.0,0.0,0.0,0.01292546316242999,11.542438604049961,18.418785006462734,0.02585092632485998,0.0,0.0,0.0,0.0,0.0,0.0,0.0,0.0,0.0,0.0,0.0,0.0,0.0,0.0,0.0,0.0
48200,4757,2414,0.5074626865671642,1112,999,0.44376708009249527,1395,0.5865040992221988,0.40199999999999997,2.9795134443021767,3.076698920337319,6.578008915304606,2.1239994697080835,9396.72707336561,1520.8641589489368,7853.0,10921.557225942612,10895.050409279289,7.087565525073912,7853.0,0.0,28.29850746268657,20.857435332790757,33.07902584493042,19.11460199399909,0.13348749211688038,0.09438721883540047,0.09480765188143789,0.08955223880597014,0.08114357788522178,0.0750472987176792,0.07231448391843599,0.06621820475089342,0.05276434727769603,0.05486651250788312,0.04582720201807862,0.04582720201807862,0.030901828883750263,0.026066848854319948,0.019550136640739964,0.010090393104898045,0.007147361782636115,0.9190862109261649,0.0231544301908686,0.0,0.0,0.0,0.0,0.0,0.0,0.0,0.0,0.0,0.0,0.0,0.0,0.0,0.0,0.0,0.0,0.0,0.0,0.0,0.0,0.0,0.0,0.0,0.0,0.00630649569056128,0.37838974143367676,5.871347487912551,15.640109312591973,7.479503889005677,0.6243430733655666,4.29500805152979,2.8484972236439825,nan,nan,nan,4.21862871927555,2.883250408665836,4.369062901155328,2.8116743639750426,1.0356594978819589,0.4026,0.010376,0.0,0.0,0.0,0.0,0.0,0.0,0.0,0.0,0.0,0.0,0.01261299138112256,12.007567794828656,17.93567374395628,0.04414546983392896,0.0,0.0,0.0,0.0,0.0,0.0,0.0,0.0,0.0,0.0,0.0,0.0,0.0,0.0,0.0,0.0,nan,nan,4.29500805152979,2.8484972236439825,nan,0.4026,0.05075,0.0,0.0,0.0,0.0,0.0,0.0,0.0,0.0,0.0,0.0,0.0,0.0,0.0,0.0,0.0,0.0,0.0,0.0,0.0,0.0,0.0,0.0,1.0510826150935463e-05,0.0,0.0,1.0510826150935463e-05,0.0005150304813958377,0.001177212528904772,0.005307967206222409,0.010878705066218205,0.00996426319108682,0.006895101955013664,0.041254992642421696,0.03311961320159765,0.05634853899516502,0.03663022913601009,0.05825099852848434,0.03630439352533109,0.06134118141685937,0.059901198234181205,0.08267815850325835,0.10253310910237545,0.04673113306705907,0.08130124027748581,0.06629178053394996,0.049915913390792516,0.06334874921168804,0.02175741013243641,0.01633382383855371,0.01663863779693084,0.01740592810594913,0.005980660079882278,0.0059596384275804075,0.004950599117090604,0.0001471515661130965,0.00010510826150935464,0.0,1.0510826150935463e-05,0.0,0.0,0.0,0.0,0.0,0.0,0.0,0.0,0.0,0.0,0.0,0.0,0.0,0.0,0.0,0.0,0.0,0.0,0.0,0.0,0.0,0.0,0.0,0.0,0.0,0.0,0.0,0.0,0.0,0.0,0.0,0.0,0.0,0.0,0.0,0.0,0.0,0.0,0.0,0.0,0.0,0.0,0.0,nan,nan,4.29500805152979,2.8484972236439825,nan,0.9188071565383115,0.02338824977026319,0.0,0.0,0.0,0.0,0.0,0.0,0.0,0.0,0.0,0.0,0.0,0.0,0.0,0.0,0.0,0.0,0.0,0.0,0.0,0.0,0.0,0.0,0.0,0.0,0.01242750621375311,0.45981772990886505,6.002485501242752,15.54681027340514,7.294946147473075,0.683512841756421,0.9193737215075898,0.022907474298525212,0.0,0.0,0.0,0.0,0.0,0.0,0.0,0.0,0.0,0.0,0.0,0.0,0.0,0.0,0.0,0.0,0.0,0.0,0.0,0.0,0.0,0.0,0.0,0.0,0.0,0.29449423815621,5.736235595390527,15.736235595390529,7.669654289372601,0.563380281690141,0.4026,0.01036,0.0,0.0,0.0,0.0,0.0,0.0,0.0,0.0,0.0,0.0,0.01242750621375311,11.868268434134201,18.03231151615576,0.08699254349627177,0.0,0.0,0.0,0.0,0.0,0.0,0.0,0.0,0.0,0.0,0.0,0.0,0.0,0.0,0.0,0.0,0.4026,0.01038,0.0,0.0,0.0,0.0,0.0,0.0,0.0,0.0,0.0,0.0,0.012804097311139568,12.15108834827143,17.836107554417417,0.0,0.0,0.0,0.0,0.0,0.0,0.0,0.0,0.0,0.0,0.0,0.0,0.0,0.0,0.0,0.0,0.0
48300,4694,2459,0.523860247123988,1158,949,0.4488708990200256,1314,0.5598636557307201,0.422,3.0384787472035795,3.1504192276506635,6.687203791469194,2.279819548411443,9446.655384359521,1519.344373310463,7853.0,10915.948531091213,10895.13841975746,6.843777535464854,7853.0,0.0,27.966979122283767,20.867385569846906,32.82431749241658,19.132321557360044,0.13975287601193012,0.09608010225820196,0.09373668512995313,0.08585428206220708,0.08777162334895612,0.07733276523221133,0.07051555176821474,0.05837239028547082,0.0524073285044738,0.05453770771197273,0.04835960801022582,0.040690242863229656,0.03131657435023434,0.027268853855986364,0.019812526629740094,0.010012782275244993,0.006178099701746911,0.9192397853746077,0.02276110345168156,0.0,0.0,0.0,0.0,0.0,0.0,0.0,0.0,0.0,0.0,0.0,0.0,0.0,0.0,0.0,0.0,0.0,0.0,0.0,0.0,0.0,0.0,0.0,0.0,0.006391137622496806,0.26842778014486585,5.835108649339584,15.971452918619518,7.356199403493823,0.5624201107797189,4.223826714801444,2.9066738604317877,nan,nan,nan,4.314790575916231,2.897415545095026,4.132323897300856,2.9130930622558364,0.957711347652921,0.402,0.01053,0.0,0.0,0.0,0.0,0.0,0.0,0.0,0.0,0.0,0.0,0.0,12.526629740093718,17.415850021303797,0.057520238602471255,0.0,0.0,0.0,0.0,0.0,0.0,0.0,0.0,0.0,0.0,0.0,0.0,0.0,0.0,0.0,0.0,nan,nan,4.223826714801444,2.9066738604317877,nan,0.402,0.05066,0.0,0.0,0.0,0.0,0.0,0.0,0.0,0.0,0.0,0.0,0.0,0.0,0.0,0.0,0.0,0.0,0.0,0.0,0.0,0.0,0.0,0.0,0.0,0.0,0.0,0.00011717085641244142,0.0006178099701746911,0.0018853855986365573,0.0048466126970600765,0.011525351512569237,0.010843630166169578,0.006050276949296975,0.039731572219855134,0.03110353642948445,0.057094162760971456,0.0402002556455049,0.06141883255219429,0.036482743928419256,0.058947592671495526,0.059149978696207924,0.08606731998295697,0.10263101832126119,0.04794418406476353,0.07871751171708564,0.06485939497230507,0.0488069876438006,0.06351725607158074,0.022305070302513847,0.014763527907967618,0.01656369833830422,0.016989774179804004,0.006444397102684278,0.005091606305922454,0.005038346825734981,3.195568811248402e-05,0.00014912654452492544,3.195568811248402e-05,3.195568811248402e-05,0.0,0.0,0.0,0.0,0.0,0.0,0.0,0.0,0.0,0.0,0.0,0.0,0.0,0.0,0.0,0.0,0.0,0.0,0.0,0.0,0.0,0.0,0.0,0.0,0.0,0.0,0.0,0.0,0.0,0.0,0.0,0.0,0.0,0.0,0.0,0.0,0.0,0.0,0.0,0.0,0.0,0.0,0.0,nan,nan,4.223826714801444,2.9066738604317877,nan,0.9197480914892342,0.02279252938450399,0.0,0.0,0.0,0.0,0.0,0.0,0.0,0.0,0.0,0.0,0.0,0.0,0.0,0.0,0.0,0.0,0.0,0.0,0.0,0.0,0.0,0.0,0.0,0.0,0.012200081333875562,0.2806018706791379,5.514436762911754,15.994306628710861,7.576250508336724,0.6222041480276536,0.9186805349335041,0.022713338738654824,0.0,0.0,0.0,0.0,0.0,0.0,0.0,0.0,0.0,0.0,0.0,0.0,0.0,0.0,0.0,0.0,0.0,0.0,0.0,0.0,0.0,0.0,0.0,0.0,0.0,0.25503355704697994,6.18791946308725,15.946308724832218,7.114093959731545,0.49664429530201354,0.402,0.01044,0.0,0.0,0.0,0.0,0.0,0.0,0.0,0.0,0.0,0.0,0.0,12.48068320455468,17.458316388775927,0.06100040666937781,0.0,0.0,0.0,0.0,0.0,0.0,0.0,0.0,0.0,0.0,0.0,0.0,0.0,0.0,0.0,0.0,0.4023,0.01062,0.0,0.0,0.0,0.0,0.0,0.0,0.0,0.0,0.0,0.0,0.0,12.577181208053673,17.369127516778526,0.05369127516778525,0.0,0.0,0.0,0.0,0.0,0.0,0.0,0.0,0.0,0.0,0.0,0.0,0.0,0.0,0.0,0.0
48400,4833,2489,0.5150010345541072,1184,996,0.4510655907303952,1365,0.5648665425201738,0.414,2.9411262798634814,3.0984882520702284,6.679748822605966,2.1675025090787834,9419.560501217744,1520.2532313017512,7853.0,10916.830207586288,10894.858940291424,7.053893907685318,7853.0,0.0,27.74446513552659,20.56335390404059,32.37319990236759,18.908786213882784,0.1318021932547072,0.1005586592178771,0.1005586592178771,0.08835092075315538,0.0829712393958204,0.0717980550382785,0.07221187668115042,0.06538381957376371,0.057314297537761225,0.05441754603765777,0.044278915787295675,0.040347610180012414,0.03248499896544589,0.025036209393751292,0.018208152286364576,0.009931719428926133,0.004345127250155183,0.9190590248674234,0.023269507134065833,0.0,0.0,0.0,0.0,0.0,0.0,0.0,0.0,0.0,0.0,0.0,0.0,0.0,0.0,0.0,0.0,0.0,0.0,0.0,0.0,0.0,0.0,0.0,0.0,0.006207324643078834,0.3103662321539417,5.828677839851026,15.772811918063317,7.492240844196153,0.5896958410924892,4.191162343900096,2.883636970496633,nan,nan,nan,4.204501607717042,2.9395811422374547,4.173580089342693,2.8226436729086255,0.9926456162324697,0.402,0.01072,0.0,0.0,0.0,0.0,0.0,0.0,0.0,0.0,0.0,0.0,0.012414649286157669,12.569832402234619,17.374301675977655,0.04345127250155184,0.0,0.0,0.0,0.0,0.0,0.0,0.0,0.0,0.0,0.0,0.0,0.0,0.0,0.0,0.0,0.0,nan,nan,4.191162343900096,2.883636970496633,nan,0.402,0.05057,0.0,0.0,0.0,0.0,0.0,0.0,0.0,0.0,0.0,0.0,0.0,0.0,0.0,0.0,0.0,0.0,0.0,0.0,0.0,0.0,0.0,0.0,0.0,0.0,1.0345541071798055e-05,0.00017587419822056693,0.0007655700393130561,0.0017794330643492655,0.0063831988412994,0.011183529898613697,0.01037657769501345,0.005896958410924891,0.0415063107800538,0.02953651975998345,0.057148768880612454,0.037057728119180636,0.06097661907717774,0.037047382578108835,0.05856610800744879,0.057676391475274154,0.08525760397268776,0.10760397268777157,0.048417132216014895,0.08220566935650735,0.06228015725222429,0.04952410511069729,0.06370784192013243,0.021870473825781087,0.014214773432650528,0.016832195323815434,0.015518311607697082,0.006041795985930064,0.005607283260914545,0.00441754603765777,0.00018621973929236498,0.00012414649286157667,4.138216428719222e-05,6.207324643078833e-05,0.0,0.0,0.0,0.0,0.0,0.0,0.0,0.0,0.0,0.0,0.0,0.0,0.0,0.0,0.0,0.0,0.0,0.0,0.0,0.0,0.0,0.0,0.0,0.0,0.0,0.0,0.0,0.0,0.0,0.0,0.0,0.0,0.0,0.0,0.0,0.0,0.0,0.0,0.0,0.0,0.0,0.0,0.0,nan,nan,4.191162343900096,2.883636970496633,nan,0.9188639305834312,0.02308512350361499,0.0,0.0,0.0,0.0,0.0,0.0,0.0,0.0,0.0,0.0,0.0,0.0,0.0,0.0,0.0,0.0,0.0,0.0,0.0,0.0,0.0,0.0,0.0,0.0,0.012053033346725596,0.2410606669345119,5.978304539975896,15.68099638409,7.533145841703496,0.5544395339493774,0.9192661876971404,0.023461934805112716,0.0,0.0,0.0,0.0,0.0,0.0,0.0,0.0,0.0,0.0,0.0,0.0,0.0,0.0,0.0,0.0,0.0,0.0,0.0,0.0,0.0,0.0,0.0,0.0,0.0,0.3839590443686008,5.669795221843005,15.870307167235499,7.4488054607508545,0.6271331058020478,0.4019,0.010796,0.0,0.0,0.0,0.0,0.0,0.0,0.0,0.0,0.0,0.0,0.02410606669345119,12.80032141422256,17.091201285656894,0.08437123342707917,0.0,0.0,0.0,0.0,0.0,0.0,0.0,0.0,0.0,0.0,0.0,0.0,0.0,0.0,0.0,0.0,0.402,0.010635,0.0,0.0,0.0,0.0,0.0,0.0,0.0,0.0,0.0,0.0,0.0,12.325085324232065,17.674914675767923,0.0,0.0,0.0,0.0,0.0,0.0,0.0,0.0,0.0,0.0,0.0,0.0,0.0,0.0,0.0,0.0,0.0
48500,4719,2468,0.5229921593557957,1144,947,0.4431023521932613,1300,0.5509641873278237,0.434,3.051088405153265,3.148277354935819,6.74481658692185,2.129451207805297,9444.162538789924,1519.6096343211152,7853.0,10919.198158085346,10895.421402167607,6.87272972945606,7853.0,0.0,27.700995973723245,20.989341816038618,32.69314444725525,19.281574118425105,0.1417673235855054,0.10553083280356007,0.08921381648654376,0.09345200254291164,0.08094935367662641,0.07014197923288833,0.06781097690188599,0.06357279084551812,0.053189235007416825,0.05234159779614325,0.04767959313413859,0.03899131171858444,0.03221021402839585,0.02542911633820725,0.020555202373384193,0.009959737232464506,0.007204916295825386,0.9206124392953255,0.022753811210097098,0.0,0.0,0.0,0.0,0.0,0.0,0.0,0.0,0.0,0.0,0.0,0.0,0.0,0.0,0.0,0.0,0.0,0.0,0.0,0.0,0.0,0.0,0.0,0.0,0.0,0.2479338842975207,5.123966942148761,16.033057851239672,8.003814367450733,0.5912269548633186,4.307334882177232,2.8916378000444367,nan,nan,nan,4.2565616797900265,2.9617735588072347,4.35752688172043,2.817213278734772,1.023719896368419,0.4026,0.010635,0.0,0.0,0.0,0.0,0.0,0.0,0.0,0.0,0.0,0.0,0.006357279084551813,12.015257469802908,17.940241576605217,0.038143674507310876,0.0,0.0,0.0,0.0,0.0,0.0,0.0,0.0,0.0,0.0,0.0,0.0,0.0,0.0,0.0,0.0,nan,nan,4.307334882177232,2.8916378000444367,nan,0.4026,0.0506,0.0,0.0,0.0,0.0,0.0,0.0,0.0,0.0,0.0,0.0,0.0,0.0,0.0,0.0,0.0,0.0,0.0,0.0,0.0,0.0,0.0,0.0,0.0,0.0,6.357279084551812e-05,0.00012714558169103624,0.0013986013986013986,0.0014409832591650773,0.007332061877516423,0.011061665607120153,0.009821996185632549,0.0052129688493324855,0.04195804195804196,0.028851451578724305,0.05288196651833015,0.037635092180546725,0.059249841068022883,0.03768806950625132,0.058720067810976904,0.05510701419792329,0.08489086670904852,0.108444585717313,0.05137741046831956,0.08382072472981564,0.06143250688705234,0.05,0.06556473829201102,0.02360669633396906,0.013413858868404323,0.017630853994490357,0.014664123755032846,0.006240728968001695,0.005573214664123755,0.004534859080313626,0.0001589319771137953,9.535918626827718e-05,0.0,0.0,0.0,0.0,0.0,0.0,0.0,0.0,0.0,0.0,0.0,0.0,0.0,0.0,0.0,0.0,0.0,0.0,0.0,0.0,0.0,0.0,0.0,0.0,0.0,0.0,0.0,0.0,0.0,0.0,0.0,0.0,0.0,0.0,0.0,0.0,0.0,0.0,0.0,0.0,0.0,0.0,0.0,0.0,0.0,nan,nan,4.307334882177232,2.8916378000444367,nan,0.9205609701054602,0.022497089741705,0.0,0.0,0.0,0.0,0.0,0.0,0.0,0.0,0.0,0.0,0.0,0.0,0.0,0.0,0.0,0.0,0.0,0.0,0.0,0.0,0.0,0.0,0.0,0.0,0.0,0.20664505672609404,5.263371150729337,15.94813614262561,7.998379254457052,0.5834683954619125,0.920668870197408,0.023031860520078683,0.0,0.0,0.0,0.0,0.0,0.0,0.0,0.0,0.0,0.0,0.0,0.0,0.0,0.0,0.0,0.0,0.0,0.0,0.0,0.0,0.0,0.0,0.0,0.0,0.0,0.2932030208796091,4.971123944913373,16.126166148378502,8.009773434029322,0.5997334517992005,0.4023,0.01049,0.0,0.0,0.0,0.0,0.0,0.0,0.0,0.0,0.0,0.0,0.012155591572123179,12.666126418152333,17.273095623987036,0.048622366288492716,0.0,0.0,0.0,0.0,0.0,0.0,0.0,0.0,0.0,0.0,0.0,0.0,0.0,0.0,0.0,0.0,0.403,0.01078,0.0,0.0,0.0,0.0,0.0,0.0,0.0,0.0,0.0,0.0,0.0,11.301643713904914,18.671701466015108,0.02665482007996447,0.0,0.0,0.0,0.0,0.0,0.0,0.0,0.0,0.0,0.0,0.0,0.0,0.0,0.0,0.0,0.0
48600,5011,2511,0.501097585312313,1203,1037,0.4470165635601676,1413,0.5639592895629615,0.40199999999999997,2.8988,3.1062128967602978,6.55,2.2574479902251188,9377.651493018662,1521.3166351216216,7853.0,10918.684880077839,10895.623907413985,7.119087250062922,7853.0,0.0,27.686290161644383,20.57847728639033,32.4289766012763,18.88078765915958,0.1380961883855518,0.10017960486928756,0.0951905807224107,0.0927958491319098,0.0754340451007783,0.07303931351027738,0.07244063061265217,0.0626621432847735,0.0618638994212732,0.050888046298144085,0.04849331470764318,0.04170824186789064,0.03232887647176212,0.024545998802634205,0.014767511474755537,0.009379365396128518,0.00618638994212732,0.9217375182529762,0.02298398881971738,0.0,0.0,0.0,0.0,0.0,0.0,0.0,0.0,0.0,0.0,0.0,0.0,0.0,0.0,0.0,0.0,0.0,0.0,0.0,0.0,0.0,0.0,0.0,0.0,0.0,0.28736779086010783,4.861305128716824,15.69746557573339,8.231889842346838,0.9219716623428459,4.219838308457711,2.9170526210125765,nan,nan,nan,4.165822784810127,2.852553201267792,4.270336391437309,2.9772338325312355,1.0250883467746805,0.4023,0.01084,0.0,0.0,0.0,0.0,0.0,0.0,0.0,0.0,0.0,0.0,0.01796048692875674,12.506485731390923,17.445619636799044,0.02993414488126123,0.0,0.0,0.0,0.0,0.0,0.0,0.0,0.0,0.0,0.0,0.0,0.0,0.0,0.0,0.0,0.0,nan,nan,4.219838308457711,2.9170526210125765,nan,0.4023,0.05054,0.0,0.0,0.0,0.0,0.0,0.0,0.0,0.0,0.0,0.0,0.0,0.0,0.0,0.0,0.0,0.0,0.0,0.0,0.0,0.0,0.0,0.0,0.0,0.0,9.978048293753741e-06,2.9934144881261226e-05,0.00130712432648174,0.0013969267611255239,0.0070245459988026344,0.012282977449610856,0.009858311714228697,0.004709638794651766,0.04331470764318499,0.029724605867092396,0.05152664138894432,0.03799640790261425,0.059399321492716026,0.03936340051885851,0.06197365795250449,0.053701855916982635,0.08284773498303732,0.10617641189383356,0.050878068249850326,0.08249850329275593,0.06352025543803631,0.04848333665934943,0.06673318698862503,0.026342047495509877,0.012751945719417282,0.01573538215924965,0.013779684693673917,0.0069247655158650966,0.005597685092795849,0.003911394931151467,6.984633805627619e-05,6.984633805627619e-05,5.986828976252245e-05,0.0,0.0,0.0,0.0,0.0,0.0,0.0,0.0,0.0,0.0,0.0,0.0,0.0,0.0,0.0,0.0,0.0,0.0,0.0,0.0,0.0,0.0,0.0,0.0,0.0,0.0,0.0,0.0,0.0,0.0,0.0,0.0,0.0,0.0,0.0,0.0,0.0,0.0,0.0,0.0,0.0,0.0,0.0,0.0,nan,nan,4.219838308457711,2.9170526210125765,nan,0.9216771951143318,0.023229564916364024,0.0,0.0,0.0,0.0,0.0,0.0,0.0,0.0,0.0,0.0,0.0,0.0,0.0,0.0,0.0,0.0,0.0,0.0,0.0,0.0,0.0,0.0,0.0,0.0,0.0,0.28673835125448033,5.005973715651137,15.591397849462368,8.088410991636799,1.0274790919952212,0.9217981068134308,0.02273450102171182,0.0,0.0,0.0,0.0,0.0,0.0,0.0,0.0,0.0,0.0,0.0,0.0,0.0,0.0,0.0,0.0,0.0,0.0,0.0,0.0,0.0,0.0,0.0,0.0,0.0,0.28800000000000003,4.716000000000001,15.804000000000002,8.376000000000001,0.8160000000000002,0.4019,0.01108,0.0,0.0,0.0,0.0,0.0,0.0,0.0,0.0,0.0,0.0,0.02389486260454003,12.939068100358405,17.02508960573477,0.011947431302270014,0.0,0.0,0.0,0.0,0.0,0.0,0.0,0.0,0.0,0.0,0.0,0.0,0.0,0.0,0.0,0.0,0.4026,0.01059,0.0,0.0,0.0,0.0,0.0,0.0,0.0,0.0,0.0,0.0,0.012000000000000002,12.071999999999983,17.868000000000002,0.04800000000000001,0.0,0.0,0.0,0.0,0.0,0.0,0.0,0.0,0.0,0.0,0.0,0.0,0.0,0.0,0.0,0.0
48700,4719,2510,0.5318923500741682,1198,948,0.4547573638482729,1302,0.5518118245390973,0.41,2.939791760977818,3.000904670009279,6.350565428109855,2.149849640495105,9471.285947722838,1518.1647241852754,7853.0,10921.73233616352,10895.506528806402,7.252507685581661,7853.0,0.0,28.328035600762874,20.811071560333037,33.22015581804474,18.9854453022785,0.13689340962068236,0.09663064208518754,0.08730663276117821,0.08539944903581267,0.08264462809917356,0.07501589319771138,0.07056579783852511,0.06675143038779402,0.06060606060606061,0.05340114431023522,0.052765416401780035,0.03644840008476372,0.03475312566221657,0.02670057215511761,0.016105107014197925,0.01144310235219326,0.0065691883873702055,0.9210755016167655,0.0230845888097349,0.0,0.0,0.0,0.0,0.0,0.0,0.0,0.0,0.0,0.0,0.0,0.0,0.0,0.0,0.0,0.0,0.0,0.0,0.0,0.0,0.0,0.0,0.0,0.0,0.0,0.2479338842975207,5.073108709472347,15.893197711379532,7.921169739351559,0.8645899554990466,4.1437438745508,2.8314720219191107,nan,nan,nan,4.146341463414634,2.897673946691184,4.141191709844559,2.7648820360174313,0.9987580006095701,0.4019,0.01077,0.0,0.0,0.0,0.0,0.0,0.0,0.0,0.0,0.0,0.0,0.012714558169103626,13.076923076923059,16.872218690400512,0.038143674507310876,0.0,0.0,0.0,0.0,0.0,0.0,0.0,0.0,0.0,0.0,0.0,0.0,0.0,0.0,0.0,0.0,nan,nan,4.1437438745508,2.8314720219191107,nan,0.4019,0.0505,0.0,0.0,0.0,0.0,0.0,0.0,0.0,0.0,0.0,0.0,0.0,0.0,0.0,0.0,0.0,0.0,0.0,0.0,0.0,0.0,0.0,0.0,0.0,2.1190930281839374e-05,0.0,0.0,0.001250264886628523,0.0014303877940241576,0.007363848272939182,0.013646959101504557,0.010902733630006357,0.004185208730663276,0.042689129052765416,0.02937062937062937,0.04966094511549057,0.03938334392879848,0.06236490781945327,0.037772833227378684,0.06123119304937487,0.05259588895952532,0.08028183937274846,0.1095783004873914,0.05217207035388854,0.08524051705869888,0.05901674083492265,0.050497986861623226,0.0661474888747616,0.026276753549480822,0.012576817122271667,0.014494596312778132,0.013223140495867768,0.0074168255986437805,0.006293706293706294,0.002828989192625556,4.238186056367875e-05,1.0595465140919687e-05,3.178639542275906e-05,0.0,0.0,0.0,0.0,0.0,0.0,0.0,0.0,0.0,0.0,0.0,0.0,0.0,0.0,0.0,0.0,0.0,0.0,0.0,0.0,0.0,0.0,0.0,0.0,0.0,0.0,0.0,0.0,0.0,0.0,0.0,0.0,0.0,0.0,0.0,0.0,0.0,0.0,0.0,0.0,0.0,0.0,0.0,0.0,nan,nan,4.1437438745508,2.8314720219191107,nan,0.921216137190739,0.023516107881396315,0.0,0.0,0.0,0.0,0.0,0.0,0.0,0.0,0.0,0.0,0.0,0.0,0.0,0.0,0.0,0.0,0.0,0.0,0.0,0.0,0.0,0.0,0.0,0.0,0.0,0.2988047808764941,5.0796812749004,15.812749003984067,7.792828685258965,1.01593625498008,0.9209157029337989,0.02258320310565793,0.0,0.0,0.0,0.0,0.0,0.0,0.0,0.0,0.0,0.0,0.0,0.0,0.0,0.0,0.0,0.0,0.0,0.0,0.0,0.0,0.0,0.0,0.0,0.0,0.0,0.19013128112268,5.065640561339974,15.984608420099596,8.066998641919422,0.6926210955183342,0.4019,0.010864,0.0,0.0,0.0,0.0,0.0,0.0,0.0,0.0,0.0,0.0,0.0,13.231075697211136,16.73306772908367,0.035856573705179286,0.0,0.0,0.0,0.0,0.0,0.0,0.0,0.0,0.0,0.0,0.0,0.0,0.0,0.0,0.0,0.0,0.4019,0.01066,0.0,0.0,0.0,0.0,0.0,0.0,0.0,0.0,0.0,0.0,0.027161611588954283,12.901765504753264,17.030330466274336,0.04074241738343142,0.0,0.0,0.0,0.0,0.0,0.0,0.0,0.0,0.0,0.0,0.0,0.0,0.0,0.0,0.0,0.0
48800,4732,2402,0.5076077768385461,1118,985,0.4444209636517329,1340,0.5663567202028741,0.43,3.007725321888412,3.2050028586092663,7.00978792822186,2.084644892293849,9397.390898702917,1521.076290845737,7853.0,10921.91434776783,10895.488648069193,6.954868052985103,7853.0,0.0,27.066990701606088,20.577399419091567,32.37407122726108,18.75917646150167,0.15152155536770923,0.10228233305156383,0.09129332206255283,0.08939137785291631,0.08072696534234995,0.07396449704142012,0.07100591715976332,0.05959425190194421,0.05726965342349958,0.05431107354184277,0.047337278106508875,0.03444632290786137,0.032121724429416736,0.02514792899408284,0.017117497886728655,0.0073964497041420114,0.00507185122569738,0.9218113007982807,0.02294915457402235,0.0,0.0,0.0,0.0,0.0,0.0,0.0,0.0,0.0,0.0,0.0,0.0,0.0,0.0,0.0,0.0,0.0,0.0,0.0,0.0,0.0,0.0,0.0,0.0,0.0,0.2979712595097211,4.716821639898564,15.874894336432801,8.343195266272192,0.7671174978867289,4.450033534540577,2.954384650684592,nan,nan,nan,4.527147766323024,2.959134923187693,4.376555337262606,2.9479750835177114,0.9667356938996647,0.4014,0.01092,0.0,0.0,0.0,0.0,0.0,0.0,0.0,0.0,0.0,0.0,0.019019442096365177,13.624260355029566,16.3123415046492,0.04437869822485208,0.0,0.0,0.0,0.0,0.0,0.0,0.0,0.0,0.0,0.0,0.0,0.0,0.0,0.0,0.0,0.0,nan,nan,4.450033534540577,2.954384650684592,nan,0.4014,0.05078,0.0,0.0,0.0,0.0,0.0,0.0,0.0,0.0,0.0,0.0,0.0,0.0,0.0,0.0,0.0,0.0,0.0,0.0,0.0,0.0,0.0,0.0,0.0,0.0,0.0,1.0566356720202874e-05,0.0018491124260355029,0.0017328825021132714,0.006889264581572274,0.014602704987320372,0.011707523245984784,0.004480135249366019,0.04629120879120879,0.02735629754860524,0.049165257819103976,0.0404480135249366,0.06032333051563821,0.036242603550295856,0.06190828402366864,0.05345519864750634,0.07635249366018597,0.11187658495350802,0.055103550295857985,0.08613693998309382,0.05632924767540152,0.04798182586644125,0.06696956889264581,0.0268385460693153,0.012510566356720203,0.012816990701606086,0.014084953508030431,0.008030431107354184,0.006265849535080304,0.002187235841081995,5.283178360101437e-05,0.0,0.0,0.0,0.0,0.0,0.0,0.0,0.0,0.0,0.0,0.0,0.0,0.0,0.0,0.0,0.0,0.0,0.0,0.0,0.0,0.0,0.0,0.0,0.0,0.0,0.0,0.0,0.0,0.0,0.0,0.0,0.0,0.0,0.0,0.0,0.0,0.0,0.0,0.0,0.0,0.0,0.0,0.0,0.0,0.0,0.0,nan,nan,4.450033534540577,2.954384650684592,nan,0.9217251608711198,0.02287208700190935,0.0,0.0,0.0,0.0,0.0,0.0,0.0,0.0,0.0,0.0,0.0,0.0,0.0,0.0,0.0,0.0,0.0,0.0,0.0,0.0,0.0,0.0,0.0,0.0,0.0,0.3122398001665279,4.646128226477936,15.761865112406332,8.630308076602832,0.6494587843463782,0.9219001025601007,0.02302799633212262,0.0,0.0,0.0,0.0,0.0,0.0,0.0,0.0,0.0,0.0,0.0,0.0,0.0,0.0,0.0,0.0,0.0,0.0,0.0,0.0,0.0,0.0,0.0,0.0,0.0,0.28326180257510736,4.7896995708154515,15.991416309012878,8.047210300429185,0.8884120171673822,0.4014,0.01092,0.0,0.0,0.0,0.0,0.0,0.0,0.0,0.0,0.0,0.0,0.0,13.813488759367173,16.124063280599504,0.06244796003330559,0.0,0.0,0.0,0.0,0.0,0.0,0.0,0.0,0.0,0.0,0.0,0.0,0.0,0.0,0.0,0.0,0.4016,0.01092,0.0,0.0,0.0,0.0,0.0,0.0,0.0,0.0,0.0,0.0,0.03862660944206009,13.429184549356204,16.506437768240346,0.025751072961373397,0.0,0.0,0.0,0.0,0.0,0.0,0.0,0.0,0.0,0.0,0.0,0.0,0.0,0.0,0.0,0.0
48900,4707,2433,0.5168897386870618,1182,922,0.44699383896324624,1272,0.5404716379859783,0.43,3.009674582233949,3.147627379074305,6.620845921450151,2.1937264045895364,9425.63892307944,1520.3923420514343,7853.0,10918.425186634064,10895.503662529767,7.14298194945389,7853.0,0.0,28.404291480773317,21.267413456882146,33.52690355329949,19.459577706715347,0.14021669853409816,0.0994263862332696,0.09092840450393032,0.07966857871255577,0.08009347779902273,0.0792436796260888,0.07074569789674952,0.06139791799447631,0.05183768854896962,0.053749734438070955,0.05077544083280221,0.04164011047376248,0.030805183768854896,0.02783089016358615,0.020182706607180793,0.013171871680475887,0.0082855321861058,0.9219637385391242,0.02310417141340956,0.0,0.0,0.0,0.0,0.0,0.0,0.0,0.0,0.0,0.0,0.0,0.0,0.0,0.0,0.0,0.0,0.0,0.0,0.0,0.0,0.0,0.0,0.0,0.0,0.0,0.21669853409815173,4.907584448693436,15.46845124282983,8.585086042065011,0.8221797323135758,4.193400849395623,2.929282296403249,nan,nan,nan,4.19281045751634,2.9403793400546214,4.194117647058824,2.9190994961652317,1.0003117692907249,0.4016,0.01051,0.0,0.0,0.0,0.0,0.0,0.0,0.0,0.0,0.0,0.0,0.012746972594008926,13.467176545570407,16.507329509241558,0.012746972594008926,0.0,0.0,0.0,0.0,0.0,0.0,0.0,0.0,0.0,0.0,0.0,0.0,0.0,0.0,0.0,0.0,nan,nan,4.193400849395623,2.929282296403249,nan,0.4016,0.0507,0.0,0.0,0.0,0.0,0.0,0.0,0.0,0.0,0.0,0.0,0.0,0.0,0.0,0.0,0.0,0.0,0.0,0.0,0.0,0.0,0.0,0.0,0.0,0.0,0.0,2.1244954323348205e-05,0.0019332908434246867,0.0021244954323348204,0.007106437221159974,0.013841087741661356,0.01064372211599745,0.0042914807733163375,0.04546420225196516,0.028489483747609942,0.04896961971531761,0.04269173571276822,0.058317399617590825,0.03578712555768005,0.06276821754833227,0.04711068621202465,0.07701295942213725,0.11458466114297854,0.05815806246016571,0.08735925217760782,0.055651157850010624,0.048799660080730826,0.06572126619927768,0.0278096452092628,0.011089866156787764,0.013352453792224347,0.014882090503505417,0.008444869343530911,0.005215636286381984,0.0023263224984066285,3.1867431485022305e-05,0.0,0.0,0.0,0.0,0.0,0.0,0.0,0.0,0.0,0.0,0.0,0.0,0.0,0.0,0.0,0.0,0.0,0.0,0.0,0.0,0.0,0.0,0.0,0.0,0.0,0.0,0.0,0.0,0.0,0.0,0.0,0.0,0.0,0.0,0.0,0.0,0.0,0.0,0.0,0.0,0.0,0.0,0.0,0.0,0.0,0.0,nan,nan,4.193400849395623,2.929282296403249,nan,0.9214826616004226,0.0233027973125894,0.0,0.0,0.0,0.0,0.0,0.0,0.0,0.0,0.0,0.0,0.0,0.0,0.0,0.0,0.0,0.0,0.0,0.0,0.0,0.0,0.0,0.0,0.0,0.0,0.0,0.23427866831072755,5.1171393341553655,15.388409371146736,8.483353884093713,0.776818742293465,0.9224784527835661,0.02287855018827298,0.0,0.0,0.0,0.0,0.0,0.0,0.0,0.0,0.0,0.0,0.0,0.0,0.0,0.0,0.0,0.0,0.0,0.0,0.0,0.0,0.0,0.0,0.0,0.0,0.0,0.19788918205804754,4.683377308707125,15.554089709762536,8.693931398416888,0.8707124010554091,0.4016,0.01057,0.0,0.0,0.0,0.0,0.0,0.0,0.0,0.0,0.0,0.0,0.0,13.711467324290977,16.288532675709003,0.0,0.0,0.0,0.0,0.0,0.0,0.0,0.0,0.0,0.0,0.0,0.0,0.0,0.0,0.0,0.0,0.0,0.4016,0.01045,0.0,0.0,0.0,0.0,0.0,0.0,0.0,0.0,0.0,0.0,0.02638522427440634,13.20580474934035,16.74142480211082,0.02638522427440634,0.0,0.0,0.0,0.0,0.0,0.0,0.0,0.0,0.0,0.0,0.0,0.0,0.0,0.0,0.0,0.0
49000,4904,2602,0.5305872756933115,1238,977,0.4516721044045677,1337,0.5452691680261011,0.418,2.9695916594265857,3.1175821720602905,6.693522906793049,2.102636366620147,9467.436041536488,1518.5266941686589,7853.0,10922.4733928442,10895.734184356239,7.175802483093824,7853.0,0.0,28.066272430668842,20.71503944452977,32.88113070790046,18.953558508047298,0.1351957585644372,0.10134584013050571,0.091557911908646,0.0887030995106036,0.07952691680261012,0.07279771615008157,0.07096247960848287,0.06158238172920065,0.06300978792822186,0.05199836867862969,0.047104404567699834,0.04526916802610114,0.03242251223491028,0.02528548123980424,0.0199836867862969,0.00734094616639478,0.0059135399673735725,0.9222149080300603,0.023306941231499404,0.0,0.0,0.0,0.0,0.0,0.0,0.0,0.0,0.0,0.0,0.0,0.0,0.0,0.0,0.0,0.0,0.0,0.0,0.0,0.0,0.0,0.0,0.0,0.0,0.0,0.2814029363784666,4.789967373572595,15.59951060358891,8.399265905383363,0.9298531810766723,4.161341347674786,2.9258318854072742,nan,nan,nan,4.212886923562856,2.9492717932394004,4.109632446134348,2.901207474116585,0.975490802553707,0.4016,0.01047,0.0,0.0,0.0,0.0,0.0,0.0,0.0,0.0,0.0,0.0,0.012234910277324635,13.189233278955935,16.780179445350736,0.018352365415986952,0.0,0.0,0.0,0.0,0.0,0.0,0.0,0.0,0.0,0.0,0.0,0.0,0.0,0.0,0.0,0.0,nan,nan,4.161341347674786,2.9258318854072742,nan,0.4016,0.051,0.0,0.0,0.0,0.0,0.0,0.0,0.0,0.0,0.0,0.0,0.0,0.0,0.0,0.0,0.0,0.0,0.0,0.0,0.0,0.0,0.0,0.0,0.0,0.0,4.078303425774878e-05,7.137030995106036e-05,0.0012540783034257748,0.002212479608482871,0.007402120717781403,0.014865415986949428,0.01140905383360522,0.004720636215334421,0.04580954323001631,0.029047716150081566,0.048817292006525285,0.04156810766721044,0.059257748776508974,0.03565456769983687,0.0664457585644372,0.045615823817292005,0.07255301794453507,0.11216353996737358,0.056668026101141925,0.08809135399673736,0.054873572593800976,0.04940864600326264,0.06713907014681893,0.028731647634584013,0.010542414355628058,0.014539151712887438,0.016139885807504077,0.008013866231647635,0.0049653344208809135,0.0017740619902120718,0.0001835236541598695,0.0,0.0,2.039151712887439e-05,0.0,0.0,0.0,0.0,0.0,0.0,0.0,0.0,0.0,0.0,0.0,0.0,0.0,0.0,0.0,0.0,0.0,0.0,0.0,0.0,0.0,0.0,0.0,0.0,0.0,0.0,0.0,0.0,0.0,0.0,0.0,0.0,0.0,0.0,0.0,0.0,0.0,0.0,0.0,0.0,0.0,0.0,0.0,nan,nan,4.161341347674786,2.9258318854072742,nan,0.9222643902492377,0.023415304102323196,0.0,0.0,0.0,0.0,0.0,0.0,0.0,0.0,0.0,0.0,0.0,0.0,0.0,0.0,0.0,0.0,0.0,0.0,0.0,0.0,0.0,0.0,0.0,0.0,0.0,0.24212144504227523,4.830899308224444,15.668716372021525,8.2782475019216,0.9800153727901616,0.9221589772158556,0.023183719399557462,0.0,0.0,0.0,0.0,0.0,0.0,0.0,0.0,0.0,0.0,0.0,0.0,0.0,0.0,0.0,0.0,0.0,0.0,0.0,0.0,0.0,0.0,0.0,0.0,0.0,0.32580364900086883,4.743701129452651,15.521285838401393,8.536055603822764,0.8731537793223286,0.4016,0.0105,0.0,0.0,0.0,0.0,0.0,0.0,0.0,0.0,0.0,0.0,0.011529592621060725,13.063028439661778,16.89085318985396,0.03458877786318217,0.0,0.0,0.0,0.0,0.0,0.0,0.0,0.0,0.0,0.0,0.0,0.0,0.0,0.0,0.0,0.0,0.4014,0.01043,0.0,0.0,0.0,0.0,0.0,0.0,0.0,0.0,0.0,0.0,0.013032145960034755,13.331885317115534,16.655082536924418,0.0,0.0,0.0,0.0,0.0,0.0,0.0,0.0,0.0,0.0,0.0,0.0,0.0,0.0,0.0,0.0,0.0
49100,4856,2469,0.5084431630971994,1127,1046,0.44748764415156506,1409,0.5803130148270181,0.434,3.0414746543778803,3.259409633037077,7.01875,2.3557691817111452,9400.099693501224,1521.2002005029835,7853.0,10921.01310634613,10895.817380170896,7.106199526012439,7853.0,0.0,27.443780889621088,20.73379288151286,32.46905055487053,19.00236772737859,0.14497528830313014,0.09555189456342669,0.09864085667215816,0.0943163097199341,0.07413509060955518,0.0827841845140033,0.06775123558484349,0.06177924217462932,0.05457166392092257,0.04983525535420099,0.044892915980230645,0.036037891268533774,0.032331136738056016,0.027388797364085667,0.0214168039538715,0.00844316309719934,0.00514827018121911,0.9219604460200329,0.023165072891911512,0.0,0.0,0.0,0.0,0.0,0.0,0.0,0.0,0.0,0.0,0.0,0.0,0.0,0.0,0.0,0.0,0.0,0.0,0.0,0.0,0.0,0.0,0.0,0.0,0.0061779242174629335,0.23476112026359147,4.973228995057662,15.56219110378913,8.40197693574959,0.8216639209225702,4.434712864934232,3.0245474194864075,nan,nan,nan,4.411579609817495,3.0215116034077383,4.4587696335078535,3.027513719852419,1.0106968541574863,0.4019,0.0104,0.0,0.0,0.0,0.0,0.0,0.0,0.0,0.0,0.0,0.0,0.0,12.887149917627658,17.088138385502475,0.024711696869851734,0.0,0.0,0.0,0.0,0.0,0.0,0.0,0.0,0.0,0.0,0.0,0.0,0.0,0.0,0.0,0.0,nan,nan,4.434712864934232,3.0245474194864075,nan,0.4019,0.05096,0.0,0.0,0.0,0.0,0.0,0.0,0.0,0.0,0.0,0.0,0.0,0.0,0.0,0.0,0.0,0.0,0.0,0.0,0.0,0.0,0.0,0.0,0.0,3.0889621087314664e-05,4.118616144975288e-05,6.177924217462933e-05,0.0013591433278418452,0.0020181219110378913,0.006878088962108731,0.013972405271828666,0.011583607907742998,0.00549835255354201,0.04538714991762768,0.028881795716639208,0.0469007413509061,0.04367792421746293,0.0603171334431631,0.0356157331136738,0.0645181219110379,0.045325370675453044,0.07458813838550248,0.10979200988467874,0.05803130148270181,0.08718080724876441,0.052337314662273475,0.05271828665568369,0.06881177924217463,0.02771828665568369,0.009997940691927512,0.015022652388797363,0.01648476112026359,0.0085667215815486,0.0048290774299835255,0.0014724052718286655,0.00022652388797364087,3.0889621087314664e-05,5.1482701812191104e-05,7.207578253706755e-05,0.0,0.0,0.0,0.0,0.0,0.0,0.0,0.0,0.0,0.0,0.0,0.0,0.0,0.0,0.0,0.0,0.0,0.0,0.0,0.0,0.0,0.0,0.0,0.0,0.0,0.0,0.0,0.0,0.0,0.0,0.0,0.0,0.0,0.0,0.0,0.0,0.0,0.0,0.0,0.0,0.0,0.0,0.0,nan,nan,4.434712864934232,3.0245474194864075,nan,0.9223341441386236,0.023507872753494894,0.0,0.0,0.0,0.0,0.0,0.0,0.0,0.0,0.0,0.0,0.0,0.0,0.0,0.0,0.0,0.0,0.0,0.0,0.0,0.0,0.0,0.0,0.0,0.0,0.0,0.23086269744835972,4.8967193195625764,15.492102065613611,8.493317132442286,0.8869987849331715,0.9215739103456296,0.022798632399368027,0.0,0.0,0.0,0.0,0.0,0.0,0.0,0.0,0.0,0.0,0.0,0.0,0.0,0.0,0.0,0.0,0.0,0.0,0.0,0.0,0.0,0.0,0.0,0.0,0.01256807708420612,0.23879346459991627,5.05236698785086,15.634687892752412,8.307498952660245,0.7540846250523672,0.4019,0.01041,0.0,0.0,0.0,0.0,0.0,0.0,0.0,0.0,0.0,0.0,0.0,12.916160388821366,17.059538274605107,0.02430133657351155,0.0,0.0,0.0,0.0,0.0,0.0,0.0,0.0,0.0,0.0,0.0,0.0,0.0,0.0,0.0,0.0,0.4016,0.01038,0.0,0.0,0.0,0.0,0.0,0.0,0.0,0.0,0.0,0.0,0.0,12.857142857142838,17.117720988688735,0.02513615416841224,0.0,0.0,0.0,0.0,0.0,0.0,0.0,0.0,0.0,0.0,0.0,0.0,0.0,0.0,0.0,0.0
49200,4639,2419,0.5214485880577711,1117,971,0.4500970036645829,1310,0.5647768915714594,0.40599999999999997,2.968018018018018,3.0069535988473945,6.313364055299539,2.12875627446307,9439.493914403698,1519.8452504663928,7853.0,10917.498040258884,10895.474274046612,7.007436811596214,7853.0,0.0,28.619961198534167,21.015125028717456,33.39390088945362,19.23277759670207,0.1325716749299418,0.0937702090967881,0.0920456995042035,0.0920456995042035,0.07781849536538046,0.07286053028669973,0.06898038370338436,0.06919594740245742,0.05690881655529209,0.05151972407846519,0.04591506790256521,0.04225048501832292,0.03707695624056909,0.03125673636559603,0.018969605518430695,0.01056262125458073,0.006251347273119207,0.9212810671979638,0.023037131278761447,0.0,0.0,0.0,0.0,0.0,0.0,0.0,0.0,0.0,0.0,0.0,0.0,0.0,0.0,0.0,0.0,0.0,0.0,0.0,0.0,0.0,0.0,0.0,0.0,0.0,0.3233455486096142,5.031256736365597,15.527053244233674,8.387583530933393,0.7307609398577282,4.116355293346444,2.755864036016446,nan,nan,nan,4.1338994121489225,2.7053845503593332,4.098684210526316,2.8056800198813154,0.9914813598223715,0.4014,0.01055,0.0,0.0,0.0,0.0,0.0,0.0,0.0,0.0,0.0,0.0,0.006466910972192284,13.567579219659391,16.400086225479633,0.025867643888769137,0.0,0.0,0.0,0.0,0.0,0.0,0.0,0.0,0.0,0.0,0.0,0.0,0.0,0.0,0.0,0.0,nan,nan,4.116355293346444,2.755864036016446,nan,0.4014,0.05103,0.0,0.0,0.0,0.0,0.0,0.0,0.0,0.0,0.0,0.0,0.0,0.0,0.0,0.0,0.0,0.0,0.0,0.0,0.0,0.0,0.0,0.0,0.0,3.2334554860961416e-05,0.00014011640439749945,9.700366458288424e-05,0.0012826040094848028,0.0021879715455917223,0.007975856865703816,0.0138823022203061,0.01118775598189265,0.004386721276137098,0.0458935115326579,0.02909032118991162,0.047348566501401165,0.04490191851692175,0.06180211252425091,0.037389523604225046,0.06331105841776245,0.04690666091830136,0.07481138176331106,0.11161888338003881,0.057824962276352664,0.08574046130631602,0.04770424660487174,0.05105626212545807,0.06639361931450743,0.02856219012718258,0.01059495580944169,0.01633972838973917,0.01705108859668032,0.009086009915930157,0.004235826686785946,0.001002371200689804,9.700366458288424e-05,4.311273981461522e-05,2.155636990730761e-05,0.0,0.0,0.0,0.0,0.0,0.0,0.0,0.0,0.0,0.0,0.0,0.0,0.0,0.0,0.0,0.0,0.0,0.0,0.0,0.0,0.0,0.0,0.0,0.0,0.0,0.0,0.0,0.0,0.0,0.0,0.0,0.0,0.0,0.0,0.0,0.0,0.0,0.0,0.0,0.0,0.0,0.0,0.0,0.0,nan,nan,4.116355293346444,2.755864036016446,nan,0.9218323550080405,0.02288820453647161,0.0,0.0,0.0,0.0,0.0,0.0,0.0,0.0,0.0,0.0,0.0,0.0,0.0,0.0,0.0,0.0,0.0,0.0,0.0,0.0,0.0,0.0,0.0,0.0,0.0,0.2480363786688715,4.886316659776768,15.489871847871024,8.656469615543614,0.7193054981397273,0.9206803621472539,0.023183399482100908,0.0,0.0,0.0,0.0,0.0,0.0,0.0,0.0,0.0,0.0,0.0,0.0,0.0,0.0,0.0,0.0,0.0,0.0,0.0,0.0,0.0,0.0,0.0,0.0,0.0,0.4054054054054055,5.18918918918919,15.56756756756757,8.094594594594597,0.7432432432432434,0.4011,0.01043,0.0,0.0,0.0,0.0,0.0,0.0,0.0,0.0,0.0,0.0,0.012401818933443574,13.766019016122344,16.196775527077307,0.02480363786688715,0.0,0.0,0.0,0.0,0.0,0.0,0.0,0.0,0.0,0.0,0.0,0.0,0.0,0.0,0.0,0.0,0.4014,0.01068,0.0,0.0,0.0,0.0,0.0,0.0,0.0,0.0,0.0,0.0,0.0,13.351351351351331,16.621621621621625,0.027027027027027032,0.0,0.0,0.0,0.0,0.0,0.0,0.0,0.0,0.0,0.0,0.0,0.0,0.0,0.0,0.0,0.0
49300,4501,2315,0.5143301488558099,1129,908,0.4525660964230171,1277,0.5674294601199733,0.434,3.0548947849954255,3.17882781955938,6.627943485086342,2.2527926523849593,9417.531798327984,1520.3243580790936,7853.0,10917.648830533028,10894.88234309903,6.866377728887368,7853.0,0.0,28.204399022439457,20.77254841334683,33.102584388185655,18.954399911929674,0.1377471672961564,0.09531215285492113,0.08909131304154633,0.089313485892024,0.08198178182626083,0.07198400355476561,0.07353921350810931,0.06665185514330149,0.05754276827371695,0.055098866918462566,0.045767607198400354,0.04265718729171295,0.03510331037547212,0.023550322150633192,0.017107309486780714,0.011330815374361253,0.006220839813374806,0.9207080213050529,0.02274305347019872,0.0,0.0,0.0,0.0,0.0,0.0,0.0,0.0,0.0,0.0,0.0,0.0,0.0,0.0,0.0,0.0,0.0,0.0,0.0,0.0,0.0,0.0,0.0,0.0,0.0,0.2932681626305266,5.258831370806488,15.743168184847814,8.111530770939792,0.5932015107753833,4.334013605442177,2.9807773400298285,nan,nan,nan,4.3717774762550885,2.9611076834580103,4.296043656207367,2.9999450942231163,0.9826766525837458,0.4004,0.0107,0.0,0.0,0.0,0.0,0.0,0.0,0.0,0.0,0.0,0.0,0.0266607420573206,14.743390357698267,15.223283714730064,0.00666518551433015,0.0,0.0,0.0,0.0,0.0,0.0,0.0,0.0,0.0,0.0,0.0,0.0,0.0,0.0,0.0,0.0,nan,nan,4.334013605442177,2.9807773400298285,nan,0.4004,0.051,0.0,0.0,0.0,0.0,0.0,0.0,0.0,0.0,0.0,0.0,0.0,0.0,0.0,0.0,0.0,0.0,0.0,0.0,0.0,0.0,0.0,0.0,0.0,0.0001221950677627194,7.776049766718506e-05,1.1108642523883582e-05,0.0014219062430570984,0.0019217951566318596,0.009153521439680071,0.013819151299711176,0.009853365918684737,0.003899133525883137,0.04840035547656076,0.030404354587869362,0.04814485669851144,0.04596756276383026,0.06510775383248167,0.03821373028215952,0.06278604754499001,0.04720062208398134,0.07690513219284603,0.10817596089757832,0.05839813374805599,0.08551433014885582,0.04475672072872695,0.04854476782937125,0.0661075316596312,0.028138191512997113,0.010319928904687848,0.016985114419017996,0.01616307487225061,0.008264830037769384,0.004265718729171295,0.0007887136191957343,0.00013330371028660298,3.3325927571650745e-05,0.0,0.0,0.0,0.0,0.0,0.0,0.0,0.0,0.0,0.0,0.0,0.0,0.0,0.0,0.0,0.0,0.0,0.0,0.0,0.0,0.0,0.0,0.0,0.0,0.0,0.0,0.0,0.0,0.0,0.0,0.0,0.0,0.0,0.0,0.0,0.0,0.0,0.0,0.0,0.0,0.0,0.0,0.0,0.0,0.0,nan,nan,4.334013605442177,2.9807773400298285,nan,0.9207949510145909,0.02263211824790323,0.0,0.0,0.0,0.0,0.0,0.0,0.0,0.0,0.0,0.0,0.0,0.0,0.0,0.0,0.0,0.0,0.0,0.0,0.0,0.0,0.0,0.0,0.0,0.0,0.0,0.3110151187904968,5.131749460043197,15.835853131749463,8.164146868250542,0.5572354211663068,0.9206159617087215,0.02285958785012231,0.0,0.0,0.0,0.0,0.0,0.0,0.0,0.0,0.0,0.0,0.0,0.0,0.0,0.0,0.0,0.0,0.0,0.0,0.0,0.0,0.0,0.0,0.0,0.0,0.0,0.27447392497712725,5.39341262580055,15.645013723696252,8.055809698078685,0.6312900274473926,0.4001,0.01076,0.0,0.0,0.0,0.0,0.0,0.0,0.0,0.0,0.0,0.0,0.012958963282937368,15.200863930885507,14.773218142548599,0.012958963282937368,0.0,0.0,0.0,0.0,0.0,0.0,0.0,0.0,0.0,0.0,0.0,0.0,0.0,0.0,0.0,0.0,0.4006,0.01063,0.0,0.0,0.0,0.0,0.0,0.0,0.0,0.0,0.0,0.0,0.041171088746569086,14.258920402561737,15.699908508691678,0.0,0.0,0.0,0.0,0.0,0.0,0.0,0.0,0.0,0.0,0.0,0.0,0.0,0.0,0.0,0.0,0.0
49400,4679,2447,0.5229749946569779,1177,974,0.45971361402008976,1322,0.5650780081213934,0.43,3.0842293906810037,3.1900779247563698,6.854838709677419,2.1653188262116787,9443.896078140264,1519.4080315742628,7853.0,10920.239986300468,10895.011748924517,7.123346831542211,7853.0,0.0,27.718102158580894,20.800907352486362,32.828681177976954,18.972426840205003,0.14597136140200898,0.0961743962385125,0.0884804445394315,0.08441974780936097,0.08570207309254115,0.08035905107929045,0.06945928617225904,0.06048300918999786,0.06048300918999786,0.05492626629621714,0.04552254755289592,0.038469758495405,0.0269288309467835,0.02799743534943364,0.017738833083992305,0.008762556101731139,0.008121393460141057,0.9208743024850712,0.023385620108348312,0.0,0.0,0.0,0.0,0.0,0.0,0.0,0.0,0.0,0.0,0.0,0.0,0.0,0.0,0.0,0.0,0.0,0.0,0.0,0.0,0.0,0.0,0.0,0.0,0.0,0.33981620004274427,5.1677708912160725,15.573840564223127,8.181235306689466,0.737337037828596,4.28444590595199,3.0156314396370734,nan,nan,nan,4.211525867714473,3.0212819833647986,4.355584930601454,3.007667587046174,1.0342059071728222,0.4001,0.01062,0.0,0.0,0.0,0.0,0.0,0.0,0.0,0.0,0.0,0.0,0.006411626415900835,14.945501175464821,15.009617439623854,0.03846975849540501,0.0,0.0,0.0,0.0,0.0,0.0,0.0,0.0,0.0,0.0,0.0,0.0,0.0,0.0,0.0,0.0,nan,nan,4.28444590595199,3.0156314396370734,nan,0.4001,0.05118,0.0,0.0,0.0,0.0,0.0,0.0,0.0,0.0,0.0,0.0,0.0,0.0,0.0,0.0,0.0,0.0,0.0,0.0,0.0,0.0,0.0,0.0,0.0,0.0002992092327420389,0.00010686044026501389,0.0,0.0019234879247702502,0.0022868134216712972,0.008196195768326565,0.014030775806796325,0.00945714896345373,0.003729429365248985,0.04753152382987818,0.029600341953408847,0.050780081213934604,0.04482795469117333,0.06880743748664245,0.03953836289805514,0.06463988031630691,0.04568283821329344,0.07346655268219705,0.10731994015815345,0.059125881598632184,0.08463346868989101,0.043107501602906606,0.049422953622568926,0.06528104295789698,0.02799743534943364,0.011743962385125028,0.016883949561872193,0.015088694165419962,0.008431288736909596,0.004830091899978628,0.0009831160504381279,0.00024577901260953197,0.0,0.0,0.0,0.0,0.0,0.0,0.0,0.0,0.0,0.0,0.0,0.0,0.0,0.0,0.0,0.0,0.0,0.0,0.0,0.0,0.0,0.0,0.0,0.0,0.0,0.0,0.0,0.0,0.0,0.0,0.0,0.0,0.0,0.0,0.0,0.0,0.0,0.0,0.0,0.0,0.0,0.0,0.0,0.0,0.0,0.0,nan,nan,4.28444590595199,3.0156314396370734,nan,0.9212295983243972,0.023347171825890516,0.0,0.0,0.0,0.0,0.0,0.0,0.0,0.0,0.0,0.0,0.0,0.0,0.0,0.0,0.0,0.0,0.0,0.0,0.0,0.0,0.0,0.0,0.0,0.0,0.0,0.3310175725378015,5.038823048630978,15.741724560686558,8.067020841847162,0.8214139762975073,0.920484782360147,0.023421506805852088,0.0,0.0,0.0,0.0,0.0,0.0,0.0,0.0,0.0,0.0,0.0,0.0,0.0,0.0,0.0,0.0,0.0,0.0,0.0,0.0,0.0,0.0,0.0,0.0,0.0,0.3494623655913979,5.309139784946237,15.389784946236562,8.306451612903228,0.6451612903225807,0.4001,0.01074,0.0,0.0,0.0,0.0,0.0,0.0,0.0,0.0,0.0,0.0,0.0,15.226808336738843,14.711892112791176,0.06129955046996323,0.0,0.0,0.0,0.0,0.0,0.0,0.0,0.0,0.0,0.0,0.0,0.0,0.0,0.0,0.0,0.0,0.4001,0.010475,0.0,0.0,0.0,0.0,0.0,0.0,0.0,0.0,0.0,0.0,0.013440860215053767,14.637096774193527,15.336021505376348,0.013440860215053767,0.0,0.0,0.0,0.0,0.0,0.0,0.0,0.0,0.0,0.0,0.0,0.0,0.0,0.0,0.0,0.0
49500,4841,2493,0.5149762445775666,1164,984,0.443709977277422,1365,0.5639330716794051,0.422,3.0596252129471893,3.196946242418092,6.761481481481481,2.2312921081470454,9419.52129640607,1520.290342040711,7853.0,10917.229464173317,10894.929240233369,6.933855626212171,7853.0,0.0,27.84114852303243,20.849025193548428,32.84340320591862,19.084196346552694,0.1410865523652138,0.10183846312745301,0.09481512084280107,0.08531295186944846,0.07395166287957033,0.07684362734972114,0.07064656062796942,0.06568890725056807,0.05556703160504028,0.05246849824416443,0.04854368932038835,0.04214005370791159,0.02974592026440818,0.027680231357157612,0.019004337946705228,0.008882462301177443,0.005783928940301591,0.9204770122473704,0.02307026098067109,0.0,0.0,0.0,0.0,0.0,0.0,0.0,0.0,0.0,0.0,0.0,0.0,0.0,0.0,0.0,0.0,0.0,0.0,0.0,0.0,0.0,0.0,0.0,0.0,0.0,0.3346416029745921,5.3790539144804805,15.647593472423056,7.944639537285687,0.6940714728361911,4.426086956521739,2.947270740348639,nan,nan,nan,4.394035532994923,2.9824256742273905,4.460732984293194,2.9104932898879388,1.0151790878333682,0.3997,0.010735,0.0,0.0,0.0,0.0,0.0,0.0,0.0,0.0,0.0,0.0,0.03718240033051023,15.709564139640547,14.20987399297666,0.04337946705226194,0.0,0.0,0.0,0.0,0.0,0.0,0.0,0.0,0.0,0.0,0.0,0.0,0.0,0.0,0.0,0.0,nan,nan,4.426086956521739,2.947270740348639,nan,0.3997,0.0509,0.0,0.0,0.0,0.0,0.0,0.0,0.0,0.0,0.0,0.0,0.0,0.0,0.0,0.0,0.0,0.0,0.0,0.0,0.0,0.0,0.0,0.0,0.0,0.00042346622598636645,7.229911175376989e-05,0.0,0.0017041933484817186,0.0021689733526130965,0.008262755629002272,0.01341664945259244,0.009078702747366246,0.004534187151414997,0.046385044412311505,0.03173931005990498,0.052199958686221855,0.044649865730221026,0.06941747572815533,0.04146870481305515,0.06326172278454864,0.046271431522412726,0.07595538111960339,0.10895476141293121,0.056899400950216894,0.08567444742821731,0.04107622392067754,0.04992770088824623,0.06497624457756662,0.024457756661846727,0.011299318322660607,0.01662879570336707,0.014728361908696551,0.008149142739103492,0.005319148936170213,0.0007746333402189631,0.00012394133443503408,0.0,0.0,0.0,0.0,0.0,0.0,0.0,0.0,0.0,0.0,0.0,0.0,0.0,0.0,0.0,0.0,0.0,0.0,0.0,0.0,0.0,0.0,0.0,0.0,0.0,0.0,0.0,0.0,0.0,0.0,0.0,0.0,0.0,0.0,0.0,0.0,0.0,0.0,0.0,0.0,0.0,0.0,0.0,0.0,0.0,0.0,nan,nan,4.426086956521739,2.947270740348639,nan,0.9213036259302306,0.022978509240579433,0.0,0.0,0.0,0.0,0.0,0.0,0.0,0.0,0.0,0.0,0.0,0.0,0.0,0.0,0.0,0.0,0.0,0.0,0.0,0.0,0.0,0.0,0.0,0.0,0.0,0.27677496991576417,5.090252707581229,15.439229843561977,8.471720818291217,0.7220216606498197,0.9195993512970423,0.023134976510607835,0.0,0.0,0.0,0.0,0.0,0.0,0.0,0.0,0.0,0.0,0.0,0.0,0.0,0.0,0.0,0.0,0.0,0.0,0.0,0.0,0.0,0.0,0.0,0.0,0.0,0.3960817717206134,5.685689948892676,15.868824531516188,7.385008517887566,0.6643952299829644,0.3997,0.01066,0.0,0.0,0.0,0.0,0.0,0.0,0.0,0.0,0.0,0.0,0.0601684717208183,15.463297232250277,14.440433212996393,0.03610108303249098,0.0,0.0,0.0,0.0,0.0,0.0,0.0,0.0,0.0,0.0,0.0,0.0,0.0,0.0,0.0,0.0,0.3994,0.01081,0.0,0.0,0.0,0.0,0.0,0.0,0.0,0.0,0.0,0.0,0.012776831345826238,15.971039182282771,13.965076660988078,0.05110732538330495,0.0,0.0,0.0,0.0,0.0,0.0,0.0,0.0,0.0,0.0,0.0,0.0,0.0,0.0,0.0,0.0
49600,4683,2372,0.5065129190689729,1097,959,0.43903480674781126,1368,0.5842408712363869,0.36599999999999994,2.8199913457377757,2.85652262476017,5.9124293785310735,1.9731855791481883,9393.506552759893,1520.5771982259423,7853.0,10917.966195106506,10894.396368707663,6.943390287578672,7853.0,0.0,28.994020926756352,21.373906234737674,33.947182208743996,19.540953548262216,0.13602391629297458,0.09395686525731368,0.0903267136450993,0.08477471706171258,0.07601964552637198,0.07217595558402733,0.06833226564168268,0.06555626734998932,0.05680119581464873,0.05402519752295537,0.05167627589152253,0.042921204356181936,0.0369421311125347,0.02904121289771514,0.020713218022635062,0.013452914798206279,0.007260303224428785,0.9205079826946165,0.02303251206223846,0.0,0.0,0.0,0.0,0.0,0.0,0.0,0.0,0.0,0.0,0.0,0.0,0.0,0.0,0.0,0.0,0.0,0.0,0.0,0.0,0.0,0.0,0.0,0.0,0.006406149903907753,0.3587443946188342,5.144138372837925,15.925688661114673,7.956438180653429,0.6085842408712365,4.053791315618924,2.6570606022337406,nan,nan,nan,4.056456846203764,2.6157919372610205,4.051165803108808,2.6984640974937384,0.99869564911065,0.3992,0.01082,0.0,0.0,0.0,0.0,0.0,0.0,0.0,0.0,0.0,0.0,0.025624599615631013,15.89365791159511,14.029468289557979,0.051249199231262026,0.0,0.0,0.0,0.0,0.0,0.0,0.0,0.0,0.0,0.0,0.0,0.0,0.0,0.0,0.0,0.0,nan,nan,4.053791315618924,2.6570606022337406,nan,0.3992,0.051,0.0,0.0,0.0,0.0,0.0,0.0,0.0,0.0,0.0,0.0,0.0,0.0,0.0,0.0,0.0,0.0,0.0,0.0,0.0,0.0,0.0,0.0,0.0,0.0003736920777279522,0.0,3.2030749519538757e-05,0.0020926756352765323,0.002904121289771514,0.008808456117873158,0.013730514627375614,0.009502455690796498,0.00420670510356609,0.04459748024770446,0.03109118086696562,0.05258381379457613,0.04633781763826607,0.0686846038863976,0.04235532778133675,0.06387999145846679,0.048078155028827674,0.07375613922699124,0.10845611787315823,0.05519965833867179,0.0856181934657271,0.04158658979286782,0.05251975229553705,0.06299380738842622,0.02409780055519966,0.011627162075592569,0.01660260516762759,0.014467221866325005,0.008178518043988897,0.004868673926969891,0.0007580610719624172,1.0676916506512919e-05,0.0,0.0,0.0,0.0,0.0,0.0,0.0,0.0,0.0,0.0,0.0,0.0,0.0,0.0,0.0,0.0,0.0,0.0,0.0,0.0,0.0,0.0,0.0,0.0,0.0,0.0,0.0,0.0,0.0,0.0,0.0,0.0,0.0,0.0,0.0,0.0,0.0,0.0,0.0,0.0,0.0,0.0,0.0,0.0,0.0,0.0,nan,nan,4.053791315618924,2.6570606022337406,nan,0.91993716238522,0.02283065577974377,0.0,0.0,0.0,0.0,0.0,0.0,0.0,0.0,0.0,0.0,0.0,0.0,0.0,0.0,0.0,0.0,0.0,0.0,0.0,0.0,0.0,0.0,0.0,0.0,0.01264755480607083,0.39207419898819573,5.33726812816189,15.910623946037102,7.816188870151772,0.5311973018549748,0.9210938700913661,0.023223286662799193,0.0,0.0,0.0,0.0,0.0,0.0,0.0,0.0,0.0,0.0,0.0,0.0,0.0,0.0,0.0,0.0,0.0,0.0,0.0,0.0,0.0,0.0,0.0,0.0,0.0,0.32453483340545225,4.945910861099092,15.941151016875814,8.100389441800088,0.6880138468195588,0.3992,0.01065,0.0,0.0,0.0,0.0,0.0,0.0,0.0,0.0,0.0,0.0,0.01264755480607083,16.13827993254635,13.823777403035416,0.02529510961214166,0.0,0.0,0.0,0.0,0.0,0.0,0.0,0.0,0.0,0.0,0.0,0.0,0.0,0.0,0.0,0.0,0.3994,0.01098,0.0,0.0,0.0,0.0,0.0,0.0,0.0,0.0,0.0,0.0,0.03894418000865427,15.642578970142774,14.240588489831245,0.07788836001730853,0.0,0.0,0.0,0.0,0.0,0.0,0.0,0.0,0.0,0.0,0.0,0.0,0.0,0.0,0.0,0.0
49700,4278,2220,0.5189340813464236,1025,921,0.45488546049555867,1253,0.5857877512856475,0.39399999999999996,2.9212827988338192,3.004956046646845,6.351590106007067,2.1362732852566877,9431.479057032728,1519.8034978487099,7853.0,10921.38383281231,10894.771804498203,7.039546651587706,7853.0,0.0,27.857877512856476,20.68297168675692,32.76878130217028,18.914157906166924,0.1383824216923796,0.09841047218326321,0.09069658719027583,0.09326788218793829,0.08041140719962599,0.07433380084151472,0.07223001402524544,0.06404862085086489,0.05703599812996728,0.050724637681159424,0.05049088359046283,0.04067321178120617,0.028985507246376812,0.028751753155680224,0.015661524076671342,0.009350163627863487,0.0065451145395044414,0.9212806792864459,0.023066910976394926,0.0,0.0,0.0,0.0,0.0,0.0,0.0,0.0,0.0,0.0,0.0,0.0,0.0,0.0,0.0,0.0,0.0,0.0,0.0,0.0,0.0,0.0,0.0,0.0,0.0,0.21739130434782614,5.105189340813465,15.441795231416553,8.555399719495092,0.6802244039270688,4.220905172413793,2.8229065658490144,nan,nan,nan,4.261715933669791,2.83250230323315,4.180386542591267,2.812761412811668,0.9809162805911162,0.3987,0.01072,0.0,0.0,0.0,0.0,0.0,0.0,0.0,0.0,0.0,0.0,0.02103786816269285,16.535764375876553,13.429172510518937,0.014025245441795234,0.0,0.0,0.0,0.0,0.0,0.0,0.0,0.0,0.0,0.0,0.0,0.0,0.0,0.0,0.0,0.0,nan,nan,4.220905172413793,2.8229065658490144,nan,0.3987,0.05112,0.0,0.0,0.0,0.0,0.0,0.0,0.0,0.0,0.0,0.0,0.0,0.0,0.0,0.0,0.0,0.0,0.0,0.0,0.0,0.0,0.0,0.0,0.0,0.00022206638616175783,0.0,5.84385226741468e-05,0.0024193548387096775,0.0026531089294062646,0.00857877512856475,0.014995324918186068,0.007597007947639084,0.005072463768115942,0.04433146330060776,0.031428237494156144,0.05590229079008883,0.051063581112669475,0.06944834034595605,0.04135109864422627,0.0634525479195886,0.04831697054698457,0.07061711079943898,0.10751519401589528,0.054967274427302475,0.08607994389901823,0.03889668069191211,0.051776531089294066,0.06341748480598411,0.02295465170640486,0.012003272557269752,0.017017297802711547,0.013990182328190744,0.0089177185600748,0.004476390836839645,0.00044413277232351566,2.337540906965872e-05,1.168770453482936e-05,0.0,0.0,0.0,0.0,0.0,0.0,0.0,0.0,0.0,0.0,0.0,0.0,0.0,0.0,0.0,0.0,0.0,0.0,0.0,0.0,0.0,0.0,0.0,0.0,0.0,0.0,0.0,0.0,0.0,0.0,0.0,0.0,0.0,0.0,0.0,0.0,0.0,0.0,0.0,0.0,0.0,0.0,0.0,0.0,0.0,nan,nan,4.220905172413793,2.8229065658490144,nan,0.9215922570711857,0.02302571137700559,0.0,0.0,0.0,0.0,0.0,0.0,0.0,0.0,0.0,0.0,0.0,0.0,0.0,0.0,0.0,0.0,0.0,0.0,0.0,0.0,0.0,0.0,0.0,0.0,0.0,0.22972972972972977,4.972972972972974,15.405405405405409,8.689189189189191,0.7027027027027029,0.9209445749705456,0.023106561288809765,0.0,0.0,0.0,0.0,0.0,0.0,0.0,0.0,0.0,0.0,0.0,0.0,0.0,0.0,0.0,0.0,0.0,0.0,0.0,0.0,0.0,0.0,0.0,0.0,0.0,0.20408163265306128,5.2478134110787185,15.48104956268222,8.411078717201168,0.6559766763848398,0.399,0.01066,0.0,0.0,0.0,0.0,0.0,0.0,0.0,0.0,0.0,0.0,0.013513513513513516,16.35135135135133,13.60810810810811,0.027027027027027032,0.0,0.0,0.0,0.0,0.0,0.0,0.0,0.0,0.0,0.0,0.0,0.0,0.0,0.0,0.0,0.0,0.3984,0.01078,0.0,0.0,0.0,0.0,0.0,0.0,0.0,0.0,0.0,0.0,0.029154518950437323,16.734693877550995,13.236151603498547,0.0,0.0,0.0,0.0,0.0,0.0,0.0,0.0,0.0,0.0,0.0,0.0,0.0,0.0,0.0,0.0,0.0
49800,3952,2055,0.5199898785425101,987,805,0.4534412955465587,1123,0.5683198380566802,0.41,2.9894570374275173,3.1115095012310685,6.5661764705882355,2.1046244805552012,9434.403109279314,1519.402259569971,7853.0,10920.999567747116,10894.219020862214,7.044547264403776,7853.0,0.0,28.556174089068826,20.839634515483322,33.35336322869955,19.043811691099602,0.13107287449392713,0.09488866396761134,0.09008097165991903,0.0931174089068826,0.08173076923076923,0.06907894736842106,0.07413967611336032,0.061993927125506075,0.062246963562753034,0.05313765182186235,0.04807692307692308,0.04149797570850203,0.0354251012145749,0.024544534412955465,0.022267206477732792,0.012651821862348178,0.004048582995951417,0.9202972450387864,0.02291273071896265,0.0,0.0,0.0,0.0,0.0,0.0,0.0,0.0,0.0,0.0,0.0,0.0,0.0,0.0,0.0,0.0,0.0,0.0,0.0,0.0,0.0,0.0,0.0,0.0,0.0,0.3036437246963563,5.21508097165992,16.0172064777328,7.7656882591093135,0.6983805668016195,4.18848368522073,2.9137607539912507,nan,nan,nan,4.2719502719502715,2.9161844296399964,4.106980273141123,2.909082081954745,0.9613829777251047,0.3982,0.010994,0.0,0.0,0.0,0.0,0.0,0.0,0.0,0.0,0.0,0.0,0.03795546558704454,16.806680161943294,13.14018218623482,0.015182186234817817,0.0,0.0,0.0,0.0,0.0,0.0,0.0,0.0,0.0,0.0,0.0,0.0,0.0,0.0,0.0,0.0,nan,nan,4.18848368522073,2.9137607539912507,nan,0.3982,0.05106,0.0,0.0,0.0,0.0,0.0,0.0,0.0,0.0,0.0,0.0,0.0,0.0,0.0,0.0,0.0,0.0,0.0,0.0,0.0,0.0,0.0,0.0,0.0,0.0003415991902834008,0.0,5.060728744939271e-05,0.002909919028340081,0.0027454453441295547,0.007806174089068826,0.015637651821862348,0.007072368421052632,0.005313765182186235,0.042801113360323884,0.03018724696356275,0.05742661943319838,0.052492408906882594,0.0719003036437247,0.042459514170040485,0.06289220647773279,0.050101214574898786,0.06921811740890688,0.10789473684210527,0.05640182186234818,0.08590587044534413,0.036146255060728744,0.051644736842105264,0.06233552631578947,0.021761133603238867,0.01228491902834008,0.01611842105263158,0.014321862348178137,0.00867914979757085,0.0045926113360323885,0.0003289473684210526,0.00010121457489878542,0.00010121457489878542,2.5303643724696355e-05,0.0,0.0,0.0,0.0,0.0,0.0,0.0,0.0,0.0,0.0,0.0,0.0,0.0,0.0,0.0,0.0,0.0,0.0,0.0,0.0,0.0,0.0,0.0,0.0,0.0,0.0,0.0,0.0,0.0,0.0,0.0,0.0,0.0,0.0,0.0,0.0,0.0,0.0,0.0,0.0,0.0,0.0,0.0,0.0,nan,nan,4.18848368522073,2.9137607539912507,nan,0.920419913457838,0.023003490688031362,0.0,0.0,0.0,0.0,0.0,0.0,0.0,0.0,0.0,0.0,0.0,0.0,0.0,0.0,0.0,0.0,0.0,0.0,0.0,0.0,0.0,0.0,0.0,0.0,0.0,0.24817518248175188,5.386861313868614,15.824817518248178,7.766423357664236,0.7737226277372266,0.9201643596401828,0.022813259703346665,0.0,0.0,0.0,0.0,0.0,0.0,0.0,0.0,0.0,0.0,0.0,0.0,0.0,0.0,0.0,0.0,0.0,0.0,0.0,0.0,0.0,0.0,0.0,0.0,0.0,0.363732208750659,5.0289931470743285,16.225619399051137,7.764891934633634,0.6167633104902479,0.398,0.011185,0.0,0.0,0.0,0.0,0.0,0.0,0.0,0.0,0.0,0.0,0.02919708029197081,16.846715328467127,13.109489051094894,0.014598540145985404,0.0,0.0,0.0,0.0,0.0,0.0,0.0,0.0,0.0,0.0,0.0,0.0,0.0,0.0,0.0,0.0,0.3984,0.01077,0.0,0.0,0.0,0.0,0.0,0.0,0.0,0.0,0.0,0.0,0.04744333157617291,16.763310490247736,13.173431734317347,0.015814443858724304,0.0,0.0,0.0,0.0,0.0,0.0,0.0,0.0,0.0,0.0,0.0,0.0,0.0,0.0,0.0,0.0
49900,4048,2135,0.5274209486166008,1024,809,0.45281620553359686,1127,0.5568181818181818,0.41,3.0287506534239417,3.1439932451239607,6.733583489681051,2.1273563717288386,9457.233352133127,1518.547968603299,7853.0,10918.325876057148,10894.656491538595,6.992948752533706,7853.0,0.0,28.114624505928855,20.758878370064092,32.90877192982456,19.00876634363862,0.13611660079051383,0.09362648221343874,0.0958498023715415,0.08942687747035573,0.0832509881422925,0.07583992094861661,0.06324110671936758,0.06867588932806325,0.060029644268774704,0.05533596837944664,0.04718379446640316,0.03458498023715415,0.03458498023715415,0.02766798418972332,0.018527667984189724,0.009140316205533596,0.00691699604743083,0.9210302079678053,0.022923791169158155,0.0,0.0,0.0,0.0,0.0,0.0,0.0,0.0,0.0,0.0,0.0,0.0,0.0,0.0,0.0,0.0,0.0,0.0,0.0,0.0,0.0,0.0,0.0,0.0,0.007411067193675891,0.2445652173913044,5.165513833992096,15.76333992094862,8.129940711462453,0.6892292490118578,4.29467680608365,2.9323568866621295,nan,nan,nan,4.334367726920093,2.9112669376196245,4.256524981357196,2.951984052833415,0.9820405765114418,0.3987,0.01107,0.0,0.0,0.0,0.0,0.0,0.0,0.0,0.0,0.0,0.0,0.06669960474308302,16.75642292490116,13.169466403162058,0.007411067193675891,0.0,0.0,0.0,0.0,0.0,0.0,0.0,0.0,0.0,0.0,0.0,0.0,0.0,0.0,0.0,0.0,nan,nan,4.29467680608365,2.9323568866621295,nan,0.3987,0.05115,0.0,0.0,0.0,0.0,0.0,0.0,0.0,0.0,0.0,0.0,0.0,0.0,0.0,0.0,0.0,0.0,0.0,0.0,0.0,0.0,0.0,0.0,0.0,0.00012351778656126481,0.0,3.705533596837945e-05,0.0029767786561264824,0.0029767786561264824,0.00754693675889328,0.015155632411067193,0.007052865612648221,0.004557806324110672,0.04605978260869565,0.029483695652173913,0.05527420948616601,0.052828557312252965,0.06992341897233202,0.0430953557312253,0.0610548418972332,0.05090167984189723,0.07034337944664032,0.10868330039525692,0.05846096837944664,0.08425148221343874,0.03462203557312253,0.05306324110671937,0.060227272727272727,0.022109683794466404,0.012586462450592886,0.016761363636363637,0.014982707509881423,0.009424407114624505,0.004780138339920949,0.0002717391304347826,0.00022233201581027667,0.00016057312252964426,0.0,0.0,0.0,0.0,0.0,0.0,0.0,0.0,0.0,0.0,0.0,0.0,0.0,0.0,0.0,0.0,0.0,0.0,0.0,0.0,0.0,0.0,0.0,0.0,0.0,0.0,0.0,0.0,0.0,0.0,0.0,0.0,0.0,0.0,0.0,0.0,0.0,0.0,0.0,0.0,0.0,0.0,0.0,0.0,0.0,nan,nan,4.29467680608365,2.9323568866621295,nan,0.9214889404924469,0.022895041505587577,0.0,0.0,0.0,0.0,0.0,0.0,0.0,0.0,0.0,0.0,0.0,0.0,0.0,0.0,0.0,0.0,0.0,0.0,0.0,0.0,0.0,0.0,0.0,0.0,0.0,0.224824355971897,5.072599531615926,15.9344262295082,7.9391100702576125,0.8290398126463703,0.9205182404089398,0.022945007692500775,0.0,0.0,0.0,0.0,0.0,0.0,0.0,0.0,0.0,0.0,0.0,0.0,0.0,0.0,0.0,0.0,0.0,0.0,0.0,0.0,0.0,0.0,0.0,0.0,0.01568217459487716,0.2665969681129117,5.2692106638787255,15.57239937271302,8.342916884474649,0.5331939362258235,0.3987,0.0109,0.0,0.0,0.0,0.0,0.0,0.0,0.0,0.0,0.0,0.0,0.05620608899297425,16.875878220140493,13.067915690866514,0.0,0.0,0.0,0.0,0.0,0.0,0.0,0.0,0.0,0.0,0.0,0.0,0.0,0.0,0.0,0.0,0.0,0.3987,0.01125,0.0,0.0,0.0,0.0,0.0,0.0,0.0,0.0,0.0,0.0,0.0784108729743858,16.62310507056976,13.282801881860955,0.01568217459487716,0.0,0.0,0.0,0.0,0.0,0.0,0.0,0.0,0.0,0.0,0.0,0.0,0.0,0.0,0.0,0.0
50000,4047,2112,0.5218680504077094,969,850,0.4494687422782308,1154,0.5702989869038794,0.422,3.0015503875968994,3.1106215759147497,6.677298311444653,2.1345435995025404,9440.332602499884,1519.3711637900383,7853.0,10917.290338337421,10894.63591018799,7.0147126013205785,7853.0,0.0,27.66913763281443,20.812777951095235,32.55192703736393,19.137450402485488,0.13862120088954782,0.10056832221398566,0.09735606622189276,0.08895478131949593,0.08401284902396837,0.07462317766246603,0.07017543859649122,0.05584383493946133,0.06375092661230541,0.04670126019273536,0.046948356807511735,0.03978255497899679,0.029651593773165306,0.02841611069928342,0.01704966641957005,0.010625154435384235,0.006918705213738572,0.9216514247006359,0.02320022103680239,0.0,0.0,0.0,0.0,0.0,0.0,0.0,0.0,0.0,0.0,0.0,0.0,0.0,0.0,0.0,0.0,0.0,0.0,0.0,0.0,0.0,0.0,0.0,0.0,0.0,0.2372127501853225,4.929577464788733,15.656041512231287,8.354336545589327,0.8228317272053375,4.330130668716372,2.9100938699444083,nan,nan,nan,4.266209000762776,2.8990244102891176,4.3968992248062015,2.920229840813509,1.0306338072091776,0.3987,0.01084,0.0,0.0,0.0,0.0,0.0,0.0,0.0,0.0,0.0,0.0,0.04447739065974797,16.478873239436595,13.454410674573761,0.022238695329873985,0.0,0.0,0.0,0.0,0.0,0.0,0.0,0.0,0.0,0.0,0.0,0.0,0.0,0.0,0.0,0.0,nan,nan,4.330130668716372,2.9100938699444083,nan,0.3987,0.0513,0.0,0.0,0.0,0.0,0.0,0.0,0.0,0.0,0.0,0.0,0.0,0.0,0.0,0.0,0.0,0.0,0.0,0.0,0.0,0.0,0.0,0.0,0.0,0.00013590313812700765,0.0,0.0,0.00286632073140598,0.0034964170990857426,0.00793180133432172,0.012984927106498642,0.006931060044477391,0.004904867803311095,0.045502841611069926,0.029787496911292316,0.057066963182604395,0.05431183592784779,0.07033605139609587,0.04153694094390907,0.06284902396837164,0.05107487027427724,0.06891524586113171,0.10544848035581912,0.05812947862614282,0.08805287867556215,0.03477884852977514,0.05180380528786756,0.05768470471954534,0.021509760316283665,0.012181863108475414,0.018235730170496664,0.015295280454657771,0.011045218680504077,0.003978255497899679,0.00045712873733629847,0.0007042253521126761,6.177415369409439e-05,0.0,0.0,0.0,0.0,0.0,0.0,0.0,0.0,0.0,0.0,0.0,0.0,0.0,0.0,0.0,0.0,0.0,0.0,0.0,0.0,0.0,0.0,0.0,0.0,0.0,0.0,0.0,0.0,0.0,0.0,0.0,0.0,0.0,0.0,0.0,0.0,0.0,0.0,0.0,0.0,0.0,0.0,0.0,0.0,0.0,nan,nan,4.330130668716372,2.9100938699444083,nan,0.92127839458937,0.022896759986556343,0.0,0.0,0.0,0.0,0.0,0.0,0.0,0.0,0.0,0.0,0.0,0.0,0.0,0.0,0.0,0.0,0.0,0.0,0.0,0.0,0.0,0.0,0.0,0.0,0.0,0.17045454545454547,5.0568181818181825,15.85227272727273,8.125000000000002,0.7954545454545456,0.9220585769461107,0.023520221561413982,0.0,0.0,0.0,0.0,0.0,0.0,0.0,0.0,0.0,0.0,0.0,0.0,0.0,0.0,0.0,0.0,0.0,0.0,0.0,0.0,0.0,0.0,0.0,0.0,0.0,0.310077519379845,4.790697674418605,15.441860465116283,8.604651162790699,0.8527131782945738,0.3987,0.010765,0.0,0.0,0.0,0.0,0.0,0.0,0.0,0.0,0.0,0.0,0.04261363636363637,16.377840909090885,13.551136363636367,0.028409090909090915,0.0,0.0,0.0,0.0,0.0,0.0,0.0,0.0,0.0,0.0,0.0,0.0,0.0,0.0,0.0,0.0,0.3987,0.01093,0.0,0.0,0.0,0.0,0.0,0.0,0.0,0.0,0.0,0.0,0.04651162790697675,16.58914728682168,13.34883720930233,0.015503875968992251,0.0,0.0,0.0,0.0,0.0,0.0,0.0,0.0,0.0,0.0,0.0,0.0,0.0,0.0,0.0,0.0
50100,4091,2154,0.5265216328526032,1047,794,0.4500122219506233,1122,0.5485211439745783,0.41,3.045431078988126,3.1643994509067337,6.6300884955752215,2.1417421143088005,9454.475673699402,1518.6745638123944,7853.0,10919.146298646927,10894.614197355735,6.975377290135272,7853.0,0.0,28.2639941334637,20.857625682040588,33.100521436848204,19.11032583735587,0.13321926179418236,0.10095331214861893,0.08922023955023221,0.09239794671229529,0.07577609386458078,0.07675384991444635,0.070887313615253,0.06722072842825715,0.05622097286726962,0.049865558543143486,0.049865558543143486,0.03642141285749206,0.03788804693229039,0.029332681495966757,0.017355169885113663,0.010999755560987534,0.005622097286726962,0.9209760501343357,0.022959916234820913,0.0,0.0,0.0,0.0,0.0,0.0,0.0,0.0,0.0,0.0,0.0,0.0,0.0,0.0,0.0,0.0,0.0,0.0,0.0,0.0,0.0,0.0,0.0,0.0,0.0,0.24932779271571748,5.257883158152042,15.502322170618434,8.264483011488636,0.7259838670251774,4.2701991732431415,2.9673613985259575,nan,nan,nan,4.281531531531532,2.949706769627032,4.2620481927710845,2.983741994012566,0.9954494463915631,0.3987,0.01063,0.0,0.0,0.0,0.0,0.0,0.0,0.0,0.0,0.0,0.0,0.03666585186995845,16.726961623075017,13.22903935468101,0.007333170373991691,0.0,0.0,0.0,0.0,0.0,0.0,0.0,0.0,0.0,0.0,0.0,0.0,0.0,0.0,0.0,0.0,nan,nan,4.2701991732431415,2.9673613985259575,nan,0.3987,0.05182,0.0,0.0,0.0,0.0,0.0,0.0,0.0,0.0,0.0,0.0,0.0,0.0,0.0,0.0,0.0,0.0,0.0,0.0,0.0,0.0,0.0,0.0,0.0,4.8887802493277926e-05,1.2221950623319482e-05,0.0,0.003373258372036177,0.003923246150085553,0.007663163040821315,0.01437301393302371,0.006526521632852603,0.0052921046198973355,0.046345636763627476,0.029589342459056464,0.05793204595453434,0.05546321192862381,0.06942067954045465,0.04019799560009778,0.059899780004888784,0.04985333659252016,0.07055732094842337,0.10534099242239062,0.05701539965778538,0.08655585431434858,0.035578098264483014,0.05046443412368614,0.058579809337570274,0.02289171351747739,0.011464189684673673,0.019420679540454656,0.01602297726717184,0.010865314104131019,0.003703251038865803,0.0006110975311659741,0.0009899780004888781,0.0,2.4443901246638963e-05,0.0,0.0,0.0,0.0,0.0,0.0,0.0,0.0,0.0,0.0,0.0,0.0,0.0,0.0,0.0,0.0,0.0,0.0,0.0,0.0,0.0,0.0,0.0,0.0,0.0,0.0,0.0,0.0,0.0,0.0,0.0,0.0,0.0,0.0,0.0,0.0,0.0,0.0,0.0,0.0,0.0,0.0,0.0,0.0,nan,nan,4.2701991732431415,2.9673613985259575,nan,0.9212984178170299,0.02279993053779417,0.0,0.0,0.0,0.0,0.0,0.0,0.0,0.0,0.0,0.0,0.0,0.0,0.0,0.0,0.0,0.0,0.0,0.0,0.0,0.0,0.0,0.0,0.0,0.0,0.0,0.23676880222841232,5.194986072423399,15.236768802228415,8.690807799442899,0.6406685236768803,0.9206175679513088,0.02313125065249128,0.0,0.0,0.0,0.0,0.0,0.0,0.0,0.0,0.0,0.0,0.0,0.0,0.0,0.0,0.0,0.0,0.0,0.0,0.0,0.0,0.0,0.0,0.0,0.0,0.0,0.26329375322663917,5.327826535880228,15.797625193598352,7.790397521941148,0.8208569953536399,0.3987,0.01069,0.0,0.0,0.0,0.0,0.0,0.0,0.0,0.0,0.0,0.0,0.013927576601671312,16.810584958217248,13.175487465181062,0.0,0.0,0.0,0.0,0.0,0.0,0.0,0.0,0.0,0.0,0.0,0.0,0.0,0.0,0.0,0.0,0.0,0.3987,0.01055,0.0,0.0,0.0,0.0,0.0,0.0,0.0,0.0,0.0,0.0,0.06195147134744452,16.633970056788826,13.288590604026849,0.01548786783686113,0.0,0.0,0.0,0.0,0.0,0.0,0.0,0.0,0.0,0.0,0.0,0.0,0.0,0.0,0.0,0.0
50200,4087,2070,0.5064839735747492,974,840,0.44384634206019086,1159,0.5671641791044776,0.40599999999999997,2.9325731284085275,3.0634368748351792,6.551351351351351,2.0765904515766356,9393.380730215336,1520.5415911357302,7853.0,10919.525957286358,10894.32176057492,7.177188234552351,7853.0,0.0,27.494250061169563,20.559316482311083,32.27529069767442,18.898491847275576,0.13261561047222903,0.1088818204061659,0.09444580376804503,0.09028627355028138,0.08319060435527281,0.07731832640078297,0.06802055297284071,0.06386102275507707,0.05554196231954979,0.054807927575238564,0.045510154147296304,0.03719109371176903,0.030829459261071692,0.025935894298996818,0.01712747736726205,0.009053095179838513,0.005382921458282359,0.9204116985037766,0.023189770428614306,0.0,0.0,0.0,0.0,0.0,0.0,0.0,0.0,0.0,0.0,0.0,0.0,0.0,0.0,0.0,0.0,0.0,0.0,0.0,0.0,0.0,0.0,0.0,0.0,0.0,0.26425250795204314,5.534621972106681,15.510154147296308,7.927575238561293,0.7633961340836802,4.2398622800306045,2.829009085604868,nan,nan,nan,4.184049079754601,2.8303011260021163,4.293353705118411,2.826718556512932,1.026124126003374,0.3987,0.01097,0.0,0.0,0.0,0.0,0.0,0.0,0.0,0.0,0.0,0.0,0.044042084658673854,16.567164179104452,13.366772693907516,0.022021042329336927,0.0,0.0,0.0,0.0,0.0,0.0,0.0,0.0,0.0,0.0,0.0,0.0,0.0,0.0,0.0,0.0,nan,nan,4.2398622800306045,2.829009085604868,nan,0.3987,0.05194,0.0,0.0,0.0,0.0,0.0,0.0,0.0,0.0,0.0,0.0,0.0,0.0,0.0,0.0,0.0,0.0,0.0,0.0,0.0,0.0,0.0,0.0,0.0,3.670173721556154e-05,2.4467824810374356e-05,0.0,0.004098360655737705,0.003572302422314656,0.007181306581844874,0.01499877660875948,0.0064839735747492045,0.0047100562759970635,0.04681918277465133,0.030780523611450943,0.05609248837778322,0.056300464888671395,0.06581844873990703,0.041754343038903845,0.05924883777832151,0.0495228774161977,0.07402740396378762,0.10451431367751407,0.05411059456814289,0.08513579642769757,0.03522143381453389,0.053486665035478345,0.05775630046488867,0.024675801321262538,0.01322485931000734,0.020320528505015905,0.014289209689258625,0.009615855150477123,0.004098360655737705,0.0008319060435527281,0.0011499877660875947,4.893564962074871e-05,1.2233912405187178e-05,3.670173721556154e-05,0.0,0.0,0.0,0.0,0.0,0.0,0.0,0.0,0.0,0.0,0.0,0.0,0.0,0.0,0.0,0.0,0.0,0.0,0.0,0.0,0.0,0.0,0.0,0.0,0.0,0.0,0.0,0.0,0.0,0.0,0.0,0.0,0.0,0.0,0.0,0.0,0.0,0.0,0.0,0.0,0.0,0.0,0.0,nan,nan,4.2398622800306045,2.829009085604868,nan,0.920114755342548,0.023223274472605738,0.0,0.0,0.0,0.0,0.0,0.0,0.0,0.0,0.0,0.0,0.0,0.0,0.0,0.0,0.0,0.0,0.0,0.0,0.0,0.0,0.0,0.0,0.0,0.0,0.0,0.33333333333333337,5.46376811594203,15.652173913043482,7.869565217391306,0.6811594202898552,0.9207164443360737,0.023151375872357754,0.0,0.0,0.0,0.0,0.0,0.0,0.0,0.0,0.0,0.0,0.0,0.0,0.0,0.0,0.0,0.0,0.0,0.0,0.0,0.0,0.0,0.0,0.0,0.0,0.0,0.19335647000495793,5.607337630143779,15.36440257808627,7.987109568666338,0.8477937530986616,0.3987,0.010994,0.0,0.0,0.0,0.0,0.0,0.0,0.0,0.0,0.0,0.0,0.02898550724637682,16.449275362318815,13.507246376811597,0.01449275362318841,0.0,0.0,0.0,0.0,0.0,0.0,0.0,0.0,0.0,0.0,0.0,0.0,0.0,0.0,0.0,0.0,0.3987,0.01095,0.0,0.0,0.0,0.0,0.0,0.0,0.0,0.0,0.0,0.0,0.05949429846306397,16.688150718889414,13.222607833415967,0.029747149231531985,0.0,0.0,0.0,0.0,0.0,0.0,0.0,0.0,0.0,0.0,0.0,0.0,0.0,0.0,0.0,0.0
50300,4176,2106,0.5043103448275862,1024,880,0.4559386973180077,1208,0.578544061302682,0.41,2.978743961352657,3.037691146988535,6.332797427652733,2.2115274335150183,9386.652460373723,1520.4958082949895,7853.0,10918.915746212006,10894.088639373538,6.941265841212625,7853.0,0.0,28.298850574712645,20.895957798547265,33.091423719218795,19.14035242352879,0.1331417624521073,0.09578544061302682,0.09626436781609195,0.08668582375478927,0.08045977011494253,0.07758620689655173,0.06417624521072797,0.06513409961685823,0.06321839080459771,0.05411877394636015,0.04669540229885057,0.03639846743295019,0.03568007662835249,0.02825670498084291,0.019875478927203066,0.010296934865900383,0.006226053639846743,0.9199763891711774,0.022715280598755182,0.0,0.0,0.0,0.0,0.0,0.0,0.0,0.0,0.0,0.0,0.0,0.0,0.0,0.0,0.0,0.0,0.0,0.0,0.0,0.0,0.0,0.0,0.0,0.0,0.0,0.23706896551724144,5.560344827586208,15.955459770114945,7.629310344827588,0.6178160919540231,4.2490882567469,2.8591333632510976,nan,nan,nan,4.300582241630276,2.8790337229240874,4.197368421052632,2.83806500239744,0.9760000356280787,0.3987,0.01093,0.0,0.0,0.0,0.0,0.0,0.0,0.0,0.0,0.0,0.0,0.04310344827586208,16.3362068965517,13.61350574712644,0.007183908045977013,0.0,0.0,0.0,0.0,0.0,0.0,0.0,0.0,0.0,0.0,0.0,0.0,0.0,0.0,0.0,0.0,nan,nan,4.2490882567469,2.8591333632510976,nan,0.3987,0.05194,0.0,0.0,0.0,0.0,0.0,0.0,0.0,0.0,0.0,0.0,0.0,0.0,0.0,0.0,0.0,0.0,0.0,0.0,0.0,0.0,0.0,0.0,0.0,7.183908045977011e-05,2.3946360153256706e-05,0.0,0.004705459770114943,0.003292624521072797,0.007531130268199234,0.013409961685823755,0.008141762452107279,0.006369731800766283,0.04335488505747127,0.03037595785440613,0.05328065134099617,0.05790229885057471,0.06894157088122606,0.04339080459770115,0.061793582375478925,0.04709051724137931,0.07504789272030651,0.10550766283524904,0.05113745210727969,0.08414750957854406,0.03475814176245211,0.0524066091954023,0.05653735632183908,0.028568007662835248,0.011602011494252874,0.02062978927203065,0.0133022030651341,0.011326628352490422,0.0036159003831417623,0.0007782567049808429,0.0008979885057471264,5.986590038314176e-05,0.0,0.0,0.0,0.0,0.0,0.0,0.0,0.0,0.0,0.0,0.0,0.0,0.0,0.0,0.0,0.0,0.0,0.0,0.0,0.0,0.0,0.0,0.0,0.0,0.0,0.0,0.0,0.0,0.0,0.0,0.0,0.0,0.0,0.0,0.0,0.0,0.0,0.0,0.0,0.0,0.0,0.0,0.0,0.0,0.0,nan,nan,4.2490882567469,2.8591333632510976,nan,0.9195467565077775,0.022838420744654322,0.0,0.0,0.0,0.0,0.0,0.0,0.0,0.0,0.0,0.0,0.0,0.0,0.0,0.0,0.0,0.0,0.0,0.0,0.0,0.0,0.0,0.0,0.0,0.0,0.0,0.28490028490028496,5.66951566951567,15.968660968660972,7.57834757834758,0.4985754985754987,0.9204134937069842,0.022580922748007378,0.0,0.0,0.0,0.0,0.0,0.0,0.0,0.0,0.0,0.0,0.0,0.0,0.0,0.0,0.0,0.0,0.0,0.0,0.0,0.0,0.0,0.0,0.0,0.0,0.0,0.18840579710144933,5.449275362318842,15.94202898550725,7.681159420289857,0.7391304347826088,0.3984,0.01087,0.0,0.0,0.0,0.0,0.0,0.0,0.0,0.0,0.0,0.0,0.07122507122507124,16.45299145299143,13.47578347578348,0.0,0.0,0.0,0.0,0.0,0.0,0.0,0.0,0.0,0.0,0.0,0.0,0.0,0.0,0.0,0.0,0.0,0.3987,0.01099,0.0,0.0,0.0,0.0,0.0,0.0,0.0,0.0,0.0,0.0,0.01449275362318841,16.217391304347803,13.7536231884058,0.01449275362318841,0.0,0.0,0.0,0.0,0.0,0.0,0.0,0.0,0.0,0.0,0.0,0.0,0.0,0.0,0.0,0.0
50400,4199,2162,0.514884496308645,1022,828,0.4405810907358895,1181,0.5625148844963086,0.41,2.9572901325478647,3.175699664038866,6.682842287694974,2.2173727715600213,9418.764612261739,1519.835039651412,7853.0,10915.878278970718,10894.00166831038,6.908023474367439,7853.0,0.0,28.07501786139557,21.053687761699834,33.22247575584712,19.228016532369967,0.14360562038580615,0.09811859966658729,0.09359371278875923,0.08644915456060967,0.08144796380090498,0.07216003810431056,0.06311026434865444,0.06144320076208621,0.05525125029768992,0.053822338652060014,0.05191712312455347,0.0447725648964039,0.03143605620385806,0.025958561562276734,0.019766611097880447,0.010716837342224339,0.006430102405334604,0.9196759645187675,0.02286035763674954,0.0,0.0,0.0,0.0,0.0,0.0,0.0,0.0,0.0,0.0,0.0,0.0,0.0,0.0,0.0,0.0,0.0,0.0,0.0,0.0,0.0,0.0,0.0,0.0,0.007144558228149561,0.3715170278637772,5.437008811621816,15.668016194331987,8.001905215527508,0.5144081924267684,4.284714548802946,2.98090396598569,nan,nan,nan,4.2956909361069835,3.010422090755585,4.2739225712198685,2.9515541752642385,0.9949325113908584,0.398,0.01084,0.0,0.0,0.0,0.0,0.0,0.0,0.0,0.0,0.0,0.0,0.0928792569659443,17.28983091212191,12.617289830912126,0.0,0.0,0.0,0.0,0.0,0.0,0.0,0.0,0.0,0.0,0.0,0.0,0.0,0.0,0.0,0.0,0.0,nan,nan,4.284714548802946,2.98090396598569,nan,0.398,0.0521,0.0,0.0,0.0,0.0,0.0,0.0,0.0,0.0,0.0,0.0,0.0,0.0,0.0,0.0,0.0,0.0,0.0,0.0,0.0,0.0,0.0,0.0,0.0,0.0,1.1907597046915933e-05,0.0,0.0048344844010478685,0.004358180519171231,0.008323410335794236,0.012872112407716123,0.008382948321028816,0.006465825196475351,0.0434984520123839,0.03188854489164087,0.054048582995951416,0.062181471778994996,0.06836151464634437,0.0429030721600381,0.05931174089068826,0.047058823529411764,0.07281495594189093,0.10558466301500358,0.05266730173850917,0.08484162895927602,0.032436294355799,0.05325077399380805,0.05690640628721124,0.026327697070731126,0.011347939985710884,0.020135746606334843,0.01355084543939033,0.010681114551083592,0.0035603715170278638,0.0007501786139557038,0.0005596570612050488,8.335317932841152e-05,0.0,0.0,0.0,0.0,0.0,0.0,0.0,0.0,0.0,0.0,0.0,0.0,0.0,0.0,0.0,0.0,0.0,0.0,0.0,0.0,0.0,0.0,0.0,0.0,0.0,0.0,0.0,0.0,0.0,0.0,0.0,0.0,0.0,0.0,0.0,0.0,0.0,0.0,0.0,0.0,0.0,0.0,0.0,0.0,0.0,nan,nan,4.284714548802946,2.98090396598569,nan,0.9199011528469918,0.022731605863253124,0.0,0.0,0.0,0.0,0.0,0.0,0.0,0.0,0.0,0.0,0.0,0.0,0.0,0.0,0.0,0.0,0.0,0.0,0.0,0.0,0.0,0.0,0.0,0.0,0.0,0.33302497687326554,5.411655874190565,15.901942645698432,7.881591119333952,0.4717853839037929,0.9194369575646091,0.02299380928564327,0.0,0.0,0.0,0.0,0.0,0.0,0.0,0.0,0.0,0.0,0.0,0.0,0.0,0.0,0.0,0.0,0.0,0.0,0.0,0.0,0.0,0.0,0.0,0.0,0.01472754050073638,0.41237113402061865,5.463917525773197,15.41973490427099,8.129602356406481,0.5596465390279824,0.3977,0.010994,0.0,0.0,0.0,0.0,0.0,0.0,0.0,0.0,0.0,0.0,0.08325624421831639,17.234042553191465,12.682701202590197,0.0,0.0,0.0,0.0,0.0,0.0,0.0,0.0,0.0,0.0,0.0,0.0,0.0,0.0,0.0,0.0,0.0,0.398,0.01067,0.0,0.0,0.0,0.0,0.0,0.0,0.0,0.0,0.0,0.0,0.10309278350515466,17.349042709867426,12.547864506627397,0.0,0.0,0.0,0.0,0.0,0.0,0.0,0.0,0.0,0.0,0.0,0.0,0.0,0.0,0.0,0.0,0.0
50500,4271,2184,0.5113556544134863,993,893,0.441582767501756,1226,0.5741044251931632,0.418,2.9765213224724483,3.091160058200646,6.5785837651122625,2.1203734309094524,9407.931752157698,1520.0175034684878,7853.0,10917.440600275993,10893.802890780917,6.991804586620625,7853.0,0.0,27.4081011472723,20.64305511750811,32.42917251051893,18.90407887343335,0.14212128307188013,0.10442519316319362,0.09435729337391711,0.0887380004682744,0.08007492390540857,0.07351908218215875,0.07188012175134628,0.05900257550924842,0.05900257550924842,0.05431983142121283,0.048232264106766565,0.03324748302505268,0.03324748302505268,0.02528681807539218,0.018262701943338795,0.008897213767267619,0.005385155701240927,0.919991206603652,0.022943733903784458,0.0,0.0,0.0,0.0,0.0,0.0,0.0,0.0,0.0,0.0,0.0,0.0,0.0,0.0,0.0,0.0,0.0,0.0,0.0,0.0,0.0,0.0,0.0,0.0,0.0,0.37930227113088283,5.3242800280964655,15.83235776164833,7.838913603371577,0.6251463357527512,4.362930077691454,2.834631087994658,nan,nan,nan,4.38659793814433,2.8093621205977795,4.341517857142857,2.859331437161188,0.9897232247775725,0.3977,0.0111,0.0,0.0,0.0,0.0,0.0,0.0,0.0,0.0,0.0,0.0,0.04214469679232031,17.124795129946126,12.804963708733322,0.02809646452821354,0.0,0.0,0.0,0.0,0.0,0.0,0.0,0.0,0.0,0.0,0.0,0.0,0.0,0.0,0.0,0.0,nan,nan,4.362930077691454,2.834631087994658,nan,0.3977,0.05203,0.0,0.0,0.0,0.0,0.0,0.0,0.0,0.0,0.0,0.0,0.0,0.0,0.0,0.0,0.0,0.0,0.0,0.0,0.0,0.0,0.0,0.0,0.0,0.0,8.194802154062281e-05,1.1706860220088972e-05,0.0053383282603605715,0.005022243034418169,0.007820182627019433,0.014013111683446499,0.007492390540856942,0.007117771013814095,0.039253102317958324,0.033317724186373215,0.052762819011941,0.06256146101615546,0.07135331304144228,0.04351439943807071,0.06000936548817607,0.04486068836338094,0.0746312339030672,0.09844298759072817,0.056228049637087336,0.0873800046827441,0.03178412549754156,0.05264575040974011,0.056708030906110984,0.02848279091547647,0.011437602435026926,0.020252868180753923,0.013509716693982673,0.009892296885975182,0.0031140248185436664,0.0005268087099040038,0.000421446967923203,1.1706860220088972e-05,0.0,0.0,0.0,0.0,0.0,0.0,0.0,0.0,0.0,0.0,0.0,0.0,0.0,0.0,0.0,0.0,0.0,0.0,0.0,0.0,0.0,0.0,0.0,0.0,0.0,0.0,0.0,0.0,0.0,0.0,0.0,0.0,0.0,0.0,0.0,0.0,0.0,0.0,0.0,0.0,0.0,0.0,0.0,0.0,0.0,nan,nan,4.362930077691454,2.834631087994658,nan,0.9189710447312275,0.0227253476723319,0.0,0.0,0.0,0.0,0.0,0.0,0.0,0.0,0.0,0.0,0.0,0.0,0.0,0.0,0.0,0.0,0.0,0.0,0.0,0.0,0.0,0.0,0.0,0.0,0.0,0.3846153846153847,5.5357142857142865,16.250000000000004,7.266483516483518,0.5631868131868133,0.9210587837619535,0.02312191929344444,0.0,0.0,0.0,0.0,0.0,0.0,0.0,0.0,0.0,0.0,0.0,0.0,0.0,0.0,0.0,0.0,0.0,0.0,0.0,0.0,0.0,0.0,0.0,0.0,0.0,0.3737422137038813,5.103018687110686,15.395304264494493,8.437949209391473,0.689985625299473,0.398,0.01131,0.0,0.0,0.0,0.0,0.0,0.0,0.0,0.0,0.0,0.0,0.05494505494505496,16.717032967032942,13.228021978021982,0.0,0.0,0.0,0.0,0.0,0.0,0.0,0.0,0.0,0.0,0.0,0.0,0.0,0.0,0.0,0.0,0.0,0.3975,0.010864,0.0,0.0,0.0,0.0,0.0,0.0,0.0,0.0,0.0,0.0,0.028749401054144714,17.551509343555317,12.362242453282226,0.05749880210828943,0.0,0.0,0.0,0.0,0.0,0.0,0.0,0.0,0.0,0.0,0.0,0.0,0.0,0.0,0.0,0.0
50600,4302,2195,0.5102278010227801,1061,877,0.4504881450488145,1232,0.5727568572756857,0.41,2.9159943046986236,3.017441074303209,6.354304635761589,2.0450954121862863,9404.701121912813,1520.2867952280658,7853.0,10917.617939412594,10894.192813881058,7.139866686345028,7853.0,0.0,27.96885169688517,20.556234320497204,32.709535586699644,18.79225003763767,0.13598326359832635,0.09669920966992096,0.09507205950720594,0.08786610878661087,0.07763830776383078,0.07182705718270571,0.07740585774058577,0.06508600650860065,0.05834495583449558,0.06415620641562064,0.04370060437006044,0.03812180381218038,0.0299860529986053,0.023477452347745235,0.017666201766620176,0.012552301255230125,0.004416550441655044,0.9197448771784661,0.023045930699625728,0.0,0.0,0.0,0.0,0.0,0.0,0.0,0.0,0.0,0.0,0.0,0.0,0.0,0.0,0.0,0.0,0.0,0.0,0.0,0.0,0.0,0.0,0.0,0.0,0.0,0.37656903765690386,5.488145048814506,15.80195258019526,7.712691771269179,0.6206415620641563,4.211663066954643,2.765462590475578,nan,nan,nan,4.1386281588447655,2.7807205509205293,4.284278535534817,2.7482848139284335,1.03519291202298,0.3987,0.010765,0.0,0.0,0.0,0.0,0.0,0.0,0.0,0.0,0.0,0.0,0.034867503486750356,16.610878661087842,13.340306834030686,0.013947001394700143,0.0,0.0,0.0,0.0,0.0,0.0,0.0,0.0,0.0,0.0,0.0,0.0,0.0,0.0,0.0,0.0,nan,nan,4.211663066954643,2.765462590475578,nan,0.3987,0.0516,0.0,0.0,0.0,0.0,0.0,0.0,0.0,0.0,0.0,0.0,0.0,0.0,0.0,0.0,0.0,0.0,0.0,0.0,0.0,0.0,0.0,0.0,0.0,0.0,5.811250581125058e-05,0.0,0.004741980474198048,0.004253835425383543,0.006578335657833566,0.01400511390051139,0.006764295676429568,0.0060901906090190605,0.03924918642491864,0.03236866573686657,0.05003486750348675,0.06195955369595537,0.07324500232450024,0.04135285913528591,0.06317991631799164,0.04375871687587169,0.07799860529986052,0.09368898186889818,0.05946071594607159,0.0897257089725709,0.03154346815434682,0.05313807531380753,0.05719432821943282,0.029672245467224547,0.012261738726173872,0.020165039516503953,0.012715016271501628,0.010402138540213855,0.0030567178056717806,0.0008368200836820083,0.00046490004649000463,3.486750348675035e-05,0.0,0.0,0.0,0.0,0.0,0.0,0.0,0.0,0.0,0.0,0.0,0.0,0.0,0.0,0.0,0.0,0.0,0.0,0.0,0.0,0.0,0.0,0.0,0.0,0.0,0.0,0.0,0.0,0.0,0.0,0.0,0.0,0.0,0.0,0.0,0.0,0.0,0.0,0.0,0.0,0.0,0.0,0.0,0.0,0.0,nan,nan,4.211663066954643,2.765462590475578,nan,0.9195535917760028,0.02311383353408256,0.0,0.0,0.0,0.0,0.0,0.0,0.0,0.0,0.0,0.0,0.0,0.0,0.0,0.0,0.0,0.0,0.0,0.0,0.0,0.0,0.0,0.0,0.0,0.0,0.0,0.3280182232346242,5.658314350797268,15.7995444191344,7.571753986332576,0.6423690205011391,0.919944151719713,0.022973284599593056,0.0,0.0,0.0,0.0,0.0,0.0,0.0,0.0,0.0,0.0,0.0,0.0,0.0,0.0,0.0,0.0,0.0,0.0,0.0,0.0,0.0,0.0,0.0,0.0,0.0,0.4271476032273376,5.310868533459897,15.80446131941149,7.859515899383011,0.5980066445182726,0.399,0.010796,0.0,0.0,0.0,0.0,0.0,0.0,0.0,0.0,0.0,0.0,0.027334851936218686,16.67425968109337,13.29840546697039,0.0,0.0,0.0,0.0,0.0,0.0,0.0,0.0,0.0,0.0,0.0,0.0,0.0,0.0,0.0,0.0,0.0,0.3987,0.01074,0.0,0.0,0.0,0.0,0.0,0.0,0.0,0.0,0.0,0.0,0.042714760322733754,16.544850498338846,13.383958234456577,0.028476506881822503,0.0,0.0,0.0,0.0,0.0,0.0,0.0,0.0,0.0,0.0,0.0,0.0,0.0,0.0,0.0,0.0
50700,4374,2281,0.521490626428898,1069,887,0.44718792866941015,1223,0.5592135345221765,0.414,3.018155757286192,3.1173351355693066,6.589614740368509,2.2328653768809055,9438.909679800272,1519.1574344718877,7853.0,10912.68932801485,10894.108697696794,6.9379726127854475,7853.0,0.0,28.14700502972108,20.926125180772594,33.06737299646835,19.155856357499502,0.1390032007315958,0.09670781893004116,0.09602194787379972,0.08619112940100594,0.07521719250114312,0.07247370827617741,0.07567443987197074,0.06287151348879744,0.06127114769090078,0.04869684499314129,0.04983996342021033,0.04000914494741655,0.03383630544124371,0.026520347508001828,0.018518518518518517,0.009830818472793781,0.007315957933241884,0.9195520968185368,0.022857716960724556,0.0,0.0,0.0,0.0,0.0,0.0,0.0,0.0,0.0,0.0,0.0,0.0,0.0,0.0,0.0,0.0,0.0,0.0,0.0,0.0,0.0,0.0,0.0,0.0,0.0,0.34979423868312765,5.617283950617285,15.898491083676273,7.606310013717422,0.5281207133058986,4.240255138199858,2.8886190703077,nan,nan,nan,4.248241912798875,2.899800008233508,4.232142857142857,2.8771952577154734,0.9962104192777921,0.3987,0.01112,0.0,0.0,0.0,0.0,0.0,0.0,0.0,0.0,0.0,0.0,0.041152263374485604,16.748971193415613,13.182441700960222,0.02743484224965707,0.0,0.0,0.0,0.0,0.0,0.0,0.0,0.0,0.0,0.0,0.0,0.0,0.0,0.0,0.0,0.0,nan,nan,4.240255138199858,2.8886190703077,nan,0.3987,0.05154,0.0,0.0,0.0,0.0,0.0,0.0,0.0,0.0,0.0,0.0,0.0,0.0,0.0,0.0,0.0,0.0,0.0,0.0,0.0,0.0,0.0,0.0,2.2862368541380887e-05,0.0,0.00010288065843621399,0.0,0.004983996342021033,0.004526748971193415,0.00671010516689529,0.014620484682213077,0.005704160951074531,0.006538637402834934,0.04088934613625972,0.03238454503886603,0.04601051668952903,0.06258573388203018,0.07541152263374486,0.039037494284407864,0.06420896204846822,0.04506172839506173,0.07806355738454504,0.09466163694558756,0.056744398719707365,0.09434156378600823,0.02934385002286237,0.05206904435299497,0.05698445358939186,0.029686785550983082,0.012562871513488798,0.01934156378600823,0.011899862825788752,0.01106538637402835,0.0034407864654778233,0.0008116140832190215,0.0001828989483310471,0.0,0.0,0.0,0.0,0.0,0.0,0.0,0.0,0.0,0.0,0.0,0.0,0.0,0.0,0.0,0.0,0.0,0.0,0.0,0.0,0.0,0.0,0.0,0.0,0.0,0.0,0.0,0.0,0.0,0.0,0.0,0.0,0.0,0.0,0.0,0.0,0.0,0.0,0.0,0.0,0.0,0.0,0.0,0.0,0.0,0.0,nan,nan,4.240255138199858,2.8886190703077,nan,0.9196056954592061,0.022564075237543092,0.0,0.0,0.0,0.0,0.0,0.0,0.0,0.0,0.0,0.0,0.0,0.0,0.0,0.0,0.0,0.0,0.0,0.0,0.0,0.0,0.0,0.0,0.0,0.0,0.0,0.32880315651030256,5.56334940815432,15.874616396317407,7.733450241122316,0.4997807978956599,0.9194936837753609,0.023173356537262813,0.0,0.0,0.0,0.0,0.0,0.0,0.0,0.0,0.0,0.0,0.0,0.0,0.0,0.0,0.0,0.0,0.0,0.0,0.0,0.0,0.0,0.0,0.0,0.0,0.0,0.37267080745341624,5.676063067367416,15.924510272336363,7.467749641662687,0.5590062111801243,0.3984,0.01117,0.0,0.0,0.0,0.0,0.0,0.0,0.0,0.0,0.0,0.0,0.052608505041648414,16.821569487067052,13.112669881630866,0.013152126260412103,0.0,0.0,0.0,0.0,0.0,0.0,0.0,0.0,0.0,0.0,0.0,0.0,0.0,0.0,0.0,0.0,0.3987,0.01106,0.0,0.0,0.0,0.0,0.0,0.0,0.0,0.0,0.0,0.0,0.028666985188724327,16.669851887243166,13.258480649785001,0.04300047778308649,0.0,0.0,0.0,0.0,0.0,0.0,0.0,0.0,0.0,0.0,0.0,0.0,0.0,0.0,0.0,0.0
50800,4295,2281,0.5310826542491269,1084,859,0.45238649592549474,1208,0.5625145518044238,0.41,3.067527308838133,3.1019435466546743,6.590219224283305,2.16106247349199,9467.840949229145,1517.3973099132504,7853.0,10918.591315150261,10893.658429171055,7.01616727008948,7853.0,0.0,28.09825378346915,20.650078357778515,32.70391673514106,18.96382502404985,0.13131548311990687,0.09708963911525029,0.09336437718277066,0.09289871944121071,0.08055878928987194,0.07497089639115251,0.07287543655413271,0.06682188591385332,0.056344586728754364,0.05378346915017462,0.05075669383003492,0.040046565774155995,0.02840512223515716,0.026309662398137368,0.01559953434225844,0.01140861466821886,0.007450523864959255,0.9182739144848168,0.022799993376225854,0.0,0.0,0.0,0.0,0.0,0.0,0.0,0.0,0.0,0.0,0.0,0.0,0.0,0.0,0.0,0.0,0.0,0.0,0.0,0.0,0.0,0.0,0.0,0.0,0.0,0.30034924330617,6.048894062863797,16.093131548311995,7.0197904540163,0.5378346915017463,4.2013590844062945,2.877545824095741,nan,nan,nan,4.155234657039712,2.870190945576556,4.245390070921986,2.8846739844878218,1.0216968285363945,0.3984,0.01092,0.0,0.0,0.0,0.0,0.0,0.0,0.0,0.0,0.0,0.0,0.04190919674039582,16.742724097788102,13.201396973224684,0.013969732246798606,0.0,0.0,0.0,0.0,0.0,0.0,0.0,0.0,0.0,0.0,0.0,0.0,0.0,0.0,0.0,0.0,nan,nan,4.2013590844062945,2.877545824095741,nan,0.3984,0.05124,0.0,0.0,0.0,0.0,0.0,0.0,0.0,0.0,0.0,0.0,0.0,0.0,0.0,0.0,0.0,0.0,0.0,0.0,0.0,0.0,0.0,0.0,3.492433061699651e-05,0.0,0.0,0.0,0.004586728754365541,0.003632130384167637,0.0067520372526193246,0.014679860302677532,0.0045518044237485445,0.0067171129220023286,0.04225844004656577,0.03119906868451688,0.04724097788125728,0.0630267753201397,0.07771827706635623,0.03892898719441211,0.06513387660069848,0.04508731082654249,0.07738067520372527,0.09252619324796275,0.05809080325960419,0.09585564610011642,0.029837019790454018,0.05188591385331781,0.056251455180442375,0.027846332945285216,0.011850989522700814,0.018847497089639117,0.012444703143189755,0.0109895227008149,0.003480791618160652,0.0010360884749708965,0.0001280558789289872,0.0,0.0,0.0,0.0,0.0,0.0,0.0,0.0,0.0,0.0,0.0,0.0,0.0,0.0,0.0,0.0,0.0,0.0,0.0,0.0,0.0,0.0,0.0,0.0,0.0,0.0,0.0,0.0,0.0,0.0,0.0,0.0,0.0,0.0,0.0,0.0,0.0,0.0,0.0,0.0,0.0,0.0,0.0,0.0,0.0,0.0,nan,nan,4.2013590844062945,2.877545824095741,nan,0.9180500693929556,0.022686367705981265,0.0,0.0,0.0,0.0,0.0,0.0,0.0,0.0,0.0,0.0,0.0,0.0,0.0,0.0,0.0,0.0,0.0,0.0,0.0,0.0,0.0,0.0,0.0,0.0,0.0,0.3024989039894784,5.984217448487507,16.374397194213067,6.812801402893469,0.5260850504164841,0.918527435167307,0.02292536328282883,0.0,0.0,0.0,0.0,0.0,0.0,0.0,0.0,0.0,0.0,0.0,0.0,0.0,0.0,0.0,0.0,0.0,0.0,0.0,0.0,0.0,0.0,0.0,0.0,0.0,0.297914597815293,6.1221449851042715,15.774577954319765,7.254220456802385,0.5511420059582921,0.3984,0.010826,0.0,0.0,0.0,0.0,0.0,0.0,0.0,0.0,0.0,0.0,0.026304252520824207,16.847873739587875,13.125822007891278,0.0,0.0,0.0,0.0,0.0,0.0,0.0,0.0,0.0,0.0,0.0,0.0,0.0,0.0,0.0,0.0,0.0,0.3987,0.01102,0.0,0.0,0.0,0.0,0.0,0.0,0.0,0.0,0.0,0.0,0.059582919563058605,16.623634558093322,13.28699106256207,0.029791459781529302,0.0,0.0,0.0,0.0,0.0,0.0,0.0,0.0,0.0,0.0,0.0,0.0,0.0,0.0,0.0,0.0
50900,4392,2223,0.5061475409836066,1031,870,0.43283242258652094,1226,0.558287795992714,0.40199999999999997,2.9746426924850162,3.142211411297831,6.526984126984127,2.261844053766212,9392.189177848928,1520.3873197882026,7853.0,10921.25805592537,10893.989144899906,6.791471753176633,7853.0,0.0,28.148224043715846,20.753818235328854,32.76178992497321,19.097055877951462,0.13183060109289618,0.1029143897996357,0.0999544626593807,0.08037340619307833,0.07581967213114754,0.07923497267759563,0.07240437158469945,0.061247723132969036,0.05737704918032787,0.05259562841530055,0.04735883424408015,0.04371584699453552,0.036202185792349725,0.025500910746812388,0.017531876138433516,0.01092896174863388,0.005009107468123861,0.9180594855047531,0.022502085679269566,0.0,0.0,0.0,0.0,0.0,0.0,0.0,0.0,0.0,0.0,0.0,0.0,0.0,0.0,0.0,0.0,0.0,0.0,0.0,0.0,0.0,0.0,0.0,0.0,0.0,0.2663934426229509,6.168032786885248,16.181693989071043,6.905737704918034,0.4781420765027323,4.324064171122995,2.918404666903416,nan,nan,nan,4.330758426966292,2.884627600069144,4.317161477190441,2.9528129757813133,0.9968603767665297,0.3992,0.01048,0.0,0.0,0.0,0.0,0.0,0.0,0.0,0.0,0.0,0.0,0.013661202185792353,16.24316939890708,13.729508196721314,0.013661202185792353,0.0,0.0,0.0,0.0,0.0,0.0,0.0,0.0,0.0,0.0,0.0,0.0,0.0,0.0,0.0,0.0,nan,nan,4.324064171122995,2.918404666903416,nan,0.3992,0.05115,0.0,0.0,0.0,0.0,0.0,0.0,0.0,0.0,0.0,0.0,0.0,0.0,0.0,0.0,0.0,0.0,0.0,0.0,0.0,0.0,0.0,0.0,3.4153005464480874e-05,0.0,0.0,2.2768670309653916e-05,0.0035974499089253186,0.0031534608378870673,0.007092440801457195,0.014811020036429872,0.004576502732240437,0.007081056466302368,0.04189435336976321,0.03098816029143898,0.04668715846994535,0.06393442622950819,0.07405510018214936,0.03992486338797814,0.06497040072859744,0.044000455373406196,0.07495446265938069,0.09275956284153006,0.05853825136612022,0.09472905282331512,0.034027777777777775,0.05233378870673953,0.05806010928961749,0.028210382513661203,0.012443078324225865,0.018362932604735885,0.012909836065573771,0.01209016393442623,0.0028574681238615666,0.0007969034608378871,0.00010245901639344262,0.0,0.0,0.0,0.0,0.0,0.0,0.0,0.0,0.0,0.0,0.0,0.0,0.0,0.0,0.0,0.0,0.0,0.0,0.0,0.0,0.0,0.0,0.0,0.0,0.0,0.0,0.0,0.0,0.0,0.0,0.0,0.0,0.0,0.0,0.0,0.0,0.0,0.0,0.0,0.0,0.0,0.0,0.0,0.0,0.0,0.0,nan,nan,4.324064171122995,2.918404666903416,nan,0.9183849000308731,0.022197343854005062,0.0,0.0,0.0,0.0,0.0,0.0,0.0,0.0,0.0,0.0,0.0,0.0,0.0,0.0,0.0,0.0,0.0,0.0,0.0,0.0,0.0,0.0,0.0,0.0,0.0,0.21592442645074228,5.9379217273954135,16.423751686909586,6.923076923076925,0.49932523616734154,0.9177259693721738,0.022805372464658545,0.0,0.0,0.0,0.0,0.0,0.0,0.0,0.0,0.0,0.0,0.0,0.0,0.0,0.0,0.0,0.0,0.0,0.0,0.0,0.0,0.0,0.0,0.0,0.0,0.0,0.31811894882434305,6.403872752420472,15.933609958506228,6.887966804979254,0.45643153526970964,0.3992,0.010345,0.0,0.0,0.0,0.0,0.0,0.0,0.0,0.0,0.0,0.0,0.013495276653171392,16.072874493927102,13.900134952766535,0.013495276653171392,0.0,0.0,0.0,0.0,0.0,0.0,0.0,0.0,0.0,0.0,0.0,0.0,0.0,0.0,0.0,0.0,0.399,0.01062,0.0,0.0,0.0,0.0,0.0,0.0,0.0,0.0,0.0,0.0,0.013831258644536656,16.417704011064984,13.554633471645923,0.013831258644536656,0.0,0.0,0.0,0.0,0.0,0.0,0.0,0.0,0.0,0.0,0.0,0.0,0.0,0.0,0.0,0.0
51000,4430,2280,0.5146726862302483,1040,931,0.44492099322799095,1280,0.5778781038374717,0.40599999999999997,2.955348837209302,3.075311554522951,6.523411371237458,2.1410044531088435,9418.077186618984,1519.812083760742,7853.0,10918.487893462181,10893.917516106185,6.933092972230948,7853.0,0.0,27.87787810383747,20.784039131765017,32.72071830608416,19.07006497917845,0.136568848758465,0.1072234762979684,0.09029345372460497,0.08803611738148984,0.0781038374717833,0.07246049661399548,0.07246049661399548,0.06523702031602709,0.057787810383747175,0.04785553047404063,0.05237020316027088,0.03702031602708804,0.033860045146726865,0.027313769751693,0.017155756207674944,0.011963882618510158,0.004288939051918736,0.917972856585113,0.02288478044185433,0.0,0.0,0.0,0.0,0.0,0.0,0.0,0.0,0.0,0.0,0.0,0.0,0.0,0.0,0.0,0.0,0.0,0.0,0.0,0.0,0.0,0.0,0.0,0.0,0.0,0.4401805869074493,6.006772009029347,16.097065462753953,6.96839729119639,0.48758465011286695,4.2814035087719295,2.895629761273643,nan,nan,nan,4.228652081863091,2.9161314564800365,4.333565945568737,2.87426139400601,1.0248102377955441,0.3994,0.01084,0.0,0.0,0.0,0.0,0.0,0.0,0.0,0.0,0.0,0.0,0.013544018058690748,15.751693002257314,14.21444695259594,0.02031602708803612,0.0,0.0,0.0,0.0,0.0,0.0,0.0,0.0,0.0,0.0,0.0,0.0,0.0,0.0,0.0,0.0,nan,nan,4.2814035087719295,2.895629761273643,nan,0.3994,0.05148,0.0,0.0,0.0,0.0,0.0,0.0,0.0,0.0,0.0,0.0,0.0,0.0,0.0,0.0,0.0,0.0,0.0,0.0,0.0,0.0,0.0,0.0,0.0,0.0,0.0,0.0,0.0033521444695259594,0.0037020316027088036,0.006489841986455982,0.013702031602708803,0.004785553047404063,0.00873589164785553,0.04022573363431151,0.03170428893905192,0.04642212189616253,0.06468397291196389,0.07296839729119639,0.04115124153498871,0.0649548532731377,0.044988713318284426,0.07200902934537246,0.09276523702031603,0.055372460496614,0.09502257336343115,0.0358352144469526,0.050959367945823925,0.057832957110609484,0.030485327313769753,0.011997742663656885,0.019288939051918735,0.012765237020316027,0.012945823927765237,0.003340857787810384,0.0012979683972911963,0.00021444695259593678,0.0,0.0,0.0,0.0,0.0,0.0,0.0,0.0,0.0,0.0,0.0,0.0,0.0,0.0,0.0,0.0,0.0,0.0,0.0,0.0,0.0,0.0,0.0,0.0,0.0,0.0,0.0,0.0,0.0,0.0,0.0,0.0,0.0,0.0,0.0,0.0,0.0,0.0,0.0,0.0,0.0,0.0,0.0,0.0,0.0,0.0,nan,nan,4.2814035087719295,2.895629761273643,nan,0.9181241767709716,0.02265157075730414,0.0,0.0,0.0,0.0,0.0,0.0,0.0,0.0,0.0,0.0,0.0,0.0,0.0,0.0,0.0,0.0,0.0,0.0,0.0,0.0,0.0,0.0,0.0,0.0,0.0,0.43421052631578955,5.894736842105265,16.197368421052634,6.947368421052633,0.5263157894736843,0.9178123868066211,0.023128440749448562,0.0,0.0,0.0,0.0,0.0,0.0,0.0,0.0,0.0,0.0,0.0,0.0,0.0,0.0,0.0,0.0,0.0,0.0,0.0,0.0,0.0,0.0,0.0,0.0,0.0,0.44651162790697685,6.1255813953488385,15.990697674418609,6.990697674418606,0.44651162790697685,0.3992,0.01088,0.0,0.0,0.0,0.0,0.0,0.0,0.0,0.0,0.0,0.0,0.013157894736842108,15.973684210526294,14.000000000000004,0.013157894736842108,0.0,0.0,0.0,0.0,0.0,0.0,0.0,0.0,0.0,0.0,0.0,0.0,0.0,0.0,0.0,0.0,0.3997,0.0108,0.0,0.0,0.0,0.0,0.0,0.0,0.0,0.0,0.0,0.0,0.013953488372093027,15.516279069767418,14.441860465116282,0.027906976744186053,0.0,0.0,0.0,0.0,0.0,0.0,0.0,0.0,0.0,0.0,0.0,0.0,0.0,0.0,0.0,0.0
51100,4168,2167,0.5199136276391555,1025,858,0.45177543186180424,1157,0.5551823416506718,0.454,3.019990004997501,3.1266135584251833,6.607734806629834,2.1930106259540207,9433.92960008707,1519.1796178377947,7853.0,10917.414629280567,10893.75430233637,7.156620566974198,7853.0,0.0,27.669625719769673,20.74310510644063,32.74353076480736,18.95981972677853,0.14227447216890596,0.10604606525911708,0.08949136276391555,0.08493282149712092,0.07845489443378119,0.07725527831094049,0.065978886756238,0.06453934740882918,0.05830134357005758,0.05662188099808062,0.047264875239923225,0.041986564299424184,0.029750479846449136,0.024472168905950095,0.015595009596928982,0.010316698656429943,0.0067178502879078695,0.9171809287108982,0.023086902206295862,0.0,0.0,0.0,0.0,0.0,0.0,0.0,0.0,0.0,0.0,0.0,0.0,0.0,0.0,0.0,0.0,0.0,0.0,0.0,0.0,0.0,0.0,0.0,0.0,0.0,0.42466410748560474,6.477927063339733,15.813339731285993,6.737044145873322,0.5470249520153552,4.3141576391483,2.9043263379961264,nan,nan,nan,4.341027550260611,2.8947547220712098,4.287106446776612,2.9136804742816795,0.9875787235027426,0.3997,0.01067,0.0,0.0,0.0,0.0,0.0,0.0,0.0,0.0,0.0,0.0,0.04318618042226488,15.2807101727447,14.654510556621885,0.02159309021113244,0.0,0.0,0.0,0.0,0.0,0.0,0.0,0.0,0.0,0.0,0.0,0.0,0.0,0.0,0.0,0.0,nan,nan,4.3141576391483,2.9043263379961264,nan,0.3997,0.0514,0.0,0.0,0.0,0.0,0.0,0.0,0.0,0.0,0.0,0.0,0.0,0.0,0.0,0.0,0.0,0.0,0.0,0.0,0.0,0.0,0.0,0.0,0.0,0.0,3.598848368522073e-05,1.199616122840691e-05,0.003562859884836852,0.004558541266794626,0.0060100767754318616,0.014515355086372361,0.005134357005758158,0.008181381957773513,0.038807581573896355,0.030962092130518235,0.045441458733205375,0.06523512476007677,0.06967370441458733,0.03885556621880998,0.0671665067178503,0.04449376199616123,0.07004558541266795,0.09456573896353167,0.056297984644913625,0.10157149712092131,0.03429702495201536,0.049556142034548945,0.059752879078694816,0.0298584452975048,0.01234404990403071,0.021317178502879078,0.010856525911708253,0.012679942418426104,0.002687140115163148,0.0014275431861804223,9.596928982725528e-05,0.0,0.0,0.0,0.0,0.0,0.0,0.0,0.0,0.0,0.0,0.0,0.0,0.0,0.0,0.0,0.0,0.0,0.0,0.0,0.0,0.0,0.0,0.0,0.0,0.0,0.0,0.0,0.0,0.0,0.0,0.0,0.0,0.0,0.0,0.0,0.0,0.0,0.0,0.0,0.0,0.0,0.0,0.0,0.0,0.0,0.0,nan,nan,4.3141576391483,2.9043263379961264,nan,0.9168574925001503,0.023399316232865154,0.0,0.0,0.0,0.0,0.0,0.0,0.0,0.0,0.0,0.0,0.0,0.0,0.0,0.0,0.0,0.0,0.0,0.0,0.0,0.0,0.0,0.0,0.0,0.0,0.0,0.3876326718966314,6.880479926165207,15.366866635902172,6.838947854176282,0.5260729118597139,0.9175311967112433,0.022738542776530368,0.0,0.0,0.0,0.0,0.0,0.0,0.0,0.0,0.0,0.0,0.0,0.0,0.0,0.0,0.0,0.0,0.0,0.0,0.0,0.0,0.0,0.0,0.0,0.0,0.0,0.46476761619190415,6.041979010494754,16.296851574212898,6.626686656671666,0.5697151424287857,0.4,0.01084,0.0,0.0,0.0,0.0,0.0,0.0,0.0,0.0,0.0,0.0,0.055376095985233055,15.242270419935371,14.674665436086759,0.027688047992616528,0.0,0.0,0.0,0.0,0.0,0.0,0.0,0.0,0.0,0.0,0.0,0.0,0.0,0.0,0.0,0.0,0.3997,0.0105,0.0,0.0,0.0,0.0,0.0,0.0,0.0,0.0,0.0,0.0,0.02998500749625188,15.322338830584686,14.632683658170919,0.01499250374812594,0.0,0.0,0.0,0.0,0.0,0.0,0.0,0.0,0.0,0.0,0.0,0.0,0.0,0.0,0.0,0.0
51200,4737,2449,0.516993877981845,1179,984,0.4566181127295757,1328,0.5606924213637323,0.414,3.006555944055944,3.157914193666853,6.86698717948718,2.0885677585098636,9425.013424418157,1519.4706144036857,7853.0,10923.694112181664,10893.680927508702,7.080290864647265,7853.0,0.0,27.484061642389698,20.576897417655342,32.172,18.962605728116586,0.13552881570614314,0.1057631412286257,0.09161916824994723,0.09288579269579902,0.08021954823728097,0.08338610935191049,0.07325311378509605,0.0593202448807262,0.056575891914713954,0.04918724931391176,0.04602068819928225,0.03968756597002322,0.02744352966012244,0.023432552248258392,0.017943846316233903,0.011821828161283512,0.005910914080641756,0.9163446951219496,0.022942469355493045,0.0,0.0,0.0,0.0,0.0,0.0,0.0,0.0,0.0,0.0,0.0,0.0,0.0,0.0,0.0,0.0,0.0,0.0,0.0,0.0,0.0,0.0,0.0,0.0,0.0,0.45598480050664986,6.6371120962634595,16.149461684610515,6.295123495883472,0.4623179227359089,4.327879581151833,2.965743809151465,nan,nan,nan,4.354113110539846,2.9655133981677495,4.300666666666666,2.96573760733406,0.9877250676506765,0.4,0.01088,0.0,0.0,0.0,0.0,0.0,0.0,0.0,0.0,0.0,0.0,0.025332488917036104,15.015832805573126,14.927169094363524,0.03166561114629513,0.0,0.0,0.0,0.0,0.0,0.0,0.0,0.0,0.0,0.0,0.0,0.0,0.0,0.0,0.0,0.0,nan,nan,4.327879581151833,2.965743809151465,nan,0.4,0.05127,0.0,0.0,0.0,0.0,0.0,0.0,0.0,0.0,0.0,0.0,0.0,0.0,0.0,0.0,0.0,0.0,0.0,0.0,0.0,0.0,0.0,0.0,0.0,0.0,0.00015832805573147562,0.0,0.003535993244669622,0.00469706565336711,0.006143128562381254,0.013267891070297657,0.004939835338822039,0.0075258602491028075,0.03865315600591091,0.02997677855182605,0.04497572303145451,0.06626556892548026,0.06849271690943635,0.03986700443318556,0.07036098796706776,0.045672366476673,0.06872493139117584,0.09288579269579902,0.05698754485961579,0.1013299556681444,0.03481106185349377,0.04780451762719021,0.05898247836183238,0.031665611146295125,0.0134156639223137,0.0218703820983745,0.010692421363732321,0.012011821828161283,0.0031243402997677854,0.0009921891492505805,0.00016888325944690733,0.0,0.0,0.0,0.0,0.0,0.0,0.0,0.0,0.0,0.0,0.0,0.0,0.0,0.0,0.0,0.0,0.0,0.0,0.0,0.0,0.0,0.0,0.0,0.0,0.0,0.0,0.0,0.0,0.0,0.0,0.0,0.0,0.0,0.0,0.0,0.0,0.0,0.0,0.0,0.0,0.0,0.0,0.0,0.0,0.0,0.0,nan,nan,4.327879581151833,2.965743809151465,nan,0.9162673109548342,0.022963568319789445,0.0,0.0,0.0,0.0,0.0,0.0,0.0,0.0,0.0,0.0,0.0,0.0,0.0,0.0,0.0,0.0,0.0,0.0,0.0,0.0,0.0,0.0,0.0,0.0,0.0,0.46549612086565956,6.5291955900367515,16.512862392813396,5.916700694160883,0.5757452021233157,0.9164275245910342,0.02291957469902292,0.0,0.0,0.0,0.0,0.0,0.0,0.0,0.0,0.0,0.0,0.0,0.0,0.0,0.0,0.0,0.0,0.0,0.0,0.0,0.0,0.0,0.0,0.0,0.0,0.0,0.4458041958041959,6.752622377622379,15.760489510489514,6.700174825174827,0.340909090909091,0.4004,0.01084,0.0,0.0,0.0,0.0,0.0,0.0,0.0,0.0,0.0,0.0,0.012249897917517356,14.589628419763148,15.373621886484282,0.024499795835034713,0.0,0.0,0.0,0.0,0.0,0.0,0.0,0.0,0.0,0.0,0.0,0.0,0.0,0.0,0.0,0.0,0.3997,0.01092,0.0,0.0,0.0,0.0,0.0,0.0,0.0,0.0,0.0,0.0,0.03933566433566434,15.47202797202795,14.449300699300702,0.03933566433566434,0.0,0.0,0.0,0.0,0.0,0.0,0.0,0.0,0.0,0.0,0.0,0.0,0.0,0.0,0.0,0.0
51300,4897,2491,0.5086787829283235,1185,1035,0.4533387788441903,1452,0.5930161323259138,0.37399999999999994,2.9962593516209477,3.0413448002077743,6.406548431105048,2.152712863011214,9399.787474105084,1520.1761044446566,7853.0,10917.52333432436,10893.794163264793,6.9478847585972305,7853.0,0.0,28.779048396977743,20.94631219965153,33.59551915201156,19.098584573325407,0.13416377373902388,0.09332244231161936,0.09148458239738616,0.08086583622626098,0.07902797631202778,0.07167653665509495,0.07065550336940984,0.07249336328364304,0.062078823769654894,0.05268531754135185,0.05125587094139269,0.04124974474167858,0.03573616499897897,0.02858893199918317,0.017765979170920973,0.008985092914028997,0.007964059628343885,0.9169590598786634,0.023122467521500906,0.0,0.0,0.0,0.0,0.0,0.0,0.0,0.0,0.0,0.0,0.0,0.0,0.0,0.0,0.0,0.0,0.0,0.0,0.0,0.0,0.0,0.0,0.0,0.0,0.006126199714110682,0.45333877884419044,6.585664692668982,15.536042474984688,7.00837247294262,0.41045538084541566,4.2410824108241085,2.838248651713344,nan,nan,nan,4.185819070904645,2.8119017703836433,4.298452012383901,2.8639043399056865,1.026908220248257,0.4,0.01072,0.0,0.0,0.0,0.0,0.0,0.0,0.0,0.0,0.0,0.0,0.03675719828466409,14.923422503573596,15.009189299571169,0.030630998570553406,0.0,0.0,0.0,0.0,0.0,0.0,0.0,0.0,0.0,0.0,0.0,0.0,0.0,0.0,0.0,0.0,nan,nan,4.2410824108241085,2.838248651713344,nan,0.4,0.0519,0.0,0.0,0.0,0.0,0.0,0.0,0.0,0.0,0.0,0.0,0.0,0.0,0.0,0.0,0.0,0.0,0.0,0.0,0.0,0.0,0.0,0.0,0.0,0.0,0.00011231366142536247,0.0,0.0048703287727179904,0.004288339799877476,0.007433122319787625,0.012599550745354298,0.005288952419848887,0.008137635286910354,0.03909536450888299,0.03092709822340208,0.04449663059015724,0.06530528895241985,0.06930773943230549,0.03847253420461507,0.07011435572799674,0.044792730243005924,0.06952215642229936,0.09127016540739229,0.05416581580559526,0.10005105166428425,0.036461098631815396,0.04799877476005718,0.05747396365121503,0.03263222381049622,0.014559934653869715,0.021962425975086786,0.01153767612824178,0.012507657749642638,0.0034510925056156832,0.0008168266285480906,0.00032673065141923627,2.0420665713702267e-05,0.0,0.0,0.0,0.0,0.0,0.0,0.0,0.0,0.0,0.0,0.0,0.0,0.0,0.0,0.0,0.0,0.0,0.0,0.0,0.0,0.0,0.0,0.0,0.0,0.0,0.0,0.0,0.0,0.0,0.0,0.0,0.0,0.0,0.0,0.0,0.0,0.0,0.0,0.0,0.0,0.0,0.0,0.0,0.0,0.0,nan,nan,4.2410824108241085,2.838248651713344,nan,0.9168000514131146,0.022951715872358214,0.0,0.0,0.0,0.0,0.0,0.0,0.0,0.0,0.0,0.0,0.0,0.0,0.0,0.0,0.0,0.0,0.0,0.0,0.0,0.0,0.0,0.0,0.0,0.0,0.0,0.42151746286631886,6.635889201124048,15.716579686872745,6.768366118024891,0.4576475311120033,0.9171236858502687,0.023296789588281543,0.0,0.0,0.0,0.0,0.0,0.0,0.0,0.0,0.0,0.0,0.0,0.0,0.0,0.0,0.0,0.0,0.0,0.0,0.0,0.0,0.0,0.0,0.0,0.0,0.012468827930174566,0.48628428927680806,6.5336658354114725,15.34912718204489,7.256857855361598,0.3615960099750624,0.4001,0.0106,0.0,0.0,0.0,0.0,0.0,0.0,0.0,0.0,0.0,0.0,0.012043356081894824,14.680851063829767,15.30710558008832,0.0,0.0,0.0,0.0,0.0,0.0,0.0,0.0,0.0,0.0,0.0,0.0,0.0,0.0,0.0,0.0,0.0,0.3997,0.01083,0.0,0.0,0.0,0.0,0.0,0.0,0.0,0.0,0.0,0.0,0.06234413965087283,15.174563591022423,14.700748129675814,0.06234413965087283,0.0,0.0,0.0,0.0,0.0,0.0,0.0,0.0,0.0,0.0,0.0,0.0,0.0,0.0,0.0,0.0
51400,4506,2286,0.507323568575233,1082,934,0.4474034620505992,1273,0.5650244118952508,0.438,2.9954954954954953,3.182437373675576,6.791318864774625,2.12423603397585,9395.983956635104,1520.555014852819,7853.0,10917.858398139477,10894.419820034023,7.027691396011989,7853.0,0.0,27.413670661340436,20.688122879874307,32.26374207188161,19.032524636283142,0.14003550821127386,0.10252996005326231,0.10119840213049268,0.08588548601864181,0.07767421216156237,0.08144695960940967,0.0692410119840213,0.06080781180648025,0.059254327563249,0.050821127385707945,0.04105636928539725,0.03905903240124279,0.03084775854416334,0.02574345317354638,0.01775410563692854,0.01154016866400355,0.0051043053706169555,0.9193335191784464,0.02280338220155069,0.0,0.0,0.0,0.0,0.0,0.0,0.0,0.0,0.0,0.0,0.0,0.0,0.0,0.0,0.0,0.0,0.0,0.0,0.0,0.0,0.0,0.0,0.0,0.0,0.0,0.29294274300932094,5.5792276964047955,16.05858854860187,7.5432756324900145,0.5259653794940081,4.3489020564656675,2.937109416731858,nan,nan,nan,4.340112201963534,2.9538343139572234,4.357588357588358,2.9204614744046733,1.0040266598676681,0.4,0.01091,0.0,0.0,0.0,0.0,0.0,0.0,0.0,0.0,0.0,0.0,0.026631158455392816,15.133155792276941,14.813581890812253,0.026631158455392816,0.0,0.0,0.0,0.0,0.0,0.0,0.0,0.0,0.0,0.0,0.0,0.0,0.0,0.0,0.0,0.0,nan,nan,4.3489020564656675,2.937109416731858,nan,0.4,0.05182,0.0,0.0,0.0,0.0,0.0,0.0,0.0,0.0,0.0,0.0,0.0,0.0,0.0,0.0,0.0,0.0,0.0,0.0,0.0,0.0,0.0,0.0,1.1096316023080338e-05,0.0,8.87705281846427e-05,0.0,0.0039059032401242786,0.0045162006213936975,0.007334664891256103,0.012283621837549934,0.004527296937416778,0.007867288060363959,0.040901020861074125,0.03138038171327119,0.046660008877052815,0.06511318242343542,0.06786506879715934,0.038348868175765646,0.07152685308477585,0.04471815357301376,0.0704837993786063,0.09128939192188193,0.05434975588104749,0.09711495783399911,0.0375832223701731,0.047902796271637814,0.05692410119840213,0.031846426986240566,0.01449178872614292,0.020217487794052375,0.011640035508211273,0.014569462938304483,0.0034953395472703064,0.0007767421216156236,0.0002441189525077674,2.2192632046160676e-05,0.0,0.0,0.0,0.0,0.0,0.0,0.0,0.0,0.0,0.0,0.0,0.0,0.0,0.0,0.0,0.0,0.0,0.0,0.0,0.0,0.0,0.0,0.0,0.0,0.0,0.0,0.0,0.0,0.0,0.0,0.0,0.0,0.0,0.0,0.0,0.0,0.0,0.0,0.0,0.0,0.0,0.0,0.0,0.0,0.0,nan,nan,4.3489020564656675,2.937109416731858,nan,0.9191576440086098,0.023109901987634122,0.0,0.0,0.0,0.0,0.0,0.0,0.0,0.0,0.0,0.0,0.0,0.0,0.0,0.0,0.0,0.0,0.0,0.0,0.0,0.0,0.0,0.0,0.0,0.0,0.0,0.27559055118110243,5.774278215223099,15.800524934383205,7.57217847769029,0.5774278215223098,0.9195146230695483,0.022481945271400287,0.0,0.0,0.0,0.0,0.0,0.0,0.0,0.0,0.0,0.0,0.0,0.0,0.0,0.0,0.0,0.0,0.0,0.0,0.0,0.0,0.0,0.0,0.0,0.0,0.0,0.31081081081081086,5.378378378378379,16.324324324324326,7.513513513513515,0.4729729729729731,0.4001,0.01074,0.0,0.0,0.0,0.0,0.0,0.0,0.0,0.0,0.0,0.0,0.026246719160104993,14.816272965879243,15.131233595800529,0.026246719160104993,0.0,0.0,0.0,0.0,0.0,0.0,0.0,0.0,0.0,0.0,0.0,0.0,0.0,0.0,0.0,0.0,0.3997,0.01106,0.0,0.0,0.0,0.0,0.0,0.0,0.0,0.0,0.0,0.0,0.027027027027027032,15.459459459459437,14.48648648648649,0.027027027027027032,0.0,0.0,0.0,0.0,0.0,0.0,0.0,0.0,0.0,0.0,0.0,0.0,0.0,0.0,0.0,0.0
51500,4565,2364,0.5178532311062432,1077,903,0.43373493975903615,1271,0.5568455640744797,0.41,2.9936392548841435,3.0251040324080734,6.301186943620178,2.019878602885166,9428.0612418078,1519.7993220972096,7853.0,10918.337548971176,10894.520545199917,7.189596231403055,7853.0,0.0,28.538225629791896,21.42909845507979,33.588633993743485,19.651306412102155,0.14085432639649506,0.09923329682365827,0.08981380065717415,0.08587075575027382,0.08017524644030669,0.076013143483023,0.060021905805038335,0.05936473165388828,0.05914567360350493,0.048630887185104055,0.053450164293537786,0.04271631982475356,0.03307776560788609,0.03044906900328587,0.02234392113910186,0.010514786418400876,0.00832420591456736,0.9191559981542505,0.02367553865921628,0.0,0.0,0.0,0.0,0.0,0.0,0.0,0.0,0.0,0.0,0.0,0.0,0.0,0.0,0.0,0.0,0.0,0.0,0.0,0.0,0.0,0.0,0.0,0.0,0.0,0.4008762322015335,5.8028477546549855,15.535596933187298,7.623220153340637,0.6374589266155533,4.235753052917232,2.79337943471521,nan,nan,nan,4.342210386151797,2.842059026187564,4.125172890733057,2.737519612436906,0.9500168172157394,0.4,0.011185,0.0,0.0,0.0,0.0,0.0,0.0,0.0,0.0,0.0,0.0,0.039430449069003295,14.878422782037218,15.049288061336258,0.032858707557502746,0.0,0.0,0.0,0.0,0.0,0.0,0.0,0.0,0.0,0.0,0.0,0.0,0.0,0.0,0.0,0.0,nan,nan,4.235753052917232,2.79337943471521,nan,0.4,0.05206,0.0,0.0,0.0,0.0,0.0,0.0,0.0,0.0,0.0,0.0,0.0,0.0,0.0,0.0,0.0,0.0,0.0,0.0,0.0,0.0,0.0,1.095290251916758e-05,5.47645125958379e-05,0.0,0.00013143483023001095,5.47645125958379e-05,0.004414019715224535,0.0038663745892661555,0.007995618838992333,0.010284775465498356,0.004545454545454545,0.008860898138006572,0.04257393209200438,0.028313253012048192,0.05019715224534502,0.06659364731653888,0.06703176341730559,0.03575027382256298,0.07222343921139102,0.044129244249726175,0.06945235487404162,0.08830230010952902,0.05381161007667032,0.09576122672508215,0.03926615553121577,0.04849945235487404,0.05901423877327492,0.034381161007667034,0.014052573932092005,0.018751369112814897,0.013734939759036145,0.013734939759036145,0.00348302300109529,0.00041621029572836804,0.0003066812705366922,0.0,0.0,0.0,0.0,0.0,0.0,0.0,0.0,0.0,0.0,0.0,0.0,0.0,0.0,0.0,0.0,0.0,0.0,0.0,0.0,0.0,0.0,0.0,0.0,0.0,0.0,0.0,0.0,0.0,0.0,0.0,0.0,0.0,0.0,0.0,0.0,0.0,0.0,0.0,0.0,0.0,0.0,0.0,0.0,0.0,0.0,nan,nan,4.235753052917232,2.79337943471521,nan,0.9194609847316887,0.02349433226926495,0.0,0.0,0.0,0.0,0.0,0.0,0.0,0.0,0.0,0.0,0.0,0.0,0.0,0.0,0.0,0.0,0.0,0.0,0.0,0.0,0.0,0.0,0.0,0.0,0.0,0.38071065989847724,5.621827411167514,15.368020304568532,8.071065989847718,0.5583756345177666,0.918828425110605,0.02386429144839987,0.0,0.0,0.0,0.0,0.0,0.0,0.0,0.0,0.0,0.0,0.0,0.0,0.0,0.0,0.0,0.0,0.0,0.0,0.0,0.0,0.0,0.0,0.0,0.0,0.0,0.42253521126760574,5.997273966378921,15.715583825533852,7.142208087233078,0.7223989095865517,0.4001,0.01109,0.0,0.0,0.0,0.0,0.0,0.0,0.0,0.0,0.0,0.0,0.0,14.898477157360384,15.076142131979699,0.025380710659898484,0.0,0.0,0.0,0.0,0.0,0.0,0.0,0.0,0.0,0.0,0.0,0.0,0.0,0.0,0.0,0.0,0.4,0.01129,0.0,0.0,0.0,0.0,0.0,0.0,0.0,0.0,0.0,0.0,0.08178100863243981,14.856883234893209,15.020445252158114,0.040890504316219906,0.0,0.0,0.0,0.0,0.0,0.0,0.0,0.0,0.0,0.0,0.0,0.0,0.0,0.0,0.0,0.0
51600,4587,2404,0.5240898190538479,1132,943,0.4523653804229344,1304,0.5685633311532592,0.40599999999999997,3.0861200183234083,3.1346196465031184,6.71658615136876,2.0967420332532836,9446.90720408487,1518.885786357134,7853.0,10915.76158285141,10894.286333251788,7.0449102825288135,7853.0,0.0,28.11794201002834,20.922486077654014,33.324705882352944,19.00371284874821,0.14628297362110312,0.08371484630477437,0.0906910834968389,0.09287115761935906,0.0828428166557663,0.08044473512099411,0.0684543274471332,0.061478090255068674,0.05428384565075212,0.055373882712012205,0.049269675168955744,0.041857423152387184,0.029649008066274254,0.026160889470241987,0.017004578155657292,0.010464355788096796,0.009156311314584695,0.9188220454816441,0.02299981181732589,0.0,0.0,0.0,0.0,0.0,0.0,0.0,0.0,0.0,0.0,0.0,0.0,0.0,0.0,0.0,0.0,0.0,0.0,0.0,0.0,0.0,0.0,0.0,0.0,0.0,0.36625245258338796,5.918901242642251,15.637671680837151,7.5147155003270125,0.5624591236102029,4.292544299565363,2.9116618226829005,nan,nan,nan,4.260577568838146,2.914139115637063,4.326449033977348,2.908559810075806,1.0154606890908373,0.4,0.0108,0.0,0.0,0.0,0.0,0.0,0.0,0.0,0.0,0.0,0.0,0.019620667102681493,15.127534336167408,14.82668410725965,0.026160889470241994,0.0,0.0,0.0,0.0,0.0,0.0,0.0,0.0,0.0,0.0,0.0,0.0,0.0,0.0,0.0,0.0,nan,nan,4.292544299565363,2.9116618226829005,nan,0.4,0.0517,0.0,0.0,0.0,0.0,0.0,0.0,0.0,0.0,0.0,0.0,0.0,0.0,0.0,0.0,0.0,0.0,0.0,0.0,0.0,0.0,0.0,0.0,9.810333551340745e-05,0.0,3.2701111837802485e-05,0.0002616088947024199,0.00434924787442773,0.003346413778068454,0.007880967952910399,0.009788532810115543,0.004578155657292348,0.00854589056027905,0.04184652278177458,0.027850446915195115,0.052267277087420974,0.06639415740135164,0.06747329409199913,0.03568781338565511,0.07075430564639197,0.04594506213211249,0.07166993677785044,0.08719206453019403,0.05340091563113146,0.0999563985175496,0.03746457379550905,0.04682799215173316,0.05963592762153913,0.03399825594070199,0.014410289949858296,0.017843906692827555,0.013134946588183998,0.0131567473294092,0.0033355134074558534,0.00041421408327883146,0.0004578155657292348,0.0,0.0,0.0,0.0,0.0,0.0,0.0,0.0,0.0,0.0,0.0,0.0,0.0,0.0,0.0,0.0,0.0,0.0,0.0,0.0,0.0,0.0,0.0,0.0,0.0,0.0,0.0,0.0,0.0,0.0,0.0,0.0,0.0,0.0,0.0,0.0,0.0,0.0,0.0,0.0,0.0,0.0,0.0,0.0,0.0,0.0,nan,nan,4.292544299565363,2.9116618226829005,nan,0.918738011289357,0.022774639762856905,0.0,0.0,0.0,0.0,0.0,0.0,0.0,0.0,0.0,0.0,0.0,0.0,0.0,0.0,0.0,0.0,0.0,0.0,0.0,0.0,0.0,0.0,0.0,0.0,0.0,0.3119800332778703,5.852745424292847,15.898502495840269,7.362728785357739,0.5740432612312812,0.9189145870291744,0.02324490462961547,0.0,0.0,0.0,0.0,0.0,0.0,0.0,0.0,0.0,0.0,0.0,0.0,0.0,0.0,0.0,0.0,0.0,0.0,0.0,0.0,0.0,0.0,0.0,0.0,0.0,0.4260192395785617,5.99175446633074,15.35043518094366,7.682088868529548,0.549702244617499,0.4,0.01085,0.0,0.0,0.0,0.0,0.0,0.0,0.0,0.0,0.0,0.0,0.024958402662229623,14.675540765390993,15.274542429284528,0.024958402662229623,0.0,0.0,0.0,0.0,0.0,0.0,0.0,0.0,0.0,0.0,0.0,0.0,0.0,0.0,0.0,0.0,0.3997,0.01075,0.0,0.0,0.0,0.0,0.0,0.0,0.0,0.0,0.0,0.0,0.013742556115437475,15.625286303252382,14.333486028401285,0.02748511223087495,0.0,0.0,0.0,0.0,0.0,0.0,0.0,0.0,0.0,0.0,0.0,0.0,0.0,0.0,0.0,0.0
51700,4517,2308,0.5109586008412663,1107,936,0.45229134381226477,1285,0.5689617002435244,0.414,3.030783159800815,3.1438938024917613,6.6256,2.1895717937532897,9406.741453830466,1520.0611413833944,7853.0,10920.279314279556,10893.83628550789,6.993121320769533,7853.0,0.0,27.448749169802966,20.62254143608127,32.51075126095036,18.841769949146144,0.1441222050033208,0.1044941332742971,0.08833296435687403,0.09098959486384768,0.07659951295107373,0.07615674119991145,0.07106486606154527,0.06840823555457162,0.059331414655744964,0.047155191498782376,0.044941332742971,0.03940668585344255,0.031215408456940447,0.0274518485720611,0.015497011290679655,0.00841266327208324,0.006420190391853,0.9178891635875351,0.02265322441688205,0.0,0.0,0.0,0.0,0.0,0.0,0.0,0.0,0.0,0.0,0.0,0.0,0.0,0.0,0.0,0.0,0.0,0.0,0.0,0.0,0.0,0.0,0.0,0.0,0.01328315253486828,0.3652866947088777,6.017268098295331,16.09918087226035,7.020146114677885,0.4848350675226922,4.344302043643921,2.8839560593643383,nan,nan,nan,4.432906271072151,2.8864874782717505,4.253029223093371,2.8780357087503927,0.9594223209381607,0.4,0.01091,0.0,0.0,0.0,0.0,0.0,0.0,0.0,0.0,0.0,0.0,0.00664157626743414,15.388532211644874,14.558335178215634,0.04649103387203898,0.0,0.0,0.0,0.0,0.0,0.0,0.0,0.0,0.0,0.0,0.0,0.0,0.0,0.0,0.0,0.0,nan,nan,4.344302043643921,2.8839560593643383,nan,0.4,0.05185,0.0,0.0,0.0,0.0,0.0,0.0,0.0,0.0,0.0,0.0,0.0,0.0,0.0,0.0,0.0,0.0,0.0,0.0,0.0,0.0,0.0,2.2138587558113793e-05,0.0,1.1069293779056897e-05,2.2138587558113793e-05,0.00013283152534868274,0.0045937569183086115,0.00210316581802081,0.007715297764002657,0.010327651095860084,0.004615895505866725,0.010704007084348018,0.043779056896170024,0.02710870046491034,0.055645339827319014,0.06396944874916981,0.0658733672791676,0.034646889528448084,0.07017932255922073,0.04479743192384326,0.07043391631613903,0.08518928492362188,0.05532433030772637,0.10050918751383661,0.03666150099623644,0.04852778392738543,0.06047155191498783,0.031093646225370822,0.016603940668585344,0.018939561655966348,0.013736993579809608,0.012773965021031659,0.0027341155634270533,0.00038742528226699135,0.0003652866947088776,0.0,0.0,0.0,0.0,0.0,0.0,0.0,0.0,0.0,0.0,0.0,0.0,0.0,0.0,0.0,0.0,0.0,0.0,0.0,0.0,0.0,0.0,0.0,0.0,0.0,0.0,0.0,0.0,0.0,0.0,0.0,0.0,0.0,0.0,0.0,0.0,0.0,0.0,0.0,0.0,0.0,0.0,0.0,0.0,0.0,0.0,nan,nan,4.344302043643921,2.8839560593643383,nan,0.9174045468172126,0.022799396273064664,0.0,0.0,0.0,0.0,0.0,0.0,0.0,0.0,0.0,0.0,0.0,0.0,0.0,0.0,0.0,0.0,0.0,0.0,0.0,0.0,0.0,0.0,0.0,0.0,0.01299826689774697,0.3249566724436742,6.382149046793763,15.805892547660315,6.954072790294629,0.5199306759098787,0.9183954992624579,0.02248833410553389,0.0,0.0,0.0,0.0,0.0,0.0,0.0,0.0,0.0,0.0,0.0,0.0,0.0,0.0,0.0,0.0,0.0,0.0,0.0,0.0,0.0,0.0,0.0,0.0,0.013580805794477142,0.4074241738343143,5.636034404708014,16.405613399728388,7.089180624717068,0.4481665912177457,0.3997,0.01096,0.0,0.0,0.0,0.0,0.0,0.0,0.0,0.0,0.0,0.0,0.01299826689774697,15.831889081455785,14.103119584055463,0.05199306759098788,0.0,0.0,0.0,0.0,0.0,0.0,0.0,0.0,0.0,0.0,0.0,0.0,0.0,0.0,0.0,0.0,0.4001,0.01085,0.0,0.0,0.0,0.0,0.0,0.0,0.0,0.0,0.0,0.0,0.0,14.925305568130353,15.033952014486196,0.04074241738343142,0.0,0.0,0.0,0.0,0.0,0.0,0.0,0.0,0.0,0.0,0.0,0.0,0.0,0.0,0.0,0.0
51800,4535,2362,0.5208379272326351,1123,910,0.44829106945975744,1256,0.5539140022050717,0.43,3.0427979751495626,3.1822259911533286,6.793388429752066,2.2287281158570202,9436.880058170167,1519.1988547523438,7853.0,10921.546675741673,10894.022888993102,7.022944091369769,7853.0,0.0,27.711797133406836,20.667431829962958,32.440731070496085,19.008669493539575,0.13583241455347297,0.10363836824696802,0.09812568908489526,0.08291069459757443,0.07805953693495038,0.08291069459757443,0.07078280044101433,0.06218302094818082,0.054685777287761854,0.05226019845644984,0.04696802646085998,0.04321940463065049,0.032194046306504964,0.022712238147739802,0.017199558985667034,0.009702315325248071,0.006615214994487321,0.917707063121333,0.02306292285218806,0.0,0.0,0.0,0.0,0.0,0.0,0.0,0.0,0.0,0.0,0.0,0.0,0.0,0.0,0.0,0.0,0.0,0.0,0.0,0.0,0.0,0.0,0.0,0.0,0.006615214994487323,0.42998897464167596,6.343991179713342,15.644983461962516,7.124586549062846,0.44983461962513793,4.320605435156518,2.9436395860453497,nan,nan,nan,4.316481994459834,2.901710228412858,4.326265389876881,2.9848421682751494,1.0022665206132226,0.3997,0.011086,0.0,0.0,0.0,0.0,0.0,0.0,0.0,0.0,0.0,0.0,0.03307607497243661,15.3274531422271,14.613009922822496,0.02646085997794929,0.0,0.0,0.0,0.0,0.0,0.0,0.0,0.0,0.0,0.0,0.0,0.0,0.0,0.0,0.0,0.0,nan,nan,4.320605435156518,2.9436395860453497,nan,0.3997,0.0521,0.0,0.0,0.0,0.0,0.0,0.0,0.0,0.0,0.0,0.0,0.0,0.0,0.0,0.0,0.0,0.0,0.0,0.0,0.0,0.0,0.0,0.0,0.0,0.0,2.205071664829107e-05,0.00013230429988974642,0.005148842337375965,0.0028004410143329657,0.00886438809261301,0.010407938257993386,0.004950385887541345,0.011631753031973538,0.0413561190738699,0.02448732083792723,0.05921719955898567,0.06314222712238148,0.06476295479603088,0.034785005512679164,0.07128996692392503,0.045137816979051816,0.06810363836824697,0.08573318632855567,0.05507166482910695,0.10292171995589856,0.035711135611907384,0.04950385887541345,0.05863285556780595,0.029790518191841236,0.016758544652701213,0.018952590959206175,0.01471885336273429,0.012348401323042999,0.0026901874310915103,0.00041896361631753033,0.000496141124586549,0.0,1.1025358324145534e-05,0.0,0.0,0.0,0.0,0.0,0.0,0.0,0.0,0.0,0.0,0.0,0.0,0.0,0.0,0.0,0.0,0.0,0.0,0.0,0.0,0.0,0.0,0.0,0.0,0.0,0.0,0.0,0.0,0.0,0.0,0.0,0.0,0.0,0.0,0.0,0.0,0.0,0.0,0.0,0.0,0.0,0.0,0.0,0.0,nan,nan,4.320605435156518,2.9436395860453497,nan,0.9179965402744868,0.022712448791780693,0.0,0.0,0.0,0.0,0.0,0.0,0.0,0.0,0.0,0.0,0.0,0.0,0.0,0.0,0.0,0.0,0.0,0.0,0.0,0.0,0.0,0.0,0.0,0.0,0.0,0.3556308213378494,6.071126164267572,15.914479254868759,7.176121930567318,0.4826418289585098,0.9173924082498424,0.023433880797495213,0.0,0.0,0.0,0.0,0.0,0.0,0.0,0.0,0.0,0.0,0.0,0.0,0.0,0.0,0.0,0.0,0.0,0.0,0.0,0.0,0.0,0.0,0.0,0.0,0.013805798435342848,0.5108145421076853,6.64058904739991,15.352047860101246,7.068568798895538,0.4141739530602854,0.3997,0.011116,0.0,0.0,0.0,0.0,0.0,0.0,0.0,0.0,0.0,0.0,0.025402201524132098,14.936494496189649,14.987298899237937,0.050804403048264196,0.0,0.0,0.0,0.0,0.0,0.0,0.0,0.0,0.0,0.0,0.0,0.0,0.0,0.0,0.0,0.0,0.3994,0.01105,0.0,0.0,0.0,0.0,0.0,0.0,0.0,0.0,0.0,0.0,0.04141739530602854,15.752416014726162,14.20616658996779,0.0,0.0,0.0,0.0,0.0,0.0,0.0,0.0,0.0,0.0,0.0,0.0,0.0,0.0,0.0,0.0,0.0
51900,4968,2602,0.5237520128824477,1217,991,0.4444444444444444,1374,0.5531400966183575,0.39799999999999996,2.991969568892646,3.0636283814454455,6.417974322396576,2.242926279039631,9445.68592402682,1518.7500715788035,7853.0,10923.3833848238,10893.916091685338,7.042596622455773,7853.0,0.0,28.293880837359097,20.968532007189367,33.26759214935376,19.148914005911607,0.14090177133655393,0.09380032206119163,0.09198872785829308,0.08313204508856682,0.07749597423510467,0.08252818035426732,0.07246376811594203,0.0607890499194847,0.05897745571658615,0.050120772946859904,0.04609500805152979,0.042874396135265704,0.03341384863123994,0.02999194847020934,0.017713365539452495,0.010466988727858293,0.007246376811594203,0.9175152825896483,0.022785086874487884,0.0,0.0,0.0,0.0,0.0,0.0,0.0,0.0,0.0,0.0,0.0,0.0,0.0,0.0,0.0,0.0,0.0,0.0,0.0,0.0,0.0,0.0,0.0,0.0,0.006038647342995171,0.35628019323671506,6.262077294685992,16.044685990338166,6.871980676328504,0.45893719806763295,4.2034685661195414,2.871098880297541,nan,nan,nan,4.2138016019716575,2.9149804132589296,4.193026151930262,2.826022323851602,0.9950696658258247,0.3997,0.01085,0.0,0.0,0.0,0.0,0.0,0.0,0.0,0.0,0.0,0.0,0.024154589371980683,15.519323671497562,14.426328502415462,0.03019323671497585,0.0,0.0,0.0,0.0,0.0,0.0,0.0,0.0,0.0,0.0,0.0,0.0,0.0,0.0,0.0,0.0,nan,nan,4.2034685661195414,2.871098880297541,nan,0.3997,0.0519,0.0,0.0,0.0,0.0,0.0,0.0,0.0,0.0,0.0,0.0,0.0,0.0,0.0,0.0,0.0,0.0,0.0,0.0,0.0,0.0,0.0,0.0,0.0,0.0,2.0128824476650564e-05,9.057971014492754e-05,0.005122785829307568,0.0028683574879227055,0.009772544283413849,0.009400161030595813,0.004488727858293076,0.011473429951690822,0.040650161030595815,0.02395330112721417,0.059561191626409014,0.06172504025764895,0.06701892109500805,0.03695652173913044,0.0724537037037037,0.043780193236714976,0.06510668276972625,0.08698671497584541,0.058031400966183574,0.10236513687600644,0.036523752012882445,0.04827898550724638,0.057971014492753624,0.02696256038647343,0.019001610305958132,0.019273349436392914,0.015247584541062802,0.01126207729468599,0.0026871980676328503,0.0005837359098228663,0.00037238325281803544,1.0064412238325282e-05,0.0,0.0,0.0,0.0,0.0,0.0,0.0,0.0,0.0,0.0,0.0,0.0,0.0,0.0,0.0,0.0,0.0,0.0,0.0,0.0,0.0,0.0,0.0,0.0,0.0,0.0,0.0,0.0,0.0,0.0,0.0,0.0,0.0,0.0,0.0,0.0,0.0,0.0,0.0,0.0,0.0,0.0,0.0,0.0,0.0,nan,nan,4.2034685661195414,2.871098880297541,nan,0.917947662004959,0.023019516619168682,0.0,0.0,0.0,0.0,0.0,0.0,0.0,0.0,0.0,0.0,0.0,0.0,0.0,0.0,0.0,0.0,0.0,0.0,0.0,0.0,0.0,0.0,0.0,0.0,0.0,0.34588777863182174,6.076095311299002,15.945426594926982,7.090699461952346,0.5418908531898541,0.9170397748810099,0.022514871573399296,0.0,0.0,0.0,0.0,0.0,0.0,0.0,0.0,0.0,0.0,0.0,0.0,0.0,0.0,0.0,0.0,0.0,0.0,0.0,0.0,0.0,0.0,0.0,0.0,0.012679628064243453,0.3677092138630601,6.4666103127641605,16.153846153846157,6.631445477599326,0.3677092138630601,0.3994,0.01092,0.0,0.0,0.0,0.0,0.0,0.0,0.0,0.0,0.0,0.0,0.0,15.945426594926957,14.008455034588781,0.0461183704842429,0.0,0.0,0.0,0.0,0.0,0.0,0.0,0.0,0.0,0.0,0.0,0.0,0.0,0.0,0.0,0.0,0.3997,0.01076,0.0,0.0,0.0,0.0,0.0,0.0,0.0,0.0,0.0,0.0,0.05071851225697381,15.050718512256953,14.885883347421812,0.012679628064243453,0.0,0.0,0.0,0.0,0.0,0.0,0.0,0.0,0.0,0.0,0.0,0.0,0.0,0.0,0.0,0.0
52000,4636,2434,0.5250215703192407,1138,962,0.45297670405522,1294,0.5582398619499569,0.418,2.938692098092643,3.0577787104039276,6.608996539792387,2.0384000519069665,9449.341898254195,1518.3666015732383,7853.0,10918.363173246384,10893.52631072574,6.907457658919675,7853.0,0.0,27.981018119068164,20.879519678809444,32.89228007181328,19.132190609677917,0.1408541846419327,0.09447799827437446,0.0942622950819672,0.08822260569456428,0.08045729076790337,0.07614322691975842,0.0724762726488352,0.0638481449525453,0.05543572044866264,0.05349439171699741,0.04637618636755824,0.03710094909404659,0.03386540120793788,0.025668679896462467,0.017471958584987058,0.012079378774805867,0.007765314926660914,0.9170243421744642,0.022975873076078457,0.0,0.0,0.0,0.0,0.0,0.0,0.0,0.0,0.0,0.0,0.0,0.0,0.0,0.0,0.0,0.0,0.0,0.0,0.0,0.0,0.0,0.0,0.0,0.0,0.00647109577221743,0.4723899913718724,6.341673856773082,15.951251078515964,6.788179465056085,0.44003451251078524,4.136439267886855,2.838999841473927,nan,nan,nan,4.188079470198676,2.8522775180620314,4.084280936454849,2.8245674013354236,0.9752157201212559,0.3992,0.01131,0.0,0.0,0.0,0.0,0.0,0.0,0.0,0.0,0.0,0.0,0.04529767040552202,16.0094909404659,13.919327006039692,0.02588438308886972,0.0,0.0,0.0,0.0,0.0,0.0,0.0,0.0,0.0,0.0,0.0,0.0,0.0,0.0,0.0,0.0,nan,nan,4.136439267886855,2.838999841473927,nan,0.3992,0.0523,0.0,0.0,0.0,0.0,0.0,0.0,0.0,0.0,0.0,0.0,0.0,0.0,0.0,0.0,0.0,0.0,0.0,0.0,0.0,0.0,0.0,0.0,0.0,0.0,0.0,1.0785159620362381e-05,0.00634167385677308,0.0032031924072476272,0.010256686798964625,0.00996548748921484,0.004421915444348576,0.011669542709232096,0.04159836065573771,0.024439171699741156,0.05964193270060397,0.06244607420189819,0.06418248490077653,0.037801984469370144,0.07267040552200173,0.04578300258843831,0.06279119930974979,0.08595772217428818,0.05568377911993098,0.10154227782571182,0.03584987057808456,0.05005392579810181,0.0588869715271786,0.02657463330457291,0.02165660051768766,0.017860224331320104,0.013697152717860225,0.01136755823986195,0.002858067299396031,0.0006255392579810181,0.00014020707506471095,0.0,0.0,0.0,2.1570319240724762e-05,0.0,0.0,0.0,0.0,0.0,0.0,0.0,0.0,0.0,0.0,0.0,0.0,0.0,0.0,0.0,0.0,0.0,0.0,0.0,0.0,0.0,0.0,0.0,0.0,0.0,0.0,0.0,0.0,0.0,0.0,0.0,0.0,0.0,0.0,0.0,0.0,0.0,0.0,0.0,0.0,0.0,0.0,nan,nan,4.136439267886855,2.838999841473927,nan,0.9168233295983728,0.022487544589198175,0.0,0.0,0.0,0.0,0.0,0.0,0.0,0.0,0.0,0.0,0.0,0.0,0.0,0.0,0.0,0.0,0.0,0.0,0.0,0.0,0.0,0.0,0.0,0.0,0.0,0.3944124897288415,6.470829909613806,16.23253903040263,6.433853738701727,0.4683648315529993,0.9172465331872738,0.023501848269917275,0.0,0.0,0.0,0.0,0.0,0.0,0.0,0.0,0.0,0.0,0.0,0.0,0.0,0.0,0.0,0.0,0.0,0.0,0.0,0.0,0.0,0.0,0.0,0.0,0.01362397820163488,0.5585831062670301,6.198910081743871,15.640326975476842,7.179836512261582,0.4087193460490464,0.3992,0.01139,0.0,0.0,0.0,0.0,0.0,0.0,0.0,0.0,0.0,0.0,0.024650780608052595,16.096959737058317,13.841413311421531,0.03697617091207889,0.0,0.0,0.0,0.0,0.0,0.0,0.0,0.0,0.0,0.0,0.0,0.0,0.0,0.0,0.0,0.0,0.3992,0.01121,0.0,0.0,0.0,0.0,0.0,0.0,0.0,0.0,0.0,0.0,0.0681198910081744,15.912806539509514,14.005449591280657,0.01362397820163488,0.0,0.0,0.0,0.0,0.0,0.0,0.0,0.0,0.0,0.0,0.0,0.0,0.0,0.0,0.0,0.0
52100,4569,2373,0.5193696651346028,1170,884,0.4495513241409499,1253,0.5484788794046838,0.418,3.0765027322404372,3.1262991864762877,6.612557427258806,2.0450429474990464,9432.04943096335,1519.0271228694346,7853.0,10919.407015740871,10893.318942297325,7.157829480571333,7853.0,0.0,28.52133946158897,20.97913047261123,33.420752269779506,19.168334376112426,0.13350842635149923,0.0976143576274896,0.09148610199168308,0.08273145108338804,0.08098052090172904,0.07704092799299628,0.07135040490260451,0.06631648063033486,0.056905230903917706,0.05362223681330707,0.04836944626833005,0.03633180126942438,0.03698840008754651,0.029328080542788355,0.020354563361785948,0.009411249726417159,0.007660319544758153,0.9168293251592603,0.02311473360682399,0.0,0.0,0.0,0.0,0.0,0.0,0.0,0.0,0.0,0.0,0.0,0.0,0.0,0.0,0.0,0.0,0.0,0.0,0.0,0.0,0.0,0.0,0.0,0.0,0.006565988181221275,0.45961917268548924,6.5265922521339474,15.738673670387396,6.822061720288905,0.44648719632304673,4.296519410977242,2.917270952998863,nan,nan,nan,4.297771775827144,2.934541622699301,4.294156706507304,2.9008274428626595,0.9991588503279368,0.3992,0.01084,0.0,0.0,0.0,0.0,0.0,0.0,0.0,0.0,0.0,0.0,0.03939592908732765,16.086671043992098,13.867367038739333,0.006565988181221275,0.0,0.0,0.0,0.0,0.0,0.0,0.0,0.0,0.0,0.0,0.0,0.0,0.0,0.0,0.0,0.0,nan,nan,4.296519410977242,2.917270952998863,nan,0.3992,0.05237,0.0,0.0,0.0,0.0,0.0,0.0,0.0,0.0,0.0,0.0,0.0,0.0,0.0,0.0,0.0,0.0,0.0,0.0,0.0,0.0,0.0,0.0,0.0,0.0,0.0,6.565988181221274e-05,0.005942219304005253,0.00397242284963887,0.011632742394397023,0.011008973517181003,0.005668636463121033,0.012158021448894725,0.03914423287371416,0.02431604289778945,0.05783541256292405,0.057463339899321515,0.06573648500766031,0.03808273145108339,0.07003720726636026,0.04560078791858175,0.0663383672576056,0.08653972422849639,0.05773692274020573,0.1036112934996717,0.03509520682862771,0.048588312541037425,0.05889691398555483,0.02740205734296345,0.02133946158896914,0.01861457649376231,0.013624425476034143,0.010790107244473627,0.002013569708907857,0.0005362223681330707,0.000207922959072007,0.0,0.0,0.0,0.0,0.0,0.0,0.0,0.0,0.0,0.0,0.0,0.0,0.0,0.0,0.0,0.0,0.0,0.0,0.0,0.0,0.0,0.0,0.0,0.0,0.0,0.0,0.0,0.0,0.0,0.0,0.0,0.0,0.0,0.0,0.0,0.0,0.0,0.0,0.0,0.0,0.0,0.0,0.0,0.0,0.0,0.0,nan,nan,4.296519410977242,2.917270952998863,nan,0.9162412701002717,0.02335679576073474,0.0,0.0,0.0,0.0,0.0,0.0,0.0,0.0,0.0,0.0,0.0,0.0,0.0,0.0,0.0,0.0,0.0,0.0,0.0,0.0,0.0,0.0,0.0,0.0,0.012642225031605565,0.5436156763590393,6.624525916561316,15.790139064475351,6.624525916561316,0.4045512010113781,0.9174647780986865,0.022833259686115187,0.0,0.0,0.0,0.0,0.0,0.0,0.0,0.0,0.0,0.0,0.0,0.0,0.0,0.0,0.0,0.0,0.0,0.0,0.0,0.0,0.0,0.0,0.0,0.0,0.0,0.3688524590163935,6.420765027322406,15.68306010928962,7.035519125683062,0.4918032786885247,0.399,0.010704,0.0,0.0,0.0,0.0,0.0,0.0,0.0,0.0,0.0,0.0,0.02528445006321113,16.270543615676335,13.691529709228828,0.012642225031605565,0.0,0.0,0.0,0.0,0.0,0.0,0.0,0.0,0.0,0.0,0.0,0.0,0.0,0.0,0.0,0.0,0.3992,0.010994,0.0,0.0,0.0,0.0,0.0,0.0,0.0,0.0,0.0,0.0,0.05464480874316941,15.887978142076479,14.057377049180332,0.0,0.0,0.0,0.0,0.0,0.0,0.0,0.0,0.0,0.0,0.0,0.0,0.0,0.0,0.0,0.0,0.0
52200,4584,2375,0.5181064572425829,1103,966,0.4513525305410122,1303,0.5684991273996509,0.418,2.960615663196016,3.1263981797598395,6.754816112084063,2.17277948155518,9428.323449253243,1519.2809811716631,7853.0,10918.53222411871,10893.540080579733,6.8881206109872375,7853.0,0.0,27.583769633507853,20.70466637076272,32.4860930595269,18.992432830035263,0.13961605584642234,0.09904013961605584,0.09904013961605584,0.08616928446771378,0.08376963350785341,0.07286212914485166,0.07547993019197208,0.06435427574171029,0.0549738219895288,0.04952006980802792,0.045157068062827224,0.039485165794066315,0.029450261780104712,0.025523560209424083,0.018106457242582898,0.011780104712041885,0.005671902268760907,0.9167290720536031,0.022816520587650466,0.0,0.0,0.0,0.0,0.0,0.0,0.0,0.0,0.0,0.0,0.0,0.0,0.0,0.0,0.0,0.0,0.0,0.0,0.0,0.0,0.0,0.0,0.0,0.0,0.0,0.38612565445026187,6.767015706806284,15.73298429319372,6.747382198952881,0.36649214659685875,4.361687648860157,2.9198506366725194,nan,nan,nan,4.410462776659959,2.9100990670311697,4.31146408839779,2.9290092341975,0.9775536733274188,0.399,0.011246,0.0,0.0,0.0,0.0,0.0,0.0,0.0,0.0,0.0,0.0,0.03272251308900524,16.191099476439767,13.710732984293196,0.06544502617801048,0.0,0.0,0.0,0.0,0.0,0.0,0.0,0.0,0.0,0.0,0.0,0.0,0.0,0.0,0.0,0.0,nan,nan,4.361687648860157,2.9198506366725194,nan,0.399,0.05258,0.0,0.0,0.0,0.0,0.0,0.0,0.0,0.0,0.0,0.0,0.0,0.0,0.0,0.0,0.0,0.0,0.0,0.0,0.0,0.0,0.0,0.0,0.0,0.0,0.0,0.0001636125654450262,0.005595549738219895,0.004668411867364747,0.010896596858638743,0.011463787085514834,0.00599912739965096,0.012696335078534031,0.03957242582897033,0.024214659685863876,0.058824171029668415,0.05678446771378708,0.06520506108202444,0.03719458987783595,0.07049520069808028,0.04493891797556719,0.06962260034904014,0.0806828097731239,0.05887870855148342,0.10473385689354275,0.034075043630017454,0.04740401396160558,0.06116928446771379,0.028163176265270505,0.020091623036649214,0.019175392670157068,0.013634380453752181,0.011071116928446771,0.0018324607329842932,0.000512652705061082,0.0002399650959860384,0.0,0.0,0.0,0.0,0.0,0.0,0.0,0.0,0.0,0.0,0.0,0.0,0.0,0.0,0.0,0.0,0.0,0.0,0.0,0.0,0.0,0.0,0.0,0.0,0.0,0.0,0.0,0.0,0.0,0.0,0.0,0.0,0.0,0.0,0.0,0.0,0.0,0.0,0.0,0.0,0.0,0.0,0.0,0.0,0.0,0.0,nan,nan,4.361687648860157,2.9198506366725194,nan,0.9171496487416719,0.022654589490280153,0.0,0.0,0.0,0.0,0.0,0.0,0.0,0.0,0.0,0.0,0.0,0.0,0.0,0.0,0.0,0.0,0.0,0.0,0.0,0.0,0.0,0.0,0.0,0.0,0.0,0.32842105263157906,6.606315789473686,15.814736842105265,6.821052631578949,0.4294736842105264,0.9162768902364172,0.02298076315685921,0.0,0.0,0.0,0.0,0.0,0.0,0.0,0.0,0.0,0.0,0.0,0.0,0.0,0.0,0.0,0.0,0.0,0.0,0.0,0.0,0.0,0.0,0.0,0.0,0.0,0.4481665912177457,6.93979176097782,15.645088275237667,6.668175645088277,0.2987777274784971,0.399,0.01113,0.0,0.0,0.0,0.0,0.0,0.0,0.0,0.0,0.0,0.0,0.0505263157894737,16.168421052631555,13.730526315789477,0.0505263157894737,0.0,0.0,0.0,0.0,0.0,0.0,0.0,0.0,0.0,0.0,0.0,0.0,0.0,0.0,0.0,0.0,0.3992,0.01136,0.0,0.0,0.0,0.0,0.0,0.0,0.0,0.0,0.0,0.0,0.013580805794477142,16.21548211860568,13.68945224083296,0.08148483476686284,0.0,0.0,0.0,0.0,0.0,0.0,0.0,0.0,0.0,0.0,0.0,0.0,0.0,0.0,0.0,0.0
52300,4792,2464,0.5141903171953256,1145,984,0.4442821368948247,1383,0.577212020033389,0.40199999999999997,2.9299828178694156,2.9688812151731274,6.253333333333333,2.061168313072665,9416.509915168514,1519.7572346101856,7853.0,10919.86978816986,10893.722205149155,7.109528984057592,7853.0,0.0,28.17007512520868,21.024979125786672,33.15577639751553,19.24471583971154,0.13689482470784642,0.09870617696160267,0.09745409015025042,0.08284641068447413,0.08117696160267111,0.07387312186978297,0.0676126878130217,0.06531719532554257,0.0573873121869783,0.056343906510851416,0.046535893155258766,0.036519198664440734,0.03380634390651085,0.029424040066777964,0.0162771285475793,0.012520868113522538,0.007303839732888147,0.9169043317337665,0.02303417513441279,0.0,0.0,0.0,0.0,0.0,0.0,0.0,0.0,0.0,0.0,0.0,0.0,0.0,0.0,0.0,0.0,0.0,0.0,0.0,0.0,0.0,0.0,0.0,0.0,0.006260434056761271,0.43196994991652765,6.304257095158599,16.277128547579302,6.573455759599334,0.40692821368948257,4.241379310344827,2.7654122006599753,nan,nan,nan,4.197427652733119,2.76477494948381,4.285529715762274,2.7653489747153706,1.0209895370017366,0.3997,0.0111,0.0,0.0,0.0,0.0,0.0,0.0,0.0,0.0,0.0,0.0,0.037562604340567615,15.431969949916507,14.505425709515864,0.025041736227045083,0.0,0.0,0.0,0.0,0.0,0.0,0.0,0.0,0.0,0.0,0.0,0.0,0.0,0.0,0.0,0.0,nan,nan,4.241379310344827,2.7654122006599753,nan,0.3997,0.05212,0.0,0.0,0.0,0.0,0.0,0.0,0.0,0.0,0.0,0.0,0.0,0.0,0.0,0.0,0.0,0.0,0.0,0.0,0.0,0.0,0.0,0.0,0.0,0.0,0.0,0.00030258764607679465,0.004476210350584307,0.0051961602671118535,0.010475792988313857,0.010674040066777963,0.006020450751252087,0.011414858096828047,0.04074499165275459,0.023414023372287145,0.05453881469115192,0.057429048414023375,0.06516068447412354,0.03763564273789649,0.07110809682804674,0.04411519198664441,0.07216193656093489,0.08097871452420702,0.05754382303839733,0.1087228714524207,0.03695742904841402,0.04722454090150251,0.05734557595993322,0.028964941569282136,0.020127295492487478,0.020899415692821367,0.013063439065108514,0.010715776293823039,0.002013772954924875,0.0001669449081803005,0.0004069282136894825,0.0,0.0,0.0,0.0,0.0,0.0,0.0,0.0,0.0,0.0,0.0,0.0,0.0,0.0,0.0,0.0,0.0,0.0,0.0,0.0,0.0,0.0,0.0,0.0,0.0,0.0,0.0,0.0,0.0,0.0,0.0,0.0,0.0,0.0,0.0,0.0,0.0,0.0,0.0,0.0,0.0,0.0,0.0,0.0,0.0,0.0,nan,nan,4.241379310344827,2.7654122006599753,nan,0.9170347993782202,0.02307897189498512,0.0,0.0,0.0,0.0,0.0,0.0,0.0,0.0,0.0,0.0,0.0,0.0,0.0,0.0,0.0,0.0,0.0,0.0,0.0,0.0,0.0,0.0,0.0,0.0,0.012175324675324678,0.40178571428571436,6.160714285714287,16.314935064935067,6.696428571428573,0.41396103896103903,0.9167662422681592,0.022985859606083105,0.0,0.0,0.0,0.0,0.0,0.0,0.0,0.0,0.0,0.0,0.0,0.0,0.0,0.0,0.0,0.0,0.0,0.0,0.0,0.0,0.0,0.0,0.0,0.0,0.0,0.46391752577319595,6.456185567010311,16.23711340206186,6.443298969072167,0.3994845360824743,0.3997,0.01114,0.0,0.0,0.0,0.0,0.0,0.0,0.0,0.0,0.0,0.0,0.012175324675324678,15.097402597402576,14.878246753246756,0.012175324675324678,0.0,0.0,0.0,0.0,0.0,0.0,0.0,0.0,0.0,0.0,0.0,0.0,0.0,0.0,0.0,0.0,0.3997,0.011055,0.0,0.0,0.0,0.0,0.0,0.0,0.0,0.0,0.0,0.0,0.06443298969072166,15.786082474226783,14.110824742268044,0.038659793814433,0.0,0.0,0.0,0.0,0.0,0.0,0.0,0.0,0.0,0.0,0.0,0.0,0.0,0.0,0.0,0.0
52400,4616,2354,0.5099653379549394,1065,945,0.4354419410745234,1306,0.5658578856152513,0.426,2.9787798408488064,3.1521245577216677,6.80623973727422,2.13852622125895,9403.765765099542,1520.1678877600934,7853.0,10917.209205806255,10893.923862234276,6.895153526908478,7853.0,0.0,27.251733102253034,20.6220816754502,32.14178525226391,18.98079850661475,0.13778162911611785,0.10701906412478336,0.10008665511265165,0.08882149046793761,0.08297227036395147,0.07625649913344887,0.06520797227036396,0.06174176776429809,0.05632582322357019,0.0511265164644714,0.04592720970537262,0.04072790294627383,0.030979202772963604,0.021880415944540727,0.015381282495667245,0.012131715771230503,0.005632582322357019,0.9172075919458317,0.02265093833902799,0.0,0.0,0.0,0.0,0.0,0.0,0.0,0.0,0.0,0.0,0.0,0.0,0.0,0.0,0.0,0.0,0.0,0.0,0.0,0.0,0.0,0.0,0.0,0.0,0.01299826689774697,0.41594454072790304,6.193674176776431,16.364818024263435,6.5446273830156,0.4679376083188909,4.45256985167299,2.9249688355129506,nan,nan,nan,4.446985446985447,2.9566859745280967,4.458104395604396,2.893181208563521,1.0025003339344154,0.4001,0.0109,0.0,0.0,0.0,0.0,0.0,0.0,0.0,0.0,0.0,0.0,0.02599653379549394,14.90901213171575,15.019497400346623,0.045493934142114396,0.0,0.0,0.0,0.0,0.0,0.0,0.0,0.0,0.0,0.0,0.0,0.0,0.0,0.0,0.0,0.0,nan,nan,4.45256985167299,2.9249688355129506,nan,0.4001,0.0521,0.0,0.0,0.0,0.0,0.0,0.0,0.0,0.0,0.0,0.0,0.0,0.0,0.0,0.0,0.0,0.0,0.0,0.0,0.0,0.0,0.0,0.0,0.0,1.0831889081455806e-05,0.0,0.0003791161178509532,0.004105285961871751,0.006011698440207972,0.010723570190641248,0.008719670710571923,0.006195840554592721,0.010951039861351819,0.03727253032928943,0.022920277296360484,0.056055025996533794,0.055773396880415944,0.06684358752166378,0.03966637781629116,0.07195623916811092,0.04265597920277296,0.0723028596187175,0.07956022530329289,0.05908795493934142,0.10734402079722703,0.03791161178509532,0.04797443674176777,0.05604419410745234,0.029961005199306757,0.019952339688041595,0.021782928942807627,0.013604852686308492,0.011384315424610053,0.002393847487001733,4.3327556325823225e-05,0.0004116117850953206,0.0,0.0,0.0,0.0,0.0,0.0,0.0,0.0,0.0,0.0,0.0,0.0,0.0,0.0,0.0,0.0,0.0,0.0,0.0,0.0,0.0,0.0,0.0,0.0,0.0,0.0,0.0,0.0,0.0,0.0,0.0,0.0,0.0,0.0,0.0,0.0,0.0,0.0,0.0,0.0,0.0,0.0,0.0,0.0,0.0,0.0,nan,nan,4.45256985167299,2.9249688355129506,nan,0.9170195804426198,0.022287409891888214,0.0,0.0,0.0,0.0,0.0,0.0,0.0,0.0,0.0,0.0,0.0,0.0,0.0,0.0,0.0,0.0,0.0,0.0,0.0,0.0,0.0,0.0,0.0,0.0,0.012744265080713682,0.3440951571792694,6.282922684791846,16.503823279524216,6.410365335598982,0.44604927782497883,0.9174032502475826,0.02302152774470912,0.0,0.0,0.0,0.0,0.0,0.0,0.0,0.0,0.0,0.0,0.0,0.0,0.0,0.0,0.0,0.0,0.0,0.0,0.0,0.0,0.0,0.0,0.0,0.0,0.013262599469496024,0.4907161803713529,6.100795755968171,16.220159151193638,6.684350132625997,0.4907161803713529,0.4004,0.010826,0.0,0.0,0.0,0.0,0.0,0.0,0.0,0.0,0.0,0.0,0.012744265080713682,14.579439252336426,15.356839422259986,0.05097706032285473,0.0,0.0,0.0,0.0,0.0,0.0,0.0,0.0,0.0,0.0,0.0,0.0,0.0,0.0,0.0,0.0,0.4,0.01097,0.0,0.0,0.0,0.0,0.0,0.0,0.0,0.0,0.0,0.0,0.03978779840848807,15.251989389920402,14.668435013262602,0.03978779840848807,0.0,0.0,0.0,0.0,0.0,0.0,0.0,0.0,0.0,0.0,0.0,0.0,0.0,0.0,0.0,0.0
52500,4814,2527,0.5249272953884504,1212,949,0.4488990444536768,1302,0.5409223099293726,0.426,2.979886313948404,3.090606299411672,6.531782945736434,2.182594448478887,9449.225934469594,1518.543385265465,7853.0,10918.53187739849,10893.851463607685,6.939360130517087,7853.0,0.0,28.409015371832155,20.943608623031714,32.97369702873843,19.288470514983306,0.12962193601994185,0.09513917739925218,0.09846281678437889,0.08932280847528043,0.0793518903199003,0.07561279601163273,0.07041960947237225,0.06398005816368924,0.05733277939343581,0.057125051931865393,0.045700041545492315,0.039052762775238885,0.03365184877440797,0.02721229746572497,0.018903199002908183,0.0105941005400914,0.008516825924387204,0.9171746345689596,0.0228005326916583,0.0,0.0,0.0,0.0,0.0,0.0,0.0,0.0,0.0,0.0,0.0,0.0,0.0,0.0,0.0,0.0,0.0,0.0,0.0,0.0,0.0,0.0,0.0,0.0,0.00623182384711259,0.39260490236809314,6.28167843788949,16.190278354798508,6.705442459493146,0.4237640216036561,4.146045918367347,2.9133484448580487,nan,nan,nan,4.164007657945118,2.921308947720739,4.128107074569789,2.9052654861372633,0.9913783579848062,0.4,0.01108,0.0,0.0,0.0,0.0,0.0,0.0,0.0,0.0,0.0,0.0,0.037390943082675536,15.062318238471105,14.881595346904863,0.018695471541337768,0.0,0.0,0.0,0.0,0.0,0.0,0.0,0.0,0.0,0.0,0.0,0.0,0.0,0.0,0.0,0.0,nan,nan,4.146045918367347,2.9133484448580487,nan,0.4,0.0522,0.0,0.0,0.0,0.0,0.0,0.0,0.0,0.0,0.0,0.0,0.0,0.0,0.0,0.0,0.0,0.0,0.0,0.0,0.0,0.0,0.0,0.0,0.0,0.0,2.077274615704196e-05,0.0004154549231408392,0.0036248442044038223,0.006429164935604487,0.009825508932280848,0.008288325716659743,0.007561279601163273,0.009835895305359369,0.039655172413793106,0.024179476526796844,0.05747818861653511,0.05649148317407561,0.06542376402160366,0.04020565018695472,0.07261113419194018,0.04343581221437474,0.07071042791857084,0.07774200249272954,0.06010594100540091,0.1047985043622767,0.03749480681346074,0.04944952222683839,0.055639800581636895,0.02952845866223515,0.01864353967594516,0.021956792687993353,0.013616535105941005,0.012110511009555463,0.0023265475695886995,1.038637307852098e-05,0.00038429580390527627,0.0,0.0,0.0,0.0,0.0,0.0,0.0,0.0,0.0,0.0,0.0,0.0,0.0,0.0,0.0,0.0,0.0,0.0,0.0,0.0,0.0,0.0,0.0,0.0,0.0,0.0,0.0,0.0,0.0,0.0,0.0,0.0,0.0,0.0,0.0,0.0,0.0,0.0,0.0,0.0,0.0,0.0,0.0,0.0,0.0,0.0,nan,nan,4.146045918367347,2.9133484448580487,nan,0.9174248566729398,0.02280485060270773,0.0,0.0,0.0,0.0,0.0,0.0,0.0,0.0,0.0,0.0,0.0,0.0,0.0,0.0,0.0,0.0,0.0,0.0,0.0,0.0,0.0,0.0,0.0,0.0,0.011871784724970323,0.403640680648991,6.137712702809657,16.098140087059758,6.9212504946576985,0.4273842500989316,0.9168981539144963,0.022792566396455625,0.0,0.0,0.0,0.0,0.0,0.0,0.0,0.0,0.0,0.0,0.0,0.0,0.0,0.0,0.0,0.0,0.0,0.0,0.0,0.0,0.0,0.0,0.0,0.0,0.0,0.380411018801924,6.440752076956714,16.292085701792743,6.466987319632708,0.41976388281591615,0.3997,0.01106,0.0,0.0,0.0,0.0,0.0,0.0,0.0,0.0,0.0,0.0,0.011871784724970323,15.207756232686958,14.756628413138111,0.023743569449940646,0.0,0.0,0.0,0.0,0.0,0.0,0.0,0.0,0.0,0.0,0.0,0.0,0.0,0.0,0.0,0.0,0.4,0.0111,0.0,0.0,0.0,0.0,0.0,0.0,0.0,0.0,0.0,0.0,0.0655881066899869,14.901617839964997,15.019676432007,0.01311762133799738,0.0,0.0,0.0,0.0,0.0,0.0,0.0,0.0,0.0,0.0,0.0,0.0,0.0,0.0,0.0,0.0
52600,4942,2547,0.5153783893160664,1227,1012,0.45305544314042895,1372,0.5552407932011332,0.43,2.964091858037578,3.168800929666358,6.772445820433436,2.159129775252859,9420.065240011229,1519.594901241801,7853.0,10918.562273204327,10893.61107818433,7.130146428859248,7853.0,0.0,27.294617563739376,20.70240191201464,32.44801558315072,18.91849195996346,0.14771347632537435,0.09975718332658842,0.09388911371914205,0.0868069607446378,0.08276001618777823,0.07709429380817483,0.06920275192229866,0.06535815459328208,0.05625252934034804,0.05099150141643059,0.043504653986240385,0.03824362606232295,0.03055443140428976,0.025293403480372317,0.016390125455281263,0.009105625252934034,0.007082152974504249,0.9164716983338398,0.02275386263900488,0.0,0.0,0.0,0.0,0.0,0.0,0.0,0.0,0.0,0.0,0.0,0.0,0.0,0.0,0.0,0.0,0.0,0.0,0.0,0.0,0.0,0.0,0.0,0.0,0.012140833670578716,0.3885066774585189,6.659247268312425,15.977337110481589,6.5621205989477955,0.40064751112909763,4.256329113924051,2.945623948953099,nan,nan,nan,4.2591424968474145,2.9838248719054516,4.253494282083863,2.9066212565891245,0.9986738610488537,0.4001,0.01098,0.0,0.0,0.0,0.0,0.0,0.0,0.0,0.0,0.0,0.0,0.024281667341157432,15.09105625252932,14.84216916228248,0.04249291784702551,0.0,0.0,0.0,0.0,0.0,0.0,0.0,0.0,0.0,0.0,0.0,0.0,0.0,0.0,0.0,0.0,nan,nan,4.256329113924051,2.945623948953099,nan,0.4001,0.05246,0.0,0.0,0.0,0.0,0.0,0.0,0.0,0.0,0.0,0.0,0.0,0.0,0.0,0.0,0.0,0.0,0.0,0.0,0.0,0.0,0.0,0.0,1.0117361392148928e-05,0.0,0.0,0.00014164305949008498,0.004360582760016188,0.006808984216916229,0.009479967624443544,0.008539053014973695,0.007375556454876568,0.010259004451639013,0.039083367057871306,0.025151760420882234,0.05925738567381627,0.052842978551193846,0.06283893160663699,0.04165317685147713,0.06948603804127883,0.044961554026709837,0.070720356131121,0.07888506677458519,0.05808377175232699,0.10513961958721166,0.03877984621610684,0.050364225010117364,0.05581748280048563,0.029977741804937272,0.018352893565358155,0.021944556859571022,0.015044516390125455,0.012242007284500202,0.0019121813031161474,8.093889113719143e-05,0.00038445973290165926,0.0,0.0,2.0234722784297857e-05,0.0,0.0,0.0,0.0,0.0,0.0,0.0,0.0,0.0,0.0,0.0,0.0,0.0,0.0,0.0,0.0,0.0,0.0,0.0,0.0,0.0,0.0,0.0,0.0,0.0,0.0,0.0,0.0,0.0,0.0,0.0,0.0,0.0,0.0,0.0,0.0,0.0,0.0,0.0,0.0,0.0,0.0,0.0,nan,nan,4.256329113924051,2.945623948953099,nan,0.9160949035069031,0.023076760460554513,0.0,0.0,0.0,0.0,0.0,0.0,0.0,0.0,0.0,0.0,0.0,0.0,0.0,0.0,0.0,0.0,0.0,0.0,0.0,0.0,0.0,0.0,0.0,0.0,0.023557126030624268,0.38869257950530045,6.855123674911662,15.771495877502948,6.478209658421674,0.4829210836277975,0.9168724066529245,0.022398412952489167,0.0,0.0,0.0,0.0,0.0,0.0,0.0,0.0,0.0,0.0,0.0,0.0,0.0,0.0,0.0,0.0,0.0,0.0,0.0,0.0,0.0,0.0,0.0,0.0,0.0,0.3883089770354907,6.450939457202507,16.196242171189983,6.651356993736954,0.3131524008350731,0.4001,0.01099,0.0,0.0,0.0,0.0,0.0,0.0,0.0,0.0,0.0,0.0,0.011778563015312134,14.899882214369825,15.041224970553595,0.047114252061248536,0.0,0.0,0.0,0.0,0.0,0.0,0.0,0.0,0.0,0.0,0.0,0.0,0.0,0.0,0.0,0.0,0.4,0.01097,0.0,0.0,0.0,0.0,0.0,0.0,0.0,0.0,0.0,0.0,0.03757828810020877,15.294363256784948,14.630480167014618,0.03757828810020877,0.0,0.0,0.0,0.0,0.0,0.0,0.0,0.0,0.0,0.0,0.0,0.0,0.0,0.0,0.0,0.0
52700,4437,2302,0.5188190218616182,1114,900,0.45391029975208474,1264,0.569754338517016,0.38599999999999995,2.8337236533957846,2.8662594982755083,5.955246913580247,2.04716838482422,9430.523032787672,1519.2328014559077,7853.0,10916.024578392506,10893.603690911774,6.923289739385089,7853.0,0.0,29.229434302456614,21.067630111441837,33.80021058173203,19.30192193881539,0.12666215911652018,0.09465855307640297,0.08902411539328375,0.0842911877394636,0.07910750507099391,0.07640297498309669,0.07031778228532792,0.06378183457290962,0.05927428442641424,0.053865224250619785,0.050259184133423486,0.0457516339869281,0.04282172639170611,0.027496055893621817,0.01757944557133198,0.010141987829614604,0.00856434527834122,0.9169643452126136,0.022774365735979966,0.0,0.0,0.0,0.0,0.0,0.0,0.0,0.0,0.0,0.0,0.0,0.0,0.0,0.0,0.0,0.0,0.0,0.0,0.0,0.0,0.0,0.0,0.0,0.0,0.0,0.45300878972278574,6.342123056119001,16.078431372549023,6.659905341446925,0.4665314401622719,3.942548158161541,2.679969205010854,nan,nan,nan,3.9802855200543847,2.6763343692580293,3.905241935483871,2.6830360041437644,0.9811461805459905,0.3994,0.0111,0.0,0.0,0.0,0.0,0.0,0.0,0.0,0.0,0.0,0.0,0.027045300878972285,15.71331981068287,14.239350912778908,0.020283975659229212,0.0,0.0,0.0,0.0,0.0,0.0,0.0,0.0,0.0,0.0,0.0,0.0,0.0,0.0,0.0,0.0,nan,nan,3.942548158161541,2.679969205010854,nan,0.3994,0.05286,0.0,0.0,0.0,0.0,0.0,0.0,0.0,0.0,0.0,0.0,0.0,0.0,0.0,0.0,0.0,0.0,0.0,0.0,0.0,0.0,0.0,0.0,0.0,0.0,3.380662609871535e-05,5.634437683119225e-05,0.004654045526256479,0.007820599504169483,0.009860265945458644,0.00893621816542709,0.008079783637592968,0.010412440838404327,0.04310344827586207,0.025591615956727518,0.06006310570205094,0.052963714221320714,0.06114491773720983,0.04087221095334686,0.06601307189542484,0.04479377958079784,0.06964164976335362,0.08100067613252197,0.0562429569528961,0.10576966418751409,0.03793103448275862,0.04993238674780257,0.0565359477124183,0.030764029749830966,0.016835699797160243,0.022920892494929006,0.015303132747351815,0.010344827586206896,0.002062204192021636,5.634437683119225e-05,0.0002591841334234843,0.0,0.0,0.0,0.0,0.0,0.0,0.0,0.0,0.0,0.0,0.0,0.0,0.0,0.0,0.0,0.0,0.0,0.0,0.0,0.0,0.0,0.0,0.0,0.0,0.0,0.0,0.0,0.0,0.0,0.0,0.0,0.0,0.0,0.0,0.0,0.0,0.0,0.0,0.0,0.0,0.0,0.0,0.0,0.0,0.0,0.0,nan,nan,3.942548158161541,2.679969205010854,nan,0.9169013832932861,0.022666163969422365,0.0,0.0,0.0,0.0,0.0,0.0,0.0,0.0,0.0,0.0,0.0,0.0,0.0,0.0,0.0,0.0,0.0,0.0,0.0,0.0,0.0,0.0,0.0,0.0,0.0,0.49522154648132066,6.059947871416162,16.381407471763687,6.620330147697656,0.4430929626411817,0.9170322320221179,0.02289026399785758,0.0,0.0,0.0,0.0,0.0,0.0,0.0,0.0,0.0,0.0,0.0,0.0,0.0,0.0,0.0,0.0,0.0,0.0,0.0,0.0,0.0,0.0,0.0,0.0,0.0,0.40749414519906335,6.646370023419205,15.751756440281033,6.70257611241218,0.4918032786885247,0.3994,0.011154,0.0,0.0,0.0,0.0,0.0,0.0,0.0,0.0,0.0,0.0,0.039096437880104265,15.821025195482168,14.126846220677674,0.013032145960034755,0.0,0.0,0.0,0.0,0.0,0.0,0.0,0.0,0.0,0.0,0.0,0.0,0.0,0.0,0.0,0.0,0.3994,0.01104,0.0,0.0,0.0,0.0,0.0,0.0,0.0,0.0,0.0,0.0,0.014051522248243563,15.597189695550327,14.36065573770492,0.028103044496487126,0.0,0.0,0.0,0.0,0.0,0.0,0.0,0.0,0.0,0.0,0.0,0.0,0.0,0.0,0.0,0.0
52800,4067,2122,0.521760511433489,1029,781,0.445045488074748,1132,0.5566756823211212,0.418,2.994344473007712,3.1057569721036162,6.622540250447227,1.9907460296685466,9439.44842850819,1518.8518172489592,7853.0,10923.132425427437,10893.568218069184,6.892597835004627,7853.0,0.0,27.75706909269732,20.808315186147457,32.86152032999411,18.99434610660268,0.14556183919350874,0.09687730513892304,0.093926727317433,0.08409146791246619,0.08015736415047947,0.07523973444799606,0.06860093434964347,0.06442094910253258,0.06294566019178756,0.04647160068846816,0.05114334890582739,0.039586919104991396,0.03516105237275633,0.021145807720678634,0.01622817801819523,0.011310548315711827,0.007130563068600934,0.917108315931423,0.02245833054797796,0.0,0.0,0.0,0.0,0.0,0.0,0.0,0.0,0.0,0.0,0.0,0.0,0.0,0.0,0.0,0.0,0.0,0.0,0.0,0.0,0.0,0.0,0.0,0.0,0.0,0.4647160068846817,6.188836980575364,16.051143348905832,6.860093434964349,0.43521022866978126,4.356295445847684,2.925355911691962,nan,nan,nan,4.403041825095057,2.951365970106963,4.305319969159599,2.896185417211006,0.9778058306467827,0.3992,0.01112,0.0,0.0,0.0,0.0,0.0,0.0,0.0,0.0,0.0,0.0,0.022129333661175317,16.14703712810423,13.82345709368085,0.007376444553725106,0.0,0.0,0.0,0.0,0.0,0.0,0.0,0.0,0.0,0.0,0.0,0.0,0.0,0.0,0.0,0.0,nan,nan,4.356295445847684,2.925355911691962,nan,0.3992,0.0528,0.0,0.0,0.0,0.0,0.0,0.0,0.0,0.0,0.0,0.0,0.0,0.0,0.0,0.0,0.0,0.0,0.0,0.0,0.0,0.0,0.0,0.0,0.0,0.0,1.2294074256208507e-05,7.376444553725105e-05,0.004216867469879518,0.007622326038849275,0.00962626014261126,0.00971231866240472,0.008310794197196951,0.010327022375215147,0.043631669535283996,0.02710843373493976,0.06132284238996803,0.0547701008114089,0.057044504548807475,0.03816080649127121,0.06529382837472339,0.04497172362921072,0.06989181214654537,0.08314482419473813,0.05629456601917875,0.106073272682567,0.03759527907548561,0.053343988197688715,0.054106220801573644,0.03197688714039833,0.015441357265797885,0.0223998032948119,0.01566265060240964,0.009048438652569461,0.0023850504057044506,2.4588148512417014e-05,0.00040570445045488076,0.0,0.0,0.0,0.0,0.0,0.0,0.0,0.0,0.0,0.0,0.0,0.0,0.0,0.0,0.0,0.0,0.0,0.0,0.0,0.0,0.0,0.0,0.0,0.0,0.0,0.0,0.0,0.0,0.0,0.0,0.0,0.0,0.0,0.0,0.0,0.0,0.0,0.0,0.0,0.0,0.0,0.0,0.0,0.0,0.0,0.0,nan,nan,4.356295445847684,2.925355911691962,nan,0.9170096070557467,0.02214784298045691,0.0,0.0,0.0,0.0,0.0,0.0,0.0,0.0,0.0,0.0,0.0,0.0,0.0,0.0,0.0,0.0,0.0,0.0,0.0,0.0,0.0,0.0,0.0,0.0,0.0,0.4524033930254478,6.079170593779455,16.399622997172482,6.6870876531574,0.3817153628652216,0.9172160075685359,0.022791761682290308,0.0,0.0,0.0,0.0,0.0,0.0,0.0,0.0,0.0,0.0,0.0,0.0,0.0,0.0,0.0,0.0,0.0,0.0,0.0,0.0,0.0,0.0,0.0,0.0,0.0,0.4781491002570695,6.308483290488433,15.670951156812343,7.04884318766067,0.4935732647814911,0.3992,0.0109,0.0,0.0,0.0,0.0,0.0,0.0,0.0,0.0,0.0,0.0,0.0,16.399622997172454,13.586239396795479,0.014137606032045244,0.0,0.0,0.0,0.0,0.0,0.0,0.0,0.0,0.0,0.0,0.0,0.0,0.0,0.0,0.0,0.0,0.3992,0.01136,0.0,0.0,0.0,0.0,0.0,0.0,0.0,0.0,0.0,0.0,0.04627249357326479,15.871465295629797,14.08226221079692,0.0,0.0,0.0,0.0,0.0,0.0,0.0,0.0,0.0,0.0,0.0,0.0,0.0,0.0,0.0,0.0,0.0
52900,4112,2098,0.5102140077821011,967,824,0.4355544747081712,1141,0.5549610894941635,0.426,3.000496524329692,3.1737972257106057,6.619130434782608,2.266423946380266,9404.21368783021,1519.851029959387,7853.0,10916.570216953754,10893.319677958923,7.077724023095157,7853.0,0.0,27.770428015564203,21.14917879327782,32.99239321240491,19.38795662190691,0.14567120622568094,0.10676070038910505,0.08827821011673152,0.08584630350194553,0.08560311284046693,0.06833657587548637,0.06566147859922179,0.05982490272373541,0.05885214007782101,0.05009727626459144,0.04547665369649805,0.039153696498054474,0.036478599221789886,0.027237354085603113,0.019698443579766536,0.010943579766536964,0.006079766536964981,0.915941787499514,0.02285223131013704,0.0,0.0,0.0,0.0,0.0,0.0,0.0,0.0,0.0,0.0,0.0,0.0,0.0,0.0,0.0,0.0,0.0,0.0,0.0,0.0,0.0,0.0,0.0,0.0,0.0072957198443579785,0.4669260700389106,6.704766536964982,16.2329766536965,6.194066147859924,0.39396887159533084,4.398162327718223,2.916914235920218,nan,nan,nan,4.46607009694258,2.9461619757459045,4.326514555468135,2.884001348152483,0.9687520485695056,0.3992,0.011116,0.0,0.0,0.0,0.0,0.0,0.0,0.0,0.0,0.0,0.0,0.03647859922178989,16.03599221789881,13.905642023346307,0.021887159533073932,0.0,0.0,0.0,0.0,0.0,0.0,0.0,0.0,0.0,0.0,0.0,0.0,0.0,0.0,0.0,0.0,nan,nan,4.398162327718223,2.916914235920218,nan,0.3992,0.05307,0.0,0.0,0.0,0.0,0.0,0.0,0.0,0.0,0.0,0.0,0.0,0.0,0.0,0.0,0.0,0.0,0.0,0.0,0.0,0.0,0.0,0.0,0.0,0.0,1.2159533073929962e-05,0.0,0.003356031128404669,0.007830739299610895,0.008718385214007782,0.011709630350194553,0.009046692607003892,0.010420719844357976,0.04225437743190662,0.025717412451361867,0.06799610894941634,0.05392752918287938,0.055800097276264594,0.040284533073929964,0.06467655642023347,0.041658560311284044,0.07084143968871595,0.08083657587548639,0.05530155642023346,0.1052772373540856,0.03594357976653696,0.054669260700389105,0.05643239299610895,0.030289396887159533,0.01618433852140078,0.020817120622568092,0.01840953307392996,0.008171206225680934,0.002869649805447471,0.00023103112840466925,0.00030398832684824903,1.2159533073929962e-05,0.0,0.0,0.0,0.0,0.0,0.0,0.0,0.0,0.0,0.0,0.0,0.0,0.0,0.0,0.0,0.0,0.0,0.0,0.0,0.0,0.0,0.0,0.0,0.0,0.0,0.0,0.0,0.0,0.0,0.0,0.0,0.0,0.0,0.0,0.0,0.0,0.0,0.0,0.0,0.0,0.0,0.0,0.0,0.0,0.0,nan,nan,4.398162327718223,2.916914235920218,nan,0.9162349901788001,0.02299561001787458,0.0,0.0,0.0,0.0,0.0,0.0,0.0,0.0,0.0,0.0,0.0,0.0,0.0,0.0,0.0,0.0,0.0,0.0,0.0,0.0,0.0,0.0,0.0,0.0,0.014299332697807438,0.4861773117254529,6.620591039084845,16.1439466158246,6.3632030505243105,0.37178265014299344,0.9156363559100692,0.02269788222765919,0.0,0.0,0.0,0.0,0.0,0.0,0.0,0.0,0.0,0.0,0.0,0.0,0.0,0.0,0.0,0.0,0.0,0.0,0.0,0.0,0.0,0.0,0.0,0.0,0.0,0.44687189672293953,6.792452830188681,16.325719960278057,6.017874875868919,0.4170804369414102,0.399,0.01106,0.0,0.0,0.0,0.0,0.0,0.0,0.0,0.0,0.0,0.0,0.04289799809342231,16.029551954242113,13.89895138226883,0.028598665395614876,0.0,0.0,0.0,0.0,0.0,0.0,0.0,0.0,0.0,0.0,0.0,0.0,0.0,0.0,0.0,0.0,0.3992,0.01116,0.0,0.0,0.0,0.0,0.0,0.0,0.0,0.0,0.0,0.0,0.029791459781529302,16.042701092353504,13.912611717974185,0.014895729890764651,0.0,0.0,0.0,0.0,0.0,0.0,0.0,0.0,0.0,0.0,0.0,0.0,0.0,0.0,0.0,0.0
53000,4238,2177,0.5136857008022652,1023,840,0.4395941481831052,1176,0.5549787635677206,0.40199999999999997,2.9364386220281418,3.0571678612914575,6.485217391304348,2.108213481404529,9414.598780785067,1519.433012465079,7853.0,10920.338752031326,10892.98880705885,6.922567362748735,7853.0,0.0,27.745162812647475,20.811048948534207,32.590577678070666,19.13243278129245,0.13756488909863143,0.09792354884379424,0.10075507314771119,0.09084473808400188,0.08069844266163284,0.07149598867390279,0.06937234544596507,0.06559697970740916,0.056630486078338836,0.053327041057102405,0.04436054742803209,0.038225578102878716,0.031382727701746105,0.025719679093912224,0.01793298725814063,0.010618216139688533,0.0075507314771118455,0.9150729082338424,0.022886562478457426,0.0,0.0,0.0,0.0,0.0,0.0,0.0,0.0,0.0,0.0,0.0,0.0,0.0,0.0,0.0,0.0,0.0,0.0,0.0,0.0,0.0,0.0,0.0,0.0,0.0,0.5096743747050496,7.199150542708827,15.79990561585654,6.193959414818313,0.29731005191127896,4.30886736214605,2.819253909609479,nan,nan,nan,4.316446402349486,2.8277276671576663,4.30105900151286,2.81047566480827,0.9964351692567638,0.399,0.01075,0.0,0.0,0.0,0.0,0.0,0.0,0.0,0.0,0.0,0.0,0.02123643227937707,16.48655025955637,13.470976875884855,0.02123643227937707,0.0,0.0,0.0,0.0,0.0,0.0,0.0,0.0,0.0,0.0,0.0,0.0,0.0,0.0,0.0,0.0,nan,nan,4.30886736214605,2.819253909609479,nan,0.399,0.0527,0.0,0.0,0.0,0.0,0.0,0.0,0.0,0.0,0.0,0.0,0.0,0.0,0.0,0.0,0.0,0.0,0.0,0.0,0.0,0.0,0.0,0.0,0.0,0.0,2.3596035865974516e-05,2.3596035865974516e-05,0.0036691835771590375,0.0075507314771118455,0.008942897593204342,0.011939594148183106,0.008199622463426145,0.010075507314771118,0.04169419537517697,0.024504483246814535,0.06914818310523832,0.05427088249174139,0.053256252949504486,0.04059697970740916,0.06654082114204814,0.039995280792826805,0.07291175082586125,0.08016753185464842,0.05832940066068901,0.10927324209532799,0.03454459650778669,0.05520292590844738,0.057279377064653136,0.026958470976875884,0.016918357715903727,0.018428504011326098,0.01799197734780557,0.008506370929683814,0.0027607361963190185,0.0001651722510618216,0.00012977819726285985,0.0,0.0,0.0,0.0,0.0,0.0,0.0,0.0,0.0,0.0,0.0,0.0,0.0,0.0,0.0,0.0,0.0,0.0,0.0,0.0,0.0,0.0,0.0,0.0,0.0,0.0,0.0,0.0,0.0,0.0,0.0,0.0,0.0,0.0,0.0,0.0,0.0,0.0,0.0,0.0,0.0,0.0,0.0,0.0,0.0,0.0,nan,nan,4.30886736214605,2.819253909609479,nan,0.9151160675941611,0.022495392020193655,0.0,0.0,0.0,0.0,0.0,0.0,0.0,0.0,0.0,0.0,0.0,0.0,0.0,0.0,0.0,0.0,0.0,0.0,0.0,0.0,0.0,0.0,0.0,0.0,0.0,0.42719338539274243,7.234726688102896,15.792374827744606,6.27009646302251,0.27560863573725314,0.9150273197198134,0.02329252933448724,0.0,0.0,0.0,0.0,0.0,0.0,0.0,0.0,0.0,0.0,0.0,0.0,0.0,0.0,0.0,0.0,0.0,0.0,0.0,0.0,0.0,0.0,0.0,0.0,0.0,0.596797671033479,7.161572052401748,15.807860262008736,6.113537117903932,0.3202328966521107,0.399,0.01064,0.0,0.0,0.0,0.0,0.0,0.0,0.0,0.0,0.0,0.0,0.027560863573725315,16.412494258153398,13.532384014699131,0.027560863573725315,0.0,0.0,0.0,0.0,0.0,0.0,0.0,0.0,0.0,0.0,0.0,0.0,0.0,0.0,0.0,0.0,0.399,0.01085,0.0,0.0,0.0,0.0,0.0,0.0,0.0,0.0,0.0,0.0,0.014556040756914123,16.56477438136824,13.406113537117907,0.014556040756914123,0.0,0.0,0.0,0.0,0.0,0.0,0.0,0.0,0.0,0.0,0.0,0.0,0.0,0.0,0.0,0.0
53100,4185,2194,0.5242532855436082,1046,861,0.4556750298685783,1178,0.562962962962963,0.426,2.9854344550477148,3.099924465565758,6.612389380530973,2.1665654375729013,9446.820378764456,1518.3057193490379,7853.0,10916.114296376705,10893.172418016979,7.1634918212778835,7853.0,0.0,28.221744324970132,20.89377023687236,33.14504683508373,19.097869163977215,0.13524492234169652,0.0989247311827957,0.0884109916367981,0.08912783751493429,0.08363201911589008,0.07311827956989247,0.07096774193548387,0.06977299880525686,0.05471923536439666,0.054958183990442055,0.044683393070489845,0.03608124253285543,0.03512544802867384,0.02795698924731183,0.02078853046594982,0.011469534050179211,0.005017921146953405,0.9150894019053971,0.023055223604363795,0.0,0.0,0.0,0.0,0.0,0.0,0.0,0.0,0.0,0.0,0.0,0.0,0.0,0.0,0.0,0.0,0.0,0.0,0.0,0.0,0.0,0.0,0.0,0.0,0.0,0.5519713261648747,7.060931899641579,16.078853046594986,5.863799283154123,0.44444444444444453,4.170865279299014,2.9133798336699557,nan,nan,nan,4.251094890510949,2.9607682172455285,4.08625730994152,2.8595052374138854,0.9612246762740184,0.3994,0.010925,0.0,0.0,0.0,0.0,0.0,0.0,0.0,0.0,0.0,0.0,0.043010752688172046,15.713261648745496,14.229390681003588,0.014336917562724018,0.0,0.0,0.0,0.0,0.0,0.0,0.0,0.0,0.0,0.0,0.0,0.0,0.0,0.0,0.0,0.0,nan,nan,4.170865279299014,2.9133798336699557,nan,0.3994,0.05264,0.0,0.0,0.0,0.0,0.0,0.0,0.0,0.0,0.0,0.0,0.0,0.0,0.0,0.0,0.0,0.0,0.0,0.0,0.0,0.0,0.0,0.0,0.0,0.0,1.1947431302270013e-05,3.5842293906810036e-05,0.004480286738351254,0.008267622461170849,0.008518518518518519,0.011780167264038232,0.008888888888888889,0.01010752688172043,0.03985663082437276,0.023118279569892472,0.06851851851851852,0.04990442054958184,0.05328554360812425,0.03847072879330944,0.07013142174432498,0.035663082437275985,0.07360812425328554,0.08144563918757468,0.06243727598566308,0.11535244922341696,0.032688172043010756,0.05469534050179212,0.05929510155316607,0.024611708482676225,0.016810035842293906,0.017837514934289127,0.01939068100358423,0.008291517323775388,0.0022700119474313024,3.5842293906810036e-05,0.0001911589008363202,0.0,0.0,0.0,0.0,0.0,0.0,0.0,0.0,0.0,0.0,0.0,0.0,0.0,0.0,0.0,0.0,0.0,0.0,0.0,0.0,0.0,0.0,0.0,0.0,0.0,0.0,0.0,0.0,0.0,0.0,0.0,0.0,0.0,0.0,0.0,0.0,0.0,0.0,0.0,0.0,0.0,0.0,0.0,0.0,0.0,0.0,nan,nan,4.170865279299014,2.9133798336699557,nan,0.9151998991681536,0.02318410884788094,0.0,0.0,0.0,0.0,0.0,0.0,0.0,0.0,0.0,0.0,0.0,0.0,0.0,0.0,0.0,0.0,0.0,0.0,0.0,0.0,0.0,0.0,0.0,0.0,0.0,0.6700091157702827,6.95989061075661,15.970829535095719,5.989061075660895,0.41020966271649967,0.914967638472706,0.02291174058236732,0.0,0.0,0.0,0.0,0.0,0.0,0.0,0.0,0.0,0.0,0.0,0.0,0.0,0.0,0.0,0.0,0.0,0.0,0.0,0.0,0.0,0.0,0.0,0.0,0.0,0.42189854344550487,7.172275238573583,16.197890507282775,5.725765946760423,0.4821697639377199,0.3994,0.0108,0.0,0.0,0.0,0.0,0.0,0.0,0.0,0.0,0.0,0.0,0.04102096627164996,15.75205104831356,14.193254329990888,0.01367365542388332,0.0,0.0,0.0,0.0,0.0,0.0,0.0,0.0,0.0,0.0,0.0,0.0,0.0,0.0,0.0,0.0,0.3994,0.01106,0.0,0.0,0.0,0.0,0.0,0.0,0.0,0.0,0.0,0.0,0.04520341536916123,15.670517327975869,14.269211451531897,0.015067805123053746,0.0,0.0,0.0,0.0,0.0,0.0,0.0,0.0,0.0,0.0,0.0,0.0,0.0,0.0,0.0,0.0
53200,4013,2044,0.5093446299526538,918,807,0.42985297782207826,1111,0.553700473461251,0.434,3.046724225495175,3.2056404526487245,6.866055045871559,2.0593140473453304,9401.561567949753,1519.8935115123306,7853.0,10918.480711400509,10893.302139032465,6.888425180943173,7853.0,0.0,27.698729130326438,20.967448122438455,32.63368983957219,19.300169321034875,0.14178918514826813,0.10117119362073262,0.10191876401694493,0.08896087714926489,0.08073760279092948,0.0672813356591079,0.06578619486668327,0.06055320209319711,0.05806130077248941,0.04709693496137553,0.0448542237727386,0.04410665337652629,0.03787690007475704,0.02616496386743085,0.01868925990530775,0.00946922501868926,0.00548218290555694,0.9150478001874253,0.022790507055646076,0.0,0.0,0.0,0.0,0.0,0.0,0.0,0.0,0.0,0.0,0.0,0.0,0.0,0.0,0.0,0.0,0.0,0.0,0.0,0.0,0.0,0.0,0.0,0.0,0.0,0.4709693496137554,7.296287067032147,16.02790929479193,5.846000498380265,0.35883379018190886,4.473871733966746,2.9195992858407727,nan,nan,nan,4.464566929133858,2.9355150203153224,4.48207171314741,2.904227803444395,1.003920824637956,0.3997,0.010925,0.0,0.0,0.0,0.0,0.0,0.0,0.0,0.0,0.0,0.0,0.022427111886369304,15.594318464988765,14.360827311238479,0.022427111886369304,0.0,0.0,0.0,0.0,0.0,0.0,0.0,0.0,0.0,0.0,0.0,0.0,0.0,0.0,0.0,0.0,nan,nan,4.473871733966746,2.9195992858407727,nan,0.3997,0.0525,0.0,0.0,0.0,0.0,0.0,0.0,0.0,0.0,0.0,0.0,0.0,0.0,0.0,0.0,0.0,0.0,0.0,0.0,0.0,0.0,0.0,0.0,0.0,0.0,0.0,8.72165462247695e-05,0.003912285073511089,0.006628457513082482,0.0074009469225018686,0.01146274607525542,0.011450286568651881,0.009232494393222029,0.041054074258659354,0.023884874158983303,0.06510092200348866,0.050473461250934465,0.055282830799900325,0.04018190879641166,0.07191627211562422,0.03445053575878395,0.07098180912035883,0.08392723648143534,0.06169947670072265,0.1099676052828308,0.033952155494642415,0.053849987540493395,0.06295788686768004,0.02584101669573885,0.018053825068527287,0.015985546972339896,0.019723398953401444,0.0076376775479691005,0.0022551706952404684,3.73785198106155e-05,0.0006105158235733865,0.0,0.0,0.0,0.0,0.0,0.0,0.0,0.0,0.0,0.0,0.0,0.0,0.0,0.0,0.0,0.0,0.0,0.0,0.0,0.0,0.0,0.0,0.0,0.0,0.0,0.0,0.0,0.0,0.0,0.0,0.0,0.0,0.0,0.0,0.0,0.0,0.0,0.0,0.0,0.0,0.0,0.0,0.0,0.0,0.0,0.0,nan,nan,4.473871733966746,2.9195992858407727,nan,0.9152036925992854,0.022504748057537757,0.0,0.0,0.0,0.0,0.0,0.0,0.0,0.0,0.0,0.0,0.0,0.0,0.0,0.0,0.0,0.0,0.0,0.0,0.0,0.0,0.0,0.0,0.0,0.0,0.0,0.44031311154598834,6.9422700587084165,16.497064579256364,5.738747553816048,0.3816046966731899,0.9148859697710505,0.02308229506530996,0.0,0.0,0.0,0.0,0.0,0.0,0.0,0.0,0.0,0.0,0.0,0.0,0.0,0.0,0.0,0.0,0.0,0.0,0.0,0.0,0.0,0.0,0.0,0.0,0.0,0.5027932960893856,7.663788725241241,15.540883697308281,5.9573387506348405,0.335195530726257,0.4,0.01088,0.0,0.0,0.0,0.0,0.0,0.0,0.0,0.0,0.0,0.0,0.0,15.454990215264164,14.500978473581217,0.04403131115459883,0.0,0.0,0.0,0.0,0.0,0.0,0.0,0.0,0.0,0.0,0.0,0.0,0.0,0.0,0.0,0.0,0.3994,0.01096,0.0,0.0,0.0,0.0,0.0,0.0,0.0,0.0,0.0,0.0,0.04570848146267142,15.7389537836465,14.215337734890811,0.0,0.0,0.0,0.0,0.0,0.0,0.0,0.0,0.0,0.0,0.0,0.0,0.0,0.0,0.0,0.0,0.0
53300,4341,2252,0.5187744759272057,1047,880,0.44390693388620134,1222,0.5630039161483529,0.414,2.9439923408329345,3.111187298578243,6.570689655172414,2.219856210059845,9430.284648954497,1519.1388604482083,7853.0,10921.208243787289,10893.40526692339,6.967856581850682,7853.0,0.0,27.594793826307303,20.68875235877564,32.68739635157546,18.899617321562395,0.14236351071181755,0.10066804883667357,0.0958304538124856,0.08316056208246948,0.07993549873301083,0.08592490209629118,0.06404054365353605,0.06058511863625893,0.0580511402902557,0.05459571527297857,0.04307763188205482,0.0423865468785994,0.03294171849804193,0.02533978346003225,0.0147431467403824,0.009905551716194425,0.0064501266989173,0.9144495445526956,0.022267421654989353,0.0,0.0,0.0,0.0,0.0,0.0,0.0,0.0,0.0,0.0,0.0,0.0,0.0,0.0,0.0,0.0,0.0,0.0,0.0,0.0,0.0,0.0,0.0,0.0,0.0,0.45611610228058064,7.159640635798205,16.606772633033867,5.438838977194195,0.3386316516931583,4.300575953923686,2.9203500805011586,nan,nan,nan,4.358773181169758,2.916642331381999,4.243636363636363,2.922686412834705,0.9735850403891639,0.401,0.01082,0.0,0.0,0.0,0.0,0.0,0.0,0.0,0.0,0.0,0.0,0.0069108500345542515,13.953006219765012,16.00552868002765,0.03455425017277126,0.0,0.0,0.0,0.0,0.0,0.0,0.0,0.0,0.0,0.0,0.0,0.0,0.0,0.0,0.0,0.0,nan,nan,4.300575953923686,2.9203500805011586,nan,0.401,0.05222,0.0,0.0,0.0,0.0,0.0,0.0,0.0,0.0,0.0,0.0,0.0,0.0,0.0,0.0,0.0,0.0,0.0,0.0,0.0,4.6072333563695e-05,0.0,0.0,0.0,0.0,0.0,0.0,0.004019811103432389,0.005540198111034324,0.006830223450817784,0.01111495047224142,0.010746371803731858,0.0094563464639484,0.0380211932734393,0.023508408200875373,0.06465100207325501,0.04735084082008754,0.05415802810412347,0.03925362819626814,0.07426860170467635,0.03516470859249021,0.07519004837595024,0.08410504492052523,0.06220916839437918,0.1075673807878369,0.0357406127620364,0.053513015434231745,0.0645473393227367,0.024706288873531445,0.018440451508868923,0.017553559087767796,0.02069799585348998,0.008074176457037549,0.00285648468094909,0.00018428933425478,0.00048375950241879754,0.0,0.0,0.0,0.0,0.0,0.0,0.0,0.0,0.0,0.0,0.0,0.0,0.0,0.0,0.0,0.0,0.0,0.0,0.0,0.0,0.0,0.0,0.0,0.0,0.0,0.0,0.0,0.0,0.0,0.0,0.0,0.0,0.0,0.0,0.0,0.0,0.0,0.0,0.0,0.0,0.0,0.0,0.0,0.0,0.0,0.0,nan,nan,4.300575953923686,2.9203500805011586,nan,0.9146722464641923,0.022317912922398837,0.0,0.0,0.0,0.0,0.0,0.0,0.0,0.0,0.0,0.0,0.0,0.0,0.0,0.0,0.0,0.0,0.0,0.0,0.0,0.0,0.0,0.0,0.0,0.0,0.0,0.49289520426287753,7.0470692717584384,16.651865008880996,5.501776198934282,0.30639431616341034,0.9142094657088993,0.022210361083854935,0.0,0.0,0.0,0.0,0.0,0.0,0.0,0.0,0.0,0.0,0.0,0.0,0.0,0.0,0.0,0.0,0.0,0.0,0.0,0.0,0.0,0.0,0.0,0.0,0.0,0.4164672091910006,7.280995691718528,16.558161799904266,5.37099090473911,0.373384394447104,0.401,0.010765,0.0,0.0,0.0,0.0,0.0,0.0,0.0,0.0,0.0,0.0,0.013321492007104798,13.907637655417387,16.039076376554178,0.039964476021314393,0.0,0.0,0.0,0.0,0.0,0.0,0.0,0.0,0.0,0.0,0.0,0.0,0.0,0.0,0.0,0.0,0.401,0.01087,0.0,0.0,0.0,0.0,0.0,0.0,0.0,0.0,0.0,0.0,0.0,14.001914791766374,15.969363331737677,0.028721876495931074,0.0,0.0,0.0,0.0,0.0,0.0,0.0,0.0,0.0,0.0,0.0,0.0,0.0,0.0,0.0,0.0
53400,4213,2182,0.517920721576074,1018,848,0.4429147875623071,1167,0.5539995252788986,0.45,3.0428360413589366,3.1350116447948637,6.612959719789842,2.1055610207347946,9427.776508960522,1519.3186395454234,7853.0,10914.835905909538,10893.574441911402,6.944429092709793,7853.0,0.0,27.926180868739614,20.9255574871419,32.99517593643587,19.12500634670033,0.14360313315926893,0.09684310467600285,0.09470685971991455,0.0856871587942084,0.07951578447661999,0.07263232850700213,0.06764775694279611,0.06432470923332542,0.06408734868264894,0.053406123902207454,0.042250178020413004,0.04153809636838358,0.029195347733206742,0.02729646332779492,0.020175646807500593,0.011630666983147402,0.005459292665558984,0.9151174953508456,0.0224826252995807,0.0,0.0,0.0,0.0,0.0,0.0,0.0,0.0,0.0,0.0,0.0,0.0,0.0,0.0,0.0,0.0,0.0,0.0,0.0,0.0,0.0,0.0,0.0,0.0,0.014241633040588658,0.44149062425824837,7.014004272489914,16.17137431758842,6.074056491811063,0.28483266081177316,4.399629629629629,2.921934901145043,nan,nan,nan,4.3609246830723345,2.915835605907992,4.437821927888153,2.9274393868078312,1.017633243040016,0.4011,0.010826,0.0,0.0,0.0,0.0,0.0,0.0,0.0,0.0,0.0,0.0,0.007120816520294329,13.828625682411563,16.107286968905772,0.05696653216235463,0.0,0.0,0.0,0.0,0.0,0.0,0.0,0.0,0.0,0.0,0.0,0.0,0.0,0.0,0.0,0.0,nan,nan,4.399629629629629,2.921934901145043,nan,0.4011,0.0519,0.0,0.0,0.0,0.0,0.0,0.0,0.0,0.0,0.0,0.0,0.0,0.0,0.0,0.0,0.0,0.0,0.0,0.0,0.0,0.0,0.0,0.0,0.0,0.0,0.0,1.1868027533823878e-05,0.003216235461666271,0.005245668169950154,0.006384998813197247,0.011511986707809162,0.010847377165915025,0.010087823403750296,0.03699264182292903,0.023486826489437455,0.06339900308568716,0.04806551151198671,0.05567291716116781,0.03849988131972466,0.0728103489200095,0.03533111796819369,0.07740327557559934,0.08272015191075244,0.062105388084500356,0.11079990505577973,0.035200569665321625,0.054521718490386895,0.06517920721576075,0.023486826489437455,0.01833610253975789,0.017730833135532875,0.018763351530975553,0.008497507714217896,0.002812722525516259,0.0005221932114882506,0.00035604082601471633,0.0,0.0,0.0,0.0,0.0,0.0,0.0,0.0,0.0,0.0,0.0,0.0,0.0,0.0,0.0,0.0,0.0,0.0,0.0,0.0,0.0,0.0,0.0,0.0,0.0,0.0,0.0,0.0,0.0,0.0,0.0,0.0,0.0,0.0,0.0,0.0,0.0,0.0,0.0,0.0,0.0,0.0,0.0,0.0,0.0,0.0,nan,nan,4.399629629629629,2.921934901145043,nan,0.9151421733726393,0.022360105987746313,0.0,0.0,0.0,0.0,0.0,0.0,0.0,0.0,0.0,0.0,0.0,0.0,0.0,0.0,0.0,0.0,0.0,0.0,0.0,0.0,0.0,0.0,0.0,0.0,0.013748854262144825,0.48120989917506884,6.791934005499543,16.278643446379473,6.186984417965172,0.24747937671860684,0.9150909825770623,0.022613483963945177,0.0,0.0,0.0,0.0,0.0,0.0,0.0,0.0,0.0,0.0,0.0,0.0,0.0,0.0,0.0,0.0,0.0,0.0,0.0,0.0,0.0,0.0,0.0,0.0,0.01477104874446086,0.39881831610044327,7.252584933530282,16.056129985228957,5.952732644017726,0.32496307237813893,0.4011,0.01098,0.0,0.0,0.0,0.0,0.0,0.0,0.0,0.0,0.0,0.0,0.0,14.051329055911987,15.893675527039417,0.0549954170485793,0.0,0.0,0.0,0.0,0.0,0.0,0.0,0.0,0.0,0.0,0.0,0.0,0.0,0.0,0.0,0.0,0.4011,0.01066,0.0,0.0,0.0,0.0,0.0,0.0,0.0,0.0,0.0,0.0,0.01477104874446086,13.589364844903969,16.33677991137371,0.05908419497784344,0.0,0.0,0.0,0.0,0.0,0.0,0.0,0.0,0.0,0.0,0.0,0.0,0.0,0.0,0.0,0.0
53500,4523,2404,0.5315056378509838,1159,868,0.4481538801680301,1229,0.5434446164050409,0.40599999999999997,2.983482774893818,3.0436824379316754,6.310236220472441,2.174977043798459,9468.845605115064,1517.0524543568956,7853.0,10916.196733236313,10893.128815280965,7.045531890092355,7853.0,0.0,28.99712580145921,21.07209948392649,33.645930533955415,19.314337531865068,0.12933893433561794,0.09705947380057484,0.08799469378730931,0.0864470484191908,0.07937209816493478,0.07207605571523325,0.06831748839265973,0.06522219765642273,0.060358169356621715,0.0570417864249392,0.05107229714791068,0.04333407030731815,0.03493256688038912,0.03139509175326111,0.01746628344019456,0.012160070749502542,0.006411673667919522,0.9149322653275371,0.022846136781033,0.0,0.0,0.0,0.0,0.0,0.0,0.0,0.0,0.0,0.0,0.0,0.0,0.0,0.0,0.0,0.0,0.0,0.0,0.0,0.0,0.0,0.0,0.0,0.0,0.019898297590095072,0.4244970152553616,7.2960424497015275,15.991598496573074,5.869997789078047,0.3979659518019015,4.153098827470687,2.898912973412459,nan,nan,nan,4.185234899328859,2.91500114172048,4.121070234113712,2.882432813005114,0.9846688019290301,0.4,0.01103,0.0,0.0,0.0,0.0,0.0,0.0,0.0,0.0,0.0,0.0,0.046429361043555176,15.12270616847223,14.79770064116737,0.03316382931682512,0.0,0.0,0.0,0.0,0.0,0.0,0.0,0.0,0.0,0.0,0.0,0.0,0.0,0.0,0.0,0.0,nan,nan,4.153098827470687,2.898912973412459,nan,0.4,0.05182,0.0,0.0,0.0,0.0,0.0,0.0,0.0,0.0,0.0,0.0,0.0,0.0,0.0,0.0,0.0,0.0,0.0,0.0,0.0,0.0,0.0,0.0,0.0,8.843687817820032e-05,0.0,0.0,0.003725403493256688,0.004886137519345567,0.006610656643820473,0.012624364359938094,0.009606455892107008,0.011353084236126465,0.03801680300685386,0.023623701083351756,0.0658080919743533,0.04866239221755472,0.055936325447711696,0.03968604908246739,0.07115852310413442,0.03646915763873535,0.0796263541896971,0.08285430024320141,0.06129781118726509,0.11214901613973027,0.0339265973911121,0.05315056378509839,0.0643046650453239,0.022076055715233252,0.017654211806323237,0.014116736679195224,0.016626133097501657,0.009440636745522884,0.0036480212248507626,0.0005085120495246518,0.0003648021224850763,0.0,0.0,0.0,0.0,0.0,0.0,0.0,0.0,0.0,0.0,0.0,0.0,0.0,0.0,0.0,0.0,0.0,0.0,0.0,0.0,0.0,0.0,0.0,0.0,0.0,0.0,0.0,0.0,0.0,0.0,0.0,0.0,0.0,0.0,0.0,0.0,0.0,0.0,0.0,0.0,0.0,0.0,0.0,0.0,0.0,0.0,nan,nan,4.153098827470687,2.898912973412459,nan,0.914804605348733,0.022672892980660893,0.0,0.0,0.0,0.0,0.0,0.0,0.0,0.0,0.0,0.0,0.0,0.0,0.0,0.0,0.0,0.0,0.0,0.0,0.0,0.0,0.0,0.0,0.0,0.0,0.012479201331114811,0.39933444259567397,7.400166389351083,15.910981697171383,5.890183028286192,0.38685524126455917,0.9150770952421408,0.02304024788347247,0.0,0.0,0.0,0.0,0.0,0.0,0.0,0.0,0.0,0.0,0.0,0.0,0.0,0.0,0.0,0.0,0.0,0.0,0.0,0.0,0.0,0.0,0.0,0.0,0.028315243039169425,0.4530438886267108,7.17791411042945,16.083058046248233,5.847097687588487,0.4105710240679567,0.3997,0.01092,0.0,0.0,0.0,0.0,0.0,0.0,0.0,0.0,0.0,0.0,0.024958402662229623,15.62396006655572,14.31364392678869,0.037437603993344434,0.0,0.0,0.0,0.0,0.0,0.0,0.0,0.0,0.0,0.0,0.0,0.0,0.0,0.0,0.0,0.0,0.4001,0.011154,0.0,0.0,0.0,0.0,0.0,0.0,0.0,0.0,0.0,0.0,0.07078810759792356,14.554034922133061,15.346861727229829,0.028315243039169425,0.0,0.0,0.0,0.0,0.0,0.0,0.0,0.0,0.0,0.0,0.0,0.0,0.0,0.0,0.0,0.0
53600,4424,2292,0.5180831826401446,1065,901,0.44439421338155516,1212,0.5479204339963833,0.434,3.0018761726078798,3.2099745236454593,6.860176991150443,2.260845633280541,9428.002054874076,1519.0422628676827,7853.0,10918.638601183891,10893.056322322387,7.0724988387409855,7853.0,0.0,27.066907775768534,20.59083322845697,32.094733984799134,18.904640534112893,0.1466998191681736,0.10940325497287523,0.09109403254972875,0.08725135623869801,0.08295660036166365,0.07481916817359856,0.06419529837251356,0.0653254972875226,0.05786618444846293,0.054249547920433995,0.0433996383363472,0.03345388788426763,0.031193490054249547,0.027802893309222424,0.016500904159132006,0.0076853526220614825,0.0061030741410488245,0.91466791675869,0.022925918208443957,0.0,0.0,0.0,0.0,0.0,0.0,0.0,0.0,0.0,0.0,0.0,0.0,0.0,0.0,0.0,0.0,0.0,0.0,0.0,0.0,0.0,0.0,0.0,0.0,0.0,0.6035262206148283,7.310126582278483,15.84086799276673,5.8996383363471985,0.34584086799276675,4.3787769784172665,2.99592936312299,nan,nan,nan,4.39136690647482,2.995091476351027,4.366187050359712,2.9967141227280067,0.9942660550458715,0.3997,0.01074,0.0,0.0,0.0,0.0,0.0,0.0,0.0,0.0,0.0,0.0,0.05424954792043401,15.46790235081372,14.457504520795663,0.020343580470162752,0.0,0.0,0.0,0.0,0.0,0.0,0.0,0.0,0.0,0.0,0.0,0.0,0.0,0.0,0.0,0.0,nan,nan,4.3787769784172665,2.99592936312299,nan,0.3997,0.0525,0.0,0.0,0.0,0.0,0.0,0.0,0.0,0.0,0.0,0.0,0.0,0.0,0.0,0.0,0.0,0.0,0.0,1.1301989150090416e-05,0.0,0.0,0.0,0.0,0.0,6.78119349005425e-05,0.0,0.0,0.0040122061482820975,0.004871157323688969,0.007436708860759493,0.013844936708860759,0.009934448462929476,0.012353074141048824,0.03672016274864376,0.02336121157323689,0.06751808318264015,0.05122061482820976,0.06055605786618445,0.037420886075949365,0.07025316455696203,0.035273508137432186,0.07521473779385172,0.0801876130198915,0.05860081374321881,0.11034132007233273,0.03403028933092224,0.05345840867992767,0.06703209764918626,0.024683544303797468,0.017574593128390596,0.013234629294755877,0.015935804701627487,0.009165913200723328,0.004780741410488246,0.0006668173598553345,0.0002260397830018083,1.1301989150090416e-05,0.0,0.0,0.0,0.0,0.0,0.0,0.0,0.0,0.0,0.0,0.0,0.0,0.0,0.0,0.0,0.0,0.0,0.0,0.0,0.0,0.0,0.0,0.0,0.0,0.0,0.0,0.0,0.0,0.0,0.0,0.0,0.0,0.0,0.0,0.0,0.0,0.0,0.0,0.0,0.0,0.0,0.0,0.0,0.0,0.0,nan,nan,4.3787769784172665,2.99592936312299,nan,0.9147082725588563,0.022891675461802572,0.0,0.0,0.0,0.0,0.0,0.0,0.0,0.0,0.0,0.0,0.0,0.0,0.0,0.0,0.0,0.0,0.0,0.0,0.0,0.0,0.0,0.0,0.0,0.0,0.0,0.5890052356020944,7.4869109947644,15.824607329842935,5.693717277486913,0.40575916230366504,0.9146245323806498,0.022962594704094192,0.0,0.0,0.0,0.0,0.0,0.0,0.0,0.0,0.0,0.0,0.0,0.0,0.0,0.0,0.0,0.0,0.0,0.0,0.0,0.0,0.0,0.0,0.0,0.0,0.0,0.6191369606003754,7.120075046904317,15.85834896810507,6.1210131332082565,0.2814258911819888,0.3997,0.01074,0.0,0.0,0.0,0.0,0.0,0.0,0.0,0.0,0.0,0.0,0.05235602094240839,15.484293193717255,14.450261780104714,0.013089005235602098,0.0,0.0,0.0,0.0,0.0,0.0,0.0,0.0,0.0,0.0,0.0,0.0,0.0,0.0,0.0,0.0,0.3997,0.01074,0.0,0.0,0.0,0.0,0.0,0.0,0.0,0.0,0.0,0.0,0.05628517823639776,15.450281425891157,14.465290806754226,0.02814258911819888,0.0,0.0,0.0,0.0,0.0,0.0,0.0,0.0,0.0,0.0,0.0,0.0,0.0,0.0,0.0,0.0
53700,4629,2374,0.5128537481097429,1116,960,0.44847699287103043,1294,0.5590840354288183,0.418,2.888691796008869,3.0623282623133816,6.6158940397351,2.0870490817340936,9412.13030755762,1519.559881660292,7853.0,10921.026199162006,10893.107074003463,7.184582028194067,7853.0,0.0,27.764095917044717,20.848414378559124,32.66383962991519,19.129395463883704,0.140851155757183,0.10779866061784403,0.08857204579822855,0.08684381075826313,0.07755454741844892,0.07258587167854828,0.07150572477856988,0.06524087275869518,0.060056167638798875,0.0492546986390149,0.04795852235904083,0.03953337653920933,0.034132642039317346,0.023547202419529057,0.016850291639662993,0.011881615899762367,0.005832793259883344,0.9151101669010526,0.023365505981856872,0.0,0.0,0.0,0.0,0.0,0.0,0.0,0.0,0.0,0.0,0.0,0.0,0.0,0.0,0.0,0.0,0.0,0.0,0.0,0.0,0.0,0.0,0.0,0.0,0.0,0.5832793259883345,7.193778353856126,15.729099157485422,6.059624108878809,0.4342190537913157,4.165433759246806,2.8214405473247686,nan,nan,nan,4.233581584292485,2.8349322977780558,4.096256684491979,2.8063786965872093,0.967562949463402,0.3997,0.01095,0.0,0.0,0.0,0.0,0.0,0.0,0.0,0.0,0.0,0.0,0.025923525599481537,15.554115359688895,14.36811406351264,0.05184705119896307,0.0,0.0,0.0,0.0,0.0,0.0,0.0,0.0,0.0,0.0,0.0,0.0,0.0,0.0,0.0,0.0,nan,nan,4.165433759246806,2.8214405473247686,nan,0.3997,0.05252,0.0,0.0,0.0,0.0,0.0,0.0,0.0,0.0,0.0,0.0,0.0,0.0,0.0,0.0,0.0,0.0,0.0,0.0,0.0,0.0,0.0,0.0,1.0801468999783971e-05,0.0,4.3205875999135884e-05,8.641175199827177e-05,0.0041261611579174766,0.004720241952905595,0.0078094620868438104,0.01368546122272629,0.010423417584791532,0.013750270036724995,0.03518038453229639,0.02140851155757183,0.06742276949665155,0.05245193346295096,0.060509829336789805,0.037157053359256856,0.06908619572261827,0.03633614171527328,0.07671203283646576,0.07617195938647656,0.05870598401382588,0.11393389500972133,0.033527759775329444,0.05561676387988766,0.06628861525167423,0.023428386260531432,0.01748757831065025,0.01237848347375243,0.015089652192698207,0.009321667746813566,0.005886800604882264,0.000745301360985094,0.0004860661049902787,1.0801468999783971e-05,0.0,0.0,0.0,0.0,0.0,0.0,0.0,0.0,0.0,0.0,0.0,0.0,0.0,0.0,0.0,0.0,0.0,0.0,0.0,0.0,0.0,0.0,0.0,0.0,0.0,0.0,0.0,0.0,0.0,0.0,0.0,0.0,0.0,0.0,0.0,0.0,0.0,0.0,0.0,0.0,0.0,0.0,0.0,0.0,0.0,nan,nan,4.165433759246806,2.8214405473247686,nan,0.9146688320401746,0.023701929791128635,0.0,0.0,0.0,0.0,0.0,0.0,0.0,0.0,0.0,0.0,0.0,0.0,0.0,0.0,0.0,0.0,0.0,0.0,0.0,0.0,0.0,0.0,0.0,0.0,0.0,0.6065711878685763,7.493681550126371,15.391743892165126,5.989890480202192,0.5181128896377423,0.9155747917168949,0.022996863147265297,0.0,0.0,0.0,0.0,0.0,0.0,0.0,0.0,0.0,0.0,0.0,0.0,0.0,0.0,0.0,0.0,0.0,0.0,0.0,0.0,0.0,0.0,0.0,0.0,0.0,0.5587583148558759,6.8780487804878065,16.084257206208427,6.133037694013305,0.3458980044345899,0.4,0.01085,0.0,0.0,0.0,0.0,0.0,0.0,0.0,0.0,0.0,0.0,0.03791069924178602,15.758213984835699,14.153327716933449,0.05054759898904803,0.0,0.0,0.0,0.0,0.0,0.0,0.0,0.0,0.0,0.0,0.0,0.0,0.0,0.0,0.0,0.0,0.3997,0.01105,0.0,0.0,0.0,0.0,0.0,0.0,0.0,0.0,0.0,0.0,0.01330376940133038,15.339246119733902,14.594235033259427,0.05321507760532152,0.0,0.0,0.0,0.0,0.0,0.0,0.0,0.0,0.0,0.0,0.0,0.0,0.0,0.0,0.0,0.0
53800,4651,2340,0.5031176091163191,1130,960,0.449365727800473,1331,0.5723500322511288,0.414,2.9575941151016876,3.1271790653327023,6.612307692307692,2.1747861215660294,9382.588583896491,1520.0892725896956,7853.0,10918.281281232834,10893.220728078026,7.149138903479053,7853.0,0.0,28.186626531928617,20.940055366778957,33.16611210647556,19.140831595174333,0.13824983874435606,0.09610836379273274,0.09030316061062137,0.09051816813588476,0.08492797247903677,0.07396258869060417,0.06708234788217587,0.059342076972694044,0.05762201677058697,0.0518168135884756,0.05160180606321221,0.04321651257794023,0.03182111373898087,0.029886046011610407,0.01569554934422705,0.010535368737905827,0.007310255858955063,0.9153399686868717,0.022879635976277894,0.0,0.0,0.0,0.0,0.0,0.0,0.0,0.0,0.0,0.0,0.0,0.0,0.0,0.0,0.0,0.0,0.0,0.0,0.0,0.0,0.0,0.0,0.0,0.0,0.0,0.47731670608471305,7.082347882175878,16.07396258869061,6.024510857880028,0.341861965168781,4.25164907651715,2.889054025879692,nan,nan,nan,4.274172185430464,2.879994103566419,4.229303547963206,2.8978415391311207,0.9895023795203658,0.3997,0.01124,0.0,0.0,0.0,0.0,0.0,0.0,0.0,0.0,0.0,0.0,0.03870135454740917,15.396688884110922,14.538808858310045,0.025800903031606114,0.0,0.0,0.0,0.0,0.0,0.0,0.0,0.0,0.0,0.0,0.0,0.0,0.0,0.0,0.0,0.0,nan,nan,4.25164907651715,2.889054025879692,nan,0.3997,0.0529,0.0,0.0,0.0,0.0,0.0,0.0,0.0,0.0,0.0,0.0,0.0,0.0,0.0,0.0,0.0,0.0,0.0,0.0,0.0,0.0,0.0,0.0,4.300150505267684e-05,2.150075252633842e-05,0.0,0.00016125564394753816,0.0040528918512147925,0.004816168565899806,0.009191571705009675,0.01391098688454096,0.010793377768221887,0.013781982369382929,0.03416469576435175,0.0236723285314986,0.06663083207912276,0.052494087293055255,0.059062567189851645,0.03520748226187916,0.06730810578370243,0.037024295850354765,0.08053106858740056,0.07866050311760911,0.05566544829069017,0.11218017630617072,0.032476886691034185,0.05405289185121479,0.06534078692754246,0.024080842829499034,0.01882390883680929,0.013394968823908837,0.015480541818963663,0.010126854439905396,0.005407439260374113,0.0009460331111588906,0.0004945173081057837,0.0,0.0,0.0,0.0,0.0,0.0,0.0,0.0,0.0,0.0,0.0,0.0,0.0,0.0,0.0,0.0,0.0,0.0,0.0,0.0,0.0,0.0,0.0,0.0,0.0,0.0,0.0,0.0,0.0,0.0,0.0,0.0,0.0,0.0,0.0,0.0,0.0,0.0,0.0,0.0,0.0,0.0,0.0,0.0,0.0,0.0,nan,nan,4.25164907651715,2.889054025879692,nan,0.9151985611416336,0.023056512062197554,0.0,0.0,0.0,0.0,0.0,0.0,0.0,0.0,0.0,0.0,0.0,0.0,0.0,0.0,0.0,0.0,0.0,0.0,0.0,0.0,0.0,0.0,0.0,0.0,0.0,0.4487179487179488,7.205128205128207,16.07692307692308,5.871794871794873,0.3974358974358975,0.9154831507101765,0.022698238480695337,0.0,0.0,0.0,0.0,0.0,0.0,0.0,0.0,0.0,0.0,0.0,0.0,0.0,0.0,0.0,0.0,0.0,0.0,0.0,0.0,0.0,0.0,0.0,0.0,0.0,0.5062743401125055,6.958026828212897,16.070964950237997,6.179143228039811,0.28559065339679796,0.3997,0.01133,0.0,0.0,0.0,0.0,0.0,0.0,0.0,0.0,0.0,0.0,0.06410256410256411,15.358974358974336,14.538461538461542,0.03846153846153847,0.0,0.0,0.0,0.0,0.0,0.0,0.0,0.0,0.0,0.0,0.0,0.0,0.0,0.0,0.0,0.0,0.3997,0.01113,0.0,0.0,0.0,0.0,0.0,0.0,0.0,0.0,0.0,0.0,0.01298139333621809,15.434876676763285,14.53916053656426,0.01298139333621809,0.0,0.0,0.0,0.0,0.0,0.0,0.0,0.0,0.0,0.0,0.0,0.0,0.0,0.0,0.0,0.0
53900,4585,2362,0.5151581243184297,1069,946,0.4394765539803708,1289,0.56226826608506,0.414,2.902834008097166,3.0698138625304856,6.51,2.1656176947928736,9418.930977449409,1519.164519414261,7853.0,10916.998300850391,10892.709369858401,7.04915075119908,7853.0,0.0,27.67895310796074,20.981538434190494,32.8126144988223,19.221418361738937,0.14525627044711015,0.10185387131952017,0.08876772082878953,0.09334787350054526,0.0806979280261723,0.07306434023991276,0.06455834242093784,0.06194111232279171,0.056270447110141765,0.05234460196292257,0.050817884405670664,0.03904034896401309,0.03336968375136314,0.02202835332606325,0.016357688113413305,0.011559432933478735,0.008724100327153763,0.9147288250689158,0.022817025228582186,0.0,0.0,0.0,0.0,0.0,0.0,0.0,0.0,0.0,0.0,0.0,0.0,0.0,0.0,0.0,0.0,0.0,0.0,0.0,0.0,0.0,0.0,0.0,0.0,0.006543075245365323,0.5103598691384952,7.118865866957472,16.154852780806984,5.803707742639042,0.40567066521265005,4.303259005145797,2.847280248988191,nan,nan,nan,4.324080499653019,2.851841681470194,4.284453496266123,2.8430085974741517,0.9908357387449018,0.3992,0.01117,0.0,0.0,0.0,0.0,0.0,0.0,0.0,0.0,0.0,0.0,0.052344601962922586,16.01090512540892,13.890948745910581,0.045801526717557266,0.0,0.0,0.0,0.0,0.0,0.0,0.0,0.0,0.0,0.0,0.0,0.0,0.0,0.0,0.0,0.0,nan,nan,4.303259005145797,2.847280248988191,nan,0.3992,0.05292,0.0,0.0,0.0,0.0,0.0,0.0,0.0,0.0,0.0,0.0,0.0,0.0,0.0,0.0,0.0,0.0,0.0,0.0,0.0,0.0,0.0,0.0,3.271537622682661e-05,4.362050163576881e-05,0.0,0.00022900763358778625,0.0036750272628135222,0.004580152671755725,0.010676117775354417,0.012878953107960741,0.011941112322791712,0.014023991275899672,0.035965103598691386,0.023991275899672846,0.0655834242093784,0.05182115594329335,0.059389312977099235,0.035474372955288984,0.06777535441657578,0.03829880043620502,0.08189749182115594,0.07911668484187569,0.053500545256270446,0.10761177753544166,0.03287895310796074,0.058833151581243186,0.06250817884405671,0.0233587786259542,0.018386041439476555,0.0142639040348964,0.014743729552889858,0.010272628135223555,0.005190839694656489,0.0006652126499454744,0.0003816793893129771,0.0,0.0,0.0,1.0905125408942203e-05,0.0,0.0,0.0,0.0,0.0,0.0,0.0,0.0,0.0,0.0,0.0,0.0,0.0,0.0,0.0,0.0,0.0,0.0,0.0,0.0,0.0,0.0,0.0,0.0,0.0,0.0,0.0,0.0,0.0,0.0,0.0,0.0,0.0,0.0,0.0,0.0,0.0,0.0,0.0,0.0,0.0,0.0,nan,nan,4.303259005145797,2.847280248988191,nan,0.9138105771836338,0.022945716858010907,0.0,0.0,0.0,0.0,0.0,0.0,0.0,0.0,0.0,0.0,0.0,0.0,0.0,0.0,0.0,0.0,0.0,0.0,0.0,0.0,0.0,0.0,0.0,0.0,0.0,0.5588484335309061,7.417442845046573,15.977984758679089,5.651989839119392,0.3937341236240475,0.9157044892637138,0.022638712210224905,0.0,0.0,0.0,0.0,0.0,0.0,0.0,0.0,0.0,0.0,0.0,0.0,0.0,0.0,0.0,0.0,0.0,0.0,0.0,0.0,0.0,0.0,0.0,0.0,0.013495276653171392,0.45883940620782737,6.801619433198383,16.342780026990557,5.964912280701756,0.4183535762483132,0.3992,0.01132,0.0,0.0,0.0,0.0,0.0,0.0,0.0,0.0,0.0,0.0,0.050804403048264196,15.723962743437744,14.17442845046571,0.050804403048264196,0.0,0.0,0.0,0.0,0.0,0.0,0.0,0.0,0.0,0.0,0.0,0.0,0.0,0.0,0.0,0.0,0.3992,0.01101,0.0,0.0,0.0,0.0,0.0,0.0,0.0,0.0,0.0,0.0,0.05398110661268557,16.315789473684188,13.589743589743593,0.04048582995951418,0.0,0.0,0.0,0.0,0.0,0.0,0.0,0.0,0.0,0.0,0.0,0.0,0.0,0.0,0.0,0.0
54000,4719,2406,0.5098537825810553,1113,965,0.4403475312566222,1357,0.5751218478491206,0.40599999999999997,2.9883268482490273,3.0648478241882344,6.440652818991098,2.175574589936942,9403.131031609031,1519.8852069795707,7853.0,10915.78719061613,10893.344280200756,7.036219654815357,7853.0,0.0,28.250900614536977,21.164653517681273,33.276767676767676,19.394330777826887,0.1381648654375927,0.09769018859927951,0.09408773045136681,0.08603517694426785,0.08222080949353677,0.0709896164441619,0.06823479550752277,0.06844670481034118,0.058910786183513454,0.0508582326764145,0.04280567916931553,0.037719855901674086,0.03517694426785336,0.02903157448611994,0.01758847213392668,0.013350286077558804,0.008688281415554142,0.9159229406110057,0.022766701160048128,0.0,0.0,0.0,0.0,0.0,0.0,0.0,0.0,0.0,0.0,0.0,0.0,0.0,0.0,0.0,0.0,0.0,0.0,0.0,0.0,0.0,0.0,0.0,0.0,0.0,0.3941513032422124,6.923076923076924,15.91862682771774,6.369993642720917,0.3941513032422124,4.321416857986225,2.8545712581086566,nan,nan,nan,4.356191744340879,2.8679826554280226,4.28783958602846,2.841991469678264,0.9843091942862215,0.3994,0.01125,0.0,0.0,0.0,0.0,0.0,0.0,0.0,0.0,0.0,0.0,0.012714558169103626,15.848696757787645,14.125874125874128,0.012714558169103626,0.0,0.0,0.0,0.0,0.0,0.0,0.0,0.0,0.0,0.0,0.0,0.0,0.0,0.0,0.0,0.0,nan,nan,4.321416857986225,2.8545712581086566,nan,0.3994,0.05286,0.0,0.0,0.0,0.0,0.0,0.0,0.0,0.0,0.0,0.0,0.0,0.0,0.0,0.0,0.0,0.0,0.0,0.0,0.0,0.0,0.0,0.0,4.238186056367875e-05,0.0,0.0,0.00019071837253655435,0.003475312566221657,0.004513668150031787,0.008942572578936216,0.013053613053613054,0.012269548633184997,0.014907819453274,0.03531468531468532,0.024221233312142404,0.06902945539309176,0.05020131383767747,0.05826446280991736,0.03427632973087519,0.0651197287560924,0.03865225683407501,0.08382072472981564,0.07712439076075439,0.05271243907607544,0.10781945327399872,0.03311082856537402,0.06190930281839373,0.0650667514303878,0.02097902097902098,0.019696969696969695,0.01486543759271032,0.01519389701207883,0.009610086882814155,0.004619622801440983,0.0006463233735961009,0.0002542911633820725,8.47637211273575e-05,0.0,1.0595465140919687e-05,0.0,0.0,0.0,0.0,0.0,0.0,0.0,0.0,0.0,0.0,0.0,0.0,0.0,0.0,0.0,0.0,0.0,0.0,0.0,0.0,0.0,0.0,0.0,0.0,0.0,0.0,0.0,0.0,0.0,0.0,0.0,0.0,0.0,0.0,0.0,0.0,0.0,0.0,0.0,0.0,0.0,0.0,0.0,nan,nan,4.321416857986225,2.8545712581086566,nan,0.9159501564572081,0.022626491560151868,0.0,0.0,0.0,0.0,0.0,0.0,0.0,0.0,0.0,0.0,0.0,0.0,0.0,0.0,0.0,0.0,0.0,0.0,0.0,0.0,0.0,0.0,0.0,0.0,0.0,0.3615960099750624,7.069825436408979,15.748129675810477,6.421446384039902,0.3990024937655861,0.9158946304830493,0.0229116034881747,0.0,0.0,0.0,0.0,0.0,0.0,0.0,0.0,0.0,0.0,0.0,0.0,0.0,0.0,0.0,0.0,0.0,0.0,0.0,0.0,0.0,0.0,0.0,0.0,0.0,0.4280155642023347,6.770428015564204,16.095979247730224,6.316472114137485,0.38910505836575887,0.3994,0.01121,0.0,0.0,0.0,0.0,0.0,0.0,0.0,0.0,0.0,0.0,0.024937655860349132,15.86034912718202,14.08977556109726,0.024937655860349132,0.0,0.0,0.0,0.0,0.0,0.0,0.0,0.0,0.0,0.0,0.0,0.0,0.0,0.0,0.0,0.0,0.3997,0.01129,0.0,0.0,0.0,0.0,0.0,0.0,0.0,0.0,0.0,0.0,0.0,15.836575875486359,14.163424124513622,0.0,0.0,0.0,0.0,0.0,0.0,0.0,0.0,0.0,0.0,0.0,0.0,0.0,0.0,0.0,0.0,0.0
54100,4659,2377,0.51019532088431,1101,951,0.44043786220218933,1328,0.5700794161837304,0.41,3.065293602103418,3.0870564116820662,6.4526315789473685,2.133428140618573,9404.20748546568,1519.9011649334034,7853.0,10916.54287558794,10893.418878748254,6.814257783458262,7853.0,0.0,28.19510624597553,20.98044167573377,33.23943661971831,19.16585155968361,0.14123202403949345,0.09766044215496887,0.09229448379480575,0.08521141875939042,0.07791371538956858,0.0695428203477141,0.07276239536381197,0.06825499034127495,0.05559132861128998,0.05129856192315948,0.05108392358875295,0.040995921871646274,0.03541532517707663,0.026185876797596052,0.015453960077269801,0.010731916720326251,0.008370895041854474,0.9161687004870677,0.022580296906605898,0.0,0.0,0.0,0.0,0.0,0.0,0.0,0.0,0.0,0.0,0.0,0.0,0.0,0.0,0.0,0.0,0.0,0.0,0.0,0.0,0.0,0.0,0.0,0.0,0.0,0.4378622021893111,6.696716033483582,16.162266580811337,6.342562781712815,0.3605924018029621,4.419354838709677,2.8602404747022714,nan,nan,nan,4.481678880746169,2.8941745999628803,4.359468438538206,2.8242574744924487,0.9727311024596177,0.3994,0.01073,0.0,0.0,0.0,0.0,0.0,0.0,0.0,0.0,0.0,0.0,0.025756600128783006,15.924018029620068,14.037347070186739,0.012878300064391503,0.0,0.0,0.0,0.0,0.0,0.0,0.0,0.0,0.0,0.0,0.0,0.0,0.0,0.0,0.0,0.0,nan,nan,4.419354838709677,2.8602404747022714,nan,0.3994,0.0527,0.0,0.0,0.0,0.0,0.0,0.0,0.0,0.0,0.0,0.0,0.0,0.0,0.0,0.0,0.0,0.0,0.0,0.0,0.0,0.0,0.0,0.0,0.0,0.0,1.0731916720326251e-05,0.000128783000643915,0.0037669027688345138,0.004174715604206912,0.008510409959218717,0.013103670315518352,0.012846104314230522,0.014520283322601416,0.03602704443013522,0.023899978536166558,0.06839450525863919,0.05145954067396437,0.05847821420905774,0.033902124919510626,0.06280317664734922,0.03957930886456321,0.08351577591757887,0.07995277956643057,0.05463618802318094,0.10579523502897617,0.031777205408886025,0.0607104528868856,0.06831938184159692,0.020476497102382484,0.019177935179223008,0.013779781068898905,0.014917364241253488,0.009712384631895256,0.0038742219360377765,0.0009229448379480575,0.0005687915861772913,9.658725048293625e-05,0.0,0.00016097875080489375,0.0,0.0,0.0,0.0,0.0,0.0,0.0,0.0,0.0,0.0,0.0,0.0,0.0,0.0,0.0,0.0,0.0,0.0,0.0,0.0,0.0,0.0,0.0,0.0,0.0,0.0,0.0,0.0,0.0,0.0,0.0,0.0,0.0,0.0,0.0,0.0,0.0,0.0,0.0,0.0,0.0,0.0,0.0,nan,nan,4.419354838709677,2.8602404747022714,nan,0.9160174333251822,0.022074532788251697,0.0,0.0,0.0,0.0,0.0,0.0,0.0,0.0,0.0,0.0,0.0,0.0,0.0,0.0,0.0,0.0,0.0,0.0,0.0,0.0,0.0,0.0,0.0,0.0,0.0,0.3533866217921751,6.689103912494743,16.533445519562477,6.09591922591502,0.32814472023559116,0.91632626492344,0.0230942886254083,0.0,0.0,0.0,0.0,0.0,0.0,0.0,0.0,0.0,0.0,0.0,0.0,0.0,0.0,0.0,0.0,0.0,0.0,0.0,0.0,0.0,0.0,0.0,0.0,0.0,0.525854513584575,6.704645048203332,15.775635407537251,6.599474145486417,0.3943908851884313,0.3997,0.010735,0.0,0.0,0.0,0.0,0.0,0.0,0.0,0.0,0.0,0.0,0.012620950778291968,15.586874211190555,14.37526293647455,0.025241901556583936,0.0,0.0,0.0,0.0,0.0,0.0,0.0,0.0,0.0,0.0,0.0,0.0,0.0,0.0,0.0,0.0,0.3992,0.01071,0.0,0.0,0.0,0.0,0.0,0.0,0.0,0.0,0.0,0.0,0.039439088518843125,16.275197195442573,13.685363716038566,0.0,0.0,0.0,0.0,0.0,0.0,0.0,0.0,0.0,0.0,0.0,0.0,0.0,0.0,0.0,0.0,0.0
54200,4858,2492,0.5129682997118156,1193,954,0.4419514203375875,1335,0.5496088925483739,0.418,3.002958579881657,3.1962427282930235,6.782738095238095,2.2194619957218267,9412.689478613029,1519.756212899145,7853.0,10917.217279434204,10893.51825325124,7.103909183837491,7853.0,0.0,27.680115273775215,20.745318454534328,32.51821961359746,19.048604296999816,0.13894606834088102,0.1037463976945245,0.09571840263482914,0.08830794565664883,0.07410456978180321,0.07513379991766159,0.07472210786331823,0.06401811445039111,0.05496088925483738,0.05269658295594895,0.05084396871140387,0.03684643886372993,0.028612597776862907,0.026759983532317826,0.019349526554137506,0.010086455331412104,0.00514615067929189,0.9162556461318131,0.022813921096407275,0.0,0.0,0.0,0.0,0.0,0.0,0.0,0.0,0.0,0.0,0.0,0.0,0.0,0.0,0.0,0.0,0.0,0.0,0.0,0.0,0.0,0.0,0.0,0.0,0.0,0.48785508439687125,6.471799094277482,16.0930424042816,6.638534376286539,0.30876904075751344,4.372453928225024,3.0016125138626584,nan,nan,nan,4.415131578947369,3.0265331014654255,4.331214240305149,2.976752197148789,0.9809932417320557,0.3994,0.01123,0.0,0.0,0.0,0.0,0.0,0.0,0.0,0.0,0.0,0.0,0.037052284890901614,15.741045697818008,14.160148209139567,0.061753808151502686,0.0,0.0,0.0,0.0,0.0,0.0,0.0,0.0,0.0,0.0,0.0,0.0,0.0,0.0,0.0,0.0,nan,nan,4.372453928225024,3.0016125138626584,nan,0.3994,0.05252,0.0,0.0,0.0,0.0,0.0,0.0,0.0,0.0,0.0,0.0,0.0,0.0,0.0,0.0,0.0,0.0,0.0,0.0,0.0,0.0,0.0,0.0,0.0,4.1169205434335116e-05,7.204610951008646e-05,6.175380815150267e-05,0.003272951832029642,0.004013997529847674,0.007832441333882256,0.011445039110745162,0.012710992177850967,0.014995883079456566,0.0366097159324825,0.024310415808974885,0.06792918896665294,0.053550843968711404,0.05863524083985179,0.035467270481679705,0.06387402223137094,0.04265129682997118,0.08042404281597365,0.07943598188554961,0.05362289007822149,0.10372581309180733,0.03069164265129683,0.06293742280773981,0.06601482091395636,0.02198435570193495,0.020687525730753397,0.012978592013174146,0.015325236722931247,0.00847056401811445,0.0045389048991354465,0.000792507204610951,0.0005660765747221079,0.00028818443804034583,4.1169205434335116e-05,0.0,0.0,0.0,0.0,0.0,0.0,0.0,0.0,0.0,0.0,0.0,0.0,0.0,0.0,0.0,0.0,0.0,0.0,0.0,0.0,0.0,0.0,0.0,0.0,0.0,0.0,0.0,0.0,0.0,0.0,0.0,0.0,0.0,0.0,0.0,0.0,0.0,0.0,0.0,0.0,0.0,0.0,0.0,0.0,nan,nan,4.372453928225024,3.0016125138626584,nan,0.9165659661421233,0.023055439045273275,0.0,0.0,0.0,0.0,0.0,0.0,0.0,0.0,0.0,0.0,0.0,0.0,0.0,0.0,0.0,0.0,0.0,0.0,0.0,0.0,0.0,0.0,0.0,0.0,0.0,0.5296950240770466,6.380417335473517,15.963081861958269,6.8258426966292145,0.3009630818619583,0.9159288002037942,0.022552128495574284,0.0,0.0,0.0,0.0,0.0,0.0,0.0,0.0,0.0,0.0,0.0,0.0,0.0,0.0,0.0,0.0,0.0,0.0,0.0,0.0,0.0,0.0,0.0,0.0,0.0,0.4437869822485208,6.568047337278108,16.229923922231617,6.441251056635673,0.3169907016060863,0.3994,0.0112,0.0,0.0,0.0,0.0,0.0,0.0,0.0,0.0,0.0,0.0,0.04815409309791333,15.722311396468676,14.145264847512042,0.08426966292134834,0.0,0.0,0.0,0.0,0.0,0.0,0.0,0.0,0.0,0.0,0.0,0.0,0.0,0.0,0.0,0.0,0.3994,0.01126,0.0,0.0,0.0,0.0,0.0,0.0,0.0,0.0,0.0,0.0,0.025359256128486905,15.760777683854585,14.175824175824179,0.038038884192730354,0.0,0.0,0.0,0.0,0.0,0.0,0.0,0.0,0.0,0.0,0.0,0.0,0.0,0.0,0.0,0.0
54300,4746,2493,0.5252844500632111,1215,953,0.45680573114201434,1327,0.5592077538980194,0.40199999999999997,3.0071016422547716,2.995920171070402,6.199115044247788,2.1981889398055405,9450.071524065015,1518.2602979728726,7853.0,10917.237719416618,10893.3936835991,6.982629849537172,7853.0,0.0,28.32448377581121,20.76739059722501,33.26965448172258,18.908448896996596,0.13527180783817952,0.09882005899705015,0.08744205646860514,0.08280657395701643,0.08238516645596292,0.0741677201854193,0.0741677201854193,0.06995364517488412,0.06005056890012642,0.05415086388537716,0.046565528866413824,0.038558786346396964,0.03392330383480826,0.02654867256637168,0.018331226295828066,0.00990307627475769,0.00695322376738306,0.9164529306146096,0.022887859272576395,0.0,0.0,0.0,0.0,0.0,0.0,0.0,0.0,0.0,0.0,0.0,0.0,0.0,0.0,0.0,0.0,0.0,0.0,0.0,0.0,0.0,0.0,0.0,0.0,0.0,0.46144121365360313,6.54235145385588,15.865992414664984,6.719342604298358,0.4108723135271809,4.165916398713827,2.8217339278483204,nan,nan,nan,4.118245390972664,2.8286525939600016,4.214703968770332,2.8137994940848277,1.0234222511385815,0.3992,0.01104,0.0,0.0,0.0,0.0,0.0,0.0,0.0,0.0,0.0,0.0,0.012642225031605565,15.979772439949407,13.96965865992415,0.037926675094816696,0.0,0.0,0.0,0.0,0.0,0.0,0.0,0.0,0.0,0.0,0.0,0.0,0.0,0.0,0.0,0.0,nan,nan,4.165916398713827,2.8217339278483204,nan,0.3992,0.05246,0.0,0.0,0.0,0.0,0.0,0.0,0.0,0.0,0.0,0.0,0.0,0.0,0.0,0.0,0.0,0.0,0.0,0.0,0.0,0.0,0.0,0.0,0.0,5.2675937631689846e-05,4.2140750105351876e-05,0.00012642225031605562,0.002739148756847872,0.004024441635061104,0.0073219553308048885,0.01301095659502739,0.01353771597134429,0.013664138221660346,0.03532448377581121,0.026801517067003792,0.06588706278971766,0.051949009692372525,0.061451748841129375,0.03802149178255373,0.0641487568478719,0.044900969237252425,0.08180573114201432,0.0799936788874842,0.05099030762747577,0.10054782975136957,0.03081542351453856,0.06226295828065739,0.06557100716392751,0.022176569742941424,0.02084913611462284,0.011061946902654867,0.014633375474083438,0.008975979772439949,0.005183312262958281,0.0009165613147914033,0.0007374631268436578,0.00046354825115887065,1.0535187526337969e-05,0.0,0.0,0.0,0.0,0.0,0.0,0.0,0.0,0.0,0.0,0.0,0.0,0.0,0.0,0.0,0.0,0.0,0.0,0.0,0.0,0.0,0.0,0.0,0.0,0.0,0.0,0.0,0.0,0.0,0.0,0.0,0.0,0.0,0.0,0.0,0.0,0.0,0.0,0.0,0.0,0.0,0.0,0.0,0.0,nan,nan,4.165916398713827,2.8217339278483204,nan,0.9164084977191278,0.022708428352874125,0.0,0.0,0.0,0.0,0.0,0.0,0.0,0.0,0.0,0.0,0.0,0.0,0.0,0.0,0.0,0.0,0.0,0.0,0.0,0.0,0.0,0.0,0.0,0.0,0.0,0.3610108303249098,6.6425992779783405,15.81227436823105,6.750902527075814,0.4332129963898918,0.9165020967080124,0.023084678965154412,0.0,0.0,0.0,0.0,0.0,0.0,0.0,0.0,0.0,0.0,0.0,0.0,0.0,0.0,0.0,0.0,0.0,0.0,0.0,0.0,0.0,0.0,0.0,0.0,0.0,0.5725699067909455,6.431424766977365,15.925432756324904,6.684420772303596,0.38615179760319585,0.3992,0.011246,0.0,0.0,0.0,0.0,0.0,0.0,0.0,0.0,0.0,0.0,0.01203369434416366,16.125150421179278,13.814681107099883,0.04813477737665464,0.0,0.0,0.0,0.0,0.0,0.0,0.0,0.0,0.0,0.0,0.0,0.0,0.0,0.0,0.0,0.0,0.3992,0.010796,0.0,0.0,0.0,0.0,0.0,0.0,0.0,0.0,0.0,0.0,0.013315579227696408,15.818908122503306,14.141145139813585,0.026631158455392816,0.0,0.0,0.0,0.0,0.0,0.0,0.0,0.0,0.0,0.0,0.0,0.0,0.0,0.0,0.0,0.0
54400,4471,2359,0.5276224558264371,1104,887,0.4453142473719526,1217,0.5443972265712369,0.446,3.0790719696969697,3.178094038022999,6.793459552495697,2.2399959837910743,9457.441154582779,1518.1312812905092,7853.0,10919.661475360394,10893.88868255176,7.161069181282837,7853.0,0.0,27.557817043167077,20.791360081972243,32.6220198231985,19.019944344674265,0.14493401923507046,0.09751733392976962,0.10064862446879892,0.08029523596510847,0.08320286289420711,0.07694028181614851,0.06844106463878327,0.06665175575933796,0.05054797584433013,0.05457392082308209,0.04294341310668754,0.03891746812793558,0.032654887049876985,0.028628942071125027,0.018564079624245135,0.008946544397226572,0.005591590248266607,0.917642560055314,0.023282910381794347,0.0,0.0,0.0,0.0,0.0,0.0,0.0,0.0,0.0,0.0,0.0,0.0,0.0,0.0,0.0,0.0,0.0,0.0,0.0,0.0,0.0,0.0,0.0,0.0,0.01341981659583986,0.40930440617311575,6.246924625363455,15.956161932453593,6.877656005367928,0.4965332140460748,4.354736842105263,2.980307358023964,nan,nan,nan,4.324647887323944,3.034466020726915,4.383484954513646,2.925940333191801,1.0136050538038393,0.4,0.01119,0.0,0.0,0.0,0.0,0.0,0.0,0.0,0.0,0.0,0.0,0.03354954148959965,15.258331469469894,14.654439722657127,0.05367926638335944,0.0,0.0,0.0,0.0,0.0,0.0,0.0,0.0,0.0,0.0,0.0,0.0,0.0,0.0,0.0,0.0,nan,nan,4.354736842105263,2.980307358023964,nan,0.4,0.05264,0.0,0.0,0.0,0.0,0.0,0.0,0.0,0.0,0.0,0.0,0.0,0.0,0.0,0.0,0.0,0.0,0.0,0.0,0.0,0.0,0.0,0.0,0.0,3.354954148959964e-05,3.354954148959964e-05,0.00010064862446879893,0.0027846119436367705,0.004227242227689555,0.00776112726459405,0.01367702974726012,0.013475732498322523,0.013129053902929993,0.03286736747931111,0.026101543278908523,0.06700961753522702,0.04921717736524268,0.06095951688660255,0.0375083873853724,0.062100201297248935,0.04477745470811899,0.08145828673674793,0.08214046074703646,0.05375754864683516,0.09767389845672109,0.031435920375754864,0.062100201297248935,0.06631626034444196,0.024379333482442405,0.0221874301051219,0.011719973160366808,0.015477521807201968,0.009013643480205771,0.004518004920599419,0.00062625810780586,0.0007157235517781257,0.0007157235517781257,0.0,0.0,0.0,0.0,0.0,0.0,0.0,0.0,0.0,0.0,0.0,0.0,0.0,0.0,0.0,0.0,0.0,0.0,0.0,0.0,0.0,0.0,0.0,0.0,0.0,0.0,0.0,0.0,0.0,0.0,0.0,0.0,0.0,0.0,0.0,0.0,0.0,0.0,0.0,0.0,0.0,0.0,0.0,0.0,0.0,nan,nan,4.354736842105263,2.980307358023964,nan,0.91766682058737,0.02335973343149614,0.0,0.0,0.0,0.0,0.0,0.0,0.0,0.0,0.0,0.0,0.0,0.0,0.0,0.0,0.0,0.0,0.0,0.0,0.0,0.0,0.0,0.0,0.0,0.0,0.012717253073336163,0.48325561678677414,6.180584993641375,15.845697329376858,7.032640949554898,0.4451038575667657,0.9176154622356548,0.02319677202809749,0.0,0.0,0.0,0.0,0.0,0.0,0.0,0.0,0.0,0.0,0.0,0.0,0.0,0.0,0.0,0.0,0.0,0.0,0.0,0.0,0.0,0.0,0.0,0.0,0.014204545454545458,0.3267045454545455,6.321022727272729,16.079545454545457,6.704545454545456,0.5539772727272728,0.3997,0.011086,0.0,0.0,0.0,0.0,0.0,0.0,0.0,0.0,0.0,0.0,0.05086901229334465,15.362441712590059,14.535820262823233,0.05086901229334465,0.0,0.0,0.0,0.0,0.0,0.0,0.0,0.0,0.0,0.0,0.0,0.0,0.0,0.0,0.0,0.0,0.4001,0.01131,0.0,0.0,0.0,0.0,0.0,0.0,0.0,0.0,0.0,0.0,0.014204545454545458,15.142045454545432,14.786931818181822,0.05681818181818183,0.0,0.0,0.0,0.0,0.0,0.0,0.0,0.0,0.0,0.0,0.0,0.0,0.0,0.0,0.0,0.0
54500,4418,2316,0.5242191036668176,1108,854,0.44409234947940246,1211,0.5482118605703938,0.434,2.9914367269267363,3.1754773580542297,6.650082918739635,2.328412542538126,9447.103089122562,1518.6789544969427,7853.0,10920.662968456745,10893.909951529999,7.107011599413533,7853.0,0.0,28.17428700769579,20.90893942975049,33.087657972573275,19.13583029140273,0.13829787234042554,0.09506564056133997,0.09687641466727026,0.0851063829787234,0.07786328655500227,0.07944771389769126,0.07152557718424626,0.05975554549569941,0.05568130375735627,0.055907650520597554,0.045722046174739704,0.043232231779085556,0.03168854685377999,0.02965142598460842,0.017202354006337708,0.009280217292892712,0.007695789950203712,0.9179185307392873,0.0232057771886141,0.0,0.0,0.0,0.0,0.0,0.0,0.0,0.0,0.0,0.0,0.0,0.0,0.0,0.0,0.0,0.0,0.0,0.0,0.0,0.0,0.0,0.0,0.0,0.0,0.0,0.37347215934812145,6.294703485740156,15.543232231779088,7.333635129017657,0.45495699411498425,4.156719022687609,3.012981405348357,nan,nan,nan,4.163888888888889,2.992272712781093,4.149473684210526,3.0337472752372165,0.9965380429057968,0.4,0.01097,0.0,0.0,0.0,0.0,0.0,0.0,0.0,0.0,0.0,0.0,0.03395201448619285,15.054323223177885,14.898143956541425,0.013580805794477142,0.0,0.0,0.0,0.0,0.0,0.0,0.0,0.0,0.0,0.0,0.0,0.0,0.0,0.0,0.0,0.0,nan,nan,4.156719022687609,3.012981405348357,nan,0.4,0.0525,0.0,0.0,0.0,0.0,0.0,0.0,0.0,0.0,0.0,0.0,0.0,0.0,0.0,0.0,0.0,0.0,0.0,0.0,0.0,0.0,0.0,0.0,0.0,4.526935264825713e-05,2.2634676324128565e-05,0.00010185604345857854,0.0028632865550022634,0.004662743322770484,0.007537347215934812,0.013411045722046174,0.013026256224535989,0.013196016296966954,0.031779085559076506,0.0248415572657311,0.06750792213671344,0.049139882299683114,0.06240380262562245,0.03758488003621548,0.06046853779990946,0.04489588048890901,0.08509506564056134,0.0793119058397465,0.05359891353553644,0.09509959257582616,0.030794477138976914,0.06535762788592123,0.06940923494794024,0.024649162516976006,0.02125396106835672,0.011509732910819375,0.017134449977365324,0.0073449524671797195,0.004062924400181077,0.0007808963331824355,0.0004753282028066999,0.0006337709370755998,0.0,0.0,0.0,0.0,0.0,0.0,0.0,0.0,0.0,0.0,0.0,0.0,0.0,0.0,0.0,0.0,0.0,0.0,0.0,0.0,0.0,0.0,0.0,0.0,0.0,0.0,0.0,0.0,0.0,0.0,0.0,0.0,0.0,0.0,0.0,0.0,0.0,0.0,0.0,0.0,0.0,0.0,0.0,0.0,0.0,nan,nan,4.156719022687609,3.012981405348357,nan,0.9173032270039919,0.023286569373716072,0.0,0.0,0.0,0.0,0.0,0.0,0.0,0.0,0.0,0.0,0.0,0.0,0.0,0.0,0.0,0.0,0.0,0.0,0.0,0.0,0.0,0.0,0.0,0.0,0.0,0.42746113989637313,6.476683937823836,15.556994818652853,7.0466321243523335,0.4922279792746115,0.918596477195493,0.023097461114759337,0.0,0.0,0.0,0.0,0.0,0.0,0.0,0.0,0.0,0.0,0.0,0.0,0.0,0.0,0.0,0.0,0.0,0.0,0.0,0.0,0.0,0.0,0.0,0.0,0.0,0.3139866793529972,6.094196003805901,15.52806850618459,7.649857278782114,0.4138915318744054,0.4001,0.01101,0.0,0.0,0.0,0.0,0.0,0.0,0.0,0.0,0.0,0.0,0.012953367875647671,15.090673575129511,14.870466321243526,0.025906735751295342,0.0,0.0,0.0,0.0,0.0,0.0,0.0,0.0,0.0,0.0,0.0,0.0,0.0,0.0,0.0,0.0,0.4,0.01093,0.0,0.0,0.0,0.0,0.0,0.0,0.0,0.0,0.0,0.0,0.057088487155090406,15.01427212178875,14.92863939105614,0.0,0.0,0.0,0.0,0.0,0.0,0.0,0.0,0.0,0.0,0.0,0.0,0.0,0.0,0.0,0.0,0.0
54600,4209,2204,0.5236398194345451,988,852,0.4371584699453552,1147,0.5450225706818722,0.438,2.994513715710723,3.1549304050619638,6.759469696969697,2.153420751014513,9445.343877283856,1518.765519764471,7853.0,10916.72288942337,10893.914419005332,7.083090795534844,7853.0,0.0,27.363744357329534,20.800036251207334,32.26608104278832,19.14833855299172,0.14326443335709194,0.10548823948681398,0.09836065573770492,0.08814445236398194,0.07555238774055595,0.07507721549061534,0.0693751484913281,0.06557377049180328,0.05773342836778332,0.045616535994297935,0.04371584699453552,0.03896412449512948,0.03397481587075315,0.023996198622000475,0.01924447612259444,0.00950344499881207,0.006414825374198147,0.9179282875235502,0.023276827072846656,0.0,0.0,0.0,0.0,0.0,0.0,0.0,0.0,0.0,0.0,0.0,0.0,0.0,0.0,0.0,0.0,0.0,0.0,0.0,0.0,0.0,0.0,0.0,0.0,0.007127583749109054,0.37776193870277985,6.229508196721313,15.751960085531008,7.0491803278688545,0.5844618674269424,4.302995828593098,2.886351070152799,nan,nan,nan,4.289634146341464,2.8525687803520015,4.31622641509434,2.9193564982424713,1.0061991927156668,0.4,0.01117,0.0,0.0,0.0,0.0,0.0,0.0,0.0,0.0,0.0,0.0,0.04989308624376338,15.196008553100476,14.739843193157522,0.014255167498218108,0.0,0.0,0.0,0.0,0.0,0.0,0.0,0.0,0.0,0.0,0.0,0.0,0.0,0.0,0.0,0.0,nan,nan,4.302995828593098,2.886351070152799,nan,0.4,0.05286,0.0,0.0,0.0,0.0,0.0,0.0,0.0,0.0,0.0,0.0,0.0,0.0,0.0,0.0,0.0,0.0,0.0,0.0,0.0,0.0,0.0,0.0,0.0,8.315514373960561e-05,0.0,0.0003088619624613923,0.002352102637205987,0.004217153718222856,0.0077096697552862916,0.014457115704442861,0.01363744357329532,0.012734616298408172,0.03036350677120456,0.02734616298408173,0.06901876930387266,0.0483487764314564,0.06292468519838441,0.03888096935138988,0.05983606557377049,0.04590163934426229,0.08174150629603232,0.07656212877167973,0.053932050368258495,0.09508196721311475,0.030494179139938227,0.06381563316702304,0.06977904490377762,0.025718698028035163,0.021121406509859823,0.011035875504870516,0.01658351152292706,0.009562841530054645,0.004383464005702067,0.001081016868614873,0.0005108101686861487,0.00046329294369208836,1.1879306248515087e-05,0.0,0.0,0.0,0.0,0.0,0.0,0.0,0.0,0.0,0.0,0.0,0.0,0.0,0.0,0.0,0.0,0.0,0.0,0.0,0.0,0.0,0.0,0.0,0.0,0.0,0.0,0.0,0.0,0.0,0.0,0.0,0.0,0.0,0.0,0.0,0.0,0.0,0.0,0.0,0.0,0.0,0.0,0.0,0.0,nan,nan,4.302995828593098,2.886351070152799,nan,0.9175909957738624,0.022951575692162995,0.0,0.0,0.0,0.0,0.0,0.0,0.0,0.0,0.0,0.0,0.0,0.0,0.0,0.0,0.0,0.0,0.0,0.0,0.0,0.0,0.0,0.0,0.0,0.0,0.013611615245009078,0.3402903811252269,6.098003629764067,16.38838475499093,6.574410163339385,0.5852994555353903,0.9182990561102394,0.023623639437876143,0.0,0.0,0.0,0.0,0.0,0.0,0.0,0.0,0.0,0.0,0.0,0.0,0.0,0.0,0.0,0.0,0.0,0.0,0.0,0.0,0.0,0.0,0.0,0.0,0.0,0.41895261845386544,6.374064837905239,15.052369077306738,7.571072319201996,0.5835411471321696,0.4,0.011154,0.0,0.0,0.0,0.0,0.0,0.0,0.0,0.0,0.0,0.0,0.04083484573502723,15.326678765880194,14.63248638838476,0.0,0.0,0.0,0.0,0.0,0.0,0.0,0.0,0.0,0.0,0.0,0.0,0.0,0.0,0.0,0.0,0.0,0.4001,0.0112,0.0,0.0,0.0,0.0,0.0,0.0,0.0,0.0,0.0,0.0,0.05985037406483792,15.052369077306711,14.857855361596014,0.02992518703241896,0.0,0.0,0.0,0.0,0.0,0.0,0.0,0.0,0.0,0.0,0.0,0.0,0.0,0.0,0.0,0.0
54700,4355,2256,0.5180252583237658,1050,865,0.4397244546498278,1208,0.5547646383467278,0.442,3.133873272987137,3.25605542154766,6.914675767918089,2.2121807489906007,9428.267461724301,1519.4747004603655,7853.0,10916.351040244102,10893.908597433214,7.162266594440395,7853.0,0.0,27.87256027554535,21.125018880978132,33.09690778575373,19.333503801289,0.1478760045924225,0.09712973593570609,0.09804822043628014,0.08128587830080368,0.07393800229621125,0.07738231917336395,0.07278989667049368,0.06314580941446613,0.05442020665901263,0.04890929965556831,0.05143513203214696,0.03673938002296211,0.0330654420206659,0.025028702640642938,0.018140068886337544,0.011710677382319174,0.008955223880597015,0.9178989381248176,0.022555261875583158,0.0,0.0,0.0,0.0,0.0,0.0,0.0,0.0,0.0,0.0,0.0,0.0,0.0,0.0,0.0,0.0,0.0,0.0,0.0,0.0,0.0,0.0,0.0,0.0,0.0,0.3030998851894375,6.130884041331804,16.181400688863377,6.950631458094146,0.43398392652124007,4.459546925566343,3.0136152165703116,nan,nan,nan,4.460057061340941,2.9838202775896425,4.460812772133527,3.0439909505270504,1.00016943971393,0.3997,0.0111,0.0,0.0,0.0,0.0,0.0,0.0,0.0,0.0,0.0,0.0,0.013777267508610795,15.45120551090698,14.500574052812862,0.034443168771526984,0.0,0.0,0.0,0.0,0.0,0.0,0.0,0.0,0.0,0.0,0.0,0.0,0.0,0.0,0.0,0.0,nan,nan,4.459546925566343,3.0136152165703116,nan,0.3997,0.05267,0.0,0.0,0.0,0.0,0.0,0.0,0.0,0.0,0.0,0.0,0.0,0.0,0.0,0.0,0.0,0.0,0.0,0.0,0.0,0.0,0.0,0.0,0.0,0.00016073478760045924,0.0,0.0003214695752009185,0.0016303099885189437,0.004580941446613088,0.00791044776119403,0.013398392652123996,0.01277841561423651,0.01486796785304248,0.029667049368541906,0.030172215843857635,0.0695292766934558,0.046463834672789896,0.06251435132032147,0.03902411021814007,0.06056257175660161,0.044535017221584386,0.08319173363949484,0.07654420206659013,0.05377726750861079,0.0954305396096441,0.030091848450057405,0.0682089552238806,0.06540757749712973,0.02711825487944891,0.01951779563719862,0.010195177956371987,0.01645235361653272,0.010287026406429391,0.0036624569460390354,0.0011251435132032146,0.00029850746268656717,0.000574052812858783,0.0,0.0,0.0,0.0,0.0,0.0,0.0,0.0,0.0,0.0,0.0,0.0,0.0,0.0,0.0,0.0,0.0,0.0,0.0,0.0,0.0,0.0,0.0,0.0,0.0,0.0,0.0,0.0,0.0,0.0,0.0,0.0,0.0,0.0,0.0,0.0,0.0,0.0,0.0,0.0,0.0,0.0,0.0,0.0,0.0,nan,nan,4.459546925566343,3.0136152165703116,nan,0.9176928051450151,0.0231821154757161,0.0,0.0,0.0,0.0,0.0,0.0,0.0,0.0,0.0,0.0,0.0,0.0,0.0,0.0,0.0,0.0,0.0,0.0,0.0,0.0,0.0,0.0,0.0,0.0,0.0,0.3590425531914895,6.2765957446808525,16.130319148936174,6.755319148936172,0.47872340425531923,0.9181204893408417,0.021859321852493393,0.0,0.0,0.0,0.0,0.0,0.0,0.0,0.0,0.0,0.0,0.0,0.0,0.0,0.0,0.0,0.0,0.0,0.0,0.0,0.0,0.0,0.0,0.0,0.0,0.0,0.24297284421152934,5.974273463554075,16.236303001429256,7.1605526441162475,0.3858980466888996,0.3997,0.01102,0.0,0.0,0.0,0.0,0.0,0.0,0.0,0.0,0.0,0.0,0.013297872340425535,15.664893617021255,14.281914893617024,0.039893617021276605,0.0,0.0,0.0,0.0,0.0,0.0,0.0,0.0,0.0,0.0,0.0,0.0,0.0,0.0,0.0,0.0,0.4,0.01119,0.0,0.0,0.0,0.0,0.0,0.0,0.0,0.0,0.0,0.0,0.014292520247737021,15.2215340638399,14.735588375416869,0.028585040495474043,0.0,0.0,0.0,0.0,0.0,0.0,0.0,0.0,0.0,0.0,0.0,0.0,0.0,0.0,0.0,0.0
54800,4496,2295,0.5104537366548043,1090,936,0.45062277580071175,1257,0.5591637010676157,0.41,3.015447523852794,3.109501990348661,6.569182389937107,2.0989500126046727,9405.253677652692,1520.1406102629412,7853.0,10920.80296087265,10893.929209031156,7.054962540348274,7853.0,0.0,27.989768683274022,20.937011158363195,32.90216816499207,19.19816365257782,0.1387900355871886,0.09208185053380782,0.09942170818505339,0.09141459074733096,0.08429715302491103,0.07072953736654804,0.0693950177935943,0.0625,0.06072064056939502,0.04893238434163701,0.045373665480427046,0.03847864768683274,0.033807829181494664,0.026467971530249112,0.018238434163701068,0.012900355871886121,0.0064501779359430605,0.9185039175018085,0.022760235135536218,0.0,0.0,0.0,0.0,0.0,0.0,0.0,0.0,0.0,0.0,0.0,0.0,0.0,0.0,0.0,0.0,0.0,0.0,0.0,0.0,0.0,0.0,0.0,0.0,0.0,0.37366548042704634,5.825177935943062,15.947508896797157,7.3732206405693965,0.4804270462633453,4.2962199312714775,2.876415439363537,nan,nan,nan,4.376358695652174,2.847994298363559,4.214186369958275,2.902930105519814,0.962943548056284,0.3997,0.01113,0.0,0.0,0.0,0.0,0.0,0.0,0.0,0.0,0.0,0.0,0.0400355871886121,15.507117437722398,14.406138790035591,0.04670818505338079,0.0,0.0,0.0,0.0,0.0,0.0,0.0,0.0,0.0,0.0,0.0,0.0,0.0,0.0,0.0,0.0,nan,nan,4.2962199312714775,2.876415439363537,nan,0.3997,0.0531,0.0,0.0,0.0,0.0,0.0,0.0,0.0,0.0,0.0,0.0,0.0,0.0,0.0,0.0,0.0,0.0,0.0,0.0,0.0,0.0,0.0,0.0,0.0,0.00017793594306049823,5.560498220640569e-05,0.0004670818505338078,0.0015791814946619217,0.004370551601423488,0.008552046263345195,0.01327846975088968,0.012955960854092527,0.014891014234875445,0.029281583629893238,0.0318394128113879,0.07189724199288257,0.046419039145907476,0.06381227758007117,0.03717749110320285,0.062355427046263345,0.042126334519572955,0.08158362989323843,0.07650133451957296,0.04793149466192171,0.09515124555160143,0.03162811387900356,0.06608096085409253,0.0679826512455516,0.027502224199288255,0.021052046263345194,0.010008896797153026,0.016770462633451957,0.011221085409252669,0.0034697508896797155,0.0011677046263345195,0.0004559608540925267,0.0002557829181494662,0.0,0.0,0.0,0.0,0.0,0.0,0.0,0.0,0.0,0.0,0.0,0.0,0.0,0.0,0.0,0.0,0.0,0.0,0.0,0.0,0.0,0.0,0.0,0.0,0.0,0.0,0.0,0.0,0.0,0.0,0.0,0.0,0.0,0.0,0.0,0.0,0.0,0.0,0.0,0.0,0.0,0.0,0.0,0.0,0.0,nan,nan,4.2962199312714775,2.876415439363537,nan,0.9180973927179973,0.022891328844256216,0.0,0.0,0.0,0.0,0.0,0.0,0.0,0.0,0.0,0.0,0.0,0.0,0.0,0.0,0.0,0.0,0.0,0.0,0.0,0.0,0.0,0.0,0.0,0.0,0.0,0.4313725490196079,6.013071895424838,15.869281045751638,7.241830065359479,0.44444444444444453,0.9189278040891992,0.022614952564402414,0.0,0.0,0.0,0.0,0.0,0.0,0.0,0.0,0.0,0.0,0.0,0.0,0.0,0.0,0.0,0.0,0.0,0.0,0.0,0.0,0.0,0.0,0.0,0.0,0.0,0.3134938664243526,5.629259427532941,16.029077691958204,7.510222626079057,0.5179463880054521,0.3994,0.0111,0.0,0.0,0.0,0.0,0.0,0.0,0.0,0.0,0.0,0.0,0.03921568627450981,15.594771241830044,14.339869281045754,0.02614379084967321,0.0,0.0,0.0,0.0,0.0,0.0,0.0,0.0,0.0,0.0,0.0,0.0,0.0,0.0,0.0,0.0,0.4,0.011154,0.0,0.0,0.0,0.0,0.0,0.0,0.0,0.0,0.0,0.0,0.040890504316219906,15.415720127214879,14.475238527941848,0.06815084052703319,0.0,0.0,0.0,0.0,0.0,0.0,0.0,0.0,0.0,0.0,0.0,0.0,0.0,0.0,0.0,0.0
54900,4291,2217,0.5166627825681659,1053,843,0.44185504544395243,1166,0.543463062223258,0.434,3.0279652844744454,3.105690333281698,6.4457236842105265,2.1582952281999415,9424.179449990492,1519.6713563944243,7853.0,10918.594501674175,10894.015345019938,6.966996699017414,7853.0,0.0,28.286879515264506,21.16180328503914,33.497905612957275,19.283907706255302,0.14378932649731999,0.09531577720810999,0.08995572127709159,0.08506175716616174,0.08179911442554183,0.07410859939408064,0.06828245164297367,0.062456303891866696,0.0547657888604055,0.050337916569564205,0.0515031461197856,0.04754136564903286,0.031461197855977625,0.02493591237473782,0.01980890235376369,0.012118387322302493,0.006758331391284083,0.9188783337841554,0.02299121978971077,0.0,0.0,0.0,0.0,0.0,0.0,0.0,0.0,0.0,0.0,0.0,0.0,0.0,0.0,0.0,0.0,0.0,0.0,0.0,0.0,0.0,0.0,0.0,0.0,0.0,0.32160335586110467,5.970636215334423,15.702633418783504,7.417851316709394,0.5872756933115825,4.22373610613123,2.882818918291507,nan,nan,nan,4.245526127415891,2.860235677438365,4.204169662113587,2.9049173481178308,0.9902588126745374,0.3992,0.011055,0.0,0.0,0.0,0.0,0.0,0.0,0.0,0.0,0.0,0.0,0.03495688650664182,15.8564437194127,14.066651130272668,0.041948263807970176,0.0,0.0,0.0,0.0,0.0,0.0,0.0,0.0,0.0,0.0,0.0,0.0,0.0,0.0,0.0,0.0,nan,nan,4.22373610613123,2.882818918291507,nan,0.3992,0.05304,0.0,0.0,0.0,0.0,0.0,0.0,0.0,0.0,0.0,0.0,0.0,0.0,0.0,0.0,0.0,0.0,0.0,0.0,0.0,0.0,0.0,0.0,0.0,0.00010487065951992542,0.0,0.0004311349335819156,0.00109531577720811,0.004031694243766022,0.008261477511069681,0.013714751806105803,0.013248659986017245,0.015311116289909112,0.032288510836634816,0.02907247727802377,0.07152178979258914,0.049149382428338384,0.06615008156606851,0.03458401305057096,0.06401771148916337,0.04052668375670007,0.08548123980424144,0.0738289443020275,0.04827546026567234,0.09526916802610114,0.0310184106268935,0.06531111628990911,0.06574225122349103,0.02649731997203449,0.020915870426474015,0.00964810067583314,0.016616173386157073,0.012607783733395479,0.0031577720810999767,0.0012118387322302493,0.0007923560941505476,0.00011652295502213937,0.0,0.0,0.0,0.0,0.0,0.0,0.0,0.0,0.0,0.0,0.0,0.0,0.0,0.0,0.0,0.0,0.0,0.0,0.0,0.0,0.0,0.0,0.0,0.0,0.0,0.0,0.0,0.0,0.0,0.0,0.0,0.0,0.0,0.0,0.0,0.0,0.0,0.0,0.0,0.0,0.0,0.0,0.0,0.0,0.0,nan,nan,4.22373610613123,2.882818918291507,nan,0.9185963784406247,0.022816528654024937,0.0,0.0,0.0,0.0,0.0,0.0,0.0,0.0,0.0,0.0,0.0,0.0,0.0,0.0,0.0,0.0,0.0,0.0,0.0,0.0,0.0,0.0,0.0,0.0,0.0,0.2841677943166442,6.129905277401896,15.778078484438433,7.239512855209744,0.5683355886332884,0.9191797296359431,0.02317270633152239,0.0,0.0,0.0,0.0,0.0,0.0,0.0,0.0,0.0,0.0,0.0,0.0,0.0,0.0,0.0,0.0,0.0,0.0,0.0,0.0,0.0,0.0,0.0,0.0,0.0,0.3616200578592093,5.800385728061717,15.621986499517844,7.608486017357764,0.6075216972034717,0.3992,0.01105,0.0,0.0,0.0,0.0,0.0,0.0,0.0,0.0,0.0,0.0,0.027063599458728018,16.035182679296323,13.910690121786201,0.027063599458728018,0.0,0.0,0.0,0.0,0.0,0.0,0.0,0.0,0.0,0.0,0.0,0.0,0.0,0.0,0.0,0.0,0.3994,0.011055,0.0,0.0,0.0,0.0,0.0,0.0,0.0,0.0,0.0,0.0,0.04339440694310512,15.665380906460923,14.233365477338479,0.057859209257473496,0.0,0.0,0.0,0.0,0.0,0.0,0.0,0.0,0.0,0.0,0.0,0.0,0.0,0.0,0.0,0.0
55000,4457,2362,0.5299528831052277,1135,898,0.456136414628674,1232,0.5528382319946152,0.40599999999999997,3.009546539379475,3.061018991208733,6.59556313993174,1.9996366837937734,9464.524796893063,1517.7194148538877,7853.0,10917.417683720589,10893.883158235556,6.974558421239127,7853.0,0.0,28.19811532420911,20.750437923904574,32.95148462354189,19.005051246324655,0.1337222346870092,0.1002916760152569,0.09086829706080322,0.08593224141799416,0.07763069329145166,0.07763069329145166,0.07269463764864259,0.06888041283374467,0.059457033879291,0.05407224590531748,0.04352703612295266,0.040834642135965896,0.031635629347094456,0.026699573704285395,0.019295490240071798,0.010545209782364819,0.006282252636302446,0.9192784905888346,0.02282272232223697,0.0,0.0,0.0,0.0,0.0,0.0,0.0,0.0,0.0,0.0,0.0,0.0,0.0,0.0,0.0,0.0,0.0,0.0,0.0,0.0,0.0,0.0,0.0,0.0,0.0067309849674669076,0.363473188243213,5.499214718420463,16.08705407224591,7.478124298855734,0.5654027372672202,4.155440414507772,2.859402682498742,nan,nan,nan,4.097577854671281,2.851484348781086,4.215320910973085,2.8658552315609533,1.0287347941827574,0.3987,0.011,0.0,0.0,0.0,0.0,0.0,0.0,0.0,0.0,0.0,0.0,0.06730984967466908,16.295714606237357,13.616782589185554,0.020192954902400723,0.0,0.0,0.0,0.0,0.0,0.0,0.0,0.0,0.0,0.0,0.0,0.0,0.0,0.0,0.0,0.0,nan,nan,4.155440414507772,2.859402682498742,nan,0.3987,0.053,0.0,0.0,0.0,0.0,0.0,0.0,0.0,0.0,0.0,0.0,0.0,0.0,0.0,0.0,0.0,0.0,0.0,0.0,0.0,0.0,0.0,0.0,0.0,0.0,0.0,0.00032533094009423377,0.0013237603769351582,0.0045097599282028274,0.008077181960960288,0.0134507516266547,0.014628673995961409,0.015559793583127665,0.03326228404756563,0.029750953556203726,0.06944132824770025,0.05063944357190936,0.06858873681848777,0.03312766434821629,0.06493156831949742,0.04131702939196769,0.08504599506394436,0.07298631366389949,0.05094233789544537,0.09018398025577742,0.03061476329369531,0.06417994166479694,0.06848777204397577,0.025622616109490688,0.02070899708323985,0.00913170293919677,0.016244110388153467,0.012093336324882208,0.002703612295265874,0.0014920350011218308,0.0006170069553511331,1.121830827911151e-05,0.0,0.0,0.0,0.0,0.0,0.0,0.0,0.0,0.0,0.0,0.0,0.0,0.0,0.0,0.0,0.0,0.0,0.0,0.0,0.0,0.0,0.0,0.0,0.0,0.0,0.0,0.0,0.0,0.0,0.0,0.0,0.0,0.0,0.0,0.0,0.0,0.0,0.0,0.0,0.0,0.0,0.0,0.0,0.0,0.0,nan,nan,4.155440414507772,2.859402682498742,nan,0.9186814815992022,0.022562614736825897,0.0,0.0,0.0,0.0,0.0,0.0,0.0,0.0,0.0,0.0,0.0,0.0,0.0,0.0,0.0,0.0,0.0,0.0,0.0,0.0,0.0,0.0,0.0,0.0,0.0,0.3429297205757833,5.728196443691788,16.219305673158342,7.20152413209145,0.5080440304826419,0.91995158616569,0.023093967511544737,0.0,0.0,0.0,0.0,0.0,0.0,0.0,0.0,0.0,0.0,0.0,0.0,0.0,0.0,0.0,0.0,0.0,0.0,0.0,0.0,0.0,0.0,0.0,0.0,0.014319809069212415,0.3866348448687352,5.241050119331743,15.937947494033416,7.789976133651553,0.6300715990453462,0.3987,0.010994,0.0,0.0,0.0,0.0,0.0,0.0,0.0,0.0,0.0,0.0,0.06350550381033024,16.206604572396248,13.704487722269267,0.025402201524132098,0.0,0.0,0.0,0.0,0.0,0.0,0.0,0.0,0.0,0.0,0.0,0.0,0.0,0.0,0.0,0.0,0.3987,0.01101,0.0,0.0,0.0,0.0,0.0,0.0,0.0,0.0,0.0,0.0,0.07159904534606207,16.396181384248187,13.517899761336519,0.014319809069212415,0.0,0.0,0.0,0.0,0.0,0.0,0.0,0.0,0.0,0.0,0.0,0.0,0.0,0.0,0.0,0.0
55100,4303,2196,0.5103416221240995,1048,873,0.44643272135719264,1191,0.5535672786428073,0.426,2.9625059326056005,3.13227135764739,6.642372881355932,2.1736249025284233,9404.978014703769,1520.2119370478858,7853.0,10918.370487391949,10894.057102582114,7.18241006130148,7853.0,0.0,27.92516848710202,20.903716194598722,32.98222222222222,19.108497689525915,0.14176156170113874,0.09760632117127585,0.09388798512665582,0.085289333023472,0.07762026493144318,0.08203578898442947,0.07134557285614687,0.06042296072507553,0.05600743667208924,0.04740878456890542,0.04973274459679294,0.03927492447129909,0.034394608412735304,0.027655124331861493,0.018824076225888914,0.01138740413664885,0.005345108064141297,0.9197175155371919,0.023089070560057767,0.0,0.0,0.0,0.0,0.0,0.0,0.0,0.0,0.0,0.0,0.0,0.0,0.0,0.0,0.0,0.0,0.0,0.0,0.0,0.0,0.0,0.0,0.0,0.0,0.0,0.3276783639321404,5.63327910759935,15.707645828491753,7.634208691610506,0.6971880083662562,4.237288135593221,2.8654063129305682,nan,nan,nan,4.179320318148951,2.874518232588888,4.296616270698344,2.8555068614705115,1.0280657962587907,0.3977,0.01135,0.0,0.0,0.0,0.0,0.0,0.0,0.0,0.0,0.0,0.0,0.04880316058563794,17.262375087148477,12.653962351847552,0.034859400418312814,0.0,0.0,0.0,0.0,0.0,0.0,0.0,0.0,0.0,0.0,0.0,0.0,0.0,0.0,0.0,0.0,nan,nan,4.237288135593221,2.8654063129305682,nan,0.3977,0.0528,0.0,0.0,0.0,0.0,0.0,0.0,0.0,0.0,0.0,0.0,0.0,0.0,0.0,0.0,0.0,0.0,0.0,0.0,0.0,0.0,0.0,0.0,0.0,0.0,0.0,0.00034859400418312805,0.0012781780153381362,0.005647222867766675,0.008587032303044388,0.013374389960492679,0.015012781780153382,0.014176156170113875,0.03066465256797583,0.032581919590983034,0.06636067859632815,0.052626074831512895,0.07298396467580757,0.036555891238670694,0.06360678596328143,0.04216825470601906,0.08597490123169882,0.0732047408784569,0.051661631419939576,0.08808970485707646,0.030931907971182896,0.061852196142226354,0.06720892400650709,0.0244132000929584,0.020857541250290493,0.007971182895654195,0.014420171973042064,0.012723681152684173,0.002881710434580525,0.001429235417150825,0.00036021380432256565,4.647920055775041e-05,0.0,0.0,0.0,0.0,0.0,0.0,0.0,0.0,0.0,0.0,0.0,0.0,0.0,0.0,0.0,0.0,0.0,0.0,0.0,0.0,0.0,0.0,0.0,0.0,0.0,0.0,0.0,0.0,0.0,0.0,0.0,0.0,0.0,0.0,0.0,0.0,0.0,0.0,0.0,0.0,0.0,0.0,0.0,0.0,0.0,nan,nan,4.237288135593221,2.8654063129305682,nan,0.9198984175323355,0.023176141993881856,0.0,0.0,0.0,0.0,0.0,0.0,0.0,0.0,0.0,0.0,0.0,0.0,0.0,0.0,0.0,0.0,0.0,0.0,0.0,0.0,0.0,0.0,0.0,0.0,0.0,0.3142076502732241,5.5191256830601105,15.887978142076506,7.595628415300548,0.6830601092896176,0.9195289722142991,0.02299645592631719,0.0,0.0,0.0,0.0,0.0,0.0,0.0,0.0,0.0,0.0,0.0,0.0,0.0,0.0,0.0,0.0,0.0,0.0,0.0,0.0,0.0,0.0,0.0,0.0,0.0,0.34171808258187003,5.7522543901281455,15.519696250593263,7.674418604651165,0.7119126720455625,0.398,0.01146,0.0,0.0,0.0,0.0,0.0,0.0,0.0,0.0,0.0,0.0,0.05464480874316941,17.008196721311453,12.896174863387982,0.04098360655737705,0.0,0.0,0.0,0.0,0.0,0.0,0.0,0.0,0.0,0.0,0.0,0.0,0.0,0.0,0.0,0.0,0.3975,0.01124,0.0,0.0,0.0,0.0,0.0,0.0,0.0,0.0,0.0,0.0,0.042714760322733754,17.527289985761723,12.4015187470337,0.028476506881822503,0.0,0.0,0.0,0.0,0.0,0.0,0.0,0.0,0.0,0.0,0.0,0.0,0.0,0.0,0.0,0.0
55200,4471,2381,0.5325430552449116,1114,883,0.44665622903153657,1210,0.5412659360322075,0.43,2.9913875598086124,3.102232949159368,6.61646234676007,2.0903435953583775,9472.488334519874,1517.3083845129245,7853.0,10917.055938959122,10894.046763392844,7.178357726106748,7853.0,0.0,28.092149407291434,20.82330277281186,32.89112582781457,19.10496799379078,0.13419816595839856,0.10243793334824423,0.08991277119212704,0.08789979870275107,0.0845448445537911,0.0713486915678819,0.0744799821069112,0.06486244687989264,0.055021248042943414,0.051442630284052784,0.04607470364571684,0.042048758666964885,0.034891523149183624,0.024602997092373072,0.01945873406396779,0.009841198836949228,0.006933571907850593,0.9199968332866779,0.022938995855256484,0.0,0.0,0.0,0.0,0.0,0.0,0.0,0.0,0.0,0.0,0.0,0.0,0.0,0.0,0.0,0.0,0.0,0.0,0.0,0.0,0.0,0.0,0.0,0.0,0.0,0.23484679042719755,5.542384254081862,15.895772757772313,7.6761350928204,0.6508611048982331,4.212456747404844,2.8711397467488493,nan,nan,nan,4.21157822191592,2.8449533934805276,4.2133425990271025,2.8973045658189154,1.0004189349023607,0.3975,0.01138,0.0,0.0,0.0,0.0,0.0,0.0,0.0,0.0,0.0,0.0,0.0670990829791993,17.902035338850343,12.010735853276675,0.02012972489375979,0.0,0.0,0.0,0.0,0.0,0.0,0.0,0.0,0.0,0.0,0.0,0.0,0.0,0.0,0.0,0.0,nan,nan,4.212456747404844,2.8711397467488493,nan,0.3975,0.05286,0.0,0.0,0.0,0.0,0.0,0.0,0.0,0.0,0.0,0.0,0.0,0.0,0.0,0.0,0.0,0.0,0.0,0.0,0.0,0.0,0.0,0.0,0.0,0.0,0.0,0.00042496085886826215,0.0014761798255423842,0.006005367926638336,0.009818832475956161,0.012972489375978528,0.013855960635204652,0.012983672556475062,0.02992619100872288,0.03343770968463431,0.06778125698948781,0.05630731380004473,0.07223216282710802,0.03597629165734735,0.05867814806530977,0.042786848579736074,0.08500335495414896,0.07708566316260344,0.05341087005144263,0.08681503019458733,0.033415343323641246,0.0589241780362335,0.06580183404160143,0.023540594945202414,0.02070006709908298,0.008432118094386043,0.014001341981659584,0.013766495191232386,0.00250503243122344,0.0016886602549765154,0.00010064862446879893,0.00014538134645493178,0.0,0.0,0.0,0.0,0.0,0.0,0.0,0.0,0.0,0.0,0.0,0.0,0.0,0.0,0.0,0.0,0.0,0.0,0.0,0.0,0.0,0.0,0.0,0.0,0.0,0.0,0.0,0.0,0.0,0.0,0.0,0.0,0.0,0.0,0.0,0.0,0.0,0.0,0.0,0.0,0.0,0.0,0.0,0.0,0.0,nan,nan,4.212456747404844,2.8711397467488493,nan,0.9202030039244167,0.022758305570412904,0.0,0.0,0.0,0.0,0.0,0.0,0.0,0.0,0.0,0.0,0.0,0.0,0.0,0.0,0.0,0.0,0.0,0.0,0.0,0.0,0.0,0.0,0.0,0.0,0.0,0.23939521209575812,5.4304913901721985,15.913481730365396,7.799244015119699,0.6173876522469551,0.9197619565936367,0.023140887288620925,0.0,0.0,0.0,0.0,0.0,0.0,0.0,0.0,0.0,0.0,0.0,0.0,0.0,0.0,0.0,0.0,0.0,0.0,0.0,0.0,0.0,0.0,0.0,0.0,0.0,0.229665071770335,5.669856459330145,15.875598086124405,7.535885167464117,0.6889952153110049,0.3977,0.011536,0.0,0.0,0.0,0.0,0.0,0.0,0.0,0.0,0.0,0.0,0.0629987400251995,17.86644267114655,12.045359092818147,0.025199496010079803,0.0,0.0,0.0,0.0,0.0,0.0,0.0,0.0,0.0,0.0,0.0,0.0,0.0,0.0,0.0,0.0,0.3975,0.0112,0.0,0.0,0.0,0.0,0.0,0.0,0.0,0.0,0.0,0.0,0.07177033492822968,17.942583732057393,11.97129186602871,0.014354066985645937,0.0,0.0,0.0,0.0,0.0,0.0,0.0,0.0,0.0,0.0,0.0,0.0,0.0,0.0,0.0,0.0
55300,4387,2295,0.5231365397766127,1055,851,0.4344654661499886,1187,0.5411442899475724,0.458,3.121414913957935,3.3131034110283415,6.956155143338955,2.3884418261794718,9443.689443644995,1518.7185706494724,7853.0,10919.524950146675,10893.677380945792,6.994244993751898,7853.0,0.0,27.906997948484157,21.005974896337523,32.78358613217768,19.3288814190614,0.13881923865967633,0.10234784590836563,0.09391383633462502,0.08707545019375428,0.08320036471392751,0.07727376339183953,0.06906770002279462,0.05994985183496695,0.054479142922270345,0.04558924093913836,0.04490540232505129,0.04558924093913836,0.03373603829496239,0.028265329382265784,0.018691588785046728,0.010257579211306132,0.006838386140870754,0.9188399588243821,0.022946805221612035,0.0,0.0,0.0,0.0,0.0,0.0,0.0,0.0,0.0,0.0,0.0,0.0,0.0,0.0,0.0,0.0,0.0,0.0,0.0,0.0,0.0,0.0,0.0,0.0,0.0,0.3487576931844085,5.69637565534534,16.213813540004562,7.139275131069069,0.6017779803966266,4.3831608990367465,3.0603680705485665,nan,nan,nan,4.302244039270687,3.029857594017263,4.462936046511628,3.0869320561304496,1.0373507420253598,0.3975,0.01123,0.0,0.0,0.0,0.0,0.0,0.0,0.0,0.0,0.0,0.0,0.10257579211306134,17.690904946432614,12.165488944609075,0.04103031684522453,0.0,0.0,0.0,0.0,0.0,0.0,0.0,0.0,0.0,0.0,0.0,0.0,0.0,0.0,0.0,0.0,nan,nan,4.3831608990367465,3.0603680705485665,nan,0.3975,0.05286,0.0,0.0,0.0,0.0,0.0,0.0,0.0,0.0,0.0,0.0,0.0,0.0,0.0,0.0,0.0,0.0,0.0,0.0,0.0,0.0,0.0,0.0,1.1397310234784591e-05,1.1397310234784591e-05,0.0,0.000558468201504445,0.0012651014360610896,0.006200136767722818,0.010006838386140872,0.01198997036699339,0.013790745384089354,0.012696603601550034,0.029678595851379073,0.03451105539092774,0.06887394574880329,0.055390927741053114,0.07227034419876908,0.036608160474128106,0.060474128105767036,0.03968543423751995,0.08753134260314566,0.07445862776384773,0.05400045589240939,0.08462502849327559,0.035126510143606106,0.057510827444723044,0.06854342375199453,0.02318212901755186,0.021290175518577616,0.008023706405288352,0.015010257579211306,0.012149532710280374,0.002644175974470025,0.0016070207431046273,3.4191930704353773e-05,0.00023934351493047642,0.0,0.0,0.0,0.0,0.0,0.0,0.0,0.0,0.0,0.0,0.0,0.0,0.0,0.0,0.0,0.0,0.0,0.0,0.0,0.0,0.0,0.0,0.0,0.0,0.0,0.0,0.0,0.0,0.0,0.0,0.0,0.0,0.0,0.0,0.0,0.0,0.0,0.0,0.0,0.0,0.0,0.0,0.0,0.0,0.0,nan,nan,4.3831608990367465,3.0603680705485665,nan,0.9188853169838068,0.022852651526917317,0.0,0.0,0.0,0.0,0.0,0.0,0.0,0.0,0.0,0.0,0.0,0.0,0.0,0.0,0.0,0.0,0.0,0.0,0.0,0.0,0.0,0.0,0.0,0.0,0.0,0.39215686274509814,5.464052287581701,16.444444444444446,7.058823529411766,0.6405228758169935,0.9187901992756824,0.023049550187189537,0.0,0.0,0.0,0.0,0.0,0.0,0.0,0.0,0.0,0.0,0.0,0.0,0.0,0.0,0.0,0.0,0.0,0.0,0.0,0.0,0.0,0.0,0.0,0.0,0.0,0.30114722753346085,5.951242829827917,15.960803059273426,7.227533460803061,0.5592734225621416,0.3977,0.01114,0.0,0.0,0.0,0.0,0.0,0.0,0.0,0.0,0.0,0.0,0.11764705882352944,17.607843137254875,12.235294117647062,0.03921568627450981,0.0,0.0,0.0,0.0,0.0,0.0,0.0,0.0,0.0,0.0,0.0,0.0,0.0,0.0,0.0,0.0,0.3972,0.01132,0.0,0.0,0.0,0.0,0.0,0.0,0.0,0.0,0.0,0.0,0.08604206500956024,17.782026768642424,12.088910133843216,0.04302103250478012,0.0,0.0,0.0,0.0,0.0,0.0,0.0,0.0,0.0,0.0,0.0,0.0,0.0,0.0,0.0,0.0
55400,4557,2399,0.5264428351985956,1132,886,0.44283519859556725,1220,0.5354399824445908,0.45,3.0287303058387396,3.2233953283078693,6.861301369863014,2.2413323959591995,9453.849701192286,1518.321149148929,7853.0,10921.108454406261,10893.88040364037,7.0804758159814885,7853.0,0.0,27.267719991222297,20.81936577172485,32.28898238232974,19.14085113198339,0.14395435593592276,0.10796576695194207,0.09216589861751152,0.09106868553873163,0.08075488259820057,0.07482993197278912,0.06758832565284179,0.06188281764318631,0.053982883475971036,0.05354399824445907,0.04059688391485627,0.041474654377880185,0.031160851437349132,0.026113671274961597,0.016019310950186525,0.009655475093263111,0.007241606319947334,0.9196006323989347,0.022801780128746806,0.0,0.0,0.0,0.0,0.0,0.0,0.0,0.0,0.0,0.0,0.0,0.0,0.0,0.0,0.0,0.0,0.0,0.0,0.0,0.0,0.0,0.0,0.0,0.0,0.0,0.3423304805793286,5.5562870309414105,16.02369980250165,7.472021066491114,0.6056616194865044,4.340499306518724,3.0150816974851478,nan,nan,nan,4.3791208791208796,3.025387686845755,4.2985283812193416,3.0034816178448636,0.9815961924490841,0.3977,0.011086,0.0,0.0,0.0,0.0,0.0,0.0,0.0,0.0,0.0,0.0,0.046082949308755776,17.590520078999315,12.330480579328508,0.032916392363396975,0.0,0.0,0.0,0.0,0.0,0.0,0.0,0.0,0.0,0.0,0.0,0.0,0.0,0.0,0.0,0.0,nan,nan,4.340499306518724,3.0150816974851478,nan,0.3977,0.05286,0.0,0.0,0.0,0.0,0.0,0.0,0.0,0.0,0.0,0.0,0.0,0.0,0.0,0.0,0.0,0.0,0.0,0.0,0.0,0.0,0.0,0.0,0.0,0.0,1.0972130787798991e-05,0.0010642966864165021,0.001152073732718894,0.006243142418257626,0.009194645600175555,0.012969058591178407,0.013385999561114768,0.012749615975422427,0.031358349791529516,0.030700021944261576,0.0664033355277595,0.05664911125740619,0.07408382707921879,0.038073293833662494,0.05967741935483871,0.040366469168312484,0.08355277594908932,0.07447882378757954,0.05414746543778802,0.08768926925608954,0.03488040377441299,0.05817423743691025,0.06836734693877551,0.02371077463243362,0.0217467632214176,0.008327847267939434,0.01391266183892912,0.012179065174456879,0.0026333113890717576,0.0015909589642308535,0.00012069343866578889,0.00040596883914856264,0.0,0.0,0.0,0.0,0.0,0.0,0.0,0.0,0.0,0.0,0.0,0.0,0.0,0.0,0.0,0.0,0.0,0.0,0.0,0.0,0.0,0.0,0.0,0.0,0.0,0.0,0.0,0.0,0.0,0.0,0.0,0.0,0.0,0.0,0.0,0.0,0.0,0.0,0.0,0.0,0.0,0.0,0.0,0.0,0.0,nan,nan,4.340499306518724,3.0150816974851478,nan,0.9194783045878854,0.022725705735804402,0.0,0.0,0.0,0.0,0.0,0.0,0.0,0.0,0.0,0.0,0.0,0.0,0.0,0.0,0.0,0.0,0.0,0.0,0.0,0.0,0.0,0.0,0.0,0.0,0.0,0.3126302626094206,5.489787411421427,16.331804918716134,7.303042934556067,0.5627344726969572,0.9197366214715518,0.022885286034208596,0.0,0.0,0.0,0.0,0.0,0.0,0.0,0.0,0.0,0.0,0.0,0.0,0.0,0.0,0.0,0.0,0.0,0.0,0.0,0.0,0.0,0.0,0.0,0.0,0.0,0.3753475440222429,5.630213160333643,15.681186283595926,7.659870250231697,0.6533827618164969,0.3977,0.01121,0.0,0.0,0.0,0.0,0.0,0.0,0.0,0.0,0.0,0.0,0.07503126302626095,17.3072113380575,12.592746977907465,0.025010421008753652,0.0,0.0,0.0,0.0,0.0,0.0,0.0,0.0,0.0,0.0,0.0,0.0,0.0,0.0,0.0,0.0,0.3975,0.01095,0.0,0.0,0.0,0.0,0.0,0.0,0.0,0.0,0.0,0.0,0.0139017608897127,17.905468025949926,12.038924930491198,0.041705282669138095,0.0,0.0,0.0,0.0,0.0,0.0,0.0,0.0,0.0,0.0,0.0,0.0,0.0,0.0,0.0,0.0
55500,4728,2485,0.5255922165820643,1198,942,0.4526226734348562,1319,0.5579526226734348,0.434,3.021845742309407,3.1118207286522956,6.6826923076923075,2.0573403125724488,9451.443149161949,1518.627040277003,7853.0,10918.641440987587,10894.223021826034,7.098545850302562,7853.0,0.0,27.71002538071066,20.59735787927182,32.58454957221942,18.84544381882979,0.13895939086294415,0.10236886632825719,0.09242808798646363,0.0810067681895093,0.08565989847715735,0.07741116751269035,0.07212351945854484,0.06387478849407784,0.06133671742808799,0.0532994923857868,0.04589678510998308,0.038705583756345176,0.028553299492385786,0.024746192893401017,0.01734348561759729,0.00951776649746193,0.00676818950930626,0.9203001120192347,0.023243754109314903,0.0,0.0,0.0,0.0,0.0,0.0,0.0,0.0,0.0,0.0,0.0,0.0,0.0,0.0,0.0,0.0,0.0,0.0,0.0,0.0,0.0,0.0,0.0,0.0,0.0,0.3109137055837564,5.494923857868022,15.31091370558376,8.255076142131982,0.6281725888324874,4.240315167432699,2.9199255075450754,nan,nan,nan,4.302153432032301,2.909506984758589,4.181410256410256,2.9286013220451412,0.9719342469929049,0.3982,0.0111,0.0,0.0,0.0,0.0,0.0,0.0,0.0,0.0,0.0,0.0,0.057106598984771585,16.846446700507588,13.05837563451777,0.03807106598984772,0.0,0.0,0.0,0.0,0.0,0.0,0.0,0.0,0.0,0.0,0.0,0.0,0.0,0.0,0.0,0.0,nan,nan,4.240315167432699,2.9199255075450754,nan,0.3982,0.05313,0.0,0.0,0.0,0.0,0.0,0.0,0.0,0.0,0.0,0.0,0.0,0.0,0.0,0.0,0.0,0.0,0.0,0.0,0.0,0.0,0.0,0.0,0.0,0.0,0.0,0.0011632825719120135,0.001311336717428088,0.005964467005076142,0.00850253807106599,0.014170896785109983,0.012225042301184433,0.014223773265651439,0.0319585448392555,0.030848138747884942,0.0622673434856176,0.0589678510998308,0.07250423011844331,0.03940355329949238,0.05751903553299492,0.03757402707275804,0.0835977157360406,0.07273688663282572,0.056376903553299496,0.09098984771573604,0.0347821489001692,0.05686336717428088,0.06921531302876481,0.02397419627749577,0.021478426395939085,0.007645939086294416,0.015746615905245346,0.012753807106598986,0.003183164128595601,0.0017449238578680203,0.00015862944162436547,0.00014805414551607445,0.0,0.0,0.0,0.0,0.0,0.0,0.0,0.0,0.0,0.0,0.0,0.0,0.0,0.0,0.0,0.0,0.0,0.0,0.0,0.0,0.0,0.0,0.0,0.0,0.0,0.0,0.0,0.0,0.0,0.0,0.0,0.0,0.0,0.0,0.0,0.0,0.0,0.0,0.0,0.0,0.0,0.0,0.0,0.0,0.0,nan,nan,4.240315167432699,2.9199255075450754,nan,0.9201814808835925,0.023297543429774685,0.0,0.0,0.0,0.0,0.0,0.0,0.0,0.0,0.0,0.0,0.0,0.0,0.0,0.0,0.0,0.0,0.0,0.0,0.0,0.0,0.0,0.0,0.0,0.0,0.0,0.3018108651911469,5.577464788732396,15.114688128772638,8.390342052313885,0.6156941649899397,0.9204315424124896,0.023183306862828837,0.0,0.0,0.0,0.0,0.0,0.0,0.0,0.0,0.0,0.0,0.0,0.0,0.0,0.0,0.0,0.0,0.0,0.0,0.0,0.0,0.0,0.0,0.0,0.0,0.0,0.32099866250557296,5.403477485510478,15.528310298707092,8.105216228265718,0.6419973250111459,0.3982,0.011116,0.0,0.0,0.0,0.0,0.0,0.0,0.0,0.0,0.0,0.0,0.06036217303822939,16.503018108651887,13.400402414486924,0.036217303822937634,0.0,0.0,0.0,0.0,0.0,0.0,0.0,0.0,0.0,0.0,0.0,0.0,0.0,0.0,0.0,0.0,0.398,0.01106,0.0,0.0,0.0,0.0,0.0,0.0,0.0,0.0,0.0,0.0,0.05349977708426216,17.226928221132386,12.679447168970132,0.04012483281319662,0.0,0.0,0.0,0.0,0.0,0.0,0.0,0.0,0.0,0.0,0.0,0.0,0.0,0.0,0.0,0.0
55600,4820,2542,0.5273858921161826,1180,950,0.44190871369294604,1303,0.5406639004149377,0.426,3.042142230026339,3.155465063274765,6.761832061068702,2.075978864681834,9456.782327458546,1518.2281804311815,7853.0,10917.829521298409,10894.003469059873,7.147217575952627,7853.0,0.0,28.09253112033195,21.021253476964866,33.11358574610245,19.24818604978175,0.14232365145228215,0.0987551867219917,0.08900414937759336,0.08692946058091286,0.08340248962655601,0.07427385892116183,0.06514522821576764,0.06286307053941909,0.05912863070539419,0.058091286307053944,0.041701244813278006,0.03962655601659751,0.03402489626556016,0.026556016597510373,0.01950207468879668,0.012033195020746889,0.006639004149377593,0.9201871006444282,0.023023755125610754,0.0,0.0,0.0,0.0,0.0,0.0,0.0,0.0,0.0,0.0,0.0,0.0,0.0,0.0,0.0,0.0,0.0,0.0,0.0,0.0,0.0,0.0,0.0,0.0,0.0,0.36099585062240674,5.184647302904565,16.002074688796682,7.792531120331952,0.6597510373443985,4.2683716413078665,2.8890411432748846,nan,nan,nan,4.205938092229943,2.8962764102911946,4.3339973439575035,2.8799576846886477,1.0304472507486824,0.398,0.01125,0.0,0.0,0.0,0.0,0.0,0.0,0.0,0.0,0.0,0.0,0.031120331950207476,17.165975103734414,12.765560165975106,0.03734439834024897,0.0,0.0,0.0,0.0,0.0,0.0,0.0,0.0,0.0,0.0,0.0,0.0,0.0,0.0,0.0,0.0,nan,nan,4.2683716413078665,2.8890411432748846,nan,0.398,0.0529,0.0,0.0,0.0,0.0,0.0,0.0,0.0,0.0,0.0,0.0,0.0,0.0,0.0,0.0,0.0,0.0,0.0,0.0,0.0,0.0,0.0,0.0,0.0,0.0,0.0,0.0009336099585062241,0.0016804979253112033,0.005767634854771784,0.006929460580912863,0.015,0.012883817427385893,0.014284232365145227,0.03239626556016598,0.030601659751037343,0.06340248962655602,0.058215767634854775,0.07120331950207469,0.04019709543568465,0.05591286307053942,0.03847510373443983,0.08288381742738589,0.07325726141078838,0.05903526970954357,0.09489626556016598,0.0341701244813278,0.05784232365145228,0.06406639004149378,0.024730290456431537,0.019522821576763487,0.007759336099585062,0.015300829875518672,0.013890041493775934,0.002863070539419087,0.0016390041493775933,4.149377593360996e-05,0.00021784232365145228,0.0,0.0,0.0,0.0,0.0,0.0,0.0,0.0,0.0,0.0,0.0,0.0,0.0,0.0,0.0,0.0,0.0,0.0,0.0,0.0,0.0,0.0,0.0,0.0,0.0,0.0,0.0,0.0,0.0,0.0,0.0,0.0,0.0,0.0,0.0,0.0,0.0,0.0,0.0,0.0,0.0,0.0,0.0,0.0,0.0,nan,nan,4.2683716413078665,2.8890411432748846,nan,0.9197288249347456,0.02347164485159788,0.0,0.0,0.0,0.0,0.0,0.0,0.0,0.0,0.0,0.0,0.0,0.0,0.0,0.0,0.0,0.0,0.0,0.0,0.0,0.0,0.0,0.0,0.0,0.0,0.0,0.43666404405979553,5.228166797797011,15.991345397324944,7.612116443745084,0.7317073170731709,0.9206984864451364,0.02250242666819739,0.0,0.0,0.0,0.0,0.0,0.0,0.0,0.0,0.0,0.0,0.0,0.0,0.0,0.0,0.0,0.0,0.0,0.0,0.0,0.0,0.0,0.0,0.0,0.0,0.0,0.27655838454784903,5.136084284460053,16.014047410008782,7.993854258121161,0.5794556628621599,0.398,0.011215,0.0,0.0,0.0,0.0,0.0,0.0,0.0,0.0,0.0,0.0,0.02360346184107003,17.242328874901627,12.68686073957514,0.04720692368214006,0.0,0.0,0.0,0.0,0.0,0.0,0.0,0.0,0.0,0.0,0.0,0.0,0.0,0.0,0.0,0.0,0.398,0.01129,0.0,0.0,0.0,0.0,0.0,0.0,0.0,0.0,0.0,0.0,0.03950834064969272,17.080772607550458,12.853380158033366,0.026338893766461816,0.0,0.0,0.0,0.0,0.0,0.0,0.0,0.0,0.0,0.0,0.0,0.0,0.0,0.0,0.0,0.0
55700,4787,2452,0.512220597451431,1148,988,0.4462084813035304,1329,0.5552538124086066,0.462,2.9944325481798715,3.2391428019268718,7.028239202657807,2.166077925037228,9410.788329664516,1520.1766079008512,7853.0,10915.195289671421,10894.244997595448,7.046634467146137,7853.0,0.0,27.194276164612493,20.866858984490477,32.37984886649874,19.152254787706568,0.14790056402757468,0.10570294547733444,0.08940881554209316,0.09672028410277836,0.08000835596406936,0.07227908919991644,0.06789220806350532,0.06308752872362648,0.05347817004386881,0.04762899519532066,0.04386881136411114,0.0390641320242323,0.03237936076874869,0.02611238771673282,0.017756423647378318,0.010027156883225401,0.006684771255483601,0.9197920515887394,0.022733940728346537,0.0,0.0,0.0,0.0,0.0,0.0,0.0,0.0,0.0,0.0,0.0,0.0,0.0,0.0,0.0,0.0,0.0,0.0,0.0,0.0,0.0,0.0,0.0,0.0,0.006266973052015878,0.30708167954877796,5.4271986630457505,16.043451013160645,7.60183831209526,0.6141633590975559,4.3487603305785125,2.964643323144904,nan,nan,nan,4.432107023411371,2.9405319818651994,4.269457161543492,2.9855750486499324,0.9633019101279084,0.3987,0.01131,0.0,0.0,0.0,0.0,0.0,0.0,0.0,0.0,0.0,0.0,0.050135784416127024,16.413202423229556,13.505326927094217,0.031334865260079385,0.0,0.0,0.0,0.0,0.0,0.0,0.0,0.0,0.0,0.0,0.0,0.0,0.0,0.0,0.0,0.0,nan,nan,4.3487603305785125,2.964643323144904,nan,0.3987,0.05286,0.0,0.0,0.0,0.0,0.0,0.0,0.0,0.0,0.0,0.0,0.0,0.0,0.0,0.0,0.0,0.0,0.0,0.0,0.0,0.0,0.0,0.0,0.0,0.0,6.266973052015876e-05,0.0008564863171088364,0.001545853352830583,0.005984959264675162,0.00858575308126175,0.014246918738249426,0.011176101942761646,0.013390432421140588,0.03229580112805515,0.028243158554418217,0.06226237727177773,0.05862753290160852,0.07073323584708585,0.0384478796741174,0.05566116565698768,0.040766659703363274,0.08036348443701692,0.07514100689367036,0.05925423020681011,0.09666805932734489,0.035617296845623564,0.05862753290160852,0.06430958846876958,0.026279506998119907,0.017317735533737205,0.008000835596406936,0.016304574890327973,0.014090244411949029,0.0031543764361813245,0.001963651556298308,0.0,2.0889910173386254e-05,0.0,0.0,0.0,0.0,0.0,0.0,0.0,0.0,0.0,0.0,0.0,0.0,0.0,0.0,0.0,0.0,0.0,0.0,0.0,0.0,0.0,0.0,0.0,0.0,0.0,0.0,0.0,0.0,0.0,0.0,0.0,0.0,0.0,0.0,0.0,0.0,0.0,0.0,0.0,0.0,0.0,0.0,0.0,0.0,0.0,nan,nan,4.3487603305785125,2.964643323144904,nan,0.9197786513102191,0.02267978193791296,0.0,0.0,0.0,0.0,0.0,0.0,0.0,0.0,0.0,0.0,0.0,0.0,0.0,0.0,0.0,0.0,0.0,0.0,0.0,0.0,0.0,0.0,0.0,0.0,0.0,0.3303425774877652,5.322185970636217,16.039967373572598,7.781402936378468,0.5261011419249593,0.919806123315905,0.02279066624080772,0.0,0.0,0.0,0.0,0.0,0.0,0.0,0.0,0.0,0.0,0.0,0.0,0.0,0.0,0.0,0.0,0.0,0.0,0.0,0.0,0.0,0.0,0.0,0.0,0.012847965738758033,0.2826552462526767,5.537473233404713,16.047109207708782,7.413276231263385,0.7066381156316919,0.3987,0.01127,0.0,0.0,0.0,0.0,0.0,0.0,0.0,0.0,0.0,0.0,0.02446982055464927,16.419249592169635,13.531810766721048,0.02446982055464927,0.0,0.0,0.0,0.0,0.0,0.0,0.0,0.0,0.0,0.0,0.0,0.0,0.0,0.0,0.0,0.0,0.3987,0.011345,0.0,0.0,0.0,0.0,0.0,0.0,0.0,0.0,0.0,0.0,0.07708779443254819,16.406852248393978,13.477516059957177,0.038543897216274096,0.0,0.0,0.0,0.0,0.0,0.0,0.0,0.0,0.0,0.0,0.0,0.0,0.0,0.0,0.0,0.0
55800,4617,2388,0.5172189733593242,1117,936,0.44466103530431017,1315,0.569633961446827,0.36199999999999993,2.9672498878420814,2.9002103265116306,6.026988636363637,2.0534364268128136,9426.127867740834,1519.8631000070159,7853.0,10919.579731941223,10894.512297051686,7.275308262266742,7853.0,0.0,30.017543859649123,21.563630543467266,34.739746835443036,19.713225399008408,0.12475633528265107,0.09270088802252545,0.0885856616850769,0.0777561186917912,0.07342430149447693,0.07580680095299978,0.07039202945635695,0.0682261208576998,0.05739657786441412,0.0554472601256227,0.05458089668615984,0.04959930690924843,0.03595408273770847,0.03140567468052848,0.020359540827377086,0.012345679012345678,0.01126272471301711,0.9200828203216166,0.023396926899454284,0.0,0.0,0.0,0.0,0.0,0.0,0.0,0.0,0.0,0.0,0.0,0.0,0.0,0.0,0.0,0.0,0.0,0.0,0.0,0.0,0.0,0.0,0.0,0.0,0.0,0.2988953866146849,5.575048732943471,15.724496426250816,7.706302794022094,0.695256660168941,4.009983896940419,2.6450020014174593,nan,nan,nan,3.995460440985733,2.6209977485399385,4.024312220089572,2.6683946899093955,1.007221139973725,0.399,0.01139,0.0,0.0,0.0,0.0,0.0,0.0,0.0,0.0,0.0,0.0,0.032488628979857055,16.315789473684188,13.58674463937622,0.06497725795971411,0.0,0.0,0.0,0.0,0.0,0.0,0.0,0.0,0.0,0.0,0.0,0.0,0.0,0.0,0.0,0.0,nan,nan,4.009983896940419,2.6450020014174593,nan,0.399,0.0531,0.0,0.0,0.0,0.0,0.0,0.0,0.0,0.0,0.0,0.0,0.0,0.0,0.0,0.0,0.0,0.0,0.0,0.0,0.0,0.0,0.0,0.0,0.0,4.331817197314273e-05,2.1659085986571366e-05,0.0010179770413688543,0.0017002382499458524,0.006032055447260125,0.00823045267489712,0.013959280918345246,0.010677929391379683,0.01329867879575482,0.03292181069958848,0.03167641325536062,0.061479315572882824,0.05837123673380983,0.06748971193415639,0.04034004764998917,0.05357374918778428,0.03976608187134503,0.08181719731427334,0.07298029023175222,0.061500974658869396,0.09918778427550358,0.03545592376001733,0.05627030539311241,0.06146848602988954,0.02764782326185835,0.01716482564435781,0.007483214208360407,0.017771280051981805,0.01537795105046567,0.0033788174139051334,0.0018843404808317088,0.0,0.0,1.0829542993285683e-05,0.0,0.0,0.0,0.0,0.0,0.0,0.0,0.0,0.0,0.0,0.0,0.0,0.0,0.0,0.0,0.0,0.0,0.0,0.0,0.0,0.0,0.0,0.0,0.0,0.0,0.0,0.0,0.0,0.0,0.0,0.0,0.0,0.0,0.0,0.0,0.0,0.0,0.0,0.0,0.0,0.0,0.0,0.0,0.0,nan,nan,4.009983896940419,2.6450020014174593,nan,0.9205942835340548,0.023297831367765132,0.0,0.0,0.0,0.0,0.0,0.0,0.0,0.0,0.0,0.0,0.0,0.0,0.0,0.0,0.0,0.0,0.0,0.0,0.0,0.0,0.0,0.0,0.0,0.0,0.0,0.26381909547738697,5.4396984924623135,15.778894472361813,7.713567839195981,0.8040201005025127,0.919534873192275,0.023490274622006035,0.0,0.0,0.0,0.0,0.0,0.0,0.0,0.0,0.0,0.0,0.0,0.0,0.0,0.0,0.0,0.0,0.0,0.0,0.0,0.0,0.0,0.0,0.0,0.0,0.0,0.33647375504710636,5.720053835800809,15.666218034993273,7.698519515477795,0.578734858681023,0.399,0.01159,0.0,0.0,0.0,0.0,0.0,0.0,0.0,0.0,0.0,0.0,0.03768844221105528,16.09296482412058,13.83165829145729,0.03768844221105528,0.0,0.0,0.0,0.0,0.0,0.0,0.0,0.0,0.0,0.0,0.0,0.0,0.0,0.0,0.0,0.0,0.399,0.01116,0.0,0.0,0.0,0.0,0.0,0.0,0.0,0.0,0.0,0.0,0.026917900403768513,16.55450874831761,13.324360699865414,0.0942126514131898,0.0,0.0,0.0,0.0,0.0,0.0,0.0,0.0,0.0,0.0,0.0,0.0,0.0,0.0,0.0,0.0
55900,4312,2202,0.5106679035250464,1034,881,0.44410946196660483,1232,0.5714285714285714,0.414,3.0,3.1300409578956416,6.635906040268456,2.146478156048425,9406.337999845688,1520.5507400620902,7853.0,10920.440142929554,10894.77722767239,7.044246277900422,7853.0,0.0,27.80217996289425,20.759926540783933,32.66685052399338,19.055985934974323,0.1345083487940631,0.10644712430426716,0.0950834879406308,0.0851113172541744,0.08256029684601113,0.0786178107606679,0.06470315398886828,0.06145640074211503,0.05797773654916512,0.05473098330241188,0.046150278293135436,0.038033395176252316,0.03362708719851577,0.02829313543599258,0.015769944341372914,0.013218923933209647,0.0037105751391465678,0.9203586377797852,0.02317819279082515,0.0,0.0,0.0,0.0,0.0,0.0,0.0,0.0,0.0,0.0,0.0,0.0,0.0,0.0,0.0,0.0,0.0,0.0,0.0,0.0,0.0,0.0,0.0,0.0,0.0,0.3061224489795919,5.301484230055659,15.92532467532468,7.757421150278295,0.7096474953617812,4.368745467730239,2.8960718225215287,nan,nan,nan,4.460260115606936,2.8730125458147997,4.276564774381368,2.916212946918016,0.9588151057417486,0.4,0.01132,0.0,0.0,0.0,0.0,0.0,0.0,0.0,0.0,0.0,0.0,0.03478664192949908,15.173933209647473,14.73562152133581,0.05565862708719853,0.0,0.0,0.0,0.0,0.0,0.0,0.0,0.0,0.0,0.0,0.0,0.0,0.0,0.0,0.0,0.0,nan,nan,4.368745467730239,2.8960718225215287,nan,0.4,0.05273,0.0,0.0,0.0,0.0,0.0,0.0,0.0,0.0,0.0,0.0,0.0,0.0,0.0,0.0,0.0,0.0,0.0,0.0,0.0,0.0,0.0,0.0,3.4786641929499074e-05,2.3191094619666047e-05,2.3191094619666047e-05,0.0006609461966604824,0.0017973098330241188,0.006551484230055658,0.008406771799628943,0.012824675324675325,0.010111317254174397,0.009937384044526902,0.03186456400742115,0.03210807050092764,0.06165352504638219,0.056412337662337664,0.06730055658627088,0.04000463821892394,0.055264378478664195,0.03666512059369202,0.07976576994434137,0.07221706864564008,0.06563079777365492,0.10064935064935066,0.0374652133580705,0.056563079777365494,0.06719619666048238,0.028165584415584415,0.015445269016697589,0.0075950834879406305,0.01753246753246753,0.014703153988868274,0.00349025974025974,0.001913265306122449,2.3191094619666047e-05,0.0,0.0,0.0,0.0,0.0,0.0,0.0,0.0,0.0,0.0,0.0,0.0,0.0,0.0,0.0,0.0,0.0,0.0,0.0,0.0,0.0,0.0,0.0,0.0,0.0,0.0,0.0,0.0,0.0,0.0,0.0,0.0,0.0,0.0,0.0,0.0,0.0,0.0,0.0,0.0,0.0,0.0,0.0,0.0,0.0,0.0,nan,nan,4.368745467730239,2.8960718225215287,nan,0.9205923507854572,0.022650979564955123,0.0,0.0,0.0,0.0,0.0,0.0,0.0,0.0,0.0,0.0,0.0,0.0,0.0,0.0,0.0,0.0,0.0,0.0,0.0,0.0,0.0,0.0,0.0,0.0,0.0,0.2724795640326976,4.986376021798366,16.539509536784745,7.6021798365122635,0.5994550408719347,0.920114734444008,0.023713442865754296,0.0,0.0,0.0,0.0,0.0,0.0,0.0,0.0,0.0,0.0,0.0,0.0,0.0,0.0,0.0,0.0,0.0,0.0,0.0,0.0,0.0,0.0,0.0,0.0,0.0,0.34123222748815174,5.630331753554503,15.284360189573464,7.919431279620855,0.8246445497630334,0.4,0.01142,0.0,0.0,0.0,0.0,0.0,0.0,0.0,0.0,0.0,0.0,0.05449591280653952,15.313351498637578,14.577656675749322,0.05449591280653952,0.0,0.0,0.0,0.0,0.0,0.0,0.0,0.0,0.0,0.0,0.0,0.0,0.0,0.0,0.0,0.0,0.4,0.01121,0.0,0.0,0.0,0.0,0.0,0.0,0.0,0.0,0.0,0.0,0.014218009478672989,15.028436018957324,14.900473933649293,0.056872037914691954,0.0,0.0,0.0,0.0,0.0,0.0,0.0,0.0,0.0,0.0,0.0,0.0,0.0,0.0,0.0,0.0
56000,4468,2298,0.5143240823634736,1120,921,0.45680393912264994,1292,0.5783348254252462,0.38999999999999996,2.9055299539170507,3.027495629769475,6.3173076923076925,2.1820850844047888,9417.471692399818,1520.2844808193804,7853.0,10918.28207373619,10894.801358417053,6.896170111601511,7853.0,0.0,28.170098478066247,20.80243816388767,33.11362426822778,18.977273335660676,0.14077887197851388,0.09735899731423456,0.08482542524619517,0.08997314234556848,0.08057296329453895,0.07162041181736795,0.07184422560429722,0.06692032229185318,0.06042972247090421,0.05371530886302596,0.04409131602506714,0.0418531781557744,0.0373769024171889,0.02909579230080573,0.012757385854968667,0.010295434198746643,0.006490599820948971,0.9196003359428131,0.02243090289301015,0.0,0.0,0.0,0.0,0.0,0.0,0.0,0.0,0.0,0.0,0.0,0.0,0.0,0.0,0.0,0.0,0.0,0.0,0.0,0.0,0.0,0.0,0.0,0.0,0.0,0.30886302596239934,5.626678603401971,15.765443151298124,7.869292748433305,0.4297224709042078,4.133651551312649,2.8322583236155467,nan,nan,nan,4.195171026156942,2.8954745364110726,4.0700416088765605,2.7639352883949972,0.9701729878233336,0.4004,0.0115,0.0,0.0,0.0,0.0,0.0,0.0,0.0,0.0,0.0,0.0,0.04028648164726948,14.711280214861212,15.134288272157567,0.1141450313339302,0.0,0.0,0.0,0.0,0.0,0.0,0.0,0.0,0.0,0.0,0.0,0.0,0.0,0.0,0.0,0.0,nan,nan,4.133651551312649,2.8322583236155467,nan,0.4004,0.05292,0.0,0.0,0.0,0.0,0.0,0.0,0.0,0.0,0.0,0.0,0.0,0.0,0.0,0.0,0.0,0.0,0.0,0.0,0.0,0.0,0.0,0.0,0.00012309758281110116,5.595344673231871e-05,1.1190689346463742e-05,0.0008952551477170994,0.0018912264995523725,0.0070277529095792305,0.008683974932855864,0.012578334825425246,0.008247538048343777,0.009780662488809311,0.03106535362578335,0.03284467323187108,0.061951656222023276,0.05454341987466428,0.06685317815577439,0.0404319606087735,0.05539391226499552,0.034109221128021484,0.07896150402864817,0.07389212175470009,0.06875559534467324,0.10005595344673232,0.038708594449418085,0.056177260519247985,0.06516338406445837,0.02742837958818263,0.016875559534467323,0.007867054610564011,0.01725604297224709,0.016606982990152192,0.003972694717994629,0.0016338406445837064,0.00014547896150402865,0.0,1.1190689346463742e-05,0.0,0.0,0.0,0.0,0.0,0.0,0.0,0.0,0.0,0.0,0.0,0.0,0.0,0.0,0.0,0.0,0.0,0.0,0.0,0.0,0.0,0.0,0.0,0.0,0.0,0.0,0.0,0.0,0.0,0.0,0.0,0.0,0.0,0.0,0.0,0.0,0.0,0.0,0.0,0.0,0.0,0.0,0.0,0.0,nan,nan,4.133651551312649,2.8322583236155467,nan,0.920087674449484,0.022403909044614728,0.0,0.0,0.0,0.0,0.0,0.0,0.0,0.0,0.0,0.0,0.0,0.0,0.0,0.0,0.0,0.0,0.0,0.0,0.0,0.0,0.0,0.0,0.0,0.0,0.0,0.3002610966057442,5.574412532637077,15.522193211488254,8.159268929503918,0.44386422976501316,0.9190842512016473,0.02244792208949175,0.0,0.0,0.0,0.0,0.0,0.0,0.0,0.0,0.0,0.0,0.0,0.0,0.0,0.0,0.0,0.0,0.0,0.0,0.0,0.0,0.0,0.0,0.0,0.0,0.0,0.3179723502304148,5.682027649769587,16.02304147465438,7.562211981566822,0.41474654377880193,0.4004,0.011475,0.0,0.0,0.0,0.0,0.0,0.0,0.0,0.0,0.0,0.0,0.052219321148825076,14.621409921670995,15.208877284595303,0.11749347258485641,0.0,0.0,0.0,0.0,0.0,0.0,0.0,0.0,0.0,0.0,0.0,0.0,0.0,0.0,0.0,0.0,0.4004,0.01152,0.0,0.0,0.0,0.0,0.0,0.0,0.0,0.0,0.0,0.0,0.02764976958525346,14.806451612903205,15.05529953917051,0.11059907834101385,0.0,0.0,0.0,0.0,0.0,0.0,0.0,0.0,0.0,0.0,0.0,0.0,0.0,0.0,0.0,0.0
56100,4042,2091,0.5173181593270658,944,817,0.43567540821375556,1132,0.5601187530925285,0.41,2.9507944643772426,3.035183763127186,6.448648648648649,2.057413090339413,9426.639216913585,1520.0550283368389,7853.0,10920.550845742226,10894.917606295894,7.202217293918647,7853.0,0.0,27.94458189015339,21.046927999463374,32.87982326951399,19.354814054065226,0.13730826323602177,0.10687778327560614,0.09524987629886195,0.08584858980702623,0.07892132607619991,0.06679861454725383,0.06729341909945571,0.06382978723404255,0.0628401781296388,0.05418109846610589,0.04477981197427016,0.04082137555665512,0.0338941118258288,0.02127659574468085,0.02177140029688273,0.010390895596239486,0.007916872835230085,0.9199266432093725,0.023159970966970485,0.0,0.0,0.0,0.0,0.0,0.0,0.0,0.0,0.0,0.0,0.0,0.0,0.0,0.0,0.0,0.0,0.0,0.0,0.0,0.0,0.0,0.0,0.0,0.0,0.0074220682830282055,0.35625927758535386,5.477486392874815,15.734784760019796,7.7486392874814465,0.6754082137555667,4.228227060653188,2.777452450231275,nan,nan,nan,4.320843091334894,2.8409756173884895,4.136328427575523,2.7098246527982246,0.9572966062735765,0.4004,0.01124,0.0,0.0,0.0,0.0,0.0,0.0,0.0,0.0,0.0,0.0,0.037110341415141024,14.272637308263215,15.653142008906485,0.037110341415141024,0.0,0.0,0.0,0.0,0.0,0.0,0.0,0.0,0.0,0.0,0.0,0.0,0.0,0.0,0.0,0.0,nan,nan,4.228227060653188,2.777452450231275,nan,0.4004,0.05304,0.0,0.0,0.0,0.0,0.0,0.0,0.0,0.0,0.0,0.0,0.0,0.0,0.0,0.0,0.0,0.0,0.0,0.0,0.0,0.0,0.0,0.0,0.00012370113805047008,4.948045522018802e-05,0.0,0.0006679861454725384,0.002127659574468085,0.006135576447303315,0.00933943592281049,0.012988619495299357,0.00739732805541811,0.009933201385452747,0.03310242454230579,0.035650667986145475,0.06015586343394359,0.050259772389905984,0.06845620979713013,0.04061108362196932,0.05834982681840673,0.034982681840672936,0.07737506185056903,0.07329292429490351,0.06926026719445819,0.09548490846115784,0.04226867887184562,0.0545522018802573,0.06433696190004948,0.027041068777832755,0.017825333993072737,0.007632360217714003,0.016699653636813458,0.017986145472538347,0.004280059376546264,0.0014225630875804058,0.00021029193468579912,0.0,0.0,0.0,0.0,0.0,0.0,0.0,0.0,0.0,0.0,0.0,0.0,0.0,0.0,0.0,0.0,0.0,0.0,0.0,0.0,0.0,0.0,0.0,0.0,0.0,0.0,0.0,0.0,0.0,0.0,0.0,0.0,0.0,0.0,0.0,0.0,0.0,0.0,0.0,0.0,0.0,0.0,0.0,0.0,0.0,0.0,nan,nan,4.228227060653188,2.777452450231275,nan,0.9207653683489558,0.023291492740857705,0.0,0.0,0.0,0.0,0.0,0.0,0.0,0.0,0.0,0.0,0.0,0.0,0.0,0.0,0.0,0.0,0.0,0.0,0.0,0.0,0.0,0.0,0.0,0.0,0.0,0.3730272596843617,5.064562410329986,15.55236728837877,8.307030129124822,0.7030129124820661,0.9190277327701778,0.02298422285540434,0.0,0.0,0.0,0.0,0.0,0.0,0.0,0.0,0.0,0.0,0.0,0.0,0.0,0.0,0.0,0.0,0.0,0.0,0.0,0.0,0.0,0.0,0.0,0.0,0.015376729882111742,0.3382880574064583,5.92004100461302,15.930292157867763,7.15017939518196,0.6458226550486931,0.4001,0.01114,0.0,0.0,0.0,0.0,0.0,0.0,0.0,0.0,0.0,0.0,0.04304160688665711,14.390243902439003,15.538020086083216,0.02869440459110474,0.0,0.0,0.0,0.0,0.0,0.0,0.0,0.0,0.0,0.0,0.0,0.0,0.0,0.0,0.0,0.0,0.4004,0.011345,0.0,0.0,0.0,0.0,0.0,0.0,0.0,0.0,0.0,0.0,0.030753459764223483,14.146591491542779,15.776524859046647,0.04613018964633522,0.0,0.0,0.0,0.0,0.0,0.0,0.0,0.0,0.0,0.0,0.0,0.0,0.0,0.0,0.0,0.0
56200,3945,2033,0.5153358681875793,999,804,0.4570342205323194,1107,0.5612167300380229,0.426,2.9497907949790796,3.0875627749549728,6.592178770949721,2.0458829762228556,9420.589565865834,1520.2326342316287,7853.0,10918.662673473358,10894.879408431241,7.087667803683198,7853.0,0.0,28.26641318124208,20.955544712119178,33.31489876095497,19.100487206125358,0.1391634980988593,0.09809885931558936,0.08745247148288973,0.08390367553865653,0.08593155893536121,0.07122940430925222,0.06717363751584284,0.06869455006337136,0.059569074778200254,0.05551330798479087,0.047655259822560206,0.03827629911280101,0.0311787072243346,0.029404309252217996,0.01850443599493029,0.012420785804816223,0.0058301647655259825,0.9207429627955187,0.02307886408160863,0.0,0.0,0.0,0.0,0.0,0.0,0.0,0.0,0.0,0.0,0.0,0.0,0.0,0.0,0.0,0.0,0.0,0.0,0.0,0.0,0.0,0.0,0.0,0.0,0.0,0.27376425855513314,5.1102661596958185,16.02281368821293,7.8555133079847925,0.7376425855513309,4.159257827599536,2.848879351286519,nan,nan,nan,4.029548989113531,2.7755426435396493,4.2907692307692304,2.912584000871078,1.064826173440608,0.4,0.0114,0.0,0.0,0.0,0.0,0.0,0.0,0.0,0.0,0.0,0.0,0.08365019011406846,15.231939163498076,14.669201520912551,0.015209125475285174,0.0,0.0,0.0,0.0,0.0,0.0,0.0,0.0,0.0,0.0,0.0,0.0,0.0,0.0,0.0,0.0,nan,nan,4.159257827599536,2.848879351286519,nan,0.4,0.05276,0.0,0.0,0.0,0.0,0.0,0.0,0.0,0.0,0.0,0.0,0.0,0.0,0.0,0.0,0.0,0.0,0.0,0.0,0.0,0.0,0.0,0.0,0.00022813688212927757,1.2674271229404309e-05,0.0,0.0005196451204055767,0.0024461343472750316,0.005640050697084917,0.009150823827629911,0.014841571609632447,0.0062864385297845375,0.010304182509505704,0.0320659062103929,0.036273764258555136,0.059569074778200254,0.05074778200253485,0.07072243346007605,0.04138149556400507,0.05814955640050697,0.03689480354879594,0.07456273764258556,0.0744486692015209,0.0694169835234474,0.09901140684410646,0.04223067173637516,0.05356147021546261,0.06049429657794677,0.02482889733840304,0.020164765525982255,0.007782002534854246,0.01603295310519645,0.01702154626108999,0.004169835234474018,0.0008111533586818758,0.00021546261089987325,1.2674271229404309e-05,0.0,0.0,0.0,0.0,0.0,0.0,0.0,0.0,0.0,0.0,0.0,0.0,0.0,0.0,0.0,0.0,0.0,0.0,0.0,0.0,0.0,0.0,0.0,0.0,0.0,0.0,0.0,0.0,0.0,0.0,0.0,0.0,0.0,0.0,0.0,0.0,0.0,0.0,0.0,0.0,0.0,0.0,0.0,0.0,0.0,nan,nan,4.159257827599536,2.848879351286519,nan,0.9212122714056268,0.02270133277122796,0.0,0.0,0.0,0.0,0.0,0.0,0.0,0.0,0.0,0.0,0.0,0.0,0.0,0.0,0.0,0.0,0.0,0.0,0.0,0.0,0.0,0.0,0.0,0.0,0.0,0.206591244466306,4.884407279881949,16.320708312838175,7.850467289719628,0.73782587309395,0.9202439542158378,0.023463333133292144,0.0,0.0,0.0,0.0,0.0,0.0,0.0,0.0,0.0,0.0,0.0,0.0,0.0,0.0,0.0,0.0,0.0,0.0,0.0,0.0,0.0,0.0,0.0,0.0,0.0,0.3451882845188285,5.350418410041842,15.706066945606699,7.860878661087868,0.73744769874477,0.3997,0.01138,0.0,0.0,0.0,0.0,0.0,0.0,0.0,0.0,0.0,0.0,0.103295622233153,15.154943433349708,14.712247909493364,0.029513034923758,0.0,0.0,0.0,0.0,0.0,0.0,0.0,0.0,0.0,0.0,0.0,0.0,0.0,0.0,0.0,0.0,0.4,0.011406,0.0,0.0,0.0,0.0,0.0,0.0,0.0,0.0,0.0,0.0,0.06276150627615064,15.31380753138073,14.6234309623431,0.0,0.0,0.0,0.0,0.0,0.0,0.0,0.0,0.0,0.0,0.0,0.0,0.0,0.0,0.0,0.0,0.0
56300,4010,2086,0.5201995012468827,1007,814,0.4541147132169576,1111,0.5541147132169576,0.418,3.021309771309771,3.11292375981089,6.59963768115942,2.1537462842987924,9435.208436993888,1519.5376683959485,7853.0,10920.357062160969,10894.541626244241,6.993334757463943,7853.0,0.0,28.413715710723192,20.882611253792827,33.07748752568242,19.18430180277308,0.12917705735660848,0.09625935162094763,0.09825436408977556,0.08902743142144638,0.08029925187032419,0.07406483790523691,0.06982543640897755,0.06783042394014963,0.053865336658354114,0.05361596009975062,0.049625935162094764,0.040149625935162095,0.03466334164588529,0.02543640897755611,0.01945137157107232,0.010224438902743141,0.008229426433915213,0.9203531280568711,0.022893247767601203,0.0,0.0,0.0,0.0,0.0,0.0,0.0,0.0,0.0,0.0,0.0,0.0,0.0,0.0,0.0,0.0,0.0,0.0,0.0,0.0,0.0,0.0,0.0,0.0,0.00748129675810474,0.2842892768079801,5.289276807980051,15.897755610972572,7.930174563591025,0.5910224438902745,4.176492963103842,2.91571125206335,nan,nan,nan,4.174374526156179,2.8372446910131655,4.178625954198473,2.9926374701972622,1.001018458697382,0.3992,0.01118,0.0,0.0,0.0,0.0,0.0,0.0,0.0,0.0,0.0,0.0,0.05236907730673318,15.800498753117184,14.072319201995017,0.0748129675810474,0.0,0.0,0.0,0.0,0.0,0.0,0.0,0.0,0.0,0.0,0.0,0.0,0.0,0.0,0.0,0.0,nan,nan,4.176492963103842,2.91571125206335,nan,0.3992,0.05267,0.0,0.0,0.0,0.0,0.0,0.0,0.0,0.0,0.0,0.0,0.0,0.0,0.0,0.0,0.0,0.0,0.0,0.0,0.0,0.0,3.740648379052369e-05,0.0,0.0005486284289276808,0.00018703241895261845,4.987531172069826e-05,0.0005361596009975062,0.002256857855361596,0.006346633416458853,0.00802992518703242,0.015511221945137156,0.0067082294264339155,0.010673316708229427,0.03138403990024938,0.03837905236907731,0.06118453865336659,0.04849127182044888,0.07148379052369078,0.04112219451371571,0.057518703241895265,0.03778054862842893,0.07421446384039901,0.07487531172069825,0.07079800498753117,0.10103491271820449,0.0427431421446384,0.054800498753117204,0.057830423940149624,0.02412718204488778,0.016446384039900248,0.007817955112219452,0.014177057356608479,0.017543640897755612,0.004164588528678305,0.0008229426433915212,0.0003740648379052369,0.0,0.0,0.0,0.0,0.0,0.0,0.0,0.0,0.0,0.0,0.0,0.0,0.0,0.0,0.0,0.0,0.0,0.0,0.0,0.0,0.0,0.0,0.0,0.0,0.0,0.0,0.0,0.0,0.0,0.0,0.0,0.0,0.0,0.0,0.0,0.0,0.0,0.0,0.0,0.0,0.0,0.0,0.0,0.0,0.0,0.0,nan,nan,4.176492963103842,2.91571125206335,nan,0.9205781654566384,0.022760950842219397,0.0,0.0,0.0,0.0,0.0,0.0,0.0,0.0,0.0,0.0,0.0,0.0,0.0,0.0,0.0,0.0,0.0,0.0,0.0,0.0,0.0,0.0,0.0,0.0,0.0,0.35953978906999046,4.875359539789071,16.208053691275172,8.024928092042188,0.532118887823586,0.9201091426016139,0.023033341629481764,0.0,0.0,0.0,0.0,0.0,0.0,0.0,0.0,0.0,0.0,0.0,0.0,0.0,0.0,0.0,0.0,0.0,0.0,0.0,0.0,0.0,0.0,0.0,0.0,0.015592515592515597,0.20270270270270277,5.738045738045739,15.561330561330566,7.827442827442829,0.654885654885655,0.3992,0.01089,0.0,0.0,0.0,0.0,0.0,0.0,0.0,0.0,0.0,0.0,0.02876318312559924,15.92042186001915,13.993288590604031,0.05752636625119848,0.0,0.0,0.0,0.0,0.0,0.0,0.0,0.0,0.0,0.0,0.0,0.0,0.0,0.0,0.0,0.0,0.3992,0.01148,0.0,0.0,0.0,0.0,0.0,0.0,0.0,0.0,0.0,0.0,0.07796257796257798,15.670478170478148,14.158004158004161,0.09355509355509357,0.0,0.0,0.0,0.0,0.0,0.0,0.0,0.0,0.0,0.0,0.0,0.0,0.0,0.0,0.0,0.0
56400,4338,2189,0.5046104195481789,1036,928,0.45274319963116644,1267,0.5841401567542647,0.39399999999999996,2.8715681712424383,3.038496053437948,6.5042589437819425,2.105698989119233,9387.616173955428,1520.5387091294028,7853.0,10917.863400816917,10894.190024037756,7.090357657475751,7853.0,0.0,27.41055786076533,20.610472146796443,32.43456653782441,18.84690853752197,0.14315352697095435,0.10258183494698017,0.09013370216689719,0.0896726602120793,0.08321807284462886,0.08114338404794837,0.0656984785615491,0.062010142923005995,0.05763024435223606,0.05071461502996773,0.047487321346242506,0.03872752420470263,0.033656062701705854,0.02236053480866759,0.015444905486399263,0.0099124020285846,0.006454587367450438,0.9193524506549343,0.02304235457258442,0.0,0.0,0.0,0.0,0.0,0.0,0.0,0.0,0.0,0.0,0.0,0.0,0.0,0.0,0.0,0.0,0.0,0.0,0.0,0.0,0.0,0.0,0.0,0.0,0.006915629322268328,0.33886583679114807,5.636237897648686,15.88520055325035,7.572614107883819,0.5601659751037346,4.29382183908046,2.8686307343570325,nan,nan,nan,4.255714285714285,2.862872469305995,4.332369942196531,2.8739297865563915,1.0180124066927063,0.3992,0.01093,0.0,0.0,0.0,0.0,0.0,0.0,0.0,0.0,0.0,0.0,0.02766251728907331,16.09958506224064,13.852005532503462,0.020746887966804982,0.0,0.0,0.0,0.0,0.0,0.0,0.0,0.0,0.0,0.0,0.0,0.0,0.0,0.0,0.0,0.0,nan,nan,4.29382183908046,2.8686307343570325,nan,0.3992,0.05316,0.0,0.0,0.0,0.0,0.0,0.0,0.0,0.0,0.0,0.0,0.0,0.0,0.0,0.0,0.0,0.0,0.0,0.0,0.0,0.0,0.0,0.0,0.0008298755186721991,9.220839096357768e-05,1.152604887044721e-05,0.00036883356385431073,0.002247579529737206,0.006477639465191333,0.008494698017519594,0.01641309359151683,0.005982019363762103,0.011088059013370217,0.031051175656984786,0.03896957123098202,0.06199861687413555,0.049827109266943295,0.0704587367450438,0.043118948824343015,0.05539419087136929,0.03673351775011526,0.07467727063162748,0.07049331489165514,0.07188796680497925,0.09483633010603965,0.04367219917012448,0.05520977408944214,0.062217611802674044,0.023570769940064545,0.01723144306131858,0.007630244352236053,0.015629322268326418,0.01776164130935915,0.00417242969110189,0.0005532503457814661,0.0008644536652835408,3.457814661134163e-05,0.0,0.0,0.0,0.0,0.0,0.0,0.0,0.0,0.0,0.0,0.0,0.0,0.0,0.0,0.0,0.0,0.0,0.0,0.0,0.0,0.0,0.0,0.0,0.0,0.0,0.0,0.0,0.0,0.0,0.0,0.0,0.0,0.0,0.0,0.0,0.0,0.0,0.0,0.0,0.0,0.0,0.0,0.0,0.0,0.0,nan,nan,4.29382183908046,2.8686307343570325,nan,0.9190241557759964,0.02296977031380105,0.0,0.0,0.0,0.0,0.0,0.0,0.0,0.0,0.0,0.0,0.0,0.0,0.0,0.0,0.0,0.0,0.0,0.0,0.0,0.0,0.0,0.0,0.0,0.0,0.013704888076747376,0.4248515303791687,5.577889447236181,16.14435815440841,7.249885792599362,0.5893101873001372,0.9196868561877379,0.023111261615341813,0.0,0.0,0.0,0.0,0.0,0.0,0.0,0.0,0.0,0.0,0.0,0.0,0.0,0.0,0.0,0.0,0.0,0.0,0.0,0.0,0.0,0.0,0.0,0.0,0.0,0.2512796649604468,5.695672405770127,15.621219171707775,7.901349464867382,0.5304792926942765,0.3994,0.01088,0.0,0.0,0.0,0.0,0.0,0.0,0.0,0.0,0.0,0.0,0.013704888076747376,16.062128825947898,13.910461397898587,0.013704888076747376,0.0,0.0,0.0,0.0,0.0,0.0,0.0,0.0,0.0,0.0,0.0,0.0,0.0,0.0,0.0,0.0,0.3992,0.01098,0.0,0.0,0.0,0.0,0.0,0.0,0.0,0.0,0.0,0.0,0.04187994416007446,16.137738483015333,13.79246161005119,0.027919962773382975,0.0,0.0,0.0,0.0,0.0,0.0,0.0,0.0,0.0,0.0,0.0,0.0,0.0,0.0,0.0,0.0
56500,4305,2229,0.5177700348432056,1075,903,0.459465737514518,1233,0.572822299651568,0.40599999999999997,2.9778420038535645,3.045811167916622,6.543859649122807,2.090665766860567,9427.623364217647,1519.629639720531,7853.0,10918.015677034855,10894.163563462078,7.056182749600974,7853.0,0.0,28.2664343786295,20.88345737774876,33.1171939477304,19.097923833222048,0.13588850174216027,0.09872241579558652,0.08641114982578398,0.08501742160278745,0.0826945412311266,0.0761904761904762,0.07200929152148665,0.07386759581881533,0.05900116144018583,0.04901277584204414,0.04529616724738676,0.03577235772357724,0.032520325203252036,0.030429732868757258,0.017653890824622532,0.013008130081300813,0.0065040650406504065,0.9194089482747165,0.02302891871122813,0.0,0.0,0.0,0.0,0.0,0.0,0.0,0.0,0.0,0.0,0.0,0.0,0.0,0.0,0.0,0.0,0.0,0.0,0.0,0.0,0.0,0.0,0.0,0.0,0.0,0.28571428571428575,5.8745644599303155,15.421602787456449,7.8885017421602805,0.529616724738676,4.217098261794963,2.8688450078805916,nan,nan,nan,4.220350877192982,2.9260847230915505,4.214644651830581,2.8099430227625692,0.9986479263150281,0.399,0.01093,0.0,0.0,0.0,0.0,0.0,0.0,0.0,0.0,0.0,0.0,0.05574912891986064,16.432055749128896,13.491289198606275,0.020905923344947737,0.0,0.0,0.0,0.0,0.0,0.0,0.0,0.0,0.0,0.0,0.0,0.0,0.0,0.0,0.0,0.0,nan,nan,4.217098261794963,2.8688450078805916,nan,0.399,0.05286,0.0,0.0,0.0,0.0,0.0,0.0,0.0,0.0,0.0,0.0,0.0,0.0,0.0,0.0,0.0,0.0,0.0,0.0,0.0,0.0,0.0,0.0,0.0009872241579558653,3.484320557491289e-05,0.0,0.00022067363530778165,0.002183507549361208,0.0065272938443670155,0.007851335656213706,0.016155632984901278,0.005052264808362369,0.010940766550522648,0.0326945412311266,0.03974448315911731,0.06462253193960511,0.04787456445993031,0.06961672473867596,0.04250871080139373,0.05907084785133566,0.03723577235772358,0.07318234610917537,0.07337979094076655,0.07419279907084785,0.09378629500580721,0.04344947735191638,0.054088269454123115,0.057154471544715445,0.024099883855981417,0.01743321718931475,0.006922183507549361,0.015749128919860626,0.018176538908246224,0.003356562137049942,0.0007549361207897793,0.0009291521486643438,1.1614401858304297e-05,1.1614401858304297e-05,0.0,0.0,0.0,0.0,0.0,0.0,0.0,0.0,0.0,0.0,0.0,0.0,0.0,0.0,0.0,0.0,0.0,0.0,0.0,0.0,0.0,0.0,0.0,0.0,0.0,0.0,0.0,0.0,0.0,0.0,0.0,0.0,0.0,0.0,0.0,0.0,0.0,0.0,0.0,0.0,0.0,0.0,0.0,0.0,nan,nan,4.217098261794963,2.8688450078805916,nan,0.9195304637588477,0.02275423953074039,0.0,0.0,0.0,0.0,0.0,0.0,0.0,0.0,0.0,0.0,0.0,0.0,0.0,0.0,0.0,0.0,0.0,0.0,0.0,0.0,0.0,0.0,0.0,0.0,0.0,0.24226110363391662,5.841184387617767,15.450874831763127,7.9946164199192475,0.471063257065949,0.9192784771696451,0.023319535175489948,0.0,0.0,0.0,0.0,0.0,0.0,0.0,0.0,0.0,0.0,0.0,0.0,0.0,0.0,0.0,0.0,0.0,0.0,0.0,0.0,0.0,0.0,0.0,0.0,0.0,0.3323699421965318,5.910404624277458,15.390173410404628,7.7745664739884415,0.592485549132948,0.3987,0.01105,0.0,0.0,0.0,0.0,0.0,0.0,0.0,0.0,0.0,0.0,0.08075370121130553,16.40646029609688,13.499327052489908,0.013458950201884257,0.0,0.0,0.0,0.0,0.0,0.0,0.0,0.0,0.0,0.0,0.0,0.0,0.0,0.0,0.0,0.0,0.399,0.010796,0.0,0.0,0.0,0.0,0.0,0.0,0.0,0.0,0.0,0.0,0.02890173410404625,16.459537572254312,13.482658959537575,0.02890173410404625,0.0,0.0,0.0,0.0,0.0,0.0,0.0,0.0,0.0,0.0,0.0,0.0,0.0,0.0,0.0,0.0
56600,4352,2228,0.5119485294117647,1060,884,0.44669117647058826,1193,0.5482536764705882,0.40599999999999997,2.9515065913371,3.10836950940822,6.574074074074074,2.1182391918700567,9409.836038218291,1520.0750329518276,7853.0,10920.144126415253,10894.001094401257,7.189175592943727,7853.0,0.0,27.988970588235293,20.914652100136,32.972054794520545,19.157123569290153,0.13855698529411764,0.09673713235294118,0.1013327205882353,0.08409926470588236,0.08042279411764706,0.07628676470588236,0.06847426470588236,0.06043198529411765,0.05951286764705882,0.050551470588235295,0.04572610294117647,0.03676470588235294,0.03676470588235294,0.02849264705882353,0.021139705882352942,0.01011029411764706,0.004595588235294118,0.9189915471600697,0.023054986232018532,0.0,0.0,0.0,0.0,0.0,0.0,0.0,0.0,0.0,0.0,0.0,0.0,0.0,0.0,0.0,0.0,0.0,0.0,0.0,0.0,0.0,0.0,0.0,0.0,0.0,0.3584558823529413,5.638786764705883,16.109834558823533,7.279411764705884,0.6135110294117648,4.266094420600858,2.875953891084756,nan,nan,nan,4.2360335195530725,2.824006804990142,4.297653958944282,2.929167769453392,1.014546730828917,0.399,0.01117,0.0,0.0,0.0,0.0,0.0,0.0,0.0,0.0,0.0,0.0,0.027573529411764712,16.01332720588233,13.910845588235297,0.04825367647058825,0.0,0.0,0.0,0.0,0.0,0.0,0.0,0.0,0.0,0.0,0.0,0.0,0.0,0.0,0.0,0.0,nan,nan,4.266094420600858,2.875953891084756,nan,0.399,0.05246,0.0,0.0,0.0,0.0,0.0,0.0,0.0,0.0,0.0,0.0,0.0,0.0,0.0,0.0,0.0,0.0,0.0,0.0,0.0,0.0,0.0,0.0,0.0007582720588235294,0.0,0.0,1.1488970588235294e-05,0.0025045955882352943,0.007766544117647059,0.007525275735294118,0.014901194852941177,0.004848345588235294,0.010420496323529411,0.032892922794117645,0.03899356617647059,0.0642578125,0.04542738970588235,0.07102481617647059,0.04094669117647059,0.06166130514705882,0.03723575367647059,0.07419577205882352,0.07065716911764706,0.07726332720588236,0.0968405330882353,0.04287683823529412,0.05510110294117647,0.05721507352941176,0.02578125,0.014453125,0.006433823529411764,0.016486672794117647,0.016394761029411765,0.003125,0.0009076286764705883,0.001091452205882353,0.0,0.0,0.0,0.0,0.0,0.0,0.0,0.0,0.0,0.0,0.0,0.0,0.0,0.0,0.0,0.0,0.0,0.0,0.0,0.0,0.0,0.0,0.0,0.0,0.0,0.0,0.0,0.0,0.0,0.0,0.0,0.0,0.0,0.0,0.0,0.0,0.0,0.0,0.0,0.0,0.0,0.0,0.0,0.0,0.0,0.0,nan,nan,4.266094420600858,2.875953891084756,nan,0.9190854776376454,0.02324758142616578,0.0,0.0,0.0,0.0,0.0,0.0,0.0,0.0,0.0,0.0,0.0,0.0,0.0,0.0,0.0,0.0,0.0,0.0,0.0,0.0,0.0,0.0,0.0,0.0,0.0,0.377019748653501,5.628366247755836,16.023339317773793,7.257630161579894,0.7136445242369841,0.9188930174500705,0.022850801501116704,0.0,0.0,0.0,0.0,0.0,0.0,0.0,0.0,0.0,0.0,0.0,0.0,0.0,0.0,0.0,0.0,0.0,0.0,0.0,0.0,0.0,0.0,0.0,0.0,0.0,0.33898305084745767,5.649717514124295,16.200564971751415,7.302259887005651,0.5084745762711865,0.3987,0.01111,0.0,0.0,0.0,0.0,0.0,0.0,0.0,0.0,0.0,0.0,0.02692998204667864,16.427289048473945,13.518850987432678,0.02692998204667864,0.0,0.0,0.0,0.0,0.0,0.0,0.0,0.0,0.0,0.0,0.0,0.0,0.0,0.0,0.0,0.0,0.3994,0.01122,0.0,0.0,0.0,0.0,0.0,0.0,0.0,0.0,0.0,0.0,0.028248587570621476,15.579096045197716,14.322033898305088,0.07062146892655369,0.0,0.0,0.0,0.0,0.0,0.0,0.0,0.0,0.0,0.0,0.0,0.0,0.0,0.0,0.0,0.0
56700,4475,2273,0.5079329608938548,1098,913,0.4493854748603352,1278,0.5711731843575419,0.40599999999999997,2.9000908265213443,3.0220218059380803,6.374009508716323,2.101140644090426,9397.676659097684,1520.368766388354,7853.0,10921.329084038734,10894.103409354218,7.114921693422183,7853.0,0.0,27.77877094972067,20.74238358293776,32.80373831775701,18.93949855507366,0.1418994413407821,0.1005586592178771,0.09184357541899442,0.08402234636871508,0.08245810055865922,0.07553072625698325,0.07016759776536313,0.06122905027932961,0.061899441340782124,0.05653631284916201,0.04379888268156425,0.03553072625698324,0.033743016759776534,0.026368715083798882,0.019664804469273742,0.008938547486033519,0.005810055865921788,0.9182624923849905,0.022718251761871155,0.0,0.0,0.0,0.0,0.0,0.0,0.0,0.0,0.0,0.0,0.0,0.0,0.0,0.0,0.0,0.0,0.0,0.0,0.0,0.0,0.0,0.0,0.0,0.0,0.006703910614525141,0.3955307262569833,5.879329608938549,16.297206703910618,6.931843575418996,0.4893854748603353,4.264288188430897,2.8227481660513116,nan,nan,nan,4.31267217630854,2.8550914880137066,4.215331010452962,2.788785745755354,0.9774290365981636,0.3992,0.010895,0.0,0.0,0.0,0.0,0.0,0.0,0.0,0.0,0.0,0.0,0.04692737430167599,15.727374301675955,14.1854748603352,0.040223463687150844,0.0,0.0,0.0,0.0,0.0,0.0,0.0,0.0,0.0,0.0,0.0,0.0,0.0,0.0,0.0,0.0,nan,nan,4.264288188430897,2.8227481660513116,nan,0.3992,0.0525,0.0,0.0,0.0,0.0,0.0,0.0,0.0,0.0,0.0,0.0,0.0,0.0,0.0,0.0,0.0,0.0,0.0,0.0,0.0,0.0,0.0,0.0,0.0010726256983240223,0.0,2.23463687150838e-05,1.11731843575419e-05,0.0027374301675977654,0.007664804469273743,0.00753072625698324,0.015251396648044693,0.004335195530726257,0.010558659217877095,0.033988826815642456,0.03709497206703911,0.06045810055865922,0.04500558659217877,0.07087150837988827,0.04164245810055866,0.060279329608938545,0.036324022346368716,0.07796648044692737,0.06992178770949721,0.0783463687150838,0.1006927374301676,0.041597765363128494,0.05354189944134078,0.057687150837988824,0.0251731843575419,0.015083798882681564,0.006346368715083799,0.01801117318435754,0.015698324022346367,0.0029162011173184356,0.0007597765363128491,0.0013743016759776537,0.0,2.23463687150838e-05,0.0,1.11731843575419e-05,0.0,0.0,0.0,0.0,0.0,0.0,0.0,0.0,0.0,0.0,0.0,0.0,0.0,0.0,0.0,0.0,0.0,0.0,0.0,0.0,0.0,0.0,0.0,0.0,0.0,0.0,0.0,0.0,0.0,0.0,0.0,0.0,0.0,0.0,0.0,0.0,0.0,0.0,0.0,0.0,0.0,0.0,nan,nan,4.264288188430897,2.8227481660513116,nan,0.9189788123819727,0.022785332876261073,0.0,0.0,0.0,0.0,0.0,0.0,0.0,0.0,0.0,0.0,0.0,0.0,0.0,0.0,0.0,0.0,0.0,0.0,0.0,0.0,0.0,0.0,0.0,0.0,0.013198416190057197,0.31676198856137266,5.767707875054995,16.036075670919494,7.430708315002201,0.4355477342718875,0.9175230757850176,0.022625024095886282,0.0,0.0,0.0,0.0,0.0,0.0,0.0,0.0,0.0,0.0,0.0,0.0,0.0,0.0,0.0,0.0,0.0,0.0,0.0,0.0,0.0,0.0,0.0,0.0,0.0,0.4768392370572208,5.9945504087193475,16.566757493188014,6.416893732970029,0.5449591280653951,0.3992,0.01083,0.0,0.0,0.0,0.0,0.0,0.0,0.0,0.0,0.0,0.0,0.07919049714034317,16.16805983282004,13.713154421469428,0.03959524857017158,0.0,0.0,0.0,0.0,0.0,0.0,0.0,0.0,0.0,0.0,0.0,0.0,0.0,0.0,0.0,0.0,0.3994,0.010956,0.0,0.0,0.0,0.0,0.0,0.0,0.0,0.0,0.0,0.0,0.01362397820163488,15.272479564032674,14.673024523160766,0.04087193460490464,0.0,0.0,0.0,0.0,0.0,0.0,0.0,0.0,0.0,0.0,0.0,0.0,0.0,0.0,0.0,0.0
56800,4439,2266,0.5104753322820456,1052,922,0.44469475107006085,1234,0.5559810768191034,0.426,2.893235158766682,3.113974747554885,6.611498257839721,2.2252761295588512,9405.407662026018,1520.225449559531,7853.0,10916.999654710293,10894.102211709398,6.940820500049252,7853.0,0.0,27.471052038747466,20.785693685634158,32.535926526202054,19.050635715644304,0.14507772020725387,0.10272583915296238,0.0937148006307727,0.09191259292633476,0.0792971389952692,0.0723135841405722,0.06420364947060149,0.06307726965532778,0.05902230232034242,0.05631899076368552,0.04280243298040099,0.0396485694976346,0.032439738679882854,0.02297814823158369,0.019373732822707816,0.008560486596080198,0.00653300292858752,0.9186211685711104,0.02271575567172765,0.0,0.0,0.0,0.0,0.0,0.0,0.0,0.0,0.0,0.0,0.0,0.0,0.0,0.0,0.0,0.0,0.0,0.0,0.0,0.0,0.0,0.0,0.0,0.0,0.006758278891642263,0.3717053390403245,5.859427799053843,16.199594503266503,7.021851768416312,0.5406623113313811,4.267901674385465,2.9010850113830093,nan,nan,nan,4.2532561505065125,2.941710660766321,4.282105263157895,2.861062700884647,1.006782829820383,0.3992,0.011116,0.0,0.0,0.0,0.0,0.0,0.0,0.0,0.0,0.0,0.0,0.04054967334985358,16.098220319891844,13.840955170083355,0.02027483667492679,0.0,0.0,0.0,0.0,0.0,0.0,0.0,0.0,0.0,0.0,0.0,0.0,0.0,0.0,0.0,0.0,nan,nan,4.267901674385465,2.9010850113830093,nan,0.3992,0.0525,0.0,0.0,0.0,0.0,0.0,0.0,0.0,0.0,0.0,0.0,0.0,0.0,0.0,0.0,0.0,0.0,0.0,0.0,0.0,0.0,0.0,0.0,0.0007997296688443343,5.6318990763685515e-05,0.0,5.6318990763685515e-05,0.003390403243973868,0.00773822933093039,0.007997296688443343,0.014676728993016445,0.004190132912818202,0.010678080648794774,0.03261995945032665,0.037418337463392654,0.05973192160396486,0.04427799053840955,0.07438612300067583,0.04275737778779004,0.05857175039423294,0.03661860779454832,0.07521964406397838,0.06936246902455508,0.079691371930615,0.10330029285875197,0.04310655553052489,0.05185852669520162,0.055586843883757606,0.025794097769767967,0.015487722460013516,0.006330254561838252,0.018179770218517684,0.015059698130209506,0.003097544492002703,0.0003717053390403244,0.0014530299617030863,0.0,7.884658706915972e-05,0.0,5.6318990763685515e-05,0.0,0.0,0.0,0.0,0.0,0.0,0.0,0.0,0.0,0.0,0.0,0.0,0.0,0.0,0.0,0.0,0.0,0.0,0.0,0.0,0.0,0.0,0.0,0.0,0.0,0.0,0.0,0.0,0.0,0.0,0.0,0.0,0.0,0.0,0.0,0.0,0.0,0.0,0.0,0.0,0.0,0.0,nan,nan,4.267901674385465,2.9010850113830093,nan,0.9186971487719089,0.022631475676158495,0.0,0.0,0.0,0.0,0.0,0.0,0.0,0.0,0.0,0.0,0.0,0.0,0.0,0.0,0.0,0.0,0.0,0.0,0.0,0.0,0.0,0.0,0.0,0.0,0.0,0.31774051191526925,5.745807590467786,16.2180052956752,7.162400706090028,0.5560458958517212,0.9185419365715662,0.02280304125509956,0.0,0.0,0.0,0.0,0.0,0.0,0.0,0.0,0.0,0.0,0.0,0.0,0.0,0.0,0.0,0.0,0.0,0.0,0.0,0.0,0.0,0.0,0.0,0.0,0.013805798435342848,0.4279797514956283,5.977910722503453,16.180395766221817,6.875287620800738,0.5246203405430282,0.3994,0.01102,0.0,0.0,0.0,0.0,0.0,0.0,0.0,0.0,0.0,0.0,0.013239187996469552,16.059135039717543,13.90114739629303,0.026478375992939104,0.0,0.0,0.0,0.0,0.0,0.0,0.0,0.0,0.0,0.0,0.0,0.0,0.0,0.0,0.0,0.0,0.3992,0.011215,0.0,0.0,0.0,0.0,0.0,0.0,0.0,0.0,0.0,0.0,0.06902899217671424,16.138978370915762,13.77818683847216,0.013805798435342848,0.0,0.0,0.0,0.0,0.0,0.0,0.0,0.0,0.0,0.0,0.0,0.0,0.0,0.0,0.0,0.0
56900,4653,2433,0.5228884590586719,1149,953,0.4517515581345369,1315,0.5652267354395014,0.41,2.945945945945946,3.046007097877712,6.550653594771242,2.134156450642832,9443.213452043123,1519.0192924110593,7853.0,10921.284076452255,10894.209696817365,7.032963909143461,7853.0,0.0,28.273372018052868,20.808245478750504,33.23440695296524,18.969395009881925,0.13711583924349882,0.09477756286266925,0.09262841177734794,0.08682570384698045,0.0851063829787234,0.0707070707070707,0.06877283473028153,0.060176230388996346,0.06039114549752848,0.06382978723404255,0.04362776703202235,0.04040404040404041,0.03331184182248012,0.027294218783580487,0.019342359767891684,0.010101010101010102,0.005587792821835375,0.9197330213658865,0.02261557944462037,0.0,0.0,0.0,0.0,0.0,0.0,0.0,0.0,0.0,0.0,0.0,0.0,0.0,0.0,0.0,0.0,0.0,0.0,0.0,0.0,0.0,0.0,0.0,0.0,0.0,0.31592520954223086,5.248226950354611,16.33784655061251,7.511283043197938,0.5867182462927145,4.1209624258404745,2.8303263290845013,nan,nan,nan,4.0909694555112885,2.8252016563072857,4.1512770137524555,2.8358329060443683,1.0147416300456416,0.399,0.0111,0.0,0.0,0.0,0.0,0.0,0.0,0.0,0.0,0.0,0.0,0.051579626047711165,16.137975499677605,13.791102514506774,0.019342359767891684,0.0,0.0,0.0,0.0,0.0,0.0,0.0,0.0,0.0,0.0,0.0,0.0,0.0,0.0,0.0,0.0,nan,nan,4.1209624258404745,2.8303263290845013,nan,0.399,0.05237,0.0,0.0,0.0,0.0,0.0,0.0,0.0,0.0,0.0,0.0,0.0,0.0,0.0,0.0,0.0,0.0,0.0,0.0,0.0,0.0,0.0,0.0,0.00061250805931657,0.0,0.00011820330969267139,0.00027938964109176876,0.0031807436062755213,0.008005587792821836,0.007704706640876854,0.014442295293359123,0.004083387062110466,0.011229314420803783,0.036309907586503334,0.03726627981947131,0.05978938319363851,0.04384268214055448,0.07216849344508919,0.041586073500967116,0.059456264775413714,0.03644960240704922,0.07625188050719965,0.07063185041908446,0.07956157317859446,0.10274016763378466,0.04298302170642596,0.05107457554266065,0.055802707930367505,0.026488287126585,0.014463786804212337,0.008274231678486997,0.01699978508489147,0.013711583924349883,0.002804642166344294,0.00036535568450462067,0.001203524607779927,3.223726627981947e-05,0.0,0.0,8.596604341285192e-05,0.0,0.0,0.0,0.0,0.0,0.0,0.0,0.0,0.0,0.0,0.0,0.0,0.0,0.0,0.0,0.0,0.0,0.0,0.0,0.0,0.0,0.0,0.0,0.0,0.0,0.0,0.0,0.0,0.0,0.0,0.0,0.0,0.0,0.0,0.0,0.0,0.0,0.0,0.0,0.0,0.0,0.0,nan,nan,4.1209624258404745,2.8303263290845013,nan,0.91955619962236,0.022708990941857632,0.0,0.0,0.0,0.0,0.0,0.0,0.0,0.0,0.0,0.0,0.0,0.0,0.0,0.0,0.0,0.0,0.0,0.0,0.0,0.0,0.0,0.0,0.0,0.0,0.0,0.3452527743526511,5.425400739827375,16.004932182490755,7.731196054254009,0.4932182490752159,0.9199268084388595,0.02251116520836965,0.0,0.0,0.0,0.0,0.0,0.0,0.0,0.0,0.0,0.0,0.0,0.0,0.0,0.0,0.0,0.0,0.0,0.0,0.0,0.0,0.0,0.0,0.0,0.0,0.0,0.2837837837837838,5.054054054054055,16.702702702702705,7.270270270270272,0.6891891891891893,0.399,0.010994,0.0,0.0,0.0,0.0,0.0,0.0,0.0,0.0,0.0,0.0,0.061652281134401986,16.202219482120814,13.736128236744763,0.0,0.0,0.0,0.0,0.0,0.0,0.0,0.0,0.0,0.0,0.0,0.0,0.0,0.0,0.0,0.0,0.0,0.399,0.01121,0.0,0.0,0.0,0.0,0.0,0.0,0.0,0.0,0.0,0.0,0.04054054054054055,16.067567567567544,13.851351351351354,0.04054054054054055,0.0,0.0,0.0,0.0,0.0,0.0,0.0,0.0,0.0,0.0,0.0,0.0,0.0,0.0,0.0,0.0
57000,4534,2300,0.5072783414203793,1051,940,0.4391265990295545,1249,0.5509483899426555,0.426,3.061324977618621,3.2455877685442727,6.911519198664441,2.2595782096129406,9395.895098960342,1520.6054574951265,7853.0,10922.055974721909,10894.515816820083,7.2135766764167455,7853.0,0.0,27.457653286281428,20.82414961521716,32.50066085117631,19.11937641970218,0.143140714600794,0.10564622849580944,0.09880899867666519,0.0846934274371416,0.0776356418173798,0.06903396559329511,0.07035730039700044,0.06329951477723864,0.06307895897662108,0.05094838994265549,0.04389060432289369,0.03970004411116013,0.028451698279664754,0.02690780767534186,0.019629466254962504,0.008160564622849581,0.0066166740185266875,0.9203525004431073,0.023194748007009484,0.0,0.0,0.0,0.0,0.0,0.0,0.0,0.0,0.0,0.0,0.0,0.0,0.0,0.0,0.0,0.0,0.0,0.0,0.0,0.0,0.0,0.0,0.0,0.0,0.0,0.26466696074106755,5.405822673136305,15.635200705778566,7.9995588883987665,0.6947507719453023,4.523826208829712,2.980071617555556,nan,nan,nan,4.540937718684395,2.9607716476950627,4.506666666666667,2.999203013043681,0.9924528689577232,0.3992,0.0109,0.0,0.0,0.0,0.0,0.0,0.0,0.0,0.0,0.0,0.0,0.019850022055580063,16.21085134539036,13.722981914424352,0.046316718129686824,0.0,0.0,0.0,0.0,0.0,0.0,0.0,0.0,0.0,0.0,0.0,0.0,0.0,0.0,0.0,0.0,nan,nan,4.523826208829712,2.980071617555556,nan,0.3992,0.0526,0.0,0.0,0.0,0.0,0.0,0.0,0.0,0.0,0.0,0.0,0.0,0.0,0.0,0.0,0.0,0.0,0.0,0.0,0.0,0.0,0.0,0.0,0.0005955006616674019,0.0,0.00029775033083370093,6.616674018526687e-05,0.002646669607410675,0.009042787825319806,0.007035730039700044,0.016199823555359507,0.00423467137185708,0.010895456550507278,0.03700926334362594,0.03589545655050728,0.056870313189236875,0.04288707543008381,0.0724194971327746,0.042423908248786946,0.06029995588883988,0.03553153947948831,0.07978606087340097,0.07021393912659903,0.0795213939126599,0.10091530657256285,0.040802823114247905,0.05134539038376709,0.05496250551389502,0.02787825319805911,0.014027348919276577,0.009505955006616674,0.01855977062196736,0.013751654168504632,0.0024922805469783857,0.0003859726510807234,0.0011248345831495368,0.0,2.2055580061755625e-05,0.0,0.00035288928098809,0.0,0.0,0.0,0.0,0.0,0.0,0.0,0.0,0.0,0.0,0.0,0.0,0.0,0.0,0.0,0.0,0.0,0.0,0.0,0.0,0.0,0.0,0.0,0.0,0.0,0.0,0.0,0.0,0.0,0.0,0.0,0.0,0.0,0.0,0.0,0.0,0.0,0.0,0.0,0.0,0.0,0.0,nan,nan,4.523826208829712,2.980071617555556,nan,0.9205294026499209,0.023182009791849752,0.0,0.0,0.0,0.0,0.0,0.0,0.0,0.0,0.0,0.0,0.0,0.0,0.0,0.0,0.0,0.0,0.0,0.0,0.0,0.0,0.0,0.0,0.0,0.0,0.0,0.2086956521739131,5.517391304347828,15.469565217391308,8.165217391304349,0.6391304347826088,0.920170371940121,0.023206446420937415,0.0,0.0,0.0,0.0,0.0,0.0,0.0,0.0,0.0,0.0,0.0,0.0,0.0,0.0,0.0,0.0,0.0,0.0,0.0,0.0,0.0,0.0,0.0,0.0,0.0,0.32229185317815584,5.290957923008058,15.805729632945393,7.829006266786036,0.7520143240823637,0.399,0.01099,0.0,0.0,0.0,0.0,0.0,0.0,0.0,0.0,0.0,0.0,0.013043478260869568,16.39565217391302,13.539130434782612,0.05217391304347827,0.0,0.0,0.0,0.0,0.0,0.0,0.0,0.0,0.0,0.0,0.0,0.0,0.0,0.0,0.0,0.0,0.3992,0.01082,0.0,0.0,0.0,0.0,0.0,0.0,0.0,0.0,0.0,0.0,0.026857654431512987,16.02059086839747,13.912264995523728,0.04028648164726948,0.0,0.0,0.0,0.0,0.0,0.0,0.0,0.0,0.0,0.0,0.0,0.0,0.0,0.0,0.0,0.0
57100,4811,2463,0.511951777177302,1141,1013,0.4477239659114529,1358,0.5645395967574309,0.418,2.9565587734241907,3.1122914669091375,6.707355242566511,2.0978696364450053,9410.069554059552,1520.2930720744903,7853.0,10916.398639976978,10894.43793121417,7.156235128316844,7853.0,0.0,27.2876740802328,20.62956258471562,32.09695770467474,18.997832339083182,0.1380170442735398,0.11265849095822074,0.09187279151943463,0.09062564955310747,0.07898565786738723,0.07316566202452712,0.07254209104136354,0.06339638328829765,0.05923924340054043,0.04884639368114737,0.046352109748493034,0.038453543961754315,0.027852837247973394,0.023903554354604034,0.017252130534192476,0.01101642070255664,0.005819995842860112,0.9201613783316016,0.0233504344555729,0.0,0.0,0.0,0.0,0.0,0.0,0.0,0.0,0.0,0.0,0.0,0.0,0.0,0.0,0.0,0.0,0.0,0.0,0.0,0.0,0.0,0.0,0.0,0.0,0.0,0.3242569112450635,5.543546040324259,15.570567449594682,7.838287258366246,0.723342340469757,4.2859954083306,2.88960612367764,nan,nan,nan,4.309877340219496,2.894225108358578,4.262841894596398,2.8849914464546957,0.989086592979302,0.399,0.01118,0.0,0.0,0.0,0.0,0.0,0.0,0.0,0.0,0.0,0.0,0.024942839326543346,16.47474537518185,13.456661816670135,0.043649968821450856,0.0,0.0,0.0,0.0,0.0,0.0,0.0,0.0,0.0,0.0,0.0,0.0,0.0,0.0,0.0,0.0,nan,nan,4.2859954083306,2.88960612367764,nan,0.399,0.05298,0.0,0.0,0.0,0.0,0.0,0.0,0.0,0.0,0.0,0.0,0.0,0.0,0.0,0.0,0.0,0.0,0.0,0.0,0.0,0.0,0.0,0.0,0.001080856370816878,0.0,0.00020785699438786114,8.314279775514447e-05,0.0028476408231136977,0.009052172105591352,0.00781542298898358,0.015235917688630222,0.0045624610268135525,0.0107773851590106,0.04049054250675535,0.03332986905009354,0.05629806692995219,0.04278736229474122,0.0711078777800873,0.042984826439409686,0.06228434836832259,0.03759093743504469,0.08016004988567865,0.0675223446268967,0.07668883807940137,0.10067553523176055,0.0410205778424444,0.05170442735398046,0.05594471003949283,0.0272500519642486,0.013718561629598836,0.009914778632300976,0.019424236125545623,0.012585741010184993,0.0028060694242361254,0.0002702140927042195,0.0009561421741841613,0.0,1.0392849719393058e-05,0.0,0.0008002494283932655,1.0392849719393058e-05,0.0,0.0,0.0,0.0,0.0,0.0,0.0,0.0,0.0,0.0,0.0,0.0,0.0,0.0,0.0,0.0,0.0,0.0,0.0,0.0,0.0,0.0,0.0,0.0,0.0,0.0,0.0,0.0,0.0,0.0,0.0,0.0,0.0,0.0,0.0,0.0,0.0,0.0,0.0,0.0,0.0,nan,nan,4.2859954083306,2.88960612367764,nan,0.9203104318954864,0.02321923337899495,0.0,0.0,0.0,0.0,0.0,0.0,0.0,0.0,0.0,0.0,0.0,0.0,0.0,0.0,0.0,0.0,0.0,0.0,0.0,0.0,0.0,0.0,0.0,0.0,0.0,0.30450669914738127,5.493300852618759,15.615103532277713,7.856272838002438,0.7308160779537152,0.9200050244441025,0.02348625730932376,0.0,0.0,0.0,0.0,0.0,0.0,0.0,0.0,0.0,0.0,0.0,0.0,0.0,0.0,0.0,0.0,0.0,0.0,0.0,0.0,0.0,0.0,0.0,0.0,0.0,0.34497444633730845,5.5962521294718925,15.523850085178879,7.819420783645658,0.7155025553662694,0.399,0.01126,0.0,0.0,0.0,0.0,0.0,0.0,0.0,0.0,0.0,0.0,0.012180267965895252,16.40682095006088,13.507917174177836,0.07308160779537151,0.0,0.0,0.0,0.0,0.0,0.0,0.0,0.0,0.0,0.0,0.0,0.0,0.0,0.0,0.0,0.0,0.399,0.011086,0.0,0.0,0.0,0.0,0.0,0.0,0.0,0.0,0.0,0.0,0.038330494037478714,16.54599659284495,13.402896081771724,0.012776831345826238,0.0,0.0,0.0,0.0,0.0,0.0,0.0,0.0,0.0,0.0,0.0,0.0,0.0,0.0,0.0,0.0
57200,4859,2531,0.5208890718254785,1182,995,0.44803457501543525,1414,0.582012759827125,0.41,3.0219072164948453,3.033311813013147,6.388252148997134,2.095767213097036,9437.413101936017,1519.5542459986634,7853.0,10921.50323665142,10894.747634258043,6.952675231063586,7853.0,0.0,28.291212183576867,20.995883203529253,33.257953989231524,19.19740634310628,0.13706523976126775,0.09837415105988886,0.08931878987445976,0.08849557522123894,0.08170405433216711,0.07738217740275777,0.06379913562461412,0.06256431364478288,0.05988886602181519,0.053508952459353776,0.046511627906976744,0.04363037662070385,0.033340193455443506,0.028195101872813336,0.019139740687384235,0.008643753858818687,0.00843795019551348,0.9212934005208947,0.022971087001825072,0.0,0.0,0.0,0.0,0.0,0.0,0.0,0.0,0.0,0.0,0.0,0.0,0.0,0.0,0.0,0.0,0.0,0.0,0.0,0.0,0.0,0.0,0.0,0.0,0.006174109899156207,0.26548672566371684,4.846676270837622,16.052685737806137,8.081909857995473,0.747067297797901,4.199115044247788,2.779766923200771,nan,nan,nan,4.129277566539924,2.7724915444454385,4.2700315457413245,2.785544761883386,1.034086829217282,0.3992,0.01104,0.0,0.0,0.0,0.0,0.0,0.0,0.0,0.0,0.0,0.0,0.04321876929409345,15.768676682444923,14.15723399876518,0.03087054949578103,0.0,0.0,0.0,0.0,0.0,0.0,0.0,0.0,0.0,0.0,0.0,0.0,0.0,0.0,0.0,0.0,nan,nan,4.199115044247788,2.779766923200771,nan,0.3992,0.05295,0.0,0.0,0.0,0.0,0.0,0.0,0.0,0.0,0.0,0.0,0.0,0.0,0.0,0.0,0.0,0.0,0.0,0.0,0.0,0.0,0.0,0.0,0.0008952459353776497,0.0,0.0002469643959662482,0.00023667421280098785,0.003169376414900185,0.007995472319407285,0.006987034369211772,0.014416546614529738,0.005855114221033134,0.0102490224325993,0.039884749948549084,0.035881868697262814,0.05465116279069768,0.04216917061123688,0.07390409549289978,0.042910063799135624,0.061936612471702,0.037672360568018114,0.08293887631199835,0.06513685943609797,0.07260753241407697,0.10063799135624614,0.04105783082938876,0.05416752418193044,0.05650339576044454,0.027515949783906153,0.013192014817863758,0.008952459353776497,0.01987034369211772,0.01324346573369006,0.003159086231734925,0.00036015641078411195,0.000843795019551348,0.0,0.0,0.0,0.0007511833710640049,0.0,0.0,0.0,0.0,0.0,0.0,0.0,0.0,0.0,0.0,0.0,0.0,0.0,0.0,0.0,0.0,0.0,0.0,0.0,0.0,0.0,0.0,0.0,0.0,0.0,0.0,0.0,0.0,0.0,0.0,0.0,0.0,0.0,0.0,0.0,0.0,0.0,0.0,0.0,0.0,0.0,0.0,nan,nan,4.199115044247788,2.779766923200771,nan,0.9215435272193813,0.022776778922909413,0.0,0.0,0.0,0.0,0.0,0.0,0.0,0.0,0.0,0.0,0.0,0.0,0.0,0.0,0.0,0.0,0.0,0.0,0.0,0.0,0.0,0.0,0.0,0.0,0.0,0.21335440537337025,4.812327143421573,16.13196365073094,8.166732516791784,0.6756222836823392,0.9210214629462085,0.023177428232593774,0.0,0.0,0.0,0.0,0.0,0.0,0.0,0.0,0.0,0.0,0.0,0.0,0.0,0.0,0.0,0.0,0.0,0.0,0.0,0.0,0.0,0.0,0.0,0.0,0.012886597938144333,0.32216494845360827,4.884020618556701,15.966494845360828,7.989690721649486,0.8247422680412373,0.399,0.01108,0.0,0.0,0.0,0.0,0.0,0.0,0.0,0.0,0.0,0.0,0.04741209008297117,16.08455156064794,13.856183326748324,0.011853022520742792,0.0,0.0,0.0,0.0,0.0,0.0,0.0,0.0,0.0,0.0,0.0,0.0,0.0,0.0,0.0,0.0,0.3994,0.01099,0.0,0.0,0.0,0.0,0.0,0.0,0.0,0.0,0.0,0.0,0.038659793814433,15.425257731958741,14.48453608247423,0.05154639175257733,0.0,0.0,0.0,0.0,0.0,0.0,0.0,0.0,0.0,0.0,0.0,0.0,0.0,0.0,0.0,0.0
57300,4874,2522,0.5174394747640542,1189,965,0.4419368075502667,1346,0.5523184242921625,0.43,3.048469387755102,3.216961484792928,6.793413173652695,2.1974028688908387,9427.060155465691,1520.0926819424271,7853.0,10917.743749320507,10895.0179213877,7.347248712082651,7853.0,0.0,27.78416085350841,20.744943356148095,32.69102908824248,19.031599376165072,0.1360279031596225,0.10135412392285598,0.09663520722199426,0.09191629052113254,0.07858022158391464,0.07139926138695117,0.07057858022158392,0.06196142798522774,0.05703734099302421,0.05560114895363152,0.04759950759130078,0.04164956914238818,0.03385309807139926,0.021748050882232254,0.018465326220763235,0.0071809601969634795,0.008411981945014363,0.9223853512210439,0.023257270760435374,0.0,0.0,0.0,0.0,0.0,0.0,0.0,0.0,0.0,0.0,0.0,0.0,0.0,0.0,0.0,0.0,0.0,0.0,0.0,0.0,0.0,0.0,0.0,0.0,0.0,0.22773902338941326,4.948707427164547,15.369306524415268,8.660237997537958,0.7940090274928192,4.442332474226804,2.978319290586116,nan,nan,nan,4.446945337620579,3.0131942425996736,4.437701743060039,2.942886316140299,0.9979213608761186,0.399,0.0114,0.0,0.0,0.0,0.0,0.0,0.0,0.0,0.0,0.0,0.0,0.08001641362330737,16.046368485843225,13.836684448091919,0.03693065244152647,0.0,0.0,0.0,0.0,0.0,0.0,0.0,0.0,0.0,0.0,0.0,0.0,0.0,0.0,0.0,0.0,nan,nan,4.442332474226804,2.978319290586116,nan,0.399,0.05292,0.0,0.0,0.0,0.0,0.0,0.0,0.0,0.0,0.0,0.0,0.0,0.0,0.0,0.0,0.0,0.0,0.0,0.0,0.0,0.0,0.0,2.0517029134181372e-05,0.0009335248256052524,0.0,0.000718096019696348,8.206811653672549e-05,0.003231432088633566,0.008781288469429627,0.006319244973327862,0.01466967583093968,0.006760361099712762,0.009540418547394337,0.03710504718916701,0.03727944193680755,0.054093147312269184,0.0419573245794009,0.07638489946655724,0.04254205990972507,0.06296676241280262,0.03995691423881822,0.08153467377923676,0.06089454247025031,0.07320475995075913,0.10224661469019286,0.04114690192860074,0.055006155108740254,0.05613459171112023,0.02721583914649159,0.013151415675010259,0.008719737382027082,0.01978867459991793,0.012546163315551908,0.0028929011079195733,0.0003385309807139926,0.0009540418547394337,0.0,0.0,0.0,0.000882232252769799,0.0,0.0,0.0,0.0,0.0,0.0,0.0,0.0,0.0,0.0,0.0,0.0,0.0,0.0,0.0,0.0,0.0,0.0,0.0,0.0,0.0,0.0,0.0,0.0,0.0,0.0,0.0,0.0,0.0,0.0,0.0,0.0,0.0,0.0,0.0,0.0,0.0,0.0,0.0,0.0,0.0,0.0,nan,nan,4.442332474226804,2.978319290586116,nan,0.9224955736645435,0.023675781192326037,0.0,0.0,0.0,0.0,0.0,0.0,0.0,0.0,0.0,0.0,0.0,0.0,0.0,0.0,0.0,0.0,0.0,0.0,0.0,0.0,0.0,0.0,0.0,0.0,0.0,0.23790642347343383,5.138778747026171,15.000000000000004,8.766851704996036,0.8564631245043618,0.9222671620192981,0.022799385413771814,0.0,0.0,0.0,0.0,0.0,0.0,0.0,0.0,0.0,0.0,0.0,0.0,0.0,0.0,0.0,0.0,0.0,0.0,0.0,0.0,0.0,0.0,0.0,0.0,0.0,0.2168367346938776,4.744897959183675,15.765306122448983,8.54591836734694,0.7270408163265308,0.399,0.01119,0.0,0.0,0.0,0.0,0.0,0.0,0.0,0.0,0.0,0.0,0.09516256938937354,16.308485329103863,13.560666137985729,0.03568596352101507,0.0,0.0,0.0,0.0,0.0,0.0,0.0,0.0,0.0,0.0,0.0,0.0,0.0,0.0,0.0,0.0,0.399,0.01161,0.0,0.0,0.0,0.0,0.0,0.0,0.0,0.0,0.0,0.0,0.06377551020408165,15.765306122448958,14.132653061224493,0.03826530612244899,0.0,0.0,0.0,0.0,0.0,0.0,0.0,0.0,0.0,0.0,0.0,0.0,0.0,0.0,0.0,0.0
57400,4611,2360,0.5118195619171546,1149,928,0.45044458902624157,1290,0.5595315549772284,0.39799999999999996,2.874722345624167,2.9552167354630847,6.206373292867982,2.0323384171530208,9409.902143941928,1520.5319029718573,7853.0,10922.021500825882,10894.896519371287,7.173953797582048,7853.0,0.0,28.756668835393622,20.93519957661732,33.46620760010202,19.147528379050055,0.12947299934938192,0.09954456733897202,0.0906527868141401,0.07915853394057688,0.082411624376491,0.07590544350466276,0.06961613532856213,0.06180871828236825,0.06462806332682715,0.054218173931901974,0.04923010193016699,0.039687703318152245,0.038820212535241816,0.032314031663413574,0.016916070266753416,0.01019301669919757,0.005421817393190197,0.9221453933363182,0.02288190427089729,0.0,0.0,0.0,0.0,0.0,0.0,0.0,0.0,0.0,0.0,0.0,0.0,0.0,0.0,0.0,0.0,0.0,0.0,0.0,0.0,0.0,0.0,0.0,0.0,0.006506180871828238,0.22771633051398835,4.703968770331816,15.47820429407938,8.86141834743006,0.7221860767729344,4.075957727873184,2.7124723986438304,nan,nan,nan,4.05525965379494,2.6986228979048836,4.094426229508197,2.7257608500693946,1.0096582165032526,0.3987,0.0114,0.0,0.0,0.0,0.0,0.0,0.0,0.0,0.0,0.0,0.0,0.026024723487312953,16.759921925829513,13.175016265452182,0.03903708523096943,0.0,0.0,0.0,0.0,0.0,0.0,0.0,0.0,0.0,0.0,0.0,0.0,0.0,0.0,0.0,0.0,nan,nan,4.075957727873184,2.7124723986438304,nan,0.3987,0.0532,0.0,0.0,0.0,0.0,0.0,0.0,0.0,0.0,0.0,0.0,0.0,0.0,0.0,0.0,0.0,0.0,0.0,0.0,0.0,0.0,0.0,0.00014096725222294512,0.0009759271307742355,0.0,0.001019301669919757,0.0002602472348731295,0.00329646497505964,0.00988939492517892,0.005324224680112774,0.013912383430926047,0.006961613532856213,0.010073736716547387,0.03808284536976795,0.038039470830622424,0.05379527217523314,0.0441335935805682,0.07641509433962264,0.04159618304055519,0.060583387551507266,0.041390153979613965,0.08039470830622425,0.059780958577315114,0.07175233138147907,0.10229885057471265,0.04317935371936673,0.05378442854044676,0.057200173498156585,0.02670787247885491,0.0126111472565604,0.007883322489698547,0.018857080893515506,0.014920841466059423,0.0025157232704402514,0.0005096508349598785,0.0010518325742788982,3.2530904359141185e-05,1.0843634786380394e-05,0.0,0.0006180871828236825,0.0,0.0,0.0,0.0,0.0,0.0,0.0,0.0,0.0,0.0,0.0,0.0,0.0,0.0,0.0,0.0,0.0,0.0,0.0,0.0,0.0,0.0,0.0,0.0,0.0,0.0,0.0,0.0,0.0,0.0,0.0,0.0,0.0,0.0,0.0,0.0,0.0,0.0,0.0,0.0,0.0,0.0,nan,nan,4.075957727873184,2.7124723986438304,nan,0.9224820743930542,0.02264387565286766,0.0,0.0,0.0,0.0,0.0,0.0,0.0,0.0,0.0,0.0,0.0,0.0,0.0,0.0,0.0,0.0,0.0,0.0,0.0,0.0,0.0,0.0,0.0,0.0,0.0,0.19067796610169496,4.601694915254238,15.661016949152545,8.783898305084747,0.7627118644067798,0.9217924091986475,0.023123565311089844,0.0,0.0,0.0,0.0,0.0,0.0,0.0,0.0,0.0,0.0,0.0,0.0,0.0,0.0,0.0,0.0,0.0,0.0,0.0,0.0,0.0,0.0,0.0,0.0,0.013327410039982234,0.26654820079964464,4.8111950244335855,15.28653931585962,8.942692136828079,0.6796979120390938,0.3984,0.01163,0.0,0.0,0.0,0.0,0.0,0.0,0.0,0.0,0.0,0.0,0.025423728813559327,16.970338983050823,12.953389830508478,0.050847457627118654,0.0,0.0,0.0,0.0,0.0,0.0,0.0,0.0,0.0,0.0,0.0,0.0,0.0,0.0,0.0,0.0,0.3987,0.011154,0.0,0.0,0.0,0.0,0.0,0.0,0.0,0.0,0.0,0.0,0.02665482007996447,16.539315859617925,13.407374500222126,0.02665482007996447,0.0,0.0,0.0,0.0,0.0,0.0,0.0,0.0,0.0,0.0,0.0,0.0,0.0,0.0,0.0,0.0
57500,4274,2259,0.5285446888160973,1082,844,0.45063172671970053,1163,0.544220870379036,0.426,3.0580645161290323,3.166685020751443,6.689119170984456,2.2464869718387215,9460.557594091495,1518.268348925141,7853.0,10918.283477127552,10894.479042561776,7.208636490710989,7853.0,0.0,28.034160037435658,20.80251760164638,32.82853185595568,19.074288804891786,0.1375760411792232,0.09780065512400561,0.0959288722508189,0.08118858212447357,0.08610201216658868,0.07533926064576509,0.06715021057557323,0.06761815629386991,0.06013102480112307,0.052877866167524566,0.047496490407112776,0.03579784744969584,0.03228825456247075,0.02667290594291062,0.01754796443612541,0.011932615816565278,0.006551240056153486,0.9205975876994706,0.023297765706755524,0.0,0.0,0.0,0.0,0.0,0.0,0.0,0.0,0.0,0.0,0.0,0.0,0.0,0.0,0.0,0.0,0.0,0.0,0.0,0.0,0.0,0.0,0.0,0.0,0.01403837154890033,0.3228825456247076,5.159101544220872,16.010762751520826,7.714085166120732,0.7791296209639684,4.245119305856833,2.9493071303332195,nan,nan,nan,4.263988522238163,2.9922007926941325,4.225947521865889,2.904951572011143,0.9910785406260177,0.3987,0.01123,0.0,0.0,0.0,0.0,0.0,0.0,0.0,0.0,0.0,0.0,0.035095928872250826,16.663547028544667,13.287318671034164,0.01403837154890033,0.0,0.0,0.0,0.0,0.0,0.0,0.0,0.0,0.0,0.0,0.0,0.0,0.0,0.0,0.0,0.0,nan,nan,4.245119305856833,2.9493071303332195,nan,0.399,0.05338,0.0,0.0,0.0,0.0,0.0,0.0,0.0,0.0,0.0,0.0,0.0,0.0,0.0,0.0,0.0,0.0,0.0,0.0,0.0,0.0,0.0,0.00016378100140383717,0.0009241927936359382,0.0,0.0012868507253158633,0.0005147402901263453,0.0033341132428638277,0.010177819372952738,0.004901731399157698,0.013032288254562471,0.007054281703322415,0.00937061300889097,0.04128451099672438,0.036417875526438936,0.05109967243799719,0.04330837622835751,0.07957416939635002,0.04260645765091249,0.05999064108563407,0.039050070191857744,0.08189050070191858,0.059007955077211044,0.07072999532054282,0.09739120262049603,0.04457182966775854,0.05789658399625643,0.057288254562470754,0.02730463266261114,0.01341834347215723,0.007323350491343004,0.018752924660739353,0.015734674777725784,0.0023865231633130556,0.0004328497894244268,0.0011113710809546092,0.0,0.0,0.0,0.0006551240056153487,0.0,1.169864295741694e-05,0.0,0.0,0.0,0.0,0.0,0.0,0.0,0.0,0.0,0.0,0.0,0.0,0.0,0.0,0.0,0.0,0.0,0.0,0.0,0.0,0.0,0.0,0.0,0.0,0.0,0.0,0.0,0.0,0.0,0.0,0.0,0.0,0.0,0.0,0.0,0.0,0.0,0.0,0.0,0.0,nan,nan,4.245119305856833,2.9493071303332195,nan,0.9206241617270305,0.023466393894685772,0.0,0.0,0.0,0.0,0.0,0.0,0.0,0.0,0.0,0.0,0.0,0.0,0.0,0.0,0.0,0.0,0.0,0.0,0.0,0.0,0.0,0.0,0.0,0.0,0.0,0.3320053120849934,5.365205843293493,15.71049136786189,7.795484727755646,0.7968127490039842,0.920567795774777,0.023107218607307488,0.0,0.0,0.0,0.0,0.0,0.0,0.0,0.0,0.0,0.0,0.0,0.0,0.0,0.0,0.0,0.0,0.0,0.0,0.0,0.0,0.0,0.0,0.0,0.0,0.029776674937965267,0.3126550868486353,4.928039702233251,16.347394540942933,7.6228287841191085,0.7593052109181142,0.3987,0.01131,0.0,0.0,0.0,0.0,0.0,0.0,0.0,0.0,0.0,0.0,0.013280212483399738,16.733067729083643,13.227091633466138,0.026560424966799476,0.0,0.0,0.0,0.0,0.0,0.0,0.0,0.0,0.0,0.0,0.0,0.0,0.0,0.0,0.0,0.0,0.399,0.01115,0.0,0.0,0.0,0.0,0.0,0.0,0.0,0.0,0.0,0.0,0.059553349875930535,16.585607940446625,13.354838709677423,0.0,0.0,0.0,0.0,0.0,0.0,0.0,0.0,0.0,0.0,0.0,0.0,0.0,0.0,0.0,0.0,0.0
57600,4506,2348,0.5210830004438527,1124,915,0.4525077674212162,1256,0.5574789169995561,0.40199999999999997,3.072752548656163,3.1771585344518622,6.840460526315789,2.1419696539498005,9437.817912166998,1519.3521308422032,7853.0,10916.700831413269,10894.39246687585,6.988986572100537,7853.0,0.0,27.88548601864181,20.572115103630484,32.50117708605807,18.912907656956758,0.1318242343541944,0.10696848646249445,0.0887705281846427,0.09098979138925876,0.07944962272525521,0.07967154904571683,0.06879715934309809,0.06480248557478917,0.05370616955170883,0.05858854860186418,0.04971149578339991,0.03994673768308921,0.029738126941855306,0.0230803373280071,0.016422547714158898,0.011984021304926764,0.005548158011540169,0.9206393074312054,0.023280779138854242,0.0,0.0,0.0,0.0,0.0,0.0,0.0,0.0,0.0,0.0,0.0,0.0,0.0,0.0,0.0,0.0,0.0,0.0,0.0,0.0,0.0,0.0,0.0,0.0,0.0,0.3062583222370174,5.159786950732357,15.778961384820242,7.976031957390148,0.7789613848202399,4.353264604810996,2.980742543748936,nan,nan,nan,4.339148639218423,2.9783088539783558,4.366960054163846,2.9830379940755543,1.0064094174359586,0.399,0.01109,0.0,0.0,0.0,0.0,0.0,0.0,0.0,0.0,0.0,0.0,0.03994673768308922,16.011984021304905,13.914780292942746,0.03328894806924102,0.0,0.0,0.0,0.0,0.0,0.0,0.0,0.0,0.0,0.0,0.0,0.0,0.0,0.0,0.0,0.0,nan,nan,4.353264604810996,2.980742543748936,nan,0.399,0.0535,0.0,0.0,0.0,0.0,0.0,0.0,0.0,0.0,0.0,0.0,0.0,0.0,0.0,0.0,0.0,0.0,0.0,0.0,0.0,0.0,0.0,3.328894806924101e-05,0.0011096316023080338,1.1096316023080338e-05,0.0014980026631158455,0.0003883710608078118,0.003683976919662672,0.01084110075454949,0.0039724811362627606,0.011595650244118953,0.006513537505548158,0.010075454948956947,0.042942743009320904,0.03730581446959609,0.04884598313359965,0.04284287616511318,0.07701952951620063,0.04474034620505992,0.05854416333777186,0.041655570350643586,0.0794607190412783,0.05888814913448735,0.07194851309365291,0.10032179316466933,0.043697292498890365,0.05656901908566356,0.05858854860186418,0.025776742121615622,0.013138038171327119,0.008433200177541057,0.01778739458499778,0.01612294718153573,0.002996005326231691,0.000954283177984909,0.0011096316023080338,0.0,0.0,0.0,0.0005548158011540169,0.0,3.328894806924101e-05,0.0,0.0,0.0,0.0,0.0,0.0,0.0,0.0,0.0,0.0,0.0,0.0,0.0,0.0,0.0,0.0,0.0,0.0,0.0,0.0,0.0,0.0,0.0,0.0,0.0,0.0,0.0,0.0,0.0,0.0,0.0,0.0,0.0,0.0,0.0,0.0,0.0,0.0,0.0,0.0,nan,nan,4.353264604810996,2.980742543748936,nan,0.9202233323703632,0.023123945587055966,0.0,0.0,0.0,0.0,0.0,0.0,0.0,0.0,0.0,0.0,0.0,0.0,0.0,0.0,0.0,0.0,0.0,0.0,0.0,0.0,0.0,0.0,0.0,0.0,0.0,0.34497444633730845,5.149063032367973,15.894378194207839,8.01107325383305,0.6005110732538331,0.9210919068023162,0.023441846143042733,0.0,0.0,0.0,0.0,0.0,0.0,0.0,0.0,0.0,0.0,0.0,0.0,0.0,0.0,0.0,0.0,0.0,0.0,0.0,0.0,0.0,0.0,0.0,0.0,0.0,0.2641334569045413,5.171455050973124,15.6533827618165,7.937905468025952,0.973123262279889,0.399,0.01101,0.0,0.0,0.0,0.0,0.0,0.0,0.0,0.0,0.0,0.0,0.06388415672913118,16.34156729131173,13.556218057921638,0.038330494037478714,0.0,0.0,0.0,0.0,0.0,0.0,0.0,0.0,0.0,0.0,0.0,0.0,0.0,0.0,0.0,0.0,0.3992,0.01118,0.0,0.0,0.0,0.0,0.0,0.0,0.0,0.0,0.0,0.0,0.0139017608897127,15.653382761816474,14.304911955514369,0.0278035217794254,0.0,0.0,0.0,0.0,0.0,0.0,0.0,0.0,0.0,0.0,0.0,0.0,0.0,0.0,0.0,0.0
57700,4186,2225,0.5315336837075968,1011,841,0.442427138079312,1161,0.5547061634018156,0.434,2.9597144314125448,3.0726223952056695,6.498154981549815,2.144889298178807,9469.741124827797,1517.8083879978647,7853.0,10917.405565023422,10894.653190350184,7.305365451450999,7853.0,0.0,28.132107023411372,21.01140650343903,33.10728514513375,19.263683821407785,0.1378404204491161,0.10391782130912566,0.09149546106067845,0.08576206402293358,0.07286192068800765,0.07429526994744386,0.07190635451505016,0.06641184902054467,0.05852842809364549,0.05422838031533684,0.044672718585762064,0.04323936932632585,0.033444816053511704,0.023889154323936932,0.019111323459149548,0.008838987099856666,0.009555661729574774,0.9210965418240356,0.023475270073048598,0.0,0.0,0.0,0.0,0.0,0.0,0.0,0.0,0.0,0.0,0.0,0.0,0.0,0.0,0.0,0.0,0.0,0.0,0.0,0.0,0.0,0.0,0.0,0.0,0.0,0.37267080745341624,5.117056856187292,15.437171524128049,8.34925943621596,0.7238413760152892,4.209785025945145,2.887260281483129,nan,nan,nan,4.142020497803807,2.9234308681026557,4.2792792792792795,2.8480154973866343,1.033138122215535,0.3992,0.01131,0.0,0.0,0.0,0.0,0.0,0.0,0.0,0.0,0.0,0.0,0.03583373148590541,15.75967510750117,14.154323936932636,0.050167224080267574,0.0,0.0,0.0,0.0,0.0,0.0,0.0,0.0,0.0,0.0,0.0,0.0,0.0,0.0,0.0,0.0,nan,nan,4.209785025945145,2.887260281483129,nan,0.3992,0.05353,0.0,0.0,0.0,0.0,0.0,0.0,0.0,0.0,0.0,0.0,0.0,0.0,0.0,0.0,0.0,0.0,0.0,0.0,0.0,0.0,0.0,0.0,0.0008719541328236981,0.0,0.0012661251791686574,0.00019111323459149545,0.004347826086956522,0.010582895365504061,0.004347826086956522,0.011263736263736264,0.006868131868131868,0.01176540850453894,0.040432393693263256,0.03982322025800287,0.04659579550883899,0.0426899187768753,0.07586000955566173,0.044553272814142376,0.05764452938365982,0.040946010511227905,0.08115145723841376,0.059770664118490205,0.07133301481127569,0.10152890587673197,0.043729096989966555,0.055398948877209746,0.058385093167701865,0.026588628762541807,0.014357381748686096,0.00934065934065934,0.016889632107023413,0.015312947921643574,0.002735308170090779,0.0013975155279503106,0.0011466794075489727,0.0,7.16674629718108e-05,2.388915432393693e-05,0.0006927854753941711,0.0,9.555661729574773e-05,0.0,0.0,0.0,0.0,0.0,0.0,0.0,0.0,0.0,0.0,0.0,0.0,0.0,0.0,0.0,0.0,0.0,0.0,0.0,0.0,0.0,0.0,0.0,0.0,0.0,0.0,0.0,0.0,0.0,0.0,0.0,0.0,0.0,0.0,0.0,0.0,0.0,0.0,0.0,0.0,nan,nan,4.209785025945145,2.887260281483129,nan,0.9206992955422133,0.02352897299500016,0.0,0.0,0.0,0.0,0.0,0.0,0.0,0.0,0.0,0.0,0.0,0.0,0.0,0.0,0.0,0.0,0.0,0.0,0.0,0.0,0.0,0.0,0.0,0.0,0.0,0.404494382022472,5.204494382022473,15.694382022471913,7.887640449438204,0.808988764044944,0.921547267462513,0.023406025024246758,0.0,0.0,0.0,0.0,0.0,0.0,0.0,0.0,0.0,0.0,0.0,0.0,0.0,0.0,0.0,0.0,0.0,0.0,0.0,0.0,0.0,0.0,0.0,0.0,0.0,0.3365629780724121,5.017848036715963,15.145334013258545,8.873023967363592,0.6272310045894953,0.3994,0.01122,0.0,0.0,0.0,0.0,0.0,0.0,0.0,0.0,0.0,0.0,0.013483146067415734,15.586516853932562,14.373033707865172,0.026966292134831468,0.0,0.0,0.0,0.0,0.0,0.0,0.0,0.0,0.0,0.0,0.0,0.0,0.0,0.0,0.0,0.0,0.3992,0.011406,0.0,0.0,0.0,0.0,0.0,0.0,0.0,0.0,0.0,0.0,0.06119326874043857,15.95614482406933,13.906170321264664,0.07649158592554821,0.0,0.0,0.0,0.0,0.0,0.0,0.0,0.0,0.0,0.0,0.0,0.0,0.0,0.0,0.0,0.0
57800,4639,2383,0.5136882948911403,1127,922,0.44169001940073294,1302,0.5613278723862901,0.418,3.0518617021276597,3.1770266456413037,6.727699530516432,2.2169568867550424,9415.705722157543,1520.50231465644,7853.0,10916.597872018814,10895.12834456099,6.988954848488866,7853.0,0.0,27.669540849320974,20.707149315924273,32.62670439927965,18.9608301921446,0.13796076740676871,0.10174606596249192,0.09894373787454193,0.0829920241431343,0.08191420564776891,0.0829920241431343,0.0676870015089459,0.06078896313860746,0.05108859668031904,0.05518430696270748,0.04677732269885751,0.04031041172666523,0.03362793705539987,0.026729898685061437,0.016167277430480707,0.00883811166199612,0.006251347273119207,0.9221814118805927,0.022900463328898328,0.0,0.0,0.0,0.0,0.0,0.0,0.0,0.0,0.0,0.0,0.0,0.0,0.0,0.0,0.0,0.0,0.0,0.0,0.0,0.0,0.0,0.0,0.0,0.0,0.0,0.22634188402672994,4.78551411942229,15.643457641733136,8.484587195516276,0.8600991593015738,4.466261808367071,2.9720711992662054,nan,nan,nan,4.583448275862069,2.9558128304586413,4.356906807666887,2.982131221987933,0.9505740100988543,0.3994,0.01136,0.0,0.0,0.0,0.0,0.0,0.0,0.0,0.0,0.0,0.0,0.038801465833153706,15.688726018538457,14.246604871739603,0.025867643888769137,0.0,0.0,0.0,0.0,0.0,0.0,0.0,0.0,0.0,0.0,0.0,0.0,0.0,0.0,0.0,0.0,nan,nan,4.466261808367071,2.9720711992662054,nan,0.3994,0.05386,0.0,0.0,0.0,0.0,0.0,0.0,0.0,0.0,0.0,0.0,0.0,0.0,0.0,0.0,0.0,0.0,0.0,0.0,0.0,0.0,0.0,0.0,0.0011424876050873034,4.311273981461522e-05,0.0010131493856434576,0.0002910109937486527,0.003977150247898254,0.011705108859668032,0.004990299633541711,0.010605733994395343,0.00725371847380901,0.01184522526406553,0.04187324854494503,0.037917654666954084,0.0464755335201552,0.040913990084069846,0.07517784005173529,0.044266005604656176,0.05743694761802112,0.040784651864625994,0.07766760077602931,0.06125242509161457,0.07334554860961415,0.09783358482431559,0.045430049579650786,0.057404613063160165,0.06034705755550765,0.025759862039232594,0.013278723862901487,0.010573399439534382,0.016760077602931665,0.016512179348997628,0.0028885535675792196,0.0015628368182798017,0.0009700366458288424,5.389092476826902e-05,0.0,2.155636990730761e-05,0.0004526837680534598,0.0,0.00017245095925846088,0.0,0.0,0.0,0.0,0.0,0.0,0.0,0.0,0.0,0.0,0.0,0.0,0.0,0.0,0.0,0.0,0.0,0.0,0.0,0.0,0.0,0.0,0.0,0.0,0.0,0.0,0.0,0.0,0.0,0.0,0.0,0.0,0.0,0.0,0.0,0.0,0.0,0.0,0.0,0.0,nan,nan,4.466261808367071,2.9720711992662054,nan,0.9221378231668893,0.022927295626613508,0.0,0.0,0.0,0.0,0.0,0.0,0.0,0.0,0.0,0.0,0.0,0.0,0.0,0.0,0.0,0.0,0.0,0.0,0.0,0.0,0.0,0.0,0.0,0.0,0.0,0.18883759966428876,4.859420898027697,15.723877465379777,8.220730172052036,1.0071338648762067,0.9222274543915657,0.022871996122971566,0.0,0.0,0.0,0.0,0.0,0.0,0.0,0.0,0.0,0.0,0.0,0.0,0.0,0.0,0.0,0.0,0.0,0.0,0.0,0.0,0.0,0.0,0.0,0.0,0.0,0.2659574468085107,4.707446808510639,15.558510638297875,8.763297872340427,0.7047872340425534,0.3997,0.011345,0.0,0.0,0.0,0.0,0.0,0.0,0.0,0.0,0.0,0.0,0.050356693243810334,15.497272345782605,14.452370960973566,0.0,0.0,0.0,0.0,0.0,0.0,0.0,0.0,0.0,0.0,0.0,0.0,0.0,0.0,0.0,0.0,0.0,0.3994,0.011375,0.0,0.0,0.0,0.0,0.0,0.0,0.0,0.0,0.0,0.0,0.02659574468085107,15.890957446808487,14.02925531914894,0.05319148936170214,0.0,0.0,0.0,0.0,0.0,0.0,0.0,0.0,0.0,0.0,0.0,0.0,0.0,0.0,0.0,0.0
57900,4890,2431,0.4971370143149284,1169,1071,0.45807770961145194,1412,0.5775051124744376,0.40199999999999997,2.859292395282635,3.1052642055715878,6.7294303797468356,2.1862388208660737,9365.273249466592,1520.9660888035105,7853.0,10918.383530676365,10894.964701724244,7.284507521207281,7853.0,0.0,26.998568507157465,20.271455295348655,32.05433980821244,18.481757504043156,0.1460122699386503,0.09938650306748466,0.09182004089979551,0.09631901840490797,0.08486707566462168,0.07505112474437628,0.0689161554192229,0.06319018404907975,0.05705521472392638,0.050920245398773004,0.04621676891615542,0.03803680981595092,0.03210633946830266,0.022903885480572598,0.013496932515337423,0.009611451942740287,0.00408997955010225,0.922084245262458,0.02314508834656624,0.0,0.0,0.0,0.0,0.0,0.0,0.0,0.0,0.0,0.0,0.0,0.0,0.0,0.0,0.0,0.0,0.0,0.0,0.0,0.0,0.0,0.0,0.0,0.0,0.0,0.2638036809815951,4.85276073619632,15.42944785276074,8.644171779141105,0.8098159509202456,4.317963496637848,2.933092200804084,nan,nan,nan,4.380154639175258,2.899709899603738,4.256524506683641,2.9644209574320217,0.9717749388604017,0.3997,0.01151,0.0,0.0,0.0,0.0,0.0,0.0,0.0,0.0,0.0,0.0,0.05521472392638038,15.263803680981574,14.607361963190186,0.0736196319018405,0.0,0.0,0.0,0.0,0.0,0.0,0.0,0.0,0.0,0.0,0.0,0.0,0.0,0.0,0.0,0.0,nan,nan,4.317963496637848,2.933092200804084,nan,0.3997,0.05392,0.0,0.0,0.0,0.0,0.0,0.0,0.0,0.0,0.0,0.0,0.0,0.0,0.0,0.0,0.0,0.0,0.0,0.0,0.0,0.0,0.0,0.0,0.0016462167689161554,1.0224948875255623e-05,0.00098159509202454,0.00022494887525562372,0.00418200408997955,0.013220858895705522,0.00392638036809816,0.009846625766871165,0.008190184049079754,0.011952965235173824,0.03977505112474437,0.0370961145194274,0.0461758691206544,0.040756646216768916,0.07392638036809816,0.04219836400817996,0.055756646216768915,0.04056237218813906,0.0817280163599182,0.06216768916155419,0.07780163599182004,0.0947443762781186,0.04443762781186094,0.05911042944785276,0.06065439672801636,0.02596114519427403,0.014008179959100205,0.010337423312883436,0.01696319018404908,0.01591002044989775,0.0026993865030674846,0.0013496932515337423,0.0007259713701431493,0.00023517382413087935,0.0,0.0,0.00028629856850715746,0.0,0.00044989775051124743,0.0,0.0,0.0,0.0,0.0,0.0,0.0,0.0,0.0,0.0,0.0,0.0,0.0,0.0,0.0,0.0,0.0,0.0,0.0,0.0,0.0,0.0,0.0,0.0,0.0,0.0,0.0,0.0,0.0,0.0,0.0,0.0,0.0,0.0,0.0,0.0,0.0,0.0,0.0,0.0,nan,nan,4.317963496637848,2.933092200804084,nan,0.9214904046705945,0.023392123487080512,0.0,0.0,0.0,0.0,0.0,0.0,0.0,0.0,0.0,0.0,0.0,0.0,0.0,0.0,0.0,0.0,0.0,0.0,0.0,0.0,0.0,0.0,0.0,0.0,0.0,0.2714932126696833,5.1953928424516675,15.314685314685317,8.342245989304814,0.8761826408885234,0.9226713239443695,0.022883102960208897,0.0,0.0,0.0,0.0,0.0,0.0,0.0,0.0,0.0,0.0,0.0,0.0,0.0,0.0,0.0,0.0,0.0,0.0,0.0,0.0,0.0,0.0,0.0,0.0,0.0,0.2562017080113868,4.5140300935339575,15.542903619357466,8.942659617730786,0.7442049613664093,0.3997,0.011635,0.0,0.0,0.0,0.0,0.0,0.0,0.0,0.0,0.0,0.0,0.07404360345536817,15.290004113533504,14.537227478403953,0.09872480460715757,0.0,0.0,0.0,0.0,0.0,0.0,0.0,0.0,0.0,0.0,0.0,0.0,0.0,0.0,0.0,0.0,0.4,0.01139,0.0,0.0,0.0,0.0,0.0,0.0,0.0,0.0,0.0,0.0,0.03660024400162668,15.237901586010553,14.6766978446523,0.04880032533550225,0.0,0.0,0.0,0.0,0.0,0.0,0.0,0.0,0.0,0.0,0.0,0.0,0.0,0.0,0.0,0.0
58000,4890,2555,0.5224948875255624,1184,964,0.4392638036809816,1338,0.5472392638036809,0.422,3.0381156316916487,3.118886840129496,6.607196401799101,2.10129019311213,9442.552416874745,1519.5864023729835,7853.0,10917.575837671757,10895.23534971331,7.210796856814731,7853.0,0.0,28.41247443762781,20.97647449942949,33.2680387409201,19.201646173337682,0.13640081799591003,0.09754601226993866,0.0967280163599182,0.083640081799591,0.07423312883435583,0.07648261758691206,0.06339468302658487,0.06421267893660532,0.0638036809815951,0.052351738241308794,0.049284253578732104,0.045807770961145196,0.03374233128834356,0.02801635991820041,0.018609406952965236,0.009611451942740287,0.006134969325153374,0.9223759545870354,0.02356211297788332,0.0,0.0,0.0,0.0,0.0,0.0,0.0,0.0,0.0,0.0,0.0,0.0,0.0,0.0,0.0,0.0,0.0,0.0,0.0,0.0,0.0,0.0,0.0,0.0,0.006134969325153376,0.3312883435582823,4.88957055214724,14.895705521472395,9.018404907975462,0.8588957055214725,4.269499048826886,2.8529221526864146,nan,nan,nan,4.22574508560558,2.840913464865444,4.313253012048193,2.8642121927554265,1.0207082833133254,0.3994,0.01152,0.0,0.0,0.0,0.0,0.0,0.0,0.0,0.0,0.0,0.0,0.04907975460122701,15.674846625766847,14.208588957055218,0.06748466257668713,0.0,0.0,0.0,0.0,0.0,0.0,0.0,0.0,0.0,0.0,0.0,0.0,0.0,0.0,0.0,0.0,nan,nan,4.269499048826886,2.8529221526864146,nan,0.3994,0.05368,0.0,0.0,0.0,0.0,0.0,0.0,0.0,0.0,0.0,0.0,0.0,0.0,0.0,0.0,0.0,0.0,0.0,0.0,0.0,0.0,0.0,0.0,0.0016155419222903884,2.0449897750511246e-05,0.0011758691206543968,0.0002658486707566462,0.0037423312883435584,0.013609406952965235,0.0035787321063394683,0.00943762781186094,0.007556237218813906,0.012852760736196319,0.03948875255623722,0.03920245398773006,0.04352760736196319,0.043803680981595094,0.07329243353783231,0.04268916155419223,0.056932515337423314,0.03907975460122699,0.08053169734151329,0.06699386503067485,0.07789366053169734,0.09425357873210634,0.043067484662576684,0.05778118609406953,0.06087934560327198,0.02387525562372188,0.014907975460122699,0.009948875255623721,0.017648261758691206,0.014815950920245399,0.0027300613496932516,0.0010736196319018406,0.0010531697341513292,0.000245398773006135,4.089979550102249e-05,0.0,5.112474437627812e-05,0.0,0.0003374233128834356,0.0,0.0,0.0,0.0,0.0,0.0,0.0,0.0,0.0,0.0,0.0,0.0,0.0,0.0,0.0,0.0,0.0,0.0,0.0,0.0,0.0,0.0,0.0,0.0,0.0,0.0,0.0,0.0,0.0,0.0,0.0,0.0,0.0,0.0,0.0,0.0,0.0,0.0,0.0,0.0,nan,nan,4.269499048826886,2.8529221526864146,nan,0.9228930697515753,0.023214986218338916,0.0,0.0,0.0,0.0,0.0,0.0,0.0,0.0,0.0,0.0,0.0,0.0,0.0,0.0,0.0,0.0,0.0,0.0,0.0,0.0,0.0,0.0,0.0,0.0,0.0,0.30528375733855195,4.6262230919765175,14.935420743639925,9.240704500978476,0.8923679060665364,0.9218101176511042,0.02392337467576132,0.0,0.0,0.0,0.0,0.0,0.0,0.0,0.0,0.0,0.0,0.0,0.0,0.0,0.0,0.0,0.0,0.0,0.0,0.0,0.0,0.0,0.0,0.0,0.0,0.012847965738758033,0.35974304068522495,5.177730192719487,14.852248394004286,8.775160599571736,0.8222698072805141,0.3992,0.01152,0.0,0.0,0.0,0.0,0.0,0.0,0.0,0.0,0.0,0.0,0.058708414872798445,15.545988258317003,14.34833659491194,0.04696673189823876,0.0,0.0,0.0,0.0,0.0,0.0,0.0,0.0,0.0,0.0,0.0,0.0,0.0,0.0,0.0,0.0,0.3997,0.01151,0.0,0.0,0.0,0.0,0.0,0.0,0.0,0.0,0.0,0.0,0.038543897216274096,15.815845824411113,14.055674518201288,0.08993576017130624,0.0,0.0,0.0,0.0,0.0,0.0,0.0,0.0,0.0,0.0,0.0,0.0,0.0,0.0,0.0,0.0
58100,4736,2499,0.527660472972973,1120,937,0.4343327702702703,1300,0.5489864864864865,0.43,3.0858292355833705,3.1863253293567917,6.71141975308642,2.1995494396324884,9458.223008072016,1518.7550476644462,7853.0,10917.060017049313,10895.151327022437,7.086228374555204,7853.0,0.0,28.48564189189189,21.186266824356757,33.3595,19.442177340771273,0.13492398648648649,0.10219594594594594,0.09248310810810811,0.08762668918918919,0.07875844594594594,0.0698902027027027,0.06735641891891891,0.06271114864864864,0.05342060810810811,0.057432432432432436,0.04391891891891892,0.04624155405405406,0.036951013513513514,0.028927364864864864,0.020692567567567568,0.010135135135135136,0.00633445945945946,0.9218391904204681,0.022998042789229147,0.0,0.0,0.0,0.0,0.0,0.0,0.0,0.0,0.0,0.0,0.0,0.0,0.0,0.0,0.0,0.0,0.0,0.0,0.0,0.0,0.0,0.0,0.0,0.0,0.0,0.23437500000000006,4.921875000000001,15.481418918918923,8.551520270270272,0.810810810810811,4.293577981651376,2.9476068290212845,nan,nan,nan,4.231572080887149,2.9975845800581054,4.356155365371955,2.894948035105354,1.029441371221706,0.3994,0.011604,0.0,0.0,0.0,0.0,0.0,0.0,0.0,0.0,0.0,0.0,0.050675675675675685,15.848817567567545,14.024493243243246,0.07601351351351353,0.0,0.0,0.0,0.0,0.0,0.0,0.0,0.0,0.0,0.0,0.0,0.0,0.0,0.0,0.0,0.0,nan,nan,4.293577981651376,2.9476068290212845,nan,0.3994,0.05368,0.0,0.0,0.0,0.0,0.0,0.0,0.0,0.0,0.0,0.0,0.0,0.0,0.0,0.0,0.0,0.0,0.0,0.0,0.0,0.0,0.0,0.0,0.0014358108108108109,0.0,0.0011824324324324325,0.0003483952702702703,0.003737331081081081,0.014864864864864866,0.0040223817567567564,0.00963893581081081,0.008414273648648649,0.014389780405405405,0.0379222972972973,0.03841849662162162,0.04191300675675676,0.044763513513513514,0.07089315878378379,0.03927364864864865,0.056693412162162164,0.03841849662162162,0.08150337837837837,0.06877111486486487,0.08336148648648649,0.09517525337837837,0.042820945945945946,0.05619721283783784,0.06104307432432433,0.021484375,0.01605785472972973,0.00945945945945946,0.01875,0.01436866554054054,0.002808277027027027,0.0006440033783783784,0.0008340371621621622,0.00014780405405405406,2.1114864864864866e-05,0.0,0.0,0.0,0.0002217060810810811,0.0,0.0,0.0,0.0,0.0,0.0,0.0,0.0,0.0,0.0,0.0,0.0,0.0,0.0,0.0,0.0,0.0,0.0,0.0,0.0,0.0,0.0,0.0,0.0,0.0,0.0,0.0,0.0,0.0,0.0,0.0,0.0,0.0,0.0,0.0,0.0,0.0,0.0,0.0,0.0,nan,nan,4.293577981651376,2.9476068290212845,nan,0.9222235969897984,0.022947302198706457,0.0,0.0,0.0,0.0,0.0,0.0,0.0,0.0,0.0,0.0,0.0,0.0,0.0,0.0,0.0,0.0,0.0,0.0,0.0,0.0,0.0,0.0,0.0,0.0,0.0,0.2521008403361345,4.825930372148861,15.438175270108045,8.571428571428573,0.9123649459783916,0.9214097617138268,0.023047013378211047,0.0,0.0,0.0,0.0,0.0,0.0,0.0,0.0,0.0,0.0,0.0,0.0,0.0,0.0,0.0,0.0,0.0,0.0,0.0,0.0,0.0,0.0,0.0,0.0,0.0,0.21457308895842653,5.029056772463121,15.529727313366118,8.529280286097453,0.6973625391148862,0.3997,0.01157,0.0,0.0,0.0,0.0,0.0,0.0,0.0,0.0,0.0,0.0,0.06002400960384155,15.606242496998776,14.261704681872752,0.07202881152460985,0.0,0.0,0.0,0.0,0.0,0.0,0.0,0.0,0.0,0.0,0.0,0.0,0.0,0.0,0.0,0.0,0.399,0.01161,0.0,0.0,0.0,0.0,0.0,0.0,0.0,0.0,0.0,0.0,0.04023245417970497,16.119803308001764,13.7594993294591,0.08046490835940993,0.0,0.0,0.0,0.0,0.0,0.0,0.0,0.0,0.0,0.0,0.0,0.0,0.0,0.0,0.0,0.0
58200,4732,2407,0.5086644125105664,1110,987,0.44315300084530856,1345,0.5684699915469146,0.414,2.924731182795699,3.1050308091203815,6.618441971383148,2.1458823190188765,9400.2290927504,1520.654490853212,7853.0,10917.10527229309,10894.748262108387,7.223564243830976,7853.0,0.0,27.91504649196957,20.84641665161058,32.76166583040642,19.13909514593728,0.13693998309382924,0.1014370245139476,0.09911242603550297,0.08622147083685545,0.07924767540152156,0.07671174978867286,0.06360946745562131,0.06170752324598478,0.058114961961115805,0.053043110735418425,0.047337278106508875,0.04353338968723584,0.0338123415046492,0.024725274725274724,0.01944209636517329,0.009087066779374472,0.005917159763313609,0.9220962846369836,0.023138009642896067,0.0,0.0,0.0,0.0,0.0,0.0,0.0,0.0,0.0,0.0,0.0,0.0,0.0,0.0,0.0,0.0,0.0,0.0,0.0,0.0,0.0,0.0,0.0,0.0,0.012679628064243453,0.22823330515638213,4.881656804733729,15.329670329670332,8.78064243448859,0.7671174978867289,4.321369772802107,2.87245861114675,nan,nan,nan,4.21505376344086,2.8567010914937794,4.423499031633312,2.883825985484707,1.0494525763823928,0.3987,0.0116,0.0,0.0,0.0,0.0,0.0,0.0,0.0,0.0,0.0,0.0,0.05705832628909553,16.37573964497039,13.548182586644128,0.019019442096365177,0.0,0.0,0.0,0.0,0.0,0.0,0.0,0.0,0.0,0.0,0.0,0.0,0.0,0.0,0.0,0.0,nan,nan,4.321369772802107,2.87245861114675,nan,0.3987,0.05392,0.0,0.0,0.0,0.0,0.0,0.0,0.0,0.0,0.0,0.0,0.0,0.0,0.0,0.0,0.0,0.0,0.0,0.0,0.0,0.0,0.0,0.0,0.0014581572273879965,0.0,0.001606086221470837,0.0005177514792899408,0.0032333051563820793,0.016599746407438717,0.003772189349112426,0.010101437024513948,0.008136094674556213,0.015268385460693153,0.038112848689771765,0.04129332206255283,0.042455621301775145,0.044579459002535925,0.06825866441251056,0.03809171597633136,0.05781910397295013,0.03590448013524936,0.08194209636517329,0.0683431952662722,0.085312764158918,0.09659763313609468,0.04481191885038039,0.05341293322062553,0.06094674556213018,0.019579459002535927,0.01611369399830938,0.009520287404902789,0.01768808114961961,0.013546069315300084,0.002673288250211327,0.0010249366018596788,0.0008347421808960271,7.396449704142012e-05,0.0,0.0,0.0,0.0,0.0003698224852071006,0.0,0.0,0.0,0.0,0.0,0.0,0.0,0.0,0.0,0.0,0.0,0.0,0.0,0.0,0.0,0.0,0.0,0.0,0.0,0.0,0.0,0.0,0.0,0.0,0.0,0.0,0.0,0.0,0.0,0.0,0.0,0.0,0.0,0.0,0.0,0.0,0.0,0.0,0.0,0.0,nan,nan,4.321369772802107,2.87245861114675,nan,0.9218801058918596,0.023271698288520822,0.0,0.0,0.0,0.0,0.0,0.0,0.0,0.0,0.0,0.0,0.0,0.0,0.0,0.0,0.0,0.0,0.0,0.0,0.0,0.0,0.0,0.0,0.0,0.0,0.01246364769422518,0.2368093061902784,4.972995429995846,15.367677606979646,8.6123805567096,0.7976734524304115,0.9223200877507528,0.022996646413759213,0.0,0.0,0.0,0.0,0.0,0.0,0.0,0.0,0.0,0.0,0.0,0.0,0.0,0.0,0.0,0.0,0.0,0.0,0.0,0.0,0.0,0.0,0.0,0.0,0.012903225806451616,0.21935483870967748,4.787096774193549,15.290322580645164,8.954838709677421,0.7354838709677421,0.3984,0.01139,0.0,0.0,0.0,0.0,0.0,0.0,0.0,0.0,0.0,0.0,0.037390943082675536,16.514333194848334,13.435812214374744,0.01246364769422518,0.0,0.0,0.0,0.0,0.0,0.0,0.0,0.0,0.0,0.0,0.0,0.0,0.0,0.0,0.0,0.0,0.3987,0.0118,0.0,0.0,0.0,0.0,0.0,0.0,0.0,0.0,0.0,0.0,0.0774193548387097,16.232258064516106,13.664516129032261,0.025806451612903233,0.0,0.0,0.0,0.0,0.0,0.0,0.0,0.0,0.0,0.0,0.0,0.0,0.0,0.0,0.0,0.0
58300,4895,2523,0.5154239019407558,1208,991,0.4492339121552605,1380,0.5638406537282942,0.40599999999999997,2.935919055649241,3.0777077287487487,6.554711246200608,2.0578747835638422,9420.911719950556,1520.2774835043988,7853.0,10917.304091572762,10894.984886705497,7.242056005432025,7853.0,0.0,27.923186925434116,20.908708217452517,32.965592972181554,19.116568187318293,0.14402451481103168,0.09765066394279877,0.09274770173646578,0.08478038815117467,0.0829417773237998,0.07231869254341164,0.06455566905005107,0.06680286006128702,0.06312563840653729,0.05250255362614913,0.04351378958120531,0.037997957099080694,0.0355464759959142,0.02676200204290092,0.017568947906026557,0.011235955056179775,0.005924412665985699,0.9224492776990546,0.02330925112114934,0.0,0.0,0.0,0.0,0.0,0.0,0.0,0.0,0.0,0.0,0.0,0.0,0.0,0.0,0.0,0.0,0.0,0.0,0.0,0.0,0.0,0.0,0.0,0.0,0.0,0.202247191011236,4.81103166496425,15.383043922369769,8.696629213483147,0.9070480081716039,4.357346874008251,2.9174415816560884,nan,nan,nan,4.41409691629956,2.8690229662798914,4.299167200512492,2.9656682700307493,0.9739630284594167,0.3987,0.01162,0.0,0.0,0.0,0.0,0.0,0.0,0.0,0.0,0.0,0.0,0.09193054136874364,16.192032686414684,13.673135852911138,0.0429009193054137,0.0,0.0,0.0,0.0,0.0,0.0,0.0,0.0,0.0,0.0,0.0,0.0,0.0,0.0,0.0,0.0,nan,nan,4.357346874008251,2.9174415816560884,nan,0.3987,0.05383,0.0,0.0,0.0,0.0,0.0,0.0,0.0,0.0,0.0,0.0,0.0,0.0,0.0,0.0,0.0,0.0,0.0,0.0,0.0,0.0,0.0,0.0,0.0011440245148110317,4.0858018386108277e-05,0.0018488253319713995,0.0006741573033707865,0.003299284984678243,0.016455566905005107,0.003094994892747702,0.009642492339121553,0.00853932584269663,0.014106230847803882,0.036567926455566904,0.042175689479060266,0.04440245148110317,0.04764044943820225,0.06770173646578141,0.03670071501532176,0.05853932584269663,0.0344535240040858,0.08112359550561797,0.06613891726251277,0.08557711950970379,0.09731358529111338,0.04712972420837589,0.05458631256384065,0.05969356486210419,0.019632277834525026,0.01693564862104188,0.00965270684371808,0.01644535240040858,0.01390194075587334,0.0030439223697650663,0.0007048008171603677,0.00059244126659857,8.171603677221655e-05,0.0,0.0,0.0,0.0,0.0004187946884576098,0.0,0.0,0.0,0.0,0.0,0.0,0.0,0.0,0.0,0.0,0.0,0.0,0.0,0.0,0.0,0.0,0.0,0.0,0.0,0.0,0.0,0.0,0.0,0.0,0.0,0.0,0.0,0.0,0.0,0.0,0.0,0.0,0.0,0.0,0.0,0.0,0.0,0.0,0.0,0.0,nan,nan,4.357346874008251,2.9174415816560884,nan,0.9224312553744065,0.023769093823239693,0.0,0.0,0.0,0.0,0.0,0.0,0.0,0.0,0.0,0.0,0.0,0.0,0.0,0.0,0.0,0.0,0.0,0.0,0.0,0.0,0.0,0.0,0.0,0.0,0.0,0.202140309155767,4.9583828775267555,15.267538644470871,8.573127229488705,0.9988109393579074,0.9224684473133409,0.0228099474659226,0.0,0.0,0.0,0.0,0.0,0.0,0.0,0.0,0.0,0.0,0.0,0.0,0.0,0.0,0.0,0.0,0.0,0.0,0.0,0.0,0.0,0.0,0.0,0.0,0.0,0.20236087689713328,4.654300168634065,15.505902192242836,8.827993254637438,0.8094435075885331,0.399,0.011826,0.0,0.0,0.0,0.0,0.0,0.0,0.0,0.0,0.0,0.0,0.07134363852556481,16.159334126040406,13.709869203329372,0.05945303210463735,0.0,0.0,0.0,0.0,0.0,0.0,0.0,0.0,0.0,0.0,0.0,0.0,0.0,0.0,0.0,0.0,0.3987,0.01139,0.0,0.0,0.0,0.0,0.0,0.0,0.0,0.0,0.0,0.0,0.11382799325463747,16.226812816188847,13.634064080944354,0.02529510961214166,0.0,0.0,0.0,0.0,0.0,0.0,0.0,0.0,0.0,0.0,0.0,0.0,0.0,0.0,0.0,0.0
58400,4838,2481,0.5128152128978917,1162,977,0.44212484497726334,1359,0.5618023976849938,0.418,2.962240135765804,3.113442692875077,6.470676691729324,2.299943835695007,9413.022236066448,1520.546307657064,7853.0,10923.893856048584,10895.074799713613,7.136763740753118,7853.0,0.0,27.96548160396858,20.96473956352634,32.83329241345446,19.27711392873026,0.1357999173212071,0.1016949152542373,0.09735427862753204,0.08846630839189748,0.07833815626291857,0.07337742868954113,0.06924348904505995,0.06696982224059529,0.05167424555601488,0.05229433650268706,0.045680033071517155,0.0423728813559322,0.03389830508474576,0.02625051674245556,0.020049607275733773,0.009714758164530797,0.006821000413393965,0.9231472761978932,0.022810153275085163,0.0,0.0,0.0,0.0,0.0,0.0,0.0,0.0,0.0,0.0,0.0,0.0,0.0,0.0,0.0,0.0,0.0,0.0,0.0,0.0,0.0,0.0,0.0,0.0,0.0,0.1922281934683754,4.446052087639521,15.657296403472513,8.786688714344772,0.9177346010748245,4.234860621595643,2.895645625761847,nan,nan,nan,4.26995457495133,2.901329876642012,4.200632911392405,2.8896803913201423,0.9837652456619599,0.3992,0.011444,0.0,0.0,0.0,0.0,0.0,0.0,0.0,0.0,0.0,0.0,0.08061182306738324,16.047953699875958,13.828028110789585,0.043406366267052514,0.0,0.0,0.0,0.0,0.0,0.0,0.0,0.0,0.0,0.0,0.0,0.0,0.0,0.0,0.0,0.0,nan,nan,4.234860621595643,2.895645625761847,nan,0.3992,0.0536,0.0,0.0,0.0,0.0,0.0,0.0,0.0,0.0,0.0,0.0,0.0,0.0,0.0,0.0,0.0,0.0,0.0,0.0,0.0,0.0,0.0,0.0,0.0011264985531211245,3.100454733360893e-05,0.001808598594460521,0.0007647788342290202,0.00298677139313766,0.014954526663910707,0.0028834229020256305,0.009973129392310872,0.008753617197188921,0.013879702356345598,0.035417527904092604,0.0437577511368334,0.04385076477883423,0.04781934683753617,0.06922281934683754,0.03513848697809012,0.05811285655229434,0.03387763538652336,0.08279247622984705,0.06472715998346425,0.08783588259611409,0.09644481190574618,0.04702356345597354,0.05459900785448533,0.058825961140967345,0.02110376188507648,0.015409260024803638,0.010252170318313353,0.017000826787928896,0.014851178172798678,0.0033381562629185616,0.0006614303431169905,0.00023770152955766846,0.0002583712277800744,2.0669698222405953e-05,0.0,0.0,0.0,0.0002583712277800744,0.0,0.0,0.0,0.0,0.0,0.0,0.0,0.0,0.0,0.0,0.0,0.0,0.0,0.0,0.0,0.0,0.0,0.0,0.0,0.0,0.0,0.0,0.0,0.0,0.0,0.0,0.0,0.0,0.0,0.0,0.0,0.0,0.0,0.0,0.0,0.0,0.0,0.0,0.0,0.0,nan,nan,4.234860621595643,2.895645625761847,nan,0.9226493742234377,0.02317283736779905,0.0,0.0,0.0,0.0,0.0,0.0,0.0,0.0,0.0,0.0,0.0,0.0,0.0,0.0,0.0,0.0,0.0,0.0,0.0,0.0,0.0,0.0,0.0,0.0,0.0,0.19347037484885132,4.885126964933495,15.441354292623945,8.500604594921404,0.9794437726723098,0.9236713724213229,0.02241010458713265,0.0,0.0,0.0,0.0,0.0,0.0,0.0,0.0,0.0,0.0,0.0,0.0,0.0,0.0,0.0,0.0,0.0,0.0,0.0,0.0,0.0,0.0,0.0,0.0,0.0,0.19092066185829448,3.9838778107764115,15.8845990666101,9.087823504454818,0.852778956300382,0.399,0.01132,0.0,0.0,0.0,0.0,0.0,0.0,0.0,0.0,0.0,0.0,0.07255139056831923,16.23941958887543,13.65175332527207,0.036275695284159616,0.0,0.0,0.0,0.0,0.0,0.0,0.0,0.0,0.0,0.0,0.0,0.0,0.0,0.0,0.0,0.0,0.3992,0.01156,0.0,0.0,0.0,0.0,0.0,0.0,0.0,0.0,0.0,0.0,0.0890963088672041,15.846414934238418,14.013576580398816,0.0509121764955452,0.0,0.0,0.0,0.0,0.0,0.0,0.0,0.0,0.0,0.0,0.0,0.0,0.0,0.0,0.0,0.0
58500,4845,2469,0.5095975232198142,1154,998,0.4441692466460268,1342,0.5539731682146543,0.418,2.9583333333333335,3.1041730221614827,6.646788990825688,2.150815312617973,9403.388095068613,1520.9170696071114,7853.0,10919.878274559975,10895.37761061459,7.135969032526428,7853.0,0.0,27.484623323013416,20.655162271695797,32.5035846724351,18.916047680010944,0.1409700722394221,0.10361197110423116,0.09453044375644995,0.09040247678018576,0.07739938080495357,0.07739938080495357,0.06625386996904024,0.06274509803921569,0.05841073271413829,0.05407636738906089,0.047471620227038186,0.03777089783281734,0.03281733746130031,0.02456140350877193,0.013415892672858616,0.013209494324045407,0.004953560371517028,0.9234699121323655,0.022692528835069756,0.0,0.0,0.0,0.0,0.0,0.0,0.0,0.0,0.0,0.0,0.0,0.0,0.0,0.0,0.0,0.0,0.0,0.0,0.0,0.0,0.0,0.0,0.0,0.0,0.0,0.15479876160990713,4.346749226006192,15.60371517027864,9.027863777089784,0.8668730650154801,4.318152244632401,2.863680488757116,nan,nan,nan,4.282149712092131,2.8445064380062215,4.355393778954335,2.8829071956178223,1.0171045086666108,0.3994,0.01177,0.0,0.0,0.0,0.0,0.0,0.0,0.0,0.0,0.0,0.0,0.04953560371517029,15.845201238390068,14.024767801857589,0.08049535603715173,0.0,0.0,0.0,0.0,0.0,0.0,0.0,0.0,0.0,0.0,0.0,0.0,0.0,0.0,0.0,0.0,nan,nan,4.318152244632401,2.863680488757116,nan,0.3994,0.05334,0.0,0.0,0.0,0.0,0.0,0.0,0.0,0.0,0.0,0.0,0.0,0.0,0.0,0.0,0.0,0.0,0.0,0.0,0.0,0.0,0.0,0.0,0.000846233230134159,0.0,0.001692466460268318,0.0009391124871001032,0.002693498452012384,0.015015479876160991,0.0034881320949432405,0.009370485036119711,0.010175438596491228,0.014241486068111455,0.03222910216718266,0.04397316821465428,0.043591331269349845,0.047719298245614036,0.06835913312693498,0.033777089783281734,0.059019607843137256,0.03393188854489164,0.08294117647058824,0.0659029927760578,0.0925077399380805,0.09353973168214655,0.047223942208462336,0.05565531475748194,0.059050567595459236,0.021062951496388028,0.015098039215686275,0.00998968008255934,0.015159958720330238,0.015810113519091847,0.004148606811145511,0.0003818369453044376,0.00011351909184726522,0.00015479876160990713,3.0959752321981425e-05,0.0,0.0,0.0,0.0001651186790505676,0.0,0.0,0.0,0.0,0.0,0.0,0.0,0.0,0.0,0.0,0.0,0.0,0.0,0.0,0.0,0.0,0.0,0.0,0.0,0.0,0.0,0.0,0.0,0.0,0.0,0.0,0.0,0.0,0.0,0.0,0.0,0.0,0.0,0.0,0.0,0.0,0.0,0.0,0.0,0.0,nan,nan,4.318152244632401,2.863680488757116,nan,0.9231609841405066,0.02274967959465685,0.0,0.0,0.0,0.0,0.0,0.0,0.0,0.0,0.0,0.0,0.0,0.0,0.0,0.0,0.0,0.0,0.0,0.0,0.0,0.0,0.0,0.0,0.0,0.0,0.0,0.12150668286755774,4.641555285540705,15.346294046172542,9.040097205346296,0.8505467800729042,0.9237909320026937,0.022628520277459242,0.0,0.0,0.0,0.0,0.0,0.0,0.0,0.0,0.0,0.0,0.0,0.0,0.0,0.0,0.0,0.0,0.0,0.0,0.0,0.0,0.0,0.0,0.0,0.0,0.0,0.18939393939393945,4.0404040404040416,15.871212121212125,9.015151515151517,0.883838383838384,0.3994,0.01161,0.0,0.0,0.0,0.0,0.0,0.0,0.0,0.0,0.0,0.0,0.06075334143377887,15.516403402187096,14.362089914945324,0.06075334143377887,0.0,0.0,0.0,0.0,0.0,0.0,0.0,0.0,0.0,0.0,0.0,0.0,0.0,0.0,0.0,0.0,0.3992,0.01193,0.0,0.0,0.0,0.0,0.0,0.0,0.0,0.0,0.0,0.0,0.03787878787878789,16.186868686868664,13.674242424242427,0.10101010101010104,0.0,0.0,0.0,0.0,0.0,0.0,0.0,0.0,0.0,0.0,0.0,0.0,0.0,0.0,0.0,0.0
58600,4659,2373,0.5093367675466839,1108,954,0.4425842455462546,1353,0.5808113329040566,0.39799999999999996,2.8678915135608047,2.913307269465998,6.046715328467153,1.9796427862869312,9402.701741792365,1521.036989978218,7853.0,10919.200948357582,10895.587616945062,7.1011328649208965,7853.0,0.0,28.76776132217214,21.257508642740778,33.72958534723989,19.42723182438013,0.13500751234170422,0.09851899549259498,0.08907490877870788,0.08606997209701653,0.0755526937110968,0.07362094870143808,0.06889890534449453,0.06503541532517708,0.060098733633827,0.051727838591972525,0.0506546469199399,0.04335694355011805,0.03477141017385705,0.026400515132002575,0.019317450096587252,0.0128783000643915,0.00901481004507405,0.9234296344820331,0.02285972935615771,0.0,0.0,0.0,0.0,0.0,0.0,0.0,0.0,0.0,0.0,0.0,0.0,0.0,0.0,0.0,0.0,0.0,0.0,0.0,0.0,0.0,0.0,0.0,0.0,0.0,0.23180940115904705,4.314230521571154,15.556986477784935,9.014810045074052,0.882163554410818,4.148317543286508,2.719288960726093,nan,nan,nan,4.174110032362459,2.724711843235827,4.122031662269129,2.7134989609606825,0.9875234793310288,0.3997,0.01131,0.0,0.0,0.0,0.0,0.0,0.0,0.0,0.0,0.0,0.0,0.025756600128783006,15.338055376690255,14.61043142305216,0.025756600128783006,0.0,0.0,0.0,0.0,0.0,0.0,0.0,0.0,0.0,0.0,0.0,0.0,0.0,0.0,0.0,0.0,nan,nan,4.148317543286508,2.719288960726093,nan,0.3997,0.0533,0.0,0.0,0.0,0.0,0.0,0.0,0.0,0.0,0.0,0.0,0.0,0.0,0.0,0.0,0.0,0.0,0.0,0.0,0.0,0.0,0.0,1.0731916720326251e-05,0.0006761107533805537,0.0,0.0016419832582099162,0.0007834299205838163,0.003047864348572655,0.014799313157329899,0.0038420261858767976,0.00978750804893754,0.010570937969521356,0.014423696072118481,0.030231809401159045,0.043228160549474134,0.04295986263146598,0.050311225584889464,0.06318952564928096,0.03523288259283108,0.05871431637690491,0.03277527366387637,0.085361665593475,0.06812620734063103,0.09214423696072119,0.0916183730414252,0.04925949774629749,0.05693281820133076,0.05647134578235673,0.021227731272805323,0.014541747156042069,0.0111611933891393,0.015099806825499034,0.016924232667954498,0.004282034771410174,0.00039708091865207126,0.0001073191672032625,6.43915003219575e-05,1.0731916720326251e-05,0.0,0.0,0.0,4.2927666881305004e-05,0.0,0.0,0.0,0.0,0.0,0.0,0.0,0.0,0.0,0.0,0.0,0.0,0.0,0.0,0.0,0.0,0.0,0.0,0.0,0.0,0.0,0.0,0.0,0.0,0.0,0.0,0.0,0.0,0.0,0.0,0.0,0.0,0.0,0.0,0.0,0.0,0.0,0.0,0.0,0.0,nan,nan,4.148317543286508,2.719288960726093,nan,0.9233890238614008,0.02262883124124324,0.0,0.0,0.0,0.0,0.0,0.0,0.0,0.0,0.0,0.0,0.0,0.0,0.0,0.0,0.0,0.0,0.0,0.0,0.0,0.0,0.0,0.0,0.0,0.0,0.0,0.2149178255372946,4.437420986093553,15.689001264222506,8.824273072060684,0.8343868520859673,0.9234717906512196,0.023096897820991197,0.0,0.0,0.0,0.0,0.0,0.0,0.0,0.0,0.0,0.0,0.0,0.0,0.0,0.0,0.0,0.0,0.0,0.0,0.0,0.0,0.0,0.0,0.0,0.0,0.0,0.2493438320209974,4.186351706036747,15.419947506561684,9.212598425196852,0.9317585301837272,0.4001,0.011154,0.0,0.0,0.0,0.0,0.0,0.0,0.0,0.0,0.0,0.0,0.02528445006321113,15.006321112515781,14.955752212389383,0.012642225031605565,0.0,0.0,0.0,0.0,0.0,0.0,0.0,0.0,0.0,0.0,0.0,0.0,0.0,0.0,0.0,0.0,0.3992,0.01144,0.0,0.0,0.0,0.0,0.0,0.0,0.0,0.0,0.0,0.0,0.026246719160104993,15.682414698162708,14.251968503937011,0.03937007874015749,0.0,0.0,0.0,0.0,0.0,0.0,0.0,0.0,0.0,0.0,0.0,0.0,0.0,0.0,0.0,0.0
58700,4608,2364,0.5130208333333334,1084,943,0.4398871527777778,1311,0.5690104166666666,0.40199999999999997,2.9603386809269163,3.0726113240618864,6.516431924882629,2.035513133441858,9413.886759449095,1520.763277986035,7853.0,10918.874651610851,10895.5406884693,7.247595976712903,7853.0,0.0,27.778645833333332,20.996383920798504,32.83640612827837,19.265659983478823,0.14192708333333334,0.09852430555555555,0.09678819444444445,0.0881076388888889,0.083984375,0.06901041666666667,0.07291666666666667,0.06336805555555555,0.05251736111111111,0.04861111111111111,0.050347222222222224,0.037760416666666664,0.03125,0.027560763888888888,0.01953125,0.010850694444444444,0.006944444444444444,0.9232892256307726,0.023406355899319192,0.0,0.0,0.0,0.0,0.0,0.0,0.0,0.0,0.0,0.0,0.0,0.0,0.0,0.0,0.0,0.0,0.0,0.0,0.0,0.0,0.0,0.0,0.0,0.0,0.0,0.2408854166666667,4.440104166666668,15.14322916666667,9.225260416666668,0.9505208333333335,4.339898132427844,2.9216574341968755,nan,nan,nan,4.293243243243243,2.911154274699813,4.387030716723549,2.9314760674803515,1.021845366816313,0.4,0.011345,0.0,0.0,0.0,0.0,0.0,0.0,0.0,0.0,0.0,0.0,0.06510416666666669,15.07161458333331,14.83072916666667,0.03255208333333334,0.0,0.0,0.0,0.0,0.0,0.0,0.0,0.0,0.0,0.0,0.0,0.0,0.0,0.0,0.0,0.0,nan,nan,4.339898132427844,2.9216574341968755,nan,0.4,0.0537,0.0,0.0,0.0,0.0,0.0,0.0,0.0,0.0,0.0,0.0,0.0,0.0,0.0,0.0,0.0,0.0,0.0,0.0,0.0,0.0,0.0,0.0,0.00068359375,3.255208333333333e-05,0.0016384548611111111,0.0009006076388888889,0.004351128472222222,0.015256076388888888,0.004069010416666667,0.010047743055555556,0.010123697916666667,0.015125868055555556,0.03074001736111111,0.03983289930555556,0.04032118055555556,0.051605902777777775,0.06432291666666666,0.03583984375,0.05731336805555556,0.03324652777777778,0.07977430555555555,0.07085503472222222,0.09009331597222223,0.09527994791666666,0.053135850694444445,0.05383029513888889,0.05549045138888889,0.02136501736111111,0.014366319444444444,0.01259765625,0.015397135416666667,0.017621527777777778,0.0041015625,0.0003363715277777778,8.680555555555556e-05,0.00015190972222222222,2.170138888888889e-05,0.0,0.0,0.0,4.340277777777778e-05,0.0,0.0,0.0,0.0,0.0,0.0,0.0,0.0,0.0,0.0,0.0,0.0,0.0,0.0,0.0,0.0,0.0,0.0,0.0,0.0,0.0,0.0,0.0,0.0,0.0,0.0,0.0,0.0,0.0,0.0,0.0,0.0,0.0,0.0,0.0,0.0,0.0,0.0,0.0,0.0,nan,nan,4.339898132427844,2.9216574341968755,nan,0.9233684482056074,0.02326071178472423,0.0,0.0,0.0,0.0,0.0,0.0,0.0,0.0,0.0,0.0,0.0,0.0,0.0,0.0,0.0,0.0,0.0,0.0,0.0,0.0,0.0,0.0,0.0,0.0,0.0,0.22842639593908634,4.581218274111676,14.987309644670054,9.213197969543149,0.9898477157360408,0.9232057665546097,0.023558526425706865,0.0,0.0,0.0,0.0,0.0,0.0,0.0,0.0,0.0,0.0,0.0,0.0,0.0,0.0,0.0,0.0,0.0,0.0,0.0,0.0,0.0,0.0,0.0,0.0,0.0,0.25401069518716585,4.29144385026738,15.307486631016046,9.237967914438505,0.9090909090909093,0.4,0.01143,0.0,0.0,0.0,0.0,0.0,0.0,0.0,0.0,0.0,0.0,0.05076142131979697,14.949238578680182,14.949238578680205,0.05076142131979697,0.0,0.0,0.0,0.0,0.0,0.0,0.0,0.0,0.0,0.0,0.0,0.0,0.0,0.0,0.0,0.0,0.3997,0.01125,0.0,0.0,0.0,0.0,0.0,0.0,0.0,0.0,0.0,0.0,0.08021390374331552,15.200534759358266,14.70588235294118,0.013368983957219254,0.0,0.0,0.0,0.0,0.0,0.0,0.0,0.0,0.0,0.0,0.0,0.0,0.0,0.0,0.0,0.0
58800,4316,2281,0.5284986098239111,1046,862,0.44207599629286376,1189,0.5509731232622799,0.422,3.057002457002457,3.1169968942580937,6.527545909849749,2.200810099934208,9461.026556898036,1518.8512885692983,7853.0,10919.193485617638,10895.631573683439,7.050461130991666,7853.0,0.0,28.479842446709917,21.32943228774575,33.50661521499449,19.54759014263562,0.1397126969416126,0.10449490268767377,0.08734939759036145,0.085032437442076,0.07854494902687674,0.06672845227062095,0.07066728452270621,0.06255792400370713,0.05838739573679333,0.05074142724745134,0.04958294717330862,0.040546802594995365,0.03892493049119555,0.028498609823911027,0.018767377201112143,0.011584800741427247,0.007877664504170528,0.923529491947137,0.02265800520694713,0.0,0.0,0.0,0.0,0.0,0.0,0.0,0.0,0.0,0.0,0.0,0.0,0.0,0.0,0.0,0.0,0.0,0.0,0.0,0.0,0.0,0.0,0.0,0.0,0.0,0.16682113067655238,4.3651529193697876,15.611677479147362,8.862372567191846,0.9939759036144581,4.2337383845604,2.8904921099660674,nan,nan,nan,4.157670454545454,2.8800594265554142,4.310791366906475,2.898987435418932,1.036828535122022,0.4001,0.01136,0.0,0.0,0.0,0.0,0.0,0.0,0.0,0.0,0.0,0.0,0.041705282669138095,14.909638554216846,14.979147358665434,0.0695088044485635,0.0,0.0,0.0,0.0,0.0,0.0,0.0,0.0,0.0,0.0,0.0,0.0,0.0,0.0,0.0,0.0,nan,nan,4.2337383845604,2.8904921099660674,nan,0.4001,0.0539,0.0,0.0,0.0,0.0,0.0,0.0,0.0,0.0,0.0,0.0,0.0,0.0,0.0,0.0,0.0,0.0,0.0,0.0,0.0,0.0,0.0,0.0,0.0005444856348470807,5.792400370713624e-05,0.0013785912882298425,0.0007645968489341983,0.004402224281742354,0.014295644114921223,0.004240037071362373,0.010287303058387395,0.010866543095458758,0.016450417052826693,0.030491195551436517,0.03872798887859129,0.03962001853568119,0.05286144578313253,0.06690222428174235,0.03346848934198332,0.05848007414272474,0.034476367006487485,0.07522011121408712,0.07025023169601483,0.08914504170528267,0.0936631139944393,0.05353336422613531,0.055120481927710845,0.05556070435588508,0.022358665430954588,0.015106580166821131,0.013310936051899907,0.015257182576459685,0.01801436515291937,0.004321130676552363,0.0002664504170528267,0.0,0.00020852641334569044,0.00013901760889712696,0.0,0.0,0.0,0.00020852641334569044,0.0,0.0,0.0,0.0,0.0,0.0,0.0,0.0,0.0,0.0,0.0,0.0,0.0,0.0,0.0,0.0,0.0,0.0,0.0,0.0,0.0,0.0,0.0,0.0,0.0,0.0,0.0,0.0,0.0,0.0,0.0,0.0,0.0,0.0,0.0,0.0,0.0,0.0,0.0,0.0,nan,nan,4.2337383845604,2.8904921099660674,nan,0.9233407503363857,0.022399712548405094,0.0,0.0,0.0,0.0,0.0,0.0,0.0,0.0,0.0,0.0,0.0,0.0,0.0,0.0,0.0,0.0,0.0,0.0,0.0,0.0,0.0,0.0,0.0,0.0,0.0,0.14467338886453313,4.458570802279703,15.57211749232793,8.89083735203858,0.9338009644892593,0.9237410494970748,0.022942219918805674,0.0,0.0,0.0,0.0,0.0,0.0,0.0,0.0,0.0,0.0,0.0,0.0,0.0,0.0,0.0,0.0,0.0,0.0,0.0,0.0,0.0,0.0,0.0,0.0,0.0,0.1916461916461917,4.260442260442261,15.656019656019659,8.830466830466833,1.0614250614250615,0.4001,0.011185,0.0,0.0,0.0,0.0,0.0,0.0,0.0,0.0,0.0,0.0,0.052608505041648414,14.54625164401576,15.361683472161335,0.039456378781236305,0.0,0.0,0.0,0.0,0.0,0.0,0.0,0.0,0.0,0.0,0.0,0.0,0.0,0.0,0.0,0.0,0.4,0.011536,0.0,0.0,0.0,0.0,0.0,0.0,0.0,0.0,0.0,0.0,0.029484029484029492,15.316953316953295,14.550368550368553,0.10319410319410323,0.0,0.0,0.0,0.0,0.0,0.0,0.0,0.0,0.0,0.0,0.0,0.0,0.0,0.0,0.0,0.0
58900,4263,2198,0.5155993431855501,1050,890,0.4550785831574009,1181,0.5540699038235984,0.442,2.9167070217917677,3.146439904328185,6.794174757281553,2.260759612986821,9421.849074736507,1520.6523015112605,7853.0,10924.773567795753,10895.767791447555,7.290808673452849,7853.0,0.0,27.69035890218156,20.933746417982494,32.76411120471778,19.17502304983014,0.14567206192821958,0.09758386113065916,0.08726249120337791,0.09195402298850575,0.08022519352568613,0.0781140042223786,0.07342247243725077,0.06755805770584096,0.05489092188599578,0.04926108374384237,0.040581749941355855,0.040581749941355855,0.028149190710767064,0.025803424818203143,0.018296973961998593,0.010790523105794042,0.009852216748768473,0.9233987325378183,0.02344171757801601,0.0,0.0,0.0,0.0,0.0,0.0,0.0,0.0,0.0,0.0,0.0,0.0,0.0,0.0,0.0,0.0,0.0,0.0,0.0,0.0,0.0,0.0,0.0,0.0,0.0,0.26038001407459543,4.334975369458129,15.348346235045746,9.07811400422238,0.9781843771991557,4.2259702575262965,2.9417153132558815,nan,nan,nan,4.182142857142857,2.9209286159699004,4.273598820058997,2.9620877341259453,1.021868206333492,0.4004,0.01191,0.0,0.0,0.0,0.0,0.0,0.0,0.0,0.0,0.0,0.0,0.09148486980999299,14.489795918367326,15.320197044334979,0.09852216748768476,0.0,0.0,0.0,0.0,0.0,0.0,0.0,0.0,0.0,0.0,0.0,0.0,0.0,0.0,0.0,0.0,nan,nan,4.2259702575262965,2.9417153132558815,nan,0.4004,0.0538,0.0,0.0,0.0,0.0,0.0,0.0,0.0,0.0,0.0,0.0,0.0,0.0,0.0,0.0,0.0,0.0,0.0,0.0,0.0,0.0,0.0,0.0,0.0005864414731409805,1.172882946281961e-05,0.0015482054890921886,0.0007271874266948159,0.004456955195871452,0.014356087262491204,0.003729767769176636,0.009383063570255689,0.009828759089842834,0.01664320900774103,0.031749941355852684,0.03551489561341778,0.04039408866995074,0.05618109312690593,0.06840253342716397,0.03138634764250528,0.05797560403471733,0.031738212526389864,0.0768590194698569,0.06762843068261787,0.08849401829697397,0.09426460239268121,0.05410509031198686,0.05744780670889045,0.05742434904996482,0.02312925170068027,0.016197513488153882,0.012901712409101571,0.013816561107201501,0.017616701853155056,0.004703260614590664,9.383063570255688e-05,3.518648838845883e-05,0.00026976307764485106,0.0001993901008679334,0.0,0.0,0.0,0.0001993901008679334,0.0,0.0,0.0,0.0,0.0,0.0,0.0,0.0,0.0,0.0,0.0,0.0,0.0,0.0,0.0,0.0,0.0,0.0,0.0,0.0,0.0,0.0,0.0,0.0,0.0,0.0,0.0,0.0,0.0,0.0,0.0,0.0,0.0,0.0,0.0,0.0,0.0,0.0,0.0,0.0,nan,nan,4.2259702575262965,2.9417153132558815,nan,0.9234825554655507,0.023385661050144342,0.0,0.0,0.0,0.0,0.0,0.0,0.0,0.0,0.0,0.0,0.0,0.0,0.0,0.0,0.0,0.0,0.0,0.0,0.0,0.0,0.0,0.0,0.0,0.0,0.0,0.21838034576888085,4.367606915377617,15.47770700636943,8.953594176524115,0.9827115559599638,0.923309510845249,0.02350090914100326,0.0,0.0,0.0,0.0,0.0,0.0,0.0,0.0,0.0,0.0,0.0,0.0,0.0,0.0,0.0,0.0,0.0,0.0,0.0,0.0,0.0,0.0,0.0,0.0,0.0,0.30508474576271194,4.300242130750606,15.210653753026637,9.210653753026635,0.9733656174334142,0.4006,0.0119,0.0,0.0,0.0,0.0,0.0,0.0,0.0,0.0,0.0,0.0,0.08189262966333032,14.303912647861672,15.50500454959054,0.10919017288444043,0.0,0.0,0.0,0.0,0.0,0.0,0.0,0.0,0.0,0.0,0.0,0.0,0.0,0.0,0.0,0.0,0.4004,0.01192,0.0,0.0,0.0,0.0,0.0,0.0,0.0,0.0,0.0,0.0,0.10169491525423732,14.687651331719108,15.12348668280872,0.08716707021791768,0.0,0.0,0.0,0.0,0.0,0.0,0.0,0.0,0.0,0.0,0.0,0.0,0.0,0.0,0.0,0.0
59000,4515,2361,0.5229235880398672,1147,926,0.4591362126245847,1254,0.5554817275747508,0.40599999999999997,2.8881151346332405,3.0538372399855356,6.531358885017422,2.153894269171421,9444.124675762798,1519.783062783378,7853.0,10926.128385305405,10895.747950473968,7.178355518944096,7853.0,0.0,28.04186046511628,20.738188079535032,32.75568924928067,19.035793849776592,0.13333333333333333,0.09878183831672203,0.10077519379844961,0.08261351052048727,0.07973421926910298,0.07419712070874862,0.07153931339977852,0.06755260243632337,0.061129568106312294,0.048726467331118496,0.05094130675526024,0.038981173864894796,0.03322259136212625,0.023034330011074196,0.01727574750830565,0.011517165005537098,0.006644518272425249,0.9236607765042505,0.02309134118028725,0.0,0.0,0.0,0.0,0.0,0.0,0.0,0.0,0.0,0.0,0.0,0.0,0.0,0.0,0.0,0.0,0.0,0.0,0.0,0.0,0.0,0.0,0.0,0.0,0.0,0.21926910299003327,4.458471760797343,15.215946843853823,9.169435215946846,0.9368770764119604,4.183589743589744,2.88624277740997,nan,nan,nan,4.208843537414966,2.888033607556637,4.15818431911967,2.885196481882361,0.9879636251989518,0.4001,0.01173,0.0,0.0,0.0,0.0,0.0,0.0,0.0,0.0,0.0,0.0,0.07308970099667775,14.691029900332204,15.2093023255814,0.026578073089701004,0.0,0.0,0.0,0.0,0.0,0.0,0.0,0.0,0.0,0.0,0.0,0.0,0.0,0.0,0.0,0.0,nan,nan,4.183589743589744,2.88624277740997,nan,0.4001,0.05368,0.0,0.0,0.0,0.0,0.0,0.0,0.0,0.0,0.0,0.0,0.0,0.0,0.0,0.0,0.0,0.0,0.0,0.0,0.0,0.0,0.0,0.0,0.0004872646733111849,1.107419712070875e-05,0.0017054263565891472,0.0010299003322259137,0.00424141749723145,0.013521594684385381,0.0033776301218161682,0.010321151716500554,0.008781838316722038,0.017364341085271316,0.03208194905869324,0.03883720930232558,0.04193798449612403,0.05448504983388704,0.06767441860465116,0.029789590254706535,0.057297895902547066,0.031196013289036546,0.07596899224806201,0.06662236987818383,0.09140642303433001,0.09582502768549281,0.056124031007751936,0.05741971207087486,0.05501661129568106,0.022547065337763014,0.017320044296788482,0.012790697674418604,0.013565891472868217,0.016223698781838318,0.003732004429678848,0.00017718715393134,0.00019933554817275749,0.0003433001107419712,0.00023255813953488373,0.0,0.0,0.0,0.0003433001107419712,0.0,0.0,0.0,0.0,0.0,0.0,0.0,0.0,0.0,0.0,0.0,0.0,0.0,0.0,0.0,0.0,0.0,0.0,0.0,0.0,0.0,0.0,0.0,0.0,0.0,0.0,0.0,0.0,0.0,0.0,0.0,0.0,0.0,0.0,0.0,0.0,0.0,0.0,0.0,0.0,nan,nan,4.183589743589744,2.88624277740997,nan,0.9236493940729047,0.022991529475932415,0.0,0.0,0.0,0.0,0.0,0.0,0.0,0.0,0.0,0.0,0.0,0.0,0.0,0.0,0.0,0.0,0.0,0.0,0.0,0.0,0.0,0.0,0.0,0.0,0.0,0.19059720457433296,4.5489199491740795,15.247776365946637,9.047013977128337,0.9656925031766203,0.9236732527904191,0.02320024511695828,0.0,0.0,0.0,0.0,0.0,0.0,0.0,0.0,0.0,0.0,0.0,0.0,0.0,0.0,0.0,0.0,0.0,0.0,0.0,0.0,0.0,0.0,0.0,0.0,0.0,0.2506963788300836,4.359331476323121,15.18105849582173,9.303621169916436,0.9052924791086353,0.4004,0.011734,0.0,0.0,0.0,0.0,0.0,0.0,0.0,0.0,0.0,0.0,0.07623888182973318,14.28208386276999,15.616264294790346,0.02541296060991106,0.0,0.0,0.0,0.0,0.0,0.0,0.0,0.0,0.0,0.0,0.0,0.0,0.0,0.0,0.0,0.0,0.4,0.01172,0.0,0.0,0.0,0.0,0.0,0.0,0.0,0.0,0.0,0.0,0.06963788300835656,15.139275766016691,14.76323119777159,0.027855153203342625,0.0,0.0,0.0,0.0,0.0,0.0,0.0,0.0,0.0,0.0,0.0,0.0,0.0,0.0,0.0,0.0
59100,4615,2347,0.5085590465872156,1093,988,0.4509209100758397,1322,0.5729144095341279,0.41,2.943121693121693,3.160580526956675,6.822033898305085,2.2232643427703227,9400.29781144789,1521.0424984560732,7853.0,10919.504988968372,10895.513591747767,7.174543900977563,7853.0,0.0,27.57356446370531,20.939632444352167,32.752931978107895,19.17324130258722,0.14604550379198267,0.10314192849404118,0.08905742145178765,0.08689057421451787,0.08364030335861322,0.07540628385698808,0.07410617551462621,0.05828819068255688,0.058721560130010834,0.04745395449620802,0.043553629469122425,0.03683640303358613,0.03271939328277357,0.025568797399783315,0.0218851570964247,0.010400866738894909,0.00628385698808234,0.9224714616654625,0.022731260292737865,0.0,0.0,0.0,0.0,0.0,0.0,0.0,0.0,0.0,0.0,0.0,0.0,0.0,0.0,0.0,0.0,0.0,0.0,0.0,0.0,0.0,0.0,0.0,0.0,0.0,0.18851570964247025,4.842903575297942,15.282773564463708,8.951245937161431,0.734561213434453,4.38409475465313,2.9804241430104925,nan,nan,nan,4.264099037138927,2.888647081235487,4.502666666666666,3.0619154498813685,1.0559479569892471,0.4006,0.01144,0.0,0.0,0.0,0.0,0.0,0.0,0.0,0.0,0.0,0.0,0.045503791982665236,14.496208017334755,15.425785482123514,0.03250270855904659,0.0,0.0,0.0,0.0,0.0,0.0,0.0,0.0,0.0,0.0,0.0,0.0,0.0,0.0,0.0,0.0,nan,nan,4.38409475465313,2.9804241430104925,nan,0.4006,0.05383,0.0,0.0,0.0,0.0,0.0,0.0,0.0,0.0,0.0,0.0,0.0,0.0,0.0,0.0,0.0,0.0,0.0,0.0,0.0,0.0,0.0,0.0,0.0005958829902491874,1.0834236186348862e-05,0.0015601300108342361,0.0014301191765980499,0.003965330444203684,0.01257854821235103,0.003011917659804984,0.010119176598049838,0.01001083423618635,0.016164680390032504,0.03274106175514626,0.04124593716143012,0.03959913326110509,0.05354279523293608,0.06989165763813651,0.028721560130010836,0.05695557963163597,0.029945828819068255,0.07362946912242686,0.06393282773564464,0.09271939328277357,0.09803900325027086,0.05611050920910076,0.05543878656554713,0.05841820151679306,0.02361863488624052,0.01742145178764897,0.0133261105092091,0.012502708559046588,0.017475622968580715,0.004247020585048754,0.00020585048754062838,0.0002491874322860238,0.00015167930660888408,0.0002275189599133261,0.0,0.0,0.0,0.00019501625135427952,0.0,0.0,0.0,0.0,0.0,0.0,0.0,0.0,0.0,0.0,0.0,0.0,0.0,0.0,0.0,0.0,0.0,0.0,0.0,0.0,0.0,0.0,0.0,0.0,0.0,0.0,0.0,0.0,0.0,0.0,0.0,0.0,0.0,0.0,0.0,0.0,0.0,0.0,0.0,0.0,nan,nan,4.38409475465313,2.9804241430104925,nan,0.9226133482579124,0.022851938193334833,0.0,0.0,0.0,0.0,0.0,0.0,0.0,0.0,0.0,0.0,0.0,0.0,0.0,0.0,0.0,0.0,0.0,0.0,0.0,0.0,0.0,0.0,0.0,0.0,0.0,0.28121005538985944,4.88282914358756,14.853003834682577,9.394972305070304,0.587984661269706,0.9223246328151625,0.022604762965899812,0.0,0.0,0.0,0.0,0.0,0.0,0.0,0.0,0.0,0.0,0.0,0.0,0.0,0.0,0.0,0.0,0.0,0.0,0.0,0.0,0.0,0.0,0.0,0.0,0.0,0.09259259259259262,4.801587301587302,15.727513227513231,8.492063492063494,0.8862433862433864,0.4006,0.01152,0.0,0.0,0.0,0.0,0.0,0.0,0.0,0.0,0.0,0.0,0.051129100979974446,14.737963357477609,15.172560715807418,0.038346825734980834,0.0,0.0,0.0,0.0,0.0,0.0,0.0,0.0,0.0,0.0,0.0,0.0,0.0,0.0,0.0,0.0,0.4006,0.01135,0.0,0.0,0.0,0.0,0.0,0.0,0.0,0.0,0.0,0.0,0.03968253968253969,14.246031746031726,15.687830687830692,0.02645502645502646,0.0,0.0,0.0,0.0,0.0,0.0,0.0,0.0,0.0,0.0,0.0,0.0,0.0,0.0,0.0,0.0
59200,4635,2377,0.5128371089536138,1146,951,0.4524271844660194,1315,0.5674217907227616,0.39799999999999996,2.9397697077059344,3.0328733799804115,6.342105263157895,2.1840240138204607,9413.42441063623,1520.8722962419738,7853.0,10920.924692690372,10895.729130542248,7.398626167937145,7853.0,0.0,28.666019417475727,20.94579740480252,33.45989304812834,19.152141947182614,0.1331175836030205,0.09924487594390508,0.08608414239482201,0.08284789644012945,0.08284789644012945,0.07249190938511327,0.06990291262135923,0.06903991370010787,0.05911542610571737,0.05803667745415318,0.04724919093851133,0.04271844660194175,0.037540453074433655,0.02243797195253506,0.01790722761596548,0.010140237324703344,0.009277238403451996,0.9229664268102717,0.023242503039066807,0.0,0.0,0.0,0.0,0.0,0.0,0.0,0.0,0.0,0.0,0.0,0.0,0.0,0.0,0.0,0.0,0.0,0.0,0.0,0.0,0.0,0.0,0.0,0.0,0.0,0.23948220064724923,4.511326860841424,15.417475728155344,8.912621359223303,0.9190938511326863,4.201377500819941,2.829027383721717,nan,nan,nan,4.135450421257291,2.8031889605668217,4.269767441860465,2.8544392678697124,1.032479417456621,0.4006,0.01167,0.0,0.0,0.0,0.0,0.0,0.0,0.0,0.0,0.0,0.0,0.05825242718446603,14.543689320388328,15.320388349514566,0.07766990291262137,0.0,0.0,0.0,0.0,0.0,0.0,0.0,0.0,0.0,0.0,0.0,0.0,0.0,0.0,0.0,0.0,nan,nan,4.201377500819941,2.829027383721717,nan,0.4006,0.0539,0.0,0.0,0.0,0.0,0.0,0.0,0.0,0.0,0.0,0.0,0.0,0.0,0.0,0.0,0.0,0.0,0.0,0.0,0.0,0.0,0.0,0.0,0.0008737864077669903,1.0787486515641855e-05,0.0011650485436893205,0.001197411003236246,0.0043905070118662355,0.013128371089536139,0.0031930960086299894,0.009784250269687163,0.009654800431499461,0.01587918015102481,0.03140237324703344,0.043764832793959006,0.03825242718446602,0.05245954692556634,0.07008629989212513,0.030258899676375406,0.05811218985976267,0.028813376483279397,0.07554476806903991,0.06408845738942827,0.09075512405609493,0.10026968716289104,0.0555663430420712,0.05484358144552319,0.056947141316073355,0.024314994606256742,0.015609492988133765,0.013538295577130528,0.01157497303128371,0.018910463861920173,0.004552319309600863,0.0005070118662351672,7.551240560949299e-05,5.393743257820928e-05,0.00017259978425026968,0.0,0.0,0.0,0.00024811218985976266,0.0,0.0,0.0,0.0,0.0,0.0,0.0,0.0,0.0,0.0,0.0,0.0,0.0,0.0,0.0,0.0,0.0,0.0,0.0,0.0,0.0,0.0,0.0,0.0,0.0,0.0,0.0,0.0,0.0,0.0,0.0,0.0,0.0,0.0,0.0,0.0,0.0,0.0,0.0,0.0,nan,nan,4.201377500819941,2.829027383721717,nan,0.9234310468556152,0.02348940069515986,0.0,0.0,0.0,0.0,0.0,0.0,0.0,0.0,0.0,0.0,0.0,0.0,0.0,0.0,0.0,0.0,0.0,0.0,0.0,0.0,0.0,0.0,0.0,0.0,0.0,0.16407236011779558,4.644509886411444,14.892721918384522,9.289019772822888,1.0096760622633574,0.9224773205889337,0.022969575675930387,0.0,0.0,0.0,0.0,0.0,0.0,0.0,0.0,0.0,0.0,0.0,0.0,0.0,0.0,0.0,0.0,0.0,0.0,0.0,0.0,0.0,0.0,0.0,0.0,0.0,0.3188662533215235,4.371124889282552,15.969884853852971,8.516386182462357,0.8237378210806025,0.4004,0.01185,0.0,0.0,0.0,0.0,0.0,0.0,0.0,0.0,0.0,0.0,0.0757257046697518,14.640302902818657,15.14514093395036,0.13883045856121162,0.0,0.0,0.0,0.0,0.0,0.0,0.0,0.0,0.0,0.0,0.0,0.0,0.0,0.0,0.0,0.0,0.4006,0.01149,0.0,0.0,0.0,0.0,0.0,0.0,0.0,0.0,0.0,0.0,0.03985828166519044,14.441984056687312,15.504871567759082,0.013286093888396815,0.0,0.0,0.0,0.0,0.0,0.0,0.0,0.0,0.0,0.0,0.0,0.0,0.0,0.0,0.0,0.0
59300,4666,2411,0.5167166738105443,1076,992,0.44320617231033005,1348,0.5777968281183026,0.414,2.896230598669623,3.0651259155356265,6.577181208053691,2.19878309252391,9425.245286407067,1520.5386725675005,7853.0,10918.469814479351,10895.760890242793,7.17866159887673,7853.0,0.0,27.652164594942136,20.943305499615715,32.921426725252005,19.125154811966066,0.1478782683240463,0.09858551221603086,0.09215602228889841,0.08658379768538363,0.08358336905272182,0.07265323617659665,0.06836690955850835,0.06343763394770681,0.05486498071153022,0.05379339905700815,0.04393484783540506,0.03964852121731676,0.031075867981140162,0.02786112301757394,0.018431204457779682,0.01135876553793399,0.005786540934419202,0.9232286301565641,0.022989922416230265,0.0,0.0,0.0,0.0,0.0,0.0,0.0,0.0,0.0,0.0,0.0,0.0,0.0,0.0,0.0,0.0,0.0,0.0,0.0,0.0,0.0,0.0,0.0,0.0,0.006429489927132449,0.1671667381054437,4.532790398628376,15.353621945992288,9.014144877839692,0.9258465495070727,4.275977280320748,2.860730046757179,nan,nan,nan,4.296146044624747,2.887838858755952,4.256274768824307,2.8338589471185602,0.9907192922711913,0.401,0.011536,0.0,0.0,0.0,0.0,0.0,0.0,0.0,0.0,0.0,0.0,0.03214744963566225,14.222031718816952,15.720102871838836,0.025717959708529796,0.0,0.0,0.0,0.0,0.0,0.0,0.0,0.0,0.0,0.0,0.0,0.0,0.0,0.0,0.0,0.0,nan,nan,4.275977280320748,2.860730046757179,nan,0.401,0.0538,0.0,0.0,0.0,0.0,0.0,0.0,0.0,0.0,0.0,0.0,0.0,0.0,0.0,0.0,0.0,0.0,0.0,0.0,0.0,0.0,2.1431633090441493e-05,0.0,0.0009108444063437634,0.0,0.0016609515645092156,0.0010180025717959709,0.0041684526360908705,0.012912558936990998,0.0025075010715816543,0.010137162451778826,0.008840548649807115,0.015184312044577796,0.030229318474067724,0.043624089155593654,0.036980282897556796,0.05493999142734676,0.07094942134590655,0.032565366480925846,0.05690098585512216,0.027475353621945992,0.0766073724817831,0.0674560651521646,0.08611230175739391,0.09911058722674668,0.05589369909987141,0.05453279039862838,0.05971924560651522,0.02284612087441063,0.015452207458208316,0.013405486498071153,0.011573081868838405,0.02028504072010287,0.005518645520788684,0.00026789541363051865,0.0,5.357908272610373e-05,8.572653236176597e-05,0.0,0.0,0.0,5.357908272610373e-05,0.0,0.0,0.0,0.0,0.0,0.0,0.0,0.0,0.0,0.0,0.0,0.0,0.0,0.0,0.0,0.0,0.0,0.0,0.0,0.0,0.0,0.0,0.0,0.0,0.0,0.0,0.0,0.0,0.0,0.0,0.0,0.0,0.0,0.0,0.0,0.0,0.0,0.0,0.0,0.0,nan,nan,4.275977280320748,2.860730046757179,nan,0.9229593347435124,0.023197727171200454,0.0,0.0,0.0,0.0,0.0,0.0,0.0,0.0,0.0,0.0,0.0,0.0,0.0,0.0,0.0,0.0,0.0,0.0,0.0,0.0,0.0,0.0,0.0,0.0,0.012442969722107013,0.13687266694317712,4.740771464122771,15.080879303193699,9.182911654914975,0.8461219411032769,0.9235165553188113,0.022762119737663514,0.0,0.0,0.0,0.0,0.0,0.0,0.0,0.0,0.0,0.0,0.0,0.0,0.0,0.0,0.0,0.0,0.0,0.0,0.0,0.0,0.0,0.0,0.0,0.0,0.0,0.1995565410199557,4.310421286031043,15.645232815964526,8.833702882483372,1.0110864745011088,0.4011,0.011696,0.0,0.0,0.0,0.0,0.0,0.0,0.0,0.0,0.0,0.0,0.037328909166321034,13.948569058481937,15.964330153463296,0.04977187888842805,0.0,0.0,0.0,0.0,0.0,0.0,0.0,0.0,0.0,0.0,0.0,0.0,0.0,0.0,0.0,0.0,0.4006,0.011375,0.0,0.0,0.0,0.0,0.0,0.0,0.0,0.0,0.0,0.0,0.02660753880266076,14.514412416851421,15.458980044345902,0.0,0.0,0.0,0.0,0.0,0.0,0.0,0.0,0.0,0.0,0.0,0.0,0.0,0.0,0.0,0.0,0.0
59400,4817,2435,0.5055013493875856,1134,991,0.4411459414573386,1373,0.5700643554079302,0.414,2.9214945424013434,3.094802085656282,6.445277361319341,2.261320885999487,9390.815513150992,1520.9960930961283,7853.0,10919.502050101757,10895.159066467486,7.207774788013595,7853.0,0.0,27.662237907411253,20.839488897372394,32.69945355191257,19.09122827943607,0.1422046917168362,0.10338384886859041,0.09175835582312643,0.08470002075980901,0.08636080548058958,0.07432011625493046,0.06580859456093004,0.06082624039858833,0.0595806518580029,0.05356030724517334,0.043803197010587505,0.04110442183931908,0.03363089059580652,0.025742163172098816,0.016192651027610545,0.009134315964293128,0.007888727423707702,0.9215711666410683,0.023470283506763133,0.0,0.0,0.0,0.0,0.0,0.0,0.0,0.0,0.0,0.0,0.0,0.0,0.0,0.0,0.0,0.0,0.0,0.0,0.0,0.0,0.0,0.0,0.0,0.0,0.018683828108781404,0.2740294789287939,5.06331741747976,15.45152584596222,8.376582935436996,0.8158604940834546,4.3286690530426295,2.929813772150305,nan,nan,nan,4.269728331177231,2.935984013141055,4.389908256880734,2.9226602124886942,1.0281469724492676,0.4004,0.01152,0.0,0.0,0.0,0.0,0.0,0.0,0.0,0.0,0.0,0.0,0.03113971351463567,14.274444675108969,15.644592069752962,0.049823541623417074,0.0,0.0,0.0,0.0,0.0,0.0,0.0,0.0,0.0,0.0,0.0,0.0,0.0,0.0,0.0,0.0,nan,nan,4.3286690530426295,2.929813772150305,nan,0.4004,0.0536,0.0,0.0,0.0,0.0,0.0,0.0,0.0,0.0,0.0,0.0,0.0,0.0,0.0,0.0,0.0,0.0,0.0,0.0,0.0,0.0,0.0,2.075980900975711e-05,0.0011833091135561554,0.0,0.0015050861532073904,0.0011833091135561554,0.0038405646668050655,0.013161718912186008,0.0028025742163172098,0.010535603072451733,0.009134315964293128,0.015621756279842226,0.026624455055013495,0.04475814822503633,0.036007888727423706,0.05604110442183932,0.07045879177911563,0.034897238945401705,0.05708947477683205,0.027693585219015986,0.07874195557400872,0.06933776209258875,0.08559269254722857,0.09940834544322193,0.05597882499481005,0.05414158189744654,0.05762922981108574,0.0221195764998962,0.013265517957234794,0.014075150508615322,0.012310566742785967,0.019483080755657047,0.004847415403778285,0.00035291675316587086,0.0,2.075980900975711e-05,0.0,0.0,0.0,3.113971351463567e-05,0.00010379904504878556,0.0,0.0,0.0,0.0,0.0,0.0,0.0,0.0,0.0,0.0,0.0,0.0,0.0,0.0,0.0,0.0,0.0,0.0,0.0,0.0,0.0,0.0,0.0,0.0,0.0,0.0,0.0,0.0,0.0,0.0,0.0,0.0,0.0,0.0,0.0,0.0,0.0,0.0,0.0,0.0,nan,nan,4.3286690530426295,2.929813772150305,nan,0.9214322272512213,0.02342478128796044,0.0,0.0,0.0,0.0,0.0,0.0,0.0,0.0,0.0,0.0,0.0,0.0,0.0,0.0,0.0,0.0,0.0,0.0,0.0,0.0,0.0,0.0,0.0,0.0,0.024640657084188916,0.295687885010267,5.026694045174539,15.659137577002056,8.217659137577003,0.7761806981519509,0.9217131974615038,0.02351585867264197,0.0,0.0,0.0,0.0,0.0,0.0,0.0,0.0,0.0,0.0,0.0,0.0,0.0,0.0,0.0,0.0,0.0,0.0,0.0,0.0,0.0,0.0,0.0,0.0,0.012594458438287156,0.25188916876574313,5.100755667506298,15.239294710327458,8.539042821158692,0.8564231738035266,0.4004,0.011536,0.0,0.0,0.0,0.0,0.0,0.0,0.0,0.0,0.0,0.0,0.012320328542094458,14.414784394250493,15.511293634496923,0.06160164271047229,0.0,0.0,0.0,0.0,0.0,0.0,0.0,0.0,0.0,0.0,0.0,0.0,0.0,0.0,0.0,0.0,0.4006,0.01151,0.0,0.0,0.0,0.0,0.0,0.0,0.0,0.0,0.0,0.0,0.050377833753148624,14.130982367758165,15.780856423173807,0.037783375314861464,0.0,0.0,0.0,0.0,0.0,0.0,0.0,0.0,0.0,0.0,0.0,0.0,0.0,0.0,0.0,0.0
59500,4934,2424,0.4912849614916903,1156,1077,0.4525739764896636,1420,0.5755978921767329,0.41,2.8717131474103588,3.06533709197483,6.494082840236686,2.160352922680446,9347.67866264741,1520.9705770324272,7853.0,10919.541559696198,10895.38635375508,7.251560642905512,7853.0,0.0,27.458654235914064,20.587485550742027,32.48483377820917,18.802252611172438,0.14450749898662343,0.0960680989055533,0.0954600729631131,0.08937981353871098,0.08492095662748277,0.06992298338062423,0.07397648966355898,0.06708552898256992,0.05330360762059181,0.051276854479124445,0.04357519254154844,0.04296716659910823,0.030198621807863802,0.024118362383461694,0.018240778273206325,0.010133765707336847,0.004864207539521687,0.9222171140987959,0.023300045454293684,0.0,0.0,0.0,0.0,0.0,0.0,0.0,0.0,0.0,0.0,0.0,0.0,0.0,0.0,0.0,0.0,0.0,0.0,0.0,0.0,0.0,0.0,0.0,0.0,0.0,0.2614511552492907,4.870287798946089,15.188488042156468,8.901499797324687,0.77827320632347,4.277638190954774,2.8685922605934127,nan,nan,nan,4.246259351620948,2.804268161706664,4.309493670886076,2.932107031191905,1.014891770386326,0.4006,0.01168,0.0,0.0,0.0,0.0,0.0,0.0,0.0,0.0,0.0,0.0,0.03648155654641265,14.768950141872699,15.121605188488045,0.0729631130928253,0.0,0.0,0.0,0.0,0.0,0.0,0.0,0.0,0.0,0.0,0.0,0.0,0.0,0.0,0.0,0.0,nan,nan,4.277638190954774,2.8685922605934127,nan,0.4006,0.05347,0.0,0.0,0.0,0.0,0.0,0.0,0.0,0.0,0.0,0.0,0.0,0.0,0.0,0.0,0.0,0.0,0.0,0.0,0.0,0.0,0.0,0.0,0.0013984596676124847,0.0,0.0013477908390758006,0.0013477908390758006,0.004215646534252128,0.01198824483177949,0.0034657478719092014,0.009677746250506688,0.008522496959870288,0.014785164167004459,0.02930685042561816,0.042663153627888126,0.037515200648561,0.05497567896230239,0.06935549250101337,0.03555938386704499,0.05830968788001621,0.029833806242399674,0.08028982569922984,0.06831171463315767,0.08475881637616538,0.09662545601945682,0.05768139440616133,0.05415484394000811,0.05652614511552493,0.02355087150385083,0.012768544791244426,0.014471017430077017,0.013092825293879206,0.01847385488447507,0.0046919335224969595,0.0001722740170247264,0.0,2.0267531414673694e-05,0.0,0.0,0.0,0.0,0.00014187271990271584,0.0,0.0,0.0,0.0,0.0,0.0,0.0,0.0,0.0,0.0,0.0,0.0,0.0,0.0,0.0,0.0,0.0,0.0,0.0,0.0,0.0,0.0,0.0,0.0,0.0,0.0,0.0,0.0,0.0,0.0,0.0,0.0,0.0,0.0,0.0,0.0,0.0,0.0,0.0,0.0,nan,nan,4.277638190954774,2.8685922605934127,nan,0.9223985686013014,0.02350489938984889,0.0,0.0,0.0,0.0,0.0,0.0,0.0,0.0,0.0,0.0,0.0,0.0,0.0,0.0,0.0,0.0,0.0,0.0,0.0,0.0,0.0,0.0,0.0,0.0,0.0,0.33415841584158423,4.777227722772278,15.173267326732676,8.935643564356438,0.7797029702970298,0.9220418767625117,0.02309913319817296,0.0,0.0,0.0,0.0,0.0,0.0,0.0,0.0,0.0,0.0,0.0,0.0,0.0,0.0,0.0,0.0,0.0,0.0,0.0,0.0,0.0,0.0,0.0,0.0,0.0,0.19123505976095623,4.960159362549803,15.203187250996018,8.868525896414344,0.7768924302788847,0.4004,0.01157,0.0,0.0,0.0,0.0,0.0,0.0,0.0,0.0,0.0,0.0,0.037128712871287134,14.987623762376217,14.925742574257429,0.049504950495049514,0.0,0.0,0.0,0.0,0.0,0.0,0.0,0.0,0.0,0.0,0.0,0.0,0.0,0.0,0.0,0.0,0.401,0.01178,0.0,0.0,0.0,0.0,0.0,0.0,0.0,0.0,0.0,0.0,0.035856573705179286,14.557768924302769,15.310756972111557,0.09561752988047811,0.0,0.0,0.0,0.0,0.0,0.0,0.0,0.0,0.0,0.0,0.0,0.0,0.0,0.0,0.0,0.0
59600,4628,2364,0.5108038029386344,1138,919,0.4444684528954192,1276,0.5514261019878998,0.434,2.980565371024735,3.115641100695244,6.491778774289985,2.1370127031351798,9407.247439817998,1521.0276701213847,7853.0,10916.714089334011,10895.748372029482,7.190497441013728,7853.0,0.0,28.568928262748486,21.268679887123252,33.75381038491346,19.386538280968526,0.14131374243733794,0.09593777009507347,0.08945548833189283,0.08578219533275713,0.07778738115816768,0.06979256698357822,0.06374243733794295,0.07173725151253241,0.057260155574762314,0.05358686257562662,0.05121002592912705,0.043431287813310286,0.031547104580812446,0.02787381158167675,0.018798617113223854,0.011452031114952464,0.009291270527225583,0.9230786672082562,0.023012729494078486,0.0,0.0,0.0,0.0,0.0,0.0,0.0,0.0,0.0,0.0,0.0,0.0,0.0,0.0,0.0,0.0,0.0,0.0,0.0,0.0,0.0,0.0,0.0,0.0,0.006482281763180641,0.22687986171132243,4.265341400172861,15.87510803802939,8.783491789109767,0.8426966292134833,4.243958953988745,2.8734307923930795,nan,nan,nan,4.346774193548387,2.9151376002825904,4.144161774298761,2.8287892167956494,0.9533878664434997,0.401,0.01173,0.0,0.0,0.0,0.0,0.0,0.0,0.0,0.0,0.0,0.0,0.0324114088159032,13.722990492653393,16.17977528089888,0.0648228176318064,0.0,0.0,0.0,0.0,0.0,0.0,0.0,0.0,0.0,0.0,0.0,0.0,0.0,0.0,0.0,0.0,nan,nan,4.243958953988745,2.8734307923930795,nan,0.401,0.0532,0.0,0.0,0.0,0.0,0.0,0.0,0.0,0.0,0.0,0.0,0.0,0.0,0.0,0.0,0.0,0.0,0.0,0.0,0.0,0.0,0.0,2.1607605877268798e-05,0.0009831460674157304,5.4019014693172e-05,0.00108038029386344,0.0013396715643906655,0.004515989628349179,0.011387208297320657,0.003543647363872083,0.008761884183232498,0.008923941227312014,0.01564390665514261,0.029613223854796887,0.042296888504753674,0.03739196197061365,0.051674589455488334,0.06952247191011236,0.03725151253241141,0.056471477960242,0.0318171996542783,0.0820656871218669,0.06603284356093345,0.08340535868625756,0.09642394122731202,0.060620138288677614,0.055164217804667244,0.0560609334485739,0.02376836646499568,0.01421780466724287,0.013364304235090751,0.013515557476231633,0.017696629213483146,0.005142610198789974,0.000216076058772688,0.0,1.0803802938634399e-05,0.0,0.0,0.0,0.0,0.0,0.0,0.0,0.0,0.0,0.0,0.0,0.0,0.0,0.0,0.0,0.0,0.0,0.0,0.0,0.0,0.0,0.0,0.0,0.0,0.0,0.0,0.0,0.0,0.0,0.0,0.0,0.0,0.0,0.0,0.0,0.0,0.0,0.0,0.0,0.0,0.0,0.0,0.0,0.0,0.0,nan,nan,4.243958953988745,2.8734307923930795,nan,0.9230614016604706,0.02353180036476769,0.0,0.0,0.0,0.0,0.0,0.0,0.0,0.0,0.0,0.0,0.0,0.0,0.0,0.0,0.0,0.0,0.0,0.0,0.0,0.0,0.0,0.0,0.0,0.0,0.012690355329949242,0.2157360406091371,4.568527918781727,15.494923857868024,8.794416243654824,0.9137055837563454,0.9230966953685764,0.02245791706791494,0.0,0.0,0.0,0.0,0.0,0.0,0.0,0.0,0.0,0.0,0.0,0.0,0.0,0.0,0.0,0.0,0.0,0.0,0.0,0.0,0.0,0.0,0.0,0.0,0.0,0.23851590106007073,3.948763250883393,16.272084805653712,8.772084805653712,0.7685512367491169,0.401,0.01182,0.0,0.0,0.0,0.0,0.0,0.0,0.0,0.0,0.0,0.0,0.025380710659898484,13.66751269035531,16.243654822335028,0.0634517766497462,0.0,0.0,0.0,0.0,0.0,0.0,0.0,0.0,0.0,0.0,0.0,0.0,0.0,0.0,0.0,0.0,0.401,0.011635,0.0,0.0,0.0,0.0,0.0,0.0,0.0,0.0,0.0,0.0,0.03975265017667845,13.780918727915175,16.113074204947,0.06625441696113075,0.0,0.0,0.0,0.0,0.0,0.0,0.0,0.0,0.0,0.0,0.0,0.0,0.0,0.0,0.0,0.0
59700,4988,2589,0.5190457097032879,1294,1011,0.46210906174819566,1409,0.5649558941459503,0.37799999999999995,2.9708211754897875,3.096203586580793,6.578008915304606,2.157317459489927,9432.333850037494,1520.2867526255563,7853.0,10923.188082277775,10895.764482034385,7.115019842664601,7853.0,0.0,28.422012830793907,20.612613716469202,33.271001423825346,18.730132751630077,0.13492381716118684,0.09603047313552526,0.08740978348035285,0.08079390537289495,0.0797914995990377,0.07718524458700882,0.07598235765838011,0.07217321571772253,0.057137129109863675,0.054931836407377706,0.05112269446672013,0.040096230954290296,0.033279871692060946,0.028067361668003207,0.01744186046511628,0.00942261427425822,0.004210104250200481,0.9235898651475417,0.022943012151439235,0.0,0.0,0.0,0.0,0.0,0.0,0.0,0.0,0.0,0.0,0.0,0.0,0.0,0.0,0.0,0.0,0.0,0.0,0.0,0.0,0.0,0.0,0.0,0.0,0.0,0.198476343223737,4.456696070569367,15.396952686447477,8.997594226142745,0.9502806736166802,4.217139371759683,2.926224965503599,nan,nan,nan,4.233639143730887,2.9059413826373093,4.200729927007299,2.946167365172181,0.9922267308085718,0.4004,0.0118,0.0,0.0,0.0,0.0,0.0,0.0,0.0,0.0,0.0,0.0,0.07217321571772255,14.308340016038471,15.55332798716921,0.066158781074579,0.0,0.0,0.0,0.0,0.0,0.0,0.0,0.0,0.0,0.0,0.0,0.0,0.0,0.0,0.0,0.0,nan,nan,4.217139371759683,2.926224965503599,nan,0.4004,0.05322,0.0,0.0,0.0,0.0,0.0,0.0,0.0,0.0,0.0,0.0,0.0,0.0,0.0,0.0,0.0,0.0,0.0,0.0,0.0,0.0,0.0,0.00013031275060144346,0.0006716118684843625,0.0,0.0011627906976744186,0.0011327185244587009,0.004550922213311949,0.01152766639935846,0.003668805132317562,0.00946271050521251,0.008851242983159584,0.015587409783480353,0.02864875701684042,0.04450681635926223,0.03945469125902165,0.04981956696070569,0.07137129109863673,0.038291900561347236,0.056285084202085,0.0308841218925421,0.07996190858059342,0.06842421812349639,0.08375100240577386,0.09667201283079391,0.05718724939855654,0.05608460304731355,0.05467121090617482,0.024017642341619887,0.013342020850040097,0.013372093023255814,0.01359262229350441,0.016529671210906174,0.006184843624699278,0.00020048115477145148,0.0,0.0,0.0,0.0,0.0,0.0,0.0,0.0,0.0,0.0,0.0,0.0,0.0,0.0,0.0,0.0,0.0,0.0,0.0,0.0,0.0,0.0,0.0,0.0,0.0,0.0,0.0,0.0,0.0,0.0,0.0,0.0,0.0,0.0,0.0,0.0,0.0,0.0,0.0,0.0,0.0,0.0,0.0,0.0,0.0,0.0,0.0,nan,nan,4.217139371759683,2.926224965503599,nan,0.9235161122275669,0.022862595074364743,0.0,0.0,0.0,0.0,0.0,0.0,0.0,0.0,0.0,0.0,0.0,0.0,0.0,0.0,0.0,0.0,0.0,0.0,0.0,0.0,0.0,0.0,0.0,0.0,0.0,0.23174971031286215,4.368482039397452,15.608342989571266,8.84125144843569,0.9501738122827348,0.9236694592741839,0.023029218186393103,0.0,0.0,0.0,0.0,0.0,0.0,0.0,0.0,0.0,0.0,0.0,0.0,0.0,0.0,0.0,0.0,0.0,0.0,0.0,0.0,0.0,0.0,0.0,0.0,0.0,0.16256773655689877,4.551896623593165,15.16882034180909,9.166319299708213,0.9503959983326388,0.4006,0.0119,0.0,0.0,0.0,0.0,0.0,0.0,0.0,0.0,0.0,0.0,0.08111239860950176,14.229432213209714,15.561993047508693,0.12746234067207418,0.0,0.0,0.0,0.0,0.0,0.0,0.0,0.0,0.0,0.0,0.0,0.0,0.0,0.0,0.0,0.0,0.4004,0.011696,0.0,0.0,0.0,0.0,0.0,0.0,0.0,0.0,0.0,0.0,0.06252605252188413,14.393497290537702,15.543976656940394,0.0,0.0,0.0,0.0,0.0,0.0,0.0,0.0,0.0,0.0,0.0,0.0,0.0,0.0,0.0,0.0,0.0
59800,4652,2472,0.531384350816853,1213,925,0.4595872742906277,1282,0.5511607910576096,0.40599999999999997,2.9389908256880735,3.05131087635069,6.5040518638573745,2.1166316282003694,9469.830936460983,1518.3480413881318,7853.0,10923.786240696907,10895.676988841622,7.357671532549813,7853.0,0.0,28.753009458297505,20.81849048257955,33.486336032388664,18.99220262803686,0.12876182287188306,0.09522785898538264,0.09157351676698194,0.08104041272570937,0.08276010318142735,0.07588134135855545,0.07222699914015478,0.06878761822871883,0.06040412725709372,0.05631986242476354,0.044926913155631985,0.041917454858125536,0.038907996560619086,0.02536543422184007,0.018701633705932932,0.010748065348237317,0.006448839208942391,0.9232499315527525,0.02315741502184179,0.0,0.0,0.0,0.0,0.0,0.0,0.0,0.0,0.0,0.0,0.0,0.0,0.0,0.0,0.0,0.0,0.0,0.0,0.0,0.0,0.0,0.0,0.0,0.0,0.006448839208942392,0.2450558899398109,4.520636285468616,15.303095442820295,9.054170249355117,0.8705932932072229,4.035412605588045,2.8638784678281257,nan,nan,nan,4.0801825293350715,2.8647406426645134,3.9909326424870466,2.8623282418993954,0.9781260063229158,0.4001,0.0117,0.0,0.0,0.0,0.0,0.0,0.0,0.0,0.0,0.0,0.0,0.07093723129836631,14.684006878761801,15.199914015477217,0.045141874462596744,0.0,0.0,0.0,0.0,0.0,0.0,0.0,0.0,0.0,0.0,0.0,0.0,0.0,0.0,0.0,0.0,nan,nan,4.035412605588045,2.8638784678281257,nan,0.4001,0.0534,0.0,0.0,0.0,0.0,0.0,0.0,0.0,0.0,0.0,0.0,0.0,0.0,0.0,0.0,0.0,0.0,0.0,0.0,0.0,1.0748065348237317e-05,0.0,4.299226139294927e-05,0.0008490971625107481,1.0748065348237317e-05,0.0005374032674118659,0.0013005159071367155,0.004707652622527945,0.012478503869303525,0.003654342218400688,0.008587704213241617,0.01029664660361135,0.016691745485812554,0.028385640584694755,0.044518486672398966,0.03881126397248495,0.04772141014617369,0.07273215821152193,0.037553740326741185,0.058469475494411005,0.0317390369733448,0.08239466895958727,0.0666487532244196,0.08166380051590713,0.09659286328460877,0.057362424763542565,0.05528804815133276,0.05209587274290628,0.024183147033533962,0.013123387790197765,0.014348667239896818,0.013510318142734307,0.016928202923473776,0.006481083404987102,0.00022570937231298366,5.374032674118659e-05,0.0,0.0,0.0,0.0,0.0,0.0,0.0,0.0,0.0,0.0,0.0,0.0,0.0,0.0,0.0,0.0,0.0,0.0,0.0,0.0,0.0,0.0,0.0,0.0,0.0,0.0,0.0,0.0,0.0,0.0,0.0,0.0,0.0,0.0,0.0,0.0,0.0,0.0,0.0,0.0,0.0,0.0,0.0,0.0,0.0,0.0,nan,nan,4.035412605588045,2.8638784678281257,nan,0.9234992435690269,0.023615151630170656,0.0,0.0,0.0,0.0,0.0,0.0,0.0,0.0,0.0,0.0,0.0,0.0,0.0,0.0,0.0,0.0,0.0,0.0,0.0,0.0,0.0,0.0,0.0,0.0,0.0,0.26699029126213597,4.50242718446602,14.915048543689323,9.356796116504857,0.95873786407767,0.9229672254498945,0.02262384257947995,0.0,0.0,0.0,0.0,0.0,0.0,0.0,0.0,0.0,0.0,0.0,0.0,0.0,0.0,0.0,0.0,0.0,0.0,0.0,0.0,0.0,0.0,0.0,0.0,0.01376146788990826,0.22018348623853215,4.541284403669725,15.74311926605505,8.71100917431193,0.7706422018348625,0.4001,0.0116,0.0,0.0,0.0,0.0,0.0,0.0,0.0,0.0,0.0,0.0,0.08495145631067963,14.53883495145629,15.315533980582527,0.06067961165048545,0.0,0.0,0.0,0.0,0.0,0.0,0.0,0.0,0.0,0.0,0.0,0.0,0.0,0.0,0.0,0.0,0.4001,0.01182,0.0,0.0,0.0,0.0,0.0,0.0,0.0,0.0,0.0,0.0,0.05504587155963304,14.848623853210988,15.068807339449545,0.02752293577981652,0.0,0.0,0.0,0.0,0.0,0.0,0.0,0.0,0.0,0.0,0.0,0.0,0.0,0.0,0.0,0.0
59900,4614,2337,0.5065019505851756,1113,955,0.4482011270047681,1285,0.5570004334633724,0.40599999999999997,2.9126043039086515,3.122418705991919,6.639741518578353,2.1003355215628976,9393.769921105973,1520.8707575785315,7853.0,10920.978863596916,10894.982206240034,7.043375890639979,7853.0,0.0,27.479627221499783,20.657063142786058,32.383720930232556,18.947112400712168,0.1397919375812744,0.10988296488946683,0.09189423493714781,0.08625921109666233,0.07693974859124404,0.07433896835717382,0.07130472475075857,0.06263545730385782,0.05873428695275249,0.055700043346337234,0.04984828781967924,0.033810143042912875,0.032509752925877766,0.025574338968357174,0.014304291287386216,0.00975292587776333,0.006718682271348071,0.9214287599444544,0.02289030529873944,0.0,0.0,0.0,0.0,0.0,0.0,0.0,0.0,0.0,0.0,0.0,0.0,0.0,0.0,0.0,0.0,0.0,0.0,0.0,0.0,0.0,0.0,0.0,0.0,0.0,0.2275682704811444,4.973992197659299,15.845253576072825,8.237971391417426,0.715214564369311,4.2739026879891115,2.8735697856061915,nan,nan,nan,4.315468113975577,2.8618469199244347,4.2320819112627985,2.884712222670576,0.9806773678983438,0.4001,0.011734,0.0,0.0,0.0,0.0,0.0,0.0,0.0,0.0,0.0,0.0,0.09752925877763331,14.642392717815323,15.19505851755527,0.06501950585175553,0.0,0.0,0.0,0.0,0.0,0.0,0.0,0.0,0.0,0.0,0.0,0.0,0.0,0.0,0.0,0.0,nan,nan,4.2739026879891115,2.8735697856061915,nan,0.4001,0.0535,0.0,0.0,0.0,0.0,0.0,0.0,0.0,0.0,0.0,0.0,0.0,0.0,0.0,0.0,0.0,0.0,0.0,0.0,0.0,0.0,0.0,0.00016254876462938882,0.0006610316428261811,0.0,0.000812743823146944,0.0011486779367143477,0.0041829215431296056,0.012017771998266147,0.0042262678803641094,0.008214130905938448,0.009785435630689206,0.018454703077589944,0.02773081924577373,0.04423493714781101,0.04204594711746858,0.04666233203294322,0.07179237104464672,0.03813394018205462,0.060847420892934545,0.029204594711746856,0.08372345036844386,0.062386215864759426,0.08306241872561769,0.09425661031642826,0.054269614217598613,0.05783485045513654,0.054172084958820976,0.025606848721283052,0.013253142609449502,0.01453185955786736,0.013621586475942783,0.0161790203727785,0.0064260944950151715,0.00021673168617251842,0.00014087559601213696,0.0,0.0,0.0,0.0,0.0,0.0,0.0,0.0,0.0,0.0,0.0,0.0,0.0,0.0,0.0,0.0,0.0,0.0,0.0,0.0,0.0,0.0,0.0,0.0,0.0,0.0,0.0,0.0,0.0,0.0,0.0,0.0,0.0,0.0,0.0,0.0,0.0,0.0,0.0,0.0,0.0,0.0,0.0,0.0,0.0,0.0,nan,nan,4.2739026879891115,2.8735697856061915,nan,0.9209858920771085,0.022405579315563712,0.0,0.0,0.0,0.0,0.0,0.0,0.0,0.0,0.0,0.0,0.0,0.0,0.0,0.0,0.0,0.0,0.0,0.0,0.0,0.0,0.0,0.0,0.0,0.0,0.0,0.17971758664955076,4.955070603337613,16.200256739409504,7.98459563543004,0.6803594351732993,0.921883297584326,0.0233686289166901,0.0,0.0,0.0,0.0,0.0,0.0,0.0,0.0,0.0,0.0,0.0,0.0,0.0,0.0,0.0,0.0,0.0,0.0,0.0,0.0,0.0,0.0,0.0,0.0,0.0,0.27667984189723327,4.993412384716733,15.480895915678527,8.498023715415021,0.7509881422924903,0.4001,0.01198,0.0,0.0,0.0,0.0,0.0,0.0,0.0,0.0,0.0,0.0,0.10269576379974328,14.852374839537847,14.99358151476252,0.05134788189987164,0.0,0.0,0.0,0.0,0.0,0.0,0.0,0.0,0.0,0.0,0.0,0.0,0.0,0.0,0.0,0.0,0.4001,0.01148,0.0,0.0,0.0,0.0,0.0,0.0,0.0,0.0,0.0,0.0,0.09222661396574443,14.42687747035571,15.401844532279318,0.0790513833992095,0.0,0.0,0.0,0.0,0.0,0.0,0.0,0.0,0.0,0.0,0.0,0.0,0.0,0.0,0.0,0.0
60000,4565,2386,0.5226725082146769,1086,957,0.4475355969331873,1285,0.5629791894852135,0.426,3.03625516291877,3.1526947353967163,6.7894736842105265,2.0770727724225404,9443.08517836459,1519.5545880480438,7853.0,10919.409079551697,10895.220804373157,7.1620100555854,7853.0,0.0,27.605038335158817,20.58534918628302,32.28042465044019,18.930788521355446,0.13537787513691127,0.10142387732749178,0.09463307776560789,0.09375684556407447,0.08170865279299014,0.07382256297918949,0.07382256297918949,0.06308871851040526,0.06089813800657174,0.04403066812705367,0.047973713033954,0.03789704271631982,0.035487404162102956,0.021248630887185104,0.01927710843373494,0.010076670317634174,0.00547645125958379,0.9223846699426365,0.022807588377065677,0.0,0.0,0.0,0.0,0.0,0.0,0.0,0.0,0.0,0.0,0.0,0.0,0.0,0.0,0.0,0.0,0.0,0.0,0.0,0.0,0.0,0.0,0.0,0.0,0.0,0.18400876232201538,4.8696604600219064,15.575027382256302,8.62212486308872,0.7491785323110627,4.305793623585876,2.9374248741448534,nan,nan,nan,4.253946465339739,2.907406560595877,4.35709389993146,2.9671440562729012,1.0242474688932135,0.4,0.01157,0.0,0.0,0.0,0.0,0.0,0.0,0.0,0.0,0.0,0.0,0.07228915662650603,14.865279299014217,15.003285870755754,0.05914567360350494,0.0,0.0,0.0,0.0,0.0,0.0,0.0,0.0,0.0,0.0,0.0,0.0,0.0,0.0,0.0,0.0,nan,nan,4.305793623585876,2.9374248741448534,nan,0.4,0.05405,0.0,0.0,0.0,0.0,0.0,0.0,0.0,0.0,0.0,0.0,0.0,0.0,0.0,0.0,0.0,0.0,0.0,0.0,0.0,0.0,0.0,0.00020810514786418402,0.0006462212486308871,0.0,0.0007667031763417306,0.0009419496166484118,0.005487404162102957,0.013329682365826944,0.0045345016429353775,0.007579408543263965,0.009561883899233297,0.01935377875136911,0.026714129244249728,0.04538882803943045,0.04348302300109529,0.046714129244249725,0.07101861993428259,0.03592552026286966,0.06027382256297919,0.028893756845564073,0.08396495071193866,0.06098576122672508,0.08493975903614458,0.0924315443592552,0.05553121577217963,0.05891566265060241,0.05090909090909091,0.026002190580503834,0.012825848849945235,0.013888280394304491,0.014381161007667032,0.016440306681270538,0.007272727272727273,0.0005257393209200438,0.0001642935377875137,0.0,0.0,0.0,0.0,0.0,0.0,0.0,0.0,0.0,0.0,0.0,0.0,0.0,0.0,0.0,0.0,0.0,0.0,0.0,0.0,0.0,0.0,0.0,0.0,0.0,0.0,0.0,0.0,0.0,0.0,0.0,0.0,0.0,0.0,0.0,0.0,0.0,0.0,0.0,0.0,0.0,0.0,0.0,0.0,0.0,0.0,nan,nan,4.305793623585876,2.9374248741448534,nan,0.922218775609313,0.022770529372345798,0.0,0.0,0.0,0.0,0.0,0.0,0.0,0.0,0.0,0.0,0.0,0.0,0.0,0.0,0.0,0.0,0.0,0.0,0.0,0.0,0.0,0.0,0.0,0.0,0.0,0.17602682313495394,4.853310980720872,15.691533948030179,8.461860854987428,0.8172673931265718,0.9225663238569595,0.022846717323342557,0.0,0.0,0.0,0.0,0.0,0.0,0.0,0.0,0.0,0.0,0.0,0.0,0.0,0.0,0.0,0.0,0.0,0.0,0.0,0.0,0.0,0.0,0.0,0.0,0.0,0.19274896741624603,4.887563102340524,15.44745296007343,8.797613584212943,0.674621385956861,0.4,0.011604,0.0,0.0,0.0,0.0,0.0,0.0,0.0,0.0,0.0,0.0,0.0754400670578374,14.861693210393943,15.000000000000004,0.06286672254819783,0.0,0.0,0.0,0.0,0.0,0.0,0.0,0.0,0.0,0.0,0.0,0.0,0.0,0.0,0.0,0.0,0.4001,0.011536,0.0,0.0,0.0,0.0,0.0,0.0,0.0,0.0,0.0,0.0,0.06883891693437358,14.869206057824668,15.006883891693441,0.05507113354749887,0.0,0.0,0.0,0.0,0.0,0.0,0.0,0.0,0.0,0.0,0.0,0.0,0.0,0.0,0.0,0.0
60100,4646,2381,0.5124838570813603,1134,987,0.45652173913043476,1308,0.5630650021523892,0.418,2.941280353200883,3.119488714472995,6.677204658901831,2.1895902958328946,9412.11950970471,1520.6749937740929,7853.0,10921.844970703125,10895.280236072273,7.3402401939897794,7853.0,0.0,27.49677141627206,20.60951058920332,32.41016427104723,18.87706471494644,0.13904433921653034,0.10460611278519157,0.09298321136461472,0.0891089108910891,0.08351269909599655,0.074687903572966,0.06500215238915195,0.06823073611708998,0.05983641842445114,0.048859233749461904,0.04735256134309083,0.039603960396039604,0.028842014636246232,0.027120103314679293,0.017219113215669393,0.008609556607834697,0.005380972879896685,0.9230962303554093,0.023336239564688152,0.0,0.0,0.0,0.0,0.0,0.0,0.0,0.0,0.0,0.0,0.0,0.0,0.0,0.0,0.0,0.0,0.0,0.0,0.0,0.0,0.0,0.0,0.0,0.0,0.0,0.29702970297029707,4.436074042186828,15.355144210073185,9.001291433491177,0.9104606112785194,4.192256341789052,2.9229799631306035,nan,nan,nan,4.21334214002642,2.8477540443203386,4.170715249662618,2.9977284519588787,0.989882879446497,0.3994,0.01186,0.0,0.0,0.0,0.0,0.0,0.0,0.0,0.0,0.0,0.0,0.05811450710288421,15.929832113646125,13.953938872148088,0.05811450710288421,0.0,0.0,0.0,0.0,0.0,0.0,0.0,0.0,0.0,0.0,0.0,0.0,0.0,0.0,0.0,0.0,nan,nan,4.192256341789052,2.9229799631306035,nan,0.3994,0.05408,0.0,0.0,0.0,0.0,0.0,0.0,0.0,0.0,0.0,0.0,0.0,0.0,0.0,0.0,0.0,0.0,0.0,0.0,0.0,0.0,0.0,0.00024752475247524753,0.0005380972879896685,5.3809728798966854e-05,0.0009470512268618166,0.0011730520878174774,0.006683168316831683,0.01079423159707275,0.005359448988377098,0.008168316831683169,0.008631080499354283,0.019016358157554886,0.027798105897546277,0.047406371071889795,0.046093413689195006,0.046362462333189844,0.06940378820490745,0.0357081360309944,0.061870426173052086,0.030380972879896686,0.08677356866121395,0.05959965561773568,0.08610632802410675,0.08914119672836848,0.05469220835126991,0.05652173913043478,0.04926818768833405,0.026614291863969006,0.012742143779595351,0.012742143779595351,0.013807576409814894,0.017348256564786915,0.007016788635385278,0.0007963839862247094,0.0001829530779164873,1.076194575979337e-05,0.0,0.0,0.0,0.0,0.0,0.0,0.0,0.0,0.0,0.0,0.0,0.0,0.0,0.0,0.0,0.0,0.0,0.0,0.0,0.0,0.0,0.0,0.0,0.0,0.0,0.0,0.0,0.0,0.0,0.0,0.0,0.0,0.0,0.0,0.0,0.0,0.0,0.0,0.0,0.0,0.0,0.0,0.0,0.0,0.0,nan,nan,4.192256341789052,2.9229799631306035,nan,0.9228453633666088,0.023650879279639655,0.0,0.0,0.0,0.0,0.0,0.0,0.0,0.0,0.0,0.0,0.0,0.0,0.0,0.0,0.0,0.0,0.0,0.0,0.0,0.0,0.0,0.0,0.0,0.0,0.0,0.2645947081058379,4.624107517849644,15.233095338093241,8.92062158756825,0.9575808483830325,0.923359945278294,0.02299789577422955,0.0,0.0,0.0,0.0,0.0,0.0,0.0,0.0,0.0,0.0,0.0,0.0,0.0,0.0,0.0,0.0,0.0,0.0,0.0,0.0,0.0,0.0,0.0,0.0,0.0,0.33112582781456956,4.238410596026491,15.483443708609276,9.08609271523179,0.860927152317881,0.3994,0.01188,0.0,0.0,0.0,0.0,0.0,0.0,0.0,0.0,0.0,0.0,0.03779924401511971,15.573288534229293,14.32591348173037,0.0629987400251995,0.0,0.0,0.0,0.0,0.0,0.0,0.0,0.0,0.0,0.0,0.0,0.0,0.0,0.0,0.0,0.0,0.3992,0.01183,0.0,0.0,0.0,0.0,0.0,0.0,0.0,0.0,0.0,0.0,0.0794701986754967,16.30463576158938,13.562913907284772,0.05298013245033114,0.0,0.0,0.0,0.0,0.0,0.0,0.0,0.0,0.0,0.0,0.0,0.0,0.0,0.0,0.0,0.0
60200,4686,2451,0.5230473751600512,1114,953,0.441101152368758,1311,0.559539052496799,0.426,2.978523489932886,3.1391993113789884,6.6109375,2.2707802339930985,9444.028046655721,1519.3140852529248,7853.0,10918.90148115158,10894.843095319751,7.297841445512122,7853.0,0.0,28.215108834827145,21.0697841102595,33.162902816544026,19.320317162590136,0.13807084933845498,0.10221937686726419,0.08984208279982928,0.0860008536064874,0.08237302603499787,0.07490396927016646,0.06764831412718737,0.06081946222791293,0.057405036278275715,0.051856594110115235,0.04374733247972685,0.04139991463935126,0.04139991463935126,0.027528809218950064,0.017285531370038413,0.009603072983354673,0.007895860008536065,0.9213977408012263,0.02332641223913088,0.0,0.0,0.0,0.0,0.0,0.0,0.0,0.0,0.0,0.0,0.0,0.0,0.0,0.0,0.0,0.0,0.0,0.0,0.0,0.0,0.0,0.0,0.0,0.0,0.0,0.236875800256082,5.160051216389245,15.467349551856596,8.31626120358515,0.8194622279129323,4.255438365194463,2.9574568206601617,nan,nan,nan,4.264163372859025,2.974315887450801,4.248184818481848,2.9408562220852352,0.9962528278163826,0.3994,0.01125,0.0,0.0,0.0,0.0,0.0,0.0,0.0,0.0,0.0,0.0,0.025608194622279135,15.691421254801515,14.270166453265048,0.012804097311139568,0.0,0.0,0.0,0.0,0.0,0.0,0.0,0.0,0.0,0.0,0.0,0.0,0.0,0.0,0.0,0.0,nan,nan,4.255438365194463,2.9574568206601617,nan,0.3994,0.05396,0.0,0.0,0.0,0.0,0.0,0.0,0.0,0.0,0.0,0.0,0.0,0.0,0.0,0.0,0.0,0.0,0.0,0.0,0.0,0.0,1.0670081092616305e-05,0.00023474178403755868,0.0005014938113529662,4.268032437046522e-05,0.0012377294067434912,0.0009923175416133162,0.006444728979940247,0.009709773794280837,0.005868544600938967,0.008151941954758856,0.009379001280409732,0.019451557831839522,0.027027315407597098,0.04950917626973965,0.04719376867264191,0.04539052496798976,0.06732821169440888,0.03556338028169014,0.06096884336320956,0.03126333760136577,0.08461374306444729,0.06080879214682031,0.08708920187793427,0.08962868117797695,0.05227272727272727,0.06166239863422962,0.04612676056338028,0.028008962868117798,0.013785744771660264,0.012302603499786598,0.013102859581732821,0.016410584720443877,0.006967562953478446,0.0005228339735381988,0.0004268032437046522,0.0,0.0,0.0,0.0,0.0,0.0,0.0,0.0,0.0,0.0,0.0,0.0,0.0,0.0,0.0,0.0,0.0,0.0,0.0,0.0,0.0,0.0,0.0,0.0,0.0,0.0,0.0,0.0,0.0,0.0,0.0,0.0,0.0,0.0,0.0,0.0,0.0,0.0,0.0,0.0,0.0,0.0,0.0,0.0,0.0,0.0,nan,nan,4.255438365194463,2.9574568206601617,nan,0.9212802862547116,0.023635670528980104,0.0,0.0,0.0,0.0,0.0,0.0,0.0,0.0,0.0,0.0,0.0,0.0,0.0,0.0,0.0,0.0,0.0,0.0,0.0,0.0,0.0,0.0,0.0,0.0,0.0,0.2815177478580172,5.226438188494494,15.410036719706245,8.225214198286416,0.856793145654835,0.921526546659619,0.022981792134394986,0.0,0.0,0.0,0.0,0.0,0.0,0.0,0.0,0.0,0.0,0.0,0.0,0.0,0.0,0.0,0.0,0.0,0.0,0.0,0.0,0.0,0.0,0.0,0.0,0.0,0.18791946308724838,5.087248322147651,15.530201342281883,8.416107382550337,0.7785234899328861,0.3994,0.01138,0.0,0.0,0.0,0.0,0.0,0.0,0.0,0.0,0.0,0.0,0.024479804161566712,15.410036719706222,14.565483476132194,0.0,0.0,0.0,0.0,0.0,0.0,0.0,0.0,0.0,0.0,0.0,0.0,0.0,0.0,0.0,0.0,0.0,0.3992,0.01111,0.0,0.0,0.0,0.0,0.0,0.0,0.0,0.0,0.0,0.0,0.026845637583892624,15.999999999999977,13.946308724832218,0.026845637583892624,0.0,0.0,0.0,0.0,0.0,0.0,0.0,0.0,0.0,0.0,0.0,0.0,0.0,0.0,0.0,0.0
60300,4842,2474,0.5109458901280463,1118,1004,0.4382486575795126,1368,0.5650557620817844,0.41,2.879222972972973,3.0803881716629307,6.631578947368421,2.1101617649813775,9407.12276653152,1520.4735050542508,7853.0,10919.229445457458,10894.658219703162,7.2647219904059845,7853.0,0.0,27.1848409748038,20.630307221883537,32.1503833786792,18.96524651934143,0.1429161503510946,0.10574142916150352,0.09768690623709211,0.09273027674514664,0.0778603882693102,0.07187112763320942,0.0687732342007435,0.067121024370095,0.050392399834779014,0.05121850475010326,0.046055349029326724,0.043163981825691866,0.028913672036348616,0.02540272614622057,0.013837257331681124,0.009706732755059892,0.00660883932259397,0.9207806014192346,0.02315405095603056,0.0,0.0,0.0,0.0,0.0,0.0,0.0,0.0,0.0,0.0,0.0,0.0,0.0,0.0,0.0,0.0,0.0,0.0,0.0,0.0,0.0,0.0,0.0,0.0,0.0,0.2478314745972739,5.346964064436185,15.483271375464687,8.14745972738538,0.774473358116481,4.270252541816989,2.8617031069280476,nan,nan,nan,4.2833117723156535,2.8818822730615454,4.256819693945443,2.840734445124349,0.9938150478465198,0.3994,0.0115,0.0,0.0,0.0,0.0,0.0,0.0,0.0,0.0,0.0,0.0,0.04956629491945478,15.706319702602206,14.206939281288726,0.03717472118959109,0.0,0.0,0.0,0.0,0.0,0.0,0.0,0.0,0.0,0.0,0.0,0.0,0.0,0.0,0.0,0.0,nan,nan,4.270252541816989,2.8617031069280476,nan,0.3994,0.05402,0.0,0.0,0.0,0.0,0.0,0.0,0.0,0.0,0.0,0.0,0.0,0.0,0.0,0.0,0.0,0.0,0.0,0.0,0.0,0.0,0.0,0.0003201156546881454,0.00038207352333746383,0.0,0.0011771995043370507,0.0005266418835192069,0.005813713341594383,0.009520859149111938,0.007734407269723255,0.007672449401073937,0.009087154068566708,0.01973358116480793,0.02811854605534903,0.04846137959520859,0.0486575795125981,0.046065675340768275,0.06918628665840562,0.032507228418009085,0.056650144568360185,0.03234200743494424,0.08812474184221396,0.06025402726146221,0.08784593143329203,0.08993184634448576,0.04947335811648079,0.06090458488228005,0.04772821148285832,0.02858323007021892,0.013930194134655101,0.011224700536968195,0.013062783973564644,0.016253614209004542,0.007548533663775299,0.0005472945064023131,0.0006299049979347377,0.0,0.0,0.0,0.0,0.0,0.0,0.0,0.0,0.0,0.0,0.0,0.0,0.0,0.0,0.0,0.0,0.0,0.0,0.0,0.0,0.0,0.0,0.0,0.0,0.0,0.0,0.0,0.0,0.0,0.0,0.0,0.0,0.0,0.0,0.0,0.0,0.0,0.0,0.0,0.0,0.0,0.0,0.0,0.0,0.0,0.0,nan,nan,4.270252541816989,2.8617031069280476,nan,0.9207854374773384,0.023123114469992632,0.0,0.0,0.0,0.0,0.0,0.0,0.0,0.0,0.0,0.0,0.0,0.0,0.0,0.0,0.0,0.0,0.0,0.0,0.0,0.0,0.0,0.0,0.0,0.0,0.0,0.24252223120452712,5.3233629749393705,15.594179466451095,8.063864187550527,0.7760711398544868,0.9207755488821784,0.023186327100409344,0.0,0.0,0.0,0.0,0.0,0.0,0.0,0.0,0.0,0.0,0.0,0.0,0.0,0.0,0.0,0.0,0.0,0.0,0.0,0.0,0.0,0.0,0.0,0.0,0.0,0.2533783783783784,5.371621621621623,15.367398648648651,8.234797297297298,0.7728040540540543,0.3992,0.011475,0.0,0.0,0.0,0.0,0.0,0.0,0.0,0.0,0.0,0.0,0.03637833468067907,15.933710590137405,14.005658852061442,0.024252223120452714,0.0,0.0,0.0,0.0,0.0,0.0,0.0,0.0,0.0,0.0,0.0,0.0,0.0,0.0,0.0,0.0,0.3994,0.01151,0.0,0.0,0.0,0.0,0.0,0.0,0.0,0.0,0.0,0.0,0.0633445945945946,15.468749999999979,14.417229729729733,0.050675675675675685,0.0,0.0,0.0,0.0,0.0,0.0,0.0,0.0,0.0,0.0,0.0,0.0,0.0,0.0,0.0,0.0
60400,4692,2396,0.5106564364876386,1093,963,0.4381926683716965,1319,0.5622335890878091,0.40199999999999997,2.854965156794425,3.0070115071879697,6.3580246913580245,2.0716108241650373,9406.190717024774,1520.4419291346446,7853.0,10920.000782370567,10894.557113639501,7.242938455845339,7853.0,0.0,27.788150042625745,20.77295472856017,32.56745831227893,19.10323731080841,0.136615515771526,0.10507246376811594,0.09761295822676896,0.08823529411764706,0.07352941176470588,0.07885763000852515,0.06692242114236999,0.06010230179028133,0.06010230179028133,0.05115089514066496,0.04539641943734015,0.04305200341005968,0.03516624040920716,0.024936061381074168,0.0196078431372549,0.008312020460358057,0.005328218243819267,0.92041892384934,0.02327563185181615,0.0,0.0,0.0,0.0,0.0,0.0,0.0,0.0,0.0,0.0,0.0,0.0,0.0,0.0,0.0,0.0,0.0,0.0,0.0,0.0,0.0,0.0,0.0,0.0,0.0,0.2429667519181586,5.466751918158569,15.613810741687983,7.966751918158569,0.7097186700767265,4.110441767068273,2.759646232448808,nan,nan,nan,4.061444969615125,2.7743652068516886,4.158593231585932,2.7442521481190187,1.0239196302541589,0.3997,0.01163,0.0,0.0,0.0,0.0,0.0,0.0,0.0,0.0,0.0,0.0,0.08951406649616371,15.153452685421973,14.693094629156013,0.06393861892583122,0.0,0.0,0.0,0.0,0.0,0.0,0.0,0.0,0.0,0.0,0.0,0.0,0.0,0.0,0.0,0.0,nan,nan,4.110441767068273,2.759646232448808,nan,0.3997,0.05386,0.0,0.0,0.0,0.0,0.0,0.0,0.0,0.0,0.0,0.0,0.0,0.0,0.0,0.0,0.0,0.0,0.0,0.0,0.0,0.0,0.0,0.00020247229326513213,0.0005541346973572037,0.0,0.0013533674339300937,0.00042625745950554135,0.006042199488491049,0.008621057118499574,0.006564364876385336,0.008301364023870418,0.008610400682011935,0.020982523444160274,0.027365728900255754,0.048433503836317136,0.04542838874680307,0.04656862745098039,0.06796675191815857,0.03469735720375106,0.05646845694799659,0.03350383631713555,0.08508098891730605,0.060091645353793695,0.08958866155157716,0.09078218243819267,0.05203537936913896,0.061455669224211425,0.0478154305200341,0.026907502131287297,0.015323955669224211,0.009899829497016198,0.012926257459505541,0.017689684569479967,0.007225063938618926,0.00038363171355498723,0.0006820119352088661,1.0656436487638533e-05,1.0656436487638533e-05,0.0,0.0,0.0,0.0,0.0,0.0,0.0,0.0,0.0,0.0,0.0,0.0,0.0,0.0,0.0,0.0,0.0,0.0,0.0,0.0,0.0,0.0,0.0,0.0,0.0,0.0,0.0,0.0,0.0,0.0,0.0,0.0,0.0,0.0,0.0,0.0,0.0,0.0,0.0,0.0,0.0,0.0,0.0,0.0,nan,nan,4.110441767068273,2.759646232448808,nan,0.9200121065312514,0.023450254717173692,0.0,0.0,0.0,0.0,0.0,0.0,0.0,0.0,0.0,0.0,0.0,0.0,0.0,0.0,0.0,0.0,0.0,0.0,0.0,0.0,0.0,0.0,0.0,0.0,0.0,0.26293823038397335,5.747078464106846,15.425709515859769,7.850584307178632,0.7136894824707848,0.9208434596917355,0.023084352184247113,0.0,0.0,0.0,0.0,0.0,0.0,0.0,0.0,0.0,0.0,0.0,0.0,0.0,0.0,0.0,0.0,0.0,0.0,0.0,0.0,0.0,0.0,0.0,0.0,0.0,0.22212543554006975,5.174216027874565,15.810104529616728,8.087979094076656,0.7055749128919863,0.3997,0.01179,0.0,0.0,0.0,0.0,0.0,0.0,0.0,0.0,0.0,0.0,0.10016694490818033,15.338063439065087,14.499165275459102,0.0626043405676127,0.0,0.0,0.0,0.0,0.0,0.0,0.0,0.0,0.0,0.0,0.0,0.0,0.0,0.0,0.0,0.0,0.4,0.01146,0.0,0.0,0.0,0.0,0.0,0.0,0.0,0.0,0.0,0.0,0.07839721254355402,14.9608013937282,14.895470383275265,0.06533101045296169,0.0,0.0,0.0,0.0,0.0,0.0,0.0,0.0,0.0,0.0,0.0,0.0,0.0,0.0,0.0,0.0
60500,4725,2436,0.5155555555555555,1145,990,0.45185185185185184,1362,0.5765079365079365,0.40199999999999997,2.980340760157274,3.069183014244449,6.577044025157233,2.002837940441475,9421.265524602732,1520.2196012084214,7853.0,10918.289916217327,10894.894336513918,7.152390639807189,7853.0,0.0,27.42116402116402,20.471758239524554,32.36154623547246,18.69116592166274,0.1437037037037037,0.09714285714285714,0.09544973544973545,0.08761904761904762,0.08486772486772487,0.07597883597883598,0.06687830687830688,0.061587301587301586,0.06328042328042328,0.05312169312169312,0.04783068783068783,0.03597883597883598,0.03259259259259259,0.023703703703703703,0.017354497354497355,0.008253968253968255,0.004656084656084656,0.9211508530409879,0.023434561537595086,0.0,0.0,0.0,0.0,0.0,0.0,0.0,0.0,0.0,0.0,0.0,0.0,0.0,0.0,0.0,0.0,0.0,0.0,0.0,0.0,0.0,0.0,0.0,0.0,0.012698412698412702,0.3174603174603175,5.168253968253969,15.244444444444447,8.514285714285716,0.7428571428571431,4.372432074221338,2.8762519300646345,nan,nan,nan,4.354904632152588,2.8645744136409594,4.391865719819238,2.8859466156440146,1.0084872323939686,0.4,0.011475,0.0,0.0,0.0,0.0,0.0,0.0,0.0,0.0,0.0,0.0,0.04444444444444445,15.276190476190454,14.628571428571432,0.05079365079365081,0.0,0.0,0.0,0.0,0.0,0.0,0.0,0.0,0.0,0.0,0.0,0.0,0.0,0.0,0.0,0.0,nan,nan,4.372432074221338,2.8762519300646345,nan,0.4,0.0532,0.0,0.0,0.0,0.0,0.0,0.0,0.0,0.0,0.0,0.0,0.0,0.0,0.0,0.0,0.0,0.0,0.0,0.0,0.0,0.0,0.0,0.0005714285714285715,0.0006137566137566138,0.0,0.0015026455026455026,0.00021164021164021165,0.005386243386243386,0.0071957671957671955,0.006137566137566138,0.007058201058201059,0.009322751322751323,0.020507936507936506,0.026603174603174604,0.04893121693121693,0.04475132275132275,0.046857142857142854,0.07008465608465608,0.03605291005291005,0.05432804232804233,0.03368253968253968,0.0840952380952381,0.0633121693121693,0.08943915343915344,0.08975661375661376,0.05569312169312169,0.06161904761904762,0.04876190476190476,0.026296296296296297,0.016095238095238096,0.009386243386243387,0.012433862433862434,0.016074074074074074,0.006380952380952381,0.00033862433862433863,0.0005079365079365079,0.0,0.0,0.0,1.0582010582010582e-05,0.0,0.0,0.0,0.0,0.0,0.0,0.0,0.0,0.0,0.0,0.0,0.0,0.0,0.0,0.0,0.0,0.0,0.0,0.0,0.0,0.0,0.0,0.0,0.0,0.0,0.0,0.0,0.0,0.0,0.0,0.0,0.0,0.0,0.0,0.0,0.0,0.0,0.0,0.0,0.0,0.0,0.0,nan,nan,4.372432074221338,2.8762519300646345,nan,0.9211092454508216,0.02346123528324012,0.0,0.0,0.0,0.0,0.0,0.0,0.0,0.0,0.0,0.0,0.0,0.0,0.0,0.0,0.0,0.0,0.0,0.0,0.0,0.0,0.0,0.0,0.0,0.0,0.012315270935960593,0.2586206896551725,5.418719211822662,14.852216748768475,8.69458128078818,0.7635467980295568,0.921195132678229,0.02340606017004307,0.0,0.0,0.0,0.0,0.0,0.0,0.0,0.0,0.0,0.0,0.0,0.0,0.0,0.0,0.0,0.0,0.0,0.0,0.0,0.0,0.0,0.0,0.0,0.0,0.013106159895150724,0.380078636959371,4.90170380078637,15.661861074705115,8.32241153342071,0.7208387942332899,0.4,0.011375,0.0,0.0,0.0,0.0,0.0,0.0,0.0,0.0,0.0,0.0,0.03694581280788178,15.344827586206875,14.568965517241383,0.049261083743842374,0.0,0.0,0.0,0.0,0.0,0.0,0.0,0.0,0.0,0.0,0.0,0.0,0.0,0.0,0.0,0.0,0.4,0.01157,0.0,0.0,0.0,0.0,0.0,0.0,0.0,0.0,0.0,0.0,0.052424639580602894,15.203145478374815,14.692005242463962,0.052424639580602894,0.0,0.0,0.0,0.0,0.0,0.0,0.0,0.0,0.0,0.0,0.0,0.0,0.0,0.0,0.0,0.0
60600,4509,2293,0.5085384785983589,1043,971,0.44666223109336883,1288,0.5713018407629186,0.418,3.003610108303249,3.127118135527347,6.575409836065574,2.2232125432270906,9399.90390128393,1520.717275599834,7853.0,10919.40473729372,10894.862054465433,6.931473312064863,7853.0,0.0,28.143490796185407,21.20941932382551,33.17482147580005,19.46939251517477,0.14060767354180528,0.09935684187181193,0.09492126857396319,0.08848968729208251,0.07740075404746063,0.07207806609004214,0.06808605012197827,0.06431581281880683,0.05278332224440009,0.0534486582390774,0.04635174096251941,0.03881126635617654,0.03592814371257485,0.029940119760479042,0.01685517853182524,0.012419605233976491,0.008205810601020182,0.9201014989176937,0.022732427831907875,0.0,0.0,0.0,0.0,0.0,0.0,0.0,0.0,0.0,0.0,0.0,0.0,0.0,0.0,0.0,0.0,0.0,0.0,0.0,0.0,0.0,0.0,0.0,0.0,0.0,0.2927478376580174,5.455755156353961,16.021290751829678,7.591483699268132,0.6387225548902197,4.408904109589041,2.9657732765319955,nan,nan,nan,4.466032608695652,2.946108066257432,4.3503800967519,2.9854932939097036,0.9741039705535134,0.4004,0.01143,0.0,0.0,0.0,0.0,0.0,0.0,0.0,0.0,0.0,0.0,0.06653359946773121,14.61077844311375,15.30272787757818,0.019960079840319365,0.0,0.0,0.0,0.0,0.0,0.0,0.0,0.0,0.0,0.0,0.0,0.0,0.0,0.0,0.0,0.0,nan,nan,4.408904109589041,2.9657732765319955,nan,0.4004,0.05307,0.0,0.0,0.0,0.0,0.0,0.0,0.0,0.0,0.0,0.0,0.0,0.0,0.0,0.0,0.0,0.0,0.0,0.0,0.0,0.0,0.0,0.0005322687957418496,0.0007984031936127744,0.0,0.0015524506542470614,0.00016633399866932801,0.004468840097582613,0.0064981148813484145,0.005455755156353959,0.007374140607673542,0.011033488578398759,0.019084054113994234,0.02747837658017299,0.04981148813484143,0.0460966954978931,0.04370148591705478,0.0678531825238412,0.0361055666444888,0.05500110889332446,0.031913949878021736,0.0826569084054114,0.06520292747837658,0.08913284542027057,0.09121756487025948,0.05879352406298514,0.061133288977600356,0.04906852960745176,0.026314038589487693,0.015890441339543135,0.009148369926813041,0.013606121091151032,0.01572410734087381,0.006021290751829674,0.0007096917276557995,0.00038811266356176535,1.1088933244621867e-05,0.0,0.0,5.5444666223109334e-05,0.0,0.0,0.0,0.0,0.0,0.0,0.0,0.0,0.0,0.0,0.0,0.0,0.0,0.0,0.0,0.0,0.0,0.0,0.0,0.0,0.0,0.0,0.0,0.0,0.0,0.0,0.0,0.0,0.0,0.0,0.0,0.0,0.0,0.0,0.0,0.0,0.0,0.0,0.0,0.0,0.0,0.0,nan,nan,4.408904109589041,2.9657732765319955,nan,0.9203935305312165,0.022643528623783327,0.0,0.0,0.0,0.0,0.0,0.0,0.0,0.0,0.0,0.0,0.0,0.0,0.0,0.0,0.0,0.0,0.0,0.0,0.0,0.0,0.0,0.0,0.0,0.0,0.0,0.28783253379851725,5.24640209332752,16.092455298735285,7.64064544265155,0.732664631487135,0.9197993199963002,0.022820117669905784,0.0,0.0,0.0,0.0,0.0,0.0,0.0,0.0,0.0,0.0,0.0,0.0,0.0,0.0,0.0,0.0,0.0,0.0,0.0,0.0,0.0,0.0,0.0,0.0,0.0,0.2978339350180506,5.672382671480146,15.947653429602891,7.540613718411554,0.5415162454873648,0.4004,0.0114,0.0,0.0,0.0,0.0,0.0,0.0,0.0,0.0,0.0,0.0,0.07849978194505017,14.417793283907523,15.477540340165724,0.02616659398168339,0.0,0.0,0.0,0.0,0.0,0.0,0.0,0.0,0.0,0.0,0.0,0.0,0.0,0.0,0.0,0.0,0.4001,0.01146,0.0,0.0,0.0,0.0,0.0,0.0,0.0,0.0,0.0,0.0,0.054151624548736475,14.8104693140794,15.12184115523466,0.013537906137184119,0.0,0.0,0.0,0.0,0.0,0.0,0.0,0.0,0.0,0.0,0.0,0.0,0.0,0.0,0.0,0.0
60700,4537,2391,0.5270002204099625,1116,931,0.45117919329953715,1273,0.56116376460216,0.39799999999999996,3.055452003727866,3.1070074732368247,6.564935064935065,2.1933350182489093,9456.117506947592,1518.7730994568271,7853.0,10921.553213894367,10894.967431627447,7.054073907287824,7853.0,0.0,27.987436632135772,20.632121449463387,32.753978606835375,18.890839439293593,0.13577253691866872,0.09631915362574388,0.09587833370068327,0.08441701564910734,0.08089045624862244,0.08133127617368305,0.07427815737271325,0.06458011902137976,0.05598413048269782,0.04804937183160679,0.04804937183160679,0.041437072955697596,0.034163544192197484,0.026449195503636766,0.01520828741459114,0.012563367864227463,0.0046286092131364335,0.9202873071227432,0.02276002281638666,0.0,0.0,0.0,0.0,0.0,0.0,0.0,0.0,0.0,0.0,0.0,0.0,0.0,0.0,0.0,0.0,0.0,0.0,0.0,0.0,0.0,0.0,0.0,0.0,0.0,0.2578796561604585,5.3956358827419,15.710822129160242,8.053780030857396,0.5818823010800089,4.232946793997272,2.8616279472994566,nan,nan,nan,4.238257317903336,2.8793069303932097,4.228454172366621,2.8445469836192676,0.9976869867019862,0.401,0.01129,0.0,0.0,0.0,0.0,0.0,0.0,0.0,0.0,0.0,0.0,0.05289839100727354,14.077584306810648,15.829843508926606,0.039673793255455156,0.0,0.0,0.0,0.0,0.0,0.0,0.0,0.0,0.0,0.0,0.0,0.0,0.0,0.0,0.0,0.0,nan,nan,4.232946793997272,2.8616279472994566,nan,0.401,0.0531,0.0,0.0,0.0,0.0,0.0,0.0,0.0,0.0,0.0,0.0,0.0,0.0,0.0,0.0,0.0,0.0,0.0,0.0,0.0,0.0,0.0,0.0006722503857174344,0.0005400044081992506,0.0,0.002182058629050033,9.918448313863787e-05,0.004022481816178091,0.006325765924619793,0.004915142164425832,0.007593123209169055,0.010337227242671368,0.01848137535816619,0.02718756887811329,0.05148776724707957,0.04727793696275072,0.041657482918227906,0.06689442362794798,0.03589376239806039,0.05314084196605687,0.031761075600617146,0.08292924840202777,0.06699360811108662,0.08523253251046947,0.09560282124752038,0.059047828961869074,0.05967599735508045,0.049052237161119686,0.02705532290059511,0.01697156711483359,0.009257218426272867,0.014646242010138859,0.016233193740357064,0.006006171478950849,0.00051796341194622,0.0002314304606568217,0.0,1.1020498126515318e-05,0.0,6.612298875909191e-05,0.0,0.0,0.0,0.0,0.0,0.0,0.0,0.0,0.0,0.0,0.0,0.0,0.0,0.0,0.0,0.0,0.0,0.0,0.0,0.0,0.0,0.0,0.0,0.0,0.0,0.0,0.0,0.0,0.0,0.0,0.0,0.0,0.0,0.0,0.0,0.0,0.0,0.0,0.0,0.0,0.0,0.0,nan,nan,4.232946793997272,2.8616279472994566,nan,0.9200030111807852,0.022759374839612496,0.0,0.0,0.0,0.0,0.0,0.0,0.0,0.0,0.0,0.0,0.0,0.0,0.0,0.0,0.0,0.0,0.0,0.0,0.0,0.0,0.0,0.0,0.0,0.0,0.0,0.2885821831869511,5.545796737766627,15.55834378920954,8.06775407779172,0.5395232120451695,0.9206040599639462,0.022756562077487885,0.0,0.0,0.0,0.0,0.0,0.0,0.0,0.0,0.0,0.0,0.0,0.0,0.0,0.0,0.0,0.0,0.0,0.0,0.0,0.0,0.0,0.0,0.0,0.0,0.0,0.2236719478098789,5.228331780055919,15.880708294501401,8.038210624417523,0.6290773532152844,0.4011,0.01129,0.0,0.0,0.0,0.0,0.0,0.0,0.0,0.0,0.0,0.0,0.06273525721455459,13.525721455457948,16.336260978670015,0.0752823086574655,0.0,0.0,0.0,0.0,0.0,0.0,0.0,0.0,0.0,0.0,0.0,0.0,0.0,0.0,0.0,0.0,0.4004,0.01128,0.0,0.0,0.0,0.0,0.0,0.0,0.0,0.0,0.0,0.0,0.04193849021435229,14.692451071761395,15.265610438024234,0.0,0.0,0.0,0.0,0.0,0.0,0.0,0.0,0.0,0.0,0.0,0.0,0.0,0.0,0.0,0.0,0.0
60800,4353,2252,0.5173443602113484,1068,893,0.45049391224442914,1237,0.5683436710314725,0.422,2.9590671108995714,3.1171387381947544,6.624338624338624,2.1785324765297296,9426.661729064353,1519.9967945622284,7853.0,10917.653403937817,10894.807063329097,7.106927116384382,7853.0,0.0,28.239604870204456,20.92779691448889,32.905058155261024,19.25309185454536,0.13140362968067998,0.10268780151619572,0.09097174362508614,0.09028256374913853,0.08201240523776705,0.07305306685044796,0.06914771422007811,0.06524236158970825,0.06041810245807489,0.051229037445439926,0.04939122444291293,0.03997243280496209,0.02802664828853664,0.026648288536641397,0.02021594302779692,0.011256604640477832,0.008040431886055594,0.9193043164787362,0.022938414103498592,0.0,0.0,0.0,0.0,0.0,0.0,0.0,0.0,0.0,0.0,0.0,0.0,0.0,0.0,0.0,0.0,0.0,0.0,0.0,0.0,0.0,0.0,0.0,0.0,0.01378359751895245,0.3445899379738112,5.437629221226741,15.947622329427984,7.629221226740181,0.6271536871123364,4.279957582184518,2.8942889118094146,nan,nan,nan,4.274911660777385,2.8924245352027467,4.285007072135785,2.896144604707879,1.0023615485323418,0.401,0.01164,0.0,0.0,0.0,0.0,0.0,0.0,0.0,0.0,0.0,0.0,0.04135079255685735,13.707787732598188,16.168159889731225,0.0827015851137147,0.0,0.0,0.0,0.0,0.0,0.0,0.0,0.0,0.0,0.0,0.0,0.0,0.0,0.0,0.0,0.0,nan,nan,4.279957582184518,2.8942889118094146,nan,0.401,0.05328,0.0,0.0,0.0,0.0,0.0,0.0,0.0,0.0,0.0,0.0,0.0,0.0,0.0,0.0,0.0,0.0,0.0,0.0,0.0,0.0,0.0,0.0006202618883528601,0.0005283712382265105,9.189065012634965e-05,0.001987135308982311,0.000390535263036986,0.004571559843785895,0.006156673558465426,0.0041235929244199405,0.00731679301631059,0.009912703882379968,0.01835515736273834,0.02677463818056513,0.0494601424305077,0.04929933379278659,0.0456122214564668,0.06649437169767976,0.035963703193200094,0.054410751206064784,0.032311049850677696,0.08173673328738801,0.06343900758097863,0.08604410751206065,0.09360211348495291,0.058672180105674245,0.05728233402251321,0.04815070066620721,0.03009418791637951,0.01803354008729612,0.01078566505858029,0.015736273834137376,0.016034918447048012,0.005272226050999311,0.0003675626005053986,0.00017229496898690558,8.040431886055594e-05,0.0,0.0,0.00011486331265793706,0.0,0.0,0.0,0.0,0.0,0.0,0.0,0.0,0.0,0.0,0.0,0.0,0.0,0.0,0.0,0.0,0.0,0.0,0.0,0.0,0.0,0.0,0.0,0.0,0.0,0.0,0.0,0.0,0.0,0.0,0.0,0.0,0.0,0.0,0.0,0.0,0.0,0.0,0.0,0.0,0.0,0.0,nan,nan,4.279957582184518,2.8942889118094146,nan,0.9197332085396426,0.022953559426662277,0.0,0.0,0.0,0.0,0.0,0.0,0.0,0.0,0.0,0.0,0.0,0.0,0.0,0.0,0.0,0.0,0.0,0.0,0.0,0.0,0.0,0.0,0.0,0.0,0.026642984014209597,0.31971580817051515,5.2753108348135,16.092362344582597,7.5666074600355255,0.7193605683836591,0.9188445997147376,0.02291325666315241,0.0,0.0,0.0,0.0,0.0,0.0,0.0,0.0,0.0,0.0,0.0,0.0,0.0,0.0,0.0,0.0,0.0,0.0,0.0,0.0,0.0,0.0,0.0,0.0,0.0,0.3712517848643504,5.611613517372681,15.792479771537367,7.696335078534033,0.5283198476915756,0.401,0.011635,0.0,0.0,0.0,0.0,0.0,0.0,0.0,0.0,0.0,0.0,0.053285968028419194,13.627886323268187,16.292184724689168,0.026642984014209597,0.0,0.0,0.0,0.0,0.0,0.0,0.0,0.0,0.0,0.0,0.0,0.0,0.0,0.0,0.0,0.0,0.401,0.01165,0.0,0.0,0.0,0.0,0.0,0.0,0.0,0.0,0.0,0.0,0.02855782960495003,13.793431699190842,16.035221323179442,0.14278914802475015,0.0,0.0,0.0,0.0,0.0,0.0,0.0,0.0,0.0,0.0,0.0,0.0,0.0,0.0,0.0,0.0
60900,4340,2240,0.5161290322580645,1049,883,0.44516129032258067,1241,0.571889400921659,0.418,2.9571428571428573,3.06626365290326,6.42668863261944,2.2336676660650134,9422.93308129746,1520.089238191912,7853.0,10916.864879608154,10894.745345013827,6.893945606657753,7853.0,0.0,28.341013824884794,20.986979173399245,33.15671845189425,19.246198556310944,0.13502304147465438,0.0944700460829493,0.09423963133640553,0.0912442396313364,0.08410138248847926,0.07304147465437788,0.06451612903225806,0.06451612903225806,0.05806451612903226,0.05161290322580645,0.04884792626728111,0.04470046082949309,0.031566820276497695,0.02880184331797235,0.017511520737327188,0.009907834101382488,0.00783410138248848,0.9189931597165798,0.02270035452251854,0.0,0.0,0.0,0.0,0.0,0.0,0.0,0.0,0.0,0.0,0.0,0.0,0.0,0.0,0.0,0.0,0.0,0.0,0.0,0.0,0.0,0.0,0.0,0.0,0.0,0.32488479262672815,5.7926267281106005,15.912442396313367,7.451612903225808,0.5184331797235024,4.264705882352941,2.866833281469793,nan,nan,nan,4.250532292405961,2.8591940901458046,4.278839348903043,2.8743610381419122,1.0066596497920166,0.4014,0.0113,0.0,0.0,0.0,0.0,0.0,0.0,0.0,0.0,0.0,0.0,0.02764976958525346,13.658986175115187,16.271889400921662,0.04147465437788019,0.0,0.0,0.0,0.0,0.0,0.0,0.0,0.0,0.0,0.0,0.0,0.0,0.0,0.0,0.0,0.0,nan,nan,4.264705882352941,2.866833281469793,nan,0.4014,0.0528,0.0,0.0,0.0,0.0,0.0,0.0,0.0,0.0,0.0,0.0,0.0,0.0,0.0,0.0,0.0,0.0,0.0,0.0,0.0,0.0,0.0,0.0005529953917050691,0.0004262672811059908,9.216589861751152e-05,0.001751152073732719,0.0004032258064516129,0.004815668202764977,0.005599078341013825,0.004193548387096774,0.007269585253456222,0.009331797235023042,0.019320276497695854,0.025817972350230416,0.04566820276497696,0.04854838709677419,0.046463133640552996,0.06649769585253457,0.03490783410138249,0.05466589861751152,0.03610599078341014,0.08533410138248848,0.062119815668202766,0.08608294930875576,0.09588709677419355,0.05763824884792627,0.05580645161290323,0.04935483870967742,0.030161290322580647,0.015806451612903227,0.010817972350230414,0.017108294930875578,0.016013824884792627,0.004619815668202765,0.000587557603686636,0.0002304147465437788,0.0,0.0,0.0,0.0,0.0,0.0,0.0,0.0,0.0,0.0,0.0,0.0,0.0,0.0,0.0,0.0,0.0,0.0,0.0,0.0,0.0,0.0,0.0,0.0,0.0,0.0,0.0,0.0,0.0,0.0,0.0,0.0,0.0,0.0,0.0,0.0,0.0,0.0,0.0,0.0,0.0,0.0,0.0,0.0,0.0,0.0,nan,nan,4.264705882352941,2.866833281469793,nan,0.9191248663568071,0.022622881396061546,0.0,0.0,0.0,0.0,0.0,0.0,0.0,0.0,0.0,0.0,0.0,0.0,0.0,0.0,0.0,0.0,0.0,0.0,0.0,0.0,0.0,0.0,0.0,0.0,0.0,0.3482142857142858,5.584821428571431,16.071428571428573,7.526785714285716,0.4687500000000001,0.9188526726336707,0.022781862904208604,0.0,0.0,0.0,0.0,0.0,0.0,0.0,0.0,0.0,0.0,0.0,0.0,0.0,0.0,0.0,0.0,0.0,0.0,0.0,0.0,0.0,0.0,0.0,0.0,0.0,0.30000000000000004,6.014285714285716,15.742857142857146,7.371428571428573,0.5714285714285715,0.4014,0.01092,0.0,0.0,0.0,0.0,0.0,0.0,0.0,0.0,0.0,0.0,0.0,13.727678571428552,16.27232142857143,0.0,0.0,0.0,0.0,0.0,0.0,0.0,0.0,0.0,0.0,0.0,0.0,0.0,0.0,0.0,0.0,0.0,0.4014,0.01169,0.0,0.0,0.0,0.0,0.0,0.0,0.0,0.0,0.0,0.0,0.057142857142857155,13.585714285714266,16.271428571428576,0.08571428571428573,0.0,0.0,0.0,0.0,0.0,0.0,0.0,0.0,0.0,0.0,0.0,0.0,0.0,0.0,0.0,0.0
61000,4456,2275,0.5105475763016158,1080,889,0.44187612208258525,1239,0.5561041292639138,0.422,3.0027510316368637,3.116122125239736,6.659677419354839,2.0411855882352166,9405.998970241077,1520.584762070355,7853.0,10919.340924263,10894.830070942522,6.97695554917865,7853.0,0.0,27.80520646319569,20.734097750264336,32.62456701305622,19.042354064393443,0.1375673249551167,0.10008976660682226,0.09672351885098743,0.08999102333931777,0.07966786355475763,0.07383303411131059,0.06822262118491922,0.06508078994614004,0.05655296229802514,0.05004488330341113,0.05139138240574506,0.040843806104129264,0.03209156193895871,0.025807899461400358,0.015933572710951527,0.00807899461400359,0.00807899461400359,0.9193128318504115,0.022749081491307666,0.0,0.0,0.0,0.0,0.0,0.0,0.0,0.0,0.0,0.0,0.0,0.0,0.0,0.0,0.0,0.0,0.0,0.0,0.0,0.0,0.0,0.0,0.0,0.0,0.0,0.26256732495511675,5.682226211849193,15.982944344703773,7.452872531418314,0.6193895870736087,4.3013314646110725,2.862833321246599,nan,nan,nan,4.231364275668073,2.826546992295023,4.370810055865922,2.8967449296382504,1.0329552766231247,0.4006,0.01139,0.0,0.0,0.0,0.0,0.0,0.0,0.0,0.0,0.0,0.0,0.05385996409335728,14.279622980251325,15.626122082585281,0.04039497307001796,0.0,0.0,0.0,0.0,0.0,0.0,0.0,0.0,0.0,0.0,0.0,0.0,0.0,0.0,0.0,0.0,nan,nan,4.3013314646110725,2.862833321246599,nan,0.4006,0.05276,0.0,0.0,0.0,0.0,0.0,0.0,0.0,0.0,0.0,0.0,0.0,0.0,0.0,0.0,0.0,0.0,0.0,0.0,0.0,0.0,0.0,0.0005498204667863555,0.00016831238779174148,0.00010098743267504488,0.0016494614003590665,0.0006395870736086176,0.005150359066427289,0.005958258527827648,0.0036692100538599642,0.0071252244165170555,0.009964093357271095,0.019445691202872532,0.025179533213644523,0.047666068222621184,0.05030296229802513,0.04491696588868941,0.06833482944344704,0.039239228007181326,0.0536467684021544,0.03462746858168761,0.08296678635547576,0.060794434470377016,0.08514362657091562,0.09535457809694793,0.059324506283662475,0.05642953321364452,0.04854129263913824,0.029364901256732495,0.016202872531418312,0.009874326750448833,0.017459605026929982,0.015776481149012568,0.0034447935368043087,0.000718132854578097,0.00024685816876122085,0.0,2.244165170556553e-05,0.0,0.0,0.0,0.0,0.0,0.0,0.0,0.0,0.0,0.0,0.0,0.0,0.0,0.0,0.0,0.0,0.0,0.0,0.0,0.0,0.0,0.0,0.0,0.0,0.0,0.0,0.0,0.0,0.0,0.0,0.0,0.0,0.0,0.0,0.0,0.0,0.0,0.0,0.0,0.0,0.0,0.0,0.0,0.0,nan,nan,4.3013314646110725,2.862833321246599,nan,0.9197565106507186,0.022548877742582154,0.0,0.0,0.0,0.0,0.0,0.0,0.0,0.0,0.0,0.0,0.0,0.0,0.0,0.0,0.0,0.0,0.0,0.0,0.0,0.0,0.0,0.0,0.0,0.0,0.0,0.2505494505494506,5.314285714285715,16.312087912087915,7.490109890109892,0.632967032967033,0.918850030717583,0.022946914207107292,0.0,0.0,0.0,0.0,0.0,0.0,0.0,0.0,0.0,0.0,0.0,0.0,0.0,0.0,0.0,0.0,0.0,0.0,0.0,0.0,0.0,0.0,0.0,0.0,0.0,0.27510316368638243,6.066024759284733,15.639614855570843,7.414030261348008,0.6052269601100414,0.401,0.01151,0.0,0.0,0.0,0.0,0.0,0.0,0.0,0.0,0.0,0.0,0.05274725274725276,14.136263736263716,15.784615384615387,0.02637362637362638,0.0,0.0,0.0,0.0,0.0,0.0,0.0,0.0,0.0,0.0,0.0,0.0,0.0,0.0,0.0,0.0,0.4006,0.01126,0.0,0.0,0.0,0.0,0.0,0.0,0.0,0.0,0.0,0.0,0.05502063273727649,14.429160935350737,15.460797799174694,0.05502063273727649,0.0,0.0,0.0,0.0,0.0,0.0,0.0,0.0,0.0,0.0,0.0,0.0,0.0,0.0,0.0,0.0
61100,4722,2465,0.5220245658619229,1142,956,0.44430326132994497,1292,0.5472257518000847,0.418,2.9822773593265395,3.1395889301923274,6.763819095477387,2.088373531596912,9441.022518789854,1519.5550873683856,7853.0,10917.695307552814,10895.045571491153,7.099697750503009,7853.0,0.0,27.350275307073275,20.78203499503752,32.40198070086338,19.06693899551906,0.1454891994917408,0.1058873358746294,0.0940279542566709,0.08809826344769166,0.07941550190597205,0.07433290978398983,0.06374417619652689,0.06713257094451504,0.05717916137229987,0.05252011859381618,0.041084286319356206,0.03833121558661584,0.032401524777636595,0.029224904701397714,0.015671325709445152,0.00847098686997035,0.00698856416772554,0.9199695007521336,0.02306170260171276,0.0,0.0,0.0,0.0,0.0,0.0,0.0,0.0,0.0,0.0,0.0,0.0,0.0,0.0,0.0,0.0,0.0,0.0,0.0,0.0,0.0,0.0,0.0,0.0,0.0,0.2922490470139772,5.482846251588311,15.851334180432023,7.73189326556544,0.6416772554002542,4.378097789685198,2.9616960571568396,nan,nan,nan,4.3800135961930655,2.9696599040008556,4.376237623762377,2.9539417704380884,0.9991379085138067,0.401,0.01102,0.0,0.0,0.0,0.0,0.0,0.0,0.0,0.0,0.0,0.0,0.02541296060991106,14.053367217280792,15.870393900889457,0.05082592121982212,0.0,0.0,0.0,0.0,0.0,0.0,0.0,0.0,0.0,0.0,0.0,0.0,0.0,0.0,0.0,0.0,nan,nan,4.378097789685198,2.9616960571568396,nan,0.401,0.05316,0.0,0.0,0.0,0.0,0.0,0.0,0.0,0.0,0.0,0.0,0.0,0.0,0.0,0.0,0.0,0.0,0.0,0.0,0.0,0.0,0.0,0.0008259212198221093,0.00025412960609911054,5.2943667937314695e-05,0.0023930537907666245,0.0006141465480728504,0.004786107581533249,0.005749682337992376,0.0032507412113511225,0.007740364252435409,0.009487505294366793,0.01981152054214316,0.025635324015247776,0.04826344769165608,0.051609487505294364,0.04561626429479034,0.06556543837357053,0.0389135959339263,0.053155442609063956,0.03249682337992376,0.08043202033036849,0.06334180432020331,0.08496399830580263,0.09458915713680643,0.0612558238034731,0.05724269377382465,0.04721516306649725,0.028727234222786956,0.016179584921643373,0.011181702668360865,0.018159678102498942,0.016359593392630243,0.003155442609063956,0.0007518000847098687,0.00018000847098686998,0.0,4.2354934349851756e-05,0.0,0.0,0.0,0.0,0.0,0.0,0.0,0.0,0.0,0.0,0.0,0.0,0.0,0.0,0.0,0.0,0.0,0.0,0.0,0.0,0.0,0.0,0.0,0.0,0.0,0.0,0.0,0.0,0.0,0.0,0.0,0.0,0.0,0.0,0.0,0.0,0.0,0.0,0.0,0.0,0.0,0.0,0.0,0.0,nan,nan,4.378097789685198,2.9616960571568396,nan,0.9205005488095854,0.02316944687973213,0.0,0.0,0.0,0.0,0.0,0.0,0.0,0.0,0.0,0.0,0.0,0.0,0.0,0.0,0.0,0.0,0.0,0.0,0.0,0.0,0.0,0.0,0.0,0.0,0.0,0.23123732251521303,5.452332657200813,15.675456389452336,7.971602434077081,0.669371196754564,0.9193895125103884,0.02292940353228989,0.0,0.0,0.0,0.0,0.0,0.0,0.0,0.0,0.0,0.0,0.0,0.0,0.0,0.0,0.0,0.0,0.0,0.0,0.0,0.0,0.0,0.0,0.0,0.0,0.0,0.3588834736375721,5.516171909614534,16.04342046964998,7.470093043863537,0.611431103234382,0.401,0.010895,0.0,0.0,0.0,0.0,0.0,0.0,0.0,0.0,0.0,0.0,0.012170385395537529,14.081135902636897,15.845841784989862,0.06085192697768764,0.0,0.0,0.0,0.0,0.0,0.0,0.0,0.0,0.0,0.0,0.0,0.0,0.0,0.0,0.0,0.0,0.4006,0.011154,0.0,0.0,0.0,0.0,0.0,0.0,0.0,0.0,0.0,0.0,0.039875941515285784,14.023039432875478,15.897208684093933,0.039875941515285784,0.0,0.0,0.0,0.0,0.0,0.0,0.0,0.0,0.0,0.0,0.0,0.0,0.0,0.0,0.0,0.0
61200,4652,2396,0.5150472914875323,1130,938,0.4445399828030954,1270,0.5460017196904557,0.434,3.0093085106382977,3.184264595036688,6.730337078651686,2.1887999707006434,9419.726370856628,1520.273250104006,7853.0,10916.018419981003,10894.907795169043,6.9831152222158694,7853.0,0.0,27.379191745485812,20.809515161886353,32.485537190082646,19.082419582121158,0.14724849527085124,0.1001719690455718,0.09759243336199484,0.08920894239036974,0.07846087704213242,0.07072226999140155,0.06685296646603611,0.0681427343078246,0.05997420464316423,0.049441100601891656,0.04471195184866724,0.033748925193465173,0.032889079965606194,0.027944969905417026,0.015262252794496991,0.011392949269131557,0.006233877901977644,0.9203163088008646,0.02307986147516099,0.0,0.0,0.0,0.0,0.0,0.0,0.0,0.0,0.0,0.0,0.0,0.0,0.0,0.0,0.0,0.0,0.0,0.0,0.0,0.0,0.0,0.0,0.0,0.0,0.0,0.29664660361135,5.384780739466898,15.85769561478934,7.822441960447121,0.6384350816852967,4.373428474345905,2.973469853896832,nan,nan,nan,4.348062542488103,2.957182775010228,4.398777173913044,2.9894422237340845,1.0116637308983878,0.4004,0.01122,0.0,0.0,0.0,0.0,0.0,0.0,0.0,0.0,0.0,0.0,0.019346517626827174,14.451848667239874,15.438521066208086,0.09028374892519349,0.0,0.0,0.0,0.0,0.0,0.0,0.0,0.0,0.0,0.0,0.0,0.0,0.0,0.0,0.0,0.0,nan,nan,4.373428474345905,2.973469853896832,nan,0.4004,0.05316,0.0,0.0,0.0,0.0,0.0,0.0,0.0,0.0,0.0,0.0,0.0,0.0,0.0,0.0,0.0,0.0,0.0,0.0,0.0,0.0,0.0,0.0005803955288048151,0.0003116938950988822,0.0001182287188306105,0.0028589853826311265,0.0009673258813413585,0.004234737747205503,0.005309544282029234,0.002880481513327601,0.009361564918314703,0.009984952708512468,0.019335769561478935,0.02379621668099742,0.04881771281169389,0.05643809114359415,0.04647463456577816,0.06286543422184007,0.03729578675838349,0.05255803955288048,0.031803525365434224,0.0799226139294927,0.0638542562338779,0.0890262252794497,0.09193895098882202,0.061908856405846945,0.05949054170249355,0.04498065348237317,0.0271603611349957,0.016605760963026656,0.011006018916595013,0.01846517626827171,0.015573946689595873,0.0029234737747205505,0.000913585554600172,0.00017196904557179707,1.0748065348237317e-05,5.374032674118659e-05,0.0,0.0,0.0,0.0,0.0,0.0,0.0,0.0,0.0,0.0,0.0,0.0,0.0,0.0,0.0,0.0,0.0,0.0,0.0,0.0,0.0,0.0,0.0,0.0,0.0,0.0,0.0,0.0,0.0,0.0,0.0,0.0,0.0,0.0,0.0,0.0,0.0,0.0,0.0,0.0,0.0,0.0,0.0,0.0,nan,nan,4.373428474345905,2.973469853896832,nan,0.9203547265424156,0.022649196308259,0.0,0.0,0.0,0.0,0.0,0.0,0.0,0.0,0.0,0.0,0.0,0.0,0.0,0.0,0.0,0.0,0.0,0.0,0.0,0.0,0.0,0.0,0.0,0.0,0.0,0.23789649415692826,5.283806343906512,16.151919866444075,7.675292153589317,0.6510851419031721,0.9202755069796075,0.02352855341198435,0.0,0.0,0.0,0.0,0.0,0.0,0.0,0.0,0.0,0.0,0.0,0.0,0.0,0.0,0.0,0.0,0.0,0.0,0.0,0.0,0.0,0.0,0.0,0.0,0.0,0.3590425531914895,5.492021276595747,15.54521276595745,7.97872340425532,0.6250000000000001,0.4006,0.01128,0.0,0.0,0.0,0.0,0.0,0.0,0.0,0.0,0.0,0.0,0.025041736227045083,14.211185308848059,15.651085141903176,0.11268781302170286,0.0,0.0,0.0,0.0,0.0,0.0,0.0,0.0,0.0,0.0,0.0,0.0,0.0,0.0,0.0,0.0,0.4004,0.011154,0.0,0.0,0.0,0.0,0.0,0.0,0.0,0.0,0.0,0.0,0.013297872340425535,14.707446808510616,15.212765957446813,0.06648936170212767,0.0,0.0,0.0,0.0,0.0,0.0,0.0,0.0,0.0,0.0,0.0,0.0,0.0,0.0,0.0,0.0
61300,4776,2497,0.522822445561139,1211,971,0.4568676716917923,1326,0.5552763819095478,0.434,2.943835015357613,3.1495426081602447,6.741350906095552,2.157089415940862,9443.164260052044,1519.1737739344615,7853.0,10919.784759163857,10894.499601925738,7.234755954088595,7853.0,0.0,28.268425460636514,20.94668932476513,33.14863523573201,19.155534011065342,0.13714405360134002,0.09589614740368509,0.09778056951423786,0.08479899497487438,0.07265494137353434,0.07726130653266332,0.07035175879396985,0.06742043551088778,0.059463986599664995,0.05297319932998325,0.046273031825795646,0.04334170854271357,0.0330820770519263,0.024078726968174206,0.019472361809045227,0.01109715242881072,0.006909547738693468,0.9191155653178592,0.023291367968428612,0.0,0.0,0.0,0.0,0.0,0.0,0.0,0.0,0.0,0.0,0.0,0.0,0.0,0.0,0.0,0.0,0.0,0.0,0.0,0.0,0.0,0.0,0.0,0.0,0.0,0.30150753768844224,5.891959798994977,15.61557788944724,7.500000000000002,0.6909547738693469,4.232005141388175,2.9269431556621357,nan,nan,nan,4.143866409762364,2.9065706269391605,4.3202572347266885,2.9445586523794978,1.042566725739221,0.4004,0.011314,0.0,0.0,0.0,0.0,0.0,0.0,0.0,0.0,0.0,0.0,0.03768844221105528,14.535175879396963,15.376884422110555,0.050251256281407045,0.0,0.0,0.0,0.0,0.0,0.0,0.0,0.0,0.0,0.0,0.0,0.0,0.0,0.0,0.0,0.0,nan,nan,4.232005141388175,2.9269431556621357,nan,0.4004,0.05286,0.0,0.0,0.0,0.0,0.0,0.0,0.0,0.0,0.0,0.0,0.0,0.0,0.0,0.0,0.0,0.0,0.0,0.0,0.0,0.0,0.0,0.0005443886097152428,0.0001360971524288107,0.00024078726968174204,0.003098827470686767,0.0012353433835845895,0.003936348408710218,0.004993718592964824,0.0028056951423785594,0.009118509212730318,0.008898659966499162,0.017598408710217756,0.021649916247906197,0.05037688442211055,0.059736180904522616,0.04662897822445561,0.06556742043551089,0.03670435510887772,0.05514028475711893,0.03131281407035176,0.08086264656616415,0.06456239530988275,0.08647403685092127,0.08899706867671692,0.06241624790619765,0.059463986599664995,0.045079564489112225,0.02629815745393635,0.01848827470686767,0.011306532663316583,0.017357621440536014,0.014845058626465662,0.002596314907872697,0.0013714405360134004,0.0001360971524288107,2.0938023450586266e-05,0.0,0.0,0.0,0.0,0.0,0.0,0.0,0.0,0.0,0.0,0.0,0.0,0.0,0.0,0.0,0.0,0.0,0.0,0.0,0.0,0.0,0.0,0.0,0.0,0.0,0.0,0.0,0.0,0.0,0.0,0.0,0.0,0.0,0.0,0.0,0.0,0.0,0.0,0.0,0.0,0.0,0.0,0.0,0.0,0.0,nan,nan,4.232005141388175,2.9269431556621357,nan,0.9190652186411307,0.023667971713469207,0.0,0.0,0.0,0.0,0.0,0.0,0.0,0.0,0.0,0.0,0.0,0.0,0.0,0.0,0.0,0.0,0.0,0.0,0.0,0.0,0.0,0.0,0.0,0.0,0.0,0.43251902282739296,5.814977973568284,15.462555066079299,7.61714056868242,0.6728073688426113,0.9191707279557667,0.022871494403768986,0.0,0.0,0.0,0.0,0.0,0.0,0.0,0.0,0.0,0.0,0.0,0.0,0.0,0.0,0.0,0.0,0.0,0.0,0.0,0.0,0.0,0.0,0.0,0.0,0.0,0.1579640193067135,5.976305397103995,15.783238262395791,7.371654234313297,0.7108380868802108,0.4004,0.01117,0.0,0.0,0.0,0.0,0.0,0.0,0.0,0.0,0.0,0.0,0.04805766920304366,14.321185422506987,15.558670404485385,0.0720865038045655,0.0,0.0,0.0,0.0,0.0,0.0,0.0,0.0,0.0,0.0,0.0,0.0,0.0,0.0,0.0,0.0,0.4004,0.011475,0.0,0.0,0.0,0.0,0.0,0.0,0.0,0.0,0.0,0.0,0.026327336551118918,14.769635805177687,15.177709521720056,0.026327336551118918,0.0,0.0,0.0,0.0,0.0,0.0,0.0,0.0,0.0,0.0,0.0,0.0,0.0,0.0,0.0,0.0
61400,4994,2571,0.5148177813376051,1209,1049,0.45214257108530237,1412,0.5654785742891469,0.40199999999999997,3.0193974411886093,3.098072858329781,6.642857142857143,2.10875644432841,9419.125885731215,1520.3890030753023,7853.0,10927.773292064667,10895.09750032738,7.019726417277207,7853.0,0.0,27.820784941930317,20.797200503027355,32.660561370123695,19.107927608625474,0.13616339607529035,0.10272326792150581,0.09491389667601122,0.08910692831397678,0.07949539447336804,0.0722867440929115,0.07468962755306367,0.06567881457749299,0.057068482178614335,0.048658390068081696,0.04825790949138967,0.035042050460552664,0.03283940728874649,0.026631958350020024,0.01882258710452543,0.011613936724068883,0.006007208650380457,0.9207047141572213,0.023199764312127686,0.0,0.0,0.0,0.0,0.0,0.0,0.0,0.0,0.0,0.0,0.0,0.0,0.0,0.0,0.0,0.0,0.0,0.0,0.0,0.0,0.0,0.0,0.0,0.0,0.0,0.29435322386864243,5.460552663195837,15.192230676812178,8.368041649979977,0.6848217861433722,4.272218769422001,2.8428672947498295,nan,nan,nan,4.366188396756082,2.866987591266175,4.178947368421053,2.8156225175468044,0.9571156781795895,0.4011,0.01129,0.0,0.0,0.0,0.0,0.0,0.0,0.0,0.0,0.0,0.0,0.03604325190228275,13.774529435322366,16.14136964357229,0.04805766920304366,0.0,0.0,0.0,0.0,0.0,0.0,0.0,0.0,0.0,0.0,0.0,0.0,0.0,0.0,0.0,0.0,nan,nan,4.272218769422001,2.8428672947498295,nan,0.4011,0.05276,0.0,0.0,0.0,0.0,0.0,0.0,0.0,0.0,0.0,0.0,0.0,0.0,0.0,0.0,0.0,0.0,0.0,0.0,0.0,0.0,0.0,0.0007208650380456547,7.008410092110532e-05,0.0003003604325190228,0.0037044453344012816,0.0014317180616740088,0.004104925911093312,0.005216259511413696,0.0026131357629154985,0.00882058470164197,0.009191029235082098,0.015738886663996796,0.021535843011613938,0.04624549459351222,0.057388866639967964,0.0433620344413296,0.06891269523428113,0.03659391269523428,0.055176211453744496,0.029545454545454545,0.07952543051661995,0.067010412494994,0.08838606327593111,0.08836603924709652,0.06631958350020024,0.060832999599519426,0.047146575891069284,0.026611934321185422,0.018642370845014015,0.011373648378053665,0.016860232278734483,0.013956748097717261,0.002212655186223468,0.0019122947537044454,0.00016019223067681218,0.0,0.0,0.0,1.0012014417300761e-05,0.0,0.0,0.0,0.0,0.0,0.0,0.0,0.0,0.0,0.0,0.0,0.0,0.0,0.0,0.0,0.0,0.0,0.0,0.0,0.0,0.0,0.0,0.0,0.0,0.0,0.0,0.0,0.0,0.0,0.0,0.0,0.0,0.0,0.0,0.0,0.0,0.0,0.0,0.0,0.0,0.0,0.0,nan,nan,4.272218769422001,2.8428672947498295,nan,0.920572387226265,0.022946509359143663,0.0,0.0,0.0,0.0,0.0,0.0,0.0,0.0,0.0,0.0,0.0,0.0,0.0,0.0,0.0,0.0,0.0,0.0,0.0,0.0,0.0,0.0,0.0,0.0,0.0,0.2567094515752626,5.449241540256711,15.390898483080516,8.238039673278882,0.6651108518086349,0.9208451237896972,0.02346468378147173,0.0,0.0,0.0,0.0,0.0,0.0,0.0,0.0,0.0,0.0,0.0,0.0,0.0,0.0,0.0,0.0,0.0,0.0,0.0,0.0,0.0,0.0,0.0,0.0,0.0,0.3342963268675197,5.472554684275693,14.981427981840696,8.505984316962445,0.7057366900536527,0.4011,0.01105,0.0,0.0,0.0,0.0,0.0,0.0,0.0,0.0,0.0,0.0,0.02333722287047842,13.850641773628919,16.09101516919487,0.035005834305717624,0.0,0.0,0.0,0.0,0.0,0.0,0.0,0.0,0.0,0.0,0.0,0.0,0.0,0.0,0.0,0.0,0.4014,0.01155,0.0,0.0,0.0,0.0,0.0,0.0,0.0,0.0,0.0,0.0,0.04952538175815106,13.693768056128745,16.194799834915397,0.061906727197688825,0.0,0.0,0.0,0.0,0.0,0.0,0.0,0.0,0.0,0.0,0.0,0.0,0.0,0.0,0.0,0.0
61500,4676,2389,0.510906757912746,1098,959,0.4399059024807528,1316,0.562874251497006,0.422,2.969829470922606,3.026260103066086,6.386466165413534,2.056231385815593,9407.354169816173,1520.8188511912936,7853.0,10919.88373953104,10895.344118066316,7.215210851441911,7853.0,0.0,28.466210436270316,21.369471987630842,33.472787385554426,19.619239785177314,0.138366124893071,0.10543199315654406,0.08810949529512403,0.08532934131736528,0.07506415739948674,0.0742087254063302,0.0682207014542344,0.06287425149700598,0.059880239520958084,0.04961505560307956,0.0451240376390077,0.039777587681779296,0.03699743370402053,0.03122326775021386,0.01924721984602224,0.01283147989734816,0.007698887938408896,0.9210837897171416,0.02314129423306606,0.0,0.0,0.0,0.0,0.0,0.0,0.0,0.0,0.0,0.0,0.0,0.0,0.0,0.0,0.0,0.0,0.0,0.0,0.0,0.0,0.0,0.0,0.0,0.0,0.0,0.25021385799828916,5.337895637296836,15.532506415739952,8.180068434559454,0.6993156544054749,4.225380039656312,2.763675413071345,nan,nan,nan,4.213386348575216,2.751623365150832,4.23731048121292,2.775560568816502,1.0056781245911128,0.4014,0.0112,0.0,0.0,0.0,0.0,0.0,0.0,0.0,0.0,0.0,0.0,0.02566295979469633,13.60136869118903,16.321642429426863,0.05132591958939266,0.0,0.0,0.0,0.0,0.0,0.0,0.0,0.0,0.0,0.0,0.0,0.0,0.0,0.0,0.0,0.0,nan,nan,4.225380039656312,2.763675413071345,nan,0.4014,0.05276,0.0,0.0,0.0,0.0,0.0,0.0,0.0,0.0,0.0,0.0,0.0,0.0,0.0,0.0,0.0,0.0,0.0,0.0,0.0,0.0,2.1385799828913603e-05,0.0005667236954662104,5.3464499572284e-05,0.00035286569717707443,0.0037104362703165097,0.0013686911890504706,0.004020530367835757,0.005057741659538067,0.003165098374679213,0.008704020530367836,0.009880239520958085,0.017557741659538068,0.021802822925577416,0.04424721984602224,0.05885372112917023,0.0411142001710864,0.06621043627031652,0.03430282292557742,0.054426860564585115,0.02840034217279726,0.08180068434559452,0.07048759623609924,0.08585329341317366,0.09282506415739948,0.06757912745936698,0.059805389221556884,0.04723053892215569,0.027448674080410608,0.017119332763045336,0.011623182207014542,0.01608212147134303,0.013162959794696321,0.002630453378956373,0.0024379811804961507,9.623609923011121e-05,0.0,0.0,0.0,0.0,0.0,0.0,0.0,0.0,0.0,0.0,0.0,0.0,0.0,0.0,0.0,0.0,0.0,0.0,0.0,0.0,0.0,0.0,0.0,0.0,0.0,0.0,0.0,0.0,0.0,0.0,0.0,0.0,0.0,0.0,0.0,0.0,0.0,0.0,0.0,0.0,0.0,0.0,0.0,0.0,0.0,0.0,nan,nan,4.225380039656312,2.763675413071345,nan,0.9210020477126063,0.02349189200437197,0.0,0.0,0.0,0.0,0.0,0.0,0.0,0.0,0.0,0.0,0.0,0.0,0.0,0.0,0.0,0.0,0.0,0.0,0.0,0.0,0.0,0.0,0.0,0.0,0.0,0.2637086647132692,5.475094181665971,15.169526998744248,8.237756383424028,0.8539137714524908,0.9211691774079307,0.022768982210953668,0.0,0.0,0.0,0.0,0.0,0.0,0.0,0.0,0.0,0.0,0.0,0.0,0.0,0.0,0.0,0.0,0.0,0.0,0.0,0.0,0.0,0.0,0.0,0.0,0.0,0.23611718408395282,5.194578049846962,15.91167468299082,8.119807608220377,0.5378224748578926,0.4016,0.011154,0.0,0.0,0.0,0.0,0.0,0.0,0.0,0.0,0.0,0.0,0.0,13.298451234826267,16.65131854332357,0.050230221850146514,0.0,0.0,0.0,0.0,0.0,0.0,0.0,0.0,0.0,0.0,0.0,0.0,0.0,0.0,0.0,0.0,0.4011,0.01124,0.0,0.0,0.0,0.0,0.0,0.0,0.0,0.0,0.0,0.0,0.05247048535198952,13.917796239615196,15.977262789680807,0.05247048535198952,0.0,0.0,0.0,0.0,0.0,0.0,0.0,0.0,0.0,0.0,0.0,0.0,0.0,0.0,0.0,0.0
61600,4992,2533,0.5074118589743589,1190,1068,0.45232371794871795,1444,0.5785256410256411,0.40199999999999997,2.981293208621391,3.118451788398583,6.663173652694611,2.164359536532153,9396.590468360899,1520.8837632447535,7853.0,10917.999843478203,10895.08591316921,6.896848105675822,7853.0,0.0,27.950921474358974,20.758585340450885,32.85710883543701,18.978223349173962,0.13922275641025642,0.09495192307692307,0.09354967948717949,0.09114583333333333,0.08072916666666667,0.07371794871794872,0.0673076923076923,0.06770833333333333,0.060897435897435896,0.05388621794871795,0.041866987179487176,0.04126602564102564,0.03205128205128205,0.023838141025641024,0.022636217948717948,0.009415064102564102,0.005809294871794872,0.9205499208794955,0.022816774333853637,0.0,0.0,0.0,0.0,0.0,0.0,0.0,0.0,0.0,0.0,0.0,0.0,0.0,0.0,0.0,0.0,0.0,0.0,0.0,0.0,0.0,0.0,0.0,0.0,0.0,0.2884615384615385,5.294471153846155,15.775240384615387,7.986778846153848,0.6550480769230771,4.341191066997519,2.8796523381831314,nan,nan,nan,4.324189526184538,2.8840239974634683,4.3580246913580245,2.8752182610669843,1.0078246258561523,0.4011,0.01128,0.0,0.0,0.0,0.0,0.0,0.0,0.0,0.0,0.0,0.0,0.030048076923076927,13.611778846153825,16.30408653846154,0.05408653846153847,0.0,0.0,0.0,0.0,0.0,0.0,0.0,0.0,0.0,0.0,0.0,0.0,0.0,0.0,0.0,0.0,nan,nan,4.341191066997519,2.8796523381831314,nan,0.4011,0.05228,0.0,0.0,0.0,0.0,0.0,0.0,0.0,0.0,0.0,0.0,0.0,0.0,0.0,0.0,0.0,0.0,0.0,0.0,0.0,0.0,5.0080128205128203e-05,0.0007712339743589743,0.00010016025641025641,0.00021033653846153847,0.003545673076923077,0.001672676282051282,0.004667467948717949,0.004076522435897436,0.003315304487179487,0.007872596153846154,0.010306490384615384,0.01773838141025641,0.020873397435897435,0.043709935897435895,0.05662059294871795,0.04221754807692308,0.06511418269230769,0.03483573717948718,0.05372596153846154,0.029847756410256412,0.08132011217948718,0.07172475961538462,0.09072516025641025,0.09373998397435897,0.07291666666666667,0.0590645032051282,0.04471153846153846,0.024479166666666666,0.01477363782051282,0.011909054487179487,0.01569511217948718,0.012319711538461538,0.0029146634615384616,0.0023237179487179487,7.011217948717948e-05,4.0064102564102564e-05,0.0,0.0,0.0,0.0,0.0,0.0,0.0,0.0,0.0,0.0,0.0,0.0,0.0,0.0,0.0,0.0,0.0,0.0,0.0,0.0,0.0,0.0,0.0,0.0,0.0,0.0,0.0,0.0,0.0,0.0,0.0,0.0,0.0,0.0,0.0,0.0,0.0,0.0,0.0,0.0,0.0,0.0,0.0,0.0,0.0,nan,nan,4.341191066997519,2.8796523381831314,nan,0.9205304099032873,0.022798378355147506,0.0,0.0,0.0,0.0,0.0,0.0,0.0,0.0,0.0,0.0,0.0,0.0,0.0,0.0,0.0,0.0,0.0,0.0,0.0,0.0,0.0,0.0,0.0,0.0,0.0,0.28424792735886306,5.2822739834188726,16.024476904855906,7.674694038689303,0.7343071456770629,0.9205700190099287,0.022835690987126553,0.0,0.0,0.0,0.0,0.0,0.0,0.0,0.0,0.0,0.0,0.0,0.0,0.0,0.0,0.0,0.0,0.0,0.0,0.0,0.0,0.0,0.0,0.0,0.0,0.0,0.29280195201301346,5.307035380235869,15.518503456689714,8.308255388369258,0.5734038226921514,0.4011,0.01121,0.0,0.0,0.0,0.0,0.0,0.0,0.0,0.0,0.0,0.0,0.023687327279905256,13.679431504145262,16.261350177654958,0.03553099091985788,0.0,0.0,0.0,0.0,0.0,0.0,0.0,0.0,0.0,0.0,0.0,0.0,0.0,0.0,0.0,0.0,0.4014,0.011345,0.0,0.0,0.0,0.0,0.0,0.0,0.0,0.0,0.0,0.0,0.03660024400162668,13.54209028060185,16.348108987393253,0.07320048800325336,0.0,0.0,0.0,0.0,0.0,0.0,0.0,0.0,0.0,0.0,0.0,0.0,0.0,0.0,0.0,0.0
61700,4503,2308,0.5125471907617144,1064,909,0.43815234288252275,1278,0.5676215856095936,0.40599999999999997,2.909339407744875,3.060584795471178,6.466666666666667,2.0850183661784825,9412.143396528963,1520.5048666857258,7853.0,10918.477293729782,10894.950916191476,7.0530619046427985,7853.0,0.0,28.54519209415945,21.459517550382852,33.58626155878468,19.695355389961133,0.13857428381079281,0.09860093271152565,0.09238285587386187,0.08438818565400844,0.08172329558072396,0.07572729291583388,0.06595602931379081,0.05707306240284255,0.05751721074838996,0.05240950477459472,0.04952254052853653,0.04086164779036198,0.03220075505218743,0.0313124583610926,0.019764601376859873,0.01110370863868532,0.010881634465911614,0.919780417002759,0.022872317531551306,0.0,0.0,0.0,0.0,0.0,0.0,0.0,0.0,0.0,0.0,0.0,0.0,0.0,0.0,0.0,0.0,0.0,0.0,0.0,0.0,0.0,0.0,0.0,0.0,0.0,0.3197868087941373,5.516322451698869,15.836109260493007,7.688207861425718,0.6395736175882746,4.1936366746493325,2.8350961142061877,nan,nan,nan,4.304077401520387,2.888889895111157,4.085365853658536,2.7770892794707014,0.9491850337578519,0.401,0.010735,0.0,0.0,0.0,0.0,0.0,0.0,0.0,0.0,0.0,0.0,0.03331112591605597,13.737508327781459,16.202531645569625,0.026648900732844778,0.0,0.0,0.0,0.0,0.0,0.0,0.0,0.0,0.0,0.0,0.0,0.0,0.0,0.0,0.0,0.0,nan,nan,4.1936366746493325,2.8350961142061877,nan,0.401,0.05176,0.0,0.0,0.0,0.0,0.0,0.0,0.0,0.0,0.0,0.0,0.0,0.0,0.0,0.0,0.0,0.0,0.0,0.0,0.0,0.0,0.0,0.0012769264934488118,5.5518543193426606e-05,8.882966910948257e-05,0.0034976682211858763,0.001454585831667777,0.004186098156784366,0.003764157228514324,0.0028536531201421274,0.00811681101487897,0.009649122807017544,0.01677770375305352,0.022718187874750165,0.04226071507883633,0.05569620253164557,0.04096158116811015,0.06663335554075062,0.037175216522318456,0.0545414168332223,0.031090384188318897,0.08387741505662892,0.07180768376637797,0.09276038196757717,0.09596935376415723,0.07018654230512991,0.05778369975571841,0.0427381745502998,0.02297357317343993,0.014290473017988008,0.010859427048634244,0.017066400177659338,0.012425049966688874,0.0024206084832334,0.0017876970908283366,0.0002553852986897624,0.0,0.0,0.0,0.0,0.0,0.0,0.0,0.0,0.0,0.0,0.0,0.0,0.0,0.0,0.0,0.0,0.0,0.0,0.0,0.0,0.0,0.0,0.0,0.0,0.0,0.0,0.0,0.0,0.0,0.0,0.0,0.0,0.0,0.0,0.0,0.0,0.0,0.0,0.0,0.0,0.0,0.0,0.0,0.0,0.0,0.0,nan,nan,4.1936366746493325,2.8350961142061877,nan,0.9202976507785209,0.0226553814959837,0.0,0.0,0.0,0.0,0.0,0.0,0.0,0.0,0.0,0.0,0.0,0.0,0.0,0.0,0.0,0.0,0.0,0.0,0.0,0.0,0.0,0.0,0.0,0.0,0.0,0.25996533795493937,5.095320623916812,16.403812824956674,7.551993067590989,0.6889081455805894,0.9192365557023224,0.023085728770035938,0.0,0.0,0.0,0.0,0.0,0.0,0.0,0.0,0.0,0.0,0.0,0.0,0.0,0.0,0.0,0.0,0.0,0.0,0.0,0.0,0.0,0.0,0.0,0.0,0.0,0.3826879271070616,5.958997722095674,15.239179954441918,7.831435079726653,0.5876993166287017,0.401,0.01072,0.0,0.0,0.0,0.0,0.0,0.0,0.0,0.0,0.0,0.0,0.05199306759098788,13.934142114384729,16.00086655112652,0.01299826689774697,0.0,0.0,0.0,0.0,0.0,0.0,0.0,0.0,0.0,0.0,0.0,0.0,0.0,0.0,0.0,0.0,0.4011,0.01074,0.0,0.0,0.0,0.0,0.0,0.0,0.0,0.0,0.0,0.0,0.013667425968109343,13.530751708428227,16.41457858769932,0.041002277904328026,0.0,0.0,0.0,0.0,0.0,0.0,0.0,0.0,0.0,0.0,0.0,0.0,0.0,0.0,0.0,0.0
61800,4408,2242,0.5086206896551724,1044,897,0.44033575317604357,1239,0.5621597096188747,0.422,2.96398891966759,3.1575431921090478,6.7687074829931975,2.2821937984056966,9399.881784086056,1520.4457098005823,7853.0,10917.309655606747,10894.326897525129,7.043504109786732,7853.0,0.0,27.271098003629763,20.70809260503856,32.263858695652175,19.028688247349468,0.1424682395644283,0.10322141560798548,0.09868421052631579,0.08711433756805807,0.08461887477313974,0.07962794918330308,0.06465517241379311,0.06238656987295826,0.05376588021778585,0.04877495462794918,0.039473684210526314,0.045372050816696916,0.03289473684210526,0.02382032667876588,0.017241379310344827,0.009528130671506351,0.006352087114337568,0.9185303278443169,0.02291967704228817,0.0,0.0,0.0,0.0,0.0,0.0,0.0,0.0,0.0,0.0,0.0,0.0,0.0,0.0,0.0,0.0,0.0,0.0,0.0,0.0,0.0,0.0,0.0,0.0,0.0,0.3947368421052633,5.852994555353904,16.054900181488208,7.159709618874775,0.5376588021778586,4.381583661769975,2.932942987569334,nan,nan,nan,4.348452123830094,2.9499483433222062,4.414407988587731,2.9156262749781123,1.015167664925225,0.4006,0.010704,0.0,0.0,0.0,0.0,0.0,0.0,0.0,0.0,0.0,0.0,0.0,14.482758620689633,15.483212341197826,0.03402903811252269,0.0,0.0,0.0,0.0,0.0,0.0,0.0,0.0,0.0,0.0,0.0,0.0,0.0,0.0,0.0,0.0,nan,nan,4.381583661769975,2.932942987569334,nan,0.4006,0.052,0.0,0.0,0.0,0.0,0.0,0.0,0.0,0.0,0.0,0.0,0.0,0.0,0.0,0.0,0.0,0.0,0.0,0.0,0.0,0.0,0.0,0.001134301270417423,7.94010889292196e-05,0.0001588021778584392,0.002881125226860254,0.0012363883847549908,0.004196914700544465,0.005013611615245009,0.003289473684210526,0.008949637023593466,0.01080989110707804,0.015403811252268602,0.023491379310344826,0.043704627949183304,0.056340744101633394,0.04042649727767695,0.0658008166969147,0.03808983666061706,0.05590970961887477,0.02853901996370236,0.08423321234119782,0.07008847549909256,0.09158348457350272,0.09644963702359347,0.07031533575317604,0.054333030852994554,0.045621597096188744,0.0213021778584392,0.01566470054446461,0.011513157894736841,0.01751361161524501,0.012431941923774954,0.0020530852994555355,0.0013157894736842105,0.0001247731397459165,0.0,0.0,0.0,0.0,0.0,0.0,0.0,0.0,0.0,0.0,0.0,0.0,0.0,0.0,0.0,0.0,0.0,0.0,0.0,0.0,0.0,0.0,0.0,0.0,0.0,0.0,0.0,0.0,0.0,0.0,0.0,0.0,0.0,0.0,0.0,0.0,0.0,0.0,0.0,0.0,0.0,0.0,0.0,0.0,0.0,0.0,nan,nan,4.381583661769975,2.932942987569334,nan,0.9180242578224026,0.02312799621010479,0.0,0.0,0.0,0.0,0.0,0.0,0.0,0.0,0.0,0.0,0.0,0.0,0.0,0.0,0.0,0.0,0.0,0.0,0.0,0.0,0.0,0.0,0.0,0.0,0.0,0.5084745762711865,5.927743086529886,16.03033006244425,6.998215878679752,0.5352363960749332,0.9190541547091053,0.022690150113704673,0.0,0.0,0.0,0.0,0.0,0.0,0.0,0.0,0.0,0.0,0.0,0.0,0.0,0.0,0.0,0.0,0.0,0.0,0.0,0.0,0.0,0.0,0.0,0.0,0.0,0.27700831024930755,5.775623268698062,16.080332409972304,7.326869806094185,0.5401662049861496,0.401,0.01066,0.0,0.0,0.0,0.0,0.0,0.0,0.0,0.0,0.0,0.0,0.0,14.157002676181959,15.802854594112404,0.04014272970561999,0.0,0.0,0.0,0.0,0.0,0.0,0.0,0.0,0.0,0.0,0.0,0.0,0.0,0.0,0.0,0.0,0.4004,0.01075,0.0,0.0,0.0,0.0,0.0,0.0,0.0,0.0,0.0,0.0,0.0,14.819944598337928,15.152354570637122,0.027700831024930754,0.0,0.0,0.0,0.0,0.0,0.0,0.0,0.0,0.0,0.0,0.0,0.0,0.0,0.0,0.0,0.0
61900,4731,2420,0.5115197632635806,1118,970,0.4413443246670894,1332,0.5630944831959417,0.40199999999999997,2.880571181306794,3.064222265114254,6.518167456556082,2.0971812400536267,9408.811486460812,1520.3785850657393,7853.0,10918.819143354893,10894.54716630004,7.184806353410279,7853.0,0.0,27.966391883322764,20.826576319450748,32.765221748935105,19.1404821994392,0.1359120693299514,0.10251532445571761,0.09406045233565842,0.08835341365461848,0.07968716973155782,0.07609384908053266,0.06637074614246459,0.0632001690974424,0.060452335658423166,0.05326569435637286,0.0445994504333122,0.0435425914183048,0.029803424223208624,0.024519129148171635,0.019657577679137603,0.012259564574085818,0.0057070386810399495,0.9192330190808343,0.02284727563333703,0.0,0.0,0.0,0.0,0.0,0.0,0.0,0.0,0.0,0.0,0.0,0.0,0.0,0.0,0.0,0.0,0.0,0.0,0.0,0.0,0.0,0.0,0.0,0.0,0.0,0.2853519340519975,5.726062143310084,15.909955611921372,7.469879518072291,0.6087507926442614,4.263765248928454,2.872553234324492,nan,nan,nan,4.2513089005235605,2.8580621457882605,4.27641196013289,2.8871363946280506,1.00590478372584,0.4004,0.011345,0.0,0.0,0.0,0.0,0.0,0.0,0.0,0.0,0.0,0.0,0.038046924540266334,14.584654407102072,15.307545973367155,0.06975269499048828,0.0,0.0,0.0,0.0,0.0,0.0,0.0,0.0,0.0,0.0,0.0,0.0,0.0,0.0,0.0,0.0,nan,nan,4.263765248928454,2.872553234324492,nan,0.4004,0.0526,0.0,0.0,0.0,0.0,0.0,0.0,0.0,0.0,0.0,0.0,0.0,0.0,0.0,0.0,0.0,0.0,0.0,0.0,0.0,0.0,0.0,0.0017015430141619108,0.0001479602621010357,4.227436060029592e-05,0.002747833439019235,0.0008032128514056225,0.00393151553582752,0.005210314943986472,0.0033819488480236735,0.00891989008666244,0.01176284083703234,0.014309871063200169,0.02448742337772141,0.04589938702177129,0.05761995349820334,0.042253223419995774,0.06442612555485099,0.03824772775311774,0.057398013105051784,0.02886281969985204,0.08323821602198267,0.06845275840202916,0.08592263792010146,0.09313041640245191,0.07016487000634115,0.05269499048826887,0.04846755442823927,0.021158317480448108,0.016878038469668146,0.011509194673430565,0.018389346861128725,0.013369266539843584,0.0030014796026210104,0.0013527795392094695,0.0001056859015007398,1.056859015007398e-05,0.0,0.0,0.0,0.0,0.0,0.0,0.0,0.0,0.0,0.0,0.0,0.0,0.0,0.0,0.0,0.0,0.0,0.0,0.0,0.0,0.0,0.0,0.0,0.0,0.0,0.0,0.0,0.0,0.0,0.0,0.0,0.0,0.0,0.0,0.0,0.0,0.0,0.0,0.0,0.0,0.0,0.0,0.0,0.0,0.0,nan,nan,4.263765248928454,2.872553234324492,nan,0.9193283094108597,0.023033448137552894,0.0,0.0,0.0,0.0,0.0,0.0,0.0,0.0,0.0,0.0,0.0,0.0,0.0,0.0,0.0,0.0,0.0,0.0,0.0,0.0,0.0,0.0,0.0,0.0,0.0,0.29752066115702486,5.814049586776861,15.60743801652893,7.648760330578514,0.6322314049586778,0.919133234312915,0.0226502523653731,0.0,0.0,0.0,0.0,0.0,0.0,0.0,0.0,0.0,0.0,0.0,0.0,0.0,0.0,0.0,0.0,0.0,0.0,0.0,0.0,0.0,0.0,0.0,0.0,0.0,0.2726092600605799,5.633924707918651,16.226741670272613,7.282561661618349,0.5841627001298141,0.4004,0.011444,0.0,0.0,0.0,0.0,0.0,0.0,0.0,0.0,0.0,0.0,0.04958677685950414,14.65289256198345,15.22314049586777,0.07438016528925621,0.0,0.0,0.0,0.0,0.0,0.0,0.0,0.0,0.0,0.0,0.0,0.0,0.0,0.0,0.0,0.0,0.4004,0.01123,0.0,0.0,0.0,0.0,0.0,0.0,0.0,0.0,0.0,0.0,0.02596278667243618,14.5131977498918,15.395932496754655,0.06490696668109044,0.0,0.0,0.0,0.0,0.0,0.0,0.0,0.0,0.0,0.0,0.0,0.0,0.0,0.0,0.0,0.0
62000,4727,2453,0.5189337846414216,1142,969,0.44658345673788874,1348,0.5703405965728792,0.40199999999999997,2.961301671064204,3.018893492435457,6.387724550898204,2.0672015787633207,9431.219767985913,1519.5544515934887,7853.0,10915.292618989944,10894.273886371548,6.913064986937409,7853.0,0.0,28.567378887243496,21.149103928035228,33.448448448448445,19.35162992297473,0.13729638248360482,0.093928495874762,0.09075523587899302,0.09160143854453141,0.07615823989845567,0.07171567590437909,0.07002327057330231,0.06346519991537973,0.05711867992384176,0.05521472392638037,0.05034905859953459,0.041675481277766026,0.03575206261899725,0.026443833298074888,0.018404907975460124,0.012269938650306749,0.007827374656230167,0.9183247355696563,0.02274507281671077,0.0,0.0,0.0,0.0,0.0,0.0,0.0,0.0,0.0,0.0,0.0,0.0,0.0,0.0,0.0,0.0,0.0,0.0,0.0,0.0,0.0,0.0,0.0,0.0,0.006346519991537975,0.2855933996192088,6.054580071927228,16.01226993865031,7.1588745504548355,0.48233551935688607,4.198837959974177,2.8459203592124567,nan,nan,nan,4.205673758865248,2.876054463754065,4.191984486102133,2.8153679066264776,0.9967450464424972,0.4,0.011345,0.0,0.0,0.0,0.0,0.0,0.0,0.0,0.0,0.0,0.0,0.019039559974613922,14.939708060080367,14.996826740004234,0.04442563994076582,0.0,0.0,0.0,0.0,0.0,0.0,0.0,0.0,0.0,0.0,0.0,0.0,0.0,0.0,0.0,0.0,nan,nan,4.198837959974177,2.8459203592124567,nan,0.4,0.05298,0.0,0.0,0.0,0.0,0.0,0.0,0.0,0.0,0.0,0.0,0.0,0.0,0.0,0.0,0.0,0.0,0.0,0.0,0.0,0.0,2.115506663845991e-05,0.0019145335307806219,0.00010577533319229955,0.00011635286651152951,0.002665538396445949,0.0006346519991537973,0.004241590861011212,0.006367675058176433,0.0027607361963190185,0.00975248572033002,0.012968055849375926,0.01462872858049503,0.02406388830124815,0.04547281573936958,0.05837740638883013,0.043716945208377406,0.06427966998096044,0.03803680981595092,0.05798603765601862,0.029447852760736196,0.08088639729215147,0.06884916437486778,0.08326634228897821,0.09215147027713137,0.070975248572033,0.05106833086524223,0.051184683731753756,0.019536704040617726,0.017452929976729425,0.011138142585149143,0.016416331711444892,0.014797969113602708,0.0035011635286651154,0.0010683308652422255,0.00014808546646921937,0.0,0.0,0.0,0.0,0.0,0.0,0.0,0.0,0.0,0.0,0.0,0.0,0.0,0.0,0.0,0.0,0.0,0.0,0.0,0.0,0.0,0.0,0.0,0.0,0.0,0.0,0.0,0.0,0.0,0.0,0.0,0.0,0.0,0.0,0.0,0.0,0.0,0.0,0.0,0.0,0.0,0.0,0.0,0.0,0.0,0.0,nan,nan,4.198837959974177,2.8459203592124567,nan,0.918513194157841,0.02252394440024692,0.0,0.0,0.0,0.0,0.0,0.0,0.0,0.0,0.0,0.0,0.0,0.0,0.0,0.0,0.0,0.0,0.0,0.0,0.0,0.0,0.0,0.0,0.0,0.0,0.0,0.24459845087647783,5.882592743579292,16.11903791275989,7.276803913575216,0.4769669792091318,0.9181214422904931,0.02297948933948554,0.0,0.0,0.0,0.0,0.0,0.0,0.0,0.0,0.0,0.0,0.0,0.0,0.0,0.0,0.0,0.0,0.0,0.0,0.0,0.0,0.0,0.0,0.0,0.0,0.01319261213720317,0.3298153034300792,6.240105540897099,15.897097625329819,7.031662269129289,0.48812664907651726,0.4001,0.01134,0.0,0.0,0.0,0.0,0.0,0.0,0.0,0.0,0.0,0.0,0.012229922543823893,14.651447207500999,15.287403179779865,0.04891969017529557,0.0,0.0,0.0,0.0,0.0,0.0,0.0,0.0,0.0,0.0,0.0,0.0,0.0,0.0,0.0,0.0,0.3997,0.01135,0.0,0.0,0.0,0.0,0.0,0.0,0.0,0.0,0.0,0.0,0.02638522427440634,15.250659630606838,14.683377308707128,0.0395778364116095,0.0,0.0,0.0,0.0,0.0,0.0,0.0,0.0,0.0,0.0,0.0,0.0,0.0,0.0,0.0,0.0
62100,4646,2392,0.5148514851485149,1142,941,0.4483426603529918,1291,0.5557468790357296,0.418,3.0860692102928127,3.2062565398992158,6.786482334869432,2.1931750877460185,9418.61405351676,1519.7901090960188,7853.0,10920.580828785896,10893.904219330629,7.236218167924818,7853.0,0.0,28.191777873439516,20.92618746879305,32.966412213740455,19.21408494193204,0.13366336633663367,0.10482135170038744,0.08889367197589323,0.08846319414550151,0.077916487300904,0.06887645286267757,0.07705553164012054,0.06973740852346104,0.05553164012053379,0.04928971157985364,0.048643994834266034,0.03917348256564787,0.03314679294016358,0.027765820060266896,0.019586741282823936,0.010977184674989237,0.0064571674558760225,0.9185103791903382,0.023018912700027122,0.0,0.0,0.0,0.0,0.0,0.0,0.0,0.0,0.0,0.0,0.0,0.0,0.0,0.0,0.0,0.0,0.0,0.0,0.0,0.0,0.0,0.0,0.0,0.0,0.0,0.3293155402496772,6.02453723633233,15.807145931984506,7.303056392595783,0.5359448988377099,4.35787728026534,2.9536412816658633,nan,nan,nan,4.3335509138381205,2.9371745676107284,4.383007417397168,2.9703470202509497,1.011412466252818,0.399,0.01129,0.0,0.0,0.0,0.0,0.0,0.0,0.0,0.0,0.0,0.0,0.05811450710288421,15.749031424881597,14.154111063280244,0.03874300473525614,0.0,0.0,0.0,0.0,0.0,0.0,0.0,0.0,0.0,0.0,0.0,0.0,0.0,0.0,0.0,0.0,nan,nan,4.35787728026534,2.9536412816658633,nan,0.399,0.0532,0.0,0.0,0.0,0.0,0.0,0.0,0.0,0.0,0.0,0.0,0.0,0.0,0.0,0.0,0.0,0.0,0.0,0.0,0.0,0.0,1.076194575979337e-05,0.0022169608265174344,0.00020447696943607404,3.228583727938011e-05,0.0024537236332328885,0.0006241928540680155,0.004433921653034869,0.00769479121825226,0.003336203185535945,0.009535083943176927,0.013291003013344812,0.015281962978906586,0.025182953077916487,0.04625484287559191,0.059761084804132586,0.04262806715454154,0.06383986224709427,0.03716099870856651,0.058211364614722344,0.03007963839862247,0.08204907447266466,0.06901635815755489,0.0837709857942316,0.09159492036160138,0.06975893241498063,0.04977399913904434,0.05122686181661645,0.019845027981058975,0.01646577701248386,0.009976323719328455,0.015217391304347827,0.01417348256564787,0.003594489883770986,0.001043908738699957,0.00023676280671545416,0.0,2.152389151958674e-05,0.0,0.0,0.0,0.0,0.0,0.0,0.0,0.0,0.0,0.0,0.0,0.0,0.0,0.0,0.0,0.0,0.0,0.0,0.0,0.0,0.0,0.0,0.0,0.0,0.0,0.0,0.0,0.0,0.0,0.0,0.0,0.0,0.0,0.0,0.0,0.0,0.0,0.0,0.0,0.0,0.0,0.0,0.0,0.0,nan,nan,4.35787728026534,2.9536412816658633,nan,0.9185147289199175,0.02326894240403919,0.0,0.0,0.0,0.0,0.0,0.0,0.0,0.0,0.0,0.0,0.0,0.0,0.0,0.0,0.0,0.0,0.0,0.0,0.0,0.0,0.0,0.0,0.0,0.0,0.0,0.3135451505016723,6.13294314381271,15.677257525083615,7.2115384615384635,0.6647157190635453,0.9185057631507847,0.02275056900467072,0.0,0.0,0.0,0.0,0.0,0.0,0.0,0.0,0.0,0.0,0.0,0.0,0.0,0.0,0.0,0.0,0.0,0.0,0.0,0.0,0.0,0.0,0.0,0.0,0.0,0.34605146406388654,5.9094942324756,15.944986690328308,7.400177462289265,0.399290150842946,0.399,0.011375,0.0,0.0,0.0,0.0,0.0,0.0,0.0,0.0,0.0,0.0,0.06270903010033446,15.702341137123724,14.209866220735789,0.025083612040133787,0.0,0.0,0.0,0.0,0.0,0.0,0.0,0.0,0.0,0.0,0.0,0.0,0.0,0.0,0.0,0.0,0.3992,0.0112,0.0,0.0,0.0,0.0,0.0,0.0,0.0,0.0,0.0,0.0,0.05323868677905946,15.798580301685869,14.094942324755992,0.05323868677905946,0.0,0.0,0.0,0.0,0.0,0.0,0.0,0.0,0.0,0.0,0.0,0.0,0.0,0.0,0.0,0.0
62200,4760,2476,0.5201680672268908,1163,955,0.4449579831932773,1334,0.5605042016806723,0.40199999999999997,2.9794220665499123,3.0907205926093706,6.526881720430108,2.168862022571539,9434.892690030641,1519.3298954510192,7853.0,10915.07903933525,10894.11841863726,6.907354638142187,7853.0,0.0,28.24453781512605,20.82644044058035,33.13836948391922,19.024621589165083,0.13634453781512604,0.09936974789915966,0.08571428571428572,0.09033613445378151,0.07941176470588235,0.07668067226890757,0.06995798319327731,0.06743697478991596,0.05168067226890756,0.05609243697478992,0.04978991596638655,0.0430672268907563,0.034453781512605045,0.025,0.018697478991596638,0.010714285714285714,0.005252100840336135,0.9185428270146626,0.022490617214308593,0.0,0.0,0.0,0.0,0.0,0.0,0.0,0.0,0.0,0.0,0.0,0.0,0.0,0.0,0.0,0.0,0.0,0.0,0.0,0.0,0.0,0.0,0.0,0.0,0.0,0.3151260504201681,5.905462184873951,16.17857142857143,7.08403361344538,0.5168067226890757,4.2314424635332255,2.868300457433386,nan,nan,nan,4.205825242718447,2.8893899841985253,4.257142857142857,2.8467538392264053,1.0122015565228861,0.3992,0.01106,0.0,0.0,0.0,0.0,0.0,0.0,0.0,0.0,0.0,0.0,0.018907563025210086,15.970588235294093,13.985294117647062,0.025210084033613453,0.0,0.0,0.0,0.0,0.0,0.0,0.0,0.0,0.0,0.0,0.0,0.0,0.0,0.0,0.0,0.0,nan,nan,4.2314424635332255,2.868300457433386,nan,0.3992,0.05307,0.0,0.0,0.0,0.0,0.0,0.0,0.0,0.0,0.0,0.0,0.0,0.0,0.0,0.0,0.0,0.0,0.0,0.0,0.0,0.0,0.0,0.0016596638655462185,0.000273109243697479,0.0,0.0027100840336134456,0.0002941176470588235,0.004947478991596639,0.008256302521008403,0.0029411764705882353,0.008834033613445378,0.013539915966386555,0.014926470588235295,0.024285714285714285,0.046659663865546215,0.060021008403361345,0.041228991596638655,0.06411764705882353,0.03827731092436975,0.060294117647058824,0.027521008403361344,0.0794327731092437,0.07255252100840336,0.08349789915966387,0.09237394957983193,0.07206932773109244,0.04883403361344538,0.051271008403361344,0.018077731092436974,0.015388655462184875,0.009926470588235294,0.015829831932773108,0.014936974789915966,0.0036029411764705883,0.001207983193277311,0.0002100840336134454,0.0,0.0,0.0,0.0,0.0,0.0,0.0,0.0,0.0,0.0,0.0,0.0,0.0,0.0,0.0,0.0,0.0,0.0,0.0,0.0,0.0,0.0,0.0,0.0,0.0,0.0,0.0,0.0,0.0,0.0,0.0,0.0,0.0,0.0,0.0,0.0,0.0,0.0,0.0,0.0,0.0,0.0,0.0,0.0,0.0,0.0,nan,nan,4.2314424635332255,2.868300457433386,nan,0.9188679348382504,0.022535858938676896,0.0,0.0,0.0,0.0,0.0,0.0,0.0,0.0,0.0,0.0,0.0,0.0,0.0,0.0,0.0,0.0,0.0,0.0,0.0,0.0,0.0,0.0,0.0,0.0,0.0,0.31502423263327956,5.73101777059774,16.223747980613897,7.209208400646205,0.5210016155088854,0.9181903896367278,0.022436148337788897,0.0,0.0,0.0,0.0,0.0,0.0,0.0,0.0,0.0,0.0,0.0,0.0,0.0,0.0,0.0,0.0,0.0,0.0,0.0,0.0,0.0,0.0,0.0,0.0,0.0,0.3152364273204904,6.094570928196148,16.129597197898427,6.948336252189144,0.5122591943957969,0.3992,0.01109,0.0,0.0,0.0,0.0,0.0,0.0,0.0,0.0,0.0,0.0,0.03634894991922456,15.896607431340849,14.030694668820681,0.03634894991922456,0.0,0.0,0.0,0.0,0.0,0.0,0.0,0.0,0.0,0.0,0.0,0.0,0.0,0.0,0.0,0.0,0.399,0.01102,0.0,0.0,0.0,0.0,0.0,0.0,0.0,0.0,0.0,0.0,0.0,16.050788091068277,13.936077057793348,0.013134851138353769,0.0,0.0,0.0,0.0,0.0,0.0,0.0,0.0,0.0,0.0,0.0,0.0,0.0,0.0,0.0,0.0
62300,4457,2314,0.5191833071572807,1078,906,0.4451424725151447,1238,0.555530625981602,0.438,3.0177321511899207,3.1889717643452586,6.8944636678200695,2.147889558761914,9431.777482726005,1519.3324876841202,7853.0,10917.897561013699,10893.886447929908,7.143886127747884,7853.0,0.0,27.739959614090196,20.87107777849034,32.6471688034188,19.168749259691076,0.14135068431680503,0.10006730984967467,0.09715054969710568,0.08570787525241194,0.08615660758357639,0.07112407448956698,0.06596365268117568,0.06282252636302446,0.053623513574153014,0.058335203051379854,0.047789993269015035,0.03410365716849899,0.030738164684765538,0.029167601525689927,0.018846757908907337,0.01099394211352928,0.006057886470720216,0.9177716928852869,0.023039361019884866,0.0,0.0,0.0,0.0,0.0,0.0,0.0,0.0,0.0,0.0,0.0,0.0,0.0,0.0,0.0,0.0,0.0,0.0,0.0,0.0,0.0,0.0,0.0,0.0,0.0067309849674669076,0.504823872560018,5.882880861566077,16.315907561139785,6.771370877271709,0.5182858424949519,4.338494018296974,2.952614792831619,nan,nan,nan,4.327938071780436,2.9465304037993474,4.349049964813512,2.9586490081063253,1.0048780487804878,0.3994,0.01116,0.0,0.0,0.0,0.0,0.0,0.0,0.0,0.0,0.0,0.0,0.06057886470720217,15.434148530401593,14.478348665021318,0.02692393986986763,0.0,0.0,0.0,0.0,0.0,0.0,0.0,0.0,0.0,0.0,0.0,0.0,0.0,0.0,0.0,0.0,nan,nan,4.338494018296974,2.952614792831619,nan,0.3994,0.05258,0.0,0.0,0.0,0.0,0.0,0.0,0.0,0.0,0.0,0.0,0.0,0.0,0.0,0.0,0.0,0.0,0.0,0.0,0.0,0.0,2.243661655822302e-05,0.0013349786852142698,0.00025802109041956473,0.0,0.0027597038366614316,0.00025802109041956473,0.004655597935831276,0.007314336997980704,0.0025465559793583126,0.008952210006730984,0.012676688355396006,0.01457258245456585,0.024209109266322637,0.045860444245007854,0.0606237379403186,0.04200134619699349,0.06582903298182634,0.03761498765986089,0.057785505945703385,0.030480143594345973,0.07985191833071573,0.07666591877944806,0.07953780569890061,0.09118240969261836,0.07682297509535561,0.047733901727619474,0.05144716176800539,0.016973300426295714,0.014067758582005834,0.009344850796499889,0.015559793583127665,0.01658065963652681,0.002883105227731658,0.0015032533094009423,8.974646623289207e-05,0.0,0.0,0.0,0.0,0.0,0.0,0.0,0.0,0.0,0.0,0.0,0.0,0.0,0.0,0.0,0.0,0.0,0.0,0.0,0.0,0.0,0.0,0.0,0.0,0.0,0.0,0.0,0.0,0.0,0.0,0.0,0.0,0.0,0.0,0.0,0.0,0.0,0.0,0.0,0.0,0.0,0.0,0.0,0.0,0.0,0.0,nan,nan,4.338494018296974,2.952614792831619,nan,0.9178039174761974,0.023313376051932316,0.0,0.0,0.0,0.0,0.0,0.0,0.0,0.0,0.0,0.0,0.0,0.0,0.0,0.0,0.0,0.0,0.0,0.0,0.0,0.0,0.0,0.0,0.0,0.0,0.012964563526361283,0.5445116681071738,5.924805531547106,16.28349178910977,6.715643906655144,0.5185825410544512,0.9177368969434453,0.022739722459279892,0.0,0.0,0.0,0.0,0.0,0.0,0.0,0.0,0.0,0.0,0.0,0.0,0.0,0.0,0.0,0.0,0.0,0.0,0.0,0.0,0.0,0.0,0.0,0.0,0.0,0.4619692020531966,5.837610825944939,16.35090993933738,6.831544563695755,0.5179654689687355,0.3994,0.01098,0.0,0.0,0.0,0.0,0.0,0.0,0.0,0.0,0.0,0.0,0.05185825410544513,15.194468452895396,14.727744165946417,0.025929127052722566,0.0,0.0,0.0,0.0,0.0,0.0,0.0,0.0,0.0,0.0,0.0,0.0,0.0,0.0,0.0,0.0,0.3992,0.011345,0.0,0.0,0.0,0.0,0.0,0.0,0.0,0.0,0.0,0.0,0.06999533364442372,15.69295380307977,14.209052729818016,0.027998133457769487,0.0,0.0,0.0,0.0,0.0,0.0,0.0,0.0,0.0,0.0,0.0,0.0,0.0,0.0,0.0,0.0
62400,4636,2398,0.5172562553925798,1113,938,0.4424072476272649,1283,0.5534943917169974,0.438,3.014745308310992,3.1849816116142184,6.817460317460317,2.169049216222064,9425.814111743382,1519.4458490833026,7853.0,10915.610693514347,10893.686497932578,6.991640924560563,7853.0,0.0,27.463330457290766,20.837029235353857,32.605706874189366,19.0920405281929,0.14452113891285592,0.10440034512510785,0.0959879206212252,0.08433994823123382,0.08132010353753236,0.07398619499568594,0.06492666091458153,0.06492666091458153,0.05672993960310613,0.05327868852459016,0.04961173425366695,0.03731665228645384,0.028904227782571183,0.025668679896462467,0.015746333045729078,0.010785159620362382,0.007549611734253667,0.9179099729418034,0.022878183152017048,0.0,0.0,0.0,0.0,0.0,0.0,0.0,0.0,0.0,0.0,0.0,0.0,0.0,0.0,0.0,0.0,0.0,0.0,0.0,0.0,0.0,0.0,0.0,0.0,0.00647109577221743,0.420621225194133,6.0634167385677324,16.100086281276965,6.891716997411563,0.5176876617773944,4.326057298772169,2.9129180939552732,nan,nan,nan,4.215447154471545,2.895830078945127,4.438186813186813,2.9258741547606655,1.0528389161465341,0.399,0.011055,0.0,0.0,0.0,0.0,0.0,0.0,0.0,0.0,0.0,0.0,0.0841242450388266,15.983606557377028,13.912855910267474,0.01941328731665229,0.0,0.0,0.0,0.0,0.0,0.0,0.0,0.0,0.0,0.0,0.0,0.0,0.0,0.0,0.0,0.0,nan,nan,4.326057298772169,2.9129180939552732,nan,0.399,0.0524,0.0,0.0,0.0,0.0,0.0,0.0,0.0,0.0,0.0,0.0,0.0,0.0,0.0,0.0,0.0,0.0,0.0,0.0,0.0,0.0,0.0,0.001412855910267472,0.0001725625539257981,0.0,0.0030090595340811046,0.0003882657463330457,0.004216997411561691,0.007366264020707507,0.0019089732528041416,0.009749784296807593,0.011712683347713547,0.015918895599654873,0.02607851596203624,0.04397109577221743,0.061259706643658325,0.04152286453839517,0.06710526315789474,0.03790983606557377,0.0568809318377912,0.03067299396031061,0.08216134598792062,0.07351164797238999,0.07968075927523727,0.092946505608283,0.07731880931837791,0.04611734253666954,0.05157463330457291,0.016716997411561692,0.014775668679896463,0.009566436583261432,0.014883520276100086,0.014484469370146679,0.0031169111302847283,0.0018442622950819673,0.0,0.0,4.3140638481449525e-05,0.0,0.0,0.0,0.0,0.0,0.0,0.0,0.0,0.0,0.0,0.0,0.0,0.0,0.0,0.0,0.0,0.0,0.0,0.0,0.0,0.0,0.0,0.0,0.0,0.0,0.0,0.0,0.0,0.0,0.0,0.0,0.0,0.0,0.0,0.0,0.0,0.0,0.0,0.0,0.0,0.0,0.0,0.0,0.0,nan,nan,4.326057298772169,2.9129180939552732,nan,0.9174517691383967,0.022838437663696372,0.0,0.0,0.0,0.0,0.0,0.0,0.0,0.0,0.0,0.0,0.0,0.0,0.0,0.0,0.0,0.0,0.0,0.0,0.0,0.0,0.0,0.0,0.0,0.0,0.012510425354462054,0.42535446205170985,6.030025020850711,16.100917431192663,6.955796497080902,0.47539616346955804,0.9184009348366067,0.022910525820404273,0.0,0.0,0.0,0.0,0.0,0.0,0.0,0.0,0.0,0.0,0.0,0.0,0.0,0.0,0.0,0.0,0.0,0.0,0.0,0.0,0.0,0.0,0.0,0.0,0.0,0.415549597855228,6.099195710455766,16.099195710455767,6.823056300268098,0.5630026809651476,0.3992,0.01121,0.0,0.0,0.0,0.0,0.0,0.0,0.0,0.0,0.0,0.0,0.08757297748123438,15.800667222685547,14.086738949124273,0.025020850708924108,0.0,0.0,0.0,0.0,0.0,0.0,0.0,0.0,0.0,0.0,0.0,0.0,0.0,0.0,0.0,0.0,0.399,0.01089,0.0,0.0,0.0,0.0,0.0,0.0,0.0,0.0,0.0,0.0,0.0804289544235925,16.179624664879334,13.72654155495979,0.01340482573726542,0.0,0.0,0.0,0.0,0.0,0.0,0.0,0.0,0.0,0.0,0.0,0.0,0.0,0.0,0.0,0.0
62500,4936,2527,0.5119529983792545,1186,1054,0.4538087520259319,1398,0.56645056726094,0.426,3.012038190120382,3.1006802299047633,6.686943620178042,2.056669365291114,9409.715969499955,1519.9441485961434,7853.0,10916.7582218647,10893.740017986458,7.164618935144978,7853.0,0.0,27.681320907617504,20.539096399628338,32.46310982936794,18.820102227756575,0.13756077795786062,0.1012965964343598,0.0919773095623987,0.08934359805510535,0.08610210696920584,0.07455429497568881,0.0630064829821718,0.06482982171799027,0.06564019448946515,0.04923014586709887,0.04598865478119935,0.04315235008103728,0.033022690437601296,0.022893030794165315,0.017828200972447326,0.009116693679092382,0.004457050243111832,0.9177775919872126,0.023022234979776877,0.0,0.0,0.0,0.0,0.0,0.0,0.0,0.0,0.0,0.0,0.0,0.0,0.0,0.0,0.0,0.0,0.0,0.0,0.0,0.0,0.0,0.0,0.0,0.0,0.0060777957860615895,0.4315235008103729,6.089951377633713,16.08792544570503,6.861831442463535,0.5226904376012967,4.29717868338558,2.900452597270413,nan,nan,nan,4.304184884447221,2.8894758273255103,4.290119572057898,2.9114533574812325,0.9967321774582345,0.399,0.01095,0.0,0.0,0.0,0.0,0.0,0.0,0.0,0.0,0.0,0.0,0.04254457050243113,16.300648298217155,13.620340356564022,0.036466774716369534,0.0,0.0,0.0,0.0,0.0,0.0,0.0,0.0,0.0,0.0,0.0,0.0,0.0,0.0,0.0,0.0,nan,nan,4.29717868338558,2.900452597270413,nan,0.399,0.05237,0.0,0.0,0.0,0.0,0.0,0.0,0.0,0.0,0.0,0.0,0.0,0.0,0.0,0.0,0.0,0.0,0.0,0.0,0.0,0.0,0.0,0.0015194489465153972,0.0,0.0,0.00320097244732577,0.0003444084278768233,0.004457050243111832,0.0074756888168557535,0.0021373581847649917,0.010413290113452187,0.011963128038897894,0.015386952998379255,0.026326985413290115,0.042433144246353326,0.060261345218800645,0.04295988654781199,0.06532617504051864,0.0398095623987034,0.05844813614262561,0.030024311183144248,0.08032820097244732,0.0737337925445705,0.0804902755267423,0.09108589951377634,0.07929497568881685,0.04608995137763371,0.05249189627228525,0.017676256077795785,0.01446515397082658,0.00909643435980551,0.014829821717990275,0.013745948136142626,0.0024311183144246355,0.0017524311183144247,0.0,0.0,0.0,0.0,0.0,0.0,0.0,0.0,0.0,0.0,0.0,0.0,0.0,0.0,0.0,0.0,0.0,0.0,0.0,0.0,0.0,0.0,0.0,0.0,0.0,0.0,0.0,0.0,0.0,0.0,0.0,0.0,0.0,0.0,0.0,0.0,0.0,0.0,0.0,0.0,0.0,0.0,0.0,0.0,0.0,0.0,0.0,nan,nan,4.29717868338558,2.900452597270413,nan,0.9179897178620465,0.023548026986866102,0.0,0.0,0.0,0.0,0.0,0.0,0.0,0.0,0.0,0.0,0.0,0.0,0.0,0.0,0.0,0.0,0.0,0.0,0.0,0.0,0.0,0.0,0.0,0.0,0.0,0.403640680648991,6.315789473684212,15.563909774436093,7.1586861891571045,0.5579738820736052,0.9175550755547903,0.022455309090251035,0.0,0.0,0.0,0.0,0.0,0.0,0.0,0.0,0.0,0.0,0.0,0.0,0.0,0.0,0.0,0.0,0.0,0.0,0.0,0.0,0.0,0.0,0.0,0.0,0.012453300124533004,0.46077210460772117,5.853051058530512,16.637608966376092,6.55043586550436,0.48567870485678716,0.3987,0.011185,0.0,0.0,0.0,0.0,0.0,0.0,0.0,0.0,0.0,0.0,0.07123070834982194,16.33557578155914,13.54570637119114,0.04748713889988129,0.0,0.0,0.0,0.0,0.0,0.0,0.0,0.0,0.0,0.0,0.0,0.0,0.0,0.0,0.0,0.0,0.399,0.01069,0.0,0.0,0.0,0.0,0.0,0.0,0.0,0.0,0.0,0.0,0.012453300124533004,16.264009962640074,13.698630136986305,0.02490660024906601,0.0,0.0,0.0,0.0,0.0,0.0,0.0,0.0,0.0,0.0,0.0,0.0,0.0,0.0,0.0,0.0
62600,4472,2367,0.5292933810375671,1127,873,0.4472271914132379,1221,0.5460644007155635,0.43,2.990023752969121,3.052571090198958,6.281645569620253,2.203229465332822,9462.43411065109,1517.7580760223575,7853.0,10919.674056351185,10893.722155822421,6.97835951515385,7853.0,0.0,28.56596601073345,20.944110289528986,33.27363708190677,19.214840216857446,0.12813059033989266,0.1001788908765653,0.09615384615384616,0.08340787119856888,0.08094812164579607,0.07245080500894455,0.0684257602862254,0.06551878354203935,0.05992844364937388,0.05433810375670841,0.04807692307692308,0.04382826475849732,0.03577817531305903,0.024821109123434704,0.020796064400715564,0.011404293381037567,0.005813953488372093,0.9185655266712944,0.022726169688195106,0.0,0.0,0.0,0.0,0.0,0.0,0.0,0.0,0.0,0.0,0.0,0.0,0.0,0.0,0.0,0.0,0.0,0.0,0.0,0.0,0.0,0.0,0.0,0.0,0.00670840787119857,0.4293381037567085,5.68202146690519,16.214221824686945,7.164579606440073,0.5031305903398927,4.113046448087432,2.8573544755482247,nan,nan,nan,4.049863387978142,2.814064983253058,4.176229508196721,2.89862092549722,1.031202563670096,0.3984,0.01089,0.0,0.0,0.0,0.0,0.0,0.0,0.0,0.0,0.0,0.0,0.04025044722719142,16.918604651162763,13.034436493738822,0.00670840787119857,0.0,0.0,0.0,0.0,0.0,0.0,0.0,0.0,0.0,0.0,0.0,0.0,0.0,0.0,0.0,0.0,nan,nan,4.113046448087432,2.8573544755482247,nan,0.3984,0.05197,0.0,0.0,0.0,0.0,0.0,0.0,0.0,0.0,0.0,0.0,0.0,0.0,0.0,0.0,0.0,0.0,0.0,0.0,0.0,0.0,0.0,0.0012745974955277282,0.0,0.0,0.0026610017889087656,0.0002795169946332737,0.005344364937388193,0.007748211091234347,0.0015988372093023256,0.009279964221824687,0.012634168157423971,0.015485241502683364,0.02819767441860465,0.04279964221824687,0.06444543828264758,0.03856216457960644,0.064054114490161,0.03953488372093023,0.0581283542039356,0.030724508050089444,0.08100402504472272,0.0767330053667263,0.08332960644007156,0.08916592128801432,0.07901386404293381,0.04598613595706619,0.051733005366726294,0.016804561717352416,0.014601967799642217,0.008788014311270125,0.014009391771019678,0.012477638640429337,0.002202593917710197,0.0013640429338103756,0.0,1.1180679785330948e-05,2.2361359570661896e-05,0.0,0.0,0.0,0.0,0.0,0.0,0.0,0.0,0.0,0.0,0.0,0.0,0.0,0.0,0.0,0.0,0.0,0.0,0.0,0.0,0.0,0.0,0.0,0.0,0.0,0.0,0.0,0.0,0.0,0.0,0.0,0.0,0.0,0.0,0.0,0.0,0.0,0.0,0.0,0.0,0.0,0.0,0.0,0.0,nan,nan,4.113046448087432,2.8573544755482247,nan,0.9185012296175826,0.022725427196785244,0.0,0.0,0.0,0.0,0.0,0.0,0.0,0.0,0.0,0.0,0.0,0.0,0.0,0.0,0.0,0.0,0.0,0.0,0.0,0.0,0.0,0.0,0.0,0.0,0.012674271229404312,0.3929024081115337,5.8555133079847925,16.19771863117871,7.034220532319393,0.5069708491761724,0.9186378264936869,0.022726787291179266,0.0,0.0,0.0,0.0,0.0,0.0,0.0,0.0,0.0,0.0,0.0,0.0,0.0,0.0,0.0,0.0,0.0,0.0,0.0,0.0,0.0,0.0,0.0,0.0,0.0,0.47030878859857495,5.486935866983374,16.232779097387176,7.311163895486938,0.4988123515439431,0.3982,0.01088,0.0,0.0,0.0,0.0,0.0,0.0,0.0,0.0,0.0,0.0,0.06337135614702155,17.173637515842813,12.750316856780739,0.012674271229404312,0.0,0.0,0.0,0.0,0.0,0.0,0.0,0.0,0.0,0.0,0.0,0.0,0.0,0.0,0.0,0.0,0.3987,0.010895,0.0,0.0,0.0,0.0,0.0,0.0,0.0,0.0,0.0,0.0,0.01425178147268409,16.631828978622302,13.353919239904991,0.0,0.0,0.0,0.0,0.0,0.0,0.0,0.0,0.0,0.0,0.0,0.0,0.0,0.0,0.0,0.0,0.0
62700,4618,2406,0.5210047639670853,1138,941,0.4501948895625812,1295,0.5608488523170203,0.418,2.9556962025316458,3.0685108265276213,6.595121951219512,1.9951915228293688,9437.12953497519,1518.9306585259367,7853.0,10920.241835474968,10893.527927063771,7.15036857525442,7853.0,0.0,27.813555651797316,20.739618145208244,32.717156105100464,18.979539930191166,0.140753572975314,0.10199220441749675,0.08640103941100043,0.08726721524469468,0.08163707232568211,0.07882200086617583,0.0779558250324816,0.056951061065396276,0.056951061065396276,0.05088783022953659,0.045257687310524035,0.043308791684711995,0.03226504980511044,0.028150714595062798,0.01580770896491988,0.010177566045907319,0.005413598960588999,0.9176881701051027,0.023064241419556004,0.0,0.0,0.0,0.0,0.0,0.0,0.0,0.0,0.0,0.0,0.0,0.0,0.0,0.0,0.0,0.0,0.0,0.0,0.0,0.0,0.0,0.0,0.0,0.0,0.006496318752706801,0.3702901689042877,6.424859246427026,15.701602425292338,7.048505846686879,0.4482459939367693,4.232202262142382,2.943463885919578,nan,nan,nan,4.181877872619829,2.9270648024997725,4.283884018880648,2.959320148918869,1.0243924259311081,0.3982,0.01066,0.0,0.0,0.0,0.0,0.0,0.0,0.0,0.0,0.0,0.0,0.006496318752706801,17.085318319618857,12.895192724123,0.012992637505413601,0.0,0.0,0.0,0.0,0.0,0.0,0.0,0.0,0.0,0.0,0.0,0.0,0.0,0.0,0.0,0.0,nan,nan,4.232202262142382,2.943463885919578,nan,0.3982,0.05142,0.0,0.0,0.0,0.0,0.0,0.0,0.0,0.0,0.0,0.0,0.0,0.0,0.0,0.0,0.0,0.0,0.0,0.0,0.0,0.0,0.0,0.001342572542226072,0.0,0.0,0.002035513209181464,0.000508878302295366,0.0044824599393676915,0.0064854915547856214,0.001310090948462538,0.009592897358163707,0.012472932005197055,0.01660892161108705,0.02732784755305327,0.04400173235166739,0.06358813339107838,0.042345171069727155,0.06524469467301862,0.041165006496318754,0.0550671286271113,0.031637072325682115,0.08191857947163274,0.07847553053269814,0.0857838891294933,0.09141403204850584,0.07321351234300563,0.045333477695972284,0.0502490255521871,0.016868774361195323,0.01250541359896059,0.009387180597661325,0.013663923776526634,0.011650064963187528,0.00243611953226505,0.0018622780424426158,0.0,2.1654395842355997e-05,0.0,0.0,0.0,0.0,0.0,0.0,0.0,0.0,0.0,0.0,0.0,0.0,0.0,0.0,0.0,0.0,0.0,0.0,0.0,0.0,0.0,0.0,0.0,0.0,0.0,0.0,0.0,0.0,0.0,0.0,0.0,0.0,0.0,0.0,0.0,0.0,0.0,0.0,0.0,0.0,0.0,0.0,0.0,0.0,0.0,nan,nan,4.232202262142382,2.943463885919578,nan,0.9175547489452045,0.023437738216153883,0.0,0.0,0.0,0.0,0.0,0.0,0.0,0.0,0.0,0.0,0.0,0.0,0.0,0.0,0.0,0.0,0.0,0.0,0.0,0.0,0.0,0.0,0.0,0.0,0.012468827930174566,0.374064837905237,6.683291770573567,15.23690773067332,7.206982543640899,0.48628428927680806,0.9178332927591331,0.022650103877967988,0.0,0.0,0.0,0.0,0.0,0.0,0.0,0.0,0.0,0.0,0.0,0.0,0.0,0.0,0.0,0.0,0.0,0.0,0.0,0.0,0.0,0.0,0.0,0.0,0.0,0.3661844484629296,6.1437613019891515,16.20705244122966,6.8761301989150105,0.40687160940325506,0.3984,0.01048,0.0,0.0,0.0,0.0,0.0,0.0,0.0,0.0,0.0,0.0,0.0,16.745635910224415,13.24189526184539,0.012468827930174566,0.0,0.0,0.0,0.0,0.0,0.0,0.0,0.0,0.0,0.0,0.0,0.0,0.0,0.0,0.0,0.0,0.398,0.01085,0.0,0.0,0.0,0.0,0.0,0.0,0.0,0.0,0.0,0.0,0.013562386980108502,17.45479204339961,12.518083182640147,0.013562386980108502,0.0,0.0,0.0,0.0,0.0,0.0,0.0,0.0,0.0,0.0,0.0,0.0,0.0,0.0,0.0,0.0
62800,4766,2429,0.509651699538397,1136,984,0.4448174569869912,1331,0.5585396558959295,0.418,2.8874625588361145,3.1223381579383283,6.761904761904762,2.1733103360711916,9402.75085667111,1520.1271002343062,7853.0,10916.762068808079,10893.803862863115,7.104922464876928,7853.0,0.0,27.094418799832145,20.58364465045278,32.20025252525252,18.84490258588737,0.14876206462442298,0.10008392782207302,0.0990348300461603,0.08644565673520772,0.0765841376416282,0.08015107007973143,0.07196810742761225,0.05916911456147713,0.060218212337389845,0.05098615190935795,0.04175409148132606,0.03483004616030214,0.03483004616030214,0.024129248845992445,0.014687368862778011,0.010700797314309694,0.0056651279899286614,0.9179039807865913,0.022838514131167283,0.0,0.0,0.0,0.0,0.0,0.0,0.0,0.0,0.0,0.0,0.0,0.0,0.0,0.0,0.0,0.0,0.0,0.0,0.0,0.0,0.0,0.0,0.0,0.0,0.0,0.37138061267310124,6.124632815778432,15.856063785144778,7.144355853965591,0.5035669324381034,4.310963455149501,2.889259421025868,nan,nan,nan,4.308411214953271,2.8546818194294965,4.313492063492063,2.9231113336622387,1.0011792858864443,0.3992,0.01066,0.0,0.0,0.0,0.0,0.0,0.0,0.0,0.0,0.0,0.0,0.025178346621905167,15.786823331934515,14.15652538816618,0.03147293327738146,0.0,0.0,0.0,0.0,0.0,0.0,0.0,0.0,0.0,0.0,0.0,0.0,0.0,0.0,0.0,0.0,nan,nan,4.310963455149501,2.889259421025868,nan,0.3992,0.05142,0.0,0.0,0.0,0.0,0.0,0.0,0.0,0.0,0.0,0.0,0.0,0.0,0.0,0.0,0.0,0.0,0.0,0.0,0.0,0.0,0.0,0.0014162819974821654,0.0,1.049097775912715e-05,0.002140159462861939,0.0005245488879563575,0.0043013008812421314,0.006011330255979858,0.0007763323541754092,0.009473352916491817,0.011288292068820814,0.018506084767100292,0.026825430130088125,0.04322282836760386,0.06240033571128829,0.03978178766261015,0.06213806126731011,0.043642467477968946,0.05214015946286194,0.03067561896768779,0.08035039865715485,0.08202895509861519,0.08420058749475451,0.09441879983214435,0.07501049097775912,0.046737305916911456,0.05136382710868653,0.01800251783466219,0.01270457406630298,0.009924464960134284,0.01443558539655896,0.011288292068820814,0.0025493075954678974,0.0016575744859420897,0.0,5.245488879563575e-05,0.0,0.0,0.0,0.0,0.0,0.0,0.0,0.0,0.0,0.0,0.0,0.0,0.0,0.0,0.0,0.0,0.0,0.0,0.0,0.0,0.0,0.0,0.0,0.0,0.0,0.0,0.0,0.0,0.0,0.0,0.0,0.0,0.0,0.0,0.0,0.0,0.0,0.0,0.0,0.0,0.0,0.0,0.0,0.0,0.0,nan,nan,4.310963455149501,2.889259421025868,nan,0.9178825936085798,0.023264472234821455,0.0,0.0,0.0,0.0,0.0,0.0,0.0,0.0,0.0,0.0,0.0,0.0,0.0,0.0,0.0,0.0,0.0,0.0,0.0,0.0,0.0,0.0,0.0,0.0,0.0,0.3828736105393167,6.311239193083575,15.63606422396048,7.101687937422809,0.5681350349938247,0.9179262099074257,0.02238717794673086,0.0,0.0,0.0,0.0,0.0,0.0,0.0,0.0,0.0,0.0,0.0,0.0,0.0,0.0,0.0,0.0,0.0,0.0,0.0,0.0,0.0,0.0,0.0,0.0,0.0,0.3594351732991015,5.930680359435175,16.08472400513479,7.18870346598203,0.436456996148909,0.3992,0.01057,0.0,0.0,0.0,0.0,0.0,0.0,0.0,0.0,0.0,0.0,0.024701523260601075,15.808974886784661,14.129271305063815,0.037052284890901614,0.0,0.0,0.0,0.0,0.0,0.0,0.0,0.0,0.0,0.0,0.0,0.0,0.0,0.0,0.0,0.0,0.3992,0.01076,0.0,0.0,0.0,0.0,0.0,0.0,0.0,0.0,0.0,0.0,0.02567394094993582,15.763799743260568,14.184852374839542,0.02567394094993582,0.0,0.0,0.0,0.0,0.0,0.0,0.0,0.0,0.0,0.0,0.0,0.0,0.0,0.0,0.0,0.0
62900,4830,2461,0.5095238095238095,1174,961,0.4420289855072464,1366,0.565631469979296,0.40599999999999997,2.8758970029548334,3.0731557197832666,6.537091988130563,2.1534503059102224,9402.488005346097,1520.2581644183067,7853.0,10920.343771219254,10894.05122544561,7.083758832317608,7853.0,0.0,28.73913043478261,21.238316989832942,33.462475633528264,19.54157998364522,0.1300207039337474,0.10372670807453416,0.08902691511387163,0.084472049689441,0.08364389233954451,0.07308488612836439,0.06873706004140787,0.05983436853002071,0.054244306418219465,0.053830227743271224,0.0525879917184265,0.04472049689440994,0.034782608695652174,0.02774327122153209,0.018633540372670808,0.011387163561076604,0.009523809523809525,0.9191347287061545,0.023213867438235218,0.0,0.0,0.0,0.0,0.0,0.0,0.0,0.0,0.0,0.0,0.0,0.0,0.0,0.0,0.0,0.0,0.0,0.0,0.0,0.0,0.0,0.0,0.0,0.0,0.0,0.31055900621118016,5.900621118012424,15.726708074534164,7.416149068322983,0.6459627329192549,4.200378071833648,2.8939760755090416,nan,nan,nan,4.13337507827176,2.833800715007723,4.2682308180088775,2.952116097114881,1.0326260591365213,0.399,0.01072,0.0,0.0,0.0,0.0,0.0,0.0,0.0,0.0,0.0,0.0,0.07453416149068325,15.894409937888174,14.018633540372674,0.012422360248447208,0.0,0.0,0.0,0.0,0.0,0.0,0.0,0.0,0.0,0.0,0.0,0.0,0.0,0.0,0.0,0.0,nan,nan,4.200378071833648,2.8939760755090416,nan,0.399,0.05182,0.0,0.0,0.0,0.0,0.0,0.0,0.0,0.0,0.0,0.0,0.0,0.0,0.0,0.0,0.0,0.0,0.0,0.0,0.0,0.0,0.0,0.0012732919254658385,0.0,4.1407867494824014e-05,0.002184265010351967,0.00031055900621118014,0.0044824016563147,0.006708074534161491,0.0007971014492753623,0.009151138716356108,0.011532091097308489,0.01919254658385093,0.028788819875776396,0.040703933747412005,0.06553830227743271,0.039554865424430645,0.05989648033126294,0.04449275362318841,0.05194616977225673,0.03070393374741201,0.08301242236024844,0.07841614906832298,0.08404761904761905,0.09440993788819876,0.07146997929606626,0.04720496894409938,0.052577639751552795,0.017826086956521738,0.011418219461697722,0.009109730848861283,0.015590062111801242,0.012857142857142857,0.0029399585921325052,0.0017701863354037267,0.0,5.175983436853002e-05,0.0,0.0,0.0,0.0,0.0,0.0,0.0,0.0,0.0,0.0,0.0,0.0,0.0,0.0,0.0,0.0,0.0,0.0,0.0,0.0,0.0,0.0,0.0,0.0,0.0,0.0,0.0,0.0,0.0,0.0,0.0,0.0,0.0,0.0,0.0,0.0,0.0,0.0,0.0,0.0,0.0,0.0,0.0,0.0,0.0,nan,nan,4.200378071833648,2.8939760755090416,nan,0.918832134008892,0.022948345766575985,0.0,0.0,0.0,0.0,0.0,0.0,0.0,0.0,0.0,0.0,0.0,0.0,0.0,0.0,0.0,0.0,0.0,0.0,0.0,0.0,0.0,0.0,0.0,0.0,0.0,0.28037383177570097,6.070702966273874,15.85940674522552,7.119057293783016,0.6704591629418937,0.9194490746537962,0.023482392963822686,0.0,0.0,0.0,0.0,0.0,0.0,0.0,0.0,0.0,0.0,0.0,0.0,0.0,0.0,0.0,0.0,0.0,0.0,0.0,0.0,0.0,0.0,0.0,0.0,0.0,0.34191642043056153,5.723934149430141,15.588856057408192,7.724778387505278,0.6205149852258338,0.399,0.01069,0.0,0.0,0.0,0.0,0.0,0.0,0.0,0.0,0.0,0.0,0.08533116619260465,15.993498577813874,13.896789922795614,0.024380333197887044,0.0,0.0,0.0,0.0,0.0,0.0,0.0,0.0,0.0,0.0,0.0,0.0,0.0,0.0,0.0,0.0,0.3992,0.01075,0.0,0.0,0.0,0.0,0.0,0.0,0.0,0.0,0.0,0.0,0.06331785563528916,15.791473195441093,14.1452089489236,0.0,0.0,0.0,0.0,0.0,0.0,0.0,0.0,0.0,0.0,0.0,0.0,0.0,0.0,0.0,0.0,0.0
63000,4900,2506,0.5114285714285715,1217,1000,0.4524489795918367,1371,0.5595918367346939,0.40599999999999997,2.923141186299081,3.095652621634763,6.485163204747774,2.2821561828236936,9408.458862815889,1520.310906228268,7853.0,10919.37397825718,10894.400011092519,6.980823861516995,7853.0,0.0,27.796530612244897,20.651452194924865,32.61234866828087,18.916769212467347,0.13714285714285715,0.09897959183673469,0.09551020408163265,0.08693877551020408,0.07714285714285714,0.07857142857142857,0.07530612244897959,0.06612244897959184,0.058163265306122446,0.051224489795918364,0.04775510204081632,0.03612244897959184,0.030816326530612243,0.025918367346938774,0.015918367346938776,0.012448979591836735,0.005918367346938775,0.9200596243508008,0.022948969376528818,0.0,0.0,0.0,0.0,0.0,0.0,0.0,0.0,0.0,0.0,0.0,0.0,0.0,0.0,0.0,0.0,0.0,0.0,0.0,0.0,0.0,0.0,0.0,0.0,0.0,0.3122448979591837,5.3755102040816345,15.973469387755104,7.714285714285716,0.6244897959183674,4.245091830272324,2.955673097443562,nan,nan,nan,4.274920634920635,2.957042641589292,4.215413771320278,2.954010935822266,0.9860800074007778,0.399,0.010864,0.0,0.0,0.0,0.0,0.0,0.0,0.0,0.0,0.0,0.0,0.018367346938775512,16.102040816326507,13.85510204081633,0.024489795918367353,0.0,0.0,0.0,0.0,0.0,0.0,0.0,0.0,0.0,0.0,0.0,0.0,0.0,0.0,0.0,0.0,nan,nan,4.245091830272324,2.955673097443562,nan,0.399,0.05182,0.0,0.0,0.0,0.0,0.0,0.0,0.0,0.0,0.0,0.0,0.0,0.0,0.0,0.0,0.0,0.0,0.0,0.0,0.0,0.0,0.0,0.0015918367346938775,0.0,8.163265306122449e-05,0.0017244897959183673,0.0002653061224489796,0.00426530612244898,0.006653061224489796,0.0010204081632653062,0.006989795918367347,0.012244897959183673,0.019081632653061224,0.029520408163265306,0.040948979591836736,0.06629591836734694,0.03960204081632653,0.06174489795918368,0.046285714285714284,0.05126530612244898,0.02983673469387755,0.08311224489795918,0.0796326530612245,0.08222448979591837,0.09383673469387756,0.07093877551020408,0.046306122448979595,0.05277551020408163,0.017142857142857144,0.011857142857142858,0.008846938775510203,0.015489795918367346,0.012989795918367348,0.003183673469387755,0.002163265306122449,7.142857142857143e-05,1.0204081632653061e-05,0.0,0.0,0.0,0.0,0.0,0.0,0.0,0.0,0.0,0.0,0.0,0.0,0.0,0.0,0.0,0.0,0.0,0.0,0.0,0.0,0.0,0.0,0.0,0.0,0.0,0.0,0.0,0.0,0.0,0.0,0.0,0.0,0.0,0.0,0.0,0.0,0.0,0.0,0.0,0.0,0.0,0.0,0.0,0.0,0.0,nan,nan,4.245091830272324,2.955673097443562,nan,0.9200406559019781,0.02259595385703601,0.0,0.0,0.0,0.0,0.0,0.0,0.0,0.0,0.0,0.0,0.0,0.0,0.0,0.0,0.0,0.0,0.0,0.0,0.0,0.0,0.0,0.0,0.0,0.0,0.0,0.3232242617717479,5.159616919393457,16.35275339185954,7.541899441340783,0.6225059856344775,0.9200794802124339,0.023312757868886834,0.0,0.0,0.0,0.0,0.0,0.0,0.0,0.0,0.0,0.0,0.0,0.0,0.0,0.0,0.0,0.0,0.0,0.0,0.0,0.0,0.0,0.0,0.0,0.0,0.0,0.30075187969924816,5.601503759398498,15.576441102756895,7.894736842105265,0.6265664160401003,0.3992,0.01085,0.0,0.0,0.0,0.0,0.0,0.0,0.0,0.0,0.0,0.0,0.01197126895450918,16.12529928172384,13.838786911412612,0.02394253790901836,0.0,0.0,0.0,0.0,0.0,0.0,0.0,0.0,0.0,0.0,0.0,0.0,0.0,0.0,0.0,0.0,0.399,0.01088,0.0,0.0,0.0,0.0,0.0,0.0,0.0,0.0,0.0,0.0,0.025062656641604016,16.077694235588947,13.872180451127823,0.025062656641604016,0.0,0.0,0.0,0.0,0.0,0.0,0.0,0.0,0.0,0.0,0.0,0.0,0.0,0.0,0.0,0.0
63100,4608,2364,0.5130208333333334,1108,957,0.4481336805555556,1332,0.578125,0.40199999999999997,3.03475935828877,3.0617012596611444,6.31858407079646,2.249610205733509,9413.452376554591,1520.3395065481498,7853.0,10917.212276756763,10894.693972573416,7.015075210482742,7853.0,0.0,29.05881076388889,21.30575336296502,33.90764901509338,19.4824284810092,0.13411458333333334,0.0920138888888889,0.0920138888888889,0.0859375,0.07573784722222222,0.07356770833333333,0.0681423611111111,0.0646701388888889,0.0627170138888889,0.052734375,0.046223958333333336,0.044270833333333336,0.034505208333333336,0.03211805555555555,0.023220486111111112,0.01171875,0.006293402777777778,0.9209872787921793,0.022948618026086588,0.0,0.0,0.0,0.0,0.0,0.0,0.0,0.0,0.0,0.0,0.0,0.0,0.0,0.0,0.0,0.0,0.0,0.0,0.0,0.0,0.0,0.0,0.0,0.0,0.0,0.2408854166666667,5.247395833333334,15.716145833333336,8.196614583333336,0.5989583333333335,4.203800786369594,2.8394822081924698,nan,nan,nan,4.230411686586986,2.8149014339472336,4.177878395860285,2.8629862824536443,0.9875819909222396,0.3994,0.0108,0.0,0.0,0.0,0.0,0.0,0.0,0.0,0.0,0.0,0.0,0.05208333333333334,15.546874999999979,14.36197916666667,0.03906250000000001,0.0,0.0,0.0,0.0,0.0,0.0,0.0,0.0,0.0,0.0,0.0,0.0,0.0,0.0,0.0,0.0,nan,nan,4.203800786369594,2.8394822081924698,nan,0.3994,0.05176,0.0,0.0,0.0,0.0,0.0,0.0,0.0,0.0,0.0,0.0,0.0,0.0,0.0,0.0,0.0,0.0,0.0,0.0,0.0,0.0,0.0,0.0015625,0.0,7.595486111111111e-05,0.001247829861111111,0.00014105902777777776,0.004307725694444445,0.0064995659722222225,0.0012912326388888889,0.007042100694444445,0.01083984375,0.020030381944444446,0.02927517361111111,0.04045138888888889,0.06725260416666666,0.03951822916666667,0.06196831597222222,0.04580078125,0.04988064236111111,0.028776041666666665,0.08212890625,0.07807074652777778,0.08155381944444444,0.10022786458333334,0.06966145833333333,0.04712456597222222,0.050694444444444445,0.018684895833333333,0.012163628472222222,0.008767361111111111,0.01674262152777778,0.013172743055555556,0.0030924479166666665,0.0018880208333333333,6.510416666666667e-05,0.0,0.0,0.0,0.0,0.0,0.0,0.0,0.0,0.0,0.0,0.0,0.0,0.0,0.0,0.0,0.0,0.0,0.0,0.0,0.0,0.0,0.0,0.0,0.0,0.0,0.0,0.0,0.0,0.0,0.0,0.0,0.0,0.0,0.0,0.0,0.0,0.0,0.0,0.0,0.0,0.0,0.0,0.0,0.0,0.0,0.0,nan,nan,4.203800786369594,2.8394822081924698,nan,0.9209092871085843,0.02321346883241204,0.0,0.0,0.0,0.0,0.0,0.0,0.0,0.0,0.0,0.0,0.0,0.0,0.0,0.0,0.0,0.0,0.0,0.0,0.0,0.0,0.0,0.0,0.0,0.0,0.0,0.2538071065989848,5.368020304568529,15.393401015228429,8.3502538071066,0.634517766497462,0.9210694411540414,0.022665966655528842,0.0,0.0,0.0,0.0,0.0,0.0,0.0,0.0,0.0,0.0,0.0,0.0,0.0,0.0,0.0,0.0,0.0,0.0,0.0,0.0,0.0,0.0,0.0,0.0,0.0,0.22727272727272732,5.120320855614974,16.056149732620323,8.034759358288772,0.5614973262032087,0.3992,0.01077,0.0,0.0,0.0,0.0,0.0,0.0,0.0,0.0,0.0,0.0,0.03807106598984772,15.609137055837541,14.302030456852796,0.05076142131979697,0.0,0.0,0.0,0.0,0.0,0.0,0.0,0.0,0.0,0.0,0.0,0.0,0.0,0.0,0.0,0.0,0.3994,0.01084,0.0,0.0,0.0,0.0,0.0,0.0,0.0,0.0,0.0,0.0,0.06684491978609627,15.481283422459871,14.425133689839575,0.02673796791443851,0.0,0.0,0.0,0.0,0.0,0.0,0.0,0.0,0.0,0.0,0.0,0.0,0.0,0.0,0.0,0.0
63200,4437,2309,0.5203966644128916,1108,901,0.4527834122154609,1215,0.5476673427991886,0.438,2.9168233082706765,3.153667584248208,6.718085106382978,2.252727083316095,9436.196664116136,1519.886477136168,7853.0,10918.479374051094,10895.288262747206,7.061815991046578,7853.0,0.0,27.300878972278568,20.537181476098347,32.054871520342616,18.901806951525653,0.13860716700473294,0.10299752084741942,0.09871534820824882,0.08902411539328375,0.08564345278341222,0.07527608744647284,0.0676132521974307,0.06130268199233716,0.05792201938246563,0.05656975433851701,0.04372323642100518,0.03177822853279243,0.036285778679287804,0.02276312823980167,0.016227180527383367,0.00878972278566599,0.0067613252197430695,0.9220653637481322,0.023247209552154122,0.0,0.0,0.0,0.0,0.0,0.0,0.0,0.0,0.0,0.0,0.0,0.0,0.0,0.0,0.0,0.0,0.0,0.0,0.0,0.0,0.0,0.0,0.0,0.0,0.006761325219743071,0.283975659229209,4.861392832995268,15.341446923597028,8.755916159567278,0.750507099391481,4.23543946346629,2.9731093846840126,nan,nan,nan,4.14726507713885,3.0054968731107157,4.32574679943101,2.9380526889472725,1.0430360054089651,0.4,0.01077,0.0,0.0,0.0,0.0,0.0,0.0,0.0,0.0,0.0,0.0,0.027045300878972285,14.976335361730877,14.983096686950645,0.013522650439486143,0.0,0.0,0.0,0.0,0.0,0.0,0.0,0.0,0.0,0.0,0.0,0.0,0.0,0.0,0.0,0.0,nan,nan,4.23543946346629,2.9731093846840126,nan,0.4,0.05164,0.0,0.0,0.0,0.0,0.0,0.0,0.0,0.0,0.0,0.0,0.0,0.0,0.0,0.0,0.0,0.0,0.0,0.0,0.0,0.0,3.380662609871535e-05,0.0019945909398242055,0.0,3.380662609871535e-05,0.0012733829163849447,2.2537750732476897e-05,0.004011719630380888,0.0050484561640748256,0.0015325670498084292,0.006085192697768763,0.011742168131620464,0.020971377056569755,0.026650890241153934,0.04118773946360153,0.06662159116520171,0.038483209375704305,0.06428893396439035,0.04489519945909398,0.0492675231011945,0.029118773946360154,0.07970475546540455,0.07807076853729998,0.08371647509578545,0.1008789722785666,0.06866125760649087,0.0486815415821501,0.05152129817444219,0.018706333107955827,0.013657876943881,0.008992562542258282,0.015866576515663738,0.012891593418976785,0.0028961009691232816,0.0024904214559386974,0.0,0.0,0.0,0.0,0.0,0.0,0.0,0.0,0.0,0.0,0.0,0.0,0.0,0.0,0.0,0.0,0.0,0.0,0.0,0.0,0.0,0.0,0.0,0.0,0.0,0.0,0.0,0.0,0.0,0.0,0.0,0.0,0.0,0.0,0.0,0.0,0.0,0.0,0.0,0.0,0.0,0.0,0.0,0.0,0.0,0.0,0.0,nan,nan,4.23543946346629,2.9731093846840126,nan,0.9223386492497894,0.02307200033844393,0.0,0.0,0.0,0.0,0.0,0.0,0.0,0.0,0.0,0.0,0.0,0.0,0.0,0.0,0.0,0.0,0.0,0.0,0.0,0.0,0.0,0.0,0.0,0.0,0.012992637505413601,0.24686011260285842,4.664356864443483,15.409268081420532,8.990905153746212,0.6756171502815074,0.9217688335679975,0.023432234557396157,0.0,0.0,0.0,0.0,0.0,0.0,0.0,0.0,0.0,0.0,0.0,0.0,0.0,0.0,0.0,0.0,0.0,0.0,0.0,0.0,0.0,0.0,0.0,0.0,0.0,0.32424812030075195,5.075187969924813,15.267857142857146,8.500939849624062,0.8317669172932333,0.4,0.01072,0.0,0.0,0.0,0.0,0.0,0.0,0.0,0.0,0.0,0.0,0.012992637505413601,14.733650931139,15.253356431355568,0.0,0.0,0.0,0.0,0.0,0.0,0.0,0.0,0.0,0.0,0.0,0.0,0.0,0.0,0.0,0.0,0.0,0.3997,0.01084,0.0,0.0,0.0,0.0,0.0,0.0,0.0,0.0,0.0,0.0,0.04229323308270677,15.239661654135316,14.689849624060153,0.028195488721804517,0.0,0.0,0.0,0.0,0.0,0.0,0.0,0.0,0.0,0.0,0.0,0.0,0.0,0.0,0.0,0.0
63300,4941,2557,0.5175065776158673,1211,986,0.4446468326249747,1415,0.5727585509006274,0.39399999999999996,2.997063758389262,3.040069337996666,6.396332863187588,2.1070204584180536,9427.18341191389,1520.0066288731314,7853.0,10918.716959953308,10894.861649693597,7.008008585772554,7853.0,0.0,28.041489577008704,20.69619340606033,33.017361948396434,18.858775786023543,0.1384335154826958,0.0975511030155839,0.09289617486338798,0.08500303582270795,0.08176482493422384,0.07184780408824125,0.07407407407407407,0.06435944140862174,0.05525197328476017,0.0588949605343048,0.048573163327261686,0.04148957700870269,0.03278688524590164,0.02388180530257033,0.01841732442825339,0.009512244484922081,0.005262092693786683,0.9214493489004875,0.023130359842008567,0.0,0.0,0.0,0.0,0.0,0.0,0.0,0.0,0.0,0.0,0.0,0.0,0.0,0.0,0.0,0.0,0.0,0.0,0.0,0.0,0.0,0.0,0.0,0.0,0.0,0.29751062537947787,4.9301760777170625,15.798421372191868,8.190649666059503,0.7832422586520948,4.29940494832446,2.8420012572252844,nan,nan,nan,4.364654635967642,2.7823240167600094,4.232176656151419,2.900294664735668,0.9696475458276775,0.3997,0.01075,0.0,0.0,0.0,0.0,0.0,0.0,0.0,0.0,0.0,0.0,0.03642987249544627,15.543412264723717,14.401942926533094,0.018214936247723135,0.0,0.0,0.0,0.0,0.0,0.0,0.0,0.0,0.0,0.0,0.0,0.0,0.0,0.0,0.0,0.0,nan,nan,4.29940494832446,2.8420012572252844,nan,0.3997,0.05154,0.0,0.0,0.0,0.0,0.0,0.0,0.0,0.0,0.0,0.0,0.0,0.0,0.0,0.0,0.0,0.0,0.0,0.0,0.0,0.0,2.0238818053025702e-05,0.001436956081764825,0.0,0.0,0.0008297915401740538,0.0,0.003612629022465088,0.0051406597854685284,0.0018012548067192877,0.006354988868650071,0.01281117182756527,0.02327464076097956,0.025814612426634284,0.04317951831613034,0.06998583282736288,0.03538757336571544,0.05944140862173649,0.04523375834851245,0.05174053835256021,0.030854078121837686,0.07790933009512245,0.07612831410645618,0.08210888484112527,0.10136612021857923,0.07297105849018418,0.049767253592390204,0.051022060311677796,0.01731430884436349,0.012578425419955474,0.008166363084395872,0.014167172637117992,0.014055859137826351,0.0023375834851244687,0.00315725561627201,3.0358227079538556e-05,0.0,0.0,0.0,0.0,0.0,0.0,0.0,0.0,0.0,0.0,0.0,0.0,0.0,0.0,0.0,0.0,0.0,0.0,0.0,0.0,0.0,0.0,0.0,0.0,0.0,0.0,0.0,0.0,0.0,0.0,0.0,0.0,0.0,0.0,0.0,0.0,0.0,0.0,0.0,0.0,0.0,0.0,0.0,0.0,0.0,0.0,nan,nan,4.29940494832446,2.8420012572252844,nan,0.9212715214800918,0.02300162361950519,0.0,0.0,0.0,0.0,0.0,0.0,0.0,0.0,0.0,0.0,0.0,0.0,0.0,0.0,0.0,0.0,0.0,0.0,0.0,0.0,0.0,0.0,0.0,0.0,0.0,0.3167774736018773,4.6929996089167,16.050058662495115,8.236214313648809,0.7039499413375051,0.921640080743588,0.023266135765420356,0.0,0.0,0.0,0.0,0.0,0.0,0.0,0.0,0.0,0.0,0.0,0.0,0.0,0.0,0.0,0.0,0.0,0.0,0.0,0.0,0.0,0.0,0.0,0.0,0.0,0.2768456375838927,5.184563758389263,15.528523489932889,8.141778523489934,0.8682885906040271,0.3994,0.01054,0.0,0.0,0.0,0.0,0.0,0.0,0.0,0.0,0.0,0.0,0.0234649980445835,15.850606179116129,14.114196323816977,0.01173249902229175,0.0,0.0,0.0,0.0,0.0,0.0,0.0,0.0,0.0,0.0,0.0,0.0,0.0,0.0,0.0,0.0,0.4,0.01098,0.0,0.0,0.0,0.0,0.0,0.0,0.0,0.0,0.0,0.0,0.05033557046979867,15.213926174496622,14.710570469798661,0.025167785234899334,0.0,0.0,0.0,0.0,0.0,0.0,0.0,0.0,0.0,0.0,0.0,0.0,0.0,0.0,0.0,0.0
63400,4815,2467,0.5123572170301143,1185,981,0.44984423676012464,1340,0.5565939771547248,0.418,2.888841567291312,3.009778756652419,6.336363636363636,2.1670141700559182,9411.471101314504,1520.4270694203658,7853.0,10916.5447742939,10894.766661057696,7.014394048639804,7853.0,0.0,28.44652128764278,21.04049391189286,33.22143207454635,19.317569112572126,0.13229491173416408,0.0988577362409138,0.09511941848390447,0.08494288681204569,0.07975077881619938,0.07850467289719626,0.06458982346832814,0.06687435098650052,0.05939771547248183,0.05109034267912772,0.04527518172377985,0.04361370716510903,0.0367601246105919,0.02284527518172378,0.01806853582554517,0.014330218068535825,0.0076843198338525445,0.9210449192259047,0.023124223565413014,0.0,0.0,0.0,0.0,0.0,0.0,0.0,0.0,0.0,0.0,0.0,0.0,0.0,0.0,0.0,0.0,0.0,0.0,0.0,0.0,0.0,0.0,0.0,0.0,0.006230529595015578,0.3738317757009347,5.003115264797509,15.651090342679131,8.230529595015577,0.7352024922118382,4.19295461758172,2.847475934556246,nan,nan,nan,4.189987163029525,2.8311221732351757,4.19786432160804,2.863155384442263,1.0018799958739775,0.3994,0.01066,0.0,0.0,0.0,0.0,0.0,0.0,0.0,0.0,0.0,0.0,0.01869158878504673,15.975077881619914,14.006230529595019,0.0,0.0,0.0,0.0,0.0,0.0,0.0,0.0,0.0,0.0,0.0,0.0,0.0,0.0,0.0,0.0,0.0,nan,nan,4.19295461758172,2.847475934556246,nan,0.3994,0.05167,0.0,0.0,0.0,0.0,0.0,0.0,0.0,0.0,0.0,0.0,0.0,0.0,0.0,0.0,0.0,0.0,0.0,0.0,0.0,0.0,0.0,0.0012357217030114227,0.0,0.0,0.001059190031152648,4.153686396677051e-05,0.004143302180685358,0.005462097611630322,0.0019937694704049843,0.005919003115264798,0.012897196261682243,0.02339563862928349,0.025669781931464176,0.04166147455867082,0.07291796469366563,0.03546209761163032,0.05659397715472482,0.04428868120456905,0.055514018691588785,0.03152647975077882,0.07767393561786085,0.07940809968847352,0.0795742471443406,0.09776739356178608,0.072668743509865,0.05100726895119419,0.05,0.01849428868120457,0.011059190031152648,0.008992731048805816,0.014164070612668743,0.013759086188992731,0.002616822429906542,0.0030114226375908618,2.0768431983385256e-05,0.0,0.0,0.0,0.0,0.0,0.0,0.0,0.0,0.0,0.0,0.0,0.0,0.0,0.0,0.0,0.0,0.0,0.0,0.0,0.0,0.0,0.0,0.0,0.0,0.0,0.0,0.0,0.0,0.0,0.0,0.0,0.0,0.0,0.0,0.0,0.0,0.0,0.0,0.0,0.0,0.0,0.0,0.0,0.0,0.0,0.0,nan,nan,4.19295461758172,2.847475934556246,nan,0.9211063357466476,0.023225446015141437,0.0,0.0,0.0,0.0,0.0,0.0,0.0,0.0,0.0,0.0,0.0,0.0,0.0,0.0,0.0,0.0,0.0,0.0,0.0,0.0,0.0,0.0,0.0,0.0,0.012160518848804218,0.389136603161735,4.876368058370491,15.674908796108637,8.342115930279693,0.7053100932306446,0.9209803900280031,0.023017214923896218,0.0,0.0,0.0,0.0,0.0,0.0,0.0,0.0,0.0,0.0,0.0,0.0,0.0,0.0,0.0,0.0,0.0,0.0,0.0,0.0,0.0,0.0,0.0,0.0,0.0,0.3577512776831347,5.1362862010221475,15.626064735945489,8.11328790459966,0.7666098807495743,0.3994,0.01075,0.0,0.0,0.0,0.0,0.0,0.0,0.0,0.0,0.0,0.0,0.012160518848804218,16.100526955816758,13.887312525334417,0.0,0.0,0.0,0.0,0.0,0.0,0.0,0.0,0.0,0.0,0.0,0.0,0.0,0.0,0.0,0.0,0.0,0.3997,0.010574,0.0,0.0,0.0,0.0,0.0,0.0,0.0,0.0,0.0,0.0,0.025553662691652476,15.84327086882451,14.13117546848382,0.0,0.0,0.0,0.0,0.0,0.0,0.0,0.0,0.0,0.0,0.0,0.0,0.0,0.0,0.0,0.0,0.0
63500,4926,2550,0.5176613885505481,1167,1014,0.44275274056029235,1374,0.5578562728380024,0.418,2.9983164983164983,3.1290961885291853,6.558383233532934,2.2403228534884425,9427.696327025818,1520.030726609904,7853.0,10916.219435155392,10894.942787031052,7.059496405705563,7853.0,0.0,27.856881851400733,20.987004184536328,33.02997806483061,19.18294057337621,0.14535119772634997,0.09602111246447421,0.09642712139667073,0.08688591149005279,0.07856272838002436,0.0708485586682907,0.06983353633779943,0.05805927730410069,0.06293138449045879,0.053999187982135606,0.045473000406008934,0.04263093788063337,0.03227771010962241,0.02679658952496955,0.01603735282176208,0.010962241169305725,0.006902151847340642,0.9214044151947937,0.02290918982185408,0.0,0.0,0.0,0.0,0.0,0.0,0.0,0.0,0.0,0.0,0.0,0.0,0.0,0.0,0.0,0.0,0.0,0.0,0.0,0.0,0.0,0.0,0.0,0.0,0.006090133982947626,0.28623629719853844,4.902557856272839,15.864799025578566,8.239951278928137,0.7003654080389771,4.3131955484896665,2.8867606561277555,nan,nan,nan,4.340533672172808,2.8682942293897087,4.285805219605347,2.904886624194709,0.9873913079125903,0.4,0.01056,0.0,0.0,0.0,0.0,0.0,0.0,0.0,0.0,0.0,0.0,0.012180267965895252,15.079171741778298,14.884287454323998,0.024360535931790505,0.0,0.0,0.0,0.0,0.0,0.0,0.0,0.0,0.0,0.0,0.0,0.0,0.0,0.0,0.0,0.0,nan,nan,4.3131955484896665,2.8867606561277555,nan,0.4,0.05154,0.0,0.0,0.0,0.0,0.0,0.0,0.0,0.0,0.0,0.0,0.0,0.0,0.0,0.0,0.0,0.0,0.0,0.0,0.0,0.0,0.0,0.0009845716605765328,1.0150223304912707e-05,1.0150223304912707e-05,0.0017153877385302477,2.0300446609825415e-05,0.0034206252537555826,0.005278116118554608,0.0015428339423467316,0.006485992691839221,0.012434023548518067,0.024269183922046286,0.023974827446203818,0.04259033698741372,0.07357896873731222,0.0328258221680877,0.056810799837596425,0.043321153065367435,0.053887535525781564,0.03252131546894032,0.07522330491270808,0.08229801055623223,0.08158749492488834,0.0966402760860739,0.07096021112464475,0.055349167681688995,0.04977669508729192,0.019112870483150628,0.010738936256597645,0.00903369874137231,0.01446406820950061,0.014179861956963052,0.0028725131952902962,0.002050345107592367,2.0300446609825415e-05,1.0150223304912707e-05,0.0,0.0,0.0,0.0,0.0,0.0,0.0,0.0,0.0,0.0,0.0,0.0,0.0,0.0,0.0,0.0,0.0,0.0,0.0,0.0,0.0,0.0,0.0,0.0,0.0,0.0,0.0,0.0,0.0,0.0,0.0,0.0,0.0,0.0,0.0,0.0,0.0,0.0,0.0,0.0,0.0,0.0,0.0,0.0,0.0,nan,nan,4.3131955484896665,2.8867606561277555,nan,0.9214907782218036,0.02317014895113259,0.0,0.0,0.0,0.0,0.0,0.0,0.0,0.0,0.0,0.0,0.0,0.0,0.0,0.0,0.0,0.0,0.0,0.0,0.0,0.0,0.0,0.0,0.0,0.0,0.0,0.3882352941176471,4.682352941176472,16.082352941176474,8.058823529411766,0.7882352941176473,0.9213117276026745,0.02262540502603224,0.0,0.0,0.0,0.0,0.0,0.0,0.0,0.0,0.0,0.0,0.0,0.0,0.0,0.0,0.0,0.0,0.0,0.0,0.0,0.0,0.0,0.0,0.0,0.0,0.01262626262626263,0.17676767676767682,5.138888888888889,15.631313131313135,8.434343434343436,0.6060606060606062,0.3997,0.01045,0.0,0.0,0.0,0.0,0.0,0.0,0.0,0.0,0.0,0.0,0.011764705882352944,15.32941176470586,14.635294117647062,0.02352941176470589,0.0,0.0,0.0,0.0,0.0,0.0,0.0,0.0,0.0,0.0,0.0,0.0,0.0,0.0,0.0,0.0,0.4001,0.01067,0.0,0.0,0.0,0.0,0.0,0.0,0.0,0.0,0.0,0.0,0.01262626262626263,14.81060606060604,15.151515151515154,0.02525252525252526,0.0,0.0,0.0,0.0,0.0,0.0,0.0,0.0,0.0,0.0,0.0,0.0,0.0,0.0,0.0,0.0
63600,4906,2549,0.5195678760701182,1200,996,0.4476151651039543,1394,0.5682837342030167,0.39799999999999996,2.9287229529062366,3.0759047881280877,6.521609538002981,2.127611627974368,9433.572007586312,1519.8879644455192,7853.0,10920.919062614441,10895.089552459178,7.033685757380483,7853.0,0.0,27.989196901752955,20.768257295588352,32.899854510184284,19.005357098116875,0.1361598043212393,0.09865470852017937,0.09355890746025275,0.08560945780676722,0.08418263350998777,0.07684467998369343,0.06828373420301671,0.06420709335507542,0.05890746025275173,0.05462698736241337,0.0474928658785161,0.03872808805544232,0.03383611903791276,0.023644516918059518,0.0185487158581329,0.010191602119853241,0.006522625356706074,0.9216782456629139,0.023075769848617183,0.0,0.0,0.0,0.0,0.0,0.0,0.0,0.0,0.0,0.0,0.0,0.0,0.0,0.0,0.0,0.0,0.0,0.0,0.0,0.0,0.0,0.0,0.0,0.0,0.0,0.2384834896045659,4.9959233591520595,15.59315124337546,8.371381981247454,0.8010599266204649,4.232199117832388,2.909031914996687,nan,nan,nan,4.17780580075662,2.8916825068060494,4.2865239294710324,2.925247477322825,1.0260227817900782,0.4,0.01043,0.0,0.0,0.0,0.0,0.0,0.0,0.0,0.0,0.0,0.0,0.03057480635955973,15.085609457806747,14.859355890746029,0.024459845087647786,0.0,0.0,0.0,0.0,0.0,0.0,0.0,0.0,0.0,0.0,0.0,0.0,0.0,0.0,0.0,0.0,nan,nan,4.232199117832388,2.909031914996687,nan,0.4,0.0515,0.0,0.0,0.0,0.0,0.0,0.0,0.0,0.0,0.0,0.0,0.0,0.0,0.0,0.0,0.0,0.0,0.0,0.0,0.0,0.0,0.0,0.001233183856502242,0.0,1.019160211985324e-05,0.0016612311455360782,0.0,0.00364859355890746,0.005085609457806767,0.002405218100285365,0.006267835303709743,0.011913982878108438,0.02389930697105585,0.024796167957602935,0.04288626172034244,0.07063799429270282,0.03210354667753771,0.05704239706481859,0.04355890746025275,0.051712189156135346,0.03295964125560538,0.077986139421117,0.08098247044435385,0.08182837342030168,0.09867509172441907,0.0709233591520587,0.0550142682429678,0.05108030982470444,0.019730941704035873,0.010048919690175295,0.00915205870362821,0.013198124745209946,0.015154912352221769,0.0024357929066449245,0.001946596004891969,0.0,1.019160211985324e-05,1.019160211985324e-05,0.0,0.0,0.0,0.0,0.0,0.0,0.0,0.0,0.0,0.0,0.0,0.0,0.0,0.0,0.0,0.0,0.0,0.0,0.0,0.0,0.0,0.0,0.0,0.0,0.0,0.0,0.0,0.0,0.0,0.0,0.0,0.0,0.0,0.0,0.0,0.0,0.0,0.0,0.0,0.0,0.0,0.0,0.0,0.0,nan,nan,4.232199117832388,2.909031914996687,nan,0.9216311979686667,0.02338100290752159,0.0,0.0,0.0,0.0,0.0,0.0,0.0,0.0,0.0,0.0,0.0,0.0,0.0,0.0,0.0,0.0,0.0,0.0,0.0,0.0,0.0,0.0,0.0,0.0,0.0,0.24715574735190274,5.166732051785015,15.32365633581797,8.426834052569637,0.8356218124754807,0.9217291258379824,0.022740952521097074,0.0,0.0,0.0,0.0,0.0,0.0,0.0,0.0,0.0,0.0,0.0,0.0,0.0,0.0,0.0,0.0,0.0,0.0,0.0,0.0,0.0,0.0,0.0,0.0,0.0,0.2291047942299534,4.811200678829021,15.8845990666101,8.311412812897753,0.7636826474331779,0.4,0.010445,0.0,0.0,0.0,0.0,0.0,0.0,0.0,0.0,0.0,0.0,0.047077285209886244,15.1353471949784,14.805806198509222,0.011769321302471561,0.0,0.0,0.0,0.0,0.0,0.0,0.0,0.0,0.0,0.0,0.0,0.0,0.0,0.0,0.0,0.0,0.4001,0.01042,0.0,0.0,0.0,0.0,0.0,0.0,0.0,0.0,0.0,0.0,0.0127280441238863,15.031820110309694,14.917267713194741,0.038184132371658894,0.0,0.0,0.0,0.0,0.0,0.0,0.0,0.0,0.0,0.0,0.0,0.0,0.0,0.0,0.0,0.0
63700,4845,2484,0.5126934984520124,1166,1026,0.4524251805985552,1362,0.5622291021671827,0.41,2.9593392630241424,3.136732719138361,6.667711598746082,2.166123785794041,9412.29387087026,1520.206370702741,7853.0,10918.336739957333,10894.37633026023,7.026766945681628,7853.0,0.0,27.2109391124871,20.499361515527266,32.30397022332506,18.718262711244147,0.14736842105263157,0.10051599587203303,0.09308565531475749,0.08978328173374613,0.08235294117647059,0.0718266253869969,0.06790505675954592,0.06584107327141382,0.06377708978328174,0.05325077399380805,0.042105263157894736,0.03756449948400413,0.029721362229102165,0.02476780185758514,0.015273477812177503,0.00846233230134159,0.006398348813209494,0.9201791465097906,0.022968318299119758,0.0,0.0,0.0,0.0,0.0,0.0,0.0,0.0,0.0,0.0,0.0,0.0,0.0,0.0,0.0,0.0,0.0,0.0,0.0,0.0,0.0,0.0,0.0,0.0,0.0,0.2910216718266254,5.275541795665636,16.130030959752325,7.572755417956658,0.7306501547987618,4.304786714425268,2.878677811846062,nan,nan,nan,4.32230869001297,2.8415588902501674,4.287958115183246,2.916294988333424,0.9920527252231907,0.3997,0.010704,0.0,0.0,0.0,0.0,0.0,0.0,0.0,0.0,0.0,0.0,0.037151702786377715,15.108359133126914,14.835913312693501,0.018575851393188857,0.0,0.0,0.0,0.0,0.0,0.0,0.0,0.0,0.0,0.0,0.0,0.0,0.0,0.0,0.0,0.0,nan,nan,4.304786714425268,2.878677811846062,nan,0.3997,0.05194,0.0,0.0,0.0,0.0,0.0,0.0,0.0,0.0,0.0,0.0,0.0,0.0,0.0,0.0,0.0,0.0,0.0,0.0,0.0,0.0,0.0,0.0015067079463364293,0.0,0.0,0.0018369453044375646,5.159958720330237e-05,0.0037564499484004127,0.005386996904024768,0.0027554179566563466,0.00673890608875129,0.011259029927760579,0.025748194014447886,0.024633642930856552,0.042848297213622294,0.07033023735810114,0.031021671826625387,0.05826625386996904,0.04452012383900929,0.054912280701754385,0.03135190918472652,0.07635706914344685,0.07831785345717235,0.08378740970072239,0.09735810113519092,0.06972136222910216,0.052714138286893704,0.05126934984520124,0.01952528379772962,0.010319917440660475,0.010588235294117647,0.013405572755417957,0.014840041279669763,0.0029411764705882353,0.0018679050567595458,1.0319917440660475e-05,0.0,5.159958720330237e-05,0.0,0.0,0.0,0.0,0.0,0.0,0.0,0.0,0.0,0.0,0.0,0.0,0.0,0.0,0.0,0.0,0.0,0.0,0.0,0.0,0.0,0.0,0.0,0.0,0.0,0.0,0.0,0.0,0.0,0.0,0.0,0.0,0.0,0.0,0.0,0.0,0.0,0.0,0.0,0.0,0.0,0.0,0.0,0.0,nan,nan,4.304786714425268,2.878677811846062,nan,0.9195636955004384,0.0228449983930439,0.0,0.0,0.0,0.0,0.0,0.0,0.0,0.0,0.0,0.0,0.0,0.0,0.0,0.0,0.0,0.0,0.0,0.0,0.0,0.0,0.0,0.0,0.0,0.0,0.0,0.3019323671497585,5.471014492753625,16.256038647342997,7.330917874396136,0.6400966183574881,0.9208266604052717,0.023079642149433324,0.0,0.0,0.0,0.0,0.0,0.0,0.0,0.0,0.0,0.0,0.0,0.0,0.0,0.0,0.0,0.0,0.0,0.0,0.0,0.0,0.0,0.0,0.0,0.0,0.0,0.27954256670902167,5.069885641677256,15.997458703939012,7.827191867852607,0.8259212198221094,0.3994,0.01068,0.0,0.0,0.0,0.0,0.0,0.0,0.0,0.0,0.0,0.0,0.0603864734299517,15.386473429951668,14.54106280193237,0.012077294685990341,0.0,0.0,0.0,0.0,0.0,0.0,0.0,0.0,0.0,0.0,0.0,0.0,0.0,0.0,0.0,0.0,0.4,0.01072,0.0,0.0,0.0,0.0,0.0,0.0,0.0,0.0,0.0,0.0,0.01270648030495553,14.815756035578124,15.146124523506991,0.02541296060991106,0.0,0.0,0.0,0.0,0.0,0.0,0.0,0.0,0.0,0.0,0.0,0.0,0.0,0.0,0.0,0.0
63800,4944,2519,0.5095064724919094,1255,1013,0.4587378640776699,1421,0.5748381877022654,0.38999999999999996,2.990515463917526,3.0826940858736624,6.388121546961326,2.134282729573737,9402.603884865684,1520.424469839369,7853.0,10917.158997416496,10894.382138458095,7.031548333161375,7853.0,0.0,28.553802588996763,20.868877551637414,33.357211079274116,19.044182857828233,0.1345064724919094,0.08859223300970874,0.09162621359223301,0.09344660194174757,0.08050161812297735,0.07059061488673139,0.06978155339805825,0.06816343042071198,0.06209546925566343,0.055825242718446605,0.048341423948220066,0.04085760517799353,0.03175566343042071,0.025485436893203883,0.019619741100323624,0.012135922330097087,0.006674757281553398,0.9201779219300809,0.023164770090045864,0.0,0.0,0.0,0.0,0.0,0.0,0.0,0.0,0.0,0.0,0.0,0.0,0.0,0.0,0.0,0.0,0.0,0.0,0.0,0.0,0.0,0.0,0.0,0.0,0.01213592233009709,0.2973300970873787,5.38228155339806,15.916262135922333,7.675970873786409,0.7160194174757284,4.2652373660030625,2.9013544094441523,nan,nan,nan,4.276492082825822,2.8750335055397693,4.253850893407271,2.92769862576817,0.9947056631977698,0.3994,0.010735,0.0,0.0,0.0,0.0,0.0,0.0,0.0,0.0,0.0,0.0,0.042475728155339815,15.709951456310655,14.223300970873789,0.02427184466019418,0.0,0.0,0.0,0.0,0.0,0.0,0.0,0.0,0.0,0.0,0.0,0.0,0.0,0.0,0.0,0.0,nan,nan,4.2652373660030625,2.9013544094441523,nan,0.3992,0.05197,0.0,0.0,0.0,0.0,0.0,0.0,0.0,0.0,0.0,0.0,0.0,0.0,0.0,0.0,0.0,0.0,0.0,0.0,0.0,0.0,0.0,0.0013349514563106796,0.0,0.0,0.0011124595469255664,0.0,0.004227346278317152,0.005329692556634304,0.0028923948220064724,0.006796116504854369,0.012611245954692556,0.02540453074433657,0.026911407766990292,0.04338592233009709,0.069457928802589,0.029368932038834953,0.05991100323624596,0.04267799352750809,0.05805016181229773,0.031796116504854366,0.07794296116504855,0.08026901294498381,0.08391990291262136,0.09181836569579288,0.0681836569579288,0.05131472491909385,0.05022249190938511,0.02001415857605178,0.009951456310679611,0.011478559870550162,0.013875404530744337,0.014654126213592232,0.003418284789644013,0.001648462783171521,1.011326860841424e-05,0.0,1.011326860841424e-05,0.0,0.0,0.0,0.0,0.0,0.0,0.0,0.0,0.0,0.0,0.0,0.0,0.0,0.0,0.0,0.0,0.0,0.0,0.0,0.0,0.0,0.0,0.0,0.0,0.0,0.0,0.0,0.0,0.0,0.0,0.0,0.0,0.0,0.0,0.0,0.0,0.0,0.0,0.0,0.0,0.0,0.0,0.0,0.0,nan,nan,4.2652373660030625,2.9013544094441523,nan,0.9198436350659654,0.023222658862215712,0.0,0.0,0.0,0.0,0.0,0.0,0.0,0.0,0.0,0.0,0.0,0.0,0.0,0.0,0.0,0.0,0.0,0.0,0.0,0.0,0.0,0.0,0.0,0.0,0.023818975784041293,0.3572846367606194,5.359269551409291,15.946804287415643,7.610162763001193,0.7026597856292182,0.9205251667180012,0.023099361750639515,0.0,0.0,0.0,0.0,0.0,0.0,0.0,0.0,0.0,0.0,0.0,0.0,0.0,0.0,0.0,0.0,0.0,0.0,0.0,0.0,0.0,0.0,0.0,0.0,0.0,0.23505154639175263,5.4061855670103105,15.884536082474229,7.744329896907218,0.729896907216495,0.3992,0.01062,0.0,0.0,0.0,0.0,0.0,0.0,0.0,0.0,0.0,0.0,0.047637951568082586,15.958713775307638,13.981738785232238,0.011909487892020646,0.0,0.0,0.0,0.0,0.0,0.0,0.0,0.0,0.0,0.0,0.0,0.0,0.0,0.0,0.0,0.0,0.3994,0.01085,0.0,0.0,0.0,0.0,0.0,0.0,0.0,0.0,0.0,0.0,0.03711340206185568,15.451546391752556,14.474226804123715,0.03711340206185568,0.0,0.0,0.0,0.0,0.0,0.0,0.0,0.0,0.0,0.0,0.0,0.0,0.0,0.0,0.0,0.0
63900,4859,2472,0.5087466556904713,1192,1034,0.45811895451739043,1395,0.5741922206215271,0.40199999999999997,2.9530791788856305,3.103759688040293,6.668202764976958,2.154669062031122,9400.294998147601,1520.4686536873992,7853.0,10920.77613133192,10894.386082523946,7.047104357715772,7853.0,0.0,28.303766207038485,20.91441040234099,33.08489418632936,19.181014162140748,0.13397818481168966,0.10022638402963573,0.09178843383412225,0.08643753858818687,0.08026342868903066,0.07038485285038074,0.07491253344309529,0.06441654661452974,0.060712080675036015,0.052274130479522535,0.04610002058036633,0.04630582424367154,0.030253138505865404,0.023873224943403992,0.018316526034163408,0.01234821979831241,0.007408931878987446,0.9198094927300443,0.022989192258222435,0.0,0.0,0.0,0.0,0.0,0.0,0.0,0.0,0.0,0.0,0.0,0.0,0.0,0.0,0.0,0.0,0.0,0.0,0.0,0.0,0.0,0.0,0.0,0.0,0.006174109899156207,0.2840090553611855,5.7048775468203345,15.552582835974484,7.8719901214241625,0.5803663305206833,4.263853904282116,2.8771493131382337,nan,nan,nan,4.195137157107232,2.803845114316802,4.332908975175048,2.9490570303987895,1.0328408375955977,0.3992,0.01068,0.0,0.0,0.0,0.0,0.0,0.0,0.0,0.0,0.0,0.0,0.03087054949578103,16.194690265486702,13.76826507511834,0.006174109899156207,0.0,0.0,0.0,0.0,0.0,0.0,0.0,0.0,0.0,0.0,0.0,0.0,0.0,0.0,0.0,0.0,nan,nan,4.263853904282116,2.8771493131382337,nan,0.3992,0.052,0.0,0.0,0.0,0.0,0.0,0.0,0.0,0.0,0.0,0.0,0.0,0.0,0.0,0.0,0.0,0.0,0.0,0.0,0.0,0.0,2.0580366330520683e-05,0.0014612060094669685,0.0,0.0,0.0012142416135007203,0.0,0.004723194072854497,0.00631817246346985,0.002315291212183577,0.0056493105577279275,0.012780407491253344,0.024953694175756328,0.026723605680181107,0.04481374768470879,0.06895451739040954,0.029080057625025725,0.06021815188310352,0.041006379913562464,0.05988886602181519,0.029646017699115044,0.08133360773821774,0.07931673183782671,0.08450298415311792,0.09162379090347808,0.06945873636550731,0.0488577896686561,0.04966042395554641,0.020662687795842766,0.010012348219798312,0.010701790491870755,0.014869314673801193,0.015507306030047335,0.0026342868903066474,0.0010495986828565548,2.0580366330520683e-05,0.0,2.0580366330520683e-05,0.0,0.0,0.0,0.0,0.0,0.0,0.0,0.0,0.0,0.0,0.0,0.0,0.0,0.0,0.0,0.0,0.0,0.0,0.0,0.0,0.0,0.0,0.0,0.0,0.0,0.0,0.0,0.0,0.0,0.0,0.0,0.0,0.0,0.0,0.0,0.0,0.0,0.0,0.0,0.0,0.0,0.0,0.0,0.0,nan,nan,4.263853904282116,2.8771493131382337,nan,0.9201817459466002,0.022835970725220756,0.0,0.0,0.0,0.0,0.0,0.0,0.0,0.0,0.0,0.0,0.0,0.0,0.0,0.0,0.0,0.0,0.0,0.0,0.0,0.0,0.0,0.0,0.0,0.0,0.0,0.27912621359223305,5.509708737864079,15.788834951456314,7.815533980582526,0.6067961165048544,0.9194239837433136,0.02314048977953206,0.0,0.0,0.0,0.0,0.0,0.0,0.0,0.0,0.0,0.0,0.0,0.0,0.0,0.0,0.0,0.0,0.0,0.0,0.0,0.0,0.0,0.0,0.0,0.0,0.01256807708420612,0.28906577293674074,5.906996229576876,15.307917888563052,7.930456640134061,0.5529953917050692,0.399,0.010826,0.0,0.0,0.0,0.0,0.0,0.0,0.0,0.0,0.0,0.0,0.02427184466019418,16.1529126213592,13.810679611650489,0.01213592233009709,0.0,0.0,0.0,0.0,0.0,0.0,0.0,0.0,0.0,0.0,0.0,0.0,0.0,0.0,0.0,0.0,0.3994,0.01052,0.0,0.0,0.0,0.0,0.0,0.0,0.0,0.0,0.0,0.0,0.037704231252618355,16.23795559279428,13.724340175953083,0.0,0.0,0.0,0.0,0.0,0.0,0.0,0.0,0.0,0.0,0.0,0.0,0.0,0.0,0.0,0.0,0.0
64000,4661,2420,0.5192018880068655,1128,928,0.4411070585711221,1271,0.5453765286419223,0.43,2.9803659080767515,3.086520918255507,6.432515337423313,2.085603101945458,9431.96476345556,1519.4559933568742,7853.0,10917.469179928303,10894.138331597675,7.072906321585231,7853.0,0.0,28.225488092683975,21.11196545037873,33.32786465008972,19.293930262288278,0.14074232997210898,0.09697489809053851,0.09761853679467926,0.08453121647715083,0.08002574554816563,0.06672387899592362,0.07058571122076808,0.06178931559751127,0.05771293713795323,0.05342201244368161,0.04805835657584209,0.03926196095258528,0.039476507187298865,0.026174640635056853,0.01866552242008153,0.012443681613387684,0.005792748337266681,0.9195447193530208,0.023250123309100052,0.0,0.0,0.0,0.0,0.0,0.0,0.0,0.0,0.0,0.0,0.0,0.0,0.0,0.0,0.0,0.0,0.0,0.0,0.0,0.0,0.0,0.0,0.0,0.0,0.006436387041407425,0.34756490023600095,5.483801759279126,15.910748766359154,7.582063934777946,0.6693842523063722,4.3075894349715815,2.8886048571361793,nan,nan,nan,4.252980132450331,2.9239093839751593,4.363268062120189,2.8510824297664534,1.0259319174402812,0.3987,0.01114,0.0,0.0,0.0,0.0,0.0,0.0,0.0,0.0,0.0,0.0,0.038618322248444546,16.490023600085795,13.439176142458702,0.032181935207037125,0.0,0.0,0.0,0.0,0.0,0.0,0.0,0.0,0.0,0.0,0.0,0.0,0.0,0.0,0.0,0.0,nan,nan,4.3075894349715815,2.8886048571361793,nan,0.3987,0.05237,0.0,0.0,0.0,0.0,0.0,0.0,0.0,0.0,0.0,0.0,0.0,0.0,0.0,0.0,0.0,0.0,0.0,0.0,0.0,0.0,0.0,0.0013623685904312378,1.0727311735679038e-05,0.0,0.0018558249302724737,0.0,0.004977472645355074,0.0067474790817421155,0.0023600085818493884,0.005331473932632482,0.012186226131731388,0.02612100407637846,0.02678609740399056,0.045848530358292214,0.07003861832224845,0.02948937996138168,0.0600300364728599,0.043928341557605666,0.06070585711220768,0.026764642780519203,0.08084102124007723,0.07812701137095043,0.0857219480798112,0.08670886075949367,0.07306372023170993,0.04629907745119073,0.04903454194378889,0.01941643424157906,0.009568762068225703,0.009643853250375456,0.016723878995923622,0.01609096760351856,0.002842737609954945,0.0013194593434885217,0.0,0.0,5.363655867839519e-05,0.0,0.0,0.0,0.0,0.0,0.0,0.0,0.0,0.0,0.0,0.0,0.0,0.0,0.0,0.0,0.0,0.0,0.0,0.0,0.0,0.0,0.0,0.0,0.0,0.0,0.0,0.0,0.0,0.0,0.0,0.0,0.0,0.0,0.0,0.0,0.0,0.0,0.0,0.0,0.0,0.0,0.0,0.0,0.0,nan,nan,4.3075894349715815,2.8886048571361793,nan,0.919771700530998,0.023213885881631965,0.0,0.0,0.0,0.0,0.0,0.0,0.0,0.0,0.0,0.0,0.0,0.0,0.0,0.0,0.0,0.0,0.0,0.0,0.0,0.0,0.0,0.0,0.0,0.0,0.012396694214876035,0.29752066115702486,5.417355371900828,15.917355371900829,7.698347107438018,0.6570247933884299,0.9192996080407921,0.023286707439254827,0.0,0.0,0.0,0.0,0.0,0.0,0.0,0.0,0.0,0.0,0.0,0.0,0.0,0.0,0.0,0.0,0.0,0.0,0.0,0.0,0.0,0.0,0.0,0.0,0.0,0.40160642570281135,5.555555555555557,15.90361445783133,7.45649263721553,0.6827309236947792,0.3984,0.01095,0.0,0.0,0.0,0.0,0.0,0.0,0.0,0.0,0.0,0.0,0.02479338842975207,16.760330578512374,13.152892561983474,0.061983471074380174,0.0,0.0,0.0,0.0,0.0,0.0,0.0,0.0,0.0,0.0,0.0,0.0,0.0,0.0,0.0,0.0,0.399,0.011345,0.0,0.0,0.0,0.0,0.0,0.0,0.0,0.0,0.0,0.0,0.05354752342704151,16.19812583668003,13.748326639892909,0.0,0.0,0.0,0.0,0.0,0.0,0.0,0.0,0.0,0.0,0.0,0.0,0.0,0.0,0.0,0.0,0.0
64100,4756,2444,0.5138772077375946,1133,969,0.4419680403700589,1326,0.5576114381833474,0.414,2.9878892733564015,3.184742830169181,6.7147385103011095,2.2669166601320985,9415.798588583933,1520.0176861002094,7853.0,10918.006976008415,10894.19070675335,6.925998352774815,7853.0,0.0,27.676619007569386,20.98860598438383,32.81414141414142,19.25384133312135,0.1421362489486964,0.10723296888141295,0.09461732548359966,0.08284272497897392,0.07590412111017662,0.07653490328006729,0.06518082422203532,0.06770395290159797,0.059083263246425564,0.054667788057190914,0.04310344827586207,0.03637510513036165,0.03322119428090833,0.022077375946173254,0.020185029436501262,0.010513036164844407,0.008620689655172414,0.91966044696015,0.02288221504081498,0.0,0.0,0.0,0.0,0.0,0.0,0.0,0.0,0.0,0.0,0.0,0.0,0.0,0.0,0.0,0.0,0.0,0.0,0.0,0.0,0.0,0.0,0.0,0.0,0.0,0.3216989066442389,5.601345668629102,15.895710681244747,7.613540790580321,0.567703952901598,4.308531746031746,2.9327301350940025,nan,nan,nan,4.261100066269052,2.893186458209734,4.355775577557756,2.970841460922847,1.022218560891859,0.399,0.011024,0.0,0.0,0.0,0.0,0.0,0.0,0.0,0.0,0.0,0.0,0.05046257359125317,15.883095037846909,14.0475189234651,0.018923465096719935,0.0,0.0,0.0,0.0,0.0,0.0,0.0,0.0,0.0,0.0,0.0,0.0,0.0,0.0,0.0,0.0,nan,nan,4.308531746031746,2.9327301350940025,nan,0.399,0.05222,0.0,0.0,0.0,0.0,0.0,0.0,0.0,0.0,0.0,0.0,0.0,0.0,0.0,0.0,0.0,0.0,0.0,0.0,0.0,0.0,0.0,0.0015349032800672834,1.0513036164844407e-05,0.0,0.0022392767031118588,6.307821698906644e-05,0.005288057190916737,0.007306560134566863,0.0023864592094196804,0.005424726661059714,0.010618166526492851,0.025294365012615644,0.025325904121110177,0.0452165685449958,0.06778805719091674,0.028311606391925988,0.05957737594617325,0.04204163162321278,0.06266820857863752,0.028879310344827585,0.08287426408746847,0.07813288477712363,0.08557611438183348,0.08697434819175778,0.07568334735071489,0.048170731707317074,0.04700378469301934,0.020878889823380993,0.00975609756097561,0.010039949537426408,0.016021867115222875,0.014760302775441547,0.0029015979814970565,0.0010302775441547519,0.0,0.0,0.00019974768713204374,2.1026072329688813e-05,0.0,0.0,0.0,0.0,0.0,0.0,0.0,0.0,0.0,0.0,0.0,0.0,0.0,0.0,0.0,0.0,0.0,0.0,0.0,0.0,0.0,0.0,0.0,0.0,0.0,0.0,0.0,0.0,0.0,0.0,0.0,0.0,0.0,0.0,0.0,0.0,0.0,0.0,0.0,0.0,0.0,0.0,0.0,nan,nan,4.308531746031746,2.9327301350940025,nan,0.919219768427788,0.022814093090348354,0.0,0.0,0.0,0.0,0.0,0.0,0.0,0.0,0.0,0.0,0.0,0.0,0.0,0.0,0.0,0.0,0.0,0.0,0.0,0.0,0.0,0.0,0.0,0.0,0.0,0.355973813420622,5.621931260229134,15.994271685761051,7.524549918166941,0.5032733224222586,0.9201262853395155,0.022944806031084786,0.0,0.0,0.0,0.0,0.0,0.0,0.0,0.0,0.0,0.0,0.0,0.0,0.0,0.0,0.0,0.0,0.0,0.0,0.0,0.0,0.0,0.0,0.0,0.0,0.0,0.2854671280276817,5.579584775086507,15.791522491349484,7.707612456747406,0.6358131487889275,0.3992,0.011055,0.0,0.0,0.0,0.0,0.0,0.0,0.0,0.0,0.0,0.0,0.0490998363338789,15.785597381342038,14.153027823240592,0.012274959083469724,0.0,0.0,0.0,0.0,0.0,0.0,0.0,0.0,0.0,0.0,0.0,0.0,0.0,0.0,0.0,0.0,0.399,0.01099,0.0,0.0,0.0,0.0,0.0,0.0,0.0,0.0,0.0,0.0,0.05190311418685122,15.98615916955015,13.935986159169554,0.02595155709342561,0.0,0.0,0.0,0.0,0.0,0.0,0.0,0.0,0.0,0.0,0.0,0.0,0.0,0.0,0.0,0.0
64200,4598,2370,0.5154414963027403,1086,967,0.44649847759895606,1299,0.5650282731622445,0.422,2.995960502692998,3.045213128868863,6.35499207606973,2.1543019927593585,9420.727491924223,1520.0449469460852,7853.0,10917.415454804897,10894.523632011635,7.090569799315759,7853.0,0.0,27.809047411918225,20.862160477906635,32.81188375713544,19.078448213319508,0.14506307090039147,0.09634623749456285,0.0939538929969552,0.08199217050891693,0.08199217050891693,0.07612005219660722,0.0724227925184863,0.06633318834275773,0.058721183123097,0.046107003044802086,0.040452370595911266,0.04153979991300565,0.03806002609830361,0.029795563288386256,0.015006524575902565,0.009569377990430622,0.006524575902566333,0.9203562576286478,0.02322703549075111,0.0,0.0,0.0,0.0,0.0,0.0,0.0,0.0,0.0,0.0,0.0,0.0,0.0,0.0,0.0,0.0,0.0,0.0,0.0,0.0,0.0,0.0,0.0,0.0,0.0,0.3719008264462811,5.389299695519793,15.476294040887346,8.064375815571989,0.6981296215745979,4.231547017189079,2.8255614496283004,nan,nan,nan,4.198144466534129,2.8135988529471816,4.266117969821673,2.8374753345445956,1.0161913206725974,0.3997,0.010666,0.0,0.0,0.0,0.0,0.0,0.0,0.0,0.0,0.0,0.0,0.039147455415398005,15.254458460200064,14.686820356676819,0.019573727707699003,0.0,0.0,0.0,0.0,0.0,0.0,0.0,0.0,0.0,0.0,0.0,0.0,0.0,0.0,0.0,0.0,nan,nan,4.231547017189079,2.8255614496283004,nan,0.3997,0.05243,0.0,0.0,0.0,0.0,0.0,0.0,0.0,0.0,0.0,0.0,0.0,0.0,0.0,0.0,0.0,0.0,0.0,0.0,0.0,0.0,0.0,0.0016202696824706394,0.0,0.0,0.0019030013049151804,0.00020661157024793388,0.005219660722053067,0.006437581557198782,0.0020443671161374513,0.00489343192692475,0.011929099608525446,0.0260656807307525,0.025206611570247933,0.04377990430622009,0.06639843410178338,0.03001304915180513,0.05914528055676381,0.04290996085254459,0.05912353197042192,0.02930622009569378,0.08508046976946498,0.0780448020878643,0.08188342757720748,0.0863745106568073,0.07493475424097433,0.04944541104828186,0.04943453675511092,0.02133536320139191,0.009460635058721183,0.010406698564593302,0.017659852109612875,0.015561113527620705,0.0029578077424967375,0.000880817746846455,0.0,0.0,0.0003044802087864289,3.2622879512831664e-05,0.0,0.0,0.0,0.0,0.0,0.0,0.0,0.0,0.0,0.0,0.0,0.0,0.0,0.0,0.0,0.0,0.0,0.0,0.0,0.0,0.0,0.0,0.0,0.0,0.0,0.0,0.0,0.0,0.0,0.0,0.0,0.0,0.0,0.0,0.0,0.0,0.0,0.0,0.0,0.0,0.0,0.0,0.0,nan,nan,4.231547017189079,2.8255614496283004,nan,0.9202064297370267,0.023041095754196474,0.0,0.0,0.0,0.0,0.0,0.0,0.0,0.0,0.0,0.0,0.0,0.0,0.0,0.0,0.0,0.0,0.0,0.0,0.0,0.0,0.0,0.0,0.0,0.0,0.0,0.37974683544303806,5.367088607594939,15.443037974683547,8.177215189873419,0.6329113924050633,0.9205156346946901,0.023422153895630526,0.0,0.0,0.0,0.0,0.0,0.0,0.0,0.0,0.0,0.0,0.0,0.0,0.0,0.0,0.0,0.0,0.0,0.0,0.0,0.0,0.0,0.0,0.0,0.0,0.0,0.3635547576301617,5.412926391382406,15.511669658886897,7.9443447037701995,0.7675044883303414,0.3994,0.01063,0.0,0.0,0.0,0.0,0.0,0.0,0.0,0.0,0.0,0.0,0.025316455696202538,15.531645569620231,14.417721518987344,0.025316455696202538,0.0,0.0,0.0,0.0,0.0,0.0,0.0,0.0,0.0,0.0,0.0,0.0,0.0,0.0,0.0,0.0,0.3997,0.01069,0.0,0.0,0.0,0.0,0.0,0.0,0.0,0.0,0.0,0.0,0.05385996409335728,14.959605026929959,14.973070017953324,0.01346499102333932,0.0,0.0,0.0,0.0,0.0,0.0,0.0,0.0,0.0,0.0,0.0,0.0,0.0,0.0,0.0,0.0
64300,4521,2321,0.51338199513382,1061,911,0.43618668436186686,1232,0.5450121654501217,0.442,2.9622727272727274,3.136578088847465,6.686006825938566,2.195335287340909,9414.108231216056,1519.879459271677,7853.0,10919.265471339226,10893.83167312701,6.995811898304445,7853.0,0.0,27.471577084715772,21.02250507087231,32.5995216582514,19.32603106652296,0.1462065914620659,0.10948905109489052,0.09422694094226941,0.08250387082503871,0.08161911081619111,0.07653174076531741,0.06525105065251051,0.05662464056624641,0.050652510506525104,0.055076310550763105,0.0453439504534395,0.0413625304136253,0.0364963503649635,0.023446140234461402,0.0161468701614687,0.013050210130502102,0.005972130059721301,0.9183285306629104,0.022830696236589516,0.0,0.0,0.0,0.0,0.0,0.0,0.0,0.0,0.0,0.0,0.0,0.0,0.0,0.0,0.0,0.0,0.0,0.0,0.0,0.0,0.0,0.0,0.0,0.0,0.0,0.35169210351692115,5.945587259455874,15.73988055739881,7.425348374253486,0.5374917053749172,4.3445495969155274,2.878440823164736,nan,nan,nan,4.286728176011356,2.8571578855624202,4.400969529085873,2.8979454278285903,1.0266500110069527,0.399,0.011024,0.0,0.0,0.0,0.0,0.0,0.0,0.0,0.0,0.0,0.0,0.053085600530856016,16.25746516257463,13.682813536828139,0.006635700066357002,0.0,0.0,0.0,0.0,0.0,0.0,0.0,0.0,0.0,0.0,0.0,0.0,0.0,0.0,0.0,0.0,nan,nan,4.3445495969155274,2.878440823164736,nan,0.399,0.0527,0.0,0.0,0.0,0.0,0.0,0.0,0.0,0.0,0.0,0.0,0.0,0.0,0.0,0.0,0.0,0.0,0.0,0.0,0.0,0.0,0.0,0.0016036275160362752,0.0,4.4238000442380005e-05,0.0025326255253262553,0.00042026100420261006,0.00475558504755585,0.006657819066578191,0.00163680601636806,0.004058836540588365,0.012176509621765096,0.028013713780137138,0.026664454766644547,0.044636142446361424,0.06545012165450122,0.03214996682149967,0.06013050210130502,0.04165007741650077,0.06350364963503649,0.030081840300818403,0.08452775934527759,0.07638796726387967,0.0759013492590135,0.08546781685467816,0.07482857774828577,0.04901570449015705,0.050364963503649635,0.019409422694094226,0.009234682592346825,0.01190002211900022,0.01734129617341296,0.015173634151736342,0.0027095775270957754,0.000917938509179385,1.1059500110595001e-05,2.2119000221190002e-05,0.00045343950453439504,0.00016589250165892502,0.0,0.0,0.0,0.0,0.0,0.0,0.0,0.0,0.0,0.0,0.0,0.0,0.0,0.0,0.0,0.0,0.0,0.0,0.0,0.0,0.0,0.0,0.0,0.0,0.0,0.0,0.0,0.0,0.0,0.0,0.0,0.0,0.0,0.0,0.0,0.0,0.0,0.0,0.0,0.0,0.0,0.0,0.0,nan,nan,4.3445495969155274,2.878440823164736,nan,0.9184745795148449,0.022619224174461494,0.0,0.0,0.0,0.0,0.0,0.0,0.0,0.0,0.0,0.0,0.0,0.0,0.0,0.0,0.0,0.0,0.0,0.0,0.0,0.0,0.0,0.0,0.0,0.0,0.0,0.33606204222317976,5.713054717794056,16.182679879362347,7.173632055148644,0.5945713054717795,0.9181744491241195,0.023050693283488664,0.0,0.0,0.0,0.0,0.0,0.0,0.0,0.0,0.0,0.0,0.0,0.0,0.0,0.0,0.0,0.0,0.0,0.0,0.0,0.0,0.0,0.0,0.0,0.0,0.0,0.3681818181818183,6.190909090909092,15.272727272727275,7.690909090909092,0.47727272727272735,0.3987,0.01115,0.0,0.0,0.0,0.0,0.0,0.0,0.0,0.0,0.0,0.0,0.06462731581214995,16.44118914261092,13.481258078414479,0.01292546316242999,0.0,0.0,0.0,0.0,0.0,0.0,0.0,0.0,0.0,0.0,0.0,0.0,0.0,0.0,0.0,0.0,0.3992,0.01088,0.0,0.0,0.0,0.0,0.0,0.0,0.0,0.0,0.0,0.0,0.040909090909090916,16.06363636363634,13.895454545454548,0.0,0.0,0.0,0.0,0.0,0.0,0.0,0.0,0.0,0.0,0.0,0.0,0.0,0.0,0.0,0.0,0.0
64400,4686,2481,0.529449423815621,1173,907,0.44387537345283823,1280,0.5463081519419548,0.43,3.1333333333333333,3.2037959345162226,6.711627906976744,2.2441527089141298,9462.774255676894,1517.6034950590383,7853.0,10917.448525309563,10893.46842486978,6.970782033932671,7853.0,0.0,28.18971404182672,21.131129043260795,33.06934953176411,19.42206615072721,0.13935125906956894,0.0998719590268886,0.09154929577464789,0.08664105847204438,0.08087921468203159,0.07725138711054204,0.06316688006828852,0.06764831412718737,0.056764831412718736,0.05463081519419548,0.040759709773794284,0.04481434058898848,0.031156636790439608,0.025394793000426803,0.018139137857447717,0.014084507042253521,0.007895860008536065,0.9165829215047708,0.02340296671037048,0.0,0.0,0.0,0.0,0.0,0.0,0.0,0.0,0.0,0.0,0.0,0.0,0.0,0.0,0.0,0.0,0.0,0.0,0.0,0.0,0.0,0.0,0.0,0.0,0.0,0.5057618437900129,6.587708066581308,15.928297055057621,6.408450704225354,0.5697823303457107,4.357521537442015,2.9493871869192043,nan,nan,nan,4.3179419525065965,2.8989980958412467,4.397470039946738,2.99885801457473,1.018418053858731,0.3992,0.01094,0.0,0.0,0.0,0.0,0.0,0.0,0.0,0.0,0.0,0.0,0.03201024327784892,15.83226632522405,14.135723431498082,0.0,0.0,0.0,0.0,0.0,0.0,0.0,0.0,0.0,0.0,0.0,0.0,0.0,0.0,0.0,0.0,0.0,nan,nan,4.357521537442015,2.9493871869192043,nan,0.3992,0.05264,0.0,0.0,0.0,0.0,0.0,0.0,0.0,0.0,0.0,0.0,0.0,0.0,0.0,0.0,0.0,0.0,0.0,0.0,0.0,0.0,0.0,0.001653862569355527,0.0,2.134016218523261e-05,0.0033824157063593683,0.00036278275714895434,0.004748186086214255,0.0065194195475885616,0.0016325224071702944,0.0046414852752880926,0.012526675202731541,0.026195049082373027,0.02621638924455826,0.043758002560819464,0.06359368331199317,0.033141271873666237,0.058013230900554845,0.04090909090909091,0.0621105420401195,0.033215962441314556,0.08295988049509176,0.07686726419120786,0.07633376013657704,0.08498719590268886,0.07905463081519419,0.050181391378574476,0.050128040973111396,0.020657276995305163,0.01047801963294921,0.011267605633802818,0.015482287665386257,0.014479300042680325,0.00274221084080239,0.0009176269739650021,0.0,1.0670081092616305e-05,0.0006508749466495945,0.00016005121638924455,0.0,0.0,0.0,0.0,0.0,0.0,0.0,0.0,0.0,0.0,0.0,0.0,0.0,0.0,0.0,0.0,0.0,0.0,0.0,0.0,0.0,0.0,0.0,0.0,0.0,0.0,0.0,0.0,0.0,0.0,0.0,0.0,0.0,0.0,0.0,0.0,0.0,0.0,0.0,0.0,0.0,0.0,0.0,nan,nan,4.357521537442015,2.9493871869192043,nan,0.9165028507360669,0.02328333347955539,0.0,0.0,0.0,0.0,0.0,0.0,0.0,0.0,0.0,0.0,0.0,0.0,0.0,0.0,0.0,0.0,0.0,0.0,0.0,0.0,0.0,0.0,0.0,0.0,0.0,0.6166868198307135,6.311970979443774,16.154776299879085,6.44498186215236,0.47158403869407506,0.9166730147370405,0.0235365217722103,0.0,0.0,0.0,0.0,0.0,0.0,0.0,0.0,0.0,0.0,0.0,0.0,0.0,0.0,0.0,0.0,0.0,0.0,0.0,0.0,0.0,0.0,0.0,0.0,0.0,0.38095238095238104,6.897959183673471,15.673469387755105,6.367346938775512,0.6802721088435375,0.3992,0.01094,0.0,0.0,0.0,0.0,0.0,0.0,0.0,0.0,0.0,0.0,0.024183796856106415,15.646916565900822,14.32889963724305,0.0,0.0,0.0,0.0,0.0,0.0,0.0,0.0,0.0,0.0,0.0,0.0,0.0,0.0,0.0,0.0,0.0,0.399,0.01095,0.0,0.0,0.0,0.0,0.0,0.0,0.0,0.0,0.0,0.0,0.04081632653061225,16.04081632653059,13.918367346938778,0.0,0.0,0.0,0.0,0.0,0.0,0.0,0.0,0.0,0.0,0.0,0.0,0.0,0.0,0.0,0.0,0.0
64500,4745,2509,0.5287671232876713,1166,913,0.438145416227608,1298,0.5471022128556375,0.438,3.0934704830053668,3.2386767564623793,6.836923076923077,2.251397462143097,9460.581349229436,1517.6127333482125,7853.0,10922.46071279049,10893.244520563441,6.987137149237791,7853.0,0.0,27.567966280295046,20.757145256871905,32.627272727272725,18.997965431639816,0.1428872497365648,0.09968387776606955,0.09799789251844046,0.08893572181243414,0.0708113804004215,0.08282402528977871,0.06828240252897787,0.06238145416227608,0.05690200210748156,0.05458377239199157,0.051633298208640675,0.03435194942044257,0.03182297154899895,0.023182297154899896,0.014330874604847207,0.011380400421496312,0.008008429926238146,0.9157953314585229,0.02314384343458557,0.0,0.0,0.0,0.0,0.0,0.0,0.0,0.0,0.0,0.0,0.0,0.0,0.0,0.0,0.0,0.0,0.0,0.0,0.0,0.0,0.0,0.0,0.0,0.0,0.006322444678609064,0.5879873551106429,6.575342465753426,15.976817702845103,6.48050579557429,0.3730242360379348,4.351925630810093,2.988743758409772,nan,nan,nan,4.38825883922615,2.9564363538427703,4.316798941798941,3.020789223200482,0.9837156603460951,0.3992,0.01088,0.0,0.0,0.0,0.0,0.0,0.0,0.0,0.0,0.0,0.0,0.01896733403582719,15.856691253951507,14.10537407797682,0.01896733403582719,0.0,0.0,0.0,0.0,0.0,0.0,0.0,0.0,0.0,0.0,0.0,0.0,0.0,0.0,0.0,0.0,nan,nan,4.351925630810093,2.988743758409772,nan,0.3992,0.05267,0.0,0.0,0.0,0.0,0.0,0.0,0.0,0.0,0.0,0.0,0.0,0.0,0.0,0.0,0.0,0.0,0.0,0.0,0.0,0.0,0.0,0.0021812434141201265,0.0,0.0,0.0032771338250790305,0.0004425711275026344,0.004320337197049526,0.00708113804004215,0.0014752370916754477,0.004857744994731296,0.012423603793466808,0.024984193888303478,0.026912539515279242,0.0442781875658588,0.06249736564805058,0.03163329820864067,0.058935721812434144,0.04242360379346681,0.06,0.032455216016859856,0.08368809272918862,0.08109589041095891,0.07329820864067439,0.08315068493150685,0.08044257112750264,0.0494204425711275,0.052992623814541624,0.020695468914646995,0.010600632244467861,0.01154899894625922,0.014467860906217071,0.014383561643835616,0.002613277133825079,0.0009272918861959958,0.0,4.214963119072708e-05,0.00032665964172813486,0.00012644889357218123,0.0,0.0,0.0,0.0,0.0,0.0,0.0,0.0,0.0,0.0,0.0,0.0,0.0,0.0,0.0,0.0,0.0,0.0,0.0,0.0,0.0,0.0,0.0,0.0,0.0,0.0,0.0,0.0,0.0,0.0,0.0,0.0,0.0,0.0,0.0,0.0,0.0,0.0,0.0,0.0,0.0,0.0,0.0,nan,nan,4.351925630810093,2.988743758409772,nan,0.915869245304915,0.022945503370343963,0.0,0.0,0.0,0.0,0.0,0.0,0.0,0.0,0.0,0.0,0.0,0.0,0.0,0.0,0.0,0.0,0.0,0.0,0.0,0.0,0.0,0.0,0.0,0.0,0.011956954962136312,0.5141490633718614,6.683937823834198,15.998405739338384,6.337186129932245,0.45436428856117983,0.9157123932471642,0.023364116518067343,0.0,0.0,0.0,0.0,0.0,0.0,0.0,0.0,0.0,0.0,0.0,0.0,0.0,0.0,0.0,0.0,0.0,0.0,0.0,0.0,0.0,0.0,0.0,0.0,0.0,0.670840787119857,6.453488372093025,15.9525939177102,6.641323792486585,0.28175313059033996,0.3992,0.010864,0.0,0.0,0.0,0.0,0.0,0.0,0.0,0.0,0.0,0.0,0.011956954962136312,15.723395775209223,14.252690314866484,0.011956954962136312,0.0,0.0,0.0,0.0,0.0,0.0,0.0,0.0,0.0,0.0,0.0,0.0,0.0,0.0,0.0,0.0,0.3992,0.010895,0.0,0.0,0.0,0.0,0.0,0.0,0.0,0.0,0.0,0.0,0.02683363148479428,16.00626118067976,13.94007155635063,0.02683363148479428,0.0,0.0,0.0,0.0,0.0,0.0,0.0,0.0,0.0,0.0,0.0,0.0,0.0,0.0,0.0,0.0
64600,4862,2509,0.516042780748663,1183,1006,0.4502262443438914,1383,0.5689016865487454,0.414,2.9417764555886103,3.0678004578419733,6.632716049382716,2.1186220261628588,9421.778800434375,1519.234365181047,7853.0,10919.842248678207,10893.016950064539,7.075817953168339,7853.0,0.0,27.972233648704236,20.791996705802557,32.89236790606654,19.01315747095495,0.13924310983134514,0.0941999177293295,0.09810777457836281,0.0870012340600576,0.07897984368572604,0.07692307692307693,0.06684491978609626,0.07034142328259975,0.05614973262032086,0.05059646236116824,0.047922665569724396,0.040518305224187576,0.030234471410941998,0.024681201151789386,0.022007404360345536,0.010283833813245578,0.005964623611682435,0.9153873365217646,0.022869947360131728,0.0,0.0,0.0,0.0,0.0,0.0,0.0,0.0,0.0,0.0,0.0,0.0,0.0,0.0,0.0,0.0,0.0,0.0,0.0,0.0,0.0,0.0,0.0,0.0,0.018510900863842043,0.49362402303578784,6.694775812422873,16.295763060468946,6.108597285067875,0.38872891814068294,4.217418944691672,2.8642348937070365,nan,nan,nan,4.211464968152867,2.8400898916622013,4.223350253807107,2.8880750697110935,1.0028221262064665,0.3994,0.01106,0.0,0.0,0.0,0.0,0.0,0.0,0.0,0.0,0.0,0.0,0.05553270259152613,15.660222130810341,14.265734265734269,0.018510900863842043,0.0,0.0,0.0,0.0,0.0,0.0,0.0,0.0,0.0,0.0,0.0,0.0,0.0,0.0,0.0,0.0,nan,nan,4.217418944691672,2.8642348937070365,nan,0.3994,0.053,0.0,0.0,0.0,0.0,0.0,0.0,0.0,0.0,0.0,0.0,0.0,0.0,0.0,0.0,0.0,0.0,0.0,0.0,0.0,0.0,0.0,0.002704648292883587,0.0,0.0,0.003259975318798848,0.00029823118058412175,0.004823118058412176,0.006447963800904977,0.002087618264088852,0.005614973262032086,0.012227478403948992,0.024526943644590703,0.025730152200740437,0.04498148909913616,0.06292677910324969,0.028383381324557796,0.06155902920608803,0.041217605923488276,0.06104483751542575,0.03252776635129576,0.08340189222542163,0.07970999588646648,0.07321061291649526,0.08192102015631428,0.07856849033319621,0.05202591526120938,0.05274578362813657,0.021462361168243523,0.011250514191690663,0.011353352529823118,0.014839572192513369,0.01541546688605512,0.002684080625257096,0.0008124228712464007,2.0567667626491154e-05,0.0,0.00016454134101192923,5.141916906622789e-05,0.0,0.0,0.0,0.0,0.0,0.0,0.0,0.0,0.0,0.0,0.0,0.0,0.0,0.0,0.0,0.0,0.0,0.0,0.0,0.0,0.0,0.0,0.0,0.0,0.0,0.0,0.0,0.0,0.0,0.0,0.0,0.0,0.0,0.0,0.0,0.0,0.0,0.0,0.0,0.0,0.0,0.0,0.0,nan,nan,4.217418944691672,2.8642348937070365,nan,0.9151359773480403,0.02292410191733207,0.0,0.0,0.0,0.0,0.0,0.0,0.0,0.0,0.0,0.0,0.0,0.0,0.0,0.0,0.0,0.0,0.0,0.0,0.0,0.0,0.0,0.0,0.0,0.0,0.023913909924272624,0.4902351534475888,6.755679553607016,16.428856117975293,5.8708648864089295,0.4304503786369072,0.9156553603920894,0.022809009442270305,0.0,0.0,0.0,0.0,0.0,0.0,0.0,0.0,0.0,0.0,0.0,0.0,0.0,0.0,0.0,0.0,0.0,0.0,0.0,0.0,0.0,0.0,0.0,0.0,0.012749681257968553,0.4972375690607736,6.629834254143648,16.153846153846157,6.362090947726308,0.34424139396515097,0.399,0.01104,0.0,0.0,0.0,0.0,0.0,0.0,0.0,0.0,0.0,0.0,0.059784774810681555,15.986448784376222,13.94180948585094,0.011956954962136312,0.0,0.0,0.0,0.0,0.0,0.0,0.0,0.0,0.0,0.0,0.0,0.0,0.0,0.0,0.0,0.0,0.3997,0.011086,0.0,0.0,0.0,0.0,0.0,0.0,0.0,0.0,0.0,0.0,0.05099872503187421,15.312367190820208,14.611134721631963,0.025499362515937107,0.0,0.0,0.0,0.0,0.0,0.0,0.0,0.0,0.0,0.0,0.0,0.0,0.0,0.0,0.0,0.0
64700,4796,2477,0.5164720600500416,1165,932,0.4372393661384487,1310,0.5462885738115096,0.422,2.9818887451487712,3.1549901148761212,6.6713395638629285,2.168039098510786,9423.33842584733,1519.4386098914792,7853.0,10916.28889477253,10893.50992747832,7.215274576297727,7853.0,0.0,27.45746455379483,20.935184949846352,32.432668329177055,19.30117203713809,0.14199332777314427,0.10967472894078399,0.09424520433694746,0.08632193494578816,0.0779816513761468,0.07756463719766472,0.06734778982485405,0.0633861551292744,0.05525437864887406,0.049833194328607174,0.05066722268557131,0.03544620517097581,0.027522935779816515,0.023561301084236864,0.01730608840700584,0.01292743953294412,0.00896580483736447,0.9155725948108644,0.023188911205202486,0.0,0.0,0.0,0.0,0.0,0.0,0.0,0.0,0.0,0.0,0.0,0.0,0.0,0.0,0.0,0.0,0.0,0.0,0.0,0.0,0.0,0.0,0.0,0.0,0.006255212677231027,0.5066722268557132,7.030859049207675,15.800667222685574,6.2364470391993345,0.41909924937447884,4.320873304664241,2.9089589162344587,nan,nan,nan,4.259672131147541,2.8922927357982275,4.383177570093458,2.9245126800429295,1.028994118594908,0.4,0.01093,0.0,0.0,0.0,0.0,0.0,0.0,0.0,0.0,0.0,0.0,0.025020850708924108,15.01251042535444,14.943703085904923,0.01876563803169308,0.0,0.0,0.0,0.0,0.0,0.0,0.0,0.0,0.0,0.0,0.0,0.0,0.0,0.0,0.0,0.0,nan,nan,4.320873304664241,2.9089589162344587,nan,0.4001,0.053,0.0,0.0,0.0,0.0,0.0,0.0,0.0,0.0,0.0,0.0,0.0,0.0,0.0,0.0,0.0,0.0,0.0,0.0,0.0,0.0,0.0,0.0028252710592160135,0.0,0.00016680567139282736,0.0029608006672226855,0.0004378648874061718,0.004806088407005838,0.006244787322768974,0.0016263552960800666,0.005702668890742286,0.012885738115095913,0.024593411175979983,0.02506255212677231,0.04188907422852377,0.06272935779816513,0.02572977481234362,0.0597372810675563,0.04138865721434529,0.061478315262718936,0.032912844036697246,0.08561301084236864,0.08207881567973312,0.07423894912427023,0.08087989991659716,0.07948290241868224,0.05202251876563803,0.051741034195162634,0.021872393661384486,0.011415763135946623,0.01177022518765638,0.014678899082568808,0.016972477064220184,0.0031067556296914094,0.0005629691409507923,6.255212677231025e-05,0.0,0.00022935779816513763,9.382819015846539e-05,0.0,0.0,0.0,0.0,0.0,0.0,0.0,0.0,0.0,0.0,0.0,0.0,0.0,0.0,0.0,0.0,0.0,0.0,0.0,0.0,0.0,0.0,0.0,0.0,0.0,0.0,0.0,0.0,0.0,0.0,0.0,0.0,0.0,0.0,0.0,0.0,0.0,0.0,0.0,0.0,0.0,0.0,0.0,nan,nan,4.320873304664241,2.9089589162344587,nan,0.9158335606273162,0.023403103993488928,0.0,0.0,0.0,0.0,0.0,0.0,0.0,0.0,0.0,0.0,0.0,0.0,0.0,0.0,0.0,0.0,0.0,0.0,0.0,0.0,0.0,0.0,0.0,0.0,0.012111425111021399,0.5329027048849415,6.855066612838112,15.853855470327012,6.334275333064192,0.41178845377472756,0.9152938486584922,0.022954640997709625,0.0,0.0,0.0,0.0,0.0,0.0,0.0,0.0,0.0,0.0,0.0,0.0,0.0,0.0,0.0,0.0,0.0,0.0,0.0,0.0,0.0,0.0,0.0,0.0,0.0,0.47865459249676595,7.218628719275551,15.743855109961194,6.131953428201813,0.42690815006468313,0.4001,0.01099,0.0,0.0,0.0,0.0,0.0,0.0,0.0,0.0,0.0,0.0,0.012111425111021399,14.727492935001997,15.248284214775941,0.012111425111021399,0.0,0.0,0.0,0.0,0.0,0.0,0.0,0.0,0.0,0.0,0.0,0.0,0.0,0.0,0.0,0.0,0.4,0.01087,0.0,0.0,0.0,0.0,0.0,0.0,0.0,0.0,0.0,0.0,0.0388098318240621,15.316946959896486,14.618369987063392,0.025873221216041402,0.0,0.0,0.0,0.0,0.0,0.0,0.0,0.0,0.0,0.0,0.0,0.0,0.0,0.0,0.0,0.0
64800,4862,2466,0.5071986836692719,1172,992,0.4450843274372686,1377,0.5664335664335665,0.40199999999999997,2.9257095158597664,3.028714574818685,6.362984218077475,2.078504108664831,9395.135684644929,1520.0983350636186,7853.0,10915.7813128829,10893.49622820099,6.833653687264019,7853.0,0.0,28.339777869189636,20.981523511623237,33.34720861900098,19.15134870557351,0.13739201974496093,0.10139860139860139,0.08597285067873303,0.08268202385849445,0.08309337721102426,0.08062525709584534,0.06540518305224187,0.06458247634718223,0.057589469354175235,0.052241875771287534,0.04936240230357877,0.038461538461538464,0.03619909502262444,0.030645824763471823,0.01727684080625257,0.011312217194570135,0.005758946935417524,0.915761780268074,0.02256195166425564,0.0,0.0,0.0,0.0,0.0,0.0,0.0,0.0,0.0,0.0,0.0,0.0,0.0,0.0,0.0,0.0,0.0,0.0,0.0,0.0,0.0,0.0,0.0,0.0,0.012340600575894697,0.4380913204442617,6.725627313862609,16.326614561908684,6.145619086795559,0.35170711641299884,4.183076439131803,2.7985441724006095,nan,nan,nan,4.232484076433121,2.8046984365186454,4.134866376631448,2.791683244281503,0.9769360739370014,0.4001,0.010635,0.0,0.0,0.0,0.0,0.0,0.0,0.0,0.0,0.0,0.0,0.024681201151789393,14.660633484162876,15.28383381324558,0.03085150143973674,0.0,0.0,0.0,0.0,0.0,0.0,0.0,0.0,0.0,0.0,0.0,0.0,0.0,0.0,0.0,0.0,nan,nan,4.183076439131803,2.7985441724006095,nan,0.4001,0.0528,0.0,0.0,0.0,0.0,0.0,0.0,0.0,0.0,0.0,0.0,0.0,0.0,0.0,0.0,0.0,0.0,0.0,0.0,0.0,0.0,0.0,0.0031262854792266557,0.0,6.170300287947346e-05,0.0021390374331550803,0.00031879884821061293,0.005573837926779103,0.005213903743315508,0.0014294529000411353,0.006561085972850679,0.01270053475935829,0.024660633484162895,0.027313862607980254,0.04073426573426574,0.06015014397367339,0.02588440970793912,0.06060263266145619,0.0381324557795146,0.06286507610037022,0.033401892225421635,0.08449197860962566,0.08473879062114356,0.075,0.08100575894693542,0.08110859728506788,0.051007815713698064,0.051470588235294115,0.02304607157548334,0.01097285067873303,0.011774989716166187,0.014284245166598108,0.016011929247223364,0.0033525298231180584,0.0006993006993006993,0.00010283833813245579,0.0,6.170300287947346e-05,0.0,0.0,0.0,0.0,0.0,0.0,0.0,0.0,0.0,0.0,0.0,0.0,0.0,0.0,0.0,0.0,0.0,0.0,0.0,0.0,0.0,0.0,0.0,0.0,0.0,0.0,0.0,0.0,0.0,0.0,0.0,0.0,0.0,0.0,0.0,0.0,0.0,0.0,0.0,0.0,0.0,0.0,0.0,0.0,nan,nan,4.183076439131803,2.7985441724006095,nan,0.9156524006032596,0.022506659092912825,0.0,0.0,0.0,0.0,0.0,0.0,0.0,0.0,0.0,0.0,0.0,0.0,0.0,0.0,0.0,0.0,0.0,0.0,0.0,0.0,0.0,0.0,0.0,0.0,0.012165450121654504,0.41362530413625315,6.946472019464721,16.204379562043798,6.058394160583943,0.36496350364963515,0.9158743554990558,0.022618166131226455,0.0,0.0,0.0,0.0,0.0,0.0,0.0,0.0,0.0,0.0,0.0,0.0,0.0,0.0,0.0,0.0,0.0,0.0,0.0,0.0,0.0,0.0,0.0,0.0,0.012520868113522541,0.463272120200334,6.498330550918198,16.452420701168617,6.235392320534225,0.3380634390651086,0.4001,0.010765,0.0,0.0,0.0,0.0,0.0,0.0,0.0,0.0,0.0,0.0,0.024330900243309007,14.343065693430637,15.596107055961074,0.03649635036496351,0.0,0.0,0.0,0.0,0.0,0.0,0.0,0.0,0.0,0.0,0.0,0.0,0.0,0.0,0.0,0.0,0.4,0.010506,0.0,0.0,0.0,0.0,0.0,0.0,0.0,0.0,0.0,0.0,0.025041736227045083,14.987479131886456,14.962437395659435,0.025041736227045083,0.0,0.0,0.0,0.0,0.0,0.0,0.0,0.0,0.0,0.0,0.0,0.0,0.0,0.0,0.0,0.0
64900,4855,2493,0.513491246138002,1183,1017,0.45314109165808447,1419,0.5845520082389289,0.37799999999999995,2.91532599491956,2.9785477141718926,6.2478991596638656,2.1101070136082782,9414.280310749296,1519.7145831911726,7853.0,10916.038183033466,10893.519818968243,6.9629319858049215,7853.0,0.0,28.77796086508754,21.04293410039499,33.648319532391625,19.21524306002943,0.13182286302780638,0.09866117404737385,0.08692070030895983,0.0854788877445932,0.07888774459320289,0.07270854788877446,0.06879505664263645,0.06467559217301751,0.06735324407826983,0.05540679711637487,0.04757981462409887,0.042842430484037075,0.03480947476828013,0.02512873326467559,0.018537590113285273,0.013594232749742533,0.006797116374871267,0.9155926900592573,0.022649060631145978,0.0,0.0,0.0,0.0,0.0,0.0,0.0,0.0,0.0,0.0,0.0,0.0,0.0,0.0,0.0,0.0,0.0,0.0,0.0,0.0,0.0,0.0,0.0,0.0,0.012358393408856852,0.4325437693099898,6.877445932028838,16.072090628218334,6.271884654994852,0.333676622039135,4.1316936488169365,2.784010428867294,nan,nan,nan,4.157097791798107,2.80174378438482,4.105166051660516,2.766320975139092,0.9875076934105204,0.4001,0.01085,0.0,0.0,0.0,0.0,0.0,0.0,0.0,0.0,0.0,0.0,0.04943357363542741,14.805355303810483,15.132852729145213,0.012358393408856852,0.0,0.0,0.0,0.0,0.0,0.0,0.0,0.0,0.0,0.0,0.0,0.0,0.0,0.0,0.0,0.0,nan,nan,4.1316936488169365,2.784010428867294,nan,0.4001,0.05298,0.0,0.0,0.0,0.0,0.0,0.0,0.0,0.0,0.0,0.0,0.0,0.0,0.0,0.0,0.0,0.0,0.0,0.0,0.0,0.0,0.0,0.002893923789907312,0.0,0.00010298661174047374,0.0022451081359423277,0.00025746652935118434,0.005324407826982493,0.005643666323377961,0.0014315139031925849,0.009134912461380021,0.013161688980432544,0.02278063851699279,0.02611740473738414,0.04098867147270855,0.06249227600411946,0.026858908341915552,0.05756951596292482,0.035550978372811536,0.06401647785787848,0.03424304840370752,0.08290422245108137,0.08535530381050463,0.07662203913491246,0.08127703398558188,0.07767250257466529,0.0529557157569516,0.05126673532440783,0.021833161688980432,0.010329557157569516,0.014449021627188465,0.015036045314109165,0.015406797116374871,0.0031822863027806386,0.000772399588053553,7.209062821833161e-05,0.0,5.149330587023687e-05,0.0,0.0,0.0,0.0,0.0,0.0,0.0,0.0,0.0,0.0,0.0,0.0,0.0,0.0,0.0,0.0,0.0,0.0,0.0,0.0,0.0,0.0,0.0,0.0,0.0,0.0,0.0,0.0,0.0,0.0,0.0,0.0,0.0,0.0,0.0,0.0,0.0,0.0,0.0,0.0,0.0,0.0,0.0,0.0,nan,nan,4.1316936488169365,2.784010428867294,nan,0.9158232258449728,0.02281789811154362,0.0,0.0,0.0,0.0,0.0,0.0,0.0,0.0,0.0,0.0,0.0,0.0,0.0,0.0,0.0,0.0,0.0,0.0,0.0,0.0,0.0,0.0,0.0,0.0,0.01203369434416366,0.4813477737665464,6.787003610108305,15.992779783393505,6.353790613718413,0.3730445246690735,0.9153493684192111,0.02246691722217327,0.0,0.0,0.0,0.0,0.0,0.0,0.0,0.0,0.0,0.0,0.0,0.0,0.0,0.0,0.0,0.0,0.0,0.0,0.0,0.0,0.0,0.0,0.0,0.0,0.012701100762066049,0.3810330228619815,6.972904318374261,16.155800169348012,6.185436071126166,0.2921253175275191,0.4001,0.010895,0.0,0.0,0.0,0.0,0.0,0.0,0.0,0.0,0.0,0.0,0.04813477737665464,14.681107099879643,15.270758122743684,0.0,0.0,0.0,0.0,0.0,0.0,0.0,0.0,0.0,0.0,0.0,0.0,0.0,0.0,0.0,0.0,0.0,0.4001,0.01081,0.0,0.0,0.0,0.0,0.0,0.0,0.0,0.0,0.0,0.0,0.050804403048264196,14.936494496189649,14.987298899237937,0.025402201524132098,0.0,0.0,0.0,0.0,0.0,0.0,0.0,0.0,0.0,0.0,0.0,0.0,0.0,0.0,0.0,0.0
65000,4545,2338,0.5144114411441144,1103,952,0.4521452145214521,1249,0.5496149614961496,0.422,2.843679202537381,3.1077223286495594,6.6036363636363635,2.2944964697263703,9417.281936995005,1519.83453333818,7853.0,10919.287133097649,10893.915912592942,6.992634826730546,7853.0,0.0,26.725412541254126,20.4644708879609,31.77212506624271,18.80346310066029,0.1485148514851485,0.10055005500550054,0.10165016501650165,0.09064906490649065,0.08074807480748075,0.07348734873487349,0.07766776677667767,0.06512651265126512,0.053685368536853684,0.04642464246424643,0.04422442244224423,0.033883388338833885,0.027502750275027504,0.020682068206820683,0.0187018701870187,0.009020902090209022,0.007480748074807481,0.9174099084961139,0.02282672899844092,0.0,0.0,0.0,0.0,0.0,0.0,0.0,0.0,0.0,0.0,0.0,0.0,0.0,0.0,0.0,0.0,0.0,0.0,0.0,0.0,0.0,0.0,0.0,0.0,0.0066006600660066025,0.26402640264026406,6.455445544554457,16.013201320132016,6.765676567656767,0.49504950495049516,4.337209302325581,2.9656413192931015,nan,nan,nan,4.32378223495702,2.9401443386248935,4.351839000693962,2.990456440092204,1.006488940518352,0.4004,0.01131,0.0,0.0,0.0,0.0,0.0,0.0,0.0,0.0,0.0,0.0,0.02640264026402641,14.528052805280506,15.405940594059409,0.03960396039603961,0.0,0.0,0.0,0.0,0.0,0.0,0.0,0.0,0.0,0.0,0.0,0.0,0.0,0.0,0.0,0.0,nan,nan,4.337209302325581,2.9656413192931015,nan,0.4004,0.0531,0.0,0.0,0.0,0.0,0.0,0.0,0.0,0.0,0.0,0.0,0.0,0.0,0.0,0.0,0.0,0.0,0.0,0.0,0.0,1.1001100110011001e-05,0.0,0.002948294829482948,0.0,8.800880088008801e-05,0.0021672167216721674,0.00023102310231023102,0.0050275027502750275,0.005005500550055005,0.0020682068206820683,0.008767876787678769,0.012717271727172717,0.02317931793179318,0.027315731573157316,0.03953795379537954,0.06305830583058306,0.02506050605060506,0.06,0.036281628162816285,0.06463146314631463,0.03523652365236524,0.08191419141914191,0.08565456545654565,0.07421342134213421,0.0781078107810781,0.07366336633663366,0.05308030803080308,0.05621562156215622,0.024015401540154014,0.011518151815181519,0.014378437843784378,0.014741474147414741,0.014873487348734874,0.0032343234323432344,0.0008470847084708471,2.2002200220022003e-05,0.0,0.00018701870187018703,0.0,0.0,0.0,0.0,0.0,0.0,0.0,0.0,0.0,0.0,0.0,0.0,0.0,0.0,0.0,0.0,0.0,0.0,0.0,0.0,0.0,0.0,0.0,0.0,0.0,0.0,0.0,0.0,0.0,0.0,0.0,0.0,0.0,0.0,0.0,0.0,0.0,0.0,0.0,0.0,0.0,0.0,0.0,0.0,nan,nan,4.337209302325581,2.9656413192931015,nan,0.9171193768776208,0.02249532873383537,0.0,0.0,0.0,0.0,0.0,0.0,0.0,0.0,0.0,0.0,0.0,0.0,0.0,0.0,0.0,0.0,0.0,0.0,0.0,0.0,0.0,0.0,0.0,0.0,0.0,0.29512403763900774,6.325919589392645,16.42429426860565,6.492728828058171,0.4619332763045339,0.9177176850815407,0.02316865715013423,0.0,0.0,0.0,0.0,0.0,0.0,0.0,0.0,0.0,0.0,0.0,0.0,0.0,0.0,0.0,0.0,0.0,0.0,0.0,0.0,0.0,0.0,0.0,0.0,0.013593112822836434,0.23108291798821937,6.59265971907567,15.577707294970551,7.054825555052108,0.5301314000906209,0.4001,0.01128,0.0,0.0,0.0,0.0,0.0,0.0,0.0,0.0,0.0,0.0,0.012831479897348164,14.576561163387488,15.346449957228403,0.06415739948674082,0.0,0.0,0.0,0.0,0.0,0.0,0.0,0.0,0.0,0.0,0.0,0.0,0.0,0.0,0.0,0.0,0.4004,0.01132,0.0,0.0,0.0,0.0,0.0,0.0,0.0,0.0,0.0,0.0,0.04077933846850929,14.476665156320776,15.46896239238786,0.013593112822836434,0.0,0.0,0.0,0.0,0.0,0.0,0.0,0.0,0.0,0.0,0.0,0.0,0.0,0.0,0.0,0.0
65100,4698,2435,0.5183056619838229,1159,938,0.446360153256705,1335,0.5683269476372924,0.38599999999999995,2.9717189571365443,3.077449949894186,6.42433234421365,2.1974631143219407,9429.122755288456,1519.4459200268407,7853.0,10915.88920891285,10893.913636281382,7.036786813402489,7853.0,0.0,28.725627926777353,21.00495255917317,33.36372720459655,19.283042459701473,0.12750106428267347,0.0970625798212005,0.09088974031502767,0.08897403150276713,0.0842911877394636,0.07151979565772669,0.070242656449553,0.06619838229033631,0.05747126436781609,0.05172413793103448,0.04874414644529587,0.043635589612601104,0.039804171988080034,0.024265644955300127,0.018731375053214133,0.010642826734780758,0.008301404853128991,0.9182701184425826,0.02314133585001226,0.0,0.0,0.0,0.0,0.0,0.0,0.0,0.0,0.0,0.0,0.0,0.0,0.0,0.0,0.0,0.0,0.0,0.0,0.0,0.0,0.0,0.0,0.0,0.0,0.006385696040868456,0.37675606641123893,6.213282247765008,15.664112388250322,7.215836526181356,0.5236270753512133,4.146498870603421,2.9050528197203183,nan,nan,nan,4.178501628664495,2.9438934260718423,4.115089514066496,2.8660732522264496,0.9848241977069023,0.4,0.010895,0.0,0.0,0.0,0.0,0.0,0.0,0.0,0.0,0.0,0.0,0.03831417624521073,15.076628352490399,14.859514687100898,0.025542784163473824,0.0,0.0,0.0,0.0,0.0,0.0,0.0,0.0,0.0,0.0,0.0,0.0,0.0,0.0,0.0,0.0,nan,nan,4.146498870603421,2.9050528197203183,nan,0.4,0.05307,0.0,0.0,0.0,0.0,0.0,0.0,0.0,0.0,0.0,0.0,0.0,0.0,0.0,0.0,0.0,0.0,0.0,0.0,0.0,0.0,1.0642826734780758e-05,0.003426990208599404,4.257130693912303e-05,5.321413367390379e-05,0.0031396338867603233,0.0002022137079608344,0.005140485312899106,0.004970200085142614,0.0019476372924648786,0.007971477224350787,0.01179225202213708,0.023499361430395913,0.027171136653895273,0.03979352916134525,0.0633886760323542,0.026628352490421454,0.05815240527884206,0.03680289484887186,0.06610259684972329,0.03676032354193274,0.08005534269902086,0.08516389953171562,0.07767134951042998,0.08141762452107279,0.06883780332056194,0.054150702426564494,0.05266070668369519,0.02455300127713921,0.012537249893571733,0.013282247765006385,0.014410387398893146,0.01476160068114091,0.0024691358024691358,0.0008833546189868029,7.449978714346531e-05,1.0642826734780758e-05,6.385696040868455e-05,0.0,0.0,0.0,0.0,0.0,0.0,0.0,0.0,0.0,0.0,0.0,0.0,0.0,0.0,0.0,0.0,0.0,0.0,0.0,0.0,0.0,0.0,0.0,0.0,0.0,0.0,0.0,0.0,0.0,0.0,0.0,0.0,0.0,0.0,0.0,0.0,0.0,0.0,0.0,0.0,0.0,0.0,0.0,0.0,nan,nan,4.146498870603421,2.9050528197203183,nan,0.9177643468247791,0.02333633237467892,0.0,0.0,0.0,0.0,0.0,0.0,0.0,0.0,0.0,0.0,0.0,0.0,0.0,0.0,0.0,0.0,0.0,0.0,0.0,0.0,0.0,0.0,0.0,0.0,0.0,0.39425051334702266,6.554414784394252,15.5605749486653,6.973305954825464,0.5174537987679673,0.9188143313852918,0.022917202951751287,0.0,0.0,0.0,0.0,0.0,0.0,0.0,0.0,0.0,0.0,0.0,0.0,0.0,0.0,0.0,0.0,0.0,0.0,0.0,0.0,0.0,0.0,0.0,0.0,0.013256738842244811,0.3579319487406099,5.846221829429962,15.775519222271324,7.476800707026073,0.5302695536897924,0.3997,0.01086,0.0,0.0,0.0,0.0,0.0,0.0,0.0,0.0,0.0,0.0,0.036960985626283374,15.12936344969197,14.796714579055445,0.036960985626283374,0.0,0.0,0.0,0.0,0.0,0.0,0.0,0.0,0.0,0.0,0.0,0.0,0.0,0.0,0.0,0.0,0.4001,0.01093,0.0,0.0,0.0,0.0,0.0,0.0,0.0,0.0,0.0,0.0,0.03977021652673443,15.019885108263345,14.927087936367657,0.013256738842244811,0.0,0.0,0.0,0.0,0.0,0.0,0.0,0.0,0.0,0.0,0.0,0.0,0.0,0.0,0.0,0.0
65200,4607,2400,0.5209463859344475,1119,948,0.44866507488604296,1304,0.566095072715433,0.414,3.0271862256456727,3.1287410829504476,6.731391585760518,2.1434822570915806,9437.37107570757,1519.3394077428377,7853.0,10917.930532455444,10894.332310743655,6.926994482309305,7853.0,0.0,27.61363143043195,20.66377487086148,32.53818275951333,18.93269218997074,0.14022140221402213,0.10028217929238116,0.09442153245061863,0.09094855654438898,0.08487084870848709,0.06989364011287172,0.06902539613631431,0.06273062730627306,0.06056001736487953,0.05339700455828088,0.04753635771651834,0.034512698068157155,0.03234208812676362,0.025830258302583026,0.017147818537008898,0.010418927718688952,0.005860646841762535,0.9189541082540561,0.022649027255132802,0.0,0.0,0.0,0.0,0.0,0.0,0.0,0.0,0.0,0.0,0.0,0.0,0.0,0.0,0.0,0.0,0.0,0.0,0.0,0.0,0.0,0.0,0.0,0.0,0.006511829824180596,0.29303234208812684,5.815064032993273,15.94747123941828,7.416974169741699,0.5209463859344476,4.2672530446549395,2.8596434961622337,nan,nan,nan,4.310321715817694,2.8720854262062865,4.220095693779904,2.8444678576915052,0.9790674506483623,0.4,0.01118,0.0,0.0,0.0,0.0,0.0,0.0,0.0,0.0,0.0,0.0,0.05209463859344477,14.820924679835011,15.094421532450621,0.03255914912090298,0.0,0.0,0.0,0.0,0.0,0.0,0.0,0.0,0.0,0.0,0.0,0.0,0.0,0.0,0.0,0.0,nan,nan,4.2672530446549395,2.8596434961622337,nan,0.4,0.0524,0.0,0.0,0.0,0.0,0.0,0.0,0.0,0.0,0.0,0.0,0.0,0.0,0.0,0.0,2.1706099413935317e-05,0.0,0.0,0.0,0.0,0.0,0.0,0.0024310831343607553,3.2559149120902974e-05,3.2559149120902974e-05,0.0031473844150206208,0.0005209463859344476,0.006392446277403951,0.0038853917950944215,0.0014543086607336662,0.007271543303668331,0.012491860212719775,0.023475146516171046,0.026579118732363793,0.039092685044497505,0.0628174517039288,0.02572172780551335,0.05732580855220317,0.03643368786629043,0.07014326025613198,0.03628174517039288,0.08168005209463859,0.08451269806815716,0.07991100499240286,0.07923811591057087,0.06782070761884089,0.05568699804645105,0.05342956370740178,0.028467549381376165,0.012860863902756675,0.012654655958324289,0.013056218797482092,0.012708921206859127,0.0016062513566312134,0.0005426524853483829,7.59713479487736e-05,0.0,0.00019535489472541785,0.0,0.0,0.0,0.0,0.0,0.0,0.0,0.0,0.0,0.0,0.0,0.0,0.0,0.0,0.0,0.0,0.0,0.0,0.0,0.0,0.0,0.0,0.0,0.0,0.0,0.0,0.0,0.0,0.0,0.0,0.0,0.0,0.0,0.0,0.0,0.0,0.0,0.0,0.0,0.0,0.0,0.0,0.0,0.0,nan,nan,4.2672530446549395,2.8596434961622337,nan,0.9187014165769021,0.02292946738194873,0.0,0.0,0.0,0.0,0.0,0.0,0.0,0.0,0.0,0.0,0.0,0.0,0.0,0.0,0.0,0.0,0.0,0.0,0.0,0.0,0.0,0.0,0.0,0.0,0.0,0.4000000000000001,5.812500000000002,16.062500000000004,7.162500000000001,0.5625000000000001,0.9192288975722119,0.022336823270153145,0.0,0.0,0.0,0.0,0.0,0.0,0.0,0.0,0.0,0.0,0.0,0.0,0.0,0.0,0.0,0.0,0.0,0.0,0.0,0.0,0.0,0.0,0.0,0.0,0.013593112822836434,0.17671046669687362,5.817852288173993,15.822383325781606,7.69370185772542,0.47575894879927516,0.4001,0.01134,0.0,0.0,0.0,0.0,0.0,0.0,0.0,0.0,0.0,0.0,0.05000000000000001,14.649999999999979,15.262500000000003,0.037500000000000006,0.0,0.0,0.0,0.0,0.0,0.0,0.0,0.0,0.0,0.0,0.0,0.0,0.0,0.0,0.0,0.0,0.3997,0.011,0.0,0.0,0.0,0.0,0.0,0.0,0.0,0.0,0.0,0.0,0.054372451291345734,15.006796556411395,14.911644766651566,0.027186225645672867,0.0,0.0,0.0,0.0,0.0,0.0,0.0,0.0,0.0,0.0,0.0,0.0,0.0,0.0,0.0,0.0
65300,4760,2501,0.5254201680672269,1182,966,0.4512605042016807,1312,0.5512605042016807,0.40199999999999997,2.965028773793714,3.0683693287832035,6.5488,2.0887361154535533,9451.004102594976,1518.7333235996516,7853.0,10917.495266497135,10894.383258037618,6.911156706571495,7853.0,0.0,27.665756302521007,20.746636956775472,32.60160360811827,19.02511593304559,0.14159663865546218,0.09894957983193277,0.09243697478991597,0.09138655462184873,0.08025210084033614,0.07521008403361344,0.06932773109243698,0.06533613445378152,0.06092436974789916,0.05084033613445378,0.044747899159663866,0.03571428571428571,0.031932773109243695,0.02773109243697479,0.016596638655462185,0.01134453781512605,0.005672268907563025,0.9191968422602205,0.023117217568646854,0.0,0.0,0.0,0.0,0.0,0.0,0.0,0.0,0.0,0.0,0.0,0.0,0.0,0.0,0.0,0.0,0.0,0.0,0.0,0.0,0.0,0.0,0.0,0.0,0.0,0.3025210084033614,5.842436974789917,15.750000000000004,7.462184873949582,0.6428571428571429,4.308780006576784,2.883068967854382,nan,nan,nan,4.3676277850589775,2.9167973797488527,4.24950495049505,2.8474627845472242,0.9729549218987916,0.3997,0.01075,0.0,0.0,0.0,0.0,0.0,0.0,0.0,0.0,0.0,0.0,0.025210084033613453,15.308823529411743,14.659663865546221,0.006302521008403363,0.0,0.0,0.0,0.0,0.0,0.0,0.0,0.0,0.0,0.0,0.0,0.0,0.0,0.0,0.0,0.0,nan,nan,4.308780006576784,2.883068967854382,nan,0.3997,0.0529,0.0,0.0,0.0,0.0,0.0,0.0,0.0,0.0,0.0,0.0,0.0,0.0,0.0,0.0,1.050420168067227e-05,0.0,0.0,0.0,0.0,0.0,0.0,0.002195378151260504,2.100840336134454e-05,4.201680672268908e-05,0.0038760504201680672,0.0009243697478991597,0.006754201680672269,0.004453781512605042,0.002069327731092437,0.005955882352941176,0.012899159663865546,0.022573529411764708,0.025577731092436974,0.041701680672268905,0.06378151260504202,0.026228991596638655,0.05743697478991597,0.034978991596638656,0.07150210084033613,0.03490546218487395,0.08085084033613445,0.0877626050420168,0.07707983193277311,0.07545168067226891,0.06762605042016807,0.05704831932773109,0.053172268907563026,0.02823529411764706,0.012615546218487395,0.012415966386554622,0.013581932773109243,0.013939075630252101,0.0015861344537815127,0.0003676470588235294,0.00012605042016806722,0.0,0.00025210084033613445,0.0,0.0,0.0,0.0,0.0,0.0,0.0,0.0,0.0,0.0,0.0,0.0,0.0,0.0,0.0,0.0,0.0,0.0,0.0,0.0,0.0,0.0,0.0,0.0,0.0,0.0,0.0,0.0,0.0,0.0,0.0,0.0,0.0,0.0,0.0,0.0,0.0,0.0,0.0,0.0,0.0,0.0,0.0,0.0,nan,nan,4.308780006576784,2.883068967854382,nan,0.9192432219245251,0.022566998003987208,0.0,0.0,0.0,0.0,0.0,0.0,0.0,0.0,0.0,0.0,0.0,0.0,0.0,0.0,0.0,0.0,0.0,0.0,0.0,0.0,0.0,0.0,0.0,0.0,0.0,0.31187524990004006,5.6617353058776505,16.10955617752899,7.365053978408638,0.5517792882846863,0.9191454940794209,0.023711386759215403,0.0,0.0,0.0,0.0,0.0,0.0,0.0,0.0,0.0,0.0,0.0,0.0,0.0,0.0,0.0,0.0,0.0,0.0,0.0,0.0,0.0,0.0,0.0,0.0,0.0,0.29216467463479423,6.042496679946881,15.351925630810095,7.56972111553785,0.7436918990703854,0.4,0.0107,0.0,0.0,0.0,0.0,0.0,0.0,0.0,0.0,0.0,0.0,0.02399040383846462,15.017992802878828,14.946021591363458,0.01199520191923231,0.0,0.0,0.0,0.0,0.0,0.0,0.0,0.0,0.0,0.0,0.0,0.0,0.0,0.0,0.0,0.0,0.3997,0.01081,0.0,0.0,0.0,0.0,0.0,0.0,0.0,0.0,0.0,0.0,0.026560424966799476,15.630810092961465,14.342629482071716,0.0,0.0,0.0,0.0,0.0,0.0,0.0,0.0,0.0,0.0,0.0,0.0,0.0,0.0,0.0,0.0,0.0
65400,4737,2429,0.5127717964956724,1178,977,0.4549292801351066,1337,0.5644922947012877,0.426,3.095320623916811,3.1881380465656446,6.794520547945205,2.1430075574132474,9412.41177132467,1520.0832618666664,7853.0,10915.86072832346,10894.141852929177,7.092167610502345,7853.0,0.0,27.92738019843783,20.806562164078514,32.921430370183835,19.014656478254427,0.13953979311800718,0.10027443529660122,0.08950812750686088,0.09309689677010766,0.07705298712265146,0.06987544859615791,0.07325311378509605,0.06354232636689888,0.0586869326578003,0.05446485117162761,0.052987122651467176,0.03799873337555415,0.031243402997677854,0.022165927802406588,0.01773274224192527,0.010555203715431708,0.008021954823728097,0.9186523420311918,0.02275268255393732,0.0,0.0,0.0,0.0,0.0,0.0,0.0,0.0,0.0,0.0,0.0,0.0,0.0,0.0,0.0,0.0,0.0,0.0,0.0,0.0,0.0,0.0,0.0,0.0,0.0,0.35465484483850546,5.934135528815708,15.782140595313493,7.4414186193793554,0.487650411652945,4.395303326810176,2.936537513157189,nan,nan,nan,4.35546875,2.899119171019611,4.437540876389797,2.9727655406885547,1.0188434657899446,0.3994,0.01099,0.0,0.0,0.0,0.0,0.0,0.0,0.0,0.0,0.0,0.0,0.025332488917036104,15.649145028499028,14.312856238125399,0.012666244458518052,0.0,0.0,0.0,0.0,0.0,0.0,0.0,0.0,0.0,0.0,0.0,0.0,0.0,0.0,0.0,0.0,nan,nan,4.395303326810176,2.936537513157189,nan,0.3994,0.0528,0.0,0.0,0.0,0.0,0.0,0.0,0.0,0.0,0.0,0.0,0.0,0.0,0.0,0.0,0.0,0.0,0.0,0.0,1.0555203715431708e-05,0.0,0.0,0.0014038420941524172,1.0555203715431708e-05,1.0555203715431708e-05,0.003757652522693688,0.0007599746675110829,0.007240869748786152,0.003968756597002322,0.002427696854549293,0.006069242136373232,0.0134156639223137,0.022092041376398565,0.02503694321300401,0.04227359088030399,0.06370065442263036,0.02848849482795018,0.06003799873337556,0.03880092885792696,0.07197593413552882,0.03187671522060376,0.08283723875870805,0.09022588135951023,0.07637745408486384,0.06784884948279502,0.06603335444374077,0.05451762719020477,0.055794806839772004,0.02651467173316445,0.012571247625079164,0.01335233270002111,0.013077897403419886,0.014228414608401942,0.0019421574836394342,0.0006227570192104707,0.00024276968545492927,0.0,0.00045387375976356346,0.0,0.0,0.0,0.0,0.0,0.0,0.0,0.0,0.0,0.0,0.0,0.0,0.0,0.0,0.0,0.0,0.0,0.0,0.0,0.0,0.0,0.0,0.0,0.0,0.0,0.0,0.0,0.0,0.0,0.0,0.0,0.0,0.0,0.0,0.0,0.0,0.0,0.0,0.0,0.0,0.0,0.0,0.0,0.0,nan,nan,4.395303326810176,2.936537513157189,nan,0.9187508861976379,0.023111987443352223,0.0,0.0,0.0,0.0,0.0,0.0,0.0,0.0,0.0,0.0,0.0,0.0,0.0,0.0,0.0,0.0,0.0,0.0,0.0,0.0,0.0,0.0,0.0,0.0,0.0,0.33347056401811453,6.002470152326062,15.574310415808977,7.472210786331825,0.6175380815150269,0.9185486315544598,0.02236783924755504,0.0,0.0,0.0,0.0,0.0,0.0,0.0,0.0,0.0,0.0,0.0,0.0,0.0,0.0,0.0,0.0,0.0,0.0,0.0,0.0,0.0,0.0,0.0,0.0,0.0,0.37694974003466214,5.862218370883884,16.00086655112652,7.409012131715773,0.3509532062391682,0.3994,0.0111,0.0,0.0,0.0,0.0,0.0,0.0,0.0,0.0,0.0,0.0,0.024701523260601075,15.623713462330153,14.339234252778924,0.012350761630300537,0.0,0.0,0.0,0.0,0.0,0.0,0.0,0.0,0.0,0.0,0.0,0.0,0.0,0.0,0.0,0.0,0.3992,0.01087,0.0,0.0,0.0,0.0,0.0,0.0,0.0,0.0,0.0,0.0,0.02599653379549394,15.67590987868282,14.28509532062392,0.01299826689774697,0.0,0.0,0.0,0.0,0.0,0.0,0.0,0.0,0.0,0.0,0.0,0.0,0.0,0.0,0.0,0.0
65500,4892,2513,0.5136958299264105,1173,1016,0.44746524938675386,1395,0.5703188879803761,0.40599999999999997,2.9449348465741907,3.0459412464592215,6.518142235123367,2.1060501767450863,9415.170792744331,1519.958976444785,7853.0,10916.764793038368,10894.042386830588,7.01506755833722,7853.0,0.0,28.467293540474245,21.12365652235868,33.41169335274139,19.330424142287143,0.1392068683565004,0.0919869174161897,0.09239574816026165,0.08585445625511039,0.08442354865085855,0.0776778413736713,0.06459525756336877,0.061120196238757155,0.06173344235486509,0.049672935404742435,0.0464022894521668,0.03986099754701553,0.038430089942763694,0.028413736713000817,0.02105478331970564,0.010220768601798855,0.006950122649223222,0.9180879084696462,0.02295468330999071,0.0,0.0,0.0,0.0,0.0,0.0,0.0,0.0,0.0,0.0,0.0,0.0,0.0,0.0,0.0,0.0,0.0,0.0,0.0,0.0,0.0,0.0,0.0,0.0,0.0,0.4231398201144727,5.923957481602618,16.134505314799675,7.003270645952577,0.5151267375306624,4.258911819887429,2.8751170415925524,nan,nan,nan,4.23697270471464,2.8899883257252386,4.281210592686002,2.8597502597843616,1.0104409188008545,0.4,0.01069,0.0,0.0,0.0,0.0,0.0,0.0,0.0,0.0,0.0,0.0,0.024529844644317258,15.202371218315596,14.754701553556831,0.018397383483237943,0.0,0.0,0.0,0.0,0.0,0.0,0.0,0.0,0.0,0.0,0.0,0.0,0.0,0.0,0.0,0.0,nan,nan,4.258911819887429,2.8751170415925524,nan,0.4,0.05283,0.0,0.0,0.0,0.0,0.0,0.0,0.0,0.0,0.0,0.0,0.0,0.0,0.0,0.0,0.0,0.0,0.0,1.0220768601798855e-05,0.0,0.0,0.0,0.0013593622240392477,3.066230580539657e-05,7.154538021259198e-05,0.003475061324611611,0.0008176614881439084,0.007287408013082584,0.004660670482420278,0.002401880621422731,0.005498773507767784,0.014278413736713002,0.01981807031888798,0.0241107931316435,0.04256950122649223,0.0633789860997547,0.026665985282093213,0.060220768601798855,0.03739779231398201,0.06938879803761243,0.03090760425183974,0.08430089942763695,0.09211978740801308,0.08195012264922322,0.0660874897792314,0.06740596892886346,0.05260629599345871,0.05824816026165167,0.02661488143908422,0.010946443172526575,0.013532297628781685,0.01312346688470973,0.014850776778413738,0.002044153720359771,0.0009403107113654947,0.00025551921504497136,0.0,0.0006234668847097302,0.0,0.0,0.0,0.0,0.0,0.0,0.0,0.0,0.0,0.0,0.0,0.0,0.0,0.0,0.0,0.0,0.0,0.0,0.0,0.0,0.0,0.0,0.0,0.0,0.0,0.0,0.0,0.0,0.0,0.0,0.0,0.0,0.0,0.0,0.0,0.0,0.0,0.0,0.0,0.0,0.0,0.0,0.0,0.0,nan,nan,4.258911819887429,2.8751170415925524,nan,0.9180265752812852,0.023117852878147622,0.0,0.0,0.0,0.0,0.0,0.0,0.0,0.0,0.0,0.0,0.0,0.0,0.0,0.0,0.0,0.0,0.0,0.0,0.0,0.0,0.0,0.0,0.0,0.0,0.0,0.48945483485873464,5.909271786709114,16.152009550338246,6.935933147632314,0.5133306804615998,0.9181526963226732,0.022780874415865432,0.0,0.0,0.0,0.0,0.0,0.0,0.0,0.0,0.0,0.0,0.0,0.0,0.0,0.0,0.0,0.0,0.0,0.0,0.0,0.0,0.0,0.0,0.0,0.0,0.0,0.35308953341740235,5.939470365699876,16.116015132408577,7.07440100882724,0.5170239596469106,0.4,0.01052,0.0,0.0,0.0,0.0,0.0,0.0,0.0,0.0,0.0,0.0,0.03581376840429766,15.304417031436508,14.63589335455631,0.023875845602865108,0.0,0.0,0.0,0.0,0.0,0.0,0.0,0.0,0.0,0.0,0.0,0.0,0.0,0.0,0.0,0.0,0.4001,0.010864,0.0,0.0,0.0,0.0,0.0,0.0,0.0,0.0,0.0,0.0,0.012610340479192942,15.094577553593926,14.88020176544767,0.012610340479192942,0.0,0.0,0.0,0.0,0.0,0.0,0.0,0.0,0.0,0.0,0.0,0.0,0.0,0.0,0.0,0.0
65600,4623,2398,0.518710793856803,1108,957,0.4466796452520009,1303,0.563703223015358,0.422,3.021123595505618,3.1243880976479463,6.623655913978495,2.1297381256284416,9430.554361434512,1519.5925172380985,7853.0,10915.974320471287,10894.29850413334,7.006232239444223,7853.0,0.0,28.249621457927752,20.98167230076725,33.12003077712234,19.233276082027093,0.136491455764655,0.0982046290287692,0.0953926022063595,0.08847069002812027,0.07570841444949167,0.07592472420506165,0.06554185593770279,0.06424399740428294,0.058403634003893576,0.05234696084793424,0.04866969500324465,0.04672290720311486,0.03244646333549643,0.02509193164611724,0.018170019467878003,0.012113346311918667,0.006056673155959333,0.9186178367941921,0.0228665041702763,0.0,0.0,0.0,0.0,0.0,0.0,0.0,0.0,0.0,0.0,0.0,0.0,0.0,0.0,0.0,0.0,0.0,0.0,0.0,0.0,0.0,0.0,0.0,0.0,0.0,0.35691109669046084,5.885788449059054,16.080467229072035,7.086307592472422,0.5905256327060351,4.228647391159853,2.8817788920870915,nan,nan,nan,4.280104712041885,2.8704710724055493,4.175557056043214,2.892439931011469,0.9755735751733993,0.4001,0.010826,0.0,0.0,0.0,0.0,0.0,0.0,0.0,0.0,0.0,0.0,0.019467878001297862,14.79558728098635,15.171966255678134,0.012978585334198576,0.0,0.0,0.0,0.0,0.0,0.0,0.0,0.0,0.0,0.0,0.0,0.0,0.0,0.0,0.0,0.0,nan,nan,4.228647391159853,2.8817788920870915,nan,0.4001,0.05286,0.0,0.0,0.0,0.0,0.0,0.0,0.0,0.0,0.0,0.0,0.0,0.0,0.0,0.0,0.0,0.0,0.0,2.163097555699762e-05,0.0,1.081548777849881e-05,0.0,0.001654769630110318,0.0,5.4077438892494055e-05,0.002509193164611724,0.0008976854856154013,0.007624918883841661,0.004531689379191002,0.002346960847934242,0.004391088038070517,0.014460307159852909,0.02125243348475016,0.026952195544019036,0.04197490806835388,0.0618213281418992,0.027136058836253515,0.0573112697382652,0.0382003028336578,0.06881894873458792,0.032327492969932946,0.08212199870214147,0.08936837551373567,0.08445814406229721,0.06678563703223016,0.06782392385896605,0.055245511572571925,0.05827384815055159,0.02463768115942029,0.011064243997404282,0.014103396063162448,0.013357127406446031,0.014871295695435865,0.001654769630110318,0.0010707332900713822,0.00020549426779147738,0.0,0.0006597447544884274,0.0,0.0,0.0,0.0,0.0,0.0,0.0,0.0,0.0,0.0,0.0,0.0,0.0,0.0,0.0,0.0,0.0,0.0,0.0,0.0,0.0,0.0,0.0,0.0,0.0,0.0,0.0,0.0,0.0,0.0,0.0,0.0,0.0,0.0,0.0,0.0,0.0,0.0,0.0,0.0,0.0,0.0,0.0,0.0,nan,nan,4.228647391159853,2.8817788920870915,nan,0.9186266853572728,0.02272823111196332,0.0,0.0,0.0,0.0,0.0,0.0,0.0,0.0,0.0,0.0,0.0,0.0,0.0,0.0,0.0,0.0,0.0,0.0,0.0,0.0,0.0,0.0,0.0,0.0,0.0,0.32527105921601346,5.992493744787324,15.888240200166809,7.256046705587991,0.5379482902418683,0.9186083002304763,0.02301459440310635,0.0,0.0,0.0,0.0,0.0,0.0,0.0,0.0,0.0,0.0,0.0,0.0,0.0,0.0,0.0,0.0,0.0,0.0,0.0,0.0,0.0,0.0,0.0,0.0,0.0,0.39101123595505627,5.770786516853934,16.287640449438207,6.903370786516856,0.6471910112359551,0.4001,0.010864,0.0,0.0,0.0,0.0,0.0,0.0,0.0,0.0,0.0,0.0,0.03753127606338616,14.662218515429503,15.300250208507093,0.0,0.0,0.0,0.0,0.0,0.0,0.0,0.0,0.0,0.0,0.0,0.0,0.0,0.0,0.0,0.0,0.0,0.4,0.01078,0.0,0.0,0.0,0.0,0.0,0.0,0.0,0.0,0.0,0.0,0.0,14.939325842696606,15.033707865168543,0.026966292134831468,0.0,0.0,0.0,0.0,0.0,0.0,0.0,0.0,0.0,0.0,0.0,0.0,0.0,0.0,0.0,0.0
65700,4457,2378,0.5335427417545434,1105,865,0.4420013461969935,1198,0.5375813327350235,0.434,2.9788359788359786,3.1614462006173953,6.687170474516696,2.2955279915614466,9475.917179389508,1517.4704528087548,7853.0,10917.093236148357,10894.775386265364,7.142138471037036,7853.0,0.0,28.288310522773166,21.160510977053814,33.36609534011784,19.362099071864137,0.13933138882656496,0.0996185775185102,0.09019519856405654,0.08952210006730985,0.07269463764864259,0.07942562261610948,0.07022660982723805,0.06259816019744223,0.0549697105676464,0.04891182409692618,0.04958492259367287,0.04173210679829482,0.03410365716849899,0.026026475207538702,0.02266098272380525,0.01278887143818712,0.005609154139555755,0.9198798459288196,0.0229398767627976,0.0,0.0,0.0,0.0,0.0,0.0,0.0,0.0,0.0,0.0,0.0,0.0,0.0,0.0,0.0,0.0,0.0,0.0,0.0,0.0,0.0,0.0,0.0,0.0,0.0,0.289432353601077,5.526138658290331,16.013013237603772,7.5387031635629365,0.6327125869418893,4.198404439819632,3.01485009169869,nan,nan,nan,4.231358885017421,3.0183167714018335,4.165169315825847,3.0120151622472293,0.984357372893625,0.4004,0.011345,0.0,0.0,0.0,0.0,0.0,0.0,0.0,0.0,0.0,0.0,0.03365492483733454,14.276419115997287,15.642809064393093,0.04711689477226835,0.0,0.0,0.0,0.0,0.0,0.0,0.0,0.0,0.0,0.0,0.0,0.0,0.0,0.0,0.0,0.0,nan,nan,4.198404439819632,3.01485009169869,nan,0.4004,0.05307,0.0,0.0,0.0,0.0,0.0,0.0,0.0,0.0,0.0,0.0,0.0,0.0,0.0,0.0,0.0,0.0,0.0,0.0002019295490240072,0.0,0.0,0.0,0.0015032533094009423,7.852815795378057e-05,0.0,0.002950415077406327,0.0008301548126542518,0.0075050482387256,0.0033318375588961184,0.0024792461296836437,0.0038590980480143595,0.014280906439308952,0.02242539824994391,0.027462418667264975,0.04245007852815796,0.06290105452097823,0.026194749831725376,0.05393762620596814,0.040094233789544534,0.06870091990127888,0.0320619250617007,0.08212923491137536,0.08700919901278888,0.08358761498765986,0.06885797621718645,0.06864482835988334,0.05579986538030065,0.05603544985416199,0.02659860892977339,0.012082118016603097,0.01329369531074714,0.012867399596140902,0.015189589409916984,0.0022324433475431906,0.0014695983845636079,0.0003365492483733453,0.0,0.0006170069553511331,0.0,0.0,0.0,0.0,0.0,0.0,0.0,0.0,0.0,0.0,0.0,0.0,0.0,0.0,0.0,0.0,0.0,0.0,0.0,0.0,0.0,0.0,0.0,0.0,0.0,0.0,0.0,0.0,0.0,0.0,0.0,0.0,0.0,0.0,0.0,0.0,0.0,0.0,0.0,0.0,0.0,0.0,0.0,0.0,nan,nan,4.198404439819632,3.01485009169869,nan,0.9203452520304312,0.023136760847735954,0.0,0.0,0.0,0.0,0.0,0.0,0.0,0.0,0.0,0.0,0.0,0.0,0.0,0.0,0.0,0.0,0.0,0.0,0.0,0.0,0.0,0.0,0.0,0.0,0.0,0.36585365853658547,5.197645079899076,16.084945332211944,7.6450798990748545,0.7064760302775444,0.9193475055201459,0.022700888885733652,0.0,0.0,0.0,0.0,0.0,0.0,0.0,0.0,0.0,0.0,0.0,0.0,0.0,0.0,0.0,0.0,0.0,0.0,0.0,0.0,0.0,0.0,0.0,0.0,0.0,0.20202020202020207,5.901875901875902,15.930735930735935,7.417027417027419,0.5483405483405485,0.4001,0.01128,0.0,0.0,0.0,0.0,0.0,0.0,0.0,0.0,0.0,0.0,0.025231286795626584,14.571068124474326,15.340622371740961,0.06307821698906646,0.0,0.0,0.0,0.0,0.0,0.0,0.0,0.0,0.0,0.0,0.0,0.0,0.0,0.0,0.0,0.0,0.4006,0.011406,0.0,0.0,0.0,0.0,0.0,0.0,0.0,0.0,0.0,0.0,0.043290043290043295,13.93939393939392,15.988455988455993,0.028860028860028867,0.0,0.0,0.0,0.0,0.0,0.0,0.0,0.0,0.0,0.0,0.0,0.0,0.0,0.0,0.0,0.0
65800,4736,2532,0.5346283783783784,1246,934,0.46030405405405406,1293,0.5460304054054054,0.422,3.082577132486388,3.1806592076819142,6.7168,2.194857116078402,9479.057422325719,1517.0935818291343,7853.0,10917.570686399937,10894.472334966275,7.108035908171956,7853.0,0.0,27.81735641891892,20.591060390652032,32.8711470439616,18.74094212739153,0.1423141891891892,0.09438344594594594,0.09184966216216216,0.08298141891891891,0.08361486486486487,0.07918074324324324,0.07094594594594594,0.06756756756756757,0.056587837837837836,0.0620777027027027,0.044130067567567564,0.03568412162162162,0.030827702702702704,0.024070945945945946,0.018158783783783782,0.009290540540540541,0.00633445945945946,0.9193335452268051,0.0230858476356781,0.0,0.0,0.0,0.0,0.0,0.0,0.0,0.0,0.0,0.0,0.0,0.0,0.0,0.0,0.0,0.0,0.0,0.0,0.0,0.0,0.0,0.0,0.0,0.0,0.006334459459459461,0.39273648648648657,5.384290540540542,16.076858108108112,7.506334459459461,0.633445945945946,4.307966321243524,3.01669169218618,nan,nan,nan,4.369677419354839,2.985683564538384,4.245773732119636,3.046358068786922,0.9716446603846796,0.4001,0.0111,0.0,0.0,0.0,0.0,0.0,0.0,0.0,0.0,0.0,0.0,0.0633445945945946,14.448902027027005,15.462415540540544,0.025337837837837843,0.0,0.0,0.0,0.0,0.0,0.0,0.0,0.0,0.0,0.0,0.0,0.0,0.0,0.0,0.0,0.0,nan,nan,4.307966321243524,3.01669169218618,nan,0.4001,0.0533,0.0,0.0,0.0,0.0,0.0,0.0,0.0,0.0,0.0,0.0,0.0,0.0,0.0,0.0,0.0,0.0,0.0,0.0002217060810810811,0.0,0.0,0.0,0.0016680743243243244,7.390202702702703e-05,0.0,0.002396537162162162,0.0008129222972972973,0.008150337837837838,0.002639358108108108,0.002808277027027027,0.0035367398648648647,0.015519425675675675,0.023775337837837838,0.028125,0.043032094594594596,0.0637985641891892,0.023374155405405404,0.05177364864864865,0.042704814189189186,0.06710304054054055,0.03341427364864865,0.08433277027027027,0.08552576013513513,0.08059543918918918,0.06816934121621622,0.06870777027027027,0.05725295608108108,0.05548986486486487,0.02544341216216216,0.012510557432432432,0.013566300675675675,0.012521114864864865,0.01584670608108108,0.0024809966216216214,0.0017208614864864865,0.00014780405405405406,0.0,0.0007601351351351352,0.0,0.0,0.0,0.0,0.0,0.0,0.0,0.0,0.0,0.0,0.0,0.0,0.0,0.0,0.0,0.0,0.0,0.0,0.0,0.0,0.0,0.0,0.0,0.0,0.0,0.0,0.0,0.0,0.0,0.0,0.0,0.0,0.0,0.0,0.0,0.0,0.0,0.0,0.0,0.0,0.0,0.0,0.0,0.0,nan,nan,4.307966321243524,3.01669169218618,nan,0.9192803352364997,0.023144020759166217,0.0,0.0,0.0,0.0,0.0,0.0,0.0,0.0,0.0,0.0,0.0,0.0,0.0,0.0,0.0,0.0,0.0,0.0,0.0,0.0,0.0,0.0,0.0,0.0,0.0,0.45023696682464465,5.355450236966826,15.947867298578203,7.606635071090049,0.6398104265402845,0.9193946739452504,0.023018683889339475,0.0,0.0,0.0,0.0,0.0,0.0,0.0,0.0,0.0,0.0,0.0,0.0,0.0,0.0,0.0,0.0,0.0,0.0,0.0,0.0,0.0,0.0,0.0,0.0,0.013611615245009078,0.3266787658802178,5.417422867513612,16.22504537205082,7.391107078039929,0.6261343012704176,0.4001,0.011215,0.0,0.0,0.0,0.0,0.0,0.0,0.0,0.0,0.0,0.0,0.05924170616113745,14.466824644549742,15.450236966824647,0.02369668246445498,0.0,0.0,0.0,0.0,0.0,0.0,0.0,0.0,0.0,0.0,0.0,0.0,0.0,0.0,0.0,0.0,0.4004,0.010956,0.0,0.0,0.0,0.0,0.0,0.0,0.0,0.0,0.0,0.0,0.06805807622504538,14.428312159709597,15.476406533575322,0.027223230490018156,0.0,0.0,0.0,0.0,0.0,0.0,0.0,0.0,0.0,0.0,0.0,0.0,0.0,0.0,0.0,0.0
65900,4796,2549,0.5314845704753962,1169,943,0.44036697247706424,1301,0.542535446205171,0.43,3.02803738317757,3.182704822758728,6.926470588235294,2.032292877672462,9469.364325980217,1517.603019869824,7853.0,10916.405326724052,10894.22530694434,6.784897833362989,7853.0,0.0,27.694745621351124,20.72253604970818,32.59577639751553,19.0171634031028,0.1396997497914929,0.10112593828190158,0.09799833194328607,0.08819849874895747,0.0798582151793161,0.07568807339449542,0.06255212677231026,0.06505421184320268,0.05733944954128441,0.05421184320266889,0.043369474562135114,0.041701417848206836,0.036488740617180986,0.02335279399499583,0.018557130942452045,0.010425354462051709,0.004378648874061718,0.9186649934215482,0.022411977734557335,0.0,0.0,0.0,0.0,0.0,0.0,0.0,0.0,0.0,0.0,0.0,0.0,0.0,0.0,0.0,0.0,0.0,0.0,0.0,0.0,0.0,0.0,0.0,0.0,0.006255212677231027,0.2814845704753962,5.886155129274397,16.125938281901586,7.281067556296915,0.41909924937447884,4.280065359477124,2.912727535330853,nan,nan,nan,4.264957264957265,2.8912143576159424,4.294996751137102,2.9337576641277483,1.0070433264189198,0.4001,0.011086,0.0,0.0,0.0,0.0,0.0,0.0,0.0,0.0,0.0,0.0,0.031276063386155135,14.693494578815658,15.237698081734782,0.03753127606338616,0.0,0.0,0.0,0.0,0.0,0.0,0.0,0.0,0.0,0.0,0.0,0.0,0.0,0.0,0.0,0.0,nan,nan,4.280065359477124,2.912727535330853,nan,0.4001,0.05307,0.0,0.0,0.0,0.0,0.0,0.0,0.0,0.0,0.0,0.0,0.0,0.0,0.0,0.0,0.0,0.0,0.0,0.00011467889908256881,0.0,0.0,0.0,0.0018974145120934111,0.0,0.0,0.0022727272727272726,0.0008444537114261885,0.007673060884070058,0.0033256880733944956,0.0022206005004170143,0.0035550458715596332,0.014553794829024186,0.024051292743953293,0.02860717264386989,0.04250417014178482,0.06440783986655546,0.023144286905754794,0.05173060884070058,0.041117597998331944,0.0701000834028357,0.03427856547122602,0.08680150125104254,0.08671809841534613,0.08087989991659716,0.06566930775646372,0.06542952460383653,0.05761050875729775,0.0570162635529608,0.02468723936613845,0.013000417014178482,0.013709341117597999,0.011488740617180984,0.015085487906588825,0.003023352793994996,0.0017514595496246873,0.0001251042535446205,0.0,0.0006046705587989991,0.0,0.0,0.0,0.0,0.0,0.0,0.0,0.0,0.0,0.0,0.0,0.0,0.0,0.0,0.0,0.0,0.0,0.0,0.0,0.0,0.0,0.0,0.0,0.0,0.0,0.0,0.0,0.0,0.0,0.0,0.0,0.0,0.0,0.0,0.0,0.0,0.0,0.0,0.0,0.0,0.0,0.0,0.0,0.0,nan,nan,4.280065359477124,2.912727535330853,nan,0.9186478842235444,0.02188343732757587,0.0,0.0,0.0,0.0,0.0,0.0,0.0,0.0,0.0,0.0,0.0,0.0,0.0,0.0,0.0,0.0,0.0,0.0,0.0,0.0,0.0,0.0,0.0,0.0,0.0,0.22361710474695964,5.684582189093764,16.6771282856022,7.0380541388779925,0.37661828167908995,0.9186844021201293,0.022996837801321012,0.0,0.0,0.0,0.0,0.0,0.0,0.0,0.0,0.0,0.0,0.0,0.0,0.0,0.0,0.0,0.0,0.0,0.0,0.0,0.0,0.0,0.0,0.0,0.0,0.013351134846461953,0.3471295060080108,6.114819759679574,15.500667556742327,7.556742323097465,0.46728971962616833,0.4,0.01128,0.0,0.0,0.0,0.0,0.0,0.0,0.0,0.0,0.0,0.0,0.023538642604943122,14.98234601804627,14.947038054138881,0.047077285209886244,0.0,0.0,0.0,0.0,0.0,0.0,0.0,0.0,0.0,0.0,0.0,0.0,0.0,0.0,0.0,0.0,0.4004,0.010864,0.0,0.0,0.0,0.0,0.0,0.0,0.0,0.0,0.0,0.0,0.040053404539385856,14.365821094793036,15.567423230974637,0.026702269692923906,0.0,0.0,0.0,0.0,0.0,0.0,0.0,0.0,0.0,0.0,0.0,0.0,0.0,0.0,0.0,0.0
66000,4991,2589,0.5187337206972551,1272,1018,0.4588258865958726,1423,0.5702264075335604,0.3539999999999999,3.059533721898418,3.0775764087904625,6.529490616621984,2.1354442771085864,9430.674813287802,1519.6387372308945,7853.0,10919.549798429012,10894.396289347014,6.995494908909936,7853.0,0.0,29.161891404528152,20.851639309666975,33.65164604249358,19.079544318881336,0.12221999599278702,0.09957924263674614,0.08635543979162492,0.0791424564215588,0.08174714486074935,0.07673812863153677,0.07373271889400922,0.0663193748747746,0.0671208174714486,0.056100981767180924,0.043478260869565216,0.04668403125626127,0.03666599879783611,0.025646163093568423,0.022039671408535362,0.009617311160088158,0.006812262071729113,0.9188136957351442,0.02251697546633308,0.0,0.0,0.0,0.0,0.0,0.0,0.0,0.0,0.0,0.0,0.0,0.0,0.0,0.0,0.0,0.0,0.0,0.0,0.0,0.0,0.0,0.0,0.0,0.0,0.0,0.34862752955319587,5.572029653376078,16.48767782007614,7.098777800040073,0.4928871969545182,4.100508525276697,2.8268524132698407,nan,nan,nan,4.170924574209246,2.8857998459702547,4.032979976442874,2.767614443218715,0.9669270936666304,0.4001,0.011154,0.0,0.0,0.0,0.0,0.0,0.0,0.0,0.0,0.0,0.0,0.024043277900220403,14.8166700060108,15.117210979763577,0.04207573632538571,0.0,0.0,0.0,0.0,0.0,0.0,0.0,0.0,0.0,0.0,0.0,0.0,0.0,0.0,0.0,0.0,nan,nan,4.100508525276697,2.8268524132698407,nan,0.4001,0.0534,0.0,0.0,0.0,0.0,0.0,0.0,0.0,0.0,0.0,0.0,0.0,0.0,0.0,0.0,0.0,0.0,0.0,1.0018032458425165e-05,0.0,0.0,0.0,0.0026447605690242434,1.0018032458425165e-05,1.0018032458425165e-05,0.0019034261671007815,0.0011721097976357443,0.007092766980565017,0.0031256261270286518,0.002193949108395111,0.003756762171909437,0.016189140452815068,0.024273692646764176,0.028631536766179123,0.04156481667000601,0.0648066519735524,0.020256461630935686,0.05385694249649369,0.04183530354638349,0.06892406331396514,0.033039471047886196,0.08560408735724304,0.08496293327990383,0.08064516129032258,0.06592867160889601,0.06566820276497695,0.05720296533760769,0.05971749148467241,0.024684431977559606,0.01334401923462232,0.014926868363053496,0.012622720897615708,0.01421558805850531,0.002905229412943298,0.0013624524143458225,0.00013023442195952715,0.0,0.0007814065317571629,0.0,0.0,0.0,0.0,0.0,0.0,0.0,0.0,0.0,0.0,0.0,0.0,0.0,0.0,0.0,0.0,0.0,0.0,0.0,0.0,0.0,0.0,0.0,0.0,0.0,0.0,0.0,0.0,0.0,0.0,0.0,0.0,0.0,0.0,0.0,0.0,0.0,0.0,0.0,0.0,0.0,0.0,0.0,0.0,nan,nan,4.100508525276697,2.8268524132698407,nan,0.9188489359334059,0.022681436447135557,0.0,0.0,0.0,0.0,0.0,0.0,0.0,0.0,0.0,0.0,0.0,0.0,0.0,0.0,0.0,0.0,0.0,0.0,0.0,0.0,0.0,0.0,0.0,0.0,0.0,0.3360370799536501,5.643105446118193,16.315179606025495,7.149478563151797,0.5561993047508691,0.9187757120243616,0.02233829282015255,0.0,0.0,0.0,0.0,0.0,0.0,0.0,0.0,0.0,0.0,0.0,0.0,0.0,0.0,0.0,0.0,0.0,0.0,0.0,0.0,0.0,0.0,0.0,0.0,0.0,0.36219816819317247,5.495420482930893,16.67360532889259,7.044129891756871,0.424646128226478,0.4004,0.01109,0.0,0.0,0.0,0.0,0.0,0.0,0.0,0.0,0.0,0.0,0.023174971031286216,14.681344148319791,15.260718424101972,0.03476245654692932,0.0,0.0,0.0,0.0,0.0,0.0,0.0,0.0,0.0,0.0,0.0,0.0,0.0,0.0,0.0,0.0,0.4001,0.01122,0.0,0.0,0.0,0.0,0.0,0.0,0.0,0.0,0.0,0.0,0.024979184013322237,14.962531223979996,14.96253122398002,0.049958368026644474,0.0,0.0,0.0,0.0,0.0,0.0,0.0,0.0,0.0,0.0,0.0,0.0,0.0,0.0,0.0,0.0
66100,4448,2288,0.5143884892086331,1074,935,0.4516636690647482,1263,0.5678956834532374,0.41,2.9560185185185186,3.0798645472303963,6.556131260794473,2.18446617265055,9417.474051926138,1520.0916845254958,7853.0,10919.344457507133,10894.425079968296,7.2677403977233945,7853.0,0.0,27.63331834532374,20.64580617340324,32.68802153432032,18.83337303729343,0.1443345323741007,0.09577338129496403,0.09667266187050359,0.08543165467625899,0.07711330935251799,0.07756294964028777,0.0739658273381295,0.06812050359712231,0.05350719424460432,0.048336330935251796,0.048336330935251796,0.042715827338129495,0.030800359712230215,0.025404676258992807,0.01933453237410072,0.007868705035971223,0.004721223021582734,0.9187141522872362,0.022814623639741956,0.0,0.0,0.0,0.0,0.0,0.0,0.0,0.0,0.0,0.0,0.0,0.0,0.0,0.0,0.0,0.0,0.0,0.0,0.0,0.0,0.0,0.0,0.0,0.0,0.006744604316546764,0.3035071942446044,5.746402877697843,16.119604316546766,7.2774280575539585,0.5463129496402879,4.297060881735479,2.8704714729551286,nan,nan,nan,4.3417899929527835,2.843242034487968,4.252953439888811,2.896395515557874,0.9795391870154558,0.4004,0.011185,0.0,0.0,0.0,0.0,0.0,0.0,0.0,0.0,0.0,0.0,0.04721223021582735,14.298561151079115,15.613758992805758,0.04046762589928058,0.0,0.0,0.0,0.0,0.0,0.0,0.0,0.0,0.0,0.0,0.0,0.0,0.0,0.0,0.0,0.0,nan,nan,4.297060881735479,2.8704714729551286,nan,0.4004,0.05356,0.0,0.0,0.0,0.0,0.0,0.0,0.0,0.0,0.0,0.0,0.0,0.0,0.0,0.0,0.0,0.0,0.0,0.0,0.0,0.0,3.372302158273381e-05,0.002731564748201439,0.0,0.0,0.0019671762589928057,0.0014388489208633094,0.007093075539568346,0.003012589928057554,0.002236960431654676,0.0038556654676258992,0.015984712230215827,0.023920863309352516,0.0280238309352518,0.042401079136690646,0.06283723021582734,0.02077338129496403,0.052394334532374104,0.042254946043165466,0.07122302158273382,0.03386915467625899,0.08466726618705037,0.08271133093525179,0.08271133093525179,0.06809802158273381,0.06483812949640287,0.05445143884892086,0.05919514388489209,0.02478642086330935,0.012994604316546763,0.016366906474820146,0.012196492805755396,0.015096672661870503,0.003158723021582734,0.001472571942446043,0.0002697841726618705,1.1241007194244605e-05,0.0009217625899280576,0.0,0.0,0.0,0.0,0.0,0.0,0.0,0.0,0.0,0.0,0.0,0.0,0.0,0.0,0.0,0.0,0.0,0.0,0.0,0.0,0.0,0.0,0.0,0.0,0.0,0.0,0.0,0.0,0.0,0.0,0.0,0.0,0.0,0.0,0.0,0.0,0.0,0.0,0.0,0.0,0.0,0.0,0.0,0.0,nan,nan,4.297060881735479,2.8704714729551286,nan,0.9187612512468041,0.02308959688914632,0.0,0.0,0.0,0.0,0.0,0.0,0.0,0.0,0.0,0.0,0.0,0.0,0.0,0.0,0.0,0.0,0.0,0.0,0.0,0.0,0.0,0.0,0.0,0.0,0.013111888111888115,0.340909090909091,5.63811188811189,16.088286713286717,7.355769230769233,0.5638111888111889,0.9186642622782124,0.02251958668252312,0.0,0.0,0.0,0.0,0.0,0.0,0.0,0.0,0.0,0.0,0.0,0.0,0.0,0.0,0.0,0.0,0.0,0.0,0.0,0.0,0.0,0.0,0.0,0.0,0.0,0.26388888888888895,5.8611111111111125,16.152777777777782,7.194444444444446,0.5277777777777779,0.4004,0.01136,0.0,0.0,0.0,0.0,0.0,0.0,0.0,0.0,0.0,0.0,0.07867132867132869,14.16083916083914,15.734265734265737,0.02622377622377623,0.0,0.0,0.0,0.0,0.0,0.0,0.0,0.0,0.0,0.0,0.0,0.0,0.0,0.0,0.0,0.0,0.4004,0.010994,0.0,0.0,0.0,0.0,0.0,0.0,0.0,0.0,0.0,0.0,0.013888888888888892,14.444444444444425,15.486111111111114,0.055555555555555566,0.0,0.0,0.0,0.0,0.0,0.0,0.0,0.0,0.0,0.0,0.0,0.0,0.0,0.0,0.0,0.0
66200,4295,2212,0.5150174621653085,1071,855,0.44842840512223514,1195,0.5564610011641443,0.40199999999999997,2.9913586173787805,3.0718585821743116,6.41042345276873,2.0682859234348214,9419.466268933846,1520.111830245625,7853.0,10919.536127746105,10894.578944426252,7.067846622509552,7853.0,0.0,28.47823050058207,21.376004708814197,33.56052193225985,19.5999361621951,0.14016298020954598,0.09965075669383003,0.09173457508731082,0.07869615832363214,0.07916181606519208,0.07334109429569266,0.07660069848661234,0.06053550640279395,0.06169965075669383,0.04935972060535507,0.04423748544819558,0.03911525029103609,0.03329452852153667,0.026542491268917345,0.023282887077997673,0.012339930151338767,0.010244470314318976,0.9189710979828041,0.023000724575404488,0.0,0.0,0.0,0.0,0.0,0.0,0.0,0.0,0.0,0.0,0.0,0.0,0.0,0.0,0.0,0.0,0.0,0.0,0.0,0.0,0.0,0.0,0.0,0.0,0.013969732246798606,0.34924330616996513,5.573923166472643,15.988358556461005,7.522700814901049,0.5518044237485449,4.220399429386591,2.8819989021727976,nan,nan,nan,4.1587982832618025,2.904875628755528,4.281650071123756,2.8577546134846146,1.0295402131804283,0.4004,0.01102,0.0,0.0,0.0,0.0,0.0,0.0,0.0,0.0,0.0,0.0,0.06286379511059373,14.696158323632108,15.213038416763682,0.027939464493597212,0.0,0.0,0.0,0.0,0.0,0.0,0.0,0.0,0.0,0.0,0.0,0.0,0.0,0.0,0.0,0.0,nan,nan,4.220399429386591,2.8819989021727976,nan,0.4004,0.05396,0.0,0.0,0.0,0.0,0.0,0.0,0.0,0.0,0.0,0.0,0.0,0.0,0.0,0.0,0.0,0.0,0.0,0.0,0.0,0.0,0.0,0.0030267753201396975,0.0,0.0,0.0026542491268917346,0.0016763678696158323,0.007229336437718277,0.0027590221187427243,0.0019324796274738068,0.003981373690337602,0.01651920838183935,0.02441210710128056,0.029674039580908033,0.040558789289871944,0.0610011641443539,0.020465657741559954,0.054668218859138536,0.0420256111757858,0.07019790454016298,0.03223515715948778,0.08315483119906869,0.08279394644935972,0.08471478463329453,0.06928987194412108,0.0639697322467986,0.0550058207217695,0.058777648428405126,0.02359720605355064,0.013329452852153667,0.016856810244470315,0.012526193247962747,0.014889406286379511,0.0028754365541327122,0.0018859138533178115,0.0001979045401629802,0.0,0.0011175785797438882,0.0,0.0,0.0,0.0,0.0,0.0,0.0,0.0,0.0,0.0,0.0,0.0,0.0,0.0,0.0,0.0,0.0,0.0,0.0,0.0,0.0,0.0,0.0,0.0,0.0,0.0,0.0,0.0,0.0,0.0,0.0,0.0,0.0,0.0,0.0,0.0,0.0,0.0,0.0,0.0,0.0,0.0,0.0,0.0,nan,nan,4.220399429386591,2.8819989021727976,nan,0.9192954096235807,0.02327064135223798,0.0,0.0,0.0,0.0,0.0,0.0,0.0,0.0,0.0,0.0,0.0,0.0,0.0,0.0,0.0,0.0,0.0,0.0,0.0,0.0,0.0,0.0,0.0,0.0,0.027124773960217004,0.28481012658227856,5.669077757685354,15.732368896925863,7.622061482820978,0.6645569620253166,0.9186267017516961,0.02270550911249238,0.0,0.0,0.0,0.0,0.0,0.0,0.0,0.0,0.0,0.0,0.0,0.0,0.0,0.0,0.0,0.0,0.0,0.0,0.0,0.0,0.0,0.0,0.0,0.0,0.0,0.4176668266922709,5.472875660105617,16.260201632261165,7.417186749879982,0.4320691310609699,0.4004,0.0109,0.0,0.0,0.0,0.0,0.0,0.0,0.0,0.0,0.0,0.0,0.040687160940325505,14.742314647377917,15.20343580470163,0.013562386980108502,0.0,0.0,0.0,0.0,0.0,0.0,0.0,0.0,0.0,0.0,0.0,0.0,0.0,0.0,0.0,0.0,0.4001,0.01113,0.0,0.0,0.0,0.0,0.0,0.0,0.0,0.0,0.0,0.0,0.08641382621219397,14.647143542966854,15.223235717714838,0.043206913106096985,0.0,0.0,0.0,0.0,0.0,0.0,0.0,0.0,0.0,0.0,0.0,0.0,0.0,0.0,0.0,0.0
66300,4052,2131,0.5259131293188549,1010,809,0.4489141164856861,1099,0.5424481737413623,0.438,2.9864653826132224,3.19320987854661,6.763106796116505,2.307059250789377,9452.600527990753,1518.7488003274063,7853.0,10917.922277212143,10894.567967817236,7.03666462408064,7853.0,0.0,27.528134254689043,20.864673455259524,32.660444444444444,19.089146571795872,0.14708785784797632,0.09772951628825272,0.09427443237907206,0.08933859822309971,0.08070088845014807,0.07601184600197433,0.06811451135241856,0.05824284304047384,0.0604639684106614,0.05059230009871668,0.044669299111549855,0.04022704837117473,0.03405725567620928,0.024925962487660415,0.01702862783810464,0.009131293188548864,0.007403751233958539,0.9195218936182551,0.02262445415827381,0.0,0.0,0.0,0.0,0.0,0.0,0.0,0.0,0.0,0.0,0.0,0.0,0.0,0.0,0.0,0.0,0.0,0.0,0.0,0.0,0.0,0.0,0.0,0.0,0.0,0.3479763079960514,5.567620927936822,15.72556762092794,7.899802566633763,0.45903257650542956,4.274237157203554,2.9836228414621737,nan,nan,nan,4.226283048211508,2.9780367139266275,4.321565617805065,2.9883714261473124,1.0225452409378684,0.4,0.0115,0.0,0.0,0.0,0.0,0.0,0.0,0.0,0.0,0.0,0.0,0.0740375123395854,14.600197433366217,15.27393879565647,0.05182625863770979,0.0,0.0,0.0,0.0,0.0,0.0,0.0,0.0,0.0,0.0,0.0,0.0,0.0,0.0,0.0,0.0,nan,nan,4.274237157203554,2.9836228414621737,nan,0.4,0.05396,0.0,0.0,0.0,0.0,0.0,0.0,0.0,0.0,0.0,0.0,0.0,0.0,0.0,0.0,0.0,0.0,0.0,0.0,0.0,0.0,0.0,0.00302319842053307,0.0,1.2339585389930897e-05,0.0025049358341559724,0.0016164856860809477,0.008711747285291215,0.0021224086870681143,0.0019496544916090819,0.005281342546890424,0.015091312931885488,0.026702862783810465,0.027998519249753207,0.03978282329713722,0.06157453109575518,0.021902764067127344,0.05584896347482725,0.0417324777887463,0.06444965449160908,0.03390918065153011,0.0841436327739388,0.08731490621915104,0.0832675222112537,0.06622655478775913,0.06354886475814413,0.05876110562685094,0.056441263573543926,0.02460513326752221,0.011771964461994078,0.018077492596248766,0.011636229022704838,0.014363277393879565,0.0029985192497532084,0.001443731490621915,0.00034550839091806513,0.0,0.0008390918065153011,0.0,0.0,0.0,0.0,0.0,0.0,0.0,0.0,0.0,0.0,0.0,0.0,0.0,0.0,0.0,0.0,0.0,0.0,0.0,0.0,0.0,0.0,0.0,0.0,0.0,0.0,0.0,0.0,0.0,0.0,0.0,0.0,0.0,0.0,0.0,0.0,0.0,0.0,0.0,0.0,0.0,0.0,0.0,0.0,nan,nan,4.274237157203554,2.9836228414621737,nan,0.9195692981704755,0.022476041386363922,0.0,0.0,0.0,0.0,0.0,0.0,0.0,0.0,0.0,0.0,0.0,0.0,0.0,0.0,0.0,0.0,0.0,0.0,0.0,0.0,0.0,0.0,0.0,0.0,0.0,0.3660253402158612,5.518535898639137,15.64054434537776,8.052557484748945,0.4223369310183014,0.9194693068921845,0.02278784493147144,0.0,0.0,0.0,0.0,0.0,0.0,0.0,0.0,0.0,0.0,0.0,0.0,0.0,0.0,0.0,0.0,0.0,0.0,0.0,0.0,0.0,0.0,0.0,0.0,0.0,0.3279541905257679,5.622071837584592,15.819885476314424,7.730348776678815,0.4997397188964082,0.4001,0.01146,0.0,0.0,0.0,0.0,0.0,0.0,0.0,0.0,0.0,0.0,0.08446738620366026,14.359455654622222,15.48568747067105,0.07038948850305023,0.0,0.0,0.0,0.0,0.0,0.0,0.0,0.0,0.0,0.0,0.0,0.0,0.0,0.0,0.0,0.0,0.3997,0.01153,0.0,0.0,0.0,0.0,0.0,0.0,0.0,0.0,0.0,0.0,0.06246746486205103,14.86725663716812,15.039042165538786,0.031233732431025514,0.0,0.0,0.0,0.0,0.0,0.0,0.0,0.0,0.0,0.0,0.0,0.0,0.0,0.0,0.0,0.0
66400,4142,2137,0.5159343312409465,1044,849,0.45702559150169003,1185,0.5721873491067118,0.41,3.0159600997506235,3.0601199002480692,6.460132890365449,2.0651929472207793,9422.123275857999,1519.8982169799344,7853.0,10918.130094707012,10894.323635284902,7.199090021977713,7853.0,0.0,28.93940125543216,20.927363917368204,33.76586059743954,19.017011948852165,0.13520038628681796,0.09295026557218734,0.08377595364558184,0.08377595364558184,0.07749879285369386,0.07556735876388218,0.07701593433124095,0.0589087397392564,0.06735876388218252,0.05456301303718011,0.04732013520038629,0.045871559633027525,0.03718010622887494,0.028488652824722356,0.018107194591984548,0.010140028971511348,0.006277160791887977,0.9185660553980081,0.023063362330126052,0.0,0.0,0.0,0.0,0.0,0.0,0.0,0.0,0.0,0.0,0.0,0.0,0.0,0.0,0.0,0.0,0.0,0.0,0.0,0.0,0.0,0.0,0.0,0.0,0.0,0.3259295026557219,6.214389183969099,15.651859005311447,7.279092225977791,0.528730082085949,4.216020297209134,2.845371785102272,nan,nan,nan,4.197485207100592,2.8607049356882492,4.233830845771144,2.8304454095759217,1.0086589081026582,0.4,0.01127,0.0,0.0,0.0,0.0,0.0,0.0,0.0,0.0,0.0,0.0,0.04345726702076292,15.17382906808303,14.753742153549014,0.028971511347175283,0.0,0.0,0.0,0.0,0.0,0.0,0.0,0.0,0.0,0.0,0.0,0.0,0.0,0.0,0.0,0.0,nan,nan,4.216020297209134,2.845371785102272,nan,0.4,0.05402,0.0,0.0,0.0,0.0,0.0,0.0,0.0,0.0,0.0,0.0,0.0,0.0,0.0,0.0,0.0,0.0,0.0,0.0,0.0,0.0,0.0,0.002510864316755191,0.0,0.0,0.003005794302269435,0.0013882182520521488,0.009017382906808305,0.0014123611781747948,0.0014606470304200868,0.005142443264123612,0.015113471752776437,0.02817479478512796,0.025543215837759536,0.04368662481892805,0.06158860453887011,0.02118541767262192,0.05697730564944471,0.04293819410912603,0.06406325446644133,0.032749879285369383,0.08780782230806373,0.08446402704007726,0.08192901979719942,0.06634476098503139,0.06269917914051183,0.05731530661516176,0.053681796233703526,0.025688073394495414,0.012735393529695799,0.01874698213423467,0.012687107677450507,0.013568324480927088,0.0034765813616610334,0.0012675036214389185,0.0006639304683727668,0.0,0.0009536455818445195,1.2071463061323032e-05,0.0,0.0,0.0,0.0,0.0,0.0,0.0,0.0,0.0,0.0,0.0,0.0,0.0,0.0,0.0,0.0,0.0,0.0,0.0,0.0,0.0,0.0,0.0,0.0,0.0,0.0,0.0,0.0,0.0,0.0,0.0,0.0,0.0,0.0,0.0,0.0,0.0,0.0,0.0,0.0,0.0,0.0,0.0,nan,nan,4.216020297209134,2.845371785102272,nan,0.9193237555824711,0.023213949160979686,0.0,0.0,0.0,0.0,0.0,0.0,0.0,0.0,0.0,0.0,0.0,0.0,0.0,0.0,0.0,0.0,0.0,0.0,0.0,0.0,0.0,0.0,0.0,0.0,0.0,0.3369209171736079,5.882077678989239,15.638745905474968,7.482452035563877,0.6598034627983155,0.9177584717101289,0.022874156592206336,0.0,0.0,0.0,0.0,0.0,0.0,0.0,0.0,0.0,0.0,0.0,0.0,0.0,0.0,0.0,0.0,0.0,0.0,0.0,0.0,0.0,0.0,0.0,0.0,0.0,0.3142144638403991,6.5685785536159615,15.665835411471326,7.062344139650874,0.3890274314214465,0.3994,0.01132,0.0,0.0,0.0,0.0,0.0,0.0,0.0,0.0,0.0,0.0,0.04211511464670099,15.484323818437037,14.45952269536734,0.01403837154890033,0.0,0.0,0.0,0.0,0.0,0.0,0.0,0.0,0.0,0.0,0.0,0.0,0.0,0.0,0.0,0.0,0.4004,0.0112,0.0,0.0,0.0,0.0,0.0,0.0,0.0,0.0,0.0,0.0,0.044887780548628436,14.842892768079778,15.067331670822947,0.044887780548628436,0.0,0.0,0.0,0.0,0.0,0.0,0.0,0.0,0.0,0.0,0.0,0.0,0.0,0.0,0.0,0.0
66500,4067,2123,0.5220063929186133,994,836,0.44996311777723136,1136,0.5586427342021146,0.438,3.0236625514403292,3.2122219918323824,6.875471698113207,2.1551960608074054,9440.34608068619,1518.9630057153668,7853.0,10916.066564559937,10893.855633608446,7.046689303968878,7853.0,0.0,27.56134743053848,20.7870905484251,32.597528684907324,19.026494118646305,0.1465453651340054,0.09515613474305384,0.09417260880255716,0.09146791246619129,0.08359970494221786,0.07155151217113351,0.06958446029014015,0.0634374231620359,0.058028030489304154,0.04843865256946152,0.04597983771821982,0.04081632653061224,0.03270223752151463,0.024588148512417016,0.01524465207769855,0.012294074256208508,0.006392918613228424,0.917824090626306,0.023057080966431356,0.0,0.0,0.0,0.0,0.0,0.0,0.0,0.0,0.0,0.0,0.0,0.0,0.0,0.0,0.0,0.0,0.0,0.0,0.0,0.0,0.0,0.0,0.0,0.0,0.0,0.39095156134743064,6.2626014261126155,15.741332677649376,7.081386771576102,0.5237275633144826,4.353975535168196,3.0377479042337763,nan,nan,nan,4.325227963525836,3.0835383141220687,4.383076923076923,2.9903984417192113,1.013374777014974,0.3997,0.011375,0.0,0.0,0.0,0.0,0.0,0.0,0.0,0.0,0.0,0.0,0.09589377919842638,15.077452667814093,14.760265552003938,0.06638800098352596,0.0,0.0,0.0,0.0,0.0,0.0,0.0,0.0,0.0,0.0,0.0,0.0,0.0,0.0,0.0,0.0,nan,nan,4.353975535168196,3.0377479042337763,nan,0.3997,0.0544,0.0,0.0,0.0,0.0,0.0,0.0,0.0,0.0,0.0,0.0,0.0,0.0,0.0,0.0,0.0,0.0,0.0,0.0,0.0,0.0,0.0,0.0034054585689697564,0.0,0.0,0.002876813375952791,0.0019055815097123187,0.008851733464470126,0.0018809933611999017,0.001967051880993361,0.0054954511925252025,0.01515859355790509,0.027932136710105727,0.02512908777969019,0.04365625768379641,0.06128596016719941,0.022030981067125647,0.05381116301942464,0.04568477993607081,0.06332677649373002,0.03302188345217605,0.0893041553970986,0.0865625768379641,0.07994836488812393,0.06737152692402262,0.058446029014015244,0.05517580526186378,0.055311040078682074,0.026579788541922795,0.012490779444307844,0.01919104991394148,0.012626014261126138,0.0130071305630686,0.003995574133267765,0.0012908777969018934,0.0003073518564052127,0.0,0.0009712318662404721,0.0,0.0,0.0,0.0,0.0,0.0,0.0,0.0,0.0,0.0,0.0,0.0,0.0,0.0,0.0,0.0,0.0,0.0,0.0,0.0,0.0,0.0,0.0,0.0,0.0,0.0,0.0,0.0,0.0,0.0,0.0,0.0,0.0,0.0,0.0,0.0,0.0,0.0,0.0,0.0,0.0,0.0,0.0,0.0,nan,nan,4.353975535168196,3.0377479042337763,nan,0.9174605851402499,0.02298021026385387,0.0,0.0,0.0,0.0,0.0,0.0,0.0,0.0,0.0,0.0,0.0,0.0,0.0,0.0,0.0,0.0,0.0,0.0,0.0,0.0,0.0,0.0,0.0,0.0,0.0,0.5087140838436176,6.302402260951485,15.657089024964677,6.980687706076309,0.551106924163919,0.918221067039319,0.02313421417477021,0.0,0.0,0.0,0.0,0.0,0.0,0.0,0.0,0.0,0.0,0.0,0.0,0.0,0.0,0.0,0.0,0.0,0.0,0.0,0.0,0.0,0.0,0.0,0.0,0.0,0.26234567901234573,6.219135802469137,15.833333333333337,7.19135802469136,0.4938271604938273,0.3997,0.01132,0.0,0.0,0.0,0.0,0.0,0.0,0.0,0.0,0.0,0.0,0.056523787093735296,14.710315591144585,15.176636834667926,0.056523787093735296,0.0,0.0,0.0,0.0,0.0,0.0,0.0,0.0,0.0,0.0,0.0,0.0,0.0,0.0,0.0,0.0,0.3994,0.01143,0.0,0.0,0.0,0.0,0.0,0.0,0.0,0.0,0.0,0.0,0.13888888888888892,15.478395061728373,14.305555555555559,0.0771604938271605,0.0,0.0,0.0,0.0,0.0,0.0,0.0,0.0,0.0,0.0,0.0,0.0,0.0,0.0,0.0,0.0
66600,4155,2129,0.5123947051744886,986,869,0.4464500601684717,1179,0.5675090252707581,0.40599999999999997,2.886475814412636,3.007057299393149,6.2956521739130435,2.163627843284146,9411.271782228088,1520.1183573240662,7853.0,10922.736966252327,10894.155122197139,6.922611899721554,7853.0,0.0,27.923465703971118,20.977735387120525,32.98303134886396,19.1938778380594,0.14392298435619735,0.09699157641395909,0.09554753309265944,0.08134777376654632,0.08134777376654632,0.0753309265944645,0.0717208182912154,0.06064981949458484,0.05583634175691937,0.05872442839951865,0.042839951865222624,0.038267148014440436,0.03273164861612515,0.029362214199759325,0.01756919374247894,0.011070998796630566,0.006738868832731649,0.9174790432450286,0.02267001022020111,0.0,0.0,0.0,0.0,0.0,0.0,0.0,0.0,0.0,0.0,0.0,0.0,0.0,0.0,0.0,0.0,0.0,0.0,0.0,0.0,0.0,0.0,0.0,0.0,0.0,0.3465703971119134,6.281588447653431,16.09386281588448,6.787003610108305,0.49097472924187735,4.230654205607476,2.8558309824029164,nan,nan,nan,4.232089552238806,2.8511349074775665,4.22863568215892,2.861530256698529,0.9991838853981578,0.4004,0.0113,0.0,0.0,0.0,0.0,0.0,0.0,0.0,0.0,0.0,0.0,0.057761732851985575,14.418772563176875,15.487364620938632,0.03610108303249098,0.0,0.0,0.0,0.0,0.0,0.0,0.0,0.0,0.0,0.0,0.0,0.0,0.0,0.0,0.0,0.0,nan,nan,4.230654205607476,2.8558309824029164,nan,0.4004,0.05374,0.0,0.0,0.0,0.0,0.0,0.0,0.0,0.0,0.0,0.0,0.0,0.0,0.0,0.0,0.0,0.0,0.0,0.0,0.0,0.0,0.0,0.002996389891696751,0.0,0.0,0.0025150421179302045,0.0015403128760529483,0.008411552346570397,0.0015403128760529483,0.0019253910950661852,0.005174488567990373,0.014247894103489771,0.02687123947051745,0.025884476534296028,0.041660649819494584,0.05821901323706378,0.02324909747292419,0.05594464500601685,0.045776173285198556,0.06348977135980746,0.03133574007220217,0.09007220216606499,0.0897352587244284,0.08033694344163658,0.06842358604091456,0.060264741275571604,0.055896510228640194,0.053537906137184114,0.027160048134777376,0.011552346570397111,0.020806257521058965,0.01197352587244284,0.013525872442839952,0.0032611311672683515,0.0012876052948255115,0.00032490974729241877,0.0,0.0010589651022864018,0.0,0.0,0.0,0.0,0.0,0.0,0.0,0.0,0.0,0.0,0.0,0.0,0.0,0.0,0.0,0.0,0.0,0.0,0.0,0.0,0.0,0.0,0.0,0.0,0.0,0.0,0.0,0.0,0.0,0.0,0.0,0.0,0.0,0.0,0.0,0.0,0.0,0.0,0.0,0.0,0.0,0.0,0.0,0.0,nan,nan,4.230654205607476,2.8558309824029164,nan,0.9178471022113605,0.02243949953110887,0.0,0.0,0.0,0.0,0.0,0.0,0.0,0.0,0.0,0.0,0.0,0.0,0.0,0.0,0.0,0.0,0.0,0.0,0.0,0.0,0.0,0.0,0.0,0.0,0.0,0.3100046970408643,5.988727101925789,16.289337717238144,6.932832315641148,0.47909816815406303,0.9170922724951173,0.022903368262759582,0.0,0.0,0.0,0.0,0.0,0.0,0.0,0.0,0.0,0.0,0.0,0.0,0.0,0.0,0.0,0.0,0.0,0.0,0.0,0.0,0.0,0.0,0.0,0.0,0.0,0.3849950641658441,6.589338598223102,15.888450148075028,6.633761105626853,0.5034550839091808,0.4004,0.01098,0.0,0.0,0.0,0.0,0.0,0.0,0.0,0.0,0.0,0.0,0.04227336777829968,14.457491780178467,15.472052606857684,0.02818224518553312,0.0,0.0,0.0,0.0,0.0,0.0,0.0,0.0,0.0,0.0,0.0,0.0,0.0,0.0,0.0,0.0,0.4001,0.01162,0.0,0.0,0.0,0.0,0.0,0.0,0.0,0.0,0.0,0.0,0.0740375123395854,14.378084896347461,15.503455083909184,0.04442250740375124,0.0,0.0,0.0,0.0,0.0,0.0,0.0,0.0,0.0,0.0,0.0,0.0,0.0,0.0,0.0,0.0
66700,3939,1981,0.5029195227215029,923,845,0.44884488448844884,1152,0.584920030464585,0.40199999999999997,2.9586312563840655,3.0460920501892756,6.441071428571429,2.220865081265333,9382.328330783637,1520.4326745672547,7853.0,10921.803463339806,10893.900704167967,7.059426229697811,7853.0,0.0,28.23990860624524,21.011392637215696,33.20917597343797,19.207715217871606,0.13988321909113988,0.09393247017009393,0.09088601167809089,0.08834729626808835,0.08276212236608277,0.07184564610307184,0.07362274689007363,0.06372175679106372,0.05712109672505712,0.051028179741051026,0.04848946433104849,0.042396547347042395,0.03376491495303376,0.024625539477024627,0.018532622493018534,0.011424219345011425,0.007616146230007616,0.9171233845108141,0.02271088765983366,0.0,0.0,0.0,0.0,0.0,0.0,0.0,0.0,0.0,0.0,0.0,0.0,0.0,0.0,0.0,0.0,0.0,0.0,0.0,0.0,0.0,0.0,0.0,0.0,0.007616146230007618,0.418888042650419,6.275704493526278,16.092916984006095,6.816450875856818,0.3884234577303885,4.219077161690578,2.819173633912682,nan,nan,nan,4.248232521602514,2.787802875541585,4.1931034482758625,2.8488537630501174,0.9870230565190778,0.4006,0.01127,0.0,0.0,0.0,0.0,0.0,0.0,0.0,0.0,0.0,0.0,0.007616146230007618,14.50114242193448,15.445544554455449,0.04569687738004571,0.0,0.0,0.0,0.0,0.0,0.0,0.0,0.0,0.0,0.0,0.0,0.0,0.0,0.0,0.0,0.0,nan,nan,4.219077161690578,2.819173633912682,nan,0.4006,0.05414,0.0,0.0,0.0,0.0,0.0,0.0,0.0,0.0,0.0,0.0,0.0,0.0,0.0,0.0,0.0,0.0,0.0,0.0,0.0,0.0,0.0,0.002817974105102818,2.5387154100025386e-05,1.2693577050012693e-05,0.002195988829652196,0.0013455191673013456,0.008009647118558009,0.0023356181772023355,0.0019167301345519167,0.004645849200304646,0.013696369636963697,0.027659304391977658,0.02771007870017771,0.04034018786494034,0.05704493526275704,0.024955572480324956,0.05995176440720995,0.04343742066514344,0.062414318354912415,0.029867986798679868,0.09251078954049251,0.08518659558263518,0.07894135567402893,0.06792333079461792,0.058834729626808836,0.057374968266057376,0.052132520944402135,0.027545062198527544,0.01210967250571211,0.02286113226707286,0.012757044935262756,0.014432597105864432,0.0037446052297537445,0.0016882457476516883,0.00022848438690022848,1.2693577050012693e-05,0.0013328255902513328,0.0,0.0,0.0,0.0,0.0,0.0,0.0,0.0,0.0,0.0,0.0,0.0,0.0,0.0,0.0,0.0,0.0,0.0,0.0,0.0,0.0,0.0,0.0,0.0,0.0,0.0,0.0,0.0,0.0,0.0,0.0,0.0,0.0,0.0,0.0,0.0,0.0,0.0,0.0,0.0,0.0,0.0,0.0,0.0,nan,nan,4.219077161690578,2.819173633912682,nan,0.916947584962195,0.02266013466492339,0.0,0.0,0.0,0.0,0.0,0.0,0.0,0.0,0.0,0.0,0.0,0.0,0.0,0.0,0.0,0.0,0.0,0.0,0.0,0.0,0.0,0.0,0.0,0.0,0.0,0.3634528016153458,6.405855628470471,16.249369005552754,6.527006562342253,0.4543160020191823,0.9173012491205252,0.022760739849249752,0.0,0.0,0.0,0.0,0.0,0.0,0.0,0.0,0.0,0.0,0.0,0.0,0.0,0.0,0.0,0.0,0.0,0.0,0.0,0.0,0.0,0.0,0.0,0.0,0.015321756894790607,0.4749744637385088,6.144024514811033,15.93462717058223,7.109295199182841,0.3217568947906027,0.4004,0.01126,0.0,0.0,0.0,0.0,0.0,0.0,0.0,0.0,0.0,0.0,0.015143866733972744,14.810701665825318,15.143866733972745,0.03028773346794549,0.0,0.0,0.0,0.0,0.0,0.0,0.0,0.0,0.0,0.0,0.0,0.0,0.0,0.0,0.0,0.0,0.401,0.01127,0.0,0.0,0.0,0.0,0.0,0.0,0.0,0.0,0.0,0.0,0.0,14.187946884576078,15.750766087844744,0.06128702757916243,0.0,0.0,0.0,0.0,0.0,0.0,0.0,0.0,0.0,0.0,0.0,0.0,0.0,0.0,0.0,0.0
66800,3733,1957,0.5242432360032145,930,771,0.4556656844361104,1032,0.5529065095097777,0.414,2.9166666666666665,3.08655784642688,6.581967213114754,2.2003731573785172,9447.300221767864,1518.7934982353167,7853.0,10921.175800681114,10894.146002994092,7.195181874193251,7853.0,0.0,28.06991695687115,20.67978634480082,32.886702634084415,18.900603165317534,0.1355478167693544,0.1001875167425663,0.09188320385748727,0.07982855612108224,0.08491829627645325,0.07929279399946423,0.0701848379319582,0.0667023841414412,0.06188052504687919,0.051968925796946154,0.04366461291186713,0.035896062148406106,0.03643182427002411,0.028395392445754085,0.018215912135012054,0.00991159924993303,0.005089740155371015,0.9166038842837356,0.023254897553521874,0.0,0.0,0.0,0.0,0.0,0.0,0.0,0.0,0.0,0.0,0.0,0.0,0.0,0.0,0.0,0.0,0.0,0.0,0.0,0.0,0.0,0.0,0.0,0.0,0.0,0.45004018215912145,6.622019823198502,15.952317171176002,6.4612911867131,0.5143316367532816,4.203047775947281,2.914126351319922,nan,nan,nan,4.191151919866444,2.9326363170770455,4.214634146341464,2.8959372417971223,1.0056028096628309,0.4014,0.01122,0.0,0.0,0.0,0.0,0.0,0.0,0.0,0.0,0.0,0.0,0.04821859094562015,13.34851326011249,16.547013126171983,0.05625502276989018,0.0,0.0,0.0,0.0,0.0,0.0,0.0,0.0,0.0,0.0,0.0,0.0,0.0,0.0,0.0,0.0,nan,nan,4.203047775947281,2.914126351319922,nan,0.4014,0.05463,0.0,0.0,0.0,0.0,0.0,0.0,0.0,0.0,0.0,0.0,0.0,0.0,0.0,0.0,0.0,0.0,0.0,0.0,0.0,0.0,0.0,0.002665416555049558,0.0,0.0,0.002357353335119207,0.0011920707206000535,0.008665952317171176,0.001982319849986606,0.0019421376908652559,0.004674524511117064,0.011706402357353336,0.028395392445754085,0.027712295740691135,0.04071792124296812,0.057259576747923924,0.025542459148138227,0.059228502544870075,0.03971336726493437,0.06099651754620948,0.030940262523439593,0.09264666488079293,0.08675328154299491,0.07562282346638093,0.07203321725154031,0.05917492633270828,0.05338869541923386,0.048459683900348244,0.03027055987141709,0.012362710956335387,0.024537905170104474,0.012898473077953389,0.017653361907313155,0.004982587731047415,0.0018751674256630056,6.69702652022502e-05,0.0,0.0015804982587731048,0.0,0.0,0.0,0.0,0.0,0.0,0.0,0.0,0.0,0.0,0.0,0.0,0.0,0.0,0.0,0.0,0.0,0.0,0.0,0.0,0.0,0.0,0.0,0.0,0.0,0.0,0.0,0.0,0.0,0.0,0.0,0.0,0.0,0.0,0.0,0.0,0.0,0.0,0.0,0.0,0.0,0.0,0.0,0.0,nan,nan,4.203047775947281,2.914126351319922,nan,0.9170594999055565,0.023328456049641497,0.0,0.0,0.0,0.0,0.0,0.0,0.0,0.0,0.0,0.0,0.0,0.0,0.0,0.0,0.0,0.0,0.0,0.0,0.0,0.0,0.0,0.0,0.0,0.0,0.0,0.41389882473173234,6.285130301481862,16.234031681144614,6.45375574859479,0.6131834440470109,0.9161018348626189,0.023163195883349166,0.0,0.0,0.0,0.0,0.0,0.0,0.0,0.0,0.0,0.0,0.0,0.0,0.0,0.0,0.0,0.0,0.0,0.0,0.0,0.0,0.0,0.0,0.0,0.0,0.0,0.48986486486486497,6.993243243243246,15.641891891891897,6.469594594594596,0.4054054054054055,0.4011,0.01115,0.0,0.0,0.0,0.0,0.0,0.0,0.0,0.0,0.0,0.0,0.06131834440470109,13.53602452733774,16.356668369954015,0.04598875830352581,0.0,0.0,0.0,0.0,0.0,0.0,0.0,0.0,0.0,0.0,0.0,0.0,0.0,0.0,0.0,0.0,0.4016,0.01131,0.0,0.0,0.0,0.0,0.0,0.0,0.0,0.0,0.0,0.0,0.03378378378378379,13.141891891891873,16.75675675675676,0.06756756756756759,0.0,0.0,0.0,0.0,0.0,0.0,0.0,0.0,0.0,0.0,0.0,0.0,0.0,0.0,0.0,0.0
66900,3174,1687,0.5315059861373661,825,595,0.4473850031505986,832,0.5242596093257719,0.462,3.0174848688634834,3.1396059225048942,6.501170960187354,2.308090553080095,9469.420100068362,1517.5903173800712,7853.0,10918.660956382751,10894.207704574383,6.865030182482168,7853.0,0.0,28.60081915563957,21.14312881267457,33.43559195830231,19.381715994599237,0.1348456206679269,0.09861373660995588,0.09010712035286704,0.08506616257088846,0.07750472589792061,0.07939508506616257,0.06395715185885319,0.06364209199747953,0.06112161310649023,0.05702583490863264,0.046313799621928164,0.037177063642092,0.04158790170132325,0.026780088216761186,0.01543793320730939,0.011342155009451797,0.010081915563957152,0.9162237451898277,0.022701998014639176,0.0,0.0,0.0,0.0,0.0,0.0,0.0,0.0,0.0,0.0,0.0,0.0,0.0,0.0,0.0,0.0,0.0,0.0,0.0,0.0,0.0,0.0,0.0,0.0,0.0,0.4820415879017014,6.654064272211722,16.172022684310022,6.285444234404538,0.40642722117202273,4.0847784200385355,2.9165562047406173,nan,nan,nan,4.063339731285988,2.910669296911589,4.1063829787234045,2.9223175589286745,1.0105930712871487,0.4014,0.011154,0.0,0.0,0.0,0.0,0.0,0.0,0.0,0.0,0.0,0.0,0.0,13.695652173913023,16.228733459357283,0.07561436672967865,0.0,0.0,0.0,0.0,0.0,0.0,0.0,0.0,0.0,0.0,0.0,0.0,0.0,0.0,0.0,0.0,nan,nan,4.0847784200385355,2.9165562047406173,nan,0.4014,0.05515,0.0,0.0,0.0,0.0,0.0,0.0,0.0,0.0,0.0,0.0,0.0,0.0,0.0,0.0,0.0,0.0,0.0,0.0,0.0,0.0,0.0,0.0030560806553245118,0.0,0.0,0.002882797731568998,0.001275992438563327,0.009420289855072464,0.0017800882167611847,0.0019533711405166983,0.004347826086956522,0.012901701323251418,0.027000630119722747,0.027047889098928798,0.04158790170132325,0.05496219281663516,0.02282608695652174,0.0622715816005041,0.03993383742911153,0.06359483301827347,0.02896975425330813,0.09373030875866414,0.08418399495904222,0.0777882797731569,0.06999054820415879,0.059940138626339005,0.05045683679899181,0.04837744171392565,0.03213610586011342,0.012003780718336484,0.025456836798991807,0.013027725267800883,0.017422810333963454,0.005702583490863264,0.002000630119722747,4.725897920604915e-05,0.0,0.001921865154379332,0.0,0.0,0.0,0.0,0.0,0.0,0.0,0.0,0.0,0.0,0.0,0.0,0.0,0.0,0.0,0.0,0.0,0.0,0.0,0.0,0.0,0.0,0.0,0.0,0.0,0.0,0.0,0.0,0.0,0.0,0.0,0.0,0.0,0.0,0.0,0.0,0.0,0.0,0.0,0.0,0.0,0.0,0.0,0.0,nan,nan,4.0847784200385355,2.9165562047406173,nan,0.9171954796168673,0.022915978181531304,0.0,0.0,0.0,0.0,0.0,0.0,0.0,0.0,0.0,0.0,0.0,0.0,0.0,0.0,0.0,0.0,0.0,0.0,0.0,0.0,0.0,0.0,0.0,0.0,0.0,0.46235921754593967,6.206283343212805,16.147006520450507,6.739774748073504,0.44457617071724964,0.9151213134625813,0.022405799571697346,0.0,0.0,0.0,0.0,0.0,0.0,0.0,0.0,0.0,0.0,0.0,0.0,0.0,0.0,0.0,0.0,0.0,0.0,0.0,0.0,0.0,0.0,0.0,0.0,0.0,0.504371217215871,7.162071284465368,16.200403496973774,5.770006724949564,0.3631472763954271,0.4011,0.01093,0.0,0.0,0.0,0.0,0.0,0.0,0.0,0.0,0.0,0.0,0.0,14.013040901007686,15.951393005334918,0.03556609365737997,0.0,0.0,0.0,0.0,0.0,0.0,0.0,0.0,0.0,0.0,0.0,0.0,0.0,0.0,0.0,0.0,0.4016,0.01139,0.0,0.0,0.0,0.0,0.0,0.0,0.0,0.0,0.0,0.0,0.0,13.335574983187607,16.54337592468057,0.12104909213180903,0.0,0.0,0.0,0.0,0.0,0.0,0.0,0.0,0.0,0.0,0.0,0.0,0.0,0.0,0.0,0.0
67000,3566,1845,0.5173864273696018,900,719,0.45401009534492426,984,0.5518788558609086,0.422,3.039511911679256,3.1766976583846698,6.783613445378151,2.2467119695468165,9426.386146369805,1519.6022627634964,7853.0,10918.707548975945,10894.027099162453,6.964303107811899,7853.0,0.0,27.346606842400448,20.461278930846934,32.30238015420717,18.699336541541612,0.1441390914189568,0.09646662927650028,0.0981491867638811,0.08693213684800898,0.08440830061693774,0.07739764441951767,0.06758272574312955,0.06730229949523275,0.055804823331463825,0.05243970835670219,0.04262478968031408,0.03841839596186203,0.030005608524957934,0.02607964105440269,0.02047111609646663,0.0089736399326977,0.0028042624789680315,0.9162333806578657,0.022805326897713304,0.0,0.0,0.0,0.0,0.0,0.0,0.0,0.0,0.0,0.0,0.0,0.0,0.0,0.0,0.0,0.0,0.0,0.0,0.0,0.0,0.0,0.0,0.0,0.0,0.0,0.4711160964666294,6.948962422882784,15.63095905776781,6.570386988222099,0.37857543466068433,4.3200525394045535,2.9388872879220824,nan,nan,nan,4.347863993025284,3.0097490918927123,4.291996481970097,2.865353829178944,0.9871505844835975,0.4014,0.011345,0.0,0.0,0.0,0.0,0.0,0.0,0.0,0.0,0.0,0.0,0.04206393718452048,13.376332024677492,16.522714526079646,0.05888951205832867,0.0,0.0,0.0,0.0,0.0,0.0,0.0,0.0,0.0,0.0,0.0,0.0,0.0,0.0,0.0,0.0,nan,nan,4.3200525394045535,2.9388872879220824,nan,0.4014,0.05518,0.0,0.0,0.0,0.0,0.0,0.0,0.0,0.0,0.0,0.0,0.0,0.0,0.0,0.0,0.0,0.0,0.0,0.0,0.0,0.0,0.0,0.0033651149747616375,0.0,0.0,0.0030566461020751544,0.0012058328659562535,0.008917554683118339,0.0020190689848569826,0.0016264722378014581,0.004809310151430174,0.01337633202467751,0.02781828379136287,0.026121704991587214,0.03961020751542344,0.055286034772854736,0.022812675266404934,0.0620443073471677,0.04074593381940549,0.06306786315199103,0.03243129556926529,0.09353617498597869,0.08108524957936063,0.07567302299495232,0.07141054402692092,0.061174985978687604,0.04946719012899607,0.05168255748738082,0.029921480650588896,0.011833987661245092,0.025350532809871006,0.013081884464385867,0.01716208637128435,0.006393718452047112,0.0022293886707795848,0.0,1.4021312394840156e-05,0.0016685361749859786,0.0,0.0,0.0,0.0,0.0,0.0,0.0,0.0,0.0,0.0,0.0,0.0,0.0,0.0,0.0,0.0,0.0,0.0,0.0,0.0,0.0,0.0,0.0,0.0,0.0,0.0,0.0,0.0,0.0,0.0,0.0,0.0,0.0,0.0,0.0,0.0,0.0,0.0,0.0,0.0,0.0,0.0,0.0,0.0,nan,nan,4.3200525394045535,2.9388872879220824,nan,0.9161015862048802,0.02290340332669484,0.0,0.0,0.0,0.0,0.0,0.0,0.0,0.0,0.0,0.0,0.0,0.0,0.0,0.0,0.0,0.0,0.0,0.0,0.0,0.0,0.0,0.0,0.0,0.0,0.0,0.4552845528455286,7.154471544715449,15.512195121951223,6.487804878048782,0.39024390243902446,0.9163746710505201,0.02269886340889054,0.0,0.0,0.0,0.0,0.0,0.0,0.0,0.0,0.0,0.0,0.0,0.0,0.0,0.0,0.0,0.0,0.0,0.0,0.0,0.0,0.0,0.0,0.0,0.0,0.0,0.48808832074375375,6.728646135967462,15.758280069726908,6.6589192330040685,0.3660662405578153,0.4016,0.01116,0.0,0.0,0.0,0.0,0.0,0.0,0.0,0.0,0.0,0.0,0.04878048780487806,13.089430894308924,16.84552845528456,0.01626016260162602,0.0,0.0,0.0,0.0,0.0,0.0,0.0,0.0,0.0,0.0,0.0,0.0,0.0,0.0,0.0,0.0,0.4011,0.011536,0.0,0.0,0.0,0.0,0.0,0.0,0.0,0.0,0.0,0.0,0.03486345148169669,13.683904706565931,16.17664148750727,0.10459035444509009,0.0,0.0,0.0,0.0,0.0,0.0,0.0,0.0,0.0,0.0,0.0,0.0,0.0,0.0,0.0,0.0
67100,3584,1894,0.5284598214285714,924,674,0.4458705357142857,972,0.5424107142857143,0.438,3.149704142011834,3.248588665072098,6.824,2.326590638681416,9459.84516702248,1517.8541407484624,7853.0,10916.95461410284,10893.619365685625,7.285630359559984,7853.0,0.0,27.954241071428573,20.69169745623727,32.78715657067196,18.93797382483625,0.13504464285714285,0.103515625,0.09319196428571429,0.08258928571428571,0.08175223214285714,0.07672991071428571,0.06612723214285714,0.06780133928571429,0.062220982142857144,0.054966517857142856,0.047154017857142856,0.03822544642857143,0.029017857142857144,0.026785714285714284,0.020368303571428572,0.008928571428571428,0.005580357142857143,0.9148368167890502,0.02318704841339204,0.0,0.0,0.0,0.0,0.0,0.0,0.0,0.0,0.0,0.0,0.0,0.0,0.0,0.0,0.0,0.0,0.0,0.0,0.0,0.0,0.0,0.0,0.0,0.0,0.008370535714285716,0.5273437500000001,7.273995535714287,15.962611607142861,5.8258928571428585,0.40178571428571436,4.368603642671292,3.0288212912704737,nan,nan,nan,4.461206896551724,3.0569669313328824,4.274869109947644,2.997150512700735,0.9582315299592785,0.4014,0.01139,0.0,0.0,0.0,0.0,0.0,0.0,0.0,0.0,0.0,0.0,0.025111607142857147,13.869977678571408,16.02120535714286,0.08370535714285716,0.0,0.0,0.0,0.0,0.0,0.0,0.0,0.0,0.0,0.0,0.0,0.0,0.0,0.0,0.0,0.0,nan,nan,4.368603642671292,3.0288212912704737,nan,0.4014,0.05524,0.0,0.0,0.0,0.0,0.0,0.0,0.0,0.0,0.0,0.0,0.0,0.0,0.0,0.0,0.0,0.0,0.0,0.0,0.0,0.0,0.0,0.003236607142857143,0.0,0.0,0.003097098214285714,0.0016741071428571428,0.010393415178571428,0.0020228794642857145,0.0011997767857142858,0.004840959821428572,0.013978794642857144,0.024874441964285714,0.023311941964285713,0.040625,0.054854910714285714,0.025892857142857145,0.06318359375,0.04098772321428571,0.06446707589285715,0.028920200892857142,0.09535435267857142,0.08404017857142858,0.07645089285714286,0.07028459821428572,0.060770089285714285,0.047670200892857145,0.052036830357142856,0.02787388392857143,0.012458147321428572,0.0240234375,0.012165178571428572,0.01849888392857143,0.006417410714285714,0.0026925223214285714,0.0,0.0,0.0017020089285714286,0.0,0.0,0.0,0.0,0.0,0.0,0.0,0.0,0.0,0.0,0.0,0.0,0.0,0.0,0.0,0.0,0.0,0.0,0.0,0.0,0.0,0.0,0.0,0.0,0.0,0.0,0.0,0.0,0.0,0.0,0.0,0.0,0.0,0.0,0.0,0.0,0.0,0.0,0.0,0.0,0.0,0.0,0.0,0.0,nan,nan,4.368603642671292,3.0288212912704737,nan,0.9151583225510566,0.02347916535171117,0.0,0.0,0.0,0.0,0.0,0.0,0.0,0.0,0.0,0.0,0.0,0.0,0.0,0.0,0.0,0.0,0.0,0.0,0.0,0.0,0.0,0.0,0.0,0.0,0.015839493136219646,0.5385427666314679,7.381203801478355,15.475184794086593,6.193241816261881,0.39598732840549106,0.914476502047488,0.022849858515082744,0.0,0.0,0.0,0.0,0.0,0.0,0.0,0.0,0.0,0.0,0.0,0.0,0.0,0.0,0.0,0.0,0.0,0.0,0.0,0.0,0.0,0.0,0.0,0.0,0.0,0.5147928994082842,7.153846153846155,16.508875739644974,5.4142011834319534,0.40828402366863914,0.4011,0.01146,0.0,0.0,0.0,0.0,0.0,0.0,0.0,0.0,0.0,0.0,0.015839493136219646,13.954593453009485,15.950369588173182,0.07919746568109821,0.0,0.0,0.0,0.0,0.0,0.0,0.0,0.0,0.0,0.0,0.0,0.0,0.0,0.0,0.0,0.0,0.4014,0.011314,0.0,0.0,0.0,0.0,0.0,0.0,0.0,0.0,0.0,0.0,0.035502958579881665,13.775147928994063,16.100591715976336,0.08875739644970417,0.0,0.0,0.0,0.0,0.0,0.0,0.0,0.0,0.0,0.0,0.0,0.0,0.0,0.0,0.0,0.0
67200,3664,1939,0.5292030567685589,922,738,0.45305676855895194,1011,0.5518558951965066,0.422,3.0962318840579712,3.158060816409783,6.703629032258065,2.1210511068493387,9462.122790901909,1517.7394938611092,7853.0,10917.940504789352,10893.652865324702,6.941944663026636,7853.0,0.0,27.814956331877728,20.521812740160115,32.523563589412525,18.813933649642095,0.13236899563318777,0.10453056768558952,0.0906113537117904,0.08788209606986899,0.08460698689956332,0.07532751091703056,0.06741266375545851,0.06959606986899564,0.06195414847161572,0.05131004366812227,0.04448689956331878,0.04093886462882096,0.030021834061135372,0.026473799126637554,0.017740174672489083,0.00955240174672489,0.005185589519650655,0.9146821182953219,0.02272953208016284,0.0,0.0,0.0,0.0,0.0,0.0,0.0,0.0,0.0,0.0,0.0,0.0,0.0,0.0,0.0,0.0,0.0,0.0,0.0,0.0,0.0,0.0,0.0,0.0,0.0,0.5076419213973801,7.3853711790393035,15.826965065502188,5.9688864628820975,0.3111353711790394,4.306615776081425,2.9295746212313234,nan,nan,nan,4.3774385072095,2.927312793371934,4.2357930449533505,2.9301233786305705,0.9676419298585546,0.4019,0.01113,0.0,0.0,0.0,0.0,0.0,0.0,0.0,0.0,0.0,0.0,0.06550218340611355,12.830240174672472,17.087882096069873,0.016375545851528388,0.0,0.0,0.0,0.0,0.0,0.0,0.0,0.0,0.0,0.0,0.0,0.0,0.0,0.0,0.0,0.0,nan,nan,4.306615776081425,2.9295746212313234,nan,0.4019,0.05475,0.0,0.0,0.0,0.0,0.0,0.0,0.0,0.0,0.0,0.0,0.0,0.0,0.0,0.0,0.0,0.0,0.0,0.0,0.0,1.3646288209606987e-05,0.0,0.002142467248908297,0.0,0.0,0.00326146288209607,0.0014874454148471616,0.010180131004366813,0.0017330786026200874,0.0017194323144104804,0.00539028384279476,0.013523471615720524,0.02373089519650655,0.02292576419213974,0.03897379912663756,0.05609989082969433,0.02757914847161572,0.06139465065502184,0.04259006550218341,0.0626910480349345,0.029789847161572052,0.090625,0.08269650655021835,0.078889192139738,0.07137008733624454,0.06491539301310044,0.047748362445414846,0.05601801310043668,0.027197052401746726,0.011940502183406114,0.021683951965065503,0.012459061135371178,0.018122270742358077,0.006727620087336244,0.0025655021834061135,0.0,0.0,0.0018149563318777292,0.0,0.0,0.0,0.0,0.0,0.0,0.0,0.0,0.0,0.0,0.0,0.0,0.0,0.0,0.0,0.0,0.0,0.0,0.0,0.0,0.0,0.0,0.0,0.0,0.0,0.0,0.0,0.0,0.0,0.0,0.0,0.0,0.0,0.0,0.0,0.0,0.0,0.0,0.0,0.0,0.0,0.0,0.0,0.0,nan,nan,4.306615776081425,2.9295746212313234,nan,0.9146912917456349,0.022251892340466626,0.0,0.0,0.0,0.0,0.0,0.0,0.0,0.0,0.0,0.0,0.0,0.0,0.0,0.0,0.0,0.0,0.0,0.0,0.0,0.0,0.0,0.0,0.0,0.0,0.0,0.4332129963898918,7.457452294997423,16.075296544610627,5.709128416709645,0.32490974729241884,0.9146718068053757,0.023254713900277644,0.0,0.0,0.0,0.0,0.0,0.0,0.0,0.0,0.0,0.0,0.0,0.0,0.0,0.0,0.0,0.0,0.0,0.0,0.0,0.0,0.0,0.0,0.0,0.0,0.0,0.5913043478260871,7.304347826086959,15.547826086956526,6.2608695652173925,0.29565217391304355,0.4019,0.01116,0.0,0.0,0.0,0.0,0.0,0.0,0.0,0.0,0.0,0.0,0.10830324909747295,12.640536358947893,17.25116039195462,0.0,0.0,0.0,0.0,0.0,0.0,0.0,0.0,0.0,0.0,0.0,0.0,0.0,0.0,0.0,0.0,0.0,0.4019,0.0111,0.0,0.0,0.0,0.0,0.0,0.0,0.0,0.0,0.0,0.0,0.01739130434782609,13.043478260869547,16.904347826086962,0.03478260869565218,0.0,0.0,0.0,0.0,0.0,0.0,0.0,0.0,0.0,0.0,0.0,0.0,0.0,0.0,0.0,0.0
67300,3715,2006,0.5399730820995963,948,741,0.45464333781965005,1013,0.54535666218035,0.438,2.9859566998244587,3.1362340926136554,6.683035714285714,2.187112757269319,9495.019324485274,1515.6061910794401,7853.0,10916.634112536907,10893.9281108987,7.053669194882524,7853.0,0.0,27.69744279946164,20.898111641407738,32.819179851469165,19.119483430874595,0.14481830417227456,0.0990578734858681,0.09421265141318977,0.08802153432032302,0.07617765814266488,0.07348586810228802,0.06998654104979811,0.06971736204576043,0.057604306864064606,0.05464333781965007,0.04279946164199192,0.03472409152086137,0.029609690444145357,0.025302826379542395,0.021534320323014805,0.011036339165545087,0.007267833109017497,0.9151926245054037,0.02301310010749387,0.0,0.0,0.0,0.0,0.0,0.0,0.0,0.0,0.0,0.0,0.0,0.0,0.0,0.0,0.0,0.0,0.0,0.0,0.0,0.0,0.0,0.0,0.0,0.0,0.0,0.46837146702557214,7.243606998654107,15.641991924629883,6.347240915208615,0.2987886944818305,4.26284751474305,3.0046287760812893,nan,nan,nan,4.218588640275387,2.9790546048249005,4.305280528052806,3.0283378612420484,1.0205499742140678,0.402,0.01072,0.0,0.0,0.0,0.0,0.0,0.0,0.0,0.0,0.0,0.0,0.016150740242261107,12.339165545087466,17.596231493943478,0.04845222072678332,0.0,0.0,0.0,0.0,0.0,0.0,0.0,0.0,0.0,0.0,0.0,0.0,0.0,0.0,0.0,0.0,nan,nan,4.26284751474305,3.0046287760812893,nan,0.402,0.0547,0.0,0.0,0.0,0.0,0.0,0.0,0.0,0.0,0.0,0.0,0.0,0.0,0.0,0.0,0.0,0.0,0.0,0.0,0.0,0.0,0.0,0.0023822341857335128,0.0,0.0,0.0029609690444145358,0.0015746971736204575,0.010255720053835802,0.001547779273216689,0.001332436069986541,0.004737550471063257,0.012489905787348586,0.023055181695827726,0.023580080753701212,0.03772543741588156,0.057227456258411843,0.028331090174966354,0.05781965006729475,0.04518169582772544,0.06269179004037685,0.026917900403768506,0.0942799461641992,0.08488559892328398,0.07967698519515477,0.0708613728129206,0.06414535666218035,0.0443606998654105,0.05693135935397039,0.02648721399730821,0.013082099596231495,0.023014804845222073,0.012664872139973082,0.017671601615074025,0.006514131897711979,0.003674293405114401,0.0,0.0,0.0019380888290713323,0.0,0.0,0.0,0.0,0.0,0.0,0.0,0.0,0.0,0.0,0.0,0.0,0.0,0.0,0.0,0.0,0.0,0.0,0.0,0.0,0.0,0.0,0.0,0.0,0.0,0.0,0.0,0.0,0.0,0.0,0.0,0.0,0.0,0.0,0.0,0.0,0.0,0.0,0.0,0.0,0.0,0.0,0.0,0.0,nan,nan,4.26284751474305,3.0046287760812893,nan,0.9154793610304208,0.023119380073232308,0.0,0.0,0.0,0.0,0.0,0.0,0.0,0.0,0.0,0.0,0.0,0.0,0.0,0.0,0.0,0.0,0.0,0.0,0.0,0.0,0.0,0.0,0.0,0.0,0.0,0.4336989032901297,7.342971086739783,15.568295114656035,6.296111665004987,0.35892323030907286,0.9148560572326219,0.022883137235538083,0.0,0.0,0.0,0.0,0.0,0.0,0.0,0.0,0.0,0.0,0.0,0.0,0.0,0.0,0.0,0.0,0.0,0.0,0.0,0.0,0.0,0.0,0.0,0.0,0.0,0.5090696313633706,7.126974839087187,15.728496196606207,6.407255705090697,0.22820362785254542,0.4019,0.01085,0.0,0.0,0.0,0.0,0.0,0.0,0.0,0.0,0.0,0.0,0.029910269192422737,12.637088733798587,17.303090727816553,0.029910269192422737,0.0,0.0,0.0,0.0,0.0,0.0,0.0,0.0,0.0,0.0,0.0,0.0,0.0,0.0,0.0,0.0,0.4026,0.010544,0.0,0.0,0.0,0.0,0.0,0.0,0.0,0.0,0.0,0.0,0.0,11.989467524868328,17.940315974253952,0.07021650087770628,0.0,0.0,0.0,0.0,0.0,0.0,0.0,0.0,0.0,0.0,0.0,0.0,0.0,0.0,0.0,0.0
67400,3979,2097,0.5270168384016084,973,759,0.4352852475496356,1063,0.534305101784368,0.418,2.963336875664187,3.2161314842403135,6.814041745730551,2.2566688398005468,9455.564586113553,1518.1985127995147,7853.0,10913.823598444462,10893.82235963082,6.990085498928586,7853.0,0.0,27.761246544357878,21.046802070877444,32.675845555222985,19.399623393996222,0.14249811510429755,0.09952249308871576,0.10077909022367429,0.08796179944709726,0.07866298064840412,0.07489318924352853,0.06659964815280221,0.061573259612968084,0.05529027393817542,0.04775069112842423,0.045740135712490575,0.040211108318673035,0.03543603920583061,0.024377984418195525,0.020356873586328223,0.01206333249560191,0.0062829856747926615,0.9153709796452288,0.02251711239065386,0.0,0.0,0.0,0.0,0.0,0.0,0.0,0.0,0.0,0.0,0.0,0.0,0.0,0.0,0.0,0.0,0.0,0.0,0.0,0.0,0.0,0.0,0.0,0.0,0.0,0.4749937170143253,6.891178688112593,16.285498869062582,6.084443327469215,0.2638853983412918,4.252084160381104,3.0268696503440444,nan,nan,nan,4.175324675324675,3.0416654633095055,4.3255633255633255,3.0108053228311387,1.035982507211123,0.4016,0.01121,0.0,0.0,0.0,0.0,0.0,0.0,0.0,0.0,0.0,0.0,0.03769791404875598,13.375219904498598,16.54184468459412,0.04523749685850717,0.0,0.0,0.0,0.0,0.0,0.0,0.0,0.0,0.0,0.0,0.0,0.0,0.0,0.0,0.0,0.0,nan,nan,4.252084160381104,3.0268696503440444,nan,0.4016,0.0546,0.0,0.0,0.0,0.0,0.0,0.0,0.0,0.0,0.0,0.0,0.0,0.0,0.0,0.0,0.0,0.0,0.0,0.0,0.0,0.0,0.0,0.0019225936164865545,0.0,0.0,0.0034807740638351345,0.0017592359889419453,0.009864287509424478,0.0017969339029907012,0.001319426991706459,0.0041719024880623274,0.013144006031666247,0.024679567730585574,0.02460417190248806,0.03869062578537321,0.057313395325458656,0.027720532797185223,0.060681075647147524,0.04288766021613471,0.06100779090223674,0.02592359889419452,0.10016335762754461,0.08301080673536064,0.08311133450615732,0.07036943955767781,0.06350841920080422,0.041543101281729077,0.055101784367931644,0.024139230962553406,0.01357124905755215,0.021827092234229704,0.012553405378235738,0.01881125911032923,0.00601910027645137,0.0035059060065343053,8.796179944709726e-05,0.0,0.0017089721035436038,0.0,0.0,0.0,0.0,0.0,0.0,0.0,0.0,0.0,0.0,0.0,0.0,0.0,0.0,0.0,0.0,0.0,0.0,0.0,0.0,0.0,0.0,0.0,0.0,0.0,0.0,0.0,0.0,0.0,0.0,0.0,0.0,0.0,0.0,0.0,0.0,0.0,0.0,0.0,0.0,0.0,0.0,0.0,0.0,nan,nan,4.252084160381104,3.0268696503440444,nan,0.9153538914481743,0.022781608090651998,0.0,0.0,0.0,0.0,0.0,0.0,0.0,0.0,0.0,0.0,0.0,0.0,0.0,0.0,0.0,0.0,0.0,0.0,0.0,0.0,0.0,0.0,0.0,0.0,0.0,0.5436337625178828,6.981402002861232,16.037195994277543,6.223175965665238,0.21459227467811165,0.9153900200008206,0.02221867678471562,0.0,0.0,0.0,0.0,0.0,0.0,0.0,0.0,0.0,0.0,0.0,0.0,0.0,0.0,0.0,0.0,0.0,0.0,0.0,0.0,0.0,0.0,0.0,0.0,0.0,0.39851222104144535,6.79064824654623,16.56216790648247,5.9298618490967065,0.31880977683315626,0.4016,0.011086,0.0,0.0,0.0,0.0,0.0,0.0,0.0,0.0,0.0,0.0,0.028612303290414885,13.204577968526447,16.7238912732475,0.042918454935622324,0.0,0.0,0.0,0.0,0.0,0.0,0.0,0.0,0.0,0.0,0.0,0.0,0.0,0.0,0.0,0.0,0.4014,0.011345,0.0,0.0,0.0,0.0,0.0,0.0,0.0,0.0,0.0,0.0,0.04782146652497344,13.565356004250777,16.33900106269926,0.04782146652497344,0.0,0.0,0.0,0.0,0.0,0.0,0.0,0.0,0.0,0.0,0.0,0.0,0.0,0.0,0.0,0.0
67500,4110,2147,0.5223844282238442,1011,837,0.44963503649635034,1150,0.559610705596107,0.414,2.966377992868059,3.153710422373317,6.694642857142857,2.16414942404443,9441.591785053064,1519.0038686872463,7853.0,10917.691080868244,10894.039700311176,7.044958335697295,7853.0,0.0,27.982481751824817,20.934847017154485,32.89991321955453,19.19055796945589,0.14087591240875913,0.09878345498783454,0.09124087591240876,0.08929440389294403,0.08223844282238443,0.07542579075425791,0.06715328467153285,0.06374695863746958,0.05206812652068127,0.05620437956204379,0.04598540145985401,0.040875912408759124,0.035036496350364967,0.023844282238442822,0.01824817518248175,0.012652068126520682,0.006326034063260341,0.916992128098388,0.02313596206780114,0.0,0.0,0.0,0.0,0.0,0.0,0.0,0.0,0.0,0.0,0.0,0.0,0.0,0.0,0.0,0.0,0.0,0.0,0.0,0.0,0.0,0.0,0.0,0.0,0.021897810218978107,0.4817518248175184,6.160583941605841,16.11678832116789,6.773722627737228,0.44525547445255487,4.241172051089406,2.9359022449983843,nan,nan,nan,4.176470588235294,2.9550051976629224,4.3053892215568865,2.915399079819839,1.0308678417812263,0.4011,0.0113,0.0,0.0,0.0,0.0,0.0,0.0,0.0,0.0,0.0,0.0,0.014598540145985404,13.7810218978102,16.145985401459857,0.05839416058394162,0.0,0.0,0.0,0.0,0.0,0.0,0.0,0.0,0.0,0.0,0.0,0.0,0.0,0.0,0.0,0.0,nan,nan,4.241172051089406,2.9359022449983843,nan,0.4011,0.05435,0.0,0.0,0.0,0.0,0.0,0.0,0.0,0.0,0.0,0.0,0.0,0.0,0.0,0.0,0.0,0.0,0.0,0.0,0.0,0.0,0.0,0.0020194647201946473,0.0,0.0,0.003126520681265207,0.0022262773722627736,0.008771289537712895,0.0016423357664233577,0.0015693430656934307,0.0037469586374695866,0.014124087591240876,0.026204379562043797,0.02427007299270073,0.03858880778588808,0.055170316301703166,0.028576642335766424,0.0624330900243309,0.043795620437956206,0.061788321167883214,0.02562043795620438,0.10184914841849148,0.08346715328467154,0.08223844282238443,0.07034063260340633,0.06212895377128954,0.04077858880778589,0.052201946472019464,0.02521897810218978,0.013637469586374696,0.020961070559610707,0.014063260340632603,0.019635036496350365,0.005036496350364963,0.003686131386861314,9.732360097323601e-05,0.0,0.0009854014598540146,0.0,0.0,0.0,0.0,0.0,0.0,0.0,0.0,0.0,0.0,0.0,0.0,0.0,0.0,0.0,0.0,0.0,0.0,0.0,0.0,0.0,0.0,0.0,0.0,0.0,0.0,0.0,0.0,0.0,0.0,0.0,0.0,0.0,0.0,0.0,0.0,0.0,0.0,0.0,0.0,0.0,0.0,0.0,0.0,nan,nan,4.241172051089406,2.9359022449983843,nan,0.9166211515567888,0.023080184394389167,0.0,0.0,0.0,0.0,0.0,0.0,0.0,0.0,0.0,0.0,0.0,0.0,0.0,0.0,0.0,0.0,0.0,0.0,0.0,0.0,0.0,0.0,0.0,0.0,0.013972985561248256,0.5030274802049373,6.315789473684212,16.236609222170475,6.567303213786681,0.3632976245924547,0.9173978777849972,0.02319002035241355,0.0,0.0,0.0,0.0,0.0,0.0,0.0,0.0,0.0,0.0,0.0,0.0,0.0,0.0,0.0,0.0,0.0,0.0,0.0,0.0,0.0,0.0,0.0,0.0,0.030565461029037195,0.45848191543555794,5.99083036169129,15.985736118186454,6.999490575649518,0.5348955680081509,0.4011,0.01122,0.0,0.0,0.0,0.0,0.0,0.0,0.0,0.0,0.0,0.0,0.0,13.539823008849536,16.4182580344667,0.04191895668374477,0.0,0.0,0.0,0.0,0.0,0.0,0.0,0.0,0.0,0.0,0.0,0.0,0.0,0.0,0.0,0.0,0.4011,0.011375,0.0,0.0,0.0,0.0,0.0,0.0,0.0,0.0,0.0,0.0,0.030565461029037195,14.044829342842567,15.848191543555785,0.07641365257259299,0.0,0.0,0.0,0.0,0.0,0.0,0.0,0.0,0.0,0.0,0.0,0.0,0.0,0.0,0.0,0.0
67600,4050,2038,0.5032098765432099,934,868,0.44493827160493826,1170,0.5777777777777777,0.422,2.9955268389662026,3.1554301504185327,6.737881508078995,2.174493358181336,9383.563680119543,1520.7774193828145,7853.0,10918.064382970333,10894.601032622253,7.05809528512851,7853.0,0.0,27.56543209876543,20.944530860380684,32.631283264340624,19.212845057595327,0.14641975308641975,0.1017283950617284,0.09111111111111111,0.09012345679012346,0.0891358024691358,0.06790123456790123,0.06024691358024691,0.06320987654320988,0.06049382716049383,0.05283950617283951,0.04617283950617284,0.037530864197530864,0.030864197530864196,0.02419753086419753,0.019753086419753086,0.012098765432098766,0.006172839506172839,0.9181203809638082,0.02310008587881807,0.0,0.0,0.0,0.0,0.0,0.0,0.0,0.0,0.0,0.0,0.0,0.0,0.0,0.0,0.0,0.0,0.0,0.0,0.0,0.0,0.0,0.0,0.0,0.0,0.007407407407407409,0.3407407407407408,6.1259259259259276,15.92592592592593,7.074074074074076,0.525925925925926,4.4402927580893685,2.9635526987759357,nan,nan,nan,4.458914728682171,2.988131883889916,4.421898928024502,2.9389570207082074,0.9916984730792086,0.4019,0.01113,0.0,0.0,0.0,0.0,0.0,0.0,0.0,0.0,0.0,0.0,0.007407407407407409,13.074074074074055,16.84444444444445,0.07407407407407408,0.0,0.0,0.0,0.0,0.0,0.0,0.0,0.0,0.0,0.0,0.0,0.0,0.0,0.0,0.0,0.0,nan,nan,4.4402927580893685,2.9635526987759357,nan,0.4019,0.0544,0.0,0.0,0.0,0.0,0.0,0.0,0.0,0.0,0.0,0.0,0.0,0.0,0.0,0.0,0.0,0.0,0.0,0.0,0.0,0.0,1.2345679012345678e-05,0.0015061728395061728,6.17283950617284e-05,0.0,0.0030246913580246914,0.0020987654320987655,0.008,0.0012345679012345679,0.0020123456790123455,0.0039012345679012347,0.014666666666666666,0.024641975308641977,0.024888888888888887,0.039851851851851854,0.05485185185185185,0.027679012345679013,0.06346913580246914,0.043209876543209874,0.05962962962962963,0.027234567901234567,0.09781481481481481,0.08580246913580247,0.08448148148148148,0.07146913580246914,0.05885185185185185,0.041617283950617284,0.051493827160493826,0.023950617283950617,0.013074074074074075,0.021160493827160495,0.015395061728395061,0.02234567901234568,0.0056049382716049385,0.003950617283950617,2.4691358024691357e-05,0.0,0.0009876543209876543,0.0,0.0,0.0,0.0,0.0,0.0,0.0,0.0,0.0,0.0,0.0,0.0,0.0,0.0,0.0,0.0,0.0,0.0,0.0,0.0,0.0,0.0,0.0,0.0,0.0,0.0,0.0,0.0,0.0,0.0,0.0,0.0,0.0,0.0,0.0,0.0,0.0,0.0,0.0,0.0,0.0,0.0,0.0,0.0,nan,nan,4.4402927580893685,2.9635526987759357,nan,0.9181552167846597,0.02324620867117494,0.0,0.0,0.0,0.0,0.0,0.0,0.0,0.0,0.0,0.0,0.0,0.0,0.0,0.0,0.0,0.0,0.0,0.0,0.0,0.0,0.0,0.0,0.0,0.0,0.0,0.36800785083415116,6.138370951913642,15.897939156035333,7.021589793915605,0.5740922473012758,0.9180850949782737,0.022951072505484303,0.0,0.0,0.0,0.0,0.0,0.0,0.0,0.0,0.0,0.0,0.0,0.0,0.0,0.0,0.0,0.0,0.0,0.0,0.0,0.0,0.0,0.0,0.0,0.0,0.014910536779324059,0.3131212723658052,6.113320079522865,15.954274353876743,7.1272365805169,0.4771371769383699,0.4016,0.0114,0.0,0.0,0.0,0.0,0.0,0.0,0.0,0.0,0.0,0.0,0.01472031403336605,13.012757605495564,16.854759568204127,0.1177625122669284,0.0,0.0,0.0,0.0,0.0,0.0,0.0,0.0,0.0,0.0,0.0,0.0,0.0,0.0,0.0,0.0,0.4019,0.01085,0.0,0.0,0.0,0.0,0.0,0.0,0.0,0.0,0.0,0.0,0.0,13.136182902584475,16.833996023856862,0.029821073558648117,0.0,0.0,0.0,0.0,0.0,0.0,0.0,0.0,0.0,0.0,0.0,0.0,0.0,0.0,0.0,0.0
67700,4357,2235,0.5129676382832224,1036,889,0.4418177645168694,1238,0.5682809272435162,0.418,3.0089538171536288,3.1159519249232086,6.631490787269682,2.054095868710812,9413.363127147328,1520.4142477693144,7853.0,10916.40781980753,10894.835411624566,6.9472802899319674,7853.0,0.0,27.45926095937572,20.72342113025297,32.6078431372549,18.95158104186668,0.1443653890291485,0.10787238925866421,0.09203580445260501,0.08583887996327748,0.07528115675923801,0.07436309387193023,0.07092035804452605,0.06196924489327519,0.057149414734909344,0.05164103741106266,0.05255910029837044,0.036263484048657334,0.033968326830387884,0.023410603626348406,0.018820289189809502,0.008951113151250861,0.004590314436538903,0.9188134200068989,0.022712390582821318,0.0,0.0,0.0,0.0,0.0,0.0,0.0,0.0,0.0,0.0,0.0,0.0,0.0,0.0,0.0,0.0,0.0,0.0,0.0,0.0,0.0,0.0,0.0,0.0,0.0,0.3236171677759927,5.797567133348636,15.898554050952493,7.463851273812258,0.5164103741106267,4.370892018779343,2.870133241447105,nan,nan,nan,4.371973587674248,2.839353644821103,4.370106761565836,2.9006741741806423,0.9995730015127093,0.4019,0.01131,0.0,0.0,0.0,0.0,0.0,0.0,0.0,0.0,0.0,0.0,0.027541886619233423,12.800091806288712,17.103511590543956,0.06885471654808356,0.0,0.0,0.0,0.0,0.0,0.0,0.0,0.0,0.0,0.0,0.0,0.0,0.0,0.0,0.0,0.0,nan,nan,4.370892018779343,2.870133241447105,nan,0.4019,0.05438,0.0,0.0,0.0,0.0,0.0,0.0,0.0,0.0,0.0,0.0,0.0,0.0,0.0,0.0,0.0,0.0,0.0,0.0,0.0,3.442735827404177e-05,0.0,0.0008836355290337388,1.1475786091347258e-05,0.0,0.004005049345880193,0.002019738352077117,0.00828551755795272,0.0012852880422308927,0.0014574248336011017,0.0039361946293321095,0.014046362175809042,0.02342207941243975,0.02517787468441588,0.03964884094560477,0.0565067707137939,0.026417259582281385,0.06424145053936195,0.044032591232499425,0.06123479458342897,0.0259352765664448,0.09841634151939407,0.08185678218957998,0.08401422997475327,0.0725613954555887,0.05817075969703925,0.045099839338994724,0.04864585724122102,0.024386045444112922,0.013943080100986917,0.021356437915997246,0.017259582281386274,0.02155152627955015,0.005405095249024558,0.003660775763139775,2.2951572182694516e-05,0.0,0.001067248106495295,0.0,0.0,0.0,0.0,0.0,0.0,0.0,0.0,0.0,0.0,0.0,0.0,0.0,0.0,0.0,0.0,0.0,0.0,0.0,0.0,0.0,0.0,0.0,0.0,0.0,0.0,0.0,0.0,0.0,0.0,0.0,0.0,0.0,0.0,0.0,0.0,0.0,0.0,0.0,0.0,0.0,0.0,0.0,0.0,nan,nan,4.370892018779343,2.870133241447105,nan,0.9185228290173831,0.022474108497824993,0.0,0.0,0.0,0.0,0.0,0.0,0.0,0.0,0.0,0.0,0.0,0.0,0.0,0.0,0.0,0.0,0.0,0.0,0.0,0.0,0.0,0.0,0.0,0.0,0.0,0.29530201342281887,5.93288590604027,15.812080536912754,7.476510067114096,0.4832214765100672,0.9191194854459035,0.02295671080299557,0.0,0.0,0.0,0.0,0.0,0.0,0.0,0.0,0.0,0.0,0.0,0.0,0.0,0.0,0.0,0.0,0.0,0.0,0.0,0.0,0.0,0.0,0.0,0.0,0.0,0.35344015080113106,5.655042412818097,15.98963242224317,7.4505183788878435,0.5513666352497645,0.402,0.01131,0.0,0.0,0.0,0.0,0.0,0.0,0.0,0.0,0.0,0.0,0.026845637583892624,12.429530201342263,17.4765100671141,0.06711409395973156,0.0,0.0,0.0,0.0,0.0,0.0,0.0,0.0,0.0,0.0,0.0,0.0,0.0,0.0,0.0,0.0,0.4016,0.01129,0.0,0.0,0.0,0.0,0.0,0.0,0.0,0.0,0.0,0.0,0.028275212064090487,13.19038642789819,16.710650329877478,0.07068803016022622,0.0,0.0,0.0,0.0,0.0,0.0,0.0,0.0,0.0,0.0,0.0,0.0,0.0,0.0,0.0,0.0
67800,4482,2284,0.5095939312806783,1074,927,0.4464524765729585,1284,0.5729585006693441,0.40599999999999997,3.015923566878981,3.0837891528440986,6.44496855345912,2.156996040156335,9402.806628415077,1520.357544563509,7853.0,10918.185355305672,10894.258016005419,7.11769913707751,7853.0,0.0,28.365461847389557,20.80860579904047,33.236584721120806,18.98125218793235,0.13721552878179386,0.09058456046407853,0.0928157072735386,0.09036144578313253,0.08165997322623829,0.07228915662650602,0.06715751896474788,0.06827309236947791,0.06157965194109773,0.05287817938420348,0.048415885765283356,0.04127621597501115,0.03435966086568496,0.026327532351628737,0.018741633199464525,0.010486390004462293,0.005577867023650156,0.9177580744307363,0.022820605007767853,0.0,0.0,0.0,0.0,0.0,0.0,0.0,0.0,0.0,0.0,0.0,0.0,0.0,0.0,0.0,0.0,0.0,0.0,0.0,0.0,0.0,0.0,0.0,0.0,0.0,0.3748326639892906,6.378848728246321,15.809906291834006,6.994645247657298,0.4417670682730925,4.314599040438656,2.894015360666133,nan,nan,nan,4.354904632152588,2.86528772809066,4.273793103448276,2.922245728053144,0.9813746716505661,0.4011,0.01131,0.0,0.0,0.0,0.0,0.0,0.0,0.0,0.0,0.0,0.0,0.04016064257028113,13.440428380187397,16.472556894243645,0.046854082998661326,0.0,0.0,0.0,0.0,0.0,0.0,0.0,0.0,0.0,0.0,0.0,0.0,0.0,0.0,0.0,0.0,nan,nan,4.314599040438656,2.894015360666133,nan,0.4011,0.055,0.0,0.0,0.0,0.0,0.0,0.0,0.0,0.0,0.0,0.0,0.0,0.0,0.0,0.0,0.0,0.0,0.0,0.0,0.0,0.00020080321285140563,2.2311468094600625e-05,0.0008366800535475234,1.1155734047300312e-05,0.0,0.005321285140562249,0.0023092369477911647,0.009426595269968764,0.001818384649709951,0.0015171798304328425,0.00430611334225792,0.014190093708165997,0.02224453369031682,0.02541276215975011,0.037996430165104865,0.057775546630968316,0.026907630522088354,0.06664435519857206,0.04722222222222222,0.06037483266398929,0.025602409638554216,0.09743418116912093,0.0784359660865685,0.08506247211066488,0.06958946898705935,0.05874609549308345,0.04529228023203927,0.04501338688085676,0.025669344042838018,0.014056224899598393,0.021831771530566712,0.017358322177599285,0.021463632307005803,0.00606871932173137,0.0031570727353859886,0.0,2.2311468094600625e-05,0.0006581883087907185,0.0,0.0,0.0,0.0,0.0,0.0,0.0,0.0,0.0,0.0,0.0,0.0,0.0,0.0,0.0,0.0,0.0,0.0,0.0,0.0,0.0,0.0,0.0,0.0,0.0,0.0,0.0,0.0,0.0,0.0,0.0,0.0,0.0,0.0,0.0,0.0,0.0,0.0,0.0,0.0,0.0,0.0,0.0,0.0,nan,nan,4.314599040438656,2.894015360666133,nan,0.9176566836973832,0.022653111449549485,0.0,0.0,0.0,0.0,0.0,0.0,0.0,0.0,0.0,0.0,0.0,0.0,0.0,0.0,0.0,0.0,0.0,0.0,0.0,0.0,0.0,0.0,0.0,0.0,0.0,0.4334500875656744,6.199649737302979,16.037653239929952,6.83012259194396,0.4991243432574432,0.9178634322264501,0.02299288572332378,0.0,0.0,0.0,0.0,0.0,0.0,0.0,0.0,0.0,0.0,0.0,0.0,0.0,0.0,0.0,0.0,0.0,0.0,0.0,0.0,0.0,0.0,0.0,0.0,0.0,0.3139217470427662,6.56505914467698,15.573248407643316,7.165605095541403,0.3821656050955415,0.401,0.011375,0.0,0.0,0.0,0.0,0.0,0.0,0.0,0.0,0.0,0.0,0.0394045534150613,13.542031523642713,16.379159369527148,0.0394045534150613,0.0,0.0,0.0,0.0,0.0,0.0,0.0,0.0,0.0,0.0,0.0,0.0,0.0,0.0,0.0,0.0,0.4011,0.01123,0.0,0.0,0.0,0.0,0.0,0.0,0.0,0.0,0.0,0.0,0.04094631483166516,13.334849863512265,16.569608735213833,0.05459508644222021,0.0,0.0,0.0,0.0,0.0,0.0,0.0,0.0,0.0,0.0,0.0,0.0,0.0,0.0,0.0,0.0
67900,4398,2280,0.5184174624829468,1131,891,0.4597544338335607,1255,0.5707139608913142,0.426,3.1586402266288953,3.2040090034176623,6.764890282131661,2.128598204714923,9429.743817719534,1519.7043986339916,7853.0,10921.258815407753,10894.45583786426,7.059580890182128,7853.0,0.0,28.394724874943154,20.84857791105648,33.3484602917342,18.992395804259303,0.13688040018190087,0.09367894497498863,0.09322419281491587,0.08185538881309687,0.08003638017280582,0.07503410641200546,0.071168713051387,0.06912232833105958,0.06412005457025921,0.04729422464756708,0.05184174624829468,0.04138244656662119,0.030923146884947704,0.02796725784447476,0.017507958162801273,0.011141427921782628,0.0068212824010914054,0.9176780700737804,0.022733223798786065,0.0,0.0,0.0,0.0,0.0,0.0,0.0,0.0,0.0,0.0,0.0,0.0,0.0,0.0,0.0,0.0,0.0,0.0,0.0,0.0,0.0,0.0,0.0,0.0,0.0,0.368349249658936,6.180081855388814,16.15279672578445,6.773533424283767,0.5252387448840383,4.289910158949551,2.9641817861915882,nan,nan,nan,4.429861111111111,2.9794336677814925,4.15130674002751,2.9424456835336903,0.9371189380215731,0.4016,0.01108,0.0,0.0,0.0,0.0,0.0,0.0,0.0,0.0,0.0,0.0,0.013642564802182814,13.124147339699846,16.814461118690318,0.04774897680763985,0.0,0.0,0.0,0.0,0.0,0.0,0.0,0.0,0.0,0.0,0.0,0.0,0.0,0.0,0.0,0.0,nan,nan,4.289910158949551,2.9641817861915882,nan,0.4016,0.0548,0.0,0.0,0.0,0.0,0.0,0.0,0.0,0.0,0.0,0.0,0.0,0.0,0.0,0.0,0.0,0.0,0.0,0.0,0.0,0.0001477944520236471,0.0,0.0008185538881309686,2.2737608003638016e-05,1.1368804001819008e-05,0.00470668485675307,0.0020918599363346974,0.009708958617553434,0.0015916325602546612,0.0009322419281491588,0.004786266484765803,0.013358344702137336,0.021373351523419737,0.024488403819918146,0.03708503865393361,0.0592087312414734,0.02763756252842201,0.06504092769440654,0.04702137335152342,0.0633924511141428,0.02534106412005457,0.10027285129604366,0.07630741246020918,0.08043428831286949,0.06851978171896317,0.06011823556161892,0.043383356070941334,0.046941791723510685,0.027830832196452934,0.014313324238290131,0.024488403819918146,0.019224647567075943,0.021123237835379716,0.005172805820827649,0.0025125056844020007,1.1368804001819008e-05,0.0001591632560254661,0.00042064574806730334,0.0,0.0,0.0,0.0,0.0,0.0,0.0,0.0,0.0,0.0,0.0,0.0,0.0,0.0,0.0,0.0,0.0,0.0,0.0,0.0,0.0,0.0,0.0,0.0,0.0,0.0,0.0,0.0,0.0,0.0,0.0,0.0,0.0,0.0,0.0,0.0,0.0,0.0,0.0,0.0,0.0,0.0,0.0,0.0,nan,nan,4.289910158949551,2.9641817861915882,nan,0.9174366045416447,0.023083733769939045,0.0,0.0,0.0,0.0,0.0,0.0,0.0,0.0,0.0,0.0,0.0,0.0,0.0,0.0,0.0,0.0,0.0,0.0,0.0,0.0,0.0,0.0,0.0,0.0,0.0,0.3947368421052633,6.3684210526315805,15.960526315789476,6.697368421052633,0.5789473684210528,0.9179380046409521,0.02234684543347753,0.0,0.0,0.0,0.0,0.0,0.0,0.0,0.0,0.0,0.0,0.0,0.0,0.0,0.0,0.0,0.0,0.0,0.0,0.0,0.0,0.0,0.0,0.0,0.0,0.0,0.339943342776204,5.977337110481588,16.35977337110482,6.855524079320115,0.46742209631728054,0.4019,0.01104,0.0,0.0,0.0,0.0,0.0,0.0,0.0,0.0,0.0,0.0,0.0,12.947368421052612,16.98684210526316,0.06578947368421054,0.0,0.0,0.0,0.0,0.0,0.0,0.0,0.0,0.0,0.0,0.0,0.0,0.0,0.0,0.0,0.0,0.4016,0.011116,0.0,0.0,0.0,0.0,0.0,0.0,0.0,0.0,0.0,0.0,0.028328611898017005,13.31444759206797,16.62889518413598,0.028328611898017005,0.0,0.0,0.0,0.0,0.0,0.0,0.0,0.0,0.0,0.0,0.0,0.0,0.0,0.0,0.0,0.0
68000,4453,2329,0.5230181899842803,1124,910,0.4567707163709859,1240,0.5569279137660005,0.41,2.968926553672316,3.0556629186144026,6.5,2.068141891736092,9443.955139108315,1519.3334248569893,7853.0,10921.117584705353,10894.873436861026,7.3342322185991815,7853.0,0.0,27.95463732315293,20.65933644904879,32.765238221985626,18.900513814212935,0.13541432741971704,0.10150460363799686,0.09072535369413878,0.08578486413653717,0.08084437457893555,0.0750056141926791,0.07702672355715248,0.06647204132045811,0.061531551762856504,0.04873119245452504,0.04648551538288794,0.038176510217830674,0.03121491129575567,0.027172692566808893,0.018189984280260498,0.010330114529530653,0.005389624971929036,0.9192428357703429,0.023360115550709895,0.0,0.0,0.0,0.0,0.0,0.0,0.0,0.0,0.0,0.0,0.0,0.0,0.0,0.0,0.0,0.0,0.0,0.0,0.0,0.0,0.0,0.0,0.0,0.0,0.0,0.32337749831574225,5.834269032113184,15.461486638221427,7.747585897147991,0.6332809342016619,4.224765868886577,2.8630646155910324,nan,nan,nan,4.218295218295219,2.8647300836205662,4.231410701876303,2.8623675836013747,1.0031091905384435,0.4019,0.011116,0.0,0.0,0.0,0.0,0.0,0.0,0.0,0.0,0.0,0.0,0.04042218728946778,12.93509993262967,16.9975297552212,0.02694812485964519,0.0,0.0,0.0,0.0,0.0,0.0,0.0,0.0,0.0,0.0,0.0,0.0,0.0,0.0,0.0,0.0,nan,nan,4.224765868886577,2.8630646155910324,nan,0.4019,0.05505,0.0,0.0,0.0,0.0,0.0,0.0,0.0,0.0,0.0,0.0,0.0,0.0,0.0,0.0,0.0,0.0,0.0,0.0,0.0,0.00024702447788008087,0.0,0.0007298450482820571,2.2456770716370986e-05,3.368515607455648e-05,0.00513137210869077,0.0024028744666516953,0.01001571973950146,0.002301818998428026,0.001729171345160566,0.004042218728946777,0.011464181450707388,0.020649000673703122,0.02438805299797889,0.038232652144621605,0.059757466876263196,0.027835167302941836,0.06041994161239614,0.045126880754547495,0.06269930384010779,0.026903211318212442,0.10068493150684932,0.07963170896025151,0.08378621154278015,0.0673366269930384,0.05832023355041545,0.04121940264989894,0.04805748933303391,0.028958005838760386,0.014518302268133842,0.024702447788008085,0.018392095216707836,0.020772512912643162,0.005209970806198069,0.0032113182124410508,5.614192679092747e-05,0.0003143947900291938,0.0006961598922075006,0.0,0.0,0.0,0.0,0.0,0.0,0.0,0.0,0.0,0.0,0.0,0.0,0.0,0.0,0.0,0.0,0.0,0.0,0.0,0.0,0.0,0.0,0.0,0.0,0.0,0.0,0.0,0.0,0.0,0.0,0.0,0.0,0.0,0.0,0.0,0.0,0.0,0.0,0.0,0.0,0.0,0.0,0.0,0.0,nan,nan,4.224765868886577,2.8630646155910324,nan,0.9191281502468999,0.023716551106091062,0.0,0.0,0.0,0.0,0.0,0.0,0.0,0.0,0.0,0.0,0.0,0.0,0.0,0.0,0.0,0.0,0.0,0.0,0.0,0.0,0.0,0.0,0.0,0.0,0.0,0.4379562043795621,5.886646629454703,15.315586088449981,7.6899957063117235,0.6698153714040362,0.9193685902826305,0.022962261326020795,0.0,0.0,0.0,0.0,0.0,0.0,0.0,0.0,0.0,0.0,0.0,0.0,0.0,0.0,0.0,0.0,0.0,0.0,0.0,0.0,0.0,0.0,0.0,0.0,0.0,0.19774011299435035,5.776836158192091,15.621468926553677,7.810734463276838,0.5932203389830509,0.4016,0.01134,0.0,0.0,0.0,0.0,0.0,0.0,0.0,0.0,0.0,0.0,0.03864319450407901,13.306139974237851,16.629454701588667,0.02576212966938601,0.0,0.0,0.0,0.0,0.0,0.0,0.0,0.0,0.0,0.0,0.0,0.0,0.0,0.0,0.0,0.0,0.402,0.01087,0.0,0.0,0.0,0.0,0.0,0.0,0.0,0.0,0.0,0.0,0.04237288135593221,12.528248587570603,17.401129943502827,0.028248587570621476,0.0,0.0,0.0,0.0,0.0,0.0,0.0,0.0,0.0,0.0,0.0,0.0,0.0,0.0,0.0,0.0
68100,4439,2281,0.5138544717278667,1053,951,0.4514530299617031,1256,0.5658932191935121,0.41,2.9907321594068583,3.111595599493285,6.676818950930626,2.126805958829008,9416.084090187209,1520.3649082369304,7853.0,10918.844255805016,10894.880875204306,7.075771694816355,7853.0,0.0,27.987835097995045,20.877458917519995,32.91425509110397,19.116950958282008,0.1387699932417211,0.10430277089434557,0.08965983329578733,0.08402793421941879,0.08492903807163775,0.07974769092137869,0.06037395809867087,0.05857175039423294,0.06037395809867087,0.056544266726740254,0.046632124352331605,0.04100022527596305,0.03491777427348502,0.02613201171435008,0.01757152511826988,0.008560486596080198,0.007884658706915973,0.9186993488107454,0.02292735651241368,0.0,0.0,0.0,0.0,0.0,0.0,0.0,0.0,0.0,0.0,0.0,0.0,0.0,0.0,0.0,0.0,0.0,0.0,0.0,0.0,0.0,0.0,0.0,0.0,0.0,0.33791394458211316,5.825636404595631,16.19283622437486,7.048884883982881,0.5947285424645191,4.286260869565218,2.8870570123945654,nan,nan,nan,4.348245010323469,2.9276417209005534,4.222925457102672,2.843594305188845,0.9711792797040492,0.402,0.01122,0.0,0.0,0.0,0.0,0.0,0.0,0.0,0.0,0.0,0.0,0.02027483667492679,12.523090786213093,17.37553503041226,0.08109934669970716,0.0,0.0,0.0,0.0,0.0,0.0,0.0,0.0,0.0,0.0,0.0,0.0,0.0,0.0,0.0,0.0,nan,nan,4.286260869565218,2.8870570123945654,nan,0.402,0.05548,0.0,0.0,0.0,0.0,0.0,0.0,0.0,0.0,0.0,0.0,0.0,0.0,0.0,0.0,0.0,0.0,0.0,0.0,0.0,0.00014642937598558233,0.0,0.0009348952466771796,5.6318990763685515e-05,1.1263798152737103e-05,0.006093714800630773,0.0021175940527145753,0.009574228429826538,0.0023541338139220543,0.0014755575580085605,0.004528046857400316,0.010982203198918676,0.019531425996846135,0.024284748817301194,0.04031313358864609,0.06111736877675152,0.02772020725388601,0.05969813020950664,0.04156341518359991,0.0628407298941203,0.027889164226177068,0.09823158369002027,0.0807839603514305,0.08308177517458887,0.06861905834647443,0.05669069610272584,0.0396485694976346,0.04887362018472629,0.028643838702410454,0.015994593376886686,0.026278441090335662,0.01904708267627844,0.020669069610272584,0.005305248929939175,0.003503041225501239,1.1263798152737103e-05,0.0004280243298040099,0.0009574228429826537,0.0,0.0,0.0,0.0,0.0,0.0,0.0,0.0,0.0,0.0,0.0,0.0,0.0,0.0,0.0,0.0,0.0,0.0,0.0,0.0,0.0,0.0,0.0,0.0,0.0,0.0,0.0,0.0,0.0,0.0,0.0,0.0,0.0,0.0,0.0,0.0,0.0,0.0,0.0,0.0,0.0,0.0,0.0,0.0,nan,nan,4.286260869565218,2.8870570123945654,nan,0.9186191677210991,0.022901348827847997,0.0,0.0,0.0,0.0,0.0,0.0,0.0,0.0,0.0,0.0,0.0,0.0,0.0,0.0,0.0,0.0,0.0,0.0,0.0,0.0,0.0,0.0,0.0,0.0,0.0,0.27619465146865413,5.721174923279265,16.505918456817188,6.812801402893469,0.6839105655414294,0.9187840999995701,0.02295451005476925,0.0,0.0,0.0,0.0,0.0,0.0,0.0,0.0,0.0,0.0,0.0,0.0,0.0,0.0,0.0,0.0,0.0,0.0,0.0,0.0,0.0,0.0,0.0,0.0,0.0,0.4031510658016683,5.936051899907323,15.861909175162191,7.298424467099167,0.5004633920296572,0.4023,0.011345,0.0,0.0,0.0,0.0,0.0,0.0,0.0,0.0,0.0,0.0,0.013152126260412103,12.428759316089417,17.43971942130645,0.11836913634370892,0.0,0.0,0.0,0.0,0.0,0.0,0.0,0.0,0.0,0.0,0.0,0.0,0.0,0.0,0.0,0.0,0.402,0.01108,0.0,0.0,0.0,0.0,0.0,0.0,0.0,0.0,0.0,0.0,0.0278035217794254,12.62279888785911,17.30769230769231,0.041705282669138095,0.0,0.0,0.0,0.0,0.0,0.0,0.0,0.0,0.0,0.0,0.0,0.0,0.0,0.0,0.0,0.0
68200,4379,2215,0.505823247316739,1029,903,0.4411966202329299,1246,0.5690796985613154,0.40599999999999997,2.984750462107209,3.078493819769549,6.4706814580031695,2.070549513628777,9391.849592085175,1521.0388662823254,7853.0,10920.928176403046,10895.267432840172,7.0725494168195615,7853.0,0.0,27.677780315140442,20.793388443790167,32.53257328990228,19.101414378829986,0.1404430235213519,0.09796757250513816,0.09522722082667276,0.09499885818680064,0.0783283854761361,0.07627312171728705,0.06919387988125143,0.06645352820278602,0.054807033569308064,0.04681434117378397,0.04430235213519068,0.04019182461749258,0.03471112126056177,0.027403516784654032,0.015300296871431834,0.010047956154373145,0.007535967115779858,0.9191280878088359,0.02306138238013126,0.0,0.0,0.0,0.0,0.0,0.0,0.0,0.0,0.0,0.0,0.0,0.0,0.0,0.0,0.0,0.0,0.0,0.0,0.0,0.0,0.0,0.0,0.0,0.0,0.0,0.3151404430235214,5.830098195935147,15.585750171271982,7.755195250057092,0.5138159397122631,4.312857142857143,2.8797282326423708,nan,nan,nan,4.339337175792507,2.855447822951382,4.285613040396882,2.9038328424654374,0.9876192761200187,0.4033,0.011185,0.0,0.0,0.0,0.0,0.0,0.0,0.0,0.0,0.0,0.0,0.013701758392327018,11.46152089518153,18.422014158483677,0.10276318794245264,0.0,0.0,0.0,0.0,0.0,0.0,0.0,0.0,0.0,0.0,0.0,0.0,0.0,0.0,0.0,0.0,nan,nan,4.312857142857143,2.8797282326423708,nan,0.4033,0.05524,0.0,0.0,0.0,0.0,0.0,0.0,0.0,0.0,0.0,0.0,0.0,0.0,0.0,0.0,0.0,0.0,0.0,0.0,0.0,0.000296871431833752,0.0,0.0009933774834437086,2.283626398721169e-05,0.0,0.005480703356930806,0.002432062114638045,0.00824389129938342,0.0025690796985613153,0.0018269011189769354,0.004053436857730075,0.00959123087462891,0.018017812285910026,0.02331582553094314,0.03976935373372916,0.06234300068508792,0.026832610184973738,0.05778716601963919,0.03775976250285453,0.06635076501484358,0.02855674811600822,0.09610641699018041,0.08093171957067824,0.08403745147293902,0.07158026946791506,0.058289563827357845,0.040774149349166476,0.04870975108472254,0.027780315140443025,0.01603105731902261,0.02650148435715917,0.020324274948618406,0.02185430463576159,0.005355103905001142,0.003996346197762046,0.0,0.000296871431833752,0.001187485727335008,0.0,0.0,0.0,0.0,0.0,0.0,0.0,0.0,0.0,0.0,0.0,0.0,0.0,0.0,0.0,0.0,0.0,0.0,0.0,0.0,0.0,0.0,0.0,0.0,0.0,0.0,0.0,0.0,0.0,0.0,0.0,0.0,0.0,0.0,0.0,0.0,0.0,0.0,0.0,0.0,0.0,0.0,0.0,0.0,nan,nan,4.312857142857143,2.8797282326423708,nan,0.9188520428558504,0.023372962483291806,0.0,0.0,0.0,0.0,0.0,0.0,0.0,0.0,0.0,0.0,0.0,0.0,0.0,0.0,0.0,0.0,0.0,0.0,0.0,0.0,0.0,0.0,0.0,0.0,0.0,0.3386004514672687,5.95936794582393,15.602708803611742,7.476297968397293,0.6230248306997743,0.9194106384423215,0.022734566924349775,0.0,0.0,0.0,0.0,0.0,0.0,0.0,0.0,0.0,0.0,0.0,0.0,0.0,0.0,0.0,0.0,0.0,0.0,0.0,0.0,0.0,0.0,0.0,0.0,0.0,0.2911275415896489,5.697781885397414,15.568391866913128,8.040665434380777,0.4020332717190389,0.4033,0.01098,0.0,0.0,0.0,0.0,0.0,0.0,0.0,0.0,0.0,0.0,0.0,11.241534988713301,18.65011286681716,0.10835214446952598,0.0,0.0,0.0,0.0,0.0,0.0,0.0,0.0,0.0,0.0,0.0,0.0,0.0,0.0,0.0,0.0,0.4033,0.011406,0.0,0.0,0.0,0.0,0.0,0.0,0.0,0.0,0.0,0.0,0.027726432532347512,11.686691312384456,18.188539741219966,0.09704251386321629,0.0,0.0,0.0,0.0,0.0,0.0,0.0,0.0,0.0,0.0,0.0,0.0,0.0,0.0,0.0,0.0
68300,4342,2271,0.5230308613542146,1052,899,0.4493321050207278,1215,0.5596499309074159,0.43,3.02317720907774,3.1456581785263213,6.711571675302245,2.1202341537255522,9444.296896151893,1519.6206755095961,7853.0,10919.520822525024,10895.453158560775,7.123556852272367,7853.0,0.0,27.555734684477198,20.731542890341878,32.64660408614026,18.92965306365935,0.1467065868263473,0.09926301243666513,0.09488714877936434,0.08452326116996775,0.07761400276370337,0.07853523721787195,0.06471672040534315,0.05941962229387379,0.06425610317825886,0.05435283279594657,0.04629203132197144,0.039613081529249194,0.035006909258406264,0.024412713035467527,0.0163519115614924,0.008751727314601566,0.0052970981114693685,0.9197001677677413,0.02328114883242303,0.0,0.0,0.0,0.0,0.0,0.0,0.0,0.0,0.0,0.0,0.0,0.0,0.0,0.0,0.0,0.0,0.0,0.0,0.0,0.0,0.0,0.0,0.0,0.0,0.006909258406264396,0.3592814371257486,5.713956701980655,15.573468447719948,7.703823122984801,0.6425610317825887,4.335374639769452,2.931418682762803,nan,nan,nan,4.292630057803469,2.873348335139735,4.377873563218391,2.987430385105705,1.0198581066309127,0.403,0.01108,0.0,0.0,0.0,0.0,0.0,0.0,0.0,0.0,0.0,0.0,0.006909258406264396,11.56609857208658,18.3578995854445,0.06909258406264396,0.0,0.0,0.0,0.0,0.0,0.0,0.0,0.0,0.0,0.0,0.0,0.0,0.0,0.0,0.0,0.0,nan,nan,4.335374639769452,2.931418682762803,nan,0.403,0.05487,0.0,0.0,0.0,0.0,0.0,0.0,0.0,0.0,0.0,0.0,0.0,0.0,0.0,0.0,0.0,0.0,0.0,0.0,0.0,0.0002878857669276831,0.0,0.0004375863657300783,0.0,0.0,0.004698295716259788,0.002245508982035928,0.0072316904652233996,0.002671579917088899,0.0017503454629203131,0.003777061262091202,0.0095923537540304,0.01962229387379088,0.024550898203592814,0.04167434362045141,0.06293182865039153,0.027383694150161217,0.055780746199907874,0.03833486872409028,0.06920773836941502,0.03232381391064026,0.09727084292952556,0.0816098572086596,0.07730308613542146,0.06924228466144634,0.05589590050667895,0.04423076923076923,0.04693689543988945,0.027003684937816675,0.015948871487793642,0.026554583141409488,0.022040534315983417,0.020601105481345004,0.005964993090741594,0.003546752648549056,4.6061722708429294e-05,0.00032243205895900504,0.0009672961768770152,1.1515430677107323e-05,0.0,0.0,0.0,0.0,0.0,0.0,0.0,0.0,0.0,0.0,0.0,0.0,0.0,0.0,0.0,0.0,0.0,0.0,0.0,0.0,0.0,0.0,0.0,0.0,0.0,0.0,0.0,0.0,0.0,0.0,0.0,0.0,0.0,0.0,0.0,0.0,0.0,0.0,0.0,0.0,0.0,0.0,0.0,nan,nan,4.335374639769452,2.931418682762803,nan,0.9200176337856073,0.023403517598926175,0.0,0.0,0.0,0.0,0.0,0.0,0.0,0.0,0.0,0.0,0.0,0.0,0.0,0.0,0.0,0.0,0.0,0.0,0.0,0.0,0.0,0.0,0.0,0.0,0.013210039630118893,0.36988110964332904,5.508586525759579,15.785997357992077,7.608982826948482,0.7133421400264203,0.9193520435154121,0.023141213197886874,0.0,0.0,0.0,0.0,0.0,0.0,0.0,0.0,0.0,0.0,0.0,0.0,0.0,0.0,0.0,0.0,0.0,0.0,0.0,0.0,0.0,0.0,0.0,0.0,0.0,0.34765813616610336,5.9391598261709335,15.340415258329314,7.807822308063739,0.564944471269918,0.4028,0.01104,0.0,0.0,0.0,0.0,0.0,0.0,0.0,0.0,0.0,0.0,0.013210039630118893,11.651254953764845,18.25627476882431,0.07926023778071335,0.0,0.0,0.0,0.0,0.0,0.0,0.0,0.0,0.0,0.0,0.0,0.0,0.0,0.0,0.0,0.0,0.403,0.011116,0.0,0.0,0.0,0.0,0.0,0.0,0.0,0.0,0.0,0.0,0.0,11.472718493481395,18.46933848382424,0.05794302269435057,0.0,0.0,0.0,0.0,0.0,0.0,0.0,0.0,0.0,0.0,0.0,0.0,0.0,0.0,0.0,0.0
68400,4627,2407,0.5202074778474174,1129,927,0.44434838988545494,1297,0.560622433542252,0.41,3.039189189189189,3.155260910710539,6.685624012638231,2.1858510904805812,9435.472483277694,1519.767355050873,7853.0,10919.793740868568,10895.002567563728,7.152993460887815,7853.0,0.0,28.461205964988114,21.092025081489737,33.29345603271984,19.35181168943104,0.1342122325480873,0.10049708234277069,0.09141992651826238,0.08428787551329155,0.0812621569051221,0.07823643829695266,0.06743030041063323,0.05943375837475686,0.06029824940566242,0.053166198400691596,0.04473741084936244,0.04149556948346661,0.03760535984439162,0.027447590231251352,0.022044521288091635,0.009077155824508321,0.007348173762697212,0.9189414805796071,0.023136103311306968,0.0,0.0,0.0,0.0,0.0,0.0,0.0,0.0,0.0,0.0,0.0,0.0,0.0,0.0,0.0,0.0,0.0,0.0,0.0,0.0,0.0,0.0,0.0,0.0,0.0,0.3177004538577913,5.763993948562785,15.820185865571649,7.534039334341908,0.5640803976658744,4.274776267815711,2.956272325688722,nan,nan,nan,4.246042216358839,2.900644348089177,4.30379746835443,3.0111350484659747,1.013602137956395,0.4028,0.01149,0.0,0.0,0.0,0.0,0.0,0.0,0.0,0.0,0.0,0.0,0.025934730927166638,12.014264102009925,17.843094877890646,0.11670628917224986,0.0,0.0,0.0,0.0,0.0,0.0,0.0,0.0,0.0,0.0,0.0,0.0,0.0,0.0,0.0,0.0,nan,nan,4.274776267815711,2.956272325688722,nan,0.4028,0.0548,0.0,0.0,0.0,0.0,0.0,0.0,0.0,0.0,0.0,0.0,0.0,0.0,0.0,0.0,0.0,0.0,0.0,0.0,0.0,7.5642965204236e-05,0.0,0.00031337799870326347,1.0806137886319429e-05,0.0,0.004884374324616382,0.0027879835746704128,0.005770477631294575,0.002939269505078885,0.0014264102009941646,0.004214393775664577,0.010287443267776097,0.01990490598660039,0.02351415604063108,0.04469418629781716,0.06305381456667387,0.02932785822347093,0.05235573805921764,0.03771342122325481,0.06910525178301274,0.03763777825805057,0.09831424248973417,0.07888480657013183,0.07329803328290468,0.06738707585908796,0.05574886535552194,0.046736546358331535,0.047093148908580074,0.026982926302139616,0.014415387940350119,0.027382753403933435,0.022822563215906633,0.020175059433758375,0.006386427490814783,0.002993300194510482,0.00016209206829479145,0.000226928895612708,0.0009725524097687487,0.0,0.0,0.0,0.0,0.0,0.0,0.0,0.0,0.0,0.0,0.0,0.0,0.0,0.0,0.0,0.0,0.0,0.0,0.0,0.0,0.0,0.0,0.0,0.0,0.0,0.0,0.0,0.0,0.0,0.0,0.0,0.0,0.0,0.0,0.0,0.0,0.0,0.0,0.0,0.0,0.0,0.0,0.0,0.0,nan,nan,4.274776267815711,2.956272325688722,nan,0.9185505146845575,0.023034302542293703,0.0,0.0,0.0,0.0,0.0,0.0,0.0,0.0,0.0,0.0,0.0,0.0,0.0,0.0,0.0,0.0,0.0,0.0,0.0,0.0,0.0,0.0,0.0,0.0,0.0,0.2991275446614043,6.094723722476113,15.679268799335276,7.465724968840882,0.4611549646863316,0.9193653791874379,0.02323854461074128,0.0,0.0,0.0,0.0,0.0,0.0,0.0,0.0,0.0,0.0,0.0,0.0,0.0,0.0,0.0,0.0,0.0,0.0,0.0,0.0,0.0,0.0,0.0,0.0,0.0,0.3378378378378379,5.405405405405406,15.972972972972975,7.60810810810811,0.6756756756756758,0.4028,0.011444,0.0,0.0,0.0,0.0,0.0,0.0,0.0,0.0,0.0,0.0,0.02492729538845036,12.189447444952204,17.698379725799754,0.08724553385957626,0.0,0.0,0.0,0.0,0.0,0.0,0.0,0.0,0.0,0.0,0.0,0.0,0.0,0.0,0.0,0.0,0.4028,0.01153,0.0,0.0,0.0,0.0,0.0,0.0,0.0,0.0,0.0,0.0,0.027027027027027032,11.824324324324309,18.000000000000004,0.14864864864864868,0.0,0.0,0.0,0.0,0.0,0.0,0.0,0.0,0.0,0.0,0.0,0.0,0.0,0.0,0.0,0.0
68500,4675,2469,0.5281283422459893,1163,933,0.44834224598930483,1311,0.5608556149732621,0.38999999999999996,3.071622846781505,3.1107309654989046,6.595384615384615,2.0675463547388926,9459.640495454742,1518.669961603525,7853.0,10922.324567317963,10895.14026579624,7.068873443157584,7853.0,0.0,28.646203208556148,21.062224187473937,33.6699720315281,19.17595287062805,0.13925133689839572,0.0904812834224599,0.09155080213903743,0.08320855614973262,0.08171122994652406,0.07229946524064171,0.07037433155080214,0.06438502673796792,0.05711229946524064,0.058823529411764705,0.05262032085561497,0.038716577540106954,0.03443850267379679,0.027379679144385025,0.019251336898395723,0.011550802139037433,0.006844919786096256,0.9189035783222015,0.022808744122154077,0.0,0.0,0.0,0.0,0.0,0.0,0.0,0.0,0.0,0.0,0.0,0.0,0.0,0.0,0.0,0.0,0.0,0.0,0.0,0.0,0.0,0.0,0.0,0.0,0.0,0.2759358288770054,5.762566844919788,16.145454545454548,7.257754010695189,0.558288770053476,4.261663947797716,2.9249528663603175,nan,nan,nan,4.247569669475048,2.878105652895515,4.274161735700197,2.971779889368775,1.0062605367997262,0.403,0.01154,0.0,0.0,0.0,0.0,0.0,0.0,0.0,0.0,0.0,0.0,0.04491978609625669,11.730481283422442,18.109090909090913,0.11550802139037436,0.0,0.0,0.0,0.0,0.0,0.0,0.0,0.0,0.0,0.0,0.0,0.0,0.0,0.0,0.0,0.0,nan,nan,4.261663947797716,2.9249528663603175,nan,0.403,0.05484,0.0,0.0,0.0,0.0,0.0,0.0,0.0,0.0,0.0,0.0,0.0,0.0,0.0,0.0,0.0,0.0,0.0,0.0,0.0,0.0,0.0,0.00047058823529411766,0.0,2.1390374331550803e-05,0.004770053475935829,0.0033262032085561496,0.005647058823529412,0.0027058823529411765,0.0016577540106951871,0.004513368983957219,0.010406417112299466,0.020021390374331552,0.02253475935828877,0.04601069518716577,0.06012834224598931,0.026770053475935827,0.05257754010695187,0.0359144385026738,0.07213903743315508,0.03765775401069519,0.10049197860962567,0.07983957219251336,0.07481283422459893,0.06499465240641711,0.05207486631016043,0.04931550802139038,0.04640641711229947,0.027935828877005346,0.01544385026737968,0.028352941176470588,0.021454545454545455,0.020181818181818183,0.0073475935828877,0.0027914438502673797,0.000106951871657754,0.00019251336898395722,0.0009839572192513369,0.0,0.0,0.0,0.0,0.0,0.0,0.0,0.0,0.0,0.0,0.0,0.0,0.0,0.0,0.0,0.0,0.0,0.0,0.0,0.0,0.0,0.0,0.0,0.0,0.0,0.0,0.0,0.0,0.0,0.0,0.0,0.0,0.0,0.0,0.0,0.0,0.0,0.0,0.0,0.0,0.0,0.0,0.0,0.0,nan,nan,4.261663947797716,2.9249528663603175,nan,0.9188501001997678,0.02249140634489735,0.0,0.0,0.0,0.0,0.0,0.0,0.0,0.0,0.0,0.0,0.0,0.0,0.0,0.0,0.0,0.0,0.0,0.0,0.0,0.0,0.0,0.0,0.0,0.0,0.0,0.3037667071688943,5.540704738760633,16.366950182260027,7.314702308626976,0.4738760631834752,0.9189634321228763,0.02315861221252635,0.0,0.0,0.0,0.0,0.0,0.0,0.0,0.0,0.0,0.0,0.0,0.0,0.0,0.0,0.0,0.0,0.0,0.0,0.0,0.0,0.0,0.0,0.0,0.0,0.0,0.24478694469628293,6.010879419764281,15.89755213055304,7.1940163191296485,0.6527651858567544,0.4028,0.01177,0.0,0.0,0.0,0.0,0.0,0.0,0.0,0.0,0.0,0.0,0.06075334143377887,12.01701093560144,17.897934386391256,0.02430133657351155,0.0,0.0,0.0,0.0,0.0,0.0,0.0,0.0,0.0,0.0,0.0,0.0,0.0,0.0,0.0,0.0,0.4033,0.011284,0.0,0.0,0.0,0.0,0.0,0.0,0.0,0.0,0.0,0.0,0.027198549410698103,11.409791477787834,18.345421577515868,0.21758839528558482,0.0,0.0,0.0,0.0,0.0,0.0,0.0,0.0,0.0,0.0,0.0,0.0,0.0,0.0,0.0,0.0
68600,4404,2288,0.51952770208901,1055,897,0.44323342415985467,1229,0.5581289736603088,0.418,2.97117202268431,3.1512923424961885,6.693240901213172,2.219616201587087,9433.712411468701,1520.1453904336947,7853.0,10920.942953288555,10895.595043753567,7.072525147171168,7853.0,0.0,27.451407811080834,20.689075125168618,32.263768898488124,19.042788140917114,0.13873751135331516,0.10399636693914623,0.10013623978201634,0.08969118982742962,0.07788374205267938,0.07720254314259764,0.06857402361489555,0.05812897366030881,0.05631244323342416,0.05676657584014532,0.04518619436875568,0.03746594005449591,0.0340599455040872,0.02134423251589464,0.01589464123524069,0.012488646684831971,0.006130790190735695,0.9196474948842129,0.023303356819231822,0.0,0.0,0.0,0.0,0.0,0.0,0.0,0.0,0.0,0.0,0.0,0.0,0.0,0.0,0.0,0.0,0.0,0.0,0.0,0.0,0.0,0.0,0.0,0.0,0.00681198910081744,0.31335149863760225,5.790190735694824,15.544959128065399,7.752043596730247,0.5926430517711173,4.290818149339049,2.950180236011193,nan,nan,nan,4.294328786791098,2.9471688383634014,4.287339971550498,2.9531566460360246,0.9983725477047549,0.403,0.01136,0.0,0.0,0.0,0.0,0.0,0.0,0.0,0.0,0.0,0.0,0.02043596730245232,11.968664850136223,17.922343324250683,0.08855585831062673,0.0,0.0,0.0,0.0,0.0,0.0,0.0,0.0,0.0,0.0,0.0,0.0,0.0,0.0,0.0,0.0,nan,nan,4.290818149339049,2.950180236011193,nan,0.403,0.05466,0.0,0.0,0.0,0.0,0.0,0.0,0.0,0.0,0.0,0.0,0.0,0.0,0.0,0.0,0.0,0.0,0.0,0.0,1.1353315168029064e-05,0.0,0.0,0.00037465940054495913,0.0,0.00011353315168029064,0.004325613079019073,0.002815622161671208,0.004518619436875568,0.0025431425976385103,0.002316076294277929,0.004223433242506812,0.011069482288828338,0.020674386920980926,0.02362624886466848,0.04729791099000908,0.05905994550408719,0.02680517711171662,0.05474568574023615,0.036557674841053586,0.06798365122615804,0.03796548592188919,0.10221389645776567,0.08117620345140782,0.0757039055404178,0.06299954586739327,0.05232742960944596,0.05154405086285195,0.042801998183469574,0.02690735694822888,0.016076294277929157,0.027747502270663034,0.021684831970935514,0.02029972752043597,0.0067211625794732065,0.0033832879200726613,5.676657584014532e-05,0.000351952770208901,0.0009763851044504995,0.0,0.0,0.0,0.0,0.0,0.0,0.0,0.0,0.0,0.0,0.0,0.0,0.0,0.0,0.0,0.0,0.0,0.0,0.0,0.0,0.0,0.0,0.0,0.0,0.0,0.0,0.0,0.0,0.0,0.0,0.0,0.0,0.0,0.0,0.0,0.0,0.0,0.0,0.0,0.0,0.0,0.0,0.0,0.0,nan,nan,4.290818149339049,2.950180236011193,nan,0.9204005565155636,0.023105414340904656,0.0,0.0,0.0,0.0,0.0,0.0,0.0,0.0,0.0,0.0,0.0,0.0,0.0,0.0,0.0,0.0,0.0,0.0,0.0,0.0,0.0,0.0,0.0,0.0,0.0,0.18356643356643362,5.585664335664338,15.419580419580424,8.234265734265735,0.576923076923077,0.918833220303622,0.023488362522660376,0.0,0.0,0.0,0.0,0.0,0.0,0.0,0.0,0.0,0.0,0.0,0.0,0.0,0.0,0.0,0.0,0.0,0.0,0.0,0.0,0.0,0.0,0.0,0.0,0.014177693761814748,0.45368620037807195,6.011342155009453,15.68052930056711,7.230623818525522,0.6096408317580342,0.403,0.011505,0.0,0.0,0.0,0.0,0.0,0.0,0.0,0.0,0.0,0.0,0.02622377622377623,12.036713286713269,17.845279720279724,0.09178321678321681,0.0,0.0,0.0,0.0,0.0,0.0,0.0,0.0,0.0,0.0,0.0,0.0,0.0,0.0,0.0,0.0,0.4028,0.011185,0.0,0.0,0.0,0.0,0.0,0.0,0.0,0.0,0.0,0.0,0.014177693761814748,11.895085066162554,18.00567107750473,0.08506616257088848,0.0,0.0,0.0,0.0,0.0,0.0,0.0,0.0,0.0,0.0,0.0,0.0,0.0,0.0,0.0,0.0
68700,4250,2266,0.5331764705882353,1099,793,0.4451764705882353,1145,0.5388235294117647,0.422,3.0005040322580645,3.1279018378526215,6.533898305084746,2.14745495163907,9475.208609275229,1517.924363663003,7853.0,10918.679250001907,10895.536005922208,7.121831885862078,7853.0,0.0,28.565176470588234,20.906213239792653,33.377814845704755,19.107698143314554,0.13388235294117648,0.0971764705882353,0.09576470588235295,0.08235294117647059,0.07670588235294118,0.07341176470588236,0.06964705882352941,0.0611764705882353,0.05905882352941177,0.0611764705882353,0.04964705882352941,0.04188235294117647,0.034823529411764705,0.032235294117647056,0.01788235294117647,0.008,0.0051764705882352945,0.9206245436107411,0.022857300194649047,0.0,0.0,0.0,0.0,0.0,0.0,0.0,0.0,0.0,0.0,0.0,0.0,0.0,0.0,0.0,0.0,0.0,0.0,0.0,0.0,0.0,0.0,0.0,0.0,0.0,0.27529411764705886,5.251764705882354,15.78352941176471,7.990588235294119,0.6988235294117648,4.123149151318166,2.8862512747288904,nan,nan,nan,4.1459694989106755,2.86663881664525,4.100574712643678,2.905345788794167,0.9890508634279812,0.4023,0.011345,0.0,0.0,0.0,0.0,0.0,0.0,0.0,0.0,0.0,0.0,0.021176470588235297,12.296470588235277,17.618823529411767,0.06352941176470589,0.0,0.0,0.0,0.0,0.0,0.0,0.0,0.0,0.0,0.0,0.0,0.0,0.0,0.0,0.0,0.0,nan,nan,4.123149151318166,2.8862512747288904,nan,0.4023,0.05487,0.0,0.0,0.0,0.0,0.0,0.0,0.0,0.0,0.0,0.0,0.0,0.0,0.0,0.0,0.0,0.0,0.0,0.0,0.0,0.0,0.0,0.0006941176470588236,0.0,0.00037647058823529414,0.004494117647058824,0.0028352941176470587,0.004905882352941177,0.001623529411764706,0.0019411764705882352,0.006011764705882353,0.010258823529411765,0.021952941176470588,0.025529411764705884,0.04903529411764706,0.056341176470588235,0.028176470588235292,0.05497647058823529,0.03616470588235294,0.06561176470588236,0.03825882352941176,0.10089411764705883,0.08390588235294118,0.07517647058823529,0.0641529411764706,0.050094117647058824,0.053505882352941174,0.041988235294117646,0.02631764705882353,0.015164705882352941,0.027976470588235294,0.019541176470588235,0.020541176470588236,0.007470588235294118,0.0029411764705882353,5.882352941176471e-05,0.0003411764705882353,0.0007294117647058824,1.1764705882352942e-05,0.0,0.0,0.0,0.0,0.0,0.0,0.0,0.0,0.0,0.0,0.0,0.0,0.0,0.0,0.0,0.0,0.0,0.0,0.0,0.0,0.0,0.0,0.0,0.0,0.0,0.0,0.0,0.0,0.0,0.0,0.0,0.0,0.0,0.0,0.0,0.0,0.0,0.0,0.0,0.0,0.0,0.0,0.0,nan,nan,4.123149151318166,2.8862512747288904,nan,0.9205175862834186,0.02281659971048947,0.0,0.0,0.0,0.0,0.0,0.0,0.0,0.0,0.0,0.0,0.0,0.0,0.0,0.0,0.0,0.0,0.0,0.0,0.0,0.0,0.0,0.0,0.0,0.0,0.0,0.3045013239187997,5.203000882612534,15.781112091791707,7.98323036187114,0.7281553398058255,0.9207467035420479,0.02290308622899045,0.0,0.0,0.0,0.0,0.0,0.0,0.0,0.0,0.0,0.0,0.0,0.0,0.0,0.0,0.0,0.0,0.0,0.0,0.0,0.0,0.0,0.0,0.0,0.0,0.0,0.2419354838709678,5.307459677419356,15.78629032258065,7.998991935483873,0.6653225806451614,0.4028,0.011345,0.0,0.0,0.0,0.0,0.0,0.0,0.0,0.0,0.0,0.0,0.026478375992939104,11.716681376875535,18.203883495145636,0.05295675198587821,0.0,0.0,0.0,0.0,0.0,0.0,0.0,0.0,0.0,0.0,0.0,0.0,0.0,0.0,0.0,0.0,0.4019,0.011345,0.0,0.0,0.0,0.0,0.0,0.0,0.0,0.0,0.0,0.0,0.015120967741935488,12.958669354838692,16.95060483870968,0.07560483870967744,0.0,0.0,0.0,0.0,0.0,0.0,0.0,0.0,0.0,0.0,0.0,0.0,0.0,0.0,0.0,0.0
68800,4340,2228,0.5133640552995392,1052,863,0.4412442396313364,1224,0.5640552995391706,0.40599999999999997,3.0,3.1574826950748234,6.609120521172638,2.2229880282512235,9414.983308480947,1520.7862315771415,7853.0,10919.982587814331,10895.642530882995,7.085242385908515,7853.0,0.0,27.89930875576037,20.79793612327,32.68340611353712,19.101049600008146,0.13709677419354838,0.09930875576036867,0.09976958525345622,0.0868663594470046,0.0748847926267281,0.08133640552995391,0.06797235023041474,0.05967741935483871,0.05783410138248848,0.05207373271889401,0.04907834101382488,0.04124423963133641,0.035483870967741936,0.02258064516129032,0.018663594470046084,0.010138248847926268,0.005990783410138249,0.9208069129198927,0.023112583568011234,0.0,0.0,0.0,0.0,0.0,0.0,0.0,0.0,0.0,0.0,0.0,0.0,0.0,0.0,0.0,0.0,0.0,0.0,0.0,0.0,0.0,0.0,0.0,0.0,0.0,0.34562211981566826,5.122119815668204,15.552995391705073,8.29493087557604,0.6843317972350231,4.321930140439323,2.9537421840116815,nan,nan,nan,4.339541547277937,2.904775401586264,4.304127443881246,3.002324283490492,0.9918392062823075,0.402,0.01163,0.0,0.0,0.0,0.0,0.0,0.0,0.0,0.0,0.0,0.0,0.020737327188940096,12.767281105990765,17.080645161290327,0.13133640552995393,0.0,0.0,0.0,0.0,0.0,0.0,0.0,0.0,0.0,0.0,0.0,0.0,0.0,0.0,0.0,0.0,nan,nan,4.321930140439323,2.9537421840116815,nan,0.402,0.05533,0.0,0.0,0.0,0.0,0.0,0.0,0.0,0.0,0.0,0.0,0.0,0.0,0.0,0.0,0.0,0.0,0.0,0.0,0.0,0.0,3.456221198156682e-05,0.0014400921658986176,1.152073732718894e-05,0.0003225806451612903,0.004792626728110599,0.002523041474654378,0.005288018433179723,0.0008986175115207373,0.0025691244239631336,0.005841013824884792,0.008997695852534562,0.02282258064516129,0.024354838709677418,0.04903225806451613,0.0569815668202765,0.030933179723502305,0.05655529953917051,0.03302995391705069,0.06580645161290323,0.0401036866359447,0.10131336405529955,0.08035714285714286,0.07914746543778801,0.06117511520737327,0.04920506912442396,0.04997695852534562,0.04269585253456221,0.02432027649769585,0.01586405529953917,0.030610599078341013,0.020034562211981567,0.02195852534562212,0.0070737327188940095,0.002488479262672811,0.00012672811059907834,0.00033410138248847926,0.000967741935483871,1.152073732718894e-05,0.0,0.0,0.0,0.0,0.0,0.0,0.0,0.0,0.0,0.0,0.0,0.0,0.0,0.0,0.0,0.0,0.0,0.0,0.0,0.0,0.0,0.0,0.0,0.0,0.0,0.0,0.0,0.0,0.0,0.0,0.0,0.0,0.0,0.0,0.0,0.0,0.0,0.0,0.0,0.0,0.0,0.0,0.0,nan,nan,4.321930140439323,2.9537421840116815,nan,0.9212509824675332,0.022784571643636394,0.0,0.0,0.0,0.0,0.0,0.0,0.0,0.0,0.0,0.0,0.0,0.0,0.0,0.0,0.0,0.0,0.0,0.0,0.0,0.0,0.0,0.0,0.0,0.0,0.0,0.2827648114901257,5.130161579892281,15.4443447037702,8.482944344703771,0.6597845601436266,0.9203384531887643,0.023444524402022673,0.0,0.0,0.0,0.0,0.0,0.0,0.0,0.0,0.0,0.0,0.0,0.0,0.0,0.0,0.0,0.0,0.0,0.0,0.0,0.0,0.0,0.0,0.0,0.0,0.0,0.4119318181818183,5.113636363636364,15.66761363636364,8.09659090909091,0.7102272727272728,0.4023,0.0117,0.0,0.0,0.0,0.0,0.0,0.0,0.0,0.0,0.0,0.0,0.04039497307001796,12.333931777378798,17.544883303411133,0.08078994614003591,0.0,0.0,0.0,0.0,0.0,0.0,0.0,0.0,0.0,0.0,0.0,0.0,0.0,0.0,0.0,0.0,0.4019,0.01156,0.0,0.0,0.0,0.0,0.0,0.0,0.0,0.0,0.0,0.0,0.0,13.224431818181799,16.590909090909093,0.18465909090909097,0.0,0.0,0.0,0.0,0.0,0.0,0.0,0.0,0.0,0.0,0.0,0.0,0.0,0.0,0.0,0.0
68900,4282,2187,0.5107426436244745,1014,890,0.44465203176085943,1203,0.561886968706212,0.422,3.024343675417661,3.135885030933575,6.624787775891341,2.141861089752611,9406.825305410393,1520.8004248517798,7853.0,10918.846897482872,10895.286217543351,7.093696829933066,7853.0,0.0,27.60205511443251,20.837822102276803,32.55044593088071,19.144276117181004,0.14082204577300328,0.10485754320411023,0.09458197104156936,0.08547407753386269,0.08080336291452592,0.07893507706679122,0.06515646893974777,0.062354040168145726,0.060252218589444184,0.04834189631013545,0.045305931807566556,0.04507239607659972,0.030593180756655767,0.020551144325081736,0.015880429705744978,0.012610929472209247,0.008407286314806165,0.9201999830481383,0.022963973993168327,0.0,0.0,0.0,0.0,0.0,0.0,0.0,0.0,0.0,0.0,0.0,0.0,0.0,0.0,0.0,0.0,0.0,0.0,0.0,0.0,0.0,0.0,0.0,0.0,0.007006071929005139,0.3222793087342364,5.177487155534798,16.036898645492762,7.790751985053715,0.6655768332554882,4.336872940314903,2.924666051090772,nan,nan,nan,4.318047337278107,2.935353728693031,4.355329949238579,2.914031509944978,1.0086341369254124,0.4023,0.011505,0.0,0.0,0.0,0.0,0.0,0.0,0.0,0.0,0.0,0.0,0.049042503503035975,12.561886968706194,17.269967304997667,0.11910322279308737,0.0,0.0,0.0,0.0,0.0,0.0,0.0,0.0,0.0,0.0,0.0,0.0,0.0,0.0,0.0,0.0,nan,nan,4.336872940314903,2.924666051090772,nan,0.4023,0.05573,0.0,0.0,0.0,0.0,0.0,0.0,0.0,0.0,0.0,0.0,0.0,0.0,0.0,0.0,0.0,0.0,0.0,0.0,0.0,0.0,1.1676786548341896e-05,0.0017048108360579169,0.0,0.0003035964502568893,0.005254553946753854,0.002253619803829986,0.00474077533862681,0.000782344698738907,0.002942550210182158,0.006784212984586642,0.007986921999065857,0.022758056982718357,0.025175151798225128,0.04808500700607193,0.0574147594581971,0.031025221858944418,0.05676085941148996,0.03151564689397478,0.06785380663241476,0.040179822512844465,0.10315273236805231,0.07893507706679122,0.07788416627744045,0.058290518449322745,0.04771134983652499,0.04673049976646427,0.04521251751517982,0.02635450723960766,0.016756188696870622,0.029880896777206914,0.020597851471275106,0.02194068192433442,0.007473143390938813,0.0038533395609528258,0.0002452125175151798,0.00045539467538533395,0.0009925268566090611,0.0,0.0,0.0,0.0,0.0,0.0,0.0,0.0,0.0,0.0,0.0,0.0,0.0,0.0,0.0,0.0,0.0,0.0,0.0,0.0,0.0,0.0,0.0,0.0,0.0,0.0,0.0,0.0,0.0,0.0,0.0,0.0,0.0,0.0,0.0,0.0,0.0,0.0,0.0,0.0,0.0,0.0,0.0,0.0,nan,nan,4.336872940314903,2.924666051090772,nan,0.9200450932810609,0.02294728253578951,0.0,0.0,0.0,0.0,0.0,0.0,0.0,0.0,0.0,0.0,0.0,0.0,0.0,0.0,0.0,0.0,0.0,0.0,0.0,0.0,0.0,0.0,0.0,0.0,0.013717421124828535,0.32921810699588483,4.993141289437586,16.447187928669415,7.517146776406038,0.6995884773662553,0.9203616746570159,0.022980271784315543,0.0,0.0,0.0,0.0,0.0,0.0,0.0,0.0,0.0,0.0,0.0,0.0,0.0,0.0,0.0,0.0,0.0,0.0,0.0,0.0,0.0,0.0,0.0,0.0,0.0,0.3150357995226731,5.369928400954655,15.60859188544153,8.076372315035801,0.6300715990453462,0.4023,0.01151,0.0,0.0,0.0,0.0,0.0,0.0,0.0,0.0,0.0,0.0,0.05486968449931414,12.482853223593946,17.352537722908096,0.10973936899862828,0.0,0.0,0.0,0.0,0.0,0.0,0.0,0.0,0.0,0.0,0.0,0.0,0.0,0.0,0.0,0.0,0.4026,0.0115,0.0,0.0,0.0,0.0,0.0,0.0,0.0,0.0,0.0,0.0,0.042959427207637235,12.64439140811454,17.183770883054898,0.12887828162291173,0.0,0.0,0.0,0.0,0.0,0.0,0.0,0.0,0.0,0.0,0.0,0.0,0.0,0.0,0.0,0.0
69000,4298,2194,0.5104699860400186,1044,920,0.45695672405770127,1248,0.5807352256863657,0.422,3.077471482889734,3.1574924585203097,6.8254237288135595,2.1293026805035624,9405.846014103983,1520.6712954051768,7853.0,10923.339466929436,10894.99278423834,7.0764335930866045,7853.0,0.0,27.912052117263844,20.95712765523963,32.96830692243536,19.168265543463235,0.14215914378780828,0.10097719869706841,0.08445788738948348,0.09120521172638436,0.07840856212191717,0.07677989762680316,0.07235923685435086,0.06840390879478828,0.057468590041879944,0.051186598417868774,0.044206607724523034,0.03396928804094928,0.03466728711028385,0.02536063285248953,0.0172173103769195,0.011633317822242903,0.00953932061423918,0.9187873097950495,0.02260188780892741,0.0,0.0,0.0,0.0,0.0,0.0,0.0,0.0,0.0,0.0,0.0,0.0,0.0,0.0,0.0,0.0,0.0,0.0,0.0,0.0,0.0,0.0,0.0,0.0,0.006979990693345744,0.3420195439739414,5.77245230339693,16.033038622615173,7.3429502093997225,0.5025593299208936,4.285358033487709,2.9107633028211612,nan,nan,nan,4.260653409090909,2.8860140065120667,4.3102215868477485,2.9352512098593464,1.011633938036611,0.402,0.011475,0.0,0.0,0.0,0.0,0.0,0.0,0.0,0.0,0.0,0.0,0.027919962773382975,12.940902745462987,16.968357375523503,0.0628199162401117,0.0,0.0,0.0,0.0,0.0,0.0,0.0,0.0,0.0,0.0,0.0,0.0,0.0,0.0,0.0,0.0,nan,nan,4.285358033487709,2.9107633028211612,nan,0.402,0.05566,0.0,0.0,0.0,0.0,0.0,0.0,0.0,0.0,0.0,0.0,0.0,0.0,0.0,0.0,0.0,0.0,0.0,0.0,0.0,0.0,0.0,0.0027221963704048393,2.326663564448581e-05,0.00023266635644485808,0.004653327128897162,0.0021986970684039087,0.004455560725919032,0.0011051651931130758,0.002536063285248953,0.005839925546765937,0.006677524429967427,0.02316193578408562,0.024778966961377383,0.050151233131689156,0.05930665425779432,0.032922289436947416,0.05728245695672406,0.030211726384364822,0.06867147510469986,0.04034434620753839,0.10388552815262914,0.07594229874360167,0.0806421591437878,0.05917868776174965,0.044765006979990696,0.04695207073057236,0.04535830618892508,0.025465332712889716,0.01854350860865519,0.027629129827826896,0.01855514192647743,0.02219637040483946,0.006700791065611913,0.005351326198231736,0.00015123313168915775,0.00038389948813401584,0.0010237319683573756,0.0,0.0,0.0,0.0,0.0,0.0,0.0,0.0,0.0,0.0,0.0,0.0,0.0,0.0,0.0,0.0,0.0,0.0,0.0,0.0,0.0,0.0,0.0,0.0,0.0,0.0,0.0,0.0,0.0,0.0,0.0,0.0,0.0,0.0,0.0,0.0,0.0,0.0,0.0,0.0,0.0,0.0,0.0,0.0,nan,nan,4.285358033487709,2.9107633028211612,nan,0.9191304708244372,0.02282385242301326,0.0,0.0,0.0,0.0,0.0,0.0,0.0,0.0,0.0,0.0,0.0,0.0,0.0,0.0,0.0,0.0,0.0,0.0,0.0,0.0,0.0,0.0,0.0,0.0,0.0,0.41020966271649967,5.5651777575205115,15.861440291704652,7.670920692798543,0.49225159525979956,0.9184294698242905,0.02236247473778311,0.0,0.0,0.0,0.0,0.0,0.0,0.0,0.0,0.0,0.0,0.0,0.0,0.0,0.0,0.0,0.0,0.0,0.0,0.0,0.0,0.0,0.0,0.0,0.0,0.014258555133079852,0.2709125475285172,5.988593155893538,16.211977186311792,7.000950570342207,0.5133079847908746,0.402,0.0116,0.0,0.0,0.0,0.0,0.0,0.0,0.0,0.0,0.0,0.0,0.04102096627164996,12.784867821330884,17.1330902461258,0.04102096627164996,0.0,0.0,0.0,0.0,0.0,0.0,0.0,0.0,0.0,0.0,0.0,0.0,0.0,0.0,0.0,0.0,0.4019,0.01135,0.0,0.0,0.0,0.0,0.0,0.0,0.0,0.0,0.0,0.0,0.014258555133079852,13.103612167300362,16.796577946768064,0.0855513307984791,0.0,0.0,0.0,0.0,0.0,0.0,0.0,0.0,0.0,0.0,0.0,0.0,0.0,0.0,0.0,0.0
69100,4265,2194,0.5144196951934349,1052,879,0.45275498241500584,1216,0.5702227432590856,0.40599999999999997,2.961371318203766,3.089905818139391,6.52436974789916,2.1655812729706345,9417.94314950045,1520.452194970397,7853.0,10919.71567928791,10895.152476125531,7.144926198535442,7853.0,0.0,28.13364595545135,20.959514493078203,33.28812131423757,19.093382510584043,0.14279015240328252,0.09941383352872216,0.08698710433763189,0.07831184056271981,0.08722157092614302,0.07291910902696366,0.07221570926143024,0.061664712778429075,0.06354044548651817,0.0548651817116061,0.044783118405627195,0.03587338804220398,0.037045720984759674,0.025322391559202812,0.019460726846424383,0.011488862837045722,0.0060961313012895665,0.9194554199786706,0.02290679940845321,0.0,0.0,0.0,0.0,0.0,0.0,0.0,0.0,0.0,0.0,0.0,0.0,0.0,0.0,0.0,0.0,0.0,0.0,0.0,0.0,0.0,0.0,0.0,0.0,0.0,0.30949589683470113,5.817116060961315,15.75615474794842,7.561547479484175,0.5556858147713952,4.258215962441315,2.849820886507916,nan,nan,nan,4.266761768901569,2.8478075630459667,4.248901903367496,2.8528290334398543,0.9958141873154849,0.4019,0.011406,0.0,0.0,0.0,0.0,0.0,0.0,0.0,0.0,0.0,0.0,0.03516998827667058,12.801875732708071,17.092614302461904,0.07033997655334116,0.0,0.0,0.0,0.0,0.0,0.0,0.0,0.0,0.0,0.0,0.0,0.0,0.0,0.0,0.0,0.0,nan,nan,4.258215962441315,2.849820886507916,nan,0.4019,0.0553,0.0,0.0,0.0,0.0,0.0,0.0,0.0,0.0,0.0,0.0,0.0,0.0,0.0,0.0,0.0,0.0,0.0,0.0,0.0,0.0,0.0,0.002227432590855803,0.00019929660023446658,0.000668229777256741,0.004689331770222743,0.0016178194607268464,0.005509964830011723,0.0009495896834701055,0.0020398593200468933,0.004677608440797187,0.00634232121922626,0.021770222743259085,0.026740914419695193,0.049906213364595546,0.05831184056271981,0.034759671746776084,0.0571746776084408,0.03138335287221571,0.07038686987104338,0.03930832356389215,0.1031770222743259,0.07654161781946073,0.08012895662368112,0.06082063305978898,0.044138335287221574,0.04712778429073857,0.04416178194607268,0.02579132473622509,0.019378663540445488,0.028440797186400937,0.018558030480656507,0.020140679953106682,0.006588511137162955,0.00488862837045721,4.6893317702227434e-05,0.0005509964830011724,0.0008440797186400938,1.1723329425556858e-05,0.0,0.0,0.0,0.0,0.0,0.0,0.0,0.0,0.0,0.0,0.0,0.0,0.0,0.0,0.0,0.0,0.0,0.0,0.0,0.0,0.0,0.0,0.0,0.0,0.0,0.0,0.0,0.0,0.0,0.0,0.0,0.0,0.0,0.0,0.0,0.0,0.0,0.0,0.0,0.0,0.0,0.0,0.0,nan,nan,4.258215962441315,2.849820886507916,nan,0.9199782679215712,0.023272730721106336,0.0,0.0,0.0,0.0,0.0,0.0,0.0,0.0,0.0,0.0,0.0,0.0,0.0,0.0,0.0,0.0,0.0,0.0,0.0,0.0,0.0,0.0,0.0,0.0,0.0,0.39653600729261634,5.701914311759345,15.341841385597085,7.9990884229717425,0.5606198723792162,0.9189015192607933,0.022499397328350008,0.0,0.0,0.0,0.0,0.0,0.0,0.0,0.0,0.0,0.0,0.0,0.0,0.0,0.0,0.0,0.0,0.0,0.0,0.0,0.0,0.0,0.0,0.0,0.0,0.0,0.21728633510381465,5.9391598261709335,16.195074843070984,7.098020280057945,0.5504587155963304,0.4019,0.01128,0.0,0.0,0.0,0.0,0.0,0.0,0.0,0.0,0.0,0.0,0.02734731084776664,12.689152233363702,17.228805834092984,0.05469462169553328,0.0,0.0,0.0,0.0,0.0,0.0,0.0,0.0,0.0,0.0,0.0,0.0,0.0,0.0,0.0,0.0,0.4019,0.011536,0.0,0.0,0.0,0.0,0.0,0.0,0.0,0.0,0.0,0.0,0.04345726702076292,12.921294060840154,16.94833413809754,0.08691453404152584,0.0,0.0,0.0,0.0,0.0,0.0,0.0,0.0,0.0,0.0,0.0,0.0,0.0,0.0,0.0,0.0
69200,3972,2049,0.5158610271903323,897,791,0.42497482376636453,1096,0.5518630412890232,0.434,2.99479979199168,3.1004963283348097,6.5,2.2038926600773587,9422.46791390872,1520.4546972179621,7853.0,10921.372523128986,10895.42389167664,7.008772480923466,7853.0,0.0,28.007049345417926,21.324459634549257,33.026434364674074,19.654462327649117,0.13922457200402819,0.1052366565961732,0.09919436052366566,0.08761329305135952,0.07804632426988922,0.0702416918429003,0.0634441087613293,0.05866062437059416,0.06168177240684793,0.04833836858006042,0.041289023162134945,0.044310171198388724,0.038016112789526685,0.02416918429003021,0.020896273917421954,0.011329305135951661,0.008308157099697885,0.9200965314203159,0.022712986723289606,0.0,0.0,0.0,0.0,0.0,0.0,0.0,0.0,0.0,0.0,0.0,0.0,0.0,0.0,0.0,0.0,0.0,0.0,0.0,0.0,0.0,0.0,0.0,0.0,0.0,0.27190332326283995,5.203927492447131,16.14803625377644,7.73413897280967,0.6419939577039276,4.353434504792332,2.826040653646337,nan,nan,nan,4.258346581875994,2.8085489185226487,4.449438202247191,2.8403641005528018,1.0448746048958308,0.4023,0.011185,0.0,0.0,0.0,0.0,0.0,0.0,0.0,0.0,0.0,0.0,0.03776435045317221,12.409365558912368,17.484894259818734,0.06797583081570999,0.0,0.0,0.0,0.0,0.0,0.0,0.0,0.0,0.0,0.0,0.0,0.0,0.0,0.0,0.0,0.0,nan,nan,4.353434504792332,2.826040653646337,nan,0.4023,0.05508,0.0,0.0,0.0,0.0,0.0,0.0,0.0,0.0,0.0,0.0,0.0,0.0,0.0,0.0,0.0,0.0,0.0,0.0,0.0,0.0,0.0,0.0015735146022155086,0.00026435045317220544,0.0004028197381671702,0.005211480362537765,0.001107754279959718,0.0057527693856998996,0.0009818731117824774,0.0017371601208459216,0.004418429003021148,0.0064954682779456195,0.020720040281973818,0.02372860020140987,0.05094410876132931,0.058585095669687816,0.03710976837865056,0.055362537764350454,0.03189828801611279,0.06905840886203424,0.03932527693856999,0.10818227593152065,0.07420694864048338,0.0776686807653575,0.063960221550856,0.04412134944612286,0.04520392749244713,0.04502769385699899,0.02542799597180262,0.02100956696878147,0.02828549848942598,0.018353474320241692,0.020203927492447128,0.006243705941591138,0.005438066465256798,0.0001636455186304129,0.0008811681772406848,0.0009063444108761329,2.5176233635448137e-05,1.2588116817724068e-05,0.0,0.0,0.0,0.0,0.0,0.0,0.0,0.0,0.0,0.0,0.0,0.0,0.0,0.0,0.0,0.0,0.0,0.0,0.0,0.0,0.0,0.0,0.0,0.0,0.0,0.0,0.0,0.0,0.0,0.0,0.0,0.0,0.0,0.0,0.0,0.0,0.0,0.0,0.0,0.0,0.0,0.0,nan,nan,4.353434504792332,2.826040653646337,nan,0.9204461490776319,0.02251535376358009,0.0,0.0,0.0,0.0,0.0,0.0,0.0,0.0,0.0,0.0,0.0,0.0,0.0,0.0,0.0,0.0,0.0,0.0,0.0,0.0,0.0,0.0,0.0,0.0,0.0,0.26354319180087854,5.051244509516838,16.193265007320647,7.847730600292827,0.6442166910688142,0.9197240058977779,0.022915825124278075,0.0,0.0,0.0,0.0,0.0,0.0,0.0,0.0,0.0,0.0,0.0,0.0,0.0,0.0,0.0,0.0,0.0,0.0,0.0,0.0,0.0,0.0,0.0,0.0,0.0,0.280811232449298,5.366614664586584,16.099843993759755,7.613104524180969,0.639625585023401,0.4023,0.011246,0.0,0.0,0.0,0.0,0.0,0.0,0.0,0.0,0.0,0.0,0.058565153733528566,12.298682284040979,17.613469985358716,0.029282576866764283,0.0,0.0,0.0,0.0,0.0,0.0,0.0,0.0,0.0,0.0,0.0,0.0,0.0,0.0,0.0,0.0,0.4023,0.01112,0.0,0.0,0.0,0.0,0.0,0.0,0.0,0.0,0.0,0.0,0.015600624024961002,12.527301092043663,17.347893915756632,0.10920436817472702,0.0,0.0,0.0,0.0,0.0,0.0,0.0,0.0,0.0,0.0,0.0,0.0,0.0,0.0,0.0,0.0
69300,4109,2164,0.5266488196641519,1011,803,0.4414699440253103,1129,0.5495254319785836,0.422,2.996401028277635,3.122929118022744,6.50261780104712,2.2165670331366436,9455.329038834072,1519.0965895772513,7853.0,10918.364444553852,10895.500009505178,7.117749774382883,7853.0,0.0,28.34679970795814,21.066437630865295,33.21892125757139,19.324553626857007,0.13385251886103675,0.10075444146994403,0.09126308104161597,0.0919931856899489,0.08006814310051108,0.07228036018495984,0.06643952299829642,0.06132879045996593,0.05719153078607934,0.05913847651496715,0.0464833292771964,0.04161596495497688,0.028230713068873207,0.030421027013871987,0.020199561937211,0.01192504258943782,0.0068143100511073255,0.9207020456206627,0.022964760515021637,0.0,0.0,0.0,0.0,0.0,0.0,0.0,0.0,0.0,0.0,0.0,0.0,0.0,0.0,0.0,0.0,0.0,0.0,0.0,0.0,0.0,0.0,0.0,0.0,0.0,0.26283767339985403,5.176441956680458,15.821367729374547,8.074957410562183,0.6643952299829643,4.266816986095453,2.9486753272607817,nan,nan,nan,4.3087452471482885,2.9821585350643045,4.223048327137547,2.914275274082593,0.9801109336720569,0.4028,0.0114,0.0,0.0,0.0,0.0,0.0,0.0,0.0,0.0,0.0,0.0,0.014602092966658558,12.316865417376473,17.544414699440257,0.12411779021659775,0.0,0.0,0.0,0.0,0.0,0.0,0.0,0.0,0.0,0.0,0.0,0.0,0.0,0.0,0.0,0.0,nan,nan,4.266816986095453,2.9486753272607817,nan,0.4028,0.05533,0.0,0.0,0.0,0.0,0.0,0.0,0.0,0.0,0.0,0.0,0.0,0.0,0.0,0.0,0.0,0.0,0.0,0.0,0.0,0.0,0.0,0.001837430031637868,0.0003285470917498175,0.000474568021416403,0.005086395716719396,0.0012411779021659771,0.004684838160136286,0.0008396203455828669,0.0012898515453881724,0.004636164516914091,0.006741299586274033,0.02183012898515454,0.022365539060598686,0.051740082745193476,0.06046483329277196,0.03797761012411779,0.051971282550498904,0.03259917254806522,0.06629350206862984,0.038403504502311996,0.11030664395229983,0.07629593575079095,0.07876612314431736,0.05950352883913361,0.04338038452178145,0.04458505719153079,0.045814066682891216,0.025310294475541496,0.022073497201265516,0.028011681674373328,0.02071063519104405,0.019858846434655634,0.006716962764662935,0.005816500365052324,0.0002555366269165247,0.0009004623996106109,0.0008639571671939645,2.433682161109759e-05,0.0,0.0,0.0,0.0,0.0,0.0,0.0,0.0,0.0,0.0,0.0,0.0,0.0,0.0,0.0,0.0,0.0,0.0,0.0,0.0,0.0,0.0,0.0,0.0,0.0,0.0,0.0,0.0,0.0,0.0,0.0,0.0,0.0,0.0,0.0,0.0,0.0,0.0,0.0,0.0,0.0,0.0,0.0,nan,nan,4.266816986095453,2.9486753272607817,nan,0.9205362417230765,0.022938877540077986,0.0,0.0,0.0,0.0,0.0,0.0,0.0,0.0,0.0,0.0,0.0,0.0,0.0,0.0,0.0,0.0,0.0,0.0,0.0,0.0,0.0,0.0,0.0,0.0,0.0,0.23567467652495383,5.1987060998151575,16.012014787430687,7.957486136783736,0.5961182994454715,0.9208865184403937,0.022992118432926124,0.0,0.0,0.0,0.0,0.0,0.0,0.0,0.0,0.0,0.0,0.0,0.0,0.0,0.0,0.0,0.0,0.0,0.0,0.0,0.0,0.0,0.0,0.0,0.0,0.0,0.29305912596401035,5.151670951156813,15.609254498714657,8.20565552699229,0.7403598971722366,0.4026,0.011604,0.0,0.0,0.0,0.0,0.0,0.0,0.0,0.0,0.0,0.0,0.013863216266173756,12.435304990757837,17.412199630314237,0.13863216266173756,0.0,0.0,0.0,0.0,0.0,0.0,0.0,0.0,0.0,0.0,0.0,0.0,0.0,0.0,0.0,0.0,0.4028,0.011154,0.0,0.0,0.0,0.0,0.0,0.0,0.0,0.0,0.0,0.0,0.015424164524421597,12.185089974293042,17.69151670951157,0.10796915167095118,0.0,0.0,0.0,0.0,0.0,0.0,0.0,0.0,0.0,0.0,0.0,0.0,0.0,0.0,0.0,0.0
69400,4003,2123,0.5303522358231326,985,806,0.447414439170622,1120,0.559580314763927,0.426,3.0648936170212764,3.080833247568093,6.477148080438757,2.1929187811297526,9466.710613246534,1518.5602630495457,7853.0,10917.95077431202,10895.71483034662,7.00185096263943,7853.0,0.0,28.740444666500125,20.932181284856977,33.41749853200235,19.175965434591483,0.12915313514863852,0.09592805395953036,0.09442917811641269,0.08443667249562828,0.0754434174369223,0.07819135648263802,0.0751936047964027,0.062453160129902575,0.055208593554833874,0.05620784411691231,0.05071196602548089,0.04596552585560829,0.03672245815638271,0.024231826130402197,0.01673744691481389,0.010741943542343242,0.00824381713714714,0.9208891728714708,0.022796696658575682,0.0,0.0,0.0,0.0,0.0,0.0,0.0,0.0,0.0,0.0,0.0,0.0,0.0,0.0,0.0,0.0,0.0,0.0,0.0,0.0,0.0,0.0,0.0,0.0,0.0,0.3072695478391207,5.073694728953286,15.760679490382216,8.153884586560082,0.7044716462653011,4.186692015209125,2.8878488198460204,nan,nan,nan,4.235515425131678,2.890174797936776,4.136817832436587,2.884617746477791,0.9766976193477037,0.4033,0.01126,0.0,0.0,0.0,0.0,0.0,0.0,0.0,0.0,0.0,0.0,0.007494379215588311,11.57881588808392,18.323757182113418,0.08993255058705972,0.0,0.0,0.0,0.0,0.0,0.0,0.0,0.0,0.0,0.0,0.0,0.0,0.0,0.0,0.0,0.0,nan,nan,4.186692015209125,2.8878488198460204,nan,0.4033,0.0558,0.0,0.0,0.0,0.0,0.0,0.0,0.0,0.0,0.0,0.0,0.0,0.0,0.0,0.0,0.0,0.0,0.0,0.0,0.0,0.0,0.0,0.00169872595553335,0.00028728453659755183,0.0004496627529352985,0.005296027979015738,0.001386460154883837,0.003997002248313765,0.0004871346490132401,0.001161628778416188,0.005308518611041719,0.0060829377966525105,0.02257057207094679,0.023394953784661505,0.05348488633524856,0.06020484636522608,0.037084686485136145,0.04986260304771421,0.03265051211591306,0.065388458656008,0.03529852610542093,0.1103172620534599,0.07674244316762428,0.07980264801398951,0.05811891081688733,0.04309268048963277,0.044479140644516614,0.0457656757431926,0.025880589557831627,0.023382463152635525,0.027579315513364976,0.020497127154634025,0.021783662253310018,0.007794154384211841,0.006769922558081439,0.00016237821633774668,0.0008868348738446165,0.0007619285535848114,8.74344241818636e-05,0.0,0.0,0.0,0.0,0.0,0.0,0.0,0.0,0.0,0.0,0.0,0.0,0.0,0.0,0.0,0.0,0.0,0.0,0.0,0.0,0.0,0.0,0.0,0.0,0.0,0.0,0.0,0.0,0.0,0.0,0.0,0.0,0.0,0.0,0.0,0.0,0.0,0.0,0.0,0.0,0.0,0.0,0.0,nan,nan,4.186692015209125,2.8878488198460204,nan,0.9204212539441957,0.022704092979723346,0.0,0.0,0.0,0.0,0.0,0.0,0.0,0.0,0.0,0.0,0.0,0.0,0.0,0.0,0.0,0.0,0.0,0.0,0.0,0.0,0.0,0.0,0.0,0.0,0.0,0.32501177578897794,5.28497409326425,15.798398492699015,7.98398492699011,0.6076307112576543,0.9214175728090266,0.022889322548993604,0.0,0.0,0.0,0.0,0.0,0.0,0.0,0.0,0.0,0.0,0.0,0.0,0.0,0.0,0.0,0.0,0.0,0.0,0.0,0.0,0.0,0.0,0.0,0.0,0.0,0.28723404255319157,4.835106382978724,15.718085106382983,8.345744680851066,0.8138297872340426,0.4036,0.01126,0.0,0.0,0.0,0.0,0.0,0.0,0.0,0.0,0.0,0.0,0.014130946773433824,11.234102684879872,18.62458784738578,0.1271785209609044,0.0,0.0,0.0,0.0,0.0,0.0,0.0,0.0,0.0,0.0,0.0,0.0,0.0,0.0,0.0,0.0,0.403,0.01125,0.0,0.0,0.0,0.0,0.0,0.0,0.0,0.0,0.0,0.0,0.0,11.968085106382961,17.984042553191493,0.04787234042553192,0.0,0.0,0.0,0.0,0.0,0.0,0.0,0.0,0.0,0.0,0.0,0.0,0.0,0.0,0.0,0.0
69500,4060,2124,0.5231527093596059,986,844,0.45073891625615764,1145,0.5640394088669951,0.422,2.9452479338842976,3.0718157168086955,6.5403377110694185,2.126568613945045,9444.784706546388,1519.7151653865392,7853.0,10922.30713224411,10895.676981439894,7.056488821813435,7853.0,0.0,27.81822660098522,20.85209379353229,32.58389261744966,19.205723836719873,0.1352216748768473,0.1022167487684729,0.09630541871921182,0.09113300492610837,0.08251231527093596,0.06576354679802955,0.06945812807881774,0.06748768472906404,0.06354679802955665,0.05246305418719212,0.04458128078817734,0.03596059113300493,0.02980295566502463,0.026108374384236452,0.01847290640394089,0.010098522167487686,0.008866995073891626,0.9205431857279369,0.02296074554210039,0.0,0.0,0.0,0.0,0.0,0.0,0.0,0.0,0.0,0.0,0.0,0.0,0.0,0.0,0.0,0.0,0.0,0.0,0.0,0.0,0.0,0.0,0.0,0.0,0.0,0.2586206896551725,5.386699507389164,15.583743842364536,8.046798029556651,0.7241379310344829,4.174129353233831,2.8717830398361883,nan,nan,nan,4.153846153846154,2.8909980668421777,4.194211728865194,2.8524886595810277,1.0097176384305095,0.4028,0.01134,0.0,0.0,0.0,0.0,0.0,0.0,0.0,0.0,0.0,0.0,0.014778325123152712,12.088669950738899,17.8448275862069,0.051724137931034496,0.0,0.0,0.0,0.0,0.0,0.0,0.0,0.0,0.0,0.0,0.0,0.0,0.0,0.0,0.0,0.0,nan,nan,4.174129353233831,2.8717830398361883,nan,0.4028,0.0562,0.0,0.0,0.0,0.0,0.0,0.0,0.0,0.0,0.0,0.0,0.0,0.0,0.0,0.0,0.0,0.0,0.0,0.0,0.0,0.0,0.0,0.0012561576354679803,0.00014778325123152708,0.0004926108374384236,0.005948275862068965,0.0013300492610837438,0.0040024630541871924,0.0008251231527093596,0.0004926108374384236,0.005714285714285714,0.006921182266009852,0.024482758620689656,0.02416256157635468,0.05445812807881773,0.05913793103448276,0.03830049261083744,0.048891625615763545,0.036071428571428574,0.06618226600985222,0.03264778325123153,0.11067733990147784,0.0767487684729064,0.07912561576354679,0.05455665024630542,0.041933497536945814,0.043633004926108374,0.04543103448275862,0.025320197044334976,0.02247536945812808,0.02773399014778325,0.021514778325123152,0.020886699507389164,0.008411330049261083,0.008485221674876847,0.00018472906403940888,0.0006650246305418719,0.0006403940886699507,0.00011083743842364533,0.0,0.0,0.0,0.0,0.0,0.0,0.0,0.0,0.0,0.0,0.0,0.0,0.0,0.0,0.0,0.0,0.0,0.0,0.0,0.0,0.0,0.0,0.0,0.0,0.0,0.0,0.0,0.0,0.0,0.0,0.0,0.0,0.0,0.0,0.0,0.0,0.0,0.0,0.0,0.0,0.0,0.0,0.0,nan,nan,4.174129353233831,2.8717830398361883,nan,0.9208582963815517,0.02297984620092912,0.0,0.0,0.0,0.0,0.0,0.0,0.0,0.0,0.0,0.0,0.0,0.0,0.0,0.0,0.0,0.0,0.0,0.0,0.0,0.0,0.0,0.0,0.0,0.0,0.0,0.19774011299435035,5.155367231638419,15.903954802259891,7.824858757062149,0.918079096045198,0.9201974754860579,0.022934791832096194,0.0,0.0,0.0,0.0,0.0,0.0,0.0,0.0,0.0,0.0,0.0,0.0,0.0,0.0,0.0,0.0,0.0,0.0,0.0,0.0,0.0,0.0,0.0,0.0,0.0,0.3254132231404959,5.640495867768596,15.23243801652893,8.29028925619835,0.5113636363636365,0.4028,0.01142,0.0,0.0,0.0,0.0,0.0,0.0,0.0,0.0,0.0,0.0,0.0,12.005649717514107,17.937853107344637,0.05649717514124295,0.0,0.0,0.0,0.0,0.0,0.0,0.0,0.0,0.0,0.0,0.0,0.0,0.0,0.0,0.0,0.0,0.4028,0.01124,0.0,0.0,0.0,0.0,0.0,0.0,0.0,0.0,0.0,0.0,0.03099173553719009,12.179752066115686,17.742768595041326,0.04648760330578513,0.0,0.0,0.0,0.0,0.0,0.0,0.0,0.0,0.0,0.0,0.0,0.0,0.0,0.0,0.0,0.0
69600,4296,2220,0.5167597765363129,1047,893,0.4515828677839851,1227,0.5712290502793296,0.40199999999999997,2.9759152215799616,3.0764814061722525,6.504215851602024,2.2115134343030474,9425.251490531396,1520.4132283822194,7853.0,10918.947182178497,10895.51910059589,7.085509226057154,7853.0,0.0,27.825651769087525,20.780053358737,32.835605006954104,19.0145383405891,0.13919925512104284,0.09986033519553073,0.0931098696461825,0.08705772811918064,0.0840316573556797,0.07262569832402235,0.07029795158286778,0.06471135940409684,0.06191806331471136,0.04562383612662942,0.04958100558659218,0.03677839851024209,0.03398510242085661,0.026303538175046555,0.018156424581005588,0.011638733705772812,0.005121042830540037,0.9204480446583732,0.02286258361816002,0.0,0.0,0.0,0.0,0.0,0.0,0.0,0.0,0.0,0.0,0.0,0.0,0.0,0.0,0.0,0.0,0.0,0.0,0.0,0.0,0.0,0.0,0.0,0.0,0.0,0.3002793296089386,5.167597765363129,15.92178770949721,7.932960893854751,0.6773743016759778,4.254591285559957,2.9008960135361725,nan,nan,nan,4.209051724137931,2.9314689185309675,4.300361010830325,2.869112218757364,1.0216935530083313,0.4033,0.01149,0.0,0.0,0.0,0.0,0.0,0.0,0.0,0.0,0.0,0.0,0.0069832402234636885,11.56424581005585,18.337988826815646,0.09078212290502796,0.0,0.0,0.0,0.0,0.0,0.0,0.0,0.0,0.0,0.0,0.0,0.0,0.0,0.0,0.0,0.0,nan,nan,4.254591285559957,2.9008960135361725,nan,0.4033,0.05612,0.0,0.0,0.0,0.0,0.0,0.0,0.0,0.0,0.0,0.0,0.0,0.0,0.0,0.0,0.0,0.0,0.0,0.0,0.0,0.0,0.0,0.0015595903165735569,5.819366852886406e-05,0.0006052141527001862,0.006424581005586592,0.0011289571694599626,0.0037476722532588454,0.000931098696461825,0.000430633147113594,0.004899906890130354,0.006738826815642458,0.02229981378026071,0.022800279329608937,0.05445763500931099,0.05655260707635009,0.03839618249534451,0.05185055865921788,0.038594040968342645,0.06422253258845438,0.03211126629422719,0.11493249534450652,0.07356843575418995,0.08253026070763501,0.05690176908752328,0.03956005586592179,0.04089851024208566,0.04476256983240223,0.02532588454376164,0.023102886405959033,0.028037709497206704,0.022590782122905027,0.020868249534450652,0.008356610800744879,0.009252793296089386,0.0002094972067039106,0.0004189944134078212,0.0008379888268156424,3.491620111731843e-05,0.0,0.0,0.0,0.0,0.0,0.0,0.0,0.0,0.0,0.0,0.0,0.0,0.0,0.0,0.0,0.0,0.0,0.0,0.0,0.0,0.0,0.0,0.0,0.0,0.0,0.0,0.0,0.0,0.0,0.0,0.0,0.0,0.0,0.0,0.0,0.0,0.0,0.0,0.0,0.0,0.0,0.0,0.0,nan,nan,4.254591285559957,2.9008960135361725,nan,0.9199599849479693,0.022883567073565154,0.0,0.0,0.0,0.0,0.0,0.0,0.0,0.0,0.0,0.0,0.0,0.0,0.0,0.0,0.0,0.0,0.0,0.0,0.0,0.0,0.0,0.0,0.0,0.0,0.0,0.27027027027027034,5.432432432432433,15.662162162162165,8.027027027027028,0.6081081081081082,0.920969958221522,0.0228285811017995,0.0,0.0,0.0,0.0,0.0,0.0,0.0,0.0,0.0,0.0,0.0,0.0,0.0,0.0,0.0,0.0,0.0,0.0,0.0,0.0,0.0,0.0,0.0,0.0,0.0,0.3323699421965318,4.884393063583816,16.199421965317924,7.832369942196533,0.7514450867052025,0.4033,0.01161,0.0,0.0,0.0,0.0,0.0,0.0,0.0,0.0,0.0,0.0,0.013513513513513516,11.67567567567566,18.21621621621622,0.09459459459459461,0.0,0.0,0.0,0.0,0.0,0.0,0.0,0.0,0.0,0.0,0.0,0.0,0.0,0.0,0.0,0.0,0.4033,0.01135,0.0,0.0,0.0,0.0,0.0,0.0,0.0,0.0,0.0,0.0,0.0,11.445086705202296,18.468208092485554,0.08670520231213874,0.0,0.0,0.0,0.0,0.0,0.0,0.0,0.0,0.0,0.0,0.0,0.0,0.0,0.0,0.0,0.0
69700,4297,2217,0.5159413544333256,1004,864,0.43472189899930186,1218,0.5669071445194321,0.418,3.010096153846154,3.061452959221106,6.372580645161291,2.1481176572298852,9422.828171213241,1520.5593412230025,7853.0,10917.582788586617,10895.648467164321,7.087685573246861,7853.0,0.0,28.575983244123808,21.300707499390377,33.61495844875346,19.510071213039836,0.13846869909239004,0.09797533162671632,0.09285548056783803,0.08447754247149174,0.07912497090993717,0.07121247381894345,0.06935070979753316,0.060507330695834305,0.05608564114498487,0.04840586455666744,0.05259483360484059,0.046078659529904586,0.03723528042820572,0.02746101931580172,0.01861764021410286,0.011636025133814289,0.007912497090993717,0.9207438675780781,0.022971180205903104,0.0,0.0,0.0,0.0,0.0,0.0,0.0,0.0,0.0,0.0,0.0,0.0,0.0,0.0,0.0,0.0,0.0,0.0,0.0,0.0,0.0,0.0,0.0,0.0,0.006981615080288575,0.1954852222480801,5.38980684198278,15.57598324412381,8.196416104258788,0.6353269723062603,4.304581245526127,2.8521050107151527,nan,nan,nan,4.252136752136752,2.8060201345578166,4.357553956834533,2.8969465050021297,1.0247915838183725,0.403,0.01156,0.0,0.0,0.0,0.0,0.0,0.0,0.0,0.0,0.0,0.0,0.0279264603211543,11.798929485687673,18.06143821270654,0.1117058412846172,0.0,0.0,0.0,0.0,0.0,0.0,0.0,0.0,0.0,0.0,0.0,0.0,0.0,0.0,0.0,0.0,nan,nan,4.304581245526127,2.8521050107151527,nan,0.403,0.05585,0.0,0.0,0.0,0.0,0.0,0.0,0.0,0.0,0.0,0.0,0.0,0.0,0.0,0.0,0.0,0.0,0.0,0.0,0.0,0.0,0.0,0.0012217826390505003,4.6544100535257155e-05,0.0005934372818245287,0.00572492436583663,0.0009076099604375145,0.004386781475447987,0.0010705143123109146,0.0005818012566907144,0.004852222480800559,0.007447056085641145,0.023039329764952293,0.021980451477775192,0.05499185478240633,0.05518966720968117,0.0395741214801024,0.05072143355829649,0.03958575750523621,0.06518501279962764,0.03347684430998371,0.11262508727018851,0.07355131487084011,0.08228996974633465,0.05808703746800093,0.04080754014428671,0.039760297882243424,0.04385617872934606,0.025750523621131022,0.02385385152431929,0.028252269024901095,0.020828484989527576,0.02113102164300675,0.007982313241796603,0.009297184081917617,4.6544100535257155e-05,0.00036071677914824296,0.0009425180358389574,0.0,0.0,0.0,0.0,0.0,0.0,0.0,0.0,0.0,0.0,0.0,0.0,0.0,0.0,0.0,0.0,0.0,0.0,0.0,0.0,0.0,0.0,0.0,0.0,0.0,0.0,0.0,0.0,0.0,0.0,0.0,0.0,0.0,0.0,0.0,0.0,0.0,0.0,0.0,0.0,0.0,0.0,0.0,0.0,nan,nan,4.304581245526127,2.8521050107151527,nan,0.9206601998856544,0.0228412243363953,0.0,0.0,0.0,0.0,0.0,0.0,0.0,0.0,0.0,0.0,0.0,0.0,0.0,0.0,0.0,0.0,0.0,0.0,0.0,0.0,0.0,0.0,0.0,0.0,0.013531799729364009,0.20297699594046012,5.317997293640055,15.751014884979705,8.10554803788904,0.6089309878213803,0.9208330460752432,0.023108557555750888,0.0,0.0,0.0,0.0,0.0,0.0,0.0,0.0,0.0,0.0,0.0,0.0,0.0,0.0,0.0,0.0,0.0,0.0,0.0,0.0,0.0,0.0,0.0,0.0,0.0,0.18750000000000006,5.466346153846155,15.38942307692308,8.293269230769232,0.6634615384615385,0.403,0.01144,0.0,0.0,0.0,0.0,0.0,0.0,0.0,0.0,0.0,0.0,0.013531799729364009,12.05683355886331,17.8213802435724,0.10825439783491207,0.0,0.0,0.0,0.0,0.0,0.0,0.0,0.0,0.0,0.0,0.0,0.0,0.0,0.0,0.0,0.0,0.403,0.01168,0.0,0.0,0.0,0.0,0.0,0.0,0.0,0.0,0.0,0.0,0.043269230769230775,11.524038461538444,18.317307692307697,0.11538461538461542,0.0,0.0,0.0,0.0,0.0,0.0,0.0,0.0,0.0,0.0,0.0,0.0,0.0,0.0,0.0,0.0
69800,4481,2277,0.5081455032358848,1057,919,0.44097299709886184,1286,0.5739790225396116,0.41,3.0058983666061705,3.110555424025104,6.555555555555555,2.1327214731029027,9399.14570073946,1521.1678616265692,7853.0,10920.488782823086,10895.722391310286,7.159575130413884,7853.0,0.0,27.984378486944877,20.96707286964111,32.84613347457627,19.258373725912847,0.13992412407944654,0.10109350591385852,0.08971211783084133,0.09551439410845794,0.07833072974782415,0.07208212452577549,0.06650301272037491,0.061370229859406385,0.05757643383173399,0.05445213122070966,0.04507922338763669,0.03972327605445213,0.032582012943539386,0.03124302611024325,0.020307966971658112,0.00892657888864093,0.00557911180540058,0.920812931344914,0.022806600185474542,0.0,0.0,0.0,0.0,0.0,0.0,0.0,0.0,0.0,0.0,0.0,0.0,0.0,0.0,0.0,0.0,0.0,0.0,0.0,0.0,0.0,0.0,0.0,0.0,0.0,0.24101762999330512,5.155099308190137,15.987502789555906,7.906717250613704,0.709663021646954,4.333102253032929,2.844124274539421,nan,nan,nan,4.347765363128492,2.829268028347695,4.318651066758431,2.8586166763307106,0.993303618310002,0.403,0.01151,0.0,0.0,0.0,0.0,0.0,0.0,0.0,0.0,0.0,0.0,0.02677973666592279,11.863423343003776,18.009372907833075,0.10042401249721047,0.0,0.0,0.0,0.0,0.0,0.0,0.0,0.0,0.0,0.0,0.0,0.0,0.0,0.0,0.0,0.0,nan,nan,4.333102253032929,2.844124274539421,nan,0.403,0.05585,0.0,0.0,0.0,0.0,0.0,0.0,0.0,0.0,0.0,0.0,0.0,0.0,0.0,0.0,0.0,0.0,0.0,0.0,0.0,0.0,0.0,0.0012720374916313324,3.347467083240348e-05,0.00046864539165364876,0.005634902923454586,0.000903816112474894,0.00451908056237447,0.001037714795804508,0.0005021200624860522,0.004150859183218032,0.008982370006694934,0.023421111359071635,0.021769694264673064,0.05667261771925909,0.05299040392769471,0.038897567507252845,0.04893996875697389,0.03620843561704976,0.06752956929256862,0.03486944878375363,0.11369114037045303,0.07391207319794689,0.08483597411292122,0.054853827270698506,0.046094621736219595,0.04059361749609462,0.04010265565721937,0.024916313322918993,0.022617719259093953,0.02844231198393216,0.02076545413970096,0.020162910064717696,0.00941754072751618,0.00951796474001339,6.694934166480696e-05,0.00024548091943762555,0.0009372907833072975,0.0,0.0,0.0,2.2316447221602322e-05,0.0,0.0,0.0,0.0,0.0,0.0,0.0,0.0,0.0,0.0,0.0,0.0,0.0,0.0,0.0,0.0,0.0,0.0,0.0,0.0,0.0,0.0,0.0,0.0,0.0,0.0,0.0,0.0,0.0,0.0,0.0,0.0,0.0,0.0,0.0,0.0,0.0,0.0,0.0,0.0,nan,nan,4.333102253032929,2.844124274539421,nan,0.9211149756773345,0.023343373927126796,0.0,0.0,0.0,0.0,0.0,0.0,0.0,0.0,0.0,0.0,0.0,0.0,0.0,0.0,0.0,0.0,0.0,0.0,0.0,0.0,0.0,0.0,0.0,0.0,0.0,0.27667984189723327,5.1778656126482225,15.691699604743086,8.102766798418974,0.7509881422924903,0.92050088282181,0.02223413590953949,0.0,0.0,0.0,0.0,0.0,0.0,0.0,0.0,0.0,0.0,0.0,0.0,0.0,0.0,0.0,0.0,0.0,0.0,0.0,0.0,0.0,0.0,0.0,0.0,0.0,0.20417422867513615,5.131578947368422,16.293103448275865,7.704174228675138,0.6669691470054447,0.4028,0.01162,0.0,0.0,0.0,0.0,0.0,0.0,0.0,0.0,0.0,0.0,0.026350461133069835,12.068511198945965,17.79973649538867,0.10540184453227934,0.0,0.0,0.0,0.0,0.0,0.0,0.0,0.0,0.0,0.0,0.0,0.0,0.0,0.0,0.0,0.0,0.4033,0.0114,0.0,0.0,0.0,0.0,0.0,0.0,0.0,0.0,0.0,0.0,0.027223230490018156,11.651542649727752,18.225952813067153,0.09528130671506355,0.0,0.0,0.0,0.0,0.0,0.0,0.0,0.0,0.0,0.0,0.0,0.0,0.0,0.0,0.0,0.0
69900,4507,2331,0.517195473707566,1140,900,0.4526292433991569,1243,0.5515864211226981,0.41,2.9646139705882355,3.14919131161601,6.679032258064516,2.159423242649505,9426.725594979367,1520.5115449194273,7853.0,10915.98480463028,10895.806201875594,7.036296482021593,7853.0,0.0,27.832260927446196,20.683072321192963,32.74986793449551,18.90841862813746,0.14111382294209007,0.1027290880852008,0.08786332371865986,0.08830707787885511,0.07943199467495007,0.07144441979143555,0.07321943643221655,0.06256933658753051,0.06390059906811627,0.04970046594186821,0.0479254493010872,0.03971599733747504,0.03394719325493677,0.028622143332593743,0.013756378966052807,0.009984468604393166,0.005768804082538274,0.9204036651626775,0.022978094013090866,0.0,0.0,0.0,0.0,0.0,0.0,0.0,0.0,0.0,0.0,0.0,0.0,0.0,0.0,0.0,0.0,0.0,0.0,0.0,0.0,0.0,0.0,0.0,0.0,0.0,0.3128466829376526,5.28511204792545,15.815398269358779,8.027512757932108,0.5591302418460175,4.229188078108941,2.982745468447839,nan,nan,nan,4.228238519533927,2.996570643642626,4.230980123372173,2.9697076630753685,1.000648403306857,0.4033,0.011536,0.0,0.0,0.0,0.0,0.0,0.0,0.0,0.0,0.0,0.0,0.006656312402928779,11.06944752607054,18.824051475482587,0.0998446860439317,0.0,0.0,0.0,0.0,0.0,0.0,0.0,0.0,0.0,0.0,0.0,0.0,0.0,0.0,0.0,0.0,nan,nan,4.229188078108941,2.982745468447839,nan,0.4033,0.05576,0.0,0.0,0.0,0.0,0.0,0.0,0.0,0.0,0.0,0.0,0.0,0.0,0.0,0.0,0.0,0.0,0.0,0.0,0.0,0.0,0.0,0.0012646993565564677,2.2187708009762593e-05,0.0007211005103172842,0.005413800754382072,0.0011981362325271798,0.0037497226536498778,0.00042156645218548926,0.00045484801420013314,0.004836920346128245,0.009740403816285778,0.021988018637674727,0.02056800532504992,0.05597958730863102,0.054038162857776795,0.04070335034390948,0.04886842689150211,0.035622365209673844,0.06756157088972709,0.034635012203239404,0.10685600177501664,0.07682493898380298,0.0868315952962059,0.05335034390947415,0.04905702240958509,0.041801641890392725,0.04150210783226093,0.026015087641446638,0.019891280230752165,0.0268693143998225,0.02148879520745507,0.021178167295318392,0.009085866429997782,0.010627912136676281,8.875083203905037e-05,4.4375416019525186e-05,0.0006878189483026404,0.0,1.1093854004881296e-05,0.0,0.0,0.0,0.0,0.0,0.0,0.0,0.0,0.0,0.0,0.0,0.0,0.0,0.0,0.0,0.0,0.0,0.0,0.0,0.0,0.0,0.0,0.0,0.0,0.0,0.0,0.0,0.0,0.0,0.0,0.0,0.0,0.0,0.0,0.0,0.0,0.0,0.0,0.0,0.0,0.0,0.0,nan,nan,4.229188078108941,2.982745468447839,nan,0.9206569372763812,0.022724224257632042,0.0,0.0,0.0,0.0,0.0,0.0,0.0,0.0,0.0,0.0,0.0,0.0,0.0,0.0,0.0,0.0,0.0,0.0,0.0,0.0,0.0,0.0,0.0,0.0,0.0,0.25740025740025746,5.186615186615187,15.804375804375807,8.185328185328187,0.5662805662805663,0.9201323520666098,0.02324391047803966,0.0,0.0,0.0,0.0,0.0,0.0,0.0,0.0,0.0,0.0,0.0,0.0,0.0,0.0,0.0,0.0,0.0,0.0,0.0,0.0,0.0,0.0,0.0,0.0,0.0,0.37224264705882365,5.390625000000001,15.827205882352944,7.858455882352943,0.5514705882352943,0.4036,0.01159,0.0,0.0,0.0,0.0,0.0,0.0,0.0,0.0,0.0,0.0,0.0,11.19691119691118,18.712998712998715,0.09009009009009011,0.0,0.0,0.0,0.0,0.0,0.0,0.0,0.0,0.0,0.0,0.0,0.0,0.0,0.0,0.0,0.0,0.4033,0.01147,0.0,0.0,0.0,0.0,0.0,0.0,0.0,0.0,0.0,0.0,0.013786764705882356,10.93290441176469,18.943014705882355,0.11029411764705885,0.0,0.0,0.0,0.0,0.0,0.0,0.0,0.0,0.0,0.0,0.0,0.0,0.0,0.0,0.0,0.0
70000,4622,2373,0.5134141064474254,1113,945,0.4452617914322804,1299,0.5620943314582432,0.40199999999999997,2.966651845264562,3.062742364409574,6.478056426332288,2.108793646278387,9415.262209079357,1520.9054307274869,7853.0,10919.676252245903,10895.889140482423,7.092772533236245,7853.0,0.0,28.175248810038944,21.109377272699586,33.17736530033514,19.357293555281665,0.14106447425356988,0.09562959757680657,0.09346603202077022,0.09000432713111207,0.07810471657291215,0.07615750757247945,0.06793595845954133,0.06815231501514496,0.05365642578970143,0.05452185201211597,0.0398096062310688,0.038727823453050626,0.03288619645175249,0.029640848117697967,0.020986585893552574,0.012332323669407183,0.006923409779316313,0.9206669400879337,0.02286284795803181,0.0,0.0,0.0,0.0,0.0,0.0,0.0,0.0,0.0,0.0,0.0,0.0,0.0,0.0,0.0,0.0,0.0,0.0,0.0,0.0,0.0,0.0,0.0,0.0,0.006490696668109045,0.21419299004759848,5.173085244482909,15.928169623539596,8.003028991778452,0.6750324534833407,4.303882195448461,2.8796750573495764,nan,nan,nan,4.376446562287271,2.9464040516024985,4.233706385780119,2.811857034462596,0.9673844580356189,0.4036,0.01131,0.0,0.0,0.0,0.0,0.0,0.0,0.0,0.0,0.0,0.0,0.03894418000865427,11.261358719169175,18.647771527477286,0.05192557334487236,0.0,0.0,0.0,0.0,0.0,0.0,0.0,0.0,0.0,0.0,0.0,0.0,0.0,0.0,0.0,0.0,nan,nan,4.303882195448461,2.8796750573495764,nan,0.4036,0.05563,0.0,0.0,0.0,0.0,0.0,0.0,0.0,0.0,0.0,0.0,0.0,0.0,0.0,0.0,0.0,0.0,0.0,0.0,0.0,0.0,1.081782778018174e-05,0.0012440501947209,0.0,0.00033535266118563394,0.005744266551276504,0.0013197749891821723,0.0039268714842059715,0.0003894418000865426,0.0007356122890523583,0.004424491562094331,0.009086975335352661,0.02300951968844656,0.02041324102120294,0.05546300302899178,0.05535482475118996,0.03877109476417136,0.0491129381220251,0.035709649502379925,0.06821722198182605,0.03254002596278667,0.1038511466897447,0.08103634790134141,0.08727823453050627,0.05614452617914323,0.047133275638251836,0.04110774556469061,0.03913890090869753,0.027563825183903073,0.020607961921246212,0.027563825183903073,0.023301601038511466,0.02040242319342276,0.00696668109043704,0.011553440069234098,4.327131112072696e-05,3.2453483340545216e-05,0.0004651665945478148,0.0,0.0,0.0,0.0,0.0,0.0,0.0,0.0,0.0,0.0,0.0,0.0,0.0,0.0,0.0,0.0,0.0,0.0,0.0,0.0,0.0,0.0,0.0,0.0,0.0,0.0,0.0,0.0,0.0,0.0,0.0,0.0,0.0,0.0,0.0,0.0,0.0,0.0,0.0,0.0,0.0,0.0,0.0,0.0,nan,nan,4.303882195448461,2.8796750573495764,nan,0.9211030042327208,0.022793163854577792,0.0,0.0,0.0,0.0,0.0,0.0,0.0,0.0,0.0,0.0,0.0,0.0,0.0,0.0,0.0,0.0,0.0,0.0,0.0,0.0,0.0,0.0,0.0,0.0,0.012642225031605565,0.26548672566371684,4.905183312262959,15.853350189633378,8.343868520859672,0.6194690265486726,0.9202068332779826,0.022927154086555743,0.0,0.0,0.0,0.0,0.0,0.0,0.0,0.0,0.0,0.0,0.0,0.0,0.0,0.0,0.0,0.0,0.0,0.0,0.0,0.0,0.0,0.0,0.0,0.0,0.0,0.16007114273010228,5.4557581147176535,16.00711427301023,7.643397065362385,0.7336594041796356,0.4033,0.01135,0.0,0.0,0.0,0.0,0.0,0.0,0.0,0.0,0.0,0.0,0.037926675094816696,11.31479140328696,18.596713021491787,0.05056890012642226,0.0,0.0,0.0,0.0,0.0,0.0,0.0,0.0,0.0,0.0,0.0,0.0,0.0,0.0,0.0,0.0,0.4036,0.01127,0.0,0.0,0.0,0.0,0.0,0.0,0.0,0.0,0.0,0.0,0.04001778568252557,11.204979991107143,18.70164517563362,0.05335704757670077,0.0,0.0,0.0,0.0,0.0,0.0,0.0,0.0,0.0,0.0,0.0,0.0,0.0,0.0,0.0,0.0
70100,4640,2356,0.5077586206896552,1103,986,0.4502155172413793,1361,0.5866379310344828,0.36999999999999994,2.9649737302977233,2.9737024498519706,6.259776536312849,2.0481909050631812,9397.909969164893,1521.1289441406384,7853.0,10919.877267420292,10895.607070002166,7.167186389750816,7853.0,0.0,28.507327586206898,20.83308951452649,33.15986825437041,19.098030433481327,0.13038793103448276,0.09612068965517241,0.0896551724137931,0.0896551724137931,0.08189655172413793,0.07564655172413794,0.07004310344827586,0.06702586206896552,0.06056034482758621,0.054525862068965515,0.04331896551724138,0.04245689655172414,0.03620689655172414,0.027801724137931035,0.016379310344827588,0.009482758620689655,0.008836206896551724,0.9203202402540323,0.023109748996165583,0.0,0.0,0.0,0.0,0.0,0.0,0.0,0.0,0.0,0.0,0.0,0.0,0.0,0.0,0.0,0.0,0.0,0.0,0.0,0.0,0.0,0.0,0.0,0.0,0.0,0.33620689655172425,5.224137931034484,15.646551724137934,8.140086206896553,0.6530172413793105,4.188235294117647,2.8170568514167056,nan,nan,nan,4.154738878143133,2.8561992334935575,4.222664015904573,2.7758287487373585,1.016348834368093,0.4033,0.01108,0.0,0.0,0.0,0.0,0.0,0.0,0.0,0.0,0.0,0.0,0.012931034482758624,11.469827586206879,18.394396551724142,0.12284482758620692,0.0,0.0,0.0,0.0,0.0,0.0,0.0,0.0,0.0,0.0,0.0,0.0,0.0,0.0,0.0,0.0,nan,nan,4.188235294117647,2.8170568514167056,nan,0.4033,0.05557,0.0,0.0,0.0,0.0,0.0,0.0,0.0,0.0,0.0,0.0,0.0,0.0,0.0,0.0,0.0,0.0,0.0,0.0,0.0,0.0,2.1551724137931033e-05,0.0011961206896551723,0.0,0.00015086206896551725,0.006077586206896551,0.0010991379310344828,0.0031142241379310343,0.0003879310344827586,0.0008836206896551724,0.004773706896551724,0.008911637931034482,0.022887931034482757,0.02035560344827586,0.05511853448275862,0.058545258620689655,0.03760775862068966,0.0518426724137931,0.0375323275862069,0.06501077586206896,0.030915948275862068,0.0991271551724138,0.08584051724137931,0.08632543103448276,0.05737068965517241,0.047349137931034485,0.040851293103448275,0.039116379310344826,0.02581896551724138,0.020948275862068967,0.02725215517241379,0.023922413793103448,0.020334051724137932,0.006810344827586207,0.011907327586206896,2.1551724137931033e-05,0.0001293103448275862,0.0004310344827586207,0.0,1.0775862068965516e-05,0.0,0.0,0.0,0.0,0.0,0.0,0.0,0.0,0.0,0.0,0.0,0.0,0.0,0.0,0.0,0.0,0.0,0.0,0.0,0.0,0.0,0.0,0.0,0.0,0.0,0.0,0.0,0.0,0.0,0.0,0.0,0.0,0.0,0.0,0.0,0.0,0.0,0.0,0.0,0.0,0.0,0.0,nan,nan,4.188235294117647,2.8170568514167056,nan,0.9203418962821895,0.023400612995989813,0.0,0.0,0.0,0.0,0.0,0.0,0.0,0.0,0.0,0.0,0.0,0.0,0.0,0.0,0.0,0.0,0.0,0.0,0.0,0.0,0.0,0.0,0.0,0.0,0.0,0.3565365025466894,5.386247877758915,15.674872665534808,7.843803056027166,0.738539898132428,0.9202979015489802,0.02280580777197278,0.0,0.0,0.0,0.0,0.0,0.0,0.0,0.0,0.0,0.0,0.0,0.0,0.0,0.0,0.0,0.0,0.0,0.0,0.0,0.0,0.0,0.0,0.0,0.0,0.0,0.3152364273204904,5.056917688266201,15.61733800350263,8.445709281961472,0.564798598949212,0.403,0.01109,0.0,0.0,0.0,0.0,0.0,0.0,0.0,0.0,0.0,0.0,0.02546689303904924,11.663837011884533,18.208828522920207,0.10186757215619696,0.0,0.0,0.0,0.0,0.0,0.0,0.0,0.0,0.0,0.0,0.0,0.0,0.0,0.0,0.0,0.0,0.4038,0.011055,0.0,0.0,0.0,0.0,0.0,0.0,0.0,0.0,0.0,0.0,0.0,11.269702276707514,18.58581436077058,0.14448336252189145,0.0,0.0,0.0,0.0,0.0,0.0,0.0,0.0,0.0,0.0,0.0,0.0,0.0,0.0,0.0,0.0
70200,4443,2270,0.5109160477155076,1090,897,0.4472203466126491,1246,0.5608822867431915,0.41,2.918085595950299,3.096947061649509,6.484451718494272,2.214593130891979,9407.655868278922,1521.0853369781862,7853.0,10921.02856016159,10895.87930518205,7.03736686700006,7853.0,0.0,27.78640558181409,20.837853476223103,32.69544235924933,19.142264220723924,0.13841998649561107,0.10173306324555481,0.09520594193112762,0.09295521044339411,0.0767499437317128,0.07157326130992572,0.06594643259059194,0.07067296871483232,0.05739365293720459,0.05109160477155075,0.04523970290344362,0.0420886788206167,0.030609948233175782,0.02520819266261535,0.017555705604321403,0.011253657438667568,0.006302048165653837,0.920411105537479,0.02282514037556969,0.0,0.0,0.0,0.0,0.0,0.0,0.0,0.0,0.0,0.0,0.0,0.0,0.0,0.0,0.0,0.0,0.0,0.0,0.0,0.0,0.0,0.0,0.0,0.0,0.0,0.35786630654962875,5.151924375422013,15.94868332207968,7.873058744091831,0.6684672518568536,4.326552086987022,2.939407977614171,nan,nan,nan,4.274342572850036,2.8797387653573927,4.377423822714682,2.995530375004821,1.0241162817691314,0.4038,0.01165,0.0,0.0,0.0,0.0,0.0,0.0,0.0,0.0,0.0,0.0,0.027008777852802167,11.100607697501673,18.7170830519919,0.15530047265361244,0.0,0.0,0.0,0.0,0.0,0.0,0.0,0.0,0.0,0.0,0.0,0.0,0.0,0.0,0.0,0.0,nan,nan,4.326552086987022,2.939407977614171,nan,0.4038,0.05582,0.0,0.0,0.0,0.0,0.0,0.0,0.0,0.0,0.0,0.0,0.0,0.0,0.0,0.0,0.0,0.0,0.0,0.0,0.0,0.0,0.0,0.0013504388926401081,0.0,0.00019131217645734864,0.006054467702003151,0.000990321854602746,0.0029822192212469053,0.0004276389826693675,0.0010690974566734189,0.0045802385775376995,0.008338960162052668,0.024161602520819267,0.017882061670042766,0.055593067747017784,0.055334233625928424,0.04014179608372721,0.05176682421787081,0.03674319153724961,0.0641233400855278,0.031206392077425163,0.10245329732162953,0.08937654737789781,0.08281566509115462,0.05614449696151249,0.04737789781679046,0.04014179608372721,0.038037362142696374,0.02557956335809138,0.02113436866981769,0.027132568084627506,0.024735539050191314,0.020920549178483006,0.007742516317803286,0.012063920774251632,6.75219446320054e-05,0.0004726536124240378,0.0008665316227774027,0.0,0.0,0.0,0.0,0.0,0.0,0.0,0.0,0.0,0.0,0.0,0.0,0.0,0.0,0.0,0.0,0.0,0.0,0.0,0.0,0.0,0.0,0.0,0.0,0.0,0.0,0.0,0.0,0.0,0.0,0.0,0.0,0.0,0.0,0.0,0.0,0.0,0.0,0.0,0.0,0.0,0.0,0.0,0.0,nan,nan,4.326552086987022,2.939407977614171,nan,0.9207116868527451,0.022913259131956167,0.0,0.0,0.0,0.0,0.0,0.0,0.0,0.0,0.0,0.0,0.0,0.0,0.0,0.0,0.0,0.0,0.0,0.0,0.0,0.0,0.0,0.0,0.0,0.0,0.0,0.34361233480176223,5.061674008810574,15.819383259911897,8.008810572687226,0.7665198237885464,0.9200971066485447,0.022728478441870915,0.0,0.0,0.0,0.0,0.0,0.0,0.0,0.0,0.0,0.0,0.0,0.0,0.0,0.0,0.0,0.0,0.0,0.0,0.0,0.0,0.0,0.0,0.0,0.0,0.0,0.37275655775425687,5.246203405430282,16.083755177174417,7.731247123791994,0.5660377358490567,0.4038,0.011536,0.0,0.0,0.0,0.0,0.0,0.0,0.0,0.0,0.0,0.0,0.013215859030837008,11.35242290748897,18.50220264317181,0.13215859030837007,0.0,0.0,0.0,0.0,0.0,0.0,0.0,0.0,0.0,0.0,0.0,0.0,0.0,0.0,0.0,0.0,0.404,0.01177,0.0,0.0,0.0,0.0,0.0,0.0,0.0,0.0,0.0,0.0,0.04141739530602854,10.837551771744117,18.941555453290384,0.17947537965945703,0.0,0.0,0.0,0.0,0.0,0.0,0.0,0.0,0.0,0.0,0.0,0.0,0.0,0.0,0.0,0.0
70300,4396,2325,0.5288898999090081,1099,852,0.4438125568698817,1182,0.5377616014558689,0.41,2.946402704007726,3.060712772395698,6.4110738255033555,2.1403313551845278,9462.319744383114,1518.8795282629383,7853.0,10919.040070176125,10895.825632820719,6.969657758953084,7853.0,0.0,28.27752502274795,20.8473012170116,32.967274678111586,19.161136282736,0.12989080982711557,0.1035031847133758,0.09417652411282984,0.08553230209281165,0.08644222020018198,0.06710646041856233,0.06596906278434941,0.06733393994540492,0.05959963603275705,0.051865332120109194,0.04981801637852593,0.044585987261146494,0.034121929026387623,0.025932666060054597,0.01751592356687898,0.01091901728844404,0.005686988171064604,0.9210984073681002,0.02272069267080125,0.0,0.0,0.0,0.0,0.0,0.0,0.0,0.0,0.0,0.0,0.0,0.0,0.0,0.0,0.0,0.0,0.0,0.0,0.0,0.0,0.0,0.0,0.0,0.0,0.0,0.2797998180163786,4.947679708826207,15.914467697907192,8.175614194722476,0.6824385805277526,4.221554770318021,2.8767426833280525,nan,nan,nan,4.249297752808989,2.872097863246022,4.1934566145092464,2.881167057581667,0.9868587372436237,0.4038,0.01174,0.0,0.0,0.0,0.0,0.0,0.0,0.0,0.0,0.0,0.0,0.02047315741583258,11.048680618744296,18.712465878070976,0.21838034576888085,0.0,0.0,0.0,0.0,0.0,0.0,0.0,0.0,0.0,0.0,0.0,0.0,0.0,0.0,0.0,0.0,nan,nan,4.221554770318021,2.8767426833280525,nan,0.4038,0.05624,0.0,0.0,0.0,0.0,0.0,0.0,0.0,0.0,0.0,0.0,0.0,0.0,0.0,0.0,0.0,0.0,0.0,0.0,0.0,0.0,3.4121929026387626e-05,0.001421747042766151,0.0,0.00019335759781619654,0.005994085532302093,0.0013307552320291174,0.002843494085532302,0.000545950864422202,0.001091901728844404,0.004777070063694267,0.009133303002729755,0.024476797088262055,0.018767060964513194,0.05192220200181984,0.05698362147406733,0.04200409463148316,0.05359417652411283,0.0346565059144677,0.06500227479526842,0.029993175614194723,0.10315059144676979,0.08938808007279345,0.07968607825295723,0.05406050955414013,0.049874886260236576,0.03945632393084622,0.0375,0.024226569608735215,0.02125796178343949,0.027252047315741584,0.025250227479526842,0.020950864422202002,0.00875796178343949,0.013034576888080072,5.6869881710646044e-05,0.0003184713375796178,0.0010122838944494996,0.0,0.0,0.0,0.0,0.0,0.0,0.0,0.0,0.0,0.0,0.0,0.0,0.0,0.0,0.0,0.0,0.0,0.0,0.0,0.0,0.0,0.0,0.0,0.0,0.0,0.0,0.0,0.0,0.0,0.0,0.0,0.0,0.0,0.0,0.0,0.0,0.0,0.0,0.0,0.0,0.0,0.0,0.0,0.0,nan,nan,4.221554770318021,2.8767426833280525,nan,0.9204213709215964,0.022360823917487244,0.0,0.0,0.0,0.0,0.0,0.0,0.0,0.0,0.0,0.0,0.0,0.0,0.0,0.0,0.0,0.0,0.0,0.0,0.0,0.0,0.0,0.0,0.0,0.0,0.0,0.2580645161290323,5.109677419354839,16.21935483870968,7.845161290322582,0.5677419354838711,0.9218584796704283,0.023094387582303703,0.0,0.0,0.0,0.0,0.0,0.0,0.0,0.0,0.0,0.0,0.0,0.0,0.0,0.0,0.0,0.0,0.0,0.0,0.0,0.0,0.0,0.0,0.0,0.0,0.0,0.30420086914534045,4.765813616610334,15.572187349106715,8.54659584741671,0.811202317720908,0.4038,0.01161,0.0,0.0,0.0,0.0,0.0,0.0,0.0,0.0,0.0,0.0,0.025806451612903233,11.032258064516114,18.7741935483871,0.167741935483871,0.0,0.0,0.0,0.0,0.0,0.0,0.0,0.0,0.0,0.0,0.0,0.0,0.0,0.0,0.0,0.0,0.4038,0.011894,0.0,0.0,0.0,0.0,0.0,0.0,0.0,0.0,0.0,0.0,0.014485755673587642,11.06711733462094,18.643167551907293,0.2752293577981652,0.0,0.0,0.0,0.0,0.0,0.0,0.0,0.0,0.0,0.0,0.0,0.0,0.0,0.0,0.0,0.0
70400,4455,2295,0.5151515151515151,1051,925,0.4435465768799102,1253,0.5625140291806958,0.422,2.964814814814815,3.169832184330514,6.825259515570934,2.2226232245694755,9420.578109053222,1520.7823436195079,7853.0,10920.828453063965,10895.945741103313,6.95708396991191,7853.0,0.0,27.396632996632995,20.846551494240213,32.616238159675234,19.068822194738864,0.14971941638608305,0.10415263748597083,0.09046015712682379,0.08215488215488216,0.08125701459034793,0.0819304152637486,0.06666666666666667,0.06285072951739619,0.05611672278338945,0.047586980920314256,0.04826038159371493,0.03793490460157127,0.03254769921436588,0.026262626262626262,0.013468013468013467,0.012121212121212121,0.006509539842873177,0.9214222477073755,0.02304522324535896,0.0,0.0,0.0,0.0,0.0,0.0,0.0,0.0,0.0,0.0,0.0,0.0,0.0,0.0,0.0,0.0,0.0,0.0,0.0,0.0,0.0,0.0,0.0,0.0,0.013468013468013471,0.24915824915824922,4.915824915824917,15.683501683501687,8.417508417508419,0.7205387205387207,4.3500707213578504,2.9498058086933994,nan,nan,nan,4.373510861948143,2.962734999278655,4.326195574589579,2.936385808243785,0.989181394798803,0.4036,0.01138,0.0,0.0,0.0,0.0,0.0,0.0,0.0,0.0,0.0,0.0,0.033670033670033676,11.151515151515135,18.72727272727273,0.08754208754208757,0.0,0.0,0.0,0.0,0.0,0.0,0.0,0.0,0.0,0.0,0.0,0.0,0.0,0.0,0.0,0.0,nan,nan,4.3500707213578504,2.9498058086933994,nan,0.4036,0.05603,0.0,0.0,0.0,0.0,0.0,0.0,0.0,0.0,0.0,0.0,0.0,0.0,0.0,0.0,0.0,0.0,0.0,0.0,0.0,0.0,0.00010101010101010101,0.0011447811447811449,0.0,0.0001122334455667789,0.005869809203142537,0.0008866442199775533,0.003277216610549944,0.0007744107744107744,0.0009315375982042648,0.0049831649831649834,0.009943883277216611,0.024511784511784512,0.017845117845117844,0.05328843995510662,0.05694725028058362,0.041717171717171715,0.05662177328843995,0.03228956228956229,0.0643097643097643,0.031043771043771044,0.1006060606060606,0.09241301907968574,0.07964085297418631,0.05095398428731762,0.05152637485970819,0.04003367003367003,0.03845117845117845,0.024747474747474747,0.022435465768799102,0.024814814814814814,0.02567901234567901,0.020448933782267115,0.007362514029180696,0.01260381593714927,0.00019079685746352414,0.0003815937149270483,0.0010662177328843996,3.367003367003367e-05,1.122334455667789e-05,0.0,0.0,0.0,0.0,0.0,0.0,0.0,0.0,0.0,0.0,0.0,0.0,0.0,0.0,0.0,0.0,0.0,0.0,0.0,0.0,0.0,0.0,0.0,0.0,0.0,0.0,0.0,0.0,0.0,0.0,0.0,0.0,0.0,0.0,0.0,0.0,0.0,0.0,0.0,0.0,0.0,0.0,nan,nan,4.3500707213578504,2.9498058086933994,nan,0.9210744195514255,0.022781561367694575,0.0,0.0,0.0,0.0,0.0,0.0,0.0,0.0,0.0,0.0,0.0,0.0,0.0,0.0,0.0,0.0,0.0,0.0,0.0,0.0,0.0,0.0,0.0,0.0,0.013071895424836605,0.20915032679738568,5.137254901960785,15.699346405228761,8.366013071895427,0.5751633986928105,0.9217918151230724,0.02331641348887701,0.0,0.0,0.0,0.0,0.0,0.0,0.0,0.0,0.0,0.0,0.0,0.0,0.0,0.0,0.0,0.0,0.0,0.0,0.0,0.0,0.0,0.0,0.0,0.0,0.013888888888888892,0.29166666666666674,4.680555555555556,15.66666666666667,8.472222222222223,0.8750000000000002,0.4036,0.01129,0.0,0.0,0.0,0.0,0.0,0.0,0.0,0.0,0.0,0.0,0.03921568627450981,11.084967320261422,18.758169934640527,0.11764705882352944,0.0,0.0,0.0,0.0,0.0,0.0,0.0,0.0,0.0,0.0,0.0,0.0,0.0,0.0,0.0,0.0,0.4033,0.01148,0.0,0.0,0.0,0.0,0.0,0.0,0.0,0.0,0.0,0.0,0.027777777777777783,11.222222222222205,18.694444444444446,0.055555555555555566,0.0,0.0,0.0,0.0,0.0,0.0,0.0,0.0,0.0,0.0,0.0,0.0,0.0,0.0,0.0,0.0
70500,4844,2492,0.5144508670520231,1196,1024,0.458298926507019,1400,0.5780346820809249,0.38599999999999995,2.9872448979591835,3.03393626830905,6.410404624277457,2.04552418720509,9418.155208514285,1520.5635171045712,7853.0,10919.722250461578,10895.38034913451,7.215833699375914,7853.0,0.0,28.260322047894302,20.795962962465868,33.05862237420615,19.03683423784703,0.1329479768786127,0.0990916597853014,0.08773740710156895,0.09289843104872006,0.07886044591246903,0.07308009909165979,0.08071841453344343,0.06151940545004129,0.05945499587118084,0.054293971924029724,0.04438480594549959,0.039430222956234516,0.0305532617671346,0.02745664739884393,0.018992568125516102,0.011560693641618497,0.007018992568125516,0.9199965958207428,0.02337025105259518,0.0,0.0,0.0,0.0,0.0,0.0,0.0,0.0,0.0,0.0,0.0,0.0,0.0,0.0,0.0,0.0,0.0,0.0,0.0,0.0,0.0,0.0,0.0,0.0,0.0,0.3158546655656483,5.59248554913295,15.49545829892651,7.989265070189927,0.6069364161849712,4.239423378251332,2.8633935145201264,nan,nan,nan,4.108560794044665,2.8751957384055222,4.373020899303357,2.845091847189221,1.0643680642725366,0.4026,0.01124,0.0,0.0,0.0,0.0,0.0,0.0,0.0,0.0,0.0,0.0,0.018579686209744015,12.473162675474796,17.34104046242775,0.16721717588769616,0.0,0.0,0.0,0.0,0.0,0.0,0.0,0.0,0.0,0.0,0.0,0.0,0.0,0.0,0.0,0.0,nan,nan,4.239423378251332,2.8633935145201264,nan,0.4026,0.05624,0.0,0.0,0.0,0.0,0.0,0.0,0.0,0.0,0.0,0.0,0.0,0.0,0.0,0.0,0.0,0.0,0.0,0.0,0.0,0.0,3.0966143682906686e-05,0.001125103220478943,4.128819157720892e-05,0.00035094962840627583,0.006626754748142031,0.0010012386457473163,0.0038810900082576383,0.0008670520231213873,0.0009393063583815029,0.005584227910817506,0.00944467382328654,0.02578447563996697,0.017981007431874484,0.05385012386457473,0.055800990916597855,0.04282617671345995,0.05670933113129645,0.030522295623451694,0.0657204789430223,0.031399669694467384,0.10131090008257639,0.09555119735755574,0.07891205615194055,0.05013418662262593,0.050980594549958715,0.038965730800990916,0.0365606936416185,0.02412262592898431,0.022089182493806772,0.023854252683732452,0.024917423616845583,0.020355078447564,0.008154417836498761,0.012169694467382329,0.00019611890999174237,0.00037159372419488026,0.000856729975227085,1.032204789430223e-05,0.0,0.0,0.0,0.0,0.0,0.0,0.0,0.0,0.0,0.0,0.0,0.0,0.0,0.0,0.0,0.0,0.0,0.0,0.0,0.0,0.0,0.0,0.0,0.0,0.0,0.0,0.0,0.0,0.0,0.0,0.0,0.0,0.0,0.0,0.0,0.0,0.0,0.0,0.0,0.0,0.0,0.0,0.0,nan,nan,4.239423378251332,2.8633935145201264,nan,0.9201003672318895,0.023583282725638085,0.0,0.0,0.0,0.0,0.0,0.0,0.0,0.0,0.0,0.0,0.0,0.0,0.0,0.0,0.0,0.0,0.0,0.0,0.0,0.0,0.0,0.0,0.0,0.0,0.0,0.36115569823435,5.5016051364365985,15.45746388443018,7.993579454253613,0.686195826645265,0.9198866475398849,0.02314189175584429,0.0,0.0,0.0,0.0,0.0,0.0,0.0,0.0,0.0,0.0,0.0,0.0,0.0,0.0,0.0,0.0,0.0,0.0,0.0,0.0,0.0,0.0,0.0,0.0,0.0,0.2678571428571429,5.688775510204083,15.535714285714288,7.984693877551022,0.5229591836734695,0.4026,0.01111,0.0,0.0,0.0,0.0,0.0,0.0,0.0,0.0,0.0,0.0,0.012038523274478333,12.471910112359533,17.383627608346714,0.13242375601926165,0.0,0.0,0.0,0.0,0.0,0.0,0.0,0.0,0.0,0.0,0.0,0.0,0.0,0.0,0.0,0.0,0.4028,0.011375,0.0,0.0,0.0,0.0,0.0,0.0,0.0,0.0,0.0,0.0,0.02551020408163266,12.474489795918348,17.295918367346943,0.20408163265306128,0.0,0.0,0.0,0.0,0.0,0.0,0.0,0.0,0.0,0.0,0.0,0.0,0.0,0.0,0.0,0.0
70600,4653,2422,0.5205243928648184,1141,959,0.4513217279174726,1317,0.56608639587363,0.41,3.0318242940385476,3.1281275143301186,6.773015873015873,2.0136602028263013,9436.821927039195,1520.097964980801,7853.0,10921.10282433033,10895.742950666134,7.16417171525271,7853.0,0.0,28.045991833225877,20.853382526785527,32.797764227642276,19.156839697519107,0.13582634859230605,0.09757145927358693,0.09434773264560499,0.09090909090909091,0.07865892972275951,0.07951859015688803,0.06941758005587793,0.06254029658284978,0.05781216419514292,0.052439286481839674,0.04620674833440791,0.04040404040404041,0.03137760584569095,0.02471523748119493,0.019772189984955942,0.01096067053513862,0.007522028798624543,0.919949786857254,0.023216400845693496,0.0,0.0,0.0,0.0,0.0,0.0,0.0,0.0,0.0,0.0,0.0,0.0,0.0,0.0,0.0,0.0,0.0,0.0,0.0,0.0,0.0,0.0,0.0,0.0,0.012894906511927791,0.2901353965183753,5.57704706640877,15.731785944551905,7.724049000644747,0.6640876853642813,4.277004638833665,2.905424653895121,nan,nan,nan,4.2730241672109734,2.929820986199151,4.283983849259758,2.878910976201112,1.002564853747583,0.4033,0.011635,0.0,0.0,0.0,0.0,0.0,0.0,0.0,0.0,0.0,0.0,0.05802707930367506,11.450676982591858,18.349451966473247,0.1418439716312057,0.0,0.0,0.0,0.0,0.0,0.0,0.0,0.0,0.0,0.0,0.0,0.0,0.0,0.0,0.0,0.0,nan,nan,4.277004638833665,2.905424653895121,nan,0.4033,0.05646,0.0,0.0,0.0,0.0,0.0,0.0,0.0,0.0,0.0,0.0,0.0,0.0,0.0,0.0,0.0,0.0,0.0,0.0,0.0,0.0,2.149151085321298e-05,0.0010853212980872556,0.0,0.0005157962604771116,0.00652267354395014,0.001096067053513862,0.0036213195787663873,0.0013969482054588438,0.0011605415860735009,0.005867182462927144,0.00961745110681281,0.025865033311841822,0.015710294433698688,0.05167633784655061,0.054792606920266496,0.0422200730711369,0.05759724908661079,0.03036750483558994,0.06787019127444659,0.029873200085966042,0.09980657640232109,0.09539007092198581,0.0771652697184612,0.05056952503761014,0.05013969482054589,0.039555125725338494,0.040361057382333976,0.02293144208037825,0.023748119492800344,0.02443584784010316,0.026488287126585,0.020943477326456048,0.008220502901353965,0.01203524607779927,0.00026864388566516224,0.0003331184182248012,0.0006339995701697829,9.671179883945841e-05,0.0,0.0,0.0,0.0,0.0,0.0,0.0,0.0,0.0,0.0,0.0,0.0,0.0,0.0,0.0,0.0,0.0,0.0,0.0,0.0,0.0,0.0,0.0,0.0,0.0,0.0,0.0,0.0,0.0,0.0,0.0,0.0,0.0,0.0,0.0,0.0,0.0,0.0,0.0,0.0,0.0,0.0,0.0,nan,nan,4.277004638833665,2.905424653895121,nan,0.9207616552993545,0.02318004313488489,0.0,0.0,0.0,0.0,0.0,0.0,0.0,0.0,0.0,0.0,0.0,0.0,0.0,0.0,0.0,0.0,0.0,0.0,0.0,0.0,0.0,0.0,0.0,0.0,0.01238645747316268,0.30966143682906694,5.251857968620976,15.668868703550787,8.063583815028903,0.69364161849711,0.9190684128694607,0.02322369851664693,0.0,0.0,0.0,0.0,0.0,0.0,0.0,0.0,0.0,0.0,0.0,0.0,0.0,0.0,0.0,0.0,0.0,0.0,0.0,0.0,0.0,0.0,0.0,0.0,0.013446884805020173,0.26893769610040347,5.930076199013897,15.800089645898703,7.355445988346035,0.6320035858359481,0.4033,0.01159,0.0,0.0,0.0,0.0,0.0,0.0,0.0,0.0,0.0,0.0,0.04954582989265072,11.345995045416995,18.431048720066062,0.1734104046242775,0.0,0.0,0.0,0.0,0.0,0.0,0.0,0.0,0.0,0.0,0.0,0.0,0.0,0.0,0.0,0.0,0.4036,0.01168,0.0,0.0,0.0,0.0,0.0,0.0,0.0,0.0,0.0,0.0,0.06723442402510087,11.56432093231733,18.260869565217394,0.10757507844016138,0.0,0.0,0.0,0.0,0.0,0.0,0.0,0.0,0.0,0.0,0.0,0.0,0.0,0.0,0.0,0.0
70700,4706,2414,0.5129621759456013,1094,981,0.44092647683807906,1343,0.5707607309817254,0.41,2.9236474694589876,3.101232535697567,6.601587301587301,2.1265511286343184,9413.706199421129,1520.76551683428,7853.0,10918.463755130768,10895.53660914492,7.098877223638708,7853.0,0.0,27.78750531236719,20.90134022564815,32.891066429116826,19.101564929391497,0.14152146196345092,0.09753506162345942,0.09753506162345942,0.08946026349341267,0.0809604759881003,0.07076073098172546,0.06906077348066299,0.061623459413514665,0.0554611134721632,0.05184870378240544,0.05227369315767106,0.04143646408839779,0.029536761580960476,0.025711857203569912,0.017849553761155972,0.010837229069273268,0.006587335316617085,0.9205161731166126,0.02317180081149602,0.0,0.0,0.0,0.0,0.0,0.0,0.0,0.0,0.0,0.0,0.0,0.0,0.0,0.0,0.0,0.0,0.0,0.0,0.0,0.0,0.0,0.0,0.0,0.0,0.006374840628984277,0.3378665533361667,5.087122821929452,16.070973225669363,7.707182320441991,0.7904802379940503,4.29676558852951,2.86275356863536,nan,nan,nan,4.255047106325707,2.9052253877514627,4.33773959021811,2.819816462810697,1.0194339761290703,0.4033,0.01131,0.0,0.0,0.0,0.0,0.0,0.0,0.0,0.0,0.0,0.0,0.025499362515937107,11.723331916702065,18.09817254568636,0.15299617509562263,0.0,0.0,0.0,0.0,0.0,0.0,0.0,0.0,0.0,0.0,0.0,0.0,0.0,0.0,0.0,0.0,nan,nan,4.29676558852951,2.86275356863536,nan,0.4033,0.05627,0.0,0.0,0.0,0.0,0.0,0.0,0.0,0.0,0.0,0.0,0.0,0.0,0.0,0.0,0.0,0.0,0.0,0.0,0.0,0.0,0.0,0.0007968550786230345,0.0,0.0008606034849128771,0.006364215894602635,0.0010305992350191245,0.004228644283892902,0.001668083297917552,0.0012005949851253718,0.006544836379090523,0.009360390990225245,0.02481937951551211,0.014927751806204845,0.05122184445388865,0.05216744581385466,0.04300892477688058,0.05699107522311942,0.03142796430089248,0.07212069698257544,0.029983000424989376,0.09827879303017424,0.09729069273268168,0.07388440288992776,0.05047811304717382,0.05227369315767106,0.038344666383340414,0.03959838504037399,0.024075648108797282,0.025180620484487888,0.024224394390140246,0.026104972375690608,0.02151508712282193,0.007458563535911602,0.011294092647683808,0.0003612409689757756,0.00029749256268593285,0.0005418614534636634,7.437314067148321e-05,0.0,0.0,0.0,0.0,0.0,0.0,0.0,0.0,0.0,0.0,0.0,0.0,0.0,0.0,0.0,0.0,0.0,0.0,0.0,0.0,0.0,0.0,0.0,0.0,0.0,0.0,0.0,0.0,0.0,0.0,0.0,0.0,0.0,0.0,0.0,0.0,0.0,0.0,0.0,0.0,0.0,0.0,0.0,nan,nan,4.29676558852951,2.86275356863536,nan,0.9200479693420682,0.023164710234696,0.0,0.0,0.0,0.0,0.0,0.0,0.0,0.0,0.0,0.0,0.0,0.0,0.0,0.0,0.0,0.0,0.0,0.0,0.0,0.0,0.0,0.0,0.0,0.0,0.0,0.3728251864125933,5.219552609776306,16.130903065451538,7.506213753106878,0.7705053852526929,0.9210092987325595,0.023169038341965143,0.0,0.0,0.0,0.0,0.0,0.0,0.0,0.0,0.0,0.0,0.0,0.0,0.0,0.0,0.0,0.0,0.0,0.0,0.0,0.0,0.0,0.0,0.0,0.0,0.013089005235602098,0.30104712041884824,4.947643979057593,16.007853403141365,7.918848167539268,0.8115183246073301,0.403,0.011375,0.0,0.0,0.0,0.0,0.0,0.0,0.0,0.0,0.0,0.0,0.02485501242750622,12.02982601491299,17.7837613918807,0.16155758077879043,0.0,0.0,0.0,0.0,0.0,0.0,0.0,0.0,0.0,0.0,0.0,0.0,0.0,0.0,0.0,0.0,0.4036,0.01124,0.0,0.0,0.0,0.0,0.0,0.0,0.0,0.0,0.0,0.0,0.026178010471204195,11.400523560209407,18.42931937172775,0.14397905759162305,0.0,0.0,0.0,0.0,0.0,0.0,0.0,0.0,0.0,0.0,0.0,0.0,0.0,0.0,0.0,0.0
70800,4867,2533,0.5204438052188206,1199,973,0.4462708033696322,1344,0.5522909389767824,0.39799999999999996,2.9524421593830334,3.1059360117145456,6.580451127819549,2.202509117580457,9436.365306431713,1519.9048952729363,7853.0,10918.61056637764,10895.336733676726,7.088370856617527,7853.0,0.0,27.7176905691391,20.733379954750692,32.68366846493379,18.98263275540495,0.1430039038422026,0.10273268954181221,0.09163755907129649,0.08547359769878775,0.07704951715635916,0.07581672488185741,0.0673926443394288,0.06595438668584344,0.05876309841791658,0.05424286007807685,0.049722621738237105,0.039038422025888635,0.030614341483460036,0.027737826176289296,0.015820834189439078,0.008629545921512225,0.006369426751592357,0.9196267958561302,0.022932655885479544,0.0,0.0,0.0,0.0,0.0,0.0,0.0,0.0,0.0,0.0,0.0,0.0,0.0,0.0,0.0,0.0,0.0,0.0,0.0,0.0,0.0,0.0,0.0,0.0,0.0,0.2958701458804192,5.547565235257861,15.915348263817549,7.717279638380934,0.5239367166632424,4.262632764724815,2.932108722243296,nan,nan,nan,4.1973265436028,2.895905576808736,4.329641693811075,2.968148097542585,1.0315236731842887,0.4033,0.011444,0.0,0.0,0.0,0.0,0.0,0.0,0.0,0.0,0.0,0.0,0.024655845490034935,11.723854530511593,18.177522087528253,0.0739675364701048,0.0,0.0,0.0,0.0,0.0,0.0,0.0,0.0,0.0,0.0,0.0,0.0,0.0,0.0,0.0,0.0,nan,nan,4.262632764724815,2.932108722243296,nan,0.4033,0.0563,0.0,0.0,0.0,0.0,0.0,0.0,0.0,0.0,0.0,0.0,0.0,0.0,0.0,0.0,0.0,0.0,0.0,0.0,0.0,0.0,0.0,0.0007191288267926854,0.0,0.0010376001643723032,0.0065029792479967125,0.0014690774604479144,0.004951715635915348,0.0017875487980275324,0.001119786316005753,0.005917402917608383,0.00799260324635299,0.024049722621738236,0.015553729196630367,0.05068830901993014,0.053010067803575096,0.0434353811382782,0.05703718923361414,0.03023423053215533,0.07596055064721595,0.029432915553729195,0.09566468050133553,0.0983049106225601,0.07325868091226628,0.05303061434148346,0.050051366344770906,0.04035340045202383,0.03926443394288062,0.02372097801520444,0.02515923566878981,0.024203821656050957,0.024933223751797823,0.021193753852475856,0.006615985206492706,0.011814259297308404,0.00046229710293815493,0.00042120402712143005,0.0004931169098006986,0.00015409903431271832,0.0,0.0,0.0,0.0,0.0,0.0,0.0,0.0,0.0,0.0,0.0,0.0,0.0,0.0,0.0,0.0,0.0,0.0,0.0,0.0,0.0,0.0,0.0,0.0,0.0,0.0,0.0,0.0,0.0,0.0,0.0,0.0,0.0,0.0,0.0,0.0,0.0,0.0,0.0,0.0,0.0,0.0,0.0,nan,nan,4.262632764724815,2.932108722243296,nan,0.9192252361016738,0.02311196016676116,0.0,0.0,0.0,0.0,0.0,0.0,0.0,0.0,0.0,0.0,0.0,0.0,0.0,0.0,0.0,0.0,0.0,0.0,0.0,0.0,0.0,0.0,0.0,0.0,0.0,0.28424792735886306,5.957362810896172,15.59810501381761,7.627319384129492,0.5329648637978682,0.9200625931389228,0.02272843755712616,0.0,0.0,0.0,0.0,0.0,0.0,0.0,0.0,0.0,0.0,0.0,0.0,0.0,0.0,0.0,0.0,0.0,0.0,0.0,0.0,0.0,0.0,0.0,0.0,0.0,0.3084832904884319,5.102827763496145,16.259640102827767,7.814910025706943,0.5141388174807199,0.4033,0.011406,0.0,0.0,0.0,0.0,0.0,0.0,0.0,0.0,0.0,0.0,0.023687327279905256,11.713383339913129,18.18002368732728,0.0829056454796684,0.0,0.0,0.0,0.0,0.0,0.0,0.0,0.0,0.0,0.0,0.0,0.0,0.0,0.0,0.0,0.0,0.4033,0.01148,0.0,0.0,0.0,0.0,0.0,0.0,0.0,0.0,0.0,0.0,0.025706940874035997,11.735218508997413,18.174807197943448,0.06426735218508998,0.0,0.0,0.0,0.0,0.0,0.0,0.0,0.0,0.0,0.0,0.0,0.0,0.0,0.0,0.0,0.0
70900,4791,2511,0.5241077019411396,1181,963,0.4475057399290336,1309,0.546441243999165,0.414,2.9157894736842107,3.053458750604564,6.51227495908347,2.1394348710828655,9447.752856493531,1519.637233170211,7853.0,10917.57047176361,10895.796071469736,7.079379537644888,7853.0,0.0,27.648298893759133,20.701798753775606,32.61260587942202,18.94616847770745,0.14151534126487164,0.09914422876226257,0.09601335838029638,0.08682947192652891,0.07889793362554791,0.07931538300981006,0.06804424963473178,0.06553955332915884,0.05802546441243999,0.05155499895637654,0.046336881653099564,0.035691922354414526,0.03548319766228345,0.024212064287205175,0.017324149446879565,0.009810060530160718,0.006261740763932373,0.9203180209302972,0.02284588221057816,0.0,0.0,0.0,0.0,0.0,0.0,0.0,0.0,0.0,0.0,0.0,0.0,0.0,0.0,0.0,0.0,0.0,0.0,0.0,0.0,0.0,0.0,0.0,0.0,0.006261740763932375,0.26299311208515974,5.203506574827804,16.17407639323732,7.6894176581089555,0.6637445209768318,4.205430160287864,2.878239444989801,nan,nan,nan,4.148024112525118,2.8747330661638624,4.26167626359565,2.880869280398152,1.0273991056916365,0.4033,0.01205,0.0,0.0,0.0,0.0,0.0,0.0,0.0,0.0,0.0,0.0,0.0250469630557295,11.897307451471493,17.896055103318727,0.18159048215403886,0.0,0.0,0.0,0.0,0.0,0.0,0.0,0.0,0.0,0.0,0.0,0.0,0.0,0.0,0.0,0.0,nan,nan,4.205430160287864,2.878239444989801,nan,0.4033,0.05637,0.0,0.0,0.0,0.0,0.0,0.0,0.0,0.0,0.0,0.0,0.0,0.0,0.0,0.0,0.0,0.0,0.0,0.0,0.0,0.0,0.0,0.0006679190148194532,0.0,0.0014402003757044458,0.005938217491129201,0.001888958463786266,0.0046232519307034025,0.0016802337716551867,0.000918388645376748,0.006407848048424128,0.008568148611980797,0.024076393237319974,0.01707367981632227,0.04837194740137758,0.052609058651638486,0.04242329367564183,0.05757670632435817,0.031246086412022544,0.07890836986015445,0.028438739302859527,0.0941765810895429,0.09891463160091839,0.07226048841577959,0.05329785013567105,0.051262784387393026,0.03778960551033187,0.03789396785639741,0.02346065539553329,0.0271759549154665,0.024065957002713422,0.024337299102483823,0.022594447923189313,0.0062095595908996035,0.01218952202045502,0.0002817783343769568,0.000469630557294928,0.0007305364224587769,3.1308703819661866e-05,0.0,0.0,0.0,0.0,0.0,0.0,0.0,0.0,0.0,0.0,0.0,0.0,0.0,0.0,0.0,0.0,0.0,0.0,0.0,0.0,0.0,0.0,0.0,0.0,0.0,0.0,0.0,0.0,0.0,0.0,0.0,0.0,0.0,0.0,0.0,0.0,0.0,0.0,0.0,0.0,0.0,0.0,0.0,nan,nan,4.205430160287864,2.878239444989801,nan,0.9205212928013515,0.02274580121273302,0.0,0.0,0.0,0.0,0.0,0.0,0.0,0.0,0.0,0.0,0.0,0.0,0.0,0.0,0.0,0.0,0.0,0.0,0.0,0.0,0.0,0.0,0.0,0.0,0.0,0.3106332138590204,5.017921146953406,16.20071684587814,7.837514934289129,0.6332138590203108,0.9200941544091492,0.022953515265551113,0.0,0.0,0.0,0.0,0.0,0.0,0.0,0.0,0.0,0.0,0.0,0.0,0.0,0.0,0.0,0.0,0.0,0.0,0.0,0.0,0.0,0.0,0.0,0.0,0.013157894736842108,0.21052631578947373,5.407894736842107,16.144736842105267,7.526315789473686,0.6973684210526317,0.4036,0.01208,0.0,0.0,0.0,0.0,0.0,0.0,0.0,0.0,0.0,0.0,0.02389486260454003,11.696535244922325,18.10035842293907,0.17921146953405023,0.0,0.0,0.0,0.0,0.0,0.0,0.0,0.0,0.0,0.0,0.0,0.0,0.0,0.0,0.0,0.0,0.4028,0.01199,0.0,0.0,0.0,0.0,0.0,0.0,0.0,0.0,0.0,0.0,0.026315789473684216,12.118421052631561,17.671052631578952,0.18421052631578952,0.0,0.0,0.0,0.0,0.0,0.0,0.0,0.0,0.0,0.0,0.0,0.0,0.0,0.0,0.0,0.0
71000,4710,2448,0.5197452229299363,1136,964,0.445859872611465,1299,0.5515923566878981,0.422,3.0685234305923963,3.196094742651491,6.82472613458529,2.2386452584608723,9434.243081217586,1519.9935497164806,7853.0,10927.268995761871,10895.342693028935,7.172616285959328,7853.0,0.0,28.3828025477707,21.206430578440354,33.29614706623017,19.466956881771345,0.13842887473460722,0.10127388535031848,0.09469214437367304,0.08152866242038216,0.07452229299363057,0.07367303609341826,0.07133757961783439,0.0653927813163482,0.05774946921443737,0.049469214437367307,0.049469214437367307,0.04118895966029724,0.03545647558386412,0.0267515923566879,0.01740976645435244,0.014012738853503185,0.007643312101910828,0.919434394211273,0.022654328079562792,0.0,0.0,0.0,0.0,0.0,0.0,0.0,0.0,0.0,0.0,0.0,0.0,0.0,0.0,0.0,0.0,0.0,0.0,0.0,0.0,0.0,0.0,0.0,0.0,0.0,0.28025477707006374,5.464968152866244,16.07643312101911,7.636942675159237,0.5414012738853504,4.278672362799869,2.93771949062002,nan,nan,nan,4.244561634805537,2.930784442979565,4.312581913499344,2.944205766114972,1.016025277648471,0.403,0.01174,0.0,0.0,0.0,0.0,0.0,0.0,0.0,0.0,0.0,0.0,0.038216560509554146,11.85350318471336,17.974522292993633,0.13375796178343952,0.0,0.0,0.0,0.0,0.0,0.0,0.0,0.0,0.0,0.0,0.0,0.0,0.0,0.0,0.0,0.0,nan,nan,4.278672362799869,2.93771949062002,nan,0.403,0.0569,0.0,0.0,0.0,0.0,0.0,0.0,0.0,0.0,0.0,0.0,0.0,0.0,0.0,0.0,0.0,0.0,0.0,0.0,2.1231422505307857e-05,0.0,0.0,0.0005307855626326964,5.307855626326964e-05,0.0016985138004246285,0.005881104033970276,0.0020912951167728236,0.004575371549893843,0.0015392781316348196,0.0007643312101910828,0.007409766454352442,0.008949044585987262,0.02443736730360934,0.017791932059447985,0.049830148619957534,0.051284501061571126,0.04330148619957537,0.05867303609341826,0.03054140127388535,0.07585987261146497,0.029225053078556263,0.0929723991507431,0.09940552016985138,0.06985138004246284,0.052048832271762206,0.05211252653927813,0.03750530785562633,0.03883227176220807,0.023577494692144374,0.028938428874734606,0.021942675159235668,0.023418259023354565,0.02286624203821656,0.007059447983014862,0.013471337579617835,0.0003184713375796178,0.0002653927813163482,0.0009447983014861996,1.0615711252653929e-05,0.0,0.0,0.0,0.0,0.0,0.0,0.0,0.0,0.0,0.0,0.0,0.0,0.0,0.0,0.0,0.0,0.0,0.0,0.0,0.0,0.0,0.0,0.0,0.0,0.0,0.0,0.0,0.0,0.0,0.0,0.0,0.0,0.0,0.0,0.0,0.0,0.0,0.0,0.0,0.0,0.0,0.0,0.0,nan,nan,4.278672362799869,2.93771949062002,nan,0.9195226768360418,0.022941608337018495,0.0,0.0,0.0,0.0,0.0,0.0,0.0,0.0,0.0,0.0,0.0,0.0,0.0,0.0,0.0,0.0,0.0,0.0,0.0,0.0,0.0,0.0,0.0,0.0,0.0,0.40441176470588247,5.526960784313727,15.821078431372552,7.683823529411766,0.5637254901960785,0.9193388522725312,0.0223388700420966,0.0,0.0,0.0,0.0,0.0,0.0,0.0,0.0,0.0,0.0,0.0,0.0,0.0,0.0,0.0,0.0,0.0,0.0,0.0,0.0,0.0,0.0,0.0,0.0,0.0,0.14588859416445626,5.397877984084881,16.352785145888596,7.586206896551726,0.517241379310345,0.403,0.0118,0.0,0.0,0.0,0.0,0.0,0.0,0.0,0.0,0.0,0.0,0.06127450980392158,11.678921568627434,18.17401960784314,0.08578431372549022,0.0,0.0,0.0,0.0,0.0,0.0,0.0,0.0,0.0,0.0,0.0,0.0,0.0,0.0,0.0,0.0,0.4033,0.01167,0.0,0.0,0.0,0.0,0.0,0.0,0.0,0.0,0.0,0.0,0.013262599469496024,12.04244031830237,17.758620689655174,0.18567639257294435,0.0,0.0,0.0,0.0,0.0,0.0,0.0,0.0,0.0,0.0,0.0,0.0,0.0,0.0,0.0,0.0
71100,4580,2442,0.5331877729257642,1094,899,0.4351528384279476,1246,0.5441048034934498,0.442,3.028063610851263,3.169540206165256,6.592409240924092,2.3088025994187813,9474.9154522875,1517.6157278556443,7853.0,10919.31866812706,10894.921691841419,7.173211552565987,7853.0,0.0,28.183842794759826,21.22725448170775,33.25860271115746,19.463994901515143,0.14213973799126636,0.1019650655021834,0.0943231441048035,0.08406113537117904,0.07641921397379912,0.07074235807860262,0.06790393013100436,0.06266375545851528,0.060043668122270744,0.05087336244541485,0.04323144104803493,0.04213973799126638,0.037336244541484716,0.02925764192139738,0.018777292576419215,0.011790393013100437,0.006331877729257642,0.9168070885421928,0.023009301603925312,0.0,0.0,0.0,0.0,0.0,0.0,0.0,0.0,0.0,0.0,0.0,0.0,0.0,0.0,0.0,0.0,0.0,0.0,0.0,0.0,0.0,0.0,0.0,0.0,0.01310043668122271,0.3799126637554586,6.707423580786028,15.936681222707426,6.550218340611355,0.41266375545851536,4.276959945224238,2.970293373822003,nan,nan,nan,4.313993174061434,3.037373926363708,4.239697802197802,2.9007560433380473,0.9827780506676866,0.4043,0.011795,0.0,0.0,0.0,0.0,0.0,0.0,0.0,0.0,0.0,0.0,0.01310043668122271,10.434497816593872,19.362445414847166,0.1899563318777293,0.0,0.0,0.0,0.0,0.0,0.0,0.0,0.0,0.0,0.0,0.0,0.0,0.0,0.0,0.0,0.0,nan,nan,4.276959945224238,2.970293373822003,nan,0.4043,0.05673,0.0,0.0,0.0,0.0,0.0,0.0,0.0,0.0,0.0,0.0,0.0,0.0,0.0,0.0,0.0,0.0,0.0,0.0,6.550218340611354e-05,0.0,0.0,0.00033842794759825326,1.0917030567685589e-05,0.0016157205240174672,0.0042903930131004365,0.0016703056768558953,0.005087336244541485,0.0018449781659388646,0.0006222707423580786,0.007008733624454149,0.008624454148471615,0.024093886462882096,0.018056768558951965,0.04853711790393013,0.05296943231441048,0.039606986899563316,0.057565502183406114,0.03148471615720524,0.07384279475982533,0.02947598253275109,0.08722707423580786,0.10152838427947598,0.07251091703056768,0.05410480349344978,0.051102620087336244,0.03966157205240175,0.04018558951965066,0.024137554585152838,0.029388646288209606,0.021353711790393012,0.02406113537117904,0.026004366812227075,0.007008733624454149,0.013362445414847162,0.0003165938864628821,0.00015283842794759826,0.0010807860262008733,0.0,0.0,0.0,0.0,0.0,0.0,0.0,0.0,0.0,0.0,0.0,0.0,0.0,0.0,0.0,0.0,0.0,0.0,0.0,0.0,0.0,0.0,0.0,0.0,0.0,0.0,0.0,0.0,0.0,0.0,0.0,0.0,0.0,0.0,0.0,0.0,0.0,0.0,0.0,0.0,0.0,0.0,0.0,0.0,nan,nan,4.276959945224238,2.970293373822003,nan,0.9165736321149353,0.023060680604067994,0.0,0.0,0.0,0.0,0.0,0.0,0.0,0.0,0.0,0.0,0.0,0.0,0.0,0.0,0.0,0.0,0.0,0.0,0.0,0.0,0.0,0.0,0.0,0.0,0.012285012285012288,0.38083538083538093,6.953316953316955,15.933660933660937,6.314496314496316,0.4054054054054055,0.9170737398964317,0.02294757091233318,0.0,0.0,0.0,0.0,0.0,0.0,0.0,0.0,0.0,0.0,0.0,0.0,0.0,0.0,0.0,0.0,0.0,0.0,0.0,0.0,0.0,0.0,0.0,0.0,0.014031805425631434,0.37885874649204876,6.426566884939197,15.940130963517309,6.819457436856878,0.42095416276894304,0.4045,0.01171,0.0,0.0,0.0,0.0,0.0,0.0,0.0,0.0,0.0,0.0,0.0,10.503685503685489,19.324324324324326,0.17199017199017202,0.0,0.0,0.0,0.0,0.0,0.0,0.0,0.0,0.0,0.0,0.0,0.0,0.0,0.0,0.0,0.0,0.4043,0.011894,0.0,0.0,0.0,0.0,0.0,0.0,0.0,0.0,0.0,0.0,0.02806361085126287,10.35547240411598,19.405986903648273,0.21047708138447152,0.0,0.0,0.0,0.0,0.0,0.0,0.0,0.0,0.0,0.0,0.0,0.0,0.0,0.0,0.0,0.0
71200,4848,2555,0.5270214521452146,1215,1008,0.45853960396039606,1364,0.5627062706270627,0.422,3.0641081552551244,3.1966767592569925,6.8,2.2845951501305435,9456.343081127545,1518.922236122439,7853.0,10922.436062633991,10895.272899141424,7.10324566075663,7853.0,0.0,27.832508250825082,20.572108131706024,32.59858294649401,18.8369595774614,0.13634488448844884,0.10004125412541254,0.08993399339933994,0.09075907590759076,0.08292079207920793,0.07281353135313531,0.07322607260726073,0.06683168316831684,0.0591996699669967,0.056105610561056105,0.040635313531353134,0.042285478547854784,0.03320957095709571,0.02392739273927393,0.015882838283828384,0.010313531353135313,0.005569306930693069,0.9170828741597067,0.02304378053687417,0.0,0.0,0.0,0.0,0.0,0.0,0.0,0.0,0.0,0.0,0.0,0.0,0.0,0.0,0.0,0.0,0.0,0.0,0.0,0.0,0.0,0.0,0.0,0.0,0.0,0.44554455445544566,6.367574257425744,16.095297029702973,6.652227722772278,0.43935643564356447,4.313713013044862,3.0031629825604065,nan,nan,nan,4.266372795969773,3.022202091718787,4.362057877813505,2.982819121745211,1.0224277357886118,0.4045,0.01168,0.0,0.0,0.0,0.0,0.0,0.0,0.0,0.0,0.0,0.0,0.018564356435643567,10.204207920792065,19.603960396039607,0.1732673267326733,0.0,0.0,0.0,0.0,0.0,0.0,0.0,0.0,0.0,0.0,0.0,0.0,0.0,0.0,0.0,0.0,nan,nan,4.313713013044862,3.0031629825604065,nan,0.4045,0.05673,0.0,0.0,0.0,0.0,0.0,0.0,0.0,0.0,0.0,0.0,0.0,0.0,0.0,0.0,0.0,0.0,0.0,0.0,0.00019595709570957096,0.0,1.0313531353135314e-05,0.0003094059405940594,2.0627062706270627e-05,0.0017945544554455446,0.0037128712871287127,0.0025577557755775576,0.005827145214521452,0.0018873762376237623,0.0003816006600660066,0.007064768976897689,0.006765676567656765,0.024308993399339934,0.01742986798679868,0.048246699669966996,0.05110354785478548,0.03873762376237624,0.05547648514851485,0.030662128712871287,0.07596947194719472,0.031899752475247525,0.09016089108910891,0.10411509900990099,0.07200907590759076,0.05282590759075908,0.04816419141914192,0.04103754125412541,0.03989273927392739,0.024432755775577557,0.028073432343234322,0.02218440594059406,0.021978135313531353,0.02975453795379538,0.006683168316831683,0.012706270627062706,0.00044348184818481846,0.00020627062706270627,0.0009179042904290429,3.094059405940594e-05,2.0627062706270627e-05,0.0,0.0,0.0,0.0,0.0,0.0,0.0,0.0,0.0,0.0,0.0,0.0,0.0,0.0,0.0,0.0,0.0,0.0,0.0,0.0,0.0,0.0,0.0,0.0,0.0,0.0,0.0,0.0,0.0,0.0,0.0,0.0,0.0,0.0,0.0,0.0,0.0,0.0,0.0,0.0,0.0,0.0,nan,nan,4.313713013044862,3.0031629825604065,nan,0.9173977897125214,0.02276600923573387,0.0,0.0,0.0,0.0,0.0,0.0,0.0,0.0,0.0,0.0,0.0,0.0,0.0,0.0,0.0,0.0,0.0,0.0,0.0,0.0,0.0,0.0,0.0,0.0,0.0,0.3522504892367907,6.3639921722113515,16.050880626223094,6.81017612524462,0.4227005870841488,0.9167319761058725,0.023344394652039403,0.0,0.0,0.0,0.0,0.0,0.0,0.0,0.0,0.0,0.0,0.0,0.0,0.0,0.0,0.0,0.0,0.0,0.0,0.0,0.0,0.0,0.0,0.0,0.0,0.0,0.5494984736153512,6.371565634539905,16.14478848669865,6.4762320104666395,0.4579153946794593,0.4048,0.01161,0.0,0.0,0.0,0.0,0.0,0.0,0.0,0.0,0.0,0.0,0.01174168297455969,9.933463796477481,19.890410958904116,0.16438356164383566,0.0,0.0,0.0,0.0,0.0,0.0,0.0,0.0,0.0,0.0,0.0,0.0,0.0,0.0,0.0,0.0,0.4043,0.01175,0.0,0.0,0.0,0.0,0.0,0.0,0.0,0.0,0.0,0.0,0.02616659398168339,10.505887483645862,19.28477976450066,0.18316615787178375,0.0,0.0,0.0,0.0,0.0,0.0,0.0,0.0,0.0,0.0,0.0,0.0,0.0,0.0,0.0,0.0
71300,4675,2430,0.5197860962566845,1156,910,0.4419251336898396,1299,0.5557219251336898,0.438,3.0316258351893097,3.165287404009061,6.696734059097978,2.151300066817027,9434.22044041199,1519.8474680698948,7853.0,10921.051905989647,10895.059900792612,7.222086998166456,7853.0,0.0,28.345454545454544,20.987661722533186,33.05041593143433,19.296591313051312,0.13197860962566846,0.09903743315508022,0.09540106951871657,0.08834224598930482,0.08812834224598931,0.07144385026737968,0.060748663101604275,0.06502673796791444,0.05283422459893048,0.05026737967914439,0.052406417112299465,0.0453475935828877,0.03550802139037433,0.03016042780748663,0.018609625668449196,0.008556149732620321,0.006203208556149733,0.9174261872526158,0.02301117816262202,0.0,0.0,0.0,0.0,0.0,0.0,0.0,0.0,0.0,0.0,0.0,0.0,0.0,0.0,0.0,0.0,0.0,0.0,0.0,0.0,0.0,0.0,0.0,0.0,0.0,0.4491978609625669,6.24385026737968,16.004278074866313,6.847058823529413,0.4556149732620322,4.273860282059692,2.9701878662469,nan,nan,nan,4.2591623036649215,2.9526556207074366,4.290131578947369,2.9880300645906335,1.0072712127583865,0.4043,0.011986,0.0,0.0,0.0,0.0,0.0,0.0,0.0,0.0,0.0,0.0,0.03208556149732621,10.825668449197845,18.93689839572193,0.20534759358288776,0.0,0.0,0.0,0.0,0.0,0.0,0.0,0.0,0.0,0.0,0.0,0.0,0.0,0.0,0.0,0.0,nan,nan,4.273860282059692,2.9701878662469,nan,0.4043,0.05667,0.0,0.0,0.0,0.0,0.0,0.0,0.0,0.0,0.0,0.0,0.0,0.0,0.0,0.0,0.0,0.0,0.0,0.0,0.00022459893048128342,0.0,0.0,0.00033155080213903744,0.0,0.0015614973262032086,0.003443850267379679,0.002352941176470588,0.00613903743315508,0.0016363636363636363,0.00038502673796791443,0.007668449197860963,0.007497326203208556,0.02613903743315508,0.0173475935828877,0.0474331550802139,0.04967914438502674,0.03866310160427808,0.05922994652406417,0.030566844919786097,0.0752192513368984,0.03055614973262032,0.08797860962566845,0.10706951871657754,0.07299465240641712,0.052149732620320854,0.04827807486631016,0.04122994652406417,0.03774331550802139,0.025443850267379678,0.02813903743315508,0.022032085561497328,0.021144385026737968,0.028449197860962568,0.006598930481283422,0.012705882352941176,0.0005561497326203209,0.00028877005347593585,0.0011122994652406418,0.0,1.0695187165775402e-05,0.0,0.0,0.0,0.0,0.0,0.0,0.0,0.0,0.0,0.0,0.0,0.0,0.0,0.0,0.0,0.0,0.0,0.0,0.0,0.0,0.0,0.0,0.0,0.0,0.0,0.0,0.0,0.0,0.0,0.0,0.0,0.0,0.0,0.0,0.0,0.0,0.0,0.0,0.0,0.0,0.0,0.0,nan,nan,4.273860282059692,2.9701878662469,nan,0.917286299408218,0.02313384688946049,0.0,0.0,0.0,0.0,0.0,0.0,0.0,0.0,0.0,0.0,0.0,0.0,0.0,0.0,0.0,0.0,0.0,0.0,0.0,0.0,0.0,0.0,0.0,0.0,0.0,0.5185185185185186,6.160493827160495,16.222222222222225,6.60493827160494,0.49382716049382724,0.9175776026031223,0.02287669559803771,0.0,0.0,0.0,0.0,0.0,0.0,0.0,0.0,0.0,0.0,0.0,0.0,0.0,0.0,0.0,0.0,0.0,0.0,0.0,0.0,0.0,0.0,0.0,0.0,0.0,0.3741648106904233,6.334075723830737,15.768374164810695,7.109131403118042,0.41425389755011144,0.4043,0.01206,0.0,0.0,0.0,0.0,0.0,0.0,0.0,0.0,0.0,0.0,0.061728395061728406,10.716049382716035,19.01234567901235,0.2098765432098766,0.0,0.0,0.0,0.0,0.0,0.0,0.0,0.0,0.0,0.0,0.0,0.0,0.0,0.0,0.0,0.0,0.4043,0.0119,0.0,0.0,0.0,0.0,0.0,0.0,0.0,0.0,0.0,0.0,0.0,10.94432071269486,18.855233853006684,0.20044543429844103,0.0,0.0,0.0,0.0,0.0,0.0,0.0,0.0,0.0,0.0,0.0,0.0,0.0,0.0,0.0,0.0
71400,5077,2548,0.5018711837699429,1229,1095,0.45775064014181605,1481,0.5834154027969273,0.36599999999999994,2.9027283511269277,3.0588062120076414,6.515950069348127,2.1277072415372396,9379.508246918069,1520.8148646811562,7853.0,10917.679061233997,10894.633583046718,7.270900669824383,7853.0,0.0,27.673429190466813,20.4341905759525,32.40853943070462,18.71115292876596,0.13531613157376404,0.10045302343903881,0.09907425645065984,0.08016545203860548,0.08686232026787473,0.07405948394721291,0.07524128422296632,0.06283238132755564,0.06243844790230451,0.052787078983651765,0.04924167815639157,0.03604490841047863,0.03171164073271617,0.02166633838881229,0.01654520386054757,0.009257435493401614,0.006302934804018121,0.9170223072168276,0.023154314852345117,0.0,0.0,0.0,0.0,0.0,0.0,0.0,0.0,0.0,0.0,0.0,0.0,0.0,0.0,0.0,0.0,0.0,0.0,0.0,0.0,0.0,0.0,0.0,0.0,0.017727004136300968,0.4313571006499902,6.541264526295057,15.788851684065396,6.77171558006697,0.4490841047862912,4.233465406888143,2.8944220862105543,nan,nan,nan,4.183513838748496,2.8757909265414137,4.284743668931439,2.912533157551569,1.0241973216976918,0.4036,0.012054,0.0,0.0,0.0,0.0,0.0,0.0,0.0,0.0,0.0,0.0,0.08272601930273786,11.487098680323008,18.276541264526298,0.15363403584794175,0.0,0.0,0.0,0.0,0.0,0.0,0.0,0.0,0.0,0.0,0.0,0.0,0.0,0.0,0.0,0.0,nan,nan,4.233465406888143,2.8944220862105543,nan,0.4036,0.05704,0.0,0.0,0.0,0.0,0.0,0.0,0.0,0.0,0.0,0.0,0.0,0.0,0.0,0.0,0.0,0.0,0.0,0.0,0.00029545006893834944,0.0,0.0,0.00024620839078195783,0.0,0.0019499704549931062,0.00350600748473508,0.0022749655308252907,0.0062142997833366164,0.0011719519401221193,0.0005810518022454206,0.007927910183179043,0.008213511916486114,0.029840456962773293,0.019598187906243843,0.04620839078195785,0.04942879653338586,0.03781760882410873,0.06079377585188103,0.030707110498325783,0.07435493401615127,0.029761670277723064,0.08882213905849912,0.10376206421114832,0.0757533976757928,0.05074847350797715,0.04764624778412448,0.041402402993894034,0.03416387630490447,0.026492022848138664,0.02751624975379161,0.021587551703762062,0.022119361827851094,0.028018514870986805,0.006490053181012409,0.012763442978136695,0.00033484341146346267,0.000502265117195194,0.0009848335631278313,0.0,0.0,0.0,0.0,0.0,0.0,0.0,0.0,0.0,0.0,0.0,0.0,0.0,0.0,0.0,0.0,0.0,0.0,0.0,0.0,0.0,0.0,0.0,0.0,0.0,0.0,0.0,0.0,0.0,0.0,0.0,0.0,0.0,0.0,0.0,0.0,0.0,0.0,0.0,0.0,0.0,0.0,0.0,0.0,nan,nan,4.233465406888143,2.8944220862105543,nan,0.916739307121729,0.023399548390000965,0.0,0.0,0.0,0.0,0.0,0.0,0.0,0.0,0.0,0.0,0.0,0.0,0.0,0.0,0.0,0.0,0.0,0.0,0.0,0.0,0.0,0.0,0.0,0.0,0.02354788069073784,0.43563579277865,6.781789638932498,15.57692307692308,6.722919937205653,0.4591836734693878,0.9173074334494536,0.02290104733434171,0.0,0.0,0.0,0.0,0.0,0.0,0.0,0.0,0.0,0.0,0.0,0.0,0.0,0.0,0.0,0.0,0.0,0.0,0.0,0.0,0.0,0.0,0.0,0.0,0.011862396204033218,0.4270462633451958,6.298932384341638,16.002372479240808,6.8208778173191,0.43890865954922903,0.4033,0.01198,0.0,0.0,0.0,0.0,0.0,0.0,0.0,0.0,0.0,0.0,0.09419152276295135,11.597331240188366,18.21428571428572,0.09419152276295135,0.0,0.0,0.0,0.0,0.0,0.0,0.0,0.0,0.0,0.0,0.0,0.0,0.0,0.0,0.0,0.0,0.4038,0.01212,0.0,0.0,0.0,0.0,0.0,0.0,0.0,0.0,0.0,0.0,0.0711743772241993,11.376037959667837,18.339264531435354,0.2135231316725979,0.0,0.0,0.0,0.0,0.0,0.0,0.0,0.0,0.0,0.0,0.0,0.0,0.0,0.0,0.0,0.0
71500,3933,2097,0.5331807780320366,1009,724,0.44063056191202643,1046,0.5319094838545639,0.442,3.00599128540305,3.1088577941484843,6.478664192949907,2.1103616789523505,9474.890014388135,1517.613098617184,7853.0,10922.382370531559,10894.913889646416,7.112665385839433,7853.0,0.0,28.769895753877446,21.16564263339845,33.48385167464115,19.440569539400773,0.12967200610221205,0.09788965166539537,0.0973811339944063,0.08492245105517417,0.07322654462242563,0.0729722857869311,0.06687007373506229,0.06890414441901856,0.060767861683193494,0.05644546147978642,0.04907195525044495,0.043986778540554286,0.030765319094838546,0.027205695397915078,0.01906941266209001,0.011187388761759471,0.00966183574879227,0.9168681806806326,0.022507861105624888,0.0,0.0,0.0,0.0,0.0,0.0,0.0,0.0,0.0,0.0,0.0,0.0,0.0,0.0,0.0,0.0,0.0,0.0,0.0,0.0,0.0,0.0,0.0,0.0,0.0,0.3508771929824562,6.475972540045769,16.36155606407323,6.353928299008392,0.4576659038901603,4.167055167055167,2.90674578321508,nan,nan,nan,4.24156862745098,2.8841142811037748,4.093918398768284,2.9269449762566566,0.96518971124807,0.4036,0.01206,0.0,0.0,0.0,0.0,0.0,0.0,0.0,0.0,0.0,0.0,0.038138825324180024,11.716247139588084,18.03966437833715,0.20594965675057214,0.0,0.0,0.0,0.0,0.0,0.0,0.0,0.0,0.0,0.0,0.0,0.0,0.0,0.0,0.0,0.0,nan,nan,4.167055167055167,2.90674578321508,nan,0.4036,0.05698,0.0,0.0,0.0,0.0,0.0,0.0,0.0,0.0,0.0,0.0,0.0,0.0,0.0,0.0,0.0,0.0,0.0,0.0,0.0004576659038901602,0.0,0.0,0.0002288329519450801,0.0,0.0015764047800661072,0.002834986015764048,0.0023518942283244342,0.007081108568522756,0.0014492753623188406,0.000928044749555047,0.00786931095855581,0.00786931095855581,0.03028222730739893,0.020645817442156114,0.046847190439867785,0.04869056699720315,0.03565980167810832,0.06219171116196288,0.029481311975591153,0.07200610221205186,0.029468599033816423,0.08895245359776252,0.10601322145944572,0.07410373760488177,0.051131451817950674,0.05165268243071447,0.04014747012458683,0.033409610983981694,0.026837020086448005,0.029214340198321892,0.01998474446987033,0.02154843630816171,0.028985507246376812,0.006674294431731503,0.012280701754385965,0.0002669717772692601,0.00033053648614289345,0.0005466564963132469,0.0,0.0,0.0,0.0,0.0,0.0,0.0,0.0,0.0,0.0,0.0,0.0,0.0,0.0,0.0,0.0,0.0,0.0,0.0,0.0,0.0,0.0,0.0,0.0,0.0,0.0,0.0,0.0,0.0,0.0,0.0,0.0,0.0,0.0,0.0,0.0,0.0,0.0,0.0,0.0,0.0,0.0,0.0,0.0,nan,nan,4.167055167055167,2.90674578321508,nan,0.9172543923401184,0.02285437669705123,0.0,0.0,0.0,0.0,0.0,0.0,0.0,0.0,0.0,0.0,0.0,0.0,0.0,0.0,0.0,0.0,0.0,0.0,0.0,0.0,0.0,0.0,0.0,0.0,0.0,0.3719599427753935,6.294706723891275,16.223175965665238,6.609442060085839,0.5007153075822605,0.9164270663832788,0.02209718577741422,0.0,0.0,0.0,0.0,0.0,0.0,0.0,0.0,0.0,0.0,0.0,0.0,0.0,0.0,0.0,0.0,0.0,0.0,0.0,0.0,0.0,0.0,0.0,0.0,0.0,0.3267973856209151,6.6830065359477135,16.51960784313726,6.0620915032679745,0.40849673202614384,0.4038,0.01229,0.0,0.0,0.0,0.0,0.0,0.0,0.0,0.0,0.0,0.0,0.042918454935622324,11.516452074391971,18.197424892703864,0.24320457796852651,0.0,0.0,0.0,0.0,0.0,0.0,0.0,0.0,0.0,0.0,0.0,0.0,0.0,0.0,0.0,0.0,0.403,0.01179,0.0,0.0,0.0,0.0,0.0,0.0,0.0,0.0,0.0,0.0,0.03267973856209151,11.944444444444427,17.85947712418301,0.16339869281045755,0.0,0.0,0.0,0.0,0.0,0.0,0.0,0.0,0.0,0.0,0.0,0.0,0.0,0.0,0.0,0.0
71600,4034,2075,0.5143777887952404,946,841,0.4429846306395637,1142,0.5661874070401587,0.442,3.0719754977029097,3.154588728075276,6.804832713754647,2.150692563713797,9417.647024409882,1520.2920522211589,7853.0,10915.7261018157,10894.82462480456,7.162331774518421,7853.0,0.0,27.71492315319782,20.955368214895646,32.92550655542312,19.123721896255773,0.15121467526028756,0.09965294992563213,0.08750619732275657,0.08453148239960337,0.08106098165592464,0.07188894397620228,0.07362419434804164,0.061973227565691624,0.05924640555280119,0.050322260783341594,0.041398116013882005,0.04462072384729797,0.033217649975210706,0.025780862667327716,0.015617253346554288,0.010659395141298959,0.007684680218145761,0.9166321791098977,0.02334722175754712,0.0,0.0,0.0,0.0,0.0,0.0,0.0,0.0,0.0,0.0,0.0,0.0,0.0,0.0,0.0,0.0,0.0,0.0,0.0,0.0,0.0,0.0,0.0,0.0,0.0,0.49826474962816075,6.514625681705505,15.818046603867133,6.737729300941995,0.4313336638572138,4.40986790986791,2.926753411262682,nan,nan,nan,4.462720983858571,2.945500609649036,4.355852317360566,2.906476082978069,0.9760530252990175,0.4036,0.011696,0.0,0.0,0.0,0.0,0.0,0.0,0.0,0.0,0.0,0.0,0.029747149231531985,10.969261279127402,18.874566187407044,0.12642538423401092,0.0,0.0,0.0,0.0,0.0,0.0,0.0,0.0,0.0,0.0,0.0,0.0,0.0,0.0,0.0,0.0,nan,nan,4.40986790986791,2.926753411262682,nan,0.4036,0.05722,0.0,0.0,0.0,0.0,0.0,0.0,0.0,0.0,0.0,0.0,0.0,0.0,0.0,0.0,0.0,0.0,0.0,1.2394645513138324e-05,0.0005205751115518096,0.0,0.0,0.00023549826474962817,0.00011155180961824491,0.0021566683192860685,0.0027764005949429847,0.0020327218641546852,0.0074367873078829945,0.0011279127416955876,0.001152702032721864,0.007213683688646505,0.007709469509172038,0.029920674268715915,0.021194843827466534,0.046095686663361425,0.047372335151214674,0.03663857213683688,0.06289043133366386,0.029871095686663362,0.07094695091720377,0.030131383242439268,0.08824987605354487,0.10700297471492315,0.07336390679226575,0.05293753098661378,0.051933564700049575,0.035845314823996034,0.031829449677739215,0.02601636093207734,0.03262270699058007,0.01864154685176004,0.02403321764997521,0.030069410014873576,0.00635845314823996,0.012419434804164601,0.0002726822012890431,0.0002602875557759048,0.0005825483391175012,1.2394645513138324e-05,0.0,0.0,0.0,0.0,0.0,0.0,0.0,0.0,0.0,0.0,0.0,0.0,0.0,0.0,0.0,0.0,0.0,0.0,0.0,0.0,0.0,0.0,0.0,0.0,0.0,0.0,0.0,0.0,0.0,0.0,0.0,0.0,0.0,0.0,0.0,0.0,0.0,0.0,0.0,0.0,0.0,0.0,0.0,nan,nan,4.40986790986791,2.926753411262682,nan,0.9167655601558915,0.022928405146120615,0.0,0.0,0.0,0.0,0.0,0.0,0.0,0.0,0.0,0.0,0.0,0.0,0.0,0.0,0.0,0.0,0.0,0.0,0.0,0.0,0.0,0.0,0.0,0.0,0.0,0.43373493975903626,6.318072289156628,16.16385542168675,6.69397590361446,0.39036144578313264,0.916490900054034,0.023781980272884178,0.0,0.0,0.0,0.0,0.0,0.0,0.0,0.0,0.0,0.0,0.0,0.0,0.0,0.0,0.0,0.0,0.0,0.0,0.0,0.0,0.0,0.0,0.0,0.0,0.0,0.5666156202143953,6.722817764165392,15.451761102603372,6.784073506891273,0.47473200612557437,0.4038,0.011604,0.0,0.0,0.0,0.0,0.0,0.0,0.0,0.0,0.0,0.0,0.04337349397590362,10.85783132530119,18.968674698795184,0.13012048192771086,0.0,0.0,0.0,0.0,0.0,0.0,0.0,0.0,0.0,0.0,0.0,0.0,0.0,0.0,0.0,0.0,0.4033,0.01178,0.0,0.0,0.0,0.0,0.0,0.0,0.0,0.0,0.0,0.0,0.015313935681470141,11.087289433384363,18.774885145482394,0.12251148545176113,0.0,0.0,0.0,0.0,0.0,0.0,0.0,0.0,0.0,0.0,0.0,0.0,0.0,0.0,0.0,0.0
71700,4270,2189,0.5126463700234192,1055,875,0.4519906323185012,1184,0.5545667447306791,0.43,2.9634790965881788,3.1794952445718523,6.846975088967971,2.1212531789490625,9412.203403557785,1520.2618807257343,7853.0,10918.62669712305,10894.479457830854,7.164906200085697,7853.0,0.0,27.443793911007027,20.546708144683908,32.35083798882682,18.812804295028055,0.14215456674473068,0.09789227166276347,0.09250585480093677,0.09320843091334895,0.08548009367681499,0.07400468384074942,0.07049180327868852,0.061124121779859486,0.060421545667447306,0.05175644028103044,0.04379391100702576,0.03793911007025761,0.033489461358313814,0.023185011709601872,0.01756440281030445,0.00936768149882904,0.005620608899297424,0.9163487409540306,0.02325441730398916,0.0,0.0,0.0,0.0,0.0,0.0,0.0,0.0,0.0,0.0,0.0,0.0,0.0,0.0,0.0,0.0,0.0,0.0,0.0,0.0,0.0,0.0,0.0,0.0,0.0,0.4847775175644029,6.864168618266981,15.681498829039816,6.540983606557378,0.42857142857142866,4.313253012048193,2.98659710895595,nan,nan,nan,4.212581344902386,2.9441046261302217,4.415929203539823,3.025873667590073,1.048271556556055,0.4033,0.0116,0.0,0.0,0.0,0.0,0.0,0.0,0.0,0.0,0.0,0.0,0.035128805620608904,11.63466042154565,18.168618266978925,0.16159250585480095,0.0,0.0,0.0,0.0,0.0,0.0,0.0,0.0,0.0,0.0,0.0,0.0,0.0,0.0,0.0,0.0,nan,nan,4.313253012048193,2.98659710895595,nan,0.4033,0.0574,0.0,0.0,0.0,0.0,0.0,0.0,0.0,0.0,0.0,0.0,0.0,0.0,0.0,0.0,0.0,0.0,0.0,3.51288056206089e-05,0.0005269320843091335,0.0,4.68384074941452e-05,0.0001522248243559719,3.51288056206089e-05,0.0020374707259953164,0.0031967213114754097,0.0022365339578454334,0.006311475409836066,0.001557377049180328,0.001323185011709602,0.007353629976580797,0.007903981264637002,0.030362997658079625,0.022681498829039814,0.047224824355971896,0.0477400468384075,0.03516393442622951,0.06491803278688525,0.029953161592505856,0.0693911007025761,0.032985948477751756,0.08434426229508196,0.10740046838407494,0.07370023419203747,0.05275175644028103,0.05262295081967213,0.034192037470725994,0.02971896955503513,0.025199063231850116,0.03259953161592506,0.01997658079625293,0.024859484777517565,0.029637002341920373,0.005878220140515223,0.012786885245901639,0.000234192037470726,0.0003161592505854801,0.0006440281030444965,0.0,0.0,0.0,0.0,0.0,0.0,0.0,0.0,0.0,0.0,0.0,0.0,0.0,0.0,0.0,0.0,0.0,0.0,0.0,0.0,0.0,0.0,0.0,0.0,0.0,0.0,0.0,0.0,0.0,0.0,0.0,0.0,0.0,0.0,0.0,0.0,0.0,0.0,0.0,0.0,0.0,0.0,0.0,0.0,nan,nan,4.313253012048193,2.98659710895595,nan,0.9162478910128566,0.02318296254563109,0.0,0.0,0.0,0.0,0.0,0.0,0.0,0.0,0.0,0.0,0.0,0.0,0.0,0.0,0.0,0.0,0.0,0.0,0.0,0.0,0.0,0.0,0.0,0.0,0.0,0.4111466423024213,7.085427135678394,15.609867519415262,6.3590680676107825,0.5344906349931476,0.9164548248181488,0.023328873750395145,0.0,0.0,0.0,0.0,0.0,0.0,0.0,0.0,0.0,0.0,0.0,0.0,0.0,0.0,0.0,0.0,0.0,0.0,0.0,0.0,0.0,0.0,0.0,0.0,0.0,0.5622296972609323,6.63142719846228,15.75684766938972,6.732340221047575,0.3171552138395003,0.403,0.01157,0.0,0.0,0.0,0.0,0.0,0.0,0.0,0.0,0.0,0.0,0.027409776153494752,11.909547738693451,17.925993604385567,0.13704888076747376,0.0,0.0,0.0,0.0,0.0,0.0,0.0,0.0,0.0,0.0,0.0,0.0,0.0,0.0,0.0,0.0,0.4033,0.01162,0.0,0.0,0.0,0.0,0.0,0.0,0.0,0.0,0.0,0.0,0.043248438250840945,11.345506967803924,18.423834694858243,0.18740989908697747,0.0,0.0,0.0,0.0,0.0,0.0,0.0,0.0,0.0,0.0,0.0,0.0,0.0,0.0,0.0,0.0
71800,4517,2292,0.5074164268319681,1044,949,0.44122205003320786,1290,0.5711755589993358,0.418,2.933932584269663,3.096448715406169,6.685761047463175,2.1175233816585326,9396.28078559196,1520.565580666627,7853.0,10917.742362439632,10894.448214886077,7.250924542468251,7853.0,0.0,27.686960371928272,20.94646370660795,32.963160704751736,19.11280278136721,0.14633606375913216,0.10560106265220279,0.09054682311268542,0.08080584458711534,0.0788133717068851,0.07615674119991145,0.06730130617666592,0.06265220278946203,0.06154527341155634,0.05180429488598627,0.047155191498782376,0.03874252822669914,0.032100951959264996,0.02435244631392517,0.018817799424396722,0.01062652202789462,0.006641576267434138,0.9157744909325136,0.023542401792932783,0.0,0.0,0.0,0.0,0.0,0.0,0.0,0.0,0.0,0.0,0.0,0.0,0.0,0.0,0.0,0.0,0.0,0.0,0.0,0.0,0.0,0.0,0.0,0.0,0.00664157626743414,0.6043834403365066,6.7345583351782174,15.840159397830421,6.422404250608813,0.3918529997786142,4.369610570236439,2.8332238086943518,nan,nan,nan,4.3288352272727275,2.865937952547115,4.408997955010225,2.8018643645820123,1.0185183134789821,0.404,0.0121,0.0,0.0,0.0,0.0,0.0,0.0,0.0,0.0,0.0,0.0,0.03984945760460483,11.124640247952165,18.642904582687628,0.19260571175559005,0.0,0.0,0.0,0.0,0.0,0.0,0.0,0.0,0.0,0.0,0.0,0.0,0.0,0.0,0.0,0.0,nan,nan,4.369610570236439,2.8332238086943518,nan,0.404,0.0579,0.0,0.0,0.0,0.0,0.0,0.0,0.0,0.0,0.0,0.0,0.0,0.0,0.0,0.0,0.0,0.0,0.0,0.0,0.0006198804516271862,0.0,0.0,0.00017710870046491034,1.1069293779056897e-05,0.0017489484170909895,0.003741421297321231,0.0015829090104051361,0.006630506973655081,0.0017821562984281602,0.0011401372592428603,0.007128625193712641,0.00849014832853664,0.029289351339384546,0.023013061766659286,0.047775071950409566,0.04885986274075714,0.032621208766880676,0.06434580473765773,0.031115784812928936,0.0678215629842816,0.032255922072171796,0.08203453619659065,0.10594421075935355,0.07641133495682975,0.050907682089882667,0.052612353331857424,0.03469116670356431,0.030827983174673456,0.025282266991365952,0.032100951959264996,0.019338056232012398,0.026300642019039186,0.03059552800531326,0.007538189063537746,0.014035864511844144,0.00016603940668585344,0.0002767323444764224,0.0007416426831968121,3.3207881337170686e-05,0.0,0.0,1.1069293779056897e-05,0.0,0.0,0.0,0.0,0.0,0.0,0.0,0.0,0.0,0.0,0.0,0.0,0.0,0.0,0.0,0.0,0.0,0.0,0.0,0.0,0.0,0.0,0.0,0.0,0.0,0.0,0.0,0.0,0.0,0.0,0.0,0.0,0.0,0.0,0.0,0.0,0.0,0.0,0.0,0.0,nan,nan,4.369610570236439,2.8332238086943518,nan,0.915788665283829,0.023327982862387756,0.0,0.0,0.0,0.0,0.0,0.0,0.0,0.0,0.0,0.0,0.0,0.0,0.0,0.0,0.0,0.0,0.0,0.0,0.0,0.0,0.0,0.0,0.0,0.0,0.0,0.6151832460732986,6.583769633507855,16.125654450261784,6.335078534031415,0.34031413612565453,0.915759889758035,0.023761245462096365,0.0,0.0,0.0,0.0,0.0,0.0,0.0,0.0,0.0,0.0,0.0,0.0,0.0,0.0,0.0,0.0,0.0,0.0,0.0,0.0,0.0,0.0,0.0,0.0,0.013483146067415734,0.5932584269662923,6.88988764044944,15.54606741573034,6.5123595505618,0.4449438202247192,0.4036,0.01211,0.0,0.0,0.0,0.0,0.0,0.0,0.0,0.0,0.0,0.0,0.06544502617801048,11.662303664921449,18.1151832460733,0.15706806282722516,0.0,0.0,0.0,0.0,0.0,0.0,0.0,0.0,0.0,0.0,0.0,0.0,0.0,0.0,0.0,0.0,0.4045,0.01207,0.0,0.0,0.0,0.0,0.0,0.0,0.0,0.0,0.0,0.0,0.013483146067415734,10.570786516853918,19.186516853932588,0.22921348314606746,0.0,0.0,0.0,0.0,0.0,0.0,0.0,0.0,0.0,0.0,0.0,0.0,0.0,0.0,0.0,0.0
71900,4468,2276,0.5094001790510295,1070,914,0.4440465532676813,1242,0.5559534467323187,0.442,2.971715328467153,3.2159393139154435,6.889081455805893,2.2979537326318007,9402.460264183841,1520.6073341370998,7853.0,10917.205375373363,10894.734824417135,7.216747566425997,7853.0,0.0,27.468889883616832,20.8451396455587,32.764403570462534,19.02564216118931,0.14928379588182633,0.09914950760966876,0.09198746642793196,0.08818263205013428,0.08124440465532677,0.07273948075201432,0.06982990152193375,0.06826320501342882,0.053491495076096685,0.048791405550581916,0.043867502238137866,0.04051029543419875,0.032452999104744855,0.026633840644583705,0.017009847806624886,0.010966875559534467,0.005595344673231871,0.9160096337860358,0.02287575083398854,0.0,0.0,0.0,0.0,0.0,0.0,0.0,0.0,0.0,0.0,0.0,0.0,0.0,0.0,0.0,0.0,0.0,0.0,0.0,0.0,0.0,0.0,0.0,0.0,0.006714413607878247,0.4297224709042078,6.982990152193377,15.799015219337514,6.351835273052822,0.4297224709042078,4.3731973267674995,2.9928415965053454,nan,nan,nan,4.32935393258427,2.970894982716022,4.417195207892882,3.014063867694148,1.0202896960323542,0.4038,0.01221,0.0,0.0,0.0,0.0,0.0,0.0,0.0,0.0,0.0,0.0,0.013428827215756493,11.360787824529975,18.464637421665177,0.16114592658907792,0.0,0.0,0.0,0.0,0.0,0.0,0.0,0.0,0.0,0.0,0.0,0.0,0.0,0.0,0.0,0.0,nan,nan,4.3731973267674995,2.9928415965053454,nan,0.4038,0.05804,0.0,0.0,0.0,0.0,0.0,0.0,0.0,0.0,0.0,0.0,0.0,0.0,0.0,0.0,0.0,0.0,0.0,0.0,0.0007945389435989257,0.0,0.0,0.00016786034019695615,0.0,0.0018800358102059086,0.004286034019695613,0.000995971351835273,0.006311548791405551,0.00182408236347359,0.0010966875559534467,0.008549686660698299,0.0074865711727842435,0.0298455684870188,0.02261638316920322,0.04724709042076992,0.04900402864816473,0.03475828111011638,0.0663272157564906,0.030696060877350044,0.06743509400179051,0.030931065353625782,0.08127797672336616,0.10514771709937332,0.07313115487914056,0.04974261414503133,0.055863921217547,0.03652641002685766,0.03194941808415398,0.025067144136078783,0.03125559534467323,0.018397493285586392,0.028155774395702774,0.02948746642793196,0.007128469113697404,0.013149059982094898,0.0004364368845120859,0.00014547896150402865,0.0008281110116383169,5.595344673231871e-05,0.0,0.0,0.0,0.0,0.0,0.0,0.0,0.0,0.0,0.0,0.0,0.0,0.0,0.0,0.0,0.0,0.0,0.0,0.0,0.0,0.0,0.0,0.0,0.0,0.0,0.0,0.0,0.0,0.0,0.0,0.0,0.0,0.0,0.0,0.0,0.0,0.0,0.0,0.0,0.0,0.0,0.0,0.0,nan,nan,4.3731973267674995,2.9928415965053454,nan,0.9164051190411479,0.022902651636079924,0.0,0.0,0.0,0.0,0.0,0.0,0.0,0.0,0.0,0.0,0.0,0.0,0.0,0.0,0.0,0.0,0.0,0.0,0.0,0.0,0.0,0.0,0.0,0.0,0.0,0.5008787346221442,6.656414762741654,15.988576449912129,6.419156414762743,0.43497363796133576,0.9155989930740673,0.022840540290106917,0.0,0.0,0.0,0.0,0.0,0.0,0.0,0.0,0.0,0.0,0.0,0.0,0.0,0.0,0.0,0.0,0.0,0.0,0.0,0.0,0.0,0.0,0.0,0.0,0.013686131386861318,0.35583941605839425,7.322080291970805,15.6021897810219,6.281934306569345,0.4242700729927008,0.404,0.01228,0.0,0.0,0.0,0.0,0.0,0.0,0.0,0.0,0.0,0.0,0.013181019332161691,11.230228471001741,18.598418277680143,0.15817223198594027,0.0,0.0,0.0,0.0,0.0,0.0,0.0,0.0,0.0,0.0,0.0,0.0,0.0,0.0,0.0,0.0,0.4036,0.01211,0.0,0.0,0.0,0.0,0.0,0.0,0.0,0.0,0.0,0.0,0.013686131386861318,11.496350364963487,18.325729927007302,0.1642335766423358,0.0,0.0,0.0,0.0,0.0,0.0,0.0,0.0,0.0,0.0,0.0,0.0,0.0,0.0,0.0,0.0
72000,4730,2431,0.513953488372093,1138,937,0.43868921775898523,1294,0.5471458773784356,0.418,2.990865593736407,3.1731809067857157,6.7287878787878785,2.226035009629341,9416.333738122821,1520.3063042081808,7853.0,10917.158138871193,10894.780576438066,7.035009426370876,7853.0,0.0,27.835306553911206,20.90858338471299,32.910149329283726,19.140524597191853,0.14291754756871036,0.09915433403805497,0.09365750528541227,0.08583509513742071,0.08498942917547568,0.07188160676532769,0.06701902748414376,0.06321353065539112,0.05517970401691332,0.056659619450317125,0.04693446088794926,0.03890063424947146,0.034249471458773786,0.022832980972515855,0.01754756871035941,0.012050739957716702,0.0069767441860465115,0.9154909760705008,0.022695304625580847,0.0,0.0,0.0,0.0,0.0,0.0,0.0,0.0,0.0,0.0,0.0,0.0,0.0,0.0,0.0,0.0,0.0,0.0,0.0,0.0,0.0,0.0,0.0,0.0,0.0,0.48202959830866815,7.09725158562368,15.976744186046515,6.076109936575055,0.3678646934460889,4.295222405271828,2.964005967533986,nan,nan,nan,4.274161735700197,2.941314513814118,4.316380449141348,2.9864791927727863,1.0098776593053362,0.4043,0.01205,0.0,0.0,0.0,0.0,0.0,0.0,0.0,0.0,0.0,0.0,0.006342494714587739,10.744186046511613,19.12262156448203,0.12684989429175478,0.0,0.0,0.0,0.0,0.0,0.0,0.0,0.0,0.0,0.0,0.0,0.0,0.0,0.0,0.0,0.0,nan,nan,4.295222405271828,2.964005967533986,nan,0.4043,0.05826,0.0,0.0,0.0,0.0,0.0,0.0,0.0,0.0,0.0,0.0,0.0,0.0,0.0,0.0,0.0,0.0,0.0,0.0,0.000613107822410148,0.0,1.0570824524312896e-05,9.513742071881606e-05,0.0,0.0015116279069767441,0.004175475687103594,0.0009090909090909091,0.006596194503171247,0.0013530655391120507,0.0010570824524312897,0.008276955602536998,0.007431289640591966,0.030761099365750527,0.023636363636363636,0.04744186046511628,0.04978858350951374,0.03558139534883721,0.06397463002114165,0.029260042283298097,0.0639323467230444,0.030570824524312895,0.0818816067653277,0.1068076109936575,0.07362579281183933,0.05017970401691332,0.053985200845665965,0.033858350951374204,0.034217758985200845,0.02415433403805497,0.032463002114164904,0.017928118393234674,0.029841437632135308,0.03071881606765328,0.007653276955602537,0.01372093023255814,0.0007716701902748415,0.0002642706131078224,0.0008879492600422832,6.342494714587737e-05,0.0,0.0,0.0,0.0,0.0,0.0,0.0,0.0,0.0,0.0,0.0,0.0,0.0,0.0,0.0,0.0,0.0,0.0,0.0,0.0,0.0,0.0,0.0,0.0,0.0,0.0,0.0,0.0,0.0,0.0,0.0,0.0,0.0,0.0,0.0,0.0,0.0,0.0,0.0,0.0,0.0,0.0,0.0,nan,nan,4.295222405271828,2.964005967533986,nan,0.9159296234416059,0.022389409261279664,0.0,0.0,0.0,0.0,0.0,0.0,0.0,0.0,0.0,0.0,0.0,0.0,0.0,0.0,0.0,0.0,0.0,0.0,0.0,0.0,0.0,0.0,0.0,0.0,0.0,0.4319210201563144,6.824352118469767,16.16618675442205,6.207322089675032,0.3702180172768409,0.915027143204404,0.02300524497917912,0.0,0.0,0.0,0.0,0.0,0.0,0.0,0.0,0.0,0.0,0.0,0.0,0.0,0.0,0.0,0.0,0.0,0.0,0.0,0.0,0.0,0.0,0.0,0.0,0.0,0.5350152240104394,7.385819921705091,15.776424532405397,5.937364071335365,0.36537625054371475,0.4045,0.01203,0.0,0.0,0.0,0.0,0.0,0.0,0.0,0.0,0.0,0.0,0.0,10.489510489510474,19.362402303578776,0.14808720691073635,0.0,0.0,0.0,0.0,0.0,0.0,0.0,0.0,0.0,0.0,0.0,0.0,0.0,0.0,0.0,0.0,0.404,0.01205,0.0,0.0,0.0,0.0,0.0,0.0,0.0,0.0,0.0,0.0,0.013049151805132669,11.013484123531954,18.86907351022184,0.10439321444106135,0.0,0.0,0.0,0.0,0.0,0.0,0.0,0.0,0.0,0.0,0.0,0.0,0.0,0.0,0.0,0.0
72100,4884,2515,0.514946764946765,1215,1025,0.45864045864045866,1423,0.5827190827190827,0.36999999999999994,2.966652596032081,2.98839499841679,6.366959064327485,2.0054360607224324,9419.484726250977,1520.3448187922306,7853.0,10925.305832862854,10895.032367001897,7.040600049567431,7853.0,0.0,28.71171171171171,20.75901119712815,33.295994243223795,18.992775785729176,0.12612612612612611,0.09643734643734644,0.09172809172809172,0.08271908271908272,0.08292383292383293,0.07596232596232597,0.07780507780507781,0.06715806715806716,0.055692055692055695,0.057125307125307126,0.04832104832104832,0.040335790335790336,0.034602784602784604,0.02805077805077805,0.016994266994266993,0.01208026208026208,0.005937755937755937,0.9166923047796222,0.022821044246289914,0.0,0.0,0.0,0.0,0.0,0.0,0.0,0.0,0.0,0.0,0.0,0.0,0.0,0.0,0.0,0.0,0.0,0.0,0.0,0.0,0.0,0.0,0.0,0.0,0.0,0.4729729729729731,6.431203931203933,16.093366093366097,6.615479115479117,0.3869778869778871,4.208,2.8176035644060797,nan,nan,nan,4.251833740831296,2.8357916427880494,4.163568773234201,2.798346325694735,0.9792407293000506,0.4045,0.01199,0.0,0.0,0.0,0.0,0.0,0.0,0.0,0.0,0.0,0.0,0.01842751842751843,10.583538083538068,19.189189189189193,0.20884520884520888,0.0,0.0,0.0,0.0,0.0,0.0,0.0,0.0,0.0,0.0,0.0,0.0,0.0,0.0,0.0,0.0,nan,nan,4.208,2.8176035644060797,nan,0.4045,0.05823,0.0,0.0,0.0,0.0,0.0,0.0,0.0,0.0,0.0,0.0,0.0,0.0,0.0,0.0,0.0,0.0,0.0,0.0,0.0005937755937755937,0.0,0.0,5.118755118755119e-05,6.142506142506142e-05,0.0015868140868140867,0.0037264537264537264,0.0007678132678132678,0.0059275184275184275,0.0012694512694512695,0.0010544635544635546,0.008753071253071253,0.007145782145782146,0.029320229320229322,0.0259009009009009,0.04657043407043407,0.051781326781326784,0.0358005733005733,0.0638001638001638,0.02750819000819001,0.06330876330876331,0.030743243243243245,0.08055896805896806,0.1082002457002457,0.0735053235053235,0.05144348894348894,0.05134111384111384,0.033353808353808356,0.03837018837018837,0.023945536445536444,0.030528255528255527,0.017055692055692056,0.03063063063063063,0.031244881244881246,0.007084357084357084,0.015223177723177723,0.0007473382473382474,0.0001330876330876331,0.0009418509418509419,2.0475020475020476e-05,0.0,0.0,0.0,0.0,0.0,0.0,0.0,0.0,0.0,0.0,0.0,0.0,0.0,0.0,0.0,0.0,0.0,0.0,0.0,0.0,0.0,0.0,0.0,0.0,0.0,0.0,0.0,0.0,0.0,0.0,0.0,0.0,0.0,0.0,0.0,0.0,0.0,0.0,0.0,0.0,0.0,0.0,0.0,nan,nan,4.208,2.8176035644060797,nan,0.9167093613986703,0.02265357585801594,0.0,0.0,0.0,0.0,0.0,0.0,0.0,0.0,0.0,0.0,0.0,0.0,0.0,0.0,0.0,0.0,0.0,0.0,0.0,0.0,0.0,0.0,0.0,0.0,0.0,0.45328031809145136,6.429423459244534,16.389662027833005,6.3339960238568604,0.39363817097415515,0.9166741969717258,0.02299748524070091,0.0,0.0,0.0,0.0,0.0,0.0,0.0,0.0,0.0,0.0,0.0,0.0,0.0,0.0,0.0,0.0,0.0,0.0,0.0,0.0,0.0,0.0,0.0,0.0,0.0,0.4938792739552555,6.43309413254538,15.778809624314059,6.914309835373577,0.379907133811735,0.4048,0.01199,0.0,0.0,0.0,0.0,0.0,0.0,0.0,0.0,0.0,0.0,0.023856858846918495,10.544731610337957,19.216699801192846,0.21471172962226645,0.0,0.0,0.0,0.0,0.0,0.0,0.0,0.0,0.0,0.0,0.0,0.0,0.0,0.0,0.0,0.0,0.4045,0.01199,0.0,0.0,0.0,0.0,0.0,0.0,0.0,0.0,0.0,0.0,0.012663571127057833,10.624736175601504,19.1599831152385,0.20261713803292533,0.0,0.0,0.0,0.0,0.0,0.0,0.0,0.0,0.0,0.0,0.0,0.0,0.0,0.0,0.0,0.0
72200,4418,2272,0.5142598460842009,1025,914,0.43888637392485286,1258,0.5694884563150747,0.414,2.956663560111836,3.1182780237955234,6.624365482233503,2.0651852409943054,9417.286282654908,1520.300068877847,7853.0,10915.52975910902,10894.82077322596,7.022873188362023,7853.0,0.0,27.997736532367586,21.032536271696245,33.113550135501356,19.239930125776873,0.1421457673155274,0.10072430964237211,0.09031235853327298,0.09053870529651425,0.07967406066093255,0.07016749660479855,0.062245359891353554,0.06767768220914441,0.06111362607514713,0.05432322317790855,0.0441376188320507,0.03870529651425984,0.03802625622453599,0.023540063377093707,0.016296966953372568,0.012675418741511997,0.007695789950203712,0.9168113919203504,0.02279757662662412,0.0,0.0,0.0,0.0,0.0,0.0,0.0,0.0,0.0,0.0,0.0,0.0,0.0,0.0,0.0,0.0,0.0,0.0,0.0,0.0,0.0,0.0,0.0,0.0,0.0,0.42779538252603,6.545948392937983,16.086464463558176,6.437301946582165,0.5024898143956542,4.270098730606488,2.9063366627117317,nan,nan,nan,4.253752680486062,2.9136878172716303,4.286012526096034,2.899073455010522,1.0075838554878762,0.4038,0.01188,0.0,0.0,0.0,0.0,0.0,0.0,0.0,0.0,0.0,0.0,0.08148483476686284,11.075147125396091,18.693979176097784,0.14938886373924856,0.0,0.0,0.0,0.0,0.0,0.0,0.0,0.0,0.0,0.0,0.0,0.0,0.0,0.0,0.0,0.0,nan,nan,4.270098730606488,2.9063366627117317,nan,0.4038,0.05887,0.0,0.0,0.0,0.0,0.0,0.0,0.0,0.0,0.0,0.0,0.0,0.0,0.0,0.0,0.0,0.0,0.0,0.0,0.0008261656858306926,0.0,0.0,0.00012449071978270712,7.922136713444998e-05,0.001641014033499321,0.004549569941149842,0.00046401086464463556,0.0063037573562698054,0.001844726120416478,0.0012335898596650067,0.009234947940244454,0.007039384336803984,0.029900407424173835,0.026233589859665007,0.04736306020823902,0.05121095518334088,0.03681530104119511,0.067077863286555,0.02888184698958805,0.05905387052965143,0.030081484834766862,0.08090765052059755,0.1057039384336804,0.07095971027614305,0.051776822091444095,0.05054323223177908,0.034766862833861475,0.039599366229062925,0.022679945676776822,0.03031914893617021,0.017530556813037574,0.030658669081032142,0.031914893617021274,0.005930285196921684,0.014950203712086918,0.000679040289723857,0.00020371208691715708,0.0007922136713444998,0.00012449071978270712,0.0,0.0,0.0,0.0,0.0,0.0,0.0,0.0,0.0,0.0,0.0,0.0,0.0,0.0,0.0,0.0,0.0,0.0,0.0,0.0,0.0,0.0,0.0,0.0,0.0,0.0,0.0,0.0,0.0,0.0,0.0,0.0,0.0,0.0,0.0,0.0,0.0,0.0,0.0,0.0,0.0,0.0,0.0,nan,nan,4.270098730606488,2.9063366627117317,nan,0.9167937276438928,0.0229212896206418,0.0,0.0,0.0,0.0,0.0,0.0,0.0,0.0,0.0,0.0,0.0,0.0,0.0,0.0,0.0,0.0,0.0,0.0,0.0,0.0,0.0,0.0,0.0,0.0,0.0,0.4753521126760564,6.483274647887326,16.02992957746479,6.536091549295776,0.4753521126760564,0.9168300933351277,0.022665849098209425,0.0,0.0,0.0,0.0,0.0,0.0,0.0,0.0,0.0,0.0,0.0,0.0,0.0,0.0,0.0,0.0,0.0,0.0,0.0,0.0,0.0,0.0,0.0,0.0,0.0,0.37744641192917067,6.612301957129545,16.146318732525632,6.332712022367197,0.5312208760484624,0.4038,0.011925,0.0,0.0,0.0,0.0,0.0,0.0,0.0,0.0,0.0,0.0,0.09242957746478876,11.038732394366182,18.73679577464789,0.13204225352112678,0.0,0.0,0.0,0.0,0.0,0.0,0.0,0.0,0.0,0.0,0.0,0.0,0.0,0.0,0.0,0.0,0.404,0.01183,0.0,0.0,0.0,0.0,0.0,0.0,0.0,0.0,0.0,0.0,0.06989748369058715,11.11369990680334,18.648648648648653,0.16775396085740915,0.0,0.0,0.0,0.0,0.0,0.0,0.0,0.0,0.0,0.0,0.0,0.0,0.0,0.0,0.0,0.0
72300,4382,2240,0.5111821086261981,1097,901,0.4559561843906892,1233,0.5627567320858056,0.418,2.977124183006536,3.119311186875019,6.68013468013468,2.07324855669089,9407.986431431997,1520.5998795185606,7853.0,10917.621043384075,10894.942206488842,7.392978853514026,7853.0,0.0,27.484938384299408,20.459478413319466,32.35463693228175,18.730148976304104,0.1378366042902784,0.10406207211319032,0.09242355089000456,0.09310816978548608,0.07827476038338659,0.0737106344135098,0.0689183021451392,0.0659516202647193,0.06070287539936102,0.057279780921953447,0.048836147877681424,0.03765403925148334,0.02464628023733455,0.02510269283432223,0.01620264719306253,0.009128251939753538,0.006161570059333638,0.9165067204407283,0.022903924117594097,0.0,0.0,0.0,0.0,0.0,0.0,0.0,0.0,0.0,0.0,0.0,0.0,0.0,0.0,0.0,0.0,0.0,0.0,0.0,0.0,0.0,0.0,0.0,0.0,0.0068461889548151545,0.3765403925148335,6.8804198995892305,15.801004107713377,6.394340483797355,0.5408489274303971,4.22861199858005,2.885876510693312,nan,nan,nan,4.275618374558304,2.950535536695322,4.181169757489301,2.818319791838947,0.9779099515450184,0.404,0.01239,0.0,0.0,0.0,0.0,0.0,0.0,0.0,0.0,0.0,0.0,0.03423094477407577,10.762209036969406,19.0187129164765,0.18484710178000918,0.0,0.0,0.0,0.0,0.0,0.0,0.0,0.0,0.0,0.0,0.0,0.0,0.0,0.0,0.0,0.0,nan,nan,4.22861199858005,2.885876510693312,nan,0.404,0.0587,0.0,0.0,0.0,0.0,0.0,0.0,0.0,0.0,0.0,0.0,0.0,0.0,0.0,0.0,0.0,0.0,0.0,1.1410314924691921e-05,0.0007644910999543588,0.0,0.0,3.423094477407576e-05,7.987220447284345e-05,0.0013464171611136467,0.0044728434504792336,0.00019397535371976267,0.006104518484710178,0.0018827019625741672,0.0014833409402099497,0.008694659972615244,0.0075878594249201275,0.030899132816065725,0.024680511182108626,0.047044728434504794,0.052955271565495204,0.03638749429484254,0.0658375171154724,0.0306481058877225,0.05794157918758558,0.03056823368324966,0.08182336832496577,0.10350296668188042,0.0730146052031036,0.051871291647649476,0.048425376540392515,0.033466453674121405,0.0408261068005477,0.024326791419443175,0.027932450935645822,0.018484710178000914,0.03250798722044729,0.03189183021451392,0.006252852578731173,0.014593792788680967,0.00044500228206298495,0.0002624372432679142,0.0006732085805568233,7.987220447284345e-05,0.0,0.0,0.0,0.0,0.0,0.0,0.0,0.0,0.0,0.0,0.0,0.0,0.0,0.0,0.0,0.0,0.0,0.0,0.0,0.0,0.0,0.0,0.0,0.0,0.0,0.0,0.0,0.0,0.0,0.0,0.0,0.0,0.0,0.0,0.0,0.0,0.0,0.0,0.0,0.0,0.0,0.0,0.0,nan,nan,4.22861199858005,2.885876510693312,nan,0.9171231680416635,0.023043019665258034,0.0,0.0,0.0,0.0,0.0,0.0,0.0,0.0,0.0,0.0,0.0,0.0,0.0,0.0,0.0,0.0,0.0,0.0,0.0,0.0,0.0,0.0,0.0,0.0,0.013392857142857146,0.4017857142857144,6.616071428571431,15.709821428571432,6.6696428571428585,0.5892857142857144,0.915862069354783,0.022739686819398953,0.0,0.0,0.0,0.0,0.0,0.0,0.0,0.0,0.0,0.0,0.0,0.0,0.0,0.0,0.0,0.0,0.0,0.0,0.0,0.0,0.0,0.0,0.0,0.0,0.0,0.350140056022409,7.156862745098041,15.89635854341737,6.106442577030814,0.49019607843137264,0.404,0.01243,0.0,0.0,0.0,0.0,0.0,0.0,0.0,0.0,0.0,0.0,0.04017857142857143,10.821428571428555,18.99107142857143,0.1473214285714286,0.0,0.0,0.0,0.0,0.0,0.0,0.0,0.0,0.0,0.0,0.0,0.0,0.0,0.0,0.0,0.0,0.4043,0.01235,0.0,0.0,0.0,0.0,0.0,0.0,0.0,0.0,0.0,0.0,0.028011204481792725,10.700280112044803,19.04761904761905,0.2240896358543418,0.0,0.0,0.0,0.0,0.0,0.0,0.0,0.0,0.0,0.0,0.0,0.0,0.0,0.0,0.0,0.0
72400,4213,2221,0.5271777830524567,1054,804,0.4410159031568953,1121,0.5321623546166627,0.442,3.0973895582329316,3.167916665071662,6.634648370497427,2.1461122466348326,9456.385132021147,1518.4861721265006,7853.0,10919.323258042336,10894.450500317465,7.238839815431462,7853.0,0.0,28.349869451697128,21.119185772590168,33.276338028169015,19.352518578271837,0.13838120104438642,0.09280797531450273,0.09257061476382625,0.09114645145976738,0.08165202943270829,0.074056491811061,0.06954664134820793,0.06052694042250178,0.058390695466413484,0.05316876335153098,0.044386422976501305,0.04153809636838358,0.033942558746736295,0.0275338238784714,0.023973415618324233,0.009731782577735581,0.006646095418941372,0.915658600661977,0.022834782057044263,0.0,0.0,0.0,0.0,0.0,0.0,0.0,0.0,0.0,0.0,0.0,0.0,0.0,0.0,0.0,0.0,0.0,0.0,0.0,0.0,0.0,0.0,0.0,0.0,0.0,0.4343698077379541,6.9784001898884425,16.150011868027537,6.074056491811063,0.3631616425350107,4.184981684981685,2.9341730555321854,nan,nan,nan,4.064935064935065,2.898493892149039,4.308265078183172,2.9664766661137407,1.0598607380834004,0.4038,0.01211,0.0,0.0,0.0,0.0,0.0,0.0,0.0,0.0,0.0,0.0,0.021362449560882985,11.179681936862078,18.628056017089964,0.17089959648706388,0.0,0.0,0.0,0.0,0.0,0.0,0.0,0.0,0.0,0.0,0.0,0.0,0.0,0.0,0.0,0.0,nan,nan,4.184981684981685,2.9341730555321854,nan,0.4038,0.0587,0.0,0.0,0.0,0.0,0.0,0.0,0.0,0.0,0.0,0.0,0.0,0.0,0.0,0.0,0.0,0.0,0.0,0.0,0.0009375741751720864,0.0,0.0,3.5604082601471636e-05,9.494422027059102e-05,0.0014478993591265131,0.004806551151198671,8.307619273676715e-05,0.00544742463802516,0.001970092570614764,0.0014122952765250416,0.008070258723000238,0.008461903631616426,0.03010918585331118,0.025065274151436032,0.04869451697127938,0.054521718490386895,0.03582957512461429,0.06655589840968432,0.030750059340137668,0.05862805601708996,0.02955138855922146,0.08092807975314503,0.10325183954426774,0.07145739378115357,0.05252788986470448,0.047934963209114646,0.03266081177308331,0.04241633040588654,0.024578685022549254,0.029207215760740566,0.017600284832660813,0.0335509138381201,0.030595774982197958,0.004676002848326608,0.014585805839069547,0.0003441727984808925,0.0002610966057441253,0.0009375741751720864,0.0,1.1868027533823878e-05,0.0,0.0,0.0,0.0,0.0,0.0,0.0,0.0,0.0,0.0,0.0,0.0,0.0,0.0,0.0,0.0,0.0,0.0,0.0,0.0,0.0,0.0,0.0,0.0,0.0,0.0,0.0,0.0,0.0,0.0,0.0,0.0,0.0,0.0,0.0,0.0,0.0,0.0,0.0,0.0,0.0,0.0,nan,nan,4.184981684981685,2.9341730555321854,nan,0.9158715009420962,0.022957871934633296,0.0,0.0,0.0,0.0,0.0,0.0,0.0,0.0,0.0,0.0,0.0,0.0,0.0,0.0,0.0,0.0,0.0,0.0,0.0,0.0,0.0,0.0,0.0,0.0,0.0,0.43223773075191363,6.848266546600632,16.11436289959478,6.280954524988745,0.3241782980639352,0.9154212253998562,0.022694399994568116,0.0,0.0,0.0,0.0,0.0,0.0,0.0,0.0,0.0,0.0,0.0,0.0,0.0,0.0,0.0,0.0,0.0,0.0,0.0,0.0,0.0,0.0,0.0,0.0,0.0,0.43674698795180733,7.123493975903616,16.189759036144583,5.843373493975904,0.4066265060240965,0.4033,0.012344,0.0,0.0,0.0,0.0,0.0,0.0,0.0,0.0,0.0,0.0,0.027014858171994602,11.643403872129655,18.126969833408378,0.20261143628995953,0.0,0.0,0.0,0.0,0.0,0.0,0.0,0.0,0.0,0.0,0.0,0.0,0.0,0.0,0.0,0.0,0.404,0.01182,0.0,0.0,0.0,0.0,0.0,0.0,0.0,0.0,0.0,0.0,0.015060240963855425,10.662650602409624,19.18674698795181,0.13554216867469882,0.0,0.0,0.0,0.0,0.0,0.0,0.0,0.0,0.0,0.0,0.0,0.0,0.0,0.0,0.0,0.0
72500,4439,2328,0.5244424419914395,1053,915,0.4433430952917324,1237,0.5573327325974319,0.426,3.0255802936996683,3.1629231321674736,6.784853700516351,2.1992436160869913,9448.232714277234,1519.0756941704508,7853.0,10923.28078866005,10894.768908366254,7.4496872182039375,7853.0,0.0,27.41473304798378,20.850455403398197,32.57727765726681,19.107101778106358,0.1462041000225276,0.09889614778103177,0.09416535255688219,0.0910114890741158,0.08492903807163775,0.07434106780806488,0.0664564091011489,0.06217616580310881,0.06059923406172561,0.046632124352331605,0.04009912142374409,0.04145077720207254,0.030186979049335434,0.02703311556656905,0.01892318089659833,0.010137418337463393,0.006758278891642262,0.9171614150228627,0.023411789340498586,0.0,0.0,0.0,0.0,0.0,0.0,0.0,0.0,0.0,0.0,0.0,0.0,0.0,0.0,0.0,0.0,0.0,0.0,0.0,0.0,0.0,0.0,0.0,0.0,0.02027483667492679,0.4257715701734626,6.521739130434784,15.753548096418115,6.771795449425548,0.5068709168731698,4.355445193330969,2.930908540495599,nan,nan,nan,4.385,2.9266613108748043,4.329337094499294,2.933585440717434,0.9873060648801127,0.4033,0.01231,0.0,0.0,0.0,0.0,0.0,0.0,0.0,0.0,0.0,0.0,0.03379139445821132,11.76616355034916,18.04460464068484,0.15544041450777205,0.0,0.0,0.0,0.0,0.0,0.0,0.0,0.0,0.0,0.0,0.0,0.0,0.0,0.0,0.0,0.0,nan,nan,4.355445193330969,2.930908540495599,nan,0.4033,0.0587,0.0,0.0,0.0,0.0,0.0,0.0,0.0,0.0,0.0,0.0,0.0,0.0,0.0,0.0,0.0,0.0,0.0,0.0,0.0007546744762333859,0.0,1.1263798152737103e-05,0.00012390177968010812,0.00019148456859653074,0.00198242847488173,0.005091236765037171,7.884658706915972e-05,0.004877224600135166,0.002004956071187204,0.0012277539986483442,0.0088646091462041,0.008098670871817978,0.029105654426672675,0.026695201621986932,0.05059698130209506,0.054359089885109256,0.0352444244199144,0.06959900878576256,0.028136967785537283,0.05762559134940302,0.027359765712998422,0.08271006983554854,0.10581211984681234,0.06700833521063303,0.052815949538184276,0.04889614778103176,0.032529849065104754,0.04533678756476684,0.026852894796125255,0.02783284523541338,0.016309979725163324,0.03169632800180221,0.028249605767064655,0.005890966433881505,0.014406397837350754,0.0003942329353457986,0.00030412255012390177,0.0009236314485244425,0.0,0.0,0.0,0.0,0.0,0.0,0.0,0.0,0.0,0.0,0.0,0.0,0.0,0.0,0.0,0.0,0.0,0.0,0.0,0.0,0.0,0.0,0.0,0.0,0.0,0.0,0.0,0.0,0.0,0.0,0.0,0.0,0.0,0.0,0.0,0.0,0.0,0.0,0.0,0.0,0.0,0.0,0.0,0.0,nan,nan,4.355445193330969,2.930908540495599,nan,0.9172816838288226,0.023755260103643663,0.0,0.0,0.0,0.0,0.0,0.0,0.0,0.0,0.0,0.0,0.0,0.0,0.0,0.0,0.0,0.0,0.0,0.0,0.0,0.0,0.0,0.0,0.0,0.0,0.038659793814433,0.425257731958763,6.610824742268043,15.322164948453612,7.061855670103094,0.5412371134020619,0.9170287831989525,0.02302634374392119,0.0,0.0,0.0,0.0,0.0,0.0,0.0,0.0,0.0,0.0,0.0,0.0,0.0,0.0,0.0,0.0,0.0,0.0,0.0,0.0,0.0,0.0,0.0,0.0,0.0,0.4263382283278068,6.423495973472289,16.229275225011847,6.451918522027477,0.4689720511605875,0.403,0.012245,0.0,0.0,0.0,0.0,0.0,0.0,0.0,0.0,0.0,0.0,0.025773195876288665,11.739690721649467,18.079896907216497,0.154639175257732,0.0,0.0,0.0,0.0,0.0,0.0,0.0,0.0,0.0,0.0,0.0,0.0,0.0,0.0,0.0,0.0,0.4033,0.01237,0.0,0.0,0.0,0.0,0.0,0.0,0.0,0.0,0.0,0.0,0.04263382283278068,11.795357650402636,18.005684509711042,0.15632401705352916,0.0,0.0,0.0,0.0,0.0,0.0,0.0,0.0,0.0,0.0,0.0,0.0,0.0,0.0,0.0,0.0
72600,4531,2282,0.5036415802251158,1071,915,0.43831383800485546,1268,0.5596998455087178,0.426,2.940417963539351,3.140408902971581,6.607431340872375,2.242058617214147,9384.98089115854,1520.8722658895158,7853.0,10921.74303495884,10894.807807992704,7.248759903943513,7853.0,0.0,27.620613551092475,21.022960588972126,32.89598297419526,19.203148915311,0.14897373648201281,0.10593687927609799,0.09203266387111013,0.08055616861619952,0.08055616861619952,0.07018318252041492,0.0695210770249393,0.06113440741558155,0.05782387993820349,0.05274773780622379,0.04502317369234165,0.04060913705583756,0.03465018759655705,0.025822114323548886,0.016111233723239905,0.012359302582211433,0.005958949459280512,0.9175449449135699,0.022856262905894417,0.0,0.0,0.0,0.0,0.0,0.0,0.0,0.0,0.0,0.0,0.0,0.0,0.0,0.0,0.0,0.0,0.0,0.0,0.0,0.0,0.0,0.0,0.0,0.0,0.0,0.3707790774663431,6.49525491061576,15.665416022952993,7.0448024718605184,0.42374751710439207,4.388888888888889,2.9275063125254817,nan,nan,nan,4.314685314685315,2.906755046606637,4.465148378191857,2.944680901711516,1.0348723145566214,0.403,0.01206,0.0,0.0,0.0,0.0,0.0,0.0,0.0,0.0,0.0,0.0,0.05958949459280513,11.91127786360625,17.830500993158246,0.1986316486426838,0.0,0.0,0.0,0.0,0.0,0.0,0.0,0.0,0.0,0.0,0.0,0.0,0.0,0.0,0.0,0.0,nan,nan,4.388888888888889,2.9275063125254817,nan,0.403,0.05835,0.0,0.0,0.0,0.0,0.0,0.0,0.0,0.0,0.0,0.0,0.0,0.0,0.0,0.0,0.0,0.0,0.0,0.0,0.000584859854336791,0.0,0.0,3.310527477378062e-05,0.0003420878393290664,0.0016662988302802912,0.004601633193555507,0.00011035091591260208,0.004932685941293312,0.002019421761200618,0.0016994041050540718,0.009313617303023615,0.006753476053851247,0.02980578238799382,0.029044361068196866,0.050595894945928054,0.051997351578018096,0.037916574707570073,0.06821893621717061,0.028580887221363937,0.056709335687486206,0.02770911498565438,0.08162657250055176,0.10802251158684617,0.06839549768263077,0.05172147428823659,0.04885235047450894,0.03243213418671375,0.04462591039505628,0.026837342749944825,0.03032443169278305,0.015040829838887663,0.029540940189803574,0.03030236150960053,0.005550651070403884,0.01277863606267932,0.0002538071065989848,0.00017656146546016332,0.0008497020525270359,0.0,0.0,2.2070183182520416e-05,0.0,0.0,0.0,0.0,1.1035091591260208e-05,0.0,0.0,0.0,0.0,0.0,0.0,0.0,0.0,0.0,0.0,0.0,0.0,0.0,0.0,0.0,0.0,0.0,0.0,0.0,0.0,0.0,0.0,0.0,0.0,0.0,0.0,0.0,0.0,0.0,0.0,0.0,0.0,0.0,0.0,0.0,0.0,nan,nan,4.388888888888889,2.9275063125254817,nan,0.9176359126747543,0.02292163386568657,0.0,0.0,0.0,0.0,0.0,0.0,0.0,0.0,0.0,0.0,0.0,0.0,0.0,0.0,0.0,0.0,0.0,0.0,0.0,0.0,0.0,0.0,0.0,0.0,0.0,0.3549517966695882,6.494303242769502,15.657318141980722,7.0858895705521485,0.4075372480280457,0.9174526423653161,0.0227893699448055,0.0,0.0,0.0,0.0,0.0,0.0,0.0,0.0,0.0,0.0,0.0,0.0,0.0,0.0,0.0,0.0,0.0,0.0,0.0,0.0,0.0,0.0,0.0,0.0,0.0,0.3868385949310806,6.496220542463319,15.67363272565585,7.003112494441976,0.4401956425077813,0.403,0.01201,0.0,0.0,0.0,0.0,0.0,0.0,0.0,0.0,0.0,0.0,0.052585451358457505,12.042068361086748,17.69500438212095,0.21034180543383002,0.0,0.0,0.0,0.0,0.0,0.0,0.0,0.0,0.0,0.0,0.0,0.0,0.0,0.0,0.0,0.0,0.403,0.012115,0.0,0.0,0.0,0.0,0.0,0.0,0.0,0.0,0.0,0.0,0.06669630947087596,11.778568252556674,17.967985771453982,0.1867496665184527,0.0,0.0,0.0,0.0,0.0,0.0,0.0,0.0,0.0,0.0,0.0,0.0,0.0,0.0,0.0,0.0
72700,4712,2483,0.5269524617996605,1165,942,0.44715619694397285,1306,0.5543293718166383,0.414,3.034993270524899,3.0852454651914,6.532182103610675,2.1594923043076992,9455.906986523729,1518.7194746311593,7853.0,10928.322100639343,10894.843624848898,7.191385587017623,7853.0,0.0,28.150042444821732,20.942119077145044,33.07013118062563,19.189390828430245,0.13858234295415958,0.10144312393887946,0.08934634974533107,0.08531409168081494,0.08191850594227504,0.07640067911714771,0.06451612903225806,0.06494057724957555,0.056451612903225805,0.056239388794567066,0.04966044142614601,0.038837011884550084,0.03353140916808149,0.026952461799660443,0.01697792869269949,0.0116723259762309,0.007215619694397283,0.918280562667369,0.023287518029928345,0.0,0.0,0.0,0.0,0.0,0.0,0.0,0.0,0.0,0.0,0.0,0.0,0.0,0.0,0.0,0.0,0.0,0.0,0.0,0.0,0.0,0.0,0.0,0.0,0.0,0.38200339558573865,6.309422750424449,15.553904923599324,7.092529711375214,0.6621392190152803,4.3327852680039465,2.890937734166549,nan,nan,nan,4.274161735700197,2.8996672320598793,4.391447368421052,2.8809821990842712,1.0274406164233842,0.4023,0.01209,0.0,0.0,0.0,0.0,0.0,0.0,0.0,0.0,0.0,0.0,0.05093378607809848,12.637945670628165,17.132852292020377,0.1782682512733447,0.0,0.0,0.0,0.0,0.0,0.0,0.0,0.0,0.0,0.0,0.0,0.0,0.0,0.0,0.0,0.0,nan,nan,4.3327852680039465,2.890937734166549,nan,0.4023,0.05826,0.0,0.0,0.0,0.0,0.0,0.0,0.0,0.0,0.0,0.0,0.0,0.0,0.0,0.0,0.0,0.0,0.0,0.0,0.00042444821731748726,0.0,0.0,6.366723259762309e-05,0.00015916808149405774,0.0020161290322580645,0.004361205432937182,0.00015916808149405774,0.004658319185059423,0.0017614601018675722,0.0020373514431239388,0.010197368421052632,0.007364176570458404,0.0291383701188455,0.030199490662139217,0.05234507640067912,0.055549660441426146,0.036322156196943976,0.06877122241086588,0.027695246179966045,0.05929541595925297,0.02763157894736842,0.07862903225806452,0.1069078947368421,0.0670097623089983,0.052992359932088284,0.05021222410865874,0.03205645161290323,0.04378183361629881,0.027461799660441426,0.02865025466893039,0.016171477079796263,0.027429966044142613,0.028745755517826824,0.005793718166383701,0.012680390492359932,0.0003926146010186757,0.00014855687606112053,0.0007852292020373514,0.0,0.0,0.0,0.0,0.0,0.0,0.0,0.0,0.0,0.0,0.0,0.0,0.0,0.0,0.0,0.0,0.0,0.0,0.0,0.0,0.0,0.0,0.0,0.0,0.0,0.0,0.0,0.0,0.0,0.0,0.0,0.0,0.0,0.0,0.0,0.0,0.0,0.0,0.0,0.0,0.0,0.0,0.0,0.0,nan,nan,4.3327852680039465,2.890937734166549,nan,0.9182280393987234,0.023201664827103008,0.0,0.0,0.0,0.0,0.0,0.0,0.0,0.0,0.0,0.0,0.0,0.0,0.0,0.0,0.0,0.0,0.0,0.0,0.0,0.0,0.0,0.0,0.0,0.0,0.0,0.38662907772855426,6.258558195730972,15.73097060008055,6.959323399113977,0.6645187273459526,0.9183390710908985,0.023382644356539518,0.0,0.0,0.0,0.0,0.0,0.0,0.0,0.0,0.0,0.0,0.0,0.0,0.0,0.0,0.0,0.0,0.0,0.0,0.0,0.0,0.0,0.0,0.0,0.0,0.0,0.3768506056527592,6.366083445491253,15.356662180349936,7.24091520861373,0.6594885598923285,0.4026,0.01188,0.0,0.0,0.0,0.0,0.0,0.0,0.0,0.0,0.0,0.0,0.01208215867901732,12.420459122029785,17.36206202174789,0.20539669754329445,0.0,0.0,0.0,0.0,0.0,0.0,0.0,0.0,0.0,0.0,0.0,0.0,0.0,0.0,0.0,0.0,0.402,0.01232,0.0,0.0,0.0,0.0,0.0,0.0,0.0,0.0,0.0,0.0,0.0942126514131898,12.880215343203211,16.877523553162856,0.1480484522207268,0.0,0.0,0.0,0.0,0.0,0.0,0.0,0.0,0.0,0.0,0.0,0.0,0.0,0.0,0.0,0.0
72800,4731,2448,0.517438173747622,1117,951,0.43711688860705983,1289,0.5449165081378144,0.422,2.967148488830486,3.1848123032936826,6.692556634304207,2.3190451669328813,9426.892642083518,1519.9344640490722,7853.0,10915.540969729424,10894.701834026602,7.18170127298713,7853.0,0.0,27.41978440076094,20.827381393777124,32.48668526502663,19.123270649628253,0.14584654407102093,0.09976749101669838,0.10336081166772353,0.08476009300359331,0.07799619530754598,0.07398013105051786,0.06552525893045867,0.06552525893045867,0.05897273303741281,0.05094060452335659,0.04311984781230184,0.03635595011625449,0.034030860283238214,0.024307757345170156,0.01606425702811245,0.013316423589093214,0.006129782287042909,0.9184930478259087,0.023066112586225228,0.0,0.0,0.0,0.0,0.0,0.0,0.0,0.0,0.0,0.0,0.0,0.0,0.0,0.0,0.0,0.0,0.0,0.0,0.0,0.0,0.0,0.0,0.0,0.0,0.0,0.3677869372225746,6.106531388712748,15.77679137603044,7.216233354470515,0.5326569435637287,4.402159244264507,2.975191291145121,nan,nan,nan,4.392396469789545,3.0355659189644646,4.412751677852349,2.915033668301174,1.0046341918819954,0.4016,0.01259,0.0,0.0,0.0,0.0,0.0,0.0,0.0,0.0,0.0,0.0,0.06975269499048828,13.259353202282798,16.51236525047559,0.15852885225110971,0.0,0.0,0.0,0.0,0.0,0.0,0.0,0.0,0.0,0.0,0.0,0.0,0.0,0.0,0.0,0.0,nan,nan,4.402159244264507,2.975191291145121,nan,0.4016,0.05923,0.0,0.0,0.0,0.0,0.0,0.0,0.0,0.0,0.0,0.0,0.0,0.0,0.0,0.0,0.0,0.0,0.0,0.0,0.000528429507503699,0.0,1.056859015007398e-05,0.00017966603255125765,0.0001479602621010357,0.0018706404565630944,0.0054533925174381735,5.28429507503699e-05,0.005220883534136547,0.0024413443246670895,0.0019974635383639824,0.011361234411329529,0.00814838300570704,0.02780596068484464,0.031927710843373494,0.054100612978228706,0.05673219192559713,0.03648277319805538,0.06809342633692665,0.027784823504544493,0.05902557598816318,0.027224688226590573,0.0783132530120482,0.10432255337138026,0.06562037624180934,0.05038046924540266,0.04668146269287677,0.03214965123652505,0.043849080532656945,0.028524624815049672,0.029602621010357218,0.016476432043965334,0.02735151130839146,0.029095328683153666,0.006679348974846755,0.01279856267173959,0.0003381948848023674,0.0006552525893045867,0.0005707038681039949,0.0,0.0,0.0,0.0,0.0,0.0,0.0,0.0,0.0,0.0,0.0,0.0,0.0,0.0,0.0,0.0,0.0,0.0,0.0,0.0,0.0,0.0,0.0,0.0,0.0,0.0,0.0,0.0,0.0,0.0,0.0,0.0,0.0,0.0,0.0,0.0,0.0,0.0,0.0,0.0,0.0,0.0,0.0,0.0,nan,nan,4.402159244264507,2.975191291145121,nan,0.9185380987287347,0.023167405317828,0.0,0.0,0.0,0.0,0.0,0.0,0.0,0.0,0.0,0.0,0.0,0.0,0.0,0.0,0.0,0.0,0.0,0.0,0.0,0.0,0.0,0.0,0.0,0.0,0.0,0.3799019607843138,6.10294117647059,15.723039215686278,7.291666666666668,0.502450980392157,0.9184447409445603,0.022956904322975945,0.0,0.0,0.0,0.0,0.0,0.0,0.0,0.0,0.0,0.0,0.0,0.0,0.0,0.0,0.0,0.0,0.0,0.0,0.0,0.0,0.0,0.0,0.0,0.0,0.0,0.3547963206307491,6.110381077529568,15.834428383705653,7.135348226018398,0.5650459921156374,0.4016,0.01263,0.0,0.0,0.0,0.0,0.0,0.0,0.0,0.0,0.0,0.0,0.06127450980392158,13.370098039215668,16.4093137254902,0.15931372549019612,0.0,0.0,0.0,0.0,0.0,0.0,0.0,0.0,0.0,0.0,0.0,0.0,0.0,0.0,0.0,0.0,0.4016,0.01256,0.0,0.0,0.0,0.0,0.0,0.0,0.0,0.0,0.0,0.0,0.07884362680683313,13.1406044678055,16.622864651773984,0.15768725361366626,0.0,0.0,0.0,0.0,0.0,0.0,0.0,0.0,0.0,0.0,0.0,0.0,0.0,0.0,0.0,0.0
72900,4803,2475,0.5153029356652092,1159,972,0.4436810326879034,1323,0.5509056839475328,0.43,2.966494845360825,3.084950346719702,6.625,2.0764237269466848,9420.661657848272,1520.403279728653,7853.0,10920.338058590889,10895.213714200101,7.293520300341937,7853.0,0.0,27.948365604830315,21.074563968060854,33.04183266932271,19.293477910123276,0.14366021236727045,0.10201957110139497,0.09598167811784301,0.08057464084946908,0.07974182802415157,0.07370393504059962,0.0647511971684364,0.06329377472413075,0.05850510097855507,0.05600666250260254,0.044555486154486776,0.04184884447220487,0.03123048094940662,0.02644180720383094,0.018321882156985218,0.011659379554445138,0.007703518634186966,0.9196318109383465,0.02289868544452831,0.0,0.0,0.0,0.0,0.0,0.0,0.0,0.0,0.0,0.0,0.0,0.0,0.0,0.0,0.0,0.0,0.0,0.0,0.0,0.0,0.0,0.0,0.0,0.0,0.0,0.3372891942535916,5.390381011867584,16.239850093691444,7.35165521549032,0.6808244846970645,4.248865845755023,2.84321747713989,nan,nan,nan,4.194948186528498,2.8371518178853017,4.304347826086956,2.84857522927456,1.0260789012626617,0.4023,0.012314,0.0,0.0,0.0,0.0,0.0,0.0,0.0,0.0,0.0,0.0,0.04372267332916928,12.835727670206103,16.983135540287325,0.13741411617738916,0.0,0.0,0.0,0.0,0.0,0.0,0.0,0.0,0.0,0.0,0.0,0.0,0.0,0.0,0.0,0.0,nan,nan,4.248865845755023,2.84321747713989,nan,0.4023,0.05945,0.0,0.0,0.0,0.0,0.0,0.0,0.0,0.0,0.0,0.0,0.0,0.0,0.0,0.0,0.0,0.0,0.0,0.0,0.00044763689360816154,0.0,0.0,0.00012492192379762648,0.0001977930460129086,0.002383926712471372,0.005153029356652092,1.0410160316468873e-05,0.004778263585259213,0.002050801582344368,0.0017489069331667708,0.012034145325838018,0.008380179054757443,0.029533624817822193,0.030356027482823237,0.0520716219029773,0.0573912138246929,0.03631063918384343,0.06975848428065792,0.026202373516552156,0.057536956069123464,0.02653549864667916,0.07789922964813659,0.10213408286487612,0.06392879450343535,0.051655215490318554,0.04529460753695607,0.033468665417447425,0.0459192171559442,0.029918800749531543,0.030657922132000835,0.017999167187174682,0.026774932333957942,0.030272746200291484,0.00693316677076827,0.013262544243181344,0.00012492192379762648,0.0005413283364563814,0.00020820320632937748,0.0,0.0,0.0,0.0,0.0,0.0,0.0,0.0,0.0,0.0,0.0,0.0,0.0,0.0,0.0,0.0,0.0,0.0,0.0,0.0,0.0,0.0,0.0,0.0,0.0,0.0,0.0,0.0,0.0,0.0,0.0,0.0,0.0,0.0,0.0,0.0,0.0,0.0,0.0,0.0,0.0,0.0,0.0,0.0,nan,nan,4.248865845755023,2.84321747713989,nan,0.9199032016474791,0.023073823174518268,0.0,0.0,0.0,0.0,0.0,0.0,0.0,0.0,0.0,0.0,0.0,0.0,0.0,0.0,0.0,0.0,0.0,0.0,0.0,0.0,0.0,0.0,0.0,0.0,0.0,0.31515151515151524,5.406060606060607,16.060606060606062,7.442424242424244,0.775757575757576,0.9193432834447455,0.022707450640806242,0.0,0.0,0.0,0.0,0.0,0.0,0.0,0.0,0.0,0.0,0.0,0.0,0.0,0.0,0.0,0.0,0.0,0.0,0.0,0.0,0.0,0.0,0.0,0.0,0.0,0.36082474226804134,5.373711340206187,16.430412371134025,7.2551546391752595,0.5798969072164949,0.402,0.01227,0.0,0.0,0.0,0.0,0.0,0.0,0.0,0.0,0.0,0.0,0.0484848484848485,13.042424242424223,16.787878787878793,0.12121212121212123,0.0,0.0,0.0,0.0,0.0,0.0,0.0,0.0,0.0,0.0,0.0,0.0,0.0,0.0,0.0,0.0,0.4026,0.01237,0.0,0.0,0.0,0.0,0.0,0.0,0.0,0.0,0.0,0.0,0.038659793814433,12.61597938144328,17.19072164948454,0.154639175257732,0.0,0.0,0.0,0.0,0.0,0.0,0.0,0.0,0.0,0.0,0.0,0.0,0.0,0.0,0.0,0.0
73000,4986,2659,0.5332932210188528,1290,956,0.45046129161652626,1365,0.5475330926594465,0.39399999999999996,3.1104426299957026,3.2039012695647555,6.7402031930333814,2.115152456720609,9475.515580796055,1517.8559292447223,7853.0,10920.876383006573,10895.445538115506,7.2643827486983685,7853.0,0.0,28.291817087845967,20.670550109383775,32.84628060263653,18.99455158545633,0.1277577216205375,0.10048134777376655,0.09426393902928198,0.09025270758122744,0.07801845166466105,0.07741676694745286,0.06959486562374649,0.06658644203770557,0.055756117127958284,0.05555555555555555,0.04713196951464099,0.03931006819093462,0.037505014039310065,0.027476935419173686,0.018451664661050943,0.009626955475330927,0.0048134777376654635,0.9203826641993402,0.02267933872954667,0.0,0.0,0.0,0.0,0.0,0.0,0.0,0.0,0.0,0.0,0.0,0.0,0.0,0.0,0.0,0.0,0.0,0.0,0.0,0.0,0.0,0.0,0.0,0.0,0.00601684717208183,0.23465703971119137,5.1805054151624566,16.028880866425997,7.918170878459689,0.6317689530685923,4.252238345168262,3.0055480895017066,nan,nan,nan,4.250777846919727,2.9454632753552206,4.2536764705882355,3.063560534774967,1.0006819042944362,0.4028,0.01214,0.0,0.0,0.0,0.0,0.0,0.0,0.0,0.0,0.0,0.0,0.04813477737665464,12.29843561973524,17.400722021660652,0.25270758122743686,0.0,0.0,0.0,0.0,0.0,0.0,0.0,0.0,0.0,0.0,0.0,0.0,0.0,0.0,0.0,0.0,nan,nan,4.252238345168262,3.0055480895017066,nan,0.4028,0.05896,0.0,0.0,0.0,0.0,0.0,0.0,0.0,0.0,0.0,0.0,0.0,0.0,0.0,0.0,0.0,0.0,0.0,0.0,0.0007420778178900923,0.0,0.0,0.00010028078620136381,0.00042117930204572804,0.0018451664661050943,0.00435218612113919,2.0056157240272763e-05,0.004322101885278781,0.002045728038507822,0.0019855595667870036,0.011241476133172884,0.00798235058162856,0.02774769354191737,0.028780585639791415,0.05036101083032491,0.05795226634576815,0.0384777376654633,0.07326514239871641,0.027396710790212594,0.05489370236662655,0.026012835940633774,0.07902125952667469,0.10071199358202969,0.06555354993983153,0.05399117529081428,0.04590854392298436,0.031227436823104693,0.04559767348576013,0.030054151624548737,0.03162855996791015,0.019444444444444445,0.02796831127156037,0.027627356598475733,0.00703971119133574,0.01374849578820698,0.00012033694344163658,0.00030084235860409147,0.00010028078620136381,0.0,1.0028078620136381e-05,0.0,0.0,0.0,0.0,0.0,0.0,0.0,0.0,0.0,0.0,0.0,0.0,0.0,0.0,0.0,0.0,0.0,0.0,0.0,0.0,0.0,0.0,0.0,0.0,0.0,0.0,0.0,0.0,0.0,0.0,0.0,0.0,0.0,0.0,0.0,0.0,0.0,0.0,0.0,0.0,0.0,0.0,nan,nan,4.252238345168262,3.0055480895017066,nan,0.9200698968699751,0.023223147051092005,0.0,0.0,0.0,0.0,0.0,0.0,0.0,0.0,0.0,0.0,0.0,0.0,0.0,0.0,0.0,0.0,0.0,0.0,0.0,0.0,0.0,0.0,0.0,0.0,0.011282437006393383,0.28206092515983455,5.494546822113578,15.524633320797294,8.089507333584056,0.5979691613388494,0.9207400549723449,0.02203609127182524,0.0,0.0,0.0,0.0,0.0,0.0,0.0,0.0,0.0,0.0,0.0,0.0,0.0,0.0,0.0,0.0,0.0,0.0,0.0,0.0,0.0,0.0,0.0,0.0,0.0,0.18048990116029226,4.821658788139236,16.60507090674689,7.722389342501076,0.6703910614525141,0.4028,0.01201,0.0,0.0,0.0,0.0,0.0,0.0,0.0,0.0,0.0,0.0,0.03384731101918015,12.185031966904834,17.532907107935316,0.24821361414065443,0.0,0.0,0.0,0.0,0.0,0.0,0.0,0.0,0.0,0.0,0.0,0.0,0.0,0.0,0.0,0.0,0.4026,0.01229,0.0,0.0,0.0,0.0,0.0,0.0,0.0,0.0,0.0,0.0,0.06446067898581866,12.428018908465818,17.249677696605072,0.2578427159432746,0.0,0.0,0.0,0.0,0.0,0.0,0.0,0.0,0.0,0.0,0.0,0.0,0.0,0.0,0.0,0.0
73100,4718,2429,0.5148367952522255,1097,1008,0.44616362865621023,1362,0.5773632895294616,0.422,2.9903888160768894,3.099189465054219,6.792207792207792,1.9744317764712158,9419.24285590569,1520.444788494425,7853.0,10919.110421359539,10895.212348358604,7.06281276369175,7853.0,0.0,27.658117846545146,20.966077812501407,32.8607853136155,19.175974503513952,0.14752013565069944,0.09919457397202204,0.09389571852479864,0.08456973293768547,0.08033064857990674,0.07333615938957186,0.07248834251801611,0.06464603645612547,0.05447223399745655,0.0476896990250106,0.04345061466723188,0.04514624841034336,0.032640949554896145,0.02628232301822806,0.016532428995337006,0.010385756676557863,0.00741839762611276,0.9187360244592705,0.022839214298842368,0.0,0.0,0.0,0.0,0.0,0.0,0.0,0.0,0.0,0.0,0.0,0.0,0.0,0.0,0.0,0.0,0.0,0.0,0.0,0.0,0.0,0.0,0.0,0.0,0.0063586265366680815,0.3433658329800764,5.837219160661299,15.915642221280207,7.4395930479016545,0.45782111064010184,4.3681592039801,2.9000682375217686,nan,nan,nan,4.425363276089828,2.8994676833678317,4.310459693537641,2.8995308245540827,0.9740352203008938,0.403,0.0121,0.0,0.0,0.0,0.0,0.0,0.0,0.0,0.0,0.0,0.0,0.038151759220008484,11.757100466299262,18.02670623145401,0.17804154302670627,0.0,0.0,0.0,0.0,0.0,0.0,0.0,0.0,0.0,0.0,0.0,0.0,0.0,0.0,0.0,0.0,nan,nan,4.3681592039801,2.9000682375217686,nan,0.403,0.05893,0.0,0.0,0.0,0.0,0.0,0.0,0.0,0.0,0.0,0.0,0.0,0.0,0.0,0.0,0.0,0.0,0.0,0.0,0.0007842306061890632,0.0,1.05977108944468e-05,0.000211954217888936,0.0001483679525222552,0.0011869436201780415,0.004440440864773209,2.11954217888936e-05,0.0037833827893175073,0.002702416278083934,0.0019499788045782111,0.011360746078846969,0.007132259431962696,0.02702416278083934,0.027437473505722763,0.04986222975837219,0.059718100890207716,0.041807969478592624,0.0723717676981772,0.02840186519711742,0.056432810512929206,0.026155150487494703,0.07700296735905045,0.09580330648579907,0.0637452310300975,0.05465239508266215,0.04614243323442137,0.028963543874523105,0.04674650275540483,0.033785502331496395,0.033732513777024166,0.020548961424332345,0.027267910131411614,0.02702416278083934,0.007768122085629504,0.013353115727002967,0.0001377702416278084,0.00038151759220008476,0.0,0.0,0.0,0.0,0.0,0.0,0.0,0.0,0.0,0.0,0.0,0.0,0.0,0.0,0.0,0.0,0.0,0.0,0.0,0.0,0.0,0.0,0.0,0.0,0.0,0.0,0.0,0.0,0.0,0.0,0.0,0.0,0.0,0.0,0.0,0.0,0.0,0.0,0.0,0.0,0.0,0.0,0.0,0.0,0.0,nan,nan,4.3681592039801,2.9000682375217686,nan,0.9189520746211841,0.022544746104171492,0.0,0.0,0.0,0.0,0.0,0.0,0.0,0.0,0.0,0.0,0.0,0.0,0.0,0.0,0.0,0.0,0.0,0.0,0.0,0.0,0.0,0.0,0.0,0.0,0.012350761630300537,0.2593659942363113,5.854261012762455,15.87072869493619,7.546315356113628,0.4569781803211199,0.9185067602201756,0.023145391035068946,0.0,0.0,0.0,0.0,0.0,0.0,0.0,0.0,0.0,0.0,0.0,0.0,0.0,0.0,0.0,0.0,0.0,0.0,0.0,0.0,0.0,0.0,0.0,0.0,0.0,0.4325032765399739,5.819134993446921,15.96330275229358,7.326343381389255,0.4587155963302753,0.403,0.01229,0.0,0.0,0.0,0.0,0.0,0.0,0.0,0.0,0.0,0.0,0.024701523260601075,11.91848497324,17.87155207904488,0.18526142445450808,0.0,0.0,0.0,0.0,0.0,0.0,0.0,0.0,0.0,0.0,0.0,0.0,0.0,0.0,0.0,0.0,0.4033,0.01189,0.0,0.0,0.0,0.0,0.0,0.0,0.0,0.0,0.0,0.0,0.052424639580602894,11.585845347313219,18.191349934469205,0.17038007863695942,0.0,0.0,0.0,0.0,0.0,0.0,0.0,0.0,0.0,0.0,0.0,0.0,0.0,0.0,0.0,0.0
73200,4897,2524,0.5154176026138452,1157,1003,0.44108637941596895,1380,0.5636103736981826,0.418,2.9768225874420566,3.12256480708159,6.621580547112462,2.1986364786141226,9421.058224518067,1520.4385233768944,7853.0,10916.54467523098,10895.3063096137,7.166143279413462,7853.0,0.0,27.602001225239942,20.91424432682907,32.96885813148789,19.051975609447375,0.14927506636716356,0.1016949152542373,0.09148458239738616,0.08066162956912395,0.08209107616908311,0.07616908311210946,0.0665713702266694,0.06228303042679191,0.06432509699816213,0.04962221768429651,0.03982029814171942,0.04063712477026751,0.035531958341841946,0.025525832142127832,0.01899121911374311,0.01000612619971411,0.005309373085562589,0.91928351491428,0.02305918308390948,0.0,0.0,0.0,0.0,0.0,0.0,0.0,0.0,0.0,0.0,0.0,0.0,0.0,0.0,0.0,0.0,0.0,0.0,0.0,0.0,0.0,0.0,0.0,0.0,0.006126199714110682,0.3308147845619768,5.599346538697163,15.946497855830103,7.584235246069023,0.5329793751276293,4.373873873873874,2.890625161090597,nan,nan,nan,4.390137328339575,2.8955133584747923,4.356573705179283,2.8853156548000913,0.9923547669127274,0.403,0.01221,0.0,0.0,0.0,0.0,0.0,0.0,0.0,0.0,0.0,0.0,0.03675719828466409,12.258525627935454,17.588319379211764,0.11639779456810294,0.0,0.0,0.0,0.0,0.0,0.0,0.0,0.0,0.0,0.0,0.0,0.0,0.0,0.0,0.0,0.0,nan,nan,4.373873873873874,2.890625161090597,nan,0.403,0.05872,0.0,0.0,0.0,0.0,0.0,0.0,0.0,0.0,0.0,0.0,0.0,0.0,0.0,0.0,0.0,0.0,0.0,0.0,0.0008985092914028998,0.0,0.0,0.00020420665713702266,0.00010210332856851133,0.0010516642842556666,0.004706963447008373,0.0,0.004084133142740453,0.003369409842760874,0.002215642229936696,0.010751480498264243,0.006779661016949152,0.026832754747804777,0.02676128241780682,0.049520114355728,0.059240351235450274,0.041157851745966915,0.07506636716356953,0.027251378394935674,0.055962834388401064,0.02424954053502144,0.07762916071063916,0.09443536859301613,0.06878701245660608,0.05448233612415765,0.04560955687155401,0.029936695936287522,0.046998162140085765,0.03509291402899734,0.033734939759036145,0.020502348376557077,0.02619971411068001,0.024749846845007147,0.007586277312640392,0.013406167041045539,0.00013273432713906475,0.0005105166428425567,0.0,0.0,0.0,0.0,0.0,0.0,0.0,0.0,0.0,0.0,0.0,0.0,0.0,0.0,0.0,0.0,0.0,0.0,0.0,0.0,0.0,0.0,0.0,0.0,0.0,0.0,0.0,0.0,0.0,0.0,0.0,0.0,0.0,0.0,0.0,0.0,0.0,0.0,0.0,0.0,0.0,0.0,0.0,0.0,0.0,nan,nan,4.373873873873874,2.890625161090597,nan,0.9193014204265955,0.022948203867119685,0.0,0.0,0.0,0.0,0.0,0.0,0.0,0.0,0.0,0.0,0.0,0.0,0.0,0.0,0.0,0.0,0.0,0.0,0.0,0.0,0.0,0.0,0.0,0.0,0.011885895404120446,0.29714738510301114,5.764659270998417,15.665610142630747,7.785261489698892,0.47543581616481784,0.9192644700288672,0.023176625802619713,0.0,0.0,0.0,0.0,0.0,0.0,0.0,0.0,0.0,0.0,0.0,0.0,0.0,0.0,0.0,0.0,0.0,0.0,0.0,0.0,0.0,0.0,0.0,0.0,0.0,0.3666245259165614,5.423514538558788,16.245259165613152,7.370417193426045,0.5941845764854615,0.403,0.01222,0.0,0.0,0.0,0.0,0.0,0.0,0.0,0.0,0.0,0.0,0.011885895404120446,12.099841521394595,17.733755942947706,0.15451664025356582,0.0,0.0,0.0,0.0,0.0,0.0,0.0,0.0,0.0,0.0,0.0,0.0,0.0,0.0,0.0,0.0,0.403,0.01219,0.0,0.0,0.0,0.0,0.0,0.0,0.0,0.0,0.0,0.0,0.06321112515802782,12.42730720606825,17.433628318584073,0.07585335018963339,0.0,0.0,0.0,0.0,0.0,0.0,0.0,0.0,0.0,0.0,0.0,0.0,0.0,0.0,0.0,0.0
73300,4743,2417,0.5095930845456462,1153,953,0.444022770398482,1303,0.5494412818890997,0.43,2.9699054170249357,3.1377033034193653,6.666139240506329,2.086937743481833,9403.4846047138,1521.025587963318,7853.0,10918.200082659721,10895.593496134694,7.275539726308869,7853.0,0.0,27.893738140417458,20.942047502058827,33.00100984599848,19.1394515436763,0.14210415348935274,0.09951507484714316,0.09297912713472485,0.08623234239932533,0.08559983133038161,0.06599198819312671,0.06915454353784524,0.06620282521610794,0.05502846299810247,0.052920092768290114,0.0457516339869281,0.04364326375711575,0.0356314568838288,0.022348724436010964,0.01918616909129243,0.012017710309930424,0.0056925996204933585,0.9200047630563004,0.023004209335039393,0.0,0.0,0.0,0.0,0.0,0.0,0.0,0.0,0.0,0.0,0.0,0.0,0.0,0.0,0.0,0.0,0.0,0.0,0.0,0.0,0.0,0.0,0.0,0.0,0.012650221378874133,0.32258064516129037,5.313092979127136,15.907653383934221,7.906388361796333,0.5376344086021506,4.2661184210526315,2.90732458613316,nan,nan,nan,4.318802862719584,2.9318641380837867,4.212242182302062,2.8810176391839715,0.9753263383847951,0.4036,0.01218,0.0,0.0,0.0,0.0,0.0,0.0,0.0,0.0,0.0,0.0,0.06957621758380773,11.442125237191634,18.32384566729918,0.16445287792536376,0.0,0.0,0.0,0.0,0.0,0.0,0.0,0.0,0.0,0.0,0.0,0.0,0.0,0.0,0.0,0.0,nan,nan,4.2661184210526315,2.90732458613316,nan,0.4036,0.05887,0.0,0.0,0.0,0.0,0.0,0.0,0.0,0.0,0.0,0.0,0.0,0.0,0.0,0.0,0.0,0.0,0.0,0.0,0.0007273877292852625,1.0541851149061775e-05,0.0,0.00010541851149061775,7.379295804343243e-05,0.0009593084545646216,0.004680581910183428,0.0,0.004944128188909973,0.002709255745308876,0.00290955091714105,0.010794855576639258,0.005523930002108371,0.027387729285262494,0.027187434113430317,0.04853468269028041,0.05971958675943496,0.04146110056925996,0.07239089184060721,0.02755639890364748,0.05444866118490407,0.024678473539953616,0.07725068522032469,0.0946763651697238,0.07034577271768923,0.054701665612481555,0.04237824161922834,0.0298123550495467,0.04673202614379085,0.03387096774193549,0.03725490196078431,0.023856209150326796,0.02649167193759224,0.02589078642209572,0.007674467636516973,0.011785789584651065,0.00020029517183217373,0.00027408812987560617,0.0,0.0,0.0,0.0,0.0,0.0,0.0,0.0,0.0,0.0,0.0,0.0,0.0,0.0,0.0,0.0,0.0,0.0,0.0,0.0,0.0,0.0,0.0,0.0,0.0,0.0,0.0,0.0,0.0,0.0,0.0,0.0,0.0,0.0,0.0,0.0,0.0,0.0,0.0,0.0,0.0,0.0,0.0,0.0,0.0,nan,nan,4.2661184210526315,2.90732458613316,nan,0.9198341245586141,0.023099714495341515,0.0,0.0,0.0,0.0,0.0,0.0,0.0,0.0,0.0,0.0,0.0,0.0,0.0,0.0,0.0,0.0,0.0,0.0,0.0,0.0,0.0,0.0,0.0,0.0,0.024824162184526277,0.35995035167563105,5.275134464211835,15.850227554820028,7.993380223417462,0.49648324369052554,0.9201820774367423,0.022903198962132706,0.0,0.0,0.0,0.0,0.0,0.0,0.0,0.0,0.0,0.0,0.0,0.0,0.0,0.0,0.0,0.0,0.0,0.0,0.0,0.0,0.0,0.0,0.0,0.0,0.0,0.28374892519346523,5.352536543422185,15.967325881341361,7.815993121238178,0.5803955288048153,0.4036,0.0123,0.0,0.0,0.0,0.0,0.0,0.0,0.0,0.0,0.0,0.0,0.06206040546131569,11.692180388911858,18.084402151427394,0.1613570541994208,0.0,0.0,0.0,0.0,0.0,0.0,0.0,0.0,0.0,0.0,0.0,0.0,0.0,0.0,0.0,0.0,0.4036,0.01205,0.0,0.0,0.0,0.0,0.0,0.0,0.0,0.0,0.0,0.0,0.0773860705073087,11.18228718830609,18.57265692175409,0.1676698194325022,0.0,0.0,0.0,0.0,0.0,0.0,0.0,0.0,0.0,0.0,0.0,0.0,0.0,0.0,0.0,0.0
73400,4817,2560,0.531451110649782,1220,958,0.45214864023250984,1310,0.5439069960556363,0.418,3.026140894993354,3.1415757687306938,6.618238021638331,2.2193141202555786,9469.94862308787,1518.2549839709093,7853.0,10920.779994785786,10895.51621773995,7.3406169780881,7853.0,0.0,27.910317625077848,20.940801805078408,33.02486943546381,19.141403119127045,0.14324268216732405,0.09819389661615113,0.09030516919244343,0.090512767282541,0.07992526468756488,0.07016815445297903,0.07224413535395474,0.06518580029063732,0.059995848038198046,0.05023873780361221,0.045879177911563214,0.03965123520863608,0.03197010587502595,0.023666182271123104,0.02034461282956197,0.012040689225659124,0.006435540793024704,0.9197982693574773,0.02314934246010267,0.0,0.0,0.0,0.0,0.0,0.0,0.0,0.0,0.0,0.0,0.0,0.0,0.0,0.0,0.0,0.0,0.0,0.0,0.0,0.0,0.0,0.0,0.0,0.0,0.0,0.3799045048785552,5.380942495329045,15.875025949761266,7.772472493253064,0.5916545567780778,4.2045673850112575,2.985754488014634,nan,nan,nan,4.20593931568754,3.0081989702703757,4.205259781911482,2.963138610192329,0.9998384347169434,0.4038,0.01223,0.0,0.0,0.0,0.0,0.0,0.0,0.0,0.0,0.0,0.0,0.03736765621756281,11.378451318247855,18.34751920282334,0.2366618227112311,0.0,0.0,0.0,0.0,0.0,0.0,0.0,0.0,0.0,0.0,0.0,0.0,0.0,0.0,0.0,0.0,nan,nan,4.2045673850112575,2.985754488014634,nan,0.4038,0.05872,0.0,0.0,0.0,0.0,0.0,0.0,0.0,0.0,0.0,0.0,0.0,0.0,0.0,0.0,0.0,0.0,0.0,0.0,0.0010691301640024912,0.0,0.0,0.0,3.113971351463567e-05,0.0011002698775171267,0.004515258459622171,0.00013493875856342123,0.004857795308283164,0.0019929416649366828,0.0039858833298733656,0.010400664313888312,0.005916545567780776,0.025233547851359766,0.026738634004567156,0.04879593107743409,0.05833506331741748,0.04053352709155076,0.07291882914677185,0.02931285032177704,0.05349802781814407,0.02485987128918414,0.07742370770188914,0.0978202200539755,0.07170438031970106,0.05194104214241229,0.040782644799667846,0.03215694415611376,0.04707286692962425,0.03531243512559684,0.03672410213826033,0.02442391529997924,0.02592900145318663,0.02515050861532074,0.007857587710193067,0.010722441353539548,0.00044633589370977786,0.00029063732613659955,1.0379904504878555e-05,0.0,0.0,0.0,0.0,0.0,0.0,0.0,0.0,0.0,0.0,0.0,0.0,0.0,0.0,0.0,0.0,0.0,0.0,0.0,0.0,0.0,0.0,0.0,0.0,0.0,0.0,0.0,0.0,0.0,0.0,0.0,0.0,0.0,0.0,0.0,0.0,0.0,0.0,0.0,0.0,0.0,0.0,0.0,0.0,nan,nan,4.2045673850112575,2.985754488014634,nan,0.9195806680014357,0.023377843647520755,0.0,0.0,0.0,0.0,0.0,0.0,0.0,0.0,0.0,0.0,0.0,0.0,0.0,0.0,0.0,0.0,0.0,0.0,0.0,0.0,0.0,0.0,0.0,0.0,0.0,0.4453125000000001,5.367187500000002,15.761718750000004,7.804687500000002,0.6210937500000002,0.9200450834786411,0.02288489991608234,0.0,0.0,0.0,0.0,0.0,0.0,0.0,0.0,0.0,0.0,0.0,0.0,0.0,0.0,0.0,0.0,0.0,0.0,0.0,0.0,0.0,0.0,0.0,0.0,0.0,0.305715551617191,5.396544085068676,16.003544528134697,7.735932653965443,0.558263181214001,0.4036,0.01223,0.0,0.0,0.0,0.0,0.0,0.0,0.0,0.0,0.0,0.0,0.03515625000000001,11.378906249999982,18.351562500000004,0.23437500000000006,0.0,0.0,0.0,0.0,0.0,0.0,0.0,0.0,0.0,0.0,0.0,0.0,0.0,0.0,0.0,0.0,0.4038,0.012215,0.0,0.0,0.0,0.0,0.0,0.0,0.0,0.0,0.0,0.0,0.039875941515285784,11.377935312361526,18.342933097031462,0.2392556490917147,0.0,0.0,0.0,0.0,0.0,0.0,0.0,0.0,0.0,0.0,0.0,0.0,0.0,0.0,0.0,0.0
73500,4743,2452,0.5169723803499895,1140,985,0.44802867383512546,1353,0.5705249841872233,0.426,2.947184635530336,3.1095668645442665,6.627358490566038,2.1575827823468288,9425.882692082381,1520.3765245903235,7853.0,10922.723873436451,10895.48882893423,7.189224763479741,7853.0,0.0,27.830065359477125,20.91868050099093,32.97572692793932,19.099166784965245,0.1454775458570525,0.09888256377819946,0.08960573476702509,0.08117225384777567,0.0843348091924942,0.07695551338815096,0.07147375079063883,0.0640944549862956,0.05945604048070841,0.052920092768290114,0.04069154543537845,0.040902382458359685,0.032679738562091505,0.025511279780729496,0.01644528779253637,0.011596036263967952,0.0078009698503057135,0.9203183750877043,0.02298885249848689,0.0,0.0,0.0,0.0,0.0,0.0,0.0,0.0,0.0,0.0,0.0,0.0,0.0,0.0,0.0,0.0,0.0,0.0,0.0,0.0,0.0,0.0,0.0,0.0,0.0,0.3162555344718533,5.129664769133461,15.844402277039851,8.045540796963948,0.664136622390892,4.247469800848841,2.886944612765912,nan,nan,nan,4.291994750656168,2.9427010928324373,4.203378817413905,2.8299592833212817,0.979353205586117,0.403,0.01181,0.0,0.0,0.0,0.0,0.0,0.0,0.0,0.0,0.0,0.0,0.037950664136622396,11.752055660974051,18.08981657179001,0.12017710309930427,0.0,0.0,0.0,0.0,0.0,0.0,0.0,0.0,0.0,0.0,0.0,0.0,0.0,0.0,0.0,0.0,nan,nan,4.247469800848841,2.886944612765912,nan,0.403,0.0585,0.0,0.0,0.0,0.0,0.0,0.0,0.0,0.0,0.0,0.0,0.0,0.0,0.0,0.0,0.0,0.0,0.0,0.0,0.0010541851149061775,2.108370229812355e-05,0.0,0.0,0.0,0.0010225595614589923,0.003658022348724436,0.0002846299810246679,0.004121863799283154,0.0022664979970482817,0.004058612692388783,0.010278304870335231,0.005597722960151803,0.025100147585916086,0.027577482605945603,0.05037950664136622,0.060584018553658026,0.04249420198186801,0.07401433691756272,0.028462998102466792,0.05602993885726334,0.02475226649799705,0.07790427999156652,0.09622601728863589,0.06927050390048492,0.05028462998102467,0.04036474804975754,0.0330381615011596,0.04629981024667932,0.03504111321948134,0.03810879190385832,0.022643896268184693,0.02398271136411554,0.024920936116382037,0.009434956778410289,0.010014758591608686,0.00040059034366434745,0.0002846299810246679,1.0541851149061775e-05,1.0541851149061775e-05,0.0,0.0,0.0,0.0,0.0,0.0,0.0,0.0,0.0,0.0,0.0,0.0,0.0,0.0,0.0,0.0,0.0,0.0,0.0,0.0,0.0,0.0,0.0,0.0,0.0,0.0,0.0,0.0,0.0,0.0,0.0,0.0,0.0,0.0,0.0,0.0,0.0,0.0,0.0,0.0,0.0,0.0,0.0,nan,nan,4.247469800848841,2.886944612765912,nan,0.9198918760697954,0.02324427889821335,0.0,0.0,0.0,0.0,0.0,0.0,0.0,0.0,0.0,0.0,0.0,0.0,0.0,0.0,0.0,0.0,0.0,0.0,0.0,0.0,0.0,0.0,0.0,0.0,0.0,0.3670473083197391,5.420065252854814,15.587275693311586,7.952691680261013,0.672920065252855,0.9207748463194425,0.02270341907350483,0.0,0.0,0.0,0.0,0.0,0.0,0.0,0.0,0.0,0.0,0.0,0.0,0.0,0.0,0.0,0.0,0.0,0.0,0.0,0.0,0.0,0.0,0.0,0.0,0.0,0.26189436927106075,4.818856394587518,16.119598428633786,8.144914884329989,0.6547359231776518,0.403,0.01194,0.0,0.0,0.0,0.0,0.0,0.0,0.0,0.0,0.0,0.0,0.04893964110929854,11.782218597063606,18.046492659053836,0.12234910277324636,0.0,0.0,0.0,0.0,0.0,0.0,0.0,0.0,0.0,0.0,0.0,0.0,0.0,0.0,0.0,0.0,0.403,0.01167,0.0,0.0,0.0,0.0,0.0,0.0,0.0,0.0,0.0,0.0,0.026189436927106072,11.719773024879947,18.136185072020954,0.11785246617197732,0.0,0.0,0.0,0.0,0.0,0.0,0.0,0.0,0.0,0.0,0.0,0.0,0.0,0.0,0.0,0.0
73600,4917,2515,0.5114907463900753,1179,996,0.4423428920073215,1406,0.5718934309538336,0.418,3.1003330557868445,3.172977319189554,6.789173789173789,2.0383774204643412,9409.153774771768,1520.8014096019274,7853.0,10928.312326431274,10895.388910756576,7.199281167351691,7853.0,0.0,28.101484645108805,20.92479711397827,32.984793627805935,19.172212938881724,0.13870246085011187,0.09762050030506407,0.091925971120602,0.09050233882448648,0.08053691275167785,0.07423225544030913,0.06914785438275371,0.06202969290217612,0.0557250355908074,0.0508440105755542,0.04901362619483425,0.044539353264185476,0.03131991051454139,0.028269269880008135,0.018100467764897293,0.01138905836892414,0.006101281269066504,0.9200025544749398,0.023335206268236385,0.0,0.0,0.0,0.0,0.0,0.0,0.0,0.0,0.0,0.0,0.0,0.0,0.0,0.0,0.0,0.0,0.0,0.0,0.0,0.0,0.0,0.0,0.0,0.0,0.0,0.29896278218425876,5.503355704697988,15.759609517998783,7.834045149481392,0.604026845637584,4.364178168130489,2.8935629868244375,nan,nan,nan,4.314606741573034,2.872165943133922,4.414249684741488,2.9141605352006756,1.0230943279739386,0.403,0.01243,0.0,0.0,0.0,0.0,0.0,0.0,0.0,0.0,0.0,0.0,0.04270896888346554,11.97681513117753,17.809640024405127,0.17083587553386215,0.0,0.0,0.0,0.0,0.0,0.0,0.0,0.0,0.0,0.0,0.0,0.0,0.0,0.0,0.0,0.0,nan,nan,4.364178168130489,2.8935629868244375,nan,0.403,0.059,0.0,0.0,0.0,0.0,0.0,0.0,0.0,0.0,0.0,0.0,0.0,0.0,0.0,0.0,0.0,0.0,0.0,0.0,0.001027049013626195,0.0,0.0,0.0,1.016880211511084e-05,0.0011795810453528574,0.0039454952206630055,0.00026438885499288184,0.004230221679886109,0.0025625381330079315,0.004565792149684767,0.011551759202765913,0.005358958714663412,0.025991458206223308,0.024771201952410005,0.05389465121008745,0.06334146837502543,0.03981086028065894,0.07192393736017898,0.028045556233475696,0.05259304453935326,0.02618466544641041,0.079174293268253,0.09632906243644498,0.06461256863941428,0.048484848484848485,0.041000610128126905,0.03460443359772219,0.04697986577181208,0.03672971323978035,0.0382753711612772,0.023154362416107382,0.024771201952410005,0.025005084401057556,0.009528167581858857,0.009731543624161074,0.0003050640634533252,5.08440105755542e-05,1.016880211511084e-05,0.0,0.0,0.0,0.0,0.0,0.0,0.0,0.0,0.0,0.0,0.0,0.0,0.0,0.0,0.0,0.0,0.0,0.0,0.0,0.0,0.0,0.0,0.0,0.0,0.0,0.0,0.0,0.0,0.0,0.0,0.0,0.0,0.0,0.0,0.0,0.0,0.0,0.0,0.0,0.0,0.0,0.0,0.0,0.0,nan,nan,4.364178168130489,2.8935629868244375,nan,0.9196711959232156,0.023134004958617515,0.0,0.0,0.0,0.0,0.0,0.0,0.0,0.0,0.0,0.0,0.0,0.0,0.0,0.0,0.0,0.0,0.0,0.0,0.0,0.0,0.0,0.0,0.0,0.0,0.0,0.33399602385685895,5.451292246520876,15.948310139165013,7.693836978131214,0.5725646123260438,0.9203495015014121,0.023539032022209846,0.0,0.0,0.0,0.0,0.0,0.0,0.0,0.0,0.0,0.0,0.0,0.0,0.0,0.0,0.0,0.0,0.0,0.0,0.0,0.0,0.0,0.0,0.0,0.0,0.0,0.2622814321398835,5.557868442964198,15.562031640299754,7.980849292256455,0.636969192339717,0.403,0.01239,0.0,0.0,0.0,0.0,0.0,0.0,0.0,0.0,0.0,0.0,0.04771371769383699,11.809145129224635,17.988071570576544,0.15506958250497022,0.0,0.0,0.0,0.0,0.0,0.0,0.0,0.0,0.0,0.0,0.0,0.0,0.0,0.0,0.0,0.0,0.403,0.012474,0.0,0.0,0.0,0.0,0.0,0.0,0.0,0.0,0.0,0.0,0.03746877601998335,12.152373022481248,17.622814321398838,0.1873438800999168,0.0,0.0,0.0,0.0,0.0,0.0,0.0,0.0,0.0,0.0,0.0,0.0,0.0,0.0,0.0,0.0
73700,4703,2411,0.512651499043164,1167,956,0.45141399106953006,1309,0.5566659578992132,0.38599999999999995,2.9027050610820244,2.898614282624264,5.970326409495549,2.0336218907031487,9413.03375615825,1521.0559228757393,7853.0,10922.77243077755,10896.068749569577,7.185542065211589,7853.0,0.0,28.819051669147353,20.952002157856022,33.46794711898229,19.182936855492,0.13034233467999148,0.09419519455666596,0.09802253880501807,0.07973633850733575,0.07590899425898363,0.07080586859451414,0.07229428024665108,0.07335743142674889,0.05996172655751648,0.057622793961301294,0.048054433340421004,0.041250265787795025,0.03402083776312992,0.02551562832234744,0.02019987242185839,0.01169466298107591,0.0070167977886455455,0.9211560018438242,0.022870462677967145,0.0,0.0,0.0,0.0,0.0,0.0,0.0,0.0,0.0,0.0,0.0,0.0,0.0,0.0,0.0,0.0,0.0,0.0,0.0,0.0,0.0,0.0,0.0,0.0,0.0,0.21688284073995326,5.1350201998724225,15.596427812034875,8.311715926004679,0.7399532213480758,4.108309085030714,2.698846998877074,nan,nan,nan,4.009733939000649,2.6584570514058274,4.2043842682140555,2.7348091878572602,1.0485444501242693,0.4036,0.012344,0.0,0.0,0.0,0.0,0.0,0.0,0.0,0.0,0.0,0.0,0.038273442483521165,11.673399957473936,18.033170316819056,0.25515628322347444,0.0,0.0,0.0,0.0,0.0,0.0,0.0,0.0,0.0,0.0,0.0,0.0,0.0,0.0,0.0,0.0,nan,nan,4.108309085030714,2.698846998877074,nan,0.4036,0.05856,0.0,0.0,0.0,0.0,0.0,0.0,0.0,0.0,0.0,0.0,0.0,0.0,0.0,0.0,0.0,0.0,0.0,0.0,0.0007335743142674888,0.0,4.2526047203912395e-05,0.00011694662981075909,0.0,0.0014246225813310653,0.004029342972570699,0.0001913672124176058,0.003327663193706145,0.002158196895598554,0.004263236232192218,0.010642143312779077,0.005337018924091006,0.023240484796938125,0.025356155645332765,0.054135658090580484,0.06172655751647884,0.04051669147352754,0.07611099298320222,0.027503721029130342,0.05203061875398682,0.027503721029130342,0.0803848607271954,0.09662981075908994,0.06290665532638741,0.04866042951307676,0.039687433553051245,0.03500956836062088,0.04916011056772273,0.036508611524558796,0.039007016797788646,0.02361258770997236,0.023793323410588985,0.023134169678928344,0.01006804167552626,0.010652774824580056,0.00034020837763129916,3.18945354029343e-05,2.1263023601956198e-05,0.0,0.0,0.0,0.0,0.0,0.0,0.0,0.0,0.0,0.0,0.0,0.0,0.0,0.0,0.0,0.0,0.0,0.0,0.0,0.0,0.0,0.0,0.0,0.0,0.0,0.0,0.0,0.0,0.0,0.0,0.0,0.0,0.0,0.0,0.0,0.0,0.0,0.0,0.0,0.0,0.0,0.0,0.0,0.0,nan,nan,4.108309085030714,2.698846998877074,nan,0.9216779467229871,0.022947080621827175,0.0,0.0,0.0,0.0,0.0,0.0,0.0,0.0,0.0,0.0,0.0,0.0,0.0,0.0,0.0,0.0,0.0,0.0,0.0,0.0,0.0,0.0,0.0,0.0,0.0,0.21153048527581922,4.964744919120697,15.653255910410621,8.336789713811697,0.8336789713811699,0.9206069577322789,0.02277668403370055,0.0,0.0,0.0,0.0,0.0,0.0,0.0,0.0,0.0,0.0,0.0,0.0,0.0,0.0,0.0,0.0,0.0,0.0,0.0,0.0,0.0,0.0,0.0,0.0,0.0,0.22251308900523564,5.314136125654451,15.53664921465969,8.285340314136127,0.6413612565445027,0.4036,0.01237,0.0,0.0,0.0,0.0,0.0,0.0,0.0,0.0,0.0,0.0,0.037328909166321034,11.783492326835322,17.880547490667777,0.29863127333056827,0.0,0.0,0.0,0.0,0.0,0.0,0.0,0.0,0.0,0.0,0.0,0.0,0.0,0.0,0.0,0.0,0.4036,0.01233,0.0,0.0,0.0,0.0,0.0,0.0,0.0,0.0,0.0,0.0,0.03926701570680629,11.557591623036632,18.193717277486915,0.20942408376963356,0.0,0.0,0.0,0.0,0.0,0.0,0.0,0.0,0.0,0.0,0.0,0.0,0.0,0.0,0.0,0.0
73800,4443,2334,0.525320729237002,1110,887,0.4494710781003826,1217,0.5478280441143372,0.422,2.987197724039829,3.1212766790882442,6.5646258503401365,2.2240736884322554,9451.635808754472,1519.6371257672067,7853.0,10918.787575304508,10896.161481703564,7.106050128015588,7853.0,0.0,28.562007652487058,20.95621872044515,33.4694585222726,19.122952633372062,0.1354940355615575,0.10105784379923476,0.08755345487283367,0.08057618726085979,0.08125140670717983,0.07359891964888589,0.0679720909295521,0.0679720909295521,0.056043214044564485,0.05356740940805762,0.05109160477155075,0.04456448345712356,0.04028809363042989,0.026108485257708754,0.016655413009227998,0.010803511141120865,0.0054017555705604325,0.9215002670605763,0.022748429886587103,0.0,0.0,0.0,0.0,0.0,0.0,0.0,0.0,0.0,0.0,0.0,0.0,0.0,0.0,0.0,0.0,0.0,0.0,0.0,0.0,0.0,0.0,0.0,0.0,0.0,0.20931802835921678,5.11141120864281,15.570560432140448,8.399729912221474,0.7089804186360569,4.2216867469879515,2.9454731295583065,nan,nan,nan,4.327994428969359,2.9352950889172775,4.119891008174387,2.9515731710913196,0.951916892636914,0.4043,0.01207,0.0,0.0,0.0,0.0,0.0,0.0,0.0,0.0,0.0,0.0,0.006752194463200542,11.127616475354474,18.58203916272789,0.28359216745442273,0.0,0.0,0.0,0.0,0.0,0.0,0.0,0.0,0.0,0.0,0.0,0.0,0.0,0.0,0.0,0.0,nan,nan,4.2216867469879515,2.9454731295583065,nan,0.4043,0.05862,0.0,0.0,0.0,0.0,0.0,0.0,0.0,0.0,0.0,0.0,0.0,0.0,0.0,0.0,0.0,0.0,0.0,0.0,0.0006527121314427189,0.0,3.37609723160027e-05,0.00012379023182534324,0.0,0.0014742291244654513,0.003274814314652262,0.00029259509340535673,0.002802160702228224,0.0016767949583614676,0.00495160927301373,0.010195813639432815,0.005705604321404456,0.022957461174881837,0.024364168354715283,0.053015980193562906,0.0628741841098357,0.040580688723835245,0.07913571910871033,0.027087553454872834,0.04853702453297322,0.027774026558631554,0.08012604096331308,0.09363042988971415,0.0628066621652037,0.049673643934278644,0.04060319603871258,0.03490884537474679,0.049527346387575964,0.03666441593517893,0.04191987395903669,0.023182534323655187,0.02344136844474454,0.0225185685347738,0.011231150123790232,0.011478730587440918,0.0007089804186360567,6.75219446320054e-05,0.0,0.0,0.0,0.0,0.0,0.0,0.0,0.0,0.0,0.0,0.0,0.0,0.0,0.0,0.0,0.0,0.0,0.0,0.0,0.0,0.0,0.0,0.0,0.0,0.0,0.0,0.0,0.0,0.0,0.0,0.0,0.0,0.0,0.0,0.0,0.0,0.0,0.0,0.0,0.0,0.0,0.0,0.0,0.0,0.0,nan,nan,4.2216867469879515,2.9454731295583065,nan,0.9213799677450839,0.022658320134548382,0.0,0.0,0.0,0.0,0.0,0.0,0.0,0.0,0.0,0.0,0.0,0.0,0.0,0.0,0.0,0.0,0.0,0.0,0.0,0.0,0.0,0.0,0.0,0.0,0.0,0.19280205655526997,5.179948586118253,15.809768637532137,8.136246786632393,0.6812339331619539,0.9216334005846916,0.022847000390804974,0.0,0.0,0.0,0.0,0.0,0.0,0.0,0.0,0.0,0.0,0.0,0.0,0.0,0.0,0.0,0.0,0.0,0.0,0.0,0.0,0.0,0.0,0.0,0.0,0.0,0.22759601706970134,5.035561877667142,15.305832147937414,8.691322901849219,0.7396870554765294,0.404,0.01188,0.0,0.0,0.0,0.0,0.0,0.0,0.0,0.0,0.0,0.0,0.012853470437017999,11.041131105398442,18.778920308483293,0.16709511568123397,0.0,0.0,0.0,0.0,0.0,0.0,0.0,0.0,0.0,0.0,0.0,0.0,0.0,0.0,0.0,0.0,0.4043,0.01227,0.0,0.0,0.0,0.0,0.0,0.0,0.0,0.0,0.0,0.0,0.0,11.22332859174963,18.364153627311527,0.4125177809388337,0.0,0.0,0.0,0.0,0.0,0.0,0.0,0.0,0.0,0.0,0.0,0.0,0.0,0.0,0.0,0.0
73900,4732,2419,0.511200338123415,1145,976,0.44822485207100593,1345,0.5684699915469146,0.40599999999999997,3.0358841331603976,3.115032074246281,6.656060606060606,2.107319767474199,9408.818124175941,1521.3572242764324,7853.0,10918.535509705544,10896.460671186669,7.2090006840868,7853.0,0.0,27.81825866441251,20.919863311967863,32.88015170670038,19.155555860662655,0.14095519864750633,0.09974640743871513,0.09404057480980559,0.08495350803043111,0.08284023668639054,0.07755705832628909,0.07100591715976332,0.06297548605240913,0.055156382079459006,0.05409974640743871,0.04205409974640744,0.03550295857988166,0.03508030431107354,0.026204564666103127,0.020710059171597635,0.011200338123415046,0.005917159763313609,0.9208256552784703,0.022851220448623092,0.0,0.0,0.0,0.0,0.0,0.0,0.0,0.0,0.0,0.0,0.0,0.0,0.0,0.0,0.0,0.0,0.0,0.0,0.0,0.0,0.0,0.0,0.0,0.0,0.0,0.25993237531699076,5.147928994082841,15.862214708368558,8.019864750633984,0.7100591715976333,4.346141215106733,2.884826231161797,nan,nan,nan,4.376547231270358,2.9262771871625506,4.31523178807947,2.8417359759256864,0.985989996234294,0.4053,0.012344,0.0,0.0,0.0,0.0,0.0,0.0,0.0,0.0,0.0,0.0,0.025359256128486905,10.004226542688068,19.62172442941674,0.34868977176669497,0.0,0.0,0.0,0.0,0.0,0.0,0.0,0.0,0.0,0.0,0.0,0.0,0.0,0.0,0.0,0.0,nan,nan,4.346141215106733,2.884826231161797,nan,0.4053,0.05917,0.0,0.0,0.0,0.0,0.0,0.0,0.0,0.0,0.0,0.0,0.0,0.0,0.0,0.0,0.0,0.0,0.0,0.0,0.000676246830092984,0.0,2.113271344040575e-05,0.0,0.0,0.0015638207945900253,0.0034868977176669485,0.00019019442096365174,0.0027261200338123417,0.0014687235841081994,0.005188081149619611,0.011633558748943364,0.006635672020287405,0.020054945054945057,0.025063398140321217,0.052398562975486056,0.06360946745562131,0.03810228233305157,0.07525359256128487,0.026595519864750634,0.047992392223161456,0.027113271344040575,0.07729289940828403,0.09503381234150465,0.06195054945054945,0.050950972104818255,0.040173288250211325,0.036147506339814034,0.050750211327134406,0.036749788672865595,0.04519230769230769,0.0224218089602705,0.02422865595942519,0.024101859678782755,0.012605663567202028,0.011390532544378698,0.0010566356720202875,0.00015849535080304311,1.0566356720202874e-05,1.0566356720202874e-05,0.0,0.0,0.0,0.0,0.0,0.0,0.0,0.0,0.0,0.0,0.0,0.0,0.0,0.0,0.0,0.0,0.0,0.0,0.0,0.0,0.0,0.0,0.0,0.0,0.0,0.0,0.0,0.0,0.0,0.0,0.0,0.0,0.0,0.0,0.0,0.0,0.0,0.0,0.0,0.0,0.0,0.0,0.0,nan,nan,4.346141215106733,2.884826231161797,nan,0.9212355972716216,0.022943417236382456,0.0,0.0,0.0,0.0,0.0,0.0,0.0,0.0,0.0,0.0,0.0,0.0,0.0,0.0,0.0,0.0,0.0,0.0,0.0,0.0,0.0,0.0,0.0,0.0,0.0,0.2356345597354279,4.948325754443986,15.725506407606453,8.309218685407195,0.7813145928069452,0.9203969264927232,0.022746496526913334,0.0,0.0,0.0,0.0,0.0,0.0,0.0,0.0,0.0,0.0,0.0,0.0,0.0,0.0,0.0,0.0,0.0,0.0,0.0,0.0,0.0,0.0,0.0,0.0,0.0,0.28534370946822313,5.35667963683528,16.00518806744488,7.717250324254217,0.635538261997406,0.4053,0.01243,0.0,0.0,0.0,0.0,0.0,0.0,0.0,0.0,0.0,0.0,0.03720545680033072,10.243902439024374,19.2972302604382,0.42166184373708154,0.0,0.0,0.0,0.0,0.0,0.0,0.0,0.0,0.0,0.0,0.0,0.0,0.0,0.0,0.0,0.0,0.4053,0.01226,0.0,0.0,0.0,0.0,0.0,0.0,0.0,0.0,0.0,0.0,0.012970168612191961,9.75356679636834,19.961089494163428,0.27237354085603116,0.0,0.0,0.0,0.0,0.0,0.0,0.0,0.0,0.0,0.0,0.0,0.0,0.0,0.0,0.0,0.0
74000,4459,2296,0.5149136577708007,1067,912,0.4438214846378112,1253,0.5620094191522763,0.434,2.9773462783171523,3.1023450161128516,6.603361344537815,2.2048050190325523,9420.047163893687,1520.9915318953997,7853.0,10923.15506130457,10896.320254269143,7.062137290334945,7853.0,0.0,27.618748598340435,20.74089598424966,32.62020905923345,18.981693816514674,0.14397847050908275,0.09822830230993496,0.09755550571877103,0.08320251177394035,0.08208118412200045,0.07378335949764521,0.07154070419376542,0.06705539358600583,0.054272258353891004,0.05202960305001121,0.04664723032069971,0.035658219331688716,0.03633101592285266,0.025790535994617628,0.015250056066382597,0.011437542049786947,0.0051581071989235255,0.9209193697716789,0.022461056136166193,0.0,0.0,0.0,0.0,0.0,0.0,0.0,0.0,0.0,0.0,0.0,0.0,0.0,0.0,0.0,0.0,0.0,0.0,0.0,0.0,0.0,0.0,0.0,0.0,0.006727965911639383,0.23547880690737838,4.810495626822158,16.22112581296255,8.080287059878899,0.6458847275173807,4.32057584269663,2.874011448000277,nan,nan,nan,4.292189679218968,2.86426700401655,4.3493635077793495,2.8835747139523793,1.0133204338189419,0.405,0.0125,0.0,0.0,0.0,0.0,0.0,0.0,0.0,0.0,0.0,0.0,0.03363982955819691,10.408163265306108,19.134335052702404,0.4238618524332811,0.0,0.0,0.0,0.0,0.0,0.0,0.0,0.0,0.0,0.0,0.0,0.0,0.0,0.0,0.0,0.0,nan,nan,4.32057584269663,2.874011448000277,nan,0.405,0.05917,0.0,0.0,0.0,0.0,0.0,0.0,0.0,0.0,0.0,0.0,0.0,0.0,0.0,0.0,0.0,0.0,0.0,0.0,0.0003924646781789639,0.0,3.36398295581969e-05,1.1213276519398968e-05,0.0,0.0015474321596770577,0.0037676609105180532,0.0002579053599461763,0.0022090154743215967,0.0011661807580174927,0.005315093070195111,0.012188831576586678,0.0077147342453464905,0.018782238169993273,0.027562233684682663,0.05307243776631532,0.06123570307243777,0.038966135904911416,0.07655303879793676,0.025420497869477462,0.04857591388203633,0.023233908948194663,0.07858264184794797,0.0988113926889437,0.06226732451222247,0.05234357479255439,0.03716079838528818,0.037799955146893924,0.048598340435075126,0.03527696793002916,0.04427001569858713,0.02139493159901323,0.02423189055842117,0.02531957838080287,0.0130298273155416,0.01131419600807356,0.0013568064588472752,0.00022426553038797938,1.1213276519398968e-05,0.0,0.0,0.0,0.0,0.0,0.0,0.0,0.0,0.0,0.0,0.0,0.0,0.0,0.0,0.0,0.0,0.0,0.0,0.0,0.0,0.0,0.0,0.0,0.0,0.0,0.0,0.0,0.0,0.0,0.0,0.0,0.0,0.0,0.0,0.0,0.0,0.0,0.0,0.0,0.0,0.0,0.0,0.0,0.0,nan,nan,4.32057584269663,2.874011448000277,nan,0.9209990674558417,0.022505561641944324,0.0,0.0,0.0,0.0,0.0,0.0,0.0,0.0,0.0,0.0,0.0,0.0,0.0,0.0,0.0,0.0,0.0,0.0,0.0,0.0,0.0,0.0,0.0,0.0,0.0,0.22212543554006975,4.716898954703834,16.38501742160279,8.074912891986065,0.6010452961672474,0.9208347715826647,0.022413407295683634,0.0,0.0,0.0,0.0,0.0,0.0,0.0,0.0,0.0,0.0,0.0,0.0,0.0,0.0,0.0,0.0,0.0,0.0,0.0,0.0,0.0,0.0,0.0,0.0,0.01386962552011096,0.24965325936199728,4.909847434119279,16.04715672676838,8.085991678224689,0.693481276005548,0.405,0.01249,0.0,0.0,0.0,0.0,0.0,0.0,0.0,0.0,0.0,0.0,0.03919860627177701,10.505226480836221,19.07665505226481,0.3789198606271778,0.0,0.0,0.0,0.0,0.0,0.0,0.0,0.0,0.0,0.0,0.0,0.0,0.0,0.0,0.0,0.0,0.405,0.01249,0.0,0.0,0.0,0.0,0.0,0.0,0.0,0.0,0.0,0.0,0.02773925104022192,10.305131761442427,19.195561719833567,0.47156726768377266,0.0,0.0,0.0,0.0,0.0,0.0,0.0,0.0,0.0,0.0,0.0,0.0,0.0,0.0,0.0,0.0
74100,4611,2415,0.523747560182173,1093,921,0.4367816091954023,1270,0.5508566471481241,0.426,3.0336976320582876,3.1267622626882656,6.579710144927536,2.1940133550127663,9447.072426314948,1520.0860171689767,7853.0,10922.11399257183,10896.58921645475,7.147017317184746,7853.0,0.0,27.738668401648233,20.97795568929888,32.77996886351842,19.263525051358688,0.14270223378876598,0.10561700281934504,0.09303838646714378,0.08414660594231187,0.07915853394057688,0.07221860767729343,0.07395358924311429,0.06354369984818911,0.05573628280199523,0.05053133810453264,0.043591411841249185,0.03773584905660377,0.0329646497505964,0.028410323140316635,0.019084797224029493,0.011060507482108002,0.006506180871828237,0.9220978959189452,0.022928546698383994,0.0,0.0,0.0,0.0,0.0,0.0,0.0,0.0,0.0,0.0,0.0,0.0,0.0,0.0,0.0,0.0,0.0,0.0,0.0,0.0,0.0,0.0,0.0,0.0,0.0,0.19518542615484716,4.834092387768381,15.588809368900458,8.575146389069618,0.8067664281067015,4.324333561175666,2.87785089714667,nan,nan,nan,4.293508287292818,2.8360177241511164,4.35680433310765,2.9176190797319466,1.0147422670644808,0.4048,0.01231,0.0,0.0,0.0,0.0,0.0,0.0,0.0,0.0,0.0,0.0,0.026024723487312953,10.156148340923863,19.551073519843854,0.26675341574495776,0.0,0.0,0.0,0.0,0.0,0.0,0.0,0.0,0.0,0.0,0.0,0.0,0.0,0.0,0.0,0.0,nan,nan,4.324333561175666,2.87785089714667,nan,0.4048,0.05945,0.0,0.0,0.0,0.0,0.0,0.0,0.0,0.0,0.0,0.0,0.0,0.0,0.0,0.0,0.0,0.0,0.0,0.0,0.0005313381045326394,0.0,1.0843634786380394e-05,0.0,0.0,0.0019626978963348516,0.004261548471047495,0.0004554326610279766,0.002526566905226632,0.001344610713511169,0.004359141184124919,0.012513554543482975,0.007373671654738669,0.01954022988505747,0.028605508566471483,0.05076989806983301,0.061093038386467145,0.037475601821730646,0.07681630882671872,0.027531988722619822,0.04771199306007374,0.025103014530470615,0.07772717414877467,0.09705053133810453,0.06120147473433095,0.056723053567555845,0.03543699848189113,0.03929733246584255,0.04912166558230319,0.035328562134027325,0.041726306657991756,0.020451095207113426,0.02360659292995012,0.024831923660811103,0.013684667100412058,0.012166558230318803,0.0014747343309477337,0.00018434179136846672,0.0,0.0,0.0,0.0,0.0,0.0,0.0,0.0,0.0,0.0,0.0,0.0,0.0,0.0,0.0,0.0,0.0,0.0,0.0,0.0,0.0,0.0,0.0,0.0,0.0,0.0,0.0,0.0,0.0,0.0,0.0,0.0,0.0,0.0,0.0,0.0,0.0,0.0,0.0,0.0,0.0,0.0,0.0,0.0,0.0,nan,nan,4.324333561175666,2.87785089714667,nan,0.9219900849196234,0.02303184495744704,0.0,0.0,0.0,0.0,0.0,0.0,0.0,0.0,0.0,0.0,0.0,0.0,0.0,0.0,0.0,0.0,0.0,0.0,0.0,0.0,0.0,0.0,0.0,0.0,0.0,0.1366459627329193,4.8944099378882,15.627329192546586,8.472049689440995,0.8695652173913045,0.9222164585616419,0.022813818622069586,0.0,0.0,0.0,0.0,0.0,0.0,0.0,0.0,0.0,0.0,0.0,0.0,0.0,0.0,0.0,0.0,0.0,0.0,0.0,0.0,0.0,0.0,0.0,0.0,0.0,0.2595628415300547,4.767759562841531,15.546448087431697,8.688524590163937,0.737704918032787,0.405,0.01231,0.0,0.0,0.0,0.0,0.0,0.0,0.0,0.0,0.0,0.0,0.024844720496894415,9.962732919254643,19.71428571428572,0.298136645962733,0.0,0.0,0.0,0.0,0.0,0.0,0.0,0.0,0.0,0.0,0.0,0.0,0.0,0.0,0.0,0.0,0.4045,0.0123,0.0,0.0,0.0,0.0,0.0,0.0,0.0,0.0,0.0,0.0,0.027322404371584706,10.368852459016379,19.371584699453557,0.23224043715847,0.0,0.0,0.0,0.0,0.0,0.0,0.0,0.0,0.0,0.0,0.0,0.0,0.0,0.0,0.0,0.0
74200,4862,2483,0.5106951871657754,1157,999,0.4434389140271493,1399,0.5754833401892225,0.40599999999999997,3.007145859604876,3.077319335376451,6.530346820809249,2.0836421524819753,9407.565333324983,1521.6696329463775,7853.0,10919.918064832687,10897.01798253164,7.273503801937829,7853.0,0.0,28.424928013163306,21.13341344571931,33.322525597269625,19.373905018584665,0.1369806663924311,0.09934183463595228,0.09337721102426985,0.08041958041958042,0.0781571369806664,0.07548334018922254,0.06910736322501028,0.06705059646236117,0.05861785273549979,0.05183052241875771,0.0481283422459893,0.039284245166598106,0.03311394487865076,0.028794734677087618,0.022007404360345536,0.011517893870835048,0.006787330316742082,0.9236217455969873,0.023029852287841355,0.0,0.0,0.0,0.0,0.0,0.0,0.0,0.0,0.0,0.0,0.0,0.0,0.0,0.0,0.0,0.0,0.0,0.0,0.0,0.0,0.0,0.0,0.0,0.0,0.0,0.22830111065405187,4.226655697243933,15.54298642533937,9.070341423282601,0.9317153434800496,4.3323845667299175,2.8575534258161635,nan,nan,nan,4.312138728323699,2.8544549433798956,4.35202492211838,2.860419105187702,1.0092497473545305,0.4043,0.01233,0.0,0.0,0.0,0.0,0.0,0.0,0.0,0.0,0.0,0.0,0.024681201151789393,10.970793911970366,18.788564376799673,0.2159605100781572,0.0,0.0,0.0,0.0,0.0,0.0,0.0,0.0,0.0,0.0,0.0,0.0,0.0,0.0,0.0,0.0,nan,nan,4.3323845667299175,2.8575534258161635,nan,0.4043,0.0596,0.0,0.0,0.0,0.0,0.0,0.0,0.0,0.0,0.0,0.0,0.0,0.0,0.0,0.0,0.0,0.0,0.0,0.0,0.0005347593582887701,1.0283833813245577e-05,0.0,7.198683669271904e-05,0.0,0.002087618264088852,0.005172768408062526,0.00035993418346359524,0.0024475524475524478,0.0015631427396133278,0.004555738379267791,0.012402303578774167,0.007167832167832168,0.018130399012751954,0.02897984368572604,0.05348621966269025,0.06425339366515836,0.035386672151378036,0.07734471410942,0.027704648292883587,0.047408473879062114,0.025997531879884822,0.07744755244755244,0.0936137392019745,0.057589469354175235,0.060643767996709175,0.036332784862196627,0.03891402714932127,0.049526943644590704,0.03378239407651172,0.042924722336487045,0.019775812422871245,0.0240744549568079,0.022912381735911147,0.013677498971616618,0.011960098724804608,0.0013266145619086796,0.00024681201151789385,4.113533525298231e-05,0.00014397367338543808,0.0,0.0,0.0,0.0,0.0,0.0,0.0,0.0,0.0,0.0,0.0,0.0,0.0,0.0,0.0,0.0,0.0,0.0,0.0,0.0,0.0,0.0,0.0,0.0,0.0,0.0,0.0,0.0,0.0,0.0,0.0,0.0,0.0,0.0,0.0,0.0,0.0,0.0,0.0,0.0,0.0,0.0,0.0,nan,nan,4.3323845667299175,2.8575534258161635,nan,0.9241279249367962,0.02314540567915805,0.0,0.0,0.0,0.0,0.0,0.0,0.0,0.0,0.0,0.0,0.0,0.0,0.0,0.0,0.0,0.0,0.0,0.0,0.0,0.0,0.0,0.0,0.0,0.0,0.0,0.265807490938381,3.9871123640757156,15.36850583971003,9.436165928312526,0.942408376963351,0.9230934381986076,0.022896694232358177,0.0,0.0,0.0,0.0,0.0,0.0,0.0,0.0,0.0,0.0,0.0,0.0,0.0,0.0,0.0,0.0,0.0,0.0,0.0,0.0,0.0,0.0,0.0,0.0,0.0,0.18915510718789413,4.476670870113494,15.725094577553596,8.688524590163937,0.9205548549810847,0.4045,0.01241,0.0,0.0,0.0,0.0,0.0,0.0,0.0,0.0,0.0,0.0,0.01208215867901732,10.704792589609328,19.01731776077326,0.265807490938381,0.0,0.0,0.0,0.0,0.0,0.0,0.0,0.0,0.0,0.0,0.0,0.0,0.0,0.0,0.0,0.0,0.404,0.012245,0.0,0.0,0.0,0.0,0.0,0.0,0.0,0.0,0.0,0.0,0.03783102143757882,11.248423707440084,18.549810844892814,0.16393442622950824,0.0,0.0,0.0,0.0,0.0,0.0,0.0,0.0,0.0,0.0,0.0,0.0,0.0,0.0,0.0,0.0
74300,4666,2454,0.5259322760394342,1156,916,0.44406343763394773,1268,0.5435062151735962,0.422,2.9719710669077757,3.094522241821882,6.563694267515924,2.1386838284310787,9453.692916400229,1519.7281144121205,7853.0,10924.66238617897,10896.534290107364,7.240951255461618,7853.0,0.0,28.037719674239177,21.016798545881333,32.989033409844424,19.27389218021898,0.13759108444063436,0.10287183883411916,0.09322760394342049,0.08851264466352336,0.07351050150021432,0.07522503214744963,0.07543934847835405,0.062151735962280324,0.05850835833690527,0.04629232747535362,0.04822117445349336,0.042648949849978565,0.033004714959279896,0.02528932704672096,0.018002571795970854,0.01178739819974282,0.007715387912558937,0.9236028181397756,0.022948842637797406,0.0,0.0,0.0,0.0,0.0,0.0,0.0,0.0,0.0,0.0,0.0,0.0,0.0,0.0,0.0,0.0,0.0,0.0,0.0,0.0,0.0,0.0,0.0,0.0,0.0,0.19931418774110593,4.41063009001286,15.430775825117877,9.097728246892414,0.8615516502357482,4.250836120401337,2.8969983837328654,nan,nan,nan,4.253465346534654,2.882136779165007,4.248135593220339,2.9121815892442426,0.9987469620932361,0.4033,0.01233,0.0,0.0,0.0,0.0,0.0,0.0,0.0,0.0,0.0,0.0,0.03857693956279469,11.65666523789111,18.14402057436777,0.1607372481783112,0.0,0.0,0.0,0.0,0.0,0.0,0.0,0.0,0.0,0.0,0.0,0.0,0.0,0.0,0.0,0.0,nan,nan,4.250836120401337,2.8969983837328654,nan,0.4033,0.0599,0.0,0.0,0.0,0.0,0.0,0.0,0.0,0.0,0.0,0.0,0.0,0.0,0.0,0.0,0.0,0.0,0.0,1.0715816545220746e-05,0.0007286755250750107,2.1431633090441493e-05,0.0,0.0002143163309044149,0.0,0.001939562794684955,0.0049185597942563225,0.0005679382768966995,0.0030968709815687957,0.0011037291041577368,0.004232747535362195,0.013459065580797257,0.0072438919845692245,0.018056150878696955,0.03119374196313759,0.05488641234462066,0.06658808401200171,0.03366909558508358,0.0808401200171453,0.026693099014144878,0.046528075439348476,0.027196742391770255,0.07399271324474925,0.09114873553364766,0.059847835405057864,0.06085512216030862,0.037848264037719674,0.03778396913844835,0.048039005572224604,0.03267252464637806,0.04153450492927561,0.018024003429061294,0.02400342906129447,0.022792541791684526,0.014423489069867124,0.012001714530647235,0.0013287612516073724,0.0001607372481783112,4.2863266180882985e-05,0.0003107586798114016,0.0,0.0,0.0,0.0,0.0,0.0,0.0,0.0,0.0,0.0,0.0,0.0,0.0,0.0,0.0,0.0,0.0,0.0,0.0,0.0,0.0,0.0,0.0,0.0,0.0,0.0,0.0,0.0,0.0,0.0,0.0,0.0,0.0,0.0,0.0,0.0,0.0,0.0,0.0,0.0,0.0,0.0,0.0,nan,nan,4.250836120401337,2.8969983837328654,nan,0.9234096305391705,0.022814764268046493,0.0,0.0,0.0,0.0,0.0,0.0,0.0,0.0,0.0,0.0,0.0,0.0,0.0,0.0,0.0,0.0,0.0,0.0,0.0,0.0,0.0,0.0,0.0,0.0,0.0,0.22004889975550126,4.547677261613693,15.354523227383867,9.119804400977996,0.7579462102689488,0.9238171410927074,0.02309478811035641,0.0,0.0,0.0,0.0,0.0,0.0,0.0,0.0,0.0,0.0,0.0,0.0,0.0,0.0,0.0,0.0,0.0,0.0,0.0,0.0,0.0,0.0,0.0,0.0,0.0,0.17631103074141055,4.25858951175407,15.515370705244127,9.073236889692588,0.9764918625678122,0.4033,0.01256,0.0,0.0,0.0,0.0,0.0,0.0,0.0,0.0,0.0,0.0,0.07334963325183375,11.49144254278727,18.264058679706604,0.17114914425427877,0.0,0.0,0.0,0.0,0.0,0.0,0.0,0.0,0.0,0.0,0.0,0.0,0.0,0.0,0.0,0.0,0.4033,0.01206,0.0,0.0,0.0,0.0,0.0,0.0,0.0,0.0,0.0,0.0,0.0,11.839963833634704,18.01084990958409,0.14918625678119352,0.0,0.0,0.0,0.0,0.0,0.0,0.0,0.0,0.0,0.0,0.0,0.0,0.0,0.0,0.0,0.0
74400,4507,2325,0.5158642112269802,1109,938,0.45418238295984026,1247,0.553361437763479,0.43,2.932172318973419,3.1065674721223733,6.70298769771529,2.112314267753203,9422.88950142183,1520.854390041069,7853.0,10919.965747117996,10896.222358240082,7.405625283029633,7853.0,0.0,27.168626580874196,20.570150575453084,32.209965361044496,18.856198829333717,0.1428888395828711,0.10494785888617705,0.09185711116041713,0.09030397159973375,0.08453516751719548,0.07499445307299756,0.07388506767250944,0.06345684490792101,0.05813179498557799,0.05036609718216108,0.035722209895717776,0.03860661193698691,0.03439094741513202,0.023740847570445974,0.01775016640781007,0.006878189483026403,0.007543820723319281,0.9230998517643303,0.023267811029849376,0.0,0.0,0.0,0.0,0.0,0.0,0.0,0.0,0.0,0.0,0.0,0.0,0.0,0.0,0.0,0.0,0.0,0.0,0.0,0.0,0.0,0.0,0.0,0.0,0.006656312402928779,0.2462835589083648,4.486354559573996,15.25626802751276,9.165742178832929,0.8386953627690261,4.32468443197756,2.8951610143019324,nan,nan,nan,4.274193548387097,2.8179685822026044,4.375438596491228,2.9705147939315926,1.0236875206885137,0.4033,0.01255,0.0,0.0,0.0,0.0,0.0,0.0,0.0,0.0,0.0,0.0,0.03328156201464389,11.961393388062996,17.798979365431553,0.20634568449079216,0.0,0.0,0.0,0.0,0.0,0.0,0.0,0.0,0.0,0.0,0.0,0.0,0.0,0.0,0.0,0.0,nan,nan,4.32468443197756,2.8951610143019324,nan,0.4033,0.06006,0.0,0.0,0.0,0.0,0.0,0.0,0.0,0.0,0.0,0.0,0.0,0.0,0.0,0.0,0.0,0.0,0.0,6.656312402928777e-05,0.00045484801420013314,0.0,1.1093854004881296e-05,0.0002440647881073885,0.0,0.002019081428888396,0.004481917017972043,0.00044375416019525185,0.004149101397825605,0.0011870423785222987,0.004459729309962281,0.015120923008653206,0.00693365875305081,0.018271577546039496,0.034524073663190595,0.05274018193920568,0.06443310406035056,0.03118482360772132,0.08319281118260484,0.025382737963168405,0.04729309962280896,0.026148213889505213,0.07240958508986022,0.08696472154426448,0.06080541380075438,0.06550920789882406,0.040681162635899715,0.037896605280674504,0.04628355890836477,0.03186154870201908,0.042877745728866205,0.01822720213001997,0.023130685600177503,0.022820057688040827,0.01429997781229199,0.011271355668959397,0.001952518304859108,0.00021078322609274463,1.1093854004881296e-05,2.2187708009762593e-05,0.0,2.2187708009762593e-05,0.0,0.0,0.0,0.0,0.0,0.0,0.0,0.0,0.0,0.0,0.0,0.0,0.0,0.0,0.0,0.0,0.0,0.0,0.0,0.0,0.0,0.0,0.0,0.0,0.0,0.0,0.0,0.0,0.0,0.0,0.0,0.0,0.0,0.0,0.0,0.0,0.0,0.0,0.0,0.0,0.0,nan,nan,4.32468443197756,2.8951610143019324,nan,0.9226935114655443,0.0234491383834718,0.0,0.0,0.0,0.0,0.0,0.0,0.0,0.0,0.0,0.0,0.0,0.0,0.0,0.0,0.0,0.0,0.0,0.0,0.0,0.0,0.0,0.0,0.0,0.0,0.0,0.28387096774193554,4.70967741935484,15.212903225806455,9.03225806451613,0.7612903225806453,0.9235328220643656,0.02306515578903162,0.0,0.0,0.0,0.0,0.0,0.0,0.0,0.0,0.0,0.0,0.0,0.0,0.0,0.0,0.0,0.0,0.0,0.0,0.0,0.0,0.0,0.0,0.0,0.0,0.013748854262144825,0.20623281393217238,4.24839596700275,15.302474793767189,9.307974335472046,0.9211732355637032,0.403,0.0121,0.0,0.0,0.0,0.0,0.0,0.0,0.0,0.0,0.0,0.0,0.025806451612903233,12.06451612903224,17.754838709677422,0.1548387096774194,0.0,0.0,0.0,0.0,0.0,0.0,0.0,0.0,0.0,0.0,0.0,0.0,0.0,0.0,0.0,0.0,0.4036,0.01302,0.0,0.0,0.0,0.0,0.0,0.0,0.0,0.0,0.0,0.0,0.041246562786434474,11.85151237396882,17.84601283226398,0.26122823098075165,0.0,0.0,0.0,0.0,0.0,0.0,0.0,0.0,0.0,0.0,0.0,0.0,0.0,0.0,0.0,0.0
74500,4584,2403,0.5242146596858639,1135,927,0.44982547993019195,1252,0.5462478184991274,0.434,3.0559376432828977,3.1781273057760226,6.635367762128325,2.2371317598821476,9448.489362409822,1520.0135353940732,7853.0,10919.875665903091,10896.580206944082,7.257296663946323,7853.0,0.0,28.292975567190226,21.012781439308718,33.290942123021026,19.185658776649525,0.1424520069808028,0.0924956369982548,0.09205933682373472,0.08551483420593368,0.08376963350785341,0.06958987783595114,0.06849912739965096,0.06304537521815008,0.06217277486910995,0.055846422338568937,0.04602966841186736,0.041666666666666664,0.03512216404886562,0.02268760907504363,0.020287958115183247,0.011343804537521814,0.007417102966841187,0.9237530912820373,0.023152487518000708,0.0,0.0,0.0,0.0,0.0,0.0,0.0,0.0,0.0,0.0,0.0,0.0,0.0,0.0,0.0,0.0,0.0,0.0,0.0,0.0,0.0,0.0,0.0,0.0,0.0,0.22251308900523564,4.339005235602095,15.222513089005238,9.227748691099478,0.9882198952879583,4.242250673854447,2.921065197602597,nan,nan,nan,4.270325203252033,2.95117681776101,4.214477211796247,2.8906996208077502,0.9869218411250611,0.4036,0.01239,0.0,0.0,0.0,0.0,0.0,0.0,0.0,0.0,0.0,0.0,0.05890052356020944,11.551047120418831,18.193717277486915,0.19633507853403145,0.0,0.0,0.0,0.0,0.0,0.0,0.0,0.0,0.0,0.0,0.0,0.0,0.0,0.0,0.0,0.0,nan,nan,4.242250673854447,2.921065197602597,nan,0.4036,0.06015,0.0,0.0,0.0,0.0,0.0,0.0,0.0,0.0,0.0,0.0,0.0,0.0,0.0,0.0,0.0,0.0,0.0,0.0,0.0005344677137870855,0.0,0.0,0.0002617801047120419,0.0,0.0018542757417102968,0.00531195462478185,0.000512652705061082,0.004199389179755672,0.001232547993019197,0.003817626527050611,0.014212478184991275,0.00743891797556719,0.019535340314136125,0.036758289703315884,0.05074171029668412,0.06354712041884816,0.03019197207678883,0.0819262652705061,0.02474912739965096,0.04468804537521815,0.025785340314136127,0.06903359511343804,0.08968150087260035,0.06422338568935428,0.0674956369982548,0.042462914485165794,0.03825261780104712,0.045887870855148345,0.029733856893542757,0.04421902268760908,0.01775741710296684,0.024029232111692844,0.02337478184991274,0.013579842931937173,0.01068935427574171,0.001930628272251309,0.0003163176265270506,3.272251308900524e-05,0.0,0.0,0.0,0.0,0.0,0.0,0.0,0.0,0.0,0.0,0.0,0.0,0.0,0.0,0.0,0.0,0.0,0.0,0.0,0.0,0.0,0.0,0.0,0.0,0.0,0.0,0.0,0.0,0.0,0.0,0.0,0.0,0.0,0.0,0.0,0.0,0.0,0.0,0.0,0.0,0.0,0.0,0.0,0.0,nan,nan,4.242250673854447,2.921065197602597,nan,0.923610475849123,0.0231865689069653,0.0,0.0,0.0,0.0,0.0,0.0,0.0,0.0,0.0,0.0,0.0,0.0,0.0,0.0,0.0,0.0,0.0,0.0,0.0,0.0,0.0,0.0,0.0,0.0,0.0,0.19975031210986272,4.307116104868915,15.455680399500627,8.913857677902623,1.1235955056179776,0.9239102232789621,0.023113860018511533,0.0,0.0,0.0,0.0,0.0,0.0,0.0,0.0,0.0,0.0,0.0,0.0,0.0,0.0,0.0,0.0,0.0,0.0,0.0,0.0,0.0,0.0,0.0,0.0,0.0,0.2475928473177442,4.374140302613481,14.965612104539206,9.57359009628611,0.8390646492434665,0.4033,0.01234,0.0,0.0,0.0,0.0,0.0,0.0,0.0,0.0,0.0,0.0,0.03745318352059926,11.747815230961281,18.002496878901376,0.21223470661672914,0.0,0.0,0.0,0.0,0.0,0.0,0.0,0.0,0.0,0.0,0.0,0.0,0.0,0.0,0.0,0.0,0.4036,0.01246,0.0,0.0,0.0,0.0,0.0,0.0,0.0,0.0,0.0,0.0,0.08253094910591473,11.334250343878939,18.404401650618986,0.17881705639614862,0.0,0.0,0.0,0.0,0.0,0.0,0.0,0.0,0.0,0.0,0.0,0.0,0.0,0.0,0.0,0.0
74600,4529,2328,0.5140207551335836,1103,916,0.44579377345992494,1265,0.5586222124089203,0.434,2.939572921399364,3.13811722786496,6.558922558922559,2.361460239346906,9417.434115432738,1521.1721318110071,7853.0,10922.87162578106,10896.523242609479,7.2695704836089075,7853.0,0.0,27.55045263855156,20.703826362490446,32.60655737704918,18.913022532250285,0.14550673437845,0.09715168911459483,0.09516449547361448,0.08986531243100022,0.07573415765069552,0.08147493928019431,0.06822698167365865,0.06116140428350629,0.05762861558843012,0.04990064031795098,0.04879664385073968,0.037535879885184364,0.034886288363877235,0.02671671450651358,0.014793552660631487,0.010598366085228527,0.004857584455729742,0.9228416066818296,0.022733500505606876,0.0,0.0,0.0,0.0,0.0,0.0,0.0,0.0,0.0,0.0,0.0,0.0,0.0,0.0,0.0,0.0,0.0,0.0,0.0,0.0,0.0,0.0,0.0,0.0,0.0,0.16559947008169576,4.570545374254803,15.413998675204242,9.028483108854052,0.8213733716052111,4.321835115557088,2.9407585168502823,nan,nan,nan,4.327586206896552,2.9388475986491054,4.316298342541437,2.94366246853665,0.9973916488741169,0.4038,0.012634,0.0,0.0,0.0,0.0,0.0,0.0,0.0,0.0,0.0,0.0,0.04636785162287482,11.267387944358562,18.441156988297642,0.24508721572090975,0.0,0.0,0.0,0.0,0.0,0.0,0.0,0.0,0.0,0.0,0.0,0.0,0.0,0.0,0.0,0.0,nan,nan,4.321835115557088,2.9407585168502823,nan,0.4038,0.0604,0.0,0.0,0.0,0.0,0.0,0.0,0.0,0.0,0.0,0.0,0.0,0.0,0.0,0.0,0.0,0.0,0.0,0.0,0.00047471848090086113,0.0,0.0,0.0003422389048355045,0.0,0.0016780746301611835,0.004979024067122985,0.000684477809671009,0.00463678516228748,0.0015014351954073747,0.0038971075292559064,0.015577390152351513,0.008346213292117466,0.02093177301832634,0.0351070876573195,0.04882976374475602,0.06381099580481342,0.028825347758887173,0.08378229189666593,0.023217045705453743,0.04301170236255244,0.02606535659085891,0.0648156325899757,0.09136674762640759,0.06458379333186134,0.06655994700816957,0.044016339147714724,0.04005299183042614,0.047063369397217926,0.029156546699050562,0.04423713844115699,0.01720026495915213,0.02403400309119011,0.02386840362110841,0.014285714285714285,0.011017884742768823,0.0015235151247516008,0.0004636785162287481,5.5199823360565245e-05,0.0,0.0,0.0,0.0,0.0,0.0,0.0,0.0,0.0,0.0,0.0,0.0,0.0,0.0,0.0,0.0,0.0,0.0,0.0,0.0,0.0,0.0,0.0,0.0,0.0,0.0,0.0,0.0,0.0,0.0,0.0,0.0,0.0,0.0,0.0,0.0,0.0,0.0,0.0,0.0,0.0,0.0,0.0,0.0,nan,nan,4.321835115557088,2.9407585168502823,nan,0.9230998446492805,0.02282534057056212,0.0,0.0,0.0,0.0,0.0,0.0,0.0,0.0,0.0,0.0,0.0,0.0,0.0,0.0,0.0,0.0,0.0,0.0,0.0,0.0,0.0,0.0,0.0,0.0,0.0,0.16752577319587633,4.484536082474228,15.335051546391755,9.213917525773198,0.7989690721649486,0.9225684681138034,0.022632749510231816,0.0,0.0,0.0,0.0,0.0,0.0,0.0,0.0,0.0,0.0,0.0,0.0,0.0,0.0,0.0,0.0,0.0,0.0,0.0,0.0,0.0,0.0,0.0,0.0,0.0,0.16356201726487962,4.66151749204907,15.497501135847346,8.8323489323035,0.8450704225352115,0.4038,0.01268,0.0,0.0,0.0,0.0,0.0,0.0,0.0,0.0,0.0,0.0,0.077319587628866,11.301546391752561,18.389175257731964,0.23195876288659797,0.0,0.0,0.0,0.0,0.0,0.0,0.0,0.0,0.0,0.0,0.0,0.0,0.0,0.0,0.0,0.0,0.4038,0.01259,0.0,0.0,0.0,0.0,0.0,0.0,0.0,0.0,0.0,0.0,0.013630168105406636,11.23125851885505,18.496138119036804,0.25897319400272606,0.0,0.0,0.0,0.0,0.0,0.0,0.0,0.0,0.0,0.0,0.0,0.0,0.0,0.0,0.0,0.0
74700,4639,2348,0.5061435654235826,1123,952,0.4472946755766329,1342,0.5785729683121362,0.40599999999999997,2.9803579223046706,3.048431708660602,6.424962852897474,2.068105141615773,9393.349984550585,1521.5469483674551,7853.0,10918.906995654106,10896.306464365485,7.184498685983359,7853.0,0.0,28.367536106919594,21.093946802552736,33.496908809891806,19.23233355628017,0.14313429618452253,0.09721922828195732,0.08622547962923044,0.08644104332830352,0.07652511317094202,0.07480060357835741,0.06747143780987282,0.0676870015089459,0.05195085147661134,0.06186678163397284,0.04699288639793059,0.04009484802759215,0.03837033843500755,0.026083207587842206,0.016813968527699934,0.0099159301573615,0.008406984263849967,0.9224059570064368,0.02273567305954253,0.0,0.0,0.0,0.0,0.0,0.0,0.0,0.0,0.0,0.0,0.0,0.0,0.0,0.0,0.0,0.0,0.0,0.0,0.0,0.0,0.0,0.0,0.0,0.0,0.0,0.19400732916576854,4.733778831644752,15.62405690881656,8.620392325932315,0.8277646044406124,4.188834154351396,2.8277547918748915,nan,nan,nan,4.217763157894737,2.793191957658276,4.161417322834645,2.8619014450116484,0.9866408252548216,0.4038,0.01221,0.0,0.0,0.0,0.0,0.0,0.0,0.0,0.0,0.0,0.0,0.03233455486096142,11.414097865919361,18.333692606165126,0.21987497305453765,0.0,0.0,0.0,0.0,0.0,0.0,0.0,0.0,0.0,0.0,0.0,0.0,0.0,0.0,0.0,0.0,nan,nan,4.188834154351396,2.8277547918748915,nan,0.4038,0.06085,0.0,0.0,0.0,0.0,0.0,0.0,0.0,0.0,0.0,0.0,0.0,0.0,0.0,0.0,0.0,1.0778184953653805e-05,0.0,0.0,0.0004742401379607674,0.0,0.0,0.0002047855141194223,0.0,0.0015736150032334554,0.004968743263634404,0.000441905583099806,0.00586333261478767,0.0016382841129553784,0.004365164906229791,0.017018754041819358,0.008665660702737658,0.020985126104763958,0.035514119422289284,0.04741323561112309,0.061877559818926495,0.029273550334123735,0.08364949342530718,0.02242940288855357,0.04135589566716965,0.025511963785298557,0.06338650571243802,0.09361931450743695,0.06638284112955378,0.06265358913558956,0.044998922181504634,0.04098943737874542,0.04620607889631386,0.029198103039448156,0.044794136667385215,0.01838758353093339,0.02418624703599914,0.023722785082992023,0.014766113386505712,0.01113386505712438,0.0016275059280017245,0.0007005820219874973,1.0778184953653805e-05,0.0,0.0,0.0,0.0,0.0,0.0,0.0,0.0,0.0,0.0,0.0,0.0,0.0,0.0,0.0,0.0,0.0,0.0,0.0,0.0,0.0,0.0,0.0,0.0,0.0,0.0,0.0,0.0,0.0,0.0,0.0,0.0,0.0,0.0,0.0,0.0,0.0,0.0,0.0,0.0,0.0,0.0,0.0,0.0,nan,nan,4.188834154351396,2.8277547918748915,nan,0.922277185843791,0.022721918012682613,0.0,0.0,0.0,0.0,0.0,0.0,0.0,0.0,0.0,0.0,0.0,0.0,0.0,0.0,0.0,0.0,0.0,0.0,0.0,0.0,0.0,0.0,0.0,0.0,0.0,0.19165247018739356,4.8168654173764915,15.523850085178879,8.649914821124362,0.8177172061328792,0.9225379319911126,0.022749005374410155,0.0,0.0,0.0,0.0,0.0,0.0,0.0,0.0,0.0,0.0,0.0,0.0,0.0,0.0,0.0,0.0,0.0,0.0,0.0,0.0,0.0,0.0,0.0,0.0,0.0,0.19642077695329554,4.648625054561328,15.726756874727197,8.590135312090792,0.8380619816673943,0.4038,0.012184,0.0,0.0,0.0,0.0,0.0,0.0,0.0,0.0,0.0,0.0,0.038330494037478714,11.384156729131158,18.321976149914825,0.25553662691652473,0.0,0.0,0.0,0.0,0.0,0.0,0.0,0.0,0.0,0.0,0.0,0.0,0.0,0.0,0.0,0.0,0.4038,0.01224,0.0,0.0,0.0,0.0,0.0,0.0,0.0,0.0,0.0,0.0,0.026189436927106072,11.444783937145335,18.345700567437802,0.1833260584897425,0.0,0.0,0.0,0.0,0.0,0.0,0.0,0.0,0.0,0.0,0.0,0.0,0.0,0.0,0.0,0.0
74800,4565,2367,0.5185104052573932,1085,942,0.44403066812705366,1279,0.5603504928806133,0.418,2.988626023657871,3.1455961424284737,6.625615763546798,2.2917860016417975,9430.944903989624,1520.5794232418523,7853.0,10924.771487474442,10896.22707507927,7.249122843732909,7853.0,0.0,28.030887185104053,20.99558522888499,33.04443282801882,19.23790070209694,0.1430449069003286,0.09331872946330777,0.09529025191675794,0.09090909090909091,0.08105147864184009,0.0700985761226725,0.06265060240963856,0.07097480832420591,0.05542168674698795,0.05651697699890471,0.04381161007667032,0.03986856516976999,0.031982475355969334,0.025410733844468784,0.021686746987951807,0.010295728368017525,0.007667031763417305,0.9221906673216219,0.022693003097672085,0.0,0.0,0.0,0.0,0.0,0.0,0.0,0.0,0.0,0.0,0.0,0.0,0.0,0.0,0.0,0.0,0.0,0.0,0.0,0.0,0.0,0.0,0.0,0.0,0.0,0.21686746987951813,4.777656078860899,15.489594742606794,8.832420591456737,0.6834611171960572,4.3154843110504775,2.958741817390898,nan,nan,nan,4.374485596707819,3.0238569997839413,4.2600135777325185,2.89056037946819,0.9738318903000959,0.4038,0.01247,0.0,0.0,0.0,0.0,0.0,0.0,0.0,0.0,0.0,0.0,0.032858707557502746,11.447973713033939,18.256297918948526,0.26286966046002197,0.0,0.0,0.0,0.0,0.0,0.0,0.0,0.0,0.0,0.0,0.0,0.0,0.0,0.0,0.0,0.0,nan,nan,4.3154843110504775,2.958741817390898,nan,0.4038,0.06122,0.0,0.0,0.0,0.0,0.0,0.0,0.0,0.0,0.0,0.0,0.0,0.0,0.0,0.0,0.0,0.0,0.0,0.0,0.0005805038335158818,0.0,0.0,0.0003285870755750274,0.0,0.0016648411829134721,0.004928806133625411,0.0003723986856516977,0.006024096385542169,0.002322015334063527,0.005629791894852135,0.016757940854326397,0.007108433734939759,0.022092004381161007,0.03651697699890471,0.04608981380065717,0.06276013143483022,0.030514786418400875,0.08345016429353778,0.02251916757940854,0.039474260679079956,0.025728368017524643,0.05979189485213582,0.09029572836801752,0.06905805038335158,0.06257393209200438,0.04626506024096386,0.04062431544359255,0.046440306681270534,0.030580503833515883,0.0443921139101862,0.019474260679079956,0.024863088718510406,0.024151150054764512,0.013231106243154435,0.01125958378970427,0.0014895947426067908,0.000624315443592552,2.190580503833516e-05,0.0,0.0,0.0,0.0,0.0,0.0,0.0,0.0,0.0,0.0,0.0,0.0,0.0,0.0,0.0,0.0,0.0,0.0,0.0,0.0,0.0,0.0,0.0,0.0,0.0,0.0,0.0,0.0,0.0,0.0,0.0,0.0,0.0,0.0,0.0,0.0,0.0,0.0,0.0,0.0,0.0,0.0,0.0,0.0,nan,nan,4.3154843110504775,2.958741817390898,nan,0.9221458468046377,0.022947828560086404,0.0,0.0,0.0,0.0,0.0,0.0,0.0,0.0,0.0,0.0,0.0,0.0,0.0,0.0,0.0,0.0,0.0,0.0,0.0,0.0,0.0,0.0,0.0,0.0,0.0,0.2534854245880862,4.8669201520912555,15.297845373891004,8.922686945500635,0.6590621039290243,0.9222389340021049,0.02241524498824343,0.0,0.0,0.0,0.0,0.0,0.0,0.0,0.0,0.0,0.0,0.0,0.0,0.0,0.0,0.0,0.0,0.0,0.0,0.0,0.0,0.0,0.0,0.0,0.0,0.0,0.17743403093721571,4.681528662420383,15.696087352138312,8.735213830755233,0.7097361237488629,0.4036,0.0125,0.0,0.0,0.0,0.0,0.0,0.0,0.0,0.0,0.0,0.0,0.025348542458808625,11.43219264892267,18.301647655259824,0.24081115335868192,0.0,0.0,0.0,0.0,0.0,0.0,0.0,0.0,0.0,0.0,0.0,0.0,0.0,0.0,0.0,0.0,0.4038,0.01243,0.0,0.0,0.0,0.0,0.0,0.0,0.0,0.0,0.0,0.0,0.04094631483166516,11.464968152866225,18.20746132848044,0.2866242038216561,0.0,0.0,0.0,0.0,0.0,0.0,0.0,0.0,0.0,0.0,0.0,0.0,0.0,0.0,0.0,0.0
74900,4743,2500,0.5270925574530888,1185,939,0.4478178368121442,1297,0.5469112376133249,0.41,2.960766830138208,3.070762087070017,6.577419354838709,2.0865482651621545,9457.073837060441,1519.397997179931,7853.0,10925.606290698051,10896.248883671069,7.188150912695198,7853.0,0.0,28.021927050390047,20.87638042030392,32.84325,19.177530587578268,0.13409234661606578,0.10246679316888045,0.09213577904279992,0.08412397216951296,0.08581066835336285,0.07737718743411343,0.07210626185958255,0.06514864010120178,0.06093189964157706,0.04554079696394687,0.04490828589500316,0.036896479021716215,0.032468901539110265,0.028462998102466792,0.01728863588446131,0.012017710309930424,0.008222643896268185,0.9224449065499182,0.022571995612371578,0.0,0.0,0.0,0.0,0.0,0.0,0.0,0.0,0.0,0.0,0.0,0.0,0.0,0.0,0.0,0.0,0.0,0.0,0.0,0.0,0.0,0.0,0.0,0.0,0.0,0.22137887413029733,4.421252371916509,15.857052498418726,8.779253636938648,0.7210626185958257,4.21190320470896,2.878546904886671,nan,nan,nan,4.2427631578947365,2.8758774856253644,4.1782693558880935,2.8791709521700093,0.984799103884308,0.4033,0.01268,0.0,0.0,0.0,0.0,0.0,0.0,0.0,0.0,0.0,0.0,0.0569259962049336,11.808981657178984,17.906388361796335,0.2277039848197344,0.0,0.0,0.0,0.0,0.0,0.0,0.0,0.0,0.0,0.0,0.0,0.0,0.0,0.0,0.0,0.0,nan,nan,4.21190320470896,2.878546904886671,nan,0.4033,0.06146,0.0,0.0,0.0,0.0,0.0,0.0,0.0,0.0,0.0,0.0,0.0,0.0,0.0,0.0,0.0,0.0,0.0,0.0,0.0007273877292852625,0.0,0.0,0.0006219692177946447,2.108370229812355e-05,0.0012544802867383513,0.005386885937170567,0.0003373392367699768,0.00611427366645583,0.0019924098671726754,0.00593506219692178,0.018437697659709044,0.006978705460678895,0.022306557031414716,0.03918406072106262,0.04411764705882353,0.0589078642209572,0.030676786843769767,0.08897322369808139,0.021168037107316046,0.0380033733923677,0.02613324899852414,0.05710520767446764,0.08731815306767868,0.0698819312671305,0.06465317309719587,0.048250052709255746,0.03954248366013072,0.04570946658233186,0.030392156862745098,0.04613114062829433,0.01782627029306346,0.025395319418089816,0.02541640312038794,0.012523719165085389,0.010721062618595826,0.0013282732447817836,0.0004743833017077799,1.0541851149061775e-05,4.21674045962471e-05,0.0,0.0,0.0,0.0,0.0,0.0,0.0,0.0,0.0,0.0,0.0,0.0,0.0,0.0,0.0,0.0,0.0,0.0,0.0,0.0,0.0,0.0,0.0,0.0,0.0,0.0,0.0,0.0,0.0,0.0,0.0,0.0,0.0,0.0,0.0,0.0,0.0,0.0,0.0,0.0,0.0,0.0,0.0,nan,nan,4.21190320470896,2.878546904886671,nan,0.9221738088846206,0.02257951686513842,0.0,0.0,0.0,0.0,0.0,0.0,0.0,0.0,0.0,0.0,0.0,0.0,0.0,0.0,0.0,0.0,0.0,0.0,0.0,0.0,0.0,0.0,0.0,0.0,0.0,0.24000000000000005,4.5120000000000005,15.840000000000003,8.676000000000002,0.7320000000000002,0.9227470662303657,0.02255977092687111,0.0,0.0,0.0,0.0,0.0,0.0,0.0,0.0,0.0,0.0,0.0,0.0,0.0,0.0,0.0,0.0,0.0,0.0,0.0,0.0,0.0,0.0,0.0,0.0,0.0,0.2006241640659831,4.320106999554169,15.876058849754797,8.894337940258584,0.7088720463664737,0.4036,0.01251,0.0,0.0,0.0,0.0,0.0,0.0,0.0,0.0,0.0,0.0,0.036000000000000004,11.807999999999982,17.904000000000003,0.25200000000000006,0.0,0.0,0.0,0.0,0.0,0.0,0.0,0.0,0.0,0.0,0.0,0.0,0.0,0.0,0.0,0.0,0.403,0.01285,0.0,0.0,0.0,0.0,0.0,0.0,0.0,0.0,0.0,0.0,0.08024966562639324,11.810075791350851,17.909050378956756,0.2006241640659831,0.0,0.0,0.0,0.0,0.0,0.0,0.0,0.0,0.0,0.0,0.0,0.0,0.0,0.0,0.0,0.0
75000,4711,2424,0.514540437274464,1174,983,0.45786457227764804,1325,0.5625132668223307,0.418,3.0078705728027986,3.118828550955216,6.605263157894737,2.260285094371439,9418.767584382438,1520.885850108549,7853.0,10923.528082728386,10896.04087872346,7.261514449656022,7853.0,0.0,27.843345361918914,20.75403247345878,32.84447821681864,18.945560771713584,0.14179579707068563,0.09912969645510507,0.09191254510719593,0.08511993207386967,0.0810868180853322,0.07471874336658883,0.07026109106346848,0.06516663128847379,0.06261940140097644,0.05200594353640416,0.04415198471662068,0.04139248567183188,0.03014222033538527,0.02632137550413925,0.01804287836977287,0.009764381235406495,0.0063680747187433665,0.9218666485048762,0.023098130581464756,0.0,0.0,0.0,0.0,0.0,0.0,0.0,0.0,0.0,0.0,0.0,0.0,0.0,0.0,0.0,0.0,0.0,0.0,0.0,0.0,0.0,0.0,0.0,0.0,0.0,0.2547229887497347,4.814264487369986,15.487157715983871,8.66058161749098,0.7832731904054343,4.224616389160953,2.905490537058994,nan,nan,nan,4.1700860357379215,2.914089542474425,4.27770618556701,2.8961079279211823,1.0258076569420334,0.4036,0.012344,0.0,0.0,0.0,0.0,0.0,0.0,0.0,0.0,0.0,0.0,0.025472298874973473,11.583527913394168,18.15538102313734,0.23561876459350461,0.0,0.0,0.0,0.0,0.0,0.0,0.0,0.0,0.0,0.0,0.0,0.0,0.0,0.0,0.0,0.0,nan,nan,4.224616389160953,2.905490537058994,nan,0.4036,0.06128,0.0,0.0,0.0,0.0,0.0,0.0,0.0,0.0,0.0,0.0,0.0,0.0,0.0,0.0,0.0,0.0,0.0,0.0,0.00044576523031203565,0.0,0.0,0.0007535555083846317,3.1840373593716835e-05,0.001263001485884101,0.0058692421991084695,0.0001379749522394396,0.004765442581192953,0.0017618340055189981,0.005158140522182127,0.0191042241562301,0.006484822755253662,0.023094884313309277,0.038972617278709404,0.04292082360433029,0.062417745701549565,0.031437062194863086,0.08965187858204203,0.020950965824665675,0.03752918700912757,0.02590745064742093,0.05280195287624708,0.08742305243048185,0.06982593929102102,0.06230099766503927,0.05111441307578009,0.042039906601570795,0.04587136489068138,0.030216514540437275,0.047962216090002126,0.018340055189980897,0.02386966673742305,0.024262364678412227,0.013627679898110805,0.009042666100615581,0.0021333050307790276,0.0003714710252600297,0.00010613457864572278,3.1840373593716835e-05,0.0,0.0,0.0,0.0,0.0,0.0,0.0,0.0,0.0,0.0,0.0,0.0,0.0,0.0,0.0,0.0,0.0,0.0,0.0,0.0,0.0,0.0,0.0,0.0,0.0,0.0,0.0,0.0,0.0,0.0,0.0,0.0,0.0,0.0,0.0,0.0,0.0,0.0,0.0,0.0,0.0,0.0,0.0,nan,nan,4.224616389160953,2.905490537058994,nan,0.9214763704798009,0.02283524107915667,0.0,0.0,0.0,0.0,0.0,0.0,0.0,0.0,0.0,0.0,0.0,0.0,0.0,0.0,0.0,0.0,0.0,0.0,0.0,0.0,0.0,0.0,0.0,0.0,0.0,0.24752475247524758,4.727722772277229,15.853960396039607,8.465346534653467,0.7054455445544556,0.9222803056683142,0.023366425625090132,0.0,0.0,0.0,0.0,0.0,0.0,0.0,0.0,0.0,0.0,0.0,0.0,0.0,0.0,0.0,0.0,0.0,0.0,0.0,0.0,0.0,0.0,0.0,0.0,0.0,0.2623524267599476,4.905990380411019,15.098382160034983,8.867512024486228,0.865763008307827,0.4036,0.012474,0.0,0.0,0.0,0.0,0.0,0.0,0.0,0.0,0.0,0.0,0.024752475247524757,11.584158415841568,18.193069306930695,0.19801980198019806,0.0,0.0,0.0,0.0,0.0,0.0,0.0,0.0,0.0,0.0,0.0,0.0,0.0,0.0,0.0,0.0,0.4036,0.01221,0.0,0.0,0.0,0.0,0.0,0.0,0.0,0.0,0.0,0.0,0.02623524267599476,11.582859641451666,18.11543506777438,0.27547004809794495,0.0,0.0,0.0,0.0,0.0,0.0,0.0,0.0,0.0,0.0,0.0,0.0,0.0,0.0,0.0,0.0
75100,4869,2519,0.5173546929554323,1180,980,0.4436229205175601,1362,0.5594577942082564,0.422,3.0327659574468084,3.1405702843880965,6.686303387334315,2.0893807601716046,9427.34332071365,1520.6240114251377,7853.0,10923.999258995056,10896.063766794268,7.2455174673005,7853.0,0.0,27.619839802834257,20.86232646007068,32.5653026219064,19.171474043959087,0.14191825836927502,0.10474430067775724,0.09344834668309715,0.08872458410351201,0.08317929759704251,0.0722941055658246,0.06079277058944342,0.06510577120558636,0.06017662764428014,0.05052372150338879,0.04621072088724584,0.04210310125282399,0.029985623331279524,0.02423495584308893,0.01889505031834052,0.011912096939823372,0.005750667488190594,0.922782201423222,0.022846804104774226,0.0,0.0,0.0,0.0,0.0,0.0,0.0,0.0,0.0,0.0,0.0,0.0,0.0,0.0,0.0,0.0,0.0,0.0,0.0,0.0,0.0,0.0,0.0,0.0,0.0,0.17252002464571786,4.799753542821936,15.29266789895256,8.921749845964266,0.813308687615527,4.345272668602775,2.890524753003072,nan,nan,nan,4.333772218564845,2.952975478600137,4.35632911392405,2.8291416049391995,1.005204910230994,0.402,0.01251,0.0,0.0,0.0,0.0,0.0,0.0,0.0,0.0,0.0,0.0,0.07393715341959335,12.83425754775106,16.943930991990143,0.1478743068391867,0.0,0.0,0.0,0.0,0.0,0.0,0.0,0.0,0.0,0.0,0.0,0.0,0.0,0.0,0.0,0.0,nan,nan,4.345272668602775,2.890524753003072,nan,0.402,0.061,0.0,0.0,0.0,0.0,0.0,0.0,0.0,0.0,0.0,0.0,0.0,0.0,0.0,0.0,0.0,0.0,0.0,0.0,0.000585335797905114,0.0,0.0,0.0005339905524748409,0.00012322858903265557,0.0012322858903265558,0.005237215033887862,0.000195111932635038,0.004549188745122202,0.0018586978845758883,0.005524748408297392,0.020096529061408915,0.006151160402546724,0.02368042719244198,0.03884781269254467,0.04551242554939412,0.06517765454918875,0.032850688026288766,0.09197987266379133,0.0218422674060382,0.03808790306017663,0.026812487163688642,0.05094475251591703,0.08756418155678784,0.06792975970425139,0.061080303963852944,0.05265968371328815,0.040449784349969195,0.04464982542616554,0.02882522078455535,0.0468987471760115,0.01665639761758061,0.025518586978845757,0.023115629492708976,0.011983980283425755,0.008749229821318545,0.0019613883754364347,5.1345245430273155e-05,8.215239268843705e-05,0.0,0.0,0.0,0.0,0.0,0.0,0.0,0.0,0.0,0.0,0.0,0.0,0.0,0.0,0.0,0.0,0.0,0.0,0.0,0.0,0.0,0.0,0.0,0.0,0.0,0.0,0.0,0.0,0.0,0.0,0.0,0.0,0.0,0.0,0.0,0.0,0.0,0.0,0.0,0.0,0.0,0.0,0.0,0.0,nan,nan,4.345272668602775,2.890524753003072,nan,0.9228455557762606,0.0233840493435834,0.0,0.0,0.0,0.0,0.0,0.0,0.0,0.0,0.0,0.0,0.0,0.0,0.0,0.0,0.0,0.0,0.0,0.0,0.0,0.0,0.0,0.0,0.0,0.0,0.0,0.19055180627233034,4.930527987296547,15.017864231838034,8.955934894799524,0.905121079793569,0.9227142909486243,0.022256326413681835,0.0,0.0,0.0,0.0,0.0,0.0,0.0,0.0,0.0,0.0,0.0,0.0,0.0,0.0,0.0,0.0,0.0,0.0,0.0,0.0,0.0,0.0,0.0,0.0,0.0,0.15319148936170215,4.659574468085107,15.587234042553195,8.885106382978725,0.7148936170212767,0.4023,0.01237,0.0,0.0,0.0,0.0,0.0,0.0,0.0,0.0,0.0,0.0,0.07145692735212388,12.659785629217925,17.113934100833667,0.1548233425962684,0.0,0.0,0.0,0.0,0.0,0.0,0.0,0.0,0.0,0.0,0.0,0.0,0.0,0.0,0.0,0.0,0.402,0.012665,0.0,0.0,0.0,0.0,0.0,0.0,0.0,0.0,0.0,0.0,0.07659574468085108,13.021276595744663,16.76170212765958,0.14042553191489365,0.0,0.0,0.0,0.0,0.0,0.0,0.0,0.0,0.0,0.0,0.0,0.0,0.0,0.0,0.0,0.0
75200,4565,2380,0.5213581599123768,1137,894,0.4449069003285871,1252,0.5485213581599124,0.438,3.020137299771167,3.190454438396334,6.63258785942492,2.3643705157126824,9439.490174699129,1520.1181068542649,7853.0,10925.756866335869,10895.994809874592,7.427954059734635,7853.0,0.0,28.058488499452356,20.90387630545562,33.171211326691136,19.065017224025905,0.13953997809419497,0.10054764512595837,0.09200438116100766,0.08521358159912376,0.07163198247535597,0.08017524644030669,0.07250821467688938,0.06681270536692223,0.05651697699890471,0.05454545454545454,0.046440306681270534,0.03943044906900329,0.030010952902519168,0.027163198247535596,0.018400876232201532,0.014676889375684557,0.004381161007667032,0.9234294779198846,0.02349370799362618,0.0,0.0,0.0,0.0,0.0,0.0,0.0,0.0,0.0,0.0,0.0,0.0,0.0,0.0,0.0,0.0,0.0,0.0,0.0,0.0,0.0,0.0,0.0,0.0,0.0,0.23001095290251922,4.409638554216868,15.128148959474263,9.423877327491788,0.8083242059145676,4.310227658851512,2.9749070717328867,nan,nan,nan,4.213114754098361,2.9292089651806825,4.407307171853857,3.017181413566436,1.0460923637474135,0.402,0.0127,0.0,0.0,0.0,0.0,0.0,0.0,0.0,0.0,0.0,0.0,0.09200438116100769,13.150054764512577,16.580503833515884,0.17743702081051482,0.0,0.0,0.0,0.0,0.0,0.0,0.0,0.0,0.0,0.0,0.0,0.0,0.0,0.0,0.0,0.0,nan,nan,4.310227658851512,2.9749070717328867,nan,0.402,0.06177,0.0,0.0,0.0,0.0,0.0,0.0,0.0,0.0,0.0,0.0,0.0,0.0,0.0,0.0,0.0,0.0,0.0,0.0,0.0008652792990142388,0.0,0.0,0.0008214676889375684,3.285870755750274e-05,0.0019934282584884995,0.00475355969331873,0.0002190580503833516,0.005410733844468784,0.002212486308871851,0.006801752464403067,0.01904709748083242,0.0064293537787513694,0.023877327491785325,0.03861993428258489,0.04247535596933187,0.06503833515881709,0.03391018619934283,0.09512595837897042,0.020876232201533406,0.038368017524644034,0.027798466593647316,0.04899233296823658,0.08708652792990143,0.06707557502738226,0.05958378970427163,0.053395399780941946,0.038795180722891565,0.04587075575027382,0.027305585980284774,0.047250821467688935,0.01628696604600219,0.025169769989047096,0.023143483023001097,0.011664841182913471,0.01059145673603505,0.0030339539978094195,3.285870755750274e-05,0.0,4.381161007667032e-05,0.0,0.0,0.0,0.0,0.0,0.0,0.0,0.0,0.0,0.0,0.0,0.0,0.0,0.0,0.0,0.0,0.0,0.0,0.0,0.0,0.0,0.0,0.0,0.0,0.0,0.0,0.0,0.0,0.0,0.0,0.0,0.0,0.0,0.0,0.0,0.0,0.0,0.0,0.0,0.0,0.0,0.0,0.0,nan,nan,4.310227658851512,2.9749070717328867,nan,0.9229989569477675,0.023328664728251874,0.0,0.0,0.0,0.0,0.0,0.0,0.0,0.0,0.0,0.0,0.0,0.0,0.0,0.0,0.0,0.0,0.0,0.0,0.0,0.0,0.0,0.0,0.0,0.0,0.0,0.20168067226890762,4.537815126050421,15.08823529411765,9.516806722689077,0.6554621848739498,0.923898420672122,0.02366326043810828,0.0,0.0,0.0,0.0,0.0,0.0,0.0,0.0,0.0,0.0,0.0,0.0,0.0,0.0,0.0,0.0,0.0,0.0,0.0,0.0,0.0,0.0,0.0,0.0,0.0,0.26086956521739135,4.270022883295195,15.171624713958813,9.322654462242564,0.9748283752860414,0.4019,0.01274,0.0,0.0,0.0,0.0,0.0,0.0,0.0,0.0,0.0,0.0,0.08823529411764708,13.323529411764685,16.373949579831937,0.21428571428571433,0.0,0.0,0.0,0.0,0.0,0.0,0.0,0.0,0.0,0.0,0.0,0.0,0.0,0.0,0.0,0.0,0.402,0.012665,0.0,0.0,0.0,0.0,0.0,0.0,0.0,0.0,0.0,0.0,0.09610983981693366,12.961098398169318,16.805491990846686,0.13729977116704808,0.0,0.0,0.0,0.0,0.0,0.0,0.0,0.0,0.0,0.0,0.0,0.0,0.0,0.0,0.0,0.0
75300,4705,2455,0.5217853347502657,1180,947,0.45207226354941554,1298,0.5517534537725823,0.438,2.904888888888889,3.1141002782842233,6.682885906040268,2.1161988828592606,9440.68740077333,1519.9632260605763,7853.0,10919.076360225677,10895.798053213244,7.241089409596692,7853.0,0.0,27.56365568544102,20.81391254407988,32.641783439490446,19.056325144936384,0.14622741764080766,0.1030818278427205,0.08990435706695005,0.0871413390010627,0.08459086078639745,0.07375132837407014,0.06546227417640808,0.06099893730074389,0.055047821466524975,0.05398512221041445,0.04824654622741764,0.03995749202975558,0.03400637619553666,0.023804463336875664,0.01700318809776833,0.012539851222104145,0.004250797024442083,0.9226247244129525,0.023246614672151892,0.0,0.0,0.0,0.0,0.0,0.0,0.0,0.0,0.0,0.0,0.0,0.0,0.0,0.0,0.0,0.0,0.0,0.0,0.0,0.0,0.0,0.0,0.0,0.0,0.0,0.20403825717322002,4.59086078639745,15.71094580233794,8.646121147715197,0.8480340063761957,4.201324503311258,2.9369531167401,nan,nan,nan,4.279555845852384,2.920719257037425,4.120886501007387,2.9513904282420036,0.9629238756169581,0.4019,0.01275,0.0,0.0,0.0,0.0,0.0,0.0,0.0,0.0,0.0,0.0,0.05738575982996813,13.115834218916028,16.64824654622742,0.17853347502656752,0.0,0.0,0.0,0.0,0.0,0.0,0.0,0.0,0.0,0.0,0.0,0.0,0.0,0.0,0.0,0.0,nan,nan,4.201324503311258,2.9369531167401,nan,0.4019,0.06198,0.0,0.0,0.0,0.0,0.0,0.0,0.0,0.0,0.0,0.0,0.0,0.0,0.0,0.0,0.0,0.0,0.0,0.0,0.0007651434643995749,0.0,0.0,0.0008926673751328374,2.1253985122210414e-05,0.0015196599362380446,0.005823591923485654,0.0003400637619553666,0.0051859723698193414,0.0021253985122210413,0.006716259298618491,0.01787460148777896,0.007481402763018066,0.02547290116896918,0.040371944739638684,0.04070138150903294,0.06464399574920297,0.03259298618490967,0.09822529224229543,0.020170031880977685,0.03825717321997875,0.028735387885228482,0.04911795961742827,0.08565356004250797,0.06235919234856536,0.05880977683315622,0.05317747077577046,0.03969181721572795,0.04640807651434644,0.028342189160467587,0.050616365568544104,0.016238044633368757,0.023910733262486716,0.02179596174282678,0.011615302869287992,0.011147715196599363,0.003124335812964931,3.188097768331562e-05,0.0,4.250797024442083e-05,0.0,0.0,0.0,0.0,0.0,0.0,0.0,0.0,0.0,0.0,0.0,0.0,0.0,0.0,0.0,0.0,0.0,0.0,0.0,0.0,0.0,0.0,0.0,0.0,0.0,0.0,0.0,0.0,0.0,0.0,0.0,0.0,0.0,0.0,0.0,0.0,0.0,0.0,0.0,0.0,0.0,0.0,0.0,nan,nan,4.201324503311258,2.9369531167401,nan,0.9218441930176527,0.023246186095664118,0.0,0.0,0.0,0.0,0.0,0.0,0.0,0.0,0.0,0.0,0.0,0.0,0.0,0.0,0.0,0.0,0.0,0.0,0.0,0.0,0.0,0.0,0.0,0.0,0.0,0.25661914460285135,4.814663951120163,15.947046843177192,8.150712830957232,0.8309572301425664,0.9234763708909353,0.023217165984550068,0.0,0.0,0.0,0.0,0.0,0.0,0.0,0.0,0.0,0.0,0.0,0.0,0.0,0.0,0.0,0.0,0.0,0.0,0.0,0.0,0.0,0.0,0.0,0.0,0.0,0.1466666666666667,4.346666666666668,15.453333333333337,9.186666666666667,0.8666666666666669,0.4023,0.01282,0.0,0.0,0.0,0.0,0.0,0.0,0.0,0.0,0.0,0.0,0.07331975560081468,12.623217922606907,17.095723014256624,0.2077393075356416,0.0,0.0,0.0,0.0,0.0,0.0,0.0,0.0,0.0,0.0,0.0,0.0,0.0,0.0,0.0,0.0,0.4014,0.01265,0.0,0.0,0.0,0.0,0.0,0.0,0.0,0.0,0.0,0.0,0.04000000000000001,13.653333333333315,16.160000000000004,0.1466666666666667,0.0,0.0,0.0,0.0,0.0,0.0,0.0,0.0,0.0,0.0,0.0,0.0,0.0,0.0,0.0,0.0
75400,4802,2518,0.5243648479800084,1198,992,0.45605997501041234,1323,0.5510204081632653,0.434,2.963660245183888,3.1054147248174555,6.727868852459016,2.169394502480009,9448.809854020667,1519.861637348332,7853.0,10921.509807825089,10896.319666007641,7.433517329969807,7853.0,0.0,27.887755102040817,20.91808113293493,33.101576182136604,19.0499177043083,0.14827155351936694,0.09516867971678468,0.09100374843815077,0.07975843398583923,0.08517284464806331,0.07538525614327364,0.07184506455643482,0.06518117451062057,0.05664306538942107,0.04872969596001666,0.044148271553519365,0.03935860058309038,0.038317367763431906,0.02603082049146189,0.018325697625989172,0.010412328196584756,0.006247396917950854,0.9238056993419952,0.023026439010956,0.0,0.0,0.0,0.0,0.0,0.0,0.0,0.0,0.0,0.0,0.0,0.0,0.0,0.0,0.0,0.0,0.0,0.0,0.0,0.0,0.0,0.0,0.0,0.0,0.0,0.1936693044564765,4.366930445647648,15.099958350687217,9.414827155351938,0.9246147438567266,4.144555091551558,2.8793576290874885,nan,nan,nan,4.120236530880421,2.866384619176538,4.16781898177247,2.891522137463863,1.011548475563339,0.4023,0.01254,0.0,0.0,0.0,0.0,0.0,0.0,0.0,0.0,0.0,0.0,0.10620574760516453,12.669720949604313,17.02415660141608,0.19991670137442738,0.0,0.0,0.0,0.0,0.0,0.0,0.0,0.0,0.0,0.0,0.0,0.0,0.0,0.0,0.0,0.0,nan,nan,4.144555091551558,2.8793576290874885,nan,0.4023,0.06216,0.0,0.0,0.0,0.0,0.0,0.0,0.0,0.0,0.0,0.0,0.0,0.0,0.0,0.0,0.0,0.0,0.0,0.0,0.0007184506455643482,0.0,0.0,0.0007080383173677634,0.0,0.0012703040399833403,0.006153685964181591,0.0005206164098292378,0.005039566847147022,0.0026759683465222826,0.0074552269887546855,0.017326114119117036,0.008423573511037069,0.025749687630154103,0.03909829237817576,0.03832778009162849,0.06302582257392753,0.0342877967513536,0.09609537692628072,0.021376509787588503,0.03929612661391087,0.026718034152436485,0.0496563931695127,0.08501665972511453,0.061307788421491045,0.060724698042482296,0.051249479383590174,0.04212827988338192,0.04634527280299875,0.02815493544356518,0.050666389004581425,0.018231986672219907,0.025426905456059974,0.020553935860058308,0.011568096626405665,0.010787172011661808,0.003748438150770512,0.00012494793835901707,0.0,2.0824656393169513e-05,2.0824656393169513e-05,0.0,0.0,0.0,0.0,0.0,0.0,0.0,0.0,0.0,0.0,0.0,0.0,0.0,0.0,0.0,0.0,0.0,0.0,0.0,0.0,0.0,0.0,0.0,0.0,0.0,0.0,0.0,0.0,0.0,0.0,0.0,0.0,0.0,0.0,0.0,0.0,0.0,0.0,0.0,0.0,0.0,0.0,nan,nan,4.144555091551558,2.8793576290874885,nan,0.9239119234730839,0.023280529314966558,0.0,0.0,0.0,0.0,0.0,0.0,0.0,0.0,0.0,0.0,0.0,0.0,0.0,0.0,0.0,0.0,0.0,0.0,0.0,0.0,0.0,0.0,0.0,0.0,0.0,0.1787132644956315,4.420174741858618,14.940428911834793,9.507545671167595,0.953137410643368,0.9236885923533431,0.022742452030433277,0.0,0.0,0.0,0.0,0.0,0.0,0.0,0.0,0.0,0.0,0.0,0.0,0.0,0.0,0.0,0.0,0.0,0.0,0.0,0.0,0.0,0.0,0.0,0.0,0.0,0.2101576182136603,4.308231173380036,15.275831873905432,9.31260945709282,0.8931698774080562,0.402,0.01249,0.0,0.0,0.0,0.0,0.0,0.0,0.0,0.0,0.0,0.0,0.10722795869737889,12.807783955520236,16.930103256552822,0.1548848292295473,0.0,0.0,0.0,0.0,0.0,0.0,0.0,0.0,0.0,0.0,0.0,0.0,0.0,0.0,0.0,0.0,0.4026,0.012596,0.0,0.0,0.0,0.0,0.0,0.0,0.0,0.0,0.0,0.0,0.10507880910683015,12.517513134851121,17.127845884413315,0.2495621716287216,0.0,0.0,0.0,0.0,0.0,0.0,0.0,0.0,0.0,0.0,0.0,0.0,0.0,0.0,0.0,0.0
75500,4865,2447,0.5029804727646454,1112,1017,0.43761562178828367,1409,0.5792394655704008,0.40199999999999997,2.9693961952026466,3.0842683167668516,6.532763532763533,2.1252606472447377,9383.774368523742,1521.6853841929062,7853.0,10920.159893929958,10896.407152786272,7.314895800126959,7853.0,0.0,28.220143884892085,20.94326121496971,33.103120429059,19.17298768748836,0.1381294964028777,0.09558067831449127,0.09290853031860226,0.09023638232271326,0.08530318602261049,0.06659815005138746,0.07317574511819117,0.06351490236382323,0.05200411099691675,0.05303186022610483,0.044193216855087356,0.0460431654676259,0.038643371017471735,0.02774922918807811,0.015827338129496403,0.011305241521068859,0.0057553956834532375,0.9236821758661339,0.023219507741991188,0.0,0.0,0.0,0.0,0.0,0.0,0.0,0.0,0.0,0.0,0.0,0.0,0.0,0.0,0.0,0.0,0.0,0.0,0.0,0.0,0.0,0.0,0.0,0.0,0.0,0.17266187050359716,4.409044193216856,15.484069886947587,8.892086330935253,1.0421377183967113,4.270390352269121,2.8296402012684068,nan,nan,nan,4.3440102498398465,2.8105077037335584,4.19811320754717,2.8464470117951675,0.9664142039494369,0.4026,0.01268,0.0,0.0,0.0,0.0,0.0,0.0,0.0,0.0,0.0,0.0,0.030832476875642348,12.684480986639242,17.031860226104833,0.25282631038026726,0.0,0.0,0.0,0.0,0.0,0.0,0.0,0.0,0.0,0.0,0.0,0.0,0.0,0.0,0.0,0.0,nan,nan,4.270390352269121,2.8296402012684068,nan,0.4026,0.06186,0.0,0.0,0.0,0.0,0.0,0.0,0.0,0.0,0.0,0.0,0.0,0.0,0.0,0.0,0.0,0.0,0.0,0.0,0.000842754367934224,0.0,0.0,0.0006269270298047277,0.0,0.001079136690647482,0.005858170606372045,0.0005035971223021583,0.005385405960945529,0.0034018499486125385,0.0072353545734840695,0.01622816032887975,0.007882836587872559,0.02499486125385406,0.039948612538540595,0.037327852004111,0.06237410071942446,0.0336382322713258,0.09801644398766701,0.019393627954779034,0.038448098663926004,0.026896197327852003,0.05078108941418294,0.08603288797533402,0.0651387461459404,0.061654676258992805,0.04892086330935252,0.04012332990750257,0.04878725590955807,0.027276464542651594,0.05314491264131552,0.0186639260020555,0.024285714285714285,0.01944501541623844,0.011695786228160329,0.010513874614594038,0.003237410071942446,0.00020554984583761563,0.0,0.0,0.0,0.0,1.0277492291880782e-05,0.0,0.0,0.0,0.0,0.0,0.0,0.0,0.0,0.0,0.0,0.0,0.0,0.0,0.0,0.0,0.0,0.0,0.0,0.0,0.0,0.0,0.0,0.0,0.0,0.0,0.0,0.0,0.0,0.0,0.0,0.0,0.0,0.0,0.0,0.0,0.0,0.0,0.0,0.0,0.0,nan,nan,4.270390352269121,2.8296402012684068,nan,0.9239160374909164,0.023385093806559717,0.0,0.0,0.0,0.0,0.0,0.0,0.0,0.0,0.0,0.0,0.0,0.0,0.0,0.0,0.0,0.0,0.0,0.0,0.0,0.0,0.0,0.0,0.0,0.0,0.0,0.17163874131589707,4.425827543931345,15.312627707396816,8.961994278708625,1.1279117286473235,0.9234455094493254,0.023048309161997176,0.0,0.0,0.0,0.0,0.0,0.0,0.0,0.0,0.0,0.0,0.0,0.0,0.0,0.0,0.0,0.0,0.0,0.0,0.0,0.0,0.0,0.0,0.0,0.0,0.0,0.17369727047146408,4.392059553349877,15.657568238213402,8.82133995037221,0.9553349875930522,0.4023,0.01274,0.0,0.0,0.0,0.0,0.0,0.0,0.0,0.0,0.0,0.0,0.0,12.98324478953819,16.77155700858194,0.24519820187985292,0.0,0.0,0.0,0.0,0.0,0.0,0.0,0.0,0.0,0.0,0.0,0.0,0.0,0.0,0.0,0.0,0.4026,0.01262,0.0,0.0,0.0,0.0,0.0,0.0,0.0,0.0,0.0,0.0,0.0620347394540943,12.382133995037202,17.295285359801493,0.2605459057071961,0.0,0.0,0.0,0.0,0.0,0.0,0.0,0.0,0.0,0.0,0.0,0.0,0.0,0.0,0.0,0.0
75600,4592,2346,0.5108885017421603,1046,977,0.4405487804878049,1304,0.5679442508710801,0.43,2.9737310774710597,3.166460064202333,6.808873720136519,2.2271187161582273,9407.740299463247,1521.2523257608314,7853.0,10921.142036736012,10896.208633902483,7.26092987190617,7853.0,0.0,27.77047038327526,21.02244981667025,32.8547209181012,19.289316897232595,0.14307491289198607,0.09930313588850175,0.09930313588850175,0.08449477351916376,0.08253484320557491,0.07121080139372822,0.06772648083623693,0.06337108013937283,0.05553135888501742,0.050522648083623695,0.04507839721254355,0.044642857142857144,0.0313588850174216,0.024390243902439025,0.018945993031358885,0.010017421602787456,0.008493031358885017,0.923824956737952,0.02312439034235089,0.0,0.0,0.0,0.0,0.0,0.0,0.0,0.0,0.0,0.0,0.0,0.0,0.0,0.0,0.0,0.0,0.0,0.0,0.0,0.0,0.0,0.0,0.0,0.0,0.0,0.23519163763066206,4.226916376306621,15.48344947735192,9.00261324041812,1.051829268292683,4.42749658002736,2.934279525210175,nan,nan,nan,4.397923875432526,2.8975820693944687,4.456389452332657,2.969411002814282,1.013293903795545,0.4019,0.01297,0.0,0.0,0.0,0.0,0.0,0.0,0.0,0.0,0.0,0.0,0.09146341463414637,13.0923344947735,16.646341463414636,0.1698606271777004,0.0,0.0,0.0,0.0,0.0,0.0,0.0,0.0,0.0,0.0,0.0,0.0,0.0,0.0,0.0,0.0,nan,nan,4.42749658002736,2.934279525210175,nan,0.4019,0.0623,0.0,0.0,0.0,0.0,0.0,0.0,0.0,0.0,0.0,0.0,0.0,0.0,0.0,0.0,0.0,0.0,0.0,1.0888501742160279e-05,0.0013175087108013937,0.0,0.0,0.0011759581881533102,9.799651567944251e-05,0.0006968641114982578,0.006217334494773519,0.0005988675958188153,0.005019599303135888,0.0033863240418118465,0.00820993031358885,0.016136759581881533,0.008307926829268293,0.026437282229965157,0.041082317073170734,0.036247822299651566,0.0626633275261324,0.03494120209059234,0.09577526132404181,0.02035060975609756,0.03843641114982579,0.028397212543554005,0.05030487804878049,0.08630226480836237,0.06474303135888501,0.06138937282229965,0.047506533101045294,0.04048344947735192,0.049412020905923344,0.02692726480836237,0.05015243902439025,0.017824477351916376,0.02538109756097561,0.017639372822299652,0.011291376306620209,0.010746951219512194,0.0040396341463414635,0.0003484320557491289,0.0,0.0,0.0,0.0,0.0,0.0,0.0,0.0,0.0,0.0,0.0,0.0,0.0,0.0,0.0,0.0,0.0,0.0,0.0,0.0,0.0,0.0,0.0,0.0,0.0,0.0,0.0,0.0,0.0,0.0,0.0,0.0,0.0,0.0,0.0,0.0,0.0,0.0,0.0,0.0,0.0,0.0,0.0,0.0,0.0,nan,nan,4.42749658002736,2.934279525210175,nan,0.9238329658829444,0.02283280147740745,0.0,0.0,0.0,0.0,0.0,0.0,0.0,0.0,0.0,0.0,0.0,0.0,0.0,0.0,0.0,0.0,0.0,0.0,0.0,0.0,0.0,0.0,0.0,0.0,0.0,0.2429667519181586,4.002557544757034,15.83120204603581,8.874680306905372,1.048593350383632,0.9238165909970114,0.023425083570335174,0.0,0.0,0.0,0.0,0.0,0.0,0.0,0.0,0.0,0.0,0.0,0.0,0.0,0.0,0.0,0.0,0.0,0.0,0.0,0.0,0.0,0.0,0.0,0.0,0.0,0.22707034728406061,4.461264470169191,15.120213713268035,9.136242208370438,1.0552092609082815,0.4019,0.01313,0.0,0.0,0.0,0.0,0.0,0.0,0.0,0.0,0.0,0.0,0.14066496163682868,12.953964194373382,16.726342710997447,0.17902813299232742,0.0,0.0,0.0,0.0,0.0,0.0,0.0,0.0,0.0,0.0,0.0,0.0,0.0,0.0,0.0,0.0,0.4016,0.012794,0.0,0.0,0.0,0.0,0.0,0.0,0.0,0.0,0.0,0.0,0.040071237756010694,13.236865538735511,16.56277827248442,0.16028495102404278,0.0,0.0,0.0,0.0,0.0,0.0,0.0,0.0,0.0,0.0,0.0,0.0,0.0,0.0,0.0,0.0
75700,4763,2471,0.5187906781440269,1157,963,0.4450976275456645,1335,0.5605710686542096,0.418,2.9703315881326353,3.0977376299616988,6.530326594090202,2.1105373750616825,9431.828735230025,1520.5776442846939,7853.0,10922.483034968376,10896.286631283128,7.368087081380845,7853.0,0.0,28.044509762754565,20.903568542582985,33.18243583291394,19.07058336758882,0.1406676464413185,0.09804744908671005,0.09195884946462314,0.08754986353138779,0.07999160193155574,0.07453285744278816,0.06886416124291413,0.06382532017635943,0.0585765273986983,0.05332773462103716,0.045559521310098675,0.04115053537686332,0.036111694310308626,0.025404157043879907,0.01721604031072853,0.011757295821960948,0.0054587444887675834,0.9247616472025015,0.02303057579131009,0.0,0.0,0.0,0.0,0.0,0.0,0.0,0.0,0.0,0.0,0.0,0.0,0.0,0.0,0.0,0.0,0.0,0.0,0.0,0.0,0.0,0.0,0.0,0.0,0.0,0.1511652319966408,4.037371404576948,15.11652319966408,9.71236615578417,0.9825740079781652,4.262540716612378,2.898859271455536,nan,nan,nan,4.2940026075619295,2.866249772803742,4.233876221498371,2.9296905859329736,0.9859975897644605,0.4019,0.01255,0.0,0.0,0.0,0.0,0.0,0.0,0.0,0.0,0.0,0.0,0.05038841066554694,13.245853453705628,16.53999580096578,0.16376233466302756,0.0,0.0,0.0,0.0,0.0,0.0,0.0,0.0,0.0,0.0,0.0,0.0,0.0,0.0,0.0,0.0,nan,nan,4.262540716612378,2.898859271455536,nan,0.4019,0.06216,0.0,0.0,0.0,0.0,0.0,0.0,0.0,0.0,0.0,0.0,0.0,0.0,0.0,0.0,0.0,0.0,5.248792777661138e-05,0.0,0.0011652319966407726,0.0,0.0,0.0004933865211001469,0.0002204492966617678,0.000913289943313038,0.0054692420743229055,0.0007138358177619147,0.006067604450976275,0.0037896283854713417,0.0069494016376233465,0.016586185177409195,0.009678773882007139,0.02680033592273777,0.03895653999580097,0.03700398908251102,0.06266008817971866,0.03608020155364266,0.0948666806634474,0.02222338862061726,0.037402897333613266,0.0262019735460844,0.04803695150115474,0.08876758345580517,0.06379382741969347,0.06224018475750577,0.044457274826789836,0.04119252571908461,0.05055637203443208,0.027367205542725172,0.05074532857442788,0.0193680453495696,0.0261074952760865,0.01817132059626286,0.011316397228637413,0.010403107285324375,0.0029183287843795925,0.0002519420533277346,1.0497585555322276e-05,0.0,0.0,0.0,0.0,0.0,0.0,0.0,0.0,0.0,0.0,0.0,0.0,0.0,0.0,0.0,0.0,0.0,0.0,0.0,0.0,0.0,0.0,0.0,0.0,0.0,0.0,0.0,0.0,0.0,0.0,0.0,0.0,0.0,0.0,0.0,0.0,0.0,0.0,0.0,0.0,0.0,0.0,0.0,0.0,nan,nan,4.262540716612378,2.898859271455536,nan,0.9244158547786218,0.023035955132819703,0.0,0.0,0.0,0.0,0.0,0.0,0.0,0.0,0.0,0.0,0.0,0.0,0.0,0.0,0.0,0.0,0.0,0.0,0.0,0.0,0.0,0.0,0.0,0.0,0.0,0.12140833670578716,4.2857142857142865,15.091056252529343,9.506272764063134,0.9955483609874547,0.9251344452301661,0.023018956782676746,0.0,0.0,0.0,0.0,0.0,0.0,0.0,0.0,0.0,0.0,0.0,0.0,0.0,0.0,0.0,0.0,0.0,0.0,0.0,0.0,0.0,0.0,0.0,0.0,0.0,0.18324607329842937,3.769633507853404,15.143979057591626,9.93455497382199,0.9685863874345552,0.4016,0.01251,0.0,0.0,0.0,0.0,0.0,0.0,0.0,0.0,0.0,0.0,0.03642250101173614,13.57345204370698,16.220153783893164,0.16997167138810204,0.0,0.0,0.0,0.0,0.0,0.0,0.0,0.0,0.0,0.0,0.0,0.0,0.0,0.0,0.0,0.0,0.4023,0.01258,0.0,0.0,0.0,0.0,0.0,0.0,0.0,0.0,0.0,0.0,0.06544502617801048,12.892670157068045,16.884816753926703,0.15706806282722516,0.0,0.0,0.0,0.0,0.0,0.0,0.0,0.0,0.0,0.0,0.0,0.0,0.0,0.0,0.0,0.0
75800,4746,2420,0.5099030762747577,1130,1016,0.4521702486304256,1360,0.5731142014327855,0.426,2.9613069647463455,3.059633562239006,6.550314465408805,2.1173845921736563,9404.87636271737,1521.4473217619668,7853.0,10920.558391034603,10896.473230353982,7.414431661102916,7853.0,0.0,27.8771597134429,20.77179897256026,32.814851981936776,18.99632468191254,0.1390644753476612,0.10240202275600506,0.09186683522966708,0.08449220396123051,0.07753898019384745,0.07690686894226717,0.06932153392330384,0.06700379266750948,0.06089338390223346,0.049726085124315214,0.04782975136957438,0.042351453855878636,0.03308048883270122,0.025916561314791402,0.015592077538980193,0.00990307627475769,0.006110408765276022,0.9242080581675488,0.023089072642664042,0.0,0.0,0.0,0.0,0.0,0.0,0.0,0.0,0.0,0.0,0.0,0.0,0.0,0.0,0.0,0.0,0.0,0.0,0.0,0.0,0.0,0.0,0.0,0.0,0.0,0.145385587863464,4.2857142857142865,15.316055625790142,9.241466498103668,1.0113780025284451,4.298794395568589,2.8431922968796957,nan,nan,nan,4.304263565891473,2.8558942019631823,4.293228139381985,2.830195530149718,0.997436163854617,0.4023,0.012695,0.0,0.0,0.0,0.0,0.0,0.0,0.0,0.0,0.0,0.0,0.10113780025284452,12.686472819216164,17.06068268015171,0.15170670037926678,0.0,0.0,0.0,0.0,0.0,0.0,0.0,0.0,0.0,0.0,0.0,0.0,0.0,0.0,0.0,0.0,nan,nan,4.298794395568589,2.8431922968796957,nan,0.4023,0.06256,0.0,0.0,0.0,0.0,0.0,0.0,0.0,0.0,0.0,0.0,0.0,0.0,0.0,0.0,0.0,1.0535187526337969e-05,6.321112515802781e-05,0.0,0.0007585335018963338,0.0,0.0,0.0004424778761061947,0.0003581963758954909,0.0011483354403708386,0.005172777075431943,0.0015276021913190054,0.006110408765276022,0.0039190897597977245,0.007669616519174041,0.017446270543615677,0.008839022334597556,0.026327433628318585,0.03927517909818795,0.038569321533923305,0.06146228402865571,0.03725242309313106,0.08825326590813316,0.02338811630847029,0.037958280657395704,0.02572692793931732,0.0494732406236831,0.08507163927517909,0.06242098609355246,0.06245259165613148,0.044679730299199326,0.04124525916561315,0.05164348925410872,0.02779182469447956,0.0531078803202697,0.020722713864306786,0.02702275600505689,0.01733038348082596,0.011378002528445006,0.010282343025705857,0.003402865571007164,0.00021070375052675939,0.0,0.0,1.0535187526337969e-05,7.374631268436578e-05,0.0,0.0,0.0,0.0,0.0,0.0,0.0,0.0,0.0,0.0,0.0,0.0,0.0,0.0,0.0,0.0,0.0,0.0,0.0,0.0,0.0,0.0,0.0,0.0,0.0,0.0,0.0,0.0,0.0,0.0,0.0,0.0,0.0,0.0,0.0,0.0,0.0,0.0,0.0,0.0,0.0,nan,nan,4.298794395568589,2.8431922968796957,nan,0.9242734371876914,0.023148263709912655,0.0,0.0,0.0,0.0,0.0,0.0,0.0,0.0,0.0,0.0,0.0,0.0,0.0,0.0,0.0,0.0,0.0,0.0,0.0,0.0,0.0,0.0,0.0,0.0,0.0,0.12396694214876035,4.301652892561984,15.309917355371903,9.260330578512399,1.0041322314049588,0.9241400370029981,0.023027130978963337,0.0,0.0,0.0,0.0,0.0,0.0,0.0,0.0,0.0,0.0,0.0,0.0,0.0,0.0,0.0,0.0,0.0,0.0,0.0,0.0,0.0,0.0,0.0,0.0,0.0,0.1676698194325022,4.269131556319863,15.322441960447122,9.22184006878762,1.0189165950128978,0.4023,0.01263,0.0,0.0,0.0,0.0,0.0,0.0,0.0,0.0,0.0,0.0,0.09917355371900828,12.595041322314032,17.144628099173556,0.16115702479338848,0.0,0.0,0.0,0.0,0.0,0.0,0.0,0.0,0.0,0.0,0.0,0.0,0.0,0.0,0.0,0.0,0.402,0.012764,0.0,0.0,0.0,0.0,0.0,0.0,0.0,0.0,0.0,0.0,0.10318142734307827,12.781599312123799,16.973344797936374,0.14187446259673261,0.0,0.0,0.0,0.0,0.0,0.0,0.0,0.0,0.0,0.0,0.0,0.0,0.0,0.0,0.0,0.0
75900,4838,2470,0.5105415460934271,1135,1016,0.44460520876395204,1369,0.565936337329475,0.41,2.904983108108108,3.101303480271109,6.640127388535032,2.195344230298439,9406.833550788146,1521.4211198685198,7853.0,10924.660652577877,10896.50069583524,7.3304897048301685,7853.0,0.0,27.920421661843736,21.031494534832948,33.08306471609224,19.229783426299747,0.14365440264572138,0.10210830921868541,0.08743282348077717,0.09032658123191402,0.0791649441918148,0.07461761058288549,0.06883009508061182,0.06118230673832162,0.054774700289375776,0.051054154609342706,0.04795369987598181,0.04216618437370814,0.03534518396031418,0.02625051674245556,0.016122364613476645,0.010954940057875156,0.008061182306738322,0.9236064106903573,0.02338866190302429,0.0,0.0,0.0,0.0,0.0,0.0,0.0,0.0,0.0,0.0,0.0,0.0,0.0,0.0,0.0,0.0,0.0,0.0,0.0,0.0,0.0,0.0,0.0,0.0,0.0,0.1922281934683754,4.601074824307566,15.16122364613477,8.978916907813147,1.0665564282761473,4.301383081376648,2.887546270628565,nan,nan,nan,4.338699291693496,2.911425211603742,4.2641388174807195,2.8630298979696334,0.9828150168518193,0.4026,0.01296,0.0,0.0,0.0,0.0,0.0,0.0,0.0,0.0,0.0,0.0,0.05580818520049608,12.637453493178981,17.052501033484916,0.25423728813559326,0.0,0.0,0.0,0.0,0.0,0.0,0.0,0.0,0.0,0.0,0.0,0.0,0.0,0.0,0.0,0.0,nan,nan,4.301383081376648,2.887546270628565,nan,0.4026,0.06244,0.0,0.0,0.0,0.0,0.0,0.0,0.0,0.0,0.0,0.0,0.0,0.0,0.0,0.0,0.0,0.0,1.0334849111202977e-05,0.0,0.0007441091360066144,0.0,0.0,0.0004857379082265399,0.000434063662670525,0.000444398511781728,0.005012401818933443,0.0015502273666804464,0.006087226126498553,0.0029661016949152543,0.009384042992972302,0.016380735841256717,0.009291029350971475,0.026653575857792475,0.03836295990078545,0.03855932203389831,0.061254650682100044,0.03777387350144688,0.08762918561389003,0.02238528317486565,0.03449772633319553,0.02451426209177346,0.05320380322447292,0.08716411740388591,0.06229847044233154,0.0656159570070277,0.042021496486151305,0.040130219098801156,0.05523976849937991,0.02649855312112443,0.05237701529557669,0.02108309218685407,0.02711864406779661,0.01711451012815213,0.011864406779661017,0.009518396031417941,0.004071930549813973,0.00019636213311285654,0.0,0.0,0.0,6.200909466721785e-05,0.0,0.0,0.0,0.0,0.0,0.0,0.0,0.0,0.0,0.0,0.0,0.0,0.0,0.0,0.0,0.0,0.0,0.0,0.0,0.0,0.0,0.0,0.0,0.0,0.0,0.0,0.0,0.0,0.0,0.0,0.0,0.0,0.0,0.0,0.0,0.0,0.0,0.0,0.0,0.0,0.0,nan,nan,4.301383081376648,2.887546270628565,nan,0.9242516319278763,0.023387796981844827,0.0,0.0,0.0,0.0,0.0,0.0,0.0,0.0,0.0,0.0,0.0,0.0,0.0,0.0,0.0,0.0,0.0,0.0,0.0,0.0,0.0,0.0,0.0,0.0,0.0,0.18218623481781382,4.4089068825910935,15.121457489878546,9.097165991902836,1.1902834008097167,0.9229333969839925,0.023370590837147997,0.0,0.0,0.0,0.0,0.0,0.0,0.0,0.0,0.0,0.0,0.0,0.0,0.0,0.0,0.0,0.0,0.0,0.0,0.0,0.0,0.0,0.0,0.0,0.0,0.0,0.20270270270270274,4.801520270270271,15.202702702702705,8.855574324324326,0.9375000000000002,0.4023,0.01284,0.0,0.0,0.0,0.0,0.0,0.0,0.0,0.0,0.0,0.0,0.04858299595141702,12.82591093117407,16.894736842105267,0.2307692307692308,0.0,0.0,0.0,0.0,0.0,0.0,0.0,0.0,0.0,0.0,0.0,0.0,0.0,0.0,0.0,0.0,0.4028,0.0131,0.0,0.0,0.0,0.0,0.0,0.0,0.0,0.0,0.0,0.0,0.0633445945945946,12.44087837837836,17.217060810810814,0.2787162162162163,0.0,0.0,0.0,0.0,0.0,0.0,0.0,0.0,0.0,0.0,0.0,0.0,0.0,0.0,0.0,0.0
76000,4726,2446,0.5175624206517139,1107,976,0.44075327972915784,1341,0.5674989420228523,0.422,2.9964912280701754,3.085902575594927,6.605678233438486,2.055775720852679,9428.136022899258,1520.7571144906951,7853.0,10923.935875236988,10896.374016443946,7.308801930335454,7853.0,0.0,27.89885738468049,21.047985670084095,32.9873417721519,19.280378739180147,0.14303851036817605,0.10029623360135421,0.09162082099026661,0.08738891239949217,0.08315700380871772,0.07130765975454931,0.06728734659331359,0.06432501057977148,0.057977147693609815,0.04887854422344477,0.04612780363944139,0.04316546762589928,0.033008887008040624,0.026237833262801522,0.01819720694033009,0.010368176047397376,0.00761743546339399,0.9239781857974642,0.023136535864492616,0.0,0.0,0.0,0.0,0.0,0.0,0.0,0.0,0.0,0.0,0.0,0.0,0.0,0.0,0.0,0.0,0.0,0.0,0.0,0.0,0.0,0.0,0.0,0.0,0.0,0.1650444350402032,4.183241641980534,15.457046127803643,9.223444773592892,0.971223021582734,4.2862783810463965,2.8451848106827193,nan,nan,nan,4.331368696791094,2.8602379262988675,4.2407407407407405,2.8291718236821377,0.9790763699895844,0.4023,0.012794,0.0,0.0,0.0,0.0,0.0,0.0,0.0,0.0,0.0,0.0,0.050782903089293285,12.733812949640269,16.961489631823955,0.2539145154464664,0.0,0.0,0.0,0.0,0.0,0.0,0.0,0.0,0.0,0.0,0.0,0.0,0.0,0.0,0.0,0.0,nan,nan,4.2862783810463965,2.8451848106827193,nan,0.4023,0.06256,0.0,0.0,0.0,0.0,0.0,0.0,0.0,0.0,0.0,0.0,0.0,0.0,0.0,0.0,0.0,0.0,0.0,0.0,0.001079136690647482,0.0,0.0,0.000539568345323741,0.0003808717731696995,0.00042319085907744394,0.005300465509944985,0.0014176893779094372,0.005215827338129497,0.0035865425306813373,0.009987304274227676,0.017160389335590352,0.008992805755395683,0.027020736352094794,0.03901819720694033,0.037991959373677525,0.06314007617435463,0.03429961912822683,0.08889123994921709,0.022788827761320355,0.0326491747778248,0.022683030046550996,0.05414727041895895,0.08875370292001693,0.06393355903512483,0.0626322471434617,0.044477359289039356,0.03863732543377063,0.05647482014388489,0.02757088446889547,0.049894202285230636,0.023095641134151502,0.02470376639864579,0.01789039356749894,0.011933982225983918,0.008506136267456624,0.004485823106220905,0.00013753702920016927,0.0,0.0,1.0579771476936098e-05,0.0001269572577232332,2.1159542953872196e-05,0.0,0.0,0.0,0.0,0.0,0.0,0.0,0.0,0.0,0.0,0.0,0.0,0.0,0.0,0.0,0.0,0.0,0.0,0.0,0.0,0.0,0.0,0.0,0.0,0.0,0.0,0.0,0.0,0.0,0.0,0.0,0.0,0.0,0.0,0.0,0.0,0.0,0.0,0.0,0.0,nan,nan,4.2862783810463965,2.8451848106827193,nan,0.9238859940676638,0.02330544643650163,0.0,0.0,0.0,0.0,0.0,0.0,0.0,0.0,0.0,0.0,0.0,0.0,0.0,0.0,0.0,0.0,0.0,0.0,0.0,0.0,0.0,0.0,0.0,0.0,0.0,0.2085036794766967,4.182338511856092,15.417007358953397,9.149632052330336,1.0425183973834835,0.9240770897321534,0.02295353376297421,0.0,0.0,0.0,0.0,0.0,0.0,0.0,0.0,0.0,0.0,0.0,0.0,0.0,0.0,0.0,0.0,0.0,0.0,0.0,0.0,0.0,0.0,0.0,0.0,0.0,0.11842105263157897,4.18421052631579,15.500000000000004,9.30263157894737,0.8947368421052634,0.4023,0.01285,0.0,0.0,0.0,0.0,0.0,0.0,0.0,0.0,0.0,0.0,0.024529844644317258,12.804578904333589,16.91332788225675,0.2575633687653312,0.0,0.0,0.0,0.0,0.0,0.0,0.0,0.0,0.0,0.0,0.0,0.0,0.0,0.0,0.0,0.0,0.4023,0.01274,0.0,0.0,0.0,0.0,0.0,0.0,0.0,0.0,0.0,0.0,0.07894736842105264,12.657894736842088,17.013157894736846,0.25000000000000006,0.0,0.0,0.0,0.0,0.0,0.0,0.0,0.0,0.0,0.0,0.0,0.0,0.0,0.0,0.0,0.0
76100,4748,2482,0.5227464195450716,1107,921,0.42712721145745575,1308,0.5509688289806234,0.426,2.995145631067961,3.172236313898883,6.687203791469194,2.1849934660361563,9444.142863830475,1520.3403682201201,7853.0,10919.50028347969,10896.813987698264,7.258721367458714,7853.0,0.0,27.481255265374894,20.929915404241115,32.63645569620253,19.17886462221902,0.14785172704296545,0.10193765796124685,0.09414490311710194,0.08930075821398484,0.08192923336141533,0.07181971356360572,0.06655433866891322,0.05876158382476832,0.05075821398483572,0.05497051390058972,0.04823083403538332,0.038121314237573714,0.03496208930075821,0.02801179443976411,0.016849199663016005,0.011373209772535805,0.0044229149115417015,0.9246056205275286,0.02305000555836214,0.0,0.0,0.0,0.0,0.0,0.0,0.0,0.0,0.0,0.0,0.0,0.0,0.0,0.0,0.0,0.0,0.0,0.0,0.0,0.0,0.0,0.0,0.0,0.0,0.0,0.17691659646166813,4.125947767481046,15.265374894692505,9.338668913226623,1.0930918281381636,4.373328877005347,2.94898648208483,nan,nan,nan,4.2854264607118875,2.9280255490658154,4.4604125083167,2.9670394419459787,1.0408328200726478,0.403,0.012985,0.0,0.0,0.0,0.0,0.0,0.0,0.0,0.0,0.0,0.0,0.09477674810446506,11.94818871103621,17.68534119629318,0.27169334456613314,0.0,0.0,0.0,0.0,0.0,0.0,0.0,0.0,0.0,0.0,0.0,0.0,0.0,0.0,0.0,0.0,nan,nan,4.373328877005347,2.94898648208483,nan,0.403,0.06274,0.0,0.0,0.0,0.0,0.0,0.0,0.0,0.0,0.0,0.0,0.0,0.0,0.0,0.0,0.0,0.0,0.0,0.0,0.0012636899747262005,0.0,0.0,0.0006213142375737152,0.00036857624262847516,0.0002632687447346251,0.005591828138163437,0.0011373209772535804,0.005212721145745577,0.0030433866891322664,0.009867312552653749,0.01683866891322662,0.008603622577927548,0.028759477674810446,0.03652064026958719,0.03884793597304128,0.06266849199663016,0.03359309182813816,0.08692080876158383,0.02224094355518113,0.03302443133951137,0.020471777590564448,0.055612889637742205,0.09037489469250211,0.06113100252737995,0.061352148272957034,0.046430075821398485,0.037784330244313394,0.05682392586352148,0.029770429654591406,0.05095829823083404,0.02339932603201348,0.026421651221566974,0.019429233361415332,0.012320977253580456,0.007919123841617522,0.004286015164279696,2.106149957877001e-05,0.0,0.0,5.265374894692502e-05,5.265374894692502e-05,0.0,0.0,0.0,0.0,0.0,0.0,0.0,0.0,0.0,0.0,0.0,0.0,0.0,0.0,0.0,0.0,0.0,0.0,0.0,0.0,0.0,0.0,0.0,0.0,0.0,0.0,0.0,0.0,0.0,0.0,0.0,0.0,0.0,0.0,0.0,0.0,0.0,0.0,0.0,0.0,0.0,nan,nan,4.373328877005347,2.94898648208483,nan,0.92507347154771,0.022778429229484053,0.0,0.0,0.0,0.0,0.0,0.0,0.0,0.0,0.0,0.0,0.0,0.0,0.0,0.0,0.0,0.0,0.0,0.0,0.0,0.0,0.0,0.0,0.0,0.0,0.0,0.15713134568896056,3.9282836422240135,15.531829170024176,9.258662369057213,1.1240934730056409,0.9240931729405514,0.023333081544817037,0.0,0.0,0.0,0.0,0.0,0.0,0.0,0.0,0.0,0.0,0.0,0.0,0.0,0.0,0.0,0.0,0.0,0.0,0.0,0.0,0.0,0.0,0.0,0.0,0.0,0.1985878199470433,4.342453662842013,14.973521624007065,9.42630185348632,1.0591350397175643,0.4028,0.01294,0.0,0.0,0.0,0.0,0.0,0.0,0.0,0.0,0.0,0.0,0.12087026591458504,12.232070910555986,17.429492344883162,0.21756647864625306,0.0,0.0,0.0,0.0,0.0,0.0,0.0,0.0,0.0,0.0,0.0,0.0,0.0,0.0,0.0,0.0,0.4036,0.01303,0.0,0.0,0.0,0.0,0.0,0.0,0.0,0.0,0.0,0.0,0.06619593998234777,11.637246248896718,17.965578111209183,0.3309796999117388,0.0,0.0,0.0,0.0,0.0,0.0,0.0,0.0,0.0,0.0,0.0,0.0,0.0,0.0,0.0,0.0
76200,4554,2408,0.5287659200702679,1150,916,0.4536671058410189,1248,0.5480895915678524,0.414,2.9450139794967383,3.1268246601842207,6.654237288135593,2.1461295105136897,9462.532010037266,1519.4589877461326,7853.0,10919.646104097366,10896.94052064357,7.431486595680311,7853.0,0.0,28.14558629776021,20.854581924330205,32.96021840873635,19.112939325658054,0.1354852876592007,0.0981554677206851,0.09398331137461573,0.08541941150636803,0.0836627140974967,0.07992973210364515,0.06697408871321915,0.061703996486605184,0.05862977602108037,0.05204216073781291,0.04808959156785244,0.041721563460693896,0.029863855950812472,0.027228809837505488,0.019543258673693456,0.010979358805445762,0.006587615283267457,0.9248411425200794,0.0233464445192569,0.0,0.0,0.0,0.0,0.0,0.0,0.0,0.0,0.0,0.0,0.0,0.0,0.0,0.0,0.0,0.0,0.0,0.0,0.0,0.0,0.0,0.0,0.0,0.0,0.0,0.17127799736495394,4.216073781291174,14.822134387351781,9.670619235836629,1.119894598155468,4.146037099494098,2.943410391683115,nan,nan,nan,4.104306864064603,2.964440718346521,4.187964841108857,2.921527865185139,1.0203829732559044,0.4036,0.01292,0.0,0.0,0.0,0.0,0.0,0.0,0.0,0.0,0.0,0.0,0.13175230566534918,11.442687747035556,18.181818181818183,0.24374176548089596,0.0,0.0,0.0,0.0,0.0,0.0,0.0,0.0,0.0,0.0,0.0,0.0,0.0,0.0,0.0,0.0,nan,nan,4.146037099494098,2.943410391683115,nan,0.4036,0.06213,0.0,0.0,0.0,0.0,0.0,0.0,0.0,0.0,0.0,0.0,0.0,0.0,0.0,0.0,0.0,0.0,0.0,0.0,0.0004940711462450593,0.0,0.0,0.0008124725516029863,0.0002854633289415898,8.78348704435661e-05,0.004710144927536232,0.0011638120333772508,0.005950812472551603,0.0025472112428634166,0.009606938954765042,0.015876152832674573,0.00872859025032938,0.027733860342555993,0.03533157663592446,0.04008563899868248,0.0640096618357488,0.0326306543697848,0.08723100570926658,0.022167325428194995,0.03422266139657444,0.019806763285024155,0.05606060606060606,0.08700043917435221,0.06133069828722003,0.06430610452349583,0.04770531400966183,0.038515590689503734,0.05713658322353975,0.03090689503732982,0.04855072463768116,0.023397013614404917,0.028019323671497585,0.020245937637241983,0.010715854194115063,0.00899209486166008,0.0035243741765480898,6.587615283267457e-05,3.293807641633728e-05,1.0979358805445763e-05,0.0,0.0,0.0,0.0,0.0,0.0,0.0,0.0,0.0,0.0,0.0,0.0,0.0,0.0,0.0,0.0,0.0,0.0,0.0,0.0,0.0,0.0,0.0,0.0,0.0,0.0,0.0,0.0,0.0,0.0,0.0,0.0,0.0,0.0,0.0,0.0,0.0,0.0,0.0,0.0,0.0,0.0,0.0,nan,nan,4.146037099494098,2.943410391683115,nan,0.9248819080648628,0.02338421740187754,0.0,0.0,0.0,0.0,0.0,0.0,0.0,0.0,0.0,0.0,0.0,0.0,0.0,0.0,0.0,0.0,0.0,0.0,0.0,0.0,0.0,0.0,0.0,0.0,0.0,0.16196013289036548,4.348006644518273,14.613787375415285,9.70514950166113,1.1710963455149503,0.9247954000075732,0.023303902240417687,0.0,0.0,0.0,0.0,0.0,0.0,0.0,0.0,0.0,0.0,0.0,0.0,0.0,0.0,0.0,0.0,0.0,0.0,0.0,0.0,0.0,0.0,0.0,0.0,0.0,0.18173345759552662,4.0680335507921725,15.055917986952473,9.63187325256291,1.0624417520969247,0.4033,0.012924,0.0,0.0,0.0,0.0,0.0,0.0,0.0,0.0,0.0,0.0,0.1370431893687708,11.36212624584716,18.313953488372096,0.1868770764119602,0.0,0.0,0.0,0.0,0.0,0.0,0.0,0.0,0.0,0.0,0.0,0.0,0.0,0.0,0.0,0.0,0.4038,0.0129,0.0,0.0,0.0,0.0,0.0,0.0,0.0,0.0,0.0,0.0,0.12581547064305687,11.53308480894686,18.033550792171486,0.3075489282385835,0.0,0.0,0.0,0.0,0.0,0.0,0.0,0.0,0.0,0.0,0.0,0.0,0.0,0.0,0.0,0.0
76300,4630,2378,0.5136069114470843,1116,933,0.442548596112311,1285,0.5550755939524838,0.41,3.0310834813499112,3.1560807245855003,6.728278041074249,2.096888473110748,9416.532038289064,1521.5547798778352,7853.0,10918.903033137321,10897.219233506461,7.261176516360788,7853.0,0.0,27.946868250539957,21.023749450278483,32.873586844809864,19.311623410477708,0.14017278617710582,0.09892008639308855,0.09956803455723542,0.0814254859611231,0.08250539956803456,0.07429805615550755,0.07041036717062635,0.06285097192224622,0.05356371490280778,0.05010799136069115,0.05161987041036717,0.03628509719222462,0.03347732181425486,0.0265658747300216,0.020302375809935207,0.009719222462203024,0.008207343412526998,0.9252178620184986,0.023182196508705035,0.0,0.0,0.0,0.0,0.0,0.0,0.0,0.0,0.0,0.0,0.0,0.0,0.0,0.0,0.0,0.0,0.0,0.0,0.0,0.0,0.0,0.0,0.0,0.0,0.006479481641468684,0.14902807775377971,4.017278617710584,14.838012958963287,9.79697624190065,1.1922246220302377,4.292953020134228,2.916468629395706,nan,nan,nan,4.274932614555256,2.949693607970825,4.310828877005347,2.883020615450511,1.0083969188959545,0.4038,0.01262,0.0,0.0,0.0,0.0,0.0,0.0,0.0,0.0,0.0,0.0,0.05831533477321815,11.384449244060459,18.34341252699784,0.21382289416846656,0.0,0.0,0.0,0.0,0.0,0.0,0.0,0.0,0.0,0.0,0.0,0.0,0.0,0.0,0.0,0.0,nan,nan,4.292953020134228,2.916468629395706,nan,0.4038,0.06204,0.0,0.0,0.0,0.0,0.0,0.0,0.0,0.0,0.0,0.0,0.0,0.0,0.0,0.0,0.0,0.0,0.0,0.0,0.00024838012958963284,0.0,0.0,0.0006479481641468683,0.0004103671706263499,3.239740820734341e-05,0.005140388768898488,0.0007127429805615551,0.006447084233261339,0.0024730021598272137,0.008488120950323974,0.016339092872570193,0.007537796976241901,0.02884449244060475,0.036468682505399565,0.03884449244060475,0.06535637149028077,0.03176025917926566,0.08801295896328294,0.020745140388768898,0.03368250539956803,0.021101511879049677,0.053628509719222464,0.09034557235421166,0.06278617710583154,0.06383369330453564,0.04775377969762419,0.03658747300215983,0.058812095032397406,0.03176025917926566,0.044654427645788336,0.024211663066954645,0.02623110151187905,0.020928725701943846,0.01214902807775378,0.008801295896328293,0.0041360691144708426,0.0,7.55939524838013e-05,0.0,0.0,1.0799136069114471e-05,0.0,0.0,0.0,0.0,0.0,0.0,0.0,0.0,0.0,0.0,0.0,0.0,0.0,0.0,0.0,0.0,0.0,0.0,0.0,0.0,0.0,0.0,0.0,0.0,0.0,0.0,0.0,0.0,0.0,0.0,0.0,0.0,0.0,0.0,0.0,0.0,0.0,0.0,0.0,0.0,0.0,nan,nan,4.292953020134228,2.916468629395706,nan,0.9255606223796976,0.023110394332398556,0.0,0.0,0.0,0.0,0.0,0.0,0.0,0.0,0.0,0.0,0.0,0.0,0.0,0.0,0.0,0.0,0.0,0.0,0.0,0.0,0.0,0.0,0.0,0.0,0.012615643397813292,0.13877207737594618,3.7973086627418007,15.037846930193442,9.688814129520606,1.3246425567703957,0.9248559241237692,0.02325229150676402,0.0,0.0,0.0,0.0,0.0,0.0,0.0,0.0,0.0,0.0,0.0,0.0,0.0,0.0,0.0,0.0,0.0,0.0,0.0,0.0,0.0,0.0,0.0,0.0,0.0,0.15985790408525757,4.249555950266431,14.626998223801069,9.911190053285969,1.0523978685612791,0.4038,0.01245,0.0,0.0,0.0,0.0,0.0,0.0,0.0,0.0,0.0,0.0,0.06307821698906646,11.391925988225383,18.343145500420526,0.20185029436501267,0.0,0.0,0.0,0.0,0.0,0.0,0.0,0.0,0.0,0.0,0.0,0.0,0.0,0.0,0.0,0.0,0.4036,0.01279,0.0,0.0,0.0,0.0,0.0,0.0,0.0,0.0,0.0,0.0,0.053285968028419194,11.37655417406748,18.343694493783307,0.22646536412078158,0.0,0.0,0.0,0.0,0.0,0.0,0.0,0.0,0.0,0.0,0.0,0.0,0.0,0.0,0.0,0.0
76400,4602,2349,0.5104302477183833,1125,953,0.45154280747501085,1295,0.5627987831377662,0.414,2.9205503772747448,3.086472246198995,6.566558441558442,2.140848502701592,9406.823705104098,1521.7505334526634,7853.0,10920.234735965729,10897.145036564096,7.416113291365953,7853.0,0.0,27.600608431116907,20.66354674072709,32.419938016528924,18.98592059890417,0.1384180790960452,0.10517166449369839,0.09169926119078661,0.08865710560625815,0.08365927857453281,0.07714037375054324,0.06475445458496305,0.06236418948283355,0.060625814863103,0.050630160799652324,0.04889178617992177,0.03824424163407214,0.03129074315514994,0.02564102564102564,0.01673185571490656,0.01108213820078227,0.004997827031725337,0.925809391694502,0.02327914777870738,0.0,0.0,0.0,0.0,0.0,0.0,0.0,0.0,0.0,0.0,0.0,0.0,0.0,0.0,0.0,0.0,0.0,0.0,0.0,0.0,0.0,0.0,0.0,0.0,0.0,0.14993481095176012,3.9308996088657113,14.843546284224253,9.85658409387223,1.2190352020860498,4.284021665538253,2.89214294249116,nan,nan,nan,4.367388362652233,2.8934048612063252,4.200542005420054,2.8884687532930746,0.9617972244788289,0.4033,0.01285,0.0,0.0,0.0,0.0,0.0,0.0,0.0,0.0,0.0,0.0,0.07170795306388528,11.812255541069083,17.855280312907436,0.26075619295958286,0.0,0.0,0.0,0.0,0.0,0.0,0.0,0.0,0.0,0.0,0.0,0.0,0.0,0.0,0.0,0.0,nan,nan,4.284021665538253,2.89214294249116,nan,0.4033,0.06168,0.0,0.0,0.0,0.0,0.0,0.0,0.0,0.0,0.0,0.0,0.0,0.0,0.0,0.0,0.0,0.0,0.0,0.0,0.00020643198609300305,0.0,0.0,0.0004128639721860061,0.0006301607996523251,0.0,0.004976097348978705,0.0005867014341590613,0.00641025641025641,0.0035202086049543678,0.008170360712733594,0.01673185571490656,0.007398956975228162,0.02921555845284659,0.035136897001303784,0.036255975662755326,0.06759017818339852,0.032007822685788785,0.08805953933072577,0.020447631464580618,0.03330073880921339,0.022522816166883963,0.0521077792264233,0.09412212081703607,0.06358105171664494,0.06427640156453716,0.047435897435897434,0.03653846153846154,0.05806171229900044,0.032931334202520646,0.045664928292046936,0.023326814428509344,0.024532811820947416,0.019621903520208605,0.011538461538461539,0.00852890047805302,0.003987396784006954,0.00011951325510647545,3.259452411994785e-05,0.0,0.0,1.086484137331595e-05,0.0,0.0,0.0,0.0,0.0,0.0,0.0,0.0,0.0,0.0,0.0,0.0,0.0,0.0,0.0,0.0,0.0,0.0,0.0,0.0,0.0,0.0,0.0,0.0,0.0,0.0,0.0,0.0,0.0,0.0,0.0,0.0,0.0,0.0,0.0,0.0,0.0,0.0,0.0,0.0,0.0,nan,nan,4.284021665538253,2.89214294249116,nan,0.9255354275293378,0.023109482459187133,0.0,0.0,0.0,0.0,0.0,0.0,0.0,0.0,0.0,0.0,0.0,0.0,0.0,0.0,0.0,0.0,0.0,0.0,0.0,0.0,0.0,0.0,0.0,0.0,0.0,0.15325670498084293,3.9719029374201797,14.916985951468714,9.770114942528737,1.1877394636015328,0.9260950294326159,0.0234513279428797,0.0,0.0,0.0,0.0,0.0,0.0,0.0,0.0,0.0,0.0,0.0,0.0,0.0,0.0,0.0,0.0,0.0,0.0,0.0,0.0,0.0,0.0,0.0,0.0,0.0,0.14647137150466047,3.888149134487351,14.766977363515316,9.946737683089216,1.2516644474034622,0.4036,0.01291,0.0,0.0,0.0,0.0,0.0,0.0,0.0,0.0,0.0,0.0,0.07662835249042146,11.685823754789254,17.969348659003835,0.26819923371647514,0.0,0.0,0.0,0.0,0.0,0.0,0.0,0.0,0.0,0.0,0.0,0.0,0.0,0.0,0.0,0.0,0.4033,0.01279,0.0,0.0,0.0,0.0,0.0,0.0,0.0,0.0,0.0,0.0,0.06657789613848204,11.944074567243657,17.736351531291614,0.25299600532623173,0.0,0.0,0.0,0.0,0.0,0.0,0.0,0.0,0.0,0.0,0.0,0.0,0.0,0.0,0.0,0.0
76500,4797,2457,0.5121951219512195,1113,1004,0.4413174900979779,1386,0.5778611632270169,0.40199999999999997,2.905128205128205,3.0672615407936474,6.538950715421303,2.097123363795377,9412.14405584513,1521.5775402505392,7853.0,10923.686137616634,10897.043156650016,7.207080684179769,7853.0,0.0,27.712320200125077,20.691883795550925,32.83687765824368,18.860479827745458,0.14238065457577653,0.09797790285595163,0.09714404836356055,0.08963935793204086,0.08005003126954346,0.06587450489889514,0.07087763185324161,0.06337294142172191,0.06045445069835314,0.05315822388993121,0.04607046070460705,0.04169272461955389,0.036481134042109654,0.024807171148634562,0.016468626224723785,0.009172399416301855,0.004377736085053158,0.9258846833677572,0.023324748551279993,0.0,0.0,0.0,0.0,0.0,0.0,0.0,0.0,0.0,0.0,0.0,0.0,0.0,0.0,0.0,0.0,0.0,0.0,0.0,0.0,0.0,0.0,0.0,0.0,0.0,0.1563477173233271,3.8023764853033155,14.934333958724206,9.85616010006254,1.250781738586617,4.254557291666667,2.8696131711305615,nan,nan,nan,4.319845857418112,2.924517840690585,4.1902245706737125,2.809355869004381,0.9699940018642538,0.4033,0.012634,0.0,0.0,0.0,0.0,0.0,0.0,0.0,0.0,0.0,0.0,0.006253908692933085,11.913696060037507,17.817385866166358,0.2626641651031895,0.0,0.0,0.0,0.0,0.0,0.0,0.0,0.0,0.0,0.0,0.0,0.0,0.0,0.0,0.0,0.0,nan,nan,4.254557291666667,2.8696131711305615,nan,0.4033,0.0621,0.0,0.0,0.0,0.0,0.0,0.0,0.0,0.0,0.0,0.0,0.0,0.0,0.0,0.0,0.0,0.0,0.0,0.0,0.0004377736085053158,0.0,0.0,0.00038565770273087346,0.0008442776735459662,0.0,0.00504481967896602,0.0008130081300813008,0.00565978736710444,0.004471544715447155,0.007577652699603919,0.018407337919533043,0.007932040858870127,0.02940379403794038,0.03723160308526162,0.03622055451323744,0.06439441317490098,0.03278090473212424,0.08547008547008547,0.020252240983948303,0.034000416927246195,0.023295809881175734,0.050552428601209086,0.0909526787575568,0.06329997915363769,0.0623827392120075,0.049093183239524704,0.03877423389618512,0.06142380654575776,0.03305190744215134,0.042318115488847195,0.024463206170523243,0.026391494684177612,0.019324577861163227,0.010954763393787785,0.008317698561601,0.0037419220346049616,0.00031269543464665416,0.0,2.0846362309776944e-05,0.0,0.0,0.0,0.0,0.0,0.0,0.0,0.0,0.0,0.0,0.0,0.0,0.0,0.0,0.0,0.0,0.0,0.0,0.0,0.0,0.0,0.0,0.0,0.0,0.0,0.0,0.0,0.0,0.0,0.0,0.0,0.0,0.0,0.0,0.0,0.0,0.0,0.0,0.0,0.0,0.0,0.0,0.0,nan,nan,4.254557291666667,2.8696131711305615,nan,0.9254478677822217,0.023054810274534213,0.0,0.0,0.0,0.0,0.0,0.0,0.0,0.0,0.0,0.0,0.0,0.0,0.0,0.0,0.0,0.0,0.0,0.0,0.0,0.0,0.0,0.0,0.0,0.0,0.0,0.170940170940171,3.8827838827838836,14.884004884004886,10.085470085470089,0.976800976800977,0.9263433397325695,0.02359616028437367,0.0,0.0,0.0,0.0,0.0,0.0,0.0,0.0,0.0,0.0,0.0,0.0,0.0,0.0,0.0,0.0,0.0,0.0,0.0,0.0,0.0,0.0,0.0,0.0,0.0,0.14102564102564105,3.7179487179487185,14.98717948717949,9.615384615384617,1.5384615384615388,0.4033,0.0126,0.0,0.0,0.0,0.0,0.0,0.0,0.0,0.0,0.0,0.0,0.0,11.855921855921839,17.948717948717952,0.19536019536019542,0.0,0.0,0.0,0.0,0.0,0.0,0.0,0.0,0.0,0.0,0.0,0.0,0.0,0.0,0.0,0.0,0.4036,0.012665,0.0,0.0,0.0,0.0,0.0,0.0,0.0,0.0,0.0,0.0,0.012820512820512824,11.974358974358957,17.679487179487182,0.3333333333333334,0.0,0.0,0.0,0.0,0.0,0.0,0.0,0.0,0.0,0.0,0.0,0.0,0.0,0.0,0.0,0.0
76600,4754,2468,0.5191417753470762,1135,962,0.44110222970130414,1321,0.5557425326041229,0.41,2.9833770778652666,3.0976643141880436,6.519500780031201,2.246163739545981,9433.507570899055,1521.1245226263889,7853.0,10917.765130400658,10897.462314446559,7.377775809645047,7853.0,0.0,28.1613378207825,21.206227672787758,33.351235501765004,19.38913120050896,0.144509886411443,0.09549852755574254,0.09718132099284812,0.07803954564577198,0.08203618005889778,0.07677745056794279,0.06689103912494741,0.061632309633992424,0.05427008834665545,0.05679427850231384,0.045225073622212876,0.03975599495161969,0.0340765671013883,0.030290281867900715,0.01787968026924695,0.01072780816154817,0.008413967185527976,0.9260836040642666,0.023275845601565558,0.0,0.0,0.0,0.0,0.0,0.0,0.0,0.0,0.0,0.0,0.0,0.0,0.0,0.0,0.0,0.0,0.0,0.0,0.0,0.0,0.0,0.0,0.0,0.0,0.0,0.18300378628523353,3.805216659655028,14.488851493479178,10.32393773664283,1.1989903239377369,4.265706806282722,2.867392397302947,nan,nan,nan,4.2819324950364,2.9016411473835984,4.249838187702266,2.8334070951236496,0.9925047143150114,0.4036,0.01265,0.0,0.0,0.0,0.0,0.0,0.0,0.0,0.0,0.0,0.0,0.03155237694572992,11.70593184686578,18.09844341607068,0.16407236011779558,0.0,0.0,0.0,0.0,0.0,0.0,0.0,0.0,0.0,0.0,0.0,0.0,0.0,0.0,0.0,0.0,nan,nan,4.265706806282722,2.867392397302947,nan,0.4036,0.06213,0.0,0.0,0.0,0.0,0.0,0.0,0.0,0.0,0.0,0.0,0.0,0.0,0.0,0.0,0.0,0.0,0.0,0.0,0.00013672696676482961,0.0,0.0,0.0005153554901135886,0.0006731173748422381,1.051745898190997e-05,0.0057214976861590236,0.0010201935212452672,0.005279764408918805,0.0041543962978544385,0.006846865797223391,0.01785864535128313,0.008382414808582246,0.030195624737063526,0.03650610012620951,0.0357593605384939,0.06709087084560371,0.03308792595708877,0.08305637358014303,0.019541438788388724,0.03482330668910391,0.02497896508203618,0.05190366007572571,0.08687421119057635,0.06069625578460244,0.06146403029028187,0.05086243163651662,0.03894615061001262,0.06053849389987379,0.03680058897770299,0.04192259150189314,0.02467395877156079,0.027135044173327724,0.019888514934791754,0.0105490113588557,0.008277240218763146,0.00361800588977703,0.00014724442574673958,1.051745898190997e-05,5.2587294909549855e-05,0.0,0.0,0.0,0.0,0.0,0.0,0.0,0.0,0.0,0.0,0.0,0.0,0.0,0.0,0.0,0.0,0.0,0.0,0.0,0.0,0.0,0.0,0.0,0.0,0.0,0.0,0.0,0.0,0.0,0.0,0.0,0.0,0.0,0.0,0.0,0.0,0.0,0.0,0.0,0.0,0.0,0.0,0.0,nan,nan,4.265706806282722,2.867392397302947,nan,0.9265095587197927,0.023486569126886122,0.0,0.0,0.0,0.0,0.0,0.0,0.0,0.0,0.0,0.0,0.0,0.0,0.0,0.0,0.0,0.0,0.0,0.0,0.0,0.0,0.0,0.0,0.0,0.0,0.0,0.2309562398703404,3.853322528363048,13.833063209076178,10.927876823338739,1.1547811993517019,0.9256237370083442,0.02303734284555563,0.0,0.0,0.0,0.0,0.0,0.0,0.0,0.0,0.0,0.0,0.0,0.0,0.0,0.0,0.0,0.0,0.0,0.0,0.0,0.0,0.0,0.0,0.0,0.0,0.0,0.13123359580052496,3.7532808398950137,15.19685039370079,9.67191601049869,1.2467191601049872,0.4036,0.01265,0.0,0.0,0.0,0.0,0.0,0.0,0.0,0.0,0.0,0.0,0.036466774716369534,11.632901134521864,18.172609400324152,0.15802269043760134,0.0,0.0,0.0,0.0,0.0,0.0,0.0,0.0,0.0,0.0,0.0,0.0,0.0,0.0,0.0,0.0,0.4036,0.01266,0.0,0.0,0.0,0.0,0.0,0.0,0.0,0.0,0.0,0.0,0.026246719160104993,11.784776902887122,18.018372703412076,0.17060367454068245,0.0,0.0,0.0,0.0,0.0,0.0,0.0,0.0,0.0,0.0,0.0,0.0,0.0,0.0,0.0,0.0
76700,4737,2436,0.5142495250158328,1146,973,0.44732953345999577,1320,0.5573147561747942,0.41,2.8661451542807477,3.0641960013924296,6.483253588516747,2.1656202218445975,9418.547439895552,1521.5578553918422,7853.0,10923.704447746277,10897.334245806747,7.300639531917505,7853.0,0.0,27.410597424530295,20.4436150173516,32.0632183908046,18.83047949357113,0.13362887903736542,0.10470762085708255,0.09626345788473717,0.0958412497361199,0.08169727675744141,0.07895292379142918,0.06354232636689888,0.0599535571036521,0.06143128562381254,0.052987122651467176,0.04728731264513405,0.04095419041587502,0.030821194849060585,0.02047709520793751,0.01372176483006122,0.011399620012666244,0.006333122229259025,0.9269326045237842,0.023283284965418566,0.0,0.0,0.0,0.0,0.0,0.0,0.0,0.0,0.0,0.0,0.0,0.0,0.0,0.0,0.0,0.0,0.0,0.0,0.0,0.0,0.0,0.0,0.0,0.0,0.0,0.13299556681443955,3.5148828372387593,14.794173527549084,10.044331855604815,1.5136162127929074,4.178807947019868,2.9065718928685844,nan,nan,nan,4.180144641683103,2.9071360622221887,4.177451634422948,2.9059987031089056,0.9993557621826524,0.403,0.012634,0.0,0.0,0.0,0.0,0.0,0.0,0.0,0.0,0.0,0.0,0.03799873337555416,11.96960101329954,17.75807473084231,0.23432552248258395,0.0,0.0,0.0,0.0,0.0,0.0,0.0,0.0,0.0,0.0,0.0,0.0,0.0,0.0,0.0,0.0,nan,nan,4.178807947019868,2.9065718928685844,nan,0.403,0.0623,0.0,0.0,0.0,0.0,0.0,0.0,0.0,0.0,0.0,0.0,0.0,0.0,0.0,0.0,0.0,0.0,0.0,0.0,7.388642600802195e-05,0.0,0.0,0.0006649778340721976,0.0008127506860882416,1.0555203715431708e-05,0.005879248469495461,0.0010871859826894659,0.004992611357399198,0.0042431918936035465,0.006966434452184927,0.017838294279079587,0.009066919991555837,0.032710576314122865,0.0365843360776863,0.034188304834283305,0.06616001688832594,0.03350221659278024,0.08496938990922524,0.020983744986278235,0.032225036943213006,0.024583069453240448,0.05407430863415664,0.08836816550559426,0.0580219548237281,0.06047076208570826,0.05013721764830061,0.04010977411864049,0.05839138695376821,0.0380831750052776,0.04056364787840405,0.02354865948912814,0.028414608401942158,0.019421574836394343,0.011040743086341566,0.008349166138906482,0.0033671099852227147,2.1110407430863417e-05,0.0,7.388642600802195e-05,0.0,0.0,0.0,0.0,0.0,0.0,0.0,0.0,0.0,0.0,0.0,0.0,0.0,0.0,0.0,0.0,0.0,0.0,0.0,0.0,0.0,0.0,0.0,0.0,0.0,0.0,0.0,0.0,0.0,0.0,0.0,0.0,0.0,0.0,0.0,0.0,0.0,0.0,0.0,0.0,0.0,0.0,0.0,nan,nan,4.178807947019868,2.9065718928685844,nan,0.9265053513014845,0.023602797673430185,0.0,0.0,0.0,0.0,0.0,0.0,0.0,0.0,0.0,0.0,0.0,0.0,0.0,0.0,0.0,0.0,0.0,0.0,0.0,0.0,0.0,0.0,0.0,0.0,0.0,0.16009852216748774,3.756157635467981,14.864532019704436,9.55665024630542,1.6625615763546802,0.9273849247539111,0.02293150433159727,0.0,0.0,0.0,0.0,0.0,0.0,0.0,0.0,0.0,0.0,0.0,0.0,0.0,0.0,0.0,0.0,0.0,0.0,0.0,0.0,0.0,0.0,0.0,0.0,0.0,0.10430247718383313,3.259452411994786,14.719687092568451,10.560625814863105,1.355932203389831,0.4033,0.01264,0.0,0.0,0.0,0.0,0.0,0.0,0.0,0.0,0.0,0.0,0.049261083743842374,11.958128078817715,17.795566502463057,0.1970443349753695,0.0,0.0,0.0,0.0,0.0,0.0,0.0,0.0,0.0,0.0,0.0,0.0,0.0,0.0,0.0,0.0,0.403,0.01262,0.0,0.0,0.0,0.0,0.0,0.0,0.0,0.0,0.0,0.0,0.026075619295958283,11.981747066492812,17.718383311603652,0.273794002607562,0.0,0.0,0.0,0.0,0.0,0.0,0.0,0.0,0.0,0.0,0.0,0.0,0.0,0.0,0.0,0.0
76800,4644,2385,0.5135658914728682,1134,930,0.4444444444444444,1310,0.5641688199827735,0.40599999999999997,2.9681274900398407,3.060819616360428,6.419062027231467,2.1708144620925998,9416.606670590872,1521.7526127999797,7853.0,10929.236781597137,10897.607705754304,7.372842645299248,7853.0,0.0,28.262273901808786,20.83609051722799,33.0061053167133,19.123917117584032,0.13242894056847546,0.10077519379844961,0.10055986218776916,0.07924203273040482,0.07902670111972437,0.07472006890611542,0.07364341085271318,0.06804478897502153,0.05404823428079242,0.05254091300602928,0.04888027562446167,0.03897502153316107,0.03208440999138674,0.030146425495262703,0.019164513350559863,0.008613264427217916,0.0071059431524547806,0.9274896114268866,0.023120959729219317,0.0,0.0,0.0,0.0,0.0,0.0,0.0,0.0,0.0,0.0,0.0,0.0,0.0,0.0,0.0,0.0,0.0,0.0,0.0,0.0,0.0,0.0,0.0,0.0,0.0,0.1356589147286822,3.3397932816537477,14.547803617571063,10.555555555555557,1.4211886304909565,4.2381268681501165,2.8695924719392503,nan,nan,nan,4.176548089591567,2.8606969483494904,4.300736771600803,2.8772578937198814,1.02973476644953,0.403,0.012436,0.0,0.0,0.0,0.0,0.0,0.0,0.0,0.0,0.0,0.0,0.05813953488372094,11.963824289405668,17.764857881136955,0.21317829457364346,0.0,0.0,0.0,0.0,0.0,0.0,0.0,0.0,0.0,0.0,0.0,0.0,0.0,0.0,0.0,0.0,nan,nan,4.2381268681501165,2.8695924719392503,nan,0.403,0.06183,0.0,0.0,0.0,0.0,0.0,0.0,0.0,0.0,0.0,0.0,0.0,0.0,0.0,0.0,0.0,0.0,0.0,0.0,4.3066322136089577e-05,0.0,0.0,0.0007859603789836348,0.0006675279931093885,1.0766580534022394e-05,0.005049526270456503,0.001335055986218777,0.005297157622739018,0.003391472868217054,0.007159776055124892,0.01700043066322136,0.009000861326442722,0.03443152454780362,0.03604651162790698,0.035378983634797585,0.065385443583118,0.032482773471145567,0.08397932816537468,0.022825150732127476,0.03365633074935401,0.02388027562446167,0.05207795004306632,0.09313092161929372,0.05783807062876831,0.059517657192075794,0.0488910422049957,0.038781223083548665,0.062166236003445306,0.038727390180878556,0.040008613264427215,0.02463393626184324,0.025333763996554695,0.01898148148148148,0.011068044788975022,0.008613264427217916,0.0023148148148148147,3.229974160206718e-05,0.0,6.459948320413436e-05,0.0,0.0,1.0766580534022394e-05,0.0,0.0,0.0,0.0,0.0,0.0,0.0,0.0,0.0,0.0,0.0,0.0,0.0,0.0,0.0,0.0,0.0,0.0,0.0,0.0,0.0,0.0,0.0,0.0,0.0,0.0,0.0,0.0,0.0,0.0,0.0,0.0,0.0,0.0,0.0,0.0,0.0,0.0,0.0,0.0,nan,nan,4.2381268681501165,2.8695924719392503,nan,0.927492227344393,0.023577428003752864,0.0,0.0,0.0,0.0,0.0,0.0,0.0,0.0,0.0,0.0,0.0,0.0,0.0,0.0,0.0,0.0,0.0,0.0,0.0,0.0,0.0,0.0,0.0,0.0,0.0,0.1257861635220126,3.4591194968553465,14.402515723270444,10.415094339622645,1.59748427672956,0.9274868496016307,0.02262904047220143,0.0,0.0,0.0,0.0,0.0,0.0,0.0,0.0,0.0,0.0,0.0,0.0,0.0,0.0,0.0,0.0,0.0,0.0,0.0,0.0,0.0,0.0,0.0,0.0,0.0,0.14608233731739712,3.2138114209827364,14.701195219123509,10.703851261620187,1.2350597609561755,0.4033,0.01229,0.0,0.0,0.0,0.0,0.0,0.0,0.0,0.0,0.0,0.0,0.03773584905660378,11.836477987421366,17.886792452830193,0.23899371069182396,0.0,0.0,0.0,0.0,0.0,0.0,0.0,0.0,0.0,0.0,0.0,0.0,0.0,0.0,0.0,0.0,0.403,0.01258,0.0,0.0,0.0,0.0,0.0,0.0,0.0,0.0,0.0,0.0,0.07968127490039842,12.09827357237714,17.63612217795485,0.18592297476759634,0.0,0.0,0.0,0.0,0.0,0.0,0.0,0.0,0.0,0.0,0.0,0.0,0.0,0.0,0.0,0.0
76900,4863,2534,0.5210775241620399,1196,1029,0.4575365001028172,1385,0.5696072383302488,0.40599999999999997,3.0145985401459856,3.0613803514670033,6.486404833836858,2.1405937156417405,9439.755482042814,1521.2269028365306,7853.0,10921.45012241602,10898.142821300002,7.2228525480217485,7853.0,0.0,27.67406950442114,20.572729005411663,32.69068109171379,18.75389559933663,0.14250462677359654,0.09500308451573103,0.09356364384125025,0.08657207485091507,0.08657207485091507,0.07176639934196997,0.06827061484680239,0.06909315237507711,0.06312975529508534,0.05387620810199465,0.03907053259304956,0.04030433888546165,0.03249023236685174,0.02488176023031051,0.019123997532387416,0.009253547193090685,0.0045239564055110015,0.9288817579648683,0.023119565790932273,0.0,0.0,0.0,0.0,0.0,0.0,0.0,0.0,0.0,0.0,0.0,0.0,0.0,0.0,0.0,0.0,0.0,0.0,0.0,0.0,0.0,0.0,0.0,0.0,0.0,0.09870450339296732,3.0104873534855034,14.373843306600866,10.789636027143741,1.7273288093769281,4.266368572341105,2.8218615809553858,nan,nan,nan,4.174492385786802,2.775780700753031,4.358429858429859,2.865423681711099,1.0440622369486938,0.4038,0.012856,0.0,0.0,0.0,0.0,0.0,0.0,0.0,0.0,0.0,0.0,0.043183220234423204,11.233806292412075,18.426896977174586,0.296113510178902,0.0,0.0,0.0,0.0,0.0,0.0,0.0,0.0,0.0,0.0,0.0,0.0,0.0,0.0,0.0,0.0,nan,nan,4.266368572341105,2.8218615809553858,nan,0.4038,0.06186,0.0,0.0,0.0,0.0,0.0,0.0,0.0,0.0,0.0,0.0,0.0,0.0,0.0,0.0,0.0,0.0,0.0,0.0,1.0281719103434094e-05,0.0,1.0281719103434094e-05,0.0008225375282747275,0.00048324079786140245,1.0281719103434094e-05,0.00567550894509562,0.001418877236273905,0.00459592843923504,0.0031564877647542668,0.007968332305161424,0.01730413325107958,0.009047912811022003,0.03308657207485091,0.03522516964836521,0.035009253547193094,0.06361299609294674,0.03177051202961135,0.08014600041126876,0.022547809993830967,0.03553362122146823,0.023164713140037013,0.05335184042771952,0.09267941599835493,0.059705942833641786,0.06262595105901707,0.04846802385358832,0.038309685379395435,0.06044622660908904,0.03869010898622249,0.042155048324079784,0.02461443553362122,0.026290355747480978,0.01930906847624923,0.011227637260950031,0.00891425046267736,0.0025395846185482214,0.0,0.0,7.197203372403867e-05,0.0,0.0,0.0,0.0,0.0,0.0,0.0,0.0,0.0,0.0,0.0,0.0,0.0,0.0,0.0,0.0,0.0,0.0,0.0,0.0,0.0,0.0,0.0,0.0,0.0,0.0,0.0,0.0,0.0,0.0,0.0,0.0,0.0,0.0,0.0,0.0,0.0,0.0,0.0,0.0,0.0,0.0,0.0,nan,nan,4.266368572341105,2.8218615809553858,nan,0.9289621474616812,0.022720620827230534,0.0,0.0,0.0,0.0,0.0,0.0,0.0,0.0,0.0,0.0,0.0,0.0,0.0,0.0,0.0,0.0,0.0,0.0,0.0,0.0,0.0,0.0,0.0,0.0,0.0,0.07103393843725336,2.947908445146015,14.526440410418314,10.797158642462513,1.657458563535912,0.928794292535532,0.02354563755706043,0.0,0.0,0.0,0.0,0.0,0.0,0.0,0.0,0.0,0.0,0.0,0.0,0.0,0.0,0.0,0.0,0.0,0.0,0.0,0.0,0.0,0.0,0.0,0.0,0.0,0.12881064834693004,3.078574495491628,14.207814512666383,10.781451266638046,1.8033490768570206,0.4036,0.01294,0.0,0.0,0.0,0.0,0.0,0.0,0.0,0.0,0.0,0.0,0.047355958958168916,11.36543014996052,18.303078137332285,0.28413575374901345,0.0,0.0,0.0,0.0,0.0,0.0,0.0,0.0,0.0,0.0,0.0,0.0,0.0,0.0,0.0,0.0,0.404,0.012764,0.0,0.0,0.0,0.0,0.0,0.0,0.0,0.0,0.0,0.0,0.03864319450407901,11.090596822670658,18.56161442679262,0.3091455560326321,0.0,0.0,0.0,0.0,0.0,0.0,0.0,0.0,0.0,0.0,0.0,0.0,0.0,0.0,0.0,0.0
77000,4747,2491,0.5247524752475248,1202,979,0.4594480724668211,1328,0.5595112702759638,0.414,2.954343971631206,3.0853906373795876,6.6103896103896105,2.0984276374234225,9450.99927368113,1520.7642628948965,7853.0,10926.456283569336,10898.243898901774,7.315554676477692,7853.0,0.0,27.700863703391615,20.578208271581715,32.59794331577627,18.8094113714719,0.1402991362966084,0.09500737307773331,0.09247946071202864,0.09374341689488097,0.0851063829787234,0.07394143669686118,0.07352011796924374,0.06045923741310301,0.0554034126816937,0.05392879713503265,0.04529176321887508,0.03834000421318728,0.034548135664630296,0.026753739203707605,0.01643143037708026,0.009269012007583738,0.0054771434590267535,0.9291603174464739,0.023315480844494793,0.0,0.0,0.0,0.0,0.0,0.0,0.0,0.0,0.0,0.0,0.0,0.0,0.0,0.0,0.0,0.0,0.0,0.0,0.0,0.0,0.0,0.0,0.0,0.0,0.0,0.13903518011375607,3.0524541815883723,13.865599325890038,11.33136717927112,1.6115441331367184,4.214980544747082,2.9042472977825535,nan,nan,nan,4.221221864951769,2.9399017502730014,4.209424083769633,2.868289378970367,0.9972051264871693,0.4036,0.012596,0.0,0.0,0.0,0.0,0.0,0.0,0.0,0.0,0.0,0.0,0.0631978091426164,11.457762797556335,18.182009690330737,0.29702970297029707,0.0,0.0,0.0,0.0,0.0,0.0,0.0,0.0,0.0,0.0,0.0,0.0,0.0,0.0,0.0,0.0,nan,nan,4.214980544747082,2.9042472977825535,nan,0.4036,0.06195,0.0,0.0,0.0,0.0,0.0,0.0,0.0,0.0,0.0,0.0,0.0,0.0,0.0,0.0,0.0,0.0,0.0,0.0,0.0,0.0,0.0,0.0004318516958078787,0.0004002527912365705,0.0,0.005203286286075416,0.0018011375605645672,0.005635137981883294,0.0032968190436064885,0.007488940383400042,0.017674320623551718,0.008974088898251527,0.03273646513587529,0.03573836107014957,0.0377922898672846,0.06638929850431852,0.0291763218875079,0.07805982725932167,0.0233937223509585,0.034348009269012006,0.022930271750579313,0.053781335580366546,0.09085738361070149,0.059469138403202025,0.06163892985043185,0.05113756056456709,0.037918685485569835,0.0582051822203497,0.03929850431851696,0.041415630924794604,0.025068464293237835,0.02702759637665894,0.021908573836107014,0.01073309458605435,0.00845797345692016,0.0014324836738993049,5.2664840952180324e-05,1.0532968190436064e-05,0.00011586265009479672,0.0,0.0,0.0,0.0,0.0,0.0,0.0,0.0,0.0,0.0,0.0,0.0,0.0,0.0,0.0,0.0,0.0,0.0,0.0,0.0,0.0,0.0,0.0,0.0,0.0,0.0,0.0,0.0,0.0,0.0,0.0,0.0,0.0,0.0,0.0,0.0,0.0,0.0,0.0,0.0,0.0,0.0,0.0,nan,nan,4.214980544747082,2.9042472977825535,nan,0.9291955713573014,0.02294598319175246,0.0,0.0,0.0,0.0,0.0,0.0,0.0,0.0,0.0,0.0,0.0,0.0,0.0,0.0,0.0,0.0,0.0,0.0,0.0,0.0,0.0,0.0,0.0,0.0,0.0,0.09634684865515859,3.010839020473706,13.970293054997995,11.393014853472504,1.5295062224006426,0.9291213912532684,0.023716720578501126,0.0,0.0,0.0,0.0,0.0,0.0,0.0,0.0,0.0,0.0,0.0,0.0,0.0,0.0,0.0,0.0,0.0,0.0,0.0,0.0,0.0,0.0,0.0,0.0,0.0,0.1861702127659575,3.0984042553191498,13.750000000000004,11.263297872340429,1.7021276595744685,0.4038,0.01245,0.0,0.0,0.0,0.0,0.0,0.0,0.0,0.0,0.0,0.0,0.06021678040947412,11.272581292653538,18.450421517462868,0.21678040947410682,0.0,0.0,0.0,0.0,0.0,0.0,0.0,0.0,0.0,0.0,0.0,0.0,0.0,0.0,0.0,0.0,0.4036,0.01274,0.0,0.0,0.0,0.0,0.0,0.0,0.0,0.0,0.0,0.0,0.06648936170212767,11.662234042553175,17.885638297872344,0.38563829787234055,0.0,0.0,0.0,0.0,0.0,0.0,0.0,0.0,0.0,0.0,0.0,0.0,0.0,0.0,0.0,0.0
77100,4818,2485,0.5157741801577418,1194,957,0.4464508094645081,1348,0.5595682855956828,0.414,2.921560222888984,3.111628393017353,6.58179012345679,2.1356993258117645,9423.523050834438,1521.7419802298796,7853.0,10921.04270964861,10897.98191505848,7.237988350767655,7853.0,0.0,28.167081776670816,20.93992325391828,33.19079435783222,19.12279377236777,0.1398920713989207,0.09443752594437525,0.09734329597343296,0.08488999584889996,0.08156911581569116,0.07181403071814031,0.06911581569115816,0.06247405562474056,0.05832295558322956,0.05147364051473641,0.04960564549605646,0.040888335408883356,0.036322125363221255,0.030303030303030304,0.01598173515981735,0.007679535076795351,0.0078870900788709,0.9292961888513213,0.02298332651525743,0.0,0.0,0.0,0.0,0.0,0.0,0.0,0.0,0.0,0.0,0.0,0.0,0.0,0.0,0.0,0.0,0.0,0.0,0.0,0.0,0.0,0.0,0.0,0.0,0.0,0.06226650062266502,2.976338729763388,14.134495641344959,11.201743462017438,1.625155666251557,4.239234449760765,2.981098037038839,nan,nan,nan,4.291403286978508,3.024412166631407,4.186091435930457,2.9353650617475724,0.9754598102286026,0.403,0.01243,0.0,0.0,0.0,0.0,0.0,0.0,0.0,0.0,0.0,0.0,0.08094645080946453,11.712328767123271,18.026151930261523,0.18057285180572857,0.0,0.0,0.0,0.0,0.0,0.0,0.0,0.0,0.0,0.0,0.0,0.0,0.0,0.0,0.0,0.0,nan,nan,4.239234449760765,2.981098037038839,nan,0.403,0.06168,0.0,0.0,0.0,0.0,0.0,0.0,0.0,0.0,0.0,0.0,0.0,0.0,0.0,0.0,0.0,0.0,0.0,0.0,0.0,0.0,0.0,0.0004254877542548775,0.0006537982565379825,2.0755500207555003e-05,0.005053964300539643,0.0014528850145288502,0.005977584059775841,0.0036114570361145703,0.007316313823163138,0.015483603154836031,0.008167289331672893,0.033395599833956,0.03450601909506019,0.04094022415940224,0.06861768368617684,0.030873806558738066,0.07653590701535908,0.022685761726857618,0.033156911581569116,0.028341635533416357,0.05411996679119967,0.09131382316313823,0.06228725612287256,0.058779576587795763,0.04880655873806559,0.0362079701120797,0.055749273557492734,0.04176006641760066,0.041801577418015774,0.0266604400166044,0.02266500622665006,0.02271689497716895,0.010772104607721046,0.007357824823578248,0.0016604400166044002,2.0755500207555003e-05,4.1511000415110007e-05,5.1888750518887505e-05,1.0377750103777502e-05,0.0,0.0,0.0,0.0,0.0,0.0,0.0,0.0,0.0,0.0,0.0,0.0,0.0,0.0,0.0,0.0,0.0,0.0,0.0,0.0,0.0,0.0,0.0,0.0,0.0,0.0,0.0,0.0,0.0,0.0,0.0,0.0,0.0,0.0,0.0,0.0,0.0,0.0,0.0,0.0,0.0,0.0,nan,nan,4.239234449760765,2.981098037038839,nan,0.9288263072670105,0.022865851241518423,0.0,0.0,0.0,0.0,0.0,0.0,0.0,0.0,0.0,0.0,0.0,0.0,0.0,0.0,0.0,0.0,0.0,0.0,0.0,0.0,0.0,0.0,0.0,0.0,0.0,0.04828973843058351,3.1026156941649905,14.281690140845074,11.058350100603624,1.5090543259557347,0.9297966842379531,0.023097287550790414,0.0,0.0,0.0,0.0,0.0,0.0,0.0,0.0,0.0,0.0,0.0,0.0,0.0,0.0,0.0,0.0,0.0,0.0,0.0,0.0,0.0,0.0,0.0,0.0,0.0,0.07715387912558938,2.8418345477925424,13.977711101585944,11.354479211315905,1.7488212601800261,0.4033,0.01236,0.0,0.0,0.0,0.0,0.0,0.0,0.0,0.0,0.0,0.0,0.06036217303822939,11.625754527162961,18.132796780684107,0.18108651911468818,0.0,0.0,0.0,0.0,0.0,0.0,0.0,0.0,0.0,0.0,0.0,0.0,0.0,0.0,0.0,0.0,0.403,0.01249,0.0,0.0,0.0,0.0,0.0,0.0,0.0,0.0,0.0,0.0,0.10287183883411918,11.804543506215156,17.912558936991,0.1800257179597086,0.0,0.0,0.0,0.0,0.0,0.0,0.0,0.0,0.0,0.0,0.0,0.0,0.0,0.0,0.0,0.0
77200,4702,2402,0.5108464483198639,1115,943,0.4376860910250957,1306,0.5555082943428329,0.438,3.028695652173913,3.134111488191809,6.586259541984733,2.1918921854154427,9408.355493367948,1521.9820333706052,7853.0,10920.179623961449,10897.663417908447,7.140740869688451,7853.0,0.0,28.45980433857933,21.25588918329107,33.5133012414492,19.457124501449748,0.13994045087196938,0.10038281582305401,0.08911101658868567,0.08336877924287538,0.0803913228413441,0.07230965546575925,0.07018290089323692,0.06188855806039983,0.05529561888558061,0.05338153977031051,0.04934070608251808,0.04104636324968099,0.03721820501914079,0.027435133985538068,0.017439387494683115,0.014249255635899617,0.007018290089323692,0.9283902968233669,0.023231340220556562,0.0,0.0,0.0,0.0,0.0,0.0,0.0,0.0,0.0,0.0,0.0,0.0,0.0,0.0,0.0,0.0,0.0,0.0,0.0,0.0,0.0,0.0,0.0,0.0,0.0,0.16588685665674185,3.043385793279456,14.451297320289243,10.916631220757127,1.4227988090174397,4.311863292803155,2.8595701686617923,nan,nan,nan,4.35453943008615,2.8353680066037352,4.2698826597131685,2.882563298987888,0.9805589611181207,0.4028,0.01275,0.0,0.0,0.0,0.0,0.0,0.0,0.0,0.0,0.0,0.0,0.07656316461080392,11.854529987239456,17.883879200340285,0.18502764780944284,0.0,0.0,0.0,0.0,0.0,0.0,0.0,0.0,0.0,0.0,0.0,0.0,0.0,0.0,0.0,0.0,nan,nan,4.311863292803155,2.8595701686617923,nan,0.4028,0.0615,0.0,0.0,0.0,0.0,0.0,0.0,0.0,0.0,0.0,0.0,0.0,0.0,0.0,0.0,0.0,0.0,0.0,0.0,0.0,0.0,0.0,0.00034028073160357296,0.0003509145044661846,0.00013823904721395151,0.004062101233517652,0.001722671203743088,0.007188430455125478,0.003870693321990642,0.007635048915355168,0.01452573373032752,0.007868991918332624,0.031975754997873244,0.03434708634623564,0.040153126329221606,0.06716290940025521,0.034102509570395574,0.07930667800935771,0.023755848575074436,0.03488940876222884,0.029200340280731603,0.05223309230114845,0.08936622713738834,0.06252658443215653,0.0580284985112718,0.04923436835389196,0.037558485750744365,0.053509145044661845,0.04118460229689494,0.04209910676307954,0.028232666950233944,0.021671629094002554,0.021044236495108466,0.010463632496809868,0.008517652062951936,0.0014887282007656317,3.1901318587834965e-05,5.3168864313058275e-05,0.00015950659293917482,0.0,0.0,0.0,0.0,0.0,0.0,0.0,0.0,0.0,0.0,0.0,0.0,0.0,0.0,0.0,0.0,0.0,0.0,0.0,0.0,0.0,0.0,0.0,0.0,0.0,0.0,0.0,0.0,0.0,0.0,0.0,0.0,0.0,0.0,0.0,0.0,0.0,0.0,0.0,0.0,0.0,0.0,0.0,nan,nan,4.311863292803155,2.8595701686617923,nan,0.9281445306653683,0.02278898641933562,0.0,0.0,0.0,0.0,0.0,0.0,0.0,0.0,0.0,0.0,0.0,0.0,0.0,0.0,0.0,0.0,0.0,0.0,0.0,0.0,0.0,0.0,0.0,0.0,0.0,0.1498751040799334,3.0974188176519575,14.550374687760202,10.865945045795174,1.3363863447127398,0.9286469621761986,0.0236817710194096,0.0,0.0,0.0,0.0,0.0,0.0,0.0,0.0,0.0,0.0,0.0,0.0,0.0,0.0,0.0,0.0,0.0,0.0,0.0,0.0,0.0,0.0,0.0,0.0,0.0,0.18260869565217397,2.986956521739131,14.347826086956525,10.969565217391308,1.51304347826087,0.4028,0.012794,0.0,0.0,0.0,0.0,0.0,0.0,0.0,0.0,0.0,0.0,0.08742714404662784,12.089925062447941,17.64779350541216,0.17485428809325568,0.0,0.0,0.0,0.0,0.0,0.0,0.0,0.0,0.0,0.0,0.0,0.0,0.0,0.0,0.0,0.0,0.403,0.0127,0.0,0.0,0.0,0.0,0.0,0.0,0.0,0.0,0.0,0.0,0.06521739130434784,11.608695652173896,18.1304347826087,0.19565217391304351,0.0,0.0,0.0,0.0,0.0,0.0,0.0,0.0,0.0,0.0,0.0,0.0,0.0,0.0,0.0,0.0
77300,4842,2478,0.5117719950433705,1137,1003,0.4419661296984717,1394,0.5757951259809996,0.41,2.989001692047377,3.103250986510167,6.618479880774963,2.0740145342652143,9411.27654424679,1522.019255389463,7853.0,10925.670268833637,10897.864821324842,7.2595127920000655,7853.0,0.0,27.787071458075175,20.86047288363342,32.81811451135242,19.084765392521284,0.14147046674927716,0.09809995869475423,0.09334985543163982,0.0902519619991739,0.08302354399008674,0.07641470466749277,0.06670797191243288,0.059273027674514665,0.05679471292854193,0.052664188351920695,0.04770755885997522,0.041718298223874434,0.037794299876084264,0.020446096654275093,0.017141676992978108,0.009913258983890954,0.007228418009087154,0.9278263300841921,0.02299355029448819,0.0,0.0,0.0,0.0,0.0,0.0,0.0,0.0,0.0,0.0,0.0,0.0,0.0,0.0,0.0,0.0,0.0,0.0,0.0,0.0,0.0,0.0,0.0,0.0,0.0,0.12391573729863695,3.1536555142503104,14.733581164807934,10.631970260223051,1.3568773234200748,4.324341682723186,2.8484756258885513,nan,nan,nan,4.374517374517374,2.824560294026086,4.274358974358974,2.871229339920352,0.977104125647815,0.4028,0.01262,0.0,0.0,0.0,0.0,0.0,0.0,0.0,0.0,0.0,0.0,0.07434944237918217,11.957868649318447,17.744733581164812,0.22304832713754652,0.0,0.0,0.0,0.0,0.0,0.0,0.0,0.0,0.0,0.0,0.0,0.0,0.0,0.0,0.0,0.0,nan,nan,4.324341682723186,2.8484756258885513,nan,0.4028,0.06128,0.0,0.0,0.0,0.0,0.0,0.0,0.0,0.0,0.0,0.0,0.0,0.0,0.0,0.0,0.0,0.0,0.0,0.0,0.0,0.0,0.0,0.00026848409748038,0.0002581577860388269,0.00012391573729863693,0.003603882693102024,0.0016418835192069392,0.007125154894671623,0.004068566707971912,0.007940933498554317,0.015819909128459313,0.007073523337463858,0.030380008261049155,0.03230070218917803,0.03982858323007022,0.06806071871127634,0.03633828996282528,0.0797294506402313,0.024772821148285832,0.034748038000826105,0.028965303593556382,0.05461586121437423,0.08891986782321355,0.06207145807517555,0.058271375464684014,0.04701569599339116,0.03922965716646014,0.055276745146633624,0.04014869888475837,0.0397666253614209,0.027158199091284592,0.021984717059066503,0.022201569599339117,0.009345311854605534,0.008302354399008675,0.0024370095002065263,3.0978934324659233e-05,2.0652622883106156e-05,0.00015489467162329616,0.0,0.0,0.0,0.0,0.0,0.0,0.0,0.0,0.0,0.0,0.0,0.0,0.0,0.0,0.0,0.0,0.0,0.0,0.0,0.0,0.0,0.0,0.0,0.0,0.0,0.0,0.0,0.0,0.0,0.0,0.0,0.0,0.0,0.0,0.0,0.0,0.0,0.0,0.0,0.0,0.0,0.0,0.0,nan,nan,4.324341682723186,2.8484756258885513,nan,0.9283905744408291,0.023020204207498243,0.0,0.0,0.0,0.0,0.0,0.0,0.0,0.0,0.0,0.0,0.0,0.0,0.0,0.0,0.0,0.0,0.0,0.0,0.0,0.0,0.0,0.0,0.0,0.0,0.0,0.10895883777239712,3.075060532687652,14.503631961259083,10.823244552058114,1.4891041162227607,0.9272348759743163,0.022950691112974562,0.0,0.0,0.0,0.0,0.0,0.0,0.0,0.0,0.0,0.0,0.0,0.0,0.0,0.0,0.0,0.0,0.0,0.0,0.0,0.0,0.0,0.0,0.0,0.0,0.0,0.13959390862944165,3.236040609137057,14.974619289340104,10.431472081218278,1.218274111675127,0.4033,0.0127,0.0,0.0,0.0,0.0,0.0,0.0,0.0,0.0,0.0,0.0,0.08474576271186443,11.561743341404343,18.111380145278453,0.24213075060532693,0.0,0.0,0.0,0.0,0.0,0.0,0.0,0.0,0.0,0.0,0.0,0.0,0.0,0.0,0.0,0.0,0.4026,0.01253,0.0,0.0,0.0,0.0,0.0,0.0,0.0,0.0,0.0,0.0,0.0634517766497462,12.373096446700488,17.36040609137056,0.20304568527918787,0.0,0.0,0.0,0.0,0.0,0.0,0.0,0.0,0.0,0.0,0.0,0.0,0.0,0.0,0.0,0.0
77400,4858,2504,0.5154384520378756,1165,988,0.44318649650061753,1373,0.5652531906134212,0.40599999999999997,2.9384027187765507,3.097541190186726,6.498475609756097,2.2203323456219053,9422.3954331142,1521.6721591123355,7853.0,10924.195568680763,10897.777561529067,7.394751406859926,7853.0,0.0,27.944009880609304,20.724301176650165,32.820494008314995,18.958967951520204,0.13647591601482092,0.09715932482503088,0.09880609304240429,0.08892548373816385,0.07184026348291478,0.07739810621655002,0.0699876492383697,0.06545903664059284,0.05743104158089749,0.06093042404281598,0.04652120214079868,0.03684643886372993,0.03355290242898312,0.025319061342116096,0.01626183614656237,0.010909839440098806,0.006175380815150268,0.9275686361874117,0.023304120368297664,0.0,0.0,0.0,0.0,0.0,0.0,0.0,0.0,0.0,0.0,0.0,0.0,0.0,0.0,0.0,0.0,0.0,0.0,0.0,0.0,0.0,0.0,0.0,0.0,0.006175380815150269,0.14820913956360646,3.3841086867023473,14.271305063812271,10.831617949773573,1.3585837793330593,4.290984921398781,2.8675765734586967,nan,nan,nan,4.308084022915341,2.829651956126909,4.273609314359637,2.9055043515517363,0.9919976703396853,0.4033,0.01254,0.0,0.0,0.0,0.0,0.0,0.0,0.0,0.0,0.0,0.0,0.06792918896665295,11.68999588307944,18.025936599423634,0.2161383285302594,0.0,0.0,0.0,0.0,0.0,0.0,0.0,0.0,0.0,0.0,0.0,0.0,0.0,0.0,0.0,0.0,nan,nan,4.290984921398781,2.8675765734586967,nan,0.4033,0.06107,0.0,0.0,0.0,0.0,0.0,0.0,0.0,0.0,0.0,0.0,0.0,0.0,0.0,0.0,0.0,0.0,0.0,0.0,1.0292301358583779e-05,0.0,0.0,0.0002058460271716756,0.00039110745162618363,1.0292301358583779e-05,0.0036434746809386577,0.001399752984767394,0.008583779333058872,0.004456566488266776,0.008645533141210375,0.01674557431041581,0.005846027171675586,0.02698641416220667,0.03339851790860436,0.035271716755866614,0.06811445039110745,0.03425277892136682,0.07795389048991354,0.025349938246191847,0.035004116920543435,0.029456566488266778,0.05737958007410457,0.08993412927130506,0.06463565253190613,0.0580588719637711,0.04738575545491972,0.042599835323178264,0.05542404281597365,0.04000617538081515,0.040150267599835324,0.025813091807328117,0.02187114038699053,0.020790448744339236,0.008830794565664882,0.008069164265129682,0.0030156442980650475,9.263071222725402e-05,0.0,0.00021613832853025936,0.0,0.0,0.0,0.0,0.0,0.0,0.0,0.0,0.0,0.0,0.0,0.0,0.0,0.0,0.0,0.0,0.0,0.0,0.0,0.0,0.0,0.0,0.0,0.0,0.0,0.0,0.0,0.0,0.0,0.0,0.0,0.0,0.0,0.0,0.0,0.0,0.0,0.0,0.0,0.0,0.0,0.0,0.0,nan,nan,4.290984921398781,2.8675765734586967,nan,0.9278609241588047,0.02342034723791525,0.0,0.0,0.0,0.0,0.0,0.0,0.0,0.0,0.0,0.0,0.0,0.0,0.0,0.0,0.0,0.0,0.0,0.0,0.0,0.0,0.0,0.0,0.0,0.0,0.01198083067092652,0.19169329073482433,3.2108626198083074,14.293130990415339,10.830670926517575,1.4616613418530355,0.927257723239082,0.023175801972523842,0.0,0.0,0.0,0.0,0.0,0.0,0.0,0.0,0.0,0.0,0.0,0.0,0.0,0.0,0.0,0.0,0.0,0.0,0.0,0.0,0.0,0.0,0.0,0.0,0.0,0.10195412064570945,3.5683942225998306,14.248088360237896,10.83262531860663,1.2489379779099408,0.4036,0.01245,0.0,0.0,0.0,0.0,0.0,0.0,0.0,0.0,0.0,0.0,0.04792332268370608,11.573482428115,18.13897763578275,0.23961661341853038,0.0,0.0,0.0,0.0,0.0,0.0,0.0,0.0,0.0,0.0,0.0,0.0,0.0,0.0,0.0,0.0,0.4033,0.012634,0.0,0.0,0.0,0.0,0.0,0.0,0.0,0.0,0.0,0.0,0.08920985556499578,11.813933729821564,17.90569243840272,0.19116397621070524,0.0,0.0,0.0,0.0,0.0,0.0,0.0,0.0,0.0,0.0,0.0,0.0,0.0,0.0,0.0,0.0
77500,4903,2521,0.514174994901081,1188,998,0.44584947991025903,1383,0.564144401386906,0.426,2.9580184718723763,3.118281314657388,6.585626911314985,2.2553724147702,9418.207358373407,1521.4542835042857,7853.0,10924.656673550606,10897.114112695286,7.300292432605074,7853.0,0.0,27.70874974505405,20.866464974242778,32.740180531837034,19.125644146846774,0.1409341219661432,0.1054456455231491,0.09280032633081786,0.08586579645115236,0.07831939628798695,0.07138486640832144,0.07383234754232103,0.06873342851315521,0.05017336324699164,0.05343667142565776,0.04385070365082602,0.042219049561492965,0.035896389965327354,0.022639200489496226,0.016316540893330615,0.010605751580664898,0.007546400163165409,0.9256019476674271,0.02315902744038667,0.0,0.0,0.0,0.0,0.0,0.0,0.0,0.0,0.0,0.0,0.0,0.0,0.0,0.0,0.0,0.0,0.0,0.0,0.0,0.0,0.0,0.0,0.0,0.0,0.0,0.17744238221497047,3.897613705894351,14.752192535182544,10.059147460738327,1.1136039159698146,4.277284263959391,2.9153482757537206,nan,nan,nan,4.273771537970645,2.889537495336641,4.281565656565657,2.941391063273185,1.0018237096966378,0.4033,0.012665,0.0,0.0,0.0,0.0,0.0,0.0,0.0,0.0,0.0,0.0,0.055068325514990836,11.919233122577996,17.78095043850704,0.24474811339995925,0.0,0.0,0.0,0.0,0.0,0.0,0.0,0.0,0.0,0.0,0.0,0.0,0.0,0.0,0.0,0.0,nan,nan,4.277284263959391,2.9153482757537206,nan,0.4033,0.06097,0.0,0.0,0.0,0.0,0.0,0.0,0.0,0.0,0.0,0.0,0.0,0.0,0.0,0.0,0.0,0.0,0.0,0.0,0.0,0.0,0.0,0.00035692433204160715,0.0002753416275749541,1.0197838058331634e-05,0.003528451968182745,0.0015092800326330818,0.008270446665306954,0.005608810932082399,0.009616561289006731,0.01571486844788905,0.005251886600040791,0.027615745461962063,0.03352029369773608,0.03676320620028554,0.06617377116051397,0.03452987966551091,0.07599428921068734,0.02229247399551295,0.03486640832143586,0.030715888231694882,0.057729961248215375,0.09269834795023454,0.06271670405873955,0.05887211911074852,0.05044870487456659,0.041219661431776466,0.05770956557209871,0.03871099326942688,0.0425861717315929,0.025311034060779114,0.01935549663471344,0.020823985315113196,0.008035896389965328,0.007791148276565368,0.0031001427697328167,0.00016316540893330614,0.0,0.00010197838058331633,1.0197838058331634e-05,0.0,0.0,0.0,0.0,0.0,0.0,0.0,0.0,0.0,0.0,0.0,0.0,0.0,0.0,0.0,0.0,0.0,0.0,0.0,0.0,0.0,0.0,0.0,0.0,0.0,0.0,0.0,0.0,0.0,0.0,0.0,0.0,0.0,0.0,0.0,0.0,0.0,0.0,0.0,0.0,0.0,0.0,nan,nan,4.277284263959391,2.9153482757537206,nan,0.9257389541799612,0.02333150378438269,0.0,0.0,0.0,0.0,0.0,0.0,0.0,0.0,0.0,0.0,0.0,0.0,0.0,0.0,0.0,0.0,0.0,0.0,0.0,0.0,0.0,0.0,0.0,0.0,0.0,0.1547005156683856,3.9984133280444274,14.80364934549782,9.817532725109087,1.2257040856802859,0.925456946232457,0.02297418613226681,0.0,0.0,0.0,0.0,0.0,0.0,0.0,0.0,0.0,0.0,0.0,0.0,0.0,0.0,0.0,0.0,0.0,0.0,0.0,0.0,0.0,0.0,0.0,0.0,0.0,0.2015113350125945,3.790931989924434,14.697732997481111,10.31486146095718,0.9949622166246853,0.403,0.012665,0.0,0.0,0.0,0.0,0.0,0.0,0.0,0.0,0.0,0.0,0.05950019833399446,11.947639825466068,17.766759222530744,0.22610075366917895,0.0,0.0,0.0,0.0,0.0,0.0,0.0,0.0,0.0,0.0,0.0,0.0,0.0,0.0,0.0,0.0,0.4033,0.012665,0.0,0.0,0.0,0.0,0.0,0.0,0.0,0.0,0.0,0.0,0.050377833753148624,11.889168765743056,17.795969773299753,0.2644836272040303,0.0,0.0,0.0,0.0,0.0,0.0,0.0,0.0,0.0,0.0,0.0,0.0,0.0,0.0,0.0,0.0
77600,4697,2489,0.5299127102405791,1179,915,0.4458164786033639,1314,0.559506067702789,0.414,3.091485507246377,3.1480325066354444,6.524229074889868,2.2468284778560688,9466.33032429958,1519.543058808695,7853.0,10920.474336147308,10897.520905277273,7.261689783970358,7853.0,0.0,28.777730466255058,21.033383598276433,33.60286360211002,19.201120441610872,0.13370236321055992,0.09069618905684479,0.0936768149882904,0.08771556312539919,0.07962529274004684,0.07153502235469449,0.0702576112412178,0.06067702789014264,0.06344475196934213,0.05428997232275921,0.050244837130083035,0.04918032786885246,0.030232063018948267,0.027464338939748777,0.019374068554396422,0.010645092612305727,0.007238662976367894,0.9262473163945842,0.023000172766268485,0.0,0.0,0.0,0.0,0.0,0.0,0.0,0.0,0.0,0.0,0.0,0.0,0.0,0.0,0.0,0.0,0.0,0.0,0.0,0.0,0.0,0.0,0.0,0.0,0.0,0.15967638918458593,3.602299340004259,14.888226527570794,10.180966574409199,1.168831168831169,4.216914138153648,2.918531963980781,nan,nan,nan,4.193982074263764,2.9199985344893626,4.24299674267101,2.9157957121802176,1.011686904602674,0.4036,0.01213,0.0,0.0,0.0,0.0,0.0,0.0,0.0,0.0,0.0,0.0,0.031935277836917186,11.656376410474754,18.183947200340647,0.12774111134766875,0.0,0.0,0.0,0.0,0.0,0.0,0.0,0.0,0.0,0.0,0.0,0.0,0.0,0.0,0.0,0.0,nan,nan,4.216914138153648,2.918531963980781,nan,0.4036,0.0608,0.0,0.0,0.0,0.0,0.0,0.0,0.0,0.0,0.0,0.0,0.0,0.0,0.0,0.0,0.0,0.0,0.0,0.0,0.0,0.0,0.0,0.0002661273153076432,0.000468384074941452,4.258037044922291e-05,0.002725143708750266,0.000936768149882904,0.007270598254204811,0.00570576964019587,0.009974451777730466,0.01544602938045561,0.005120289546519055,0.028113689589099426,0.035597189695550355,0.03830104321907601,0.06352991271024058,0.03491590376836279,0.07407919948903556,0.022461145411965085,0.03722588886523313,0.027890142644241004,0.05810091547796466,0.09643389397487759,0.061400894187779435,0.0572493080689802,0.05096870342771982,0.04150521609538003,0.057164147328081755,0.03934426229508197,0.042388758782201406,0.026069831807536727,0.019065360868639556,0.020065999574196296,0.008409623163721524,0.008154140941026186,0.0032680434319778584,0.0003087076857568661,0.0,3.193527783691718e-05,0.0,0.0,0.0,0.0,0.0,0.0,0.0,0.0,0.0,0.0,0.0,0.0,0.0,0.0,0.0,0.0,0.0,0.0,0.0,0.0,0.0,0.0,0.0,0.0,0.0,0.0,0.0,0.0,0.0,0.0,0.0,0.0,0.0,0.0,0.0,0.0,0.0,0.0,0.0,0.0,0.0,0.0,0.0,nan,nan,4.216914138153648,2.918531963980781,nan,0.9265905888073892,0.023066947949444055,0.0,0.0,0.0,0.0,0.0,0.0,0.0,0.0,0.0,0.0,0.0,0.0,0.0,0.0,0.0,0.0,0.0,0.0,0.0,0.0,0.0,0.0,0.0,0.0,0.0,0.16874246685415834,3.543591803937325,14.704700683005226,10.437926878264365,1.1450381679389314,0.9258603575922872,0.022918502438137624,0.0,0.0,0.0,0.0,0.0,0.0,0.0,0.0,0.0,0.0,0.0,0.0,0.0,0.0,0.0,0.0,0.0,0.0,0.0,0.0,0.0,0.0,0.0,0.0,0.0,0.14945652173913046,3.668478260869566,15.095108695652177,9.891304347826088,1.1956521739130437,0.4038,0.01213,0.0,0.0,0.0,0.0,0.0,0.0,0.0,0.0,0.0,0.0,0.02410606669345119,11.317798312575315,18.561671353957415,0.09642426677380476,0.0,0.0,0.0,0.0,0.0,0.0,0.0,0.0,0.0,0.0,0.0,0.0,0.0,0.0,0.0,0.0,0.403,0.012115,0.0,0.0,0.0,0.0,0.0,0.0,0.0,0.0,0.0,0.0,0.0407608695652174,12.038043478260851,17.758152173913047,0.1630434782608696,0.0,0.0,0.0,0.0,0.0,0.0,0.0,0.0,0.0,0.0,0.0,0.0,0.0,0.0,0.0,0.0
77700,4649,2352,0.5059152505915251,1136,971,0.45321574532157455,1326,0.5704452570445258,0.422,2.9634305616020895,3.1142046915326316,6.636217948717949,2.155204447125287,9393.393266822259,1522.2845311460042,7853.0,10921.719193816185,10897.765432592127,7.091034410717094,7853.0,0.0,27.689180468918046,20.726615056202885,32.654606107262,18.959102018578804,0.1411056141105614,0.09722520972252097,0.09184770918477092,0.09206280920628092,0.0798021079802108,0.07657560765756076,0.07420950742095074,0.06560550656055066,0.05549580554958056,0.049688104968810494,0.04495590449559045,0.036782103678210366,0.03420090342009034,0.02624220262422026,0.017853301785330178,0.011400301140030114,0.004947300494730049,0.9270153179633333,0.02292403826824477,0.0,0.0,0.0,0.0,0.0,0.0,0.0,0.0,0.0,0.0,0.0,0.0,0.0,0.0,0.0,0.0,0.0,0.0,0.0,0.0,0.0,0.0,0.0,0.0,0.0,0.1290600129060013,3.5878683587868365,14.51279845127985,10.524844052484406,1.2454291245429125,4.349966733200266,2.939840077203528,nan,nan,nan,4.389110225763612,2.913993053595485,4.310666666666667,2.9650440506377342,0.982127685325265,0.4038,0.01211,0.0,0.0,0.0,0.0,0.0,0.0,0.0,0.0,0.0,0.0,0.025812002581200266,11.221768122176796,18.545923854592388,0.20649602064960212,0.0,0.0,0.0,0.0,0.0,0.0,0.0,0.0,0.0,0.0,0.0,0.0,0.0,0.0,0.0,0.0,nan,nan,4.349966733200266,2.939840077203528,nan,0.4038,0.06085,0.0,0.0,0.0,0.0,0.0,0.0,0.0,0.0,0.0,0.0,0.0,0.0,0.0,0.0,0.0,0.0,0.0,0.0,0.0,0.0,0.0,0.00020434502043450205,0.0003871800387180039,0.0001505700150570015,0.002484405248440525,0.0009141750914175091,0.008367390836739083,0.00495805549580555,0.00900193590019359,0.015540976554097655,0.004807485480748548,0.026672402667240268,0.03480318348031835,0.039395568939556896,0.06475586147558615,0.03595396859539686,0.07322004732200474,0.023316842331684233,0.03745966874596687,0.027640352764035276,0.059539685953968594,0.09223488922348892,0.06056141105614111,0.05500107550010755,0.05415143041514304,0.04481608948160895,0.057517745751774575,0.038244783824478386,0.0400946440094644,0.02810281781028178,0.017509141750914173,0.020520542052054204,0.00905571090557109,0.008367390836739083,0.0038395353839535385,0.00011830501183050118,8.604000860400086e-05,0.00020434502043450205,0.0,0.0,0.0,0.0,0.0,0.0,0.0,0.0,0.0,0.0,0.0,0.0,0.0,0.0,0.0,0.0,0.0,0.0,0.0,0.0,0.0,0.0,0.0,0.0,0.0,0.0,0.0,0.0,0.0,0.0,0.0,0.0,0.0,0.0,0.0,0.0,0.0,0.0,0.0,0.0,0.0,0.0,0.0,nan,nan,4.349966733200266,2.939840077203528,nan,0.9272945321792242,0.022993981440818538,0.0,0.0,0.0,0.0,0.0,0.0,0.0,0.0,0.0,0.0,0.0,0.0,0.0,0.0,0.0,0.0,0.0,0.0,0.0,0.0,0.0,0.0,0.0,0.0,0.0,0.1275510204081633,3.6607142857142865,14.323979591836737,10.522959183673473,1.3647959183673473,0.9267294181654336,0.022848663240685893,0.0,0.0,0.0,0.0,0.0,0.0,0.0,0.0,0.0,0.0,0.0,0.0,0.0,0.0,0.0,0.0,0.0,0.0,0.0,0.0,0.0,0.0,0.0,0.0,0.0,0.130605137135394,3.513278188942099,14.706138441445367,10.526774053112756,1.1232041793643885,0.404,0.01193,0.0,0.0,0.0,0.0,0.0,0.0,0.0,0.0,0.0,0.0,0.01275510204081633,10.969387755102025,18.826530612244902,0.19132653061224494,0.0,0.0,0.0,0.0,0.0,0.0,0.0,0.0,0.0,0.0,0.0,0.0,0.0,0.0,0.0,0.0,0.4036,0.01228,0.0,0.0,0.0,0.0,0.0,0.0,0.0,0.0,0.0,0.0,0.039181541140618205,11.480191554201117,18.25859817152808,0.22202873313016983,0.0,0.0,0.0,0.0,0.0,0.0,0.0,0.0,0.0,0.0,0.0,0.0,0.0,0.0,0.0,0.0
77800,4712,2363,0.5014855687606112,1146,986,0.4524617996604414,1351,0.5734295415959253,0.39799999999999996,2.9067688378033205,3.047417401760542,6.471406491499227,2.1313951936583284,9379.763136984095,1522.242248632239,7853.0,10927.46223449707,10897.480703118516,7.232356195871078,7853.0,0.0,27.683149405772497,20.65642801320221,32.55073195355881,18.92131681208832,0.13985568760611206,0.09932088285229201,0.09719864176570459,0.0846774193548387,0.08106960950764007,0.07767402376910017,0.06727504244482173,0.0666383701188455,0.05963497453310696,0.0500848896434635,0.044779286926994906,0.038837011884550084,0.036290322580645164,0.022707979626485568,0.01867572156196944,0.010186757215619695,0.0050933786078098476,0.926835746812699,0.022957937384553827,0.0,0.0,0.0,0.0,0.0,0.0,0.0,0.0,0.0,0.0,0.0,0.0,0.0,0.0,0.0,0.0,0.0,0.0,0.0,0.0,0.0,0.0,0.0,0.0,0.0,0.15916808149405776,3.463497453310697,14.6625636672326,10.473259762309002,1.2415110356536505,4.222039473684211,2.8604105425840607,nan,nan,nan,4.228253760627862,2.8559645155856574,4.215751158173395,2.86488878864447,0.9970430813375284,0.4038,0.012375,0.0,0.0,0.0,0.0,0.0,0.0,0.0,0.0,0.0,0.0,0.01910016977928693,11.332767402376893,18.450764006791175,0.19736842105263164,0.0,0.0,0.0,0.0,0.0,0.0,0.0,0.0,0.0,0.0,0.0,0.0,0.0,0.0,0.0,0.0,nan,nan,4.222039473684211,2.8604105425840607,nan,0.4038,0.06036,0.0,0.0,0.0,0.0,0.0,0.0,0.0,0.0,0.0,0.0,0.0,0.0,0.0,0.0,0.0,0.0,0.0,0.0,0.0,0.0,0.0,0.00012733446519524617,0.0004032258064516129,0.000350169779286927,0.0017190152801358233,0.0013370118845500848,0.00851018675721562,0.004021646859083192,0.008690577249575553,0.015004244482173175,0.004509762308998302,0.02763157894736842,0.03514431239388795,0.03813667232597623,0.06317911714770798,0.03549448217317487,0.07348259762308998,0.024564940577249575,0.03909168081494058,0.02974320882852292,0.05990025466893039,0.09179753820033956,0.06120543293718166,0.054912988115449916,0.0535971986417657,0.044333616298811544,0.05854202037351443,0.037393887945670626,0.04106536502546689,0.02888370118845501,0.017009762308998304,0.019811120543293717,0.008446519524617996,0.008117572156196944,0.0033531409168081495,0.00012733446519524617,0.00013794567062818335,0.000116723259762309,0.00010611205432937182,0.0,0.0,0.0,0.0,0.0,0.0,0.0,0.0,0.0,0.0,0.0,0.0,0.0,0.0,0.0,0.0,0.0,0.0,0.0,0.0,0.0,0.0,0.0,0.0,0.0,0.0,0.0,0.0,0.0,0.0,0.0,0.0,0.0,0.0,0.0,0.0,0.0,0.0,0.0,0.0,0.0,0.0,nan,nan,4.222039473684211,2.8604105425840607,nan,0.926423911895986,0.02292571172392782,0.0,0.0,0.0,0.0,0.0,0.0,0.0,0.0,0.0,0.0,0.0,0.0,0.0,0.0,0.0,0.0,0.0,0.0,0.0,0.0,0.0,0.0,0.0,0.0,0.0,0.15234870926787983,3.453237410071943,14.828607702073638,10.32162505289886,1.2441811256876854,0.9272500362585027,0.02298286487512484,0.0,0.0,0.0,0.0,0.0,0.0,0.0,0.0,0.0,0.0,0.0,0.0,0.0,0.0,0.0,0.0,0.0,0.0,0.0,0.0,0.0,0.0,0.0,0.0,0.0,0.16602809706257987,3.47381864623244,14.495530012771395,10.625798212005112,1.2388250319284804,0.4038,0.01223,0.0,0.0,0.0,0.0,0.0,0.0,0.0,0.0,0.0,0.0,0.012695725772323321,11.19763013118915,18.611933982225988,0.1777401608125265,0.0,0.0,0.0,0.0,0.0,0.0,0.0,0.0,0.0,0.0,0.0,0.0,0.0,0.0,0.0,0.0,0.404,0.01253,0.0,0.0,0.0,0.0,0.0,0.0,0.0,0.0,0.0,0.0,0.025542784163473824,11.468710089399728,18.288633461047258,0.2171136653895275,0.0,0.0,0.0,0.0,0.0,0.0,0.0,0.0,0.0,0.0,0.0,0.0,0.0,0.0,0.0,0.0
77900,4755,2424,0.5097791798107255,1173,956,0.447739221871714,1357,0.5707676130389064,0.38999999999999996,2.952809952809953,3.0779107484148525,6.433770014556041,2.142226913959225,9404.980006745598,1521.92570071956,7853.0,10919.904113471508,10897.41622610368,7.232317761804016,7853.0,0.0,28.436803364879076,21.024695105816992,33.19190665342602,19.321822745275007,0.1310199789695058,0.10515247108307045,0.08706624605678233,0.0900105152471083,0.07907465825446898,0.07255520504731862,0.06561514195583597,0.06687697160883281,0.061198738170347,0.05573080967402734,0.04374342797055731,0.04143007360672976,0.034279705573080965,0.026919032597266034,0.02103049421661409,0.011356466876971609,0.00694006309148265,0.9261046288893426,0.023110381110269612,0.0,0.0,0.0,0.0,0.0,0.0,0.0,0.0,0.0,0.0,0.0,0.0,0.0,0.0,0.0,0.0,0.0,0.0,0.0,0.0,0.0,0.0,0.0,0.0,0.0,0.14511041009463724,3.8233438485804423,14.750788643533125,9.899053627760255,1.381703470031546,4.270383499838865,2.880594403897643,nan,nan,nan,4.264175257731959,2.8952600955408343,4.276595744680851,2.865830672809757,1.0029127524546206,0.4036,0.01224,0.0,0.0,0.0,0.0,0.0,0.0,0.0,0.0,0.0,0.0,0.03154574132492114,11.362776025236576,18.429022082018932,0.1766561514195584,0.0,0.0,0.0,0.0,0.0,0.0,0.0,0.0,0.0,0.0,0.0,0.0,0.0,0.0,0.0,0.0,nan,nan,4.270383499838865,2.880594403897643,nan,0.4036,0.05994,0.0,0.0,0.0,0.0,0.0,0.0,0.0,0.0,0.0,0.0,0.0,0.0,0.0,0.0,0.0,0.0,0.0,0.0,0.0,0.0,0.0,8.412197686645637e-05,0.00033648790746582547,0.0002103049421661409,0.0015667718191377498,0.0015141955835962144,0.006677181913774974,0.0040588853838065195,0.008675078864353312,0.015205047318611987,0.005930599369085174,0.026466876971608832,0.03569926393270242,0.03828601472134595,0.065068349106204,0.03451104100946372,0.07455310199789696,0.026309148264984226,0.03887486855941115,0.03070452155625657,0.0583491062039958,0.09319663512092534,0.06070452155625657,0.05344900105152471,0.05414300736067298,0.0452260778128286,0.057949526813880124,0.038980021030494215,0.04097791798107255,0.026750788643533124,0.016593059936908516,0.018801261829652995,0.007171398527865405,0.00953732912723449,0.002849631966351209,0.00011566771819137749,0.00017875920084121978,0.00016824395373291274,0.00012618296529968455,0.0,0.0,0.0,0.0,0.0,0.0,0.0,0.0,0.0,0.0,0.0,0.0,0.0,0.0,0.0,0.0,0.0,0.0,0.0,0.0,0.0,0.0,0.0,0.0,0.0,0.0,0.0,0.0,0.0,0.0,0.0,0.0,0.0,0.0,0.0,0.0,0.0,0.0,0.0,0.0,0.0,0.0,nan,nan,4.270383499838865,2.880594403897643,nan,0.9262313073863684,0.02285412692472643,0.0,0.0,0.0,0.0,0.0,0.0,0.0,0.0,0.0,0.0,0.0,0.0,0.0,0.0,0.0,0.0,0.0,0.0,0.0,0.0,0.0,0.0,0.0,0.0,0.0,0.12376237623762379,3.7128712871287135,15.061881188118814,9.764851485148517,1.336633663366337,0.9259728962952668,0.02337315132039615,0.0,0.0,0.0,0.0,0.0,0.0,0.0,0.0,0.0,0.0,0.0,0.0,0.0,0.0,0.0,0.0,0.0,0.0,0.0,0.0,0.0,0.0,0.0,0.0,0.0,0.16731016731016735,3.938223938223939,14.42728442728443,10.03861003861004,1.428571428571429,0.4038,0.01209,0.0,0.0,0.0,0.0,0.0,0.0,0.0,0.0,0.0,0.0,0.024752475247524757,11.28712871287127,18.490099009900995,0.19801980198019806,0.0,0.0,0.0,0.0,0.0,0.0,0.0,0.0,0.0,0.0,0.0,0.0,0.0,0.0,0.0,0.0,0.4036,0.01238,0.0,0.0,0.0,0.0,0.0,0.0,0.0,0.0,0.0,0.0,0.038610038610038616,11.441441441441425,18.36550836550837,0.15444015444015446,0.0,0.0,0.0,0.0,0.0,0.0,0.0,0.0,0.0,0.0,0.0,0.0,0.0,0.0,0.0,0.0
78000,4794,2477,0.5166875260742595,1193,955,0.44806007509386736,1312,0.5473508552357113,0.422,2.9982736296935695,3.1758960208053257,6.796474358974359,2.1442948468828114,9426.09239352402,1521.4470242705672,7853.0,10927.490071177483,10897.572036557998,7.310557733251342,7853.0,0.0,27.146641635377556,20.3202864315765,32.073870726229096,18.58781580760334,0.1443471005423446,0.10367125573633709,0.09240717563621194,0.08781810596579057,0.08281184814351272,0.07613683771380893,0.07133917396745933,0.06341259908218606,0.05673758865248227,0.05590321234876929,0.04359616186900292,0.03879849812265332,0.03379224030037547,0.02002503128911139,0.016270337922403004,0.007926574885273258,0.0050062578222778474,0.926749917769064,0.023117044006006754,0.0,0.0,0.0,0.0,0.0,0.0,0.0,0.0,0.0,0.0,0.0,0.0,0.0,0.0,0.0,0.0,0.0,0.0,0.0,0.0,0.0,0.0,0.0,0.0,0.0,0.11889862327909889,3.5794743429286617,14.693366708385485,10.30663329161452,1.3016270337922407,4.436615080671715,2.9686679279973736,nan,nan,nan,4.426480372588157,2.919367279079551,4.446475195822455,3.018071220878223,1.0045170929386966,0.4038,0.01243,0.0,0.0,0.0,0.0,0.0,0.0,0.0,0.0,0.0,0.0,0.043804755944931176,10.994993742177707,18.767209011264082,0.19399249061326662,0.0,0.0,0.0,0.0,0.0,0.0,0.0,0.0,0.0,0.0,0.0,0.0,0.0,0.0,0.0,0.0,nan,nan,4.436615080671715,2.9686679279973736,nan,0.4038,0.06015,0.0,0.0,0.0,0.0,0.0,0.0,0.0,0.0,0.0,0.0,0.0,0.0,0.0,0.0,0.0,0.0,0.0,0.0,0.0,0.0,0.0,0.0,0.0003546099290780142,0.0002398831873174802,0.0013871506049228201,0.0017417605340008344,0.006570713391739674,0.004213600333750522,0.008959115561118064,0.015018773466833541,0.005340008343763037,0.024176053400083438,0.03637880684188569,0.03877763871506049,0.06518564872757614,0.03628493950771798,0.07418648310387985,0.025458906967042137,0.04059240717563621,0.02896328744263663,0.060450563204005006,0.0925427617855653,0.05672715894868586,0.05502711722987067,0.05341051314142679,0.04560909470171047,0.05738423028785983,0.03953900709219858,0.04325198164372132,0.024217772215269086,0.01610346266166041,0.01816854401335002,0.009960367125573634,0.00965790571547768,0.0035878181059657904,0.00019816437213183145,0.00010429703796412182,3.1289111389236544e-05,0.00019816437213183145,0.0,0.0,0.0,0.0,0.0,0.0,0.0,0.0,0.0,0.0,0.0,0.0,0.0,0.0,0.0,0.0,0.0,0.0,0.0,0.0,0.0,0.0,0.0,0.0,0.0,0.0,0.0,0.0,0.0,0.0,0.0,0.0,0.0,0.0,0.0,0.0,0.0,0.0,0.0,0.0,0.0,0.0,nan,nan,4.436615080671715,2.9686679279973736,nan,0.9267799523890283,0.02299927820101331,0.0,0.0,0.0,0.0,0.0,0.0,0.0,0.0,0.0,0.0,0.0,0.0,0.0,0.0,0.0,0.0,0.0,0.0,0.0,0.0,0.0,0.0,0.0,0.0,0.0,0.09689140088817119,3.669761808639484,14.606378683891808,10.367379895034318,1.2595882115462256,0.9267178091140569,0.023242239255475798,0.0,0.0,0.0,0.0,0.0,0.0,0.0,0.0,0.0,0.0,0.0,0.0,0.0,0.0,0.0,0.0,0.0,0.0,0.0,0.0,0.0,0.0,0.0,0.0,0.0,0.1424255502805352,3.4829520932239975,14.7863616745792,10.241691842900304,1.3465688390159694,0.4038,0.01244,0.0,0.0,0.0,0.0,0.0,0.0,0.0,0.0,0.0,0.0,0.07266855066612839,10.948728300363326,18.809043197416234,0.1695599515542996,0.0,0.0,0.0,0.0,0.0,0.0,0.0,0.0,0.0,0.0,0.0,0.0,0.0,0.0,0.0,0.0,0.404,0.0124,0.0,0.0,0.0,0.0,0.0,0.0,0.0,0.0,0.0,0.0,0.012947777298230474,11.044454035390576,18.722485973241263,0.22011221406991804,0.0,0.0,0.0,0.0,0.0,0.0,0.0,0.0,0.0,0.0,0.0,0.0,0.0,0.0,0.0,0.0
78100,4958,2576,0.5195643404598629,1205,1029,0.4505849132714804,1379,0.5562726906010488,0.418,2.96095717884131,3.118656047172835,6.776911076443057,2.0648980301913022,9434.90557411057,1521.18137020566,7853.0,10926.255846261978,10897.676955139832,7.149775651598845,7853.0,0.0,27.622025010084712,20.786626451236742,32.481285988483684,19.10987361934624,0.1389673255344897,0.10125050423557887,0.09580475998386447,0.09136748688987495,0.08108108108108109,0.07402178297700686,0.07139975796692215,0.05990318676885841,0.05929810407422348,0.05264219443323921,0.04255748285599032,0.040943929003630496,0.03126260588947156,0.024203307785397338,0.016135538523598225,0.011496571198063736,0.007664380798709157,0.9266113679992811,0.023109567448457324,0.0,0.0,0.0,0.0,0.0,0.0,0.0,0.0,0.0,0.0,0.0,0.0,0.0,0.0,0.0,0.0,0.0,0.0,0.0,0.0,0.0,0.0,0.0,0.0,0.0,0.12101653892698672,3.5941912061315056,14.649052037111742,10.383219039935462,1.2525211778943126,4.299024236701291,2.923531081843893,nan,nan,nan,4.243613707165109,2.9326550164984324,4.3555979643765905,2.9130989525895874,1.0263888904455185,0.404,0.01258,0.0,0.0,0.0,0.0,0.0,0.0,0.0,0.0,0.0,0.0,0.03025413473174668,10.703912868091956,19.01169826542961,0.2541347317466721,0.0,0.0,0.0,0.0,0.0,0.0,0.0,0.0,0.0,0.0,0.0,0.0,0.0,0.0,0.0,0.0,nan,nan,4.299024236701291,2.923531081843893,nan,0.404,0.06033,0.0,0.0,0.0,0.0,0.0,0.0,0.0,0.0,0.0,0.0,0.0,0.0,0.0,0.0,0.0,0.0,0.0,0.0,0.0,0.0,0.0,0.0,0.0006050826946349334,0.0003327954820492134,0.0015127067365873336,0.0017244856797095603,0.0060306575231948364,0.005264219443323921,0.008793868495361033,0.014592577652279145,0.004568374344493748,0.023840258168616377,0.03667809600645421,0.03983461073013312,0.0626865671641791,0.038624445340863255,0.0735377168212989,0.023739411052843887,0.040308592174263816,0.02943727309398951,0.061577248890681724,0.08798910851149658,0.057039128680919725,0.059570391286809195,0.053670835014118595,0.043878580072609925,0.058935054457442515,0.039370713997579666,0.043192819685357,0.025,0.015167406212182332,0.01656918112141993,0.010709963695038321,0.009953610326744656,0.00445744251714401,0.00027228721258572004,0.0001008471157724889,9.076240419524002e-05,0.0003327954820492134,0.0,1.0084711577248891e-05,0.0,0.0,0.0,0.0,0.0,0.0,0.0,0.0,0.0,0.0,0.0,0.0,0.0,0.0,0.0,0.0,0.0,0.0,0.0,0.0,0.0,0.0,0.0,0.0,0.0,0.0,0.0,0.0,0.0,0.0,0.0,0.0,0.0,0.0,0.0,0.0,0.0,0.0,0.0,0.0,nan,nan,4.299024236701291,2.923531081843893,nan,0.9269377263436406,0.02282019093493024,0.0,0.0,0.0,0.0,0.0,0.0,0.0,0.0,0.0,0.0,0.0,0.0,0.0,0.0,0.0,0.0,0.0,0.0,0.0,0.0,0.0,0.0,0.0,0.0,0.0,0.06987577639751553,3.61024844720497,14.650621118012426,10.50465838509317,1.1645962732919257,0.9262584296722156,0.02341336851078123,0.0,0.0,0.0,0.0,0.0,0.0,0.0,0.0,0.0,0.0,0.0,0.0,0.0,0.0,0.0,0.0,0.0,0.0,0.0,0.0,0.0,0.0,0.0,0.0,0.0,0.1763224181360202,3.5768261964735526,14.647355163727962,10.251889168765745,1.3476070528967259,0.404,0.01244,0.0,0.0,0.0,0.0,0.0,0.0,0.0,0.0,0.0,0.0,0.023291925465838515,10.877329192546568,18.854813664596275,0.24456521739130438,0.0,0.0,0.0,0.0,0.0,0.0,0.0,0.0,0.0,0.0,0.0,0.0,0.0,0.0,0.0,0.0,0.4043,0.012726,0.0,0.0,0.0,0.0,0.0,0.0,0.0,0.0,0.0,0.0,0.037783375314861464,10.516372795969758,19.18136020151134,0.2644836272040303,0.0,0.0,0.0,0.0,0.0,0.0,0.0,0.0,0.0,0.0,0.0,0.0,0.0,0.0,0.0,0.0
78200,4715,2473,0.5244962884411453,1179,938,0.44899257688229055,1293,0.5484623541887593,0.422,3.000892060660125,3.1073563988412354,6.551020408163265,2.1554909025511293,9449.801475333965,1520.4052864695293,7853.0,10924.029770374298,10897.447616740657,7.402492062973592,7853.0,0.0,28.41930010604454,21.097008898225926,33.30945198592257,19.338456078773216,0.13722163308589608,0.0975609756097561,0.0895015906680806,0.08907741251325557,0.08038176033934252,0.0735949098621421,0.06829268292682927,0.06362672322375397,0.05217391304347826,0.0591728525980912,0.0496288441145281,0.04199363732767762,0.03351007423117709,0.027571580063626724,0.015482502651113467,0.012725344644750796,0.008483563096500531,0.9258087097523954,0.023595315387189213,0.0,0.0,0.0,0.0,0.0,0.0,0.0,0.0,0.0,0.0,0.0,0.0,0.0,0.0,0.0,0.0,0.0,0.0,0.0,0.0,0.0,0.0,0.0,0.0,0.0,0.14634146341463417,4.033934252386003,14.49416755037116,10.033934252386004,1.291622481442206,4.190243902439025,2.905767033733561,nan,nan,nan,4.295911745619727,2.909746008258206,4.084093872229466,2.8978875427150736,0.9506931506201823,0.4043,0.01245,0.0,0.0,0.0,0.0,0.0,0.0,0.0,0.0,0.0,0.0,0.03181336161187699,10.727465535524905,18.96076352067869,0.27995758218451755,0.0,0.0,0.0,0.0,0.0,0.0,0.0,0.0,0.0,0.0,0.0,0.0,0.0,0.0,0.0,0.0,nan,nan,4.190243902439025,2.905767033733561,nan,0.4043,0.06,0.0,0.0,0.0,0.0,0.0,0.0,0.0,0.0,0.0,0.0,0.0,0.0,0.0,0.0,0.0,0.0,0.0,0.0,0.0,0.0,0.0,0.0,0.0004984093319194061,0.00024390243902439024,0.0014316012725344644,0.0015800636267232237,0.00623541887592789,0.005111346765641569,0.007327677624602333,0.014029692470837752,0.004920466595970308,0.024178154825026513,0.03439024390243903,0.04009544008483563,0.06436903499469777,0.04171792152704136,0.0747083775185578,0.02290562036055143,0.03975609756097561,0.02895015906680806,0.0571049840933192,0.08811240721102863,0.05717921527041357,0.06266171792152704,0.05521739130434783,0.04507953340402969,0.06081654294803818,0.03936373276776246,0.04020148462354189,0.02447507953340403,0.014856839872746554,0.016998939554612937,0.010233297985153765,0.009872746553552492,0.004337221633085896,0.0003711558854718982,8.48356309650053e-05,6.362672322375397e-05,0.0005196182396606574,0.0,0.0,0.0,0.0,0.0,0.0,0.0,0.0,0.0,0.0,0.0,0.0,0.0,0.0,0.0,0.0,0.0,0.0,0.0,0.0,0.0,0.0,0.0,0.0,0.0,0.0,0.0,0.0,0.0,0.0,0.0,0.0,0.0,0.0,0.0,0.0,0.0,0.0,0.0,0.0,0.0,0.0,nan,nan,4.190243902439025,2.905767033733561,nan,0.9256547178472048,0.023739455845152208,0.0,0.0,0.0,0.0,0.0,0.0,0.0,0.0,0.0,0.0,0.0,0.0,0.0,0.0,0.0,0.0,0.0,0.0,0.0,0.0,0.0,0.0,0.0,0.0,0.0,0.18196522442377683,3.9304488475535795,14.630004043671656,9.911039223615044,1.3465426607359485,0.925978567906515,0.023434121803914267,0.0,0.0,0.0,0.0,0.0,0.0,0.0,0.0,0.0,0.0,0.0,0.0,0.0,0.0,0.0,0.0,0.0,0.0,0.0,0.0,0.0,0.0,0.0,0.0,0.0,0.10704727921498665,4.148082069580732,14.34433541480821,10.16949152542373,1.2310437109723462,0.4045,0.01254,0.0,0.0,0.0,0.0,0.0,0.0,0.0,0.0,0.0,0.0,0.024262029923170246,10.541852001617453,19.11847957945815,0.3154063890012132,0.0,0.0,0.0,0.0,0.0,0.0,0.0,0.0,0.0,0.0,0.0,0.0,0.0,0.0,0.0,0.0,0.404,0.01235,0.0,0.0,0.0,0.0,0.0,0.0,0.0,0.0,0.0,0.0,0.04014272970561999,10.932203389830493,18.786797502230154,0.24085637823371994,0.0,0.0,0.0,0.0,0.0,0.0,0.0,0.0,0.0,0.0,0.0,0.0,0.0,0.0,0.0,0.0
78300,4869,2542,0.5220784555350174,1194,1007,0.45204354076812486,1383,0.5680837954405422,0.41,2.950150408250967,3.035969542767869,6.459418070444104,2.1520226530011883,9442.627501166706,1520.926823409911,7853.0,10922.629648089409,10897.805784099408,7.189346935596332,7853.0,0.0,28.092832203737935,20.87234936785723,32.99243717979995,19.107946751775643,0.13842678168001643,0.09899363318956665,0.0920106798110495,0.08256315465187923,0.07968782090778394,0.07742863010885193,0.07783939207229411,0.05935510371739577,0.054425960156089546,0.05750667488190594,0.046416101868966934,0.039433148490449786,0.03183405216676936,0.02875333744095297,0.01807352639145615,0.01170671595810228,0.005545286506469501,0.9268012374155965,0.02337473331445518,0.0,0.0,0.0,0.0,0.0,0.0,0.0,0.0,0.0,0.0,0.0,0.0,0.0,0.0,0.0,0.0,0.0,0.0,0.0,0.0,0.0,0.0,0.0,0.0,0.0,0.10474430067775727,3.6475662353666056,14.467036352433768,10.468268638324094,1.3123844731977823,4.23800505050505,2.861741727889889,nan,nan,nan,4.201653944020356,2.848270277712729,4.275862068965517,2.874231061369488,1.0176616460883865,0.4048,0.01248,0.0,0.0,0.0,0.0,0.0,0.0,0.0,0.0,0.0,0.0,0.018484288354898338,10.757855822550816,18.940234134319166,0.2834257547751079,0.0,0.0,0.0,0.0,0.0,0.0,0.0,0.0,0.0,0.0,0.0,0.0,0.0,0.0,0.0,0.0,nan,nan,4.23800505050505,2.861741727889889,nan,0.4048,0.06018,0.0,0.0,0.0,0.0,0.0,0.0,0.0,0.0,0.0,0.0,0.0,0.0,0.0,0.0,0.0,0.0,0.0,0.0,0.0,0.0,0.0,2.0538098172109262e-05,0.000698295337851715,0.00024645717806531114,0.0011604025467241734,0.0014992811665639762,0.007034298623947423,0.00556582460464161,0.008174163072499487,0.012867118504826454,0.004672417334154857,0.02130827685356336,0.03683507907167796,0.03596220989936332,0.06350379954816184,0.04209283220373793,0.0775005134524543,0.024111727254056275,0.03878619839802834,0.029718628055042103,0.05571986034093243,0.08851920312179092,0.05814335592524132,0.06304169233928938,0.05514479359211337,0.04591291846375026,0.05779420825631547,0.03747176011501335,0.041528034504004926,0.02496405832819881,0.015280345040049291,0.01778599301704662,0.010915999178476073,0.00960156089546108,0.004949681659478332,0.000862600123228589,9.242144177449168e-05,9.242144177449168e-05,0.0004210310125282399,0.0,0.0,0.0,0.0,0.0,0.0,0.0,0.0,0.0,0.0,0.0,0.0,0.0,0.0,0.0,0.0,0.0,0.0,0.0,0.0,0.0,0.0,0.0,0.0,0.0,0.0,0.0,0.0,0.0,0.0,0.0,0.0,0.0,0.0,0.0,0.0,0.0,0.0,0.0,0.0,0.0,0.0,nan,nan,4.23800505050505,2.861741727889889,nan,0.9267462990492183,0.02329877474271562,0.0,0.0,0.0,0.0,0.0,0.0,0.0,0.0,0.0,0.0,0.0,0.0,0.0,0.0,0.0,0.0,0.0,0.0,0.0,0.0,0.0,0.0,0.0,0.0,0.0,0.09441384736428012,3.670338316286389,14.610542879622347,10.361919748229743,1.2627852084972466,0.9268612517376135,0.02345728182365206,0.0,0.0,0.0,0.0,0.0,0.0,0.0,0.0,0.0,0.0,0.0,0.0,0.0,0.0,0.0,0.0,0.0,0.0,0.0,0.0,0.0,0.0,0.0,0.0,0.0,0.11602922217447359,3.622690159003009,14.310270734851743,10.584443489471425,1.3665663944993558,0.4048,0.012474,0.0,0.0,0.0,0.0,0.0,0.0,0.0,0.0,0.0,0.0,0.011801730920535014,10.810385523210055,18.811959087332813,0.36585365853658547,0.0,0.0,0.0,0.0,0.0,0.0,0.0,0.0,0.0,0.0,0.0,0.0,0.0,0.0,0.0,0.0,0.4048,0.01249,0.0,0.0,0.0,0.0,0.0,0.0,0.0,0.0,0.0,0.0,0.025784271594327467,10.70047271164588,19.080360979802325,0.193382036957456,0.0,0.0,0.0,0.0,0.0,0.0,0.0,0.0,0.0,0.0,0.0,0.0,0.0,0.0,0.0,0.0
78400,4885,2529,0.5177072671443194,1172,1019,0.44851586489252815,1380,0.5649948822927329,0.40599999999999997,2.940577249575552,3.0752918074125555,6.492331288343558,2.1425293436514568,9429.299004205588,1521.4382585110222,7853.0,10922.699107706547,10897.76893457663,7.179523705078842,7853.0,0.0,27.57482088024565,20.778452655899166,32.63511525257479,19.01486893672119,0.14575230296827021,0.0970317297850563,0.09457523029682702,0.08659160696008188,0.08249744114636642,0.0767656090071648,0.06550665301944729,0.06059365404298874,0.0638689866939611,0.050767656090071646,0.04769703172978506,0.03623336745138178,0.0345957011258956,0.02354145342886387,0.017195496417604914,0.010644831115660185,0.006141248720573183,0.9267345659808468,0.023218438827478677,0.0,0.0,0.0,0.0,0.0,0.0,0.0,0.0,0.0,0.0,0.0,0.0,0.0,0.0,0.0,0.0,0.0,0.0,0.0,0.0,0.0,0.0,0.0,0.0,0.006141248720573185,0.14124872057318325,3.531218014329581,14.610030706243606,10.489252814739,1.2221084953940637,4.320064205457464,2.8887280792107863,nan,nan,nan,4.373957665169981,2.905942980564117,4.264308681672026,2.870446947713063,0.974931402658262,0.4045,0.01257,0.0,0.0,0.0,0.0,0.0,0.0,0.0,0.0,0.0,0.0,0.06755373592630502,10.741044012282483,18.86591606960082,0.3254861821903788,0.0,0.0,0.0,0.0,0.0,0.0,0.0,0.0,0.0,0.0,0.0,0.0,0.0,0.0,0.0,0.0,nan,nan,4.320064205457464,2.8887280792107863,nan,0.4045,0.06018,0.0,0.0,0.0,0.0,0.0,0.0,0.0,0.0,0.0,0.0,0.0,0.0,0.0,0.0,0.0,0.0,0.0,0.0,0.0,0.0,0.0,0.0,0.000593654042988741,0.0001535312180143296,0.0011668372569089047,0.002006141248720573,0.006264073694984647,0.0061105424769703175,0.008464687819856704,0.013439099283520982,0.00465711361310133,0.019355168884339816,0.0351381780962129,0.036519959058341864,0.06599795291709314,0.041760491299897645,0.07655066530194472,0.02329580348004094,0.03906857727737973,0.033500511770726715,0.0561207778915046,0.08974411463664278,0.05520982599795292,0.06438075742067553,0.05587512794268168,0.04510747185261003,0.0544114636642784,0.03632548618219038,0.04316274309109519,0.0255885363357216,0.014370522006141249,0.01809621289662231,0.011095189355168884,0.009825997952917094,0.004851586489252815,0.0013203684749232344,2.0470829068577278e-05,0.00012282497441146365,0.00032753326509723645,0.0,0.0,0.0,0.0,0.0,0.0,0.0,0.0,0.0,0.0,0.0,0.0,0.0,0.0,0.0,0.0,0.0,0.0,0.0,0.0,0.0,0.0,0.0,0.0,0.0,0.0,0.0,0.0,0.0,0.0,0.0,0.0,0.0,0.0,0.0,0.0,0.0,0.0,0.0,0.0,0.0,0.0,nan,nan,4.320064205457464,2.8887280792107863,nan,0.9267369178313425,0.022876852910512672,0.0,0.0,0.0,0.0,0.0,0.0,0.0,0.0,0.0,0.0,0.0,0.0,0.0,0.0,0.0,0.0,0.0,0.0,0.0,0.0,0.0,0.0,0.0,0.0,0.0,0.13048635824436539,3.451957295373666,14.733096085409256,10.498220640569398,1.1862396204033216,0.9267320414350474,0.02357960086178962,0.0,0.0,0.0,0.0,0.0,0.0,0.0,0.0,0.0,0.0,0.0,0.0,0.0,0.0,0.0,0.0,0.0,0.0,0.0,0.0,0.0,0.0,0.0,0.0,0.01273344651952462,0.15280135823429544,3.616298811544992,14.477928692699495,10.479626485568764,1.2606112054329375,0.4045,0.01255,0.0,0.0,0.0,0.0,0.0,0.0,0.0,0.0,0.0,0.0,0.09489916963226575,10.759193357058109,18.837485172004747,0.3084223013048637,0.0,0.0,0.0,0.0,0.0,0.0,0.0,0.0,0.0,0.0,0.0,0.0,0.0,0.0,0.0,0.0,0.4048,0.01259,0.0,0.0,0.0,0.0,0.0,0.0,0.0,0.0,0.0,0.0,0.03820033955857386,10.721561969439714,18.896434634974536,0.34380305602716477,0.0,0.0,0.0,0.0,0.0,0.0,0.0,0.0,0.0,0.0,0.0,0.0,0.0,0.0,0.0,0.0
78500,5047,2593,0.5137705567663958,1225,1057,0.4521497919556172,1457,0.5773726966514762,0.40599999999999997,2.9792176039119806,3.102168188963316,6.570802919708029,2.1463994833630706,9417.138539887133,1521.6466090346223,7853.0,10922.145114839077,10897.43008515633,7.295696529290393,7853.0,0.0,27.91103625916386,20.855846364433415,32.82909005186233,19.112024216644723,0.13849811769367942,0.09649296611848623,0.09470972855161482,0.09035070338815138,0.08301961561323559,0.07390529027144839,0.06875371507826432,0.06479096492966119,0.05983752724390727,0.04814741430552804,0.04398652664949475,0.04160887656033287,0.03447592629284724,0.025956013473350505,0.017436100653853776,0.010699425401228452,0.007331087774915791,0.9259416925474893,0.023032915984548007,0.0,0.0,0.0,0.0,0.0,0.0,0.0,0.0,0.0,0.0,0.0,0.0,0.0,0.0,0.0,0.0,0.0,0.0,0.0,0.0,0.0,0.0,0.0,0.0,0.0,0.1902120071329503,3.750743015652864,14.723598177134935,10.217951258173175,1.117495541906083,4.2700886037274675,2.885493796533526,nan,nan,nan,4.331488314883149,2.9177245804064906,4.212029161603888,2.850998186200023,0.9724207605804233,0.404,0.01224,0.0,0.0,0.0,0.0,0.0,0.0,0.0,0.0,0.0,0.0,0.023776500891618788,10.836140281355245,18.902318208836935,0.23776500891618788,0.0,0.0,0.0,0.0,0.0,0.0,0.0,0.0,0.0,0.0,0.0,0.0,0.0,0.0,0.0,0.0,nan,nan,4.2700886037274675,2.885493796533526,nan,0.404,0.05957,0.0,0.0,0.0,0.0,0.0,0.0,0.0,0.0,0.0,0.0,0.0,0.0,0.0,0.0,0.0,0.0,0.0,0.0,0.0,0.0,0.0,0.0,0.0009510600356647513,0.00017832375668714088,0.0014166831781256193,0.002209233207846245,0.005765801466217555,0.00651872399445215,0.007539132157717456,0.011967505448781455,0.005002972062611452,0.017574796909054884,0.03646720824252031,0.036665345749950465,0.06788191004557163,0.04292649098474341,0.0739251040221914,0.024697840301169012,0.04043986526649495,0.033594214384783036,0.05504259956409748,0.09086586090746979,0.05586487021993263,0.06602932435109966,0.057866059044977214,0.04457103229641371,0.053754705765801464,0.03702199326332475,0.04229245096096691,0.02539132157717456,0.014602734297602536,0.015613235585496335,0.011363186051119478,0.007935407172577768,0.004626510798494155,0.0012482662968099861,0.0,1.9813750743015655e-05,0.00015851000594412524,9.906875371507827e-06,0.0,0.0,0.0,0.0,0.0,0.0,0.0,0.0,0.0,0.0,0.0,0.0,0.0,0.0,0.0,0.0,0.0,0.0,0.0,0.0,0.0,0.0,0.0,0.0,0.0,0.0,0.0,0.0,0.0,0.0,0.0,0.0,0.0,0.0,0.0,0.0,0.0,0.0,0.0,0.0,0.0,nan,nan,4.2700886037274675,2.885493796533526,nan,0.9260602216439223,0.023039884474466598,0.0,0.0,0.0,0.0,0.0,0.0,0.0,0.0,0.0,0.0,0.0,0.0,0.0,0.0,0.0,0.0,0.0,0.0,0.0,0.0,0.0,0.0,0.0,0.0,0.0,0.10412649440802162,4.0030852294639425,14.566139606633246,10.158118010026998,1.168530659467798,0.9258164497002801,0.02302488750863613,0.0,0.0,0.0,0.0,0.0,0.0,0.0,0.0,0.0,0.0,0.0,0.0,0.0,0.0,0.0,0.0,0.0,0.0,0.0,0.0,0.0,0.0,0.0,0.0,0.0,0.28117359413202936,3.4841075794621035,14.889975550122251,10.281173594132031,1.0635696821515894,0.404,0.01229,0.0,0.0,0.0,0.0,0.0,0.0,0.0,0.0,0.0,0.0,0.046278441959120724,10.84072502892401,18.846895487851913,0.2661010412649441,0.0,0.0,0.0,0.0,0.0,0.0,0.0,0.0,0.0,0.0,0.0,0.0,0.0,0.0,0.0,0.0,0.4043,0.01216,0.0,0.0,0.0,0.0,0.0,0.0,0.0,0.0,0.0,0.0,0.0,10.831295843520767,18.960880195599024,0.20782396088019564,0.0,0.0,0.0,0.0,0.0,0.0,0.0,0.0,0.0,0.0,0.0,0.0,0.0,0.0,0.0,0.0
78600,4434,2371,0.5347316193053676,1087,873,0.4420387911592242,1222,0.5511953089760938,0.438,3.040717401841978,3.08472852010922,6.458536585365854,2.144644562029335,9481.149213896728,1518.730467401695,7853.0,10920.737414240837,10897.796969387638,7.275274779972959,7853.0,0.0,28.486017140279657,21.158857624897546,33.41615405188553,19.371789749801863,0.13779882724402345,0.09990978800180424,0.08908434821831304,0.08389715832205684,0.08051420838971583,0.07713125845737483,0.06337392873252143,0.058186738836265225,0.06630581867388363,0.05232295895354082,0.044654939106901215,0.046008119079837616,0.034280559314388816,0.02864230942715381,0.02029769959404601,0.010148849797023005,0.007442489851150203,0.9272977247074696,0.023280990431741883,0.0,0.0,0.0,0.0,0.0,0.0,0.0,0.0,0.0,0.0,0.0,0.0,0.0,0.0,0.0,0.0,0.0,0.0,0.0,0.0,0.0,0.0,0.0,0.0,0.0,0.1556156968876861,3.4438430311231403,14.41813261163735,10.683355886332883,1.2990527740189448,4.124352331606218,2.841539462139362,nan,nan,nan,4.173547935619315,2.88100364869074,4.076398362892224,2.8017052134805778,0.9767225453677042,0.404,0.0121,0.0,0.0,0.0,0.0,0.0,0.0,0.0,0.0,0.0,0.0,0.040595399188092025,10.83220568335587,18.863328822733425,0.26387009472259815,0.0,0.0,0.0,0.0,0.0,0.0,0.0,0.0,0.0,0.0,0.0,0.0,0.0,0.0,0.0,0.0,nan,nan,4.124352331606218,2.841539462139362,nan,0.404,0.05893,0.0,0.0,0.0,0.0,0.0,0.0,0.0,0.0,0.0,0.0,0.0,0.0,0.0,0.0,0.0,0.0,0.0,0.0,0.0,0.0,0.0,0.0,0.0008682904826341904,0.00012404149751917004,0.0011840324763193505,0.0018606224627875508,0.004905277401894452,0.005593143888137122,0.007025259359494813,0.012911592241768155,0.005085701398285972,0.015629228687415425,0.03786648624267028,0.03872350022553,0.06843707713125846,0.04260261614794768,0.07070365358592692,0.02478574650428507,0.04383175462336491,0.03313035633739287,0.05648398737032025,0.09110284167794316,0.059551195308976096,0.06610284167794317,0.0557510148849797,0.04557961208840776,0.053089760938204784,0.03662607126747858,0.04287325214253496,0.0245489400090212,0.013644564727108706,0.014411366711772665,0.011107352277852955,0.0069124943617501124,0.005063148398737032,0.0016801984663960307,0.0,3.3829499323410016e-05,9.021199819576004e-05,7.893549842129003e-05,0.0,0.0,0.0,0.0,0.0,0.0,0.0,0.0,0.0,0.0,0.0,0.0,0.0,0.0,0.0,0.0,0.0,0.0,0.0,0.0,0.0,0.0,0.0,0.0,0.0,0.0,0.0,0.0,0.0,0.0,0.0,0.0,0.0,0.0,0.0,0.0,0.0,0.0,0.0,0.0,0.0,nan,nan,4.124352331606218,2.841539462139362,nan,0.9274578914769035,0.023327966903618744,0.0,0.0,0.0,0.0,0.0,0.0,0.0,0.0,0.0,0.0,0.0,0.0,0.0,0.0,0.0,0.0,0.0,0.0,0.0,0.0,0.0,0.0,0.0,0.0,0.0,0.1391817798397301,3.669337832138339,14.107971320118097,10.767608603964575,1.3159004639392664,0.9271136454974224,0.02322551900075231,0.0,0.0,0.0,0.0,0.0,0.0,0.0,0.0,0.0,0.0,0.0,0.0,0.0,0.0,0.0,0.0,0.0,0.0,0.0,0.0,0.0,0.0,0.0,0.0,0.0,0.17450315075133305,3.1846825012118285,14.774600096946198,10.586524478914205,1.2796897721764422,0.404,0.01193,0.0,0.0,0.0,0.0,0.0,0.0,0.0,0.0,0.0,0.0,0.0506115563053564,10.982707718262322,18.68831716575285,0.2783635596794602,0.0,0.0,0.0,0.0,0.0,0.0,0.0,0.0,0.0,0.0,0.0,0.0,0.0,0.0,0.0,0.0,0.4043,0.01228,0.0,0.0,0.0,0.0,0.0,0.0,0.0,0.0,0.0,0.0,0.02908385845855551,10.659234125060575,19.064469219583135,0.24721279689772183,0.0,0.0,0.0,0.0,0.0,0.0,0.0,0.0,0.0,0.0,0.0,0.0,0.0,0.0,0.0,0.0
78700,4529,2348,0.5184367410024288,1110,895,0.4427025833517333,1236,0.5458158533892692,0.438,2.970655662540119,3.208919964284861,6.835051546391752,2.17300089763512,9431.386529096153,1521.2295583657997,7853.0,10923.72941160202,10897.511324649267,7.315108466660658,7853.0,0.0,27.187237800839036,20.61883854771994,32.16084656084656,18.95176420492567,0.14285714285714285,0.10708765731949657,0.09781408699492161,0.08522852726871274,0.08611172444248179,0.06866858026054316,0.06888937955398543,0.06381099580481342,0.05453742548023846,0.05299183042614264,0.04680945020975933,0.03731508059174211,0.03356149260322367,0.022300728637668358,0.016780746301611835,0.010377566791786266,0.004857584455729742,0.9263259466580404,0.022881267492983866,0.0,0.0,0.0,0.0,0.0,0.0,0.0,0.0,0.0,0.0,0.0,0.0,0.0,0.0,0.0,0.0,0.0,0.0,0.0,0.0,0.0,0.0,0.0,0.0,0.0,0.13247957606535662,3.5040847869286824,15.341134908368296,9.730624862000443,1.291675866637227,4.350821965722281,3.006994618904134,nan,nan,nan,4.43719298245614,3.036922353931757,4.264993026499303,2.974473295842141,0.961191691089911,0.4036,0.01228,0.0,0.0,0.0,0.0,0.0,0.0,0.0,0.0,0.0,0.0,0.033119894016339156,11.466107308456596,18.26230956060941,0.2384632369176419,0.0,0.0,0.0,0.0,0.0,0.0,0.0,0.0,0.0,0.0,0.0,0.0,0.0,0.0,0.0,0.0,nan,nan,4.350821965722281,3.006994618904134,nan,0.4036,0.05905,0.0,0.0,0.0,0.0,0.0,0.0,0.0,0.0,0.0,0.0,0.0,0.0,0.0,0.0,0.0,0.0,0.0,0.0,0.0,0.0,2.20799293442261e-05,0.0,0.0008390373150805918,0.00012143961139324354,0.0013137557959814528,0.0020975932877014794,0.004912784279090307,0.0055972620887613156,0.007054537425480238,0.012850518878339589,0.005696621770810334,0.016206668138661957,0.04037315080591742,0.04022963126517995,0.06846986089644513,0.0442481784058291,0.06418635460366527,0.025292559063810997,0.0435747405608302,0.03229189666593067,0.05663501876793994,0.09465665709869728,0.0608302053433429,0.06661514683153014,0.054427025833517335,0.045341134908368295,0.052903510708765734,0.03562596599690881,0.039986752042393464,0.024232722455288142,0.014539633473172886,0.01451755354382866,0.01038860675645838,0.007330536542283064,0.00481342459704129,0.0016339147714727314,3.311989401633915e-05,0.0,0.00011039964672113049,0.0,0.0,0.0,0.0,0.0,0.0,0.0,0.0,0.0,0.0,0.0,0.0,0.0,0.0,0.0,0.0,0.0,0.0,0.0,0.0,0.0,0.0,0.0,0.0,0.0,0.0,0.0,0.0,0.0,0.0,0.0,0.0,0.0,0.0,0.0,0.0,0.0,0.0,0.0,0.0,0.0,0.0,nan,nan,4.350821965722281,3.006994618904134,nan,0.9266413308083503,0.02288169715088179,0.0,0.0,0.0,0.0,0.0,0.0,0.0,0.0,0.0,0.0,0.0,0.0,0.0,0.0,0.0,0.0,0.0,0.0,0.0,0.0,0.0,0.0,0.0,0.0,0.0,0.12776831345826237,3.385860306643953,15.204429301533223,9.965928449744466,1.3160136286201025,0.9259864134233187,0.02287594518023579,0.0,0.0,0.0,0.0,0.0,0.0,0.0,0.0,0.0,0.0,0.0,0.0,0.0,0.0,0.0,0.0,0.0,0.0,0.0,0.0,0.0,0.0,0.0,0.0,0.0,0.13755158184319122,3.6313617606602486,15.488308115543331,9.477303988995875,1.2654745529573592,0.4038,0.01232,0.0,0.0,0.0,0.0,0.0,0.0,0.0,0.0,0.0,0.0,0.025553662691652476,11.333049403747854,18.321976149914825,0.3194207836456559,0.0,0.0,0.0,0.0,0.0,0.0,0.0,0.0,0.0,0.0,0.0,0.0,0.0,0.0,0.0,0.0,0.4033,0.012245,0.0,0.0,0.0,0.0,0.0,0.0,0.0,0.0,0.0,0.0,0.041265474552957364,11.60935350756532,18.1980742778542,0.15130674002751035,0.0,0.0,0.0,0.0,0.0,0.0,0.0,0.0,0.0,0.0,0.0,0.0,0.0,0.0,0.0,0.0
78800,4894,2499,0.5106252554147936,1162,1032,0.448304045770331,1397,0.5709031467102574,0.414,2.9599164926931105,3.0838086138960152,6.544642857142857,2.094728614328614,9407.61917887212,1521.9351656671338,7853.0,10925.794708371162,10897.54032068834,7.22655328884017,7853.0,0.0,27.694523906824685,20.83379610937658,32.76388549057989,19.05992988465152,0.14323661626481407,0.09644462607274214,0.09787494891704128,0.08745402533714752,0.08193706579485084,0.0741724560686555,0.06620351450756028,0.06293420514916225,0.06232120964446261,0.04842664487127094,0.047404985696771554,0.03882304863097671,0.03351042092357989,0.024111156518185534,0.018594196975888842,0.010420923579893748,0.006129955046996322,0.9266263844896737,0.02309428548960433,0.0,0.0,0.0,0.0,0.0,0.0,0.0,0.0,0.0,0.0,0.0,0.0,0.0,0.0,0.0,0.0,0.0,0.0,0.0,0.0,0.0,0.0,0.0,0.0,0.0,0.1042092357989375,3.671843073150798,14.662852472415205,10.286064568859832,1.2750306497752353,4.266857506361323,2.8703486852846662,nan,nan,nan,4.200507614213198,2.8519562697669185,4.333545918367347,2.887180882257136,1.031671958813737,0.4036,0.01247,0.0,0.0,0.0,0.0,0.0,0.0,0.0,0.0,0.0,0.0,0.006129955046996324,11.591744993870028,18.248876174908055,0.15324887617490807,0.0,0.0,0.0,0.0,0.0,0.0,0.0,0.0,0.0,0.0,0.0,0.0,0.0,0.0,0.0,0.0,nan,nan,4.266857506361323,2.8703486852846662,nan,0.4036,0.0592,0.0,0.0,0.0,0.0,0.0,0.0,0.0,0.0,0.0,0.0,0.0,0.0,0.0,0.0,0.0,0.0,0.0,0.0,0.0,0.0,0.0,0.0,0.0009910093992644053,0.00012259910093992643,0.0011544748671843074,0.002206783816918676,0.005220678381691868,0.005394360441356764,0.006242337556191254,0.011943195749897833,0.005527176134041684,0.019013077237433593,0.03778095627298733,0.040375970576215774,0.0688496117695137,0.04685328974254189,0.06471189211279117,0.025102165917449938,0.04492235390273805,0.033203923171230075,0.05380057212913772,0.09397221087045361,0.060277891295463834,0.06501838986514098,0.05482223130363711,0.04605639558643237,0.05269718022067838,0.03572742133224356,0.03894564773191663,0.025796894156109522,0.01325091949325705,0.013496117695136903,0.011391499795668164,0.008081324070290151,0.00506742950551696,0.0015835717204740498,0.00011238250919493257,0.0,0.0002860645688598284,0.0,0.0,0.0,0.0,0.0,0.0,0.0,0.0,0.0,0.0,0.0,0.0,0.0,0.0,0.0,0.0,0.0,0.0,0.0,0.0,0.0,0.0,0.0,0.0,0.0,0.0,0.0,0.0,0.0,0.0,0.0,0.0,0.0,0.0,0.0,0.0,0.0,0.0,0.0,0.0,0.0,0.0,nan,nan,4.266857506361323,2.8703486852846662,nan,0.9269829630470123,0.022669946615704845,0.0,0.0,0.0,0.0,0.0,0.0,0.0,0.0,0.0,0.0,0.0,0.0,0.0,0.0,0.0,0.0,0.0,0.0,0.0,0.0,0.0,0.0,0.0,0.0,0.0,0.06002400960384155,3.5054021608643464,14.825930372148862,10.38415366146459,1.2244897959183676,0.9262543219365257,0.023523131918407384,0.0,0.0,0.0,0.0,0.0,0.0,0.0,0.0,0.0,0.0,0.0,0.0,0.0,0.0,0.0,0.0,0.0,0.0,0.0,0.0,0.0,0.0,0.0,0.0,0.0,0.1503131524008351,3.845511482254698,14.492693110647185,10.183716075156578,1.3277661795407103,0.4036,0.01241,0.0,0.0,0.0,0.0,0.0,0.0,0.0,0.0,0.0,0.0,0.01200480192076831,11.428571428571413,18.379351740696283,0.18007202881152465,0.0,0.0,0.0,0.0,0.0,0.0,0.0,0.0,0.0,0.0,0.0,0.0,0.0,0.0,0.0,0.0,0.4036,0.01252,0.0,0.0,0.0,0.0,0.0,0.0,0.0,0.0,0.0,0.0,0.0,11.762004175365329,18.11273486430063,0.12526096033402925,0.0,0.0,0.0,0.0,0.0,0.0,0.0,0.0,0.0,0.0,0.0,0.0,0.0,0.0,0.0,0.0
78900,4877,2509,0.5144556079557104,1171,1023,0.4498667213450892,1353,0.5548492925979086,0.426,2.948902027027027,3.0678433215871213,6.524844720496894,2.147728282891137,9419.384012823053,1521.7428537780934,7853.0,10919.510453939438,10897.74086510085,7.214158372239949,7853.0,0.0,27.73979905679721,20.917634372045775,32.86648635357758,19.12615515949682,0.14414599138814846,0.10006151322534344,0.09226983801517326,0.08611851548082838,0.07832684027065819,0.07750666393274554,0.070535165060488,0.06417879844166496,0.06192331351240517,0.047980315767890094,0.04264916957145786,0.03731802337502563,0.033832273938896866,0.026450686897683002,0.017633791265122,0.01250768915316793,0.00656141070330121,0.9270285008895683,0.023098341022939287,0.0,0.0,0.0,0.0,0.0,0.0,0.0,0.0,0.0,0.0,0.0,0.0,0.0,0.0,0.0,0.0,0.0,0.0,0.0,0.0,0.0,0.0,0.0,0.0,0.0,0.14763174082427724,3.5001025220422397,14.418700020504412,10.678695919622722,1.2548697970063565,4.179438058748404,2.7991033395397427,nan,nan,nan,4.140102827763497,2.8310908794725433,4.217777777777778,2.7674183972680964,1.0187615992272931,0.4045,0.01271,0.0,0.0,0.0,0.0,0.0,0.0,0.0,0.0,0.0,0.0,0.04921058027475909,10.734057822431808,18.909165470576177,0.30756612671724426,0.0,0.0,0.0,0.0,0.0,0.0,0.0,0.0,0.0,0.0,0.0,0.0,0.0,0.0,0.0,0.0,nan,nan,4.179438058748404,2.7991033395397427,nan,0.4045,0.0592,0.0,0.0,0.0,0.0,0.0,0.0,0.0,0.0,0.0,0.0,0.0,0.0,0.0,0.0,0.0,0.0,0.0,0.0,0.0,0.0,0.0,0.0,0.001096985851958171,0.00012302645068689767,0.0007381587041213861,0.002265737133483699,0.004131638302234981,0.004500717654295674,0.00573098216116465,0.011092884970268608,0.005443920442895223,0.019140865286036497,0.036569612466680335,0.042085298339142915,0.07142710682796802,0.04550953454992823,0.06212835759688333,0.025333196637277015,0.045632561000615135,0.034847242157063765,0.05137379536600369,0.0915624359237236,0.06099036292802953,0.06418905064588887,0.05471601394299774,0.048380151732622514,0.05369079352060693,0.03453967603034652,0.03991183104367439,0.02580479803157679,0.013471396350215296,0.015306540906294854,0.012989542751691613,0.007217551773631331,0.005700225548492926,0.0019479188025425466,5.12610211195407e-05,0.0,0.0003588271478367849,0.0,0.0,0.0,0.0,0.0,0.0,0.0,0.0,0.0,0.0,0.0,0.0,0.0,0.0,0.0,0.0,0.0,0.0,0.0,0.0,0.0,0.0,0.0,0.0,0.0,0.0,0.0,0.0,0.0,0.0,0.0,0.0,0.0,0.0,0.0,0.0,0.0,0.0,0.0,0.0,0.0,0.0,nan,nan,4.179438058748404,2.7991033395397427,nan,0.9267414155449227,0.02315794627247661,0.0,0.0,0.0,0.0,0.0,0.0,0.0,0.0,0.0,0.0,0.0,0.0,0.0,0.0,0.0,0.0,0.0,0.0,0.0,0.0,0.0,0.0,0.0,0.0,0.0,0.1076125946592268,3.69469908330012,14.420087684336393,10.486249501793546,1.2913511359107217,0.9273326804206984,0.023031114176451296,0.0,0.0,0.0,0.0,0.0,0.0,0.0,0.0,0.0,0.0,0.0,0.0,0.0,0.0,0.0,0.0,0.0,0.0,0.0,0.0,0.0,0.0,0.0,0.0,0.0,0.19003378378378383,3.2939189189189197,14.417229729729733,10.882601351351354,1.2162162162162165,0.4045,0.012535,0.0,0.0,0.0,0.0,0.0,0.0,0.0,0.0,0.0,0.0,0.035870864886408935,10.713431646074117,18.96373056994819,0.2869669190912715,0.0,0.0,0.0,0.0,0.0,0.0,0.0,0.0,0.0,0.0,0.0,0.0,0.0,0.0,0.0,0.0,0.4045,0.01289,0.0,0.0,0.0,0.0,0.0,0.0,0.0,0.0,0.0,0.0,0.0633445945945946,10.755912162162147,18.851351351351354,0.329391891891892,0.0,0.0,0.0,0.0,0.0,0.0,0.0,0.0,0.0,0.0,0.0,0.0,0.0,0.0,0.0,0.0
79000,4719,2487,0.5270184361093452,1174,965,0.4532739987285442,1327,0.562407289680017,0.38999999999999996,2.886648745519713,2.914885948928068,6.055555555555555,2.10495784142601,9457.63818673606,1520.1583720607766,7853.0,10919.770857334137,10897.747729476265,7.119187017763671,7853.0,0.0,29.134350497986862,21.32116902835789,34.12597239648682,19.43078803543576,0.1351981351981352,0.09938546302182666,0.08306844670481034,0.07883026064844247,0.07543971180334817,0.08306844670481034,0.06208942572578936,0.06336088154269973,0.06569188387370206,0.055944055944055944,0.049586776859504134,0.04450095359186268,0.03199830472557745,0.028183937274846367,0.023521932612841703,0.01144310235219326,0.008688281415554142,0.9271314582043619,0.023185550721518282,0.0,0.0,0.0,0.0,0.0,0.0,0.0,0.0,0.0,0.0,0.0,0.0,0.0,0.0,0.0,0.0,0.0,0.0,0.0,0.0,0.0,0.0,0.0,0.0,0.0,0.12078830260648445,3.4583598219961864,14.437380801017168,10.527654164017804,1.4558169103623653,4.018801784576163,2.7385482454937233,nan,nan,nan,4.022712933753943,2.756716184637129,4.010953608247423,2.716503327394375,0.9970767674203522,0.404,0.01245,0.0,0.0,0.0,0.0,0.0,0.0,0.0,0.0,0.0,0.0,0.038143674507310876,11.112523839796552,18.569612205975844,0.27972027972027974,0.0,0.0,0.0,0.0,0.0,0.0,0.0,0.0,0.0,0.0,0.0,0.0,0.0,0.0,0.0,0.0,nan,nan,4.018801784576163,2.7385482454937233,nan,0.404,0.05975,0.0,0.0,0.0,0.0,0.0,0.0,0.0,0.0,0.0,0.0,0.0,0.0,0.0,0.0,0.0,0.0,0.0,0.0,0.0,0.0,0.0,0.0,0.0018330154693791058,0.00010595465140919687,0.000847637211273575,0.0029243483788938336,0.004662004662004662,0.005191777919050646,0.004852723034541216,0.011559652468743378,0.006240728968001695,0.01691036236490782,0.03549480822208095,0.041989828353464716,0.07398813307904217,0.04922653104471286,0.05921805467260013,0.026584022038567492,0.04452214452214452,0.03552659461750371,0.04967154058063149,0.08860987497351133,0.061697393515575336,0.06585081585081586,0.05402627675354948,0.04845306208942573,0.05382496291587201,0.03440347531256622,0.037285441830896375,0.025810553083280355,0.013307904216995126,0.014929010383555838,0.014823055732146642,0.006728120364484001,0.006113583386310659,0.0024157660521296883,0.0001483365119728756,0.0,0.0002225047679593134,0.0,0.0,0.0,0.0,0.0,0.0,0.0,0.0,0.0,0.0,0.0,0.0,0.0,0.0,0.0,0.0,0.0,0.0,0.0,0.0,0.0,0.0,0.0,0.0,0.0,0.0,0.0,0.0,0.0,0.0,0.0,0.0,0.0,0.0,0.0,0.0,0.0,0.0,0.0,0.0,0.0,0.0,nan,nan,4.018801784576163,2.7385482454937233,nan,0.9269127344385323,0.02290413686179648,0.0,0.0,0.0,0.0,0.0,0.0,0.0,0.0,0.0,0.0,0.0,0.0,0.0,0.0,0.0,0.0,0.0,0.0,0.0,0.0,0.0,0.0,0.0,0.0,0.0,0.12062726176115804,3.4620024125452358,14.54764776839566,10.57901085645356,1.2907117008443911,0.9273751705724705,0.023492746901921827,0.0,0.0,0.0,0.0,0.0,0.0,0.0,0.0,0.0,0.0,0.0,0.0,0.0,0.0,0.0,0.0,0.0,0.0,0.0,0.0,0.0,0.0,0.0,0.0,0.0,0.1209677419354839,3.454301075268818,14.314516129032262,10.470430107526884,1.6397849462365595,0.4043,0.01236,0.0,0.0,0.0,0.0,0.0,0.0,0.0,0.0,0.0,0.0,0.04825090470446322,10.772014475271396,18.91435464414958,0.2653799758745477,0.0,0.0,0.0,0.0,0.0,0.0,0.0,0.0,0.0,0.0,0.0,0.0,0.0,0.0,0.0,0.0,0.404,0.01256,0.0,0.0,0.0,0.0,0.0,0.0,0.0,0.0,0.0,0.0,0.026881720430107534,11.491935483870952,18.185483870967744,0.29569892473118287,0.0,0.0,0.0,0.0,0.0,0.0,0.0,0.0,0.0,0.0,0.0,0.0,0.0,0.0,0.0,0.0
79100,4647,2449,0.5270066709705186,1162,960,0.45663869162900794,1293,0.5564880568108457,0.418,2.9818016378525933,3.119056463679167,6.681281618887015,2.290372189306241,9457.672407854083,1520.2265265343042,7853.0,10922.053564190865,10897.880636708012,7.062373174131687,7853.0,0.0,27.519044544867658,20.475476020370465,32.629715762273904,18.616338456902525,0.1437486550462664,0.10049494297396169,0.09016569829997848,0.07768452765224876,0.09188723907897568,0.07789972024962341,0.06778566817301485,0.0645577792123951,0.06305143103077254,0.05379814934366258,0.04497525285130192,0.038304282332687754,0.031418119216698945,0.02625349687970734,0.014848289218850872,0.007531740908112761,0.005595007531740908,0.927634891525812,0.022810096495876925,0.0,0.0,0.0,0.0,0.0,0.0,0.0,0.0,0.0,0.0,0.0,0.0,0.0,0.0,0.0,0.0,0.0,0.0,0.0,0.0,0.0,0.0,0.0,0.0,0.0,0.1226597805035507,3.221433182698516,14.667527437056169,10.768237572627505,1.2201420271142676,4.2391449565798265,2.9304320958235404,nan,nan,nan,4.185953177257525,2.909367297435342,4.2950600801068095,2.94923486316355,1.0260650079513711,0.4038,0.01282,0.0,0.0,0.0,0.0,0.0,0.0,0.0,0.0,0.0,0.0,0.05810200129115559,11.433182698515154,18.17947062621046,0.32924467398321505,0.0,0.0,0.0,0.0,0.0,0.0,0.0,0.0,0.0,0.0,0.0,0.0,0.0,0.0,0.0,0.0,nan,nan,4.2391449565798265,2.9304320958235404,nan,0.4038,0.05963,0.0,0.0,0.0,0.0,0.0,0.0,0.0,0.0,0.0,0.0,0.0,0.0,0.0,0.0,0.0,0.0,0.0,0.0,0.0,0.0,0.0,0.0,0.002151925973746503,9.683666881859264e-05,0.000753174090811276,0.002819023025607919,0.004325371207230471,0.005239939746072735,0.0053044975252851305,0.011319130621906606,0.005627286421347106,0.015730578868086938,0.036830213040671404,0.04226382612438132,0.07512373574349042,0.051484828921885085,0.05993113836884011,0.02601678502259522,0.04416828061114698,0.034463094469550246,0.050806972240154936,0.08637830858618463,0.06168495803744351,0.06559070367979342,0.05450828491499892,0.047073380675704754,0.056337421992683455,0.03436625780073165,0.03747579083279535,0.025242091672046482,0.013159027329459866,0.014224230686464386,0.014224230686464386,0.006692489778351625,0.006251344953733592,0.0019582526361093177,0.00018291370776845277,1.0759629868732516e-05,0.00018291370776845277,0.0,0.0,0.0,0.0,0.0,0.0,0.0,0.0,0.0,0.0,0.0,0.0,0.0,0.0,0.0,0.0,0.0,0.0,0.0,0.0,0.0,0.0,0.0,0.0,0.0,0.0,0.0,0.0,0.0,0.0,0.0,0.0,0.0,0.0,0.0,0.0,0.0,0.0,0.0,0.0,0.0,0.0,nan,nan,4.2391449565798265,2.9304320958235404,nan,0.9277202503298584,0.022450558221032153,0.0,0.0,0.0,0.0,0.0,0.0,0.0,0.0,0.0,0.0,0.0,0.0,0.0,0.0,0.0,0.0,0.0,0.0,0.0,0.0,0.0,0.0,0.0,0.0,0.0,0.0857492854226215,3.025724785626787,15.140873826051452,10.498162515312375,1.2494895875867702,0.9275397851968267,0.02320376176606746,0.0,0.0,0.0,0.0,0.0,0.0,0.0,0.0,0.0,0.0,0.0,0.0,0.0,0.0,0.0,0.0,0.0,0.0,0.0,0.0,0.0,0.0,0.0,0.0,0.0,0.16378525932666063,3.4394904458598736,14.140127388535035,11.069153776160148,1.1874431301182895,0.404,0.01289,0.0,0.0,0.0,0.0,0.0,0.0,0.0,0.0,0.0,0.0,0.03674969375255207,11.318905675786018,18.276847692935895,0.3674969375255207,0.0,0.0,0.0,0.0,0.0,0.0,0.0,0.0,0.0,0.0,0.0,0.0,0.0,0.0,0.0,0.0,0.4036,0.012726,0.0,0.0,0.0,0.0,0.0,0.0,0.0,0.0,0.0,0.0,0.08189262966333032,11.560509554140111,18.07097361237489,0.2866242038216561,0.0,0.0,0.0,0.0,0.0,0.0,0.0,0.0,0.0,0.0,0.0,0.0,0.0,0.0,0.0,0.0
79200,4911,2505,0.5100794135613927,1178,1041,0.4518428018733455,1383,0.5632254123396457,0.41,2.9089775561097255,3.1507606442046665,6.795081967213115,2.276532179384508,9406.085257309223,1522.0948201848298,7853.0,10922.126722157001,10897.79109726371,7.179664163990481,7853.0,0.0,26.83567501527184,20.38452580339174,31.905813097866076,18.668307981489093,0.1472205253512523,0.1117898594990837,0.0877621665648544,0.08694766849928731,0.08531867236815313,0.07371207493382204,0.07452657299938913,0.06149460395031562,0.05823661168804724,0.048462634901242106,0.04439014457340664,0.04031765424557117,0.02748930971288943,0.023213194868662187,0.01486458969659947,0.00916310323762981,0.005090612909794339,0.9272326393152687,0.02304082036715172,0.0,0.0,0.0,0.0,0.0,0.0,0.0,0.0,0.0,0.0,0.0,0.0,0.0,0.0,0.0,0.0,0.0,0.0,0.0,0.0,0.0,0.0,0.0,0.0,0.0,0.10995723885155775,3.4086744043982904,14.715943799633479,10.525351252290779,1.2400733048259012,4.297218628719276,2.9192371764170875,nan,nan,nan,4.377865094957433,2.9264026118037285,4.217391304347826,2.9106567311298837,0.963344281486781,0.4038,0.01199,0.0,0.0,0.0,0.0,0.0,0.0,0.0,0.0,0.0,0.0,0.006108735491753208,11.215638362858872,18.61942577886378,0.15882712278558342,0.0,0.0,0.0,0.0,0.0,0.0,0.0,0.0,0.0,0.0,0.0,0.0,0.0,0.0,0.0,0.0,nan,nan,4.297218628719276,2.9192371764170875,nan,0.4038,0.05914,0.0,0.0,0.0,0.0,0.0,0.0,0.0,0.0,0.0,0.0,0.0,0.0,0.0,0.0,0.0,0.0,0.0,0.0,0.0,0.0,0.0,0.0,0.001964976583180615,0.00010181225819588678,0.0005497861942577886,0.0032987171655467318,0.0041030340052942375,0.004917532070861332,0.005253512522907758,0.010395031561800041,0.0055080431683974754,0.015119120342089188,0.035868458562410915,0.042150274893097125,0.07429240480553859,0.05213805742211362,0.06316432498472817,0.027204235389940948,0.04255752392588068,0.035145591529220116,0.05176135206678884,0.08555284056200367,0.06293015679087763,0.06898798615353288,0.053593972714314805,0.04493993076766443,0.05589492974954185,0.03580737120749338,0.03725310527387497,0.02443494196701283,0.013968641824475667,0.012472001628996131,0.013215231113826104,0.006658521686010996,0.006719609040928528,0.0018020769700671962,0.0001425371614742415,0.0,0.00012217470983506414,0.0,1.0181225819588678e-05,0.0,0.0,0.0,0.0,0.0,0.0,0.0,0.0,0.0,0.0,0.0,0.0,0.0,0.0,0.0,0.0,0.0,0.0,0.0,0.0,0.0,0.0,0.0,0.0,0.0,0.0,0.0,0.0,0.0,0.0,0.0,0.0,0.0,0.0,0.0,0.0,0.0,0.0,0.0,0.0,nan,nan,4.297218628719276,2.9192371764170875,nan,0.9274134407024421,0.02297757227615015,0.0,0.0,0.0,0.0,0.0,0.0,0.0,0.0,0.0,0.0,0.0,0.0,0.0,0.0,0.0,0.0,0.0,0.0,0.0,0.0,0.0,0.0,0.0,0.0,0.0,0.1197604790419162,3.305389221556887,14.550898203592817,10.910179640718566,1.1137724550898205,0.9270443984695206,0.023104983698093332,0.0,0.0,0.0,0.0,0.0,0.0,0.0,0.0,0.0,0.0,0.0,0.0,0.0,0.0,0.0,0.0,0.0,0.0,0.0,0.0,0.0,0.0,0.0,0.0,0.0,0.09975062344139653,3.5162094763092275,14.887780548628433,10.124688279301747,1.3715710723192023,0.404,0.011894,0.0,0.0,0.0,0.0,0.0,0.0,0.0,0.0,0.0,0.0,0.01197604790419162,11.173652694610762,18.670658682634734,0.14371257485029942,0.0,0.0,0.0,0.0,0.0,0.0,0.0,0.0,0.0,0.0,0.0,0.0,0.0,0.0,0.0,0.0,0.4036,0.012085,0.0,0.0,0.0,0.0,0.0,0.0,0.0,0.0,0.0,0.0,0.0,11.259351620947614,18.56608478802993,0.17456359102244393,0.0,0.0,0.0,0.0,0.0,0.0,0.0,0.0,0.0,0.0,0.0,0.0,0.0,0.0,0.0,0.0
79300,4621,2366,0.5120103873620429,1119,958,0.449469811729063,1316,0.5695736853494915,0.40199999999999997,2.8700665188470067,2.9278788012748067,6.114854517611026,2.08119484734549,9411.80849744178,1521.8125073041851,7853.0,10924.086995720863,10897.486080591067,7.189643517665659,7853.0,0.0,28.436918415927288,20.754241850698442,33.3879753340185,18.853577612995842,0.1391473706989829,0.09435187188920147,0.09391906513741614,0.07833802207314434,0.07942003895260766,0.06708504652672581,0.07465916468296906,0.06795066003029647,0.06232417225708721,0.05734689461155594,0.04717593594460073,0.04479549880978143,0.036788573901752865,0.024669984851763686,0.017961480199091107,0.008872538411599221,0.005193681021423934,0.9268677796772666,0.02300269316617184,0.0,0.0,0.0,0.0,0.0,0.0,0.0,0.0,0.0,0.0,0.0,0.0,0.0,0.0,0.0,0.0,0.0,0.0,0.0,0.0,0.0,0.0,0.0,0.0,0.0,0.1363341268123783,3.466782081800477,14.561783163817358,10.731443410517207,1.1036572170525862,4.109784411276949,2.7130702232784616,nan,nan,nan,4.166556510244547,2.7253707230277495,4.052596537949401,2.6994161317585204,0.972648883552894,0.4033,0.01243,0.0,0.0,0.0,0.0,0.0,0.0,0.0,0.0,0.0,0.0,0.058428911491019274,11.822116425016214,17.937675827742915,0.18177883574983775,0.0,0.0,0.0,0.0,0.0,0.0,0.0,0.0,0.0,0.0,0.0,0.0,0.0,0.0,0.0,0.0,nan,nan,4.109784411276949,2.7130702232784616,nan,0.4033,0.0593,0.0,0.0,0.0,0.0,0.0,0.0,0.0,0.0,0.0,0.0,0.0,0.0,0.0,0.0,0.0,0.0,0.0,0.0,0.0,0.0,0.0,1.0820168794633196e-05,0.0019692707206232416,0.0,0.0010170958666955205,0.00314866911923826,0.004154944817139147,0.004847435619995672,0.00551828608526293,0.012194330231551613,0.00548582557887903,0.01466132871672798,0.03592296039818221,0.044633196277861935,0.07351222679073793,0.05148236312486475,0.06286518069681887,0.026054966457476736,0.045206665223977496,0.035327851114477386,0.05198009088941787,0.08185457693140014,0.06201038736204285,0.06865397100194763,0.052856524561783164,0.04631032244103008,0.056113395368967756,0.03747024453581476,0.037145639471975765,0.02538411599220948,0.012778619346461805,0.011664141960614586,0.012648777320926206,0.00575632979874486,0.007260333261198875,0.0019368102142393422,0.00010820168794633196,0.0,5.410084397316598e-05,0.0,0.0,0.0,0.0,0.0,0.0,0.0,0.0,0.0,0.0,0.0,0.0,0.0,0.0,0.0,0.0,0.0,0.0,0.0,0.0,0.0,0.0,0.0,0.0,0.0,0.0,0.0,0.0,0.0,0.0,0.0,0.0,0.0,0.0,0.0,0.0,0.0,0.0,0.0,0.0,0.0,0.0,nan,nan,4.109784411276949,2.7130702232784616,nan,0.9268040318712781,0.023194496395097654,0.0,0.0,0.0,0.0,0.0,0.0,0.0,0.0,0.0,0.0,0.0,0.0,0.0,0.0,0.0,0.0,0.0,0.0,0.0,0.0,0.0,0.0,0.0,0.0,0.0,0.1267962806424345,3.588334742180897,14.683009298393916,10.397295012679631,1.2045646661031277,0.9269346654018648,0.022799522433078187,0.0,0.0,0.0,0.0,0.0,0.0,0.0,0.0,0.0,0.0,0.0,0.0,0.0,0.0,0.0,0.0,0.0,0.0,0.0,0.0,0.0,0.0,0.0,0.0,0.0,0.14634146341463417,3.3392461197339256,14.434589800443462,11.082039911308208,0.9977827050997785,0.4036,0.01231,0.0,0.0,0.0,0.0,0.0,0.0,0.0,0.0,0.0,0.0,0.05071851225697381,11.703296703296687,18.068469991546916,0.17751479289940833,0.0,0.0,0.0,0.0,0.0,0.0,0.0,0.0,0.0,0.0,0.0,0.0,0.0,0.0,0.0,0.0,0.4033,0.01255,0.0,0.0,0.0,0.0,0.0,0.0,0.0,0.0,0.0,0.0,0.0665188470066519,11.946784922394661,17.800443458980048,0.18625277161862533,0.0,0.0,0.0,0.0,0.0,0.0,0.0,0.0,0.0,0.0,0.0,0.0,0.0,0.0,0.0,0.0
79400,4477,2299,0.5135135135135135,1084,911,0.4456109001563547,1246,0.5566227384409203,0.418,2.866850321395776,3.1264582708224515,6.7105263157894735,2.142812073570805,9416.393365688054,1521.7042272297836,7853.0,10921.93340086937,10897.502870024106,7.24874799359691,7853.0,0.0,27.218449854813493,20.746490702987945,32.248124330117896,19.07097532670154,0.14630332812150995,0.10386419477328568,0.0976100067009158,0.08420817511726603,0.08688854143399598,0.07371007371007371,0.06723252177797633,0.06231851686397141,0.05427741791378155,0.052713870895689074,0.04400268036631673,0.037525128434219346,0.03082421264239446,0.02389993299084208,0.018092472637927185,0.008711190529372347,0.007817735090462363,0.9264216175802537,0.022997170462166743,0.0,0.0,0.0,0.0,0.0,0.0,0.0,0.0,0.0,0.0,0.0,0.0,0.0,0.0,0.0,0.0,0.0,0.0,0.0,0.0,0.0,0.0,0.0,0.0,0.0,0.16082197900379722,3.4911771275407646,14.540987268259999,10.754969845878938,1.0520437793165067,4.251940719830628,2.941209066245098,nan,nan,nan,4.291637385804638,2.9095005747451017,4.211906449326719,2.9723078119573856,0.9814217909598693,0.404,0.01235,0.0,0.0,0.0,0.0,0.0,0.0,0.0,0.0,0.0,0.0,0.053607326334599074,11.170426624972063,18.461023006477554,0.3149430422157695,0.0,0.0,0.0,0.0,0.0,0.0,0.0,0.0,0.0,0.0,0.0,0.0,0.0,0.0,0.0,0.0,nan,nan,4.251940719830628,2.941209066245098,nan,0.404,0.05954,0.0,0.0,0.0,0.0,0.0,0.0,0.0,0.0,0.0,0.0,0.0,0.0,0.0,0.0,0.0,0.0,0.0,0.0,0.0,0.0,0.0,0.0,0.0015747152110788475,1.1168192986374804e-05,0.0006589233861961135,0.0030600848782666966,0.005103864194773286,0.004266249720795175,0.006109001563547018,0.01194996649542104,0.004612463703372795,0.013893232075050256,0.03400714764351128,0.04589010498101407,0.07436899709626982,0.05399821308912218,0.05989501898592808,0.0270381952200134,0.04706276524458343,0.034409202591020774,0.04877149877149877,0.07911547911547911,0.06259772168863079,0.07059414786687514,0.05101630556176011,0.04403618494527586,0.056566897475988386,0.03958007594371231,0.04085324994415904,0.026345767254858165,0.010933660933660933,0.013267813267813268,0.011570247933884297,0.006901943265579629,0.00827563100290373,0.0016082197900379718,0.0,1.1168192986374804e-05,4.467277194549922e-05,0.0,0.0,0.0,0.0,0.0,0.0,0.0,0.0,0.0,0.0,0.0,0.0,0.0,0.0,0.0,0.0,0.0,0.0,0.0,0.0,0.0,0.0,0.0,0.0,0.0,0.0,0.0,0.0,0.0,0.0,0.0,0.0,0.0,0.0,0.0,0.0,0.0,0.0,0.0,0.0,0.0,0.0,nan,nan,4.251940719830628,2.941209066245098,nan,0.9266676259279355,0.02331950436046838,0.0,0.0,0.0,0.0,0.0,0.0,0.0,0.0,0.0,0.0,0.0,0.0,0.0,0.0,0.0,0.0,0.0,0.0,0.0,0.0,0.0,0.0,0.0,0.0,0.0,0.18268812527185738,3.5363201391909533,14.380165289256201,10.75250108742932,1.1483253588516749,0.926161942102145,0.022649054907550085,0.0,0.0,0.0,0.0,0.0,0.0,0.0,0.0,0.0,0.0,0.0,0.0,0.0,0.0,0.0,0.0,0.0,0.0,0.0,0.0,0.0,0.0,0.0,0.0,0.0,0.13774104683195595,3.443526170798899,14.710743801652896,10.75757575757576,0.950413223140496,0.4036,0.012184,0.0,0.0,0.0,0.0,0.0,0.0,0.0,0.0,0.0,0.0,0.07829491083079601,11.222270552414077,18.451500652457593,0.24793388429752072,0.0,0.0,0.0,0.0,0.0,0.0,0.0,0.0,0.0,0.0,0.0,0.0,0.0,0.0,0.0,0.0,0.4043,0.01251,0.0,0.0,0.0,0.0,0.0,0.0,0.0,0.0,0.0,0.0,0.027548209366391192,11.115702479338827,18.47107438016529,0.3856749311294767,0.0,0.0,0.0,0.0,0.0,0.0,0.0,0.0,0.0,0.0,0.0,0.0,0.0,0.0,0.0,0.0
79500,4511,2360,0.5231655952117047,1106,905,0.44579915761471955,1249,0.5537574817113722,0.418,2.9748953974895396,3.0849316865493415,6.491027732463295,2.167233617744099,9445.68832286469,1520.5392382061839,7853.0,10923.998235344887,10897.329247645175,7.319029340931926,7853.0,0.0,27.94324983373975,20.814363933228865,32.785469860489606,19.11184133087842,0.13522500554200842,0.10241631567279982,0.09487918421636,0.09244070050986478,0.07514963422744403,0.07381955220571935,0.06539569940146309,0.06628242074927954,0.06295721569496786,0.055198403901573934,0.04455774772777655,0.03790733761915318,0.03347373088007094,0.024384837064952338,0.01729106628242075,0.012192418532476169,0.006428729771669253,0.925972273584428,0.023234952214894387,0.0,0.0,0.0,0.0,0.0,0.0,0.0,0.0,0.0,0.0,0.0,0.0,0.0,0.0,0.0,0.0,0.0,0.0,0.0,0.0,0.0,0.0,0.0,0.0,0.0,0.16626025271558414,3.804034582132566,14.710707160274886,10.068720904455777,1.2502771004211928,4.311249137336094,2.8746082205602397,nan,nan,nan,4.374056280027454,2.808597855353959,4.247744621790424,2.9384803923074907,0.971122534747944,0.4036,0.01207,0.0,0.0,0.0,0.0,0.0,0.0,0.0,0.0,0.0,0.0,0.04655287076036357,11.318998004876951,18.441587231212594,0.19286189315007765,0.0,0.0,0.0,0.0,0.0,0.0,0.0,0.0,0.0,0.0,0.0,0.0,0.0,0.0,0.0,0.0,nan,nan,4.311249137336094,2.8746082205602397,nan,0.4036,0.05994,0.0,0.0,0.0,0.0,0.0,0.0,0.0,0.0,0.0,0.0,0.0,0.0,0.0,0.0,0.0,0.0,0.0,0.0,0.0,0.0,0.0,2.2168033695411216e-05,0.0013744180891154954,2.2168033695411216e-05,0.0005985369097761029,0.0035912214586566174,0.005952117047217912,0.00436710263799601,0.0065063178896031925,0.013467080469962315,0.004389270671691421,0.01413212148082465,0.03648858346264686,0.04351585014409222,0.06945244956772334,0.05555309244070051,0.06064065617379739,0.028009310574152072,0.04750609620926624,0.03635557526047439,0.047705608512524936,0.08072489470183995,0.06005320328086899,0.06930835734870316,0.05017734426956329,0.04383728663267568,0.058767457326535134,0.039736200399024604,0.03914874750609621,0.02642429616493017,0.010263799600975393,0.012558191088450455,0.010995344712923964,0.0070161826645976505,0.009997783196630458,0.0012968299711815562,4.433606739082243e-05,0.0,0.0,0.0,0.0,0.0,0.0,0.0,0.0,0.0,0.0,0.0,0.0,0.0,0.0,0.0,0.0,0.0,0.0,0.0,0.0,0.0,0.0,0.0,0.0,0.0,0.0,0.0,0.0,0.0,0.0,0.0,0.0,0.0,0.0,0.0,0.0,0.0,0.0,0.0,0.0,0.0,0.0,0.0,0.0,nan,nan,4.311249137336094,2.8746082205602397,nan,0.9261606774845366,0.023279876945657935,0.0,0.0,0.0,0.0,0.0,0.0,0.0,0.0,0.0,0.0,0.0,0.0,0.0,0.0,0.0,0.0,0.0,0.0,0.0,0.0,0.0,0.0,0.0,0.0,0.0,0.1398305084745763,3.877118644067797,14.682203389830512,9.978813559322035,1.3220338983050852,0.9257655635870983,0.023183800889965,0.0,0.0,0.0,0.0,0.0,0.0,0.0,0.0,0.0,0.0,0.0,0.0,0.0,0.0,0.0,0.0,0.0,0.0,0.0,0.0,0.0,0.0,0.0,0.0,0.0,0.19525801952580202,3.723849372384938,14.741980474198051,10.167364016736403,1.1715481171548119,0.4036,0.01197,0.0,0.0,0.0,0.0,0.0,0.0,0.0,0.0,0.0,0.0,0.03813559322033899,11.33898305084744,18.45762711864407,0.16525423728813565,0.0,0.0,0.0,0.0,0.0,0.0,0.0,0.0,0.0,0.0,0.0,0.0,0.0,0.0,0.0,0.0,0.4036,0.012184,0.0,0.0,0.0,0.0,0.0,0.0,0.0,0.0,0.0,0.0,0.05578800557880057,11.297071129707096,18.423988842398888,0.2231520223152023,0.0,0.0,0.0,0.0,0.0,0.0,0.0,0.0,0.0,0.0,0.0,0.0,0.0,0.0,0.0,0.0
79600,5050,2608,0.5164356435643565,1207,1038,0.44455445544554456,1427,0.5651485148514851,0.38599999999999995,3.05978705978706,3.1662423369266994,6.772463768115942,2.1860151064868467,9425.12155827036,1521.2747186720374,7853.0,10920.00888901949,10897.177097110934,7.1663126648515325,7853.0,0.0,27.550891089108912,20.791722557997268,32.682694596524634,19.035341114720406,0.14237623762376236,0.1093069306930693,0.09108910891089109,0.08099009900990099,0.0803960396039604,0.07742574257425743,0.07148514851485148,0.06277227722772277,0.055445544554455446,0.05287128712871287,0.04693069306930693,0.03801980198019802,0.031485148514851485,0.026534653465346534,0.016237623762376238,0.009504950495049505,0.007128712871287129,0.925689404329451,0.02297923354344437,0.0,0.0,0.0,0.0,0.0,0.0,0.0,0.0,0.0,0.0,0.0,0.0,0.0,0.0,0.0,0.0,0.0,0.0,0.0,0.0,0.0,0.0,0.0,0.0,0.0,0.17227722772277232,3.754455445544555,14.845544554455449,10.164356435643567,1.0633663366336636,4.419074246660453,2.93460191940348,nan,nan,nan,4.392429022082019,2.9711450541263207,4.444920440636475,2.898480465409106,1.0119504306821046,0.4038,0.01202,0.0,0.0,0.0,0.0,0.0,0.0,0.0,0.0,0.0,0.0,0.04752475247524754,11.043564356435628,18.700990099009903,0.20792079207920797,0.0,0.0,0.0,0.0,0.0,0.0,0.0,0.0,0.0,0.0,0.0,0.0,0.0,0.0,0.0,0.0,nan,nan,4.419074246660453,2.93460191940348,nan,0.4038,0.0595,0.0,0.0,0.0,0.0,0.0,0.0,0.0,0.0,0.0,0.0,0.0,0.0,0.0,0.0,0.0,0.0,0.0,0.0,0.0,0.0,0.0,3.9603960396039605e-05,0.000594059405940594,0.0,0.0005346534653465347,0.0032178217821782176,0.005722772277227723,0.004316831683168317,0.006782178217821782,0.012475247524752476,0.0037623762376237622,0.014316831683168317,0.03667326732673267,0.044108910891089106,0.06948514851485149,0.055673267326732674,0.06063366336633663,0.028633663366336635,0.046623762376237624,0.03695049504950495,0.04934653465346535,0.07898019801980198,0.06205940594059406,0.06805940594059406,0.051079207920792076,0.04221782178217822,0.05879207920792079,0.04001980198019802,0.04114851485148515,0.02714851485148515,0.00994059405940594,0.011594059405940594,0.011198019801980198,0.007217821782178218,0.009366336633663366,0.001198019801980198,8.91089108910891e-05,0.0,0.0,0.0,0.0,0.0,0.0,0.0,0.0,0.0,0.0,0.0,0.0,0.0,0.0,0.0,0.0,0.0,0.0,0.0,0.0,0.0,0.0,0.0,0.0,0.0,0.0,0.0,0.0,0.0,0.0,0.0,0.0,0.0,0.0,0.0,0.0,0.0,0.0,0.0,0.0,0.0,0.0,0.0,0.0,nan,nan,4.419074246660453,2.93460191940348,nan,0.9253971777810641,0.023224581594091288,0.0,0.0,0.0,0.0,0.0,0.0,0.0,0.0,0.0,0.0,0.0,0.0,0.0,0.0,0.0,0.0,0.0,0.0,0.0,0.0,0.0,0.0,0.0,0.0,0.0,0.18404907975460127,4.037576687116565,14.861963190184051,9.823619631901844,1.0927914110429449,0.9260014955817824,0.0227101291682778,0.0,0.0,0.0,0.0,0.0,0.0,0.0,0.0,0.0,0.0,0.0,0.0,0.0,0.0,0.0,0.0,0.0,0.0,0.0,0.0,0.0,0.0,0.0,0.0,0.0,0.15970515970515975,3.4520884520884527,14.828009828009831,10.528255528255531,1.031941031941032,0.4038,0.01195,0.0,0.0,0.0,0.0,0.0,0.0,0.0,0.0,0.0,0.0,0.04601226993865032,11.169478527607346,18.60046012269939,0.18404907975460127,0.0,0.0,0.0,0.0,0.0,0.0,0.0,0.0,0.0,0.0,0.0,0.0,0.0,0.0,0.0,0.0,0.404,0.01209,0.0,0.0,0.0,0.0,0.0,0.0,0.0,0.0,0.0,0.0,0.04914004914004915,10.909090909090892,18.80835380835381,0.23341523341523346,0.0,0.0,0.0,0.0,0.0,0.0,0.0,0.0,0.0,0.0,0.0,0.0,0.0,0.0,0.0,0.0
79700,4721,2429,0.5145096377886041,1139,950,0.4424909976699852,1294,0.5481889430205465,0.438,2.99869109947644,3.164966665477806,6.742765273311897,2.1795757735441144,9419.192157075304,1521.392208615934,7853.0,10920.489113032818,10897.048239420548,7.330390463798442,7853.0,0.0,27.035373861470028,20.64420605158615,32.08093662509545,18.96624818351327,0.1465791145943656,0.10485066723151874,0.0959542469815717,0.08811692438042787,0.08260961660665113,0.0747722940055073,0.06884134717220927,0.0679940690531667,0.0540139800889642,0.05020122855327261,0.04617665748782038,0.03113747087481466,0.031561109934335946,0.024147426392713407,0.015462825672527008,0.011014615547553484,0.0065664054225799615,0.9259328492817498,0.02339555656375111,0.0,0.0,0.0,0.0,0.0,0.0,0.0,0.0,0.0,0.0,0.0,0.0,0.0,0.0,0.0,0.0,0.0,0.0,0.0,0.0,0.0,0.0,0.0,0.0,0.00635458589281932,0.15251006142766366,3.844524465155688,14.526583350984964,10.230883287439104,1.2391442490997673,4.3235788765556675,2.9085580209852133,nan,nan,nan,4.268556005398111,2.904126468743835,4.379865771812081,2.9122509079937307,1.0260766793906897,0.4036,0.01238,0.0,0.0,0.0,0.0,0.0,0.0,0.0,0.0,0.0,0.0,0.03177292946409659,11.95933065028594,17.74835839864436,0.2605380216055921,0.0,0.0,0.0,0.0,0.0,0.0,0.0,0.0,0.0,0.0,0.0,0.0,0.0,0.0,0.0,0.0,nan,nan,4.3235788765556675,2.9085580209852133,nan,0.4036,0.0596,0.0,0.0,0.0,0.0,0.0,0.0,0.0,0.0,0.0,0.0,0.0,0.0,0.0,0.0,0.0,0.0,0.0,0.0,0.0,0.0,0.0,0.00010590976488032197,0.00046600296547341663,0.0,0.0003177292946409659,0.0037809786062274944,0.0060050836687142554,0.003950434230036009,0.006968862529125186,0.010474475746663842,0.004246981571700911,0.01480618513026901,0.03857233636941326,0.04499046812116077,0.06980512603262021,0.05375979665325143,0.0627303537386147,0.02951705147214573,0.04925863164583775,0.039070112264350775,0.04938572336369413,0.07590552848972676,0.060305020122855324,0.06481677610675704,0.05255242533361576,0.03949375132387206,0.060199110357975004,0.04001270917178564,0.03801101461554755,0.030078373226011437,0.010188519381486972,0.011152298241897902,0.010527430629104004,0.007466638424062698,0.00983901715738191,0.0011120525312433805,8.472781190425757e-05,2.1181952976064393e-05,0.0,2.1181952976064393e-05,0.0,0.0,0.0,0.0,0.0,0.0,0.0,0.0,0.0,0.0,0.0,0.0,0.0,0.0,0.0,0.0,0.0,0.0,0.0,0.0,0.0,0.0,0.0,0.0,0.0,0.0,0.0,0.0,0.0,0.0,0.0,0.0,0.0,0.0,0.0,0.0,0.0,0.0,0.0,0.0,0.0,nan,nan,4.3235788765556675,2.9085580209852133,nan,0.9253261659114927,0.023484655621972887,0.0,0.0,0.0,0.0,0.0,0.0,0.0,0.0,0.0,0.0,0.0,0.0,0.0,0.0,0.0,0.0,0.0,0.0,0.0,0.0,0.0,0.0,0.0,0.0,0.0,0.22231370934540967,3.927542198435571,14.722107863318241,9.855907780979829,1.2721284479209556,0.9265757960122709,0.02328351277787044,0.0,0.0,0.0,0.0,0.0,0.0,0.0,0.0,0.0,0.0,0.0,0.0,0.0,0.0,0.0,0.0,0.0,0.0,0.0,0.0,0.0,0.0,0.0,0.0,0.013089005235602098,0.07853403141361258,3.756544502617802,14.319371727748694,10.628272251308902,1.204188481675393,0.4033,0.01223,0.0,0.0,0.0,0.0,0.0,0.0,0.0,0.0,0.0,0.0,0.012350761630300537,11.9555372581309,17.822149032523676,0.20996294771510915,0.0,0.0,0.0,0.0,0.0,0.0,0.0,0.0,0.0,0.0,0.0,0.0,0.0,0.0,0.0,0.0,0.4036,0.01254,0.0,0.0,0.0,0.0,0.0,0.0,0.0,0.0,0.0,0.0,0.05235602094240839,11.963350785340296,17.67015706806283,0.3141361256544503,0.0,0.0,0.0,0.0,0.0,0.0,0.0,0.0,0.0,0.0,0.0,0.0,0.0,0.0,0.0,0.0
79800,4799,2517,0.5244842675557407,1211,969,0.45426130443842466,1354,0.5642842258803917,0.40599999999999997,2.9846625766871164,3.0188179302438,6.293685756240822,2.136069801732489,9449.847392206602,1520.4852829184233,7853.0,10924.434904694557,10897.6049404845,7.258128519002695,7853.0,0.0,28.622838091269013,20.923995149699053,33.62119336469423,19.02157611691972,0.13502813086059595,0.09814544696811836,0.08668472598458012,0.08418420504271723,0.07772452594290477,0.06980620962700562,0.072723484059179,0.07459887476557617,0.06001250260470931,0.054594707230673056,0.05042717232756824,0.039174828089185244,0.030631381537820378,0.028755990831423214,0.019795790789747865,0.011252344238382997,0.006459679099812461,0.9262025062306073,0.022844402688488957,0.0,0.0,0.0,0.0,0.0,0.0,0.0,0.0,0.0,0.0,0.0,0.0,0.0,0.0,0.0,0.0,0.0,0.0,0.0,0.0,0.0,0.0,0.0,0.0,0.0,0.13752865180245888,3.64450927276516,14.971869139404046,10.052094186288812,1.1939987497395292,4.105096549540994,2.7983346438942687,nan,nan,nan,4.137142857142857,2.8029890103762893,4.0732323232323235,2.7933345368778877,0.9845520118310175,0.404,0.01219,0.0,0.0,0.0,0.0,0.0,0.0,0.0,0.0,0.0,0.0,0.03125651177328611,11.039799958324634,18.722650552198377,0.20629297770368832,0.0,0.0,0.0,0.0,0.0,0.0,0.0,0.0,0.0,0.0,0.0,0.0,0.0,0.0,0.0,0.0,nan,nan,4.105096549540994,2.7983346438942687,nan,0.404,0.05963,0.0,0.0,0.0,0.0,0.0,0.0,0.0,0.0,0.0,0.0,0.0,0.0,0.0,0.0,0.0,0.0,0.0,0.0,0.0,0.0,0.0,1.0418837257762033e-05,8.335069806209627e-05,0.0,0.00020837674515524068,0.004313398624713482,0.0069702021254428,0.0034798916440925195,0.006292977703688268,0.008324650968951864,0.0038758074598874764,0.014013336111689935,0.03647634923942488,0.045415711606584704,0.07383829964575954,0.0528547614086268,0.06540946030423005,0.02775578245467806,0.04872890185455303,0.04090435507397375,0.04962492185872057,0.0746718066263805,0.05906438841425297,0.06555532402583872,0.04896853511148156,0.041112731819128986,0.0604292560950198,0.04070639716607627,0.03967493227755783,0.028057928735153156,0.010283392373411127,0.010491769118566368,0.01178370493852886,0.008491352365076057,0.010637632840175036,0.0013544488435090643,8.335069806209627e-05,3.12565117732861e-05,0.0,2.0837674515524066e-05,0.0,0.0,0.0,0.0,0.0,0.0,0.0,0.0,0.0,0.0,0.0,0.0,0.0,0.0,0.0,0.0,0.0,0.0,0.0,0.0,0.0,0.0,0.0,0.0,0.0,0.0,0.0,0.0,0.0,0.0,0.0,0.0,0.0,0.0,0.0,0.0,0.0,0.0,0.0,0.0,0.0,nan,nan,4.105096549540994,2.7983346438942687,nan,0.9264822303893597,0.023005861004579218,0.0,0.0,0.0,0.0,0.0,0.0,0.0,0.0,0.0,0.0,0.0,0.0,0.0,0.0,0.0,0.0,0.0,0.0,0.0,0.0,0.0,0.0,0.0,0.0,0.0,0.1191895113230036,3.671036948748511,14.755661501787845,10.22646007151371,1.2276519666269372,0.9258939761221148,0.022660979315617204,0.0,0.0,0.0,0.0,0.0,0.0,0.0,0.0,0.0,0.0,0.0,0.0,0.0,0.0,0.0,0.0,0.0,0.0,0.0,0.0,0.0,0.0,0.0,0.0,0.0,0.1577563540753725,3.6152497808939534,15.210341805433833,9.859772129710782,1.156879929886065,0.4043,0.01221,0.0,0.0,0.0,0.0,0.0,0.0,0.0,0.0,0.0,0.0,0.02383790226460072,11.013110846245514,18.736591179976166,0.22646007151370684,0.0,0.0,0.0,0.0,0.0,0.0,0.0,0.0,0.0,0.0,0.0,0.0,0.0,0.0,0.0,0.0,0.4038,0.01218,0.0,0.0,0.0,0.0,0.0,0.0,0.0,0.0,0.0,0.0,0.039439088518843125,11.069237510955286,18.707274320771255,0.18404907975460127,0.0,0.0,0.0,0.0,0.0,0.0,0.0,0.0,0.0,0.0,0.0,0.0,0.0,0.0,0.0,0.0
79900,4724,2462,0.52116850127011,1145,954,0.4443268416596105,1311,0.5550381033022862,0.426,3.0070733863837313,3.162269749278999,6.729299363057325,2.2131558338211668,9439.51022073566,1520.7147246827155,7853.0,10919.006718993187,10897.14065099726,7.290154043336194,7853.0,0.0,27.73602878916173,20.863167715506084,32.68787878787879,19.157430041722442,0.1399237933954276,0.10436071126164267,0.09568162574089754,0.08086367485182049,0.07684165961049957,0.0829805249788315,0.07366638441998306,0.05779000846740051,0.06371718882303133,0.04741744284504657,0.04487722269263336,0.03662150719729043,0.03492802709568162,0.026248941574936496,0.01375952582557155,0.013124470787468248,0.0071972904318374255,0.9249776714591027,0.02318411440172608,0.0,0.0,0.0,0.0,0.0,0.0,0.0,0.0,0.0,0.0,0.0,0.0,0.0,0.0,0.0,0.0,0.0,0.0,0.0,0.0,0.0,0.0,0.0,0.0,0.0,0.16511430990685863,4.038950042337003,15.146062658763762,9.519475021168503,1.1303979678238782,4.331237590999338,2.9343935506442826,nan,nan,nan,4.31282722513089,2.9794747888292767,4.350066934404284,2.8874370121037285,1.0086346397222679,0.4038,0.012085,0.0,0.0,0.0,0.0,0.0,0.0,0.0,0.0,0.0,0.0,0.03175275190516512,11.31668077900083,18.492802709568167,0.15876375952582558,0.0,0.0,0.0,0.0,0.0,0.0,0.0,0.0,0.0,0.0,0.0,0.0,0.0,0.0,0.0,0.0,nan,nan,4.331237590999338,2.9343935506442826,nan,0.4038,0.06024,0.0,0.0,0.0,0.0,0.0,0.0,0.0,0.0,0.0,0.0,0.0,0.0,0.0,0.0,0.0,0.0,0.0,0.0,0.0,0.0,0.0,0.0,0.00010584250635055038,0.0,0.00010584250635055038,0.004498306519898391,0.007705334462320068,0.0037468247248094834,0.006519898391193903,0.0076418289585097375,0.0034504657070279425,0.015738780694326843,0.03581710414902625,0.04570279424216765,0.07398391193903471,0.05278365791701947,0.06562235393734124,0.029752328535139712,0.04702582557154954,0.04385055038103302,0.04827476714648603,0.07441786621507197,0.059525825571549534,0.061102878916172734,0.04701524132091448,0.04192421676545301,0.05949407281964437,0.03841024555461473,0.040823454699407284,0.029657070279424217,0.010234970364098222,0.009525825571549535,0.012976291278577476,0.009472904318374258,0.011494496189669771,0.0012171888230313294,0.00012701100762066046,8.467400508044031e-05,0.00015876375952582556,1.0584250635055039e-05,0.0,0.0,0.0,0.0,0.0,0.0,0.0,0.0,0.0,0.0,0.0,0.0,0.0,0.0,0.0,0.0,0.0,0.0,0.0,0.0,0.0,0.0,0.0,0.0,0.0,0.0,0.0,0.0,0.0,0.0,0.0,0.0,0.0,0.0,0.0,0.0,0.0,0.0,0.0,0.0,0.0,nan,nan,4.331237590999338,2.9343935506442826,nan,0.9250520116715388,0.02315643793638845,0.0,0.0,0.0,0.0,0.0,0.0,0.0,0.0,0.0,0.0,0.0,0.0,0.0,0.0,0.0,0.0,0.0,0.0,0.0,0.0,0.0,0.0,0.0,0.0,0.0,0.12185215272136476,4.04549147034931,15.121852152721369,9.565393988627134,1.1454102355808289,0.9248967582835864,0.02321392987493181,0.0,0.0,0.0,0.0,0.0,0.0,0.0,0.0,0.0,0.0,0.0,0.0,0.0,0.0,0.0,0.0,0.0,0.0,0.0,0.0,0.0,0.0,0.0,0.0,0.0,0.21220159151193638,4.0318302387267915,15.172413793103452,9.469496021220161,1.114058355437666,0.404,0.012,0.0,0.0,0.0,0.0,0.0,0.0,0.0,0.0,0.0,0.0,0.012185215272136478,11.17384240454913,18.667749796913082,0.14622258326563772,0.0,0.0,0.0,0.0,0.0,0.0,0.0,0.0,0.0,0.0,0.0,0.0,0.0,0.0,0.0,0.0,0.4038,0.01218,0.0,0.0,0.0,0.0,0.0,0.0,0.0,0.0,0.0,0.0,0.053050397877984094,11.472148541114043,18.302387267904514,0.17241379310344832,0.0,0.0,0.0,0.0,0.0,0.0,0.0,0.0,0.0,0.0,0.0,0.0,0.0,0.0,0.0,0.0
80000,4867,2569,0.5278405588658311,1184,1005,0.4497637148140538,1353,0.5559893158002877,0.43,2.9656222802436902,3.147262072870012,6.796694214876033,2.1696605928839747,9459.87662211442,1519.7705395327591,7853.0,10921.935943484306,10897.24621246823,7.13889258298214,7853.0,0.0,27.26648859667146,20.521540569494565,32.272346712632356,18.781935190996574,0.14403123073762072,0.10108896650914322,0.09574686665296897,0.09143209369221286,0.0766385863981919,0.07561125950277378,0.07252927881651941,0.0630778713786727,0.05917402917608383,0.05033901787548798,0.04520238339839737,0.040476679679474006,0.027532360797205672,0.026299568522703924,0.017053626463940826,0.0084240805424286,0.005342099856174234,0.9258138593496766,0.023071778357441904,0.0,0.0,0.0,0.0,0.0,0.0,0.0,0.0,0.0,0.0,0.0,0.0,0.0,0.0,0.0,0.0,0.0,0.0,0.0,0.0,0.0,0.0,0.0,0.0,0.0,0.1479350729402096,3.8031641668378886,14.60242449147319,10.355455105814674,1.0910211629340458,4.284006462035541,2.978184456318119,nan,nan,nan,4.252485089463221,2.9906861363040176,4.311041009463723,2.964528122991765,1.013769811949627,0.4033,0.01213,0.0,0.0,0.0,0.0,0.0,0.0,0.0,0.0,0.0,0.0,0.04931169098006987,11.7300184918841,18.023423053215538,0.19724676392027948,0.0,0.0,0.0,0.0,0.0,0.0,0.0,0.0,0.0,0.0,0.0,0.0,0.0,0.0,0.0,0.0,nan,nan,4.284006462035541,2.978184456318119,nan,0.4033,0.06033,0.0,0.0,0.0,0.0,0.0,0.0,0.0,0.0,0.0,0.0,0.0,0.0,0.0,0.0,0.0,0.0,0.0,0.0,0.0,0.0,0.0,0.0,7.191288267926854e-05,6.163961372508732e-05,0.00016437230326689953,0.005619478117937128,0.00748921306759811,0.00403739469899322,0.0072118348058352166,0.00758167248818574,0.0034826381754674337,0.013858639819190466,0.03784672282720362,0.047503595644133964,0.0747277583727142,0.05259913704540785,0.06229710293815492,0.030439695911238955,0.04895212656667351,0.04309636326279022,0.046507088555578384,0.07878569960961578,0.05897883706595439,0.05928703513457982,0.047185124306554346,0.041699198685021574,0.05665707828230943,0.04018902814875693,0.03999383603862749,0.02930963632627902,0.01051982740908157,0.009975344154509964,0.012646394082597082,0.008958290528046024,0.010622560098623382,0.0011506061228682967,0.00016437230326689953,0.00016437230326689953,0.0001027326895418122,6.163961372508732e-05,0.0,0.0,0.0,0.0,0.0,0.0,0.0,0.0,0.0,0.0,0.0,0.0,0.0,0.0,0.0,0.0,0.0,0.0,0.0,0.0,0.0,0.0,0.0,0.0,0.0,0.0,0.0,0.0,0.0,0.0,0.0,0.0,0.0,0.0,0.0,0.0,0.0,0.0,0.0,0.0,0.0,nan,nan,4.284006462035541,2.978184456318119,nan,0.9258805788783723,0.02290992436350233,0.0,0.0,0.0,0.0,0.0,0.0,0.0,0.0,0.0,0.0,0.0,0.0,0.0,0.0,0.0,0.0,0.0,0.0,0.0,0.0,0.0,0.0,0.0,0.0,0.0,0.11677695601401325,3.666796418840016,14.854028804982486,10.276372129233167,1.0860256909303232,0.9257392716781278,0.02325115915229135,0.0,0.0,0.0,0.0,0.0,0.0,0.0,0.0,0.0,0.0,0.0,0.0,0.0,0.0,0.0,0.0,0.0,0.0,0.0,0.0,0.0,0.0,0.0,0.0,0.0,0.18276762402088778,3.9556135770234997,14.321148825065277,10.443864229765015,1.0966057441253265,0.4036,0.01215,0.0,0.0,0.0,0.0,0.0,0.0,0.0,0.0,0.0,0.0,0.058388478007006625,11.17555469054105,18.57921370182951,0.18684312962242122,0.0,0.0,0.0,0.0,0.0,0.0,0.0,0.0,0.0,0.0,0.0,0.0,0.0,0.0,0.0,0.0,0.4028,0.01209,0.0,0.0,0.0,0.0,0.0,0.0,0.0,0.0,0.0,0.0,0.03916449086161881,12.34986945169711,17.402088772845957,0.2088772845953003,0.0,0.0,0.0,0.0,0.0,0.0,0.0,0.0,0.0,0.0,0.0,0.0,0.0,0.0,0.0,0.0
80100,4648,2419,0.5204388984509466,1176,910,0.44879518072289154,1257,0.5408777969018933,0.418,2.9820547330641545,3.1164970233294094,6.516380655226209,2.1720383041933653,9437.29422676689,1520.8123534643491,7853.0,10921.144529819489,10897.150295995247,7.4224038265457315,7853.0,0.0,28.302710843373493,21.061835676961827,33.40066820868671,19.22766226592442,0.14006024096385541,0.09982788296041308,0.08777969018932874,0.08605851979345955,0.07788296041308089,0.07487091222030981,0.06992254733218589,0.06346815834767643,0.05679862306368331,0.055077452667814115,0.05185025817555938,0.03808089500860585,0.03270223752151463,0.027538726333907058,0.020008605851979347,0.010542168674698794,0.007530120481927711,0.9255967817290104,0.023442339009089614,0.0,0.0,0.0,0.0,0.0,0.0,0.0,0.0,0.0,0.0,0.0,0.0,0.0,0.0,0.0,0.0,0.0,0.0,0.0,0.0,0.0,0.0,0.0,0.0,0.0,0.18072289156626511,3.917814113597247,14.864457831325304,9.875215146299485,1.1617900172117042,4.168762409000662,2.889191797491153,nan,nan,nan,4.155450874831764,2.88299077921714,4.181640625,2.895120070915242,1.0063025050607286,0.4033,0.0119,0.0,0.0,0.0,0.0,0.0,0.0,0.0,0.0,0.0,0.0,0.006454388984509468,11.934165232357985,17.865748709122204,0.19363166953528405,0.0,0.0,0.0,0.0,0.0,0.0,0.0,0.0,0.0,0.0,0.0,0.0,0.0,0.0,0.0,0.0,nan,nan,4.168762409000662,2.889191797491153,nan,0.4033,0.06042,0.0,0.0,0.0,0.0,0.0,0.0,0.0,0.0,0.0,0.0,0.0,0.0,0.0,0.0,0.0,0.0,0.0,0.0,0.0,0.0,0.0,0.0,0.0,5.378657487091222e-05,0.00025817555938037863,0.0060456110154905335,0.007616179001721171,0.004109294320137694,0.0069707401032702235,0.0070998278829604135,0.0036467297762478486,0.01307013769363167,0.036391996557659206,0.049182444061962136,0.07547332185886403,0.05174268502581755,0.0631131669535284,0.03206755593803787,0.047719449225473325,0.04280335628227194,0.0479776247848537,0.07480636833046471,0.05996127366609294,0.05973537005163511,0.04817125645438899,0.042986230636833045,0.05771299483648881,0.040942340791738384,0.036435025817555936,0.02895869191049914,0.00938037865748709,0.009735370051635111,0.013941480206540447,0.008950086058519793,0.01096170395869191,0.0011617900172117039,0.00011833046471600689,0.0002796901893287435,0.00034423407917383823,7.530120481927712e-05,0.0,0.0,0.0,0.0,0.0,0.0,0.0,0.0,0.0,0.0,0.0,0.0,0.0,0.0,0.0,0.0,0.0,0.0,0.0,0.0,0.0,0.0,0.0,0.0,0.0,0.0,0.0,0.0,0.0,0.0,0.0,0.0,0.0,0.0,0.0,0.0,0.0,0.0,0.0,0.0,0.0,nan,nan,4.168762409000662,2.889191797491153,nan,0.925802250892084,0.023728834718090012,0.0,0.0,0.0,0.0,0.0,0.0,0.0,0.0,0.0,0.0,0.0,0.0,0.0,0.0,0.0,0.0,0.0,0.0,0.0,0.0,0.0,0.0,0.0,0.0,0.0,0.2356345597354279,3.9189747829681694,14.646548160396861,9.995866060355521,1.2029764365440268,0.9253737983707891,0.02312534149124373,0.0,0.0,0.0,0.0,0.0,0.0,0.0,0.0,0.0,0.0,0.0,0.0,0.0,0.0,0.0,0.0,0.0,0.0,0.0,0.0,0.0,0.0,0.0,0.0,0.0,0.12113055181695831,3.9165545087483182,15.100942126514136,9.7442799461642,1.1170928667563933,0.4033,0.01183,0.0,0.0,0.0,0.0,0.0,0.0,0.0,0.0,0.0,0.0,0.0,12.2157916494419,17.622984704423317,0.16122364613476647,0.0,0.0,0.0,0.0,0.0,0.0,0.0,0.0,0.0,0.0,0.0,0.0,0.0,0.0,0.0,0.0,0.4033,0.01196,0.0,0.0,0.0,0.0,0.0,0.0,0.0,0.0,0.0,0.0,0.013458950201884257,11.628532974427978,18.12920592193809,0.22880215343203236,0.0,0.0,0.0,0.0,0.0,0.0,0.0,0.0,0.0,0.0,0.0,0.0,0.0,0.0,0.0,0.0
80200,4864,2504,0.5148026315789473,1149,1013,0.44449013157894735,1362,0.5600328947368421,0.418,2.948305084745763,3.1560872861457354,6.7765089722675365,2.269156884770399,9420.082410470937,1521.363953886864,7853.0,10923.473069787025,10897.045065707125,7.117903418291922,7853.0,0.0,27.097450657894736,20.66403706228241,32.145998023715414,18.98625669979082,0.14268092105263158,0.10587993421052631,0.10135690789473684,0.08470394736842106,0.08429276315789473,0.07483552631578948,0.06846217105263158,0.0649671052631579,0.051603618421052634,0.04954769736842105,0.046875,0.03844572368421053,0.029605263157894735,0.021792763157894735,0.018297697368421052,0.010485197368421052,0.006167763157894737,0.9256973011345652,0.022730895748682277,0.0,0.0,0.0,0.0,0.0,0.0,0.0,0.0,0.0,0.0,0.0,0.0,0.0,0.0,0.0,0.0,0.0,0.0,0.0,0.0,0.0,0.0,0.0,0.0,0.0,0.13569078947368424,3.7561677631578956,15.08634868421053,10.034950657894738,0.9868421052631581,4.329738562091503,2.939048231454125,nan,nan,nan,4.345953002610966,2.909272664055842,4.31348167539267,2.96851302057598,0.9925283758938976,0.4033,0.012215,0.0,0.0,0.0,0.0,0.0,0.0,0.0,0.0,0.0,0.0,0.024671052631578955,11.835937499999984,17.89884868421053,0.24054276315789477,0.0,0.0,0.0,0.0,0.0,0.0,0.0,0.0,0.0,0.0,0.0,0.0,0.0,0.0,0.0,0.0,nan,nan,4.329738562091503,2.939048231454125,nan,0.4033,0.06064,0.0,0.0,0.0,0.0,0.0,0.0,0.0,0.0,0.0,0.0,0.0,0.0,0.0,0.0,0.0,0.0,0.0,0.0,0.0,0.0,0.0,0.0,0.0,6.167763157894737e-05,0.0004009046052631579,0.005993009868421053,0.007267680921052631,0.004389391447368421,0.0063939144736842105,0.006866776315789473,0.004029605263157895,0.012921463815789474,0.03677014802631579,0.048828125,0.07925575657894737,0.05277549342105263,0.06128700657894737,0.031075246710526316,0.049115953947368424,0.04204358552631579,0.046402138157894735,0.07543174342105263,0.06069078947368421,0.05685649671052632,0.04751233552631579,0.04358552631578947,0.05733963815789474,0.04088199013157895,0.03502261513157895,0.03141447368421053,0.009837582236842106,0.010567434210526316,0.013404605263157895,0.008388157894736842,0.010968338815789474,0.0010176809210526315,0.00013363486842105264,0.00041118421052631577,0.0005550986842105263,0.00010279605263157894,0.0,0.0,0.0,0.0,0.0,0.0,0.0,0.0,0.0,0.0,0.0,0.0,0.0,0.0,0.0,0.0,0.0,0.0,0.0,0.0,0.0,0.0,0.0,0.0,0.0,0.0,0.0,0.0,0.0,0.0,0.0,0.0,0.0,0.0,0.0,0.0,0.0,0.0,0.0,0.0,0.0,nan,nan,4.329738562091503,2.939048231454125,nan,0.9254789051299278,0.022863218548551473,0.0,0.0,0.0,0.0,0.0,0.0,0.0,0.0,0.0,0.0,0.0,0.0,0.0,0.0,0.0,0.0,0.0,0.0,0.0,0.0,0.0,0.0,0.0,0.0,0.0,0.14376996805111825,3.8817891373801925,15.08386581469649,9.92012779552716,0.9704472843450481,0.9259290229971125,0.022587342798044606,0.0,0.0,0.0,0.0,0.0,0.0,0.0,0.0,0.0,0.0,0.0,0.0,0.0,0.0,0.0,0.0,0.0,0.0,0.0,0.0,0.0,0.0,0.0,0.0,0.0,0.12711864406779663,3.622881355932204,15.08898305084746,10.15677966101695,1.0042372881355934,0.403,0.0122,0.0,0.0,0.0,0.0,0.0,0.0,0.0,0.0,0.0,0.0,0.01198083067092652,12.028753993610206,17.73162939297125,0.22763578274760388,0.0,0.0,0.0,0.0,0.0,0.0,0.0,0.0,0.0,0.0,0.0,0.0,0.0,0.0,0.0,0.0,0.4033,0.01222,0.0,0.0,0.0,0.0,0.0,0.0,0.0,0.0,0.0,0.0,0.03813559322033899,11.631355932203373,18.07627118644068,0.25423728813559326,0.0,0.0,0.0,0.0,0.0,0.0,0.0,0.0,0.0,0.0,0.0,0.0,0.0,0.0,0.0,0.0
80300,4461,2302,0.5160277964581932,1068,934,0.44877830082941045,1282,0.5747590226406635,0.39799999999999996,2.901343214451135,2.8983062010353127,6.039494470774091,2.069111064568736,9423.934302489672,1521.3678867976782,7853.0,10921.757118403912,10897.282329889844,7.272354034686564,7853.0,0.0,28.895763281775388,21.193330518010747,33.88918416157321,19.30074985424973,0.13539565119928268,0.09168347904057386,0.08876933422999328,0.08338937457969066,0.08338937457969066,0.07128446536650974,0.0708361353956512,0.06724949562878278,0.06142120600762161,0.05110961667787491,0.05021295673615781,0.04259134723156243,0.03384891279982067,0.02757229320780094,0.01882985877605918,0.01434655906747366,0.008069939475453935,0.9260141370783364,0.02322453314340684,0.0,0.0,0.0,0.0,0.0,0.0,0.0,0.0,0.0,0.0,0.0,0.0,0.0,0.0,0.0,0.0,0.0,0.0,0.0,0.0,0.0,0.0,0.0,0.0,0.0,0.18157363819771358,3.846671149966376,14.613315400134502,10.168123739071959,1.1903160726294555,4.077314343845371,2.6835072889450817,nan,nan,nan,4.148048452220727,2.656340258130719,4.005468215994532,2.708932624351424,0.9656271526553982,0.4033,0.01228,0.0,0.0,0.0,0.0,0.0,0.0,0.0,0.0,0.0,0.0,0.08742434431741765,11.553463349024867,18.17753866845999,0.18157363819771358,0.0,0.0,0.0,0.0,0.0,0.0,0.0,0.0,0.0,0.0,0.0,0.0,0.0,0.0,0.0,0.0,nan,nan,4.077314343845371,2.6835072889450817,nan,0.4033,0.06067,0.0,0.0,0.0,0.0,0.0,0.0,0.0,0.0,0.0,0.0,0.0,0.0,0.0,0.0,0.0,0.0,0.0,0.0,0.0,0.0,0.0,0.0,0.0,5.6041246357318986e-05,0.0004034969737726967,0.00587312261824703,0.006624075319435104,0.004191885227527461,0.006949114548307554,0.007711275498767093,0.0032952252858103564,0.011353956511992827,0.036740641111858326,0.04992154225509975,0.08340058282896212,0.05043712172158709,0.05776731674512441,0.03217888365837256,0.050156915489800495,0.042793095718448776,0.04819547186729433,0.07257341403272809,0.058518269446312485,0.056063662855861916,0.050336247478143914,0.04422775162519615,0.05465142344765748,0.043544048419636855,0.03603452140775611,0.030038108047522976,0.010177090338489129,0.01030038108047523,0.013898229096615108,0.008451019950683702,0.010793544048419637,0.0009639094373458866,0.00011208249271463797,0.00041470522304416053,0.0006164537099305089,0.00019054023761488456,1.1208249271463798e-05,0.0,0.0,0.0,0.0,3.362474781439139e-05,0.0,0.0,0.0,0.0,0.0,0.0,0.0,0.0,0.0,0.0,0.0,0.0,0.0,0.0,0.0,0.0,0.0,0.0,0.0,0.0,0.0,0.0,0.0,0.0,0.0,0.0,0.0,0.0,0.0,0.0,0.0,0.0,0.0,0.0,0.0,nan,nan,4.077314343845371,2.6835072889450817,nan,0.9262032486323581,0.023323762583283083,0.0,0.0,0.0,0.0,0.0,0.0,0.0,0.0,0.0,0.0,0.0,0.0,0.0,0.0,0.0,0.0,0.0,0.0,0.0,0.0,0.0,0.0,0.0,0.0,0.0,0.22154648132059085,3.675065160729801,14.921807124239795,10.047784535186796,1.1337966985230237,0.9258124998400972,0.02311655802509321,0.0,0.0,0.0,0.0,0.0,0.0,0.0,0.0,0.0,0.0,0.0,0.0,0.0,0.0,0.0,0.0,0.0,0.0,0.0,0.0,0.0,0.0,0.0,0.0,0.0,0.13895321908290878,4.029643353404355,14.284390921723023,10.29643353404354,1.250578971746179,0.4033,0.012215,0.0,0.0,0.0,0.0,0.0,0.0,0.0,0.0,0.0,0.0,0.13032145960034755,11.337966985230219,18.31016507384883,0.22154648132059085,0.0,0.0,0.0,0.0,0.0,0.0,0.0,0.0,0.0,0.0,0.0,0.0,0.0,0.0,0.0,0.0,0.4036,0.01235,0.0,0.0,0.0,0.0,0.0,0.0,0.0,0.0,0.0,0.0,0.04168596572487263,11.783232978230645,18.03612783696156,0.13895321908290878,0.0,0.0,0.0,0.0,0.0,0.0,0.0,0.0,0.0,0.0,0.0,0.0,0.0,0.0,0.0,0.0
80400,4570,2367,0.5179431072210066,1108,926,0.44507658643326037,1288,0.5636761487964989,0.414,2.973218338629142,3.0584723698922085,6.453271028037383,2.0700723612350878,9429.945733178862,1521.34418585406,7853.0,10920.656314730644,10897.631178972286,7.3302536335953805,7853.0,0.0,28.170021881838075,21.023675790955238,33.21007306889353,19.21507684821378,0.1402625820568928,0.09912472647702407,0.087527352297593,0.08927789934354485,0.08293216630196937,0.06936542669584245,0.07396061269146609,0.059956236323851206,0.05842450765864333,0.053610503282275714,0.045295404814004375,0.0387308533916849,0.03391684901531729,0.030853391684901532,0.018599562363238512,0.012691466083150985,0.005470459518599562,0.9272419017566372,0.023004604102279343,0.0,0.0,0.0,0.0,0.0,0.0,0.0,0.0,0.0,0.0,0.0,0.0,0.0,0.0,0.0,0.0,0.0,0.0,0.0,0.0,0.0,0.0,0.0,0.0,0.0,0.14442013129102846,3.2757111597374187,14.698030634573307,10.529540481400439,1.3522975929978123,4.290964261631827,2.886356040801677,nan,nan,nan,4.266711681296421,2.8801925349552286,4.315151515151515,2.8922873279022903,1.0113529662825438,0.4036,0.01233,0.0,0.0,0.0,0.0,0.0,0.0,0.0,0.0,0.0,0.0,0.06564551422319476,11.323851203501079,18.380743982494533,0.22975929978118168,0.0,0.0,0.0,0.0,0.0,0.0,0.0,0.0,0.0,0.0,0.0,0.0,0.0,0.0,0.0,0.0,nan,nan,4.290964261631827,2.886356040801677,nan,0.4036,0.06116,0.0,0.0,0.0,0.0,0.0,0.0,0.0,0.0,0.0,0.0,0.0,0.0,0.0,0.0,0.0,0.0,0.0,0.0,0.0,0.0,0.0,0.0,0.0,2.188183807439825e-05,0.0005142231947483589,0.006728665207877462,0.006739606126914661,0.0038949671772428884,0.006739606126914661,0.007352297592997812,0.003774617067833698,0.011783369803063458,0.037811816192560174,0.046794310722100656,0.08224288840262582,0.05111597374179431,0.05862144420131291,0.03141137855579869,0.04933260393873085,0.04457330415754923,0.048774617067833696,0.07478118161925602,0.05725382932166302,0.05562363238512035,0.05088621444201313,0.042483588621444204,0.04913566739606127,0.04311816192560175,0.03770240700218818,0.030481400437636762,0.010481400437636762,0.012188183807439825,0.014584245076586433,0.009387308533916849,0.010864332603938731,0.0013457330415754924,4.37636761487965e-05,0.00029540481400437636,0.0007439824945295405,0.00024070021881838076,1.0940919037199125e-05,0.0,0.0,0.0,0.0,0.00012035010940919038,0.0,0.0,0.0,0.0,0.0,0.0,0.0,0.0,0.0,0.0,0.0,0.0,0.0,0.0,0.0,0.0,0.0,0.0,0.0,0.0,0.0,0.0,0.0,0.0,0.0,0.0,0.0,0.0,0.0,0.0,0.0,0.0,0.0,0.0,0.0,nan,nan,4.290964261631827,2.886356040801677,nan,0.9271308088483919,0.023021427205574114,0.0,0.0,0.0,0.0,0.0,0.0,0.0,0.0,0.0,0.0,0.0,0.0,0.0,0.0,0.0,0.0,0.0,0.0,0.0,0.0,0.0,0.0,0.0,0.0,0.0,0.1267427122940431,3.3079847908745257,14.84157160963245,10.40557667934094,1.3181242078580486,0.9273612648586874,0.02298591654222306,0.0,0.0,0.0,0.0,0.0,0.0,0.0,0.0,0.0,0.0,0.0,0.0,0.0,0.0,0.0,0.0,0.0,0.0,0.0,0.0,0.0,0.0,0.0,0.0,0.0,0.16341352700862463,3.241034952337722,14.543803903767593,10.662732637312757,1.3890149795733093,0.4036,0.01254,0.0,0.0,0.0,0.0,0.0,0.0,0.0,0.0,0.0,0.0,0.06337135614702155,11.31812420785803,18.37769328263625,0.24081115335868192,0.0,0.0,0.0,0.0,0.0,0.0,0.0,0.0,0.0,0.0,0.0,0.0,0.0,0.0,0.0,0.0,0.4036,0.01211,0.0,0.0,0.0,0.0,0.0,0.0,0.0,0.0,0.0,0.0,0.06808896958692694,11.330004539264623,18.38402178847027,0.21788470267816618,0.0,0.0,0.0,0.0,0.0,0.0,0.0,0.0,0.0,0.0,0.0,0.0,0.0,0.0,0.0,0.0
80500,4598,2350,0.5110917790343628,1129,931,0.4480208786428882,1305,0.567638103523271,0.41,2.99644128113879,3.0127229861100875,6.427701674277016,2.000310413326477,9409.24813983735,1522.109033845867,7853.0,10921.468894839287,10897.948488073247,7.501863138700411,7853.0,0.0,28.300782949108306,20.710818918276352,33.114800514800514,18.91086454067551,0.13440626359286648,0.0959112657677251,0.09547629404088734,0.0880817746846455,0.0754675946063506,0.07481513701609395,0.06807307525010874,0.06872553284036538,0.05850369725967812,0.05415397999130057,0.049586776859504134,0.04197477163984341,0.03849499782514137,0.024140930839495433,0.017181383210091345,0.010221835580687256,0.004784688995215311,0.9274911750213329,0.023515136764349333,0.0,0.0,0.0,0.0,0.0,0.0,0.0,0.0,0.0,0.0,0.0,0.0,0.0,0.0,0.0,0.0,0.0,0.0,0.0,0.0,0.0,0.0,0.0,0.0,0.0,0.18268812527185738,3.562418442801219,14.06046107003045,10.713353632013922,1.481078729882558,4.245219724924522,2.775736172366608,nan,nan,nan,4.249829351535836,2.7596016007333173,4.240765171503957,2.791232115611257,0.9978671661184224,0.4043,0.01205,0.0,0.0,0.0,0.0,0.0,0.0,0.0,0.0,0.0,0.0,0.0065245759025663345,10.765550239234434,18.947368421052634,0.2805567638103524,0.0,0.0,0.0,0.0,0.0,0.0,0.0,0.0,0.0,0.0,0.0,0.0,0.0,0.0,0.0,0.0,nan,nan,4.245219724924522,2.775736172366608,nan,0.4043,0.06137,0.0,0.0,0.0,0.0,0.0,0.0,0.0,0.0,0.0,0.0,0.0,0.0,0.0,0.0,0.0,0.0,0.0,0.0,0.0,0.0,0.0,0.0,0.0,4.349717268377556e-05,0.0008481948673336234,0.007481513701609395,0.00548064375815572,0.0035123966942148762,0.006285341452805568,0.00791648542844715,0.0037733797303175294,0.011276642018268812,0.03726620269682471,0.04672683775554589,0.0823836450630709,0.05073945193562419,0.05785123966942149,0.034167029143105695,0.04679208351457155,0.0421705089169204,0.04785776424532406,0.07394519356241844,0.057535885167464114,0.055632883862548936,0.05288168769030013,0.04126794258373206,0.048336233144845586,0.04404088734232275,0.0380817746846455,0.0332753371030883,0.011146150500217486,0.01311439756415833,0.01496302740321879,0.010102218355806873,0.01062418442801218,0.001163549369290996,0.00010874293170943889,0.0003044802087864289,0.0004240974336668117,0.00020661157024793388,0.0,0.0,0.0,0.0,0.0,0.00027185732927359724,0.0,0.0,0.0,0.0,0.0,0.0,0.0,0.0,0.0,0.0,0.0,0.0,0.0,0.0,0.0,0.0,0.0,0.0,0.0,0.0,0.0,0.0,0.0,0.0,0.0,0.0,0.0,0.0,0.0,0.0,0.0,0.0,0.0,0.0,0.0,nan,nan,4.245219724924522,2.775736172366608,nan,0.9276763357000148,0.024015245369950297,0.0,0.0,0.0,0.0,0.0,0.0,0.0,0.0,0.0,0.0,0.0,0.0,0.0,0.0,0.0,0.0,0.0,0.0,0.0,0.0,0.0,0.0,0.0,0.0,0.0,0.20425531914893622,3.676595744680852,13.787234042553195,10.748936170212769,1.5829787234042556,0.9272976129239564,0.02297910897939535,0.0,0.0,0.0,0.0,0.0,0.0,0.0,0.0,0.0,0.0,0.0,0.0,0.0,0.0,0.0,0.0,0.0,0.0,0.0,0.0,0.0,0.0,0.0,0.0,0.0,0.1601423487544484,3.443060498220641,14.346085409252673,10.676156583629895,1.3745551601423491,0.4043,0.0122,0.0,0.0,0.0,0.0,0.0,0.0,0.0,0.0,0.0,0.0,0.012765957446808513,10.940425531914878,18.765957446808514,0.2808510638297873,0.0,0.0,0.0,0.0,0.0,0.0,0.0,0.0,0.0,0.0,0.0,0.0,0.0,0.0,0.0,0.0,0.4045,0.011894,0.0,0.0,0.0,0.0,0.0,0.0,0.0,0.0,0.0,0.0,0.0,10.582740213523117,19.13701067615659,0.28024911032028477,0.0,0.0,0.0,0.0,0.0,0.0,0.0,0.0,0.0,0.0,0.0,0.0,0.0,0.0,0.0,0.0
80600,4601,2392,0.5198869810910671,1153,918,0.45011953923060205,1254,0.5450988915453162,0.426,2.928021729289271,3.0926214745520615,6.628099173553719,2.161772426325782,9436.016191768002,1521.265928814031,7853.0,10924.345682024956,10897.923703312948,7.175056402138916,7853.0,0.0,27.63833949141491,20.645190897042696,32.461141234185384,18.94091266050954,0.14018691588785046,0.09932623342751576,0.09628341664855466,0.08845903064551185,0.08085198869810911,0.07324494675070636,0.07237557052814605,0.06476852858074332,0.056726798522060425,0.05346663768745925,0.04716366007389698,0.03890458595957401,0.030428167789610956,0.023255813953488372,0.016952836339926104,0.011519234948924147,0.006085633557922191,0.9277971319415419,0.02323614270880299,0.0,0.0,0.0,0.0,0.0,0.0,0.0,0.0,0.0,0.0,0.0,0.0,0.0,0.0,0.0,0.0,0.0,0.0,0.0,0.0,0.0,0.0,0.0,0.0,0.0,0.16952836339926108,3.181916974570746,14.559878287328845,10.536839817430995,1.5518365572701591,4.22331747110809,2.862488614441093,nan,nan,nan,4.213025780189959,2.8766016605207887,4.233651226158038,2.848210111189986,1.0048956372555473,0.4045,0.01195,0.0,0.0,0.0,0.0,0.0,0.0,0.0,0.0,0.0,0.0,0.0,10.68028689415343,19.07846120408607,0.2412519017604869,0.0,0.0,0.0,0.0,0.0,0.0,0.0,0.0,0.0,0.0,0.0,0.0,0.0,0.0,0.0,0.0,nan,nan,4.22331747110809,2.862488614441093,nan,0.4045,0.06152,0.0,0.0,0.0,0.0,0.0,0.0,0.0,0.0,0.0,0.0,0.0,0.0,0.0,0.0,0.0,0.0,0.0,0.0,0.0,0.0,0.0,0.0,0.0,6.520321669202347e-05,0.0007933058030862856,0.006368180830254293,0.004868506846337752,0.003836122582047381,0.006813736144316453,0.00838948054770702,0.0039991306237774395,0.012540752010432515,0.038241686589871766,0.0483373179743534,0.08215605303194957,0.04946750706368181,0.05662899369702239,0.03422082156053032,0.04407737448380787,0.04076287763529667,0.04939143664420778,0.07780917191914802,0.057802651597478806,0.052379917409258854,0.05161921321451858,0.0402738535101065,0.04713105846555097,0.043284068680721585,0.04170832427733102,0.03482938491632254,0.009965224951097588,0.01338839382742882,0.014518582916757226,0.010801999565311889,0.011019343620951968,0.0012931971310584656,9.78048250380352e-05,0.00023907846120408606,0.0005650945446642034,0.0001738752445120626,0.0,0.0,0.0,0.0,0.0,0.00014127363616605086,0.0,0.0,0.0,0.0,0.0,0.0,0.0,0.0,0.0,0.0,0.0,0.0,0.0,0.0,0.0,0.0,0.0,0.0,0.0,0.0,0.0,0.0,0.0,0.0,0.0,0.0,0.0,0.0,0.0,0.0,0.0,0.0,0.0,0.0,0.0,nan,nan,4.22331747110809,2.862488614441093,nan,0.9276157270955003,0.02331612868369386,0.0,0.0,0.0,0.0,0.0,0.0,0.0,0.0,0.0,0.0,0.0,0.0,0.0,0.0,0.0,0.0,0.0,0.0,0.0,0.0,0.0,0.0,0.0,0.0,0.0,0.18812709030100339,3.2357859531772584,14.510869565217394,10.49749163879599,1.5677257525083617,0.9279935648938874,0.0231476156741217,0.0,0.0,0.0,0.0,0.0,0.0,0.0,0.0,0.0,0.0,0.0,0.0,0.0,0.0,0.0,0.0,0.0,0.0,0.0,0.0,0.0,0.0,0.0,0.0,0.0,0.14938886373924856,3.1235853327297427,14.612947034857404,10.579447713897693,1.5346310547759172,0.4043,0.01216,0.0,0.0,0.0,0.0,0.0,0.0,0.0,0.0,0.0,0.0,0.0,11.137123745819382,18.64966555183947,0.21321070234113718,0.0,0.0,0.0,0.0,0.0,0.0,0.0,0.0,0.0,0.0,0.0,0.0,0.0,0.0,0.0,0.0,0.4048,0.0117,0.0,0.0,0.0,0.0,0.0,0.0,0.0,0.0,0.0,0.0,0.0,10.18560434585784,19.542779538252606,0.2716161158895428,0.0,0.0,0.0,0.0,0.0,0.0,0.0,0.0,0.0,0.0,0.0,0.0,0.0,0.0,0.0,0.0
80700,4854,2449,0.5045323444581788,1108,999,0.43407498969921715,1361,0.5607746188710342,0.41,2.890644490644491,3.119267432324702,6.772655007949125,2.0773935248606863,9389.26567259517,1522.4112135298192,7853.0,10922.213814973831,10897.93000195057,7.272238817696103,7853.0,0.0,27.120313143798928,20.880710384385306,32.27588775763596,19.206111470830436,0.1477132262051916,0.10444993819530285,0.10321384425216316,0.08529048207663782,0.07787391841779975,0.07313555830243099,0.069221260815822,0.06056860321384425,0.057684384013185,0.04964977338277709,0.0407911001236094,0.0403790688092295,0.02946023897816234,0.02533992583436341,0.01668726823238566,0.012360939431396786,0.006180469715698393,0.9274353890395429,0.02284854530851692,0.0,0.0,0.0,0.0,0.0,0.0,0.0,0.0,0.0,0.0,0.0,0.0,0.0,0.0,0.0,0.0,0.0,0.0,0.0,0.0,0.0,0.0,0.0,0.0,0.0,0.1174289245982695,3.1829419035846733,14.783683559950559,10.605686032138445,1.3102595797280596,4.424991757335971,2.896453806026104,nan,nan,nan,4.44,2.9338938858338643,4.41030658838878,2.859268942997674,0.9933122946821575,0.4045,0.01231,0.0,0.0,0.0,0.0,0.0,0.0,0.0,0.0,0.0,0.0,0.01236093943139679,10.82200247218787,18.875154511742895,0.29048207663782455,0.0,0.0,0.0,0.0,0.0,0.0,0.0,0.0,0.0,0.0,0.0,0.0,0.0,0.0,0.0,0.0,nan,nan,4.424991757335971,2.896453806026104,nan,0.4045,0.06155,0.0,0.0,0.0,0.0,0.0,0.0,0.0,0.0,0.0,0.0,0.0,0.0,0.0,0.0,0.0,0.0,0.0,0.0,0.0,0.0,0.0,0.0,0.0,7.210548001648125e-05,0.0006283477544293366,0.006149567367119901,0.006334981458590853,0.004377832715286362,0.0073135558302430985,0.008992583436341161,0.0029975278121137207,0.012814173877214669,0.03591882983106716,0.04475690152451586,0.0827152863617635,0.05016481252575196,0.05887927482488669,0.03290070045323445,0.04317058096415328,0.041058920477956326,0.05130819942315616,0.08105686032138443,0.05489287185826123,0.05119489081170169,0.05343016069221261,0.041512154923774205,0.046281417387721464,0.04250103007828595,0.04068809229501442,0.03445611866501854,0.010990935311083642,0.01334981458590853,0.014915533580552122,0.01135146271116605,0.009971157807993408,0.0014009064688916357,0.00012360939431396787,0.0004223320972393902,0.0004429336629583848,0.000319324268644417,0.0,0.0,0.0,0.0,0.0,0.0001442109600329625,0.0,0.0,0.0,0.0,0.0,0.0,0.0,0.0,0.0,0.0,0.0,0.0,0.0,0.0,0.0,0.0,0.0,0.0,0.0,0.0,0.0,0.0,0.0,0.0,0.0,0.0,0.0,0.0,0.0,0.0,0.0,0.0,0.0,0.0,0.0,nan,nan,4.424991757335971,2.896453806026104,nan,0.9276283936336995,0.02290041724534461,0.0,0.0,0.0,0.0,0.0,0.0,0.0,0.0,0.0,0.0,0.0,0.0,0.0,0.0,0.0,0.0,0.0,0.0,0.0,0.0,0.0,0.0,0.0,0.0,0.0,0.09799918334013885,3.184973458554513,14.650877909350758,10.730910575745206,1.335238873009392,0.9272388533842043,0.022793923767563666,0.0,0.0,0.0,0.0,0.0,0.0,0.0,0.0,0.0,0.0,0.0,0.0,0.0,0.0,0.0,0.0,0.0,0.0,0.0,0.0,0.0,0.0,0.0,0.0,0.0,0.13721413721413725,3.180873180873182,14.918918918918921,10.478170478170481,1.2848232848232852,0.4043,0.0122,0.0,0.0,0.0,0.0,0.0,0.0,0.0,0.0,0.0,0.0,0.012249897917517356,10.865659452837876,18.85259289505921,0.26949775418538185,0.0,0.0,0.0,0.0,0.0,0.0,0.0,0.0,0.0,0.0,0.0,0.0,0.0,0.0,0.0,0.0,0.4048,0.01241,0.0,0.0,0.0,0.0,0.0,0.0,0.0,0.0,0.0,0.0,0.012474012474012476,10.777546777546762,18.898128898128903,0.3118503118503119,0.0,0.0,0.0,0.0,0.0,0.0,0.0,0.0,0.0,0.0,0.0,0.0,0.0,0.0,0.0,0.0
80800,4734,2440,0.5154203633291086,1132,974,0.4448669201520912,1339,0.565694972539079,0.414,2.9132519616390584,3.0465537249675103,6.398782343987824,2.217791291555595,9422.348433952457,1521.6815528543677,7853.0,10923.524896204472,10897.793232102838,7.339518293964249,7853.0,0.0,28.120194338825517,20.908306715180757,33.06105527638191,19.133452010054672,0.13793831854668356,0.09611322348964935,0.08998732572877059,0.0940008449514153,0.0819602872834812,0.0699197296155471,0.07287705956907478,0.06400506970849176,0.05661174482467258,0.05302070130967469,0.04773975496408957,0.04140261934938741,0.03126320236586396,0.025559780312632025,0.01880016899028306,0.0122517955217575,0.00654837346852556,0.9270423230336193,0.023222319076338288,0.0,0.0,0.0,0.0,0.0,0.0,0.0,0.0,0.0,0.0,0.0,0.0,0.0,0.0,0.0,0.0,0.0,0.0,0.0,0.0,0.0,0.0,0.0,0.0,0.006337135614702156,0.1140684410646388,3.491761723700888,14.264892268694553,10.868187579214199,1.254752851711027,4.1956166175989535,2.8734638775815027,nan,nan,nan,4.184717607973422,2.8581815310509566,4.206185567010309,2.8881669152791947,1.0051300854795993,0.4038,0.012344,0.0,0.0,0.0,0.0,0.0,0.0,0.0,0.0,0.0,0.0,0.012674271229404312,11.425855513307967,18.257287705956912,0.30418250950570347,0.0,0.0,0.0,0.0,0.0,0.0,0.0,0.0,0.0,0.0,0.0,0.0,0.0,0.0,0.0,0.0,nan,nan,4.1956166175989535,2.8734638775815027,nan,0.4038,0.06155,0.0,0.0,0.0,0.0,0.0,0.0,0.0,0.0,0.0,0.0,0.0,0.0,0.0,0.0,0.0,0.0,0.0,0.0,0.0,0.0,0.0,0.0,0.0,0.0001478664976763836,0.000327418673426278,0.006749049429657795,0.0077207435572454585,0.004372623574144487,0.006812420785804817,0.008322771440642163,0.003770595690747782,0.012188424165610478,0.037452471482889736,0.04287072243346007,0.08215040135192227,0.05123574144486692,0.05875580904098014,0.03242501056189269,0.04668356569497254,0.041634980988593154,0.05377059569074778,0.08221377270806929,0.05473172792564428,0.04985213350232361,0.05371778622729193,0.0375369666244191,0.04459231094212083,0.042490494296577946,0.040378115758343894,0.03443177017321504,0.011174482467258133,0.01307562315166878,0.01438529784537389,0.010963244613434727,0.00984368398817068,0.0019645120405576678,0.0,0.0004541613857203211,0.0004752851711026616,0.00025348542458808617,1.0561892691170258e-05,0.0,0.0,0.0,0.0,6.337135614702154e-05,0.0,0.0,0.0,0.0,0.0,0.0,0.0,0.0,0.0,0.0,0.0,0.0,0.0,0.0,0.0,0.0,0.0,0.0,0.0,0.0,0.0,0.0,0.0,0.0,0.0,0.0,0.0,0.0,0.0,0.0,0.0,0.0,0.0,0.0,0.0,nan,nan,4.1956166175989535,2.8734638775815027,nan,0.9275151624298487,0.023356175430744974,0.0,0.0,0.0,0.0,0.0,0.0,0.0,0.0,0.0,0.0,0.0,0.0,0.0,0.0,0.0,0.0,0.0,0.0,0.0,0.0,0.0,0.0,0.0,0.0,0.0,0.11065573770491806,3.4057377049180335,14.07786885245902,11.028688524590168,1.3770491803278693,0.9265393901099925,0.02306845717912442,0.0,0.0,0.0,0.0,0.0,0.0,0.0,0.0,0.0,0.0,0.0,0.0,0.0,0.0,0.0,0.0,0.0,0.0,0.0,0.0,0.0,0.0,0.0,0.0,0.013077593722755016,0.11769834350479515,3.5832606800348743,14.463818657367048,10.697471665213602,1.1246730601569312,0.4038,0.01249,0.0,0.0,0.0,0.0,0.0,0.0,0.0,0.0,0.0,0.0,0.012295081967213118,11.581967213114737,18.049180327868857,0.35655737704918045,0.0,0.0,0.0,0.0,0.0,0.0,0.0,0.0,0.0,0.0,0.0,0.0,0.0,0.0,0.0,0.0,0.4038,0.01218,0.0,0.0,0.0,0.0,0.0,0.0,0.0,0.0,0.0,0.0,0.013077593722755016,11.25980819529205,18.478639930252836,0.2484742807323453,0.0,0.0,0.0,0.0,0.0,0.0,0.0,0.0,0.0,0.0,0.0,0.0,0.0,0.0,0.0,0.0
80900,4803,2518,0.5242556735373725,1187,956,0.4461794711638559,1338,0.5571517801374141,0.422,2.996061269146608,3.0501974360476916,6.505988023952096,2.0093255816989313,9449.344260886277,1520.703241569688,7853.0,10923.705900669098,10897.97278992724,7.374461511429706,7853.0,0.0,28.272954403497813,20.99572721954687,33.14885213527524,19.24126876375899,0.13824692900270663,0.09723089735581927,0.0924422236102436,0.08786175307099729,0.07932542161149282,0.07786799916718717,0.06766604205704768,0.06079533624817822,0.05704767853424943,0.05225900478867374,0.053300020820320634,0.03539454507599417,0.03685196752029981,0.02789922964813658,0.01894649177597335,0.010618363522798251,0.006246096189881324,0.9280172049837908,0.02300402497852511,0.0,0.0,0.0,0.0,0.0,0.0,0.0,0.0,0.0,0.0,0.0,0.0,0.0,0.0,0.0,0.0,0.0,0.0,0.0,0.0,0.0,0.0,0.0,0.0,0.0,0.15615240474703312,2.9981261711430363,14.628357276702065,10.868207370393508,1.3491567770143664,4.228900255754476,2.8529669696112907,nan,nan,nan,4.208868894601542,2.8112331604750085,4.251432208784214,2.8924806792181093,1.0101127678833772,0.404,0.0124,0.0,0.0,0.0,0.0,0.0,0.0,0.0,0.0,0.0,0.0,0.04372267332916928,11.230480949406605,18.500936914428486,0.22485946283572772,0.0,0.0,0.0,0.0,0.0,0.0,0.0,0.0,0.0,0.0,0.0,0.0,0.0,0.0,0.0,0.0,nan,nan,4.228900255754476,2.8529669696112907,nan,0.404,0.0618,0.0,0.0,0.0,0.0,0.0,0.0,0.0,0.0,0.0,0.0,0.0,0.0,0.0,0.0,0.0,0.0,0.0,0.0,0.0,0.0,0.0,0.0,0.0,7.287112221528211e-05,0.00024984384759525296,0.008473870497605663,0.00683947532792005,0.004153653966271081,0.007068498854882365,0.008453050176972725,0.003622735790131168,0.01293982927337081,0.03536331459504476,0.04482615032271497,0.0833437434936498,0.0517384967728503,0.05841140953570685,0.028815323755985844,0.04667915885904643,0.041828024151571934,0.051780137414116176,0.08011659379554445,0.056849885488236516,0.050197793046012906,0.05407037268373933,0.034353529044347283,0.04769935457006038,0.044118259421195086,0.04153653966271081,0.03316677076826983,0.011295023943368728,0.01330418488444722,0.015178013741411618,0.011284613783052259,0.0094316052467208,0.0014470122839891734,1.0410160316468873e-05,0.0006037892983551947,0.00029148448886112845,0.00033312513012700393,5.205080158234437e-05,0.0,0.0,0.0,0.0,0.0,0.0,0.0,0.0,0.0,0.0,0.0,0.0,0.0,0.0,0.0,0.0,0.0,0.0,0.0,0.0,0.0,0.0,0.0,0.0,0.0,0.0,0.0,0.0,0.0,0.0,0.0,0.0,0.0,0.0,0.0,0.0,0.0,0.0,0.0,0.0,nan,nan,4.228900255754476,2.8529669696112907,nan,0.9279327284399719,0.02324916734957895,0.0,0.0,0.0,0.0,0.0,0.0,0.0,0.0,0.0,0.0,0.0,0.0,0.0,0.0,0.0,0.0,0.0,0.0,0.0,0.0,0.0,0.0,0.0,0.0,0.0,0.13105639396346308,3.073868149324862,14.737887212073076,10.627482128673554,1.429706115965052,0.9281102955471765,0.022730460324200535,0.0,0.0,0.0,0.0,0.0,0.0,0.0,0.0,0.0,0.0,0.0,0.0,0.0,0.0,0.0,0.0,0.0,0.0,0.0,0.0,0.0,0.0,0.0,0.0,0.0,0.18380743982494535,2.9146608315098477,14.507658643326042,11.133479212253832,1.2603938730853395,0.404,0.01249,0.0,0.0,0.0,0.0,0.0,0.0,0.0,0.0,0.0,0.0,0.0595710881652105,11.032565528196965,18.705321683876097,0.20254169976171568,0.0,0.0,0.0,0.0,0.0,0.0,0.0,0.0,0.0,0.0,0.0,0.0,0.0,0.0,0.0,0.0,0.4038,0.01228,0.0,0.0,0.0,0.0,0.0,0.0,0.0,0.0,0.0,0.0,0.026258205689277905,11.448577680525148,18.275711159737423,0.24945295404814008,0.0,0.0,0.0,0.0,0.0,0.0,0.0,0.0,0.0,0.0,0.0,0.0,0.0,0.0,0.0,0.0
81000,4942,2570,0.5200323755564549,1198,990,0.4427357345204371,1364,0.5520032375556455,0.418,3.0029510961214165,3.173787252439377,6.8,2.0514591998099423,9436.553692546477,1521.3394327788576,7853.0,10921.310988545418,10898.105972204157,7.226917543416028,7853.0,0.0,28.13253743423715,20.935275310419552,32.9930388862218,19.206315960180653,0.13698907324969647,0.10238769728854714,0.09267503035208417,0.08883043302306759,0.0811412383650344,0.06960744637798462,0.06576284904896802,0.06212059894779442,0.05908539053014974,0.05099150141643059,0.05220558478348847,0.03905301497369486,0.04188587616349656,0.025698097936058276,0.01537838931606637,0.011736139214892756,0.004451639012545528,0.9279469544952189,0.023164287551517636,0.0,0.0,0.0,0.0,0.0,0.0,0.0,0.0,0.0,0.0,0.0,0.0,0.0,0.0,0.0,0.0,0.0,0.0,0.0,0.0,0.0,0.0,0.0,0.0,0.0,0.14569000404694457,3.3083771752327,14.131930392553626,10.987454471873738,1.4265479562929992,4.34012539184953,2.9620358557264583,nan,nan,nan,4.316831683168317,2.9993586544469935,4.3640406607369755,2.9230283052972763,1.0109360246202626,0.4048,0.012375,0.0,0.0,0.0,0.0,0.0,0.0,0.0,0.0,0.0,0.0,0.006070416835289358,10.60501821125049,19.06110886280858,0.32780250910562536,0.0,0.0,0.0,0.0,0.0,0.0,0.0,0.0,0.0,0.0,0.0,0.0,0.0,0.0,0.0,0.0,nan,nan,4.34012539184953,2.9620358557264583,nan,0.4048,0.0619,0.0,0.0,0.0,0.0,0.0,0.0,0.0,0.0,0.0,0.0,0.0,0.0,0.0,0.0,0.0,0.0,0.0,0.0,0.0,0.0,0.0,0.0,0.0,5.058680696074464e-05,0.0003035208417644678,0.009075273168757588,0.0060501821125050585,0.0036928369081343586,0.00735532173209227,0.007901659247268312,0.0038445973290165926,0.012150951031970862,0.03558276001618778,0.044961554026709837,0.08410562525293404,0.04934237150951032,0.05413800080938891,0.02869283690813436,0.04791582355321732,0.04128895184135977,0.05020234722784298,0.07987656819101578,0.060683933630109266,0.05032375556454877,0.055331849453662485,0.03370093079724808,0.0485936867664913,0.04524484014569,0.04077296641036018,0.033539053014973695,0.0113314447592068,0.0146195872116552,0.016187778227438283,0.010026305139619588,0.009692432213678673,0.0019121813031161474,4.046944556859571e-05,0.0007183326588425738,0.0003541076487252125,0.00033387292594091463,6.070416835289356e-05,0.0,0.0,0.0,0.0,0.0,0.0,0.0,0.0,0.0,0.0,0.0,0.0,0.0,0.0,0.0,0.0,0.0,0.0,0.0,0.0,0.0,0.0,0.0,0.0,0.0,0.0,0.0,0.0,0.0,0.0,0.0,0.0,0.0,0.0,0.0,0.0,0.0,0.0,0.0,0.0,nan,nan,4.34012539184953,2.9620358557264583,nan,0.9278900976542833,0.023091364707586905,0.0,0.0,0.0,0.0,0.0,0.0,0.0,0.0,0.0,0.0,0.0,0.0,0.0,0.0,0.0,0.0,0.0,0.0,0.0,0.0,0.0,0.0,0.0,0.0,0.0,0.198443579766537,3.140077821011674,14.264591439688719,10.9727626459144,1.4241245136186773,0.9280085573962326,0.023242882333613664,0.0,0.0,0.0,0.0,0.0,0.0,0.0,0.0,0.0,0.0,0.0,0.0,0.0,0.0,0.0,0.0,0.0,0.0,0.0,0.0,0.0,0.0,0.0,0.0,0.0,0.08853288364249581,3.490725126475549,13.988195615514337,11.003372681281622,1.4291736930860037,0.4045,0.01254,0.0,0.0,0.0,0.0,0.0,0.0,0.0,0.0,0.0,0.0,0.0,10.482490272373525,19.23735408560312,0.28015564202334636,0.0,0.0,0.0,0.0,0.0,0.0,0.0,0.0,0.0,0.0,0.0,0.0,0.0,0.0,0.0,0.0,0.4048,0.012184,0.0,0.0,0.0,0.0,0.0,0.0,0.0,0.0,0.0,0.0,0.01264755480607083,10.737774030354116,18.870151770657674,0.3794266441821249,0.0,0.0,0.0,0.0,0.0,0.0,0.0,0.0,0.0,0.0,0.0,0.0,0.0,0.0,0.0,0.0
81100,4615,2424,0.5252437703141929,1132,923,0.4452871072589382,1280,0.5547128927410617,0.43,3.010041077133729,3.0632894363472465,6.577922077922078,2.0569251655773217,9452.705359973537,1520.8892185727998,7853.0,10921.881194710732,10898.643661830807,7.4001479361401525,7853.0,0.0,28.04962080173348,21.037023736225787,33.15344738206325,19.234515960582428,0.14257854821235103,0.09924160346695558,0.0894907908992416,0.08819068255687974,0.07757313109425786,0.0743228602383532,0.07042253521126761,0.06782231852654388,0.0552546045503792,0.052221018418201516,0.047670639219934995,0.04052004333694475,0.028169014084507043,0.02513542795232936,0.0218851570964247,0.01256771397616468,0.006933911159263272,0.9290997782740278,0.023365701180618908,0.0,0.0,0.0,0.0,0.0,0.0,0.0,0.0,0.0,0.0,0.0,0.0,0.0,0.0,0.0,0.0,0.0,0.0,0.0,0.0,0.0,0.0,0.0,0.0,0.006500541711809319,0.08450704225352115,3.2112676056338034,13.872156013001087,11.096424702058508,1.7291440953412789,4.261672824991602,2.839163988977897,nan,nan,nan,4.237288135593221,2.8704159212639686,4.283144570286476,2.8072267496118553,1.0108221185876083,0.4058,0.0123,0.0,0.0,0.0,0.0,0.0,0.0,0.0,0.0,0.0,0.0,0.0,9.757313109425771,19.813651137594803,0.42903575297941504,0.0,0.0,0.0,0.0,0.0,0.0,0.0,0.0,0.0,0.0,0.0,0.0,0.0,0.0,0.0,0.0,nan,nan,4.261672824991602,2.839163988977897,nan,0.4058,0.0619,0.0,0.0,0.0,0.0,0.0,0.0,0.0,0.0,0.0,0.0,0.0,0.0,0.0,0.0,0.0,0.0,0.0,0.0,0.0,0.0,0.0,1.0834236186348862e-05,0.0,9.750812567713976e-05,0.00015167930660888408,0.00876489707475623,0.004875406283856988,0.003466955579631636,0.007854821235102925,0.007995666305525461,0.003867822318526544,0.009859154929577466,0.03541711809317443,0.04273022751895991,0.0848320693391116,0.047183098591549295,0.05466955579631636,0.03102925243770314,0.048158179848320694,0.04426868905742145,0.050866738894907906,0.07940411700975081,0.058309859154929575,0.04929577464788732,0.0519284940411701,0.03500541711809317,0.04926327193932828,0.04485373781148429,0.04210184182015168,0.034821235102925244,0.01304442036836403,0.01534127843986999,0.016500541711809317,0.00941495124593716,0.010530877573131094,0.002578548212351029,0.0,0.0006717226435536295,0.0003250270855904659,0.0005092091007583966,0.0,0.0,0.0,0.0,0.0,0.0,0.0,0.0,0.0,0.0,0.0,0.0,0.0,0.0,0.0,0.0,0.0,0.0,0.0,0.0,0.0,0.0,0.0,0.0,0.0,0.0,0.0,0.0,0.0,0.0,0.0,0.0,0.0,0.0,0.0,0.0,0.0,0.0,0.0,0.0,0.0,nan,nan,4.261672824991602,2.839163988977897,nan,0.9288137173249383,0.023631079144999432,0.0,0.0,0.0,0.0,0.0,0.0,0.0,0.0,0.0,0.0,0.0,0.0,0.0,0.0,0.0,0.0,0.0,0.0,0.0,0.0,0.0,0.0,0.0,0.0,0.012376237623762379,0.09900990099009903,3.32920792079208,13.638613861386142,11.163366336633667,1.7574257425742579,0.9294162601273335,0.023064411404436363,0.0,0.0,0.0,0.0,0.0,0.0,0.0,0.0,0.0,0.0,0.0,0.0,0.0,0.0,0.0,0.0,0.0,0.0,0.0,0.0,0.0,0.0,0.0,0.0,0.0,0.06846188954815154,3.0807850296668198,14.130534002738479,11.022364217252397,1.6978548607941584,0.4055,0.01239,0.0,0.0,0.0,0.0,0.0,0.0,0.0,0.0,0.0,0.0,0.0,9.913366336633649,19.67821782178218,0.4084158415841585,0.0,0.0,0.0,0.0,0.0,0.0,0.0,0.0,0.0,0.0,0.0,0.0,0.0,0.0,0.0,0.0,0.4058,0.0122,0.0,0.0,0.0,0.0,0.0,0.0,0.0,0.0,0.0,0.0,0.0,9.584664536741201,19.963486992240988,0.4518484710178002,0.0,0.0,0.0,0.0,0.0,0.0,0.0,0.0,0.0,0.0,0.0,0.0,0.0,0.0,0.0,0.0
81200,4782,2452,0.5127561689669594,1161,1026,0.4573400250941029,1376,0.575491426181514,0.418,2.9892703862660945,3.1541737292063874,6.811475409836065,2.2482487436513225,9414.863192112189,1522.5207282112542,7853.0,10923.053686916828,10899.015409739186,7.20898040139259,7853.0,0.0,27.42116269343371,20.46244828210725,32.362887112887115,18.69125646359965,0.14324550397323296,0.09849435382685069,0.08782936010037641,0.09786700125470514,0.07841907151819323,0.07319113341698034,0.07340025094102885,0.06796319531576746,0.05918025930572982,0.050606440819740695,0.04370556252613969,0.039523212045169384,0.03157674613132581,0.02300292764533668,0.01756587202007528,0.010246758678377248,0.004182350480970306,0.9305623294244197,0.023158713834194076,0.0,0.0,0.0,0.0,0.0,0.0,0.0,0.0,0.0,0.0,0.0,0.0,0.0,0.0,0.0,0.0,0.0,0.0,0.0,0.0,0.0,0.0,0.0,0.0,0.0,0.10037641154328734,2.7917189460476797,13.44416562107905,11.932245922208285,1.7314930991217068,4.240143369175628,2.929163388195797,nan,nan,nan,4.261669953977647,2.9273310651908435,4.2189922480620154,2.9308086417426766,0.9899856848661409,0.4053,0.01233,0.0,0.0,0.0,0.0,0.0,0.0,0.0,0.0,0.0,0.0,0.012547051442910918,9.98117942283562,19.64240903387704,0.36386449184441666,0.0,0.0,0.0,0.0,0.0,0.0,0.0,0.0,0.0,0.0,0.0,0.0,0.0,0.0,0.0,0.0,nan,nan,4.240143369175628,2.929163388195797,nan,0.4053,0.06143,0.0,0.0,0.0,0.0,0.0,0.0,0.0,0.0,0.0,0.0,0.0,0.0,0.0,0.0,0.0,0.0,0.0,0.0,0.0,0.0,0.0,5.2279381012128815e-05,1.0455876202425764e-05,1.0455876202425764e-05,0.00033458803847762444,0.007998745294855709,0.005604349644500209,0.0034190715181932245,0.008396068590547888,0.008061480552070264,0.004015056461731493,0.008427436219155164,0.03511083228774571,0.04156210790464241,0.08228774571309076,0.048452530322040985,0.05906524466750314,0.029621497281472186,0.04676913425345044,0.04514847344207445,0.05330405687996654,0.08189042241739858,0.0575491426181514,0.05021957340025094,0.053513174404015054,0.034807611877875365,0.04853617733166039,0.041938519447929735,0.04088247595148473,0.036856963613550814,0.012672521957340026,0.01487871183605186,0.016070681723128397,0.009661229611041405,0.009232538686741948,0.0020388958594730238,1.0455876202425764e-05,0.001014219991635299,0.00013592639063153493,0.0004391468005018821,0.0,0.0,0.0,0.0,0.0,0.0,0.0,0.0,0.0,0.0,0.0,0.0,0.0,0.0,0.0,0.0,0.0,0.0,0.0,0.0,0.0,0.0,0.0,0.0,0.0,0.0,0.0,0.0,0.0,0.0,0.0,0.0,0.0,0.0,0.0,0.0,0.0,0.0,0.0,0.0,0.0,nan,nan,4.240143369175628,2.929163388195797,nan,0.9302853279751627,0.023165978923092544,0.0,0.0,0.0,0.0,0.0,0.0,0.0,0.0,0.0,0.0,0.0,0.0,0.0,0.0,0.0,0.0,0.0,0.0,0.0,0.0,0.0,0.0,0.0,0.0,0.0,0.07340946166394781,2.8752039151712894,13.56851549755302,11.843393148450248,1.6394779771615011,0.9308538348122216,0.02314748644125359,0.0,0.0,0.0,0.0,0.0,0.0,0.0,0.0,0.0,0.0,0.0,0.0,0.0,0.0,0.0,0.0,0.0,0.0,0.0,0.0,0.0,0.0,0.0,0.0,0.0,0.12875536480686697,2.703862660944207,13.313304721030047,12.025751072961377,1.828326180257511,0.4055,0.01208,0.0,0.0,0.0,0.0,0.0,0.0,0.0,0.0,0.0,0.0,0.012234910277324635,9.787928221859692,19.869494290375208,0.3303425774877652,0.0,0.0,0.0,0.0,0.0,0.0,0.0,0.0,0.0,0.0,0.0,0.0,0.0,0.0,0.0,0.0,0.4053,0.01259,0.0,0.0,0.0,0.0,0.0,0.0,0.0,0.0,0.0,0.0,0.012875536480686699,10.184549356223162,19.403433476394852,0.3991416309012876,0.0,0.0,0.0,0.0,0.0,0.0,0.0,0.0,0.0,0.0,0.0,0.0,0.0,0.0,0.0,0.0
81300,4833,2475,0.5121042830540037,1171,992,0.4475481067659839,1380,0.5710738671632526,0.40199999999999997,2.984308736217133,3.070587397372443,6.532835820895523,2.108539004675809,9412.568497799703,1522.2687507030598,7853.0,10928.106011390686,10898.411939339781,7.331395685938678,7853.0,0.0,28.250775915580384,20.955126598654456,33.16482436747728,19.17190333244736,0.13759569625491413,0.09869646182495345,0.09083385061038693,0.090420028967515,0.0765570039313056,0.0670391061452514,0.07676391475274157,0.06165942478791641,0.0606248706807366,0.05358990275191392,0.048417132216014895,0.04220980757293606,0.031450444858266084,0.028553693358162633,0.01903579557210842,0.010138630250362093,0.006414235464514794,0.9298524931551087,0.023224706467061627,0.0,0.0,0.0,0.0,0.0,0.0,0.0,0.0,0.0,0.0,0.0,0.0,0.0,0.0,0.0,0.0,0.0,0.0,0.0,0.0,0.0,0.0,0.0,0.0,0.0,0.14276846679081318,2.8677839851024216,13.68715083798883,11.644941030415893,1.6573556797020488,4.255576800509879,2.8469022784723665,nan,nan,nan,4.176247631080227,2.859947000967682,4.336334405144695,2.8312787955404066,1.0383326823996448,0.4043,0.01245,0.0,0.0,0.0,0.0,0.0,0.0,0.0,0.0,0.0,0.0,0.012414649286157669,10.98075729360644,18.715083798882684,0.2917442582247052,0.0,0.0,0.0,0.0,0.0,0.0,0.0,0.0,0.0,0.0,0.0,0.0,0.0,0.0,0.0,0.0,nan,nan,4.255576800509879,2.8469022784723665,nan,0.4043,0.06104,0.0,0.0,0.0,0.0,0.0,0.0,0.0,0.0,0.0,0.0,0.0,0.0,0.0,0.0,0.0,0.0,0.0,0.0,0.0,0.0,0.0,3.1036623215394166e-05,0.0,1.0345541071798055e-05,0.00047589488930271055,0.007800537968135734,0.005131388371611836,0.0032795365197599833,0.00872129112352576,0.008679908959238569,0.004065797641216636,0.008731636664597558,0.03425408648872336,0.041258017794330644,0.08255741775294848,0.05261742189116491,0.06099731015932133,0.03064349265466584,0.0494620318642665,0.04537554314090627,0.0510345541071798,0.07962962962962963,0.05728326091454583,0.05224498241258018,0.05504862404303745,0.03685081729774467,0.044206496999793086,0.04075108628181254,0.039013035381750466,0.037192220153114006,0.013200910407614319,0.01339747568797848,0.014442375336230084,0.008938547486033519,0.009104076143182288,0.002069108214359611,0.0,0.0008069522036002483,0.00026898406786674944,0.0004138216428719222,0.0,1.0345541071798055e-05,0.0,0.0,0.0,0.0,0.0,0.0,0.0,0.0,0.0,0.0,0.0,0.0,0.0,0.0,0.0,0.0,0.0,0.0,0.0,0.0,0.0,0.0,0.0,0.0,0.0,0.0,0.0,0.0,0.0,0.0,0.0,0.0,0.0,0.0,0.0,0.0,0.0,0.0,0.0,nan,nan,4.255576800509879,2.8469022784723665,nan,0.9297599635461364,0.022931971711214222,0.0,0.0,0.0,0.0,0.0,0.0,0.0,0.0,0.0,0.0,0.0,0.0,0.0,0.0,0.0,0.0,0.0,0.0,0.0,0.0,0.0,0.0,0.0,0.0,0.0,0.15757575757575762,2.727272727272728,13.915151515151518,11.612121212121215,1.5878787878787883,0.9299496139278849,0.023527657373376896,0.0,0.0,0.0,0.0,0.0,0.0,0.0,0.0,0.0,0.0,0.0,0.0,0.0,0.0,0.0,0.0,0.0,0.0,0.0,0.0,0.0,0.0,0.0,0.0,0.0,0.12722646310432573,3.0152671755725198,13.44783715012723,11.679389312977102,1.7302798982188299,0.4038,0.01227,0.0,0.0,0.0,0.0,0.0,0.0,0.0,0.0,0.0,0.0,0.012121212121212125,11.503030303030286,18.31515151515152,0.16969696969696973,0.0,0.0,0.0,0.0,0.0,0.0,0.0,0.0,0.0,0.0,0.0,0.0,0.0,0.0,0.0,0.0,0.4048,0.01262,0.0,0.0,0.0,0.0,0.0,0.0,0.0,0.0,0.0,0.0,0.012722646310432573,10.432569974554692,19.134860050890588,0.4198473282442749,0.0,0.0,0.0,0.0,0.0,0.0,0.0,0.0,0.0,0.0,0.0,0.0,0.0,0.0,0.0,0.0
81400,4597,2378,0.517293887317816,1106,951,0.44746573852512506,1294,0.5629758538177072,0.442,2.9855790896800363,3.1522532504060807,6.791525423728814,2.147666304256408,9428.424661266641,1521.8539613032478,7853.0,10923.014689147472,10898.511845181978,7.34082477366675,7853.0,0.0,27.64389819447466,20.824948963047724,32.536907536907535,19.136595041813248,0.1407439634544268,0.10245812486404177,0.09614966282358059,0.0889710680878834,0.08266260604742223,0.07374374592125299,0.06547748531651076,0.061996954535566674,0.05786382423319556,0.05264302806177942,0.047857298237981294,0.03719817272134,0.03437024146182293,0.021753317380900587,0.02001305199042854,0.0073961279095062,0.008701326952360235,0.9303858967897864,0.023337353482037988,0.0,0.0,0.0,0.0,0.0,0.0,0.0,0.0,0.0,0.0,0.0,0.0,0.0,0.0,0.0,0.0,0.0,0.0,0.0,0.0,0.0,0.0,0.0,0.0,0.0,0.07831194257124213,2.897541875135959,13.55449206003916,11.779421361757672,1.690232760495976,4.297728043404544,2.915714068798661,nan,nan,nan,4.308904109589041,2.9177872370459164,4.286769644056414,2.9136382212525627,0.9948630870008527,0.403,0.0122,0.0,0.0,0.0,0.0,0.0,0.0,0.0,0.0,0.0,0.0,0.05220796171416142,11.981727213400026,17.73112899717207,0.2349358277137264,0.0,0.0,0.0,0.0,0.0,0.0,0.0,0.0,0.0,0.0,0.0,0.0,0.0,0.0,0.0,0.0,nan,nan,4.297728043404544,2.915714068798661,nan,0.403,0.0609,0.0,0.0,0.0,0.0,0.0,0.0,0.0,0.0,0.0,0.0,0.0,0.0,0.0,0.0,0.0,0.0,0.0,0.0,0.0,0.0,0.0,9.788992821405264e-05,0.0,0.0,0.00028279312595170766,0.00813574070045682,0.004666086578203176,0.0037089406134435503,0.00965847291711986,0.007102458124864042,0.004872743093321732,0.009843376114857515,0.03597998694800957,0.04224494235370894,0.08286926256254079,0.052001305199042856,0.06175766804437677,0.03232542962801827,0.04915162062214488,0.04696541222536437,0.05167500543832935,0.08297802914944528,0.05413313030237111,0.054698716554274524,0.05249075484011312,0.03508810093539265,0.0405916902327605,0.043060691755492715,0.03987383075919078,0.033260822275397,0.011289971720687405,0.013226016967587557,0.014270176201870785,0.008440287143789428,0.009321296497715901,0.0020991951272569067,0.0,0.0005873395692843159,0.0005112029584511638,0.00073961279095062,0.0,0.0,0.0,0.0,0.0,0.0,0.0,0.0,0.0,0.0,0.0,0.0,0.0,0.0,0.0,0.0,0.0,0.0,0.0,0.0,0.0,0.0,0.0,0.0,0.0,0.0,0.0,0.0,0.0,0.0,0.0,0.0,0.0,0.0,0.0,0.0,0.0,0.0,0.0,0.0,0.0,nan,nan,4.297728043404544,2.915714068798661,nan,0.9303589582543498,0.023470181848404936,0.0,0.0,0.0,0.0,0.0,0.0,0.0,0.0,0.0,0.0,0.0,0.0,0.0,0.0,0.0,0.0,0.0,0.0,0.0,0.0,0.0,0.0,0.0,0.0,0.0,0.12615643397813292,2.813288477712364,13.662741799831794,11.707317073170735,1.6904962153069811,0.9304147655762978,0.023194128337114005,0.0,0.0,0.0,0.0,0.0,0.0,0.0,0.0,0.0,0.0,0.0,0.0,0.0,0.0,0.0,0.0,0.0,0.0,0.0,0.0,0.0,0.0,0.0,0.0,0.0,0.02703920684993241,2.987832356917531,13.438485804416407,11.856692203695362,1.6899504281207756,0.4036,0.01234,0.0,0.0,0.0,0.0,0.0,0.0,0.0,0.0,0.0,0.0,0.07569386038687974,11.555929352396955,18.09083263246426,0.27754415475189237,0.0,0.0,0.0,0.0,0.0,0.0,0.0,0.0,0.0,0.0,0.0,0.0,0.0,0.0,0.0,0.0,0.4028,0.01203,0.0,0.0,0.0,0.0,0.0,0.0,0.0,0.0,0.0,0.0,0.02703920684993241,12.438035150968886,17.34565119423164,0.18927444794952686,0.0,0.0,0.0,0.0,0.0,0.0,0.0,0.0,0.0,0.0,0.0,0.0,0.0,0.0,0.0,0.0
81500,4941,2597,0.5256021048370775,1245,993,0.45294474802671525,1391,0.5630439182351751,0.426,3.0,3.129050276265838,6.656534954407295,2.060032497344538,9453.562461499887,1520.6107798145092,7853.0,10921.62303674221,10898.197967759315,7.270290991676803,7853.0,0.0,27.56911556365108,20.626513900808973,32.697521865889215,18.77772918625623,0.1469338190649666,0.09856304391823517,0.09309856304391824,0.08257437765634487,0.08358631855899615,0.07326452135195305,0.06395466504756123,0.0649666059502125,0.06253794778384943,0.060514065978546853,0.046751669702489375,0.03481076705120421,0.031167779801659582,0.02671523982999393,0.016191054442420562,0.008702691762801052,0.005666869054847197,0.9298830398227782,0.023265253079453128,0.0,0.0,0.0,0.0,0.0,0.0,0.0,0.0,0.0,0.0,0.0,0.0,0.0,0.0,0.0,0.0,0.0,0.0,0.0,0.0,0.0,0.0,0.0,0.0,0.0,0.09107468123861569,2.7140255009107475,14.04371584699454,11.244687310261083,1.9064966605950215,4.302792594916849,2.9513790975263974,nan,nan,nan,4.309612983770287,2.928873009137072,4.29589905362776,2.9739376168306504,0.9968178279130464,0.403,0.01249,0.0,0.0,0.0,0.0,0.0,0.0,0.0,0.0,0.0,0.0,0.04250151791135399,12.337583485124451,17.32847601700061,0.29143897996357016,0.0,0.0,0.0,0.0,0.0,0.0,0.0,0.0,0.0,0.0,0.0,0.0,0.0,0.0,0.0,0.0,nan,nan,4.302792594916849,2.9513790975263974,nan,0.403,0.06088,0.0,0.0,0.0,0.0,0.0,0.0,0.0,0.0,0.0,0.0,0.0,0.0,0.0,0.0,0.0,0.0,0.0,0.0,0.0,0.0,0.0,0.00010119409026512852,6.071645415907711e-05,0.0,0.0004958510422991298,0.00777170613236187,0.004229912973082372,0.004098360655737705,0.009856304391823518,0.005798421372191864,0.004918032786885246,0.009957498482088645,0.035923902044120624,0.04380692167577414,0.08426431896377251,0.05218579234972678,0.05990690143695608,0.033879781420765025,0.050870269176280104,0.04560817648249342,0.05471564460635499,0.08321190042501518,0.052671523982999395,0.05105241853875734,0.052539971665654724,0.03680429062942724,0.03865614248127909,0.04245092086622141,0.03839303784658976,0.03342440801457195,0.012072454968629832,0.012456992511637321,0.01618093503339405,0.008459825946164744,0.01014976725359239,0.0017911353976927747,0.0,0.00042501517911353975,0.0002529852256628213,0.0005565674964582068,0.0,0.0,0.0,0.0,0.0,0.0,0.0,0.0,0.0,0.0,0.0,0.0,0.0,0.0,0.0,0.0,0.0,0.0,0.0,0.0,0.0,0.0,0.0,0.0,0.0,0.0,0.0,0.0,0.0,0.0,0.0,0.0,0.0,0.0,0.0,0.0,0.0,0.0,0.0,0.0,0.0,nan,nan,4.302792594916849,2.9513790975263974,nan,0.9296288066154542,0.022811923002678643,0.0,0.0,0.0,0.0,0.0,0.0,0.0,0.0,0.0,0.0,0.0,0.0,0.0,0.0,0.0,0.0,0.0,0.0,0.0,0.0,0.0,0.0,0.0,0.0,0.0,0.0808625336927224,2.772429726607625,14.2895648825568,11.193685021178286,1.6634578359645749,0.9301647137303808,0.023754237251130437,0.0,0.0,0.0,0.0,0.0,0.0,0.0,0.0,0.0,0.0,0.0,0.0,0.0,0.0,0.0,0.0,0.0,0.0,0.0,0.0,0.0,0.0,0.0,0.0,0.0,0.10238907849829354,2.6493174061433455,13.77133105802048,11.301194539249149,2.1757679180887375,0.4033,0.012505,0.0,0.0,0.0,0.0,0.0,0.0,0.0,0.0,0.0,0.0,0.046207162110127084,12.175587216018465,17.50096264921063,0.2772429726607625,0.0,0.0,0.0,0.0,0.0,0.0,0.0,0.0,0.0,0.0,0.0,0.0,0.0,0.0,0.0,0.0,0.4028,0.012474,0.0,0.0,0.0,0.0,0.0,0.0,0.0,0.0,0.0,0.0,0.03839590443686008,12.517064846416364,17.13737201365188,0.3071672354948806,0.0,0.0,0.0,0.0,0.0,0.0,0.0,0.0,0.0,0.0,0.0,0.0,0.0,0.0,0.0,0.0
81600,4873,2577,0.528832341473425,1257,936,0.4500307818592243,1308,0.5368356248717423,0.434,2.9390243902439024,3.117016870364487,6.634069400630914,2.1428128352514992,9463.629509211467,1520.2918226545569,7853.0,10924.980807423592,10898.633526731657,7.199331135030834,7853.0,0.0,28.279909706546274,20.831524966151793,33.275836794527244,18.97636718838601,0.13974964087830904,0.09686025035912169,0.08947260414529037,0.08495793145906012,0.07962240919351529,0.0701826390313975,0.0753129489021137,0.060948081264108354,0.0607428688692797,0.056022983788220806,0.04801970038990355,0.04453108967781654,0.03468089472604145,0.02359942540529448,0.020521239482864766,0.009439770162117792,0.005335522265544839,0.9308187701778933,0.02293501889926847,0.0,0.0,0.0,0.0,0.0,0.0,0.0,0.0,0.0,0.0,0.0,0.0,0.0,0.0,0.0,0.0,0.0,0.0,0.0,0.0,0.0,0.0,0.0,0.0,0.0,0.08003283398317261,2.6164580340652583,13.753334701415968,11.709419248922638,1.8407551816129697,4.17335017366593,2.939975810967501,nan,nan,nan,4.266919671094244,2.9361064351633024,4.082649842271294,2.9400071751090007,0.9568143196903225,0.403,0.012665,0.0,0.0,0.0,0.0,0.0,0.0,0.0,0.0,0.0,0.0,0.049250974758875445,12.208085368356231,17.42868869279705,0.31397496408783093,0.0,0.0,0.0,0.0,0.0,0.0,0.0,0.0,0.0,0.0,0.0,0.0,0.0,0.0,0.0,0.0,nan,nan,4.17335017366593,2.939975810967501,nan,0.403,0.0607,0.0,0.0,0.0,0.0,0.0,0.0,0.0,0.0,0.0,0.0,0.0,0.0,0.0,0.0,0.0,0.0,0.0,0.0,0.0,0.0,0.0,2.0521239482864765e-05,2.0521239482864765e-05,0.0,0.00036938231069156576,0.006556536014775292,0.003786168684588549,0.004432587728298789,0.010055407346603734,0.006320541760722348,0.005612558998563513,0.01184075518161297,0.03455776728914427,0.042838087420480196,0.08378822080853683,0.053170531500102605,0.05965524317668787,0.03392160886517546,0.05170326287707778,0.044428483480402216,0.05655653601477529,0.08334701415965524,0.054668581982351735,0.046757644161707364,0.05289349476708393,0.036969012928380875,0.03853888774882003,0.042058280320131335,0.03861071208701006,0.033316232300430945,0.012240919351528831,0.01442643135645393,0.014703468089472604,0.009101169710650524,0.009932279909706547,0.0017237841165606402,0.0,0.00027703673301867433,0.00027703673301867433,0.0005232916068130515,0.0,0.0,0.0,0.0,0.0,0.0,0.0,0.0,0.0,0.0,0.0,0.0,0.0,0.0,0.0,0.0,0.0,0.0,0.0,0.0,0.0,0.0,0.0,0.0,0.0,0.0,0.0,0.0,0.0,0.0,0.0,0.0,0.0,0.0,0.0,0.0,0.0,0.0,0.0,0.0,0.0,nan,nan,4.17335017366593,2.939975810967501,nan,0.9311051028247577,0.02302147379627175,0.0,0.0,0.0,0.0,0.0,0.0,0.0,0.0,0.0,0.0,0.0,0.0,0.0,0.0,0.0,0.0,0.0,0.0,0.0,0.0,0.0,0.0,0.0,0.0,0.0,0.10477299185098954,2.6891734575087316,13.43422584400466,11.944121071012809,1.8277066356228175,0.9304973942062166,0.022833316939757355,0.0,0.0,0.0,0.0,0.0,0.0,0.0,0.0,0.0,0.0,0.0,0.0,0.0,0.0,0.0,0.0,0.0,0.0,0.0,0.0,0.0,0.0,0.0,0.0,0.0,0.05226480836236935,2.5348432055749135,14.111498257839724,11.445993031358888,1.855400696864112,0.4033,0.0127,0.0,0.0,0.0,0.0,0.0,0.0,0.0,0.0,0.0,0.0,0.04656577415599535,11.990686845168783,17.566938300349246,0.3958090803259605,0.0,0.0,0.0,0.0,0.0,0.0,0.0,0.0,0.0,0.0,0.0,0.0,0.0,0.0,0.0,0.0,0.4028,0.01263,0.0,0.0,0.0,0.0,0.0,0.0,0.0,0.0,0.0,0.0,0.05226480836236935,12.452090592334477,17.27351916376307,0.22212543554006975,0.0,0.0,0.0,0.0,0.0,0.0,0.0,0.0,0.0,0.0,0.0,0.0,0.0,0.0,0.0,0.0
81700,4865,2463,0.5062692702980472,1150,1005,0.44295991778006166,1349,0.5545734840698869,0.43,2.8709408825978353,3.1345082940493767,6.738019169329074,2.227132694289048,9394.853463687828,1522.6492982454552,7853.0,10923.25123488903,10898.520544393537,7.247009205661403,7853.0,0.0,26.964028776978417,20.58301670248342,31.79867419592438,19.021760658561494,0.13915724563206577,0.11264131551901337,0.09928057553956834,0.08653648509763617,0.08324768756423433,0.07934224049331963,0.06639260020554985,0.0618705035971223,0.052415210688591986,0.04892086330935252,0.04912641315519013,0.03535457348406989,0.029393627954779036,0.02343268242548818,0.01644398766700925,0.009249743062692703,0.007194244604316547,0.9311623092177961,0.022861425044580604,0.0,0.0,0.0,0.0,0.0,0.0,0.0,0.0,0.0,0.0,0.0,0.0,0.0,0.0,0.0,0.0,0.0,0.0,0.0,0.0,0.0,0.0,0.0,0.0,0.0,0.04933196300102776,2.5775950668037004,13.214799588900311,12.326824254881812,1.8314491264131556,4.329184408778251,2.944300576664086,nan,nan,nan,4.2873862158647595,2.9513805471884424,4.371617161716172,2.936487151466626,1.0196462230390464,0.4026,0.01241,0.0,0.0,0.0,0.0,0.0,0.0,0.0,0.0,0.0,0.0,0.030832476875642348,12.53648509763616,17.235354573484074,0.19732785200411104,0.0,0.0,0.0,0.0,0.0,0.0,0.0,0.0,0.0,0.0,0.0,0.0,0.0,0.0,0.0,0.0,nan,nan,4.329184408778251,2.944300576664086,nan,0.4026,0.06042,0.0,0.0,0.0,0.0,0.0,0.0,0.0,0.0,0.0,0.0,0.0,0.0,0.0,0.0,0.0,0.0,0.0,0.0,0.0,0.0,0.0,0.0,3.083247687564235e-05,2.0554984583761563e-05,0.00046248715313463516,0.00671120246659815,0.0036793422404933196,0.005580678314491264,0.010030832476875643,0.005498458376156218,0.005375128468653649,0.011479958890030832,0.03382322713257965,0.04132579650565262,0.08461459403905447,0.056104830421377185,0.05947584789311408,0.03531346351490237,0.051541623843782115,0.04206577595066804,0.05733812949640288,0.08101747173689619,0.05795477903391572,0.04646454265159301,0.054265159301130524,0.039948612538540595,0.03645426515930113,0.043997944501541625,0.03695786228160329,0.032127440904419324,0.010061664953751284,0.014542651593011305,0.014203494347379239,0.008540596094552929,0.010544707091469681,0.00131551901336074,3.083247687564235e-05,0.00015416238437821172,0.00046248715313463516,0.00048304213771839673,0.0,0.0,0.0,0.0,0.0,0.0,0.0,0.0,0.0,0.0,0.0,0.0,0.0,0.0,0.0,0.0,0.0,0.0,0.0,0.0,0.0,0.0,0.0,0.0,0.0,0.0,0.0,0.0,0.0,0.0,0.0,0.0,0.0,0.0,0.0,0.0,0.0,0.0,0.0,0.0,0.0,nan,nan,4.329184408778251,2.944300576664086,nan,0.9313715892354986,0.02265192273254956,0.0,0.0,0.0,0.0,0.0,0.0,0.0,0.0,0.0,0.0,0.0,0.0,0.0,0.0,0.0,0.0,0.0,0.0,0.0,0.0,0.0,0.0,0.0,0.0,0.0,0.06090133982947626,2.3020706455542026,13.325213154689406,12.448233861144947,1.8635809987819736,0.9309477144286198,0.023072301474053453,0.0,0.0,0.0,0.0,0.0,0.0,0.0,0.0,0.0,0.0,0.0,0.0,0.0,0.0,0.0,0.0,0.0,0.0,0.0,0.0,0.0,0.0,0.0,0.0,0.0,0.03746877601998335,2.8601165695253963,13.101582014987514,12.202331390507913,1.798501248959201,0.4026,0.01254,0.0,0.0,0.0,0.0,0.0,0.0,0.0,0.0,0.0,0.0,0.036540803897685756,12.801461632155888,16.906211936662608,0.2557856272838003,0.0,0.0,0.0,0.0,0.0,0.0,0.0,0.0,0.0,0.0,0.0,0.0,0.0,0.0,0.0,0.0,0.4028,0.01228,0.0,0.0,0.0,0.0,0.0,0.0,0.0,0.0,0.0,0.0,0.024979184013322237,12.264779350541197,17.572855953372194,0.1373855120732723,0.0,0.0,0.0,0.0,0.0,0.0,0.0,0.0,0.0,0.0,0.0,0.0,0.0,0.0,0.0,0.0
81800,4472,2296,0.5134168157423972,1108,908,0.45080500894454384,1275,0.5702146690518783,0.38199999999999995,2.8814338235294117,2.926442731679051,6.033536585365853,2.1439300998520814,9416.760118533066,1522.3558285920976,7853.0,10922.49429512024,10898.790614146284,7.26327103287253,7853.0,0.0,28.933139534883722,21.022301646816054,33.747232472324725,19.16966801576721,0.13148479427549195,0.09615384615384616,0.08340787119856888,0.08452593917710197,0.08564400715563507,0.07401610017889088,0.06440071556350627,0.06976744186046512,0.06082289803220036,0.053220035778175315,0.049194991055456175,0.04315742397137746,0.03756708407871199,0.029516994633273702,0.019230769230769232,0.012298747763864044,0.005590339892665474,0.9317972234088747,0.02298832303979068,0.0,0.0,0.0,0.0,0.0,0.0,0.0,0.0,0.0,0.0,0.0,0.0,0.0,0.0,0.0,0.0,0.0,0.0,0.0,0.0,0.0,0.0,0.0,0.0,0.0,0.060375670840787134,2.3814847942754924,13.349731663685155,12.236135957066193,1.9722719141323797,4.041666666666667,2.728091699154634,nan,nan,nan,3.942934782608696,2.701801749092421,4.138297872340425,2.750149179047702,1.0495476340601493,0.4026,0.0123,0.0,0.0,0.0,0.0,0.0,0.0,0.0,0.0,0.0,0.0,0.04025044722719142,12.652057245080483,17.119856887298752,0.18783542039356,0.0,0.0,0.0,0.0,0.0,0.0,0.0,0.0,0.0,0.0,0.0,0.0,0.0,0.0,0.0,0.0,nan,nan,4.041666666666667,2.728091699154634,nan,0.4026,0.06033,0.0,0.0,0.0,0.0,0.0,0.0,0.0,0.0,0.0,0.0,0.0,0.0,0.0,0.0,0.0,0.0,0.0,0.0,0.0,0.0,0.0,0.0,0.0,0.0,0.0005478533094812164,0.006272361359570662,0.0034212880143112702,0.006205277280858676,0.009358228980322004,0.005836314847942755,0.004818872987477639,0.012086314847942755,0.03232334525939177,0.04307915921288014,0.08660554561717353,0.05554561717352415,0.05967128801431127,0.03737701252236136,0.05307468694096601,0.04032871198568873,0.05651833631484794,0.07804114490161002,0.05745751341681574,0.045538908765652954,0.05295169946332737,0.0395237030411449,0.03707513416815742,0.04633273703041145,0.04010509838998211,0.030847495527728086,0.009995527728085868,0.01473613595706619,0.01345035778175313,0.008430232558139536,0.010476296958855099,0.0009279964221824687,4.472271914132379e-05,0.00029069767441860465,0.00043604651162790697,0.00026833631484794273,0.0,0.0,0.0,0.0,0.0,0.0,0.0,0.0,0.0,0.0,0.0,0.0,0.0,0.0,0.0,0.0,0.0,0.0,0.0,0.0,0.0,0.0,0.0,0.0,0.0,0.0,0.0,0.0,0.0,0.0,0.0,0.0,0.0,0.0,0.0,0.0,0.0,0.0,0.0,0.0,0.0,nan,nan,4.041666666666667,2.728091699154634,nan,0.932435863369018,0.02291866038226211,0.0,0.0,0.0,0.0,0.0,0.0,0.0,0.0,0.0,0.0,0.0,0.0,0.0,0.0,0.0,0.0,0.0,0.0,0.0,0.0,0.0,0.0,0.0,0.0,0.0,0.05226480836236935,2.2212543554006974,13.118466898954708,12.543554006968645,2.064459930313589,0.9311233643332825,0.023042415665228147,0.0,0.0,0.0,0.0,0.0,0.0,0.0,0.0,0.0,0.0,0.0,0.0,0.0,0.0,0.0,0.0,0.0,0.0,0.0,0.0,0.0,0.0,0.0,0.0,0.0,0.06893382352941178,2.5505514705882355,13.593750000000004,11.911764705882357,1.8750000000000004,0.4026,0.01245,0.0,0.0,0.0,0.0,0.0,0.0,0.0,0.0,0.0,0.0,0.03919860627177701,12.595818815330993,17.195121951219516,0.1698606271777004,0.0,0.0,0.0,0.0,0.0,0.0,0.0,0.0,0.0,0.0,0.0,0.0,0.0,0.0,0.0,0.0,0.4026,0.01215,0.0,0.0,0.0,0.0,0.0,0.0,0.0,0.0,0.0,0.0,0.041360294117647065,12.711397058823511,17.04044117647059,0.20680147058823534,0.0,0.0,0.0,0.0,0.0,0.0,0.0,0.0,0.0,0.0,0.0,0.0,0.0,0.0,0.0,0.0
81900,4178,2129,0.509573958831977,995,871,0.4466251795117281,1179,0.5643848731450455,0.418,2.9424109321620304,3.1000247554857148,6.569148936170213,2.1644710062006527,9404.757008115375,1522.3323421924727,7853.0,10922.184162139893,10898.204687602647,7.3937543663256236,7853.0,0.0,27.582096696984202,20.691448276846796,32.53329522720777,18.96769166189867,0.14169459071325993,0.10459550023934897,0.09526089037817137,0.08257539492580182,0.0823360459550024,0.07036859741503111,0.06725706079463858,0.07156534226902825,0.06031594064145524,0.05289612254667305,0.0440402106270943,0.034944949736716135,0.03542364767831498,0.022498803255146003,0.01842987075155577,0.009813307802776448,0.005983724269985639,0.930900263766343,0.023402941330779487,0.0,0.0,0.0,0.0,0.0,0.0,0.0,0.0,0.0,0.0,0.0,0.0,0.0,0.0,0.0,0.0,0.0,0.0,0.0,0.0,0.0,0.0,0.0,0.0,0.0,0.10770703685974153,2.599329822881762,13.513642891335572,11.8764959310675,1.9028243178554336,4.340210052513128,2.90176948126821,nan,nan,nan,4.374529012810852,2.930346777875981,4.306198655713219,2.8727634156658355,0.9843799510993009,0.402,0.01232,0.0,0.0,0.0,0.0,0.0,0.0,0.0,0.0,0.0,0.0,0.07898516036381045,12.982288176160823,16.802297750119678,0.1364289133556726,0.0,0.0,0.0,0.0,0.0,0.0,0.0,0.0,0.0,0.0,0.0,0.0,0.0,0.0,0.0,0.0,nan,nan,4.340210052513128,2.90176948126821,nan,0.402,0.05988,0.0,0.0,0.0,0.0,0.0,0.0,0.0,0.0,0.0,0.0,0.0,0.0,0.0,0.0,0.0,0.0,0.0,0.0,0.0,0.0,0.0,0.0,0.0,1.1967448539971277e-05,0.0003709909047391096,0.007000957395883198,0.002656773575873624,0.0046074676878889425,0.009191000478697942,0.005505026328386788,0.006019626615605553,0.013271900430828147,0.03298228817616084,0.04609861177596936,0.0864169459071326,0.05454763044518909,0.05825753949258018,0.03955241742460507,0.051842987075155576,0.03876256582096697,0.05506223073240785,0.07850646242221158,0.05971756821445668,0.045548109143130684,0.05521780756342748,0.04088080421254189,0.03380804212541886,0.046780756342747726,0.042580181905217805,0.029356151268549544,0.010746768788894207,0.0125418860698899,0.012613690761129727,0.008437051220679751,0.009538056486357109,0.0007180469123982767,1.1967448539971277e-05,0.000215414073719483,0.00035902345619913834,0.00025131641933939683,0.0,1.1967448539971277e-05,0.0,0.0,0.0,0.0,0.0,0.0,0.0,0.0,0.0,0.0,0.0,0.0,0.0,0.0,0.0,0.0,0.0,0.0,0.0,0.0,0.0,0.0,0.0,0.0,0.0,0.0,0.0,0.0,0.0,0.0,0.0,0.0,0.0,0.0,0.0,0.0,0.0,0.0,0.0,nan,nan,4.340210052513128,2.90176948126821,nan,0.9306772974188084,0.023492676894653463,0.0,0.0,0.0,0.0,0.0,0.0,0.0,0.0,0.0,0.0,0.0,0.0,0.0,0.0,0.0,0.0,0.0,0.0,0.0,0.0,0.0,0.0,0.0,0.0,0.0,0.12682010333489904,2.7054955378111796,13.541568811648665,11.794269610145612,1.831845937059653,0.9311319354861582,0.023307076792948456,0.0,0.0,0.0,0.0,0.0,0.0,0.0,0.0,0.0,0.0,0.0,0.0,0.0,0.0,0.0,0.0,0.0,0.0,0.0,0.0,0.0,0.0,0.0,0.0,0.0,0.08784773060029284,2.489019033674964,13.484626647144953,11.961932650073209,1.976573938506589,0.402,0.012535,0.0,0.0,0.0,0.0,0.0,0.0,0.0,0.0,0.0,0.0,0.07045561296383279,13.034288398309046,16.740253640206674,0.15500234852043215,0.0,0.0,0.0,0.0,0.0,0.0,0.0,0.0,0.0,0.0,0.0,0.0,0.0,0.0,0.0,0.0,0.402,0.012085,0.0,0.0,0.0,0.0,0.0,0.0,0.0,0.0,0.0,0.0,0.08784773060029284,12.928257686676409,16.866764275256227,0.11713030746705713,0.0,0.0,0.0,0.0,0.0,0.0,0.0,0.0,0.0,0.0,0.0,0.0,0.0,0.0,0.0,0.0
82000,4379,2301,0.525462434345741,1054,900,0.44622059831011646,1268,0.5791276547156885,0.39799999999999996,2.985563041385948,2.999163092378932,6.286624203821656,2.032540863540496,9453.272328075398,1520.7613382907186,7853.0,10920.399593174458,10898.455247562872,7.404968709511371,7853.0,0.0,28.420872345284312,20.947150912943677,33.46193583469277,19.054843224326426,0.13975793560173555,0.09728248458552181,0.08540762731217173,0.08677780315140443,0.078100022836264,0.07581639643754282,0.06645352820278602,0.06736697876227449,0.06188627540534369,0.05023978077186572,0.04749942909340032,0.044073989495318565,0.03699474765928294,0.02808860470427038,0.019639187029002057,0.00959123087462891,0.005023978077186572,0.9312507690673387,0.02340331649174132,0.0,0.0,0.0,0.0,0.0,0.0,0.0,0.0,0.0,0.0,0.0,0.0,0.0,0.0,0.0,0.0,0.0,0.0,0.0,0.0,0.0,0.0,0.0,0.0,0.0,0.06850879196163509,2.6307376113267873,13.263302123772554,12.078100022836267,1.9593514501027636,4.178384050367261,2.8246543700084685,nan,nan,nan,4.164095371669005,2.859937729565314,4.193435754189944,2.7898231727580782,1.0070460399923982,0.4023,0.01206,0.0,0.0,0.0,0.0,0.0,0.0,0.0,0.0,0.0,0.0,0.027403516784654035,12.84539849280656,16.997031285681665,0.13016670472710667,0.0,0.0,0.0,0.0,0.0,0.0,0.0,0.0,0.0,0.0,0.0,0.0,0.0,0.0,0.0,0.0,nan,nan,4.178384050367261,2.8246543700084685,nan,0.4023,0.05988,0.0,0.0,0.0,0.0,0.0,0.0,0.0,0.0,0.0,0.0,0.0,0.0,0.0,0.0,0.0,0.0,0.0,0.0,0.0,0.0,0.0,0.0,0.0,0.0,0.0003996346197762046,0.008072619319479333,0.0023635533226764103,0.004692852249372003,0.009431377026718429,0.005594884676866864,0.004749942909340032,0.012605617720940853,0.03277003882164878,0.0480360812970998,0.08345512674126512,0.0544873258734871,0.059088833066910255,0.042144325188399175,0.049132221968485955,0.036732130623430004,0.052374971454670016,0.07825987668417447,0.06374743092030144,0.04559260105046814,0.054544416533455126,0.04370860927152318,0.03447134048869605,0.048960949988581866,0.043297556519753366,0.027083809088833066,0.010904316053893583,0.01275405343685773,0.011087006165791276,0.007969856131536881,0.00978533911852021,0.0007307604475907741,5.709065996802923e-05,0.00018269011189769353,0.00036538022379538706,0.00036538022379538706,0.0,0.0,0.0,0.0,0.0,0.0,0.0,0.0,0.0,0.0,0.0,0.0,0.0,0.0,0.0,0.0,0.0,0.0,0.0,0.0,0.0,0.0,0.0,0.0,0.0,0.0,0.0,0.0,0.0,0.0,0.0,0.0,0.0,0.0,0.0,0.0,0.0,0.0,0.0,0.0,0.0,nan,nan,4.178384050367261,2.8246543700084685,nan,0.9313011874276004,0.023183551923692765,0.0,0.0,0.0,0.0,0.0,0.0,0.0,0.0,0.0,0.0,0.0,0.0,0.0,0.0,0.0,0.0,0.0,0.0,0.0,0.0,0.0,0.0,0.0,0.0,0.0,0.06518904823989571,2.5945241199478493,13.38983050847458,12.03389830508475,1.9165580182529338,0.9311949400745755,0.023644156522345403,0.0,0.0,0.0,0.0,0.0,0.0,0.0,0.0,0.0,0.0,0.0,0.0,0.0,0.0,0.0,0.0,0.0,0.0,0.0,0.0,0.0,0.0,0.0,0.0,0.0,0.07218479307025988,2.6708373435996156,13.123195380173247,12.12704523580366,2.006737247353225,0.4026,0.01202,0.0,0.0,0.0,0.0,0.0,0.0,0.0,0.0,0.0,0.0,0.026075619295958283,12.855280312907412,16.97522816166884,0.14341590612777055,0.0,0.0,0.0,0.0,0.0,0.0,0.0,0.0,0.0,0.0,0.0,0.0,0.0,0.0,0.0,0.0,0.402,0.012115,0.0,0.0,0.0,0.0,0.0,0.0,0.0,0.0,0.0,0.0,0.02887391722810395,12.834456207892185,17.02117420596728,0.1154956689124158,0.0,0.0,0.0,0.0,0.0,0.0,0.0,0.0,0.0,0.0,0.0,0.0,0.0,0.0,0.0,0.0
82100,4520,2367,0.5236725663716815,1089,962,0.45376106194690263,1280,0.5663716814159292,0.41,3.0445889456572224,3.167246996236336,6.8654173764906306,2.1344772519882067,9447.67205028253,1520.8866050196996,7853.0,10924.125960469246,10898.170117142812,7.225407299959412,7853.0,0.0,27.31438053097345,20.76612426752123,32.525880469583775,18.984016261696215,0.14845132743362832,0.10398230088495575,0.08738938053097345,0.08561946902654867,0.08539823008849558,0.07721238938053097,0.06902654867256637,0.061504424778761065,0.06017699115044248,0.04911504424778761,0.04336283185840708,0.03938053097345133,0.031415929203539826,0.024336283185840708,0.016150442477876108,0.011283185840707964,0.006194690265486726,0.9312266676167471,0.023143456103335083,0.0,0.0,0.0,0.0,0.0,0.0,0.0,0.0,0.0,0.0,0.0,0.0,0.0,0.0,0.0,0.0,0.0,0.0,0.0,0.0,0.0,0.0,0.0,0.0,0.0,0.08628318584070799,2.555309734513275,13.67256637168142,11.827433628318587,1.8584070796460181,4.293508287292818,2.947076810174693,nan,nan,nan,4.362128541810643,2.9365843667396008,4.224982746721877,2.955928366576051,0.9685598913983771,0.402,0.01213,0.0,0.0,0.0,0.0,0.0,0.0,0.0,0.0,0.0,0.0,0.053097345132743376,12.949115044247769,16.83849557522124,0.15929203539823011,0.0,0.0,0.0,0.0,0.0,0.0,0.0,0.0,0.0,0.0,0.0,0.0,0.0,0.0,0.0,0.0,nan,nan,4.293508287292818,2.947076810174693,nan,0.402,0.06,0.0,0.0,0.0,0.0,0.0,0.0,0.0,0.0,0.0,0.0,0.0,0.0,0.0,0.0,0.0,0.0,0.0,0.0,0.0,0.0,0.0,0.0,0.0,0.0,0.000331858407079646,0.00875,0.0023893805309734514,0.004646017699115044,0.009900442477876106,0.005829646017699115,0.004446902654867257,0.013119469026548673,0.03243362831858407,0.04886061946902655,0.08366150442477877,0.05551991150442478,0.05804203539823009,0.04021017699115044,0.05038716814159292,0.037842920353982304,0.05259955752212389,0.07682522123893805,0.06449115044247787,0.0444358407079646,0.053373893805309734,0.04320796460176991,0.03587389380530973,0.04976769911504425,0.042853982300884955,0.027146017699115045,0.011006637168141592,0.011814159292035399,0.011570796460176992,0.007267699115044247,0.009491150442477876,0.0007190265486725664,0.000165929203539823,0.0002433628318584071,0.0004092920353982301,0.0003650442477876106,0.0,0.0,0.0,0.0,0.0,0.0,0.0,0.0,0.0,0.0,0.0,0.0,0.0,0.0,0.0,0.0,0.0,0.0,0.0,0.0,0.0,0.0,0.0,0.0,0.0,0.0,0.0,0.0,0.0,0.0,0.0,0.0,0.0,0.0,0.0,0.0,0.0,0.0,0.0,0.0,0.0,nan,nan,4.293508287292818,2.947076810174693,nan,0.9309639941049519,0.023135330852335302,0.0,0.0,0.0,0.0,0.0,0.0,0.0,0.0,0.0,0.0,0.0,0.0,0.0,0.0,0.0,0.0,0.0,0.0,0.0,0.0,0.0,0.0,0.0,0.0,0.0,0.06337135614702155,2.686945500633714,13.63751584283904,11.736375158428393,1.8757921419518382,0.9315154498751862,0.023148946242799312,0.0,0.0,0.0,0.0,0.0,0.0,0.0,0.0,0.0,0.0,0.0,0.0,0.0,0.0,0.0,0.0,0.0,0.0,0.0,0.0,0.0,0.0,0.0,0.0,0.0,0.11147236414305622,2.4105898745935908,13.711100789595916,11.927542963307017,1.8392940083604277,0.4019,0.01217,0.0,0.0,0.0,0.0,0.0,0.0,0.0,0.0,0.0,0.0,0.06337135614702155,12.864385297845356,16.958174904942968,0.1140684410646388,0.0,0.0,0.0,0.0,0.0,0.0,0.0,0.0,0.0,0.0,0.0,0.0,0.0,0.0,0.0,0.0,0.4023,0.012085,0.0,0.0,0.0,0.0,0.0,0.0,0.0,0.0,0.0,0.0,0.041802136553646084,13.042266604737558,16.70692057594055,0.20901068276823043,0.0,0.0,0.0,0.0,0.0,0.0,0.0,0.0,0.0,0.0,0.0,0.0,0.0,0.0,0.0,0.0
82200,4390,2257,0.514123006833713,1086,889,0.4498861047835991,1219,0.5553530751708429,0.40599999999999997,3.008907641819034,3.147925946709354,6.62987012987013,2.208164598082457,9418.990193054222,1522.3735381641975,7853.0,10922.23151421547,10898.94459349049,7.2619102670294176,7853.0,0.0,28.356036446469247,21.00736672521335,33.3353196099675,19.18904974453615,0.14009111617312073,0.10022779043280182,0.08678815489749431,0.08291571753986332,0.0774487471526196,0.08337129840546698,0.06560364464692484,0.06013667425968109,0.06036446469248292,0.05421412300683371,0.04965831435079727,0.04373576309794989,0.03234624145785877,0.02528473804100228,0.020045558086560365,0.011161731207289294,0.006605922551252847,0.9328114394310667,0.02337094190471461,0.0,0.0,0.0,0.0,0.0,0.0,0.0,0.0,0.0,0.0,0.0,0.0,0.0,0.0,0.0,0.0,0.0,0.0,0.0,0.0,0.0,0.0,0.0,0.0,0.0,0.06833712984054671,2.1936218678815496,13.202733485193626,12.341685649202736,2.1936218678815496,4.203277545327754,2.8865393123788596,nan,nan,nan,4.232669869595059,2.8829992907095012,4.172927002126151,2.8898764882394867,0.9858852995131834,0.4023,0.0122,0.0,0.0,0.0,0.0,0.0,0.0,0.0,0.0,0.0,0.0,0.07517084282460137,13.127562642369002,16.64692482915718,0.15034168564920275,0.0,0.0,0.0,0.0,0.0,0.0,0.0,0.0,0.0,0.0,0.0,0.0,0.0,0.0,0.0,0.0,nan,nan,4.203277545327754,2.8865393123788596,nan,0.4023,0.06015,0.0,0.0,0.0,0.0,0.0,0.0,0.0,0.0,0.0,0.0,0.0,0.0,0.0,0.0,0.0,0.0,0.0,0.0,0.0,0.0,0.0,0.0,0.0,1.1389521640091117e-05,0.0005466970387243736,0.008701594533029613,0.0023006833712984056,0.005022779043280182,0.008940774487471527,0.005888382687927107,0.004886104783599089,0.013553530751708428,0.034123006833712985,0.046457858769931665,0.08225512528473804,0.05619589977220957,0.058200455580865604,0.03895216400911162,0.049157175398633256,0.03933940774487472,0.05047835990888383,0.0774487471526196,0.06380410022779043,0.04522779043280182,0.05340546697038724,0.04236902050113895,0.03825740318906606,0.049840546697038725,0.044214123006833715,0.027596810933940775,0.010284738041002278,0.011560364464692482,0.012369020501138953,0.0071867881548974945,0.00989749430523918,0.0005011389521640091,0.00010250569476082005,0.00019362186788154898,0.0003416856492027335,0.00038724373576309797,0.0,0.0,0.0,0.0,0.0,0.0,0.0,0.0,0.0,0.0,0.0,0.0,0.0,0.0,0.0,0.0,0.0,0.0,0.0,0.0,0.0,0.0,0.0,0.0,0.0,0.0,0.0,0.0,0.0,0.0,0.0,0.0,0.0,0.0,0.0,0.0,0.0,0.0,0.0,0.0,0.0,nan,nan,4.203277545327754,2.8865393123788596,nan,0.9329673267065766,0.023345482423886267,0.0,0.0,0.0,0.0,0.0,0.0,0.0,0.0,0.0,0.0,0.0,0.0,0.0,0.0,0.0,0.0,0.0,0.0,0.0,0.0,0.0,0.0,0.0,0.0,0.0,0.09304386353566683,2.1267168808152417,13.225520602569786,12.281789986708024,2.2729286663712895,0.9326464897916734,0.023396720342134955,0.0,0.0,0.0,0.0,0.0,0.0,0.0,0.0,0.0,0.0,0.0,0.0,0.0,0.0,0.0,0.0,0.0,0.0,0.0,0.0,0.0,0.0,0.0,0.0,0.0,0.042194092827004225,2.264416315049227,13.178621659634322,12.405063291139244,2.1097046413502114,0.4026,0.012375,0.0,0.0,0.0,0.0,0.0,0.0,0.0,0.0,0.0,0.0,0.09304386353566683,12.946389011962763,16.801063358440413,0.15950376606114314,0.0,0.0,0.0,0.0,0.0,0.0,0.0,0.0,0.0,0.0,0.0,0.0,0.0,0.0,0.0,0.0,0.402,0.01202,0.0,0.0,0.0,0.0,0.0,0.0,0.0,0.0,0.0,0.0,0.05625879043600564,13.319268635724313,16.48382559774965,0.1406469760900141,0.0,0.0,0.0,0.0,0.0,0.0,0.0,0.0,0.0,0.0,0.0,0.0,0.0,0.0,0.0,0.0
82300,4272,2205,0.5161516853932584,1017,856,0.438436329588015,1173,0.5491573033707865,0.426,2.9375907111756168,3.12417955958568,6.607142857142857,2.1537224538373705,9425.144038935683,1522.161870359026,7853.0,10927.509355425835,10898.89538972029,7.280446014012997,7853.0,0.0,27.5250468164794,20.743581878171014,32.483482642777155,19.076773820679268,0.13787453183520598,0.10884831460674158,0.10323033707865169,0.08146067415730338,0.07607677902621723,0.0702247191011236,0.07139513108614232,0.06320224719101124,0.060393258426966294,0.05266853932584269,0.046348314606741575,0.0351123595505618,0.0351123595505618,0.023642322097378276,0.019662921348314606,0.009363295880149813,0.0053838951310861425,0.9327953827291838,0.02355396757680707,0.0,0.0,0.0,0.0,0.0,0.0,0.0,0.0,0.0,0.0,0.0,0.0,0.0,0.0,0.0,0.0,0.0,0.0,0.0,0.0,0.0,0.0,0.0,0.0,0.0,0.05617977528089889,2.4789325842696632,12.865168539325847,12.183988764044948,2.415730337078652,4.317082247860067,2.8787587474246465,nan,nan,nan,4.274316109422492,2.88771266069066,4.358132749817651,2.8695382992635903,1.0196093686684495,0.4026,0.01252,0.0,0.0,0.0,0.0,0.0,0.0,0.0,0.0,0.0,0.0,0.03511235955056181,12.668539325842678,17.113764044943824,0.1825842696629214,0.0,0.0,0.0,0.0,0.0,0.0,0.0,0.0,0.0,0.0,0.0,0.0,0.0,0.0,0.0,0.0,nan,nan,4.317082247860067,2.8787587474246465,nan,0.4026,0.05978,0.0,0.0,0.0,0.0,0.0,0.0,0.0,0.0,0.0,0.0,0.0,0.0,0.0,0.0,0.0,0.0,0.0,0.0,0.0,0.0,0.0,0.0,2.3408239700374533e-05,4.6816479400749066e-05,0.0007724719101123596,0.00723314606741573,0.0027036516853932583,0.005793539325842697,0.009140917602996255,0.006776685393258427,0.004073033707865169,0.013986423220973782,0.03312265917602996,0.04186563670411985,0.08348548689138577,0.053522940074906364,0.058965355805243445,0.04183052434456929,0.046324906367041195,0.04116338951310861,0.05101825842696629,0.07645131086142322,0.06622191011235955,0.046828183520599254,0.05543071161048689,0.04199438202247191,0.04102294007490637,0.048735955056179774,0.042357209737827715,0.026779026217228465,0.011317883895131086,0.010966760299625468,0.012172284644194757,0.007010767790262172,0.009105805243445692,0.0005852059925093633,0.0002106741573033708,7.02247191011236e-05,0.0006905430711610487,0.0001989700374531835,0.0,0.0,0.0,0.0,0.0,0.0,0.0,0.0,0.0,0.0,0.0,0.0,0.0,0.0,0.0,0.0,0.0,0.0,0.0,0.0,0.0,0.0,0.0,0.0,0.0,0.0,0.0,0.0,0.0,0.0,0.0,0.0,0.0,0.0,0.0,0.0,0.0,0.0,0.0,0.0,0.0,nan,nan,4.317082247860067,2.8787587474246465,nan,0.932632210762863,0.023275050312267134,0.0,0.0,0.0,0.0,0.0,0.0,0.0,0.0,0.0,0.0,0.0,0.0,0.0,0.0,0.0,0.0,0.0,0.0,0.0,0.0,0.0,0.0,0.0,0.0,0.0,0.04081632653061225,2.5034013605442182,12.952380952380956,12.190476190476193,2.3129251700680276,0.9329694486148817,0.023846679723125718,0.0,0.0,0.0,0.0,0.0,0.0,0.0,0.0,0.0,0.0,0.0,0.0,0.0,0.0,0.0,0.0,0.0,0.0,0.0,0.0,0.0,0.0,0.0,0.0,0.0,0.0725689404934688,2.4528301886792456,12.772133526850512,12.177068214804068,2.5253991291727145,0.4028,0.0126,0.0,0.0,0.0,0.0,0.0,0.0,0.0,0.0,0.0,0.0,0.04081632653061225,12.51700680272107,17.23809523809524,0.20408163265306128,0.0,0.0,0.0,0.0,0.0,0.0,0.0,0.0,0.0,0.0,0.0,0.0,0.0,0.0,0.0,0.0,0.4026,0.01243,0.0,0.0,0.0,0.0,0.0,0.0,0.0,0.0,0.0,0.0,0.029027576197387526,12.830188679245264,16.981132075471702,0.1596516690856314,0.0,0.0,0.0,0.0,0.0,0.0,0.0,0.0,0.0,0.0,0.0,0.0,0.0,0.0,0.0,0.0
82400,4307,2251,0.5226375667517994,1053,869,0.4462502902252148,1171,0.5437659623868122,0.434,2.9591439688715955,3.124256183336655,6.63765541740675,2.1148555603446635,9444.838344422202,1521.3369036982158,7853.0,10925.228497743607,10898.778653676776,7.324652094311432,7853.0,0.0,27.74808451358254,20.91524169034851,32.80727575673424,19.143012900216473,0.14511260738332946,0.0940329695843975,0.10239145576967727,0.0847457627118644,0.07685163687021128,0.07383329463663803,0.06895751102855815,0.06640352913861157,0.06152774553053169,0.05015091711167866,0.04225679127002554,0.037613187833759,0.034362665428372415,0.02507545855583933,0.01694915254237288,0.012537729277919666,0.007197585326213141,0.9325313554276218,0.023195425575832547,0.0,0.0,0.0,0.0,0.0,0.0,0.0,0.0,0.0,0.0,0.0,0.0,0.0,0.0,0.0,0.0,0.0,0.0,0.0,0.0,0.0,0.0,0.0,0.0,0.0,0.07661945669839797,2.298583700951939,13.094961690271655,12.47504063153007,2.0547945205479454,4.237973760932944,2.8697174268730157,nan,nan,nan,4.273792093704246,2.8564485824812533,4.203340595497458,2.8832353722022606,0.9835154596521972,0.4028,0.012184,0.0,0.0,0.0,0.0,0.0,0.0,0.0,0.0,0.0,0.0,0.03482702577199908,12.286974692361255,17.37868586022754,0.29951242163919206,0.0,0.0,0.0,0.0,0.0,0.0,0.0,0.0,0.0,0.0,0.0,0.0,0.0,0.0,0.0,0.0,nan,nan,4.237973760932944,2.8697174268730157,nan,0.4028,0.0599,0.0,0.0,0.0,0.0,0.0,0.0,0.0,0.0,0.0,0.0,0.0,0.0,0.0,0.0,0.0,0.0,0.0,0.0,0.0,0.0,0.0,0.0,0.0,0.00012769909449732994,0.0008358486185279777,0.0075226375667517996,0.002414673786858602,0.005839331321105178,0.007627118644067797,0.007557464592523798,0.0037613187833758998,0.014720222892964941,0.03348038077548177,0.042581843510564196,0.08104248897144184,0.055549106106338515,0.05809147898769445,0.040004643603436266,0.04934989551892269,0.03944741119108428,0.04990712793127467,0.07666589273276062,0.06698397956814488,0.04652890643139076,0.05636173670768516,0.041188762479684234,0.04349895518922684,0.0475504991873694,0.03923844903645229,0.02775713954028326,0.01188762479684235,0.012050150917111679,0.012804736475504992,0.006384954724866497,0.009635477130253076,0.0006733224982586487,8.12630601346645e-05,3.4827025771999075e-05,0.0006152774553053169,0.00019735314604132806,0.0,0.0,0.0,0.0,0.0,0.0,0.0,0.0,0.0,0.0,0.0,0.0,0.0,0.0,0.0,0.0,0.0,0.0,0.0,0.0,0.0,0.0,0.0,0.0,0.0,0.0,0.0,0.0,0.0,0.0,0.0,0.0,0.0,0.0,0.0,0.0,0.0,0.0,0.0,0.0,0.0,nan,nan,4.237973760932944,2.8697174268730157,nan,0.9322868666348061,0.02306286722006884,0.0,0.0,0.0,0.0,0.0,0.0,0.0,0.0,0.0,0.0,0.0,0.0,0.0,0.0,0.0,0.0,0.0,0.0,0.0,0.0,0.0,0.0,0.0,0.0,0.0,0.0399822301199467,2.3722789871168373,13.24744557974234,12.35450910706353,1.9857840959573527,0.9327990326030245,0.02333675585980145,0.0,0.0,0.0,0.0,0.0,0.0,0.0,0.0,0.0,0.0,0.0,0.0,0.0,0.0,0.0,0.0,0.0,0.0,0.0,0.0,0.0,0.0,0.0,0.0,0.0,0.11673151750972766,2.2178988326848255,12.928015564202338,12.607003891050587,2.1303501945525296,0.4026,0.01222,0.0,0.0,0.0,0.0,0.0,0.0,0.0,0.0,0.0,0.0,0.0399822301199467,12.327854286983545,17.338960462016885,0.2932030208796091,0.0,0.0,0.0,0.0,0.0,0.0,0.0,0.0,0.0,0.0,0.0,0.0,0.0,0.0,0.0,0.0,0.4028,0.012146,0.0,0.0,0.0,0.0,0.0,0.0,0.0,0.0,0.0,0.0,0.029182879377431914,12.242217898832667,17.422178988326852,0.3064202334630351,0.0,0.0,0.0,0.0,0.0,0.0,0.0,0.0,0.0,0.0,0.0,0.0,0.0,0.0,0.0,0.0
82500,4604,2331,0.5062988705473501,1047,980,0.4402693310165074,1284,0.5577758470894874,0.40599999999999997,2.882094148702156,3.1053082599459016,6.692436974789916,2.246459760626007,9395.173803147352,1522.8756208493915,7853.0,10928.552388906479,10898.975199352386,7.307780901615458,7853.0,0.0,27.230451781059948,20.782793847941658,32.231770833333336,19.1436845273008,0.14422241529105126,0.10469157254561251,0.09622067767158993,0.09100781928757602,0.0842745438748914,0.07536924413553432,0.06255430060816682,0.06168549087749783,0.059296264118158123,0.05060816681146829,0.04170286707211121,0.03801042571676803,0.03236316246741963,0.0236750651607298,0.01737619461337967,0.008470894874022588,0.008470894874022588,0.9329845003854907,0.023194850477507564,0.0,0.0,0.0,0.0,0.0,0.0,0.0,0.0,0.0,0.0,0.0,0.0,0.0,0.0,0.0,0.0,0.0,0.0,0.0,0.0,0.0,0.0,0.0,0.0,0.0,0.04561251086012164,2.313205907906169,12.888792354474374,12.465247610773243,2.2871416159860996,4.335988915829581,2.91301504477271,nan,nan,nan,4.315426997245179,2.9123483697936523,4.3567944250871085,2.9135417643808057,1.0095859408277181,0.4023,0.012245,0.0,0.0,0.0,0.0,0.0,0.0,0.0,0.0,0.0,0.0,0.03258036490008689,12.432667245873136,17.404430929626415,0.13032145960034755,0.0,0.0,0.0,0.0,0.0,0.0,0.0,0.0,0.0,0.0,0.0,0.0,0.0,0.0,0.0,0.0,nan,nan,4.335988915829581,2.91301504477271,nan,0.4023,0.05975,0.0,0.0,0.0,0.0,0.0,0.0,0.0,0.0,0.0,0.0,0.0,0.0,0.0,0.0,0.0,0.0,0.0,0.0,0.0,0.0,0.0,0.0,3.258036490008688e-05,4.3440486533449174e-05,0.0006516072980017377,0.0076998262380538664,0.0020525629887054734,0.006027367506516073,0.007743266724587315,0.00842745438748914,0.00459383145091225,0.01543223284100782,0.03370981754995656,0.03990008688097307,0.07933318853171155,0.05567984361424848,0.060186794092093834,0.040073848827106864,0.049782797567332754,0.04211555169417897,0.04977193744569939,0.07717202432667246,0.06687662901824501,0.04549304952215465,0.05913336229365769,0.04162684622067767,0.041844048653344915,0.04523240660295395,0.03567549956559513,0.029224587315377932,0.011663770634231104,0.011153344917463075,0.013814074717636838,0.006733275412684622,0.009763249348392702,0.0006407471763683753,3.258036490008688e-05,0.0,0.0005647263249348392,2.1720243266724587e-05,3.258036490008688e-05,4.3440486533449174e-05,0.0,0.0,0.0,0.0,0.0,0.0,0.0,0.0,0.0,0.0,0.0,0.0,0.0,0.0,0.0,0.0,0.0,0.0,0.0,0.0,0.0,0.0,0.0,0.0,0.0,0.0,0.0,0.0,0.0,0.0,0.0,0.0,0.0,0.0,0.0,0.0,0.0,0.0,0.0,nan,nan,4.335988915829581,2.91301504477271,nan,0.9330525986629716,0.023100179054020075,0.0,0.0,0.0,0.0,0.0,0.0,0.0,0.0,0.0,0.0,0.0,0.0,0.0,0.0,0.0,0.0,0.0,0.0,0.0,0.0,0.0,0.0,0.0,0.0,0.0,0.06435006435006436,2.1621621621621627,13.011583011583015,12.522522522522525,2.23938223938224,0.9329146644484876,0.02329133118367845,0.0,0.0,0.0,0.0,0.0,0.0,0.0,0.0,0.0,0.0,0.0,0.0,0.0,0.0,0.0,0.0,0.0,0.0,0.0,0.0,0.0,0.0,0.0,0.0,0.0,0.026396832380114393,2.4681038275406957,12.76286845578531,12.406511218653765,2.3361196656401235,0.4026,0.012535,0.0,0.0,0.0,0.0,0.0,0.0,0.0,0.0,0.0,0.0,0.012870012870012873,12.625482625482606,17.16859716859717,0.1930501930501931,0.0,0.0,0.0,0.0,0.0,0.0,0.0,0.0,0.0,0.0,0.0,0.0,0.0,0.0,0.0,0.0,0.402,0.01194,0.0,0.0,0.0,0.0,0.0,0.0,0.0,0.0,0.0,0.0,0.05279366476022879,12.234931808183001,17.646282446106472,0.06599208095028598,0.0,0.0,0.0,0.0,0.0,0.0,0.0,0.0,0.0,0.0,0.0,0.0,0.0,0.0,0.0,0.0
82600,4657,2407,0.5168563452866652,1139,987,0.45651707107579986,1323,0.5681769379428817,0.39799999999999996,3.005333333333333,3.0563548368749482,6.495268138801261,2.1188971762591495,9427.028410092018,1521.8379000477182,7853.0,10922.038308501244,10898.388577398642,7.345698985650956,7853.0,0.0,27.76959415933004,20.769881309788705,32.83273381294964,18.96078409324588,0.14515782692720636,0.09190465965213657,0.0929783122181662,0.0897573545200773,0.08310070861069357,0.07300837449001503,0.07043160833154391,0.06420442344857204,0.06441915396177797,0.049173287524157186,0.044663946746832724,0.03929568391668456,0.031780115954477134,0.026411853124328966,0.017393171569680052,0.009018681554648916,0.007300837449001503,0.9315797062756704,0.023513658347685054,0.0,0.0,0.0,0.0,0.0,0.0,0.0,0.0,0.0,0.0,0.0,0.0,0.0,0.0,0.0,0.0,0.0,0.0,0.0,0.0,0.0,0.0,0.0,0.0,0.0,0.10307064633884477,2.5381146660940526,13.450719347219243,11.782263259609193,2.1258320807386735,4.248420352510808,2.803593470425799,nan,nan,nan,4.313868613138686,2.8685582627790214,4.181454302868579,2.735705699972935,0.9693049737614133,0.4023,0.01242,0.0,0.0,0.0,0.0,0.0,0.0,0.0,0.0,0.0,0.0,0.07730298475413358,12.465106291604018,17.296542838737388,0.16104788490444494,0.0,0.0,0.0,0.0,0.0,0.0,0.0,0.0,0.0,0.0,0.0,0.0,0.0,0.0,0.0,0.0,nan,nan,4.248420352510808,2.803593470425799,nan,0.4023,0.05978,0.0,0.0,0.0,0.0,0.0,0.0,0.0,0.0,0.0,0.0,0.0,0.0,0.0,0.0,0.0,0.0,0.0,0.0,0.0,0.0,0.0,0.0,1.0736525660296328e-05,5.368262830148164e-05,0.0006441915396177797,0.0078054541550354305,0.002362035645265192,0.006914322525230835,0.007579987116169208,0.008020184668241358,0.0055400472407129055,0.013109297831221816,0.03341206785484217,0.0394674683272493,0.07989048743826498,0.05460596950826713,0.05946961563238136,0.04192613270345716,0.049753059909813185,0.04359029418080309,0.05016104788490444,0.07533820055829933,0.06541765084818553,0.04640326390380073,0.060156753274640325,0.042505905089113165,0.041077947176293754,0.046038222031350655,0.034840025767661584,0.03035215804165772,0.011659866867081812,0.010414429890487438,0.013259609190465965,0.007000214730513206,0.009523298260682843,0.0010951256173502254,8.589220528237062e-05,0.0,0.0005153532316942238,0.0,0.0,0.0,0.0,0.0,0.0,0.0,0.0,0.0,0.0,0.0,0.0,0.0,0.0,0.0,0.0,0.0,0.0,0.0,0.0,0.0,0.0,0.0,0.0,0.0,0.0,0.0,0.0,0.0,0.0,0.0,0.0,0.0,0.0,0.0,0.0,0.0,0.0,0.0,0.0,0.0,0.0,nan,nan,4.248420352510808,2.803593470425799,nan,0.9315168098339561,0.02323972272615686,0.0,0.0,0.0,0.0,0.0,0.0,0.0,0.0,0.0,0.0,0.0,0.0,0.0,0.0,0.0,0.0,0.0,0.0,0.0,0.0,0.0,0.0,0.0,0.0,0.0,0.11217282924802661,2.4304113003739096,13.834648940589949,11.40423764021604,2.2185292895720816,0.9316469914913178,0.023803034662757426,0.0,0.0,0.0,0.0,0.0,0.0,0.0,0.0,0.0,0.0,0.0,0.0,0.0,0.0,0.0,0.0,0.0,0.0,0.0,0.0,0.0,0.0,0.0,0.0,0.0,0.09333333333333337,2.6533333333333338,13.040000000000003,12.18666666666667,2.0266666666666673,0.402,0.01253,0.0,0.0,0.0,0.0,0.0,0.0,0.0,0.0,0.0,0.0,0.09970918155380144,12.887411715828815,16.88824262567512,0.12463647694225179,0.0,0.0,0.0,0.0,0.0,0.0,0.0,0.0,0.0,0.0,0.0,0.0,0.0,0.0,0.0,0.0,0.4028,0.01228,0.0,0.0,0.0,0.0,0.0,0.0,0.0,0.0,0.0,0.0,0.053333333333333344,12.013333333333316,17.733333333333338,0.20000000000000004,0.0,0.0,0.0,0.0,0.0,0.0,0.0,0.0,0.0,0.0,0.0,0.0,0.0,0.0,0.0,0.0
82700,4454,2321,0.5211046250561293,1070,900,0.4422990570273911,1194,0.5361472833408173,0.43,2.96530707923113,3.183365750003436,6.784110535405873,2.2966574107588014,9440.12085544232,1521.4950584394674,7853.0,10921.857848882675,10898.685605402883,7.41858203049481,7853.0,0.0,27.464526268522675,20.700365705877715,32.48870360408822,18.971887029462298,0.14167040862146385,0.10597215985630894,0.09362370902559497,0.08576560395150426,0.0794791198922317,0.07566232599910193,0.06870229007633588,0.06264032330489448,0.06443646160754378,0.051414458913336326,0.0431073192635833,0.03592276605298608,0.033902110462505616,0.025819488100583744,0.01571621014818141,0.008756174225415357,0.007409070498428379,0.9324963201869482,0.023451339126959632,0.0,0.0,0.0,0.0,0.0,0.0,0.0,0.0,0.0,0.0,0.0,0.0,0.0,0.0,0.0,0.0,0.0,0.0,0.0,0.0,0.0,0.0,0.0,0.0,0.0,0.09429726088908849,2.411315671306691,12.844634036820839,12.548271216883704,2.101481814099686,4.311055812300036,2.9421985972968963,nan,nan,nan,4.287023977433004,2.9206937900474914,4.335483870967742,2.96369835172049,1.01130385409315,0.4028,0.01199,0.0,0.0,0.0,0.0,0.0,0.0,0.0,0.0,0.0,0.0,0.026942074539739565,12.258643915581482,17.57296811854513,0.14144589133363272,0.0,0.0,0.0,0.0,0.0,0.0,0.0,0.0,0.0,0.0,0.0,0.0,0.0,0.0,0.0,0.0,nan,nan,4.311055812300036,2.9421985972968963,nan,0.4028,0.05917,0.0,0.0,0.0,0.0,0.0,0.0,0.0,0.0,0.0,0.0,0.0,0.0,0.0,0.0,0.0,0.0,0.0,0.0,0.0,0.0,0.0,0.0,2.24517287831163e-05,5.612932195779075e-05,0.0005612932195779075,0.007117198024247867,0.0017063313875168389,0.006454872025145936,0.006780422092501123,0.006836551414458913,0.005175123484508307,0.012819937135159408,0.03358778625954199,0.03927929950606197,0.08134261338123036,0.05680287382128424,0.059193982936686124,0.04062640323304895,0.051066457117198025,0.04151324651998204,0.052570722945666816,0.07787382128423889,0.0669510552312528,0.044802424786708574,0.05649977548271217,0.044185002245172876,0.041434665469241135,0.044499326448136506,0.035832959137853615,0.031039515042658283,0.012483161203412663,0.010709474629546476,0.01395374943870678,0.006353839245621913,0.008172429277054333,0.0010327795240233498,7.858105074090705e-05,0.0001796138302649304,0.0004041311180960934,0.0,0.0,0.0,0.0,0.0,0.0,0.0,0.0,0.0,0.0,0.0,0.0,0.0,0.0,0.0,0.0,0.0,0.0,0.0,0.0,0.0,0.0,0.0,0.0,0.0,0.0,0.0,0.0,0.0,0.0,0.0,0.0,0.0,0.0,0.0,0.0,0.0,0.0,0.0,0.0,0.0,0.0,nan,nan,4.311055812300036,2.9421985972968963,nan,0.9321338189721673,0.023493848544547183,0.0,0.0,0.0,0.0,0.0,0.0,0.0,0.0,0.0,0.0,0.0,0.0,0.0,0.0,0.0,0.0,0.0,0.0,0.0,0.0,0.0,0.0,0.0,0.0,0.0,0.09047824213700993,2.4946143903489877,13.00301594140457,12.25333907798363,2.1585523481258084,0.9328907718135335,0.023398615816743584,0.0,0.0,0.0,0.0,0.0,0.0,0.0,0.0,0.0,0.0,0.0,0.0,0.0,0.0,0.0,0.0,0.0,0.0,0.0,0.0,0.0,0.0,0.0,0.0,0.0,0.09845288326300987,2.3206751054852326,12.67229254571027,12.869198312236291,2.039381153305204,0.4023,0.01192,0.0,0.0,0.0,0.0,0.0,0.0,0.0,0.0,0.0,0.0,0.02585092632485998,12.40844463593277,17.423524342955627,0.14218009478672988,0.0,0.0,0.0,0.0,0.0,0.0,0.0,0.0,0.0,0.0,0.0,0.0,0.0,0.0,0.0,0.0,0.403,0.01206,0.0,0.0,0.0,0.0,0.0,0.0,0.0,0.0,0.0,0.0,0.02812939521800282,12.095639943741192,17.735583684950775,0.1406469760900141,0.0,0.0,0.0,0.0,0.0,0.0,0.0,0.0,0.0,0.0,0.0,0.0,0.0,0.0,0.0,0.0
82800,4433,2342,0.5283103992781412,1111,847,0.44168734491315137,1196,0.5395894428152492,0.434,3.0569105691056913,3.1856495870356496,6.754071661237785,2.1216523049283995,9462.18455072204,1520.5196145002824,7853.0,10920.01496487856,10898.907392549449,7.2405985125474785,7853.0,0.0,28.306564403338598,21.156962191467493,33.31668009669621,19.382043591864527,0.14008572073088202,0.09699977441912926,0.09090909090909091,0.09226257613354387,0.07737423866456125,0.07692307692307693,0.06383938642003158,0.0631626438078051,0.05301150462440785,0.05301150462440785,0.04556733588991654,0.043537108053237086,0.036769681930972256,0.030678998420933905,0.01894879314234153,0.009248815700428605,0.007669749605233476,0.9329456399774111,0.023143000476117708,0.0,0.0,0.0,0.0,0.0,0.0,0.0,0.0,0.0,0.0,0.0,0.0,0.0,0.0,0.0,0.0,0.0,0.0,0.0,0.0,0.0,0.0,0.0,0.0,0.006767426122264834,0.08120911346717799,2.2467854725919247,12.729528535980153,12.682156553124297,2.2535528987141893,4.240264255910987,2.9626193044271423,nan,nan,nan,4.302622253720766,2.920124981265226,4.180204778156996,3.0017544288130353,0.9715481703145317,0.403,0.012115,0.0,0.0,0.0,0.0,0.0,0.0,0.0,0.0,0.0,0.0,0.027069704489059335,11.930972253552882,17.87953981502369,0.16241822693435598,0.0,0.0,0.0,0.0,0.0,0.0,0.0,0.0,0.0,0.0,0.0,0.0,0.0,0.0,0.0,0.0,nan,nan,4.240264255910987,2.9626193044271423,nan,0.403,0.05948,0.0,0.0,0.0,0.0,0.0,0.0,0.0,0.0,0.0,0.0,0.0,0.0,0.0,0.0,0.0,0.0,0.0,0.0,0.0,0.0,0.0,0.0,6.767426122264832e-05,7.895330475975637e-05,0.00047371982855853824,0.007071960297766749,0.002064064967290774,0.005605684637942703,0.006688472817505076,0.007478005865102639,0.004308594631175277,0.012508459282652831,0.03504398826979472,0.039600721858786374,0.0819309722535529,0.05600045116174148,0.05735393638619445,0.04348071283555154,0.05212046018497631,0.03828107376494473,0.05342882923528085,0.07603203248364539,0.06796751635461312,0.04289420257162193,0.05393638619445071,0.04590570719602978,0.03993909316489962,0.04437175727498308,0.03741258741258741,0.03307015565080081,0.013422061809158583,0.011279043537108053,0.014290548161515903,0.005707196029776675,0.00827881795623731,0.0007782540040604557,5.6395217685540266e-05,0.00024813895781637717,0.0008008120911346718,2.2558087074216106e-05,0.0,0.0,0.0,0.0,0.0,0.0,0.0,0.0,0.0,0.0,0.0,0.0,0.0,0.0,0.0,0.0,0.0,0.0,0.0,0.0,0.0,0.0,0.0,0.0,0.0,0.0,0.0,0.0,0.0,0.0,0.0,0.0,0.0,0.0,0.0,0.0,0.0,0.0,0.0,0.0,0.0,nan,nan,4.240264255910987,2.9626193044271423,nan,0.9325455663603254,0.023038249988610995,0.0,0.0,0.0,0.0,0.0,0.0,0.0,0.0,0.0,0.0,0.0,0.0,0.0,0.0,0.0,0.0,0.0,0.0,0.0,0.0,0.0,0.0,0.0,0.0,0.01280956447480786,0.08966695132365501,2.254483347566183,12.668659265584973,12.912040990606323,2.0623398804440654,0.933393737735046,0.02325159353561706,0.0,0.0,0.0,0.0,0.0,0.0,0.0,0.0,0.0,0.0,0.0,0.0,0.0,0.0,0.0,0.0,0.0,0.0,0.0,0.0,0.0,0.0,0.0,0.0,0.0,0.07173601147776185,2.23816355810617,12.797704447632714,12.424677187948353,2.4677187948350077,0.4028,0.01169,0.0,0.0,0.0,0.0,0.0,0.0,0.0,0.0,0.0,0.0,0.02561912894961572,11.84884713919725,17.984628522630235,0.14090520922288644,0.0,0.0,0.0,0.0,0.0,0.0,0.0,0.0,0.0,0.0,0.0,0.0,0.0,0.0,0.0,0.0,0.4033,0.01258,0.0,0.0,0.0,0.0,0.0,0.0,0.0,0.0,0.0,0.0,0.02869440459110474,12.022955523672866,17.761836441893834,0.18651362984218084,0.0,0.0,0.0,0.0,0.0,0.0,0.0,0.0,0.0,0.0,0.0,0.0,0.0,0.0,0.0,0.0
82900,4535,2317,0.5109151047409041,1095,913,0.4427783902976847,1256,0.5539140022050717,0.41,2.9012623985572588,3.0883720126607366,6.478740157480315,2.215359053433883,9409.222539006008,1522.6209743669945,7853.0,10920.782966673374,10898.951322568944,7.012118380007278,7853.0,0.0,27.9212789415656,20.869505279821727,32.88801261829653,19.12009126420349,0.14002205071664828,0.10033076074972437,0.09503858875413451,0.08158765159867695,0.08599779492833518,0.07453142227122382,0.06990077177508269,0.06063947078280044,0.056008820286659315,0.053362734288864386,0.04630650496141125,0.04299889746416759,0.03528114663726571,0.02249173098125689,0.017199558985667034,0.011686879823594266,0.006615214994487321,0.9326009999430823,0.023061064644741888,0.0,0.0,0.0,0.0,0.0,0.0,0.0,0.0,0.0,0.0,0.0,0.0,0.0,0.0,0.0,0.0,0.0,0.0,0.0,0.0,0.0,0.0,0.0,0.0,0.0,0.07938257993384787,2.156560088202867,13.098125689084899,12.615214994487324,2.0507166482910697,4.271917808219178,2.894142481906044,nan,nan,nan,4.208852005532504,2.848761189393948,4.3326544467074,2.9373405774784453,1.0294147765262733,0.4036,0.012215,0.0,0.0,0.0,0.0,0.0,0.0,0.0,0.0,0.0,0.0,0.02646085997794929,11.768467475192926,17.953693495038593,0.25137816979051825,0.0,0.0,0.0,0.0,0.0,0.0,0.0,0.0,0.0,0.0,0.0,0.0,0.0,0.0,0.0,0.0,nan,nan,4.271917808219178,2.894142481906044,nan,0.4036,0.05994,0.0,0.0,0.0,0.0,0.0,0.0,0.0,0.0,0.0,0.0,0.0,0.0,0.0,0.0,0.0,0.0,0.0,0.0,0.0,0.0,0.0,0.0,0.000165380374862183,1.1025358324145534e-05,0.0004410143329658214,0.006549062844542448,0.002039691289966924,0.005854465270121279,0.007364939360529218,0.007122381477398016,0.004751929437706725,0.012238147739801544,0.03476295479603087,0.04031973539140022,0.0819845644983462,0.05531422271223815,0.05567805953693495,0.045446527012127896,0.05256890848952591,0.039272326350606394,0.05205071664829107,0.07512679162072768,0.065909592061742,0.04151047409040794,0.052061742006615216,0.04523704520396913,0.04003307607497244,0.04538037486218302,0.03858875413450937,0.03520396912899669,0.01278941565600882,0.011984564498346196,0.015446527012127894,0.005567805953693495,0.009250275633958104,0.000970231532524807,0.00012127894156560088,0.00014332965821389196,0.0007056229327453142,3.3076074972436604e-05,0.0,0.0,0.0,0.0,0.0,0.0,0.0,0.0,0.0,0.0,0.0,0.0,0.0,0.0,0.0,0.0,0.0,0.0,0.0,0.0,0.0,0.0,0.0,0.0,0.0,0.0,0.0,0.0,0.0,0.0,0.0,0.0,0.0,0.0,0.0,0.0,0.0,0.0,0.0,0.0,0.0,nan,nan,4.271917808219178,2.894142481906044,nan,0.9319426939052191,0.022762235876770433,0.0,0.0,0.0,0.0,0.0,0.0,0.0,0.0,0.0,0.0,0.0,0.0,0.0,0.0,0.0,0.0,0.0,0.0,0.0,0.0,0.0,0.0,0.0,0.0,0.0,0.07768666378938284,2.278808804488563,13.1290461804057,12.688821752265865,1.8256365990504968,0.9332886893433209,0.023349338211087374,0.0,0.0,0.0,0.0,0.0,0.0,0.0,0.0,0.0,0.0,0.0,0.0,0.0,0.0,0.0,0.0,0.0,0.0,0.0,0.0,0.0,0.0,0.0,0.0,0.0,0.08115419296663662,2.0288548241659154,13.065825067628497,12.53832281334536,2.2858431018935983,0.4036,0.01228,0.0,0.0,0.0,0.0,0.0,0.0,0.0,0.0,0.0,0.0,0.025895554596460948,11.549417350021562,18.139835994820892,0.2848511005610704,0.0,0.0,0.0,0.0,0.0,0.0,0.0,0.0,0.0,0.0,0.0,0.0,0.0,0.0,0.0,0.0,0.4033,0.01213,0.0,0.0,0.0,0.0,0.0,0.0,0.0,0.0,0.0,0.0,0.027051397655545543,11.997294860234428,17.759242560865648,0.21641118124436434,0.0,0.0,0.0,0.0,0.0,0.0,0.0,0.0,0.0,0.0,0.0,0.0,0.0,0.0,0.0,0.0
83000,4396,2278,0.5181983621474068,1065,915,0.45040946314831665,1274,0.5796178343949044,0.426,3.0594900849858355,3.1176569439646626,6.60200668896321,2.130082979201284,9431.230586431657,1521.8060403206157,7853.0,10922.261381685734,10898.610912183301,7.495324547142686,7853.0,0.0,28.32029117379436,20.885324431794547,33.22060409924487,19.055839324582326,0.13876251137397635,0.09599636032757052,0.09121929026387625,0.08234758871701547,0.0832575068243858,0.06824385805277525,0.07506824385805277,0.06483166515013648,0.058689717925386714,0.057097361237488625,0.05141037306642402,0.036851683348498636,0.03503184713375796,0.024340309372156504,0.022065514103730664,0.009099181073703366,0.005686988171064604,0.9327754816133613,0.02367156066875264,0.0,0.0,0.0,0.0,0.0,0.0,0.0,0.0,0.0,0.0,0.0,0.0,0.0,0.0,0.0,0.0,0.0,0.0,0.0,0.0,0.0,0.0,0.0,0.0,0.0,0.06141947224749774,2.4090081892629667,12.843494085532305,12.38626023657871,2.2998180163785262,4.324116205810291,2.867013241326796,nan,nan,nan,4.289343683839097,2.8871223936712638,4.358333333333333,2.846672033562466,1.0160839640232533,0.4026,0.01243,0.0,0.0,0.0,0.0,0.0,0.0,0.0,0.0,0.0,0.0,0.05459508644222021,12.597816196542293,17.142857142857146,0.2047315741583258,0.0,0.0,0.0,0.0,0.0,0.0,0.0,0.0,0.0,0.0,0.0,0.0,0.0,0.0,0.0,0.0,nan,nan,4.324116205810291,2.867013241326796,nan,0.4026,0.05975,0.0,0.0,0.0,0.0,0.0,0.0,0.0,0.0,0.0,0.0,0.0,0.0,0.0,0.0,0.0,0.0,0.0,0.0,0.0,0.0,0.0,0.0,5.6869881710646044e-05,1.1373976342129209e-05,0.0007506824385805277,0.006244313011828935,0.002195177434030937,0.006119199272065514,0.007802547770700637,0.007074613284804368,0.004993175614194723,0.013136942675159236,0.03615787079162875,0.039308462238398546,0.08045950864422202,0.056949499545040944,0.056232939035486804,0.0474294813466788,0.05399226569608735,0.042026842584167425,0.04889672429481347,0.07631938125568699,0.0647179253867152,0.04235668789808917,0.05361692447679709,0.04099181073703367,0.04037761601455869,0.04359645131938126,0.03836442220200182,0.03624886260236579,0.012625113739763421,0.011749317561419472,0.013182438580527752,0.005425386715195633,0.008450864422202001,0.0008985441310282074,0.00018198362147406734,0.00017060964513193814,0.0008530482256596906,3.4121929026387626e-05,0.0,0.0,0.0,0.0,0.0,0.0,0.0,0.0,0.0,0.0,0.0,0.0,0.0,0.0,0.0,0.0,0.0,0.0,0.0,0.0,0.0,0.0,0.0,0.0,0.0,0.0,0.0,0.0,0.0,0.0,0.0,0.0,0.0,0.0,0.0,0.0,0.0,0.0,0.0,0.0,0.0,nan,nan,4.324116205810291,2.867013241326796,nan,0.9322988633998556,0.023818506806905896,0.0,0.0,0.0,0.0,0.0,0.0,0.0,0.0,0.0,0.0,0.0,0.0,0.0,0.0,0.0,0.0,0.0,0.0,0.0,0.0,0.0,0.0,0.0,0.0,0.0,0.05267778753292363,2.6207199297629504,13.024582967515368,12.063213345039511,2.238805970149254,0.9332881049799177,0.02350170246824711,0.0,0.0,0.0,0.0,0.0,0.0,0.0,0.0,0.0,0.0,0.0,0.0,0.0,0.0,0.0,0.0,0.0,0.0,0.0,0.0,0.0,0.0,0.0,0.0,0.0,0.07082152974504251,2.1813031161473093,12.648725212464592,12.733711048158643,2.3654390934844196,0.402,0.01262,0.0,0.0,0.0,0.0,0.0,0.0,0.0,0.0,0.0,0.0,0.07901668129938544,13.287971905179964,16.435469710272173,0.19754170324846362,0.0,0.0,0.0,0.0,0.0,0.0,0.0,0.0,0.0,0.0,0.0,0.0,0.0,0.0,0.0,0.0,0.403,0.0122,0.0,0.0,0.0,0.0,0.0,0.0,0.0,0.0,0.0,0.0,0.028328611898017005,11.855524079320096,17.903682719546747,0.21246458923512754,0.0,0.0,0.0,0.0,0.0,0.0,0.0,0.0,0.0,0.0,0.0,0.0,0.0,0.0,0.0,0.0
83100,4578,2374,0.5185670598514636,1118,944,0.4504150283966798,1296,0.5661861074705111,0.41,3.0367513611615244,3.1441489994781104,6.697411003236246,2.1302323200123516,9432.543856036044,1521.947747684636,7853.0,10934.021091341972,10898.97800039301,7.335475862728574,7853.0,0.0,28.09916994320664,20.765815328287328,33.03299558326838,18.95868537082959,0.13914373088685014,0.09895150720838794,0.08737439930100481,0.08802970729576234,0.07623416339012669,0.07841852337265182,0.07011795543905636,0.06618610747051114,0.05701179554390563,0.05832241153342071,0.051550895587592835,0.03910004368719965,0.027741371778069027,0.027304499781564,0.017693315858453473,0.010921799912625601,0.005897771952817824,0.9336758560752078,0.023602690689019063,0.0,0.0,0.0,0.0,0.0,0.0,0.0,0.0,0.0,0.0,0.0,0.0,0.0,0.0,0.0,0.0,0.0,0.0,0.0,0.0,0.0,0.0,0.0,0.0,0.0,0.06553079947575362,2.3460026212319796,12.37876802096986,12.811271297509833,2.3984272608125825,4.330293819655521,2.907499569532983,nan,nan,nan,4.397068620919387,2.899533273790367,4.261643835616439,2.9140721466509127,0.9692011207970113,0.4019,0.01201,0.0,0.0,0.0,0.0,0.0,0.0,0.0,0.0,0.0,0.0,0.019659239842726085,13.309305373525538,16.566186107470514,0.10484927916120579,0.0,0.0,0.0,0.0,0.0,0.0,0.0,0.0,0.0,0.0,0.0,0.0,0.0,0.0,0.0,0.0,nan,nan,4.330293819655521,2.907499569532983,nan,0.4019,0.0597,0.0,0.0,0.0,0.0,0.0,0.0,0.0,0.0,0.0,0.0,0.0,0.0,0.0,0.0,0.0,0.0,0.0,0.0,0.0,0.0,0.0,0.0,0.00010921799912625601,0.0,0.0008082131935342945,0.006618610747051114,0.002348186981214504,0.006061598951507209,0.006760594145915247,0.0069571865443425075,0.006159895150720839,0.013881607688947138,0.036260375709917,0.04081476627348187,0.08197903014416776,0.05851900393184797,0.0554608999563128,0.04522717343818261,0.05461992136304063,0.043283093053735254,0.048951507208387944,0.07581913499344692,0.06237439930100481,0.042671472258628225,0.053320227173438185,0.04127348186981215,0.039951944080384445,0.04356705985146352,0.03702490170380079,0.039187418086500656,0.011981214504150284,0.010779816513761468,0.012680209698558322,0.0038117081695063348,0.008628221930974225,0.0009174311926605505,0.0001310615989515072,6.55307994757536e-05,0.0009938837920489296,0.0,0.0,0.0,0.0,0.0,0.0,0.0,0.0,0.0,0.0,0.0,0.0,0.0,0.0,0.0,0.0,0.0,0.0,0.0,0.0,0.0,0.0,0.0,0.0,0.0,0.0,0.0,0.0,0.0,0.0,0.0,0.0,0.0,0.0,0.0,0.0,0.0,0.0,0.0,0.0,0.0,0.0,nan,nan,4.330293819655521,2.907499569532983,nan,0.9336336681897036,0.02374936462776556,0.0,0.0,0.0,0.0,0.0,0.0,0.0,0.0,0.0,0.0,0.0,0.0,0.0,0.0,0.0,0.0,0.0,0.0,0.0,0.0,0.0,0.0,0.0,0.0,0.0,0.07582139848357204,2.3251895534962093,12.510530749789389,12.687447346251057,2.4010109519797815,0.9337212980172163,0.02344359196053469,0.0,0.0,0.0,0.0,0.0,0.0,0.0,0.0,0.0,0.0,0.0,0.0,0.0,0.0,0.0,0.0,0.0,0.0,0.0,0.0,0.0,0.0,0.0,0.0,0.0,0.05444646098003631,2.368421052631579,12.236842105263161,12.944646098003632,2.3956442831215976,0.402,0.01204,0.0,0.0,0.0,0.0,0.0,0.0,0.0,0.0,0.0,0.0,0.012636899747262008,13.129738837405204,16.74389216512216,0.11373209772535807,0.0,0.0,0.0,0.0,0.0,0.0,0.0,0.0,0.0,0.0,0.0,0.0,0.0,0.0,0.0,0.0,0.4019,0.01196,0.0,0.0,0.0,0.0,0.0,0.0,0.0,0.0,0.0,0.0,0.027223230490018156,13.502722323048982,16.37477313974592,0.09528130671506355,0.0,0.0,0.0,0.0,0.0,0.0,0.0,0.0,0.0,0.0,0.0,0.0,0.0,0.0,0.0,0.0
83200,4551,2327,0.5113161942430235,1128,931,0.45242803779389146,1259,0.5532849923093826,0.41,2.869154676258993,3.063838461792682,6.563934426229508,2.089790387706992,9410.395139777,1522.5463265837195,7853.0,10922.770152330399,10898.855299151322,7.2260295507107255,7853.0,0.0,28.135794330916283,20.79976462723412,33.03419472722527,19.017395219431684,0.13623379477038014,0.0973412436827071,0.09184794550648209,0.0907492858712371,0.07932322566468908,0.07976268951878708,0.06569984618765107,0.06526038233355307,0.05669083717864205,0.05097780707536805,0.04636343660733905,0.041968798066359045,0.038013623379477036,0.02702702702702703,0.016919358382773017,0.01076686442540101,0.005053834322127005,0.9347703883187427,0.023014204056736414,0.0,0.0,0.0,0.0,0.0,0.0,0.0,0.0,0.0,0.0,0.0,0.0,0.0,0.0,0.0,0.0,0.0,0.0,0.0,0.0,0.0,0.0,0.0,0.0,0.0,0.06591957811470008,1.9446275543836524,12.188529993408045,13.282794990112066,2.518127883981543,4.125801011804384,2.8633920274856037,nan,nan,nan,4.228494623655914,2.8386625831056045,4.022357723577236,2.8853736137637416,0.9512505233126076,0.4006,0.01206,0.0,0.0,0.0,0.0,0.0,0.0,0.0,0.0,0.0,0.0,0.03295978905735004,14.647330257086333,15.187870797626898,0.13183915622940015,0.0,0.0,0.0,0.0,0.0,0.0,0.0,0.0,0.0,0.0,0.0,0.0,0.0,0.0,0.0,0.0,nan,nan,4.125801011804384,2.8633920274856037,nan,0.4006,0.05927,0.0,0.0,0.0,0.0,0.0,0.0,0.0,0.0,0.0,0.0,0.0,0.0,0.0,0.0,0.0,0.0,0.0,0.0,0.0,0.0,0.0,0.0,7.690617446715008e-05,3.295978905735003e-05,0.0013183915622940012,0.006438145462535706,0.002812568666227203,0.006515051637002857,0.006888595912986157,0.007470885519666007,0.005987695012085256,0.015436167875192265,0.03344319929685784,0.04234234234234234,0.08292682926829269,0.05947044605581191,0.058053175126345856,0.044495715227422544,0.054328718962865306,0.045901999560536144,0.048461876510657,0.07685124148538783,0.06308503625576796,0.04178202592836739,0.05053834322127005,0.04425401010766864,0.04054054054054054,0.04145242803779389,0.038002636783124585,0.03756317292902659,0.009591298615688859,0.009624258404746209,0.011195341683146561,0.002845528455284553,0.008492638980443858,0.0005053834322127005,8.789277081960009e-05,8.789277081960009e-05,0.001098659635245001,0.0,0.0,0.0,0.0,0.0,0.0,0.0,0.0,0.0,0.0,0.0,0.0,0.0,0.0,0.0,0.0,0.0,0.0,0.0,0.0,0.0,0.0,0.0,0.0,0.0,0.0,0.0,0.0,0.0,0.0,0.0,0.0,0.0,0.0,0.0,0.0,0.0,0.0,0.0,0.0,0.0,0.0,nan,nan,4.125801011804384,2.8633920274856037,nan,0.9347592282561616,0.023288035112701517,0.0,0.0,0.0,0.0,0.0,0.0,0.0,0.0,0.0,0.0,0.0,0.0,0.0,0.0,0.0,0.0,0.0,0.0,0.0,0.0,0.0,0.0,0.0,0.0,0.0,0.09024495058014613,1.9982810485603786,12.260421143102711,13.046841426729697,2.604211431027074,0.93478206523674,0.02272415299148608,0.0,0.0,0.0,0.0,0.0,0.0,0.0,0.0,0.0,0.0,0.0,0.0,0.0,0.0,0.0,0.0,0.0,0.0,0.0,0.0,0.0,0.0,0.0,0.0,0.0,0.04046762589928058,1.888489208633094,12.11330935251799,13.52967625899281,2.428057553956835,0.4004,0.012085,0.0,0.0,0.0,0.0,0.0,0.0,0.0,0.0,0.0,0.0,0.0386764073914912,14.774387623549613,15.05801461108724,0.1289213579716373,0.0,0.0,0.0,0.0,0.0,0.0,0.0,0.0,0.0,0.0,0.0,0.0,0.0,0.0,0.0,0.0,0.4006,0.01203,0.0,0.0,0.0,0.0,0.0,0.0,0.0,0.0,0.0,0.0,0.026978417266187056,14.514388489208612,15.323741007194247,0.13489208633093527,0.0,0.0,0.0,0.0,0.0,0.0,0.0,0.0,0.0,0.0,0.0,0.0,0.0,0.0,0.0,0.0
83300,4477,2346,0.5240116149207058,1073,904,0.4415903506812598,1234,0.5512620058074603,0.43,3.0788362271234164,3.2275471037344476,6.819237147595357,2.271496481869189,9449.27810926052,1521.384164416469,7853.0,10929.180183649063,10899.264746444736,7.289993991260956,7853.0,0.0,27.91512173330355,20.957788320325562,32.975173518419645,19.171415275817445,0.14362296180477999,0.09649318740227832,0.09515300424391333,0.09001563547018092,0.07706053160598615,0.07482689300871119,0.0690194326557963,0.059638150547241454,0.05561760107214653,0.05450078177350905,0.04757650212195667,0.04288586106767925,0.032164395800759436,0.02524011614920706,0.018985928076837168,0.012285012285012284,0.004914004914004914,0.9356219385494099,0.022992555036195118,0.0,0.0,0.0,0.0,0.0,0.0,0.0,0.0,0.0,0.0,0.0,0.0,0.0,0.0,0.0,0.0,0.0,0.0,0.0,0.0,0.0,0.0,0.0,0.0,0.0,0.040205494750949304,1.72883627429082,11.860620951530045,13.63636363636364,2.7339736430645525,4.364874301675978,2.9675683169968483,nan,nan,nan,4.372318339100346,2.9620077280475074,4.357293868921776,2.9732009511674473,0.9965637291218686,0.4006,0.012215,0.0,0.0,0.0,0.0,0.0,0.0,0.0,0.0,0.0,0.0,0.053607326334599074,14.259548805003329,15.593031047576506,0.09381282108554838,0.0,0.0,0.0,0.0,0.0,0.0,0.0,0.0,0.0,0.0,0.0,0.0,0.0,0.0,0.0,0.0,nan,nan,4.364874301675978,2.9675683169968483,nan,0.4006,0.05975,0.0,0.0,0.0,0.0,0.0,0.0,0.0,0.0,0.0,0.0,0.0,0.0,0.0,0.0,0.0,0.0,0.0,0.0,0.0,0.0,0.0,0.0,0.00011168192986374804,1.1168192986374804e-05,0.0010609783337056065,0.006343533616260889,0.003551485369667188,0.00743801652892562,0.006310029037301765,0.007538530265802993,0.006008487826669645,0.015188742461469734,0.03348224257315167,0.044661603752512845,0.07817735090462363,0.05847665847665848,0.06169309805673442,0.043477775295957116,0.05614250614250614,0.04551038641947733,0.04907303998213089,0.07492740674558857,0.06279874916238552,0.04387983024346661,0.047989725262452536,0.041478668751396025,0.03882063882063882,0.042662497207951754,0.03923386196113469,0.037737324100960465,0.010073710073710074,0.009850346213982578,0.01145856600402055,0.0033951306678579405,0.009124413669868216,0.0007371007371007371,7.817735090462363e-05,6.700915791824883e-05,0.0014183605092696003,1.1168192986374804e-05,0.0,0.0,0.0,0.0,0.0,0.0,0.0,0.0,0.0,0.0,0.0,0.0,0.0,0.0,0.0,0.0,0.0,0.0,0.0,0.0,0.0,0.0,0.0,0.0,0.0,0.0,0.0,0.0,0.0,0.0,0.0,0.0,0.0,0.0,0.0,0.0,0.0,0.0,0.0,0.0,0.0,nan,nan,4.364874301675978,2.9675683169968483,nan,0.9358438234855655,0.022975216611085345,0.0,0.0,0.0,0.0,0.0,0.0,0.0,0.0,0.0,0.0,0.0,0.0,0.0,0.0,0.0,0.0,0.0,0.0,0.0,0.0,0.0,0.0,0.0,0.0,0.0,0.025575447570332487,1.841432225063939,11.624040920716116,13.823529411764708,2.685421994884911,0.9353776672869879,0.023009153369589697,0.0,0.0,0.0,0.0,0.0,0.0,0.0,0.0,0.0,0.0,0.0,0.0,0.0,0.0,0.0,0.0,0.0,0.0,0.0,0.0,0.0,0.0,0.0,0.0,0.0,0.056311590802440185,1.6048803378695453,12.12106992022525,13.430314406381983,2.7874237447207886,0.401,0.01232,0.0,0.0,0.0,0.0,0.0,0.0,0.0,0.0,0.0,0.0,0.06393861892583122,14.207161125319672,15.613810741687983,0.11508951406649619,0.0,0.0,0.0,0.0,0.0,0.0,0.0,0.0,0.0,0.0,0.0,0.0,0.0,0.0,0.0,0.0,0.4006,0.01209,0.0,0.0,0.0,0.0,0.0,0.0,0.0,0.0,0.0,0.0,0.04223369310183013,14.317221961520392,15.57015485687471,0.07038948850305023,0.0,0.0,0.0,0.0,0.0,0.0,0.0,0.0,0.0,0.0,0.0,0.0,0.0,0.0,0.0,0.0
83400,4717,2439,0.517065931736273,1151,958,0.4471062115751537,1332,0.5647657409370362,0.41,2.9920983318700616,3.11090422491024,6.62402496099844,2.1807518546324873,9427.980486587685,1522.1199317823714,7853.0,10924.942007780075,10898.995471600701,7.513512464426607,7853.0,0.0,27.93173627305491,20.90379965866453,33.02181080395638,19.085563072550737,0.1454314182743269,0.09730761076955692,0.08776764892940428,0.08373966504133984,0.0871316514733941,0.07292770828916684,0.06847572609709561,0.06529573881704473,0.055119779520881915,0.05639177443290227,0.04663981344074624,0.03943184227263091,0.03349586601653593,0.025015899936400254,0.017807928768284926,0.011023955904176383,0.006995972016111935,0.9350653869483541,0.023473168669847187,0.0,0.0,0.0,0.0,0.0,0.0,0.0,0.0,0.0,0.0,0.0,0.0,0.0,0.0,0.0,0.0,0.0,0.0,0.0,0.0,0.0,0.0,0.0,0.0,0.0,0.08267966928132289,2.0351918592325635,11.924952300190803,13.349586601653597,2.607589569641722,4.378298153034301,2.8780795150144707,nan,nan,nan,4.41056105610561,2.890822056174259,4.348284960422164,2.8645897380508734,0.9858802327206792,0.4,0.01225,0.0,0.0,0.0,0.0,0.0,0.0,0.0,0.0,0.0,0.0,0.08267966928132289,15.136739453042166,14.716981132075475,0.06359974560101761,0.0,0.0,0.0,0.0,0.0,0.0,0.0,0.0,0.0,0.0,0.0,0.0,0.0,0.0,0.0,0.0,nan,nan,4.378298153034301,2.8780795150144707,nan,0.4,0.05966,0.0,0.0,0.0,0.0,0.0,0.0,0.0,0.0,0.0,0.0,0.0,0.0,0.0,0.0,0.0,0.0,0.0,0.0,0.0,0.0,0.0,0.0,0.0001377994488022048,2.1199915200339197e-05,0.0012401950392198432,0.006253974984100063,0.004049183803264787,0.008490566037735849,0.006571973712105152,0.00874496502013992,0.005628577485690057,0.014490142039431842,0.033103667585329656,0.046470214119143524,0.07702989188043248,0.058628365486538055,0.05898876404494382,0.04350222599109604,0.05953996184015264,0.04437142251430994,0.04918380326478694,0.07752808988764046,0.0622747509009964,0.044806020775916895,0.04648081407674369,0.04389442442230231,0.03712105151579394,0.04159423362306551,0.03739665041339835,0.03773584905660377,0.010928556285774858,0.009995760016959933,0.010016959932160271,0.0031587873648505405,0.008363366546533814,0.0006677973288106848,6.35997456010176e-05,8.479966080135679e-05,0.0014415942336230656,0.0,0.0,0.0,0.0,0.0,0.0,0.0,0.0,0.0,0.0,0.0,0.0,0.0,0.0,0.0,0.0,0.0,0.0,0.0,0.0,0.0,0.0,0.0,0.0,0.0,0.0,0.0,0.0,0.0,0.0,0.0,0.0,0.0,0.0,0.0,0.0,0.0,0.0,0.0,0.0,0.0,0.0,nan,nan,4.378298153034301,2.8780795150144707,nan,0.9353021296041332,0.023989390286467623,0.0,0.0,0.0,0.0,0.0,0.0,0.0,0.0,0.0,0.0,0.0,0.0,0.0,0.0,0.0,0.0,0.0,0.0,0.0,0.0,0.0,0.0,0.0,0.0,0.0,0.09840098400984013,2.0910209102091026,11.549815498154985,13.603936039360397,2.6568265682656835,0.9348119122611523,0.022904858508474756,0.0,0.0,0.0,0.0,0.0,0.0,0.0,0.0,0.0,0.0,0.0,0.0,0.0,0.0,0.0,0.0,0.0,0.0,0.0,0.0,0.0,0.0,0.0,0.0,0.0,0.06584723441615453,1.975417032484636,12.32660228270413,13.077260755048291,2.5548726953467957,0.4004,0.01206,0.0,0.0,0.0,0.0,0.0,0.0,0.0,0.0,0.0,0.0,0.08610086100861011,14.735547355473534,15.141451414514147,0.036900369003690044,0.0,0.0,0.0,0.0,0.0,0.0,0.0,0.0,0.0,0.0,0.0,0.0,0.0,0.0,0.0,0.0,0.3997,0.012436,0.0,0.0,0.0,0.0,0.0,0.0,0.0,0.0,0.0,0.0,0.07901668129938544,15.566286215978906,14.262510974539072,0.09218612818261636,0.0,0.0,0.0,0.0,0.0,0.0,0.0,0.0,0.0,0.0,0.0,0.0,0.0,0.0,0.0,0.0
83500,4517,2344,0.5189284923621873,1130,892,0.4476422404250609,1248,0.5525791454505202,0.422,3.0497008743672342,3.17205877663893,6.638668779714738,2.186841676089884,9433.452433442842,1521.7208797624398,7853.0,10921.70905637741,10898.607355742884,7.182894806471869,7853.0,0.0,28.694044719946866,21.095244388220603,33.52522875816994,19.30229974056115,0.1319459818463582,0.09851671463360638,0.08479079034757582,0.09320345361965907,0.07947752933362852,0.07150763781270755,0.06530883329643569,0.07150763781270755,0.05756032765109586,0.050918751383661726,0.053353996015054236,0.04361301748948417,0.03520035421740093,0.020810272304626964,0.02258135930927607,0.012618994908124861,0.007084348018596413,0.9344007491484823,0.023161152347681735,0.0,0.0,0.0,0.0,0.0,0.0,0.0,0.0,0.0,0.0,0.0,0.0,0.0,0.0,0.0,0.0,0.0,0.0,0.0,0.0,0.0,0.0,0.0,0.0,0.0,0.07969891520920966,2.08545494797432,12.286916094753158,13.103829975647557,2.4441000664157633,4.287068381855112,2.94042436867597,nan,nan,nan,4.279211956521739,3.0016123255511395,4.295070898041864,2.879302143857376,1.0037060425333582,0.4001,0.01202,0.0,0.0,0.0,0.0,0.0,0.0,0.0,0.0,0.0,0.0,0.08634049147664381,14.784148771308368,15.04981182200576,0.07969891520920966,0.0,0.0,0.0,0.0,0.0,0.0,0.0,0.0,0.0,0.0,0.0,0.0,0.0,0.0,0.0,0.0,nan,nan,4.287068381855112,2.94042436867597,nan,0.4001,0.0595,0.0,0.0,0.0,0.0,0.0,0.0,0.0,0.0,0.0,0.0,0.0,0.0,0.0,0.0,0.0,0.0,0.0,0.0,0.0,0.0,0.0,0.0,0.00023245516936019482,0.0,0.0009851671463360638,0.007006862962143015,0.0034646889528448083,0.008102723046269649,0.006320566747841488,0.007460704007084348,0.005224706663714855,0.015220278946203232,0.031779942439672346,0.04944653531104715,0.07737436351560771,0.05707327872481736,0.06261899490812486,0.04239539517378791,0.058534425503652864,0.044188620765995126,0.04975647553686075,0.07597963249944653,0.062320123976090325,0.044564976754483066,0.047310161611689175,0.041222050033207884,0.0363626300642019,0.043624086783263225,0.040458268762452954,0.037458490148328534,0.01120212530440558,0.01059331414655745,0.008600841266327208,0.0030329864954615894,0.008301970334292672,0.000531326101394731,0.00013283152534868274,0.00016603940668585344,0.0009519592649988931,0.0,0.0,0.0,0.0,0.0,0.0,0.0,0.0,0.0,0.0,0.0,0.0,0.0,0.0,0.0,0.0,0.0,0.0,0.0,0.0,0.0,0.0,0.0,0.0,0.0,0.0,0.0,0.0,0.0,0.0,0.0,0.0,0.0,0.0,0.0,0.0,0.0,0.0,0.0,0.0,0.0,0.0,nan,nan,4.287068381855112,2.94042436867597,nan,0.934114127232353,0.023053791176650185,0.0,0.0,0.0,0.0,0.0,0.0,0.0,0.0,0.0,0.0,0.0,0.0,0.0,0.0,0.0,0.0,0.0,0.0,0.0,0.0,0.0,0.0,0.0,0.0,0.0,0.10238907849829354,2.162969283276451,12.389078498293518,12.952218430034133,2.3933447098976113,0.9347099262176984,0.02327244962836573,0.0,0.0,0.0,0.0,0.0,0.0,0.0,0.0,0.0,0.0,0.0,0.0,0.0,0.0,0.0,0.0,0.0,0.0,0.0,0.0,0.0,0.0,0.0,0.0,0.0,0.05522319374137139,2.0018407731247128,12.176714219972391,13.267372296364476,2.4988495167970552,0.4001,0.01182,0.0,0.0,0.0,0.0,0.0,0.0,0.0,0.0,0.0,0.0,0.06399317406143346,14.808020477815678,15.063993174061437,0.06399317406143346,0.0,0.0,0.0,0.0,0.0,0.0,0.0,0.0,0.0,0.0,0.0,0.0,0.0,0.0,0.0,0.0,0.4,0.01222,0.0,0.0,0.0,0.0,0.0,0.0,0.0,0.0,0.0,0.0,0.11044638748274278,14.758398527381479,15.034514496088361,0.09664058904739993,0.0,0.0,0.0,0.0,0.0,0.0,0.0,0.0,0.0,0.0,0.0,0.0,0.0,0.0,0.0,0.0
83600,4673,2414,0.516584635138027,1132,957,0.4470361652043655,1310,0.5606676653113631,0.41,2.952191235059761,3.121618960941806,6.602564102564102,2.117326226270993,9426.56080137797,1522.2134084224383,7853.0,10922.231250047684,10899.085180132248,7.232131319205999,7853.0,0.0,27.60731863898994,20.6895284313451,32.620168927565906,18.922567491031735,0.14294885512518724,0.09907982024395463,0.09544190027819388,0.08923603680719024,0.08131821099935801,0.0708324416862829,0.06719452172052215,0.0659105499679007,0.05735073828375776,0.051786860689064844,0.04900492189171838,0.04365503958912904,0.03060132677081104,0.021613524502460946,0.01840359512090734,0.010485769313075112,0.005135887010485769,0.9359369151550928,0.023235520038614177,0.0,0.0,0.0,0.0,0.0,0.0,0.0,0.0,0.0,0.0,0.0,0.0,0.0,0.0,0.0,0.0,0.0,0.0,0.0,0.0,0.0,0.0,0.0,0.0,0.0,0.05777872886796492,1.6627434196447681,12.017975604536703,13.462443826235827,2.799058420714745,4.254101104787412,2.914019382109953,nan,nan,nan,4.304260985352863,2.910785390750719,4.203367003367004,2.916409300620006,0.9765595110684052,0.3997,0.01204,0.0,0.0,0.0,0.0,0.0,0.0,0.0,0.0,0.0,0.0,0.05777872886796492,15.112347528354354,14.78493473143591,0.0449390113417505,0.0,0.0,0.0,0.0,0.0,0.0,0.0,0.0,0.0,0.0,0.0,0.0,0.0,0.0,0.0,0.0,nan,nan,4.254101104787412,2.914019382109953,nan,0.3997,0.05948,0.0,0.0,0.0,0.0,0.0,0.0,0.0,0.0,0.0,0.0,0.0,0.0,0.0,0.0,0.0,0.0,0.0,0.0,0.0,0.0,0.0,0.0,0.00041729081960196877,0.0,0.0015300663385405522,0.0066231542906056064,0.003028033383265568,0.00846351380269634,0.0065161566445538196,0.007618232398887224,0.004750695484699336,0.015075968328696768,0.032366787930665525,0.04780654825593837,0.07626792210571368,0.05992938155360582,0.06587845067408517,0.04324844853413225,0.05686924887652472,0.04509950781082816,0.04900492189171838,0.07657821527926385,0.061213353306227264,0.044660817462015834,0.047196661673443184,0.04019901562165632,0.03520222555103788,0.04286325700834582,0.039760325272844,0.038808046222983096,0.0120479349454312,0.008998502032955274,0.009073400385191525,0.002921035737213781,0.008570511448748128,0.00039589129039161136,2.1399529210357373e-05,0.00013909693986732292,0.0008559811684142949,0.0,0.0,0.0,0.0,0.0,0.0,0.0,0.0,0.0,0.0,0.0,0.0,0.0,0.0,0.0,0.0,0.0,0.0,0.0,0.0,0.0,0.0,0.0,0.0,0.0,0.0,0.0,0.0,0.0,0.0,0.0,0.0,0.0,0.0,0.0,0.0,0.0,0.0,0.0,0.0,0.0,0.0,nan,nan,4.254101104787412,2.914019382109953,nan,0.9361632416686838,0.023009082948185777,0.0,0.0,0.0,0.0,0.0,0.0,0.0,0.0,0.0,0.0,0.0,0.0,0.0,0.0,0.0,0.0,0.0,0.0,0.0,0.0,0.0,0.0,0.0,0.0,0.0,0.037282518641259324,1.6155758077879043,12.365368682684345,13.048881524440766,2.932891466445734,0.9356950593765144,0.023472668101004974,0.0,0.0,0.0,0.0,0.0,0.0,0.0,0.0,0.0,0.0,0.0,0.0,0.0,0.0,0.0,0.0,0.0,0.0,0.0,0.0,0.0,0.0,0.0,0.0,0.0,0.07968127490039842,1.7131474103585662,11.646746347941571,13.904382470119526,2.656042496679947,0.4,0.01197,0.0,0.0,0.0,0.0,0.0,0.0,0.0,0.0,0.0,0.0,0.07456503728251865,14.826014913007436,15.037282518641263,0.062137531068765545,0.0,0.0,0.0,0.0,0.0,0.0,0.0,0.0,0.0,0.0,0.0,0.0,0.0,0.0,0.0,0.0,0.3997,0.01211,0.0,0.0,0.0,0.0,0.0,0.0,0.0,0.0,0.0,0.0,0.03984063745019921,15.418326693227069,14.515272244355913,0.026560424966799476,0.0,0.0,0.0,0.0,0.0,0.0,0.0,0.0,0.0,0.0,0.0,0.0,0.0,0.0,0.0,0.0
83700,4500,2317,0.5148888888888888,1086,932,0.4484444444444444,1281,0.5693333333333334,0.43,3.0668804397617957,3.2200012985571096,6.73482428115016,2.286919615323276,9421.342270869362,1522.325102574392,7853.0,10930.90982222557,10898.98196759263,7.4945525033557105,7853.0,0.0,28.112222222222222,20.975267593460735,33.19819341126461,19.16194579806858,0.13977777777777778,0.09666666666666666,0.08977777777777778,0.09022222222222222,0.08311111111111111,0.07577777777777778,0.06244444444444444,0.06644444444444444,0.057777777777777775,0.05577777777777778,0.04577777777777778,0.042,0.03133333333333333,0.024888888888888887,0.021333333333333333,0.008444444444444444,0.008444444444444444,0.9359307576815288,0.02379869162115193,0.0,0.0,0.0,0.0,0.0,0.0,0.0,0.0,0.0,0.0,0.0,0.0,0.0,0.0,0.0,0.0,0.0,0.0,0.0,0.0,0.0,0.0,0.0,0.0,0.0,0.06000000000000001,1.9333333333333338,11.76666666666667,13.28666666666667,2.953333333333334,4.349298665754362,3.0013320148302296,nan,nan,nan,4.339792387543253,2.9639310305958375,4.358592692828146,3.03742397988157,1.004332074810504,0.4001,0.01192,0.0,0.0,0.0,0.0,0.0,0.0,0.0,0.0,0.0,0.0,0.04666666666666668,14.79333333333331,15.08666666666667,0.07333333333333335,0.0,0.0,0.0,0.0,0.0,0.0,0.0,0.0,0.0,0.0,0.0,0.0,0.0,0.0,0.0,0.0,nan,nan,4.349298665754362,3.0013320148302296,nan,0.4001,0.05948,0.0,0.0,0.0,0.0,0.0,0.0,0.0,0.0,0.0,0.0,0.0,0.0,0.0,0.0,0.0,0.0,0.0,0.0,0.0,0.0,0.0,0.0,0.00045555555555555556,1.1111111111111112e-05,0.0010888888888888888,0.007033333333333333,0.0031222222222222224,0.008522222222222223,0.0059,0.0067555555555555554,0.004188888888888889,0.014222222222222223,0.03333333333333333,0.04718888888888889,0.07852222222222222,0.05647777777777778,0.0671,0.04262222222222222,0.05572222222222222,0.04834444444444445,0.04873333333333333,0.07908888888888889,0.06057777777777778,0.045955555555555555,0.040466666666666665,0.0384,0.03685555555555556,0.04524444444444444,0.04201111111111111,0.03836666666666667,0.012466666666666666,0.009622222222222223,0.008633333333333333,0.0034222222222222223,0.00788888888888889,0.0004888888888888889,0.0,0.00016666666666666666,0.001,0.0,0.0,0.0,0.0,0.0,0.0,0.0,0.0,0.0,0.0,0.0,0.0,0.0,0.0,0.0,0.0,0.0,0.0,0.0,0.0,0.0,0.0,0.0,0.0,0.0,0.0,0.0,0.0,0.0,0.0,0.0,0.0,0.0,0.0,0.0,0.0,0.0,0.0,0.0,0.0,0.0,0.0,nan,nan,4.349298665754362,3.0013320148302296,nan,0.9358009490979144,0.024139062803017225,0.0,0.0,0.0,0.0,0.0,0.0,0.0,0.0,0.0,0.0,0.0,0.0,0.0,0.0,0.0,0.0,0.0,0.0,0.0,0.0,0.0,0.0,0.0,0.0,0.0,0.051791109192921896,2.084592145015106,11.74363400949504,13.103150625809239,3.0168321104877003,0.9360685343596021,0.023431232473442254,0.0,0.0,0.0,0.0,0.0,0.0,0.0,0.0,0.0,0.0,0.0,0.0,0.0,0.0,0.0,0.0,0.0,0.0,0.0,0.0,0.0,0.0,0.0,0.0,0.0,0.06871278057718737,1.7727897388914342,11.791113147045353,13.481447549244162,2.8859367842418697,0.4,0.01197,0.0,0.0,0.0,0.0,0.0,0.0,0.0,0.0,0.0,0.0,0.06473888649115236,15.135951661631397,14.77341389728097,0.025895554596460948,0.0,0.0,0.0,0.0,0.0,0.0,0.0,0.0,0.0,0.0,0.0,0.0,0.0,0.0,0.0,0.0,0.4006,0.01185,0.0,0.0,0.0,0.0,0.0,0.0,0.0,0.0,0.0,0.0,0.02748511223087495,14.429683921209325,15.419147961520846,0.12368300503893727,0.0,0.0,0.0,0.0,0.0,0.0,0.0,0.0,0.0,0.0,0.0,0.0,0.0,0.0,0.0,0.0
83800,4514,2324,0.5148427115640231,1115,916,0.44993354009747455,1242,0.5502879929109438,0.438,3.034703196347032,3.1863982154945227,6.833055091819699,2.1141488178484424,9421.366572647838,1522.4891126567757,7853.0,10922.634271025658,10899.302370452815,7.374176219620316,7853.0,0.0,27.68387239698715,20.73017940201058,32.73481835057014,18.94158292234231,0.14288879042977404,0.10013291980505096,0.09304386353566682,0.08927780239255649,0.07775808595480727,0.07244129375276916,0.07044749667700487,0.06490917146654851,0.059149313247673904,0.05316792202038104,0.044306601683650866,0.0407620735489588,0.03389455028799291,0.02503322995126274,0.01905183872396987,0.007753655294638901,0.005981391227292867,0.9358999524752439,0.02334105939075632,0.0,0.0,0.0,0.0,0.0,0.0,0.0,0.0,0.0,0.0,0.0,0.0,0.0,0.0,0.0,0.0,0.0,0.0,0.0,0.0,0.0,0.0,0.0,0.0,0.0,0.026583961010190525,1.8808152414709796,11.683650863978736,13.584404076207358,2.8245458573327435,4.2657921988263725,2.9305233090105878,nan,nan,nan,4.329045362220717,2.8799124471807054,4.2,2.980830775585232,0.9701908038786363,0.401,0.01258,0.0,0.0,0.0,0.0,0.0,0.0,0.0,0.0,0.0,0.0,0.04652193176783342,14.521488701816548,15.259193619849361,0.17279574656623842,0.0,0.0,0.0,0.0,0.0,0.0,0.0,0.0,0.0,0.0,0.0,0.0,0.0,0.0,0.0,0.0,nan,nan,4.2657921988263725,2.9305233090105878,nan,0.401,0.0596,0.0,0.0,0.0,0.0,0.0,0.0,0.0,0.0,0.0,0.0,0.0,0.0,0.0,0.0,0.0,0.0,0.0,0.0,0.0,0.0,1.1076650420912716e-05,0.0,0.00046521931767833406,0.0,0.0008750553832521045,0.006457687195392113,0.0024368630926007973,0.00851794417368188,0.006734603455914931,0.006634913602126717,0.0032011519716437747,0.013834736375719981,0.03431546300398759,0.0466880815241471,0.08033894550287993,0.05449712007089056,0.06579530350022153,0.04411829862649535,0.05779796189632255,0.046588391670358886,0.047374833850243686,0.07689410722197608,0.06163048294195835,0.04626716880815242,0.0390230394328755,0.03846920691182986,0.037505538325210454,0.047851129818342934,0.0424235711120957,0.03828090385467434,0.012128932210899423,0.010345591493132477,0.008661940629153745,0.0032454585733274256,0.008462560921577315,0.00038768276473194507,0.00011076650420912716,0.00015507310589277804,0.0014731945059813913,0.0,0.0,0.0,0.0,0.0,0.0,0.0,0.0,0.0,0.0,0.0,0.0,0.0,0.0,0.0,0.0,0.0,0.0,0.0,0.0,0.0,0.0,0.0,0.0,0.0,0.0,0.0,0.0,0.0,0.0,0.0,0.0,0.0,0.0,0.0,0.0,0.0,0.0,0.0,0.0,0.0,0.0,nan,nan,4.2657921988263725,2.9305233090105878,nan,0.9362281155924789,0.02342573484868837,0.0,0.0,0.0,0.0,0.0,0.0,0.0,0.0,0.0,0.0,0.0,0.0,0.0,0.0,0.0,0.0,0.0,0.0,0.0,0.0,0.0,0.0,0.0,0.0,0.0,0.025817555938037872,1.7685025817555942,11.746987951807233,13.58003442340792,2.878657487091223,0.9355517099709272,0.023245799603893363,0.0,0.0,0.0,0.0,0.0,0.0,0.0,0.0,0.0,0.0,0.0,0.0,0.0,0.0,0.0,0.0,0.0,0.0,0.0,0.0,0.0,0.0,0.0,0.0,0.0,0.027397260273972608,2.0000000000000004,11.616438356164387,13.589041095890414,2.7671232876712333,0.4006,0.01245,0.0,0.0,0.0,0.0,0.0,0.0,0.0,0.0,0.0,0.0,0.051635111876075744,14.793459552495674,15.012908777969022,0.1419965576592083,0.0,0.0,0.0,0.0,0.0,0.0,0.0,0.0,0.0,0.0,0.0,0.0,0.0,0.0,0.0,0.0,0.401,0.01271,0.0,0.0,0.0,0.0,0.0,0.0,0.0,0.0,0.0,0.0,0.04109589041095891,14.232876712328748,15.520547945205482,0.20547945205479456,0.0,0.0,0.0,0.0,0.0,0.0,0.0,0.0,0.0,0.0,0.0,0.0,0.0,0.0,0.0,0.0
83900,5010,2559,0.5107784431137724,1193,1063,0.4502994011976048,1459,0.5824351297405189,0.37399999999999994,2.9212566299469604,3.0599745954030975,6.572262773722628,2.1237870708220363,9408.86533116001,1522.6884018718022,7853.0,10923.362053275108,10899.066943771651,7.262937157320059,7853.0,0.0,27.917165668662676,20.623710865186155,32.74869729985789,18.86006691591389,0.13532934131736526,0.10219560878243512,0.08882235528942116,0.09001996007984032,0.07984031936127745,0.07864271457085828,0.07005988023952096,0.0624750499001996,0.05948103792415169,0.05249500998003992,0.048502994011976046,0.03932135728542914,0.0345309381237525,0.028343313373253493,0.015568862275449102,0.010179640718562874,0.004191616766467066,0.9349385148631837,0.02317134294398028,0.0,0.0,0.0,0.0,0.0,0.0,0.0,0.0,0.0,0.0,0.0,0.0,0.0,0.0,0.0,0.0,0.0,0.0,0.0,0.0,0.0,0.0,0.0,0.0,0.0,0.0598802395209581,1.9880239520958087,12.077844311377248,13.38922155688623,2.485029940119761,4.221437346437346,2.8301283425427406,nan,nan,nan,4.291411042944786,2.8736778506516534,4.1512915129151295,2.7840238172288,0.9673488443247549,0.4011,0.01215,0.0,0.0,0.0,0.0,0.0,0.0,0.0,0.0,0.0,0.0,0.0598802395209581,13.976047904191596,15.838323353293417,0.125748502994012,0.0,0.0,0.0,0.0,0.0,0.0,0.0,0.0,0.0,0.0,0.0,0.0,0.0,0.0,0.0,0.0,nan,nan,4.221437346437346,2.8301283425427406,nan,0.4011,0.05933,0.0,0.0,0.0,0.0,0.0,0.0,0.0,0.0,0.0,0.0,0.0,0.0,0.0,0.0,0.0,0.0,0.0,0.0,0.0,0.0,9.980039920159681e-06,0.0,0.00042914171656686624,0.0,0.0008283433133732535,0.005718562874251497,0.0025149700598802397,0.007734530938123752,0.007085828343313373,0.006736526946107785,0.0032634730538922156,0.013313373253493015,0.03441117764471058,0.048023952095808384,0.08137724550898204,0.05274451097804391,0.06117764471057884,0.04459081836327345,0.0582435129740519,0.04653692614770459,0.04782435129740519,0.08050898203592814,0.06417165668662675,0.044201596806387224,0.03878243512974052,0.03764471057884231,0.03805389221556886,0.051067864271457084,0.04218562874251497,0.03687624750499002,0.011666666666666667,0.010179640718562874,0.007934131736526946,0.002904191616766467,0.008922155688622754,0.0003992015968063872,0.00022954091816367264,0.00016966067864271456,0.0015369261477045908,0.0,0.0,0.0,0.0,0.0,0.0,0.0,0.0,0.0,0.0,0.0,0.0,0.0,0.0,0.0,0.0,0.0,0.0,0.0,0.0,0.0,0.0,0.0,0.0,0.0,0.0,0.0,0.0,0.0,0.0,0.0,0.0,0.0,0.0,0.0,0.0,0.0,0.0,0.0,0.0,0.0,0.0,nan,nan,4.221437346437346,2.8301283425427406,nan,0.9351070850749834,0.023252591551817893,0.0,0.0,0.0,0.0,0.0,0.0,0.0,0.0,0.0,0.0,0.0,0.0,0.0,0.0,0.0,0.0,0.0,0.0,0.0,0.0,0.0,0.0,0.0,0.0,0.0,0.07033997655334116,1.9929660023446663,12.075029308323566,13.376318874560377,2.4853458382180547,0.9347625168329937,0.023084895660469035,0.0,0.0,0.0,0.0,0.0,0.0,0.0,0.0,0.0,0.0,0.0,0.0,0.0,0.0,0.0,0.0,0.0,0.0,0.0,0.0,0.0,0.0,0.0,0.0,0.0,0.048959608323133424,1.9828641370869036,12.080783353733173,13.402692778457775,2.4847001223990213,0.401,0.01216,0.0,0.0,0.0,0.0,0.0,0.0,0.0,0.0,0.0,0.0,0.058616647127784305,13.974208675263755,15.814771395076205,0.1524032825322392,0.0,0.0,0.0,0.0,0.0,0.0,0.0,0.0,0.0,0.0,0.0,0.0,0.0,0.0,0.0,0.0,0.4014,0.01213,0.0,0.0,0.0,0.0,0.0,0.0,0.0,0.0,0.0,0.0,0.06119951040391678,13.977968176254569,15.862913096695229,0.09791921664626685,0.0,0.0,0.0,0.0,0.0,0.0,0.0,0.0,0.0,0.0,0.0,0.0,0.0,0.0,0.0,0.0
84000,4449,2291,0.5149471791413801,1090,918,0.451337379186334,1235,0.5551809395369746,0.43,2.9365152919369786,3.0938593996343653,6.617696160267112,2.0887857104249363,9421.710507800764,1522.50432448111,7853.0,10924.046990811825,10899.352269404453,7.275796681066707,7853.0,0.0,27.901550910316924,20.870625894815404,32.731538256464944,19.16700835508749,0.1393571589121151,0.09777478084962914,0.0914812317374691,0.09395369746010339,0.08271521690267476,0.07619689817936615,0.06630703528882895,0.058215329287480334,0.0584400988986289,0.05371993706450888,0.044279613396268826,0.043605304562823105,0.03236682400539447,0.02652281411553158,0.01798156889188582,0.009665093279388626,0.007417397167902899,0.9360411657888345,0.023355792087832544,0.0,0.0,0.0,0.0,0.0,0.0,0.0,0.0,0.0,0.0,0.0,0.0,0.0,0.0,0.0,0.0,0.0,0.0,0.0,0.0,0.0,0.0,0.0,0.0,0.0,0.06068779501011465,1.8610923803101824,11.39581928523264,13.803101820633854,2.8792987188132173,4.167477414871438,2.904148376413975,nan,nan,nan,4.153096729297147,2.884498767233749,4.181818181818182,2.9235414860261613,1.0069156714599075,0.4011,0.01225,0.0,0.0,0.0,0.0,0.0,0.0,0.0,0.0,0.0,0.0,0.074173971679029,13.89750505731623,15.933917734322323,0.09440323668240057,0.0,0.0,0.0,0.0,0.0,0.0,0.0,0.0,0.0,0.0,0.0,0.0,0.0,0.0,0.0,0.0,nan,nan,4.167477414871438,2.904148376413975,nan,0.4011,0.05923,0.0,0.0,0.0,0.0,0.0,0.0,0.0,0.0,0.0,0.0,0.0,0.0,0.0,0.0,0.0,0.0,0.0,0.0,0.0,0.0,0.0,0.0,0.00037086985839514497,0.0,0.0009215554057091481,0.005866486850977748,0.0020903573836817263,0.006990334906720612,0.008676106990334907,0.005978871656552034,0.0029781973477185884,0.013823331085637222,0.03601933018655878,0.049291975724881996,0.07957968082715217,0.050550685547314005,0.06105866486850978,0.044088559226792536,0.05558552483704203,0.04686446392447741,0.04889862890537199,0.07989435828276018,0.06416048550236009,0.0471341874578557,0.03927848954821308,0.0391661047426388,0.03827826477860193,0.04917959091930771,0.041739716790289955,0.03781748707574736,0.013486176668914362,0.009710047201618341,0.007833220948527758,0.0025848505282085863,0.007889413351314902,0.00021353113059114409,0.00016857720836142953,0.00011238480557428635,0.0017082490447291527,0.0,1.1238480557428635e-05,0.0,0.0,0.0,0.0,0.0,0.0,0.0,0.0,0.0,0.0,0.0,0.0,0.0,0.0,0.0,0.0,0.0,0.0,0.0,0.0,0.0,0.0,0.0,0.0,0.0,0.0,0.0,0.0,0.0,0.0,0.0,0.0,0.0,0.0,0.0,0.0,0.0,0.0,0.0,0.0,nan,nan,4.167477414871438,2.904148376413975,nan,0.9357846310075221,0.023604747059437884,0.0,0.0,0.0,0.0,0.0,0.0,0.0,0.0,0.0,0.0,0.0,0.0,0.0,0.0,0.0,0.0,0.0,0.0,0.0,0.0,0.0,0.0,0.0,0.0,0.0,0.09166302924487126,1.9642077695329554,11.313836752509824,13.631601920558712,2.9986905281536456,0.9363135111011543,0.02308543681652893,0.0,0.0,0.0,0.0,0.0,0.0,0.0,0.0,0.0,0.0,0.0,0.0,0.0,0.0,0.0,0.0,0.0,0.0,0.0,0.0,0.0,0.0,0.0,0.0,0.0,0.0278035217794254,1.7516218721038002,11.482854494902691,13.985171455050976,2.7525486561631145,0.4011,0.012375,0.0,0.0,0.0,0.0,0.0,0.0,0.0,0.0,0.0,0.0,0.09166302924487126,13.919685726756853,15.91008293321694,0.07856831078131822,0.0,0.0,0.0,0.0,0.0,0.0,0.0,0.0,0.0,0.0,0.0,0.0,0.0,0.0,0.0,0.0,0.4011,0.01213,0.0,0.0,0.0,0.0,0.0,0.0,0.0,0.0,0.0,0.0,0.0556070435588508,13.87395736793325,15.959221501390179,0.1112140871177016,0.0,0.0,0.0,0.0,0.0,0.0,0.0,0.0,0.0,0.0,0.0,0.0,0.0,0.0,0.0,0.0
84100,4433,2294,0.5174825174825175,1033,941,0.44529663884502596,1255,0.5662079855628243,0.43,3.0009350163627864,3.123752533057434,6.716262975778546,2.184986174181148,9429.391644575084,1522.213057224323,7853.0,10927.411514282227,10899.27034019239,7.368587644730658,7853.0,0.0,27.488833746898262,20.948152819167234,32.651843817787416,19.189310955626986,0.1488833746898263,0.10399278141213625,0.08820212046018498,0.093841642228739,0.07399052560342884,0.07263704037897586,0.07150913602526505,0.06248590119557861,0.05459057071960298,0.05481615159034514,0.04421385066546357,0.03992781412136251,0.03158132190390255,0.02300924881570043,0.01691856530566208,0.012858109632303182,0.006541845251522671,0.9359213601862526,0.02346028432193018,0.0,0.0,0.0,0.0,0.0,0.0,0.0,0.0,0.0,0.0,0.0,0.0,0.0,0.0,0.0,0.0,0.0,0.0,0.0,0.0,0.0,0.0,0.0,0.0,0.0,0.040604556733588995,1.752763365666592,12.066320775998198,13.237085495150014,2.903225806451614,4.31787610619469,2.854993901804449,nan,nan,nan,4.257142857142857,2.8255756141042143,4.377106741573034,2.8833225508823084,1.0281794359399743,0.4006,0.012596,0.0,0.0,0.0,0.0,0.0,0.0,0.0,0.0,0.0,0.0,0.08797653958944283,14.407850214301806,15.307917888563054,0.1962553575456802,0.0,0.0,0.0,0.0,0.0,0.0,0.0,0.0,0.0,0.0,0.0,0.0,0.0,0.0,0.0,0.0,nan,nan,4.31787610619469,2.854993901804449,nan,0.4006,0.05908,0.0,0.0,0.0,0.0,0.0,0.0,0.0,0.0,0.0,0.0,0.0,0.0,0.0,0.0,0.0,0.0,0.0,0.0,0.0,0.0,0.0,0.0,0.00034965034965034965,0.0,0.0014549966162869389,0.006214752988946537,0.001714414617640424,0.00677870516580194,0.009068351003834876,0.005177080983532596,0.0030678998420933905,0.014628919467629144,0.03750281976088428,0.04743965711707647,0.07880667719377397,0.050620347394540945,0.0624633431085044,0.046131288066771935,0.05544777802842319,0.04774419129257839,0.05081209113467178,0.08188585607940446,0.06244078502143018,0.04774419129257839,0.03673584480036093,0.03759305210918114,0.0376720054139409,0.049097676517031355,0.04073990525603429,0.037164448454771036,0.013512294157455447,0.00886532822016693,0.008436724565756825,0.0026844123618317167,0.008087074216106474,0.0001691856530566208,0.00020302278366794496,2.2558087074216106e-05,0.0015226708775095872,0.0,0.0,0.0,0.0,0.0,0.0,0.0,0.0,0.0,0.0,0.0,0.0,0.0,0.0,0.0,0.0,0.0,0.0,0.0,0.0,0.0,0.0,0.0,0.0,0.0,0.0,0.0,0.0,0.0,0.0,0.0,0.0,0.0,0.0,0.0,0.0,0.0,0.0,0.0,0.0,0.0,0.0,nan,nan,4.31787610619469,2.854993901804449,nan,0.9356746661631876,0.02342931334280485,0.0,0.0,0.0,0.0,0.0,0.0,0.0,0.0,0.0,0.0,0.0,0.0,0.0,0.0,0.0,0.0,0.0,0.0,0.0,0.0,0.0,0.0,0.0,0.0,0.0,0.05231037489102006,1.8700959023539672,11.979075850043595,13.299912816041852,2.7986050566695737,0.9361859305878006,0.023490575235187737,0.0,0.0,0.0,0.0,0.0,0.0,0.0,0.0,0.0,0.0,0.0,0.0,0.0,0.0,0.0,0.0,0.0,0.0,0.0,0.0,0.0,0.0,0.0,0.0,0.0,0.02805049088359047,1.6269284712482472,12.159887798036468,13.169705469845725,3.0154277699859757,0.401,0.01274,0.0,0.0,0.0,0.0,0.0,0.0,0.0,0.0,0.0,0.0,0.06538796861377508,14.058413251961618,15.614646904969488,0.2615518744551003,0.0,0.0,0.0,0.0,0.0,0.0,0.0,0.0,0.0,0.0,0.0,0.0,0.0,0.0,0.0,0.0,0.4001,0.01243,0.0,0.0,0.0,0.0,0.0,0.0,0.0,0.0,0.0,0.0,0.11220196353436188,14.782608695652153,14.97896213183731,0.1262272089761571,0.0,0.0,0.0,0.0,0.0,0.0,0.0,0.0,0.0,0.0,0.0,0.0,0.0,0.0,0.0,0.0
84200,4675,2400,0.5133689839572193,1160,931,0.44727272727272727,1317,0.5634224598930482,0.40199999999999997,2.967912087912088,3.109055019318665,6.464555052790347,2.195194616047434,9416.75094189589,1522.4923383434093,7853.0,10921.487419605255,10899.056522234703,7.140209599258268,7853.0,0.0,28.355508021390374,20.93289071083991,33.3440203562341,19.09218885931598,0.13967914438502674,0.0932620320855615,0.09133689839572193,0.08898395721925134,0.07657754010695188,0.07251336898395722,0.07187165775401069,0.06181818181818182,0.060748663101604275,0.05754010695187166,0.04641711229946524,0.042352941176470586,0.03572192513368984,0.028877005347593583,0.016898395721925134,0.007058823529411765,0.008342245989304813,0.9355839152132126,0.023086744730869694,0.0,0.0,0.0,0.0,0.0,0.0,0.0,0.0,0.0,0.0,0.0,0.0,0.0,0.0,0.0,0.0,0.0,0.0,0.0,0.0,0.0,0.0,0.0,0.0,0.0,0.03208556149732621,1.7903743315508025,11.961497326203212,13.264171122994656,2.9518716577540114,4.207380796864794,2.9260041119851996,nan,nan,nan,4.137953367875648,2.9114318109025477,4.280158206987475,2.938832897869843,1.034365983970678,0.4006,0.0122,0.0,0.0,0.0,0.0,0.0,0.0,0.0,0.0,0.0,0.0,0.05133689839572194,14.271657754010674,15.522994652406421,0.15401069518716579,0.0,0.0,0.0,0.0,0.0,0.0,0.0,0.0,0.0,0.0,0.0,0.0,0.0,0.0,0.0,0.0,nan,nan,4.207380796864794,2.9260041119851996,nan,0.4006,0.05945,0.0,0.0,0.0,0.0,0.0,0.0,0.0,0.0,0.0,0.0,0.0,0.0,0.0,0.0,0.0,0.0,0.0,0.0,0.0,0.0,0.0,0.0,0.0005347593582887701,0.0,0.001251336898395722,0.007005347593582888,0.0016684491978609627,0.0067807486631016045,0.009315508021390374,0.0050802139037433155,0.0031336898395721924,0.014598930481283422,0.037700534759358285,0.04827807486631016,0.0792620320855615,0.04787165775401069,0.06247058823529412,0.04341176470588235,0.055978609625668446,0.04946524064171123,0.05067379679144385,0.08372192513368984,0.06178609625668449,0.047572192513368985,0.03562566844919786,0.0366096256684492,0.03619251336898396,0.05140106951871658,0.04032085561497326,0.03828877005347594,0.012844919786096257,0.008770053475935829,0.008684491978609626,0.002823529411764706,0.008598930481283422,0.00016042780748663101,0.0005240641711229947,7.48663101604278e-05,0.001518716577540107,0.0,0.0,0.0,0.0,0.0,0.0,0.0,0.0,0.0,0.0,0.0,0.0,0.0,0.0,0.0,0.0,0.0,0.0,0.0,0.0,0.0,0.0,0.0,0.0,0.0,0.0,0.0,0.0,0.0,0.0,0.0,0.0,0.0,0.0,0.0,0.0,0.0,0.0,0.0,0.0,0.0,0.0,nan,nan,4.207380796864794,2.9260041119851996,nan,0.9354426981260379,0.02281426957210927,0.0,0.0,0.0,0.0,0.0,0.0,0.0,0.0,0.0,0.0,0.0,0.0,0.0,0.0,0.0,0.0,0.0,0.0,0.0,0.0,0.0,0.0,0.0,0.0,0.0,0.037500000000000006,1.8000000000000005,11.950000000000003,13.412500000000003,2.8000000000000007,0.9357328914810012,0.023369823021411013,0.0,0.0,0.0,0.0,0.0,0.0,0.0,0.0,0.0,0.0,0.0,0.0,0.0,0.0,0.0,0.0,0.0,0.0,0.0,0.0,0.0,0.0,0.0,0.0,0.0,0.02637362637362638,1.7802197802197806,11.973626373626377,13.10769230769231,3.112087912087913,0.4004,0.01229,0.0,0.0,0.0,0.0,0.0,0.0,0.0,0.0,0.0,0.0,0.05000000000000001,14.599999999999978,15.175000000000002,0.17500000000000004,0.0,0.0,0.0,0.0,0.0,0.0,0.0,0.0,0.0,0.0,0.0,0.0,0.0,0.0,0.0,0.0,0.401,0.01209,0.0,0.0,0.0,0.0,0.0,0.0,0.0,0.0,0.0,0.0,0.05274725274725276,13.925274725274704,15.890109890109894,0.1318681318681319,0.0,0.0,0.0,0.0,0.0,0.0,0.0,0.0,0.0,0.0,0.0,0.0,0.0,0.0,0.0,0.0
84300,4773,2477,0.5189608212864026,1188,961,0.45024093861303166,1340,0.561491724282422,0.41,3.0261324041811846,3.080258602072213,6.5200594353640415,2.095058644656671,9434.010581321707,1522.1603236395952,7853.0,10924.286211252213,10899.493138735772,7.426325262378309,7853.0,0.0,28.53697883930442,20.92269611960259,33.33160237388724,19.12100517949662,0.1361826943222292,0.09113764927718417,0.09260423213911587,0.08694741252880787,0.08254766394301279,0.06871988267337105,0.0754242614707731,0.05887282631468678,0.061177456526293736,0.06033940917661848,0.04420699769536979,0.0458830923947203,0.03373140582442908,0.02765556253928347,0.018018018018018018,0.008380473496752567,0.008170961659333752,0.9367015108157073,0.02335459431892669,0.0,0.0,0.0,0.0,0.0,0.0,0.0,0.0,0.0,0.0,0.0,0.0,0.0,0.0,0.0,0.0,0.0,0.0,0.0,0.0,0.0,0.0,0.0,0.0,0.0,0.037712130735386554,1.7787554996857327,11.451917033312386,13.764927718416093,2.9666876178504094,4.279491255961844,2.9029521285640163,nan,nan,nan,4.216921119592875,2.886644456846216,4.3396946564885495,2.9172867083689957,1.0291144969075274,0.4006,0.012344,0.0,0.0,0.0,0.0,0.0,0.0,0.0,0.0,0.0,0.0,0.11313639220615967,14.657448145820217,15.047140163419236,0.18227529855436836,0.0,0.0,0.0,0.0,0.0,0.0,0.0,0.0,0.0,0.0,0.0,0.0,0.0,0.0,0.0,0.0,nan,nan,4.279491255961844,2.9029521285640163,nan,0.4006,0.05978,0.0,0.0,0.0,0.0,0.0,0.0,0.0,0.0,0.0,0.0,0.0,0.0,0.0,0.0,0.0,0.0,0.0,0.0,0.0,0.0,0.0,0.0,0.00031426775612822125,1.0475591870940709e-05,0.0010370835952231302,0.008610936517913262,0.0017389482505761576,0.007730986800754243,0.008411900272365389,0.005216844751728473,0.004012151686570291,0.014309658495705008,0.0392939451078986,0.04730777288916824,0.07551854179761157,0.04760108946155458,0.06462392625183323,0.042509951812277395,0.05668342761366017,0.05164466792373769,0.05126754661638382,0.08279907814791536,0.0600879949717159,0.04467839932956212,0.036287450240938615,0.03743976534674209,0.03742928975487115,0.04805153991200503,0.04142049025769956,0.03740833857112927,0.014613450659962288,0.00944898386758852,0.008977582233396187,0.003446469725539493,0.007804315943850827,0.00023046302116069557,0.0007018646553530274,1.0475591870940709e-05,0.0013199245757385292,0.0,0.0,0.0,0.0,0.0,0.0,0.0,0.0,0.0,0.0,0.0,0.0,0.0,0.0,0.0,0.0,0.0,0.0,0.0,0.0,0.0,0.0,0.0,0.0,0.0,0.0,0.0,0.0,0.0,0.0,0.0,0.0,0.0,0.0,0.0,0.0,0.0,0.0,0.0,0.0,0.0,0.0,nan,nan,4.279491255961844,2.9029521285640163,nan,0.9367660159635409,0.02362548944039613,0.0,0.0,0.0,0.0,0.0,0.0,0.0,0.0,0.0,0.0,0.0,0.0,0.0,0.0,0.0,0.0,0.0,0.0,0.0,0.0,0.0,0.0,0.0,0.0,0.0,0.024222850222042798,1.853048041986274,11.360516754138073,13.625353249899074,3.1368591037545426,0.9366319205495123,0.023058573019778227,0.0,0.0,0.0,0.0,0.0,0.0,0.0,0.0,0.0,0.0,0.0,0.0,0.0,0.0,0.0,0.0,0.0,0.0,0.0,0.0,0.0,0.0,0.0,0.0,0.0,0.05226480836236935,1.6986062717770039,11.550522648083627,13.915505226480839,2.783101045296168,0.4006,0.01254,0.0,0.0,0.0,0.0,0.0,0.0,0.0,0.0,0.0,0.0,0.121114251110214,14.424707307226463,15.199838514331857,0.2543399273314494,0.0,0.0,0.0,0.0,0.0,0.0,0.0,0.0,0.0,0.0,0.0,0.0,0.0,0.0,0.0,0.0,0.4004,0.012115,0.0,0.0,0.0,0.0,0.0,0.0,0.0,0.0,0.0,0.0,0.1045296167247387,14.908536585365832,14.882404181184672,0.1045296167247387,0.0,0.0,0.0,0.0,0.0,0.0,0.0,0.0,0.0,0.0,0.0,0.0,0.0,0.0,0.0,0.0
84400,4792,2465,0.5143989983305509,1162,969,0.44469949916527546,1336,0.5575959933222037,0.418,2.974645466265578,3.110865392547534,6.551145038167939,2.2227266939646824,9420.275625508284,1522.7816535401957,7853.0,10929.053680300713,10899.809248452617,7.242206425677283,7853.0,0.0,27.844532554257096,20.884736024703813,32.690193164933135,19.178661524273217,0.1396076794657763,0.10141903171953255,0.08952420701168615,0.09244574290484141,0.083889816360601,0.0753338898163606,0.06406510851419031,0.06093489148580968,0.05759599332220367,0.054048414023372286,0.04904006677796327,0.03714524207011686,0.034641068447412354,0.022746243739565943,0.019824707846410685,0.011268781302170284,0.006469115191986645,0.9379298783751681,0.02327810891323823,0.0,0.0,0.0,0.0,0.0,0.0,0.0,0.0,0.0,0.0,0.0,0.0,0.0,0.0,0.0,0.0,0.0,0.0,0.0,0.0,0.0,0.0,0.0,0.0,0.0,0.03130217028380635,1.502504173622705,11.212437395659435,14.00459098497496,3.249165275459099,4.233311730395334,2.8855920471841325,nan,nan,nan,4.323107049608355,2.915147037843538,4.144787644787645,2.8533913507828736,0.9587520265460776,0.4006,0.01233,0.0,0.0,0.0,0.0,0.0,0.0,0.0,0.0,0.0,0.0,0.050083472454090165,14.36143572621033,15.48205342237062,0.10642737896494159,0.0,0.0,0.0,0.0,0.0,0.0,0.0,0.0,0.0,0.0,0.0,0.0,0.0,0.0,0.0,0.0,nan,nan,4.233311730395334,2.8855920471841325,nan,0.4006,0.06006,0.0,0.0,0.0,0.0,0.0,0.0,0.0,0.0,0.0,0.0,0.0,0.0,0.0,0.0,0.0,0.0,0.0,0.0,0.0,0.0,0.0,0.0,0.0003443238731218698,3.130217028380634e-05,0.0010121035058430717,0.008973288814691152,0.0015129382303839733,0.007950751252086812,0.00906719532554257,0.00547787979966611,0.0041110183639399,0.014409432387312187,0.03856427378964942,0.04616026711185309,0.07338272120200334,0.04877921535893155,0.06417988313856428,0.04429257095158598,0.0565838898163606,0.04947829716193656,0.052274624373956594,0.08668614357262104,0.05719949916527546,0.04282136894824708,0.03397328881469115,0.036435726210350586,0.039795492487479135,0.05063647746243739,0.042925709515859764,0.034974958263772955,0.014534641068447412,0.009766277128547579,0.009599332220367279,0.003996243739565943,0.007439482470784641,0.0001669449081803005,0.00128338898163606,0.0,0.0011790484140233723,0.0,0.0,0.0,0.0,0.0,0.0,0.0,0.0,0.0,0.0,0.0,0.0,0.0,0.0,0.0,0.0,0.0,0.0,0.0,0.0,0.0,0.0,0.0,0.0,0.0,0.0,0.0,0.0,0.0,0.0,0.0,0.0,0.0,0.0,0.0,0.0,0.0,0.0,0.0,0.0,0.0,0.0,nan,nan,4.233311730395334,2.8855920471841325,nan,0.9377322174472693,0.022865423108044035,0.0,0.0,0.0,0.0,0.0,0.0,0.0,0.0,0.0,0.0,0.0,0.0,0.0,0.0,0.0,0.0,0.0,0.0,0.0,0.0,0.0,0.0,0.0,0.0,0.0,0.024340770791075057,1.5456389452332662,11.07505070993915,14.288032454361058,3.0669371196754573,0.9381392613520784,0.023705636817107353,0.0,0.0,0.0,0.0,0.0,0.0,0.0,0.0,0.0,0.0,0.0,0.0,0.0,0.0,0.0,0.0,0.0,0.0,0.0,0.0,0.0,0.0,0.0,0.0,0.0,0.0386764073914912,1.456811345079502,11.35797163730125,13.704340352385048,3.4422002578427167,0.401,0.01231,0.0,0.0,0.0,0.0,0.0,0.0,0.0,0.0,0.0,0.0,0.06085192697768764,14.093306288032434,15.736308316430023,0.10953346855983775,0.0,0.0,0.0,0.0,0.0,0.0,0.0,0.0,0.0,0.0,0.0,0.0,0.0,0.0,0.0,0.0,0.4004,0.01236,0.0,0.0,0.0,0.0,0.0,0.0,0.0,0.0,0.0,0.0,0.0386764073914912,14.645466265577976,15.212720240653205,0.10313708637730987,0.0,0.0,0.0,0.0,0.0,0.0,0.0,0.0,0.0,0.0,0.0,0.0,0.0,0.0,0.0,0.0
84500,4902,2525,0.5150958792329662,1192,994,0.4459404324765402,1376,0.5614035087719298,0.422,2.988220445940261,3.128281712952614,6.617083946980854,2.1237287027002956,9422.52470523581,1522.841408597755,7853.0,10927.651609778404,10900.053506956809,7.372677159639359,7853.0,0.0,28.016319869441045,20.947130385844247,33.17286063569682,19.098667931445867,0.14647082823337412,0.08853529171766626,0.0966952264381885,0.0860873113015096,0.08404732762137902,0.07303141574867401,0.06609547123623011,0.06446348429212566,0.058955528355773154,0.05467156262749898,0.04589963280293757,0.04039167686658507,0.03080375356997144,0.02631578947368421,0.01835985312117503,0.014075887392900856,0.005099959200326397,0.9391153193843068,0.023507733493895448,0.0,0.0,0.0,0.0,0.0,0.0,0.0,0.0,0.0,0.0,0.0,0.0,0.0,0.0,0.0,0.0,0.0,0.0,0.0,0.0,0.0,0.0,0.0,0.0,0.0,0.018359853121175034,1.4014687882496943,10.820073439412488,14.063647490820076,3.696450428396574,4.284944532488114,2.904220376510462,nan,nan,nan,4.256129032258064,2.8524258803175786,4.312772585669782,2.9531110542000425,1.0133087021052238,0.4006,0.01211,0.0,0.0,0.0,0.0,0.0,0.0,0.0,0.0,0.0,0.0,0.09791921664626685,14.38188494492042,15.38555691554468,0.13463892288861692,0.0,0.0,0.0,0.0,0.0,0.0,0.0,0.0,0.0,0.0,0.0,0.0,0.0,0.0,0.0,0.0,nan,nan,4.284944532488114,2.904220376510462,nan,0.4006,0.05966,0.0,0.0,0.0,0.0,0.0,0.0,0.0,0.0,0.0,0.0,0.0,0.0,0.0,0.0,0.0,0.0,0.0,0.0,0.0,0.0,0.0,3.0599755201958386e-05,0.0003263973888208894,8.159934720522235e-05,0.0008873929008567931,0.007853937168502651,0.0018257853937168503,0.007384740922072623,0.009955120359037128,0.00416156670746634,0.0032843737250102,0.013290493676050591,0.03847409220726234,0.0469094247246022,0.07565279477764178,0.04930640554875561,0.06590167278661771,0.04535903712770298,0.057150142798857606,0.05058139534883721,0.04856181150550796,0.09100367197062423,0.05718074255405957,0.041381068951448385,0.033669930640554874,0.03412892696858425,0.039075887392900854,0.04810281517747858,0.04431864545083639,0.03661770705834353,0.014902080783353732,0.009914320685434517,0.009506323949408405,0.004355365157078743,0.006436148510811914,7.139942880456957e-05,0.0014279885760913912,0.0,0.0009077927376580987,2.0399836801305588e-05,0.0,0.0,0.0,0.0,0.0,0.0,0.0,0.0,0.0,0.0,0.0,0.0,0.0,0.0,0.0,0.0,0.0,0.0,0.0,0.0,0.0,0.0,0.0,0.0,0.0,0.0,0.0,0.0,0.0,0.0,0.0,0.0,0.0,0.0,0.0,0.0,0.0,0.0,0.0,0.0,0.0,nan,nan,4.284944532488114,2.904220376510462,nan,0.9389052535519742,0.023744202483678603,0.0,0.0,0.0,0.0,0.0,0.0,0.0,0.0,0.0,0.0,0.0,0.0,0.0,0.0,0.0,0.0,0.0,0.0,0.0,0.0,0.0,0.0,0.0,0.0,0.0,0.03564356435643565,1.44950495049505,10.942574257425745,13.74653465346535,3.8257425742574265,0.9393384646205878,0.023251828756603497,0.0,0.0,0.0,0.0,0.0,0.0,0.0,0.0,0.0,0.0,0.0,0.0,0.0,0.0,0.0,0.0,0.0,0.0,0.0,0.0,0.0,0.0,0.0,0.0,0.0,0.0,1.3504417332772407,10.689945309213297,14.400504838031134,3.559108119478335,0.4006,0.012184,0.0,0.0,0.0,0.0,0.0,0.0,0.0,0.0,0.0,0.0,0.10693069306930696,14.483168316831662,15.243564356435646,0.16633663366336637,0.0,0.0,0.0,0.0,0.0,0.0,0.0,0.0,0.0,0.0,0.0,0.0,0.0,0.0,0.0,0.0,0.4006,0.01202,0.0,0.0,0.0,0.0,0.0,0.0,0.0,0.0,0.0,0.0,0.08834665544804378,14.27429533024819,15.536390408077411,0.10096760622633574,0.0,0.0,0.0,0.0,0.0,0.0,0.0,0.0,0.0,0.0,0.0,0.0,0.0,0.0,0.0,0.0
84600,4957,2499,0.5041355658664515,1168,1038,0.4450272342142425,1400,0.5648577768811781,0.41,2.8938161106590723,3.0627613224308226,6.538922155688622,1.9969992548522353,9389.144404130811,1523.4997992402273,7853.0,10924.29195690155,10900.085958894131,7.348556426088171,7853.0,0.0,27.65503328626185,20.85031287748138,32.65719103830402,19.096498805958923,0.14464393786564456,0.09864837603389147,0.09723623159168852,0.0841234617712326,0.081097437966512,0.07383498083518257,0.06596731894290901,0.06576558402259432,0.05951180149283841,0.04881985071615897,0.045188622150494254,0.042566068186403065,0.03268105709098245,0.026629009481541253,0.01896308250958241,0.008271131732902965,0.006052047609441194,0.9388771258777059,0.02353762103601598,0.0,0.0,0.0,0.0,0.0,0.0,0.0,0.0,0.0,0.0,0.0,0.0,0.0,0.0,0.0,0.0,0.0,0.0,0.0,0.0,0.0,0.0,0.0,0.0,0.0,0.024208190437764784,1.5735323784547108,10.385313697801092,14.42202945329837,3.59491628000807,4.252601702932829,2.8598431126214257,nan,nan,nan,4.19760101010101,2.8576442410635767,4.308322824716267,2.861695339054244,1.0263774032712538,0.4011,0.012115,0.0,0.0,0.0,0.0,0.0,0.0,0.0,0.0,0.0,0.0,0.024208190437764784,13.968125882590256,15.856364736735932,0.1513011902360299,0.0,0.0,0.0,0.0,0.0,0.0,0.0,0.0,0.0,0.0,0.0,0.0,0.0,0.0,0.0,0.0,nan,nan,4.252601702932829,2.8598431126214257,nan,0.4011,0.05933,0.0,0.0,0.0,0.0,0.0,0.0,0.0,0.0,0.0,0.0,0.0,0.0,0.0,0.0,0.0,0.0,0.0,0.0,0.0,0.0,0.0,4.03469840629413e-05,0.000312689126487795,3.0260238047205972e-05,0.0009683276175105911,0.008785555779705467,0.001059108331652209,0.007060722211014727,0.008634254589469438,0.004236433326608836,0.002834375630421626,0.012860601170062538,0.03733104700423644,0.04892071817631632,0.07439983861206374,0.04818438571716764,0.06608835989509784,0.04486584627799072,0.056263869275771636,0.04936453500100867,0.04662094008472867,0.09236433326608837,0.0571111559410934,0.044351422231188216,0.035001008674601576,0.03764373613072423,0.04093201533185394,0.04672180754488602,0.044018559612668956,0.0364938470849304,0.014807343151099455,0.010782731490821061,0.008281218478918701,0.0040548718983256,0.0060722211014726645,5.043373007867662e-05,0.0016441396005648578,0.0,0.0008069396812588259,0.0,0.0,0.0,0.0,0.0,0.0,0.0,0.0,0.0,0.0,0.0,0.0,0.0,0.0,0.0,0.0,0.0,0.0,0.0,0.0,0.0,0.0,0.0,0.0,0.0,0.0,0.0,0.0,0.0,0.0,0.0,0.0,0.0,0.0,0.0,0.0,0.0,0.0,0.0,0.0,0.0,0.0,nan,nan,4.252601702932829,2.8598431126214257,nan,0.9383803552129165,0.023853354802028912,0.0,0.0,0.0,0.0,0.0,0.0,0.0,0.0,0.0,0.0,0.0,0.0,0.0,0.0,0.0,0.0,0.0,0.0,0.0,0.0,0.0,0.0,0.0,0.0,0.0,0.03601440576230493,1.7647058823529416,10.420168067226893,14.225690276110447,3.55342136854742,0.939382182790362,0.023201316939191027,0.0,0.0,0.0,0.0,0.0,0.0,0.0,0.0,0.0,0.0,0.0,0.0,0.0,0.0,0.0,0.0,0.0,0.0,0.0,0.0,0.0,0.0,0.0,0.0,0.0,0.012205044751830759,1.379170056956876,10.349877949552484,14.62164361269325,3.6371033360455662,0.4014,0.012085,0.0,0.0,0.0,0.0,0.0,0.0,0.0,0.0,0.0,0.0,0.03601440576230493,13.997599039615826,15.750300120048022,0.2160864345738296,0.0,0.0,0.0,0.0,0.0,0.0,0.0,0.0,0.0,0.0,0.0,0.0,0.0,0.0,0.0,0.0,0.4011,0.01215,0.0,0.0,0.0,0.0,0.0,0.0,0.0,0.0,0.0,0.0,0.012205044751830759,13.938161106590703,15.964198535394633,0.08543531326281532,0.0,0.0,0.0,0.0,0.0,0.0,0.0,0.0,0.0,0.0,0.0,0.0,0.0,0.0,0.0,0.0
84700,4842,2530,0.5225113589425857,1219,963,0.4506402313093763,1339,0.5530772408095829,0.418,2.9987024221453287,3.07862623466414,6.474777448071217,2.152932999290053,9445.528214850723,1522.381055750253,7853.0,10927.986574530602,10900.834630951462,7.261277600950613,7853.0,0.0,28.158199091284594,20.829666688470137,33.042156862745095,19.046130461172986,0.13816604708798016,0.09314332920280875,0.09954564229657166,0.08343659644774887,0.07744733581164807,0.07744733581164807,0.07311028500619579,0.06133828996282528,0.06113176373399422,0.05493597686906237,0.044816191656340355,0.042131350681536554,0.03056588186699711,0.026022304832713755,0.01900041305245766,0.01197852127220157,0.0057827344072697235,0.9404678241446313,0.02296031846401376,0.0,0.0,0.0,0.0,0.0,0.0,0.0,0.0,0.0,0.0,0.0,0.0,0.0,0.0,0.0,0.0,0.0,0.0,0.0,0.0,0.0,0.0,0.0,0.0,0.0,0.018587360594795543,1.059479553903346,10.415117719950437,14.764560099132593,3.742255266418836,4.243088655862726,2.8915926903190208,nan,nan,nan,4.2071788413098234,2.9222543747053065,4.279666452854394,2.8595591493970267,1.017229505632806,0.4019,0.01211,0.0,0.0,0.0,0.0,0.0,0.0,0.0,0.0,0.0,0.0,0.018587360594795543,13.28376703841386,16.56753407682776,0.1301115241635688,0.0,0.0,0.0,0.0,0.0,0.0,0.0,0.0,0.0,0.0,0.0,0.0,0.0,0.0,0.0,0.0,nan,nan,4.243088655862726,2.8915926903190208,nan,0.4019,0.05957,0.0,0.0,0.0,0.0,0.0,0.0,0.0,0.0,0.0,0.0,0.0,0.0,0.0,0.0,0.0,0.0,0.0,0.0,0.0,0.0,0.0,0.00016522098306484924,0.00019619991738950847,2.0652622883106156e-05,0.00107393638992152,0.008199091284593143,0.001311441553077241,0.007548533663775299,0.008446922759190418,0.004522924411400247,0.003397356464270962,0.013764973151590252,0.036895910780669144,0.04712928541924825,0.0734613795952086,0.04892606361007848,0.06399215200330442,0.04242048740190004,0.0558756712102437,0.048151590251962,0.04888475836431227,0.09442379182156134,0.05602023957042544,0.045280875671210245,0.032228418009087156,0.03806278397356464,0.0407786038826931,0.04761462205700124,0.04621024370095002,0.036482858323007024,0.014570425444031391,0.011648079306071871,0.00993391160677406,0.004378356051218505,0.006092523750516316,0.00011358942585708385,0.0012081784386617101,1.0326311441553078e-05,0.0005576208178438662,0.0,0.0,0.0,0.0,0.0,0.0,0.0,0.0,0.0,0.0,0.0,0.0,0.0,0.0,0.0,0.0,0.0,0.0,0.0,0.0,0.0,0.0,0.0,0.0,0.0,0.0,0.0,0.0,0.0,0.0,0.0,0.0,0.0,0.0,0.0,0.0,0.0,0.0,0.0,0.0,0.0,0.0,nan,nan,4.243088655862726,2.8915926903190208,nan,0.9405803377684868,0.02323969295348274,0.0,0.0,0.0,0.0,0.0,0.0,0.0,0.0,0.0,0.0,0.0,0.0,0.0,0.0,0.0,0.0,0.0,0.0,0.0,0.0,0.0,0.0,0.0,0.0,0.0,0.011857707509881426,1.173913043478261,10.221343873517789,14.608695652173916,3.9841897233201586,0.9403447015372115,0.02265001297659301,0.0,0.0,0.0,0.0,0.0,0.0,0.0,0.0,0.0,0.0,0.0,0.0,0.0,0.0,0.0,0.0,0.0,0.0,0.0,0.0,0.0,0.0,0.0,0.0,0.0,0.02595155709342561,0.934256055363322,10.627162629757787,14.93512110726644,3.477508650519032,0.4019,0.01219,0.0,0.0,0.0,0.0,0.0,0.0,0.0,0.0,0.0,0.0,0.03557312252964427,13.292490118577055,16.55335968379447,0.11857707509881425,0.0,0.0,0.0,0.0,0.0,0.0,0.0,0.0,0.0,0.0,0.0,0.0,0.0,0.0,0.0,0.0,0.4019,0.01201,0.0,0.0,0.0,0.0,0.0,0.0,0.0,0.0,0.0,0.0,0.0,13.27422145328718,16.583044982698965,0.14273356401384085,0.0,0.0,0.0,0.0,0.0,0.0,0.0,0.0,0.0,0.0,0.0,0.0,0.0,0.0,0.0,0.0
84800,4948,2526,0.5105092966855295,1196,1022,0.4482619240097009,1405,0.5679062247372676,0.39799999999999996,2.944260941370768,3.094404744266629,6.516936671575847,2.155089611727472,9408.624911027504,1523.273838313945,7853.0,10928.393491983414,10900.201923897104,7.514664836103133,7853.0,0.0,28.12348423605497,20.864634507872015,32.933014354066984,19.123717357114906,0.13621665319320939,0.09781729991915926,0.09963621665319321,0.08306386418755053,0.07497978981406629,0.07376717865804365,0.06972514147130153,0.07154405820533549,0.060630557801131774,0.054567502021018593,0.044260307194826196,0.04042037186742118,0.03112368633791431,0.027283751010509297,0.016168148746968473,0.011115602263540825,0.007679870654810024,0.9399015577984319,0.023337170287093773,0.0,0.0,0.0,0.0,0.0,0.0,0.0,0.0,0.0,0.0,0.0,0.0,0.0,0.0,0.0,0.0,0.0,0.0,0.0,0.0,0.0,0.0,0.0,0.0,0.0,0.018189167340339533,1.3338722716248994,10.379951495553762,14.502829426030722,3.7651576394502837,4.305564287959761,2.9031842761433295,nan,nan,nan,4.223057644110276,2.8868155351564315,4.3886435331230285,2.9172169858157617,1.0392099523537615,0.401,0.0121,0.0,0.0,0.0,0.0,0.0,0.0,0.0,0.0,0.0,0.0,0.09700889248181085,14.290622473726737,15.448666127728378,0.16370250606305584,0.0,0.0,0.0,0.0,0.0,0.0,0.0,0.0,0.0,0.0,0.0,0.0,0.0,0.0,0.0,0.0,nan,nan,4.305564287959761,2.9031842761433295,nan,0.401,0.0598,0.0,0.0,0.0,0.0,0.0,0.0,0.0,0.0,0.0,0.0,0.0,0.0,0.0,0.0,0.0,0.0,0.0,0.0,0.0,0.0,0.0,0.0002627324171382377,0.0002526273241713824,0.0,0.0012833468067906225,0.008862166531932093,0.0014349232012934518,0.008690379951495554,0.007922392886014552,0.00463823767178658,0.0038197251414713016,0.012732417138237672,0.037793047696038806,0.04794866612772838,0.07327202910266774,0.048757073565076796,0.06533953112368633,0.043057801131770414,0.05803354890864996,0.04791835084882781,0.04734236054971706,0.09596806790622474,0.05397130153597413,0.04672594987873888,0.030466855295068714,0.03882376717865804,0.0398949070331447,0.04710994341147939,0.04456345998383185,0.03601455133387227,0.013136620856911883,0.010913500404203719,0.009953516572352465,0.0041632983023443815,0.0069017784963621666,0.0001919967663702506,0.0012126111560226355,0.0,0.0005962004850444625,2.0210185933710592e-05,0.0,0.0,0.0,0.0,1.0105092966855296e-05,0.0,0.0,0.0,0.0,0.0,0.0,0.0,0.0,0.0,0.0,0.0,0.0,0.0,0.0,0.0,0.0,0.0,0.0,0.0,0.0,0.0,0.0,0.0,0.0,0.0,0.0,0.0,0.0,0.0,0.0,0.0,0.0,0.0,0.0,0.0,0.0,nan,nan,4.305564287959761,2.9031842761433295,nan,0.9392707924331263,0.023538255787239684,0.0,0.0,0.0,0.0,0.0,0.0,0.0,0.0,0.0,0.0,0.0,0.0,0.0,0.0,0.0,0.0,0.0,0.0,0.0,0.0,0.0,0.0,0.0,0.0,0.0,0.02375296912114015,1.5320665083135396,10.427553444180525,14.370546318289788,3.6460807600950127,0.9405594080514301,0.0231072517613144,0.0,0.0,0.0,0.0,0.0,0.0,0.0,0.0,0.0,0.0,0.0,0.0,0.0,0.0,0.0,0.0,0.0,0.0,0.0,0.0,0.0,0.0,0.0,0.0,0.0,0.01238645747316268,1.1271676300578037,10.330305532617674,14.640792733278285,3.8893476465730807,0.4006,0.01244,0.0,0.0,0.0,0.0,0.0,0.0,0.0,0.0,0.0,0.0,0.1306413301662708,14.441805225653187,15.261282660332544,0.16627078384798105,0.0,0.0,0.0,0.0,0.0,0.0,0.0,0.0,0.0,0.0,0.0,0.0,0.0,0.0,0.0,0.0,0.4011,0.01173,0.0,0.0,0.0,0.0,0.0,0.0,0.0,0.0,0.0,0.0,0.06193228736581339,14.132947976878592,15.644095788604462,0.16102394715111482,0.0,0.0,0.0,0.0,0.0,0.0,0.0,0.0,0.0,0.0,0.0,0.0,0.0,0.0,0.0,0.0
84900,4495,2299,0.5114571746384872,1047,939,0.4418242491657397,1274,0.5668520578420467,0.434,2.970856102003643,3.1010702945930446,6.568333333333333,2.1875398409070304,9411.579182994074,1523.27482513207,7853.0,10926.836057782173,10900.330764488195,7.52600451745565,7853.0,0.0,27.772636262513906,20.903164809587903,32.69713831478538,19.19973412401613,0.1410456062291435,0.09877641824249166,0.09454949944382647,0.08987764182424916,0.07897664071190211,0.0778642936596218,0.07208008898776418,0.05917686318131257,0.054505005561735265,0.05272525027808676,0.04649610678531702,0.03870967741935484,0.034705228031145716,0.024471635150166853,0.017130144605116797,0.01067853170189099,0.008231368186874305,0.9391181022359744,0.023718746540548407,0.0,0.0,0.0,0.0,0.0,0.0,0.0,0.0,0.0,0.0,0.0,0.0,0.0,0.0,0.0,0.0,0.0,0.0,0.0,0.0,0.0,0.0,0.0,0.0,0.0,0.02002224694104561,1.5083426028921028,10.805339265850947,13.895439377085655,3.7708565072302567,4.3384083044982695,2.8795326344997427,nan,nan,nan,4.346685082872928,2.864090409397527,4.330326162387231,2.8959236643985236,0.9962364606191152,0.4011,0.012436,0.0,0.0,0.0,0.0,0.0,0.0,0.0,0.0,0.0,0.0,0.07341490545050057,13.755283648498311,15.951056729699669,0.22024471635150172,0.0,0.0,0.0,0.0,0.0,0.0,0.0,0.0,0.0,0.0,0.0,0.0,0.0,0.0,0.0,0.0,nan,nan,4.3384083044982695,2.8795326344997427,nan,0.4011,0.0599,0.0,0.0,0.0,0.0,0.0,0.0,0.0,0.0,0.0,0.0,0.0,0.0,0.0,0.0,0.0,0.0,0.0,0.0,0.0,0.0,0.0,0.00027808676307007786,0.0001668520578420467,0.0,0.0011345939933259178,0.008298109010011124,0.0016017797552836486,0.009488320355951057,0.008709677419354838,0.0049721913236929925,0.0033481646273637376,0.012647385984427141,0.03839822024471635,0.0482091212458287,0.07006674082313682,0.04685205784204672,0.06456062291434927,0.04436040044493882,0.0575083426028921,0.045650723025583984,0.04777530589543938,0.09671857619577308,0.053915461624026696,0.048587319243604,0.030756395995550613,0.03832035595105673,0.04085650723025584,0.050189098998887655,0.04261401557285873,0.03545050055617353,0.014660734149054505,0.010656284760845383,0.010789766407119022,0.004137931034482759,0.006418242491657397,0.00020022246941045607,0.0010567296996662958,0.0,0.0006117908787541713,3.3370411568409345e-05,0.0,0.0,0.0,0.0,0.0,0.0,0.0,0.0,0.0,0.0,0.0,0.0,0.0,0.0,0.0,0.0,0.0,0.0,0.0,0.0,0.0,0.0,0.0,0.0,0.0,0.0,0.0,0.0,0.0,0.0,0.0,0.0,0.0,0.0,0.0,0.0,0.0,0.0,0.0,0.0,0.0,nan,nan,4.3384083044982695,2.8795326344997427,nan,0.939183378307754,0.023855064550337358,0.0,0.0,0.0,0.0,0.0,0.0,0.0,0.0,0.0,0.0,0.0,0.0,0.0,0.0,0.0,0.0,0.0,0.0,0.0,0.0,0.0,0.0,0.0,0.0,0.0,0.013049151805132669,1.6441931274467163,10.504567203131797,14.08003479773815,3.7581557198782085,0.9390497644905185,0.02357499655469351,0.0,0.0,0.0,0.0,0.0,0.0,0.0,0.0,0.0,0.0,0.0,0.0,0.0,0.0,0.0,0.0,0.0,0.0,0.0,0.0,0.0,0.0,0.0,0.0,0.0,0.027322404371584706,1.3661202185792352,11.120218579234974,13.70218579234973,3.7841530054644816,0.4014,0.012566,0.0,0.0,0.0,0.0,0.0,0.0,0.0,0.0,0.0,0.0,0.039147455415398005,13.975641583297065,15.711178773379734,0.27403218790778605,0.0,0.0,0.0,0.0,0.0,0.0,0.0,0.0,0.0,0.0,0.0,0.0,0.0,0.0,0.0,0.0,0.4011,0.01229,0.0,0.0,0.0,0.0,0.0,0.0,0.0,0.0,0.0,0.0,0.10928961748633882,13.524590163934405,16.20218579234973,0.1639344262295082,0.0,0.0,0.0,0.0,0.0,0.0,0.0,0.0,0.0,0.0,0.0,0.0,0.0,0.0,0.0,0.0
85000,4761,2419,0.5080865364419239,1150,993,0.4501155219491703,1362,0.5721487082545683,0.41,2.8612297181895814,3.03944321460854,6.524879614767255,2.151323593466578,9401.349048941069,1523.5160176036452,7853.0,10925.357246518135,10900.412080201915,7.4548945664151285,7853.0,0.0,27.50514597773577,20.760373183349568,32.52979632889112,19.026936685172963,0.14450745641671917,0.0976685570258349,0.09976895610165931,0.08191556395715185,0.07813484562066793,0.08254568367989919,0.07288384793110692,0.06490233144297416,0.056080655324511654,0.046838899390884266,0.04221802142407057,0.0382272631800042,0.033186305398025626,0.027305187985717287,0.015332913253518168,0.011972274732199117,0.006511237135055661,0.9384942066391534,0.02337225596522685,0.0,0.0,0.0,0.0,0.0,0.0,0.0,0.0,0.0,0.0,0.0,0.0,0.0,0.0,0.0,0.0,0.0,0.0,0.0,0.0,0.0,0.0,0.0,0.0,0.0,0.03780718336483933,1.5059861373660999,10.863264020163834,14.095778197857596,3.497164461247638,4.253775443204202,2.845601805083349,nan,nan,nan,4.280367695338148,2.860430681943763,4.227183191070256,2.8304454215255346,0.9875747814081914,0.4014,0.01254,0.0,0.0,0.0,0.0,0.0,0.0,0.0,0.0,0.0,0.0,0.06931316950220544,13.591682419659715,16.162570888468814,0.1764335223692502,0.0,0.0,0.0,0.0,0.0,0.0,0.0,0.0,0.0,0.0,0.0,0.0,0.0,0.0,0.0,0.0,nan,nan,4.253775443204202,2.845601805083349,nan,0.4014,0.06003,0.0,0.0,0.0,0.0,0.0,0.0,0.0,0.0,0.0,0.0,0.0,0.0,0.0,0.0,0.0,0.0,0.0,0.0,0.0,0.0,0.0,0.0001260239445494644,0.00021003990758244065,1.0501995379122034e-05,0.001249737450115522,0.008055030455786599,0.0011972274732199118,0.00986137366099559,0.009010712035286705,0.004368830077714766,0.004053770216341105,0.01260239445494644,0.03801722327242176,0.0501890359168242,0.06827347195967234,0.0474270111321151,0.0640621718126444,0.046639361478680946,0.05800252047889099,0.042028985507246375,0.04698592732619198,0.09619827767275782,0.05262549884478051,0.04917034236504936,0.030193236714975844,0.03486662465868515,0.04453896240285654,0.051606805293005674,0.04385633270321361,0.03548624238605335,0.01590002100399076,0.010396975425330813,0.010649023314429741,0.0046943919344675485,0.0059861373660995585,0.0001890359168241966,0.000945179584120983,0.0,0.000325561856752783,0.0,0.0,0.0,0.0,0.0,0.0,0.0,0.0,0.0,0.0,0.0,0.0,0.0,0.0,0.0,0.0,0.0,0.0,0.0,0.0,0.0,0.0,0.0,0.0,0.0,0.0,0.0,0.0,0.0,0.0,0.0,0.0,0.0,0.0,0.0,0.0,0.0,0.0,0.0,0.0,0.0,0.0,nan,nan,4.253775443204202,2.845601805083349,nan,0.9390389054656374,0.02334007606193697,0.0,0.0,0.0,0.0,0.0,0.0,0.0,0.0,0.0,0.0,0.0,0.0,0.0,0.0,0.0,0.0,0.0,0.0,0.0,0.0,0.0,0.0,0.0,0.0,0.0,0.02480363786688715,1.3766019016122368,10.950806118230677,14.038859032658126,3.6089293096320803,0.9379315992688441,0.023392135229198398,0.0,0.0,0.0,0.0,0.0,0.0,0.0,0.0,0.0,0.0,0.0,0.0,0.0,0.0,0.0,0.0,0.0,0.0,0.0,0.0,0.0,0.0,0.0,0.0,0.0,0.05123825789923144,1.6396242527754061,10.772843723313411,14.154568744662685,3.381725021349275,0.4019,0.012474,0.0,0.0,0.0,0.0,0.0,0.0,0.0,0.0,0.0,0.0,0.0496072757337743,13.245142620917715,16.506821000413396,0.1984291029350972,0.0,0.0,0.0,0.0,0.0,0.0,0.0,0.0,0.0,0.0,0.0,0.0,0.0,0.0,0.0,0.0,0.4011,0.0126,0.0,0.0,0.0,0.0,0.0,0.0,0.0,0.0,0.0,0.0,0.08966695132365501,13.949615713065736,15.807002561912897,0.1537147736976943,0.0,0.0,0.0,0.0,0.0,0.0,0.0,0.0,0.0,0.0,0.0,0.0,0.0,0.0,0.0,0.0
85100,4921,2472,0.5023369233895549,1197,1054,0.4574273521641943,1458,0.5925624872993294,0.35799999999999993,2.8628011433238054,2.9253612316620368,6.127450980392157,2.0935414759356035,9383.808494874773,1523.679845406057,7853.0,10923.850004196167,10900.37403045257,7.580515858519486,7853.0,0.0,29.001422475106686,21.07594086838449,33.985074626865675,19.13844270250959,0.13635439951229425,0.0888030888030888,0.08717740296687665,0.08108108108108109,0.0790489737858159,0.0757976021133916,0.07112375533428165,0.07315586262954683,0.059743954480796585,0.05405405405405406,0.04998983946352367,0.042064621011989434,0.03617150985572038,0.027636659215606586,0.017882544198333673,0.010973379394432025,0.008941272099166836,0.939190450128417,0.023775567449254926,0.0,0.0,0.0,0.0,0.0,0.0,0.0,0.0,0.0,0.0,0.0,0.0,0.0,0.0,0.0,0.0,0.0,0.0,0.0,0.0,0.0,0.0,0.0,0.0,0.0,0.04877057508636457,1.4387319650477548,10.583214793741112,14.271489534647433,3.6577931314773426,4.127899877899878,2.737911043797526,nan,nan,nan,4.062423500611995,2.6659869496129334,4.190737355271176,2.8054203659156474,1.0315855436145076,0.401,0.0122,0.0,0.0,0.0,0.0,0.0,0.0,0.0,0.0,0.0,0.0,0.07315586262954685,14.039829302987178,15.752895752895755,0.13411908148750257,0.0,0.0,0.0,0.0,0.0,0.0,0.0,0.0,0.0,0.0,0.0,0.0,0.0,0.0,0.0,0.0,nan,nan,4.127899877899878,2.737911043797526,nan,0.401,0.05975,0.0,0.0,0.0,0.0,0.0,0.0,0.0,0.0,0.0,0.0,0.0,0.0,0.0,0.0,0.0,0.0,0.0,0.0,0.0,0.0,0.0,2.03210729526519e-05,0.00015240804714488924,1.016053647632595e-05,0.0012395854501117659,0.006644990855517171,0.001219264377159114,0.0106888843730949,0.009632188579557001,0.00524283682178419,0.003881324933956513,0.011908148750254014,0.038742125584230847,0.04705344442186547,0.07173338752286121,0.049786628733997154,0.06484454379191221,0.04601706970128023,0.0569701280227596,0.04148547043283885,0.0502336923389555,0.09705344442186548,0.049542775858565334,0.049786628733997154,0.02805324121113595,0.036039422881528144,0.04335500914448283,0.05197114407640723,0.042460881934566146,0.03632391790286527,0.017272912009754116,0.008849827270879903,0.01058727900833164,0.004267425320056899,0.005364763259500102,0.00013208697419223736,0.001219264377159114,0.0,0.00021337126600284495,0.0,0.0,0.0,0.0,0.0,0.0,0.0,0.0,0.0,0.0,0.0,0.0,0.0,0.0,0.0,0.0,0.0,0.0,0.0,0.0,0.0,0.0,0.0,0.0,0.0,0.0,0.0,0.0,0.0,0.0,0.0,0.0,0.0,0.0,0.0,0.0,0.0,0.0,0.0,0.0,0.0,0.0,nan,nan,4.127899877899878,2.737911043797526,nan,0.9394366401684708,0.024148239591870867,0.0,0.0,0.0,0.0,0.0,0.0,0.0,0.0,0.0,0.0,0.0,0.0,0.0,0.0,0.0,0.0,0.0,0.0,0.0,0.0,0.0,0.0,0.0,0.0,0.0,0.04854368932038836,1.4441747572815538,10.30339805825243,14.356796116504857,3.8470873786407775,0.9389419479728378,0.02339074763826435,0.0,0.0,0.0,0.0,0.0,0.0,0.0,0.0,0.0,0.0,0.0,0.0,0.0,0.0,0.0,0.0,0.0,0.0,0.0,0.0,0.0,0.0,0.0,0.0,0.0,0.048999591670069426,1.4332380563495308,10.865659452837896,14.185381788485099,3.466721110657412,0.4011,0.012344,0.0,0.0,0.0,0.0,0.0,0.0,0.0,0.0,0.0,0.0,0.08495145631067963,13.871359223300951,15.898058252427187,0.14563106796116507,0.0,0.0,0.0,0.0,0.0,0.0,0.0,0.0,0.0,0.0,0.0,0.0,0.0,0.0,0.0,0.0,0.401,0.01205,0.0,0.0,0.0,0.0,0.0,0.0,0.0,0.0,0.0,0.0,0.06124948958758678,14.20988158432011,15.606369946917113,0.12249897917517356,0.0,0.0,0.0,0.0,0.0,0.0,0.0,0.0,0.0,0.0,0.0,0.0,0.0,0.0,0.0,0.0
85200,4497,2317,0.5152323771403158,1099,925,0.4500778296642206,1281,0.5697131420947298,0.40599999999999997,2.968348623853211,3.066152600307047,6.594249201277956,2.0003750834880787,9423.098808361141,1522.9822336324678,7853.0,10929.145577669144,10900.360527060877,7.374471161187419,7853.0,0.0,28.204358461196353,20.913968627187256,33.00052603892688,19.181447609351604,0.13520124527462754,0.09517456081832333,0.09895485879475206,0.08561263064265065,0.08272181454302868,0.07671781187458306,0.0669335112297087,0.06270847231487658,0.058038692461641096,0.05003335557038025,0.04847676228596842,0.044251723371136316,0.0311318656882366,0.029797642873026463,0.01645541472092506,0.01045141205247943,0.00733822548365577,0.9390780981683933,0.02352663389442424,0.0,0.0,0.0,0.0,0.0,0.0,0.0,0.0,0.0,0.0,0.0,0.0,0.0,0.0,0.0,0.0,0.0,0.0,0.0,0.0,0.0,0.0,0.0,0.0,0.0,0.04002668445630421,1.4609739826551038,10.593729152768514,14.2628418945964,3.642428285523683,4.2360968952575915,2.891806620439488,nan,nan,nan,4.22169167803547,2.8822917738263243,4.250511945392492,2.901225128535243,1.0068267106067852,0.4016,0.01224,0.0,0.0,0.0,0.0,0.0,0.0,0.0,0.0,0.0,0.0,0.060040026684456314,13.649099399599713,16.15076717811875,0.14009339559706474,0.0,0.0,0.0,0.0,0.0,0.0,0.0,0.0,0.0,0.0,0.0,0.0,0.0,0.0,0.0,0.0,nan,nan,4.2360968952575915,2.891806620439488,nan,0.4016,0.06,0.0,0.0,0.0,0.0,0.0,0.0,0.0,0.0,0.0,0.0,0.0,0.0,0.0,0.0,0.0,0.0,0.0,0.0,0.0,0.0,0.0,0.0,0.000244607516121859,1.11185234600845e-05,0.0012452746275294641,0.005870580386924617,0.001045141205247943,0.010873915943962642,0.010295752724038248,0.005881698910384701,0.003824772070269068,0.012430509228374471,0.03656882366021792,0.046386479875472536,0.06937958639092728,0.050622637313764735,0.06698910384700912,0.04672003557927507,0.05501445408049811,0.04014898821436513,0.054558594618634645,0.0927507227040249,0.048043139871025126,0.050622637313764735,0.029019346230820548,0.03612408272181454,0.04236157438292195,0.05352457193684679,0.042250389148321105,0.03826995774961085,0.016811207471647764,0.009006004002668445,0.0104736490993996,0.004591950189014899,0.00590393595730487,0.00034467422726261953,0.001512119190571492,0.0001445408049810985,0.000133422281521014,0.0,0.0,0.0,0.0,0.0,0.0,0.0,0.0,0.0,0.0,0.0,0.0,0.0,0.0,0.0,0.0,0.0,0.0,0.0,0.0,0.0,0.0,0.0,0.0,0.0,0.0,0.0,0.0,0.0,0.0,0.0,0.0,0.0,0.0,0.0,0.0,0.0,0.0,0.0,0.0,0.0,0.0,nan,nan,4.2360968952575915,2.891806620439488,nan,0.9391602161221839,0.023582999217654423,0.0,0.0,0.0,0.0,0.0,0.0,0.0,0.0,0.0,0.0,0.0,0.0,0.0,0.0,0.0,0.0,0.0,0.0,0.0,0.0,0.0,0.0,0.0,0.0,0.0,0.051791109192921896,1.4630988347000435,10.526542943461374,14.333189469141134,3.6253776435045326,0.938990819590901,0.023466262913436606,0.0,0.0,0.0,0.0,0.0,0.0,0.0,0.0,0.0,0.0,0.0,0.0,0.0,0.0,0.0,0.0,0.0,0.0,0.0,0.0,0.0,0.0,0.0,0.0,0.0,0.02752293577981652,1.4587155963302756,10.665137614678901,14.188073394495417,3.6605504587155973,0.4014,0.012085,0.0,0.0,0.0,0.0,0.0,0.0,0.0,0.0,0.0,0.0,0.03884333189469142,13.556322831247284,16.249460509279242,0.15537332757876568,0.0,0.0,0.0,0.0,0.0,0.0,0.0,0.0,0.0,0.0,0.0,0.0,0.0,0.0,0.0,0.0,0.4016,0.012405,0.0,0.0,0.0,0.0,0.0,0.0,0.0,0.0,0.0,0.0,0.08256880733944956,13.747706422018329,16.04587155963303,0.12385321100917433,0.0,0.0,0.0,0.0,0.0,0.0,0.0,0.0,0.0,0.0,0.0,0.0,0.0,0.0,0.0,0.0
85300,4291,2227,0.5189932416686087,1021,866,0.43975763225355397,1192,0.5555814495455604,0.438,3.0213178294573644,3.1473088984218265,6.700354609929078,2.0987838124192484,9434.599190194369,1522.6279090793169,7853.0,10924.87953209877,10900.43696682714,7.333165874034656,7853.0,0.0,27.739221626660452,20.99893566900482,32.65630205441421,19.341623977456795,0.137963178746213,0.10463761360988115,0.09834537403868562,0.08995572127709159,0.07946865532509904,0.07387555348403635,0.06618503845257516,0.06222325798182242,0.054299697040316945,0.04917268701934281,0.04870659519925425,0.03868562106735027,0.0328594733162433,0.02703332556513633,0.018876718713586576,0.010254020041948263,0.0074574691214169195,0.9395047059094703,0.023373707650654878,0.0,0.0,0.0,0.0,0.0,0.0,0.0,0.0,0.0,0.0,0.0,0.0,0.0,0.0,0.0,0.0,0.0,0.0,0.0,0.0,0.0,0.0,0.0,0.0,0.0,0.020974131903985088,1.3353530645537173,10.438126310883245,14.556047541365652,3.6494989512934057,4.342825848849945,2.924702268913075,nan,nan,nan,4.365243004418262,2.9744666320321302,4.322463768115942,2.8751186016101897,0.9902000332492324,0.4016,0.01211,0.0,0.0,0.0,0.0,0.0,0.0,0.0,0.0,0.0,0.0,0.06292239571195526,13.619202982987629,16.18503845257516,0.1328361687252389,0.0,0.0,0.0,0.0,0.0,0.0,0.0,0.0,0.0,0.0,0.0,0.0,0.0,0.0,0.0,0.0,nan,nan,4.342825848849945,2.924702268913075,nan,0.4016,0.05988,0.0,0.0,0.0,0.0,0.0,0.0,0.0,0.0,0.0,0.0,0.0,0.0,0.0,0.0,0.0,0.0,0.0,0.0,0.0,0.0,9.321836401771148e-05,0.0,0.0001281752505243533,0.0,0.0007107900256350501,0.006233978093684455,0.000920531344674901,0.011326031228151946,0.011174551386623165,0.005523188068049406,0.003950128175250524,0.011640643206711722,0.03838266138429271,0.04124912607783733,0.07230249359123747,0.05023304591004428,0.06661617338615708,0.04635283150780704,0.05257515730598928,0.042029829876485666,0.0576089489629457,0.09260079235609416,0.047354928920997436,0.053320904218130974,0.030505709624796085,0.03426940107201119,0.041691913306921465,0.052004194826380794,0.042262875786529944,0.03664646935446283,0.017653227685854114,0.009123747378233512,0.010207410859939408,0.005243532975996271,0.005896061524120252,0.0006408762526217665,0.001456536937776742,0.0,6.991377301328361e-05,0.0,0.0,0.0,0.0,0.0,0.0,0.0,0.0,0.0,0.0,0.0,0.0,0.0,0.0,0.0,0.0,0.0,0.0,0.0,0.0,0.0,0.0,0.0,0.0,0.0,0.0,0.0,0.0,0.0,0.0,0.0,0.0,0.0,0.0,0.0,0.0,0.0,0.0,0.0,0.0,0.0,0.0,nan,nan,4.342825848849945,2.924702268913075,nan,0.9394153021192357,0.023744418068581897,0.0,0.0,0.0,0.0,0.0,0.0,0.0,0.0,0.0,0.0,0.0,0.0,0.0,0.0,0.0,0.0,0.0,0.0,0.0,0.0,0.0,0.0,0.0,0.0,0.0,0.026942074539739565,1.4009878760664576,10.547822182308039,14.292770543331839,3.73147732375393,0.9396011701734491,0.022966620698865334,0.0,0.0,0.0,0.0,0.0,0.0,0.0,0.0,0.0,0.0,0.0,0.0,0.0,0.0,0.0,0.0,0.0,0.0,0.0,0.0,0.0,0.0,0.0,0.0,0.0,0.014534883720930236,1.2645348837209305,10.319767441860467,14.840116279069772,3.5610465116279078,0.4014,0.011894,0.0,0.0,0.0,0.0,0.0,0.0,0.0,0.0,0.0,0.0,0.06735518634934891,13.740458015267157,16.09788953749439,0.09429726088908849,0.0,0.0,0.0,0.0,0.0,0.0,0.0,0.0,0.0,0.0,0.0,0.0,0.0,0.0,0.0,0.0,0.4016,0.012344,0.0,0.0,0.0,0.0,0.0,0.0,0.0,0.0,0.0,0.0,0.05813953488372094,13.488372093023237,16.279069767441865,0.17441860465116282,0.0,0.0,0.0,0.0,0.0,0.0,0.0,0.0,0.0,0.0,0.0,0.0,0.0,0.0,0.0,0.0
85400,4531,2346,0.5177664974619289,1089,931,0.44581770028691237,1277,0.5636724784815714,0.422,2.991304347826087,3.095936273698943,6.648117839607202,2.0546324393296187,9431.026549431865,1522.9253115635063,7853.0,10929.047868609428,10900.757159196837,7.298690563123465,7853.0,0.0,28.055616861619953,21.030460953501876,33.236431029917924,19.199604145281914,0.14191127786360627,0.10395056278967116,0.0851909070845288,0.08607371441182962,0.08143897594350033,0.07172809534319134,0.06819686603398808,0.06665195321121166,0.06003089825645553,0.05208563231074818,0.04414036636504083,0.04105054071948797,0.037077907746634296,0.022070183182520416,0.02030456852791878,0.011476495254910615,0.006621054954756124,0.93993079797818,0.02339985417869406,0.0,0.0,0.0,0.0,0.0,0.0,0.0,0.0,0.0,0.0,0.0,0.0,0.0,0.0,0.0,0.0,0.0,0.0,0.0,0.0,0.0,0.0,0.0,0.0,0.0,0.013242109909512252,1.2977267711322007,10.18318252041492,14.665636724784818,3.840211873758553,4.311301369863013,2.8669125113146317,nan,nan,nan,4.358554873892297,2.8879790034127906,4.263592567102546,2.8446886123629507,0.9782124328963772,0.4019,0.0118,0.0,0.0,0.0,0.0,0.0,0.0,0.0,0.0,0.0,0.0,0.026484219819024504,13.209004634738449,16.618847936437877,0.14566320900463475,0.0,0.0,0.0,0.0,0.0,0.0,0.0,0.0,0.0,0.0,0.0,0.0,0.0,0.0,0.0,0.0,nan,nan,4.311301369863013,2.8669125113146317,nan,0.4019,0.05957,0.0,0.0,0.0,0.0,0.0,0.0,0.0,0.0,0.0,0.0,0.0,0.0,0.0,0.0,0.0,0.0,0.0,0.0,0.0,0.0,7.724564113882145e-05,5.517545795630104e-05,0.0,0.0,0.0004965791216067093,0.004921650849702052,0.0008165967777532553,0.012171706025160009,0.01009710880600309,0.004127124255131317,0.005495475612447584,0.010494372103288458,0.03778415360847495,0.04369896270139042,0.07448686824100641,0.04845508717722357,0.06817479585080556,0.04595012138600751,0.053365702935334366,0.03736482012800706,0.05425954535422644,0.09738468329287132,0.04828956080335467,0.05545133524608254,0.031041712646214963,0.03437431030677555,0.03948355771352902,0.05018759655705143,0.04344515559479144,0.038137276539395276,0.01604502317369234,0.010549547561244758,0.011090267049216508,0.0055616861619951444,0.0046678437431030674,0.0005627896711542706,0.0013683513573162656,0.0,6.621054954756124e-05,0.0,0.0,0.0,0.0,0.0,0.0,0.0,0.0,0.0,0.0,0.0,0.0,0.0,0.0,0.0,0.0,0.0,0.0,0.0,0.0,0.0,0.0,0.0,0.0,0.0,0.0,0.0,0.0,0.0,0.0,0.0,0.0,0.0,0.0,0.0,0.0,0.0,0.0,0.0,0.0,0.0,0.0,nan,nan,4.311301369863013,2.8669125113146317,nan,0.9401019691455497,0.02316074777124992,0.0,0.0,0.0,0.0,0.0,0.0,0.0,0.0,0.0,0.0,0.0,0.0,0.0,0.0,0.0,0.0,0.0,0.0,0.0,0.0,0.0,0.0,0.0,0.0,0.0,0.0,1.2915601023017904,9.808184143222508,15.191815856777497,3.7084398976982107,0.9397470141984778,0.023652509394345746,0.0,0.0,0.0,0.0,0.0,0.0,0.0,0.0,0.0,0.0,0.0,0.0,0.0,0.0,0.0,0.0,0.0,0.0,0.0,0.0,0.0,0.0,0.0,0.0,0.0,0.027459954233409616,1.3043478260869568,10.585812356979407,14.100686498855838,3.9816933638443945,0.4019,0.01184,0.0,0.0,0.0,0.0,0.0,0.0,0.0,0.0,0.0,0.0,0.025575447570332487,12.86445012787722,16.905370843989772,0.2046035805626599,0.0,0.0,0.0,0.0,0.0,0.0,0.0,0.0,0.0,0.0,0.0,0.0,0.0,0.0,0.0,0.0,0.4016,0.01176,0.0,0.0,0.0,0.0,0.0,0.0,0.0,0.0,0.0,0.0,0.027459954233409616,13.578947368421032,16.311212814645312,0.08237986270022885,0.0,0.0,0.0,0.0,0.0,0.0,0.0,0.0,0.0,0.0,0.0,0.0,0.0,0.0,0.0,0.0
85500,4698,2391,0.5089399744572158,1107,993,0.44699872286079184,1381,0.587909748829289,0.39799999999999996,3.0229735587342867,3.1269749650949827,6.556851311953353,2.2142142183433884,9404.064400317327,1523.5837355612566,7853.0,10925.881388425827,10900.637203132917,7.229805415404493,7853.0,0.0,28.10429970200085,20.65890397791608,32.78106954556867,18.949720678536686,0.13026819923371646,0.10472541507024266,0.09259259259259259,0.08514261387824607,0.08386547467007237,0.07343550446998723,0.06832694763729247,0.06300553426990209,0.06704980842911877,0.0519369944657301,0.04427415921668795,0.04129416773094934,0.035759897828863345,0.027458492975734355,0.01532567049808429,0.010429970200085143,0.005108556832694764,0.9392982393871119,0.02356197268726297,0.0,0.0,0.0,0.0,0.0,0.0,0.0,0.0,0.0,0.0,0.0,0.0,0.0,0.0,0.0,0.0,0.0,0.0,0.0,0.0,0.0,0.0,0.0,0.0,0.0,0.019157088122605366,1.4112388250319288,10.568326947637296,14.182630906768841,3.818646232439337,4.3936309914642155,2.9607320859840027,nan,nan,nan,4.468893254747871,2.9296792627488366,4.317972350230415,2.9897145775684044,0.9662285725090627,0.402,0.01186,0.0,0.0,0.0,0.0,0.0,0.0,0.0,0.0,0.0,0.0,0.03192848020434228,13.090676883780313,16.730523627075353,0.14687100893997448,0.0,0.0,0.0,0.0,0.0,0.0,0.0,0.0,0.0,0.0,0.0,0.0,0.0,0.0,0.0,0.0,nan,nan,4.3936309914642155,2.9607320859840027,nan,0.402,0.05948,0.0,0.0,0.0,0.0,0.0,0.0,0.0,0.0,0.0,0.0,0.0,0.0,0.0,0.0,0.0,0.0,0.0,0.0,0.0,0.0,0.00021285653469561516,3.192848020434228e-05,0.0,1.0642826734780758e-05,0.0004789272030651341,0.003969774372073223,0.0009365687526607067,0.012271179225202213,0.01040868454661558,0.003948488718603661,0.006013197105151128,0.010280970625798212,0.03812260536398467,0.04342273307790549,0.0734035759897829,0.04736057896977437,0.06862494678586632,0.04351851851851852,0.05683269476372925,0.0351213282247765,0.05261813537675607,0.10203277990634313,0.0454661558109834,0.05734355044699872,0.03232226479352916,0.03284376330353342,0.03931460195828012,0.05353341847594721,0.0423690932311622,0.036047254150702424,0.01627288207747978,0.011068539804171988,0.012143465304384845,0.004895700297999148,0.004650915283099191,0.00034057045551298427,0.0014687100893997446,1.0642826734780758e-05,0.00028735632183908046,0.0,0.0,0.0,0.0,0.0,0.0,0.0,0.0,0.0,0.0,0.0,0.0,0.0,0.0,0.0,0.0,0.0,0.0,0.0,0.0,0.0,0.0,0.0,0.0,0.0,0.0,0.0,0.0,0.0,0.0,0.0,0.0,0.0,0.0,0.0,0.0,0.0,0.0,0.0,0.0,0.0,0.0,nan,nan,4.3936309914642155,2.9607320859840027,nan,0.9397595239602986,0.023371340417366594,0.0,0.0,0.0,0.0,0.0,0.0,0.0,0.0,0.0,0.0,0.0,0.0,0.0,0.0,0.0,0.0,0.0,0.0,0.0,0.0,0.0,0.0,0.0,0.0,0.0,0.0,1.4805520702634885,10.175658720200754,14.567126725219577,3.7766624843161867,0.938820159016722,0.023748478638907843,0.0,0.0,0.0,0.0,0.0,0.0,0.0,0.0,0.0,0.0,0.0,0.0,0.0,0.0,0.0,0.0,0.0,0.0,0.0,0.0,0.0,0.0,0.0,0.0,0.0,0.03901170351105332,1.3394018205461642,10.975292587776336,13.784135240572175,3.862158647594279,0.4019,0.01167,0.0,0.0,0.0,0.0,0.0,0.0,0.0,0.0,0.0,0.0,0.03764115432873275,13.048933500627335,16.81304893350063,0.10037641154328734,0.0,0.0,0.0,0.0,0.0,0.0,0.0,0.0,0.0,0.0,0.0,0.0,0.0,0.0,0.0,0.0,0.402,0.01206,0.0,0.0,0.0,0.0,0.0,0.0,0.0,0.0,0.0,0.0,0.026007802340702216,13.133940182054598,16.644993498049416,0.19505851755526663,0.0,0.0,0.0,0.0,0.0,0.0,0.0,0.0,0.0,0.0,0.0,0.0,0.0,0.0,0.0,0.0
85600,4383,2269,0.5176819530002281,1065,903,0.4490075290896646,1272,0.5804243668720055,0.40599999999999997,3.0581835383159888,3.0637999470907604,6.524879614767255,2.1445980387819072,9430.756786166643,1522.9230166845073,7853.0,10928.29106092453,10900.733800691227,7.394295216668248,7853.0,0.0,28.810403832991103,21.0203417530782,33.535139484978544,19.224039101595835,0.13118868355007984,0.09970339949806069,0.08829568788501027,0.08167921514944103,0.08190736938170202,0.07620351357517682,0.06616472735569245,0.06182979694273329,0.06000456308464522,0.05612594113620808,0.053388090349075976,0.045174537987679675,0.036504677161761354,0.02509696554871093,0.02007757243896874,0.01003878621948437,0.006616472735569244,0.940322633791046,0.023518964037339007,0.0,0.0,0.0,0.0,0.0,0.0,0.0,0.0,0.0,0.0,0.0,0.0,0.0,0.0,0.0,0.0,0.0,0.0,0.0,0.0,0.0,0.0,0.0,0.0,0.0,0.020533880903490762,1.2594113620807668,10.438056125941138,14.366872005475704,3.915126625598906,4.2450743173176635,2.8128170864169344,nan,nan,nan,4.155817174515235,2.7557470966613877,4.332182320441989,2.865929157116429,1.0424381387632449,0.402,0.01189,0.0,0.0,0.0,0.0,0.0,0.0,0.0,0.0,0.0,0.0,0.02737850787132102,12.91581108829567,16.8993839835729,0.15742642026009585,0.0,0.0,0.0,0.0,0.0,0.0,0.0,0.0,0.0,0.0,0.0,0.0,0.0,0.0,0.0,0.0,nan,nan,4.2450743173176635,2.8128170864169344,nan,0.402,0.0596,0.0,0.0,0.0,0.0,0.0,0.0,0.0,0.0,0.0,0.0,0.0,0.0,0.0,0.0,0.0,0.0,0.0,0.0,0.0,0.0,6.844626967830253e-05,2.2815423226100844e-05,0.0,4.563084645220169e-05,0.0005932010038786219,0.003855806525211043,0.0009582477754962354,0.011932466347250741,0.009879078256901666,0.004243668720054757,0.0062057951174994295,0.010951403148528405,0.03730321697467488,0.04528861510381017,0.07379648642482318,0.04719370294318959,0.06786447638603696,0.04263061829796943,0.05605749486652977,0.035854437599817476,0.05284052019164955,0.10159707962582706,0.04600730093543235,0.05571526351813826,0.03220396988364134,0.032911248003650466,0.03998402920374173,0.05245265799680584,0.041775039926990644,0.03698380104950947,0.01710015970796258,0.011692904403376683,0.012491444216290212,0.0048482774355464294,0.00431211498973306,0.00019393109742185717,0.0016997490303445129,0.0,0.00043349304129591603,1.1407711613050422e-05,0.0,0.0,0.0,0.0,0.0,0.0,0.0,0.0,0.0,0.0,0.0,0.0,0.0,0.0,0.0,0.0,0.0,0.0,0.0,0.0,0.0,0.0,0.0,0.0,0.0,0.0,0.0,0.0,0.0,0.0,0.0,0.0,0.0,0.0,0.0,0.0,0.0,0.0,0.0,0.0,0.0,nan,nan,4.2450743173176635,2.8128170864169344,nan,0.9400106483274958,0.023458708232050273,0.0,0.0,0.0,0.0,0.0,0.0,0.0,0.0,0.0,0.0,0.0,0.0,0.0,0.0,0.0,0.0,0.0,0.0,0.0,0.0,0.0,0.0,0.0,0.0,0.0,0.039665050683120325,1.2825033054208905,10.603790215954167,14.173644777434996,3.900396650506832,0.9406574942531062,0.02357887382902187,0.0,0.0,0.0,0.0,0.0,0.0,0.0,0.0,0.0,0.0,0.0,0.0,0.0,0.0,0.0,0.0,0.0,0.0,0.0,0.0,0.0,0.0,0.0,0.0,0.0,0.0,1.2346263008514666,10.260170293282878,14.574266792809842,3.9309366130558194,0.4019,0.0119,0.0,0.0,0.0,0.0,0.0,0.0,0.0,0.0,0.0,0.0,0.026443367122080216,13.221683561040086,16.566769501983256,0.18510356985456153,0.0,0.0,0.0,0.0,0.0,0.0,0.0,0.0,0.0,0.0,0.0,0.0,0.0,0.0,0.0,0.0,0.4023,0.011856,0.0,0.0,0.0,0.0,0.0,0.0,0.0,0.0,0.0,0.0,0.028382213812677394,12.587511825922403,17.256385998107856,0.12771996215704828,0.0,0.0,0.0,0.0,0.0,0.0,0.0,0.0,0.0,0.0,0.0,0.0,0.0,0.0,0.0,0.0
85700,4378,2255,0.5150753768844221,1092,887,0.45203289173138417,1221,0.5577889447236181,0.422,3.0711257654262836,3.225856735287457,6.824212271973466,2.261277798422928,9422.933695501255,1523.3006098193691,7853.0,10931.085824012756,10900.968833217072,7.3177540147880755,7853.0,0.0,27.95089081772499,20.661283465167553,32.66972724817715,18.964775942590663,0.13111009593421655,0.10507080858839653,0.09365006852444038,0.08474189127455459,0.07971676564641389,0.0829145728643216,0.07240749200548195,0.06212882594792143,0.05938784833257195,0.05025125628140704,0.043627227044312475,0.04202832343535861,0.03403380539058931,0.027409776153494745,0.014618547281863865,0.010050251256281407,0.006852444038373686,0.94035646885756,0.023086230989294288,0.0,0.0,0.0,0.0,0.0,0.0,0.0,0.0,0.0,0.0,0.0,0.0,0.0,0.0,0.0,0.0,0.0,0.0,0.0,0.0,0.0,0.0,0.0,0.0,0.0,0.006852444038373688,1.0895386021014164,10.62814070351759,14.36272270443125,3.912745545911376,4.332863684395914,3.0004369658429977,nan,nan,nan,4.245243128964059,3.025689327468527,4.420422535211268,2.9724092455233087,1.0412648700970764,0.402,0.01224,0.0,0.0,0.0,0.0,0.0,0.0,0.0,0.0,0.0,0.0,0.03426222019186844,13.170397441754208,16.61032434901782,0.1850159890360896,0.0,0.0,0.0,0.0,0.0,0.0,0.0,0.0,0.0,0.0,0.0,0.0,0.0,0.0,0.0,0.0,nan,nan,4.332863684395914,3.0004369658429977,nan,0.402,0.05972,0.0,0.0,0.0,0.0,0.0,0.0,0.0,0.0,0.0,0.0,0.0,0.0,0.0,0.0,0.0,0.0,0.0,0.0,0.0,0.0,1.1420740063956144e-05,0.0,0.0,0.0001484696208314299,0.000708085883965281,0.003460484239378712,0.0008793969849246232,0.011352215623572408,0.009856098675194153,0.005185015989036089,0.006121516674280493,0.01054134307903152,0.03960712654179991,0.04394700776610325,0.0760164458656921,0.04589995431703974,0.06730242119689356,0.043307446322521696,0.05674965737779808,0.036009593421653725,0.05573321151210599,0.09993147555961626,0.044221105527638194,0.05215851987208771,0.030105070808588395,0.033451347647327545,0.04007537688442211,0.0558588396528095,0.040783462768387395,0.03719735038830516,0.018353129282777523,0.011420740063956145,0.012277295568752854,0.0045682960255824575,0.0045682960255824575,0.00022841480127912289,0.0014618547281863865,0.0,0.0004111466423024212,9.136592051164915e-05,0.0,0.0,0.0,0.0,0.0,0.0,0.0,0.0,0.0,0.0,0.0,0.0,0.0,0.0,0.0,0.0,0.0,0.0,0.0,0.0,0.0,0.0,0.0,0.0,0.0,0.0,0.0,0.0,0.0,0.0,0.0,0.0,0.0,0.0,0.0,0.0,0.0,0.0,0.0,0.0,0.0,nan,nan,4.332863684395914,3.0004369658429977,nan,0.9405870185458739,0.02321521869254742,0.0,0.0,0.0,0.0,0.0,0.0,0.0,0.0,0.0,0.0,0.0,0.0,0.0,0.0,0.0,0.0,0.0,0.0,0.0,0.0,0.0,0.0,0.0,0.0,0.0,0.01330376940133038,1.0776053215077608,10.350332594235034,14.487804878048784,4.0709534368070965,0.9401115844735995,0.022945892474402766,0.0,0.0,0.0,0.0,0.0,0.0,0.0,0.0,0.0,0.0,0.0,0.0,0.0,0.0,0.0,0.0,0.0,0.0,0.0,0.0,0.0,0.0,0.0,0.0,0.0,0.0,1.102213848327838,10.923221855864345,14.22986340084786,3.7447008949599634,0.402,0.012215,0.0,0.0,0.0,0.0,0.0,0.0,0.0,0.0,0.0,0.0,0.039911308203991136,12.944567627494438,16.842572062084262,0.17294900221729495,0.0,0.0,0.0,0.0,0.0,0.0,0.0,0.0,0.0,0.0,0.0,0.0,0.0,0.0,0.0,0.0,0.4019,0.012276,0.0,0.0,0.0,0.0,0.0,0.0,0.0,0.0,0.0,0.0,0.028261893546867648,13.410268487988676,16.363636363636367,0.19783325482807354,0.0,0.0,0.0,0.0,0.0,0.0,0.0,0.0,0.0,0.0,0.0,0.0,0.0,0.0,0.0,0.0
85800,4646,2330,0.501506672406371,1093,970,0.44403788204907446,1321,0.5686612139474817,0.41,2.8873056994818653,3.0765693993866168,6.591346153846154,2.1299125979836147,9381.426930403162,1523.8366979107907,7853.0,10926.254261255264,10900.67017967944,7.19830583541513,7853.0,0.0,27.54003443822643,20.83836930515428,32.7155060833549,19.044386898072645,0.14808437365475677,0.09621179509255273,0.09556607834696514,0.08846319414550151,0.08501937150236763,0.06973740852346104,0.07102884201463625,0.05832974601808007,0.054670684459750325,0.05402496771416272,0.05079638398622471,0.03745157124408093,0.03056392595781317,0.025398191993112353,0.0191562634524322,0.008179078777442962,0.007318123116659492,0.9395926462849614,0.023047943532764837,0.0,0.0,0.0,0.0,0.0,0.0,0.0,0.0,0.0,0.0,0.0,0.0,0.0,0.0,0.0,0.0,0.0,0.0,0.0,0.0,0.0,0.0,0.0,0.0,0.0,0.025828669823504097,1.3624623331898411,10.32501076194576,14.606112785191566,3.6805854498493336,4.363974315647178,2.840528849348968,nan,nan,nan,4.336905559276624,2.888591841882684,4.391541609822647,2.7904601560760347,1.0125979341259015,0.402,0.01183,0.0,0.0,0.0,0.0,0.0,0.0,0.0,0.0,0.0,0.0,0.03874300473525614,13.211364614722322,16.569091691777878,0.18080068876452868,0.0,0.0,0.0,0.0,0.0,0.0,0.0,0.0,0.0,0.0,0.0,0.0,0.0,0.0,0.0,0.0,nan,nan,4.363974315647178,2.840528849348968,nan,0.402,0.0593,0.0,0.0,0.0,0.0,0.0,0.0,0.0,0.0,0.0,0.0,0.0,0.0,0.0,0.0,0.0,0.0,0.0,0.0,0.0,0.0,0.0,0.0,0.0,0.00017219113215669393,0.0008501937150236763,0.0025505811450710287,0.0004950495049504951,0.010148514851485149,0.010245372363323289,0.005553164012053379,0.005606973740852346,0.010256134309083082,0.04055101162290142,0.045921222557038316,0.07391304347826087,0.048762376237623764,0.06563710718897976,0.0433383555746879,0.05475678002582867,0.036429186396900556,0.057393456736978044,0.10217391304347827,0.04170253981919931,0.05349763237193285,0.031102023245802843,0.03464270340077486,0.04035729659922514,0.05740421868273784,0.038592337494619024,0.03481489453293155,0.01742359018510547,0.010987946620749032,0.012752905725355144,0.004864399483426604,0.005090400344382264,0.00027981058975462764,0.0010977184674989238,0.0,0.0005703831252690487,6.457167455876022e-05,0.0,0.0,0.0,0.0,0.0,0.0,0.0,0.0,0.0,0.0,0.0,0.0,0.0,0.0,0.0,0.0,0.0,0.0,0.0,0.0,0.0,0.0,0.0,0.0,0.0,0.0,0.0,0.0,0.0,0.0,0.0,0.0,0.0,0.0,0.0,0.0,0.0,0.0,0.0,0.0,0.0,nan,nan,4.363974315647178,2.840528849348968,nan,0.9395081152987582,0.02327533390716374,0.0,0.0,0.0,0.0,0.0,0.0,0.0,0.0,0.0,0.0,0.0,0.0,0.0,0.0,0.0,0.0,0.0,0.0,0.0,0.0,0.0,0.0,0.0,0.0,0.0,0.025751072961373397,1.4291845493562236,10.416309012875539,14.394849785407729,3.7339055793991425,0.9396776882529465,0.02281657597146159,0.0,0.0,0.0,0.0,0.0,0.0,0.0,0.0,0.0,0.0,0.0,0.0,0.0,0.0,0.0,0.0,0.0,0.0,0.0,0.0,0.0,0.0,0.0,0.0,0.0,0.025906735751295342,1.295336787564767,10.233160621761659,14.818652849740936,3.626943005181348,0.4023,0.011925,0.0,0.0,0.0,0.0,0.0,0.0,0.0,0.0,0.0,0.0,0.025751072961373397,13.05579399141629,16.699570815450645,0.21888412017167386,0.0,0.0,0.0,0.0,0.0,0.0,0.0,0.0,0.0,0.0,0.0,0.0,0.0,0.0,0.0,0.0,0.4019,0.01174,0.0,0.0,0.0,0.0,0.0,0.0,0.0,0.0,0.0,0.0,0.051813471502590684,13.367875647668376,16.437823834196895,0.1424870466321244,0.0,0.0,0.0,0.0,0.0,0.0,0.0,0.0,0.0,0.0,0.0,0.0,0.0,0.0,0.0,0.0
85900,4904,2535,0.5169249592169658,1199,1020,0.45248776508972266,1429,0.58278955954323,0.38199999999999995,3.0037990713381175,3.011653586867745,6.374301675977653,2.0372533098896684,9428.476102845267,1523.028184071277,7853.0,10926.911180496216,10900.784934261612,7.289742489046784,7853.0,0.0,28.436174551386625,20.864219738602497,33.189078662496996,19.09614699269539,0.13254486133768353,0.09767536704730832,0.08992659053833606,0.08278955954323002,0.08951876019575856,0.07238988580750408,0.06973898858075041,0.06382544861337683,0.06300978792822186,0.053833605220228384,0.04384176182707993,0.04465742251223491,0.032830342577487764,0.028140293637846654,0.01896411092985318,0.00897226753670473,0.00734094616639478,0.9397142663792529,0.023538306138372704,0.0,0.0,0.0,0.0,0.0,0.0,0.0,0.0,0.0,0.0,0.0,0.0,0.0,0.0,0.0,0.0,0.0,0.0,0.0,0.0,0.0,0.0,0.0,0.0,0.0,0.036704730831973904,1.34584013050571,10.411908646003265,14.327079934747148,3.8784665579119095,4.201860465116279,2.8020805579779884,nan,nan,nan,4.230295566502463,2.7955662312015663,4.173016864459712,2.808378907000818,0.9864598817878564,0.4016,0.012245,0.0,0.0,0.0,0.0,0.0,0.0,0.0,0.0,0.0,0.0,0.04282218597063623,13.452283849918413,16.351957585644374,0.15293637846655794,0.0,0.0,0.0,0.0,0.0,0.0,0.0,0.0,0.0,0.0,0.0,0.0,0.0,0.0,0.0,0.0,nan,nan,4.201860465116279,2.8020805579779884,nan,0.4016,0.05975,0.0,0.0,0.0,0.0,0.0,0.0,0.0,0.0,0.0,0.0,0.0,0.0,0.0,0.0,0.0,0.0,0.0,0.0,0.0,0.0,0.0,0.0,0.0,0.00014274061990212072,0.0009685970636215335,0.002844616639477977,0.0010297716150081567,0.010552610114192496,0.009584013050570963,0.0053935562805872755,0.0050570962479608485,0.011939233278955954,0.04056892332789559,0.04652324632952692,0.07562194127243067,0.05003058727569331,0.06736337683523654,0.04421900489396411,0.05126427406199021,0.034981647634584015,0.05626019575856444,0.10327283849918434,0.039987765089722675,0.05136623164763458,0.032453099510603586,0.03242251223491028,0.04026305057096248,0.05897226753670473,0.03736745513866232,0.03483890701468189,0.017363376835236543,0.010817699836867863,0.014019168026101142,0.004893964110929853,0.005566884176182708,0.00038743882544861336,0.0008666394779771615,0.0,0.0007238988580750408,5.097879282218597e-05,1.0195758564437194e-05,1.0195758564437194e-05,0.0,0.0,0.0,0.0,0.0,0.0,0.0,0.0,0.0,0.0,0.0,0.0,0.0,0.0,0.0,0.0,0.0,0.0,0.0,0.0,0.0,0.0,0.0,0.0,0.0,0.0,0.0,0.0,0.0,0.0,0.0,0.0,0.0,0.0,0.0,0.0,0.0,0.0,0.0,nan,nan,4.201860465116279,2.8020805579779884,nan,0.9406116970427173,0.023369410060836125,0.0,0.0,0.0,0.0,0.0,0.0,0.0,0.0,0.0,0.0,0.0,0.0,0.0,0.0,0.0,0.0,0.0,0.0,0.0,0.0,0.0,0.0,0.0,0.0,0.0,0.04733727810650889,1.218934911242604,10.248520710059175,14.461538461538465,4.0236686390532554,0.9387539511695095,0.02368006564791894,0.0,0.0,0.0,0.0,0.0,0.0,0.0,0.0,0.0,0.0,0.0,0.0,0.0,0.0,0.0,0.0,0.0,0.0,0.0,0.0,0.0,0.0,0.0,0.0,0.0,0.025327142254115666,1.4816378218657664,10.58674546222035,14.183199662304773,3.723089911355003,0.4016,0.01236,0.0,0.0,0.0,0.0,0.0,0.0,0.0,0.0,0.0,0.0,0.023668639053254444,13.526627218934891,16.260355029585803,0.18934911242603555,0.0,0.0,0.0,0.0,0.0,0.0,0.0,0.0,0.0,0.0,0.0,0.0,0.0,0.0,0.0,0.0,0.4019,0.01212,0.0,0.0,0.0,0.0,0.0,0.0,0.0,0.0,0.0,0.0,0.06331785563528916,13.37273111017305,16.449978894048126,0.1139721401435205,0.0,0.0,0.0,0.0,0.0,0.0,0.0,0.0,0.0,0.0,0.0,0.0,0.0,0.0,0.0,0.0
86000,4801,2490,0.5186419495938346,1162,983,0.44678192043324305,1353,0.5636325765465529,0.40599999999999997,2.8749459108610993,3.073093359937469,6.576606260296541,2.2046034691462504,9433.791406868299,1522.9215213655166,7853.0,10924.951616883278,10900.943592118356,7.3990090094539065,7853.0,0.0,27.592584878150387,20.80138416086903,32.631670822942645,19.060587071300166,0.143928348260779,0.10247865028119142,0.08748177463028536,0.0891480941470527,0.08185794626119558,0.08039991668402416,0.07019370964382421,0.06373672151635076,0.05019787544261612,0.05457196417413039,0.0451989168923141,0.03874192876484066,0.03603415955009373,0.020204124140804,0.0166631951676734,0.012289106436159134,0.006873568006665278,0.9401437051716856,0.02335878412399339,0.0,0.0,0.0,0.0,0.0,0.0,0.0,0.0,0.0,0.0,0.0,0.0,0.0,0.0,0.0,0.0,0.0,0.0,0.0,0.0,0.0,0.0,0.0,0.0,0.0,0.031243490939387632,1.3122266194542807,10.141637158925226,14.671943345136432,3.842949385544679,4.316867078323042,2.914893708083221,nan,nan,nan,4.252258064516129,2.9323960363579586,4.382044560943643,2.8964510327589323,1.030521782652503,0.402,0.012314,0.0,0.0,0.0,0.0,0.0,0.0,0.0,0.0,0.0,0.0,0.04374088731514269,13.016038325348868,16.709018954384508,0.23120183295146848,0.0,0.0,0.0,0.0,0.0,0.0,0.0,0.0,0.0,0.0,0.0,0.0,0.0,0.0,0.0,0.0,nan,nan,4.316867078323042,2.914893708083221,nan,0.402,0.0602,0.0,0.0,0.0,0.0,0.0,0.0,0.0,0.0,0.0,0.0,0.0,0.0,0.0,0.0,0.0,0.0,0.0,0.0,0.0,0.0,0.0,0.0,0.0,0.00041657987919183504,0.0007186002916059154,0.0028014996875650906,0.0010726931889189753,0.011174755259320974,0.008946052905644658,0.0047177671318475315,0.00570714434492814,0.011862112059987502,0.03717975421787128,0.04626119558425328,0.08003540928973131,0.04884399083524266,0.06660070818579462,0.04322016246615289,0.05386377837950427,0.03672151635076026,0.056988127473443034,0.09753176421578838,0.04067902520308269,0.05167673401374714,0.03361799625078109,0.030483232659862528,0.04280358258696105,0.053978337846282025,0.038679441782961885,0.034284524057488025,0.017881691314309518,0.012414080399916684,0.0141428868985628,0.005675900853988752,0.006123724224119975,0.0001249739637575505,0.0010622786919391794,0.0,0.0016663195167673402,1.0414496979795876e-05,0.0,3.1243490939387625e-05,0.0,0.0,0.0,0.0,0.0,0.0,0.0,0.0,0.0,0.0,0.0,0.0,0.0,0.0,0.0,0.0,0.0,0.0,0.0,0.0,0.0,0.0,0.0,0.0,0.0,0.0,0.0,0.0,0.0,0.0,0.0,0.0,0.0,0.0,0.0,0.0,0.0,0.0,0.0,nan,nan,4.316867078323042,2.914893708083221,nan,0.9406077306912127,0.023693284855176036,0.0,0.0,0.0,0.0,0.0,0.0,0.0,0.0,0.0,0.0,0.0,0.0,0.0,0.0,0.0,0.0,0.0,0.0,0.0,0.0,0.0,0.0,0.0,0.0,0.0,0.02409638554216868,1.3132530120481931,9.987951807228919,14.578313253012052,4.096385542168675,0.9396437382553625,0.022982445676653664,0.0,0.0,0.0,0.0,0.0,0.0,0.0,0.0,0.0,0.0,0.0,0.0,0.0,0.0,0.0,0.0,0.0,0.0,0.0,0.0,0.0,0.0,0.0,0.0,0.0,0.03894418000865427,1.311120726958027,10.307226308957164,14.772825616616187,3.5698831674599747,0.402,0.01261,0.0,0.0,0.0,0.0,0.0,0.0,0.0,0.0,0.0,0.0,0.03614457831325302,12.963855421686729,16.698795180722893,0.30120481927710846,0.0,0.0,0.0,0.0,0.0,0.0,0.0,0.0,0.0,0.0,0.0,0.0,0.0,0.0,0.0,0.0,0.402,0.01198,0.0,0.0,0.0,0.0,0.0,0.0,0.0,0.0,0.0,0.0,0.05192557334487236,13.072263089571596,16.7200346170489,0.15577672003461707,0.0,0.0,0.0,0.0,0.0,0.0,0.0,0.0,0.0,0.0,0.0,0.0,0.0,0.0,0.0,0.0
86100,4595,2390,0.5201305767138193,1101,936,0.44330794341675733,1277,0.5558215451577802,0.434,2.984580498866213,3.1400763843101407,6.676079734219269,2.2508158536254115,9438.237506444826,1522.6576900644209,7853.0,10927.047226905823,10900.76834398074,7.2980718558989865,7853.0,0.0,28.225680087051142,21.11987120425644,33.16783035945177,19.371372817776358,0.13732317736670294,0.10076169749727965,0.0927094668117519,0.0868335146898803,0.07921653971708378,0.07747551686615888,0.06441784548422198,0.0633297062023939,0.05136017410228509,0.056147986942328615,0.04787812840043525,0.03982589771490751,0.03852013057671382,0.027856365614798696,0.01719260065288357,0.012840043525571273,0.006311207834602829,0.9406946292250408,0.02332124298222527,0.0,0.0,0.0,0.0,0.0,0.0,0.0,0.0,0.0,0.0,0.0,0.0,0.0,0.0,0.0,0.0,0.0,0.0,0.0,0.0,0.0,0.0,0.0,0.0,0.0,0.026115342763873783,1.2861806311207837,9.727965179542982,14.918389553862898,4.041349292709468,4.248655913978495,2.9489379024612488,nan,nan,nan,4.293602693602693,2.9393406376660685,4.202684563758389,2.958413013461457,0.9788247454801141,0.4014,0.01206,0.0,0.0,0.0,0.0,0.0,0.0,0.0,0.0,0.0,0.0,0.05223068552774757,13.697497279651776,16.12622415669206,0.12404787812840046,0.0,0.0,0.0,0.0,0.0,0.0,0.0,0.0,0.0,0.0,0.0,0.0,0.0,0.0,0.0,0.0,nan,nan,4.248655913978495,2.9489379024612488,nan,0.4014,0.06027,0.0,0.0,0.0,0.0,0.0,0.0,0.0,0.0,0.0,0.0,0.0,0.0,0.0,0.0,0.0,0.0,0.0,0.0,0.0,0.0,0.0,0.0,0.0,0.00045701849836779105,0.001001088139281828,0.003275299238302503,0.001088139281828074,0.012372143634385201,0.008476605005440696,0.004036996735582154,0.006071817192600653,0.011534276387377584,0.036920565832426554,0.04845484221980414,0.08263329706202394,0.04748639825897715,0.06526659412404788,0.04652883569096845,0.05480957562568009,0.037268770402611534,0.056942328618063115,0.0927638737758433,0.0428835690968444,0.04907508161044614,0.032763873775843305,0.031425462459194774,0.04205658324265506,0.05371055495103373,0.039967355821545154,0.03557127312295974,0.01690968443960827,0.011338411316648532,0.012513601741022852,0.006202393906420022,0.005636561479869424,0.00014145810663764962,0.00058759521218716,1.088139281828074e-05,0.0017301414581066376,1.088139281828074e-05,0.0,7.616974972796518e-05,0.0,0.0,0.0,0.0,0.0,0.0,0.0,0.0,0.0,0.0,0.0,0.0,0.0,0.0,0.0,0.0,0.0,0.0,0.0,0.0,0.0,0.0,0.0,0.0,0.0,0.0,0.0,0.0,0.0,0.0,0.0,0.0,0.0,0.0,0.0,0.0,0.0,0.0,0.0,nan,nan,4.248655913978495,2.9489379024612488,nan,0.940503179478346,0.023257892577492695,0.0,0.0,0.0,0.0,0.0,0.0,0.0,0.0,0.0,0.0,0.0,0.0,0.0,0.0,0.0,0.0,0.0,0.0,0.0,0.0,0.0,0.0,0.0,0.0,0.0,0.025104602510460258,1.3430962343096238,9.765690376569038,14.974895397489544,3.8912133891213396,0.9409021416488959,0.023387944867018718,0.0,0.0,0.0,0.0,0.0,0.0,0.0,0.0,0.0,0.0,0.0,0.0,0.0,0.0,0.0,0.0,0.0,0.0,0.0,0.0,0.0,0.0,0.0,0.0,0.0,0.027210884353741503,1.2244897959183676,9.687074829931975,14.857142857142861,4.204081632653062,0.4016,0.012344,0.0,0.0,0.0,0.0,0.0,0.0,0.0,0.0,0.0,0.0,0.06276150627615064,13.518828451882825,16.255230125523017,0.16317991631799167,0.0,0.0,0.0,0.0,0.0,0.0,0.0,0.0,0.0,0.0,0.0,0.0,0.0,0.0,0.0,0.0,0.4011,0.01176,0.0,0.0,0.0,0.0,0.0,0.0,0.0,0.0,0.0,0.0,0.04081632653061225,13.891156462585014,15.986394557823132,0.0816326530612245,0.0,0.0,0.0,0.0,0.0,0.0,0.0,0.0,0.0,0.0,0.0,0.0,0.0,0.0,0.0,0.0
86200,5131,2631,0.5127655427791853,1228,1073,0.4484505944260378,1461,0.5694796335996881,0.39799999999999996,2.9584,3.1192097460735146,6.777286135693215,2.1346178170602403,9415.76027358726,1523.3672541784501,7853.0,10924.66175878048,10900.709222263866,7.463865868652568,7853.0,0.0,27.59715455076983,20.96034026568026,32.772332942555686,19.214479783788043,0.14441629312024945,0.1032937049308127,0.09296433443773143,0.08419411420775677,0.08477879555642175,0.07815240693821868,0.06567920483336581,0.06158643539271097,0.0572987721691678,0.050087702202299744,0.044045994932761644,0.03741960631455857,0.034691093354122,0.02397193529526408,0.018709803157279284,0.010914051841746248,0.007795751315533035,0.9410920193891873,0.023313301406758028,0.0,0.0,0.0,0.0,0.0,0.0,0.0,0.0,0.0,0.0,0.0,0.0,0.0,0.0,0.0,0.0,0.0,0.0,0.0,0.0,0.0,0.0,0.0,0.0,0.0,0.029234067433248884,1.1459754433833562,9.857727538491526,14.786591307737286,4.180471642954591,4.368645357686454,2.9384642999296324,nan,nan,nan,4.362257281553398,2.948869744284691,4.375076359193647,2.9279375044919953,1.0029386340174058,0.4011,0.012245,0.0,0.0,0.0,0.0,0.0,0.0,0.0,0.0,0.0,0.0,0.029234067433248884,14.266224907425434,15.46482167218866,0.23971935295264085,0.0,0.0,0.0,0.0,0.0,0.0,0.0,0.0,0.0,0.0,0.0,0.0,0.0,0.0,0.0,0.0,nan,nan,4.368645357686454,2.9384642999296324,nan,0.4011,0.0605,0.0,0.0,0.0,0.0,0.0,0.0,0.0,0.0,0.0,0.0,0.0,0.0,0.0,0.0,0.0,0.0,0.0,0.0,9.744689144416293e-06,0.0,0.0,0.0,0.0,0.0007113623075423894,0.001159618008185539,0.0036347690508672773,0.0009160007795751316,0.013359968816994737,0.009208731241473396,0.0035763009160007797,0.005681153771194699,0.01175209510816605,0.03466185928668875,0.04755408302475151,0.08204053790684077,0.04891833950496979,0.06720912102903917,0.045644123952445916,0.05717209121029039,0.038130968622100955,0.05648021828103684,0.09123952445916975,0.04103488598713701,0.04792438121223933,0.033053985577860066,0.03238160202689534,0.04337361138179692,0.05130578834535178,0.040440459949327615,0.03423309296433444,0.019080101344767102,0.010095497953615279,0.01251218086143052,0.007240304034301306,0.005593451568894952,0.00010719158058857922,0.0007600857532644708,0.0,0.001763788735139349,2.923406743324888e-05,0.0,9.744689144416293e-06,0.0,0.0,0.0,0.0,0.0,0.0,0.0,0.0,0.0,0.0,0.0,0.0,0.0,0.0,0.0,0.0,0.0,0.0,0.0,0.0,0.0,0.0,0.0,0.0,0.0,0.0,0.0,0.0,0.0,0.0,0.0,0.0,0.0,0.0,0.0,0.0,0.0,0.0,0.0,nan,nan,4.368645357686454,2.9384642999296324,nan,0.9407364210671049,0.023725042938715066,0.0,0.0,0.0,0.0,0.0,0.0,0.0,0.0,0.0,0.0,0.0,0.0,0.0,0.0,0.0,0.0,0.0,0.0,0.0,0.0,0.0,0.0,0.0,0.0,0.0,0.05701254275940708,1.1174458380843788,10.159635119726342,14.401368301026228,4.26453819840365,0.9414662510633469,0.022866009548792907,0.0,0.0,0.0,0.0,0.0,0.0,0.0,0.0,0.0,0.0,0.0,0.0,0.0,0.0,0.0,0.0,0.0,0.0,0.0,0.0,0.0,0.0,0.0,0.0,0.0,0.0,1.1760000000000002,9.540000000000001,15.192000000000004,4.0920000000000005,0.4011,0.01225,0.0,0.0,0.0,0.0,0.0,0.0,0.0,0.0,0.0,0.0,0.045610034207525664,14.310148232611155,15.37058152793615,0.273660205245154,0.0,0.0,0.0,0.0,0.0,0.0,0.0,0.0,0.0,0.0,0.0,0.0,0.0,0.0,0.0,0.0,0.4011,0.01224,0.0,0.0,0.0,0.0,0.0,0.0,0.0,0.0,0.0,0.0,0.012000000000000002,14.21999999999998,15.564000000000004,0.20400000000000004,0.0,0.0,0.0,0.0,0.0,0.0,0.0,0.0,0.0,0.0,0.0,0.0,0.0,0.0,0.0,0.0
86300,4377,2288,0.5227324651587846,1101,879,0.45236463331048665,1225,0.5597441169750971,0.422,3.020105313547152,3.120919975267004,6.531353135313531,2.2693627034733588,9446.26943050053,1522.4152469142123,7853.0,10929.452705740929,10900.963416652454,7.4129582166441965,7853.0,0.0,28.247658213388167,20.9343193115808,33.17503392130258,19.14118155288145,0.13730865889878913,0.0975554032442312,0.09070139364861778,0.08636052090472926,0.08293351610692255,0.07585103952478867,0.07128169979437972,0.05985835046835732,0.054603609778387026,0.05803061457619374,0.045693397304089556,0.04043865661411926,0.03724011880283299,0.0258167694768106,0.02079049577336075,0.009367146447338359,0.00616860863605209,0.9415339146380504,0.02318451644673592,0.0,0.0,0.0,0.0,0.0,0.0,0.0,0.0,0.0,0.0,0.0,0.0,0.0,0.0,0.0,0.0,0.0,0.0,0.0,0.0,0.0,0.0,0.0,0.0,0.0,0.013708019191226871,1.0143934201507885,9.705277587388624,15.078821110349558,4.1877998629198085,4.226032190342897,2.9140944627451817,nan,nan,nan,4.2018093249826025,2.9222677459861663,4.25,2.9065552429433867,1.0114690294799602,0.401,0.01255,0.0,0.0,0.0,0.0,0.0,0.0,0.0,0.0,0.0,0.0,0.0959561343385881,14.078135709389974,15.70253598355038,0.12337217272104184,0.0,0.0,0.0,0.0,0.0,0.0,0.0,0.0,0.0,0.0,0.0,0.0,0.0,0.0,0.0,0.0,nan,nan,4.226032190342897,2.9140944627451817,nan,0.401,0.06082,0.0,0.0,0.0,0.0,0.0,0.0,0.0,0.0,0.0,0.0,0.0,0.0,0.0,0.0,0.0,0.0,0.0,0.0,0.0,0.0,0.0,0.0,0.0,0.0013708019191226869,0.0008110578021475897,0.00411240575736806,0.0009481379940598583,0.01429061000685401,0.010669408270504912,0.0031756911126342244,0.005528901073794837,0.01228010052547407,0.035343842814713276,0.04822938085446653,0.07976924834361435,0.04997715330134796,0.0657185286726068,0.043420150788211105,0.056591272561114916,0.03914781814027873,0.05456933973040896,0.09192369202650218,0.04513365318711446,0.04856065798492118,0.03351610692254969,0.032339501941969384,0.04262051633538953,0.04741832305231894,0.04226639250628284,0.032282385195339276,0.019076993374457393,0.010772218414439113,0.012485720813342472,0.0067740461503312775,0.0059858350468357325,0.0001142334932602239,0.0007539410555174777,0.0,0.0019533927347498287,6.854009595613433e-05,0.0,0.0,0.0,0.0,0.0,0.0,0.0,0.0,0.0,0.0,0.0,0.0,0.0,0.0,0.0,0.0,0.0,0.0,0.0,0.0,0.0,0.0,0.0,0.0,0.0,0.0,0.0,0.0,0.0,0.0,0.0,0.0,0.0,0.0,0.0,0.0,0.0,0.0,0.0,0.0,0.0,nan,nan,4.226032190342897,2.9140944627451817,nan,0.9419194889756349,0.02351792477261428,0.0,0.0,0.0,0.0,0.0,0.0,0.0,0.0,0.0,0.0,0.0,0.0,0.0,0.0,0.0,0.0,0.0,0.0,0.0,0.0,0.0,0.0,0.0,0.0,0.0,0.013111888111888115,1.1145104895104898,9.309440559440562,15.183566433566437,4.37937062937063,0.9411116101457606,0.022806278600168515,0.0,0.0,0.0,0.0,0.0,0.0,0.0,0.0,0.0,0.0,0.0,0.0,0.0,0.0,0.0,0.0,0.0,0.0,0.0,0.0,0.0,0.0,0.0,0.0,0.0,0.014360938247965537,0.9047391096218288,10.138822403063669,14.96409765438009,3.9779798946864537,0.401,0.01234,0.0,0.0,0.0,0.0,0.0,0.0,0.0,0.0,0.0,0.0,0.09178321678321681,14.0952797202797,15.694930069930074,0.11800699300699304,0.0,0.0,0.0,0.0,0.0,0.0,0.0,0.0,0.0,0.0,0.0,0.0,0.0,0.0,0.0,0.0,0.4006,0.012794,0.0,0.0,0.0,0.0,0.0,0.0,0.0,0.0,0.0,0.0,0.10052656773575876,14.059358544758236,15.710866443274297,0.12924844423168982,0.0,0.0,0.0,0.0,0.0,0.0,0.0,0.0,0.0,0.0,0.0,0.0,0.0,0.0,0.0,0.0
86400,4365,2328,0.5333333333333333,1095,871,0.45040091638029783,1187,0.5438717067583047,0.43,2.991163475699558,3.0838264761786545,6.624772313296903,2.0560024064517655,9478.58519406279,1520.6053579093407,7853.0,10926.817136764526,10900.972238867733,7.4163132207237785,7853.0,0.0,27.743184421534938,20.70577781108679,32.78843518772266,18.895935116466497,0.1420389461626575,0.09965635738831616,0.09003436426116838,0.08774341351660939,0.07903780068728522,0.07537227949599083,0.07353951890034365,0.06827033218785795,0.058419243986254296,0.04879725085910653,0.045819014891179836,0.041237113402061855,0.03367697594501718,0.024513172966781214,0.014891179839633447,0.010080183276059565,0.006872852233676976,0.9431393269547619,0.023122378675608197,0.0,0.0,0.0,0.0,0.0,0.0,0.0,0.0,0.0,0.0,0.0,0.0,0.0,0.0,0.0,0.0,0.0,0.0,0.0,0.0,0.0,0.0,0.0,0.0,0.0,0.02061855670103093,0.9003436426116841,9.099656357388318,15.09965635738832,4.879725085910653,4.203002144388849,2.8642564924361924,nan,nan,nan,4.099579242636747,2.752260290989708,4.310495626822157,2.9723861367915827,1.0514483003503927,0.3997,0.01231,0.0,0.0,0.0,0.0,0.0,0.0,0.0,0.0,0.0,0.0,0.06872852233676978,15.711340206185543,14.103092783505158,0.11683848797250862,0.0,0.0,0.0,0.0,0.0,0.0,0.0,0.0,0.0,0.0,0.0,0.0,0.0,0.0,0.0,0.0,nan,nan,4.203002144388849,2.8642564924361924,nan,0.3997,0.0608,0.0,0.0,0.0,0.0,0.0,0.0,0.0,0.0,0.0,0.0,0.0,0.0,0.0,0.0,0.0,0.0,0.0,0.0,0.0,0.0,0.0,0.0,0.0,0.0016265750286368842,0.0007903780068728522,0.0035166093928980526,0.0009163802978235968,0.015395189003436427,0.010332187857961054,0.003356242840778923,0.005899198167239404,0.013207331042382588,0.0361397479954181,0.05128293241695304,0.07979381443298969,0.0497709049255441,0.06899198167239404,0.043757159221076744,0.056517754868270334,0.04231386025200458,0.0543184421534937,0.08890034364261168,0.042038946162657506,0.04646048109965636,0.034215349369988546,0.030103092783505155,0.04213058419243986,0.04737686139747995,0.04184421534936999,0.033218785796105384,0.01891179839633448,0.01140893470790378,0.011466208476517754,0.006300114547537228,0.005521191294387171,0.00010309278350515464,0.0006758304696449026,9.163802978235968e-05,0.001134020618556701,5.72737686139748e-05,1.145475372279496e-05,0.00010309278350515464,0.0,0.0,0.0,0.0,0.0,0.0,0.0,0.0,0.0,0.0,0.0,0.0,0.0,0.0,0.0,0.0,0.0,0.0,0.0,0.0,0.0,0.0,0.0,0.0,0.0,0.0,0.0,0.0,0.0,0.0,0.0,0.0,0.0,0.0,0.0,0.0,0.0,0.0,0.0,nan,nan,4.203002144388849,2.8642564924361924,nan,0.943454553760409,0.02332909352653166,0.0,0.0,0.0,0.0,0.0,0.0,0.0,0.0,0.0,0.0,0.0,0.0,0.0,0.0,0.0,0.0,0.0,0.0,0.0,0.0,0.0,0.0,0.0,0.0,0.0,0.012886597938144333,0.966494845360825,8.95618556701031,15.038659793814436,5.0257731958762895,0.9427790677483081,0.022878529066519954,0.0,0.0,0.0,0.0,0.0,0.0,0.0,0.0,0.0,0.0,0.0,0.0,0.0,0.0,0.0,0.0,0.0,0.0,0.0,0.0,0.0,0.0,0.0,0.0,0.0,0.02945508100147276,0.8247422680412373,9.263622974963184,15.169366715758471,4.712812960235642,0.3994,0.01216,0.0,0.0,0.0,0.0,0.0,0.0,0.0,0.0,0.0,0.0,0.05154639175257733,16.10824742268039,13.737113402061858,0.10309278350515466,0.0,0.0,0.0,0.0,0.0,0.0,0.0,0.0,0.0,0.0,0.0,0.0,0.0,0.0,0.0,0.0,0.4,0.01247,0.0,0.0,0.0,0.0,0.0,0.0,0.0,0.0,0.0,0.0,0.08836524300441828,15.257731958762864,14.521354933726071,0.13254786450662742,0.0,0.0,0.0,0.0,0.0,0.0,0.0,0.0,0.0,0.0,0.0,0.0,0.0,0.0,0.0,0.0
86500,4349,2267,0.5212692573005289,1094,882,0.4543573235226489,1183,0.5440331110600138,0.446,3.006243996157541,3.223273229383942,6.770462633451957,2.425909111505832,9441.967923205908,1522.7630620500368,7853.0,10925.700202345848,10901.267092202248,7.299317894945866,7853.0,0.0,27.35318464014716,20.68831373559766,32.57348863006101,18.869123533900915,0.1485398942285583,0.10025293170843873,0.09312485628880203,0.08162796045067831,0.08392733961830307,0.07472982294780409,0.07151069211312945,0.06484249252701771,0.06530236836054265,0.0471372729363072,0.039319383766383074,0.039089445849620603,0.03403081168084617,0.02276385375948494,0.01839503334099793,0.00942745458726144,0.005978385835824327,0.9430126576594688,0.023244587195438537,0.0,0.0,0.0,0.0,0.0,0.0,0.0,0.0,0.0,0.0,0.0,0.0,0.0,0.0,0.0,0.0,0.0,0.0,0.0,0.0,0.0,0.0,0.0,0.0,0.0,0.020694412508622674,1.0830075879512533,9.008967578753738,15.127615543803177,4.759714876983216,4.278617710583154,3.0270171678549085,nan,nan,nan,4.230878186968838,2.999614435923126,4.3267399267399265,3.055083314832351,1.0226576458916599,0.4001,0.01233,0.0,0.0,0.0,0.0,0.0,0.0,0.0,0.0,0.0,0.0,0.0827776500344907,14.824097493676685,14.996550931248565,0.09657392504023916,0.0,0.0,0.0,0.0,0.0,0.0,0.0,0.0,0.0,0.0,0.0,0.0,0.0,0.0,0.0,0.0,nan,nan,4.278617710583154,3.0270171678549085,nan,0.4001,0.06168,0.0,0.0,0.0,0.0,0.0,0.0,0.0,0.0,0.0,0.0,0.0,0.0,0.0,0.0,0.0,0.0,0.0,0.0,0.0,0.0,1.1496895838123707e-05,0.0,0.0,0.0017705219590710508,0.0010922051046217522,0.003656012876523339,0.0015405840423085768,0.01684295240285123,0.009921821108300758,0.0029087146470452977,0.005530006898137503,0.01510692113129455,0.035789836744079095,0.05102322372959301,0.07971947574154978,0.049149229707978845,0.0655667969648195,0.041572775350655324,0.057714417107381004,0.042124626350885264,0.05554150379397563,0.08475511611864797,0.04397562658082318,0.04401011726833755,0.03235226488848011,0.030156357783398483,0.04392963899747068,0.04704529776960221,0.04206714187169464,0.03581283053575535,0.01947574154978156,0.012727063692802944,0.011623361692343067,0.006817659232007358,0.006346286502644286,0.00024143481260059785,0.0008162796045067832,0.00011496895838123707,0.001057714417107381,0.0,0.0,9.197516670498966e-05,0.0,0.0,0.0,0.0,0.0,0.0,0.0,0.0,0.0,0.0,0.0,0.0,0.0,0.0,0.0,0.0,0.0,0.0,0.0,0.0,0.0,0.0,0.0,0.0,0.0,0.0,0.0,0.0,0.0,0.0,0.0,0.0,0.0,0.0,0.0,0.0,0.0,0.0,0.0,nan,nan,4.278617710583154,3.0270171678549085,nan,0.9439506601488007,0.02305476531467754,0.0,0.0,0.0,0.0,0.0,0.0,0.0,0.0,0.0,0.0,0.0,0.0,0.0,0.0,0.0,0.0,0.0,0.0,0.0,0.0,0.0,0.0,0.0,0.0,0.0,0.026466696074106757,0.9792677547419499,8.429642699603,15.549183943537718,5.015438906043229,0.9419913072063875,0.02340681969420192,0.0,0.0,0.0,0.0,0.0,0.0,0.0,0.0,0.0,0.0,0.0,0.0,0.0,0.0,0.0,0.0,0.0,0.0,0.0,0.0,0.0,0.0,0.0,0.0,0.0,0.014409221902017294,1.1959654178674355,9.639769452449569,14.668587896253605,4.481268011527378,0.4,0.01236,0.0,0.0,0.0,0.0,0.0,0.0,0.0,0.0,0.0,0.0,0.07940008822232025,14.75518306131449,15.072783414203796,0.09263343625937365,0.0,0.0,0.0,0.0,0.0,0.0,0.0,0.0,0.0,0.0,0.0,0.0,0.0,0.0,0.0,0.0,0.4001,0.01231,0.0,0.0,0.0,0.0,0.0,0.0,0.0,0.0,0.0,0.0,0.08645533141210376,14.899135446685857,14.9135446685879,0.10086455331412106,0.0,0.0,0.0,0.0,0.0,0.0,0.0,0.0,0.0,0.0,0.0,0.0,0.0,0.0,0.0,0.0
86600,4721,2417,0.5119678034314764,1165,967,0.4515992374496929,1341,0.568099978818047,0.40599999999999997,2.9908854166666665,3.072956115124616,6.480994152046784,2.1766816191879856,9413.459401827222,1523.5539717082227,7853.0,10926.918213963509,10900.963937123008,7.162864963276283,7853.0,0.0,28.0785850455412,20.748041380539913,32.9439416792358,18.970475983043897,0.13683541622537598,0.09658970557085363,0.09150603685659818,0.09023511967803431,0.07922050413048083,0.07985596271976277,0.0679940690531667,0.06185130269010803,0.059944926922262234,0.05697945350561322,0.04363482313069265,0.046388477017581024,0.02901927557720822,0.023935606862952763,0.01821647955941538,0.010590976488032196,0.007201864011861894,0.9430808571404609,0.023168201738230056,0.0,0.0,0.0,0.0,0.0,0.0,0.0,0.0,0.0,0.0,0.0,0.0,0.0,0.0,0.0,0.0,0.0,0.0,0.0,0.0,0.0,0.0,0.0,0.0,0.0,0.01270917178563864,0.9404787121372592,9.201440372802374,15.155687354374077,4.689684388900657,4.324738903394256,2.8987417811098317,nan,nan,nan,4.235294117647059,2.8669053842291796,4.413950456323338,2.9274296743384483,1.0421827466318991,0.4,0.0121,0.0,0.0,0.0,0.0,0.0,0.0,0.0,0.0,0.0,0.0,0.0953187883922898,15.092141495445858,14.698157170091086,0.11438254607074774,0.0,0.0,0.0,0.0,0.0,0.0,0.0,0.0,0.0,0.0,0.0,0.0,0.0,0.0,0.0,0.0,nan,nan,4.324738903394256,2.8987417811098317,nan,0.4,0.0616,0.0,0.0,0.0,0.0,0.0,0.0,0.0,0.0,0.0,0.0,0.0,0.0,0.0,0.0,0.0,0.0,0.0,0.0,0.0,0.0,3.177292946409659e-05,0.0,0.0,0.0015568735437407328,0.001027324719339123,0.0037915695827155263,0.001122643507731413,0.016034738402880746,0.008568099978818047,0.003219656852361788,0.0057826731624655795,0.01606651133234484,0.036856598178352046,0.05319847489938572,0.08199533997034526,0.045096377886041095,0.067104427028172,0.04099766998517263,0.057064181317517476,0.04079644143190002,0.05836687142554543,0.0870048718491845,0.04554119889853844,0.04136835416225376,0.03317093836051684,0.02710230883287439,0.043656005083668716,0.044905740309256516,0.042596907434865494,0.03301207371319636,0.020948951493327685,0.013418767210336793,0.012878627409447152,0.006926498623173056,0.00646049565769964,0.00021181952976064393,0.0009002330014827367,1.0590976488032197e-05,0.0009531878839228976,1.0590976488032197e-05,1.0590976488032197e-05,0.00023300148273670831,0.0,0.0,0.0,0.0,0.0,0.0,0.0,0.0,0.0,0.0,0.0,0.0,0.0,0.0,0.0,0.0,0.0,0.0,0.0,0.0,0.0,0.0,0.0,0.0,0.0,0.0,0.0,0.0,0.0,0.0,0.0,0.0,0.0,0.0,0.0,0.0,0.0,0.0,0.0,nan,nan,4.324738903394256,2.8987417811098317,nan,0.943016545901774,0.02308314419047359,0.0,0.0,0.0,0.0,0.0,0.0,0.0,0.0,0.0,0.0,0.0,0.0,0.0,0.0,0.0,0.0,0.0,0.0,0.0,0.0,0.0,0.0,0.0,0.0,0.0,0.012412081092263138,1.0302027306578405,8.97393462970625,15.291683905668187,4.691766652875466,0.9431483225327812,0.02325690547646236,0.0,0.0,0.0,0.0,0.0,0.0,0.0,0.0,0.0,0.0,0.0,0.0,0.0,0.0,0.0,0.0,0.0,0.0,0.0,0.0,0.0,0.0,0.0,0.0,0.0,0.013020833333333336,0.8463541666666669,9.440104166666668,15.013020833333336,4.687500000000001,0.3997,0.011925,0.0,0.0,0.0,0.0,0.0,0.0,0.0,0.0,0.0,0.0,0.0992966487381051,15.577161770790214,14.23665701282582,0.08688456764584197,0.0,0.0,0.0,0.0,0.0,0.0,0.0,0.0,0.0,0.0,0.0,0.0,0.0,0.0,0.0,0.0,0.4001,0.012276,0.0,0.0,0.0,0.0,0.0,0.0,0.0,0.0,0.0,0.0,0.09114583333333336,14.58333333333331,15.18229166666667,0.14322916666666669,0.0,0.0,0.0,0.0,0.0,0.0,0.0,0.0,0.0,0.0,0.0,0.0,0.0,0.0,0.0,0.0
86700,4509,2316,0.5136393878908849,1089,910,0.44333555111998224,1264,0.5606564648480816,0.422,3.0392156862745097,3.113056470525768,6.557098765432099,2.2089490216772423,9418.463907447258,1523.3357501422254,7853.0,10922.380488336086,10900.787892348742,7.265020399611579,7853.0,0.0,28.437347527167887,21.11260745481269,33.2395178197065,19.39238893521018,0.1348414282546019,0.09802616988245731,0.09802616988245731,0.08405411399423375,0.07363051674428919,0.07873142603681525,0.06808605012197827,0.05899312486138834,0.06121091151031271,0.05544466622310934,0.04679529829230428,0.044577511643379905,0.031049013084941228,0.027056997116877358,0.019516522510534488,0.012197826569084054,0.007762253271235307,0.9422082931272575,0.023491827027911145,0.0,0.0,0.0,0.0,0.0,0.0,0.0,0.0,0.0,0.0,0.0,0.0,0.0,0.0,0.0,0.0,0.0,0.0,0.0,0.0,0.0,0.0,0.0,0.0,0.0,0.026613439787092488,1.091151031270792,9.33466400532269,15.02328675981371,4.524284763805722,4.257094017094017,2.8722465253302856,nan,nan,nan,4.218367346938775,2.813585129336273,4.2991746905089405,2.9286399434872736,1.019156070802797,0.4,0.01229,0.0,0.0,0.0,0.0,0.0,0.0,0.0,0.0,0.0,0.0,0.06653359946773121,15.35595475715234,14.397870924817036,0.1796407185628743,0.0,0.0,0.0,0.0,0.0,0.0,0.0,0.0,0.0,0.0,0.0,0.0,0.0,0.0,0.0,0.0,nan,nan,4.257094017094017,2.8722465253302856,nan,0.4,0.0619,0.0,0.0,0.0,0.0,0.0,0.0,0.0,0.0,0.0,0.0,0.0,0.0,0.0,0.0,0.0,0.0,0.0,0.0,0.0,0.0,6.65335994677312e-05,0.0,3.32667997338656e-05,0.0017853182523841207,0.0009536482590374806,0.004069638500776226,0.0010756265247283212,0.016234198270126413,0.009237081392770016,0.0038256819693945443,0.005200709691727656,0.01716566866267465,0.034065202927478375,0.054346861831891774,0.08254601907296517,0.04438899977822133,0.06604568640496784,0.043612774451097805,0.05420270569971169,0.039343535151918387,0.05940341539143934,0.08722554890219561,0.046684408959858065,0.04084054113994234,0.033732534930139724,0.02767797737857618,0.042659126192060325,0.04326901752051453,0.04135063206919495,0.034874695054335776,0.021579064094034154,0.015136393878908848,0.012197826569084054,0.0063317808826790865,0.0063317808826790865,0.00014415613218008428,0.0008871146595697493,0.0,0.0011088933244621868,0.0,1.1088933244621867e-05,0.00035484586382789974,0.0,0.0,0.0,0.0,0.0,0.0,0.0,0.0,0.0,0.0,0.0,0.0,0.0,0.0,0.0,0.0,0.0,0.0,0.0,0.0,0.0,0.0,0.0,0.0,0.0,0.0,0.0,0.0,0.0,0.0,0.0,0.0,0.0,0.0,0.0,0.0,0.0,0.0,0.0,nan,nan,4.257094017094017,2.8722465253302856,nan,0.9422245719220766,0.02320055160052569,0.0,0.0,0.0,0.0,0.0,0.0,0.0,0.0,0.0,0.0,0.0,0.0,0.0,0.0,0.0,0.0,0.0,0.0,0.0,0.0,0.0,0.0,0.0,0.0,0.0,0.025906735751295342,1.0362694300518136,9.33937823834197,15.259067357512956,4.33937823834197,0.9421911012946989,0.0237955566049306,0.0,0.0,0.0,0.0,0.0,0.0,0.0,0.0,0.0,0.0,0.0,0.0,0.0,0.0,0.0,0.0,0.0,0.0,0.0,0.0,0.0,0.0,0.0,0.0,0.0,0.027359781121751033,1.1491108071135434,9.329685362517102,14.774281805745558,4.719562243502053,0.4,0.01239,0.0,0.0,0.0,0.0,0.0,0.0,0.0,0.0,0.0,0.0,0.07772020725388602,15.220207253885988,14.533678756476688,0.16839378238341973,0.0,0.0,0.0,0.0,0.0,0.0,0.0,0.0,0.0,0.0,0.0,0.0,0.0,0.0,0.0,0.0,0.3997,0.0122,0.0,0.0,0.0,0.0,0.0,0.0,0.0,0.0,0.0,0.0,0.054719562243502065,15.499316005471933,14.254445964432287,0.19151846785225723,0.0,0.0,0.0,0.0,0.0,0.0,0.0,0.0,0.0,0.0,0.0,0.0,0.0,0.0,0.0,0.0
86800,4650,2434,0.5234408602150538,1161,971,0.458494623655914,1309,0.563010752688172,0.41,2.9810469314079424,3.0402833900247295,6.478119935170178,2.0755404362019148,9448.607096212667,1522.485167306652,7853.0,10926.684161305428,10901.304436067749,7.168804598357572,7853.0,0.0,28.102150537634408,20.621288084329464,32.75405268490375,18.89331875842509,0.1339784946236559,0.09870967741935484,0.08967741935483871,0.08688172043010753,0.08408602150537635,0.07354838709677419,0.0746236559139785,0.06817204301075269,0.06043010752688172,0.04989247311827957,0.04881720430107527,0.03806451612903226,0.036989247311827955,0.024946236559139787,0.014193548387096775,0.009247311827956989,0.007741935483870968,0.9431395397263188,0.023284441739231387,0.0,0.0,0.0,0.0,0.0,0.0,0.0,0.0,0.0,0.0,0.0,0.0,0.0,0.0,0.0,0.0,0.0,0.0,0.0,0.0,0.0,0.0,0.0,0.0,0.0,0.019354838709677424,1.0322580645161292,8.8,15.412903225806454,4.735483870967743,4.17796052631579,2.848633291601567,nan,nan,nan,4.228835978835979,2.897821517023716,4.12761780104712,2.7981990431950288,0.9760647662157094,0.4,0.0123,0.0,0.0,0.0,0.0,0.0,0.0,0.0,0.0,0.0,0.0,0.0774193548387097,15.070967741935462,14.748387096774197,0.10322580645161293,0.0,0.0,0.0,0.0,0.0,0.0,0.0,0.0,0.0,0.0,0.0,0.0,0.0,0.0,0.0,0.0,nan,nan,4.17796052631579,2.848633291601567,nan,0.4,0.06195,0.0,0.0,0.0,0.0,0.0,0.0,0.0,0.0,0.0,0.0,0.0,0.0,0.0,0.0,0.0,0.0,0.0,0.0,0.0,0.0,0.00016129032258064516,0.0,2.150537634408602e-05,0.002053763440860215,0.001010752688172043,0.0037204301075268818,0.0017419354838709678,0.01638709677419355,0.008849462365591398,0.004053763440860215,0.004279569892473118,0.01932258064516129,0.03304301075268817,0.05303225806451613,0.08276344086021506,0.04439784946236559,0.06691397849462366,0.04131182795698925,0.055129032258064516,0.03870967741935484,0.05881720430107527,0.08872043010752688,0.04531182795698925,0.04341935483870968,0.03278494623655914,0.028763440860215053,0.04202150537634409,0.042881720430107524,0.04253763440860215,0.03460215053763441,0.020354838709677418,0.01625806451612903,0.011053763440860216,0.006376344086021505,0.006956989247311828,2.150537634408602e-05,0.001010752688172043,0.0,0.0008709677419354839,0.0,7.526881720430108e-05,0.00025806451612903227,0.0,0.0,0.0,0.0,0.0,0.0,0.0,0.0,0.0,0.0,0.0,0.0,0.0,0.0,0.0,0.0,0.0,0.0,0.0,0.0,0.0,0.0,0.0,0.0,0.0,0.0,0.0,0.0,0.0,0.0,0.0,0.0,0.0,0.0,0.0,0.0,0.0,0.0,0.0,nan,nan,4.17796052631579,2.848633291601567,nan,0.9439930991991289,0.02297553879259849,0.0,0.0,0.0,0.0,0.0,0.0,0.0,0.0,0.0,0.0,0.0,0.0,0.0,0.0,0.0,0.0,0.0,0.0,0.0,0.0,0.0,0.0,0.0,0.0,0.0,0.024650780608052595,0.8504519309778145,8.344289235825803,15.899753492193922,4.880854560394413,0.9422020109551908,0.023583503652469685,0.0,0.0,0.0,0.0,0.0,0.0,0.0,0.0,0.0,0.0,0.0,0.0,0.0,0.0,0.0,0.0,0.0,0.0,0.0,0.0,0.0,0.0,0.0,0.0,0.0,0.013537906137184119,1.2319494584837547,9.30054151624549,14.878158844765347,4.575812274368232,0.4,0.0122,0.0,0.0,0.0,0.0,0.0,0.0,0.0,0.0,0.0,0.0,0.07395234182415777,14.975349219391926,14.889071487263767,0.061626951520131486,0.0,0.0,0.0,0.0,0.0,0.0,0.0,0.0,0.0,0.0,0.0,0.0,0.0,0.0,0.0,0.0,0.3997,0.012405,0.0,0.0,0.0,0.0,0.0,0.0,0.0,0.0,0.0,0.0,0.08122743682310471,15.175992779783371,14.59386281588448,0.1489169675090253,0.0,0.0,0.0,0.0,0.0,0.0,0.0,0.0,0.0,0.0,0.0,0.0,0.0,0.0,0.0,0.0
86900,4730,2428,0.5133192389006342,1156,966,0.44862579281183934,1337,0.5653276955602538,0.40199999999999997,3.0238922675933972,3.1479369994370927,6.687022900763359,2.1883939855786427,9417.494919350007,1523.3689853278634,7853.0,10925.228398680687,10900.801057877072,7.405070057169667,7853.0,0.0,27.7784355179704,20.67922633419166,32.608586492593524,18.96035470528775,0.13594080338266384,0.1040169133192389,0.09577167019027484,0.08414376321353066,0.08139534883720931,0.07357293868921776,0.07145877378435518,0.06553911205073996,0.05433403805496829,0.055391120507399576,0.05179704016913319,0.03678646934460888,0.03298097251585624,0.023044397463002114,0.01733615221987315,0.010570824524312896,0.005919661733615222,0.9423249481974394,0.023485775400291755,0.0,0.0,0.0,0.0,0.0,0.0,0.0,0.0,0.0,0.0,0.0,0.0,0.0,0.0,0.0,0.0,0.0,0.0,0.0,0.0,0.0,0.0,0.0,0.0,0.0,0.031712473572938694,0.995771670190275,9.691331923890065,14.689217758985205,4.591966173361523,4.342650443932917,2.904540562995371,nan,nan,nan,4.351475409836065,2.909521867128165,4.33377308707124,2.899493952975074,0.9959318803170044,0.3997,0.01214,0.0,0.0,0.0,0.0,0.0,0.0,0.0,0.0,0.0,0.0,0.06976744186046513,15.374207188160655,14.479915433403809,0.07610993657505287,0.0,0.0,0.0,0.0,0.0,0.0,0.0,0.0,0.0,0.0,0.0,0.0,0.0,0.0,0.0,0.0,nan,nan,4.342650443932917,2.904540562995371,nan,0.3997,0.0616,0.0,0.0,0.0,0.0,0.0,0.0,0.0,0.0,0.0,0.0,0.0,0.0,0.0,0.0,0.0,0.0,0.0,0.0,0.0,0.0,0.00011627906976744187,3.171247357293869e-05,0.0,0.0018710359408033827,0.001014799154334038,0.004450317124735729,0.0015750528541226216,0.014693446088794925,0.009302325581395349,0.004365750528541226,0.003911205073995771,0.020665961945031713,0.0339323467230444,0.05157505285412262,0.08118393234672304,0.044630021141649046,0.06744186046511629,0.03965116279069768,0.05787526427061311,0.04157505285412262,0.05916490486257928,0.088446088794926,0.045274841437632135,0.04489429175475687,0.03059196617336152,0.029503171247357293,0.041553911205074,0.040232558139534885,0.0450845665961945,0.03288583509513742,0.02021141649048626,0.01581395348837209,0.009841437632135307,0.007515856236786469,0.007241014799154334,5.285412262156448e-05,0.0011205073995771671,1.0570824524312896e-05,0.0006659619450317125,0.0,0.0,3.171247357293869e-05,0.0,0.0,0.0,0.0,0.0,0.0,0.0,0.0,0.0,0.0,0.0,0.0,0.0,0.0,0.0,0.0,0.0,0.0,0.0,0.0,0.0,0.0,0.0,0.0,0.0,0.0,0.0,0.0,0.0,0.0,0.0,0.0,0.0,0.0,0.0,0.0,0.0,0.0,0.0,nan,nan,4.342650443932917,2.904540562995371,nan,0.9422696166022801,0.02347461251931901,0.0,0.0,0.0,0.0,0.0,0.0,0.0,0.0,0.0,0.0,0.0,0.0,0.0,0.0,0.0,0.0,0.0,0.0,0.0,0.0,0.0,0.0,0.0,0.0,0.0,0.024711696869851734,0.9637561779242176,9.946457990115324,14.53047775947282,4.534596375617793,0.9423833083681807,0.02349740234835185,0.0,0.0,0.0,0.0,0.0,0.0,0.0,0.0,0.0,0.0,0.0,0.0,0.0,0.0,0.0,0.0,0.0,0.0,0.0,0.0,0.0,0.0,0.0,0.0,0.0,0.039096437880104265,1.0295395308427457,9.422241529105127,14.85664639443962,4.652476107732407,0.4,0.01205,0.0,0.0,0.0,0.0,0.0,0.0,0.0,0.0,0.0,0.0,0.08649093904448107,15.160626029654015,14.666392092257004,0.08649093904448107,0.0,0.0,0.0,0.0,0.0,0.0,0.0,0.0,0.0,0.0,0.0,0.0,0.0,0.0,0.0,0.0,0.3994,0.01223,0.0,0.0,0.0,0.0,0.0,0.0,0.0,0.0,0.0,0.0,0.05212858384013902,15.599478714161576,14.283231972198092,0.06516072980017378,0.0,0.0,0.0,0.0,0.0,0.0,0.0,0.0,0.0,0.0,0.0,0.0,0.0,0.0,0.0,0.0
87000,4629,2363,0.5104774249297904,1126,970,0.45279758047094404,1355,0.5854396197882912,0.41,2.9801412180052957,3.1342502179029426,6.549141965678627,2.2685195637346824,9408.986671695804,1523.7250133360524,7853.0,10926.46189713478,10901.100847769732,7.42535709685579,7853.0,0.0,28.14214733203716,20.758809289411946,33.01024852677428,18.95769519312248,0.13674659753726506,0.09872542665802549,0.09116439835817672,0.08792395765824153,0.07885072369842298,0.07215381291855692,0.06891337221862173,0.06588896089868222,0.0609202851587816,0.060056167638798875,0.04817455173903651,0.037589112119248216,0.031756318859364877,0.028731907539425363,0.015770144739684598,0.009721322099805573,0.006912940159861741,0.9433028069987722,0.023607089723615828,0.0,0.0,0.0,0.0,0.0,0.0,0.0,0.0,0.0,0.0,0.0,0.0,0.0,0.0,0.0,0.0,0.0,0.0,0.0,0.0,0.0,0.0,0.0,0.0,0.0,0.006480881399870384,0.9332469215813353,9.13804277381724,14.87362281270253,5.048606610499029,4.285761589403974,2.960691018562862,nan,nan,nan,4.324769433465086,2.953848862468558,4.247168554297136,2.9678827625389324,0.9820566436287969,0.3994,0.01236,0.0,0.0,0.0,0.0,0.0,0.0,0.0,0.0,0.0,0.0,0.06480881399870383,15.554115359688895,14.277381723914456,0.10369410239792615,0.0,0.0,0.0,0.0,0.0,0.0,0.0,0.0,0.0,0.0,0.0,0.0,0.0,0.0,0.0,0.0,nan,nan,4.285761589403974,2.960691018562862,nan,0.3994,0.0616,0.0,0.0,0.0,0.0,0.0,0.0,0.0,0.0,0.0,0.0,0.0,0.0,0.0,0.0,0.0,0.0,0.0,0.0,0.0,1.0801468999783971e-05,0.00015122056599697558,0.0,2.1602937999567942e-05,0.0018146467919637071,0.0006048822639879023,0.0039425361849211495,0.0015554115359688917,0.0146899978397062,0.009408079498811839,0.004644631669907107,0.0037913156189241736,0.020382372002592353,0.03635774465327284,0.05286238928494275,0.08252322315834953,0.04562540505508749,0.0663102181896738,0.034186649384316266,0.06022899114279542,0.040419096997191616,0.05813350615683733,0.09302225102613955,0.04564700799308706,0.044437243465111256,0.028839922229423203,0.029801252970403976,0.04214733203715705,0.037124648952257505,0.04498811838410024,0.03213437027435731,0.022121408511557573,0.015521710952689565,0.009073233959818535,0.007831065024843379,0.007701447396845971,6.480881399870383e-05,0.001144955713977101,0.0,0.00073449989198531,0.0,0.0,0.0,0.0,0.0,0.0,0.0,0.0,0.0,0.0,0.0,0.0,0.0,0.0,0.0,0.0,0.0,0.0,0.0,0.0,0.0,0.0,0.0,0.0,0.0,0.0,0.0,0.0,0.0,0.0,0.0,0.0,0.0,0.0,0.0,0.0,0.0,0.0,0.0,0.0,0.0,0.0,nan,nan,4.285761589403974,2.960691018562862,nan,0.943711673108592,0.023712576791128242,0.0,0.0,0.0,0.0,0.0,0.0,0.0,0.0,0.0,0.0,0.0,0.0,0.0,0.0,0.0,0.0,0.0,0.0,0.0,0.0,0.0,0.0,0.0,0.0,0.0,0.012695725772323321,0.8760050782903092,8.963182395260263,14.892086330935255,5.256030469741855,0.9428764386768375,0.023489003391931867,0.0,0.0,0.0,0.0,0.0,0.0,0.0,0.0,0.0,0.0,0.0,0.0,0.0,0.0,0.0,0.0,0.0,0.0,0.0,0.0,0.0,0.0,0.0,0.0,0.0,0.0,0.9929390997352164,9.320388349514564,14.854368932038838,4.832303618711387,0.3994,0.01221,0.0,0.0,0.0,0.0,0.0,0.0,0.0,0.0,0.0,0.0,0.050782903089293285,15.793482860770185,14.054168429961916,0.10156580617858657,0.0,0.0,0.0,0.0,0.0,0.0,0.0,0.0,0.0,0.0,0.0,0.0,0.0,0.0,0.0,0.0,0.3994,0.01253,0.0,0.0,0.0,0.0,0.0,0.0,0.0,0.0,0.0,0.0,0.07943512797881731,15.304501323918776,14.51015004413063,0.10591350397175642,0.0,0.0,0.0,0.0,0.0,0.0,0.0,0.0,0.0,0.0,0.0,0.0,0.0,0.0,0.0,0.0
87100,4467,2385,0.5339153794492948,1111,892,0.4483993731811059,1240,0.5551824490709648,0.434,3.037463976945245,3.120774015560104,6.548060708263069,2.280084711088116,9480.268221002312,1520.4005219220332,7853.0,10926.844742298126,10900.80173719804,7.331609693943671,7853.0,0.0,28.020595477949406,20.845654857593555,33.05080213903744,19.049319240531826,0.13633310946944258,0.10141034251175285,0.09626147302440116,0.0819341840161182,0.08417282292366242,0.07588985896574882,0.0651443922095366,0.059547794940676066,0.057980747705395116,0.060890978285202596,0.04701141705842848,0.038728453100514884,0.033803447503917616,0.02708753078128498,0.017461383478844864,0.010521602865457802,0.005820461159614954,0.943363544950022,0.023264280906695523,0.0,0.0,0.0,0.0,0.0,0.0,0.0,0.0,0.0,0.0,0.0,0.0,0.0,0.0,0.0,0.0,0.0,0.0,0.0,0.0,0.0,0.0,0.0,0.0,0.0,0.026863666890530564,0.8865010073875086,9.100067159167228,15.117528542646074,4.869039623908664,4.217436609934005,2.915737125995068,nan,nan,nan,4.231201686577653,2.936064389718557,4.203983516483516,2.8956694759613026,0.9935672718744467,0.3987,0.01257,0.0,0.0,0.0,0.0,0.0,0.0,0.0,0.0,0.0,0.0,0.1477501678979181,16.55473472128943,13.203492276695773,0.09402283411685698,0.0,0.0,0.0,0.0,0.0,0.0,0.0,0.0,0.0,0.0,0.0,0.0,0.0,0.0,0.0,0.0,nan,nan,4.217436609934005,2.915737125995068,nan,0.3987,0.06186,0.0,0.0,0.0,0.0,0.0,0.0,0.0,0.0,0.0,0.0,0.0,0.0,0.0,0.0,0.0,0.0,0.0,0.0,0.0,0.0,0.00023505708529214238,0.0,5.596597268860533e-05,0.0018468770987239758,0.0005596597268860533,0.00409670920080591,0.0014551152899037385,0.015401835683904186,0.010868591896127155,0.005283187821804343,0.0040519364226550255,0.01985672710991717,0.036019700022386386,0.053615401835683904,0.08473248265054846,0.04674278038952317,0.06784195209312738,0.03503469890306694,0.05942466980076114,0.03739646295052608,0.057219610476830086,0.09228788896351019,0.045724199686590555,0.04590329079919409,0.029471681217819564,0.027859861204387732,0.04031788672487128,0.03697112155809268,0.04687709872397582,0.028833669129169466,0.02215133199014999,0.015010073875083949,0.009200805910006715,0.00840608909782852,0.007096485336915156,2.238638907544213e-05,0.0014439220953660174,0.0,0.000671591672263264,1.1193194537721065e-05,0.0,0.0,0.0,0.0,0.0,0.0,0.0,0.0,0.0,0.0,0.0,0.0,0.0,0.0,0.0,0.0,0.0,0.0,0.0,0.0,0.0,0.0,0.0,0.0,0.0,0.0,0.0,0.0,0.0,0.0,0.0,0.0,0.0,0.0,0.0,0.0,0.0,0.0,0.0,0.0,0.0,nan,nan,4.217436609934005,2.915737125995068,nan,0.9436422970309948,0.023381407943687746,0.0,0.0,0.0,0.0,0.0,0.0,0.0,0.0,0.0,0.0,0.0,0.0,0.0,0.0,0.0,0.0,0.0,0.0,0.0,0.0,0.0,0.0,0.0,0.0,0.0,0.01257861635220126,0.8679245283018869,9.28301886792453,14.830188679245285,5.006289308176101,0.9430442252030863,0.023125250322834804,0.0,0.0,0.0,0.0,0.0,0.0,0.0,0.0,0.0,0.0,0.0,0.0,0.0,0.0,0.0,0.0,0.0,0.0,0.0,0.0,0.0,0.0,0.0,0.0,0.0,0.04322766570605188,0.9077809798270896,8.89048991354467,15.446685878962539,4.711815561959655,0.3984,0.012474,0.0,0.0,0.0,0.0,0.0,0.0,0.0,0.0,0.0,0.0,0.17610062893081765,16.477987421383624,13.245283018867928,0.10062893081761008,0.0,0.0,0.0,0.0,0.0,0.0,0.0,0.0,0.0,0.0,0.0,0.0,0.0,0.0,0.0,0.0,0.3987,0.01269,0.0,0.0,0.0,0.0,0.0,0.0,0.0,0.0,0.0,0.0,0.11527377521613835,16.642651296829946,13.15561959654179,0.08645533141210376,0.0,0.0,0.0,0.0,0.0,0.0,0.0,0.0,0.0,0.0,0.0,0.0,0.0,0.0,0.0,0.0
87200,4511,2374,0.5262691199290623,1117,912,0.4497894036798936,1250,0.5542008423852804,0.422,2.940570893776322,3.0900880454970103,6.507588532883642,2.26052563378111,9457.202361114298,1522.0319431446514,7853.0,10922.496243357658,10901.25478137599,7.414788441314896,7853.0,0.0,28.396364442473953,21.073071192887912,33.418052256532064,19.2500170879103,0.14076701396586122,0.09620926623808468,0.08889381511859898,0.08889381511859898,0.07869651961870983,0.0747062735535358,0.061848814010197296,0.06340057636887608,0.06495233872755486,0.05231655952117047,0.05009975615162935,0.040345821325648415,0.0345821325648415,0.02660164043449346,0.02039459099977832,0.01108401684770561,0.006207049434715141,0.9451431002962539,0.023124069964424263,0.0,0.0,0.0,0.0,0.0,0.0,0.0,0.0,0.0,0.0,0.0,0.0,0.0,0.0,0.0,0.0,0.0,0.0,0.0,0.0,0.0,0.0,0.0,0.0,0.0,0.02660164043449347,0.7182442917313236,8.519175349146533,15.335845710485483,5.4001330082021735,4.136409908381405,2.872187591337648,nan,nan,nan,4.062036412677006,2.8670580768805762,4.21326042378674,2.875814574225972,1.0372286202648962,0.399,0.01263,0.0,0.0,0.0,0.0,0.0,0.0,0.0,0.0,0.0,0.0,0.18621148304145427,15.887829749501197,13.832853025936602,0.09310574152072713,0.0,0.0,0.0,0.0,0.0,0.0,0.0,0.0,0.0,0.0,0.0,0.0,0.0,0.0,0.0,0.0,nan,nan,4.136409908381405,2.872187591337648,nan,0.399,0.0623,0.0,0.0,0.0,0.0,0.0,0.0,0.0,0.0,0.0,0.0,0.0,0.0,0.0,0.0,0.0,0.0,0.0,0.0,0.0,0.0,0.00041010862336510754,0.0,0.0,0.0023054755043227667,0.0008091332298825094,0.004378186654843716,0.0014187541565063178,0.015550875637330968,0.010308135668366216,0.005009975615162935,0.004910219463533584,0.01907559299490135,0.03849479051208158,0.051318998004876965,0.08291953003768565,0.048226557304367104,0.06644868100199512,0.03465972068277544,0.05488805142983817,0.03978053646641543,0.05640656173797384,0.09436931944136555,0.047062735535358016,0.044934604300598535,0.028785191753491465,0.02723342939481268,0.04048991354466859,0.035734870317002884,0.04851474174240745,0.028685435601862114,0.023564619818222124,0.01594990024384837,0.010152959432498337,0.00881179339392596,0.006273553535801374,3.3252050543116824e-05,0.0015628463755264909,0.0,0.0005209487918421636,0.0,0.0,0.0,0.0,0.0,0.0,0.0,0.0,0.0,0.0,0.0,0.0,0.0,0.0,0.0,0.0,0.0,0.0,0.0,0.0,0.0,0.0,0.0,0.0,0.0,0.0,0.0,0.0,0.0,0.0,0.0,0.0,0.0,0.0,0.0,0.0,0.0,0.0,0.0,0.0,0.0,0.0,nan,nan,4.136409908381405,2.872187591337648,nan,0.9449697224754391,0.02333413261010828,0.0,0.0,0.0,0.0,0.0,0.0,0.0,0.0,0.0,0.0,0.0,0.0,0.0,0.0,0.0,0.0,0.0,0.0,0.0,0.0,0.0,0.0,0.0,0.0,0.0,0.05054759898904803,0.7076663858466725,8.69418702611626,15.101095197978099,5.446503791069926,0.9453357062609775,0.02288691044400736,0.0,0.0,0.0,0.0,0.0,0.0,0.0,0.0,0.0,0.0,0.0,0.0,0.0,0.0,0.0,0.0,0.0,0.0,0.0,0.0,0.0,0.0,0.0,0.0,0.0,0.0,0.7299953205428172,8.324754328497896,15.596630790828268,5.348619560131025,0.399,0.012566,0.0,0.0,0.0,0.0,0.0,0.0,0.0,0.0,0.0,0.0,0.20219039595619212,15.871946082561056,13.850042122999161,0.07582139848357204,0.0,0.0,0.0,0.0,0.0,0.0,0.0,0.0,0.0,0.0,0.0,0.0,0.0,0.0,0.0,0.0,0.399,0.01269,0.0,0.0,0.0,0.0,0.0,0.0,0.0,0.0,0.0,0.0,0.16846045858680395,15.905474964904048,13.813757604117926,0.11230697239120264,0.0,0.0,0.0,0.0,0.0,0.0,0.0,0.0,0.0,0.0,0.0,0.0,0.0,0.0,0.0,0.0
87300,4414,2274,0.5151789759855007,1046,909,0.442908926144087,1219,0.5523334843679203,0.426,3.0228971962616824,3.171564521304253,6.775261324041812,2.16803219710131,9423.401069408825,1523.4385332347413,7853.0,10927.184230923653,10901.263113619418,7.480701609948105,7853.0,0.0,27.52628001812415,20.69155780645973,32.44985131116518,18.990211387084344,0.14091526959673764,0.1044404168554599,0.09560489352061623,0.08699592206615316,0.07566832804712278,0.076121431807884,0.076121431807884,0.06252831898504757,0.05414589941096511,0.05414589941096511,0.043044857272315364,0.03828726778432261,0.0348889895786135,0.023561395559583146,0.016311735387403714,0.011780697779791573,0.005437245129134572,0.9443273231029294,0.023474381745086054,0.0,0.0,0.0,0.0,0.0,0.0,0.0,0.0,0.0,0.0,0.0,0.0,0.0,0.0,0.0,0.0,0.0,0.0,0.0,0.0,0.0,0.0,0.0,0.0,0.0,0.006796556411418217,0.8767557770729499,8.869506116900771,15.115541458994112,5.131400090620753,4.339413447782547,2.8927476183174443,nan,nan,nan,4.34692417739628,2.9021650659591254,4.331902718168813,2.8832798466972114,0.9965443475399046,0.399,0.01232,0.0,0.0,0.0,0.0,0.0,0.0,0.0,0.0,0.0,0.0,0.09515178975985503,16.094245582238308,13.72224739465338,0.08835523334843681,0.0,0.0,0.0,0.0,0.0,0.0,0.0,0.0,0.0,0.0,0.0,0.0,0.0,0.0,0.0,0.0,nan,nan,4.339413447782547,2.8927476183174443,nan,0.399,0.0629,0.0,0.0,0.0,0.0,0.0,0.0,0.0,0.0,0.0,0.0,0.0,0.0,0.0,0.0,0.0,0.0,0.0,0.0,0.0,0.0,0.00018124150430448574,0.0,0.0,0.003760761214318079,0.0006116900770276393,0.004293158133212505,0.001359311282283643,0.015790666062528318,0.011078386950611691,0.005448572723153603,0.005459900317172633,0.017829632985953782,0.04039420027186225,0.04871998187584957,0.08082238332578161,0.04891255097417309,0.06856592659719075,0.03654281830539193,0.05283189850475759,0.03956728590847304,0.05475758948799275,0.09441549614861804,0.04646579066606253,0.04421159945627549,0.030765745355686453,0.02617806977797916,0.0383212505663797,0.03613502492070684,0.049241051200724965,0.029916175804259176,0.021964204802899866,0.014318078840054373,0.010636610783869507,0.009979610330765745,0.007612143180788401,3.398278205709107e-05,0.002061622111463525,0.0,0.0008155867693701858,0.0,0.0,0.0,0.0,0.0,0.0,0.0,0.0,0.0,0.0,0.0,0.0,0.0,0.0,0.0,0.0,0.0,0.0,0.0,0.0,0.0,0.0,0.0,0.0,0.0,0.0,0.0,0.0,0.0,0.0,0.0,0.0,0.0,0.0,0.0,0.0,0.0,0.0,0.0,0.0,0.0,0.0,nan,nan,4.339413447782547,2.8927476183174443,nan,0.9448105700202647,0.02357722827611219,0.0,0.0,0.0,0.0,0.0,0.0,0.0,0.0,0.0,0.0,0.0,0.0,0.0,0.0,0.0,0.0,0.0,0.0,0.0,0.0,0.0,0.0,0.0,0.0,0.0,0.0,0.778364116094987,8.799472295514514,15.02638522427441,5.3957783641160955,0.9438138167991816,0.02335364330543864,0.0,0.0,0.0,0.0,0.0,0.0,0.0,0.0,0.0,0.0,0.0,0.0,0.0,0.0,0.0,0.0,0.0,0.0,0.0,0.0,0.0,0.0,0.0,0.0,0.0,0.01401869158878505,0.9813084112149535,8.943925233644862,15.210280373831779,4.850467289719627,0.399,0.01241,0.0,0.0,0.0,0.0,0.0,0.0,0.0,0.0,0.0,0.0,0.079155672823219,16.081794195250637,13.707124010554093,0.1319261213720317,0.0,0.0,0.0,0.0,0.0,0.0,0.0,0.0,0.0,0.0,0.0,0.0,0.0,0.0,0.0,0.0,0.399,0.01222,0.0,0.0,0.0,0.0,0.0,0.0,0.0,0.0,0.0,0.0,0.1121495327102804,16.107476635513994,13.73831775700935,0.042056074766355145,0.0,0.0,0.0,0.0,0.0,0.0,0.0,0.0,0.0,0.0,0.0,0.0,0.0,0.0,0.0,0.0
87400,4599,2384,0.5183735594694499,1092,924,0.4383561643835616,1296,0.5636007827788649,0.426,3.127765237020316,3.20445812747027,6.76595744680851,2.1775161691436953,9432.791686953164,1522.777064028443,7853.0,10926.161175131798,10900.593107507382,7.544357818492268,7853.0,0.0,28.497499456403567,21.34722986543074,33.58605495075169,19.54275085230213,0.14090019569471623,0.10023918243096325,0.09088932376603609,0.0867579908675799,0.07327679930419656,0.07066753642096107,0.06566644922809306,0.06501413350728419,0.05805609915198956,0.05588171341595999,0.04892367906066536,0.039356381822135245,0.03609480321809089,0.027832137421178516,0.019569471624266144,0.012828875842574472,0.008045227223309415,0.9430574460972079,0.023249848581813344,0.0,0.0,0.0,0.0,0.0,0.0,0.0,0.0,0.0,0.0,0.0,0.0,0.0,0.0,0.0,0.0,0.0,0.0,0.0,0.0,0.0,0.0,0.0,0.0,0.0,0.013046314416177433,0.9589041095890413,9.112850619699936,15.114155251141556,4.801043705153295,4.426356589147287,2.902160261064067,nan,nan,nan,4.4289562289562285,2.8933634595735125,4.425388251181634,2.9112468355637113,0.9991943975984076,0.399,0.01284,0.0,0.0,0.0,0.0,0.0,0.0,0.0,0.0,0.0,0.0,0.16960208741030663,15.72080887149378,14.005218525766475,0.10437051532941946,0.0,0.0,0.0,0.0,0.0,0.0,0.0,0.0,0.0,0.0,0.0,0.0,0.0,0.0,0.0,0.0,nan,nan,4.426356589147287,2.902160261064067,nan,0.399,0.06287,0.0,0.0,0.0,0.0,0.0,0.0,0.0,0.0,0.0,0.0,0.0,0.0,0.0,0.0,0.0,0.0,0.0,0.0,0.0,0.0,0.0002500543596434007,0.0,0.0,0.0037073276799304195,0.0007936507936507937,0.004751032833224614,0.0012828875842574472,0.015959991302457056,0.01121983039791259,0.005620787127636443,0.005218525766470972,0.01816699282452707,0.04044357469015003,0.04852141769949989,0.07852794085670799,0.04694498804087845,0.06927592954990215,0.035594694498804084,0.05250054359643401,0.03843226788432268,0.05716460100021744,0.09553163731245923,0.048369210697977824,0.042324418351815614,0.03270276146988476,0.02757121113285497,0.03947597303761687,0.035366383996520985,0.05160904544466188,0.02634268319199826,0.022461404653185475,0.013057186344857578,0.010165253315938247,0.009523809523809525,0.007827788649706457,0.0001304631441617743,0.002152641878669276,0.0,0.0010110893672537508,0.0,0.0,0.0,0.0,0.0,0.0,0.0,0.0,0.0,0.0,0.0,0.0,0.0,0.0,0.0,0.0,0.0,0.0,0.0,0.0,0.0,0.0,0.0,0.0,0.0,0.0,0.0,0.0,0.0,0.0,0.0,0.0,0.0,0.0,0.0,0.0,0.0,0.0,0.0,0.0,0.0,0.0,nan,nan,4.426356589147287,2.902160261064067,nan,0.9426889046526595,0.023571765917533367,0.0,0.0,0.0,0.0,0.0,0.0,0.0,0.0,0.0,0.0,0.0,0.0,0.0,0.0,0.0,0.0,0.0,0.0,0.0,0.0,0.0,0.0,0.0,0.0,0.0,0.012583892617449667,1.019295302013423,9.261744966442954,14.861577181208057,4.844798657718122,0.9434541065052454,0.022891684709199642,0.0,0.0,0.0,0.0,0.0,0.0,0.0,0.0,0.0,0.0,0.0,0.0,0.0,0.0,0.0,0.0,0.0,0.0,0.0,0.0,0.0,0.0,0.0,0.0,0.0,0.013544018058690748,0.8939051918735894,8.952595936794584,15.38600451467269,4.753950338600452,0.3987,0.013054,0.0,0.0,0.0,0.0,0.0,0.0,0.0,0.0,0.0,0.0,0.21392617449664433,15.755033557046959,13.917785234899332,0.113255033557047,0.0,0.0,0.0,0.0,0.0,0.0,0.0,0.0,0.0,0.0,0.0,0.0,0.0,0.0,0.0,0.0,0.3992,0.0126,0.0,0.0,0.0,0.0,0.0,0.0,0.0,0.0,0.0,0.0,0.12189616252821674,15.68397291196386,14.099322799097068,0.09480812641083523,0.0,0.0,0.0,0.0,0.0,0.0,0.0,0.0,0.0,0.0,0.0,0.0,0.0,0.0,0.0,0.0
87500,4759,2469,0.5188064719478882,1153,937,0.43916789241437276,1294,0.5438117251523429,0.418,3.012663755458515,3.1683914306977043,6.665123456790123,2.2139888413667967,9434.26048423731,1522.8710715798638,7853.0,10924.350998401642,10900.881184481716,7.20629727869089,7853.0,0.0,27.99852910275268,21.124357820267708,33.000752068187516,19.4194700734925,0.14036562303004832,0.10044126917419625,0.10107165370876235,0.08216011767177979,0.07795755410800588,0.0773271695734398,0.06324858163479723,0.05883588989283463,0.058205505358268544,0.05526371086362681,0.04980037823072074,0.04160537928136163,0.028157175877285143,0.024795125026266022,0.022063458709812987,0.00987602437486867,0.008825383483925194,0.9446268983938334,0.023170731032036658,0.0,0.0,0.0,0.0,0.0,0.0,0.0,0.0,0.0,0.0,0.0,0.0,0.0,0.0,0.0,0.0,0.0,0.0,0.0,0.0,0.0,0.0,0.0,0.0,0.0,0.018911536036982562,0.8321075856272327,8.598445051481406,15.482244168943058,5.068291657911327,4.364415156507413,2.9354930116395748,nan,nan,nan,4.418927862342819,2.923672597618536,4.310367454068241,2.946170185616456,0.9754328625276489,0.3977,0.0126,0.0,0.0,0.0,0.0,0.0,0.0,0.0,0.0,0.0,0.0,0.16389997898718223,17.127547804160514,12.6896406808153,0.018911536036982562,0.0,0.0,0.0,0.0,0.0,0.0,0.0,0.0,0.0,0.0,0.0,0.0,0.0,0.0,0.0,0.0,nan,nan,4.364415156507413,2.9354930116395748,nan,0.3977,0.0623,0.0,0.0,0.0,0.0,0.0,0.0,0.0,0.0,0.0,0.0,0.0,0.0,0.0,0.0,0.0,0.0,0.0,0.0,0.0,0.0,0.0001891153603698256,0.0,2.101281781886951e-05,0.003057364992645514,0.0005253204454717378,0.005221685227989073,0.0010926665265812146,0.015150241647404916,0.011662113889472579,0.004959025005253205,0.005442319815087204,0.019363311620088253,0.04196259718428241,0.05026266022273587,0.07978566925824752,0.04704769909644883,0.06973103593191847,0.03804370666106325,0.054822441689430554,0.040092456398403024,0.05867829375919311,0.09256146249212019,0.0475204874973734,0.04391678924143728,0.030941374238285354,0.02728514393780206,0.035585206976255515,0.03550115570498004,0.04830846816558101,0.027211599075436015,0.023019541920571547,0.01292288295860475,0.008657280941374239,0.009098550115570498,0.00751208237024585,0.00010506408909434755,0.0014393780205925616,0.0,0.0012607690691321706,0.0,0.0,0.0,0.0,0.0,0.0,0.0,4.202563563773902e-05,0.0,0.0,0.0,0.0,0.0,0.0,0.0,0.0,0.0,0.0,0.0,0.0,0.0,0.0,0.0,0.0,0.0,0.0,0.0,0.0,0.0,0.0,0.0,0.0,0.0,0.0,0.0,0.0,0.0,0.0,0.0,0.0,0.0,0.0,nan,nan,4.364415156507413,2.9354930116395748,nan,0.9449597308393334,0.022979570295837394,0.0,0.0,0.0,0.0,0.0,0.0,0.0,0.0,0.0,0.0,0.0,0.0,0.0,0.0,0.0,0.0,0.0,0.0,0.0,0.0,0.0,0.0,0.0,0.0,0.0,0.02430133657351155,0.7168894289185908,8.505467800729042,15.747266099635484,5.00607533414338,0.9442680497877463,0.023369772850500303,0.0,0.0,0.0,0.0,0.0,0.0,0.0,0.0,0.0,0.0,0.0,0.0,0.0,0.0,0.0,0.0,0.0,0.0,0.0,0.0,0.0,0.0,0.0,0.0,0.0,0.01310043668122271,0.9563318777292579,8.69868995633188,15.196506550218343,5.135371179039302,0.3975,0.01262,0.0,0.0,0.0,0.0,0.0,0.0,0.0,0.0,0.0,0.0,0.1944106925880924,17.241798298906417,12.539489671931959,0.02430133657351155,0.0,0.0,0.0,0.0,0.0,0.0,0.0,0.0,0.0,0.0,0.0,0.0,0.0,0.0,0.0,0.0,0.3982,0.01258,0.0,0.0,0.0,0.0,0.0,0.0,0.0,0.0,0.0,0.0,0.1310043668122271,17.004366812227047,12.85152838427948,0.01310043668122271,0.0,0.0,0.0,0.0,0.0,0.0,0.0,0.0,0.0,0.0,0.0,0.0,0.0,0.0,0.0,0.0
87600,4868,2518,0.5172555464256368,1218,1007,0.45706655710764177,1396,0.5735414954806902,0.418,3.028510638297872,3.1207670761375077,6.661721068249258,2.1044225028651047,9429.577506931877,1523.0845952948723,7853.0,10926.254360318184,10900.96636367926,7.3717322231408975,7853.0,0.0,27.740345110928512,20.561688434308092,32.72829818538499,18.729004621761753,0.14359079704190633,0.09408381265406737,0.09223500410846343,0.08730484798685292,0.08401807723911257,0.07497945768282663,0.073746918652424,0.06388660640920296,0.055464256368118324,0.055258833196384555,0.04519309778142974,0.043344289235825804,0.029580936729663106,0.028142974527526704,0.015201314708299097,0.009038619556285949,0.0049301561216105174,0.9453270105720056,0.023428997967376856,0.0,0.0,0.0,0.0,0.0,0.0,0.0,0.0,0.0,0.0,0.0,0.0,0.0,0.0,0.0,0.0,0.0,0.0,0.0,0.0,0.0,0.0,0.0,0.0,0.0,0.018488085456039444,0.9059161873459328,8.12243221035333,15.406737880032871,5.546425636811834,4.260252365930599,2.9234336472072937,nan,nan,nan,4.176397515527951,2.9272656040263185,4.346794871794872,2.916946943422683,1.0408000808432099,0.3972,0.01236,0.0,0.0,0.0,0.0,0.0,0.0,0.0,0.0,0.0,0.0,0.1540673788003287,17.582169268693484,12.245275267050125,0.018488085456039444,0.0,0.0,0.0,0.0,0.0,0.0,0.0,0.0,0.0,0.0,0.0,0.0,0.0,0.0,0.0,0.0,nan,nan,4.260252365930599,2.9234336472072937,nan,0.3972,0.06192,0.0,0.0,0.0,0.0,0.0,0.0,0.0,0.0,0.0,0.0,0.0,0.0,0.0,0.0,0.0,0.0,0.0,0.0,0.0,0.0,0.00017460969597370583,0.0,0.0,0.002711585866885785,0.0004416598192276089,0.0045090386195562856,0.0012222678718159408,0.015345110928512736,0.01127773212818406,0.004416598192276089,0.006234593262119967,0.019987674609695975,0.04152629416598192,0.05261914543960559,0.08125513557929334,0.047082990961380446,0.07158997534921939,0.03778759244042728,0.05682004930156122,0.04070460147904684,0.05696384552177486,0.09087921117502054,0.05014379622021364,0.042286359901396876,0.031162695152013146,0.02752670501232539,0.03222062448644207,0.036544782251437966,0.04796631059983566,0.02601684470008217,0.022709531635168447,0.012695152013147084,0.008278553820870994,0.008709942481511914,0.00686113393590797,6.162695152013147e-05,0.0017871815940838126,5.135579293344289e-05,0.001366064092029581,0.0,0.0,0.0,0.0,0.0,0.0,0.0,6.162695152013147e-05,0.0,0.0,0.0,0.0,0.0,0.0,0.0,0.0,0.0,0.0,0.0,0.0,0.0,0.0,0.0,0.0,0.0,0.0,0.0,0.0,0.0,0.0,0.0,0.0,0.0,0.0,0.0,0.0,0.0,0.0,0.0,0.0,0.0,0.0,nan,nan,4.260252365930599,2.9234336472072937,nan,0.9457008959141111,0.023821245901824918,0.0,0.0,0.0,0.0,0.0,0.0,0.0,0.0,0.0,0.0,0.0,0.0,0.0,0.0,0.0,0.0,0.0,0.0,0.0,0.0,0.0,0.0,0.0,0.0,0.0,0.0238284352660842,0.9412231930103259,7.94678316123908,15.357426528991265,5.73073868149325,0.9449263964054432,0.02299454042666403,0.0,0.0,0.0,0.0,0.0,0.0,0.0,0.0,0.0,0.0,0.0,0.0,0.0,0.0,0.0,0.0,0.0,0.0,0.0,0.0,0.0,0.0,0.0,0.0,0.0,0.012765957446808513,0.8680851063829789,8.310638297872343,15.45957446808511,5.348936170212768,0.397,0.01224,0.0,0.0,0.0,0.0,0.0,0.0,0.0,0.0,0.0,0.0,0.1667990468625894,17.823669579030952,11.985702938840353,0.0238284352660842,0.0,0.0,0.0,0.0,0.0,0.0,0.0,0.0,0.0,0.0,0.0,0.0,0.0,0.0,0.0,0.0,0.3972,0.01249,0.0,0.0,0.0,0.0,0.0,0.0,0.0,0.0,0.0,0.0,0.14042553191489365,17.323404255319126,12.523404255319152,0.012765957446808513,0.0,0.0,0.0,0.0,0.0,0.0,0.0,0.0,0.0,0.0,0.0,0.0,0.0,0.0,0.0,0.0
87700,4913,2555,0.5200488499898229,1179,973,0.4380215754121718,1347,0.5483411357622634,0.422,2.9631043256997454,3.1088392186914793,6.562691131498471,2.1605758886591544,9437.948303054798,1522.6295479968155,7853.0,10926.49577665329,10900.69119878991,7.450776972612118,7853.0,0.0,27.79177691837981,21.02519007053292,32.79115001215658,19.336952287489524,0.1404437207408915,0.10584164461632403,0.09525748015469164,0.08182373295338896,0.08406269082027275,0.07469977610421331,0.06167311215143497,0.06716873600651334,0.053327905556686345,0.05047832281701608,0.04925707307144311,0.039283533482597194,0.034805617748829634,0.027274577651129655,0.015062080195399959,0.012823122328516182,0.006716873600651333,0.944674063621799,0.02367568251738341,0.0,0.0,0.0,0.0,0.0,0.0,0.0,0.0,0.0,0.0,0.0,0.0,0.0,0.0,0.0,0.0,0.0,0.0,0.0,0.0,0.0,0.0,0.0,0.0,0.0,0.0244249949114594,0.9098310604518626,8.542641970282924,15.180134337472015,5.342967636881744,4.290920716112532,2.8919845877194175,nan,nan,nan,4.380982367758186,2.9626671287982895,4.198180636777128,2.8151353330397404,0.9582738035363058,0.397,0.01232,0.0,0.0,0.0,0.0,0.0,0.0,0.0,0.0,0.0,0.0,0.1709749643802158,17.56767759006714,12.20028495827397,0.06106248727864849,0.0,0.0,0.0,0.0,0.0,0.0,0.0,0.0,0.0,0.0,0.0,0.0,0.0,0.0,0.0,0.0,nan,nan,4.290920716112532,2.8919845877194175,nan,0.397,0.0617,0.0,0.0,0.0,0.0,0.0,0.0,0.0,0.0,0.0,0.0,0.0,0.0,0.0,0.0,0.0,0.0,0.0,0.0,0.0,0.0,7.123956849175656e-05,0.0,0.0,0.0024323224099328314,0.0004172603297374313,0.004192957459800529,0.0013433747201302667,0.015866069611235496,0.01113372684714024,0.0032668430694076937,0.006513331976389172,0.020903724811724,0.0425707307144311,0.05212700997353959,0.08114186851211072,0.04726236515367393,0.07255241196824751,0.03775697130063098,0.056035009159373095,0.03958884591899044,0.055220842662324444,0.09369020964787299,0.05142479136983513,0.04253002238957867,0.029167514756767758,0.025524119682475067,0.03323834724201099,0.03833706492977814,0.04745572969672298,0.02741705678811317,0.02247099531854264,0.012690820272745776,0.008345206594748626,0.008141664970486465,0.006024832078159984,0.00013230205577040505,0.001496030938326888,0.0001017708121310808,0.001404437207408915,1.0177081213108081e-05,0.0,0.0,0.0,0.0,0.0,0.0,0.0,0.0,0.0,0.0,0.0,0.0,0.0,0.0,0.0,0.0,0.0,0.0,0.0,0.0,0.0,0.0,0.0,0.0,0.0,0.0,0.0,0.0,0.0,0.0,0.0,0.0,0.0,0.0,0.0,0.0,0.0,0.0,0.0,0.0,0.0,nan,nan,4.290920716112532,2.8919845877194175,nan,0.9448688527609271,0.023422821838896966,0.0,0.0,0.0,0.0,0.0,0.0,0.0,0.0,0.0,0.0,0.0,0.0,0.0,0.0,0.0,0.0,0.0,0.0,0.0,0.0,0.0,0.0,0.0,0.0,0.0,0.02348336594911938,0.8923679060665364,8.395303326810177,15.369863013698634,5.31898238747554,0.9444630007505215,0.023944866132374475,0.0,0.0,0.0,0.0,0.0,0.0,0.0,0.0,0.0,0.0,0.0,0.0,0.0,0.0,0.0,0.0,0.0,0.0,0.0,0.0,0.0,0.0,0.0,0.0,0.0,0.025445292620865145,0.9287531806615777,8.70229007633588,14.974554707379138,5.368956743002546,0.397,0.012436,0.0,0.0,0.0,0.0,0.0,0.0,0.0,0.0,0.0,0.0,0.18786692759295504,17.718199608610544,12.023483365949122,0.07045009784735813,0.0,0.0,0.0,0.0,0.0,0.0,0.0,0.0,0.0,0.0,0.0,0.0,0.0,0.0,0.0,0.0,0.3972,0.012184,0.0,0.0,0.0,0.0,0.0,0.0,0.0,0.0,0.0,0.0,0.15267175572519087,17.40458015267173,12.391857506361326,0.05089058524173029,0.0,0.0,0.0,0.0,0.0,0.0,0.0,0.0,0.0,0.0,0.0,0.0,0.0,0.0,0.0,0.0
87800,4899,2470,0.5041845274545825,1139,1016,0.4398856909573382,1392,0.5682792406613595,0.40599999999999997,2.895841910251132,3.0658108843282954,6.444121915820029,2.2155600594451985,9389.7207481596,1523.9222081559253,7853.0,10925.982597708702,10900.93317620805,7.372382867820905,7853.0,0.0,27.691569708103696,20.88207425214862,32.639551875304434,19.193902115407457,0.14043682384160033,0.10349050826699327,0.09246785058175137,0.09144723412941416,0.07919983670136763,0.07613798734435599,0.06981016533986528,0.06001224739742805,0.05919575423555828,0.047968973259848946,0.04470300061236987,0.041641151255358236,0.03143498673198612,0.024086548275158194,0.021637068789548887,0.010206164523372117,0.00612369871402327,0.9454444743925563,0.023427363182987274,0.0,0.0,0.0,0.0,0.0,0.0,0.0,0.0,0.0,0.0,0.0,0.0,0.0,0.0,0.0,0.0,0.0,0.0,0.0,0.0,0.0,0.0,0.0,0.0,0.0,0.006123698714023271,0.7960808328230253,8.346601347213719,15.168401714635642,5.682792406613596,4.219917012448133,2.83763618502301,nan,nan,nan,4.249367088607595,2.823023489937628,4.190721649484536,2.8528727599345647,0.9861990179007397,0.3972,0.01213,0.0,0.0,0.0,0.0,0.0,0.0,0.0,0.0,0.0,0.0,0.18371096142069815,17.421922841396178,12.339252908756892,0.05511328842620944,0.0,0.0,0.0,0.0,0.0,0.0,0.0,0.0,0.0,0.0,0.0,0.0,0.0,0.0,0.0,0.0,nan,nan,4.219917012448133,2.83763618502301,nan,0.3972,0.06192,0.0,0.0,0.0,0.0,0.0,0.0,0.0,0.0,0.0,0.0,0.0,0.0,0.0,0.0,0.0,0.0,0.0,0.0,0.0,0.0,4.0824658093488464e-05,2.0412329046744232e-05,0.0,0.001990202082057563,0.0004184527454582568,0.0043784445805266385,0.000877730149010002,0.017666870789957136,0.011083894672382119,0.003225147989385589,0.005858338436415595,0.021984078383343538,0.0423147581139008,0.05207185139824454,0.08134313125127578,0.04559093692590325,0.07167789344764237,0.038007756685037766,0.05409267197387222,0.03984486629924475,0.056960604204939785,0.09307001428863033,0.0521228822208614,0.04297815880791998,0.027954684629516228,0.022280057154521332,0.034843845682792404,0.040814451928965094,0.04840783833435395,0.02670953255766483,0.022984282506634007,0.012818942641355378,0.007950602163706879,0.008420085731781997,0.0055419473361910596,0.00016329863237395385,0.0018064911206368646,0.00016329863237395385,0.0015207185139824455,0.0,0.0,0.0,0.0,0.0,0.0,0.0,0.0,0.0,0.0,0.0,0.0,0.0,0.0,0.0,0.0,0.0,0.0,0.0,0.0,0.0,0.0,0.0,0.0,0.0,0.0,0.0,0.0,0.0,0.0,0.0,0.0,0.0,0.0,0.0,0.0,0.0,0.0,0.0,0.0,0.0,0.0,nan,nan,4.219917012448133,2.83763618502301,nan,0.9453153640393787,0.023832086352168814,0.0,0.0,0.0,0.0,0.0,0.0,0.0,0.0,0.0,0.0,0.0,0.0,0.0,0.0,0.0,0.0,0.0,0.0,0.0,0.0,0.0,0.0,0.0,0.0,0.0,0.012145748987854255,0.765182186234818,8.647773279352228,14.842105263157897,5.732793522267208,0.9455757640477019,0.023007766340909033,0.0,0.0,0.0,0.0,0.0,0.0,0.0,0.0,0.0,0.0,0.0,0.0,0.0,0.0,0.0,0.0,0.0,0.0,0.0,0.0,0.0,0.0,0.0,0.0,0.0,0.0,0.827501029230136,8.04034582132565,15.500205846027175,5.6319473034170455,0.3972,0.012146,0.0,0.0,0.0,0.0,0.0,0.0,0.0,0.0,0.0,0.0,0.1578947368421053,17.47773279352224,12.291497975708506,0.07287449392712551,0.0,0.0,0.0,0.0,0.0,0.0,0.0,0.0,0.0,0.0,0.0,0.0,0.0,0.0,0.0,0.0,0.3972,0.01211,0.0,0.0,0.0,0.0,0.0,0.0,0.0,0.0,0.0,0.0,0.20996294771510915,17.365170852202528,12.38781391519144,0.037052284890901614,0.0,0.0,0.0,0.0,0.0,0.0,0.0,0.0,0.0,0.0,0.0,0.0,0.0,0.0,0.0,0.0
87900,4872,2536,0.5205254515599343,1186,990,0.4466338259441708,1358,0.5574712643678161,0.426,3.008133561643836,3.1112949792513587,6.5885022692889565,2.138216704784895,9439.513773587805,1522.678943058636,7853.0,10925.222620010376,10900.90816440055,7.44271183845572,7853.0,0.0,27.86945812807882,20.828138804142686,32.80787093620142,19.07583052789522,0.13936781609195403,0.09770114942528736,0.0960591133004926,0.08723316912972086,0.08292282430213464,0.07245484400656814,0.06999178981937602,0.06383415435139574,0.056444991789819376,0.05480295566502463,0.043924466338259444,0.037561576354679806,0.03694581280788178,0.028119868637110017,0.015188834154351396,0.011699507389162561,0.005747126436781609,0.9448960169733843,0.023502292619907373,0.0,0.0,0.0,0.0,0.0,0.0,0.0,0.0,0.0,0.0,0.0,0.0,0.0,0.0,0.0,0.0,0.0,0.0,0.0,0.0,0.0,0.0,0.0,0.0,0.0,0.012315270935960593,0.9421182266009854,8.146551724137932,15.584975369458132,5.314039408866996,4.242105263157895,2.8932767087372717,nan,nan,nan,4.256294383473208,2.936738982065071,4.228247162673393,2.8501205176961077,0.9934104133142857,0.3975,0.01234,0.0,0.0,0.0,0.0,0.0,0.0,0.0,0.0,0.0,0.0,0.15394088669950742,17.33374384236451,12.463054187192121,0.049261083743842374,0.0,0.0,0.0,0.0,0.0,0.0,0.0,0.0,0.0,0.0,0.0,0.0,0.0,0.0,0.0,0.0,nan,nan,4.242105263157895,2.8932767087372717,nan,0.3975,0.06223,0.0,0.0,0.0,0.0,0.0,0.0,0.0,0.0,0.0,0.0,0.0,0.0,0.0,0.0,0.0,0.0,0.0,0.0,0.0,0.0,1.026272577996716e-05,6.157635467980295e-05,0.0,0.0024835796387520526,0.0005644499178981937,0.004269293924466338,0.0010365353037766832,0.018093185550082103,0.01069376026272578,0.003048029556650246,0.005849753694581281,0.022742200328407226,0.040722495894909685,0.05090311986863711,0.08008004926108374,0.04588464696223317,0.07289614121510674,0.03698686371100164,0.05471059113300493,0.04008620689655172,0.058158866995073895,0.0949712643678161,0.050769704433497535,0.042364532019704436,0.027103858784893266,0.021828817733990147,0.0346264367816092,0.041440886699507386,0.04766009852216749,0.02763752052545156,0.022311165845648604,0.012305008210180624,0.008292282430213465,0.009800903119868637,0.0054905582922824304,4.105090311986864e-05,0.0021859605911330048,8.210180623973728e-05,0.00180623973727422,0.0,0.0,0.0,0.0,0.0,0.0,0.0,0.0,0.0,0.0,0.0,0.0,0.0,0.0,0.0,0.0,0.0,0.0,0.0,0.0,0.0,0.0,0.0,0.0,0.0,0.0,0.0,0.0,0.0,0.0,0.0,0.0,0.0,0.0,0.0,0.0,0.0,0.0,0.0,0.0,0.0,0.0,nan,nan,4.242105263157895,2.8932767087372717,nan,0.9452369646037039,0.02355031176351264,0.0,0.0,0.0,0.0,0.0,0.0,0.0,0.0,0.0,0.0,0.0,0.0,0.0,0.0,0.0,0.0,0.0,0.0,0.0,0.0,0.0,0.0,0.0,0.0,0.0,0.023659305993690857,0.8635646687697163,8.079652996845427,15.461356466876975,5.571766561514197,0.9445258786212908,0.02344443832648257,0.0,0.0,0.0,0.0,0.0,0.0,0.0,0.0,0.0,0.0,0.0,0.0,0.0,0.0,0.0,0.0,0.0,0.0,0.0,0.0,0.0,0.0,0.0,0.0,0.0,0.0,1.0273972602739727,8.219178082191782,15.719178082191783,5.034246575342467,0.3972,0.0122,0.0,0.0,0.0,0.0,0.0,0.0,0.0,0.0,0.0,0.0,0.17744479495268142,17.49605678233436,12.314668769716091,0.011829652996845429,0.0,0.0,0.0,0.0,0.0,0.0,0.0,0.0,0.0,0.0,0.0,0.0,0.0,0.0,0.0,0.0,0.3977,0.012474,0.0,0.0,0.0,0.0,0.0,0.0,0.0,0.0,0.0,0.0,0.1284246575342466,17.157534246575317,12.624143835616442,0.08989726027397263,0.0,0.0,0.0,0.0,0.0,0.0,0.0,0.0,0.0,0.0,0.0,0.0,0.0,0.0,0.0,0.0
88000,4930,2569,0.5210953346855984,1147,967,0.4288032454361055,1355,0.5496957403651116,0.426,3.0419313850063534,3.1695587760391475,6.7631184407796106,2.2392748590821783,9441.254730877468,1522.6099088048063,7853.0,10923.984102368355,10900.915851781205,7.231920503789842,7853.0,0.0,27.88073022312373,21.148992703374375,32.91204264598982,19.44964279033921,0.14239350912778906,0.10811359026369169,0.08945233265720082,0.08539553752535498,0.07647058823529412,0.07707910750507099,0.06754563894523327,0.05862068965517241,0.05760649087221095,0.05354969574036511,0.04685598377281947,0.03874239350912779,0.0332657200811359,0.02535496957403651,0.018661257606490872,0.012778904665314401,0.008113590263691683,0.9459170165579411,0.02326918055382249,0.0,0.0,0.0,0.0,0.0,0.0,0.0,0.0,0.0,0.0,0.0,0.0,0.0,0.0,0.0,0.0,0.0,0.0,0.0,0.0,0.0,0.0,0.0,0.0,0.0,0.006085192697768764,0.7363083164300205,8.129817444219068,15.395537525354973,5.732251521298176,4.4254090471607315,2.9231361461496816,nan,nan,nan,4.3841661258922775,2.915929270911808,4.465736040609137,2.929604465839122,1.0186055711336117,0.3972,0.01202,0.0,0.0,0.0,0.0,0.0,0.0,0.0,0.0,0.0,0.0,0.10953346855983775,17.494929006085165,12.346855983772823,0.048681541582150115,0.0,0.0,0.0,0.0,0.0,0.0,0.0,0.0,0.0,0.0,0.0,0.0,0.0,0.0,0.0,0.0,nan,nan,4.4254090471607315,2.9231361461496816,nan,0.3972,0.06235,0.0,0.0,0.0,0.0,0.0,0.0,0.0,0.0,0.0,0.0,0.0,0.0,0.0,0.0,0.0,0.0,0.0,0.0,0.0,0.0,0.0,5.070993914807302e-05,0.0,0.0033468559837728194,0.00035496957403651115,0.0040973630831643,0.0013894523326572008,0.019208924949290062,0.01092292089249493,0.003894523326572008,0.005547667342799188,0.022596348884381338,0.03981744421906694,0.04858012170385396,0.07879310344827586,0.0455578093306288,0.07293103448275862,0.03842799188640974,0.05359026369168357,0.041115618661257604,0.060192697768762675,0.09755578093306289,0.0495131845841785,0.043427991886409736,0.02441176470588235,0.022251521298174443,0.03468559837728195,0.04168356997971603,0.04885395537525355,0.025162271805273834,0.021379310344827585,0.012535496957403651,0.008732251521298175,0.01013184584178499,0.005081135902636917,0.00012170385395537525,0.002434077079107505,0.0,0.0015111561866125761,3.0425963488843814e-05,0.0,8.113590263691683e-05,0.0,0.0,0.0,0.0,0.0,0.0,0.0,0.0,0.0,0.0,0.0,0.0,0.0,0.0,0.0,0.0,0.0,0.0,0.0,0.0,0.0,0.0,0.0,0.0,0.0,0.0,0.0,0.0,0.0,0.0,0.0,0.0,0.0,0.0,0.0,0.0,0.0,0.0,0.0,nan,nan,4.4254090471607315,2.9231361461496816,nan,0.9454151809377956,0.023013977911419094,0.0,0.0,0.0,0.0,0.0,0.0,0.0,0.0,0.0,0.0,0.0,0.0,0.0,0.0,0.0,0.0,0.0,0.0,0.0,0.0,0.0,0.0,0.0,0.0,0.0,0.011677695601401326,0.7240171272868823,8.256130790190737,15.531335149863763,5.476839237057222,0.9464630630247576,0.023531568918011187,0.0,0.0,0.0,0.0,0.0,0.0,0.0,0.0,0.0,0.0,0.0,0.0,0.0,0.0,0.0,0.0,0.0,0.0,0.0,0.0,0.0,0.0,0.0,0.0,0.0,0.0,0.7496823379923763,7.992376111817028,15.247776365946637,6.010165184243966,0.3972,0.011955,0.0,0.0,0.0,0.0,0.0,0.0,0.0,0.0,0.0,0.0,0.11677695601401325,17.644998053717373,12.179836512261582,0.058388478007006625,0.0,0.0,0.0,0.0,0.0,0.0,0.0,0.0,0.0,0.0,0.0,0.0,0.0,0.0,0.0,0.0,0.3975,0.01208,0.0,0.0,0.0,0.0,0.0,0.0,0.0,0.0,0.0,0.0,0.10165184243964424,17.331639135959314,12.528589580686154,0.03811944091486659,0.0,0.0,0.0,0.0,0.0,0.0,0.0,0.0,0.0,0.0,0.0,0.0,0.0,0.0,0.0,0.0
88100,4704,2379,0.5057397959183674,1112,938,0.43579931972789115,1279,0.5437925170068028,0.40599999999999997,2.838709677419355,2.9999653137085995,6.240909090909091,2.152058723481145,9394.57338816423,1523.9857791608167,7853.0,10926.05973470211,10901.155198791314,7.201534769904654,7853.0,0.0,28.275085034013607,21.196341015414635,33.02536413862381,19.574417481609746,0.13435374149659865,0.10289115646258504,0.09502551020408163,0.08673469387755102,0.08056972789115646,0.07249149659863946,0.06823979591836735,0.06441326530612244,0.05505952380952381,0.050595238095238096,0.047619047619047616,0.04421768707482993,0.031462585034013606,0.024022108843537414,0.019345238095238096,0.013605442176870748,0.00935374149659864,0.945172846722765,0.0235402541655984,0.0,0.0,0.0,0.0,0.0,0.0,0.0,0.0,0.0,0.0,0.0,0.0,0.0,0.0,0.0,0.0,0.0,0.0,0.0,0.0,0.0,0.0,0.0,0.0,0.0,0.01275510204081633,0.8035714285714287,8.37372448979592,15.293367346938778,5.516581632653063,4.199734130940512,2.8134037877895888,nan,nan,nan,4.240212342402123,2.8238536419007625,4.159121171770972,2.802292437052352,0.9808756816680525,0.397,0.01227,0.0,0.0,0.0,0.0,0.0,0.0,0.0,0.0,0.0,0.0,0.13392857142857145,17.889030612244873,11.906887755102044,0.0701530612244898,0.0,0.0,0.0,0.0,0.0,0.0,0.0,0.0,0.0,0.0,0.0,0.0,0.0,0.0,0.0,0.0,nan,nan,4.199734130940512,2.8134037877895888,nan,0.397,0.0623,0.0,0.0,0.0,0.0,0.0,0.0,0.0,0.0,0.0,0.0,0.0,0.0,0.0,0.0,0.0,0.0,0.0,0.0,0.0,0.0,0.0,0.00017006802721088434,0.0,0.0032525510204081632,0.0004039115646258503,0.003720238095238095,0.0012967687074829932,0.018367346938775512,0.010395408163265306,0.003985969387755102,0.005590986394557823,0.024426020408163267,0.0398703231292517,0.05225340136054422,0.07836947278911564,0.04689625850340136,0.07088647959183673,0.03984906462585034,0.051392431972789115,0.03915816326530612,0.06261692176870748,0.09749149659863945,0.04872448979591837,0.04467474489795918,0.024511054421768708,0.020620748299319726,0.03451318027210885,0.03944515306122449,0.050340136054421766,0.024415391156462584,0.021928146258503402,0.012680697278911565,0.00936437074829932,0.00970450680272109,0.004241071428571428,0.00010629251700680272,0.00234906462585034,0.0,0.001838860544217687,7.440476190476191e-05,0.0,7.440476190476191e-05,0.0,0.0,0.0,0.0,0.0,0.0,0.0,0.0,0.0,0.0,0.0,0.0,0.0,0.0,0.0,0.0,0.0,0.0,0.0,0.0,0.0,0.0,0.0,0.0,0.0,0.0,0.0,0.0,0.0,0.0,0.0,0.0,0.0,0.0,0.0,0.0,0.0,0.0,0.0,nan,nan,4.199734130940512,2.8134037877895888,nan,0.9461505285026948,0.022881839307664683,0.0,0.0,0.0,0.0,0.0,0.0,0.0,0.0,0.0,0.0,0.0,0.0,0.0,0.0,0.0,0.0,0.0,0.0,0.0,0.0,0.0,0.0,0.0,0.0,0.0,0.012610340479192942,0.6683480453972259,8.007566204287517,15.548549810844897,5.762925598991174,0.9441724574950433,0.02415449477872728,0.0,0.0,0.0,0.0,0.0,0.0,0.0,0.0,0.0,0.0,0.0,0.0,0.0,0.0,0.0,0.0,0.0,0.0,0.0,0.0,0.0,0.0,0.0,0.0,0.0,0.012903225806451616,0.9419354838709679,8.748387096774195,15.032258064516132,5.264516129032259,0.3972,0.01198,0.0,0.0,0.0,0.0,0.0,0.0,0.0,0.0,0.0,0.0,0.10088272383354353,17.994955863808297,11.803278688524593,0.10088272383354353,0.0,0.0,0.0,0.0,0.0,0.0,0.0,0.0,0.0,0.0,0.0,0.0,0.0,0.0,0.0,0.0,0.3967,0.01254,0.0,0.0,0.0,0.0,0.0,0.0,0.0,0.0,0.0,0.0,0.167741935483871,17.7806451612903,12.012903225806454,0.03870967741935485,0.0,0.0,0.0,0.0,0.0,0.0,0.0,0.0,0.0,0.0,0.0,0.0,0.0,0.0,0.0,0.0
88200,4618,2457,0.5320485058466868,1185,912,0.4540926808142053,1260,0.5456907752273712,0.414,3.016658954187876,3.0973261204710374,6.61698717948718,2.098328064555755,9474.488346927206,1520.692141573946,7853.0,10925.866363883018,10900.63255437926,7.3029807135859635,7853.0,0.0,28.648549155478563,20.95532687409172,33.49923195084485,19.130380382605242,0.13339107838891295,0.10047639670853183,0.08770030316154179,0.08055435253356431,0.07773928107405803,0.08098744045041144,0.07016024252923343,0.06453009961022088,0.057600692940666956,0.05478562148116067,0.054352533564313556,0.0411433521004764,0.031182330012992636,0.028367258553486357,0.0194889562581204,0.01039411000433088,0.00714595062797748,0.9453221461689281,0.02284295520833258,0.0,0.0,0.0,0.0,0.0,0.0,0.0,0.0,0.0,0.0,0.0,0.0,0.0,0.0,0.0,0.0,0.0,0.0,0.0,0.0,0.0,0.0,0.0,0.0,0.0,0.0,0.7275877003031618,8.282806409701172,15.63663923776527,5.352966652230404,4.126561472715319,2.8916594241338855,nan,nan,nan,4.141522029372497,2.884051876582281,4.112046632124352,2.8989474519955793,0.9928829553388587,0.3965,0.01191,0.0,0.0,0.0,0.0,0.0,0.0,0.0,0.0,0.0,0.0,0.20788220008661762,18.28064097011691,11.498484192291038,0.012992637505413601,0.0,0.0,0.0,0.0,0.0,0.0,0.0,0.0,0.0,0.0,0.0,0.0,0.0,0.0,0.0,0.0,nan,nan,4.126561472715319,2.8916594241338855,nan,0.3965,0.0619,0.0,0.0,0.0,0.0,0.0,0.0,0.0,0.0,0.0,0.0,0.0,0.0,0.0,0.0,0.0,0.0,0.0,0.0,0.0,0.0,0.0,0.00031398873971416196,0.0,0.002912516240796882,0.00028150714595062795,0.0031615417929839757,0.001440017323516674,0.018817669987007363,0.010188393243828498,0.004276743178865309,0.005023819835426591,0.025075790385448247,0.04064530099610221,0.05238198354265916,0.08173451710697271,0.0451277609354699,0.06941316587267216,0.03891294932871373,0.054016890428757035,0.03875054135989606,0.06277609354699004,0.10036812472932005,0.047628843655262015,0.044943698570809876,0.026331745344304894,0.021773495019488956,0.031788653096578606,0.037646167171935904,0.0502490255521871,0.021567778258986574,0.0217518406236466,0.013458207016024253,0.009073191857947163,0.010350801212646168,0.003800346470333478,7.5790385448246e-05,0.0022845387613685576,0.0,0.0014833261152013858,0.0,0.0,0.00017323516673884798,0.0,0.0,0.0,0.0,0.0,0.0,0.0,0.0,0.0,0.0,0.0,0.0,0.0,0.0,0.0,0.0,0.0,0.0,0.0,0.0,0.0,0.0,0.0,0.0,0.0,0.0,0.0,0.0,0.0,0.0,0.0,0.0,0.0,0.0,0.0,0.0,0.0,0.0,0.0,nan,nan,4.126561472715319,2.8916594241338855,nan,0.9450923731087377,0.023101588925324178,0.0,0.0,0.0,0.0,0.0,0.0,0.0,0.0,0.0,0.0,0.0,0.0,0.0,0.0,0.0,0.0,0.0,0.0,0.0,0.0,0.0,0.0,0.0,0.0,0.0,0.0,0.744810744810745,8.339438339438342,15.457875457875462,5.457875457875459,0.9455833920777147,0.022542446327551514,0.0,0.0,0.0,0.0,0.0,0.0,0.0,0.0,0.0,0.0,0.0,0.0,0.0,0.0,0.0,0.0,0.0,0.0,0.0,0.0,0.0,0.0,0.0,0.0,0.0,0.0,0.7080055529847294,8.218417399352154,15.839888940305418,5.233688107357706,0.3965,0.01217,0.0,0.0,0.0,0.0,0.0,0.0,0.0,0.0,0.0,0.0,0.2075702075702076,18.351648351648326,11.416361416361418,0.024420024420024427,0.0,0.0,0.0,0.0,0.0,0.0,0.0,0.0,0.0,0.0,0.0,0.0,0.0,0.0,0.0,0.0,0.3965,0.01162,0.0,0.0,0.0,0.0,0.0,0.0,0.0,0.0,0.0,0.0,0.20823692734844984,18.199907450254486,11.591855622397041,0.0,0.0,0.0,0.0,0.0,0.0,0.0,0.0,0.0,0.0,0.0,0.0,0.0,0.0,0.0,0.0,0.0
88300,4508,2320,0.5146406388642414,1080,909,0.4412156166814552,1280,0.5678793256433008,0.40199999999999997,3.0315356489945153,3.192972748502242,6.699059561128527,2.2284212313968483,9421.34120807923,1523.0804024056333,7853.0,10924.910835981369,10900.449209491882,7.360593913640399,7853.0,0.0,27.937888198757765,20.88364376507977,32.83803745713532,19.158549040012534,0.13842058562555457,0.10425909494232476,0.09516415261756876,0.08229813664596274,0.07941437444543034,0.0725377107364685,0.07165039929015084,0.06188997338065661,0.05967169476486247,0.05124223602484472,0.048580301685891746,0.03970718722271517,0.031721384205856254,0.02883762200532387,0.020186335403726708,0.01064773735581189,0.0037710736468500442,0.9453360547957002,0.023391049226870037,0.0,0.0,0.0,0.0,0.0,0.0,0.0,0.0,0.0,0.0,0.0,0.0,0.0,0.0,0.0,0.0,0.0,0.0,0.0,0.0,0.0,0.0,0.0,0.0,0.0,0.02661934338952973,0.8052351375332744,8.311889973380659,15.379325643300803,5.476929902395742,4.3594501718213055,2.9775803225797386,nan,nan,nan,4.332432432432433,2.937461126050223,4.387412587412587,3.0182861605974582,1.0126903664021567,0.3958,0.01217,0.0,0.0,0.0,0.0,0.0,0.0,0.0,0.0,0.0,0.0,0.199645075421473,19.01952085181896,10.75421472937001,0.02661934338952973,0.0,0.0,0.0,0.0,0.0,0.0,0.0,0.0,0.0,0.0,0.0,0.0,0.0,0.0,0.0,0.0,nan,nan,4.3594501718213055,2.9775803225797386,nan,0.3958,0.06183,0.0,0.0,0.0,0.0,0.0,0.0,0.0,0.0,0.0,0.0,0.0,0.0,0.0,0.0,0.0,0.0,0.0,0.0,0.0,0.0,0.0,0.0003438331854480923,0.0,0.003815439219165927,0.0005545696539485359,0.0033606921029281276,0.0016748003549245786,0.018633540372670808,0.010758651286601598,0.0036823425022182786,0.004769299023957409,0.025676574977817213,0.04042812777284827,0.05214063886424135,0.07998003549245786,0.04767080745341615,0.07051907719609583,0.04184782608695652,0.05183007985803017,0.039562999112688554,0.06196761313220941,0.10004436557231589,0.04952307009760426,0.04454303460514641,0.025088731144631764,0.02159494232475599,0.03126663708961846,0.038154392191659274,0.04937888198757764,0.021539485359361135,0.0205301685891748,0.012877107364685005,0.008740017746228927,0.009971162377994676,0.0037156166814551906,4.4365572315882877e-05,0.0020962732919254656,0.0,0.001497338065661047,0.0,0.00012200532386867791,5.5456965394853596e-05,0.0,0.0,0.0,0.0,0.0,0.0,0.0,0.0,0.0,0.0,0.0,0.0,0.0,0.0,0.0,0.0,0.0,0.0,0.0,0.0,0.0,0.0,0.0,0.0,0.0,0.0,0.0,0.0,0.0,0.0,0.0,0.0,0.0,0.0,0.0,0.0,0.0,0.0,0.0,nan,nan,4.3594501718213055,2.9775803225797386,nan,0.9451093350761923,0.023265843612321074,0.0,0.0,0.0,0.0,0.0,0.0,0.0,0.0,0.0,0.0,0.0,0.0,0.0,0.0,0.0,0.0,0.0,0.0,0.0,0.0,0.0,0.0,0.0,0.0,0.0,0.03879310344827587,0.7370689655172415,8.469827586206899,15.349137931034486,5.405172413793105,0.9455764523045018,0.023520693435127513,0.0,0.0,0.0,0.0,0.0,0.0,0.0,0.0,0.0,0.0,0.0,0.0,0.0,0.0,0.0,0.0,0.0,0.0,0.0,0.0,0.0,0.0,0.0,0.0,0.0,0.01371115173674589,0.8775137111517369,8.144424131627058,15.41133455210238,5.553016453382085,0.3958,0.012184,0.0,0.0,0.0,0.0,0.0,0.0,0.0,0.0,0.0,0.0,0.14224137931034486,19.008620689655146,10.81034482758621,0.03879310344827587,0.0,0.0,0.0,0.0,0.0,0.0,0.0,0.0,0.0,0.0,0.0,0.0,0.0,0.0,0.0,0.0,0.3955,0.012146,0.0,0.0,0.0,0.0,0.0,0.0,0.0,0.0,0.0,0.0,0.2605118829981719,19.031078610603263,10.694698354661794,0.01371115173674589,0.0,0.0,0.0,0.0,0.0,0.0,0.0,0.0,0.0,0.0,0.0,0.0,0.0,0.0,0.0,0.0
88400,4483,2267,0.5056881552531787,1085,943,0.45237564131162167,1296,0.5781842516172206,0.41,3.012635379061372,3.1029017374002223,6.563897763578275,2.1396694713008184,9394.176237277865,1523.7513411412506,7853.0,10928.732023000717,10900.681107947361,7.5258806566969465,7853.0,0.0,28.19428953825563,20.912433204917072,33.13259082471493,19.124899700152046,0.13896944010707116,0.09636404193620343,0.08833370510818649,0.089895159491412,0.0794111086326121,0.07450368057104617,0.07204996654026322,0.06468882444791434,0.06022752621012715,0.05175105955833147,0.053535578853446356,0.0388132946687486,0.030336828016952932,0.02252955610082534,0.017175998215480704,0.01137631050635735,0.01003792103502119,0.9450298047693292,0.023531745440207898,0.0,0.0,0.0,0.0,0.0,0.0,0.0,0.0,0.0,0.0,0.0,0.0,0.0,0.0,0.0,0.0,0.0,0.0,0.0,0.0,0.0,0.0,0.0,0.0,0.0,0.0,0.8766451037251842,8.385010037921036,15.244256078518852,5.494088779834933,4.247348614437222,2.834961279687134,nan,nan,nan,4.246288798920378,2.8568057561673714,4.248438584316447,2.812317877433106,1.0005062739483512,0.396,0.01238,0.0,0.0,0.0,0.0,0.0,0.0,0.0,0.0,0.0,0.0,0.294445683693955,18.52331028329241,11.135400401516845,0.04684363149676557,0.0,0.0,0.0,0.0,0.0,0.0,0.0,0.0,0.0,0.0,0.0,0.0,0.0,0.0,0.0,0.0,nan,nan,4.247348614437222,2.834961279687134,nan,0.396,0.06186,0.0,0.0,0.0,0.0,0.0,0.0,0.0,0.0,0.0,0.0,0.0,0.0,0.0,0.0,0.0,0.0,0.0,0.0,0.0,0.0,0.0,0.00027883113986169975,1.115324559446799e-05,0.0037809502565246487,0.0007138077180459514,0.003134062012045505,0.000992638857907651,0.01858130716038367,0.009569484720053536,0.0035132723622574168,0.004394378764220388,0.02658933749721169,0.03991746598260094,0.0516395271023868,0.0842516172206112,0.04595137184920812,0.07081195627927726,0.04084318536694178,0.05151684140084765,0.03935980370287754,0.06278161945126032,0.1005911220165068,0.04988846754405532,0.04370956948472005,0.024459067588668303,0.021882667856346197,0.030593352665625698,0.03669417800579969,0.048048182020968104,0.023934865045728306,0.020510818648226636,0.013383894713361589,0.009480258755297791,0.00999330805264332,0.00455052420254294,8.922596475574392e-05,0.002264108855677002,0.0,0.001115324559446799,0.0,0.00015614543832255187,2.230649118893598e-05,0.0,0.0,0.0,0.0,0.0,0.0,0.0,0.0,0.0,0.0,0.0,0.0,0.0,0.0,0.0,0.0,0.0,0.0,0.0,0.0,0.0,0.0,0.0,0.0,0.0,0.0,0.0,0.0,0.0,0.0,0.0,0.0,0.0,0.0,0.0,0.0,0.0,0.0,0.0,nan,nan,4.247348614437222,2.834961279687134,nan,0.9456246034868709,0.023808502157329117,0.0,0.0,0.0,0.0,0.0,0.0,0.0,0.0,0.0,0.0,0.0,0.0,0.0,0.0,0.0,0.0,0.0,0.0,0.0,0.0,0.0,0.0,0.0,0.0,0.0,0.0,0.8337009263343628,8.31054256726952,15.12571680635201,5.730039700044113,0.944421317092133,0.023229455395836034,0.0,0.0,0.0,0.0,0.0,0.0,0.0,0.0,0.0,0.0,0.0,0.0,0.0,0.0,0.0,0.0,0.0,0.0,0.0,0.0,0.0,0.0,0.0,0.0,0.0,0.0,0.9205776173285201,8.461191335740073,15.365523465703975,5.252707581227438,0.396,0.01243,0.0,0.0,0.0,0.0,0.0,0.0,0.0,0.0,0.0,0.0,0.3705337450374946,18.20908689898542,11.380679311865904,0.03970004411116013,0.0,0.0,0.0,0.0,0.0,0.0,0.0,0.0,0.0,0.0,0.0,0.0,0.0,0.0,0.0,0.0,0.396,0.01234,0.0,0.0,0.0,0.0,0.0,0.0,0.0,0.0,0.0,0.0,0.2166064981949459,18.84476534296026,10.88447653429603,0.054151624548736475,0.0,0.0,0.0,0.0,0.0,0.0,0.0,0.0,0.0,0.0,0.0,0.0,0.0,0.0,0.0,0.0
88500,4404,2251,0.5111262488646685,1051,903,0.44368755676657584,1224,0.555858310626703,0.442,2.973060845332095,3.2085317587527284,6.909893992932862,2.1963689090228486,9410.66303786052,1523.387528576725,7853.0,10926.797423243523,10900.511336622716,7.392851285318813,7853.0,0.0,26.81357856494096,20.50348294553339,31.80987452264048,18.852388979956274,0.14600363306085376,0.10876475930971843,0.09445958219800181,0.0910535876475931,0.08106267029972752,0.07198001816530426,0.07379654859218891,0.06198910081743869,0.05676657584014532,0.05108991825613079,0.042915531335149866,0.036103542234332424,0.029518619436875566,0.02316076294277929,0.015440508628519528,0.009536784741144414,0.006357856494096276,0.9456526134687592,0.023577201183540494,0.0,0.0,0.0,0.0,0.0,0.0,0.0,0.0,0.0,0.0,0.0,0.0,0.0,0.0,0.0,0.0,0.0,0.0,0.0,0.0,0.0,0.0,0.0,0.0,0.0,0.0,0.7765667574931883,8.392370572207087,14.98637602179837,5.844686648501364,4.414056809905317,2.953895388003671,nan,nan,nan,4.455337690631808,2.9869606808449083,4.372534696859021,2.919670486901424,0.9814148781703134,0.395,0.01275,0.0,0.0,0.0,0.0,0.0,0.0,0.0,0.0,0.0,0.0,0.3269754768392371,19.455040871934578,10.170299727520437,0.04768392370572208,0.0,0.0,0.0,0.0,0.0,0.0,0.0,0.0,0.0,0.0,0.0,0.0,0.0,0.0,0.0,0.0,nan,nan,4.414056809905317,2.953895388003671,nan,0.395,0.06198,0.0,0.0,0.0,0.0,0.0,0.0,0.0,0.0,0.0,0.0,0.0,0.0,0.0,0.0,0.0,0.0,0.0,0.0,0.0,0.0,0.0,0.00014759309718437785,0.0,0.004586739327883742,0.0011353315168029065,0.003803360581289737,0.0011580381471389645,0.019947774750227066,0.010501816530426885,0.004280199818346957,0.004564032697547684,0.02670299727520436,0.037681653042688466,0.0516008174386921,0.08182334241598546,0.04665077202543143,0.0716053587647593,0.0391008174386921,0.055177111716621256,0.041167120799273385,0.06363533151680291,0.10297456857402361,0.0483991825613079,0.04012261580381472,0.024568574023614894,0.02149182561307902,0.031051316984559492,0.035399636693914625,0.048013169845594915,0.02186648501362398,0.019936421435059037,0.012954132606721163,0.009979564032697548,0.0101952770208901,0.004564032697547684,4.541326067211626e-05,0.002497729336966394,0.0,0.0006130790190735695,0.0,5.676657584014532e-05,0.0,0.0,0.0,0.0,0.0,0.0,0.0,0.0,0.0,0.0,0.0,0.0,0.0,0.0,0.0,0.0,0.0,0.0,0.0,0.0,0.0,0.0,0.0,0.0,0.0,0.0,0.0,0.0,0.0,0.0,0.0,0.0,0.0,0.0,0.0,0.0,0.0,0.0,0.0,0.0,nan,nan,4.414056809905317,2.953895388003671,nan,0.9458201816218633,0.02345972908265228,0.0,0.0,0.0,0.0,0.0,0.0,0.0,0.0,0.0,0.0,0.0,0.0,0.0,0.0,0.0,0.0,0.0,0.0,0.0,0.0,0.0,0.0,0.0,0.0,0.0,0.0,0.8129720124389163,8.18302976454909,15.193247445579745,5.810750777432254,0.9454774179682308,0.023698130776580305,0.0,0.0,0.0,0.0,0.0,0.0,0.0,0.0,0.0,0.0,0.0,0.0,0.0,0.0,0.0,0.0,0.0,0.0,0.0,0.0,0.0,0.0,0.0,0.0,0.0,0.0,0.7385044124477476,8.611240130051094,14.77008824895495,5.880167208546216,0.3953,0.01264,0.0,0.0,0.0,0.0,0.0,0.0,0.0,0.0,0.0,0.0,0.3198578409595736,19.351399378054168,10.288760550866284,0.0399822301199467,0.0,0.0,0.0,0.0,0.0,0.0,0.0,0.0,0.0,0.0,0.0,0.0,0.0,0.0,0.0,0.0,0.3948,0.01285,0.0,0.0,0.0,0.0,0.0,0.0,0.0,0.0,0.0,0.0,0.33441709242916867,19.563399907106337,10.046446818392942,0.05573618207152811,0.0,0.0,0.0,0.0,0.0,0.0,0.0,0.0,0.0,0.0,0.0,0.0,0.0,0.0,0.0,0.0
88600,4818,2457,0.5099626400996264,1135,1029,0.44914902449149025,1384,0.5745122457451225,0.39399999999999996,2.8915713680643793,3.0388032842468116,6.542721518987341,2.0938602678265097,9407.023265555235,1523.3702501821958,7853.0,10923.622357606888,10900.327673359838,7.293408647321237,7853.0,0.0,27.564342050643422,20.73930655637379,32.59840954274354,18.988938326893713,0.141137401411374,0.10979659609796596,0.09090909090909091,0.08198422581984226,0.07783312577833126,0.0759651307596513,0.070568700705687,0.06268161062681611,0.06205894562058946,0.052718970527189705,0.045662100456621,0.0361145703611457,0.034454130344541305,0.0253217102532171,0.017019510170195103,0.009547530095475302,0.0062266500622665,0.9448144457284817,0.023213479566215185,0.0,0.0,0.0,0.0,0.0,0.0,0.0,0.0,0.0,0.0,0.0,0.0,0.0,0.0,0.0,0.0,0.0,0.0,0.0,0.0,0.0,0.0,0.0,0.0,0.0,0.006226650062266502,0.8094645080946453,8.760896637608967,15.012453300124536,5.410958904109591,4.273227581741664,2.810019759000427,nan,nan,nan,4.273259596616786,2.852162025013604,4.27319587628866,2.767652452106857,0.9999850885894748,0.3955,0.01261,0.0,0.0,0.0,0.0,0.0,0.0,0.0,0.0,0.0,0.0,0.27397260273972607,18.9352428393524,10.728518057285184,0.06226650062266502,0.0,0.0,0.0,0.0,0.0,0.0,0.0,0.0,0.0,0.0,0.0,0.0,0.0,0.0,0.0,0.0,nan,nan,4.273227581741664,2.810019759000427,nan,0.3955,0.062,0.0,0.0,0.0,0.0,0.0,0.0,0.0,0.0,0.0,0.0,0.0,0.0,0.0,0.0,0.0,0.0,0.0,0.0,0.0,0.0,0.0,0.00012453300124533,0.0,0.004514321295143213,0.00099626400996264,0.003829389788293898,0.0010377750103777502,0.019759236197592362,0.011083437110834371,0.003767123287671233,0.005386052303860523,0.026400996264009963,0.035740971357409716,0.04832918223329182,0.08087380655873806,0.04871315898713159,0.07180365296803654,0.03907222914072229,0.0579804898298049,0.04110626816106268,0.0629618098796181,0.10398505603985056,0.048816936488169364,0.03771274387712744,0.024533001245330012,0.02226027397260274,0.031205894562058946,0.034568285595682854,0.05203403902034039,0.019790369447903695,0.02058945620589456,0.011301369863013699,0.01154005811540058,0.010024906600249066,0.0043586550435865505,3.11332503113325e-05,0.003092569530925695,1.0377750103777502e-05,0.0006641760066417601,0.0,0.0,0.0,0.0,0.0,0.0,0.0,0.0,0.0,0.0,0.0,0.0,0.0,0.0,0.0,0.0,0.0,0.0,0.0,0.0,0.0,0.0,0.0,0.0,0.0,0.0,0.0,0.0,0.0,0.0,0.0,0.0,0.0,0.0,0.0,0.0,0.0,0.0,0.0,0.0,0.0,0.0,nan,nan,4.273227581741664,2.810019759000427,nan,0.9449206221186149,0.02326823744997152,0.0,0.0,0.0,0.0,0.0,0.0,0.0,0.0,0.0,0.0,0.0,0.0,0.0,0.0,0.0,0.0,0.0,0.0,0.0,0.0,0.0,0.0,0.0,0.0,0.0,0.012210012210012213,0.8302808302808304,8.815628815628816,14.896214896214898,5.445665445665447,0.9447039521280763,0.023155840755925906,0.0,0.0,0.0,0.0,0.0,0.0,0.0,0.0,0.0,0.0,0.0,0.0,0.0,0.0,0.0,0.0,0.0,0.0,0.0,0.0,0.0,0.0,0.0,0.0,0.0,0.0,0.7878017789072429,8.703939008894539,15.133418043202036,5.3748411689961895,0.3955,0.012634,0.0,0.0,0.0,0.0,0.0,0.0,0.0,0.0,0.0,0.0,0.3052503052503053,18.730158730158703,10.903540903540906,0.06105006105006106,0.0,0.0,0.0,0.0,0.0,0.0,0.0,0.0,0.0,0.0,0.0,0.0,0.0,0.0,0.0,0.0,0.3955,0.01259,0.0,0.0,0.0,0.0,0.0,0.0,0.0,0.0,0.0,0.0,0.24142312579415506,19.148665819567952,10.546378653113091,0.06353240152477765,0.0,0.0,0.0,0.0,0.0,0.0,0.0,0.0,0.0,0.0,0.0,0.0,0.0,0.0,0.0,0.0
88700,4985,2499,0.5013039117352056,1192,1058,0.45135406218655966,1429,0.5733199598796389,0.38599999999999995,2.884151246983105,3.0210201880026957,6.292717086834734,2.2190359683077725,9380.60564570726,1523.6361612284086,7853.0,10925.78932595253,10900.26456336562,7.421297024189272,7853.0,0.0,27.610832497492478,20.56449606736184,32.51673840267814,18.81687232134687,0.13941825476429287,0.09869608826479438,0.09327983951855567,0.09267803410230692,0.07823470411233702,0.0720160481444333,0.07803410230692076,0.0629889669007021,0.06138415245737212,0.050752256770310936,0.04894684052156469,0.03911735205616851,0.025877632898696087,0.025877632898696087,0.0160481444332999,0.009428284854563691,0.007221664994984955,0.9450999338983174,0.02345099743871463,0.0,0.0,0.0,0.0,0.0,0.0,0.0,0.0,0.0,0.0,0.0,0.0,0.0,0.0,0.0,0.0,0.0,0.0,0.0,0.0,0.0,0.0,0.0,0.0,0.006018054162487464,0.01805416248746239,0.8605817452357073,8.461384152457374,15.111334002006021,5.542627883650955,4.217824867559988,2.809675910418833,nan,nan,nan,4.2742749054224465,2.834182719471807,4.162661737523106,2.784414118764935,0.973887227572156,0.3953,0.01256,0.0,0.0,0.0,0.0,0.0,0.0,0.0,0.0,0.0,0.0,0.3490471414242729,19.342026078234674,10.278836509528588,0.030090270812437318,0.0,0.0,0.0,0.0,0.0,0.0,0.0,0.0,0.0,0.0,0.0,0.0,0.0,0.0,0.0,0.0,nan,nan,4.217824867559988,2.809675910418833,nan,0.3953,0.06256,0.0,0.0,0.0,0.0,0.0,0.0,0.0,0.0,0.0,0.0,0.0,0.0,0.0,0.0,0.0,0.0,0.0,0.0,0.0,0.0,0.0,7.021063189568705e-05,0.0,0.004844533600802408,0.0009528585757271815,0.0035406218655967903,0.0010531594784353058,0.021594784353059178,0.012487462387161485,0.0037211634904714143,0.0053861584754262785,0.02613841524573721,0.03600802407221665,0.04753259779338014,0.0825777331995988,0.05147442326980943,0.07135406218655968,0.037993981945837516,0.054964894684052155,0.040381143430290874,0.06267803410230692,0.10305917753259779,0.04711133400200602,0.0375025075225677,0.024292878635907723,0.02144433299899699,0.03140421263791374,0.03533600802407222,0.051283851554663994,0.019067201604814444,0.022437311935807423,0.01164493480441324,0.012377131394182547,0.010591775325977933,0.0041925777331995985,1.0030090270812437e-05,0.0028385155466399197,0.0,0.0006519558676028085,0.0,0.0,0.0,0.0,0.0,0.0,0.0,0.0,0.0,0.0,0.0,0.0,0.0,0.0,0.0,0.0,0.0,0.0,0.0,0.0,0.0,0.0,0.0,0.0,0.0,0.0,0.0,0.0,0.0,0.0,0.0,0.0,0.0,0.0,0.0,0.0,0.0,0.0,0.0,0.0,0.0,0.0,nan,nan,4.217824867559988,2.809675910418833,nan,0.9450490642614773,0.023434084273477006,0.0,0.0,0.0,0.0,0.0,0.0,0.0,0.0,0.0,0.0,0.0,0.0,0.0,0.0,0.0,0.0,0.0,0.0,0.0,0.0,0.0,0.0,0.0,0.0,0.0,0.01200480192076831,0.9843937575030014,8.199279711884756,15.330132052821131,5.47418967587035,0.9451510695469351,0.023467875630114408,0.0,0.0,0.0,0.0,0.0,0.0,0.0,0.0,0.0,0.0,0.0,0.0,0.0,0.0,0.0,0.0,0.0,0.0,0.0,0.0,0.0,0.0,0.0,0.0,0.012067578439259858,0.024135156878519717,0.7361222847948513,8.724859211584876,14.891391794046664,5.6114239742558345,0.3953,0.012405,0.0,0.0,0.0,0.0,0.0,0.0,0.0,0.0,0.0,0.0,0.3241296518607444,19.56782713085231,10.072028811524612,0.03601440576230493,0.0,0.0,0.0,0.0,0.0,0.0,0.0,0.0,0.0,0.0,0.0,0.0,0.0,0.0,0.0,0.0,0.3953,0.01271,0.0,0.0,0.0,0.0,0.0,0.0,0.0,0.0,0.0,0.0,0.3740949316170556,19.115044247787583,10.486725663716816,0.024135156878519717,0.0,0.0,0.0,0.0,0.0,0.0,0.0,0.0,0.0,0.0,0.0,0.0,0.0,0.0,0.0,0.0
88800,4591,2332,0.5079503376170769,1126,933,0.448486168590721,1298,0.5654541494227837,0.418,2.9632580787959273,3.032066371467281,6.435384615384615,2.0432952849017627,9400.916682087227,1523.5056211110723,7853.0,10925.275486588478,10900.377996338962,7.450339390372268,7853.0,0.0,27.890437813112612,20.786621129853653,32.933107756376884,18.969905539083104,0.14375952951426704,0.10280984534959704,0.08625571770856022,0.081681550860379,0.08320627314310608,0.07187976475713352,0.0753648442605097,0.06098889130908299,0.05685035939882378,0.057068176867784794,0.04966238292311043,0.03746460466129384,0.032890437813112613,0.02613809627532128,0.01938575473752995,0.008930516227401437,0.0056632541929862775,0.9453546069619235,0.023630510272143978,0.0,0.0,0.0,0.0,0.0,0.0,0.0,0.0,0.0,0.0,0.0,0.0,0.0,0.0,0.0,0.0,0.0,0.0,0.0,0.0,0.0,0.0,0.0,0.0,0.0,0.013069048137660643,0.9082988455674147,8.233500326726205,15.23851012851231,5.606621651056416,4.272757923128793,2.8107501728393176,nan,nan,nan,4.26072157930565,2.8029382175762114,4.282754010695188,2.818411944936531,1.005171056352649,0.3953,0.012794,0.0,0.0,0.0,0.0,0.0,0.0,0.0,0.0,0.0,0.0,0.3005881071661948,19.13962099760398,10.533652798954478,0.026138096275321286,0.0,0.0,0.0,0.0,0.0,0.0,0.0,0.0,0.0,0.0,0.0,0.0,0.0,0.0,0.0,0.0,nan,nan,4.272757923128793,2.8107501728393176,nan,0.3953,0.06323,0.0,0.0,0.0,0.0,0.0,0.0,0.0,0.0,0.0,0.0,0.0,0.0,0.0,0.0,0.0,0.0,0.0,0.0,0.0,0.0,0.0,2.178174689610107e-05,3.26726203441516e-05,0.004345458505772163,0.0013613591810063166,0.0034415160095839685,0.001285123066869963,0.021498584186451754,0.01449575255935526,0.003953387061642344,0.004824656937486386,0.02715094750598998,0.03639729906338488,0.046057503811805706,0.08241123938139838,0.05157917664996733,0.07184709213678937,0.03628839032890438,0.05408407754301895,0.041537791330864736,0.06262252232629056,0.10367022435199302,0.0448703986059682,0.03828142016989763,0.02179263776954912,0.022315399695055544,0.02953604879111305,0.03673491614027445,0.05186233935961664,0.019570899586146807,0.021727292528860815,0.01162056196906992,0.012382923110433456,0.011315617512524504,0.004661293835765628,9.80178610324548e-05,0.003343498148551514,0.0,0.0009148333696362448,6.53452406883032e-05,0.0,0.0,0.0,0.0,0.0,0.0,0.0,0.0,0.0,0.0,0.0,0.0,0.0,0.0,0.0,0.0,0.0,0.0,0.0,0.0,0.0,0.0,0.0,0.0,0.0,0.0,0.0,0.0,0.0,0.0,0.0,0.0,0.0,0.0,0.0,0.0,0.0,0.0,0.0,0.0,0.0,nan,nan,4.272757923128793,2.8107501728393176,nan,0.9451021244094466,0.023349231280526832,0.0,0.0,0.0,0.0,0.0,0.0,0.0,0.0,0.0,0.0,0.0,0.0,0.0,0.0,0.0,0.0,0.0,0.0,0.0,0.0,0.0,0.0,0.0,0.0,0.0,0.01286449399656947,0.9905660377358493,7.988850771869641,15.54030874785592,5.467409948542025,0.9456152485344673,0.023914612997080188,0.0,0.0,0.0,0.0,0.0,0.0,0.0,0.0,0.0,0.0,0.0,0.0,0.0,0.0,0.0,0.0,0.0,0.0,0.0,0.0,0.0,0.0,0.0,0.0,0.0,0.013280212483399738,0.8233731739707837,8.486055776892432,14.926958831341304,5.750332005312087,0.3955,0.01303,0.0,0.0,0.0,0.0,0.0,0.0,0.0,0.0,0.0,0.0,0.2958833619210978,18.859348198970814,10.819039451114927,0.02572898799313894,0.0,0.0,0.0,0.0,0.0,0.0,0.0,0.0,0.0,0.0,0.0,0.0,0.0,0.0,0.0,0.0,0.3953,0.01256,0.0,0.0,0.0,0.0,0.0,0.0,0.0,0.0,0.0,0.0,0.30544488711819395,19.42895086321378,10.239043824701197,0.026560424966799476,0.0,0.0,0.0,0.0,0.0,0.0,0.0,0.0,0.0,0.0,0.0,0.0,0.0,0.0,0.0,0.0
88900,4718,2428,0.5146248410343366,1124,968,0.4434082238236541,1316,0.5578635014836796,0.438,2.992139737991266,3.1509240701351624,6.688206785137318,2.2482532834144124,9421.302352021841,1523.0912014288351,7853.0,10926.30963742733,10900.467255699772,7.50812532214375,7853.0,0.0,27.790589232725733,21.22420685904804,32.822739934160545,19.550105212366876,0.14285714285714285,0.10406952098346757,0.09156422212802034,0.08859686307757525,0.0824501907587961,0.07036880033912675,0.07100466299279355,0.0642221280203476,0.05256464603645612,0.05002119542178889,0.0476896990250106,0.03539635438745231,0.03115727002967359,0.02479864349300551,0.01949978804578211,0.014412886816447647,0.009325985587113183,0.9453684480678434,0.02382566635309305,0.0,0.0,0.0,0.0,0.0,0.0,0.0,0.0,0.0,0.0,0.0,0.0,0.0,0.0,0.0,0.0,0.0,0.0,0.0,0.0,0.0,0.0,0.0,0.0,0.0,0.03179313268334041,0.8329800763035187,8.476049173378552,15.057227638830016,5.60194997880458,4.337197747598543,2.8954815510897527,nan,nan,nan,4.264686022957461,2.869928733937529,4.40702210663199,2.918173645628247,1.0333755129705473,0.3955,0.01249,0.0,0.0,0.0,0.0,0.0,0.0,0.0,0.0,0.0,0.0,0.33064857990674024,18.840610428147492,10.796947859262403,0.03179313268334041,0.0,0.0,0.0,0.0,0.0,0.0,0.0,0.0,0.0,0.0,0.0,0.0,0.0,0.0,0.0,0.0,nan,nan,4.337197747598543,2.8954815510897527,nan,0.3955,0.0629,0.0,0.0,0.0,0.0,0.0,0.0,0.0,0.0,0.0,0.0,0.0,0.0,0.0,0.0,0.0,0.0,0.0,0.0,0.0,0.0,0.0,7.41839762611276e-05,0.0,0.0038257736328952945,0.0005722763883001272,0.0038893598982619754,0.001420093259855871,0.021142433234421366,0.014455277660025434,0.0034760491733785504,0.004016532428995337,0.027373887240356082,0.0385650699448919,0.04487070792708775,0.07974777448071217,0.05222551928783383,0.07318779143704959,0.04032428995337007,0.05338066977532853,0.040674014412886816,0.062113183552352694,0.1036456125476897,0.044128868164476476,0.037526494277236117,0.020326409495548963,0.025455701568461213,0.029864349300551082,0.038787621873675286,0.04990462060194998,0.019510385756676556,0.021237812632471386,0.011201780415430266,0.012770241627808394,0.01145612547689699,0.004737176769817719,0.0,0.00317931326833404,0.0,0.0009325985587113184,0.0,0.0,0.0,0.0,0.0,0.0,0.0,0.0,0.0,0.0,0.0,0.0,0.0,0.0,0.0,0.0,0.0,0.0,0.0,0.0,0.0,0.0,0.0,0.0,0.0,0.0,0.0,0.0,0.0,0.0,0.0,0.0,0.0,0.0,0.0,0.0,0.0,0.0,0.0,0.0,0.0,0.0,nan,nan,4.337197747598543,2.8954815510897527,nan,0.9451713808973303,0.023937772966690106,0.0,0.0,0.0,0.0,0.0,0.0,0.0,0.0,0.0,0.0,0.0,0.0,0.0,0.0,0.0,0.0,0.0,0.0,0.0,0.0,0.0,0.0,0.0,0.0,0.0,0.04942339373970347,0.8649093904448107,8.451400329489292,14.962932454695226,5.6713344316309735,0.9455773909019071,0.02370443561982778,0.0,0.0,0.0,0.0,0.0,0.0,0.0,0.0,0.0,0.0,0.0,0.0,0.0,0.0,0.0,0.0,0.0,0.0,0.0,0.0,0.0,0.0,0.0,0.0,0.0,0.01310043668122271,0.7991266375545854,8.502183406113538,15.157205240174676,5.5283842794759845,0.3958,0.01259,0.0,0.0,0.0,0.0,0.0,0.0,0.0,0.0,0.0,0.0,0.3583196046128502,18.70675453047773,10.88550247116969,0.04942339373970347,0.0,0.0,0.0,0.0,0.0,0.0,0.0,0.0,0.0,0.0,0.0,0.0,0.0,0.0,0.0,0.0,0.3953,0.01237,0.0,0.0,0.0,0.0,0.0,0.0,0.0,0.0,0.0,0.0,0.3013100436681223,18.982532751091675,10.703056768558953,0.01310043668122271,0.0,0.0,0.0,0.0,0.0,0.0,0.0,0.0,0.0,0.0,0.0,0.0,0.0,0.0,0.0,0.0
89000,4997,2553,0.5109065439263558,1272,1040,0.46267760656393836,1432,0.573143886331799,0.37399999999999994,2.951718494271686,3.0961344611637247,6.6158357771261,2.112436632031952,9409.981268332425,1523.3900394445275,7853.0,10926.228372812271,10900.487425717638,7.275652100048855,7853.0,0.0,28.031819091454874,20.523009148163165,32.852906287069985,18.714073857805346,0.13468080848509106,0.09765859515709426,0.08585151090654393,0.08805283169901941,0.08605163097858715,0.07964778867320392,0.0732439463678207,0.06543926355813488,0.058635181108665196,0.05263157894736842,0.04682809685811487,0.041624974984990994,0.03522113267960777,0.024214528717230337,0.015009005403241946,0.008204922953772264,0.007004202521512908,0.9459095358466874,0.023513030023750027,0.0,0.0,0.0,0.0,0.0,0.0,0.0,0.0,0.0,0.0,0.0,0.0,0.0,0.0,0.0,0.0,0.0,0.0,0.0,0.0,0.0,0.0,0.0,0.0,0.0,0.0,0.7864718831298781,8.164898939363619,15.26716029617771,5.781468881328799,4.18391502276176,2.9347247324575156,nan,nan,nan,4.249095295536791,2.9417468164840277,4.117359413202934,2.9269286572633915,0.9689967220852327,0.3958,0.01228,0.0,0.0,0.0,0.0,0.0,0.0,0.0,0.0,0.0,0.0,0.2581548929357615,19.139483690214103,10.572343406043629,0.030018010806483895,0.0,0.0,0.0,0.0,0.0,0.0,0.0,0.0,0.0,0.0,0.0,0.0,0.0,0.0,0.0,0.0,nan,nan,4.18391502276176,2.9347247324575156,nan,0.3958,0.063,0.0,0.0,0.0,0.0,0.0,0.0,0.0,0.0,0.0,0.0,0.0,0.0,0.0,0.0,1.0006003602161296e-05,0.0,0.0,0.0,0.0,0.0,0.0,2.0012007204322592e-05,0.0,0.0037322393436061635,0.0005803482089253552,0.004612767660596357,0.0013207924754852912,0.02074244546728037,0.013978387032219331,0.003331999199519712,0.004402641584950971,0.0267060236141685,0.03865319191514909,0.04572743646187712,0.07938763257954773,0.05339203522113268,0.07204322593556134,0.04339603762257355,0.05252151290774465,0.04067440464278567,0.060216129677806686,0.10313187912747648,0.04213528116870122,0.036371823093856316,0.019151490894536723,0.026665999599759856,0.031308785271162695,0.039423654192515506,0.05030018010806484,0.019841905143085852,0.02168300980588353,0.011857114268561137,0.012607564538723234,0.011396838102861717,0.004922953772263358,4.0024014408645184e-05,0.002761656994196518,0.0,0.0009405643386031619,1.0006003602161296e-05,0.0,0.0,0.0,0.0,0.0,0.0,0.0,0.0,0.0,0.0,0.0,0.0,0.0,0.0,0.0,0.0,0.0,0.0,0.0,0.0,0.0,0.0,0.0,0.0,0.0,0.0,0.0,0.0,0.0,0.0,0.0,0.0,0.0,0.0,0.0,0.0,0.0,0.0,0.0,0.0,0.0,nan,nan,4.18391502276176,2.9347247324575156,nan,0.9455423133073486,0.02334147108656908,0.0,0.0,0.0,0.0,0.0,0.0,0.0,0.0,0.0,0.0,0.0,0.0,0.0,0.0,0.0,0.0,0.0,0.0,0.0,0.0,0.0,0.0,0.0,0.0,0.0,0.0,0.7638072855464162,8.28437132784959,15.334900117508816,5.616921269095184,0.9462931361506691,0.023684834263745153,0.0,0.0,0.0,0.0,0.0,0.0,0.0,0.0,0.0,0.0,0.0,0.0,0.0,0.0,0.0,0.0,0.0,0.0,0.0,0.0,0.0,0.0,0.0,0.0,0.0,0.0,0.8101472995090018,8.04009819967267,15.196399345335518,5.953355155482816,0.3955,0.01209,0.0,0.0,0.0,0.0,0.0,0.0,0.0,0.0,0.0,0.0,0.2467685076380729,19.36545240893064,10.364277320799063,0.023501762632197422,0.0,0.0,0.0,0.0,0.0,0.0,0.0,0.0,0.0,0.0,0.0,0.0,0.0,0.0,0.0,0.0,0.3958,0.012474,0.0,0.0,0.0,0.0,0.0,0.0,0.0,0.0,0.0,0.0,0.2700490998363339,18.903436988543344,10.78968903436989,0.03682487725040917,0.0,0.0,0.0,0.0,0.0,0.0,0.0,0.0,0.0,0.0,0.0,0.0,0.0,0.0,0.0,0.0
89100,4744,2434,0.5130691399662732,1165,999,0.45615514333895446,1346,0.5674536256323778,0.39799999999999996,2.8285714285714287,3.018278679030798,6.295638126009693,2.2244413442314124,9416.588859741329,1523.2489337258821,7853.0,10924.540340662003,10900.520768534456,7.375890859410673,7853.0,0.0,27.7681281618887,20.708859442198357,32.72649572649573,18.935632463957,0.1391231028667791,0.10096964586846544,0.08979763912310287,0.09000843170320405,0.07904721753794267,0.07630691399662731,0.07040472175379427,0.06618887015177066,0.06112984822934233,0.056281618887015175,0.04447723440134907,0.036045531197301854,0.02887858347386172,0.02782462057335582,0.017284991568296795,0.00990725126475548,0.006323777403035413,0.9452568909269561,0.023643592429576272,0.0,0.0,0.0,0.0,0.0,0.0,0.0,0.0,0.0,0.0,0.0,0.0,0.0,0.0,0.0,0.0,0.0,0.0,0.0,0.0,0.0,0.0,0.0,0.0,0.0,0.01264755480607083,0.8347386172006748,8.353709949409783,15.145446880269818,5.653456998313661,4.171400587659158,2.863929861434706,nan,nan,nan,4.171612903225807,2.83029132978328,4.171183079973562,2.8979861255358546,0.9998969647322952,0.3958,0.01236,0.0,0.0,0.0,0.0,0.0,0.0,0.0,0.0,0.0,0.0,0.2655986509274874,18.857504215851574,10.82630691399663,0.05059021922428332,0.0,0.0,0.0,0.0,0.0,0.0,0.0,0.0,0.0,0.0,0.0,0.0,0.0,0.0,0.0,0.0,nan,nan,4.171400587659158,2.863929861434706,nan,0.3958,0.06287,0.0,0.0,0.0,0.0,0.0,0.0,0.0,0.0,0.0,0.0,0.0,0.0,0.0,0.0,0.0,0.0,0.0,0.0,0.0,0.0,0.0,0.0,0.0,0.004279089376053963,0.00034780775716694774,0.004279089376053963,0.0011698988195615514,0.020130691399662733,0.013659359190556492,0.0032145868465430017,0.004510961214165261,0.02691821247892074,0.038416947723440134,0.04643760539629005,0.07874156829679595,0.05376264755480607,0.07175379426644182,0.046827571669477236,0.05229763912310287,0.04103077571669477,0.05709317032040472,0.10062183811129848,0.04396079258010118,0.034506745362563235,0.019361298482293423,0.02615935919055649,0.03115514333895447,0.042221753794266445,0.05079047217537943,0.021311129848229343,0.023745784148397977,0.010971753794266442,0.01022344013490725,0.010940134907251264,0.005807335581787521,0.0,0.0024557335581787522,0.0,0.0008958684654300169,0.0,0.0,0.0,0.0,0.0,0.0,0.0,0.0,0.0,0.0,0.0,0.0,0.0,0.0,0.0,0.0,0.0,0.0,0.0,0.0,0.0,0.0,0.0,0.0,0.0,0.0,0.0,0.0,0.0,0.0,0.0,0.0,0.0,0.0,0.0,0.0,0.0,0.0,0.0,0.0,0.0,0.0,nan,nan,4.171400587659158,2.863929861434706,nan,0.9454900425726406,0.023531130879886578,0.0,0.0,0.0,0.0,0.0,0.0,0.0,0.0,0.0,0.0,0.0,0.0,0.0,0.0,0.0,0.0,0.0,0.0,0.0,0.0,0.0,0.0,0.0,0.0,0.0,0.024650780608052595,0.8381265406737882,8.294987674609697,15.160230073952345,5.682004930156123,0.9450112237816766,0.02375903963478933,0.0,0.0,0.0,0.0,0.0,0.0,0.0,0.0,0.0,0.0,0.0,0.0,0.0,0.0,0.0,0.0,0.0,0.0,0.0,0.0,0.0,0.0,0.0,0.0,0.0,0.0,0.8311688311688313,8.415584415584417,15.129870129870133,5.623376623376625,0.3958,0.01236,0.0,0.0,0.0,0.0,0.0,0.0,0.0,0.0,0.0,0.0,0.2958093672966311,19.018077239112547,10.649137222678721,0.03697617091207889,0.0,0.0,0.0,0.0,0.0,0.0,0.0,0.0,0.0,0.0,0.0,0.0,0.0,0.0,0.0,0.0,0.396,0.012344,0.0,0.0,0.0,0.0,0.0,0.0,0.0,0.0,0.0,0.0,0.23376623376623382,18.68831168831166,11.012987012987017,0.06493506493506494,0.0,0.0,0.0,0.0,0.0,0.0,0.0,0.0,0.0,0.0,0.0,0.0,0.0,0.0,0.0,0.0
89200,4589,2305,0.502288080191763,1103,952,0.44780998038788405,1321,0.5757245587273916,0.41,3.0065674255691768,3.114348852947128,6.582701062215478,2.1215859988210255,9383.863572688424,1523.8834237377262,7853.0,10924.199993491173,10900.780015213526,7.541133692270377,7853.0,0.0,27.842885160165615,20.746326184737836,32.803116883116886,18.964414814227162,0.14142514709086948,0.09348441926345609,0.09370233166267161,0.0908694704728699,0.08977990847679233,0.07016779254739594,0.06297668337328394,0.06363042057093049,0.058182610590542604,0.05774678579211157,0.04619742863368926,0.04380039224231859,0.030725648289387668,0.02157332752233602,0.02070167792547396,0.008280671170189585,0.006755284375680976,0.9460705131792404,0.023397687282846778,0.0,0.0,0.0,0.0,0.0,0.0,0.0,0.0,0.0,0.0,0.0,0.0,0.0,0.0,0.0,0.0,0.0,0.0,0.0,0.0,0.0,0.0,0.0,0.0,0.0,0.0065373719764654625,0.6537371976465461,8.446284593593377,15.120941381564615,5.772499455219004,4.348633142085724,2.8496384696016257,nan,nan,nan,4.36682725395733,2.8735068025944543,4.33112582781457,2.826370274961727,0.9918244015468196,0.396,0.012665,0.0,0.0,0.0,0.0,0.0,0.0,0.0,0.0,0.0,0.0,0.32033122684680765,18.363477881891455,11.283504031379389,0.032686859882327314,0.0,0.0,0.0,0.0,0.0,0.0,0.0,0.0,0.0,0.0,0.0,0.0,0.0,0.0,0.0,0.0,nan,nan,4.348633142085724,2.8496384696016257,nan,0.396,0.06287,0.0,0.0,0.0,0.0,0.0,0.0,0.0,0.0,0.0,0.0,0.0,0.0,0.0,0.0,0.0,0.0,0.0,0.0,0.0,0.0,0.0,0.0,0.0,0.004587056003486598,0.00019612115929396382,0.003235999128350403,0.0008607539769012857,0.02005883634778819,0.014349531488341687,0.002527783830899978,0.00496840270211375,0.025866201786881673,0.03987796905643931,0.045946829374591415,0.07671606014382218,0.05370451078666376,0.0756700806275877,0.047439529309217694,0.052298975811723686,0.04226410982784921,0.05614512965787753,0.09751579864894312,0.04203530180867291,0.03386358683809109,0.01860971889300501,0.027064719982567008,0.03153192416648507,0.044377860100239704,0.05297450424929179,0.020113314447592068,0.024112006973196775,0.010852037480932665,0.009915014164305949,0.011102636740030508,0.0064066245369361514,1.0895619960775769e-05,0.0020483765526258446,2.1791239921551537e-05,0.0007300065373719765,0.0,0.0,0.0,0.0,0.0,0.0,0.0,0.0,0.0,0.0,0.0,0.0,0.0,0.0,0.0,0.0,0.0,0.0,0.0,0.0,0.0,0.0,0.0,0.0,0.0,0.0,0.0,0.0,0.0,0.0,0.0,0.0,0.0,0.0,0.0,0.0,0.0,0.0,0.0,0.0,0.0,0.0,nan,nan,4.348633142085724,2.8496384696016257,nan,0.9458624100736838,0.023789602815541183,0.0,0.0,0.0,0.0,0.0,0.0,0.0,0.0,0.0,0.0,0.0,0.0,0.0,0.0,0.0,0.0,0.0,0.0,0.0,0.0,0.0,0.0,0.0,0.0,0.0,0.0,0.7418655097613884,8.537960954446856,14.785249457700655,5.9349240780911074,0.9462805296671161,0.022993487997891804,0.0,0.0,0.0,0.0,0.0,0.0,0.0,0.0,0.0,0.0,0.0,0.0,0.0,0.0,0.0,0.0,0.0,0.0,0.0,0.0,0.0,0.0,0.0,0.0,0.0,0.013134851138353769,0.564798598949212,8.353765323992997,15.459719789842385,5.608581436077059,0.3962,0.01253,0.0,0.0,0.0,0.0,0.0,0.0,0.0,0.0,0.0,0.0,0.2733188720173536,18.351409978308002,11.323210412147509,0.05206073752711498,0.0,0.0,0.0,0.0,0.0,0.0,0.0,0.0,0.0,0.0,0.0,0.0,0.0,0.0,0.0,0.0,0.396,0.0128,0.0,0.0,0.0,0.0,0.0,0.0,0.0,0.0,0.0,0.0,0.3677758318739055,18.37565674255689,11.243432574430827,0.013134851138353769,0.0,0.0,0.0,0.0,0.0,0.0,0.0,0.0,0.0,0.0,0.0,0.0,0.0,0.0,0.0,0.0
89300,4739,2417,0.510023211648027,1148,970,0.4469297320109728,1349,0.5693184216079341,0.40599999999999997,2.9375538329026702,3.097048225545894,6.640866873065016,2.121933633388736,9407.388285971463,1523.5436299764324,7853.0,10928.06691455841,10900.68145933751,7.379751882857595,7853.0,0.0,27.924878666385315,21.07028229802412,33.00555415299167,19.320833101122805,0.1415910529647605,0.10149820637265246,0.09179151719772104,0.08651614264612788,0.08250685798691706,0.07216712386579448,0.06984595906309347,0.06309347963705424,0.06309347963705424,0.04747837096433847,0.044102131251318843,0.04093690652036294,0.029964127453049168,0.024688752901456005,0.019624393331926566,0.01266089892382359,0.00844059928254906,0.9453067583458211,0.023231904085533252,0.0,0.0,0.0,0.0,0.0,0.0,0.0,0.0,0.0,0.0,0.0,0.0,0.0,0.0,0.0,0.0,0.0,0.0,0.0,0.0,0.0,0.0,0.0,0.0,0.0,0.012660898923823594,0.7976366322008864,8.235914749947248,15.21840050643596,5.735387212492088,4.29627207325049,2.878711100522779,nan,nan,nan,4.315926892950392,2.8287838154498344,4.2780327868852455,2.928224897118619,0.9912199379171499,0.3958,0.01271,0.0,0.0,0.0,0.0,0.0,0.0,0.0,0.0,0.0,0.0,0.2025743827811775,18.693817261025504,11.052964760497998,0.05064359569529438,0.0,0.0,0.0,0.0,0.0,0.0,0.0,0.0,0.0,0.0,0.0,0.0,0.0,0.0,0.0,0.0,nan,nan,4.29627207325049,2.878711100522779,nan,0.3958,0.06223,0.0,0.0,0.0,0.0,0.0,0.0,0.0,0.0,0.0,0.0,0.0,0.0,0.0,0.0,0.0,0.0,0.0,0.0,0.0,0.0,0.0,0.0,1.0550749103186326e-05,0.004241401139480903,0.00021101498206372652,0.0032074277273686433,0.0006013926988816206,0.018906942392909895,0.01372652458324541,0.0024055707955264825,0.0046423296054019835,0.02506857986917071,0.04122177674614898,0.047140746993036504,0.07672504747837096,0.05372441443342477,0.07803334036716607,0.048807765351339946,0.0529331082506858,0.041823169445030596,0.056984595906309346,0.0978370964338468,0.041337834986284024,0.032644017725258496,0.018136737708377294,0.026672293732855033,0.02997467820215235,0.04485123443764507,0.055475838784553706,0.02022578603080819,0.0231483435323908,0.01137370753323486,0.00890483224308926,0.011078286558345642,0.006045579236125765,3.165224730955898e-05,0.0015087571217556447,8.44059928254906e-05,0.00025321797847647186,0.0,0.0,0.0,0.0,0.0,0.0,0.0,0.0,0.0,0.0,0.0,0.0,0.0,0.0,0.0,0.0,0.0,0.0,0.0,0.0,0.0,0.0,0.0,0.0,0.0,0.0,0.0,0.0,0.0,0.0,0.0,0.0,0.0,0.0,0.0,0.0,0.0,0.0,0.0,0.0,0.0,0.0,nan,nan,4.29627207325049,2.878711100522779,nan,0.945786600473946,0.02315146361324949,0.0,0.0,0.0,0.0,0.0,0.0,0.0,0.0,0.0,0.0,0.0,0.0,0.0,0.0,0.0,0.0,0.0,0.0,0.0,0.0,0.0,0.0,0.0,0.0,0.0,0.012412081092263138,0.8316094331816303,7.782374844848988,15.527513446421187,5.846090194455939,0.944807284433815,0.023304848747557134,0.0,0.0,0.0,0.0,0.0,0.0,0.0,0.0,0.0,0.0,0.0,0.0,0.0,0.0,0.0,0.0,0.0,0.0,0.0,0.0,0.0,0.0,0.0,0.0,0.0,0.012919896640826876,0.7622739018087857,8.708010335917315,14.896640826873389,5.620155038759692,0.396,0.01268,0.0,0.0,0.0,0.0,0.0,0.0,0.0,0.0,0.0,0.0,0.24824162184526277,18.394704178733942,11.294993793959456,0.06206040546131569,0.0,0.0,0.0,0.0,0.0,0.0,0.0,0.0,0.0,0.0,0.0,0.0,0.0,0.0,0.0,0.0,0.3958,0.01275,0.0,0.0,0.0,0.0,0.0,0.0,0.0,0.0,0.0,0.0,0.1550387596899225,19.0051679586563,10.801033591731269,0.03875968992248063,0.0,0.0,0.0,0.0,0.0,0.0,0.0,0.0,0.0,0.0,0.0,0.0,0.0,0.0,0.0,0.0
89400,4581,2423,0.528923815760751,1134,930,0.45055664702030124,1273,0.5557738485046932,0.40599999999999997,3.0032437442075994,3.096006074215685,6.5542949756888165,2.1985818024723947,9465.110522253404,1521.4107904074583,7853.0,10927.44357764721,10900.906852019334,7.3304700592435506,7853.0,0.0,28.452957869460818,21.151541618008643,33.46445251686559,19.312352296345612,0.14079895219384414,0.091683038637852,0.08797205850251037,0.08971840209561231,0.08185985592665357,0.07509277450338354,0.06548788474132286,0.0683256930801135,0.05893909626719057,0.051735428945645055,0.04824274175944117,0.03798297314996726,0.0351451648111766,0.02532198209997817,0.0213927090154988,0.011569526304300371,0.008731717965509714,0.9458885154227611,0.023368762103567614,0.0,0.0,0.0,0.0,0.0,0.0,0.0,0.0,0.0,0.0,0.0,0.0,0.0,0.0,0.0,0.0,0.0,0.0,0.0,0.0,0.0,0.0,0.0,0.0,0.0,0.01964636542239686,0.8513425016371973,7.806155861165686,15.474787164374593,5.848068107400133,4.216984286191909,2.9079363842419617,nan,nan,nan,4.172086720867209,2.8816175134522113,4.258256274768824,2.932082568406968,1.0206538261706373,0.396,0.0122,0.0,0.0,0.0,0.0,0.0,0.0,0.0,0.0,0.0,0.0,0.2423051735428946,18.899803536345747,10.785854616895877,0.07203667321545515,0.0,0.0,0.0,0.0,0.0,0.0,0.0,0.0,0.0,0.0,0.0,0.0,0.0,0.0,0.0,0.0,nan,nan,4.216984286191909,2.9079363842419617,nan,0.396,0.06223,0.0,0.0,0.0,0.0,0.0,0.0,0.0,0.0,0.0,0.0,0.0,0.0,0.0,0.0,0.0,0.0,0.0,0.0,0.0,0.0,0.0,0.0,3.2743942370661426e-05,0.004551407989521939,0.00012006112202575857,0.002008295132067234,0.00042567125081859855,0.019690024012224406,0.013643309321108929,0.0028268936913337698,0.004791530233573455,0.027319362584588516,0.04013315869897403,0.04654005675616678,0.07638070290329622,0.0514407334643091,0.07806155861165684,0.04931237721021611,0.053470857891290115,0.04016590264134468,0.05760750927745034,0.10111329404060249,0.04258895437677363,0.030964854835188824,0.016819471731063088,0.02669722767954595,0.029305828421741977,0.04602706832569308,0.05569744597249509,0.020639598340973588,0.022211307574765336,0.012431783453394456,0.007836716874044969,0.011351233355162629,0.006090373280943025,2.1829294913774286e-05,0.0011351233355162628,0.00012006112202575857,0.00030561012879284,0.00012006112202575857,0.0,0.0,0.0,0.0,0.0,0.0,0.0,0.0,0.0,0.0,0.0,0.0,0.0,0.0,0.0,0.0,0.0,0.0,0.0,0.0,0.0,0.0,0.0,0.0,0.0,0.0,0.0,0.0,0.0,0.0,0.0,0.0,0.0,0.0,0.0,0.0,0.0,0.0,0.0,0.0,0.0,nan,nan,4.216984286191909,2.9079363842419617,nan,0.9464618274361646,0.023202663568126107,0.0,0.0,0.0,0.0,0.0,0.0,0.0,0.0,0.0,0.0,0.0,0.0,0.0,0.0,0.0,0.0,0.0,0.0,0.0,0.0,0.0,0.0,0.0,0.0,0.0,0.02476269087907553,0.7800247626908793,7.577383408997113,15.538588526619895,6.079240610813043,0.9452448013317154,0.023537225306192983,0.0,0.0,0.0,0.0,0.0,0.0,0.0,0.0,0.0,0.0,0.0,0.0,0.0,0.0,0.0,0.0,0.0,0.0,0.0,0.0,0.0,0.0,0.0,0.0,0.0,0.0139017608897127,0.9314179796107509,8.063021316033366,15.403151065801671,5.588507877664505,0.396,0.01235,0.0,0.0,0.0,0.0,0.0,0.0,0.0,0.0,0.0,0.0,0.2228642179116798,18.832026413536912,10.846058605035083,0.09905076351630213,0.0,0.0,0.0,0.0,0.0,0.0,0.0,0.0,0.0,0.0,0.0,0.0,0.0,0.0,0.0,0.0,0.3958,0.01203,0.0,0.0,0.0,0.0,0.0,0.0,0.0,0.0,0.0,0.0,0.2641334569045413,18.975903614457803,10.71825764596849,0.041705282669138095,0.0,0.0,0.0,0.0,0.0,0.0,0.0,0.0,0.0,0.0,0.0,0.0,0.0,0.0,0.0,0.0
89500,4414,2316,0.5246941549614862,1026,899,0.43611236973266876,1228,0.5564114182147711,0.434,3.0357483317445184,3.124240145950791,6.65593220338983,2.1578214992260745,9452.10884787209,1521.9979625840167,7853.0,10927.49096274376,10900.697087438433,7.243169736046962,7853.0,0.0,27.863615768010874,20.981100826943354,32.80545062061522,19.272975368971444,0.14023561395559583,0.10240144993203444,0.09288627095604894,0.09220661531490712,0.07974626189397371,0.07068418667874943,0.06592659719075668,0.061169007702763935,0.05777072949705483,0.055505210693248756,0.04666968735840508,0.04168554599003172,0.034435885817852285,0.021522428636157682,0.016311735387403714,0.013140009062075216,0.007702763932940644,0.9460100536979482,0.023242041749001893,0.0,0.0,0.0,0.0,0.0,0.0,0.0,0.0,0.0,0.0,0.0,0.0,0.0,0.0,0.0,0.0,0.0,0.0,0.0,0.0,0.0,0.0,0.0,0.0,0.0,0.013593112822836434,0.8155867693701859,7.904395106479385,15.58450385138197,5.681921159945629,4.3366477272727275,2.928531882964618,nan,nan,nan,4.396700143472023,2.9022359189122393,4.277777777777778,2.9528976659753665,0.9729519044252279,0.3953,0.01218,0.0,0.0,0.0,0.0,0.0,0.0,0.0,0.0,0.0,0.0,0.20389669234254648,19.519710013593084,10.222020842772997,0.054372451291345734,0.0,0.0,0.0,0.0,0.0,0.0,0.0,0.0,0.0,0.0,0.0,0.0,0.0,0.0,0.0,0.0,nan,nan,4.3366477272727275,2.928531882964618,nan,0.3953,0.06213,0.0,0.0,0.0,0.0,0.0,0.0,0.0,0.0,0.0,0.0,0.0,0.0,0.0,0.0,0.0,0.0,0.0,0.0,0.0,0.0,0.0,0.0,0.0,0.004780244676030811,0.0002605346624376982,0.001971001359311282,0.00037381060262800184,0.020956048935206164,0.012131853194381514,0.0034888989578613504,0.00474626189397372,0.02524920706841867,0.041900770276393294,0.04815360217489805,0.07920253738106026,0.04776846397825102,0.07850022655188038,0.04981875849569552,0.050192569098323515,0.0427616674218396,0.058756230176710465,0.10485953783416402,0.04295423652016312,0.030154055278658814,0.01771635704576348,0.027095604893520617,0.02842093339374717,0.04332804712279112,0.05256003624830086,0.02025373810602628,0.021658359764386046,0.011848663343905755,0.007714091526959674,0.012720888083371093,0.005743090167648392,5.663797009515179e-05,0.0010194834617127321,0.00014725872224739464,0.00041912097870412326,0.00031717263253285,0.0,0.0,0.0,0.0,0.0,0.0,0.0,0.0,0.0,0.0,0.0,0.0,0.0,0.0,0.0,0.0,0.0,0.0,0.0,0.0,0.0,0.0,0.0,0.0,0.0,0.0,0.0,0.0,0.0,0.0,0.0,0.0,0.0,0.0,0.0,0.0,0.0,0.0,0.0,0.0,0.0,nan,nan,4.3366477272727275,2.928531882964618,nan,0.946053733093751,0.02329853274785153,0.0,0.0,0.0,0.0,0.0,0.0,0.0,0.0,0.0,0.0,0.0,0.0,0.0,0.0,0.0,0.0,0.0,0.0,0.0,0.0,0.0,0.0,0.0,0.0,0.0,0.0,0.8160621761658033,8.044041450777204,15.427461139896376,5.712435233160623,0.9459618356423337,0.023179425397613307,0.0,0.0,0.0,0.0,0.0,0.0,0.0,0.0,0.0,0.0,0.0,0.0,0.0,0.0,0.0,0.0,0.0,0.0,0.0,0.0,0.0,0.0,0.0,0.0,0.0,0.028598665395614876,0.815061963775024,7.750238322211632,15.757864632983798,5.648236415633938,0.3958,0.01223,0.0,0.0,0.0,0.0,0.0,0.0,0.0,0.0,0.0,0.0,0.20725388601036274,19.209844559585463,10.518134715025909,0.06476683937823835,0.0,0.0,0.0,0.0,0.0,0.0,0.0,0.0,0.0,0.0,0.0,0.0,0.0,0.0,0.0,0.0,0.395,0.01209,0.0,0.0,0.0,0.0,0.0,0.0,0.0,0.0,0.0,0.0,0.20019065776930414,19.8617731172545,9.895138226882747,0.04289799809342231,0.0,0.0,0.0,0.0,0.0,0.0,0.0,0.0,0.0,0.0,0.0,0.0,0.0,0.0,0.0,0.0
89600,4415,2244,0.5082672706681767,1060,923,0.4491506228765572,1260,0.5707814269535674,0.434,3.0115154306771075,3.1215740955204856,6.646964856230032,2.1630720201278835,9401.852032770077,1523.4598664759133,7853.0,10927.395862340927,10900.31805912651,7.3974854674246835,7853.0,0.0,28.125481313703283,21.08520428983023,33.15559157212318,19.311112478795234,0.13975084937712345,0.10169875424688561,0.08607021517553794,0.08584371460928653,0.089920724801812,0.07338618346545867,0.061834654586636464,0.06636466591166477,0.05889014722536806,0.04869762174405436,0.04575311438278596,0.04144960362400906,0.03737259343148358,0.025821064552661383,0.018346545866364666,0.011325028312570781,0.007474518686296716,0.9457886918349823,0.023138614113025213,0.0,0.0,0.0,0.0,0.0,0.0,0.0,0.0,0.0,0.0,0.0,0.0,0.0,0.0,0.0,0.0,0.0,0.0,0.0,0.0,0.0,0.0,0.0,0.0,0.0,0.0,0.7338618346545869,7.92298980747452,15.76443941109853,5.578708946772369,4.287156282631396,2.8774781124785176,nan,nan,nan,4.306620209059234,2.8477128310196522,4.267919276270007,2.9077501937116192,0.9910136183571941,0.396,0.01241,0.0,0.0,0.0,0.0,0.0,0.0,0.0,0.0,0.0,0.0,0.24462061155152892,18.67950169875422,11.007927519818802,0.0679501698754247,0.0,0.0,0.0,0.0,0.0,0.0,0.0,0.0,0.0,0.0,0.0,0.0,0.0,0.0,0.0,0.0,nan,nan,4.287156282631396,2.8774781124785176,nan,0.396,0.06213,0.0,0.0,0.0,0.0,0.0,0.0,0.0,0.0,0.0,0.0,0.0,0.0,0.0,0.0,0.0,0.0,0.0,0.0,0.0,0.0,0.0,0.0,1.1325028312570781e-05,0.004824462061155153,0.00022650056625141563,0.0015968289920724802,0.0005775764439411099,0.020815402038505095,0.010679501698754246,0.003306908267270668,0.005062287655719139,0.024609286523216308,0.04292185730464326,0.05130237825594564,0.07520951302378256,0.046172140430351075,0.07660249150622876,0.05355605889014722,0.048221970554926386,0.04252548131370328,0.058935447338618344,0.10814269535673839,0.04084937712344281,0.029082672706681766,0.017463193657984145,0.027010192525481314,0.03137032842582106,0.04548131370328426,0.050124575311438276,0.02175537938844847,0.020928652321630804,0.011370328425821065,0.007361268403171008,0.013612684031710079,0.006319365798414496,0.000260475651189128,0.0011891279728199321,2.2650056625141562e-05,0.0003737259343148358,0.0001245753114382786,0.0,0.0,0.0,0.0,0.0,0.0,0.0,0.0,0.0,0.0,0.0,0.0,0.0,0.0,0.0,0.0,0.0,0.0,0.0,0.0,0.0,0.0,0.0,0.0,0.0,0.0,0.0,0.0,0.0,0.0,0.0,0.0,0.0,0.0,0.0,0.0,0.0,0.0,0.0,0.0,0.0,nan,nan,4.287156282631396,2.8774781124785176,nan,0.9448053973084465,0.023362967453892373,0.0,0.0,0.0,0.0,0.0,0.0,0.0,0.0,0.0,0.0,0.0,0.0,0.0,0.0,0.0,0.0,0.0,0.0,0.0,0.0,0.0,0.0,0.0,0.0,0.0,0.0,0.8823529411764708,8.24866310160428,15.508021390374335,5.360962566844921,0.946805049696588,0.022859998085384997,0.0,0.0,0.0,0.0,0.0,0.0,0.0,0.0,0.0,0.0,0.0,0.0,0.0,0.0,0.0,0.0,0.0,0.0,0.0,0.0,0.0,0.0,0.0,0.0,0.0,0.0,0.5803777061262092,7.586365730078307,16.0294795025334,5.8037770612620925,0.3958,0.01231,0.0,0.0,0.0,0.0,0.0,0.0,0.0,0.0,0.0,0.0,0.22727272727272732,18.67647058823527,11.056149732620325,0.04010695187165776,0.0,0.0,0.0,0.0,0.0,0.0,0.0,0.0,0.0,0.0,0.0,0.0,0.0,0.0,0.0,0.0,0.3962,0.01252,0.0,0.0,0.0,0.0,0.0,0.0,0.0,0.0,0.0,0.0,0.26255181943804706,18.682634730538897,10.958083832335332,0.09672961768770155,0.0,0.0,0.0,0.0,0.0,0.0,0.0,0.0,0.0,0.0,0.0,0.0,0.0,0.0,0.0,0.0
89700,4651,2396,0.5151580305310686,1106,965,0.44528058482046873,1328,0.5710599870995485,0.40599999999999997,3.023059866962306,3.0974419663288524,6.637209302325582,2.123733357744608,9422.990753682307,1523.10409965727,7853.0,10931.108674526215,10900.590565682975,7.379754850660045,7853.0,0.0,28.000430015050526,20.79737094893095,32.93118444614991,19.01663103647677,0.1388948613201462,0.0967533863685229,0.09180821328746507,0.08879810793377768,0.08428294990324661,0.07138249838744357,0.06858740055901956,0.0653622876800688,0.05697699419479682,0.055256933992689744,0.04966673833584175,0.03913136959793593,0.0326811438400344,0.026230918082132876,0.018060632122124276,0.009030316061062138,0.0070952483336916795,0.945653700618379,0.0234272765642352,0.0,0.0,0.0,0.0,0.0,0.0,0.0,0.0,0.0,0.0,0.0,0.0,0.0,0.0,0.0,0.0,0.0,0.0,0.0,0.0,0.0,0.0,0.0,0.0,0.0,0.019350677273704583,0.7869275424639864,8.140184906471728,15.486992044721568,5.566544829069019,4.299800796812749,2.8736264621525582,nan,nan,nan,4.296718017414602,2.8706839723393043,4.303030303030303,2.8774492415022106,1.0014690946881126,0.3958,0.01206,0.0,0.0,0.0,0.0,0.0,0.0,0.0,0.0,0.0,0.0,0.19350677273704583,19.028165985809476,10.733175661148143,0.0451515803053107,0.0,0.0,0.0,0.0,0.0,0.0,0.0,0.0,0.0,0.0,0.0,0.0,0.0,0.0,0.0,0.0,nan,nan,4.299800796812749,2.8736264621525582,nan,0.3958,0.0622,0.0,0.0,0.0,0.0,0.0,0.0,0.0,0.0,0.0,0.0,0.0,0.0,0.0,0.0,0.0,0.0,0.0,0.0,0.0,0.0,1.075037626316921e-05,0.0,0.0,0.004536658783057407,0.00034401204042141474,0.0011180391313695979,0.0009567834874220597,0.021748011180391314,0.010610621371748011,0.0029133519673188563,0.004934422704794668,0.025360137604816167,0.04158245538593851,0.05312835949258224,0.07442485486992045,0.044592560739625885,0.07499462481186842,0.05622446785637497,0.048860460116104065,0.04348527198451946,0.061255643947538164,0.10568694904321652,0.043162760696624385,0.02709094818318641,0.016007310255858956,0.02627391958718555,0.03244463556224468,0.042840249408729304,0.05094603311115889,0.02162975704149645,0.02176951193291765,0.011943668028380993,0.0069447430660073105,0.013652977854224898,0.006299720490217158,0.00043001505052676843,0.0011610406364222748,1.075037626316921e-05,0.0004945173081057837,0.00012900451515803052,0.0,0.0,0.0,0.0,0.0,0.0,0.0,0.0,0.0,0.0,0.0,0.0,0.0,0.0,0.0,0.0,0.0,0.0,0.0,0.0,0.0,0.0,0.0,0.0,0.0,0.0,0.0,0.0,0.0,0.0,0.0,0.0,0.0,0.0,0.0,0.0,0.0,0.0,0.0,0.0,0.0,nan,nan,4.299800796812749,2.8736264621525582,nan,0.9456479994452657,0.023591426688277538,0.0,0.0,0.0,0.0,0.0,0.0,0.0,0.0,0.0,0.0,0.0,0.0,0.0,0.0,0.0,0.0,0.0,0.0,0.0,0.0,0.0,0.0,0.0,0.0,0.0,0.025041736227045083,0.78881469115192,7.900667779632723,15.738731218697833,5.546744574290486,0.9456597582728266,0.023251591197697048,0.0,0.0,0.0,0.0,0.0,0.0,0.0,0.0,0.0,0.0,0.0,0.0,0.0,0.0,0.0,0.0,0.0,0.0,0.0,0.0,0.0,0.0,0.0,0.0,0.0,0.01330376940133038,0.7849223946784925,8.39467849223947,15.219512195121954,5.58758314855876,0.3958,0.01199,0.0,0.0,0.0,0.0,0.0,0.0,0.0,0.0,0.0,0.0,0.22537562604340572,19.044240400667753,10.705342237061773,0.025041736227045083,0.0,0.0,0.0,0.0,0.0,0.0,0.0,0.0,0.0,0.0,0.0,0.0,0.0,0.0,0.0,0.0,0.396,0.01213,0.0,0.0,0.0,0.0,0.0,0.0,0.0,0.0,0.0,0.0,0.15964523281596454,19.01108647450108,10.762749445676276,0.0665188470066519,0.0,0.0,0.0,0.0,0.0,0.0,0.0,0.0,0.0,0.0,0.0,0.0,0.0,0.0,0.0,0.0
89800,4479,2335,0.5213217235990176,1108,914,0.4514400535833891,1258,0.5617325295824961,0.426,3.0625,3.1404933095951564,6.72258064516129,2.073754531375298,9441.596215059313,1522.247120505837,7853.0,10927.285076975822,10900.247300749748,7.419996249568363,7853.0,0.0,28.15048001786113,20.843126931189918,32.94347596407818,19.10251145703815,0.13619111408796605,0.09801294931904443,0.08908238446081715,0.09220808216119669,0.08171466845277964,0.07256083947309667,0.06943514177271712,0.06965840589417281,0.05782540745702166,0.04956463496316142,0.049118106720250056,0.03996427774056709,0.035052467068542086,0.02344273275284662,0.015851752623353428,0.01183299843715115,0.008484036615315918,0.94420530402679,0.02348855252677864,0.0,0.0,0.0,0.0,0.0,0.0,0.0,0.0,0.0,0.0,0.0,0.0,0.0,0.0,0.0,0.0,0.0,0.0,0.0,0.0,0.0,0.0,0.0,0.0,0.0,0.02009377093101139,0.8640321500334899,8.841259209645012,15.103817816476896,5.170797052913597,4.247507734616707,2.927201667396255,nan,nan,nan,4.248442906574394,2.9286567650430433,4.248803827751196,2.9255322884349972,1.0000849537547611,0.3958,0.01246,0.0,0.0,0.0,0.0,0.0,0.0,0.0,0.0,0.0,0.0,0.2210314802411253,19.062290689886108,10.656396517079706,0.06028131279303417,0.0,0.0,0.0,0.0,0.0,0.0,0.0,0.0,0.0,0.0,0.0,0.0,0.0,0.0,0.0,0.0,nan,nan,4.247507734616707,2.927201667396255,nan,0.3958,0.06186,0.0,0.0,0.0,0.0,0.0,0.0,0.0,0.0,0.0,0.0,0.0,0.0,0.0,0.0,0.0,0.0,0.0,0.0,0.0,0.0,0.0,0.0,0.0,0.0036280419736548337,0.0005135074793480688,0.0011163206072784104,0.0013842375530252289,0.020551462379995535,0.009633846840812681,0.0031703505246706855,0.003661531591873186,0.027294038847957135,0.04302299620450994,0.0558271935699933,0.07637865594998884,0.04329091315025675,0.07326412145568208,0.05636302746148694,0.045088189327974995,0.04421745925429783,0.061185532484929674,0.10550346059388256,0.04598124581379772,0.027461486939048894,0.015673141326188883,0.02544094663987497,0.03408126814020987,0.042319714221924536,0.052054029917392275,0.020852868943960705,0.022594329091315025,0.010392944853762,0.0060727841035945525,0.013686090645233311,0.005838356776066086,0.00032373297611073903,0.001406563965170797,0.0,0.0006363027461486939,8.930564858227282e-05,0.0,0.0,0.0,0.0,0.0,0.0,0.0,0.0,0.0,0.0,0.0,0.0,0.0,0.0,0.0,0.0,0.0,0.0,0.0,0.0,0.0,0.0,0.0,0.0,0.0,0.0,0.0,0.0,0.0,0.0,0.0,0.0,0.0,0.0,0.0,0.0,0.0,0.0,0.0,0.0,0.0,nan,nan,4.247507734616707,2.927201667396255,nan,0.944327005456806,0.02318798632225665,0.0,0.0,0.0,0.0,0.0,0.0,0.0,0.0,0.0,0.0,0.0,0.0,0.0,0.0,0.0,0.0,0.0,0.0,0.0,0.0,0.0,0.0,0.0,0.0,0.0,0.012847965738758033,0.7580299785867239,8.81370449678801,15.327623126338333,5.087794432548181,0.9440727607249769,0.023810871702329185,0.0,0.0,0.0,0.0,0.0,0.0,0.0,0.0,0.0,0.0,0.0,0.0,0.0,0.0,0.0,0.0,0.0,0.0,0.0,0.0,0.0,0.0,0.0,0.0,0.0,0.02798507462686568,0.9794776119402987,8.871268656716419,14.860074626865675,5.261194029850747,0.3958,0.01275,0.0,0.0,0.0,0.0,0.0,0.0,0.0,0.0,0.0,0.0,0.2441113490364026,18.770877944325452,10.920770877944328,0.06423982869379016,0.0,0.0,0.0,0.0,0.0,0.0,0.0,0.0,0.0,0.0,0.0,0.0,0.0,0.0,0.0,0.0,0.3958,0.01213,0.0,0.0,0.0,0.0,0.0,0.0,0.0,0.0,0.0,0.0,0.19589552238805977,19.379664179104452,10.368470149253733,0.05597014925373136,0.0,0.0,0.0,0.0,0.0,0.0,0.0,0.0,0.0,0.0,0.0,0.0,0.0,0.0,0.0,0.0
89900,4710,2449,0.5199575371549894,1146,957,0.4464968152866242,1297,0.5507430997876858,0.41,2.917293233082707,3.048446638216467,6.546474358974359,2.032055705527823,9437.460438156204,1522.4389868480812,7853.0,10925.359227776527,10900.288143616055,7.3174986225044965,7853.0,0.0,27.852653927813165,20.822491829576034,32.917237877633916,19.003687590921416,0.14373673036093418,0.09893842887473461,0.09065817409766454,0.08365180467091295,0.08131634819532908,0.0791932059447983,0.07154989384288747,0.05796178343949045,0.05881104033970276,0.04777070063694268,0.046921443736730364,0.04394904458598726,0.03800424628450106,0.02802547770700637,0.014012738853503185,0.010403397027600849,0.005095541401273885,0.9439174305861163,0.02341457223048595,0.0,0.0,0.0,0.0,0.0,0.0,0.0,0.0,0.0,0.0,0.0,0.0,0.0,0.0,0.0,0.0,0.0,0.0,0.0,0.0,0.0,0.0,0.0,0.0,0.0,0.006369426751592358,0.872611464968153,8.917197452229301,15.280254777070066,4.923566878980893,4.2229907773386035,2.919203785117678,nan,nan,nan,4.125164690382082,2.937896802322781,4.320816864295125,2.8970888785837903,1.0474289364420313,0.3962,0.012596,0.0,0.0,0.0,0.0,0.0,0.0,0.0,0.0,0.0,0.0,0.3184713375796179,18.197452229299333,11.445859872611468,0.038216560509554146,0.0,0.0,0.0,0.0,0.0,0.0,0.0,0.0,0.0,0.0,0.0,0.0,0.0,0.0,0.0,0.0,nan,nan,4.2229907773386035,2.919203785117678,nan,0.3962,0.0616,0.0,0.0,0.0,0.0,0.0,0.0,0.0,0.0,0.0,0.0,0.0,0.0,0.0,0.0,0.0,0.0,0.0,0.0,0.0,0.0,0.0,0.0,0.0,0.0028131634819532907,0.0005201698513800424,0.000743099787685775,0.001602972399150743,0.020371549893842888,0.008227176220806794,0.0028556263269639065,0.004363057324840765,0.0268895966029724,0.043057324840764334,0.05643312101910828,0.07315286624203822,0.0483864118895966,0.07234607218683652,0.05402335456475584,0.04617834394904458,0.044437367303609344,0.059830148619957536,0.10438428874734607,0.04549893842887474,0.028142250530785562,0.01735668789808917,0.026220806794055203,0.032791932059447984,0.0437791932059448,0.054150743099787686,0.022558386411889595,0.020095541401273884,0.010583864118895966,0.006072186836518047,0.013492569002123143,0.006072186836518047,0.0004246284501061571,0.0016560509554140127,1.0615711252653929e-05,0.0004670912951167728,1.0615711252653929e-05,0.0,0.0,0.0,0.0,0.0,0.0,0.0,0.0,0.0,0.0,0.0,0.0,0.0,0.0,0.0,0.0,0.0,0.0,0.0,0.0,0.0,0.0,0.0,0.0,0.0,0.0,0.0,0.0,0.0,0.0,0.0,0.0,0.0,0.0,0.0,0.0,0.0,0.0,0.0,0.0,0.0,nan,nan,4.2229907773386035,2.919203785117678,nan,0.9437912012811289,0.022987364387718322,0.0,0.0,0.0,0.0,0.0,0.0,0.0,0.0,0.0,0.0,0.0,0.0,0.0,0.0,0.0,0.0,0.0,0.0,0.0,0.0,0.0,0.0,0.0,0.0,0.0,0.012249897917517356,0.8697427521437323,8.832176398530013,15.532870559412007,4.7529603919967345,0.9440541557377812,0.02386792403300603,0.0,0.0,0.0,0.0,0.0,0.0,0.0,0.0,0.0,0.0,0.0,0.0,0.0,0.0,0.0,0.0,0.0,0.0,0.0,0.0,0.0,0.0,0.0,0.0,0.0,0.0,0.8757187085360462,9.009287925696595,15.006634232640428,5.108359133126935,0.3965,0.01241,0.0,0.0,0.0,0.0,0.0,0.0,0.0,0.0,0.0,0.0,0.24499795835034713,18.019599836668,11.710902409146593,0.024499795835034713,0.0,0.0,0.0,0.0,0.0,0.0,0.0,0.0,0.0,0.0,0.0,0.0,0.0,0.0,0.0,0.0,0.396,0.01278,0.0,0.0,0.0,0.0,0.0,0.0,0.0,0.0,0.0,0.0,0.39805395842547553,18.39009287925694,11.158779301194166,0.05307386112339674,0.0,0.0,0.0,0.0,0.0,0.0,0.0,0.0,0.0,0.0,0.0,0.0,0.0,0.0,0.0,0.0
90000,4514,2342,0.5188303057155517,1126,902,0.44926894107221976,1243,0.5507310589277803,0.426,2.976519337016575,3.093077466937566,6.46677471636953,2.218811895225635,9434.043989230982,1522.5902862284927,7853.0,10928.24027466774,10900.323897262448,7.365204782705393,7853.0,0.0,28.38701816570669,21.032692231483875,33.188170635959175,19.284639792647152,0.13602126716880816,0.10279131590607,0.08861320336730173,0.08351794417368189,0.08019494904740807,0.07155516171909615,0.07022596366858662,0.06468763845813026,0.06047851129818343,0.05582631812140009,0.04408506867523261,0.045857332742578645,0.035002215330084185,0.023482498892334957,0.01905183872396987,0.010412051395657953,0.00819672131147541,0.9439702010492756,0.02353959051194552,0.0,0.0,0.0,0.0,0.0,0.0,0.0,0.0,0.0,0.0,0.0,0.0,0.0,0.0,0.0,0.0,0.0,0.0,0.0,0.0,0.0,0.0,0.0,0.0,0.0,0.013291980505095263,0.9171466548515731,8.692955250332302,15.338945502879932,5.037660611431104,4.214529331514325,2.8817095650353215,nan,nan,nan,4.307535641547862,2.9253772195564474,4.120630568882796,2.8338462783259897,0.956609744360025,0.3965,0.0123,0.0,0.0,0.0,0.0,0.0,0.0,0.0,0.0,0.0,0.0,0.2126716880815242,18.23659725299067,11.517501107665046,0.03322995126273815,0.0,0.0,0.0,0.0,0.0,0.0,0.0,0.0,0.0,0.0,0.0,0.0,0.0,0.0,0.0,0.0,nan,nan,4.214529331514325,2.8817095650353215,nan,0.3965,0.06174,0.0,0.0,0.0,0.0,0.0,0.0,0.0,0.0,0.0,0.0,0.0,0.0,0.0,0.0,0.0,0.0,0.0,0.0,0.0,0.0,0.0,2.2153300841825433e-05,5.538325210456358e-05,0.0026030128489144882,0.00045414266725742134,0.000819672131147541,0.0014731945059813913,0.020336730172795747,0.008307487815684538,0.0034780682321665928,0.004142667257421356,0.029042977403633142,0.042357111209570225,0.05550509525919362,0.07250775365529463,0.04853788214443952,0.07042534337616305,0.05299069561364644,0.04839388568896766,0.04332077979618963,0.05937084625609216,0.10394328754984493,0.04561364643331856,0.02974080638015064,0.017766947275143996,0.02806823216659282,0.03132476739034116,0.041293752769162605,0.05447496677004874,0.02394771821001329,0.020646876384581302,0.011021267168808153,0.006047851129818343,0.013369517058041649,0.006335844040762074,0.0004319893664155959,0.001406734603455915,1.1076650420912716e-05,0.0004098360655737705,0.0,0.0,0.0,0.0,0.0,0.0,0.0,0.0,0.0,0.0,0.0,0.0,0.0,0.0,0.0,0.0,0.0,0.0,0.0,0.0,0.0,0.0,0.0,0.0,0.0,0.0,0.0,0.0,0.0,0.0,0.0,0.0,0.0,0.0,0.0,0.0,0.0,0.0,0.0,0.0,0.0,0.0,nan,nan,4.214529331514325,2.8817095650353215,nan,0.9437154346200567,0.023326677147663906,0.0,0.0,0.0,0.0,0.0,0.0,0.0,0.0,0.0,0.0,0.0,0.0,0.0,0.0,0.0,0.0,0.0,0.0,0.0,0.0,0.0,0.0,0.0,0.0,0.0,0.0,0.8710503842869345,8.915456874466269,15.397096498719046,4.8163962425277544,0.9442449077607079,0.023763971233880472,0.0,0.0,0.0,0.0,0.0,0.0,0.0,0.0,0.0,0.0,0.0,0.0,0.0,0.0,0.0,0.0,0.0,0.0,0.0,0.0,0.0,0.0,0.0,0.0,0.0,0.0276243093922652,0.966850828729282,8.45303867403315,15.276243093922655,5.276243093922653,0.3967,0.01234,0.0,0.0,0.0,0.0,0.0,0.0,0.0,0.0,0.0,0.0,0.17933390264731003,18.176771989752325,11.61827497865073,0.02561912894961572,0.0,0.0,0.0,0.0,0.0,0.0,0.0,0.0,0.0,0.0,0.0,0.0,0.0,0.0,0.0,0.0,0.3962,0.012245,0.0,0.0,0.0,0.0,0.0,0.0,0.0,0.0,0.0,0.0,0.2486187845303868,18.301104972375665,11.408839779005529,0.041436464088397795,0.0,0.0,0.0,0.0,0.0,0.0,0.0,0.0,0.0,0.0,0.0,0.0,0.0,0.0,0.0,0.0
90100,4762,2453,0.5151196976060479,1166,991,0.4529609407811844,1377,0.5783284334313313,0.40599999999999997,2.9696838458207018,3.085042490349489,6.616459627329193,2.131640347561336,9422.771225135562,1523.007385401985,7853.0,10922.863997936249,10900.391183895454,7.1321714656623865,7853.0,0.0,27.99895002099958,20.81001940795267,32.92880339745191,19.028612959401414,0.1396472070558589,0.09617807643847123,0.09239815203695927,0.0873582528349433,0.08273834523309534,0.0755984880302394,0.07055858882822344,0.06761864762704746,0.05291894162116758,0.05291894162116758,0.04745905081898362,0.04136917261654767,0.03233935321293574,0.0251994960100798,0.01889962200755985,0.010709785804283915,0.006089878202435952,0.9442926513853317,0.022960518221399613,0.0,0.0,0.0,0.0,0.0,0.0,0.0,0.0,0.0,0.0,0.0,0.0,0.0,0.0,0.0,0.0,0.0,0.0,0.0,0.0,0.0,0.0,0.0,0.0,0.0,0.012599748005039902,0.768584628307434,8.643427131457372,15.39689206215876,5.1784964300714,4.233107015842225,2.8501155580668778,nan,nan,nan,4.256862745098039,2.842724107913062,4.209852847088931,2.857141132075127,0.9889566798780999,0.3962,0.01247,0.0,0.0,0.0,0.0,0.0,0.0,0.0,0.0,0.0,0.0,0.20159596808063843,18.584628307433825,11.175976480470394,0.03779924401511971,0.0,0.0,0.0,0.0,0.0,0.0,0.0,0.0,0.0,0.0,0.0,0.0,0.0,0.0,0.0,0.0,nan,nan,4.233107015842225,2.8501155580668778,nan,0.3962,0.06155,0.0,0.0,0.0,0.0,0.0,0.0,0.0,0.0,0.0,0.0,0.0,0.0,0.0,0.0,0.0,0.0,0.0,0.0,0.0,0.0,0.0,5.249895002099958e-05,1.0499790004199916e-05,0.002614447711045779,0.0007664846703065939,0.0007769844603107938,0.0013439731205375893,0.02107307853842923,0.007780344393112138,0.003275934481310374,0.0033179336413271736,0.030396892062158756,0.043280134397312056,0.05377992440151197,0.0742755144897102,0.048446031079378414,0.06830113397732045,0.05226795464090718,0.048404031919361615,0.04360562788744225,0.058053338933221336,0.10221545569088618,0.048288534229315415,0.03137337253254935,0.01862662746745065,0.029409911801763965,0.03118437631247375,0.04521209575808484,0.05228895422091558,0.02263754724905502,0.018175136497270053,0.010184796304073918,0.006856362872742545,0.01389122217555649,0.006058378832423351,0.00035699286014279714,0.0012179756404871902,0.0,0.0001994960100797984,0.0,0.0,0.0,0.0,0.0,0.0,0.0,0.0,0.0,0.0,0.0,0.0,0.0,0.0,0.0,0.0,0.0,0.0,0.0,0.0,0.0,0.0,0.0,0.0,0.0,0.0,0.0,0.0,0.0,0.0,0.0,0.0,0.0,0.0,0.0,0.0,0.0,0.0,0.0,0.0,0.0,0.0,nan,nan,4.233107015842225,2.8501155580668778,nan,0.9443115500639858,0.022640719517627673,0.0,0.0,0.0,0.0,0.0,0.0,0.0,0.0,0.0,0.0,0.0,0.0,0.0,0.0,0.0,0.0,0.0,0.0,0.0,0.0,0.0,0.0,0.0,0.0,0.0,0.0,0.684875662454138,8.524256013045251,15.923359152058707,4.867509172441909,0.9442725740970085,0.023295435358361954,0.0,0.0,0.0,0.0,0.0,0.0,0.0,0.0,0.0,0.0,0.0,0.0,0.0,0.0,0.0,0.0,0.0,0.0,0.0,0.0,0.0,0.0,0.0,0.0,0.0,0.025985275010827202,0.8575140753572977,8.77003031615418,14.837592031182334,5.508878302295368,0.3965,0.01225,0.0,0.0,0.0,0.0,0.0,0.0,0.0,0.0,0.0,0.0,0.19567876070118229,18.687321646962875,11.068079902160623,0.04891969017529557,0.0,0.0,0.0,0.0,0.0,0.0,0.0,0.0,0.0,0.0,0.0,0.0,0.0,0.0,0.0,0.0,0.3962,0.01268,0.0,0.0,0.0,0.0,0.0,0.0,0.0,0.0,0.0,0.0,0.20788220008661762,18.475530532698112,11.29060199220442,0.025985275010827202,0.0,0.0,0.0,0.0,0.0,0.0,0.0,0.0,0.0,0.0,0.0,0.0,0.0,0.0,0.0,0.0
90200,4786,2506,0.5236105307145842,1223,963,0.4567488508148767,1330,0.5557877141663184,0.41,3.0149122807017545,3.064761015156748,6.399416909620991,2.213976201792769,9448.630308588155,1521.989987152364,7853.0,10929.417340278625,10900.360996369876,7.317305816282715,7853.0,0.0,28.46636021730046,20.84844263688314,33.329787234042556,19.024538138018585,0.1372753865440869,0.09214375261178437,0.0917258671124112,0.08545758462181362,0.0829502716255746,0.07292101964061846,0.06790639364814041,0.06832427914751359,0.06268282490597576,0.05160885917258671,0.04534057668198913,0.041997492687003764,0.0384454659423318,0.026744671959882994,0.017969076473046384,0.010029251984956121,0.006477225240284162,0.9443901805039783,0.023367405919863242,0.0,0.0,0.0,0.0,0.0,0.0,0.0,0.0,0.0,0.0,0.0,0.0,0.0,0.0,0.0,0.0,0.0,0.0,0.0,0.0,0.0,0.0,0.0,0.0,0.0,0.012536564981195155,0.7208524864187215,8.756790639364816,15.338487254492271,5.171333054743002,4.192832223279416,2.8708735611658542,nan,nan,nan,4.143857415658816,2.8512326863995274,4.241466498103666,2.889424436857841,1.0235551257328508,0.3965,0.012344,0.0,0.0,0.0,0.0,0.0,0.0,0.0,0.0,0.0,0.0,0.13163393230254913,18.585457584621786,11.264103635603847,0.018804847471792733,0.0,0.0,0.0,0.0,0.0,0.0,0.0,0.0,0.0,0.0,0.0,0.0,0.0,0.0,0.0,0.0,nan,nan,4.192832223279416,2.8708735611658542,nan,0.3965,0.06146,0.0,0.0,0.0,0.0,0.0,0.0,0.0,0.0,0.0,0.0,0.0,0.0,0.0,0.0,0.0,0.0,0.0,0.0,0.0,0.0,0.0,0.0,1.0447137484329294e-05,0.002705808608441287,0.0006268282490597576,0.00045967404931048894,0.0015566234851650648,0.019954032595068952,0.008336815712494776,0.003343083994985374,0.0036356038445465944,0.031027998328458,0.04289594651065608,0.05346844964479733,0.07739239448391141,0.048892603426661095,0.06688257417467613,0.05111784371082324,0.04633305474300042,0.04514208106978688,0.05980986209778521,0.10106560802340159,0.04857918930213122,0.030139991642290014,0.019567488508148767,0.02927287923109068,0.028886335144170498,0.044431675720852486,0.0527475971583786,0.02486418721270372,0.016360217300459674,0.012191809444212286,0.007124947764312578,0.014751358127872963,0.005213121604680317,0.00021938988717091516,0.0009193480986209779,0.0,7.312996239030506e-05,0.0,0.0,0.0,0.0,0.0,0.0,0.0,0.0,0.0,0.0,0.0,0.0,0.0,0.0,0.0,0.0,0.0,0.0,0.0,0.0,0.0,0.0,0.0,0.0,0.0,0.0,0.0,0.0,0.0,0.0,0.0,0.0,0.0,0.0,0.0,0.0,0.0,0.0,0.0,0.0,0.0,0.0,nan,nan,4.192832223279416,2.8708735611658542,nan,0.9442674726937546,0.023032928935033392,0.0,0.0,0.0,0.0,0.0,0.0,0.0,0.0,0.0,0.0,0.0,0.0,0.0,0.0,0.0,0.0,0.0,0.0,0.0,0.0,0.0,0.0,0.0,0.0,0.0,0.02394253790901836,0.6464485235434958,8.786911412609738,15.502793296089388,5.039904229848365,0.9445250514567944,0.0237288671061058,0.0,0.0,0.0,0.0,0.0,0.0,0.0,0.0,0.0,0.0,0.0,0.0,0.0,0.0,0.0,0.0,0.0,0.0,0.0,0.0,0.0,0.0,0.0,0.0,0.0,0.0,0.8026315789473686,8.723684210526317,15.157894736842108,5.3157894736842115,0.3962,0.01239,0.0,0.0,0.0,0.0,0.0,0.0,0.0,0.0,0.0,0.0,0.131683958499601,18.615323224261747,11.24102154828412,0.01197126895450918,0.0,0.0,0.0,0.0,0.0,0.0,0.0,0.0,0.0,0.0,0.0,0.0,0.0,0.0,0.0,0.0,0.3965,0.01229,0.0,0.0,0.0,0.0,0.0,0.0,0.0,0.0,0.0,0.0,0.13157894736842107,18.55263157894734,11.28947368421053,0.026315789473684216,0.0,0.0,0.0,0.0,0.0,0.0,0.0,0.0,0.0,0.0,0.0,0.0,0.0,0.0,0.0,0.0
90300,4930,2561,0.51947261663286,1244,1011,0.45740365111561865,1381,0.5602434077079107,0.41,3.0063317855635288,3.144668917646346,6.70375939849624,2.1397212247287087,9436.244518483507,1522.749376121222,7853.0,10930.547384023666,10900.792064085783,7.444418604365481,7853.0,0.0,27.58661257606491,20.521297087764804,32.62087378640777,18.683346283862292,0.14503042596348883,0.09148073022312374,0.09655172413793103,0.08559837728194726,0.08620689655172414,0.07464503042596349,0.07058823529411765,0.0665314401622718,0.059026369168357,0.0513184584178499,0.047058823529411764,0.03691683569979716,0.033468559837728194,0.02535496957403651,0.016024340770791075,0.009330628803245436,0.00486815415821501,0.9453970152877166,0.023547374275649968,0.0,0.0,0.0,0.0,0.0,0.0,0.0,0.0,0.0,0.0,0.0,0.0,0.0,0.0,0.0,0.0,0.0,0.0,0.0,0.0,0.0,0.0,0.0,0.0,0.0,0.006085192697768764,0.9127789046653146,8.196754563894524,15.383367139959436,5.501014198782963,4.272243107769423,2.9636699935422843,nan,nan,nan,4.224094881398252,2.9201343684963668,4.320754716981132,3.0061169393494636,1.0228829697951491,0.3972,0.01268,0.0,0.0,0.0,0.0,0.0,0.0,0.0,0.0,0.0,0.0,0.22515212981744426,17.659229208924923,12.036511156186615,0.07910750507099394,0.0,0.0,0.0,0.0,0.0,0.0,0.0,0.0,0.0,0.0,0.0,0.0,0.0,0.0,0.0,0.0,nan,nan,4.272243107769423,2.9636699935422843,nan,0.3972,0.06125,0.0,0.0,0.0,0.0,0.0,0.0,0.0,0.0,0.0,0.0,0.0,0.0,0.0,0.0,0.0,0.0,0.0,0.0,0.0,0.0,0.0,0.0,0.0,0.003336713995943205,0.00033468559837728195,0.0005070993914807302,0.0014908722109533469,0.018356997971602434,0.0081947261663286,0.0036308316430020285,0.0037018255578093306,0.030983772819472618,0.039016227180527385,0.053204868154158216,0.07550709939148073,0.046582150101419875,0.06964503042596348,0.051612576064908725,0.046044624746450304,0.044026369168357,0.06248478701825558,0.10422920892494929,0.045649087221095334,0.029411764705882353,0.02035496957403651,0.03151115618661258,0.028803245436105476,0.04685598377281947,0.053894523326572005,0.024858012170385396,0.016460446247464504,0.0113894523326572,0.007332657200811359,0.013164300202839757,0.006348884381338743,0.00017241379310344826,0.0008012170385395537,0.0,0.00010141987829614604,0.0,0.0,0.0,0.0,0.0,0.0,0.0,0.0,0.0,0.0,0.0,0.0,0.0,0.0,0.0,0.0,0.0,0.0,0.0,0.0,0.0,0.0,0.0,0.0,0.0,0.0,0.0,0.0,0.0,0.0,0.0,0.0,0.0,0.0,0.0,0.0,0.0,0.0,0.0,0.0,0.0,0.0,nan,nan,4.272243107769423,2.9636699935422843,nan,0.9450203338576126,0.023278546494231563,0.0,0.0,0.0,0.0,0.0,0.0,0.0,0.0,0.0,0.0,0.0,0.0,0.0,0.0,0.0,0.0,0.0,0.0,0.0,0.0,0.0,0.0,0.0,0.0,0.0,0.0,0.808278016399844,8.481062085123,15.486138227254981,5.22452167122218,0.9458042255631476,0.023827882019013667,0.0,0.0,0.0,0.0,0.0,0.0,0.0,0.0,0.0,0.0,0.0,0.0,0.0,0.0,0.0,0.0,0.0,0.0,0.0,0.0,0.0,0.0,0.0,0.0,0.0,0.012663571127057833,1.0257492612916845,7.8894048121570295,15.272266779231746,5.799915576192488,0.3972,0.01264,0.0,0.0,0.0,0.0,0.0,0.0,0.0,0.0,0.0,0.0,0.2342834830144475,17.676688793440036,12.018742678641159,0.07028504490433425,0.0,0.0,0.0,0.0,0.0,0.0,0.0,0.0,0.0,0.0,0.0,0.0,0.0,0.0,0.0,0.0,0.3972,0.01272,0.0,0.0,0.0,0.0,0.0,0.0,0.0,0.0,0.0,0.0,0.21528070915998315,17.640354579991534,12.055719712959057,0.08864499788940483,0.0,0.0,0.0,0.0,0.0,0.0,0.0,0.0,0.0,0.0,0.0,0.0,0.0,0.0,0.0,0.0
90400,4946,2528,0.5111200970481197,1206,1029,0.4518803073190457,1410,0.5701577031945007,0.39799999999999996,2.8862696443341607,3.0104397998189762,6.474226804123711,2.0297126363029427,9411.03128641886,1523.7669119007742,7853.0,10928.963500022888,10901.26848996348,7.586111560115006,7853.0,0.0,28.063081277800244,20.780389050118078,32.87613799712506,19.044213576783605,0.13566518398706026,0.0950262838657501,0.09421754953497775,0.09320663162151234,0.08026688232915487,0.07743631217145168,0.06389001213101496,0.0646987464617873,0.06651839870602506,0.04933279417711282,0.049130610594419734,0.03295592397897291,0.03538212697128993,0.02769915082895269,0.017792155276991507,0.009704811969268095,0.007076425394257986,0.9449208622103127,0.023572727116730773,0.0,0.0,0.0,0.0,0.0,0.0,0.0,0.0,0.0,0.0,0.0,0.0,0.0,0.0,0.0,0.0,0.0,0.0,0.0,0.0,0.0,0.0,0.0,0.0,0.0,0.018196522442377683,0.843105539830166,8.722199757379702,14.872624342903359,5.5438738374444005,4.22663332291341,2.8317789137695897,nan,nan,nan,4.200755191944619,2.7839058152666434,4.252173913043478,2.8780187922444176,1.012240351734245,0.3982,0.01215,0.0,0.0,0.0,0.0,0.0,0.0,0.0,0.0,0.0,0.0,0.10311362717347354,16.680145572179516,13.137889203396687,0.0788515972503033,0.0,0.0,0.0,0.0,0.0,0.0,0.0,0.0,0.0,0.0,0.0,0.0,0.0,0.0,0.0,0.0,nan,nan,4.22663332291341,2.8317789137695897,nan,0.3982,0.06116,0.0,0.0,0.0,0.0,0.0,0.0,0.0,0.0,0.0,0.0,0.0,0.0,0.0,0.0,0.0,0.0,0.0,0.0,0.0,0.0,0.0,0.0,0.0,0.0025677315002021837,0.00016174686615446826,0.0003841488071168621,0.0011221188839466234,0.01660938131823696,0.008643348160129398,0.0038212697128993125,0.00274969672462596,0.031540638900121314,0.04128588758592802,0.05135463000404367,0.07211888394662354,0.046815608572583906,0.07061261625556005,0.04921148402749697,0.045076829761423375,0.04497573797007683,0.06403154063890013,0.10460978568540234,0.046330367974120504,0.028285483218762637,0.0196724625960372,0.031742822482814397,0.030489284270117267,0.04665386170642944,0.054589567327133035,0.025101091791346543,0.01784270117266478,0.012656692276587141,0.007784067933683785,0.013455317428224828,0.006793368378487667,7.076425394257986e-05,0.0006773150020218359,0.0,0.00014152850788515971,1.0109179134654266e-05,1.0109179134654266e-05,0.0,0.0,0.0,0.0,0.0,0.0,0.0,0.0,0.0,0.0,0.0,0.0,0.0,0.0,0.0,0.0,0.0,0.0,0.0,0.0,0.0,0.0,0.0,0.0,0.0,0.0,0.0,0.0,0.0,0.0,0.0,0.0,0.0,0.0,0.0,0.0,0.0,0.0,0.0,0.0,nan,nan,4.22663332291341,2.8317789137695897,nan,0.945528753408337,0.024121896888367023,0.0,0.0,0.0,0.0,0.0,0.0,0.0,0.0,0.0,0.0,0.0,0.0,0.0,0.0,0.0,0.0,0.0,0.0,0.0,0.0,0.0,0.0,0.0,0.0,0.0,0.01186708860759494,0.9018987341772153,8.710443037974684,14.204905063291141,6.170886075949369,0.9442853167394255,0.02296735089064519,0.0,0.0,0.0,0.0,0.0,0.0,0.0,0.0,0.0,0.0,0.0,0.0,0.0,0.0,0.0,0.0,0.0,0.0,0.0,0.0,0.0,0.0,0.0,0.0,0.0,0.024813895781637722,0.7816377171215882,8.734491315136477,15.57071960297767,4.888337468982631,0.3982,0.01207,0.0,0.0,0.0,0.0,0.0,0.0,0.0,0.0,0.0,0.0,0.10680379746835446,16.720727848101244,13.136867088607598,0.03560126582278481,0.0,0.0,0.0,0.0,0.0,0.0,0.0,0.0,0.0,0.0,0.0,0.0,0.0,0.0,0.0,0.0,0.3982,0.01224,0.0,0.0,0.0,0.0,0.0,0.0,0.0,0.0,0.0,0.0,0.09925558312655089,16.637717121588064,13.138957816377173,0.1240694789081886,0.0,0.0,0.0,0.0,0.0,0.0,0.0,0.0,0.0,0.0,0.0,0.0,0.0,0.0,0.0,0.0
90500,4703,2480,0.5273229853285137,1142,953,0.44546034446098237,1284,0.5460344460982351,0.438,3.0211426000899686,3.2018611250139726,6.811165845648604,2.373666446884787,9460.422931089177,1521.8673244877402,7853.0,10930.550157785416,10901.27017940016,7.447259005899528,7853.0,0.0,27.746119498192645,20.832232191540452,32.72791878172589,19.090143687878843,0.14012332553689136,0.10886668084201573,0.0933446736125877,0.08186264086753137,0.07420795237082713,0.07909844779927706,0.06846693599829896,0.06421433127790772,0.055496491601105674,0.056559642781203484,0.04635339145226451,0.03933659366361897,0.033808207527110355,0.027216670210503932,0.014033595577291091,0.009780990856899851,0.007229428024665107,0.9459272474145575,0.023546092787729674,0.0,0.0,0.0,0.0,0.0,0.0,0.0,0.0,0.0,0.0,0.0,0.0,0.0,0.0,0.0,0.0,0.0,0.0,0.0,0.0,0.0,0.0,0.0,0.0,0.0,0.006378907080586861,0.8037422921539444,8.273442483521158,15.047841803104404,5.868594514139912,4.333,2.970428308061538,nan,nan,nan,4.290343915343915,2.9229002571877594,4.379287155346335,3.0162173235853906,1.0207310280381776,0.3982,0.012184,0.0,0.0,0.0,0.0,0.0,0.0,0.0,0.0,0.0,0.0,0.08930469912821605,16.782904529024,13.070380608122479,0.057410163725281745,0.0,0.0,0.0,0.0,0.0,0.0,0.0,0.0,0.0,0.0,0.0,0.0,0.0,0.0,0.0,0.0,nan,nan,4.333,2.970428308061538,nan,0.3982,0.06082,0.0,0.0,0.0,0.0,0.0,0.0,0.0,0.0,0.0,0.0,0.0,0.0,0.0,0.0,0.0,0.0,0.0,0.0,0.0,0.0,0.0,0.0,0.0,0.0024027216670210504,0.00017010418881564958,0.00021263023601956197,0.001605358281947693,0.01431001488411652,0.008887943865617691,0.003742292153944291,0.0026259834148415905,0.03020412502657878,0.04353604082500532,0.049744843716776524,0.0745162662130555,0.04602381458643419,0.07079523708271317,0.05268977248564746,0.047012545183925156,0.046055709121837124,0.06564958537103976,0.10648522219859664,0.04397193280884542,0.0275249840527323,0.017435679353604083,0.02908781628747608,0.027588773123538166,0.048001275781416115,0.05408250053157559,0.027758877312353818,0.01651073782691899,0.012513289389751223,0.0075908994258983625,0.012577078460557091,0.007463321284286626,0.0001275781416117372,0.000861152455879226,0.0,0.0002019987242185839,0.0,3.18945354029343e-05,0.0,0.0,0.0,0.0,0.0,0.0,0.0,0.0,0.0,0.0,0.0,0.0,0.0,0.0,0.0,0.0,0.0,0.0,0.0,0.0,0.0,0.0,0.0,0.0,0.0,0.0,0.0,0.0,0.0,0.0,0.0,0.0,0.0,0.0,0.0,0.0,0.0,0.0,0.0,0.0,nan,nan,4.333,2.970428308061538,nan,0.9457759175810122,0.023419602957031053,0.0,0.0,0.0,0.0,0.0,0.0,0.0,0.0,0.0,0.0,0.0,0.0,0.0,0.0,0.0,0.0,0.0,0.0,0.0,0.0,0.0,0.0,0.0,0.0,0.0,0.01209677419354839,0.8346774193548389,8.129032258064518,15.350806451612906,5.673387096774195,0.9460960724200421,0.023685267951349773,0.0,0.0,0.0,0.0,0.0,0.0,0.0,0.0,0.0,0.0,0.0,0.0,0.0,0.0,0.0,0.0,0.0,0.0,0.0,0.0,0.0,0.0,0.0,0.0,0.0,0.0,0.7692307692307694,8.43454790823212,14.709851551956818,6.086369770580299,0.398,0.01218,0.0,0.0,0.0,0.0,0.0,0.0,0.0,0.0,0.0,0.0,0.09677419354838712,16.99596774193546,12.822580645161294,0.08467741935483873,0.0,0.0,0.0,0.0,0.0,0.0,0.0,0.0,0.0,0.0,0.0,0.0,0.0,0.0,0.0,0.0,0.3982,0.0122,0.0,0.0,0.0,0.0,0.0,0.0,0.0,0.0,0.0,0.0,0.08097165991902835,16.545209176788102,13.346828609986508,0.026990553306342785,0.0,0.0,0.0,0.0,0.0,0.0,0.0,0.0,0.0,0.0,0.0,0.0,0.0,0.0,0.0,0.0
90600,4850,2550,0.5257731958762887,1138,985,0.4377319587628866,1318,0.5435051546391753,0.442,3.0721739130434784,3.2157235395471626,6.894321766561514,2.2310963900095393,9455.678170947562,1522.0988651031716,7853.0,10925.236786007881,10901.231031017911,7.419254483250561,7853.0,0.0,27.494432989690722,20.98586834132255,32.41047712739793,19.369982974983465,0.1402061855670103,0.10721649484536082,0.0977319587628866,0.088659793814433,0.08,0.07443298969072165,0.06969072164948453,0.058762886597938144,0.05814432989690722,0.04865979381443299,0.04247422680412371,0.0377319587628866,0.031958762886597936,0.02597938144329897,0.01979381443298969,0.010721649484536083,0.007835051546391752,0.945603794301908,0.023448221467768402,0.0,0.0,0.0,0.0,0.0,0.0,0.0,0.0,0.0,0.0,0.0,0.0,0.0,0.0,0.0,0.0,0.0,0.0,0.0,0.0,0.0,0.0,0.0,0.0,0.0,0.00618556701030928,0.8783505154639177,7.997938144329899,15.556701030927838,5.560824742268043,4.34838076545633,2.9531271430567005,nan,nan,nan,4.3514043109079035,2.9145174231341984,4.345347313237221,2.9913595498869503,0.998608036110205,0.398,0.0121,0.0,0.0,0.0,0.0,0.0,0.0,0.0,0.0,0.0,0.0,0.11134020618556703,16.960824742268017,12.884536082474229,0.04329896907216496,0.0,0.0,0.0,0.0,0.0,0.0,0.0,0.0,0.0,0.0,0.0,0.0,0.0,0.0,0.0,0.0,nan,nan,4.34838076545633,2.9531271430567005,nan,0.398,0.06076,0.0,0.0,0.0,0.0,0.0,0.0,0.0,0.0,0.0,0.0,0.0,0.0,0.0,0.0,0.0,0.0,0.0,0.0,0.0,0.0,0.0,0.0,0.0,0.0021649484536082476,1.0309278350515464e-05,0.0001443298969072165,0.001577319587628866,0.013587628865979381,0.00811340206185567,0.003206185567010309,0.0022577319587628866,0.029804123711340207,0.045855670103092785,0.05077319587628866,0.07411340206185567,0.04575257731958763,0.07487628865979382,0.05779381443298969,0.044402061855670104,0.04517525773195876,0.06729896907216495,0.10345360824742268,0.04381443298969072,0.028175257731958763,0.016237113402061857,0.02763917525773196,0.025690721649484535,0.046804123711340205,0.05281443298969072,0.02822680412371134,0.0161340206185567,0.012680412371134021,0.008814432989690722,0.01368041237113402,0.00790721649484536,0.0001443298969072165,0.0006804123711340206,1.0309278350515464e-05,0.00018556701030927834,0.0,0.0,0.0,0.0,0.0,0.0,0.0,0.0,0.0,0.0,0.0,0.0,0.0,0.0,0.0,0.0,0.0,0.0,0.0,0.0,0.0,0.0,0.0,0.0,0.0,0.0,0.0,0.0,0.0,0.0,0.0,0.0,0.0,0.0,0.0,0.0,0.0,0.0,0.0,0.0,0.0,0.0,nan,nan,4.34838076545633,2.9531271430567005,nan,0.9457816775639852,0.023546764390748504,0.0,0.0,0.0,0.0,0.0,0.0,0.0,0.0,0.0,0.0,0.0,0.0,0.0,0.0,0.0,0.0,0.0,0.0,0.0,0.0,0.0,0.0,0.0,0.0,0.0,0.0,0.8588235294117649,8.07058823529412,15.447058823529416,5.623529411764707,0.9454065759026486,0.023336896059365463,0.0,0.0,0.0,0.0,0.0,0.0,0.0,0.0,0.0,0.0,0.0,0.0,0.0,0.0,0.0,0.0,0.0,0.0,0.0,0.0,0.0,0.0,0.0,0.0,0.0,0.013043478260869568,0.9000000000000002,7.917391304347827,15.67826086956522,5.491304347826088,0.398,0.01195,0.0,0.0,0.0,0.0,0.0,0.0,0.0,0.0,0.0,0.0,0.11764705882352944,17.011764705882328,12.835294117647061,0.03529411764705883,0.0,0.0,0.0,0.0,0.0,0.0,0.0,0.0,0.0,0.0,0.0,0.0,0.0,0.0,0.0,0.0,0.398,0.012276,0.0,0.0,0.0,0.0,0.0,0.0,0.0,0.0,0.0,0.0,0.10434782608695654,16.90434782608693,12.939130434782612,0.05217391304347827,0.0,0.0,0.0,0.0,0.0,0.0,0.0,0.0,0.0,0.0,0.0,0.0,0.0,0.0,0.0,0.0
90700,4777,2405,0.5034540506594096,1183,942,0.44483985765124556,1358,0.568557672179192,0.38199999999999995,2.9654300168634062,2.9648847949163164,6.187584345479082,1.9915224430059788,9387.400915549719,1523.8461129772513,7853.0,10926.338134527206,10900.747681322662,7.229462396599729,7853.0,0.0,28.990789198241576,21.000341887049828,33.78471023427867,19.154721142720142,0.13062591584676575,0.09441071802386435,0.0921080175842579,0.08352522503663387,0.07159305003140046,0.07619845091061335,0.06929034959179402,0.06970902239899518,0.06384760309817877,0.055474146954155326,0.047938036424534224,0.044379317563324264,0.03684320703370316,0.027423068871676785,0.018840276324052753,0.010466820180029307,0.007326774126020515,0.9448469138579662,0.023505857876197918,0.0,0.0,0.0,0.0,0.0,0.0,0.0,0.0,0.0,0.0,0.0,0.0,0.0,0.0,0.0,0.0,0.0,0.0,0.0,0.0,0.0,0.0,0.0,0.0,0.0,0.018840276324052756,0.879212895122462,8.459284069499688,15.279464098806786,5.3631986602470185,4.123452872104094,2.6945987109158587,nan,nan,nan,4.131979695431472,2.658497083072403,4.117534942820838,2.7291145260507546,0.9965041569234707,0.3972,0.01224,0.0,0.0,0.0,0.0,0.0,0.0,0.0,0.0,0.0,0.0,0.15072221059242205,17.684739376177493,12.076617123717817,0.0879212895122462,0.0,0.0,0.0,0.0,0.0,0.0,0.0,0.0,0.0,0.0,0.0,0.0,0.0,0.0,0.0,0.0,nan,nan,4.123452872104094,2.6945987109158587,nan,0.3972,0.06033,0.0,0.0,0.0,0.0,0.0,0.0,0.0,0.0,0.0,0.0,0.0,0.0,0.0,0.0,0.0,0.0,0.0,0.0,0.0,0.0,0.0,0.0,1.0466820180029307e-05,0.001978229014025539,3.140046054008792e-05,0.00018840276324052753,0.001706091689344777,0.014224408624659828,0.008540925266903915,0.004029725769311284,0.0023341009001465354,0.030918986811806572,0.041563742934896376,0.05249110320284697,0.0728909357337241,0.046252878375549505,0.07634498639313377,0.06019468285534855,0.043772241992882564,0.04619007745446933,0.07094410718023865,0.09956039355243877,0.04479799037052543,0.02962110110948294,0.014978019677621938,0.02783127485869793,0.027004396064475612,0.04526899727862675,0.05057567510990161,0.030081641197404228,0.015040820598702114,0.011346033075151769,0.008268787942223153,0.012131044588653966,0.007944316516642244,8.373456144023445e-05,0.0007222105924220222,0.0,0.00011513502198032238,1.0466820180029307e-05,1.0466820180029307e-05,0.0,0.0,0.0,0.0,0.0,0.0,0.0,0.0,0.0,0.0,0.0,0.0,0.0,0.0,0.0,0.0,0.0,0.0,0.0,0.0,0.0,0.0,0.0,0.0,0.0,0.0,0.0,0.0,0.0,0.0,0.0,0.0,0.0,0.0,0.0,0.0,0.0,0.0,0.0,0.0,nan,nan,4.123452872104094,2.6945987109158587,nan,0.9448854181226227,0.023138307401683596,0.0,0.0,0.0,0.0,0.0,0.0,0.0,0.0,0.0,0.0,0.0,0.0,0.0,0.0,0.0,0.0,0.0,0.0,0.0,0.0,0.0,0.0,0.0,0.0,0.0,0.012474012474012476,0.8357588357588359,8.45738045738046,15.380457380457383,5.313929313929315,0.9448078739100323,0.023872681585578825,0.0,0.0,0.0,0.0,0.0,0.0,0.0,0.0,0.0,0.0,0.0,0.0,0.0,0.0,0.0,0.0,0.0,0.0,0.0,0.0,0.0,0.0,0.0,0.0,0.0,0.02529510961214166,0.9232715008431706,8.461214165261385,15.177065767284995,5.413153456998315,0.397,0.01217,0.0,0.0,0.0,0.0,0.0,0.0,0.0,0.0,0.0,0.0,0.14968814968814972,17.7255717255717,12.03742203742204,0.08731808731808734,0.0,0.0,0.0,0.0,0.0,0.0,0.0,0.0,0.0,0.0,0.0,0.0,0.0,0.0,0.0,0.0,0.3972,0.01231,0.0,0.0,0.0,0.0,0.0,0.0,0.0,0.0,0.0,0.0,0.15177065767284995,17.643338954468778,12.116357504215856,0.08853288364249581,0.0,0.0,0.0,0.0,0.0,0.0,0.0,0.0,0.0,0.0,0.0,0.0,0.0,0.0,0.0,0.0
90800,4648,2446,0.5262478485370051,1169,948,0.4554647160068847,1326,0.5705679862306369,0.41,3.0204359673024523,3.0332759709623995,6.40566037735849,2.0897095968392043,9456.814751511853,1521.729215662627,7853.0,10922.8957310915,10900.641441139449,7.456919127526437,7853.0,0.0,28.346815834767643,21.016318821682834,33.38140368852459,19.155111901633067,0.14135111876075732,0.09165232358003442,0.08971600688468158,0.08476764199655766,0.08240103270223752,0.07358003442340792,0.07487091222030981,0.06949225473321859,0.05335628227194492,0.052925989672977625,0.04453528399311532,0.04345955249569707,0.033347676419965576,0.027753872633390707,0.017857142857142856,0.0096815834767642,0.009251290877796902,0.9437441428331418,0.023659515659683137,0.0,0.0,0.0,0.0,0.0,0.0,0.0,0.0,0.0,0.0,0.0,0.0,0.0,0.0,0.0,0.0,0.0,0.0,0.0,0.0,0.0,0.0,0.0,0.0,0.0,0.025817555938037872,0.9681583476764202,8.997418244406198,14.954819277108436,5.053786574870913,4.241469816272966,2.87229721267844,nan,nan,nan,4.200392927308448,2.924131220559618,4.282708744247206,2.818698162161261,1.0195971706369633,0.3975,0.01209,0.0,0.0,0.0,0.0,0.0,0.0,0.0,0.0,0.0,0.0,0.12263339070567988,17.46557659208259,12.347246127366612,0.06454388984509468,0.0,0.0,0.0,0.0,0.0,0.0,0.0,0.0,0.0,0.0,0.0,0.0,0.0,0.0,0.0,0.0,nan,nan,4.241469816272966,2.87229721267844,nan,0.3975,0.0604,0.0,0.0,0.0,0.0,0.0,0.0,0.0,0.0,0.0,0.0,0.0,0.0,0.0,0.0,0.0,0.0,0.0,0.0,0.0,0.0,0.0,0.0,0.0,0.0016673838209982788,0.0,0.0004087779690189329,0.0017857142857142857,0.01333907056798623,0.008444492254733219,0.003754302925989673,0.0028506884681583477,0.03076592082616179,0.04192125645438898,0.05167814113597246,0.07416092943201377,0.04623493975903614,0.0771514629948365,0.05887478485370052,0.044567555938037864,0.044868760757314975,0.07170826161790017,0.09498709122203099,0.04453528399311532,0.0286144578313253,0.0159315834767642,0.029464285714285714,0.02842082616179002,0.04589070567986231,0.051807228915662654,0.029593373493975905,0.016006884681583476,0.013016351118760757,0.007347246127366609,0.011521084337349398,0.0077237521514629945,0.00013984509466437176,0.0005808950086058519,4.302925989672978e-05,0.00011833046471600689,7.530120481927712e-05,0.0,0.0,0.0,0.0,0.0,0.0,0.0,0.0,0.0,0.0,0.0,0.0,0.0,0.0,0.0,0.0,0.0,0.0,0.0,0.0,0.0,0.0,0.0,0.0,0.0,0.0,0.0,0.0,0.0,0.0,0.0,0.0,0.0,0.0,0.0,0.0,0.0,0.0,0.0,0.0,0.0,nan,nan,4.241469816272966,2.87229721267844,nan,0.944093040579767,0.023708180746271575,0.0,0.0,0.0,0.0,0.0,0.0,0.0,0.0,0.0,0.0,0.0,0.0,0.0,0.0,0.0,0.0,0.0,0.0,0.0,0.0,0.0,0.0,0.0,0.0,0.0,0.024529844644317258,0.9443990188062145,8.732624693376943,15.085854456255113,5.212591986917418,0.943356584300787,0.02359929401633674,0.0,0.0,0.0,0.0,0.0,0.0,0.0,0.0,0.0,0.0,0.0,0.0,0.0,0.0,0.0,0.0,0.0,0.0,0.0,0.0,0.0,0.0,0.0,0.0,0.0,0.02724795640326976,0.9945504087193463,9.291553133514988,14.809264305177114,4.877384196185287,0.3975,0.01225,0.0,0.0,0.0,0.0,0.0,0.0,0.0,0.0,0.0,0.0,0.15944399018806218,17.53883892068681,12.228127555192154,0.07358953393295177,0.0,0.0,0.0,0.0,0.0,0.0,0.0,0.0,0.0,0.0,0.0,0.0,0.0,0.0,0.0,0.0,0.3975,0.01192,0.0,0.0,0.0,0.0,0.0,0.0,0.0,0.0,0.0,0.0,0.08174386920980928,17.384196185286076,12.479564032697551,0.05449591280653952,0.0,0.0,0.0,0.0,0.0,0.0,0.0,0.0,0.0,0.0,0.0,0.0,0.0,0.0,0.0,0.0
90900,4517,2350,0.5202568076156742,1155,923,0.4600398494576046,1261,0.5583351782156298,0.438,3.1102907245039226,3.218732701171238,6.841091492776886,2.1683807073737333,9438.302225880492,1522.335041286007,7853.0,10924.167500853539,10900.153257149865,7.373313197290553,7853.0,0.0,28.26455612131946,20.803543870090934,33.04055468341183,19.04389648164411,0.13526676998007528,0.09475315474872703,0.09010405136152314,0.09121098073942882,0.07837059995572282,0.07925614345804738,0.07040070843480185,0.06442328979411113,0.06154527341155634,0.05246845251272969,0.04848350675226921,0.03984945760460483,0.03431481071507638,0.023688288687181758,0.017268098295328757,0.009519592649988931,0.009076820898826655,0.9430196317709044,0.02350952522022542,0.0,0.0,0.0,0.0,0.0,0.0,0.0,0.0,0.0,0.0,0.0,0.0,0.0,0.0,0.0,0.0,0.0,0.0,0.0,0.0,0.0,0.0,0.0,0.0,0.0,0.019924728802302415,0.9895948638476867,9.13216736772194,15.27562541509852,4.582687624529556,4.358012170385395,3.0424017855303616,nan,nan,nan,4.311776718856365,2.9897950168634746,4.403897849462366,3.09376947071891,1.0213650048721528,0.3975,0.01186,0.0,0.0,0.0,0.0,0.0,0.0,0.0,0.0,0.0,0.0,0.13947310161611692,17.593535532433005,12.253708213415987,0.01328315253486828,0.0,0.0,0.0,0.0,0.0,0.0,0.0,0.0,0.0,0.0,0.0,0.0,0.0,0.0,0.0,0.0,nan,nan,4.358012170385395,3.0424017855303616,nan,0.3975,0.0603,0.0,0.0,0.0,0.0,0.0,0.0,0.0,0.0,0.0,0.0,0.0,0.0,0.0,0.0,0.0,0.0,0.0,0.0,0.0,1.1069293779056897e-05,0.0,0.0,1.1069293779056897e-05,0.0014611467788355104,0.0,0.00046491033872038965,0.0014611467788355104,0.013404914766437901,0.010061988045162718,0.0037967677662165155,0.0028226699136595086,0.03028558777949967,0.04206331636041621,0.05187071064866062,0.07276953730352004,0.044520699579366836,0.07293557671020588,0.06331636041620545,0.046734558335178214,0.043801195483728135,0.07436351560770423,0.0963803409342484,0.047199468673898605,0.025846800974097854,0.01458932920079699,0.0294553907460704,0.028437015718397168,0.04541731237547045,0.04880451627186186,0.03024131060438344,0.01640469338056232,0.014212973212309054,0.007350011069293779,0.01065972990923179,0.008047376577374364,0.00017710870046491034,0.00021031658180208104,4.4277175116227586e-05,0.00032100951959264997,4.4277175116227586e-05,0.0,0.0,0.0,0.0,0.0,0.0,0.0,0.0,0.0,0.0,0.0,0.0,0.0,0.0,0.0,0.0,0.0,0.0,0.0,0.0,0.0,0.0,0.0,0.0,0.0,0.0,0.0,0.0,0.0,0.0,0.0,0.0,0.0,0.0,0.0,0.0,0.0,0.0,0.0,0.0,0.0,nan,nan,4.358012170385395,3.0424017855303616,nan,0.942558476392259,0.02375263966359755,0.0,0.0,0.0,0.0,0.0,0.0,0.0,0.0,0.0,0.0,0.0,0.0,0.0,0.0,0.0,0.0,0.0,0.0,0.0,0.0,0.0,0.0,0.0,0.0,0.0,0.012765957446808513,1.046808510638298,9.395744680851065,15.255319148936174,4.28936170212766,0.9435197310509306,0.02323266267365159,0.0,0.0,0.0,0.0,0.0,0.0,0.0,0.0,0.0,0.0,0.0,0.0,0.0,0.0,0.0,0.0,0.0,0.0,0.0,0.0,0.0,0.0,0.0,0.0,0.0,0.027688047992616528,0.9275496077526536,8.84633133364098,15.297646515920631,4.900784494693125,0.3972,0.0119,0.0,0.0,0.0,0.0,0.0,0.0,0.0,0.0,0.0,0.0,0.12765957446808512,17.744680851063805,12.102127659574471,0.025531914893617027,0.0,0.0,0.0,0.0,0.0,0.0,0.0,0.0,0.0,0.0,0.0,0.0,0.0,0.0,0.0,0.0,0.3975,0.01182,0.0,0.0,0.0,0.0,0.0,0.0,0.0,0.0,0.0,0.0,0.15228426395939088,17.429626211352076,12.418089524688513,0.0,0.0,0.0,0.0,0.0,0.0,0.0,0.0,0.0,0.0,0.0,0.0,0.0,0.0,0.0,0.0,0.0
91000,4632,2399,0.5179188255613126,1115,938,0.4432210708117444,1294,0.5587219343696027,0.438,3.0810568741603226,3.119957908601514,6.622641509433962,2.065527923085104,9431.16325485799,1522.5927969106324,7853.0,10924.292617321014,10900.124717174744,7.329389465739834,7853.0,0.0,27.958333333333332,20.80687244441725,32.854760071850144,19.049574011056972,0.1375215889464594,0.10146804835924007,0.09369602763385147,0.08441278065630398,0.08419689119170984,0.07361830742659758,0.06822107081174439,0.06606217616580311,0.05829015544041451,0.05008635578583765,0.04792746113989637,0.04015544041450777,0.03389464594127806,0.024395509499136443,0.01878238341968912,0.011658031088082901,0.005613126079447323,0.9434584687385122,0.023205464081365337,0.0,0.0,0.0,0.0,0.0,0.0,0.0,0.0,0.0,0.0,0.0,0.0,0.0,0.0,0.0,0.0,0.0,0.0,0.0,0.0,0.0,0.0,0.0,0.0,0.0,0.0,0.9909326424870468,8.737046632124354,15.336787564766842,4.935233160621762,4.403697478991597,2.875813911987387,nan,nan,nan,4.391275167785235,2.8256835696326803,4.416161616161616,2.9251967180345466,1.005667248675043,0.397,0.01194,0.0,0.0,0.0,0.0,0.0,0.0,0.0,0.0,0.0,0.0,0.1295336787564767,17.94689119170982,11.878238341968915,0.045336787564766855,0.0,0.0,0.0,0.0,0.0,0.0,0.0,0.0,0.0,0.0,0.0,0.0,0.0,0.0,0.0,0.0,nan,nan,4.403697478991597,2.875813911987387,nan,0.397,0.05997,0.0,0.0,0.0,0.0,0.0,0.0,0.0,0.0,0.0,0.0,0.0,0.0,0.0,0.0,0.0,0.0,0.0,0.0,0.0,0.0,0.0,0.0,3.238341968911917e-05,0.00116580310880829,0.0,0.0004965457685664939,0.0016083765112262522,0.014108376511226253,0.010416666666666666,0.003540587219343696,0.0026122625215889463,0.02900474956822107,0.03946459412780656,0.050820379965457685,0.07585276338514681,0.04656735751295337,0.07627374784110535,0.06298575129533679,0.04626511226252159,0.0410513816925734,0.07876727115716753,0.09471070811744386,0.04818652849740933,0.02496761658031088,0.015598013816925735,0.030127374784110535,0.028518998272884285,0.04516407599309154,0.0467940414507772,0.02964162348877375,0.01579231433506045,0.012661917098445595,0.006584628670120898,0.010513816925734025,0.00876511226252159,0.00024827288428324695,0.0004317789291882556,2.158894645941278e-05,0.00023747841105354058,0.0,0.0,0.0,0.0,0.0,0.0,0.0,0.0,0.0,0.0,0.0,0.0,0.0,0.0,0.0,0.0,0.0,0.0,0.0,0.0,0.0,0.0,0.0,0.0,0.0,0.0,0.0,0.0,0.0,0.0,0.0,0.0,0.0,0.0,0.0,0.0,0.0,0.0,0.0,0.0,0.0,0.0,nan,nan,4.403697478991597,2.875813911987387,nan,0.9427648775773328,0.023448336898960843,0.0,0.0,0.0,0.0,0.0,0.0,0.0,0.0,0.0,0.0,0.0,0.0,0.0,0.0,0.0,0.0,0.0,0.0,0.0,0.0,0.0,0.0,0.0,0.0,0.0,0.0,1.1129637348895376,9.028761984160068,15.018757815756569,4.839516465193832,0.9442036210876701,0.022918294093001196,0.0,0.0,0.0,0.0,0.0,0.0,0.0,0.0,0.0,0.0,0.0,0.0,0.0,0.0,0.0,0.0,0.0,0.0,0.0,0.0,0.0,0.0,0.0,0.0,0.0,0.0,0.859829825347067,8.423645320197046,15.678459471562924,5.03806538289297,0.397,0.01212,0.0,0.0,0.0,0.0,0.0,0.0,0.0,0.0,0.0,0.0,0.10004168403501461,17.807419758232573,12.005002084201754,0.08753647353063779,0.0,0.0,0.0,0.0,0.0,0.0,0.0,0.0,0.0,0.0,0.0,0.0,0.0,0.0,0.0,0.0,0.397,0.01174,0.0,0.0,0.0,0.0,0.0,0.0,0.0,0.0,0.0,0.0,0.16121809225257502,18.09673085535152,11.742051052395883,0.0,0.0,0.0,0.0,0.0,0.0,0.0,0.0,0.0,0.0,0.0,0.0,0.0,0.0,0.0,0.0,0.0
91100,4852,2457,0.5063891178895301,1149,1022,0.447444352844188,1364,0.562242374278648,0.442,3.0221294363256783,3.2283857881985667,6.944186046511628,2.2884918352739163,9396.06504762863,1523.4808831433993,7853.0,10927.918221116066,10900.19235290766,7.39993000082893,7853.0,0.0,27.213314097279472,20.70420492032461,32.25537700865266,18.992804541810745,0.14653751030502885,0.10511129431162407,0.09480626545754328,0.0845012366034625,0.0832646331409728,0.07749381698268755,0.06574608408903546,0.06224237427864798,0.05626545754328112,0.051112943116240726,0.04905193734542457,0.03730420445177247,0.031327287716405604,0.021022258862324814,0.015869744435284418,0.010511129431162407,0.007831821929101401,0.9427728324342344,0.02363455182589045,0.0,0.0,0.0,0.0,0.0,0.0,0.0,0.0,0.0,0.0,0.0,0.0,0.0,0.0,0.0,0.0,0.0,0.0,0.0,0.0,0.0,0.0,0.0,0.0,0.0,0.05564715581203628,1.026380873866447,9.132316570486399,15.173124484748561,4.612530915086563,4.336794289422453,2.968928840172432,nan,nan,nan,4.382992327365729,2.9873548072143445,4.289196310935441,2.949067294045445,0.9786000044205734,0.397,0.01194,0.0,0.0,0.0,0.0,0.0,0.0,0.0,0.0,0.0,0.0,0.14839241549876342,17.998763396537484,11.821929101401487,0.03091508656224238,0.0,0.0,0.0,0.0,0.0,0.0,0.0,0.0,0.0,0.0,0.0,0.0,0.0,0.0,0.0,0.0,nan,nan,4.336794289422453,2.968928840172432,nan,0.397,0.05988,0.0,0.0,0.0,0.0,0.0,0.0,0.0,0.0,0.0,0.0,0.0,0.0,0.0,0.0,0.0,0.0,0.0,0.0,0.0,0.0,0.0,0.0,0.0,0.0011541632316570487,4.122011541632317e-05,0.0006183017312448475,0.0016591096455070074,0.013355317394888705,0.008666529266281945,0.004513602638087387,0.002380461665292663,0.02889530090684254,0.04027205276174773,0.051112943116240726,0.07942085737840066,0.045476092333058535,0.0734439406430338,0.06661170651277823,0.048536685902720526,0.03947856553998351,0.07922506183017312,0.09403338829348722,0.046949711459192085,0.022980214344600163,0.015550288540807915,0.029884583676834296,0.028730420445177245,0.04314715581203627,0.047722588623248144,0.030245259686727123,0.01615828524319868,0.012273289365210223,0.006316982687551525,0.011943528441879637,0.008481038746908491,0.00032976092333058534,0.00025762572135201977,1.0305028854080792e-05,0.0001236603462489695,0.0,0.0,0.0,0.0,0.0,0.0,0.0,0.0,0.0,0.0,0.0,0.0,0.0,0.0,0.0,0.0,0.0,0.0,0.0,0.0,0.0,0.0,0.0,0.0,0.0,0.0,0.0,0.0,0.0,0.0,0.0,0.0,0.0,0.0,0.0,0.0,0.0,0.0,0.0,0.0,0.0,0.0,nan,nan,4.336794289422453,2.968928840172432,nan,0.9433434574789374,0.023630636073183737,0.0,0.0,0.0,0.0,0.0,0.0,0.0,0.0,0.0,0.0,0.0,0.0,0.0,0.0,0.0,0.0,0.0,0.0,0.0,0.0,0.0,0.0,0.0,0.0,0.0,0.03663003663003664,1.037851037851038,8.827838827838828,15.44566544566545,4.652014652014652,0.9421874354677061,0.023624249791330466,0.0,0.0,0.0,0.0,0.0,0.0,0.0,0.0,0.0,0.0,0.0,0.0,0.0,0.0,0.0,0.0,0.0,0.0,0.0,0.0,0.0,0.0,0.0,0.0,0.0,0.07515657620041755,1.0146137787056368,9.444676409185805,14.893528183716079,4.572025052192068,0.3967,0.01188,0.0,0.0,0.0,0.0,0.0,0.0,0.0,0.0,0.0,0.0,0.19536019536019542,17.973137973137945,11.831501831501834,0.0,0.0,0.0,0.0,0.0,0.0,0.0,0.0,0.0,0.0,0.0,0.0,0.0,0.0,0.0,0.0,0.0,0.3972,0.01199,0.0,0.0,0.0,0.0,0.0,0.0,0.0,0.0,0.0,0.0,0.1002087682672234,18.025052192066777,11.81210855949896,0.06263048016701463,0.0,0.0,0.0,0.0,0.0,0.0,0.0,0.0,0.0,0.0,0.0,0.0,0.0,0.0,0.0,0.0
91200,4755,2513,0.5284963196635121,1185,953,0.4496319663512093,1349,0.5674027339642481,0.37399999999999994,2.869313113291704,2.9033424355447637,6.071847507331379,2.062612112705422,9463.525331420353,1521.2194048659512,7853.0,10932.709564328194,10900.372841585266,7.42868140413747,7853.0,0.0,28.403575184016823,20.897308070401017,33.204822271936365,19.127015214706017,0.13417455310199788,0.09695057833859096,0.09190325972660357,0.08580441640378549,0.08307045215562565,0.07465825446898001,0.06919032597266035,0.061198738170347,0.059726603575184015,0.05594111461619348,0.04921135646687697,0.041219768664563616,0.035751840168243953,0.025867507886435333,0.017665615141955835,0.010304942166140904,0.007360672975814932,0.9432815101244472,0.023413615015262408,0.0,0.0,0.0,0.0,0.0,0.0,0.0,0.0,0.0,0.0,0.0,0.0,0.0,0.0,0.0,0.0,0.0,0.0,0.0,0.0,0.0,0.0,0.0,0.0,0.0,0.012618296529968457,1.0094637223974765,9.123028391167194,14.99684542586751,4.858044164037856,3.9848777348777347,2.7381597953452825,nan,nan,nan,4.028735632183908,2.7764410841189258,3.9415963659961064,2.698419715985784,0.9783705673085913,0.3972,0.01176,0.0,0.0,0.0,0.0,0.0,0.0,0.0,0.0,0.0,0.0,0.15141955835962148,17.817034700315432,12.012618296529972,0.018927444794952685,0.0,0.0,0.0,0.0,0.0,0.0,0.0,0.0,0.0,0.0,0.0,0.0,0.0,0.0,0.0,0.0,nan,nan,3.9848777348777347,2.7381597953452825,nan,0.3972,0.05994,0.0,0.0,0.0,0.0,0.0,0.0,0.0,0.0,0.0,0.0,0.0,0.0,0.0,0.0,0.0,0.0,0.0,0.0,0.0,0.0,0.0,0.0,0.0,0.0013249211356466876,0.00011566771819137749,0.0008412197686645636,0.0014195583596214511,0.012839116719242902,0.008780231335436383,0.005068349106203996,0.0024395373291272344,0.028201892744479495,0.03826498422712934,0.050304942166140905,0.0802944269190326,0.0470136698212408,0.07383806519453207,0.0646161934805468,0.046719242902208205,0.038811777076761304,0.08332281808622502,0.09307045215562566,0.04878023133543638,0.020977917981072555,0.0161198738170347,0.027833859095688748,0.03099894847528917,0.043659305993690854,0.04618296529968454,0.03086225026288118,0.016898002103049422,0.013438485804416403,0.006004206098843323,0.011188222923238697,0.00904311251314406,0.0005257623554153522,0.00019978969505783385,0.0,0.0,0.0,0.0,0.0,0.0,0.0,0.0,0.0,0.0,0.0,0.0,0.0,0.0,0.0,0.0,0.0,0.0,0.0,0.0,0.0,0.0,0.0,0.0,0.0,0.0,0.0,0.0,0.0,0.0,0.0,0.0,0.0,0.0,0.0,0.0,0.0,0.0,0.0,0.0,0.0,0.0,0.0,0.0,nan,nan,3.9848777348777347,2.7381597953452825,nan,0.9433327267666144,0.023689317078808267,0.0,0.0,0.0,0.0,0.0,0.0,0.0,0.0,0.0,0.0,0.0,0.0,0.0,0.0,0.0,0.0,0.0,0.0,0.0,0.0,0.0,0.0,0.0,0.0,0.0,0.023875845602865108,1.0744130521289297,8.97731794667728,15.029844807003585,4.894548348587347,0.9432241027106354,0.02310054195615401,0.0,0.0,0.0,0.0,0.0,0.0,0.0,0.0,0.0,0.0,0.0,0.0,0.0,0.0,0.0,0.0,0.0,0.0,0.0,0.0,0.0,0.0,0.0,0.0,0.0,0.0,0.9366636931311331,9.28635147190009,14.959857270294384,4.817127564674399,0.3972,0.01174,0.0,0.0,0.0,0.0,0.0,0.0,0.0,0.0,0.0,0.0,0.11937922801432553,17.63231197771585,12.2483087942698,0.0,0.0,0.0,0.0,0.0,0.0,0.0,0.0,0.0,0.0,0.0,0.0,0.0,0.0,0.0,0.0,0.0,0.3972,0.011765,0.0,0.0,0.0,0.0,0.0,0.0,0.0,0.0,0.0,0.0,0.18733273862622662,18.024085637823347,11.748438893844785,0.04014272970561999,0.0,0.0,0.0,0.0,0.0,0.0,0.0,0.0,0.0,0.0,0.0,0.0,0.0,0.0,0.0,0.0
91300,4695,2441,0.5199148029818956,1129,963,0.445580404685836,1319,0.561874334398296,0.40199999999999997,2.9680567879325643,3.1099134565951507,6.5368589743589745,2.176194132697883,9437.370965523689,1522.4834173393563,7853.0,10923.903762340546,10900.366523201033,7.347998059716171,7853.0,0.0,27.59765708200213,20.8443952275452,32.40703263344295,19.2128167105489,0.14057507987220447,0.10287539936102237,0.09882854100106496,0.08945686900958466,0.07752928647497337,0.07305644302449414,0.07263045793397231,0.06027689030883919,0.05559105431309904,0.04898828541001065,0.046858359957401494,0.04153354632587859,0.03237486687965921,0.021086261980830672,0.02023429179978701,0.011288604898828542,0.006815761448349307,0.942758942145509,0.023158202462652346,0.0,0.0,0.0,0.0,0.0,0.0,0.0,0.0,0.0,0.0,0.0,0.0,0.0,0.0,0.0,0.0,0.0,0.0,0.0,0.0,0.0,0.0,0.0,0.0,0.0,0.031948881789137386,0.9712460063897765,9.341853035143771,15.137380191693294,4.517571884984027,4.3250836120401335,2.915763794396712,nan,nan,nan,4.297225891677675,2.896069439084756,4.353658536585366,2.9355532808951965,1.0131323431279196,0.3977,0.01195,0.0,0.0,0.0,0.0,0.0,0.0,0.0,0.0,0.0,0.0,0.11501597444089459,17.25239616613416,12.59424920127796,0.03833865814696486,0.0,0.0,0.0,0.0,0.0,0.0,0.0,0.0,0.0,0.0,0.0,0.0,0.0,0.0,0.0,0.0,nan,nan,4.3250836120401335,2.915763794396712,nan,0.3975,0.0602,0.0,0.0,0.0,0.0,0.0,0.0,0.0,0.0,0.0,0.0,0.0,0.0,0.0,0.0,0.0,0.0,0.0,0.0,0.0,0.0,0.0,0.0,3.194888178913738e-05,0.0013631522896698615,0.00022364217252396167,0.000777422790202343,0.001128860489882854,0.012470713525026624,0.00838125665601704,0.00577209797657082,0.002736954206602769,0.026645367412140575,0.04106496272630458,0.051096911608093716,0.07996805111821086,0.04615548455804047,0.07619808306709265,0.060511182108626195,0.04514376996805112,0.04039403620873269,0.08217252396166135,0.09089456869009585,0.04755058572949947,0.021863684771033013,0.01764643237486688,0.029904153354632586,0.03014909478168264,0.04288604898828541,0.046517571884984024,0.029829605963791268,0.01830670926517572,0.01450479233226837,0.006496272630457934,0.012140575079872205,0.008317358892438764,0.0005324813631522897,0.00011714589989350373,1.0649627263045793e-05,9.584664536741214e-05,0.0,0.0,0.0,0.0,0.0,0.0,0.0,0.0,0.0,0.0,0.0,0.0,0.0,0.0,0.0,0.0,0.0,0.0,0.0,0.0,0.0,0.0,0.0,0.0,0.0,0.0,0.0,0.0,0.0,0.0,0.0,0.0,0.0,0.0,0.0,0.0,0.0,0.0,0.0,0.0,0.0,0.0,nan,nan,4.3250836120401335,2.915763794396712,nan,0.9433808713504303,0.023300040102028404,0.0,0.0,0.0,0.0,0.0,0.0,0.0,0.0,0.0,0.0,0.0,0.0,0.0,0.0,0.0,0.0,0.0,0.0,0.0,0.0,0.0,0.0,0.0,0.0,0.0,0.0368701351904957,0.9832036050798855,9.09463334698894,15.055305202785746,4.8299877099549375,0.9420854154422205,0.0229846383187963,0.0,0.0,0.0,0.0,0.0,0.0,0.0,0.0,0.0,0.0,0.0,0.0,0.0,0.0,0.0,0.0,0.0,0.0,0.0,0.0,0.0,0.0,0.0,0.0,0.0,0.02661934338952973,0.9582963620230703,9.609582963620232,15.226264418811006,4.179236912156168,0.3972,0.01181,0.0,0.0,0.0,0.0,0.0,0.0,0.0,0.0,0.0,0.0,0.12290045063498568,17.832855387136394,11.995083981974604,0.049160180253994275,0.0,0.0,0.0,0.0,0.0,0.0,0.0,0.0,0.0,0.0,0.0,0.0,0.0,0.0,0.0,0.0,0.398,0.01208,0.0,0.0,0.0,0.0,0.0,0.0,0.0,0.0,0.0,0.0,0.10647737355811893,16.623779946761292,13.243123336291042,0.02661934338952973,0.0,0.0,0.0,0.0,0.0,0.0,0.0,0.0,0.0,0.0,0.0,0.0,0.0,0.0,0.0,0.0
91400,4612,2386,0.5173460537727667,1069,923,0.4319167389418907,1308,0.5672159583694709,0.414,3.0705300988319855,3.113885573811917,6.523291925465839,2.126675671482121,9429.434180159713,1522.6698719973062,7853.0,10926.883475899696,10900.156093418524,7.2569972418589925,7853.0,0.0,28.14570685169124,21.303500505327744,33.266856846473026,19.550262413904733,0.14267129228100608,0.10342584562012143,0.09410234171725933,0.08065915004336513,0.07762359063313096,0.0745880312228968,0.06764960971379011,0.06569817866435386,0.05442324371205551,0.05117085862966175,0.044449262792714654,0.040329575021682565,0.03707718993928881,0.02580225498699046,0.017996530789245447,0.013876843018213356,0.008456201214223764,0.9419288822132302,0.02316472350186722,0.0,0.0,0.0,0.0,0.0,0.0,0.0,0.0,0.0,0.0,0.0,0.0,0.0,0.0,0.0,0.0,0.0,0.0,0.0,0.0,0.0,0.0,0.0,0.0,0.0,0.019514310494362537,1.1383347788378146,9.301821335646142,15.39679098005204,4.1435385949696455,4.3547400611620795,2.848398001993348,nan,nan,nan,4.355326460481099,2.91356540709078,4.354166666666667,2.7832006318568663,0.9997337068013257,0.3972,0.01201,0.0,0.0,0.0,0.0,0.0,0.0,0.0,0.0,0.0,0.0,0.1040763226366002,17.738508239375516,12.111882046834348,0.04553339115351259,0.0,0.0,0.0,0.0,0.0,0.0,0.0,0.0,0.0,0.0,0.0,0.0,0.0,0.0,0.0,0.0,nan,nan,4.3547400611620795,2.848398001993348,nan,0.3972,0.0603,0.0,0.0,0.0,0.0,0.0,0.0,0.0,0.0,0.0,0.0,0.0,0.0,0.0,0.0,0.0,0.0,0.0,0.0,0.0,4.336513443191674e-05,0.0,2.168256721595837e-05,3.2523850823937556e-05,0.001810494362532524,0.00023850823937554205,0.0010082393755420642,0.0008564614050303556,0.011871205550737207,0.007599739809193409,0.005875975715524718,0.0032523850823937554,0.026647875108412836,0.04361448395490026,0.05146357328707719,0.07798135299219427,0.04674761491760625,0.07830659150043365,0.06090633130962706,0.042888117953165654,0.039061144839549006,0.08393321769297485,0.0903620988725065,0.04841717259323504,0.022549869904596703,0.017411101474414572,0.02911968777103209,0.02923894189071986,0.04192324371205551,0.04704032957502168,0.029108846487424112,0.0186470078057242,0.013746747614917607,0.006450563746747615,0.012445793581960104,0.00838031222896791,0.0004986990459670425,0.00010841283607979184,0.00010841283607979184,0.0002818733738074588,0.0,0.0,0.0,0.0,0.0,0.0,0.0,0.0,0.0,0.0,0.0,0.0,0.0,0.0,0.0,0.0,0.0,0.0,0.0,0.0,0.0,0.0,0.0,0.0,0.0,0.0,0.0,0.0,0.0,0.0,0.0,0.0,0.0,0.0,0.0,0.0,0.0,0.0,0.0,0.0,0.0,0.0,nan,nan,4.3547400611620795,2.848398001993348,nan,0.942435743048325,0.02339364757394825,0.0,0.0,0.0,0.0,0.0,0.0,0.0,0.0,0.0,0.0,0.0,0.0,0.0,0.0,0.0,0.0,0.0,0.0,0.0,0.0,0.0,0.0,0.0,0.0,0.0,0.025146689019279134,1.2196144174350378,9.01508801341157,15.490360435875946,4.249790444258173,0.9413855893324863,0.022904354268426845,0.0,0.0,0.0,0.0,0.0,0.0,0.0,0.0,0.0,0.0,0.0,0.0,0.0,0.0,0.0,0.0,0.0,0.0,0.0,0.0,0.0,0.0,0.0,0.0,0.0,0.013477088948787064,1.051212938005391,9.609164420485177,15.296495956873319,4.029649595687332,0.3975,0.01189,0.0,0.0,0.0,0.0,0.0,0.0,0.0,0.0,0.0,0.0,0.0754400670578374,17.652975691533925,12.233864207879298,0.0377200335289187,0.0,0.0,0.0,0.0,0.0,0.0,0.0,0.0,0.0,0.0,0.0,0.0,0.0,0.0,0.0,0.0,0.3972,0.01213,0.0,0.0,0.0,0.0,0.0,0.0,0.0,0.0,0.0,0.0,0.13477088948787064,17.830188679245257,11.9811320754717,0.05390835579514826,0.0,0.0,0.0,0.0,0.0,0.0,0.0,0.0,0.0,0.0,0.0,0.0,0.0,0.0,0.0,0.0
91500,4602,2419,0.5256410256410257,1147,919,0.44893524554541503,1283,0.5575836592785746,0.422,3.0508474576271185,3.1310772099750577,6.680952380952381,2.085045554894759,9454.673785004925,1521.5478205501663,7853.0,10921.848437905312,10900.0867129362,7.269135563850097,7853.0,0.0,27.923076923076923,20.73338529531937,32.917573872472786,18.917105113122474,0.13885267275097785,0.09626249456757931,0.0938722294654498,0.08257279443720121,0.0869187309865276,0.07453281182094741,0.07018687527162104,0.06605823554976098,0.05823554976097349,0.053237722729248156,0.044980443285528034,0.04324206866579748,0.03215993046501521,0.02368535419382877,0.021077792264232943,0.009343763581051717,0.0047805302042590175,0.9422042307802927,0.02352158733947135,0.0,0.0,0.0,0.0,0.0,0.0,0.0,0.0,0.0,0.0,0.0,0.0,0.0,0.0,0.0,0.0,0.0,0.0,0.0,0.0,0.0,0.0,0.0,0.0,0.0,0.013037809647979142,1.0886571056062584,9.667535853976533,14.406779661016952,4.823989569752283,4.271328203412512,2.931294948075063,nan,nan,nan,4.279225116900467,2.9424772350262454,4.263404825737266,2.920010685220136,0.9963030009567104,0.3977,0.01214,0.0,0.0,0.0,0.0,0.0,0.0,0.0,0.0,0.0,0.0,0.08474576271186443,17.438070404172073,12.425032594524122,0.05215123859191657,0.0,0.0,0.0,0.0,0.0,0.0,0.0,0.0,0.0,0.0,0.0,0.0,0.0,0.0,0.0,0.0,nan,nan,4.271328203412512,2.931294948075063,nan,0.3977,0.0602,0.0,0.0,0.0,0.0,0.0,0.0,0.0,0.0,0.0,0.0,0.0,0.0,0.0,0.0,0.0,0.0,0.0,0.0,0.0,4.34593654932638e-05,0.0,0.0,0.0,0.0017601043024771839,0.0001086484137331595,0.0010104302477183832,0.000847457627118644,0.011484137331594958,0.00772490221642764,0.005171664493698392,0.003672316384180791,0.02580399826162538,0.04267709691438505,0.05171664493698392,0.07991090830073881,0.04589308996088657,0.07951977401129944,0.0598109517601043,0.0426445023902651,0.03622338113863537,0.08192090395480225,0.09098218166014777,0.049119947848761406,0.02303346371142981,0.018144285093437636,0.028878748370273793,0.031073446327683617,0.04696870925684485,0.046610169491525424,0.02792264232942199,0.01848109517601043,0.013244241634072142,0.0067687961755758365,0.011864406779661017,0.007344632768361582,0.0007170795306388527,0.0004780530204259018,0.00020643198609300305,0.00020643198609300305,0.0,1.086484137331595e-05,0.0,0.0,0.0,0.0,0.0,0.0,0.0,0.0,0.0,0.0,0.0,0.0,0.0,0.0,0.0,0.0,0.0,0.0,0.0,0.0,0.0,0.0,0.0,0.0,0.0,0.0,0.0,0.0,0.0,0.0,0.0,0.0,0.0,0.0,0.0,0.0,0.0,0.0,0.0,0.0,nan,nan,4.271328203412512,2.931294948075063,nan,0.9419878561322282,0.023516066309662745,0.0,0.0,0.0,0.0,0.0,0.0,0.0,0.0,0.0,0.0,0.0,0.0,0.0,0.0,0.0,0.0,0.0,0.0,0.0,0.0,0.0,0.0,0.0,0.0,0.0,0.012401818933443574,1.103761885076478,9.723026043819761,14.311699049193885,4.849111202976437,0.9424439972822021,0.023525379384034734,0.0,0.0,0.0,0.0,0.0,0.0,0.0,0.0,0.0,0.0,0.0,0.0,0.0,0.0,0.0,0.0,0.0,0.0,0.0,0.0,0.0,0.0,0.0,0.0,0.0,0.013742556115437475,1.0719193770041229,9.606046724690794,14.512139257901973,4.796152084287678,0.3977,0.012276,0.0,0.0,0.0,0.0,0.0,0.0,0.0,0.0,0.0,0.0,0.1364200082678793,17.52377015295574,12.302604381976026,0.03720545680033072,0.0,0.0,0.0,0.0,0.0,0.0,0.0,0.0,0.0,0.0,0.0,0.0,0.0,0.0,0.0,0.0,0.3977,0.01199,0.0,0.0,0.0,0.0,0.0,0.0,0.0,0.0,0.0,0.0,0.02748511223087495,17.343105817682062,12.560696289509853,0.06871278057718737,0.0,0.0,0.0,0.0,0.0,0.0,0.0,0.0,0.0,0.0,0.0,0.0,0.0,0.0,0.0,0.0
91600,4668,2411,0.5164952870608398,1100,974,0.44430162810625534,1287,0.5514138817480719,0.438,2.929109437306159,3.1617632410078236,6.846956521739131,2.3025627212013493,9426.891178756148,1522.8056140527685,7853.0,10923.316484332085,10900.251772058771,7.32293634990124,7853.0,0.0,27.24828620394173,20.64341663697292,32.21866188156883,18.946534154735268,0.14417309340188517,0.10068551842330763,0.09747215081405312,0.09297343616109682,0.08140531276778064,0.07240788346186804,0.07240788346186804,0.05741216795201371,0.05826906598114824,0.05077120822622108,0.04263067694944302,0.043059125964010285,0.02956298200514139,0.024850042844901457,0.016923736075407026,0.0074978577549271634,0.0074978577549271634,0.9427959292156634,0.023011736009588054,0.0,0.0,0.0,0.0,0.0,0.0,0.0,0.0,0.0,0.0,0.0,0.0,0.0,0.0,0.0,0.0,0.0,0.0,0.0,0.0,0.0,0.0,0.0,0.0,0.0,0.019280205655526995,0.9254498714652958,9.344473007712084,15.02570694087404,4.68508997429306,4.319213825821755,2.980980064860299,nan,nan,nan,4.3561643835616435,2.9893411699758015,4.283031522468142,2.9723249190195054,0.9832116388055798,0.398,0.01231,0.0,0.0,0.0,0.0,0.0,0.0,0.0,0.0,0.0,0.0,0.12853470437017997,17.050128534704346,12.692802056555273,0.12853470437017997,0.0,0.0,0.0,0.0,0.0,0.0,0.0,0.0,0.0,0.0,0.0,0.0,0.0,0.0,0.0,0.0,nan,nan,4.319213825821755,2.980980064860299,nan,0.398,0.06003,0.0,0.0,0.0,0.0,0.0,0.0,0.0,0.0,0.0,0.0,0.0,0.0,0.0,0.0,0.0,0.0,0.0,0.0,0.0,2.1422450728363323e-05,0.0,0.0,0.0,0.0014031705227077979,0.00014995715509854326,0.0010282776349614395,0.0008783204798628963,0.01171808054841474,0.008536846615252785,0.004530848329048843,0.0038453299057412166,0.02391816623821765,0.041334618680377036,0.05261353898886033,0.08060197086546701,0.04515852613538989,0.07720651242502143,0.06505998286203941,0.04160239931448158,0.03530419880034276,0.08224078834618681,0.09055269922879178,0.04916452442159383,0.0237146529562982,0.017491431019708653,0.02964867180805484,0.029466580976863752,0.04866109682947729,0.045951156812339335,0.029145244215938303,0.01901242502142245,0.01276778063410454,0.007358611825192802,0.012103684661525279,0.0064910025706940875,0.0006426735218508997,0.0002892030848329049,0.0002892030848329049,9.640102827763497e-05,0.0,0.0,0.0,0.0,0.0,0.0,0.0,0.0,0.0,0.0,0.0,0.0,0.0,0.0,0.0,0.0,0.0,0.0,0.0,0.0,0.0,0.0,0.0,0.0,0.0,0.0,0.0,0.0,0.0,0.0,0.0,0.0,0.0,0.0,0.0,0.0,0.0,0.0,0.0,0.0,0.0,0.0,nan,nan,4.319213825821755,2.980980064860299,nan,0.9425732493895013,0.0232066222095724,0.0,0.0,0.0,0.0,0.0,0.0,0.0,0.0,0.0,0.0,0.0,0.0,0.0,0.0,0.0,0.0,0.0,0.0,0.0,0.0,0.0,0.0,0.0,0.0,0.0,0.012442969722107013,1.070095396101203,9.207797594359189,14.993778515138949,4.715885524678558,0.9430338029688209,0.022799309888482274,0.0,0.0,0.0,0.0,0.0,0.0,0.0,0.0,0.0,0.0,0.0,0.0,0.0,0.0,0.0,0.0,0.0,0.0,0.0,0.0,0.0,0.0,0.0,0.0,0.0,0.026583961010190525,0.7709348692955252,9.490474080638016,15.059813912272931,4.652193176783341,0.3977,0.01228,0.0,0.0,0.0,0.0,0.0,0.0,0.0,0.0,0.0,0.0,0.0995437577768561,17.345499792617147,12.45541269182912,0.0995437577768561,0.0,0.0,0.0,0.0,0.0,0.0,0.0,0.0,0.0,0.0,0.0,0.0,0.0,0.0,0.0,0.0,0.3982,0.01232,0.0,0.0,0.0,0.0,0.0,0.0,0.0,0.0,0.0,0.0,0.15950376606114314,16.734603455914907,12.946389011962786,0.15950376606114314,0.0,0.0,0.0,0.0,0.0,0.0,0.0,0.0,0.0,0.0,0.0,0.0,0.0,0.0,0.0,0.0
91700,4982,2574,0.5166599759132878,1218,1005,0.44620634283420313,1410,0.5660377358490566,0.38999999999999996,2.955564784053156,3.078583550007122,6.485632183908046,2.199744081849264,9427.38768829346,1522.7840617592442,7853.0,10927.360926151276,10900.24143864725,7.425488324064433,7853.0,0.0,28.45383380168607,21.009474272050554,33.26886568580921,19.258048171058217,0.13428342031312726,0.0983540746688077,0.08610999598554797,0.09132878362103573,0.08289843436370935,0.07527097551184263,0.06543556804496187,0.06643918105178644,0.056403050983540745,0.05560016057808109,0.048574869530309116,0.03994379767161783,0.03432356483340024,0.02549177037334404,0.02127659574468085,0.011842633480529908,0.006423123243677238,0.9420035084966003,0.02338459784632719,0.0,0.0,0.0,0.0,0.0,0.0,0.0,0.0,0.0,0.0,0.0,0.0,0.0,0.0,0.0,0.0,0.0,0.0,0.0,0.0,0.0,0.0,0.0,0.0,0.0,0.04215174628663189,1.1079887595343239,9.556403050983542,14.89160979526295,4.401846647932558,4.20324456688093,2.877620476088704,nan,nan,nan,4.148012232415902,2.881575028010238,4.258578431372549,2.872588492250379,1.0266552249032908,0.3984,0.01207,0.0,0.0,0.0,0.0,0.0,0.0,0.0,0.0,0.0,0.0,0.11441188277800082,16.987153753512622,12.77197912484946,0.12645523885989565,0.0,0.0,0.0,0.0,0.0,0.0,0.0,0.0,0.0,0.0,0.0,0.0,0.0,0.0,0.0,0.0,nan,nan,4.20324456688093,2.877620476088704,nan,0.3984,0.06024,0.0,0.0,0.0,0.0,0.0,0.0,0.0,0.0,0.0,0.0,0.0,0.0,0.0,0.0,0.0,0.0,0.0,0.0,0.0,0.0,0.0,0.0,0.0,0.0014251304696908872,0.00022079486150140506,0.0009634684865515857,0.0007125652348454436,0.011782416700120434,0.008751505419510237,0.004777197912484946,0.003633079084704938,0.022962665596146126,0.04202127659574468,0.05201726214371738,0.0790646326776395,0.04619630670413489,0.07715776796467282,0.06518466479325571,0.038408269771176236,0.03417302288237656,0.0813026896828583,0.09076676033721397,0.05261942994781212,0.02374548374146929,0.016429144921718184,0.03225612203934163,0.028713368125250903,0.050431553592934567,0.04493175431553593,0.028663187474909674,0.01848655158570855,0.01385989562424729,0.007737856282617423,0.011561621838619028,0.007306302689682858,0.0006924929747089522,0.0005018065034122842,0.0004616619831393015,8.028904054596547e-05,0.0,0.0,0.0,0.0,0.0,0.0,0.0,0.0,0.0,0.0,0.0,0.0,0.0,0.0,0.0,0.0,0.0,0.0,0.0,0.0,0.0,0.0,0.0,0.0,0.0,0.0,0.0,0.0,0.0,0.0,0.0,0.0,0.0,0.0,0.0,0.0,0.0,0.0,0.0,0.0,0.0,0.0,nan,nan,4.20324456688093,2.877620476088704,nan,0.9419778538194847,0.02362941713086845,0.0,0.0,0.0,0.0,0.0,0.0,0.0,0.0,0.0,0.0,0.0,0.0,0.0,0.0,0.0,0.0,0.0,0.0,0.0,0.0,0.0,0.0,0.0,0.0,0.0,0.058275058275058286,1.0839160839160842,9.673659673659676,14.673659673659676,4.510489510489511,0.9420309317270387,0.023120003551239738,0.0,0.0,0.0,0.0,0.0,0.0,0.0,0.0,0.0,0.0,0.0,0.0,0.0,0.0,0.0,0.0,0.0,0.0,0.0,0.0,0.0,0.0,0.0,0.0,0.0,0.02491694352159469,1.1337209302325584,9.43106312292359,15.124584717607977,4.2857142857142865,0.3982,0.0123,0.0,0.0,0.0,0.0,0.0,0.0,0.0,0.0,0.0,0.0,0.16317016317016322,17.01631701631699,12.703962703962707,0.11655011655011657,0.0,0.0,0.0,0.0,0.0,0.0,0.0,0.0,0.0,0.0,0.0,0.0,0.0,0.0,0.0,0.0,0.3984,0.0118,0.0,0.0,0.0,0.0,0.0,0.0,0.0,0.0,0.0,0.0,0.062292358803986723,16.955980066445157,12.844684385382063,0.1370431893687708,0.0,0.0,0.0,0.0,0.0,0.0,0.0,0.0,0.0,0.0,0.0,0.0,0.0,0.0,0.0,0.0
91800,4923,2534,0.5147267926061345,1182,1023,0.44789762340036565,1390,0.5646963233800528,0.40599999999999997,2.953955629970699,3.0548861642415033,6.480654761904762,2.1275364805447525,9421.622773445453,1523.0911249636115,7853.0,10925.182928800583,10900.486153777416,7.3487987528430345,7853.0,0.0,27.82490351411741,20.71817933291545,32.74770198355104,18.9565735813988,0.13893967093235832,0.0989234206784481,0.09303270363599431,0.08511070485476335,0.08836075563680683,0.07292301442210035,0.06987609181393459,0.06236034938045907,0.059313426772293315,0.05078204346942921,0.04509445460085314,0.04143814747105423,0.03412553321145643,0.025594149908592323,0.019703432866138532,0.009343895998374974,0.005078204346942921,0.9416148862460026,0.02326659224517823,0.0,0.0,0.0,0.0,0.0,0.0,0.0,0.0,0.0,0.0,0.0,0.0,0.0,0.0,0.0,0.0,0.0,0.0,0.0,0.0,0.0,0.0,0.0,0.0,0.0,0.01828153564899452,1.1517367458866548,9.677026203534432,14.753199268738577,4.399756246191347,4.271550363119672,2.858325421400598,nan,nan,nan,4.349428208386277,2.898298857557245,4.197236180904523,2.8150782809964947,0.9650087275407127,0.3994,0.01243,0.0,0.0,0.0,0.0,0.0,0.0,0.0,0.0,0.0,0.0,0.07312614259597808,15.612431444241293,14.19256550883608,0.12187690432663012,0.0,0.0,0.0,0.0,0.0,0.0,0.0,0.0,0.0,0.0,0.0,0.0,0.0,0.0,0.0,0.0,nan,nan,4.271550363119672,2.858325421400598,nan,0.3994,0.06073,0.0,0.0,0.0,0.0,0.0,0.0,0.0,0.0,0.0,0.0,0.0,0.0,0.0,0.0,0.0,0.0,0.0,0.0,0.0,0.0,0.0,0.0,0.0,0.0013914279910623604,0.00017265894779605931,0.0006703229737964656,0.00041641275644931953,0.012015031484866951,0.007586837294332724,0.004590696729636401,0.0042656916514320535,0.02171440178752793,0.042514726792606136,0.05005078204346943,0.08168799512492382,0.04600853138330287,0.07520820637822466,0.06244160065001016,0.03769043266301036,0.03214503351614869,0.08286613853341458,0.09302254722730043,0.05171643306926671,0.02284176315254926,0.016961202518789357,0.03143408490757668,0.027564493195206177,0.05206175096485883,0.04614056469632338,0.029646556977452772,0.01817997156205566,0.016016656510257972,0.008013406459475928,0.012654885232581759,0.008429819215925248,0.00037578712167377613,0.0005484460694698354,0.00090392037375584,5.078204346942921e-05,0.0,0.0,0.0,0.0,0.0,0.0,0.0,0.0,0.0,0.0,0.0,0.0,0.0,0.0,0.0,0.0,0.0,0.0,0.0,0.0,0.0,0.0,0.0,0.0,0.0,0.0,0.0,0.0,0.0,0.0,0.0,0.0,0.0,0.0,0.0,0.0,0.0,0.0,0.0,0.0,0.0,0.0,nan,nan,4.271550363119672,2.858325421400598,nan,0.9417456915835838,0.02318033080158673,0.0,0.0,0.0,0.0,0.0,0.0,0.0,0.0,0.0,0.0,0.0,0.0,0.0,0.0,0.0,0.0,0.0,0.0,0.0,0.0,0.0,0.0,0.0,0.0,0.0,0.011838989739542229,1.1128650355169694,9.613259668508288,14.775059194948701,4.486977111286504,0.9414761416978944,0.023356940584190973,0.0,0.0,0.0,0.0,0.0,0.0,0.0,0.0,0.0,0.0,0.0,0.0,0.0,0.0,0.0,0.0,0.0,0.0,0.0,0.0,0.0,0.0,0.0,0.0,0.0,0.025115110925073257,1.1929677689409797,9.744663038928424,14.730012557555465,4.307241523650063,0.3994,0.01271,0.0,0.0,0.0,0.0,0.0,0.0,0.0,0.0,0.0,0.0,0.07103393843725336,15.722178374112053,14.07655880031571,0.1302288871349645,0.0,0.0,0.0,0.0,0.0,0.0,0.0,0.0,0.0,0.0,0.0,0.0,0.0,0.0,0.0,0.0,0.3997,0.01211,0.0,0.0,0.0,0.0,0.0,0.0,0.0,0.0,0.0,0.0,0.07534533277521976,15.496023440770175,14.315613227291758,0.11301799916282966,0.0,0.0,0.0,0.0,0.0,0.0,0.0,0.0,0.0,0.0,0.0,0.0,0.0,0.0,0.0,0.0
91900,4968,2538,0.5108695652173914,1155,1018,0.43739935587761675,1423,0.572866344605475,0.39399999999999996,2.9790123456790125,3.030838047710983,6.406779661016949,2.0995181911730487,9409.85866231265,1523.3832950655185,7853.0,10927.594714641571,10900.468019846037,7.478682010192009,7853.0,0.0,28.284219001610307,21.149916737737524,33.226848528356065,19.425334240013303,0.13747987117552335,0.10165056360708534,0.0927938808373591,0.08152173913043478,0.08172302737520129,0.07971014492753623,0.06360708534621579,0.06521739130434782,0.05877616747181964,0.04931561996779388,0.0430756843800322,0.040257648953301126,0.03603059581320451,0.0285829307568438,0.020933977455716585,0.013285024154589372,0.006038647342995169,0.9416788982140462,0.02348961780470783,0.0,0.0,0.0,0.0,0.0,0.0,0.0,0.0,0.0,0.0,0.0,0.0,0.0,0.0,0.0,0.0,0.0,0.0,0.0,0.0,0.0,0.0,0.0,0.0,0.0,0.012077294685990341,1.1473429951690823,9.553140096618359,14.969806763285026,4.317632850241546,4.299748901443817,2.7807934552531526,nan,nan,nan,4.229987293519695,2.7536212266880975,4.367866004962779,2.805397962668326,1.0325955379710745,0.3994,0.01268,0.0,0.0,0.0,0.0,0.0,0.0,0.0,0.0,0.0,0.0,0.09057971014492756,15.82125603864732,13.955314009661839,0.13285024154589375,0.0,0.0,0.0,0.0,0.0,0.0,0.0,0.0,0.0,0.0,0.0,0.0,0.0,0.0,0.0,0.0,nan,nan,4.299748901443817,2.7807934552531526,nan,0.3994,0.0608,0.0,0.0,0.0,0.0,0.0,0.0,0.0,0.0,0.0,0.0,0.0,0.0,0.0,0.0,0.0,0.0,0.0,0.0,0.0,0.0,0.0,0.0,1.0064412238325282e-05,0.001247987117552335,0.00017109500805152978,0.0007145732689210951,0.0008051529790660225,0.012791867954911433,0.006994766505636071,0.005173107890499195,0.004257246376811594,0.02269524959742351,0.042844202898550725,0.047594605475040255,0.08291062801932367,0.04695048309178744,0.07445652173913044,0.0634963768115942,0.03752012882447665,0.03248792270531401,0.08196457326892109,0.09331723027375201,0.049134460547504026,0.021920289855072463,0.01663647342995169,0.03018317230273752,0.026398953301127213,0.05348228663446055,0.049154589371980674,0.03250805152979066,0.01846819645732689,0.016052737520128823,0.0064714170692431565,0.011010466988727858,0.008313204508856684,0.000462962962962963,0.0006541867954911433,0.0006743156199677939,7.045088566827698e-05,0.0,0.0,0.0,0.0,0.0,0.0,0.0,0.0,0.0,0.0,0.0,0.0,0.0,0.0,0.0,0.0,0.0,0.0,0.0,0.0,0.0,0.0,0.0,0.0,0.0,0.0,0.0,0.0,0.0,0.0,0.0,0.0,0.0,0.0,0.0,0.0,0.0,0.0,0.0,0.0,0.0,0.0,nan,nan,4.299748901443817,2.7807934552531526,nan,0.9415040403909811,0.023569142133192382,0.0,0.0,0.0,0.0,0.0,0.0,0.0,0.0,0.0,0.0,0.0,0.0,0.0,0.0,0.0,0.0,0.0,0.0,0.0,0.0,0.0,0.0,0.0,0.0,0.0,0.011820330969267143,1.182033096926714,9.692671394799056,14.84633569739953,4.267139479905438,0.941861527495914,0.023404875892567102,0.0,0.0,0.0,0.0,0.0,0.0,0.0,0.0,0.0,0.0,0.0,0.0,0.0,0.0,0.0,0.0,0.0,0.0,0.0,0.0,0.0,0.0,0.0,0.0,0.0,0.012345679012345682,1.1111111111111114,9.407407407407408,15.098765432098768,4.370370370370371,0.3994,0.0129,0.0,0.0,0.0,0.0,0.0,0.0,0.0,0.0,0.0,0.0,0.08274231678487,15.744680851063807,14.007092198581564,0.16548463356974,0.0,0.0,0.0,0.0,0.0,0.0,0.0,0.0,0.0,0.0,0.0,0.0,0.0,0.0,0.0,0.0,0.3992,0.012436,0.0,0.0,0.0,0.0,0.0,0.0,0.0,0.0,0.0,0.0,0.09876543209876545,15.901234567901211,13.901234567901238,0.09876543209876545,0.0,0.0,0.0,0.0,0.0,0.0,0.0,0.0,0.0,0.0,0.0,0.0,0.0,0.0,0.0,0.0
92000,4825,2489,0.5158549222797928,1142,995,0.4429015544041451,1328,0.5504663212435233,0.40599999999999997,2.8882705479452055,3.0735726315355483,6.429467084639499,2.2093865085616833,9425.153026021133,1523.074863714539,7853.0,10924.447056412697,10900.665066513444,7.143123072948713,7853.0,0.0,28.13740932642487,21.137437737753977,33.11124814997533,19.399868953501066,0.141139896373057,0.09968911917098446,0.09761658031088083,0.08642487046632125,0.06839378238341969,0.07813471502590674,0.06652849740932643,0.06404145077720207,0.06134715025906736,0.0505699481865285,0.04725388601036269,0.0383419689119171,0.033782383419689116,0.029015544041450778,0.01927461139896373,0.010984455958549223,0.007461139896373057,0.9422781791711718,0.02322047606194867,0.0,0.0,0.0,0.0,0.0,0.0,0.0,0.0,0.0,0.0,0.0,0.0,0.0,0.0,0.0,0.0,0.0,0.0,0.0,0.0,0.0,0.0,0.0,0.0,0.0,0.03108808290155441,0.9948186528497411,9.575129533678759,14.884974093264251,4.5139896373057,4.2555591363196905,2.9139745533132078,nan,nan,nan,4.232166018158236,2.9677126100520743,4.278205128205128,2.86056957910427,1.0108783799712393,0.3992,0.01211,0.0,0.0,0.0,0.0,0.0,0.0,0.0,0.0,0.0,0.0,0.08704663212435236,15.941968911917074,13.915025906735755,0.055958549222797936,0.0,0.0,0.0,0.0,0.0,0.0,0.0,0.0,0.0,0.0,0.0,0.0,0.0,0.0,0.0,0.0,nan,nan,4.2555591363196905,2.9139745533132078,nan,0.3992,0.06128,0.0,0.0,0.0,0.0,0.0,0.0,0.0,0.0,0.0,0.0,0.0,0.0,0.0,0.0,0.0,0.0,0.0,0.0,0.0,0.0,0.0,0.0,0.000155440414507772,0.0011295336787564766,9.326424870466321e-05,0.0006113989637305699,0.001398963730569948,0.014455958549222797,0.0068704663212435235,0.004093264248704663,0.0035129533678756476,0.024870466321243522,0.04578238341968912,0.04744041450777202,0.08296373056994819,0.04659067357512953,0.07255958549222798,0.061875647668393784,0.03750259067357513,0.03169948186528498,0.08292227979274612,0.09361658031088083,0.04793782383419689,0.021512953367875648,0.016082901554404144,0.028466321243523315,0.025191709844559585,0.053150259067357514,0.05061139896373057,0.034466321243523314,0.01855958549222798,0.016683937823834198,0.006155440414507772,0.010704663212435234,0.007927461139896372,0.0006632124352331606,0.0006321243523316062,0.0010259067357512954,8.290155440414508e-05,0.0,0.0,0.0,0.0,0.0,0.0,0.0,0.0,0.0,0.0,0.0,0.0,0.0,0.0,0.0,0.0,0.0,0.0,0.0,0.0,0.0,0.0,0.0,0.0,0.0,0.0,0.0,0.0,0.0,0.0,0.0,0.0,0.0,0.0,0.0,0.0,0.0,0.0,0.0,0.0,0.0,0.0,nan,nan,4.2555591363196905,2.9139745533132078,nan,0.9425046769142534,0.02279323553217043,0.0,0.0,0.0,0.0,0.0,0.0,0.0,0.0,0.0,0.0,0.0,0.0,0.0,0.0,0.0,0.0,0.0,0.0,0.0,0.0,0.0,0.0,0.0,0.0,0.0,0.012053033346725596,0.8919244676576941,9.473684210526317,15.150662916834072,4.471675371635196,0.9420368466015956,0.023664828764866926,0.0,0.0,0.0,0.0,0.0,0.0,0.0,0.0,0.0,0.0,0.0,0.0,0.0,0.0,0.0,0.0,0.0,0.0,0.0,0.0,0.0,0.0,0.0,0.0,0.0,0.05136986301369864,1.1044520547945207,9.683219178082194,14.601883561643838,4.559075342465754,0.3992,0.01212,0.0,0.0,0.0,0.0,0.0,0.0,0.0,0.0,0.0,0.0,0.10847730012053036,15.837685817597405,14.017677782241867,0.036159100040176785,0.0,0.0,0.0,0.0,0.0,0.0,0.0,0.0,0.0,0.0,0.0,0.0,0.0,0.0,0.0,0.0,0.399,0.012085,0.0,0.0,0.0,0.0,0.0,0.0,0.0,0.0,0.0,0.0,0.0642123287671233,16.0530821917808,13.80565068493151,0.07705479452054796,0.0,0.0,0.0,0.0,0.0,0.0,0.0,0.0,0.0,0.0,0.0,0.0,0.0,0.0,0.0,0.0
92100,4933,2551,0.5171295357794445,1209,1015,0.45084127305899047,1390,0.5635515913237381,0.38999999999999996,2.9370277078085643,3.0191492229266523,6.409691629955947,2.0617116604867936,9428.887522293157,1522.8026859958914,7853.0,10925.631799399853,10900.374812807582,7.560553377462653,7853.0,0.0,28.115345631461587,20.77796362049992,33.12575574365175,18.953456688386026,0.13946888303263735,0.09791202108250557,0.08838435029393878,0.08878978309345226,0.07885667950537198,0.07601864990877762,0.07216703831339956,0.06527468072167038,0.05635515913237381,0.05088181633894182,0.04905736874113116,0.04317859314818569,0.03365092235961889,0.027366713967159943,0.016622744780052705,0.010135819987837016,0.005878775592945469,0.9419913822005299,0.023515184121633524,0.0,0.0,0.0,0.0,0.0,0.0,0.0,0.0,0.0,0.0,0.0,0.0,0.0,0.0,0.0,0.0,0.0,0.0,0.0,0.0,0.0,0.0,0.0,0.0,0.0,0.04865193594161769,1.1311575106426113,9.335090208797894,15.063855665923375,4.421244678694507,4.1841448189762795,2.8250791066893033,nan,nan,nan,4.138519924098672,2.82671185242887,4.229963008631319,2.8231061543415192,1.0220956008934916,0.3992,0.01209,0.0,0.0,0.0,0.0,0.0,0.0,0.0,0.0,0.0,0.0,0.11554834786134201,16.042975876748404,13.7563348874924,0.08514088789783096,0.0,0.0,0.0,0.0,0.0,0.0,0.0,0.0,0.0,0.0,0.0,0.0,0.0,0.0,0.0,0.0,nan,nan,4.1841448189762795,2.8250791066893033,nan,0.3992,0.06155,0.0,0.0,0.0,0.0,0.0,0.0,0.0,0.0,0.0,0.0,0.0,0.0,0.0,0.0,0.0,0.0,0.0,0.0,0.0,0.0,0.0,0.0,0.00024325967970808838,0.0010743969187107236,5.067909993918508e-05,0.0006689641191972431,0.0015609162781269005,0.014919927022096088,0.006517332252179201,0.004388810054733428,0.003719845935536185,0.024234745590918306,0.04635110480437867,0.05040543279951348,0.08316440300020271,0.045803770525035474,0.07046422055544294,0.06168660044597608,0.03637745793634705,0.03282992094060409,0.08425907155888912,0.09030002027163997,0.046006486924792214,0.022886681532535983,0.016551794040137846,0.0288060004054328,0.02419420231096696,0.05189539833772552,0.05184471923778634,0.037218730995337526,0.01773768497871478,0.016490979120210827,0.005969997972836002,0.010287857287654571,0.008615446989661464,0.0005473342793431989,0.00067909993918508,0.0010946685586863977,0.00015203729981755524,0.0,0.0,0.0,0.0,0.0,0.0,0.0,0.0,0.0,0.0,0.0,0.0,0.0,0.0,0.0,0.0,0.0,0.0,0.0,0.0,0.0,0.0,0.0,0.0,0.0,0.0,0.0,0.0,0.0,0.0,0.0,0.0,0.0,0.0,0.0,0.0,0.0,0.0,0.0,0.0,0.0,0.0,nan,nan,4.1841448189762795,2.8250791066893033,nan,0.9418106442664194,0.023644731668558253,0.0,0.0,0.0,0.0,0.0,0.0,0.0,0.0,0.0,0.0,0.0,0.0,0.0,0.0,0.0,0.0,0.0,0.0,0.0,0.0,0.0,0.0,0.0,0.0,0.0,0.07056056448451589,1.1760094080752648,9.243433947471582,15.194041552332422,4.3159545276362214,0.9421849432710236,0.02337409944822374,0.0,0.0,0.0,0.0,0.0,0.0,0.0,0.0,0.0,0.0,0.0,0.0,0.0,0.0,0.0,0.0,0.0,0.0,0.0,0.0,0.0,0.0,0.0,0.0,0.0,0.025188916876574312,1.0831234256926954,9.43324937027708,14.92443324937028,4.534005037783376,0.399,0.012184,0.0,0.0,0.0,0.0,0.0,0.0,0.0,0.0,0.0,0.0,0.15288122304978444,16.264210113680885,13.488827910623288,0.09408075264602118,0.0,0.0,0.0,0.0,0.0,0.0,0.0,0.0,0.0,0.0,0.0,0.0,0.0,0.0,0.0,0.0,0.3994,0.011986,0.0,0.0,0.0,0.0,0.0,0.0,0.0,0.0,0.0,0.0,0.07556675062972293,15.806045340050357,14.04282115869018,0.07556675062972293,0.0,0.0,0.0,0.0,0.0,0.0,0.0,0.0,0.0,0.0,0.0,0.0,0.0,0.0,0.0,0.0
92200,4707,2462,0.5230507754408328,1153,964,0.4497556830252815,1307,0.5553431060123221,0.414,2.979955456570156,3.0841283467919776,6.443573667711599,2.2582029682530727,9446.830649120642,1521.9800446339211,7853.0,10924.440782427788,10900.181505040968,7.331985865533061,7853.0,0.0,27.69853409815169,20.70805914598572,32.64606029896124,18.951985163462176,0.13979179944763118,0.09815168897386871,0.09241555130656469,0.09538984491183344,0.07966857871255577,0.0722328446993839,0.07117059698321648,0.059485872105374975,0.06309751434034416,0.05821117484597408,0.04461440407903123,0.035691523263224986,0.03123008285532186,0.025069046101550883,0.015933715742511154,0.009135330359039727,0.008710431272572764,0.9418953259152821,0.023322410471307484,0.0,0.0,0.0,0.0,0.0,0.0,0.0,0.0,0.0,0.0,0.0,0.0,0.0,0.0,0.0,0.0,0.0,0.0,0.0,0.0,0.0,0.0,0.0,0.0,0.0,0.019120458891013388,1.1153601019757808,9.694072657743787,14.83747609942639,4.333970681963034,4.259099933818663,2.88037040506206,nan,nan,nan,4.232177894048398,2.8602250625625025,4.286671131949096,2.9005975266725024,1.0128759327383972,0.3987,0.01198,0.0,0.0,0.0,0.0,0.0,0.0,0.0,0.0,0.0,0.0,0.07010834926704909,16.201402166985318,13.65200764818356,0.07648183556405355,0.0,0.0,0.0,0.0,0.0,0.0,0.0,0.0,0.0,0.0,0.0,0.0,0.0,0.0,0.0,0.0,nan,nan,4.259099933818663,2.88037040506206,nan,0.3987,0.06155,0.0,0.0,0.0,0.0,0.0,0.0,0.0,0.0,0.0,0.0,0.0,0.0,0.0,0.0,0.0,0.0,0.0,0.0,0.0,0.0,0.0,0.0,0.00011684724877841513,0.0007223284469938389,4.248990864669641e-05,0.0006267261525387721,0.0021563628638198427,0.015126407478223922,0.006426598682812832,0.0037391119609092843,0.004302103250478011,0.022902060760569366,0.04739749309538985,0.05074357340131719,0.08753983428935627,0.04578287656681538,0.07078818780539622,0.05958147439983004,0.03715742511153601,0.031368175058423625,0.08450180582111748,0.08935627788400255,0.045485447206288505,0.023125132780964522,0.017197790524750373,0.026959847036328873,0.02625876354365838,0.05100913533035904,0.05052050138092203,0.03860208200552369,0.01907796898236669,0.014212874442319948,0.005640535372848948,0.00963458678563841,0.008944125770129594,0.0005629912895687274,0.0006692160611854684,0.0014340344168260039,0.0002868068833652008,0.0,0.0,0.0,0.0,0.0,0.0,0.0,0.0,0.0,0.0,0.0,0.0,0.0,0.0,0.0,0.0,0.0,0.0,0.0,0.0,0.0,0.0,0.0,0.0,0.0,0.0,0.0,0.0,0.0,0.0,0.0,0.0,0.0,0.0,0.0,0.0,0.0,0.0,0.0,0.0,0.0,0.0,nan,nan,4.259099933818663,2.88037040506206,nan,0.9413151597947633,0.02306630200653378,0.0,0.0,0.0,0.0,0.0,0.0,0.0,0.0,0.0,0.0,0.0,0.0,0.0,0.0,0.0,0.0,0.0,0.0,0.0,0.0,0.0,0.0,0.0,0.0,0.0,0.012185215272136478,1.0966693744922829,10.02843216896832,14.707554833468727,4.155158407798538,0.9425315704536863,0.023583676593707182,0.0,0.0,0.0,0.0,0.0,0.0,0.0,0.0,0.0,0.0,0.0,0.0,0.0,0.0,0.0,0.0,0.0,0.0,0.0,0.0,0.0,0.0,0.0,0.0,0.0,0.026726057906458805,1.1358574610244991,9.327394209354122,14.97995545657016,4.530066815144767,0.3987,0.01194,0.0,0.0,0.0,0.0,0.0,0.0,0.0,0.0,0.0,0.0,0.06092607636068238,16.413484971567808,13.440292445166534,0.08529650690495534,0.0,0.0,0.0,0.0,0.0,0.0,0.0,0.0,0.0,0.0,0.0,0.0,0.0,0.0,0.0,0.0,0.399,0.012024,0.0,0.0,0.0,0.0,0.0,0.0,0.0,0.0,0.0,0.0,0.08017817371937641,15.968819599109109,13.884187082405349,0.066815144766147,0.0,0.0,0.0,0.0,0.0,0.0,0.0,0.0,0.0,0.0,0.0,0.0,0.0,0.0,0.0,0.0
92300,4607,2409,0.5228999348817017,1136,929,0.44823095289776427,1276,0.5539396570436292,0.434,2.930391264786169,3.0762489317712842,6.731034482758621,2.01205049780255,9446.446170521178,1522.0725443801482,7853.0,10923.53059232235,10900.32524183938,7.157994368320713,7853.0,0.0,27.6767961797265,20.801227555942017,32.600362131401965,19.086426079808763,0.13870197525504666,0.1024527892337747,0.09941393531582375,0.0861732146733232,0.08639027566746256,0.06815715215975689,0.06598654221836336,0.06273062730627306,0.056652919470371176,0.05252876058172346,0.05231169958758411,0.03863685695680486,0.030605600173648797,0.025613197308443674,0.016930757542869546,0.009767744736270892,0.006945951812459301,0.942015880834055,0.023019047032232984,0.0,0.0,0.0,0.0,0.0,0.0,0.0,0.0,0.0,0.0,0.0,0.0,0.0,0.0,0.0,0.0,0.0,0.0,0.0,0.0,0.0,0.0,0.0,0.0,0.0,0.019535489472541787,0.9637508139787282,9.709138267853268,14.983720425439552,4.3238550032559155,4.271831464492015,2.8915459529634577,nan,nan,nan,4.187371310912835,2.892236031206037,4.356902356902357,2.888132195091563,1.0404862701207562,0.398,0.01211,0.0,0.0,0.0,0.0,0.0,0.0,0.0,0.0,0.0,0.0,0.11721293683525073,17.11308877794658,12.691556327327982,0.07814195789016715,0.0,0.0,0.0,0.0,0.0,0.0,0.0,0.0,0.0,0.0,0.0,0.0,0.0,0.0,0.0,0.0,nan,nan,4.271831464492015,2.8915459529634577,nan,0.398,0.06155,0.0,0.0,0.0,0.0,0.0,0.0,0.0,0.0,0.0,0.0,0.0,0.0,0.0,0.0,0.0,0.0,0.0,0.0,0.0,0.0,0.0,0.0,6.511829824180595e-05,0.0007271543303668331,0.0,0.0004775341871065769,0.0021380507922726284,0.016616019101367483,0.005925765140004341,0.0037877143477317125,0.004167571087475581,0.02381159105708704,0.047720859561536794,0.05099848057304102,0.0901345778163664,0.04455176904710224,0.07317126112437596,0.05735836770132407,0.0390601258953766,0.0303017147818537,0.0839591925331018,0.09158888647710006,0.04368352507054482,0.022899934881701757,0.017115259387887997,0.024267419144779683,0.02725200781419579,0.05122639461688735,0.04843716084219666,0.04076405469937052,0.01876492294334708,0.012622096809203386,0.0055784675493813765,0.00931191664857825,0.008096375081397872,0.0005752116344692859,0.000889950075971348,0.0012263946168873453,0.0007271543303668331,0.0,0.0,0.0,0.0,0.0,0.0,0.0,0.0,0.0,0.0,0.0,0.0,0.0,0.0,0.0,0.0,0.0,0.0,0.0,0.0,0.0,0.0,0.0,0.0,0.0,0.0,0.0,0.0,0.0,0.0,0.0,0.0,0.0,0.0,0.0,0.0,0.0,0.0,0.0,0.0,0.0,0.0,nan,nan,4.271831464492015,2.8915459529634577,nan,0.9425064916430592,0.02282814217139488,0.0,0.0,0.0,0.0,0.0,0.0,0.0,0.0,0.0,0.0,0.0,0.0,0.0,0.0,0.0,0.0,0.0,0.0,0.0,0.0,0.0,0.0,0.0,0.0,0.0,0.0,0.8468244084682442,9.613947696139478,15.043586550435869,4.4956413449564145,0.9414781731730488,0.02321456969865975,0.0,0.0,0.0,0.0,0.0,0.0,0.0,0.0,0.0,0.0,0.0,0.0,0.0,0.0,0.0,0.0,0.0,0.0,0.0,0.0,0.0,0.0,0.0,0.0,0.0,0.04094631483166516,1.0919017288444042,9.813466787989082,14.918107370336672,4.135577797998181,0.398,0.01212,0.0,0.0,0.0,0.0,0.0,0.0,0.0,0.0,0.0,0.0,0.09962640099626403,17.185554171855518,12.6027397260274,0.11207970112079703,0.0,0.0,0.0,0.0,0.0,0.0,0.0,0.0,0.0,0.0,0.0,0.0,0.0,0.0,0.0,0.0,0.3982,0.01209,0.0,0.0,0.0,0.0,0.0,0.0,0.0,0.0,0.0,0.0,0.13648771610555052,17.03366696997268,12.788898999090085,0.04094631483166516,0.0,0.0,0.0,0.0,0.0,0.0,0.0,0.0,0.0,0.0,0.0,0.0,0.0,0.0,0.0,0.0
92400,4733,2450,0.5176420874709486,1136,955,0.4417916754701035,1327,0.5607437143460807,0.422,3.061322820849759,3.1441784990858044,6.66066066066066,2.108651316443357,9430.304084149911,1522.6074810438627,7853.0,10924.42361152172,10900.093971543482,7.347999941490793,7853.0,0.0,28.22607225860976,21.11807229690108,33.14421871081013,19.3751142572343,0.14113669976758927,0.09211916332136066,0.09909148531586731,0.08578068878090006,0.08134375660257764,0.07035706739911261,0.07268117473061483,0.059792943165011624,0.05725755334882738,0.053243186139869,0.04500316923727023,0.04035495457426579,0.03845341221212761,0.027678005493344603,0.017536446228607647,0.009085146841326854,0.009085146841326854,0.9411458861694361,0.023650152174513203,0.0,0.0,0.0,0.0,0.0,0.0,0.0,0.0,0.0,0.0,0.0,0.0,0.0,0.0,0.0,0.0,0.0,0.0,0.0,0.0,0.0,0.0,0.0,0.0,0.0,0.0,1.3374181280371862,9.742235368687938,14.610183815761676,4.3101626875132055,4.319253438113949,2.9020084218966873,nan,nan,nan,4.385272846811309,2.9450624065398983,4.253263707571802,2.858012154197259,0.9698971662993567,0.3984,0.01256,0.0,0.0,0.0,0.0,0.0,0.0,0.0,0.0,0.0,0.0,0.13310796534967254,16.340587365307393,13.443904500316927,0.08240016902598776,0.0,0.0,0.0,0.0,0.0,0.0,0.0,0.0,0.0,0.0,0.0,0.0,0.0,0.0,0.0,0.0,nan,nan,4.319253438113949,2.9020084218966873,nan,0.3984,0.06152,0.0,0.0,0.0,0.0,0.0,0.0,0.0,0.0,0.0,0.0,0.0,0.0,0.0,0.0,0.0,0.0,0.0,0.0,0.0,0.0,0.0,0.0,0.00017959011197971687,0.0006972321994506655,3.169237270230298e-05,0.0006655398267483625,0.0027361081766321574,0.014610183815761674,0.004965138390027467,0.005049651383900275,0.0038981618423832663,0.02307204732727657,0.04725332769913374,0.051162053665751106,0.08977392774139024,0.04620747939995774,0.07263891823367843,0.05585252482569195,0.038537925206000426,0.03013944643989013,0.08384745404605959,0.09173885484893303,0.0446756813860131,0.023695330657088527,0.017156137756180013,0.023737587154024933,0.026600464821466302,0.05156349038664695,0.04924994717937883,0.04333403760828227,0.01817029368265371,0.012043101626875132,0.005968730192267061,0.009845763786182125,0.007542784703148109,0.0007289245721529685,0.0006021550813437567,0.0010247200507077963,0.0009718994295372914,3.169237270230298e-05,0.0,0.0,0.0,0.0,0.0,0.0,0.0,0.0,0.0,0.0,0.0,0.0,0.0,0.0,0.0,0.0,0.0,0.0,0.0,0.0,0.0,0.0,0.0,0.0,0.0,0.0,0.0,0.0,0.0,0.0,0.0,0.0,0.0,0.0,0.0,0.0,0.0,0.0,0.0,0.0,0.0,nan,nan,4.319253438113949,2.9020084218966873,nan,0.9412453582092207,0.023633892758037196,0.0,0.0,0.0,0.0,0.0,0.0,0.0,0.0,0.0,0.0,0.0,0.0,0.0,0.0,0.0,0.0,0.0,0.0,0.0,0.0,0.0,0.0,0.0,0.0,0.0,0.0,1.322448979591837,9.551020408163266,14.828571428571431,4.29795918367347,0.9410391378131187,0.023667123467024324,0.0,0.0,0.0,0.0,0.0,0.0,0.0,0.0,0.0,0.0,0.0,0.0,0.0,0.0,0.0,0.0,0.0,0.0,0.0,0.0,0.0,0.0,0.0,0.0,0.0,0.0,1.3534822601839689,9.94743758212878,14.37582128777924,4.323258869908017,0.3984,0.01253,0.0,0.0,0.0,0.0,0.0,0.0,0.0,0.0,0.0,0.0,0.08571428571428574,16.61632653061222,13.200000000000003,0.09795918367346941,0.0,0.0,0.0,0.0,0.0,0.0,0.0,0.0,0.0,0.0,0.0,0.0,0.0,0.0,0.0,0.0,0.3987,0.01259,0.0,0.0,0.0,0.0,0.0,0.0,0.0,0.0,0.0,0.0,0.18396846254927732,16.044678055190516,13.70565045992116,0.06570302233902761,0.0,0.0,0.0,0.0,0.0,0.0,0.0,0.0,0.0,0.0,0.0,0.0,0.0,0.0,0.0,0.0
92500,4881,2555,0.5234583077238271,1173,959,0.43679573857816023,1331,0.545380045072731,0.418,3.0141874462596734,3.1527828141234897,6.597014925373134,2.2028455240352893,9447.848721316568,1521.7088609343734,7853.0,10926.35177218914,10899.754054303785,7.377905045255759,7853.0,0.0,28.03441917639828,21.03992856580464,32.9719717280039,19.315395876152234,0.13931571399303422,0.10059414054497029,0.09280885064535956,0.09096496619545175,0.07969678344601516,0.07477975824626101,0.06535545994673223,0.05818479819709076,0.05531653349723417,0.056955541897152226,0.04712149149764393,0.040770333947961486,0.03626306084818685,0.025609506248719525,0.017619340299119032,0.01188281089940586,0.006760909649661954,0.9405189007795436,0.02369548020323416,0.0,0.0,0.0,0.0,0.0,0.0,0.0,0.0,0.0,0.0,0.0,0.0,0.0,0.0,0.0,0.0,0.0,0.0,0.0,0.0,0.0,0.0,0.0,0.0,0.0,0.0491702519975415,1.2354025814382301,10.006146281499694,14.603564843269824,4.1057160417947145,4.254650416933932,2.9220033837284225,nan,nan,nan,4.238825031928481,2.9103987866098513,4.270618556701031,2.9335796065744075,1.0075005513398334,0.3975,0.0124,0.0,0.0,0.0,0.0,0.0,0.0,0.0,0.0,0.0,0.0,0.196681007990166,17.17271051014134,12.562999385371853,0.06760909649661956,0.0,0.0,0.0,0.0,0.0,0.0,0.0,0.0,0.0,0.0,0.0,0.0,0.0,0.0,0.0,0.0,nan,nan,4.254650416933932,2.9220033837284225,nan,0.3975,0.0613,0.0,0.0,0.0,0.0,0.0,0.0,0.0,0.0,0.0,0.0,0.0,0.0,0.0,0.0,0.0,0.0,0.0,0.0,0.0,0.0,0.0,0.0,0.0003175578774841221,0.0006146281499692685,0.0,0.0010960868674451956,0.0024072935873796354,0.014884245031755788,0.00463019872976849,0.0052550706822372464,0.004261421839786929,0.0223519770538824,0.049477566072526125,0.05394386396230281,0.087820118828109,0.048586355255070685,0.0731919688588404,0.05770333947961483,0.038854742880557264,0.0300860479409957,0.08811718910059414,0.08824011473058799,0.042962507682851876,0.02413439868879328,0.016297889776685105,0.0235300143413235,0.025742675681212867,0.04839172300758041,0.05061462814996927,0.04103667281294816,0.017322270026633887,0.011094038106945299,0.006586765007170662,0.009639418152018029,0.00758041384962098,0.0005019463224749027,0.0006965785699651711,0.0009936488424503176,0.0010346240524482689,0.0,0.0,0.0,0.0,0.0,0.0,0.0,0.0,0.0,0.0,0.0,0.0,0.0,0.0,0.0,0.0,0.0,0.0,0.0,0.0,0.0,0.0,0.0,0.0,0.0,0.0,0.0,0.0,0.0,0.0,0.0,0.0,0.0,0.0,0.0,0.0,0.0,0.0,0.0,0.0,0.0,0.0,nan,nan,4.254650416933932,2.9220033837284225,nan,0.9408162727747877,0.023753012967982358,0.0,0.0,0.0,0.0,0.0,0.0,0.0,0.0,0.0,0.0,0.0,0.0,0.0,0.0,0.0,0.0,0.0,0.0,0.0,0.0,0.0,0.0,0.0,0.0,0.0,0.04696673189823876,1.2211350293542078,9.863013698630139,14.794520547945208,4.074363992172212,0.9401922518337787,0.023627808701210375,0.0,0.0,0.0,0.0,0.0,0.0,0.0,0.0,0.0,0.0,0.0,0.0,0.0,0.0,0.0,0.0,0.0,0.0,0.0,0.0,0.0,0.0,0.0,0.0,0.0,0.05159071367153913,1.2510748065348238,10.163370593293209,14.393809114359419,4.140154772141015,0.3975,0.01244,0.0,0.0,0.0,0.0,0.0,0.0,0.0,0.0,0.0,0.0,0.16438356164383566,17.0019569471624,12.751467710371823,0.08219178082191783,0.0,0.0,0.0,0.0,0.0,0.0,0.0,0.0,0.0,0.0,0.0,0.0,0.0,0.0,0.0,0.0,0.3972,0.012344,0.0,0.0,0.0,0.0,0.0,0.0,0.0,0.0,0.0,0.0,0.2321582115219261,17.36027515047289,12.355975924333624,0.05159071367153913,0.0,0.0,0.0,0.0,0.0,0.0,0.0,0.0,0.0,0.0,0.0,0.0,0.0,0.0,0.0,0.0
92600,4874,2570,0.5272876487484612,1195,980,0.4462453836684448,1325,0.5437012720558063,0.43,3.0855034722222223,3.17434347816191,6.827160493827161,2.1018223924260253,9459.598408948008,1521.1948563538076,7853.0,10932.319091320038,10899.910756892059,7.576039855483583,7853.0,0.0,27.72979072630283,20.724332941477567,32.5989748596534,19.016353557785756,0.1391054575297497,0.10012310217480509,0.09643003693065244,0.0853508411981945,0.08001641362330734,0.08063192449733278,0.06668034468608945,0.06770619614279852,0.05806319244973328,0.04718916700861715,0.04759950759130078,0.03939269593762823,0.03282724661469019,0.025030775543701273,0.015592942141977841,0.012310217480508822,0.005949938448912597,0.941397710625735,0.023458297322973977,0.0,0.0,0.0,0.0,0.0,0.0,0.0,0.0,0.0,0.0,0.0,0.0,0.0,0.0,0.0,0.0,0.0,0.0,0.0,0.0,0.0,0.0,0.0,0.0,0.0,0.03077554370127206,1.1756257693885928,9.515798112433322,15.129257283545346,4.148543290931474,4.311696658097686,2.949099806099896,nan,nan,nan,4.299936183790683,2.9289643492704016,4.323624595469256,2.969334937170915,1.0055090147076764,0.3975,0.012665,0.0,0.0,0.0,0.0,0.0,0.0,0.0,0.0,0.0,0.0,0.22158391464915886,17.09889208042673,12.574887156339765,0.10463684858432501,0.0,0.0,0.0,0.0,0.0,0.0,0.0,0.0,0.0,0.0,0.0,0.0,0.0,0.0,0.0,0.0,nan,nan,4.311696658097686,2.949099806099896,nan,0.3975,0.06174,0.0,0.0,0.0,0.0,0.0,0.0,0.0,0.0,0.0,0.0,0.0,0.0,0.0,0.0,0.0,0.0,0.0,0.0,0.0,0.0,0.0,0.0,0.00036930652441526465,0.0005744768157570784,2.0517029134181372e-05,0.001210504718916701,0.002082478457119409,0.015982765695527288,0.0047804677882642595,0.004154698399671727,0.004903569963069347,0.025718096019696348,0.04791752154288059,0.053621255642183015,0.0870127205580632,0.04714813295034879,0.07433319655313911,0.056811653672548215,0.03723840787853919,0.028980303652031185,0.08797702092736971,0.08957734919983587,0.04227533853098071,0.025687320475995076,0.016485432909314732,0.022127615921214608,0.024948707427164547,0.04714813295034879,0.05113869511694707,0.044265490356996305,0.01646491588018055,0.011038161674189577,0.0067911366434140336,0.009509643003693065,0.008104226508001642,0.000523184242921625,0.00074887156339762,0.001302831350020517,0.0010155929421419778,0.0,1.0258514567090686e-05,0.0,0.0,0.0,0.0,0.0,0.0,0.0,0.0,0.0,0.0,0.0,0.0,0.0,0.0,0.0,0.0,0.0,0.0,0.0,0.0,0.0,0.0,0.0,0.0,0.0,0.0,0.0,0.0,0.0,0.0,0.0,0.0,0.0,0.0,0.0,0.0,0.0,0.0,0.0,0.0,nan,nan,4.311696658097686,2.949099806099896,nan,0.9413655224245346,0.023999377585031168,0.0,0.0,0.0,0.0,0.0,0.0,0.0,0.0,0.0,0.0,0.0,0.0,0.0,0.0,0.0,0.0,0.0,0.0,0.0,0.0,0.0,0.0,0.0,0.0,0.0,0.035019455252918295,1.2607003891050588,9.443579766536967,14.976653696498058,4.284046692607005,0.9414336149994698,0.02283957637657119,0.0,0.0,0.0,0.0,0.0,0.0,0.0,0.0,0.0,0.0,0.0,0.0,0.0,0.0,0.0,0.0,0.0,0.0,0.0,0.0,0.0,0.0,0.0,0.0,0.0,0.02604166666666667,1.080729166666667,9.596354166666668,15.29947916666667,3.997395833333334,0.3977,0.01275,0.0,0.0,0.0,0.0,0.0,0.0,0.0,0.0,0.0,0.0,0.22178988326848253,16.91439688715951,12.782101167315178,0.08171206225680937,0.0,0.0,0.0,0.0,0.0,0.0,0.0,0.0,0.0,0.0,0.0,0.0,0.0,0.0,0.0,0.0,0.3975,0.012566,0.0,0.0,0.0,0.0,0.0,0.0,0.0,0.0,0.0,0.0,0.2213541666666667,17.304687499999975,12.343750000000004,0.13020833333333337,0.0,0.0,0.0,0.0,0.0,0.0,0.0,0.0,0.0,0.0,0.0,0.0,0.0,0.0,0.0,0.0
92700,5110,2608,0.510371819960861,1214,1077,0.4483365949119374,1454,0.5690802348336594,0.38999999999999996,2.9652278177458036,3.098178651932474,6.636887608069165,2.1427767803267646,9407.880576100042,1522.9637448062535,7853.0,10925.32577753067,10899.564318969024,7.471483954546615,7853.0,0.0,27.799021526418787,20.803303003906258,32.73706293706294,19.051380698657418,0.14187866927592954,0.09726027397260274,0.09412915851272016,0.08688845401174168,0.08238747553816048,0.07827788649706457,0.06536203522504892,0.06360078277886497,0.06027397260273973,0.054598825831702544,0.04246575342465753,0.039921722113502936,0.03405088062622309,0.02289628180039139,0.017025440313111546,0.011937377690802348,0.0070450097847358124,0.9395846231226351,0.023532753555851424,0.0,0.0,0.0,0.0,0.0,0.0,0.0,0.0,0.0,0.0,0.0,0.0,0.0,0.0,0.0,0.0,0.0,0.0,0.0,0.0,0.0,0.0,0.0,0.0,0.0,0.029354207436399223,1.3855185909980434,10.26810176125245,14.471624266144817,3.8454011741682983,4.314521049420378,2.8881281053711336,nan,nan,nan,4.275799637899819,2.853172123805823,4.35410240592227,2.9228983041849768,1.0183130115191532,0.3975,0.01265,0.0,0.0,0.0,0.0,0.0,0.0,0.0,0.0,0.0,0.0,0.19373776908023488,17.136986301369838,12.598825831702547,0.07045009784735813,0.0,0.0,0.0,0.0,0.0,0.0,0.0,0.0,0.0,0.0,0.0,0.0,0.0,0.0,0.0,0.0,nan,nan,4.314521049420378,2.8881281053711336,nan,0.3975,0.06186,0.0,0.0,0.0,0.0,0.0,0.0,0.0,0.0,0.0,0.0,0.0,0.0,0.0,0.0,0.0,0.0,0.0,0.0,0.0,0.0,0.0,0.0,0.0003913894324853229,0.000812133072407045,2.9354207436399218e-05,0.001066536203522505,0.0015459882583170254,0.015332681017612525,0.004931506849315068,0.004823874755381605,0.004569471624266145,0.02776908023483366,0.05036203522504892,0.05279843444227006,0.08575342465753424,0.04526418786692759,0.07651663405088063,0.055136986301369866,0.03764187866927593,0.029090019569471624,0.08545988258317025,0.08969667318982387,0.04241682974559687,0.02496086105675147,0.017495107632093932,0.02197651663405088,0.023620352250489238,0.04727005870841487,0.0513307240704501,0.047397260273972605,0.017270058708414873,0.01139921722113503,0.006330724070450098,0.008131115459882583,0.008160469667318983,0.0003131115459882583,0.000538160469667319,0.0011448140900195696,0.0012133072407045009,0.0,2.9354207436399218e-05,0.0,9.784735812133073e-06,0.0,0.0,0.0,0.0,0.0,0.0,0.0,0.0,0.0,0.0,0.0,0.0,0.0,0.0,0.0,0.0,0.0,0.0,0.0,0.0,0.0,0.0,0.0,0.0,0.0,0.0,0.0,0.0,0.0,0.0,0.0,0.0,0.0,0.0,0.0,0.0,0.0,0.0,nan,nan,4.314521049420378,2.8881281053711336,nan,0.9401051540590503,0.023499440921208797,0.0,0.0,0.0,0.0,0.0,0.0,0.0,0.0,0.0,0.0,0.0,0.0,0.0,0.0,0.0,0.0,0.0,0.0,0.0,0.0,0.0,0.0,0.0,0.0,0.0,0.01150306748466258,1.2768404907975464,10.088190184049083,14.516871165644174,4.10659509202454,0.9390420393168116,0.023555186375360717,0.0,0.0,0.0,0.0,0.0,0.0,0.0,0.0,0.0,0.0,0.0,0.0,0.0,0.0,0.0,0.0,0.0,0.0,0.0,0.0,0.0,0.0,0.0,0.0,0.0,0.04796163069544366,1.4988009592326144,10.455635491606717,14.42446043165468,3.5731414868105524,0.3977,0.01281,0.0,0.0,0.0,0.0,0.0,0.0,0.0,0.0,0.0,0.0,0.19555214723926384,16.9900306748466,12.722392638036812,0.09202453987730064,0.0,0.0,0.0,0.0,0.0,0.0,0.0,0.0,0.0,0.0,0.0,0.0,0.0,0.0,0.0,0.0,0.3975,0.012474,0.0,0.0,0.0,0.0,0.0,0.0,0.0,0.0,0.0,0.0,0.19184652278177464,17.290167865707406,12.47002398081535,0.04796163069544366,0.0,0.0,0.0,0.0,0.0,0.0,0.0,0.0,0.0,0.0,0.0,0.0,0.0,0.0,0.0,0.0
92800,4419,2268,0.5132382892057027,1041,917,0.4430866711925775,1246,0.563928490608735,0.426,2.889818688981869,3.0724164632892155,6.536585365853658,2.230112146723465,9416.446684015622,1522.5945067481532,7853.0,10924.305066227913,10899.239372427264,7.215398582839406,7853.0,0.0,27.906087350079204,21.036708754961378,33.053174172544765,19.240232266603886,0.1425661914460285,0.10251188051595383,0.08961303462321792,0.09006562570717357,0.07626159764652636,0.07150939126499208,0.07218827789092555,0.06336275175379046,0.06087350079203439,0.04865354152523195,0.041412084181941616,0.04276985743380855,0.033039149128762164,0.026929169495360943,0.02240325865580448,0.00973070830504639,0.006109979633401222,0.9394509319564179,0.023022534876159826,0.0,0.0,0.0,0.0,0.0,0.0,0.0,0.0,0.0,0.0,0.0,0.0,0.0,0.0,0.0,0.0,0.0,0.0,0.0,0.0,0.0,0.0,0.0,0.0,0.0,0.033944331296673465,1.255940257976918,10.610997963340123,14.514596062457573,3.584521384928718,4.218617771509168,2.8689314428895147,nan,nan,nan,4.283380681818182,2.8309284018577703,4.154870357393133,2.9055167847176833,0.969997921275001,0.3977,0.01234,0.0,0.0,0.0,0.0,0.0,0.0,0.0,0.0,0.0,0.0,0.16293279022403262,17.046843177189388,12.708757637474545,0.08146639511201631,0.0,0.0,0.0,0.0,0.0,0.0,0.0,0.0,0.0,0.0,0.0,0.0,0.0,0.0,0.0,0.0,nan,nan,4.218617771509168,2.8689314428895147,nan,0.3977,0.06223,0.0,0.0,0.0,0.0,0.0,0.0,0.0,0.0,0.0,0.0,0.0,0.0,0.0,0.0,0.0,0.0,0.0,0.0,0.0,0.0,0.0,0.0,0.00031681375876895223,0.0010522742701968772,4.525910839556461e-05,0.0014256619144602852,0.0014709210228558498,0.01621407558271102,0.0048992984838198686,0.004276985743380856,0.004661688164743155,0.027291242362525458,0.051618013125141436,0.05072414573432903,0.0859470468431772,0.04564381081692691,0.07527721203892283,0.05522742701968771,0.036467526589726185,0.030482009504412762,0.08798370672097759,0.0897827562797013,0.040936863543788185,0.02376103190767142,0.016745870106358904,0.021203892283322017,0.02473410273817606,0.04456890699253225,0.05242136229916271,0.048144376555781854,0.018578863996379272,0.011246888436297805,0.0062231274043901335,0.008361620276080561,0.008983933016519575,0.00012446254808780267,0.0003507580900656257,0.0011767368182846799,0.0015953835709436525,3.394433129667346e-05,0.0,0.0,0.0,0.0,0.0,0.0,0.0,0.0,0.0,0.0,0.0,0.0,0.0,0.0,0.0,0.0,0.0,0.0,0.0,0.0,0.0,0.0,0.0,0.0,0.0,0.0,0.0,0.0,0.0,0.0,0.0,0.0,0.0,0.0,0.0,0.0,0.0,0.0,0.0,0.0,0.0,nan,nan,4.218617771509168,2.8689314428895147,nan,0.9389861345133453,0.02303015389546277,0.0,0.0,0.0,0.0,0.0,0.0,0.0,0.0,0.0,0.0,0.0,0.0,0.0,0.0,0.0,0.0,0.0,0.0,0.0,0.0,0.0,0.0,0.0,0.0,0.0,0.03968253968253969,1.1904761904761907,11.2962962962963,14.034391534391538,3.43915343915344,0.9399410112687788,0.023004329704046995,0.0,0.0,0.0,0.0,0.0,0.0,0.0,0.0,0.0,0.0,0.0,0.0,0.0,0.0,0.0,0.0,0.0,0.0,0.0,0.0,0.0,0.0,0.0,0.0,0.0,0.027894002789400286,1.3249651324965135,9.888423988842401,15.020920502092054,3.7377963737796382,0.3975,0.01203,0.0,0.0,0.0,0.0,0.0,0.0,0.0,0.0,0.0,0.0,0.171957671957672,17.182539682539655,12.56613756613757,0.07936507936507937,0.0,0.0,0.0,0.0,0.0,0.0,0.0,0.0,0.0,0.0,0.0,0.0,0.0,0.0,0.0,0.0,0.3977,0.012665,0.0,0.0,0.0,0.0,0.0,0.0,0.0,0.0,0.0,0.0,0.15341701534170157,16.903765690376545,12.859135285913531,0.08368200836820085,0.0,0.0,0.0,0.0,0.0,0.0,0.0,0.0,0.0,0.0,0.0,0.0,0.0,0.0,0.0,0.0
92900,4537,2332,0.5139960326206745,1116,937,0.45250165307471896,1287,0.5673352435530086,0.40599999999999997,2.8870748299319726,3.055561201346073,6.51063829787234,2.12023253637137,9418.716724653928,1522.4948370907605,7853.0,10924.168062210083,10899.164999894887,7.368121150676696,7853.0,0.0,27.93343619131585,20.749032485150263,33.04936642027455,18.88094031560752,0.14392770553229006,0.1000661229887591,0.08573947542428918,0.08331496583645581,0.0868415252369407,0.07141282785981927,0.06524134890897068,0.06634339872162222,0.06061273969583425,0.05598413048269782,0.04871060171919771,0.03989420321798545,0.03394313422966718,0.025787965616045846,0.01697156711483359,0.010359268238924399,0.00484901917566674,0.939356244882088,0.02364066221037293,0.0,0.0,0.0,0.0,0.0,0.0,0.0,0.0,0.0,0.0,0.0,0.0,0.0,0.0,0.0,0.0,0.0,0.0,0.0,0.0,0.0,0.0,0.0,0.0,0.0,0.04628609213136435,1.4679303504518408,10.513555212695616,14.117258100066126,3.854970244655059,4.202040816326531,2.8774272661187137,nan,nan,nan,4.224102911306702,2.8335476896255303,4.179890560875513,2.9218841229536054,0.9895333159822299,0.3975,0.01257,0.0,0.0,0.0,0.0,0.0,0.0,0.0,0.0,0.0,0.0,0.23804275953273094,17.258100066122964,12.490632576592466,0.013224597751818385,0.0,0.0,0.0,0.0,0.0,0.0,0.0,0.0,0.0,0.0,0.0,0.0,0.0,0.0,0.0,0.0,nan,nan,4.202040816326531,2.8774272661187137,nan,0.3975,0.06226,0.0,0.0,0.0,0.0,0.0,0.0,0.0,0.0,0.0,0.0,0.0,0.0,0.0,0.0,0.0,0.0,0.0,0.0,0.0,0.0,0.0,0.0,0.00018734846815076042,0.0009918448313863788,0.0,0.0011240908089045626,0.0019506281683932113,0.01655278818602601,0.004804937183160679,0.004672691205642495,0.004948203658805378,0.0272647123649989,0.04998897950187348,0.052215120123429576,0.08785541106458011,0.04914040114613181,0.07329733303945338,0.05468371170376901,0.03579457791492176,0.029843508926603483,0.08497906105355962,0.08858276394093013,0.042120343839541545,0.023506722503857175,0.017500551024906327,0.020443024024685917,0.02544633017412387,0.045228124311218865,0.05348247740797884,0.04815957681287194,0.01638748071412828,0.011626625523473662,0.006909852325325105,0.008033943134229667,0.009290279920652414,7.714348688560723e-05,0.0003857174344280361,0.0009257218426272867,0.0015759312320916905,2.2040996253030636e-05,0.0,0.0,0.0,0.0,0.0,0.0,0.0,0.0,0.0,0.0,0.0,0.0,0.0,0.0,0.0,0.0,0.0,0.0,0.0,0.0,0.0,0.0,0.0,0.0,0.0,0.0,0.0,0.0,0.0,0.0,0.0,0.0,0.0,0.0,0.0,0.0,0.0,0.0,0.0,0.0,0.0,nan,nan,4.202040816326531,2.8774272661187137,nan,0.9393234885270558,0.023170219871018433,0.0,0.0,0.0,0.0,0.0,0.0,0.0,0.0,0.0,0.0,0.0,0.0,0.0,0.0,0.0,0.0,0.0,0.0,0.0,0.0,0.0,0.0,0.0,0.0,0.0,0.05145797598627788,1.3507718696397946,10.510291595197257,14.305317324185252,3.7821612349914244,0.939390887884326,0.024128173836555578,0.0,0.0,0.0,0.0,0.0,0.0,0.0,0.0,0.0,0.0,0.0,0.0,0.0,0.0,0.0,0.0,0.0,0.0,0.0,0.0,0.0,0.0,0.0,0.0,0.0,0.04081632653061225,1.591836734693878,10.51700680272109,13.918367346938778,3.931972789115647,0.397,0.0127,0.0,0.0,0.0,0.0,0.0,0.0,0.0,0.0,0.0,0.0,0.24442538593481994,17.637221269296717,12.118353344768442,0.0,0.0,0.0,0.0,0.0,0.0,0.0,0.0,0.0,0.0,0.0,0.0,0.0,0.0,0.0,0.0,0.0,0.398,0.01241,0.0,0.0,0.0,0.0,0.0,0.0,0.0,0.0,0.0,0.0,0.23129251700680278,16.857142857142833,12.884353741496602,0.027210884353741503,0.0,0.0,0.0,0.0,0.0,0.0,0.0,0.0,0.0,0.0,0.0,0.0,0.0,0.0,0.0,0.0
93000,4483,2297,0.5123801026098594,1030,953,0.4423377202766005,1291,0.575953602498327,0.41,2.9405306495882892,3.0563680453684783,6.536789297658863,2.0102956717970604,9413.769376002463,1522.6005459404205,7853.0,10924.002874791622,10899.116287600802,7.4515400795316005,7853.0,0.0,27.834262770466207,20.92447279456855,32.989022757697455,19.12102335437686,0.1420923488735222,0.11064019629712246,0.08565692616551417,0.08342627704662056,0.08141869283961632,0.06892705777381218,0.06758866830247602,0.061788980593352666,0.061119785857684586,0.05509703323667187,0.04706669640865492,0.04037474905197413,0.03702877537363373,0.025429399955387018,0.016506803479812624,0.009814856123131831,0.0060227526210127145,0.9386736289640636,0.023597236403565865,0.0,0.0,0.0,0.0,0.0,0.0,0.0,0.0,0.0,0.0,0.0,0.0,0.0,0.0,0.0,0.0,0.0,0.0,0.0,0.0,0.0,0.0,0.0,0.0,0.0,0.02676778942672318,1.4387686816863712,10.894490296676334,13.899174659826013,3.740798572384565,4.276751481352387,2.834106086668885,nan,nan,nan,4.189837685250529,2.8707678693971457,4.357684355616816,2.7923003590711177,1.0400604230939916,0.3972,0.01228,0.0,0.0,0.0,0.0,0.0,0.0,0.0,0.0,0.0,0.0,0.18068257863038148,17.867499442337696,11.884898505465094,0.06691947356680795,0.0,0.0,0.0,0.0,0.0,0.0,0.0,0.0,0.0,0.0,0.0,0.0,0.0,0.0,0.0,0.0,nan,nan,4.276751481352387,2.834106086668885,nan,0.3972,0.06247,0.0,0.0,0.0,0.0,0.0,0.0,0.0,0.0,0.0,0.0,0.0,0.0,0.0,0.0,0.0,0.0,0.0,0.0,0.0,0.0,0.0,0.0,0.00028998438545616776,0.001260316752174883,3.3459736783403974e-05,0.0014722284184697748,0.0019741244702208343,0.016294891813517735,0.005331251394155699,0.004862815079188044,0.004572830693731876,0.029344189159045284,0.04935311175552086,0.05245371403078296,0.0881217934418916,0.05039036359580638,0.07037697970109302,0.05540932411331698,0.033894713361588225,0.03052643319205889,0.08803256747713585,0.08621458844523756,0.04166852554093241,0.022618782065581083,0.01809056435422708,0.021302699085433863,0.026098594691055098,0.04654249386571492,0.05001115324559447,0.04654249386571492,0.015224180236448807,0.012257416908320322,0.007818425161722061,0.008799910774035245,0.010316752174882891,0.0001338389471336159,0.00031229087664510374,0.0007026544724514834,0.0013049297345527548,4.461298237787196e-05,0.0,0.0,0.0,0.0,0.0,0.0,0.0,0.0,0.0,0.0,0.0,0.0,0.0,0.0,0.0,0.0,0.0,0.0,0.0,0.0,0.0,0.0,0.0,0.0,0.0,0.0,0.0,0.0,0.0,0.0,0.0,0.0,0.0,0.0,0.0,0.0,0.0,0.0,0.0,0.0,0.0,nan,nan,4.276751481352387,2.834106086668885,nan,0.938611486345257,0.023689430739802505,0.0,0.0,0.0,0.0,0.0,0.0,0.0,0.0,0.0,0.0,0.0,0.0,0.0,0.0,0.0,0.0,0.0,0.0,0.0,0.0,0.0,0.0,0.0,0.0,0.0,0.013060513713539402,1.593382673051807,10.879407923378322,13.75272094035699,3.761427949499348,0.9387389270406411,0.023499793890391873,0.0,0.0,0.0,0.0,0.0,0.0,0.0,0.0,0.0,0.0,0.0,0.0,0.0,0.0,0.0,0.0,0.0,0.0,0.0,0.0,0.0,0.0,0.0,0.0,0.0,0.041171088746569086,1.2763037511436415,10.910338517840806,14.053064958828914,3.719121683440074,0.3975,0.01224,0.0,0.0,0.0,0.0,0.0,0.0,0.0,0.0,0.0,0.0,0.18284719198955163,17.48802786242923,12.289943404440578,0.039181541140618205,0.0,0.0,0.0,0.0,0.0,0.0,0.0,0.0,0.0,0.0,0.0,0.0,0.0,0.0,0.0,0.0,0.3967,0.01231,0.0,0.0,0.0,0.0,0.0,0.0,0.0,0.0,0.0,0.0,0.1784080512351327,18.266239707227786,11.459286367795062,0.09606587374199453,0.0,0.0,0.0,0.0,0.0,0.0,0.0,0.0,0.0,0.0,0.0,0.0,0.0,0.0,0.0,0.0
93100,4581,2418,0.5278323510150622,1138,906,0.44619078803754636,1284,0.5605762933857237,0.40199999999999997,3.030050855293574,3.105856747667966,6.538221528861154,2.1370053450660156,9460.969862066328,1520.829986512552,7853.0,10924.21789085865,10899.36473867901,7.314045794552374,7853.0,0.0,28.680200829513208,20.96684264101175,33.47501287995878,19.171385143160823,0.1344684566688496,0.09124645273957652,0.09080986684130103,0.08884523029906134,0.08120497707924033,0.07705741104562322,0.06548788474132286,0.06767081423270029,0.05479153023357346,0.05479153023357346,0.048024448810303426,0.042567125081859856,0.036891508404278545,0.029469548133595286,0.020956123117223315,0.01004147566033617,0.0056756166775813145,0.9395017622470128,0.02349264848917401,0.0,0.0,0.0,0.0,0.0,0.0,0.0,0.0,0.0,0.0,0.0,0.0,0.0,0.0,0.0,0.0,0.0,0.0,0.0,0.0,0.0,0.0,0.0,0.0,0.0,0.07203667321545515,1.3817943680419127,10.235756385068765,14.675834970530454,3.6345776031434194,4.224246439218284,2.938205640935138,nan,nan,nan,4.225371120107962,2.982260421885265,4.225260416666667,2.8948656839336246,0.9999738003034176,0.3975,0.01196,0.0,0.0,0.0,0.0,0.0,0.0,0.0,0.0,0.0,0.0,0.16371971185330716,17.518009168303838,12.28552717747217,0.03274394237066144,0.0,0.0,0.0,0.0,0.0,0.0,0.0,0.0,0.0,0.0,0.0,0.0,0.0,0.0,0.0,0.0,nan,nan,4.224246439218284,2.938205640935138,nan,0.3975,0.06238,0.0,0.0,0.0,0.0,0.0,0.0,0.0,0.0,0.0,0.0,0.0,0.0,0.0,0.0,0.0,0.0,0.0,0.0,0.0,0.0,0.0,0.0,0.00046932984064614714,0.0018118314778432657,3.2743942370661426e-05,0.0012006112202575857,0.002313905260860074,0.014156297751582624,0.005380921196245361,0.003765553372626064,0.005108055009823182,0.02940406024885396,0.04849377865094957,0.052652259332023575,0.08815760750927745,0.05368915084042786,0.06794368041912247,0.054169395328530885,0.03402095612311722,0.033049552499454266,0.08761187513643309,0.08755730189914866,0.04146474568871426,0.022473259113730628,0.01768172888015717,0.021643745907007204,0.02658808120497708,0.044258895437677366,0.0495743287491814,0.04621261733246016,0.017059593975114605,0.01164592883649858,0.008611656843483955,0.008840864440078585,0.010478061558611657,0.00010914647456887143,0.00021829294913774285,0.0004911591355599214,0.00160445317616241,5.457323728443571e-05,0.0,0.0,0.0,0.0,0.0,0.0,0.0,0.0,0.0,0.0,0.0,0.0,0.0,0.0,0.0,0.0,0.0,0.0,0.0,0.0,0.0,0.0,0.0,0.0,0.0,0.0,0.0,0.0,0.0,0.0,0.0,0.0,0.0,0.0,0.0,0.0,0.0,0.0,0.0,0.0,0.0,nan,nan,4.224246439218284,2.938205640935138,nan,0.9394146158638033,0.023207761586130964,0.0,0.0,0.0,0.0,0.0,0.0,0.0,0.0,0.0,0.0,0.0,0.0,0.0,0.0,0.0,0.0,0.0,0.0,0.0,0.0,0.0,0.0,0.0,0.0,0.0,0.049627791563275445,1.4143920595533503,10.210918114143924,14.739454094292807,3.5856079404466508,0.9395991824756769,0.02380670829747098,0.0,0.0,0.0,0.0,0.0,0.0,0.0,0.0,0.0,0.0,0.0,0.0,0.0,0.0,0.0,0.0,0.0,0.0,0.0,0.0,0.0,0.0,0.0,0.0,0.0,0.09708737864077673,1.3453536754507631,10.26352288488211,14.604715672676841,3.6893203883495156,0.3977,0.01189,0.0,0.0,0.0,0.0,0.0,0.0,0.0,0.0,0.0,0.0,0.11166253101736975,17.43176178660047,12.41935483870968,0.03722084367245658,0.0,0.0,0.0,0.0,0.0,0.0,0.0,0.0,0.0,0.0,0.0,0.0,0.0,0.0,0.0,0.0,0.3972,0.01205,0.0,0.0,0.0,0.0,0.0,0.0,0.0,0.0,0.0,0.0,0.22191400832177535,17.614424410540888,12.13592233009709,0.02773925104022192,0.0,0.0,0.0,0.0,0.0,0.0,0.0,0.0,0.0,0.0,0.0,0.0,0.0,0.0,0.0,0.0
93200,4607,2384,0.5174734100282179,1098,989,0.45300629476883003,1322,0.5739092685044498,0.40199999999999997,2.9563652721547458,3.165602309330131,6.831404958677686,2.2069774049048476,9429.365345858949,1522.2154279402364,7853.0,10922.37594795227,10899.273132706448,7.370617890151786,7853.0,0.0,27.03082266116779,20.554161264735352,31.93226057617441,18.913611850019016,0.14152376817885826,0.10549164315172563,0.09615802040373345,0.0935532884740612,0.08183199479053614,0.07835901888430649,0.06815715215975689,0.05947471239418277,0.05990883438246147,0.05100933362274799,0.042761015845452575,0.03690036900369004,0.029737356197091384,0.020837855437377904,0.017364879531148254,0.00955068374213154,0.007380073800738007,0.9395655905162794,0.02343958063110393,0.0,0.0,0.0,0.0,0.0,0.0,0.0,0.0,0.0,0.0,0.0,0.0,0.0,0.0,0.0,0.0,0.0,0.0,0.0,0.0,0.0,0.0,0.0,0.0,0.0,0.03907097894508357,1.3414369437812028,10.184501845018453,14.710223572823967,3.724766659431301,4.264131551901336,2.9804291735834854,nan,nan,nan,4.227762803234501,2.9942685786509173,4.303347280334728,2.9659908574413474,1.0178781262379242,0.398,0.01251,0.0,0.0,0.0,0.0,0.0,0.0,0.0,0.0,0.0,0.0,0.20186672454959848,16.865639244627715,12.808769264163233,0.12372476665943133,0.0,0.0,0.0,0.0,0.0,0.0,0.0,0.0,0.0,0.0,0.0,0.0,0.0,0.0,0.0,0.0,nan,nan,4.264131551901336,2.9804291735834854,nan,0.398,0.06274,0.0,0.0,0.0,0.0,0.0,0.0,0.0,0.0,0.0,0.0,0.0,0.0,0.0,0.0,0.0,0.0,0.0,0.0,0.0,0.0,0.0,0.0,0.0007271543303668331,0.001996961146082049,0.0,0.0008682439765574126,0.0024527892337746905,0.014098111569350988,0.00514434556110267,0.0031799435641415236,0.005079227262860864,0.02918385066203603,0.04690688083351422,0.05240937703494682,0.0883221185153028,0.05622965053179944,0.06324072064250054,0.05361406555242023,0.03072498372042544,0.03403516388105057,0.09162144562622097,0.08950510093336228,0.04218580421098329,0.02318211417408292,0.018417625352724114,0.019383546776644237,0.02695897547210766,0.043542435424354244,0.049153462122856525,0.04658128934230519,0.01734317343173432,0.011753852832645973,0.007987844584328196,0.010440633818102887,0.009572389841545475,0.00022791404384632082,0.00032559149120902974,0.0007380073800738007,0.0026807032776210117,0.00018450184501845018,0.0,0.0,0.0,0.0,0.0,0.0,0.0,0.0,0.0,0.0,0.0,0.0,0.0,0.0,0.0,0.0,0.0,0.0,0.0,0.0,0.0,0.0,0.0,0.0,0.0,0.0,0.0,0.0,0.0,0.0,0.0,0.0,0.0,0.0,0.0,0.0,0.0,0.0,0.0,0.0,0.0,nan,nan,4.264131551901336,2.9804291735834854,nan,0.9389893703612705,0.023169621630044202,0.0,0.0,0.0,0.0,0.0,0.0,0.0,0.0,0.0,0.0,0.0,0.0,0.0,0.0,0.0,0.0,0.0,0.0,0.0,0.0,0.0,0.0,0.0,0.0,0.0,0.025167785234899334,1.4219798657718126,10.432046979865774,14.609899328859063,3.5109060402684573,0.9401835432151283,0.023710121467825196,0.0,0.0,0.0,0.0,0.0,0.0,0.0,0.0,0.0,0.0,0.0,0.0,0.0,0.0,0.0,0.0,0.0,0.0,0.0,0.0,0.0,0.0,0.0,0.0,0.0,0.05398110661268557,1.2550607287449396,9.919028340080974,14.817813765182189,3.954116059379218,0.3977,0.012634,0.0,0.0,0.0,0.0,0.0,0.0,0.0,0.0,0.0,0.0,0.21392617449664433,17.164429530201318,12.50838926174497,0.113255033557047,0.0,0.0,0.0,0.0,0.0,0.0,0.0,0.0,0.0,0.0,0.0,0.0,0.0,0.0,0.0,0.0,0.3984,0.01236,0.0,0.0,0.0,0.0,0.0,0.0,0.0,0.0,0.0,0.0,0.18893387314439952,16.545209176788102,13.130904183535765,0.13495276653171392,0.0,0.0,0.0,0.0,0.0,0.0,0.0,0.0,0.0,0.0,0.0,0.0,0.0,0.0,0.0,0.0
93300,4598,2361,0.5134841235319704,1087,923,0.43714658547194435,1310,0.5698129621574598,0.38999999999999996,2.926687527939204,3.046501232668972,6.390577507598784,2.1290513250986756,9417.197503730647,1522.576712036939,7853.0,10926.205225110054,10899.243169061212,7.346583333773029,7853.0,0.0,28.578512396694215,21.06139225709082,33.38007190549563,19.30357520808098,0.13331883427577207,0.09525880817746847,0.0928664636798608,0.08938668986515877,0.08090474119182253,0.07198782079164855,0.07133536320139192,0.0626359286646368,0.05632883862548934,0.051109177903436276,0.0469769464984776,0.04871683340582862,0.03414528055676381,0.029143105698129623,0.018921270117442365,0.010439321444106133,0.006524575902566333,0.9391720341749428,0.023394739957610117,0.0,0.0,0.0,0.0,0.0,0.0,0.0,0.0,0.0,0.0,0.0,0.0,0.0,0.0,0.0,0.0,0.0,0.0,0.0,0.0,0.0,0.0,0.0,0.0,0.0065245759025663345,0.03262287951283167,1.3766855154414968,10.452370595911267,14.615050021748589,3.5167464114832545,4.222703062583222,2.8303102907492987,nan,nan,nan,4.3154406891981445,2.864264204184538,4.1290969899665555,2.7924988247526836,0.9568193117106161,0.3972,0.012764,0.0,0.0,0.0,0.0,0.0,0.0,0.0,0.0,0.0,0.0,0.20226185297955637,17.635928664636772,12.05089169204002,0.11091779034362768,0.0,0.0,0.0,0.0,0.0,0.0,0.0,0.0,0.0,0.0,0.0,0.0,0.0,0.0,0.0,0.0,nan,nan,4.222703062583222,2.8303102907492987,nan,0.3972,0.0629,0.0,0.0,0.0,0.0,0.0,0.0,0.0,0.0,0.0,0.0,0.0,0.0,0.0,0.0,0.0,0.0,0.0,0.0,0.0,0.0,5.437146585471944e-05,0.0,0.0007612005219660722,0.0026750761200521967,3.2622879512831664e-05,0.0010004349717268378,0.002240104393214441,0.013549369290996085,0.005241409308394954,0.004023488473249239,0.004828186167899087,0.029523705959112658,0.048216615919965206,0.05516528925619835,0.0878099173553719,0.0568616789908656,0.06410395824271423,0.052479338842975204,0.03033927794693345,0.034156154849934756,0.09219225750326229,0.08978903871248368,0.041866028708133975,0.020867768595041324,0.018073075250108744,0.018845150065245758,0.02704436711613745,0.041398434101783385,0.047944758590691604,0.04685732927359722,0.017409743366681166,0.01306002609830361,0.007807742496737712,0.011439756415832971,0.008123096998695085,0.00011961722488038278,0.00010874293170943889,0.0009134406263592867,0.0028599391039582428,0.00021748586341887777,0.0,0.0,0.0,0.0,0.0,0.0,0.0,0.0,0.0,0.0,0.0,0.0,0.0,0.0,0.0,0.0,0.0,0.0,0.0,0.0,0.0,0.0,0.0,0.0,0.0,0.0,0.0,0.0,0.0,0.0,0.0,0.0,0.0,0.0,0.0,0.0,0.0,0.0,0.0,0.0,0.0,nan,nan,4.222703062583222,2.8303102907492987,nan,0.9391504448382141,0.023527671625021902,0.0,0.0,0.0,0.0,0.0,0.0,0.0,0.0,0.0,0.0,0.0,0.0,0.0,0.0,0.0,0.0,0.0,0.0,0.0,0.0,0.0,0.0,0.0,0.0,0.0,0.02541296060991106,1.3214739517153753,10.457433290978402,14.625158831003816,3.570520965692504,0.939194820238428,0.023253593707432758,0.0,0.0,0.0,0.0,0.0,0.0,0.0,0.0,0.0,0.0,0.0,0.0,0.0,0.0,0.0,0.0,0.0,0.0,0.0,0.0,0.0,0.0,0.0,0.0,0.013410818059901658,0.04023245417970497,1.4349575324094774,10.44702726866339,14.604380867232905,3.4599910594546275,0.3975,0.0126,0.0,0.0,0.0,0.0,0.0,0.0,0.0,0.0,0.0,0.0,0.1651842439644219,17.839898348157536,11.893265565438377,0.10165184243964424,0.0,0.0,0.0,0.0,0.0,0.0,0.0,0.0,0.0,0.0,0.0,0.0,0.0,0.0,0.0,0.0,0.3972,0.01292,0.0,0.0,0.0,0.0,0.0,0.0,0.0,0.0,0.0,0.0,0.24139472507822982,17.420652659812223,12.21725525257041,0.12069736253911491,0.0,0.0,0.0,0.0,0.0,0.0,0.0,0.0,0.0,0.0,0.0,0.0,0.0,0.0,0.0,0.0
93400,4149,2139,0.5155459146782357,1035,835,0.45071101470233793,1158,0.5582067968185105,0.422,3.0109452736318407,3.131111671673116,6.686067019400353,2.1356633809280776,9423.404085701563,1522.3229731041883,7853.0,10927.74742013216,10899.099369600644,7.542796470896698,7853.0,0.0,28.431429260062664,20.799642992609897,33.206258890469414,18.99708341996164,0.13352615087973005,0.09231140033743071,0.09375753193540612,0.08893709327548807,0.08026030368763558,0.07809110629067245,0.06917329476982405,0.06531694384188962,0.05302482525909858,0.059050373583996146,0.04844540853217643,0.03856350927934442,0.04025066281031574,0.0274765003615329,0.015425403711737768,0.010845986984815618,0.00554350445890576,0.939145641474587,0.023345226345716667,0.0,0.0,0.0,0.0,0.0,0.0,0.0,0.0,0.0,0.0,0.0,0.0,0.0,0.0,0.0,0.0,0.0,0.0,0.0,0.0,0.0,0.0,0.0,0.0,0.0,0.050614605929139564,1.344902386117137,10.542299349240782,14.475777295733915,3.586406362979032,4.246403541128735,2.9203999182013027,nan,nan,nan,4.209251101321586,2.9345983417502537,4.283914010378058,2.9055123773549965,1.0177378130359174,0.3972,0.01272,0.0,0.0,0.0,0.0,0.0,0.0,0.0,0.0,0.0,0.0,0.18799710773680411,17.46203904555312,12.292118582791037,0.05784526391901664,0.0,0.0,0.0,0.0,0.0,0.0,0.0,0.0,0.0,0.0,0.0,0.0,0.0,0.0,0.0,0.0,nan,nan,4.246403541128735,2.9203999182013027,nan,0.3972,0.0632,0.0,0.0,0.0,0.0,0.0,0.0,0.0,0.0,0.0,0.0,0.0,0.0,0.0,0.0,0.0,0.0,0.0,0.0,0.0,0.0,0.00016871535309713183,0.0,0.0007471679922872982,0.0023499638467100506,0.0,0.001012292118582791,0.0022535550735116898,0.012894673415280791,0.004410701373825018,0.004013015184381779,0.005169920462762111,0.031646179802362014,0.04812002892263196,0.055013256206314774,0.09113039286575078,0.05730296456977585,0.06553386358158593,0.04983128464690287,0.029946975174740903,0.03191130392865751,0.0920944805977344,0.09032296939021452,0.0408411665461557,0.021005061460592913,0.018293564714389008,0.020426608821402747,0.025162689804772233,0.03979272113762353,0.044540853217642805,0.04791516027958544,0.018932272836828152,0.015304892745239817,0.009026271390696554,0.011123162207760906,0.007435526632923596,4.8204386599180526e-05,0.00028922631959508316,0.000831525668835864,0.002844058809351651,0.00031332851289467343,0.0,0.0,0.0,0.0,0.0,0.0,0.0,0.0,0.0,0.0,0.0,0.0,0.0,0.0,0.0,0.0,0.0,0.0,0.0,0.0,0.0,0.0,0.0,0.0,0.0,0.0,0.0,0.0,0.0,0.0,0.0,0.0,0.0,0.0,0.0,0.0,0.0,0.0,0.0,0.0,0.0,nan,nan,4.246403541128735,2.9203999182013027,nan,0.938815947836278,0.024004071362627635,0.0,0.0,0.0,0.0,0.0,0.0,0.0,0.0,0.0,0.0,0.0,0.0,0.0,0.0,0.0,0.0,0.0,0.0,0.0,0.0,0.0,0.0,0.0,0.0,0.0,0.0841514726507714,1.5287517531556807,10.420757363253859,14.27769985974755,3.688639551192147,0.9394964945553547,0.022617755209741762,0.0,0.0,0.0,0.0,0.0,0.0,0.0,0.0,0.0,0.0,0.0,0.0,0.0,0.0,0.0,0.0,0.0,0.0,0.0,0.0,0.0,0.0,0.0,0.0,0.0,0.014925373134328361,1.1492537313432838,10.671641791044777,14.686567164179108,3.4776119402985084,0.3972,0.01289,0.0,0.0,0.0,0.0,0.0,0.0,0.0,0.0,0.0,0.0,0.22440392706872375,17.629733520336583,12.089761570827493,0.05610098176718094,0.0,0.0,0.0,0.0,0.0,0.0,0.0,0.0,0.0,0.0,0.0,0.0,0.0,0.0,0.0,0.0,0.3972,0.01253,0.0,0.0,0.0,0.0,0.0,0.0,0.0,0.0,0.0,0.0,0.1492537313432836,17.283582089552212,12.507462686567168,0.059701492537313446,0.0,0.0,0.0,0.0,0.0,0.0,0.0,0.0,0.0,0.0,0.0,0.0,0.0,0.0,0.0,0.0
93500,4331,2251,0.5197413992149619,1031,894,0.44447009928423,1215,0.5610713461094435,0.414,2.8971153846153848,3.0997815286158366,6.691470054446461,2.1375350515613007,9435.950914360983,1521.647275318097,7853.0,10924.630851149559,10898.651004041501,7.337995427246265,7853.0,0.0,27.424382359732164,20.612319000521715,32.276203576341125,18.95086451635627,0.14038328330639574,0.10066959131840221,0.09882244285384438,0.08681597783421842,0.08543061648580004,0.07642576772108058,0.06880628030477949,0.06372662202724544,0.057261602401293,0.04756407296236435,0.04617871161394597,0.03925190487185407,0.03278688524590164,0.018933271761717847,0.01985684599399677,0.010851997229277302,0.006234126067882706,0.9375545507736884,0.02344484680377594,0.0,0.0,0.0,0.0,0.0,0.0,0.0,0.0,0.0,0.0,0.0,0.0,0.0,0.0,0.0,0.0,0.0,0.0,0.0,0.0,0.0,0.0,0.0,0.0,0.0,0.05541445393673518,1.7178480720387905,11.0274763334103,14.040637266220276,3.1586238743939052,4.196655761541257,2.8862230084411657,nan,nan,nan,4.154631655725748,2.835538004694303,4.240029006526468,2.9355600793680265,1.0205547345413952,0.3967,0.01248,0.0,0.0,0.0,0.0,0.0,0.0,0.0,0.0,0.0,0.0,0.15931655506811362,17.836527360886603,11.941814823366432,0.06234126067882707,0.0,0.0,0.0,0.0,0.0,0.0,0.0,0.0,0.0,0.0,0.0,0.0,0.0,0.0,0.0,0.0,nan,nan,4.196655761541257,2.8862230084411657,nan,0.3967,0.0627,0.0,0.0,0.0,0.0,0.0,0.0,0.0,0.0,0.0,0.0,0.0,0.0,0.0,0.0,0.0,0.0,0.0,0.0,0.0,0.0,0.00010390210113137844,0.0,0.0011313784345416762,0.002389748326021704,4.617871161394597e-05,0.0005772338951743247,0.0016277995843915955,0.01139459709074117,0.004952666820595706,0.004340798891710921,0.004340798891710921,0.0316208727776495,0.04705610713461095,0.05907411683214038,0.09036019395058878,0.05540290925883168,0.07066497344724082,0.0519625952435927,0.030882013391826366,0.0330755021934888,0.08974832602170399,0.08873239436619719,0.04211498499191873,0.0224774878780882,0.01909489725236666,0.01919879935349804,0.02256984530131609,0.03715077349341953,0.04511660124682521,0.04736781343800508,0.01850611867928885,0.01481182175017317,0.009189563611175249,0.010932809974601708,0.007527129993073194,3.463403371045948e-05,0.00019625952435927037,0.000842761486954514,0.0032671438466866775,0.00011544677903486493,0.0,0.0,0.0,0.0,0.0,0.0,0.0,0.0,0.0,0.0,0.0,0.0,0.0,0.0,0.0,0.0,0.0,0.0,0.0,0.0,0.0,0.0,0.0,0.0,0.0,0.0,0.0,0.0,0.0,0.0,0.0,0.0,0.0,0.0,0.0,0.0,0.0,0.0,0.0,0.0,0.0,nan,nan,4.196655761541257,2.8862230084411657,nan,0.9374420209918113,0.023625178116901287,0.0,0.0,0.0,0.0,0.0,0.0,0.0,0.0,0.0,0.0,0.0,0.0,0.0,0.0,0.0,0.0,0.0,0.0,0.0,0.0,0.0,0.0,0.0,0.0,0.0,0.0399822301199467,1.9058196357174593,10.901821412705466,14.007107952021327,3.1452687694358072,0.9376763318020563,0.02324750050449796,0.0,0.0,0.0,0.0,0.0,0.0,0.0,0.0,0.0,0.0,0.0,0.0,0.0,0.0,0.0,0.0,0.0,0.0,0.0,0.0,0.0,0.0,0.0,0.0,0.0,0.07211538461538462,1.5144230769230773,11.16346153846154,14.07692307692308,3.173076923076924,0.397,0.01255,0.0,0.0,0.0,0.0,0.0,0.0,0.0,0.0,0.0,0.0,0.17325633051976905,17.392270102176784,12.394491337183478,0.0399822301199467,0.0,0.0,0.0,0.0,0.0,0.0,0.0,0.0,0.0,0.0,0.0,0.0,0.0,0.0,0.0,0.0,0.3965,0.0124,0.0,0.0,0.0,0.0,0.0,0.0,0.0,0.0,0.0,0.0,0.14423076923076925,18.317307692307665,11.451923076923078,0.08653846153846155,0.0,0.0,0.0,0.0,0.0,0.0,0.0,0.0,0.0,0.0,0.0,0.0,0.0,0.0,0.0,0.0
93600,4414,2303,0.5217489805165383,1118,866,0.4494789306751246,1229,0.5568645219755324,0.43,3.1155850307910944,3.179889827383937,6.684294871794871,2.103418344876607,9442.043004001367,1521.3722844180104,7853.0,10925.944029211998,10898.608258646129,7.42960405598569,7853.0,0.0,28.205935659265972,20.775625097864243,33.058255033557046,18.97474378359504,0.1361576801087449,0.09832351608518351,0.0917535115541459,0.08450385138196648,0.07974626189397371,0.07680108744902582,0.0668328047122791,0.06388763026733121,0.06547349342999546,0.053919347530584506,0.04893520616221115,0.03874037154508382,0.037607612143180785,0.024241051200724967,0.016991391028545536,0.009288627095604893,0.006796556411418215,0.9378773322135656,0.023418589961430182,0.0,0.0,0.0,0.0,0.0,0.0,0.0,0.0,0.0,0.0,0.0,0.0,0.0,0.0,0.0,0.0,0.0,0.0,0.0,0.0,0.0,0.0,0.0,0.0,0.0,0.04757589487992751,1.7059356592659722,10.8948799275034,14.123244222927054,3.2283642954236527,4.309515510630882,2.9319664741539655,nan,nan,nan,4.253103448275862,2.9548453526815868,4.367159971811135,2.90727134561198,1.0268172464936185,0.3965,0.012764,0.0,0.0,0.0,0.0,0.0,0.0,0.0,0.0,0.0,0.0,0.2106932487539647,18.207974626189372,11.547349342999551,0.03398278205709108,0.0,0.0,0.0,0.0,0.0,0.0,0.0,0.0,0.0,0.0,0.0,0.0,0.0,0.0,0.0,0.0,nan,nan,4.309515510630882,2.9319664741539655,nan,0.3965,0.06256,0.0,0.0,0.0,0.0,0.0,0.0,0.0,0.0,0.0,0.0,0.0,0.0,0.0,0.0,0.0,0.0,0.0,0.0,0.0,0.0,6.796556411418214e-05,0.0,0.001144086995922066,0.0017897598550067966,5.663797009515179e-05,0.0008495695514272769,0.0020502945174444946,0.010931128228364296,0.004904848210240145,0.004802899864068871,0.004542365201631173,0.031286814680561846,0.04878794743996375,0.060829179882193024,0.09148164929768918,0.05437245129134572,0.0683167195287721,0.048527412777526056,0.03406207521522429,0.03392614408699592,0.09107385591300408,0.08736973266878115,0.04195740824648845,0.022949705482555507,0.01963072043497961,0.017603081105573175,0.024252378794743998,0.03339374716810149,0.047020842772995015,0.047292705029451744,0.017365201631173537,0.016640235613955594,0.009118713185319437,0.009900317172632532,0.00791798821930222,3.398278205709107e-05,0.0003285002265518804,0.0006003624830086089,0.0027639329406434075,5.663797009515179e-05,0.0,0.0,0.0,0.0,0.0,0.0,0.0,0.0,0.0,0.0,0.0,0.0,0.0,0.0,0.0,0.0,0.0,0.0,0.0,0.0,0.0,0.0,0.0,0.0,0.0,0.0,0.0,0.0,0.0,0.0,0.0,0.0,0.0,0.0,0.0,0.0,0.0,0.0,0.0,0.0,0.0,nan,nan,4.309515510630882,2.9319664741539655,nan,0.9377760834089321,0.02366717612852085,0.0,0.0,0.0,0.0,0.0,0.0,0.0,0.0,0.0,0.0,0.0,0.0,0.0,0.0,0.0,0.0,0.0,0.0,0.0,0.0,0.0,0.0,0.0,0.0,0.0,0.039079461571862796,1.8367346938775515,10.838037342596616,14.055579678679985,3.230568823273991,0.9379877898152097,0.023143844060945253,0.0,0.0,0.0,0.0,0.0,0.0,0.0,0.0,0.0,0.0,0.0,0.0,0.0,0.0,0.0,0.0,0.0,0.0,0.0,0.0,0.0,0.0,0.0,0.0,0.0,0.05684509711037424,1.5632401705352919,10.956892468024634,14.197063003315968,3.2259592610137386,0.3965,0.012764,0.0,0.0,0.0,0.0,0.0,0.0,0.0,0.0,0.0,0.0,0.2605297438124186,18.119843682153686,11.59357359965263,0.026052974381241864,0.0,0.0,0.0,0.0,0.0,0.0,0.0,0.0,0.0,0.0,0.0,0.0,0.0,0.0,0.0,0.0,0.3965,0.012764,0.0,0.0,0.0,0.0,0.0,0.0,0.0,0.0,0.0,0.0,0.15632401705352916,18.304121269540474,11.49692089057319,0.04263382283278068,0.0,0.0,0.0,0.0,0.0,0.0,0.0,0.0,0.0,0.0,0.0,0.0,0.0,0.0,0.0,0.0
93700,4663,2377,0.5097576667381514,1115,956,0.44413467724640787,1316,0.5644434913146044,0.39399999999999996,2.9496937882764653,3.1361085873401624,6.595975232198143,2.2393710194726664,9405.441243449519,1522.4435813506311,7853.0,10923.638125121593,10898.449523855745,7.254455665225115,7853.0,0.0,27.82865108299378,20.810749689549162,32.81904274379319,19.043650525679645,0.13960969333047393,0.09864893845164058,0.09500321681321038,0.08621059403817286,0.08277932661376797,0.07784687969118594,0.06712416898992066,0.06069054256916148,0.06004717992708557,0.05275573665022518,0.050825648723997426,0.03710057902637787,0.029380227321466865,0.02573450568303667,0.016941882907999143,0.013725069697619559,0.0055758095646579455,0.9383451110580923,0.023075561313679202,0.0,0.0,0.0,0.0,0.0,0.0,0.0,0.0,0.0,0.0,0.0,0.0,0.0,0.0,0.0,0.0,0.0,0.0,0.0,0.0,0.0,0.0,0.0,0.0,0.0,0.03216813210379585,1.3703624276217032,10.814926013296164,14.565730216598759,3.2168132103795846,4.2950983661220405,2.953334845712154,nan,nan,nan,4.287043189368771,2.9965647377239426,4.300736771600803,2.9085145564965753,1.0031941787444527,0.3962,0.01236,0.0,0.0,0.0,0.0,0.0,0.0,0.0,0.0,0.0,0.0,0.2123096718850526,18.65751662020156,11.078704696547291,0.051469011366073354,0.0,0.0,0.0,0.0,0.0,0.0,0.0,0.0,0.0,0.0,0.0,0.0,0.0,0.0,0.0,0.0,nan,nan,4.2950983661220405,2.953334845712154,nan,0.3962,0.0632,0.0,0.0,0.0,0.0,0.0,0.0,0.0,0.0,0.0,0.0,0.0,0.0,0.0,0.0,0.0,0.0,0.0,0.0,0.0,0.0,3.216813210379584e-05,1.072271070126528e-05,0.001383229680463221,0.0017156337122024449,0.00012867252841518336,0.0005039674029594681,0.0021552648509543214,0.011173064550718422,0.005790263778683251,0.0059296590177996995,0.004535706626635214,0.030291657731074416,0.048552434055329184,0.06310315247694617,0.09368432339695475,0.054353420544713704,0.07174565730216599,0.04683680034312674,0.03369075702337551,0.032264636500107226,0.08536349989277289,0.08547072699978554,0.04055329187218529,0.02298949174351276,0.02065194081063693,0.017156337122024447,0.02412609907784688,0.03435556508685396,0.047094145399957106,0.04956036886124812,0.017703195367788978,0.015858889127171347,0.010325970405318465,0.0090177996997641,0.007355779541067982,3.216813210379584e-05,0.0003645721638430195,0.0007184216169847737,0.0032811494745871757,0.00013939523911644865,0.0,0.0,0.0,0.0,0.0,0.0,0.0,0.0,0.0,0.0,0.0,0.0,0.0,0.0,0.0,0.0,0.0,0.0,0.0,0.0,0.0,0.0,0.0,0.0,0.0,0.0,0.0,0.0,0.0,0.0,0.0,0.0,0.0,0.0,0.0,0.0,0.0,0.0,0.0,0.0,0.0,nan,nan,4.2950983661220405,2.953334845712154,nan,0.9376291222917367,0.022885996210735185,0.0,0.0,0.0,0.0,0.0,0.0,0.0,0.0,0.0,0.0,0.0,0.0,0.0,0.0,0.0,0.0,0.0,0.0,0.0,0.0,0.0,0.0,0.0,0.0,0.0,0.05048380311316787,1.3378207824989485,11.081194783340347,14.450988641144303,3.07951198990324,0.9390896015644908,0.023247661294856937,0.0,0.0,0.0,0.0,0.0,0.0,0.0,0.0,0.0,0.0,0.0,0.0,0.0,0.0,0.0,0.0,0.0,0.0,0.0,0.0,0.0,0.0,0.0,0.0,0.0,0.013123359580052497,1.4041994750656173,10.538057742782154,14.685039370078742,3.359580052493439,0.396,0.01235,0.0,0.0,0.0,0.0,0.0,0.0,0.0,0.0,0.0,0.0,0.22717711400925542,19.095498527555716,10.601598653765253,0.0757257046697518,0.0,0.0,0.0,0.0,0.0,0.0,0.0,0.0,0.0,0.0,0.0,0.0,0.0,0.0,0.0,0.0,0.3965,0.01236,0.0,0.0,0.0,0.0,0.0,0.0,0.0,0.0,0.0,0.0,0.19685039370078744,18.202099737532784,11.574803149606302,0.026246719160104993,0.0,0.0,0.0,0.0,0.0,0.0,0.0,0.0,0.0,0.0,0.0,0.0,0.0,0.0,0.0,0.0
93800,4488,2270,0.5057932263814616,1051,950,0.44585561497326204,1296,0.5775401069518716,0.418,2.946348061316501,3.118678668329338,6.641891891891892,2.099743018816682,9393.285132580355,1522.5500918192183,7853.0,10923.893129587173,10898.286200449618,7.442028128681868,7853.0,0.0,27.545008912655973,20.93331929128113,32.79425194735428,19.12969712545523,0.14950980392156862,0.09982174688057041,0.09202317290552585,0.08823529411764706,0.08244206773618538,0.06818181818181818,0.06929590017825311,0.06372549019607843,0.054367201426024955,0.05213903743315508,0.04790552584670232,0.04055258467023173,0.031862745098039214,0.02428698752228164,0.020499108734402853,0.008021390374331552,0.0071301247771836,0.9375992701679415,0.023662615716068536,0.0,0.0,0.0,0.0,0.0,0.0,0.0,0.0,0.0,0.0,0.0,0.0,0.0,0.0,0.0,0.0,0.0,0.0,0.0,0.0,0.0,0.0,0.0,0.0,0.0,0.04679144385026739,1.6844919786096262,11.109625668449201,13.736631016042784,3.422459893048129,4.32682246250436,2.868880171783672,nan,nan,nan,4.32409381663113,2.9035934919938873,4.329452054794521,2.8350223552117844,1.0012391586285159,0.3958,0.012375,0.0,0.0,0.0,0.0,0.0,0.0,0.0,0.0,0.0,0.0,0.3676470588235295,18.930481283422434,10.688502673796792,0.013368983957219254,0.0,0.0,0.0,0.0,0.0,0.0,0.0,0.0,0.0,0.0,0.0,0.0,0.0,0.0,0.0,0.0,nan,nan,4.32682246250436,2.868880171783672,nan,0.3958,0.06247,0.0,0.0,0.0,0.0,0.0,0.0,0.0,0.0,0.0,0.0,0.0,0.0,0.0,0.0,0.0,0.0,0.0,0.0,0.0,0.0,7.798573975044564e-05,0.0,0.0012254901960784314,0.001749108734402852,0.00015597147950089128,0.0003676470588235294,0.0017936720142602495,0.012745098039215686,0.005982620320855615,0.005202762923351158,0.003676470588235294,0.02655971479500891,0.04963235294117647,0.06620989304812834,0.09300356506238859,0.05226158645276292,0.07560160427807487,0.048150623885918,0.03440285204991087,0.03201871657754011,0.08438057040998218,0.08957219251336898,0.03869206773618538,0.023841354723707665,0.02354055258467023,0.01746880570409982,0.022716131907308378,0.03370098039215686,0.04574420677361854,0.04966577540106952,0.01628787878787879,0.014405080213903743,0.009859625668449197,0.008121657754010695,0.005993761140819964,0.00016711229946524063,0.0004233511586452763,0.0009246880570409982,0.0033311051693404635,0.00034536541889483064,0.0,0.0,0.0,0.0,0.0,0.0,0.0,0.0,0.0,0.0,0.0,0.0,0.0,0.0,0.0,0.0,0.0,0.0,0.0,0.0,0.0,0.0,0.0,0.0,0.0,0.0,0.0,0.0,0.0,0.0,0.0,0.0,0.0,0.0,0.0,0.0,0.0,0.0,0.0,0.0,0.0,nan,nan,4.32682246250436,2.868880171783672,nan,0.937712978345182,0.023955754618120894,0.0,0.0,0.0,0.0,0.0,0.0,0.0,0.0,0.0,0.0,0.0,0.0,0.0,0.0,0.0,0.0,0.0,0.0,0.0,0.0,0.0,0.0,0.0,0.0,0.0,0.07929515418502203,1.784140969162996,10.757709251101323,13.850220264317183,3.528634361233481,0.9374828961542644,0.02335822237471105,0.0,0.0,0.0,0.0,0.0,0.0,0.0,0.0,0.0,0.0,0.0,0.0,0.0,0.0,0.0,0.0,0.0,0.0,0.0,0.0,0.0,0.0,0.0,0.0,0.0,0.013525698827772771,1.5825067628494143,11.46979260595131,13.620378719567181,3.3137962128043292,0.3955,0.01209,0.0,0.0,0.0,0.0,0.0,0.0,0.0,0.0,0.0,0.0,0.3568281938325992,19.440528634361204,10.20264317180617,0.0,0.0,0.0,0.0,0.0,0.0,0.0,0.0,0.0,0.0,0.0,0.0,0.0,0.0,0.0,0.0,0.0,0.396,0.01265,0.0,0.0,0.0,0.0,0.0,0.0,0.0,0.0,0.0,0.0,0.3787195671776376,18.408476104598712,11.185752930568082,0.027051397655545543,0.0,0.0,0.0,0.0,0.0,0.0,0.0,0.0,0.0,0.0,0.0,0.0,0.0,0.0,0.0,0.0
93900,4293,2146,0.4998835313300722,993,891,0.4388539482879106,1198,0.5581178662939669,0.426,2.8607359105728922,3.086198376306029,6.477430555555555,2.2545119102614657,9375.262540419259,1522.626083719023,7853.0,10924.298726201057,10898.234429645794,7.367504646680054,7853.0,0.0,27.652923363615187,20.93939240189832,32.470116214720534,19.326142882470528,0.13743303051479153,0.10062893081761007,0.1036571162357326,0.0880503144654088,0.0815280689494526,0.07570463545306312,0.06848357791754019,0.06452364313999534,0.051945026787794085,0.04565571861169346,0.04472396925227114,0.040298159795015144,0.030980666200791988,0.026787794083391568,0.024924295364546937,0.009084556254367574,0.005590496156533892,0.9367122355386035,0.023321650704783124,0.0,0.0,0.0,0.0,0.0,0.0,0.0,0.0,0.0,0.0,0.0,0.0,0.0,0.0,0.0,0.0,0.0,0.0,0.0,0.0,0.0,0.0,0.0,0.0,0.0,0.03494060097833684,1.6631726065688335,11.621243885394833,13.759608665269045,2.9210342417889597,4.338370807224475,2.8928127314201815,nan,nan,nan,4.333084947839046,2.933199530305967,4.341605839416059,2.85285469364137,1.0019664723123562,0.3955,0.01226,0.0,0.0,0.0,0.0,0.0,0.0,0.0,0.0,0.0,0.0,0.22361984626135575,19.168413696715557,10.573025856044726,0.03494060097833684,0.0,0.0,0.0,0.0,0.0,0.0,0.0,0.0,0.0,0.0,0.0,0.0,0.0,0.0,0.0,0.0,nan,nan,4.338370807224475,2.8928127314201815,nan,0.3955,0.06274,0.0,0.0,0.0,0.0,0.0,0.0,0.0,0.0,0.0,0.0,0.0,0.0,0.0,0.0,0.0,0.0,0.0,0.0,0.0,0.0,0.00010482180293501048,4.658746797111577e-05,0.0015606801770323784,0.0018867924528301887,5.8234334963894714e-05,0.0007337526205450734,0.001630561378989052,0.011646866992778943,0.006662007919869555,0.0052177964127649665,0.0039715816445376195,0.027067318891218262,0.050582343349638945,0.06453529000698811,0.09658746797111577,0.048835313300722105,0.07209410668530165,0.0524341952014908,0.0385511297460983,0.0321337060330771,0.08016538551129745,0.08626834381551363,0.03980899138131842,0.022851153039832286,0.0248893547635686,0.017982762636850686,0.022315397158164454,0.035406475658047984,0.044083391567668294,0.049312834847426046,0.016596785464709992,0.015595154903331004,0.008723503377591427,0.008245981830887492,0.005939902166317261,9.317493594223154e-05,0.00036105287677614723,0.0009433962264150943,0.0038900535755881666,0.00018634987188446308,0.0,0.0,0.0,0.0,0.0,0.0,0.0,0.0,0.0,0.0,0.0,0.0,0.0,0.0,0.0,0.0,0.0,0.0,0.0,0.0,0.0,0.0,0.0,0.0,0.0,0.0,0.0,0.0,0.0,0.0,0.0,0.0,0.0,0.0,0.0,0.0,0.0,0.0,0.0,0.0,0.0,nan,nan,4.338370807224475,2.8928127314201815,nan,0.937128508913106,0.023476795205852437,0.0,0.0,0.0,0.0,0.0,0.0,0.0,0.0,0.0,0.0,0.0,0.0,0.0,0.0,0.0,0.0,0.0,0.0,0.0,0.0,0.0,0.0,0.0,0.0,0.0,0.06989748369058715,1.5936626281453872,11.351351351351353,13.99347623485555,2.9916123019571303,0.9362961560501628,0.023158063969302208,0.0,0.0,0.0,0.0,0.0,0.0,0.0,0.0,0.0,0.0,0.0,0.0,0.0,0.0,0.0,0.0,0.0,0.0,0.0,0.0,0.0,0.0,0.0,0.0,0.0,0.0,1.7326502095947838,11.891010712622267,13.525850023288312,2.850489054494644,0.3958,0.01216,0.0,0.0,0.0,0.0,0.0,0.0,0.0,0.0,0.0,0.0,0.2236719478098789,19.054054054054028,10.694315004659835,0.027958993476234862,0.0,0.0,0.0,0.0,0.0,0.0,0.0,0.0,0.0,0.0,0.0,0.0,0.0,0.0,0.0,0.0,0.3953,0.01236,0.0,0.0,0.0,0.0,0.0,0.0,0.0,0.0,0.0,0.0,0.2235677689799721,19.28272007452256,10.451793199813695,0.04191895668374477,0.0,0.0,0.0,0.0,0.0,0.0,0.0,0.0,0.0,0.0,0.0,0.0,0.0,0.0,0.0,0.0
94000,4182,2157,0.5157819225251076,1010,858,0.446676231468197,1152,0.5509325681492109,0.446,2.97679012345679,3.1332473696484016,6.637200736648251,2.184630957839693,9423.374586837848,1521.5750216920276,7853.0,10922.584260761738,10897.64836446726,7.429806505529495,7853.0,0.0,28.00549976087996,21.130229034028186,33.063392347230156,19.371064213271488,0.14299378287900527,0.09875657580105213,0.09612625538020086,0.08273553323768532,0.08393113342898136,0.07101865136298421,0.06599713055954089,0.0667144906743185,0.05332376853180296,0.05045432807269249,0.05141080822572932,0.03969392635102822,0.03012912482065997,0.027259684361549498,0.01912960306073649,0.014586322333811573,0.005738880918220947,0.9357377485417111,0.023456728548673932,0.0,0.0,0.0,0.0,0.0,0.0,0.0,0.0,0.0,0.0,0.0,0.0,0.0,0.0,0.0,0.0,0.0,0.0,0.0,0.0,0.0,0.0,0.0,0.0,0.0,0.021520803443328556,1.9440459110473463,11.88665710186514,13.328550932568152,2.8192252510760407,4.2834323922734026,2.907485157710842,nan,nan,nan,4.290680473372781,2.8952065278199304,4.276119402985074,2.919803180457306,0.9966063493942114,0.3955,0.01257,0.0,0.0,0.0,0.0,0.0,0.0,0.0,0.0,0.0,0.0,0.2941176470588236,18.98852223816353,10.667144906743188,0.0502152080344333,0.0,0.0,0.0,0.0,0.0,0.0,0.0,0.0,0.0,0.0,0.0,0.0,0.0,0.0,0.0,0.0,nan,nan,4.2834323922734026,2.907485157710842,nan,0.3955,0.0634,0.0,0.0,0.0,0.0,0.0,0.0,0.0,0.0,0.0,0.0,0.0,0.0,0.0,0.0,0.0,0.0,0.0,0.0,0.0,0.0,0.00013151602104256337,3.586800573888092e-05,0.0017097082735533238,0.00194882831181253,1.1956001912960306e-05,0.0008130081300813008,0.001877092300334768,0.012015781922525108,0.007233381157340985,0.004447632711621234,0.004579148732663798,0.027893352462936394,0.05424438067910091,0.06384505021520803,0.09330463892874223,0.05101626016260163,0.07015781922525108,0.05272596843615495,0.039012434241989476,0.032747489239598276,0.07951936872309899,0.08200621712099473,0.03815160210425634,0.023529411764705882,0.023517455762792922,0.017491630798660927,0.022525107604017217,0.03676470588235294,0.046257771401243424,0.047549019607843135,0.016272118603538978,0.015805834528933523,0.009540889526542324,0.009230033476805356,0.005894308943089431,0.00010760401721664275,0.0004543280726924916,0.0010401721664275467,0.004459588713534194,0.00013151602104256337,0.0,0.0,0.0,0.0,0.0,0.0,0.0,0.0,0.0,0.0,0.0,0.0,0.0,0.0,0.0,0.0,0.0,0.0,0.0,0.0,0.0,0.0,0.0,0.0,0.0,0.0,0.0,0.0,0.0,0.0,0.0,0.0,0.0,0.0,0.0,0.0,0.0,0.0,0.0,0.0,0.0,nan,nan,4.2834323922734026,2.907485157710842,nan,0.9355602778933034,0.0234909145179228,0.0,0.0,0.0,0.0,0.0,0.0,0.0,0.0,0.0,0.0,0.0,0.0,0.0,0.0,0.0,0.0,0.0,0.0,0.0,0.0,0.0,0.0,0.0,0.0,0.0,0.013908205841446458,2.072322670375522,12.141863699582757,12.906815020862313,2.86509040333797,0.9359267876472002,0.023418780067299243,0.0,0.0,0.0,0.0,0.0,0.0,0.0,0.0,0.0,0.0,0.0,0.0,0.0,0.0,0.0,0.0,0.0,0.0,0.0,0.0,0.0,0.0,0.0,0.0,0.0,0.029629629629629638,1.8074074074074078,11.614814814814817,13.777777777777782,2.770370370370371,0.3953,0.01274,0.0,0.0,0.0,0.0,0.0,0.0,0.0,0.0,0.0,0.0,0.305980528511822,19.1098748261474,10.542420027816414,0.04172461752433937,0.0,0.0,0.0,0.0,0.0,0.0,0.0,0.0,0.0,0.0,0.0,0.0,0.0,0.0,0.0,0.0,0.3958,0.01238,0.0,0.0,0.0,0.0,0.0,0.0,0.0,0.0,0.0,0.0,0.28148148148148155,18.85925925925923,10.800000000000002,0.059259259259259275,0.0,0.0,0.0,0.0,0.0,0.0,0.0,0.0,0.0,0.0,0.0,0.0,0.0,0.0,0.0,0.0
94100,4471,2355,0.5267278013867144,1103,915,0.45135316484008053,1248,0.558264370386938,0.43,3.1063327032136105,3.1704176063369527,6.794520547945205,2.1467331288006224,9456.951760152248,1520.3951439012242,7853.0,10924.503968060017,10898.124551864414,7.516335923244932,7853.0,0.0,27.980541265936033,20.97019061551269,33.21693548387097,19.095444574870907,0.14493401923507046,0.09841198836949229,0.08789979870275107,0.08342652650413777,0.07872959069559382,0.07649295459628719,0.07649295459628719,0.06307313800044732,0.056810556922388726,0.05435025721315142,0.043838067546410196,0.04137776783717289,0.029299932900917022,0.02616864236188772,0.019682397673898455,0.0125251621561172,0.006486244687989264,0.936490677862033,0.023377231065869312,0.0,0.0,0.0,0.0,0.0,0.0,0.0,0.0,0.0,0.0,0.0,0.0,0.0,0.0,0.0,0.0,0.0,0.0,0.0,0.0,0.0,0.0,0.0,0.0,0.0,0.02683963319167972,1.7579959740550217,11.6148512636994,13.621113844777458,2.979199284276449,4.322080606269377,2.9462900551237587,nan,nan,nan,4.340720221606648,2.9656815525791935,4.305898491083676,2.926578604299652,0.9919778910537378,0.3958,0.01273,0.0,0.0,0.0,0.0,0.0,0.0,0.0,0.0,0.0,0.0,0.22142697383135768,18.767613509282015,10.957280250503246,0.05367926638335944,0.0,0.0,0.0,0.0,0.0,0.0,0.0,0.0,0.0,0.0,0.0,0.0,0.0,0.0,0.0,0.0,nan,nan,4.322080606269377,2.9462900551237587,nan,0.3955,0.06323,0.0,0.0,0.0,0.0,0.0,0.0,0.0,0.0,0.0,0.0,0.0,0.0,0.0,0.0,0.0,0.0,0.0,0.0,0.0,0.0,5.591590248266607e-05,8.946544397226571e-05,0.0018452247819279804,0.0014761798255423842,2.236636099306643e-05,0.0006038917468127935,0.0021695370163274433,0.011183180496533215,0.006866472824871394,0.0043278908521583535,0.005244911652874077,0.028897338403041824,0.054674569447550884,0.06206665175575934,0.0967345112950123,0.048512636993961085,0.0688883918586446,0.050984119883694924,0.03938716170878998,0.032375307537463656,0.08102214269738314,0.08361664057257884,0.03803399686870946,0.021661820621784837,0.025452918810109595,0.01900022366360993,0.022713039588458956,0.03654663386267054,0.045213598747483784,0.04928427644822187,0.014403936479534779,0.014817714157906508,0.009103108924178037,0.011697606799373742,0.005177812569894878,2.236636099306643e-05,0.0006709908297919928,0.0011742339521359875,0.0038358309103108923,0.00014538134645493178,0.0,0.0,0.0,0.0,0.0,0.0,0.0,0.0,0.0,0.0,0.0,0.0,0.0,0.0,0.0,0.0,0.0,0.0,0.0,0.0,0.0,0.0,0.0,0.0,0.0,0.0,0.0,0.0,0.0,0.0,0.0,0.0,0.0,0.0,0.0,0.0,0.0,0.0,0.0,0.0,0.0,nan,nan,4.322080606269377,2.9462900551237587,nan,0.9369157279119876,0.02371399957126692,0.0,0.0,0.0,0.0,0.0,0.0,0.0,0.0,0.0,0.0,0.0,0.0,0.0,0.0,0.0,0.0,0.0,0.0,0.0,0.0,0.0,0.0,0.0,0.0,0.0,0.02547770700636943,1.7834394904458604,11.21019108280255,13.93630573248408,3.044585987261147,0.9360176188508594,0.022987387639631016,0.0,0.0,0.0,0.0,0.0,0.0,0.0,0.0,0.0,0.0,0.0,0.0,0.0,0.0,0.0,0.0,0.0,0.0,0.0,0.0,0.0,0.0,0.0,0.0,0.0,0.028355387523629497,1.7296786389413994,12.065217391304351,13.270321361058604,2.9064272211720237,0.3958,0.01301,0.0,0.0,0.0,0.0,0.0,0.0,0.0,0.0,0.0,0.0,0.28025477707006374,18.598726114649654,11.07006369426752,0.05095541401273886,0.0,0.0,0.0,0.0,0.0,0.0,0.0,0.0,0.0,0.0,0.0,0.0,0.0,0.0,0.0,0.0,0.3955,0.01243,0.0,0.0,0.0,0.0,0.0,0.0,0.0,0.0,0.0,0.0,0.1559546313799622,18.955576559546287,10.831758034026466,0.05671077504725899,0.0,0.0,0.0,0.0,0.0,0.0,0.0,0.0,0.0,0.0,0.0,0.0,0.0,0.0,0.0,0.0
94200,4495,2280,0.5072302558398221,1084,907,0.44293659621802,1274,0.5668520578420467,0.43,3.0090293453724604,3.1391951214324876,6.550724637681159,2.1533975603682824,9397.396802521575,1522.2320301703717,7853.0,10925.330169320107,10897.76474883091,7.281678636853393,7853.0,0.0,27.58420467185762,20.69569701871572,32.591114658153764,18.93282494495396,0.14349276974416017,0.10166852057842046,0.09499443826473859,0.08987764182424916,0.07252502780867631,0.0743047830923248,0.071412680756396,0.0625139043381535,0.06184649610678532,0.05027808676307008,0.047830923248053395,0.0424916573971079,0.030478309232480533,0.023804226918798667,0.017130144605116797,0.009566184649610678,0.005784204671857619,0.9358859631720852,0.023297862293131532,0.0,0.0,0.0,0.0,0.0,0.0,0.0,0.0,0.0,0.0,0.0,0.0,0.0,0.0,0.0,0.0,0.0,0.0,0.0,0.0,0.0,0.0,0.0,0.0,0.0,0.05339265850945496,1.8887652947719693,11.659621802002228,13.548387096774198,2.849833147942159,4.397284122562674,2.903850268945599,nan,nan,nan,4.445833333333334,2.8564954003502656,4.348463687150838,2.9498978085831395,0.9780986737733843,0.396,0.012184,0.0,0.0,0.0,0.0,0.0,0.0,0.0,0.0,0.0,0.0,0.21357063403781984,18.800889877641797,10.945494994438269,0.04004449388209122,0.0,0.0,0.0,0.0,0.0,0.0,0.0,0.0,0.0,0.0,0.0,0.0,0.0,0.0,0.0,0.0,nan,nan,4.397284122562674,2.903850268945599,nan,0.396,0.0624,0.0,0.0,0.0,0.0,0.0,0.0,0.0,0.0,0.0,0.0,0.0,0.0,0.0,0.0,0.0,0.0,0.0,0.0,0.0,0.0,6.674082313681869e-05,5.5617352614015575e-05,0.0010901001112347051,0.0007675194660734149,0.0,0.0006229143492769744,0.002413793103448276,0.009888765294771968,0.006384872080088988,0.004293659621802002,0.006240266963292548,0.02685205784204672,0.049933259176863184,0.059154616240266966,0.09754171301446052,0.05363737486095662,0.07205784204671857,0.05588431590656285,0.038654060066740825,0.033559510567296995,0.08038932146829811,0.08115684093437152,0.039054505005561735,0.021167964404894327,0.025083426028921024,0.019288097886540602,0.02311457174638487,0.037208008898776415,0.04401557285873192,0.0503559510567297,0.0164293659621802,0.013904338153503892,0.007931034482758621,0.010022246941045606,0.006307007786429366,0.00010011123470522804,0.0008231368186874305,0.0004671857619577308,0.003948832035595106,0.00013348164627363738,0.0,0.0,0.0,0.0,0.0,0.0,0.0,0.0,0.0,0.0,0.0,0.0,0.0,0.0,0.0,0.0,0.0,0.0,0.0,0.0,0.0,0.0,0.0,0.0,0.0,0.0,0.0,0.0,0.0,0.0,0.0,0.0,0.0,0.0,0.0,0.0,0.0,0.0,0.0,0.0,0.0,nan,nan,4.397284122562674,2.903850268945599,nan,0.9353754323825502,0.023663023190134306,0.0,0.0,0.0,0.0,0.0,0.0,0.0,0.0,0.0,0.0,0.0,0.0,0.0,0.0,0.0,0.0,0.0,0.0,0.0,0.0,0.0,0.0,0.0,0.0,0.0,0.05263157894736843,2.052631578947369,11.842105263157897,13.250000000000004,2.802631578947369,0.9364114756777916,0.022904026545963976,0.0,0.0,0.0,0.0,0.0,0.0,0.0,0.0,0.0,0.0,0.0,0.0,0.0,0.0,0.0,0.0,0.0,0.0,0.0,0.0,0.0,0.0,0.0,0.0,0.0,0.05417607223476299,1.720090293453725,11.471783295711065,13.855530474040636,2.8984198645598203,0.3958,0.01203,0.0,0.0,0.0,0.0,0.0,0.0,0.0,0.0,0.0,0.0,0.25000000000000006,19.18421052631576,10.539473684210527,0.026315789473684216,0.0,0.0,0.0,0.0,0.0,0.0,0.0,0.0,0.0,0.0,0.0,0.0,0.0,0.0,0.0,0.0,0.3962,0.012344,0.0,0.0,0.0,0.0,0.0,0.0,0.0,0.0,0.0,0.0,0.17607223476297973,18.406320541760696,11.363431151241539,0.05417607223476299,0.0,0.0,0.0,0.0,0.0,0.0,0.0,0.0,0.0,0.0,0.0,0.0,0.0,0.0,0.0,0.0
94300,4609,2396,0.5198524625732263,1151,911,0.44738555001084834,1256,0.5450206118463875,0.426,2.94713059195662,3.1219247338699416,6.669934640522876,2.107924201714232,9435.795476246356,1521.1595628815576,7853.0,10928.31846833229,10897.701314699272,7.400107065707421,7853.0,0.0,28.400954653937948,21.246280471887573,33.35660912136047,19.49372386249795,0.13842482100238662,0.09871989585593405,0.08808852245606422,0.09025819049685398,0.08179648513777392,0.07355174658277283,0.06660880885224561,0.062269472770666086,0.06096767194619223,0.05055326535040139,0.04729876328921675,0.03775222390974181,0.034280755044478195,0.027337817313950966,0.019527012367107834,0.013451941852896507,0.009112605771316989,0.935461172663899,0.023699303214250567,0.0,0.0,0.0,0.0,0.0,0.0,0.0,0.0,0.0,0.0,0.0,0.0,0.0,0.0,0.0,0.0,0.0,0.0,0.0,0.0,0.0,0.0,0.0,0.0,0.0,0.052072032978954234,1.98524625732263,11.83987849858972,13.265350401388591,2.8574528097201135,4.235155987923515,2.9218924981427694,nan,nan,nan,4.2854264607118875,2.939928425982093,4.18578135479544,2.903724401906594,0.9767479136954097,0.396,0.01243,0.0,0.0,0.0,0.0,0.0,0.0,0.0,0.0,0.0,0.0,0.23432414840529403,18.75244087654586,10.987198958559343,0.026036016489477117,0.0,0.0,0.0,0.0,0.0,0.0,0.0,0.0,0.0,0.0,0.0,0.0,0.0,0.0,0.0,0.0,nan,nan,4.235155987923515,2.9218924981427694,nan,0.396,0.0626,0.0,0.0,0.0,0.0,0.0,0.0,0.0,0.0,0.0,0.0,0.0,0.0,0.0,0.0,0.0,0.0,0.0,0.0,0.0,0.0,0.0,0.00013018008244738554,0.0008678672163159037,0.0006509004122369278,0.0,0.0005749620308092862,0.002863961813842482,0.009427207637231504,0.006736819266652202,0.005380776741158603,0.006064222174007377,0.02693642872640486,0.05141028422651334,0.057908440008678674,0.09812323714471685,0.05286396181384248,0.07449555218051639,0.0558255586895205,0.03802343241484053,0.03292471251898459,0.07825992623128661,0.08230635712735951,0.03854415274463007,0.02051421132566717,0.024625732262963766,0.017975699717943154,0.023551746582772835,0.03719895855934042,0.04474940334128878,0.050596658711217185,0.016619657192449556,0.015068344543284878,0.007940985029290519,0.008678672163159037,0.005999132132783684,0.0002603601648947711,0.0007810804946843133,0.0006834454328487742,0.0043501844217834675,7.593838142764158e-05,1.0848340203948797e-05,0.0,0.0,0.0,0.0,0.0,0.0,0.0,0.0,0.0,0.0,0.0,0.0,0.0,0.0,0.0,0.0,0.0,0.0,0.0,0.0,0.0,0.0,0.0,0.0,0.0,0.0,0.0,0.0,0.0,0.0,0.0,0.0,0.0,0.0,0.0,0.0,0.0,0.0,0.0,0.0,nan,nan,4.235155987923515,2.9218924981427694,nan,0.9349613848433073,0.023549289248031093,0.0,0.0,0.0,0.0,0.0,0.0,0.0,0.0,0.0,0.0,0.0,0.0,0.0,0.0,0.0,0.0,0.0,0.0,0.0,0.0,0.0,0.0,0.0,0.0,0.0,0.037562604340567615,2.040901502504174,12.032554257095162,13.297161936560938,2.5918196994991662,0.9360022895270432,0.023848853127893713,0.0,0.0,0.0,0.0,0.0,0.0,0.0,0.0,0.0,0.0,0.0,0.0,0.0,0.0,0.0,0.0,0.0,0.0,0.0,0.0,0.0,0.0,0.0,0.0,0.0,0.06778129236330774,1.9249887031179398,11.631269769543609,13.230908269317672,3.1450519656574794,0.396,0.01255,0.0,0.0,0.0,0.0,0.0,0.0,0.0,0.0,0.0,0.0,0.28797996661101843,18.48080133555924,11.206176961602674,0.025041736227045083,0.0,0.0,0.0,0.0,0.0,0.0,0.0,0.0,0.0,0.0,0.0,0.0,0.0,0.0,0.0,0.0,0.396,0.012276,0.0,0.0,0.0,0.0,0.0,0.0,0.0,0.0,0.0,0.0,0.17623136014460014,19.046543154089445,10.750112968820607,0.027112516945323097,0.0,0.0,0.0,0.0,0.0,0.0,0.0,0.0,0.0,0.0,0.0,0.0,0.0,0.0,0.0,0.0
94400,4649,2450,0.5269950526995053,1152,925,0.44676274467627447,1289,0.5545278554527856,0.418,2.9758981355161436,3.105959783395788,6.622331691297209,2.1606787114816903,9457.58858458684,1520.1836694008941,7853.0,10921.9411277771,10897.78870601805,7.508960241484393,7853.0,0.0,28.332974833297484,21.019869708325263,33.31917071922191,19.21892379980765,0.13723381372338136,0.099591309959131,0.08840610884061088,0.08388900838890084,0.08431920843192084,0.07593030759303077,0.06711120671112067,0.06732630673263067,0.05635620563562056,0.04925790492579049,0.047322004732200475,0.044525704452570446,0.035706603570660356,0.025596902559690257,0.020649602064960207,0.008173800817380082,0.008604000860400087,0.9354035738309908,0.023611371823001003,0.0,0.0,0.0,0.0,0.0,0.0,0.0,0.0,0.0,0.0,0.0,0.0,0.0,0.0,0.0,0.0,0.0,0.0,0.0,0.0,0.0,0.0,0.0,0.0,0.0,0.08388900838890086,1.8132931813293185,12.234889223488926,13.118950311895034,2.748978274897828,4.258745874587459,2.9281350147821414,nan,nan,nan,4.204787234042553,2.940333686637148,4.311475409836065,2.915987494669251,1.025373025995168,0.3962,0.01274,0.0,0.0,0.0,0.0,0.0,0.0,0.0,0.0,0.0,0.0,0.2516670251667026,18.42976984297696,11.241127124112715,0.0774360077436008,0.0,0.0,0.0,0.0,0.0,0.0,0.0,0.0,0.0,0.0,0.0,0.0,0.0,0.0,0.0,0.0,nan,nan,4.258745874587459,2.9281350147821414,nan,0.3962,0.0628,0.0,0.0,0.0,0.0,0.0,0.0,0.0,0.0,0.0,0.0,0.0,0.0,0.0,0.0,0.0,0.0,0.0,0.0,0.0,0.0,0.0,8.604000860400086e-05,0.0009571950957195096,0.0007098300709830071,0.0,0.0004517100451710045,0.002559690255969026,0.009894600989460099,0.006216390621639062,0.0054742955474295545,0.006592815659281566,0.028608302860830288,0.0495590449559045,0.05602280060228006,0.099591309959131,0.05526995052699505,0.07255323725532373,0.05631318563131856,0.03596472359647236,0.030447408044740804,0.07768337276833728,0.08316842331684234,0.03956764895676489,0.020681867068186706,0.024607442460744245,0.018692191869219187,0.022445687244568725,0.0395891589589159,0.04447192944719294,0.05069907506990751,0.01717573671757367,0.01494945149494515,0.007743600774360078,0.008690040869004087,0.006334695633469564,0.0001505700150570015,0.0006883200688320069,0.000892665089266509,0.004474080447408045,2.1510002151000216e-05,0.0,0.0,0.0,0.0,0.0,0.0,0.0,0.0,0.0,0.0,0.0,0.0,0.0,0.0,0.0,0.0,0.0,0.0,0.0,0.0,0.0,0.0,0.0,0.0,0.0,0.0,0.0,0.0,0.0,0.0,0.0,0.0,0.0,0.0,0.0,0.0,0.0,0.0,0.0,0.0,0.0,nan,nan,4.258745874587459,2.9281350147821414,nan,0.9351597345605188,0.023781267429800423,0.0,0.0,0.0,0.0,0.0,0.0,0.0,0.0,0.0,0.0,0.0,0.0,0.0,0.0,0.0,0.0,0.0,0.0,0.0,0.0,0.0,0.0,0.0,0.0,0.0,0.09795918367346941,1.9714285714285718,12.122448979591839,13.077551020408166,2.73061224489796,0.9356752455966372,0.023417642351344428,0.0,0.0,0.0,0.0,0.0,0.0,0.0,0.0,0.0,0.0,0.0,0.0,0.0,0.0,0.0,0.0,0.0,0.0,0.0,0.0,0.0,0.0,0.0,0.0,0.0,0.06821282401091407,1.6371077762619377,12.360163710777629,13.165075034106415,2.7694406548431107,0.3962,0.01277,0.0,0.0,0.0,0.0,0.0,0.0,0.0,0.0,0.0,0.0,0.24489795918367352,18.465306122448954,11.191836734693881,0.09795918367346941,0.0,0.0,0.0,0.0,0.0,0.0,0.0,0.0,0.0,0.0,0.0,0.0,0.0,0.0,0.0,0.0,0.3965,0.0127,0.0,0.0,0.0,0.0,0.0,0.0,0.0,0.0,0.0,0.0,0.2592087312414734,18.390177353342402,11.29604365620737,0.05457025920873126,0.0,0.0,0.0,0.0,0.0,0.0,0.0,0.0,0.0,0.0,0.0,0.0,0.0,0.0,0.0,0.0
94500,4845,2505,0.5170278637770898,1191,1000,0.452218782249742,1360,0.5614035087719298,0.414,2.953846153846154,3.129335651117822,6.737341772151899,2.129657492436408,9427.531552488714,1521.801966780337,7853.0,10930.66381597519,10898.351445831462,7.475872601859487,7853.0,0.0,27.295356037151702,20.59747570129394,32.344648166501486,18.867145412487698,0.14489164086687306,0.10278637770897833,0.08957688338493291,0.09226006191950464,0.08524251805985553,0.07120743034055728,0.07285861713106295,0.05923632610939113,0.05985552115583075,0.051393188854489166,0.04458204334365325,0.03715170278637771,0.03384932920536636,0.021878224974200205,0.017131062951496388,0.010939112487100102,0.005159958720330237,0.9363582575161268,0.023256092042143958,0.0,0.0,0.0,0.0,0.0,0.0,0.0,0.0,0.0,0.0,0.0,0.0,0.0,0.0,0.0,0.0,0.0,0.0,0.0,0.0,0.0,0.0,0.0,0.0,0.0,0.012383900928792572,1.665634674922601,11.931888544891644,13.386996904024771,3.003095975232199,4.357096565132858,2.940128401599984,nan,nan,nan,4.329015544041451,2.9126822146770843,4.386112913692408,2.9678422273222513,1.01318945821979,0.3965,0.01313,0.0,0.0,0.0,0.0,0.0,0.0,0.0,0.0,0.0,0.0,0.2972136222910217,18.179566563467464,11.424148606811148,0.09907120743034058,0.0,0.0,0.0,0.0,0.0,0.0,0.0,0.0,0.0,0.0,0.0,0.0,0.0,0.0,0.0,0.0,nan,nan,4.357096565132858,2.940128401599984,nan,0.3965,0.06274,0.0,0.0,0.0,0.0,0.0,0.0,0.0,0.0,0.0,0.0,0.0,0.0,0.0,0.0,0.0,0.0,0.0,0.0,0.0,0.0,0.0,6.191950464396285e-05,0.000980392156862745,0.0007533539731682146,1.0319917440660475e-05,0.0003611971104231166,0.0028379772961816306,0.008998968008255934,0.0074200206398348815,0.005614035087719298,0.007007223942208462,0.02976264189886481,0.04821465428276574,0.05217750257997936,0.09780185758513932,0.053900928792569656,0.07366357069143446,0.057347781217750256,0.03823529411764706,0.03151702786377709,0.07611971104231166,0.08615067079463365,0.03856553147574819,0.023147574819401443,0.022879256965944273,0.01893704850361197,0.023818369453044375,0.039380804953560375,0.042084623323013416,0.05022703818369453,0.0165015479876161,0.015583075335397318,0.0072136222910216714,0.008937048503611971,0.007471620227038183,0.0003818369453044376,0.0007430340557275541,0.0008565531475748194,0.004220846233230134,0.00011351909184726522,0.0,0.0,0.0,0.0,0.0,0.0,0.0,0.0,0.0,0.0,0.0,0.0,0.0,0.0,0.0,0.0,0.0,0.0,0.0,0.0,0.0,0.0,0.0,0.0,0.0,0.0,0.0,0.0,0.0,0.0,0.0,0.0,0.0,0.0,0.0,0.0,0.0,0.0,0.0,0.0,0.0,nan,nan,4.357096565132858,2.940128401599984,nan,0.9364989272134746,0.023481942164288512,0.0,0.0,0.0,0.0,0.0,0.0,0.0,0.0,0.0,0.0,0.0,0.0,0.0,0.0,0.0,0.0,0.0,0.0,0.0,0.0,0.0,0.0,0.0,0.0,0.0,0.01197604790419162,1.6646706586826352,11.892215568862278,13.24550898203593,3.1856287425149707,0.9362076688016582,0.023010907142725138,0.0,0.0,0.0,0.0,0.0,0.0,0.0,0.0,0.0,0.0,0.0,0.0,0.0,0.0,0.0,0.0,0.0,0.0,0.0,0.0,0.0,0.0,0.0,0.0,0.0,0.012820512820512824,1.666666666666667,11.974358974358978,13.538461538461542,2.8076923076923084,0.397,0.0131,0.0,0.0,0.0,0.0,0.0,0.0,0.0,0.0,0.0,0.0,0.251497005988024,17.952095808383206,11.700598802395213,0.09580838323353295,0.0,0.0,0.0,0.0,0.0,0.0,0.0,0.0,0.0,0.0,0.0,0.0,0.0,0.0,0.0,0.0,0.396,0.013145,0.0,0.0,0.0,0.0,0.0,0.0,0.0,0.0,0.0,0.0,0.34615384615384626,18.423076923076895,11.128205128205131,0.10256410256410259,0.0,0.0,0.0,0.0,0.0,0.0,0.0,0.0,0.0,0.0,0.0,0.0,0.0,0.0,0.0,0.0
94600,4742,2509,0.52910164487558,1236,956,0.4622522142555884,1336,0.5634753268663011,0.41,3.0268696820420957,3.068729635523721,6.471927162367223,2.123726308458302,9464.221837594458,1520.0296253339484,7853.0,10924.65475833416,10898.202851284543,7.344153595029113,7853.0,0.0,28.55925769717419,20.787566283125756,33.26911618669315,18.995793960664923,0.13285533530156052,0.09320961619569802,0.08519611978068325,0.09215520877266976,0.08561788274989456,0.07654997891185154,0.06832560101223113,0.0645297342893294,0.059890341628005064,0.052931252636018555,0.05082243778996204,0.04217629692113033,0.03500632644453817,0.02593842260649515,0.0196119780683256,0.00780261493040911,0.007380851961197807,0.936826732114919,0.023340894842863447,0.0,0.0,0.0,0.0,0.0,0.0,0.0,0.0,0.0,0.0,0.0,0.0,0.0,0.0,0.0,0.0,0.0,0.0,0.0,0.0,0.0,0.0,0.0,0.0,0.0,0.0126528890763391,1.6828342471531004,11.53943483762126,13.760016870518772,3.0050611556305364,4.158881474420083,2.8906871528573097,nan,nan,nan,4.226092463584547,2.863175492616572,4.091198979591836,2.916564951011437,0.9680808015548493,0.396,0.0123,0.0,0.0,0.0,0.0,0.0,0.0,0.0,0.0,0.0,0.0,0.1644875579924083,18.897089835512414,10.913116828342474,0.0253057781526782,0.0,0.0,0.0,0.0,0.0,0.0,0.0,0.0,0.0,0.0,0.0,0.0,0.0,0.0,0.0,0.0,nan,nan,4.158881474420083,2.8906871528573097,nan,0.396,0.0629,0.0,0.0,0.0,0.0,0.0,0.0,0.0,0.0,0.0,0.0,0.0,0.0,0.0,0.0,0.0,0.0,0.0,0.0,0.0,0.0,0.0,3.163222269084774e-05,0.0009173344580345846,0.0007697174188106284,3.163222269084774e-05,0.00042176296921130323,0.002520033741037537,0.008741037536904259,0.0071067060312104595,0.00714888232813159,0.007043441585828764,0.030008435259384226,0.05057992408266554,0.05068536482496837,0.09784900885702236,0.056431885280472376,0.07242724588781105,0.05880430198228596,0.03844369464361029,0.0327498945592577,0.0752425137072965,0.08545972163644032,0.03836988612399831,0.022743568114719528,0.022743568114719528,0.01703922395613665,0.02287009700548292,0.03762125685364825,0.04277730915225643,0.0492724588781105,0.015963728384647827,0.016301138760016872,0.007032897511598481,0.009162800506115563,0.007897511598481653,0.00048502741459299873,0.000453395191902151,0.0010965837199493884,0.004702657106706031,5.2720371151412904e-05,0.0,0.0,0.0,0.0,0.0,0.0,0.0,0.0,0.0,0.0,0.0,0.0,0.0,0.0,0.0,0.0,0.0,0.0,0.0,0.0,0.0,0.0,0.0,0.0,0.0,0.0,0.0,0.0,0.0,0.0,0.0,0.0,0.0,0.0,0.0,0.0,0.0,0.0,0.0,0.0,0.0,nan,nan,4.158881474420083,2.8906871528573097,nan,0.936691966129043,0.023092434406530932,0.0,0.0,0.0,0.0,0.0,0.0,0.0,0.0,0.0,0.0,0.0,0.0,0.0,0.0,0.0,0.0,0.0,0.0,0.0,0.0,0.0,0.0,0.0,0.0,0.0,0.0,1.614188919888402,11.729772817855721,13.642885611797531,3.0131526504583506,0.9369781552490716,0.023616029343011137,0.0,0.0,0.0,0.0,0.0,0.0,0.0,0.0,0.0,0.0,0.0,0.0,0.0,0.0,0.0,0.0,0.0,0.0,0.0,0.0,0.0,0.0,0.0,0.0,0.0,0.026869682042095843,1.7599641737572775,11.325570980743398,13.89162561576355,2.9959695476936865,0.3962,0.01239,0.0,0.0,0.0,0.0,0.0,0.0,0.0,0.0,0.0,0.0,0.14348345954563574,18.64089278597048,11.203666799521725,0.011956954962136312,0.0,0.0,0.0,0.0,0.0,0.0,0.0,0.0,0.0,0.0,0.0,0.0,0.0,0.0,0.0,0.0,0.3958,0.0122,0.0,0.0,0.0,0.0,0.0,0.0,0.0,0.0,0.0,0.0,0.18808777429467088,19.1849529780564,10.586654724585761,0.040304523063143756,0.0,0.0,0.0,0.0,0.0,0.0,0.0,0.0,0.0,0.0,0.0,0.0,0.0,0.0,0.0,0.0
94700,4624,2375,0.5136245674740484,1149,926,0.44874567474048443,1260,0.5449826989619377,0.426,3.0324588706091595,3.17158841911156,6.718553459119497,2.2108299293934555,9416.877285756429,1521.837291593372,7853.0,10923.230563759804,10897.786766036937,7.389143183282695,7853.0,0.0,28.136245674740483,20.954041019335385,32.984358974358976,19.232158204540404,0.1375432525951557,0.09385813148788927,0.10142733564013841,0.08455882352941177,0.08044982698961937,0.06985294117647059,0.07482698961937716,0.06531141868512111,0.05968858131487889,0.0495242214532872,0.04390138408304498,0.04238754325259515,0.03373702422145329,0.02422145328719723,0.018166089965397925,0.01384083044982699,0.0067041522491349485,0.9356465648511701,0.02367648456793881,0.0,0.0,0.0,0.0,0.0,0.0,0.0,0.0,0.0,0.0,0.0,0.0,0.0,0.0,0.0,0.0,0.0,0.0,0.0,0.0,0.0,0.0,0.0,0.0,0.0,0.04541522491349482,1.998269896193772,11.833910034602079,13.176903114186855,2.945501730103807,4.289209115281501,2.941419368259231,nan,nan,nan,4.346541302887844,2.9295723262244557,4.232107023411372,2.952065074247655,0.9736723358868252,0.3955,0.01226,0.0,0.0,0.0,0.0,0.0,0.0,0.0,0.0,0.0,0.0,0.2660034602076125,19.282006920415196,10.419550173010382,0.03243944636678201,0.0,0.0,0.0,0.0,0.0,0.0,0.0,0.0,0.0,0.0,0.0,0.0,0.0,0.0,0.0,0.0,nan,nan,4.289209115281501,2.941419368259231,nan,0.3955,0.0628,0.0,0.0,0.0,0.0,0.0,0.0,0.0,0.0,0.0,0.0,0.0,0.0,0.0,0.0,0.0,0.0,0.0,0.0,0.0,0.0,0.0,0.0,0.0007569204152249135,0.0012543252595155709,8.650519031141868e-05,0.0002595155709342561,0.002605968858131488,0.008499134948096886,0.006509515570934256,0.006585207612456748,0.00726643598615917,0.030092993079584775,0.04980536332179931,0.051567906574394466,0.10061634948096886,0.05804498269896194,0.07462153979238755,0.05906141868512111,0.0381704152249135,0.031033737024221453,0.07604887543252595,0.08487240484429066,0.03688365051903114,0.024480968858131488,0.022231833910034603,0.016079152249134948,0.02417820069204152,0.035012975778546715,0.042063148788927335,0.049491782006920414,0.01591695501730104,0.014965397923875433,0.006985294117647059,0.009180363321799308,0.007493512110726644,0.0003027681660899654,0.0005406574394463668,0.0011137543252595155,0.0052876297577854675,3.243944636678201e-05,0.0,0.0,0.0,0.0,0.0,0.0,0.0,0.0,0.0,0.0,0.0,0.0,0.0,0.0,0.0,0.0,0.0,0.0,0.0,0.0,0.0,0.0,0.0,0.0,0.0,0.0,0.0,0.0,0.0,0.0,0.0,0.0,0.0,0.0,0.0,0.0,0.0,0.0,0.0,0.0,0.0,nan,nan,4.289209115281501,2.941419368259231,nan,0.9360737922066137,0.023386074295107424,0.0,0.0,0.0,0.0,0.0,0.0,0.0,0.0,0.0,0.0,0.0,0.0,0.0,0.0,0.0,0.0,0.0,0.0,0.0,0.0,0.0,0.0,0.0,0.0,0.0,0.012631578947368424,1.8568421052631583,11.911578947368424,13.313684210526318,2.9052631578947374,0.9351954021258797,0.0239710824274366,0.0,0.0,0.0,0.0,0.0,0.0,0.0,0.0,0.0,0.0,0.0,0.0,0.0,0.0,0.0,0.0,0.0,0.0,0.0,0.0,0.0,0.0,0.0,0.0,0.0,0.08003557136505114,2.1476211649622057,11.751889728768345,13.032458870609164,2.9879946642952433,0.3953,0.01227,0.0,0.0,0.0,0.0,0.0,0.0,0.0,0.0,0.0,0.0,0.29052631578947374,19.30105263157892,10.383157894736845,0.02526315789473685,0.0,0.0,0.0,0.0,0.0,0.0,0.0,0.0,0.0,0.0,0.0,0.0,0.0,0.0,0.0,0.0,0.3955,0.012245,0.0,0.0,0.0,0.0,0.0,0.0,0.0,0.0,0.0,0.0,0.24010671409515344,19.261894175188942,10.45798132503335,0.04001778568252557,0.0,0.0,0.0,0.0,0.0,0.0,0.0,0.0,0.0,0.0,0.0,0.0,0.0,0.0,0.0,0.0
94800,4871,2537,0.5208376103469513,1246,975,0.45596386778895504,1339,0.5497844385136522,0.41,2.973007712082262,3.1298175880510213,6.6687306501547985,2.1510701344020133,9438.81713704318,1521.0585848973055,7853.0,10922.360362052917,10897.743900093545,7.352507800991973,7853.0,0.0,27.949702319852186,20.75921275482367,32.784652862362975,19.029547082132968,0.1383699445699035,0.102032436871279,0.08807226442208992,0.08642989119277356,0.08109217819749538,0.07924450831451448,0.0675425990556354,0.06815848901662903,0.05727776637240813,0.05358242660644631,0.04639704372818723,0.03551632108396633,0.03346335454732088,0.028741531513036336,0.01827140217614453,0.009033052761239991,0.006774789570929994,0.9351022265036232,0.023354622325797825,0.0,0.0,0.0,0.0,0.0,0.0,0.0,0.0,0.0,0.0,0.0,0.0,0.0,0.0,0.0,0.0,0.0,0.0,0.0,0.0,0.0,0.0,0.0,0.0,0.0,0.04927119687949088,1.9646889755696986,11.923629644836792,13.38328885239171,2.6791213303223165,4.193722257450856,2.9103403704508857,nan,nan,nan,4.2329910141206675,2.945855453503437,4.153605015673981,2.874748648809256,0.9812458854313969,0.3953,0.012764,0.0,0.0,0.0,0.0,0.0,0.0,0.0,0.0,0.0,0.0,0.3756928762061179,19.024840895093384,10.57483063026073,0.02463559843974544,0.0,0.0,0.0,0.0,0.0,0.0,0.0,0.0,0.0,0.0,0.0,0.0,0.0,0.0,0.0,0.0,nan,nan,4.193722257450856,2.9103403704508857,nan,0.3953,0.06274,0.0,0.0,0.0,0.0,0.0,0.0,0.0,0.0,0.0,0.0,0.0,0.0,0.0,0.0,0.0,0.0,0.0,0.0,0.0,1.0264832683227263e-05,0.0,0.0,0.000698008622459454,0.0010983370971053173,0.0,0.0001437076575651817,0.0034079244508314513,0.00780127283925272,0.006035721617737631,0.006682406076780949,0.007852597002668856,0.032169985629234246,0.04894272223362759,0.05139601724491891,0.09949702319852187,0.059710531718332994,0.0767296243071238,0.060398275508109216,0.037138164647916236,0.030517347567234655,0.07460480394169575,0.08393553685074934,0.0377643194415931,0.021853828782590845,0.021504824471361116,0.01571545883802094,0.02392732498460275,0.03590638472592897,0.04414904537056046,0.04907616505850955,0.015766783001437076,0.014514473414083351,0.007103264216793266,0.009566824060767809,0.00795524532950113,0.00037979880927940877,0.0005645657975774994,0.0011907205912543625,0.004218846232806405,0.0,7.185382878259085e-05,0.0,0.0,0.0,0.0,0.0,0.0,0.0,0.0,0.0,0.0,0.0,0.0,0.0,0.0,0.0,0.0,0.0,0.0,0.0,0.0,0.0,0.0,0.0,0.0,0.0,0.0,0.0,0.0,0.0,0.0,0.0,0.0,0.0,0.0,0.0,0.0,0.0,0.0,0.0,0.0,nan,nan,4.193722257450856,2.9103403704508857,nan,0.9360553308598959,0.023267066959810914,0.0,0.0,0.0,0.0,0.0,0.0,0.0,0.0,0.0,0.0,0.0,0.0,0.0,0.0,0.0,0.0,0.0,0.0,0.0,0.0,0.0,0.0,0.0,0.0,0.0,0.03547497043752464,1.7500985415845491,11.777690185258182,13.669688608592828,2.7670476941269224,0.9340662257530389,0.023405441235039317,0.0,0.0,0.0,0.0,0.0,0.0,0.0,0.0,0.0,0.0,0.0,0.0,0.0,0.0,0.0,0.0,0.0,0.0,0.0,0.0,0.0,0.0,0.0,0.0,0.0,0.06426735218508998,2.1979434447300776,12.082262210796918,13.071979434447304,2.5835475578406175,0.395,0.01279,0.0,0.0,0.0,0.0,0.0,0.0,0.0,0.0,0.0,0.0,0.33109972408356336,19.0500591249507,10.61884115096571,0.0,0.0,0.0,0.0,0.0,0.0,0.0,0.0,0.0,0.0,0.0,0.0,0.0,0.0,0.0,0.0,0.0,0.3953,0.01275,0.0,0.0,0.0,0.0,0.0,0.0,0.0,0.0,0.0,0.0,0.4241645244215939,18.99742930591257,10.52699228791774,0.051413881748071995,0.0,0.0,0.0,0.0,0.0,0.0,0.0,0.0,0.0,0.0,0.0,0.0,0.0,0.0,0.0,0.0
94900,5011,2558,0.5104769507084415,1189,1039,0.44462183196966676,1443,0.575932947515466,0.37399999999999994,2.8854463921728497,3.0355154472097334,6.463096960926194,2.0485457665385267,9407.389230943314,1522.161862751792,7853.0,10929.611734747887,10897.97436913876,7.306234340207474,7853.0,0.0,28.407503492316902,21.08317989606341,33.18599717114569,19.38352250990578,0.13570145679505088,0.09738575134703652,0.09319497106365995,0.0888046298144083,0.08002394731590501,0.07583316703252843,0.06445819197764917,0.06565555777289962,0.055078826581520655,0.05647575334264618,0.04450209539014169,0.04090999800439034,0.03552185192576332,0.027140291359010176,0.020355218519257635,0.010776292157254041,0.008181999600878068,0.9363274359103568,0.023587234578922475,0.0,0.0,0.0,0.0,0.0,0.0,0.0,0.0,0.0,0.0,0.0,0.0,0.0,0.0,0.0,0.0,0.0,0.0,0.0,0.0,0.0,0.0,0.0,0.0,0.0,0.02993414488126123,1.8020355218519262,11.812013570145682,13.224905208541212,3.131111554579925,4.183241252302026,2.8331765189177225,nan,nan,nan,4.159090909090909,2.808791421103353,4.207361963190184,2.857120225952535,1.0116061550839788,0.3955,0.01239,0.0,0.0,0.0,0.0,0.0,0.0,0.0,0.0,0.0,0.0,0.2993414488126123,18.79265615645577,10.884055078826584,0.023947315905008985,0.0,0.0,0.0,0.0,0.0,0.0,0.0,0.0,0.0,0.0,0.0,0.0,0.0,0.0,0.0,0.0,nan,nan,4.183241252302026,2.8331765189177225,nan,0.3955,0.0631,0.0,0.0,0.0,0.0,0.0,0.0,0.0,0.0,0.0,0.0,0.0,0.0,0.0,0.0,0.0,0.0,0.0,0.0,0.0,0.0,0.0,0.0,0.000888046298144083,0.0011275194571941727,0.0,5.986828976252245e-05,0.003442426661345041,0.007643184993015366,0.005757333865495909,0.0064957094392336856,0.007902614248652963,0.03203951307124327,0.05095789263620036,0.05043903412492517,0.09810417082418679,0.061833965276391935,0.07652165236479745,0.05955897026541609,0.036818998203951306,0.029814408301736182,0.07197166234284574,0.0833266813011375,0.03807623228896428,0.022290959888245858,0.020175613649970066,0.015605667531430853,0.02474555976850928,0.036669327479545,0.04622829774496109,0.04896228297744961,0.01792057473558172,0.013190979844342447,0.007383755737377769,0.008650967870684494,0.008431450808221911,0.0003392536419876272,0.0007782877669127919,0.000808221911794053,0.004709638794651766,0.0,0.0003292755936938735,0.0,0.0,0.0,0.0,0.0,0.0,0.0,0.0,0.0,0.0,0.0,0.0,0.0,0.0,0.0,0.0,0.0,0.0,0.0,0.0,0.0,0.0,0.0,0.0,0.0,0.0,0.0,0.0,0.0,0.0,0.0,0.0,0.0,0.0,0.0,0.0,0.0,0.0,0.0,0.0,nan,nan,4.183241252302026,2.8331765189177225,nan,0.9362888437542158,0.023656897475464622,0.0,0.0,0.0,0.0,0.0,0.0,0.0,0.0,0.0,0.0,0.0,0.0,0.0,0.0,0.0,0.0,0.0,0.0,0.0,0.0,0.0,0.0,0.0,0.0,0.0,0.023455824863174362,1.9233776387802974,11.681000781860831,13.275996872556687,3.0961688819390156,0.9363676799932792,0.023514302497881553,0.0,0.0,0.0,0.0,0.0,0.0,0.0,0.0,0.0,0.0,0.0,0.0,0.0,0.0,0.0,0.0,0.0,0.0,0.0,0.0,0.0,0.0,0.0,0.0,0.0,0.03668976763147167,1.6754993885038731,11.948634325315943,13.171626579698332,3.167549938850388,0.3958,0.012566,0.0,0.0,0.0,0.0,0.0,0.0,0.0,0.0,0.0,0.0,0.31665363565285387,18.55355746677089,11.118060985144647,0.011727912431587181,0.0,0.0,0.0,0.0,0.0,0.0,0.0,0.0,0.0,0.0,0.0,0.0,0.0,0.0,0.0,0.0,0.3955,0.012215,0.0,0.0,0.0,0.0,0.0,0.0,0.0,0.0,0.0,0.0,0.2812882185079495,19.04198940073377,10.640032613126786,0.03668976763147167,0.0,0.0,0.0,0.0,0.0,0.0,0.0,0.0,0.0,0.0,0.0,0.0,0.0,0.0,0.0,0.0
95000,4260,2234,0.5244131455399061,1072,818,0.44366197183098594,1135,0.5328638497652582,0.438,2.945705824284304,3.1155778106335554,6.5132275132275135,2.229215501576852,9449.504732768091,1520.376165776174,7853.0,10920.922199606895,10897.364441178186,7.411810154190058,7853.0,0.0,28.766431924882628,21.252255333314814,33.7220367278798,19.434330118905677,0.1368544600938967,0.09413145539906104,0.09718309859154929,0.07347417840375586,0.0852112676056338,0.07136150234741784,0.06854460093896714,0.06713615023474179,0.054225352112676053,0.05516431924882629,0.05046948356807512,0.04178403755868545,0.036384976525821594,0.029812206572769954,0.017136150234741784,0.013615023474178404,0.007511737089201878,0.9351882733649491,0.023475989805522072,0.0,0.0,0.0,0.0,0.0,0.0,0.0,0.0,0.0,0.0,0.0,0.0,0.0,0.0,0.0,0.0,0.0,0.0,0.0,0.0,0.0,0.0,0.0,0.0,0.0,0.09154929577464792,1.9084507042253525,12.288732394366201,12.94366197183099,2.7676056338028174,4.141218637992831,2.936139899823783,nan,nan,nan,4.238231098430813,2.9644145779014828,4.043227665706052,2.90401271869779,0.953989429033976,0.395,0.012474,0.0,0.0,0.0,0.0,0.0,0.0,0.0,0.0,0.0,0.0,0.3732394366197184,19.46478873239434,10.126760563380284,0.03521126760563381,0.0,0.0,0.0,0.0,0.0,0.0,0.0,0.0,0.0,0.0,0.0,0.0,0.0,0.0,0.0,0.0,nan,nan,4.141218637992831,2.936139899823783,nan,0.395,0.0629,0.0,0.0,0.0,0.0,0.0,0.0,0.0,0.0,0.0,0.0,0.0,0.0,0.0,0.0,0.0,0.0,0.0,0.0,0.0,3.5211267605633805e-05,0.0,0.0,0.0008215962441314554,0.0011619718309859154,0.0,9.389671361502347e-05,0.004119718309859155,0.007723004694835681,0.005211267605633803,0.006737089201877934,0.008673708920187793,0.03198356807511737,0.05154929577464789,0.04833333333333333,0.10064553990610328,0.061807511737089205,0.07766431924882629,0.05613849765258216,0.03714788732394366,0.030880281690140846,0.0782511737089202,0.08012910798122065,0.03822769953051643,0.023392018779342723,0.020023474178403756,0.016913145539906103,0.02335680751173709,0.03572769953051643,0.043967136150234745,0.04762910798122066,0.018204225352112677,0.012100938967136151,0.007805164319248826,0.008157276995305164,0.008204225352112677,0.00015258215962441314,0.0010328638497652581,0.000539906103286385,0.005035211267605634,0.0,0.00042253521126760566,0.0,0.0,0.0,0.0,0.0,0.0,0.0,0.0,0.0,0.0,0.0,0.0,0.0,0.0,0.0,0.0,0.0,0.0,0.0,0.0,0.0,0.0,0.0,0.0,0.0,0.0,0.0,0.0,0.0,0.0,0.0,0.0,0.0,0.0,0.0,0.0,0.0,0.0,0.0,0.0,nan,nan,4.141218637992831,2.936139899823783,nan,0.9347671193796925,0.023634407769766587,0.0,0.0,0.0,0.0,0.0,0.0,0.0,0.0,0.0,0.0,0.0,0.0,0.0,0.0,0.0,0.0,0.0,0.0,0.0,0.0,0.0,0.0,0.0,0.0,0.0,0.09400179051029546,2.1083258728737695,12.193375111906898,12.891674127126235,2.7126230975828114,0.9356526652716931,0.023291232653760333,0.0,0.0,0.0,0.0,0.0,0.0,0.0,0.0,0.0,0.0,0.0,0.0,0.0,0.0,0.0,0.0,0.0,0.0,0.0,0.0,0.0,0.0,0.0,0.0,0.0,0.08884501480750248,1.6880552813425473,12.393879565646598,13.000987166831198,2.8282329713721626,0.395,0.01237,0.0,0.0,0.0,0.0,0.0,0.0,0.0,0.0,0.0,0.0,0.36257833482542534,19.337511190689316,10.25962399283796,0.04028648164726948,0.0,0.0,0.0,0.0,0.0,0.0,0.0,0.0,0.0,0.0,0.0,0.0,0.0,0.0,0.0,0.0,0.3948,0.01258,0.0,0.0,0.0,0.0,0.0,0.0,0.0,0.0,0.0,0.0,0.3849950641658441,19.60513326752218,9.980256663376112,0.029615004935834164,0.0,0.0,0.0,0.0,0.0,0.0,0.0,0.0,0.0,0.0,0.0,0.0,0.0,0.0,0.0,0.0
95100,4292,2270,0.5288909599254427,1044,831,0.4368592730661696,1167,0.5438024231127679,0.454,3.06973293768546,3.255305921845191,6.884007029876977,2.2662591459598214,9463.217038954695,1519.7236667930358,7853.0,10926.71982395649,10897.516093036807,7.1776260234799745,7853.0,0.0,27.877213420316867,20.980143562946203,32.84369794558579,19.247741936855498,0.1423578751164958,0.09669151910531221,0.09366262814538677,0.09389561975768872,0.08084808946877912,0.0733923578751165,0.06896551724137931,0.056383970177073625,0.05591798695246971,0.05265610438024231,0.04986020503261883,0.03774464119291705,0.035181733457595524,0.02702702702702703,0.017241379310344827,0.011183597390493943,0.006989748369058714,0.9351563602824802,0.023189339034769652,0.0,0.0,0.0,0.0,0.0,0.0,0.0,0.0,0.0,0.0,0.0,0.0,0.0,0.0,0.0,0.0,0.0,0.0,0.0,0.0,0.0,0.0,0.0,0.0,0.0,0.04193849021435229,1.9501397949673815,11.819664492078289,13.539142590866732,2.649114631873253,4.349890430971512,3.0171657039346944,nan,nan,nan,4.44981684981685,3.061735060088907,4.2505462490895844,2.9688614735081,0.9552182466261578,0.3953,0.01258,0.0,0.0,0.0,0.0,0.0,0.0,0.0,0.0,0.0,0.0,0.3145386766076422,18.935228331780028,10.701304753028893,0.04892823858341101,0.0,0.0,0.0,0.0,0.0,0.0,0.0,0.0,0.0,0.0,0.0,0.0,0.0,0.0,0.0,0.0,nan,nan,4.349890430971512,3.0171657039346944,nan,0.3953,0.0626,0.0,0.0,0.0,0.0,0.0,0.0,0.0,0.0,0.0,0.0,0.0,0.0,0.0,0.0,0.0,0.0,0.0,0.0,0.0,0.0,0.0,0.0,0.0011183597390493941,0.0012465051258154706,0.0,0.0,0.003634669151910531,0.007723671947809879,0.005393755824790307,0.006407269338303821,0.007537278657968313,0.031383970177073624,0.05208527493010252,0.0494408201304753,0.09553821062441752,0.06107875116495806,0.07776095060577819,0.05850419384902143,0.037150512581547064,0.030894687791239515,0.07866961789375583,0.08007921714818267,0.03794268406337372,0.025372786579683133,0.01896551724137931,0.01880242311276794,0.02412628145386766,0.03603215284249767,0.04483923578751165,0.04880009319664492,0.0179287045666356,0.012674743709226468,0.008108108108108109,0.005883038210624417,0.007327586206896552,0.00015144454799627212,0.000966915191053122,0.0004310344827586207,0.00587138863000932,2.3299161230195714e-05,0.00010484622553588071,0.0,0.0,0.0,0.0,0.0,0.0,0.0,0.0,0.0,0.0,0.0,0.0,0.0,0.0,0.0,0.0,0.0,0.0,0.0,0.0,0.0,0.0,0.0,0.0,0.0,0.0,0.0,0.0,0.0,0.0,0.0,0.0,0.0,0.0,0.0,0.0,0.0,0.0,0.0,0.0,nan,nan,4.349890430971512,3.0171657039346944,nan,0.9351426561761007,0.022947441198552132,0.0,0.0,0.0,0.0,0.0,0.0,0.0,0.0,0.0,0.0,0.0,0.0,0.0,0.0,0.0,0.0,0.0,0.0,0.0,0.0,0.0,0.0,0.0,0.0,0.0,0.06607929515418504,1.889867841409692,11.70925110132159,13.718061674008814,2.6167400881057272,0.9351717452090289,0.023457924365378982,0.0,0.0,0.0,0.0,0.0,0.0,0.0,0.0,0.0,0.0,0.0,0.0,0.0,0.0,0.0,0.0,0.0,0.0,0.0,0.0,0.0,0.0,0.0,0.0,0.0,0.014836795252225523,2.017804154302671,11.943620178041545,13.338278931750745,2.6854599406528195,0.3953,0.01253,0.0,0.0,0.0,0.0,0.0,0.0,0.0,0.0,0.0,0.0,0.34361233480176223,18.96475770925107,10.612334801762117,0.07929515418502203,0.0,0.0,0.0,0.0,0.0,0.0,0.0,0.0,0.0,0.0,0.0,0.0,0.0,0.0,0.0,0.0,0.3955,0.01263,0.0,0.0,0.0,0.0,0.0,0.0,0.0,0.0,0.0,0.0,0.28189910979228494,18.902077151335284,10.80118694362018,0.014836795252225523,0.0,0.0,0.0,0.0,0.0,0.0,0.0,0.0,0.0,0.0,0.0,0.0,0.0,0.0,0.0,0.0
95200,4730,2475,0.5232558139534884,1150,936,0.44101479915433406,1299,0.5492600422832981,0.422,3.049667405764967,3.2089424144590937,6.771121351766513,2.261307847661245,9446.196128800859,1520.748979816865,7853.0,10925.667016267776,10897.77482393053,7.302300997122228,7853.0,0.0,27.873572938689218,20.782221202290113,32.62987987987988,19.101616943479968,0.13699788583509515,0.10232558139534884,0.09767441860465116,0.08520084566596195,0.0799154334038055,0.07568710359408033,0.06575052854122622,0.06236786469344609,0.056659619450317125,0.06004228329809725,0.04249471458773784,0.041014799154334036,0.03382663847780127,0.0266384778012685,0.018604651162790697,0.008668076109936576,0.00613107822410148,0.9357125256076676,0.023251984426088564,0.0,0.0,0.0,0.0,0.0,0.0,0.0,0.0,0.0,0.0,0.0,0.0,0.0,0.0,0.0,0.0,0.0,0.0,0.0,0.0,0.0,0.0,0.0,0.0,0.0,0.06976744186046513,1.8329809725158566,11.720930232558143,13.560253699788587,2.8160676532769564,4.313899868247694,2.9877799770991604,nan,nan,nan,4.358823529411764,2.981205384407711,4.268260292164674,2.9937543266114144,0.9792230089986433,0.3958,0.01257,0.0,0.0,0.0,0.0,0.0,0.0,0.0,0.0,0.0,0.0,0.2980972515856237,19.109936575052828,10.503171247357297,0.08879492600422835,0.0,0.0,0.0,0.0,0.0,0.0,0.0,0.0,0.0,0.0,0.0,0.0,0.0,0.0,0.0,0.0,nan,nan,4.313899868247694,2.9877799770991604,nan,0.3958,0.0626,0.0,0.0,0.0,0.0,0.0,0.0,0.0,0.0,0.0,0.0,0.0,0.0,0.0,0.0,0.0,0.0,0.0,0.0,0.0,0.0,0.0,1.0570824524312896e-05,0.0012156448202959831,0.0016067653276955602,4.228329809725158e-05,0.00013742071881606764,0.004133192389006343,0.00741014799154334,0.004492600422832981,0.005285412262156448,0.00864693446088795,0.029260042283298097,0.05026427061310782,0.0481923890063425,0.0959936575052854,0.06191331923890064,0.08168076109936576,0.05844608879492601,0.03609936575052854,0.031152219873150106,0.08042283298097251,0.07528541226215645,0.03790697674418605,0.025126849894291755,0.0216384778012685,0.0196723044397463,0.024281183932346722,0.03571881606765328,0.04474630021141649,0.049577167019027486,0.018403805496828754,0.011733615221987315,0.0078118393234672305,0.005602536997885835,0.008530655391120507,0.00012684989429175475,0.0007928118393234672,0.00043340380549682875,0.006099365750528541,3.171247357293869e-05,7.399577167019027e-05,0.0,0.0,0.0,0.0,0.0,0.0,0.0,0.0,0.0,0.0,0.0,0.0,0.0,0.0,0.0,0.0,0.0,0.0,0.0,0.0,0.0,0.0,0.0,0.0,0.0,0.0,0.0,0.0,0.0,0.0,0.0,0.0,0.0,0.0,0.0,0.0,0.0,0.0,0.0,0.0,nan,nan,4.313899868247694,2.9877799770991604,nan,0.9356256770605993,0.02318256494555378,0.0,0.0,0.0,0.0,0.0,0.0,0.0,0.0,0.0,0.0,0.0,0.0,0.0,0.0,0.0,0.0,0.0,0.0,0.0,0.0,0.0,0.0,0.0,0.0,0.0,0.07272727272727274,1.6969696969696972,12.072727272727276,13.309090909090912,2.848484848484849,0.9358078471837181,0.02332756655612688,0.0,0.0,0.0,0.0,0.0,0.0,0.0,0.0,0.0,0.0,0.0,0.0,0.0,0.0,0.0,0.0,0.0,0.0,0.0,0.0,0.0,0.0,0.0,0.0,0.0,0.0665188470066519,1.9822616407982265,11.334811529933484,13.835920177383596,2.7804878048780495,0.3958,0.012535,0.0,0.0,0.0,0.0,0.0,0.0,0.0,0.0,0.0,0.0,0.2666666666666667,19.078787878787853,10.569696969696972,0.08484848484848487,0.0,0.0,0.0,0.0,0.0,0.0,0.0,0.0,0.0,0.0,0.0,0.0,0.0,0.0,0.0,0.0,0.3958,0.01262,0.0,0.0,0.0,0.0,0.0,0.0,0.0,0.0,0.0,0.0,0.33259423503325947,19.144124168514384,10.430155210643017,0.09312638580931266,0.0,0.0,0.0,0.0,0.0,0.0,0.0,0.0,0.0,0.0,0.0,0.0,0.0,0.0,0.0,0.0
95300,4778,2499,0.5230221850146505,1165,982,0.44935119296776893,1349,0.5646714106320636,0.422,3.007459412022817,3.104786407365966,6.682182985553772,2.0990987254755726,9445.628522848525,1520.9187471951548,7853.0,10923.47528219223,10898.04965272919,7.120354187018479,7853.0,0.0,27.840728338216827,20.78756890511254,32.835996005991014,18.983249634715946,0.14210966931770616,0.10087902888237757,0.08853076601088321,0.08664713269150272,0.08267057346169945,0.07367099204688154,0.07241523650062788,0.06195060694851402,0.05629970699037254,0.05609041439933026,0.04730012557555462,0.03955629970699037,0.03432398493093344,0.02385935537881959,0.017371285056509,0.009418166596902469,0.006906655504395145,0.936016849852247,0.022732955005420146,0.0,0.0,0.0,0.0,0.0,0.0,0.0,0.0,0.0,0.0,0.0,0.0,0.0,0.0,0.0,0.0,0.0,0.0,0.0,0.0,0.0,0.0,0.0,0.0,0.0,0.03139388865634157,1.5696944328170788,12.111762243616578,13.505650899958145,2.7814985349518633,4.242149562965361,2.8776087226718285,nan,nan,nan,4.18939883645766,2.855211742127702,4.295071335927367,2.8989401147118414,1.0252237859403852,0.3962,0.0127,0.0,0.0,0.0,0.0,0.0,0.0,0.0,0.0,0.0,0.0,0.2071996651318544,18.183340309753007,11.527835914608627,0.08162411050648809,0.0,0.0,0.0,0.0,0.0,0.0,0.0,0.0,0.0,0.0,0.0,0.0,0.0,0.0,0.0,0.0,nan,nan,4.242149562965361,2.8776087226718285,nan,0.3962,0.06305,0.0,0.0,0.0,0.0,0.0,0.0,0.0,0.0,0.0,0.0,0.0,0.0,0.0,0.0,0.0,0.0,0.0,0.0,1.0464629552113855e-05,0.0,0.0,0.0,0.0010987861029719548,0.00187316868982838,1.0464629552113855e-05,0.0002511511092507325,0.0037254081205525323,0.008518208455420678,0.0034742570113018,0.005274173294265383,0.00854960234407702,0.03007534533277522,0.050125575554625365,0.04376308078694014,0.09655713687735454,0.06115529510255337,0.0827019673503558,0.06100879028882378,0.03440770196735036,0.029688154039347006,0.08023231477605693,0.0756802009208874,0.03952490581833403,0.023189619087484303,0.020594390958560065,0.020594390958560065,0.025345332775219758,0.034732105483465885,0.044181665969024696,0.05139179573043114,0.018731686898283802,0.01202385935537882,0.00917748011720385,0.004960234407701968,0.009135621598995395,0.00017789870238593553,0.000795311845960653,0.0005755546253662621,0.006665969024696526,1.0464629552113855e-05,1.0464629552113855e-05,0.0,0.0,0.0,0.0,0.0,0.0,0.0,0.0,0.0,0.0,0.0,0.0,0.0,0.0,0.0,0.0,0.0,0.0,0.0,0.0,0.0,0.0,0.0,0.0,0.0,0.0,0.0,0.0,0.0,0.0,0.0,0.0,0.0,0.0,0.0,0.0,0.0,0.0,0.0,0.0,nan,nan,4.242149562965361,2.8776087226718285,nan,0.9360512023260232,0.022661705712788322,0.0,0.0,0.0,0.0,0.0,0.0,0.0,0.0,0.0,0.0,0.0,0.0,0.0,0.0,0.0,0.0,0.0,0.0,0.0,0.0,0.0,0.0,0.0,0.0,0.0,0.03601440576230493,1.5246098439375755,12.244897959183676,13.409363745498203,2.785114045618248,0.9359791812116297,0.02281076697395293,0.0,0.0,0.0,0.0,0.0,0.0,0.0,0.0,0.0,0.0,0.0,0.0,0.0,0.0,0.0,0.0,0.0,0.0,0.0,0.0,0.0,0.0,0.0,0.0,0.0,0.026327336551118918,1.6191311978938134,11.965774462483548,13.61123299692848,2.777534006143046,0.3962,0.01261,0.0,0.0,0.0,0.0,0.0,0.0,0.0,0.0,0.0,0.0,0.2160864345738296,18.259303721488568,11.42857142857143,0.09603841536614648,0.0,0.0,0.0,0.0,0.0,0.0,0.0,0.0,0.0,0.0,0.0,0.0,0.0,0.0,0.0,0.0,0.3962,0.01282,0.0,0.0,0.0,0.0,0.0,0.0,0.0,0.0,0.0,0.0,0.1974550241333919,18.100043878894226,11.636682755594562,0.0658183413777973,0.0,0.0,0.0,0.0,0.0,0.0,0.0,0.0,0.0,0.0,0.0,0.0,0.0,0.0,0.0,0.0
95400,4879,2498,0.511990161918426,1178,1029,0.4523467923754868,1425,0.584136093461775,0.37399999999999994,2.975640487190256,3.0601273363508357,6.518248175182482,2.122187928210566,9412.046402199941,1522.1064985160012,7853.0,10924.501937270164,10898.071015345682,7.243886896984394,7853.0,0.0,28.85611805697889,20.994084580901326,33.634476098503136,19.169392783909423,0.1326091412174626,0.09797089567534331,0.0895675343308055,0.07890961262553801,0.07501537200245952,0.0780897724943636,0.0705062512810002,0.06825169092027054,0.06066816970690715,0.05308464849354376,0.054109448657511786,0.04201680672268908,0.0352531256405001,0.026644804263168682,0.018651362984218076,0.01209264193482271,0.006558721049395368,0.9355992133389196,0.022810158703649944,0.0,0.0,0.0,0.0,0.0,0.0,0.0,0.0,0.0,0.0,0.0,0.0,0.0,0.0,0.0,0.0,0.0,0.0,0.0,0.0,0.0,0.0,0.0,0.0,0.0,0.030744004919040793,1.7585570813691334,11.984013117442101,13.619594179135072,2.6070916171346594,4.1649644073042404,2.8186206004741323,nan,nan,nan,4.265791119449656,2.845625629744995,4.0661764705882355,2.788374515635654,0.9532057141871557,0.3967,0.012375,0.0,0.0,0.0,0.0,0.0,0.0,0.0,0.0,0.0,0.0,0.27054724328755897,17.683951629432233,11.996310719409719,0.04919040787046527,0.0,0.0,0.0,0.0,0.0,0.0,0.0,0.0,0.0,0.0,0.0,0.0,0.0,0.0,0.0,0.0,nan,nan,4.1649644073042404,2.8186206004741323,nan,0.3967,0.06287,0.0,0.0,0.0,0.0,0.0,0.0,0.0,0.0,0.0,0.0,0.0,0.0,0.0,0.0,0.0,0.0,0.0,0.0,0.0,0.0,0.0,0.0,0.001250256200040992,0.0019061283049805289,4.099200655872105e-05,0.0004611600737856118,0.0031871285099405616,0.007368313178930109,0.003597048575527772,0.004775568764091002,0.009059233449477353,0.03235294117647059,0.047120311539249844,0.04272391883582701,0.09426111908177905,0.06377331420373027,0.08095921295347407,0.061293297806927646,0.03324451731912277,0.030559540889526542,0.08023160483705677,0.07754662840746054,0.040336134453781515,0.023221971715515474,0.019881123180979707,0.022063947530231606,0.02586595613855298,0.03691330190612831,0.04189383070301291,0.05203935232629637,0.01914326706292273,0.012574298011887681,0.00942816150850584,0.004775568764091002,0.0077474892395982785,0.00013322402131584342,0.0009735601557696249,0.000819840131174421,0.006476737036277926,0.0,0.0,0.0,0.0,0.0,0.0,0.0,0.0,0.0,0.0,0.0,0.0,0.0,0.0,0.0,0.0,0.0,0.0,0.0,0.0,0.0,0.0,0.0,0.0,0.0,0.0,0.0,0.0,0.0,0.0,0.0,0.0,0.0,0.0,0.0,0.0,0.0,0.0,0.0,0.0,0.0,0.0,nan,nan,4.1649644073042404,2.8186206004741323,nan,0.9356318660933461,0.02270715642312747,0.0,0.0,0.0,0.0,0.0,0.0,0.0,0.0,0.0,0.0,0.0,0.0,0.0,0.0,0.0,0.0,0.0,0.0,0.0,0.0,0.0,0.0,0.0,0.0,0.0,0.024019215372297845,1.6333066453162535,12.129703763010411,13.666933546837473,2.5460368294635716,0.9355649560602309,0.02291767479334957,0.0,0.0,0.0,0.0,0.0,0.0,0.0,0.0,0.0,0.0,0.0,0.0,0.0,0.0,0.0,0.0,0.0,0.0,0.0,0.0,0.0,0.0,0.0,0.0,0.0,0.03779924401511971,1.8899622007559853,11.831163376732468,13.569928601427975,2.6711465770684595,0.3967,0.01258,0.0,0.0,0.0,0.0,0.0,0.0,0.0,0.0,0.0,0.0,0.3242594075260209,17.558046437149695,12.03362690152122,0.08406725380304246,0.0,0.0,0.0,0.0,0.0,0.0,0.0,0.0,0.0,0.0,0.0,0.0,0.0,0.0,0.0,0.0,0.3967,0.01216,0.0,0.0,0.0,0.0,0.0,0.0,0.0,0.0,0.0,0.0,0.21419571608567833,17.816043679126395,11.957160856782867,0.012599748005039902,0.0,0.0,0.0,0.0,0.0,0.0,0.0,0.0,0.0,0.0,0.0,0.0,0.0,0.0,0.0,0.0
95500,4550,2326,0.5112087912087913,1077,963,0.44835164835164837,1299,0.570989010989011,0.426,2.9761690647482015,3.1372771038104634,6.681208053691275,2.231346814755692,9409.589444292416,1522.0865040085935,7853.0,10924.82689666748,10897.919162308897,7.531428058856433,7853.0,0.0,27.47142857142857,20.638286120779014,32.51276651750461,18.85564738984326,0.14527472527472526,0.09802197802197803,0.09274725274725275,0.090989010989011,0.0789010989010989,0.07516483516483516,0.07054945054945055,0.06791208791208792,0.05824175824175824,0.04813186813186813,0.04461538461538461,0.038461538461538464,0.034505494505494505,0.025274725274725275,0.015384615384615385,0.009450549450549451,0.006373626373626374,0.9364639036210028,0.023361324518267054,0.0,0.0,0.0,0.0,0.0,0.0,0.0,0.0,0.0,0.0,0.0,0.0,0.0,0.0,0.0,0.0,0.0,0.0,0.0,0.0,0.0,0.0,0.0,0.0,0.0,0.019780219780219783,1.951648351648352,11.208791208791212,14.024175824175828,2.7956043956043963,4.3504302925989675,2.893833550907174,nan,nan,nan,4.380591878871301,2.8657183808348585,4.320247933884297,2.9213855620990246,0.9862247050956612,0.3962,0.01269,0.0,0.0,0.0,0.0,0.0,0.0,0.0,0.0,0.0,0.0,0.28351648351648356,18.283516483516458,11.34725274725275,0.08571428571428574,0.0,0.0,0.0,0.0,0.0,0.0,0.0,0.0,0.0,0.0,0.0,0.0,0.0,0.0,0.0,0.0,nan,nan,4.3504302925989675,2.893833550907174,nan,0.3962,0.0631,0.0,0.0,0.0,0.0,0.0,0.0,0.0,0.0,0.0,0.0,0.0,0.0,0.0,0.0,0.0,0.0,0.0,0.0,0.0,0.0,0.0,1.0989010989010989e-05,0.0014505494505494506,0.0013516483516483517,0.0001868131868131868,0.00021978021978021978,0.0033626373626373628,0.008395604395604396,0.003923076923076923,0.00434065934065934,0.009054945054945055,0.03367032967032967,0.04625274725274725,0.043483516483516484,0.09653846153846155,0.06517582417582418,0.08187912087912087,0.05967032967032967,0.0323956043956044,0.03273626373626374,0.0794945054945055,0.07726373626373627,0.038868131868131865,0.022032967032967032,0.018846153846153846,0.02045054945054945,0.026604395604395606,0.03571428571428571,0.040362637362637364,0.05250549450549451,0.01847252747252747,0.013626373626373627,0.01134065934065934,0.004857142857142857,0.006802197802197802,6.593406593406593e-05,0.001,0.0006923076923076923,0.006868131868131868,0.0,1.0989010989010989e-05,0.0,0.0,2.1978021978021977e-05,0.0,0.0,0.0,0.0,0.0,0.0,0.0,0.0,0.0,0.0,0.0,0.0,0.0,0.0,0.0,0.0,0.0,0.0,0.0,0.0,0.0,0.0,0.0,0.0,0.0,0.0,0.0,0.0,0.0,0.0,0.0,0.0,0.0,0.0,0.0,0.0,0.0,nan,nan,4.3504302925989675,2.893833550907174,nan,0.9355193671489316,0.023922675900203156,0.0,0.0,0.0,0.0,0.0,0.0,0.0,0.0,0.0,0.0,0.0,0.0,0.0,0.0,0.0,0.0,0.0,0.0,0.0,0.0,0.0,0.0,0.0,0.0,0.0,0.03869303525365435,2.141014617368874,11.440240756663803,13.697334479793641,2.682717110920035,0.9374517596614875,0.02271744421434339,0.0,0.0,0.0,0.0,0.0,0.0,0.0,0.0,0.0,0.0,0.0,0.0,0.0,0.0,0.0,0.0,0.0,0.0,0.0,0.0,0.0,0.0,0.0,0.0,0.0,0.0,1.7535971223021587,10.966726618705037,14.366007194244608,2.9136690647482024,0.3962,0.01268,0.0,0.0,0.0,0.0,0.0,0.0,0.0,0.0,0.0,0.0,0.2579535683576957,18.108340498710206,11.517626827171112,0.11607910576096304,0.0,0.0,0.0,0.0,0.0,0.0,0.0,0.0,0.0,0.0,0.0,0.0,0.0,0.0,0.0,0.0,0.396,0.01271,0.0,0.0,0.0,0.0,0.0,0.0,0.0,0.0,0.0,0.0,0.31025179856115115,18.46672661870501,11.169064748201443,0.05395683453237411,0.0,0.0,0.0,0.0,0.0,0.0,0.0,0.0,0.0,0.0,0.0,0.0,0.0,0.0,0.0,0.0
95600,4836,2480,0.5128205128205128,1148,1004,0.44499586435070304,1404,0.5806451612903226,0.39399999999999996,2.9902376910016977,3.0844629173479294,6.56,2.074294168216335,9414.483901395753,1521.955194511056,7853.0,10922.976632475853,10897.893607721719,7.288008584716178,7853.0,0.0,28.19644334160463,21.03980914415509,33.17146371463715,19.25601128033179,0.13957816377171217,0.09760132340777503,0.09160463192721258,0.08540115798180314,0.07733664185277088,0.08291976840363938,0.06906534325889165,0.06182795698924731,0.05789909015715467,0.05293631100082713,0.04321753515301902,0.041770057899090156,0.034119106699751864,0.026881720430107527,0.01902398676592225,0.010959470636889991,0.007857733664185277,0.935036547845607,0.023469465156969484,0.0,0.0,0.0,0.0,0.0,0.0,0.0,0.0,0.0,0.0,0.0,0.0,0.0,0.0,0.0,0.0,0.0,0.0,0.0,0.0,0.0,0.0,0.0,0.0,0.0,0.06823821339950373,1.8486352357320104,12.270471464019854,13.120347394540946,2.692307692307693,4.329821200510856,2.8476814245082323,nan,nan,nan,4.288888888888889,2.849400444377067,4.371226718047527,2.845342446819276,1.0191979394411332,0.3965,0.01253,0.0,0.0,0.0,0.0,0.0,0.0,0.0,0.0,0.0,0.0,0.21091811414392064,18.151364764267964,11.575682382133998,0.0620347394540943,0.0,0.0,0.0,0.0,0.0,0.0,0.0,0.0,0.0,0.0,0.0,0.0,0.0,0.0,0.0,0.0,nan,nan,4.329821200510856,2.8476814245082323,nan,0.3965,0.0634,0.0,0.0,0.0,0.0,0.0,0.0,0.0,0.0,0.0,0.0,0.0,0.0,0.0,0.0,0.0,0.0,0.0,0.0,0.0,0.0,0.0,0.0,0.001695616211745244,0.0010959470636889993,9.305210918114144e-05,0.00016542597187758478,0.0024917287014061206,0.008984698097601324,0.0037841191066997517,0.004755996691480562,0.00880893300248139,0.03490488006617039,0.049514061207609594,0.04335194375516956,0.09700165425971878,0.06292390405293631,0.07858767576509512,0.05869520264681555,0.03198924731182796,0.03176178660049628,0.08077956989247312,0.07604425144747726,0.03757237386269644,0.022373862696443342,0.019913151364764268,0.021464019851116626,0.02728494623655914,0.03586641852770885,0.040146815550041355,0.0527191894127378,0.01959263854425145,0.013937138130686517,0.011362696443341605,0.005045492142266336,0.006658395368072788,0.00016542597187758478,0.0009615384615384616,0.00031017369727047146,0.007144334160463193,0.0,0.0,0.0,0.0,5.1695616211745244e-05,0.0,0.0,0.0,0.0,0.0,0.0,0.0,0.0,0.0,0.0,0.0,0.0,0.0,0.0,0.0,0.0,0.0,0.0,0.0,0.0,0.0,0.0,0.0,0.0,0.0,0.0,0.0,0.0,0.0,0.0,0.0,0.0,0.0,0.0,0.0,0.0,0.0,nan,nan,4.329821200510856,2.8476814245082323,nan,0.9351878707207019,0.023419071652913237,0.0,0.0,0.0,0.0,0.0,0.0,0.0,0.0,0.0,0.0,0.0,0.0,0.0,0.0,0.0,0.0,0.0,0.0,0.0,0.0,0.0,0.0,0.0,0.0,0.0,0.07258064516129033,1.80241935483871,12.18145161290323,13.282258064516132,2.661290322580646,0.934877260608665,0.02352134261006884,0.0,0.0,0.0,0.0,0.0,0.0,0.0,0.0,0.0,0.0,0.0,0.0,0.0,0.0,0.0,0.0,0.0,0.0,0.0,0.0,0.0,0.0,0.0,0.0,0.0,0.06366723259762311,1.8972835314091685,12.364176570458406,12.949915110356539,2.724957555178269,0.3965,0.01233,0.0,0.0,0.0,0.0,0.0,0.0,0.0,0.0,0.0,0.0,0.19354838709677424,18.060483870967715,11.72177419354839,0.02419354838709678,0.0,0.0,0.0,0.0,0.0,0.0,0.0,0.0,0.0,0.0,0.0,0.0,0.0,0.0,0.0,0.0,0.3962,0.01274,0.0,0.0,0.0,0.0,0.0,0.0,0.0,0.0,0.0,0.0,0.22920203735144318,18.24702886247875,11.421901528013585,0.10186757215619696,0.0,0.0,0.0,0.0,0.0,0.0,0.0,0.0,0.0,0.0,0.0,0.0,0.0,0.0,0.0,0.0
95700,4818,2457,0.5099626400996264,1178,1001,0.4522623495226235,1373,0.5699460356994603,0.426,2.9682337992376113,3.127030812212505,6.6156202143951,2.132128857923209,9405.697488449443,1522.07086569762,7853.0,10926.80161690712,10897.727919963132,7.385537257672539,7853.0,0.0,27.70298879202989,20.803304935898943,32.80671641791045,18.99434858774617,0.14342050643420506,0.10004151100041511,0.09111664591116646,0.09070153590701537,0.07887090078870901,0.07119136571191366,0.07077625570776255,0.06662515566625156,0.059983395599833955,0.048152760481527605,0.04919053549190536,0.0365296803652968,0.0327936903279369,0.025529265255292654,0.0186799501867995,0.010585305105853052,0.005811540058115401,0.9346925513830459,0.023131336771010574,0.0,0.0,0.0,0.0,0.0,0.0,0.0,0.0,0.0,0.0,0.0,0.0,0.0,0.0,0.0,0.0,0.0,0.0,0.0,0.0,0.0,0.0,0.0,0.0,0.0,0.03735990037359901,2.0236612702366132,12.297633872976341,13.107098381070987,2.534246575342466,4.299387689332904,2.89447387272268,nan,nan,nan,4.302564102564102,2.824933598446953,4.296176279974077,2.9631182275811003,0.9985153451667997,0.396,0.01258,0.0,0.0,0.0,0.0,0.0,0.0,0.0,0.0,0.0,0.0,0.2926525529265256,18.499377334993746,11.151930261519306,0.056039850560398514,0.0,0.0,0.0,0.0,0.0,0.0,0.0,0.0,0.0,0.0,0.0,0.0,0.0,0.0,0.0,0.0,nan,nan,4.299387689332904,2.89447387272268,nan,0.396,0.0631,0.0,0.0,0.0,0.0,0.0,0.0,0.0,0.0,0.0,0.0,0.0,0.0,0.0,0.0,0.0,0.0,0.0,2.0755500207555003e-05,0.0,0.0,0.0,0.0,0.0015670402656704026,0.0008405977584059776,8.302200083022001e-05,8.302200083022001e-05,0.0024699045246990453,0.008997509339975094,0.0033520132835201328,0.0037982565379825655,0.007804068078040681,0.037640099626401,0.04919053549190536,0.0449252801992528,0.0981112494811125,0.06421751764217518,0.07815483603154837,0.05812577833125778,0.03149647156496472,0.03238895807388958,0.08095682855956829,0.07574719800747198,0.035720215857202156,0.02184516396845164,0.019406392694063926,0.023495226234952264,0.028206724782067247,0.034817351598173514,0.040753424657534246,0.052303860523038606,0.019593192195931922,0.011872146118721462,0.010875882108758821,0.005936073059360731,0.0069427148194271485,0.00024906600249066,0.0013698630136986301,0.0004254877542548775,0.006154005811540058,0.0,0.0,0.0,0.0,6.2266500622665e-05,0.0,0.0,0.0,0.0,0.0,0.0,0.0,0.0,0.0,0.0,0.0,0.0,0.0,0.0,0.0,0.0,0.0,0.0,0.0,0.0,0.0,0.0,0.0,0.0,0.0,0.0,0.0,0.0,0.0,0.0,0.0,0.0,0.0,0.0,0.0,0.0,0.0,nan,nan,4.299387689332904,2.89447387272268,nan,0.9350902319294095,0.023173377049692703,0.0,0.0,0.0,0.0,0.0,0.0,0.0,0.0,0.0,0.0,0.0,0.0,0.0,0.0,0.0,0.0,0.0,0.0,0.0,0.0,0.0,0.0,0.0,0.0,0.0,0.048840048840048854,2.112332112332113,11.782661782661785,13.45543345543346,2.6007326007326013,0.934278700852586,0.023080231203754315,0.0,0.0,0.0,0.0,0.0,0.0,0.0,0.0,0.0,0.0,0.0,0.0,0.0,0.0,0.0,0.0,0.0,0.0,0.0,0.0,0.0,0.0,0.0,0.0,0.0,0.02541296060991106,1.9313850063532405,12.833545108005085,12.744599745870397,2.4650571791613727,0.396,0.01262,0.0,0.0,0.0,0.0,0.0,0.0,0.0,0.0,0.0,0.0,0.31746031746031755,18.632478632478605,11.013431013431017,0.03663003663003664,0.0,0.0,0.0,0.0,0.0,0.0,0.0,0.0,0.0,0.0,0.0,0.0,0.0,0.0,0.0,0.0,0.3962,0.012535,0.0,0.0,0.0,0.0,0.0,0.0,0.0,0.0,0.0,0.0,0.26683608640406614,18.360864040660708,11.296060991105467,0.07623888182973318,0.0,0.0,0.0,0.0,0.0,0.0,0.0,0.0,0.0,0.0,0.0,0.0,0.0,0.0,0.0,0.0
95800,5022,2560,0.5097570688968538,1249,1042,0.45619275189167663,1441,0.5738749502190362,0.40599999999999997,2.978472786352559,3.0931818221043104,6.586455331412104,2.1840107594250204,9405.124535121644,1522.135314348368,7853.0,10923.74734199047,10897.831802883162,7.456362684175109,7853.0,0.0,28.037634408602152,20.68260594290673,32.91489361702128,18.879870086741295,0.13898845081640782,0.09099960175228992,0.09458383114297093,0.08960573476702509,0.08024691358024691,0.07566706491437675,0.06909597769812824,0.06630824372759857,0.06013540422142573,0.053365193150139385,0.05137395459976105,0.040223018717642375,0.03345280764635603,0.021704500199123854,0.01632815611310235,0.012146555157307845,0.0057745917960971725,0.9354039674994956,0.023522772088109104,0.0,0.0,0.0,0.0,0.0,0.0,0.0,0.0,0.0,0.0,0.0,0.0,0.0,0.0,0.0,0.0,0.0,0.0,0.0,0.0,0.0,0.0,0.0,0.0,0.0,0.05376344086021507,2.0609318996415773,11.672640382317805,13.41099163679809,2.8016726403823187,4.2933415158023935,2.869652958806479,nan,nan,nan,4.364427860696518,2.850159862151735,4.224106602059358,2.886829735542038,0.967848876618901,0.3965,0.01237,0.0,0.0,0.0,0.0,0.0,0.0,0.0,0.0,0.0,0.0,0.2568697729988053,18.070489844683365,11.630824372759859,0.04181600955794505,0.0,0.0,0.0,0.0,0.0,0.0,0.0,0.0,0.0,0.0,0.0,0.0,0.0,0.0,0.0,0.0,nan,nan,4.2933415158023935,2.869652958806479,nan,0.3965,0.06287,0.0,0.0,0.0,0.0,0.0,0.0,0.0,0.0,0.0,0.0,0.0,0.0,0.0,0.0,0.0,0.0,0.0,0.0,0.0,0.0,1.9912385503783354e-05,0.0,0.0015531660692951015,0.0006571087216248507,0.00010951812027080844,0.00027877339705296696,0.0027279968140183192,0.008831142970927916,0.0032357626443647947,0.003703703703703704,0.007825567502986857,0.038351254480286735,0.04601752289924333,0.04202508960573477,0.09966148944643569,0.06485463958582238,0.07537833532457189,0.05664078056551175,0.03341298287534847,0.03404022301871764,0.08197929111907606,0.07831541218637993,0.03642970927917164,0.021883711668657903,0.019374751095181202,0.023367184388689764,0.029510155316606928,0.03475706889685384,0.0409099960175229,0.051592990840302666,0.01999203504579849,0.010712863401035444,0.010344484269215451,0.00659099960175229,0.00641178813221824,0.00022899243329350857,0.0017423337315810433,0.00030864197530864197,0.0061031461569095976,0.0,0.0,0.0,0.0,0.00011947431302270011,0.0,0.0,0.0,0.0,0.0,0.0,0.0,0.0,0.0,0.0,0.0,0.0,0.0,0.0,0.0,0.0,0.0,0.0,0.0,0.0,0.0,0.0,0.0,0.0,0.0,0.0,0.0,0.0,0.0,0.0,0.0,0.0,0.0,0.0,0.0,0.0,0.0,nan,nan,4.2933415158023935,2.869652958806479,nan,0.9349749710643664,0.023735833528270404,0.0,0.0,0.0,0.0,0.0,0.0,0.0,0.0,0.0,0.0,0.0,0.0,0.0,0.0,0.0,0.0,0.0,0.0,0.0,0.0,0.0,0.0,0.0,0.0,0.0,0.07031250000000001,2.2500000000000004,11.707031250000004,13.218750000000004,2.753906250000001,0.9358500401534073,0.02329078528875695,0.0,0.0,0.0,0.0,0.0,0.0,0.0,0.0,0.0,0.0,0.0,0.0,0.0,0.0,0.0,0.0,0.0,0.0,0.0,0.0,0.0,0.0,0.0,0.0,0.0,0.03655564581640943,1.8643379366368809,11.636880584890337,13.610885458976444,2.851340373679936,0.3965,0.012245,0.0,0.0,0.0,0.0,0.0,0.0,0.0,0.0,0.0,0.0,0.23437500000000006,18.117187499999975,11.636718750000004,0.011718750000000003,0.0,0.0,0.0,0.0,0.0,0.0,0.0,0.0,0.0,0.0,0.0,0.0,0.0,0.0,0.0,0.0,0.3965,0.01249,0.0,0.0,0.0,0.0,0.0,0.0,0.0,0.0,0.0,0.0,0.28025995125913894,18.02193338748982,11.6246953696182,0.07311129163281886,0.0,0.0,0.0,0.0,0.0,0.0,0.0,0.0,0.0,0.0,0.0,0.0,0.0,0.0,0.0,0.0
95900,4620,2400,0.5194805194805194,1129,958,0.4517316017316017,1315,0.5692640692640693,0.414,2.963063063063063,3.0505479622351332,6.490683229813665,2.092186031484743,9434.6287324985,1521.1705558045246,7853.0,10920.678802013397,10897.635310059612,7.158583153532926,7853.0,0.0,28.577705627705626,21.189973041663325,33.65583913379737,19.324247439920203,0.14155844155844155,0.09502164502164502,0.08787878787878788,0.0803030303030303,0.07835497835497836,0.07922077922077922,0.06948051948051948,0.0645021645021645,0.06385281385281386,0.049567099567099565,0.04458874458874459,0.04285714285714286,0.03484848484848485,0.02813852813852814,0.020995670995670995,0.012554112554112554,0.006277056277056277,0.9344577551017076,0.023077192701521025,0.0,0.0,0.0,0.0,0.0,0.0,0.0,0.0,0.0,0.0,0.0,0.0,0.0,0.0,0.0,0.0,0.0,0.0,0.0,0.0,0.0,0.0,0.0,0.0,0.0,0.058441558441558454,1.902597402597403,12.35714285714286,13.142857142857146,2.5389610389610393,4.2052892561983475,2.8685536639467673,nan,nan,nan,4.224115334207077,2.806488521544388,4.186124082721815,2.930262538802843,0.9910061045971904,0.3965,0.01275,0.0,0.0,0.0,0.0,0.0,0.0,0.0,0.0,0.0,0.0,0.18181818181818188,18.240259740259717,11.48701298701299,0.09090909090909094,0.0,0.0,0.0,0.0,0.0,0.0,0.0,0.0,0.0,0.0,0.0,0.0,0.0,0.0,0.0,0.0,nan,nan,4.2052892561983475,2.8685536639467673,nan,0.3965,0.06305,0.0,0.0,0.0,0.0,0.0,0.0,0.0,0.0,0.0,0.0,0.0,0.0,0.0,0.0,0.0,0.0,0.0,0.0,1.0822510822510823e-05,0.0,6.493506493506494e-05,0.0,0.0018181818181818182,0.0006926406926406926,0.00020562770562770563,0.0003787878787878788,0.002543290043290043,0.008474025974025974,0.003603896103896104,0.003538961038961039,0.008625541125541125,0.039696969696969696,0.04495670995670996,0.041677489177489174,0.09895021645021645,0.06702380952380953,0.07461038961038961,0.056504329004329,0.030844155844155844,0.03192640692640693,0.08403679653679653,0.078495670995671,0.03672077922077922,0.024242424242424242,0.0183008658008658,0.02408008658008658,0.030043290043290042,0.03252164502164502,0.04053030303030303,0.05119047619047619,0.019924242424242424,0.011049783549783549,0.010021645021645022,0.006569264069264069,0.007186147186147187,0.0003354978354978355,0.002132034632034632,0.00020562770562770563,0.00617965367965368,0.0,0.0,0.0,0.0,8.658008658008658e-05,0.0,0.0,0.0,0.0,0.0,0.0,0.0,0.0,0.0,0.0,0.0,0.0,0.0,0.0,0.0,0.0,0.0,0.0,0.0,0.0,0.0,0.0,0.0,0.0,0.0,0.0,0.0,0.0,0.0,0.0,0.0,0.0,0.0,0.0,0.0,0.0,0.0,nan,nan,4.2052892561983475,2.8685536639467673,nan,0.9344455634305875,0.02282179344484453,0.0,0.0,0.0,0.0,0.0,0.0,0.0,0.0,0.0,0.0,0.0,0.0,0.0,0.0,0.0,0.0,0.0,0.0,0.0,0.0,0.0,0.0,0.0,0.0,0.0,0.05000000000000001,1.8375000000000004,12.550000000000002,13.000000000000004,2.562500000000001,0.9344709352867023,0.023350150618833877,0.0,0.0,0.0,0.0,0.0,0.0,0.0,0.0,0.0,0.0,0.0,0.0,0.0,0.0,0.0,0.0,0.0,0.0,0.0,0.0,0.0,0.0,0.0,0.0,0.0,0.06756756756756759,1.9729729729729735,12.148648648648653,13.2972972972973,2.513513513513514,0.3962,0.01245,0.0,0.0,0.0,0.0,0.0,0.0,0.0,0.0,0.0,0.0,0.18750000000000006,18.212499999999974,11.537500000000003,0.06250000000000001,0.0,0.0,0.0,0.0,0.0,0.0,0.0,0.0,0.0,0.0,0.0,0.0,0.0,0.0,0.0,0.0,0.3965,0.01308,0.0,0.0,0.0,0.0,0.0,0.0,0.0,0.0,0.0,0.0,0.1756756756756757,18.270270270270245,11.432432432432435,0.12162162162162164,0.0,0.0,0.0,0.0,0.0,0.0,0.0,0.0,0.0,0.0,0.0,0.0,0.0,0.0,0.0,0.0
96000,4510,2267,0.5026607538802661,1089,904,0.4419068736141907,1256,0.5569844789356985,0.438,2.9558626839054836,3.169222702702557,6.705314009661835,2.2324904544602706,9383.404117389462,1522.290637931713,7853.0,10921.1277551651,10897.606338520722,7.392852418398976,7853.0,0.0,28.033259423503328,20.94671209209896,32.880063124671224,19.241927939864496,0.13902439024390245,0.09711751662971176,0.09933481152993348,0.08758314855875832,0.07804878048780488,0.07317073170731707,0.07006651884700665,0.05831485587583148,0.06119733924611973,0.05277161862527716,0.04944567627494457,0.038580931263858094,0.03237250554323725,0.02638580931263858,0.018847006651884702,0.011529933481152993,0.006208425720620843,0.9348944404833597,0.02376017710249996,0.0,0.0,0.0,0.0,0.0,0.0,0.0,0.0,0.0,0.0,0.0,0.0,0.0,0.0,0.0,0.0,0.0,0.0,0.0,0.0,0.0,0.0,0.0,0.0,0.0,0.0665188470066519,2.1019955654102,12.053215077605325,13.09756097560976,2.6807095343680714,4.344934527911785,2.953097670294102,nan,nan,nan,4.334248455730954,2.9987667337040786,4.355709342560553,2.9062830633367382,1.0049514666842005,0.396,0.01277,0.0,0.0,0.0,0.0,0.0,0.0,0.0,0.0,0.0,0.0,0.24611973392461203,18.59866962305984,11.095343680709538,0.05986696230598671,0.0,0.0,0.0,0.0,0.0,0.0,0.0,0.0,0.0,0.0,0.0,0.0,0.0,0.0,0.0,0.0,nan,nan,4.344934527911785,2.953097670294102,nan,0.396,0.063,0.0,0.0,0.0,0.0,0.0,0.0,0.0,0.0,0.0,0.0,0.0,0.0,0.0,0.0,0.0,0.0,0.0,0.0,0.0,3.325942350332594e-05,0.0,0.0,0.0012971175166297119,0.0004212860310421286,3.325942350332594e-05,0.0003547671840354767,0.002649667405764967,0.007849223946784922,0.004656319290465632,0.0034811529933481155,0.00878048780487805,0.042727272727272725,0.04843680709534368,0.04386917960088692,0.09453436807095343,0.06833702882483371,0.0728159645232816,0.05424611973392461,0.030199556541019957,0.03155210643015521,0.08381374722838138,0.07774944567627494,0.038957871396895785,0.02492239467849224,0.018159645232815963,0.02433481152993348,0.030388026607538803,0.03250554323725056,0.04094235033259423,0.04993348115299335,0.01976718403547672,0.010853658536585365,0.008580931263858093,0.006906873614190687,0.0066518847006651885,0.000598669623059867,0.0025055432372505545,0.0002771618625277162,0.005698447893569845,0.0,0.0,0.0,0.0,0.00017738359201773836,0.0,0.0,0.0,0.0,0.0,0.0,0.0,0.0,0.0,0.0,0.0,0.0,0.0,0.0,0.0,0.0,0.0,0.0,0.0,0.0,0.0,0.0,0.0,0.0,0.0,0.0,0.0,0.0,0.0,0.0,0.0,0.0,0.0,0.0,0.0,0.0,0.0,nan,nan,4.344934527911785,2.953097670294102,nan,0.9346652490797156,0.02357662938718873,0.0,0.0,0.0,0.0,0.0,0.0,0.0,0.0,0.0,0.0,0.0,0.0,0.0,0.0,0.0,0.0,0.0,0.0,0.0,0.0,0.0,0.0,0.0,0.0,0.0,0.052933392148213514,2.07763564181738,12.359947066607855,12.915747684164097,2.593736215262462,0.9351260842248047,0.023942029911425734,0.0,0.0,0.0,0.0,0.0,0.0,0.0,0.0,0.0,0.0,0.0,0.0,0.0,0.0,0.0,0.0,0.0,0.0,0.0,0.0,0.0,0.0,0.0,0.0,0.0,0.08024966562639324,2.1266161390994207,11.743201069995544,13.281319661168082,2.768613464110567,0.396,0.012955,0.0,0.0,0.0,0.0,0.0,0.0,0.0,0.0,0.0,0.0,0.3308337009263344,18.40758711954122,11.182179091310104,0.07940008822232025,0.0,0.0,0.0,0.0,0.0,0.0,0.0,0.0,0.0,0.0,0.0,0.0,0.0,0.0,0.0,0.0,0.396,0.01259,0.0,0.0,0.0,0.0,0.0,0.0,0.0,0.0,0.0,0.0,0.16049933125278648,18.791796700847055,11.00757913508694,0.04012483281319662,0.0,0.0,0.0,0.0,0.0,0.0,0.0,0.0,0.0,0.0,0.0,0.0,0.0,0.0,0.0,0.0
96100,4719,2461,0.521508794236067,1182,959,0.45369781733418096,1331,0.5641025641025641,0.414,3.029229406554473,3.128773778712006,6.6198473282442745,2.1302409944061695,9440.787710400058,1520.9017813102666,7853.0,10927.391635656357,10897.603903038553,7.245979187713506,7853.0,0.0,28.393091756728122,20.805081406504307,33.18678017025538,19.00729020980969,0.1351981351981352,0.09641873278236915,0.094723458359822,0.0777707141343505,0.0811612629794448,0.07332061877516423,0.07501589319771138,0.06569188387370206,0.06336088154269973,0.055520237338419154,0.04619622801440983,0.04195804195804196,0.03157448611994067,0.025852934943844035,0.016952744225471498,0.012290739563466836,0.006993006993006993,0.9354768526910295,0.02331530427376368,0.0,0.0,0.0,0.0,0.0,0.0,0.0,0.0,0.0,0.0,0.0,0.0,0.0,0.0,0.0,0.0,0.0,0.0,0.0,0.0,0.0,0.0,0.0,0.0,0.0,0.06357279084551813,1.8308963763509223,11.894469167196442,13.445645263827085,2.765416401780039,4.267770204479065,2.9421606862697818,nan,nan,nan,4.267100977198697,2.910666511909177,4.270550161812298,2.9728991692932953,1.0008083203636453,0.395,0.012436,0.0,0.0,0.0,0.0,0.0,0.0,0.0,0.0,0.0,0.0,0.305149396058487,19.656706929434176,9.987285441830897,0.050858232676414504,0.0,0.0,0.0,0.0,0.0,0.0,0.0,0.0,0.0,0.0,0.0,0.0,0.0,0.0,0.0,0.0,nan,nan,4.267770204479065,2.9421606862697818,nan,0.395,0.0629,0.0,0.0,0.0,0.0,0.0,0.0,0.0,0.0,0.0,0.0,0.0,0.0,0.0,0.0,0.0,0.0,0.0,0.0,0.0,0.00010595465140919687,0.0,1.0595465140919687e-05,0.0014939605848696758,0.00032845941936851026,0.00012714558169103624,0.000709896164441619,0.002564102564102564,0.008338631065903794,0.004513668150031787,0.003549480822208095,0.008179699088789998,0.04492477219749947,0.0471498198770926,0.046747192201737654,0.09517906336088154,0.06934731934731934,0.07248357702903158,0.053538885357067176,0.03009112100021191,0.032941301123119306,0.08297308751854206,0.07998516634880272,0.04023098114007205,0.02488874761602034,0.018393727484636576,0.023871582962492054,0.026732358550540368,0.030875185420639967,0.040336935791481246,0.049247721974994704,0.018128840856113583,0.010574274210637847,0.008550540368722187,0.006367874549692731,0.006558592922229286,0.00101716465352829,0.0027230345412163595,0.00021190930281839374,0.0056050010595465145,1.0595465140919687e-05,0.0,0.0,0.0,0.00039203221021402837,0.0,0.0,0.0,0.0,0.0,0.0,0.0,0.0,0.0,0.0,0.0,0.0,0.0,0.0,0.0,0.0,0.0,0.0,0.0,0.0,0.0,0.0,0.0,0.0,0.0,0.0,0.0,0.0,0.0,0.0,0.0,0.0,0.0,0.0,0.0,0.0,0.0,nan,nan,4.267770204479065,2.9421606862697818,nan,0.9357379304592516,0.023156009358764766,0.0,0.0,0.0,0.0,0.0,0.0,0.0,0.0,0.0,0.0,0.0,0.0,0.0,0.0,0.0,0.0,0.0,0.0,0.0,0.0,0.0,0.0,0.0,0.0,0.0,0.04876066639577409,1.7675741568468106,11.775700934579442,13.518894758228365,2.8890694839496147,0.9351923033608284,0.023484384518528145,0.0,0.0,0.0,0.0,0.0,0.0,0.0,0.0,0.0,0.0,0.0,0.0,0.0,0.0,0.0,0.0,0.0,0.0,0.0,0.0,0.0,0.0,0.0,0.0,0.0,0.07971656333038088,1.8999114260407444,12.023914968999117,13.365810451727196,2.630646589902569,0.395,0.01239,0.0,0.0,0.0,0.0,0.0,0.0,0.0,0.0,0.0,0.0,0.25599349857781395,19.662738724095867,10.032507110930519,0.04876066639577409,0.0,0.0,0.0,0.0,0.0,0.0,0.0,0.0,0.0,0.0,0.0,0.0,0.0,0.0,0.0,0.0,0.395,0.01248,0.0,0.0,0.0,0.0,0.0,0.0,0.0,0.0,0.0,0.0,0.358724534986714,19.650132860938854,9.937998228520817,0.05314437555358726,0.0,0.0,0.0,0.0,0.0,0.0,0.0,0.0,0.0,0.0,0.0,0.0,0.0,0.0,0.0,0.0
96200,4638,2425,0.5228546787408366,1131,932,0.4448037947391117,1276,0.5502371711944803,0.438,3.025756891098057,3.188287128100268,6.8429752066115705,2.1428654040515833,9444.75850170685,1520.5984147062197,7853.0,10921.677356243134,10897.361208625307,7.163472837977216,7853.0,0.0,27.748814144027598,20.8785703010898,32.826188016528924,19.115784825035213,0.14251832686502802,0.1030616645105649,0.09077188443294523,0.08516601983613627,0.0838723587753342,0.07115135834411385,0.0709357481673135,0.0599396291504959,0.06317378180250108,0.05217766278568348,0.04484691677447176,0.04031910306166451,0.030616645105648987,0.02565761103924105,0.015739542906425184,0.0129366106080207,0.0071151358344113845,0.9345784593420123,0.023350569382205984,0.0,0.0,0.0,0.0,0.0,0.0,0.0,0.0,0.0,0.0,0.0,0.0,0.0,0.0,0.0,0.0,0.0,0.0,0.0,0.0,0.0,0.0,0.0,0.0,0.0,0.051746442432082804,2.043984476067271,12.250970245795605,12.956015523932733,2.6972833117723165,4.35885328836425,2.9550984952714567,nan,nan,nan,4.366666666666666,2.980193878853447,4.350853242320819,2.929159209518649,0.9963786051116381,0.3948,0.01247,0.0,0.0,0.0,0.0,0.0,0.0,0.0,0.0,0.0,0.0,0.34928848641655896,19.864165588615755,9.741267787839588,0.04527813712807246,0.0,0.0,0.0,0.0,0.0,0.0,0.0,0.0,0.0,0.0,0.0,0.0,0.0,0.0,0.0,0.0,nan,nan,4.35885328836425,2.9550984952714567,nan,0.3948,0.06323,0.0,0.0,0.0,0.0,0.0,0.0,0.0,0.0,0.0,0.0,0.0,0.0,0.0,0.0,0.0,0.0,0.0,0.0,0.0,0.00018326865028029323,0.0,0.0,0.0021561017680034496,0.0003341957740405347,0.0002695127210004312,0.0009702457956015524,0.0019728331177231565,0.00850582147477361,0.003934885726606296,0.0048512289780077615,0.008980163863734368,0.04454506252695127,0.04946097455799914,0.04632384648555412,0.09230271668822769,0.07198145752479516,0.07029969814575247,0.051627856834842605,0.02946313065976714,0.03382923673997413,0.08048727899956878,0.08203967227253127,0.042852522639068566,0.025636050021561017,0.01833764553686934,0.023134971970677015,0.02688658904700302,0.02876239758516602,0.040200517464424323,0.04988141440275981,0.01683915480810694,0.010758947822337214,0.00963777490297542,0.005498059508408797,0.00678094006037085,0.001034928848641656,0.002953859422164726,9.702457956015524e-05,0.005595084087968952,0.0,0.0,0.0,0.0,0.0005929279862009486,0.0,0.0,0.0,0.0,0.0,0.0,0.0,0.0,0.0,0.0,0.0,0.0,0.0,0.0,0.0,0.0,0.0,0.0,0.0,0.0,0.0,0.0,0.0,0.0,0.0,0.0,0.0,0.0,0.0,0.0,0.0,0.0,0.0,0.0,0.0,0.0,0.0,nan,nan,4.35885328836425,2.9550984952714567,nan,0.9352725952925142,0.022862922965466603,0.0,0.0,0.0,0.0,0.0,0.0,0.0,0.0,0.0,0.0,0.0,0.0,0.0,0.0,0.0,0.0,0.0,0.0,0.0,0.0,0.0,0.0,0.0,0.0,0.0,0.03711340206185568,1.8432989690721653,12.210309278350518,13.274226804123714,2.6350515463917534,0.933817826861232,0.023850309623999977,0.0,0.0,0.0,0.0,0.0,0.0,0.0,0.0,0.0,0.0,0.0,0.0,0.0,0.0,0.0,0.0,0.0,0.0,0.0,0.0,0.0,0.0,0.0,0.0,0.0,0.06778129236330774,2.2638951649344783,12.295526434704025,12.60732037957524,2.7654767284229558,0.3945,0.012436,0.0,0.0,0.0,0.0,0.0,0.0,0.0,0.0,0.0,0.0,0.35876288659793826,19.855670103092752,9.760824742268042,0.02474226804123712,0.0,0.0,0.0,0.0,0.0,0.0,0.0,0.0,0.0,0.0,0.0,0.0,0.0,0.0,0.0,0.0,0.3948,0.01249,0.0,0.0,0.0,0.0,0.0,0.0,0.0,0.0,0.0,0.0,0.33890646181653866,19.873474920921797,9.71983732489833,0.06778129236330774,0.0,0.0,0.0,0.0,0.0,0.0,0.0,0.0,0.0,0.0,0.0,0.0,0.0,0.0,0.0,0.0
96300,4965,2526,0.508761329305136,1186,1007,0.4416918429003021,1390,0.5599194360523666,0.418,2.948749487494875,3.0927041661666745,6.51304347826087,2.1883693249672156,9401.75432637637,1521.8586034361372,7853.0,10920.813593626022,10897.166757901297,7.303219589509394,7853.0,0.0,28.11681772406848,21.102074112917848,33.284749034749034,19.271467972958607,0.14441087613293052,0.10010070493454179,0.08821752265861027,0.08801611278952669,0.07593152064451159,0.07210473313192346,0.0688821752265861,0.06143001007049345,0.06505538771399799,0.05337361530715005,0.04068479355488419,0.0418932527693857,0.0364551863041289,0.027995971802618327,0.019133937562940583,0.00866062437059416,0.007653575025176234,0.9349808568080507,0.02370245797341119,0.0,0.0,0.0,0.0,0.0,0.0,0.0,0.0,0.0,0.0,0.0,0.0,0.0,0.0,0.0,0.0,0.0,0.0,0.0,0.0,0.0,0.0,0.0,0.0,0.006042296072507555,0.06042296072507554,1.9154078549848945,12.392749244712993,12.954682779456196,2.6706948640483392,4.363835788154184,2.8948233251740043,nan,nan,nan,4.373441396508728,2.968591675499081,4.35687263556116,2.817036319322773,0.99621150498077,0.3945,0.01224,0.0,0.0,0.0,0.0,0.0,0.0,0.0,0.0,0.0,0.0,0.33836858006042303,20.09667673716009,9.528700906344412,0.03625377643504532,0.0,0.0,0.0,0.0,0.0,0.0,0.0,0.0,0.0,0.0,0.0,0.0,0.0,0.0,0.0,0.0,nan,nan,4.363835788154184,2.8948233251740043,nan,0.3945,0.0635,0.0,0.0,0.0,0.0,0.0,0.0,0.0,0.0,0.0,0.0,0.0,0.0,0.0,0.0,0.0,0.0,0.0,0.0,1.0070493454179255e-05,0.0001309164149043303,0.0,0.0,0.0031017119838872105,0.0004934541792547835,0.00018126888217522659,0.0012185297079556898,0.0016918429003021148,0.008962739174219537,0.004390735146022155,0.005649546827794562,0.008741188318227594,0.0430110775427996,0.04836858006042296,0.04667673716012084,0.09334340382678752,0.07322255790533737,0.06878147029204432,0.05146022155085599,0.029566968781470294,0.0316515609264854,0.08156092648539778,0.08200402819738167,0.04535750251762336,0.025770392749244714,0.01852970795568983,0.022739174219536758,0.023544813695871098,0.027744209466263846,0.04161127895266868,0.04988922457200403,0.016686807653575025,0.011017119838872104,0.011601208459214502,0.004723061430010071,0.006978851963746224,0.0012890231621349446,0.0022658610271903325,0.00025176233635448137,0.00513595166163142,0.0,0.0,0.0,0.0,0.0006445115810674723,0.0,0.0,0.0,0.0,0.0,0.0,0.0,0.0,0.0,0.0,0.0,0.0,0.0,0.0,0.0,0.0,0.0,0.0,0.0,0.0,0.0,0.0,0.0,0.0,0.0,0.0,0.0,0.0,0.0,0.0,0.0,0.0,0.0,0.0,0.0,0.0,0.0,nan,nan,4.363835788154184,2.8948233251740043,nan,0.9349117404349909,0.023627961698125293,0.0,0.0,0.0,0.0,0.0,0.0,0.0,0.0,0.0,0.0,0.0,0.0,0.0,0.0,0.0,0.0,0.0,0.0,0.0,0.0,0.0,0.0,0.0,0.0,0.011876484560570074,0.0950118764845606,1.8764845605700715,12.315914489311167,13.040380047505941,2.660332541567697,0.9350524385867914,0.023779153771048316,0.0,0.0,0.0,0.0,0.0,0.0,0.0,0.0,0.0,0.0,0.0,0.0,0.0,0.0,0.0,0.0,0.0,0.0,0.0,0.0,0.0,0.0,0.0,0.0,0.0,0.02460024600246003,1.9557195571955723,12.472324723247235,12.865928659286595,2.681426814268143,0.3943,0.0121,0.0,0.0,0.0,0.0,0.0,0.0,0.0,0.0,0.0,0.0,0.320665083135392,20.463182897862204,9.168646080760096,0.0475059382422803,0.0,0.0,0.0,0.0,0.0,0.0,0.0,0.0,0.0,0.0,0.0,0.0,0.0,0.0,0.0,0.0,0.3948,0.012375,0.0,0.0,0.0,0.0,0.0,0.0,0.0,0.0,0.0,0.0,0.35670356703567047,19.71709717097168,9.901599015990161,0.02460024600246003,0.0,0.0,0.0,0.0,0.0,0.0,0.0,0.0,0.0,0.0,0.0,0.0,0.0,0.0,0.0,0.0
96400,4787,2475,0.5170252767913098,1192,976,0.45289325255901397,1341,0.5602673908502194,0.418,2.98961937716263,3.151711161596144,6.658536585365853,2.2643553553916353,9426.924594895001,1521.2229171028669,7853.0,10923.552155017853,10897.192741722169,7.354621929595111,7853.0,0.0,28.327553791518696,20.875882355045803,33.26177491323748,19.021434336741695,0.13850010444955085,0.09692918320451221,0.08815542093168999,0.08543973260914978,0.0791727595571339,0.07541257572592437,0.06956340087737622,0.06162523501148945,0.06559431794443284,0.056611656569876746,0.048255692500522245,0.04136202214330478,0.03384165448088573,0.024023396699394194,0.018383120952579903,0.00981825778149154,0.007311468560685189,0.9342783175506895,0.023221561043412362,0.0,0.0,0.0,0.0,0.0,0.0,0.0,0.0,0.0,0.0,0.0,0.0,0.0,0.0,0.0,0.0,0.0,0.0,0.0,0.0,0.0,0.0,0.0,0.0,0.0,0.07520367662419053,2.0304992688531445,12.233131397534994,13.204512220597454,2.4566534363902237,4.223574631646381,2.8909246821687895,nan,nan,nan,4.245041586692259,2.883663371763193,4.202052597819115,2.8980267370003356,0.9898731289210665,0.3945,0.01248,0.0,0.0,0.0,0.0,0.0,0.0,0.0,0.0,0.0,0.0,0.31961562565280977,19.784833925214095,9.89555044913307,0.0,0.0,0.0,0.0,0.0,0.0,0.0,0.0,0.0,0.0,0.0,0.0,0.0,0.0,0.0,0.0,0.0,nan,nan,4.223574631646381,2.8909246821687895,nan,0.3945,0.06335,0.0,0.0,0.0,0.0,0.0,0.0,0.0,0.0,0.0,0.0,0.0,0.0,0.0,0.0,0.0,0.0,0.0,0.0,0.0,8.355964069354502e-05,0.0,1.0444955086693127e-05,0.00337372049300188,0.0005640275746814289,0.00016711928138709003,0.0009713808230624608,0.0016816377689575935,0.009003551284729476,0.0044495508669312725,0.006099853770628786,0.008878211823689159,0.039951953206601214,0.04870482556925005,0.04576979318988928,0.09531021516607478,0.07299979110089827,0.07008564863171088,0.05029245874242741,0.028493837476498852,0.032556925005222476,0.08241069563400877,0.08216001671192814,0.04670983914769167,0.025329016085230832,0.018612909964487154,0.021328598287027364,0.024305410486734905,0.02775224566534364,0.043941926049717986,0.04761855024023397,0.01820555671610612,0.01062251932316691,0.011092542302068102,0.004627115103405056,0.006298307917275956,0.0011698349697096303,0.001806977229997911,0.0002715688322540213,0.005462711510340505,1.0444955086693127e-05,1.0444955086693127e-05,0.0,0.0,0.0008042615416753708,0.0,0.0,0.0,0.0,0.0,0.0,0.0,0.0,0.0,0.0,0.0,0.0,0.0,0.0,0.0,0.0,0.0,0.0,0.0,0.0,0.0,0.0,0.0,0.0,0.0,0.0,0.0,0.0,0.0,0.0,0.0,0.0,0.0,0.0,0.0,0.0,0.0,nan,nan,4.223574631646381,2.8909246821687895,nan,0.9346407210947287,0.02325955832841921,0.0,0.0,0.0,0.0,0.0,0.0,0.0,0.0,0.0,0.0,0.0,0.0,0.0,0.0,0.0,0.0,0.0,0.0,0.0,0.0,0.0,0.0,0.0,0.0,0.0,0.08484848484848487,1.9393939393939397,12.169696969696973,13.187878787878791,2.618181818181819,0.9338903639297997,0.023174536027631795,0.0,0.0,0.0,0.0,0.0,0.0,0.0,0.0,0.0,0.0,0.0,0.0,0.0,0.0,0.0,0.0,0.0,0.0,0.0,0.0,0.0,0.0,0.0,0.0,0.0,0.06487889273356402,2.1280276816609,12.301038062283741,13.22231833910035,2.2837370242214536,0.3945,0.01218,0.0,0.0,0.0,0.0,0.0,0.0,0.0,0.0,0.0,0.0,0.2787878787878788,19.86666666666664,9.854545454545455,0.0,0.0,0.0,0.0,0.0,0.0,0.0,0.0,0.0,0.0,0.0,0.0,0.0,0.0,0.0,0.0,0.0,0.3945,0.01281,0.0,0.0,0.0,0.0,0.0,0.0,0.0,0.0,0.0,0.0,0.36332179930795855,19.697231833910006,9.939446366782008,0.0,0.0,0.0,0.0,0.0,0.0,0.0,0.0,0.0,0.0,0.0,0.0,0.0,0.0,0.0,0.0,0.0
96500,4908,2501,0.5095762021189894,1180,1036,0.4515077424612877,1394,0.5680521597392013,0.37799999999999995,2.8878271707519736,2.9950598666019546,6.301749271137027,2.0927954650222835,9404.204669847077,1521.7832112502322,7853.0,10919.64233970642,10897.107364897822,7.212720305731909,7853.0,0.0,28.031377343113284,20.807012719237832,32.95300387596899,19.01989779926692,0.14099429502852487,0.09861450692746536,0.09311328443357783,0.08374083129584352,0.07722086389568052,0.0743683781581092,0.06764466177669112,0.0680521597392013,0.06356968215158924,0.051140994295028525,0.05012224938875306,0.04054604726976365,0.03178484107579462,0.024857375713121434,0.01589242053789731,0.012428687856560717,0.005908720456397718,0.9342839998400299,0.02313164368131178,0.0,0.0,0.0,0.0,0.0,0.0,0.0,0.0,0.0,0.0,0.0,0.0,0.0,0.0,0.0,0.0,0.0,0.0,0.0,0.0,0.0,0.0,0.0,0.0,0.0,0.048899755501222504,2.0110024449877755,12.658924205378977,12.762836185819074,2.5183374083129593,4.16183879093199,2.806793601535156,nan,nan,nan,4.204616344354336,2.8101595649436044,4.118245390972664,2.8026876526598454,0.979458065538454,0.3945,0.01249,0.0,0.0,0.0,0.0,0.0,0.0,0.0,0.0,0.0,0.0,0.3117359413202934,19.834963325183345,9.792176039119806,0.06112469437652813,0.0,0.0,0.0,0.0,0.0,0.0,0.0,0.0,0.0,0.0,0.0,0.0,0.0,0.0,0.0,0.0,nan,nan,4.16183879093199,2.806793601535156,nan,0.3945,0.06335,0.0,0.0,0.0,0.0,0.0,0.0,0.0,0.0,0.0,0.0,0.0,0.0,0.0,0.0,0.0,0.0,0.0,0.0,0.0,4.0749796251018746e-05,0.0,1.0187449062754686e-05,0.004054604726976365,0.0006214343928280359,0.0004380603096984515,0.0010085574572127139,0.0011613691931540342,0.008190709046454768,0.005185411572942136,0.005969845150774246,0.009046454767726161,0.039557864710676446,0.04762632436837816,0.04493683781581092,0.09771801140994295,0.07201507742461288,0.06854115729421353,0.05144661776691117,0.030491035044824776,0.030990220048899755,0.08052159739201303,0.08410757946210269,0.047911572942135286,0.024062754686226567,0.019396903015484922,0.02130195599022005,0.024684189079054605,0.028270171149144253,0.042705786471067646,0.04752444987775061,0.018490220048899754,0.010411572942135289,0.011236756316218418,0.0045232273838630805,0.006204156479217604,0.0014364303178484108,0.0015790546047269763,0.0003056234718826406,0.005786471067644662,0.0,5.093724531377343e-05,0.0,0.0,0.0004380603096984515,0.0,0.0,0.0,0.0,0.0,0.0,0.0,0.0,0.0,0.0,0.0,0.0,0.0,0.0,0.0,0.0,0.0,0.0,0.0,0.0,0.0,0.0,0.0,0.0,0.0,0.0,0.0,0.0,0.0,0.0,0.0,0.0,0.0,0.0,0.0,0.0,0.0,nan,nan,4.16183879093199,2.806793601535156,nan,0.9341864797984157,0.02305191140128508,0.0,0.0,0.0,0.0,0.0,0.0,0.0,0.0,0.0,0.0,0.0,0.0,0.0,0.0,0.0,0.0,0.0,0.0,0.0,0.0,0.0,0.0,0.0,0.0,0.0,0.02399040383846462,2.003198720511796,12.846861255497803,12.61895241903239,2.5069972011195527,0.934385328308695,0.023213765642517925,0.0,0.0,0.0,0.0,0.0,0.0,0.0,0.0,0.0,0.0,0.0,0.0,0.0,0.0,0.0,0.0,0.0,0.0,0.0,0.0,0.0,0.0,0.0,0.0,0.0,0.07478188616535107,2.019110926464479,12.46364769422518,12.912339011217286,2.530120481927711,0.3948,0.01232,0.0,0.0,0.0,0.0,0.0,0.0,0.0,0.0,0.0,0.0,0.2518992403038785,19.70811675329865,10.003998400639746,0.03598560575769693,0.0,0.0,0.0,0.0,0.0,0.0,0.0,0.0,0.0,0.0,0.0,0.0,0.0,0.0,0.0,0.0,0.3943,0.01265,0.0,0.0,0.0,0.0,0.0,0.0,0.0,0.0,0.0,0.0,0.3739094308267554,19.966763606148703,9.572081429164937,0.08724553385957626,0.0,0.0,0.0,0.0,0.0,0.0,0.0,0.0,0.0,0.0,0.0,0.0,0.0,0.0,0.0,0.0
96600,4771,2408,0.5047159924544121,1119,976,0.4391112974219241,1384,0.5801718717250053,0.39399999999999996,2.9365213711383835,3.0494914837783,6.466176470588235,2.018015208223872,9389.357484406606,1521.943077216519,7853.0,10924.054370999336,10897.003969312258,7.282751425145127,7853.0,0.0,28.194718088451058,21.026428394481552,33.02259185700099,19.323867445824778,0.1358205826870677,0.09997904003353594,0.09704464472856844,0.0836302661915741,0.08006707189268497,0.07650387759379584,0.06560469503248795,0.06665269335569063,0.056801509117585414,0.0538671138126179,0.04338713058059107,0.041500733598826244,0.034374345001047996,0.028924753720394047,0.01760637182980507,0.010899182561307902,0.00733598826241878,0.9343921010210888,0.023315750079414832,0.0,0.0,0.0,0.0,0.0,0.0,0.0,0.0,0.0,0.0,0.0,0.0,0.0,0.0,0.0,0.0,0.0,0.0,0.0,0.0,0.0,0.0,0.0,0.0,0.0,0.03772793963529659,2.068748690002096,12.142108572626286,13.236218822049889,2.5151959756864395,4.364904313979889,2.870684799580838,nan,nan,nan,4.353732347007398,2.8558669994257353,4.37531328320802,2.8843831672018005,1.0049568817006989,0.3943,0.01227,0.0,0.0,0.0,0.0,0.0,0.0,0.0,0.0,0.0,0.0,0.2955355271431566,20.0901278557954,9.595472647243765,0.018863969817648294,0.0,0.0,0.0,0.0,0.0,0.0,0.0,0.0,0.0,0.0,0.0,0.0,0.0,0.0,0.0,0.0,nan,nan,4.364904313979889,2.870684799580838,nan,0.3945,0.0639,0.0,0.0,0.0,0.0,0.0,0.0,0.0,0.0,0.0,0.0,0.0,0.0,0.0,0.0,0.0,0.0,0.0,0.0,0.0,0.0,8.383986585621463e-05,0.0,0.0042967931251309995,0.000670718926849717,0.000796478725634039,0.0010794382728987633,0.0014043177530915951,0.00799622720603647,0.0053447914483336825,0.005795430727310836,0.00862502619995808,0.040421295325927475,0.04729616432613708,0.04607000628798994,0.09862712219660448,0.07355900230559631,0.06803605114231817,0.04974848040243136,0.029658352546635926,0.03080067071892685,0.0770278767553972,0.08400754558792706,0.048396562565499894,0.026158038147138966,0.019419408928945715,0.019901488157618948,0.02461748061203102,0.027646195766086776,0.04485432823307483,0.04783064347097045,0.01655837350660239,0.009798784321945085,0.011580381471389645,0.004013833577866275,0.00670718926849717,0.001844477048836722,0.0016139174177321315,0.0005973590442255293,0.00647662963739258,0.0,9.431984908824147e-05,1.0479983232026829e-05,0.0,0.0005344791448333683,0.0,0.0,0.0,0.0,0.0,0.0,0.0,0.0,0.0,0.0,0.0,0.0,0.0,0.0,0.0,0.0,0.0,0.0,0.0,0.0,0.0,0.0,0.0,0.0,0.0,0.0,0.0,0.0,0.0,0.0,0.0,0.0,0.0,0.0,0.0,0.0,0.0,nan,nan,4.364904313979889,2.870684799580838,nan,0.9341371884674725,0.023594800557264622,0.0,0.0,0.0,0.0,0.0,0.0,0.0,0.0,0.0,0.0,0.0,0.0,0.0,0.0,0.0,0.0,0.0,0.0,0.0,0.0,0.0,0.0,0.0,0.0,0.0,0.037375415282392035,2.1428571428571432,12.421096345514954,12.757475083056482,2.6411960132890373,0.9346518680245202,0.023025003909115275,0.0,0.0,0.0,0.0,0.0,0.0,0.0,0.0,0.0,0.0,0.0,0.0,0.0,0.0,0.0,0.0,0.0,0.0,0.0,0.0,0.0,0.0,0.0,0.0,0.0,0.03808717731696996,1.9932289462547612,11.857807871349982,13.72407955988151,2.3867964451967842,0.3943,0.01227,0.0,0.0,0.0,0.0,0.0,0.0,0.0,0.0,0.0,0.0,0.2990033222591363,20.05813953488369,9.642857142857144,0.0,0.0,0.0,0.0,0.0,0.0,0.0,0.0,0.0,0.0,0.0,0.0,0.0,0.0,0.0,0.0,0.0,0.3945,0.01227,0.0,0.0,0.0,0.0,0.0,0.0,0.0,0.0,0.0,0.0,0.29200169276343635,20.12272534913243,9.547185780787137,0.03808717731696996,0.0,0.0,0.0,0.0,0.0,0.0,0.0,0.0,0.0,0.0,0.0,0.0,0.0,0.0,0.0,0.0
96700,4640,2391,0.5153017241379311,1093,936,0.4372844827586207,1289,0.555603448275862,0.426,2.964428634948866,3.153488282249582,6.6608557844690965,2.274861984589937,9421.846217439568,1521.556155177344,7853.0,10924.208116650581,10897.519635683644,7.433367172424579,7853.0,0.0,27.357974137931034,20.850971639462653,32.68875554396035,19.033054344320835,0.15280172413793103,0.09827586206896552,0.09719827586206897,0.0834051724137931,0.07931034482758621,0.07607758620689656,0.06443965517241379,0.06379310344827586,0.05301724137931035,0.05301724137931035,0.04892241379310345,0.03987068965517242,0.032974137931034486,0.02456896551724138,0.016379310344827588,0.010129310344827586,0.00581896551724138,0.9352999015357988,0.02414173511289684,0.0,0.0,0.0,0.0,0.0,0.0,0.0,0.0,0.0,0.0,0.0,0.0,0.0,0.0,0.0,0.0,0.0,0.0,0.0,0.0,0.0,0.0,0.0,0.0,0.0,0.058189655172413805,2.178879310344828,11.709051724137934,13.228448275862073,2.8254310344827593,4.2537517053206,2.8986524090138057,nan,nan,nan,4.175403225806452,2.8740612958029623,4.334487534626039,2.9215791987189994,1.0381003462938267,0.395,0.01284,0.0,0.0,0.0,0.0,0.0,0.0,0.0,0.0,0.0,0.0,0.40086206896551735,19.318965517241352,10.247844827586208,0.03232758620689656,0.0,0.0,0.0,0.0,0.0,0.0,0.0,0.0,0.0,0.0,0.0,0.0,0.0,0.0,0.0,0.0,nan,nan,4.2537517053206,2.8986524090138057,nan,0.395,0.064,0.0,0.0,0.0,0.0,0.0,0.0,0.0,0.0,0.0,0.0,0.0,0.0,0.0,0.0,0.0,0.0,0.0,0.0,0.0,0.0,0.00022629310344827588,0.0,0.0043642241379310345,0.0006788793103448276,0.0007758620689655172,0.0008297413793103448,0.001206896551724138,0.00769396551724138,0.005614224137931035,0.0065948275862068965,0.007370689655172413,0.039191810344827584,0.047219827586206894,0.04384698275862069,0.10323275862068966,0.07076508620689655,0.0684051724137931,0.04778017241379311,0.030905172413793102,0.030355603448275863,0.0790948275862069,0.0818103448275862,0.045905172413793105,0.02560344827586207,0.022122844827586207,0.019730603448275864,0.026400862068965518,0.028297413793103448,0.046023706896551726,0.04954741379310345,0.015420258620689655,0.01002155172413793,0.011099137931034482,0.0031573275862068965,0.006713362068965517,0.0019504310344827585,0.001831896551724138,0.0003879310344827586,0.007370689655172413,0.0,0.0,0.0,0.0,0.00045258620689655175,0.0,0.0,0.0,0.0,0.0,0.0,0.0,0.0,0.0,0.0,0.0,0.0,0.0,0.0,0.0,0.0,0.0,0.0,0.0,0.0,0.0,0.0,0.0,0.0,0.0,0.0,0.0,0.0,0.0,0.0,0.0,0.0,0.0,0.0,0.0,0.0,0.0,nan,nan,4.2537517053206,2.8986524090138057,nan,0.9353631802404939,0.023780384447347615,0.0,0.0,0.0,0.0,0.0,0.0,0.0,0.0,0.0,0.0,0.0,0.0,0.0,0.0,0.0,0.0,0.0,0.0,0.0,0.0,0.0,0.0,0.0,0.0,0.0,0.03764115432873275,1.9698870765370142,12.00752823086575,13.074027603513178,2.9109159347553333,0.9352326274660229,0.024519882599938512,0.0,0.0,0.0,0.0,0.0,0.0,0.0,0.0,0.0,0.0,0.0,0.0,0.0,0.0,0.0,0.0,0.0,0.0,0.0,0.0,0.0,0.0,0.0,0.0,0.0,0.08003557136505114,2.4010671409515343,11.391729657625614,13.392618941751893,2.7345486883059147,0.395,0.012886,0.0,0.0,0.0,0.0,0.0,0.0,0.0,0.0,0.0,0.0,0.41405269761606034,19.14680050188203,10.426599749058974,0.012547051442910918,0.0,0.0,0.0,0.0,0.0,0.0,0.0,0.0,0.0,0.0,0.0,0.0,0.0,0.0,0.0,0.0,0.395,0.012794,0.0,0.0,0.0,0.0,0.0,0.0,0.0,0.0,0.0,0.0,0.3868385949310806,19.502000889284098,10.057803468208094,0.05335704757670077,0.0,0.0,0.0,0.0,0.0,0.0,0.0,0.0,0.0,0.0,0.0,0.0,0.0,0.0,0.0,0.0
96800,4700,2474,0.5263829787234042,1197,976,0.4623404255319149,1300,0.5531914893617021,0.40199999999999997,2.8939802336028753,2.9880699699240396,6.385878489326765,2.097898923513984,9455.570545776245,1520.136025920499,7853.0,10920.125997900963,10897.495377990443,7.197925525445573,7853.0,0.0,27.69808510638298,20.54137797469147,32.53653603034134,18.79168839148532,0.13787234042553193,0.10340425531914893,0.0925531914893617,0.08468085106382979,0.08382978723404255,0.0725531914893617,0.06872340425531914,0.06893617021276596,0.05914893617021277,0.05680851063829787,0.046170212765957445,0.036382978723404256,0.03148936170212766,0.025106382978723404,0.016170212765957447,0.01127659574468085,0.004893617021276595,0.9358221286027989,0.02333385704711647,0.0,0.0,0.0,0.0,0.0,0.0,0.0,0.0,0.0,0.0,0.0,0.0,0.0,0.0,0.0,0.0,0.0,0.0,0.0,0.0,0.0,0.0,0.0,0.0,0.0,0.05744680851063831,1.914893617021277,11.8468085106383,13.276595744680854,2.904255319148937,4.05768600458866,2.7966036937669507,nan,nan,nan,4.044619422572178,2.8382656481170954,4.070726915520629,2.754333549633211,1.0064548700930303,0.3945,0.01265,0.0,0.0,0.0,0.0,0.0,0.0,0.0,0.0,0.0,0.0,0.4404255319148937,19.519148936170186,10.008510638297874,0.03191489361702128,0.0,0.0,0.0,0.0,0.0,0.0,0.0,0.0,0.0,0.0,0.0,0.0,0.0,0.0,0.0,0.0,nan,nan,4.05768600458866,2.7966036937669507,nan,0.3945,0.0637,0.0,0.0,0.0,0.0,0.0,0.0,0.0,0.0,0.0,0.0,0.0,0.0,0.0,0.0,0.0,0.0,0.0,0.0,0.0,0.0,0.0006170212765957447,7.446808510638298e-05,0.0046914893617021275,0.000574468085106383,0.0008404255319148936,0.001,0.0006808510638297873,0.006893617021276595,0.005904255319148936,0.006904255319148936,0.006829787234042553,0.040329787234042555,0.045861702127659575,0.04098936170212766,0.10622340425531915,0.07198936170212766,0.06988297872340425,0.045393617021276596,0.03119148936170213,0.03174468085106383,0.07969148936170213,0.08006382978723404,0.047127659574468087,0.02724468085106383,0.022106382978723405,0.019351063829787234,0.02647872340425532,0.028638297872340426,0.042808510638297874,0.05029787234042553,0.015074468085106383,0.011180851063829787,0.011234042553191489,0.0026914893617021275,0.006585106382978724,0.0014468085106382979,0.0020638297872340424,0.00018085106382978723,0.006734042553191489,0.0,0.0,0.0,0.0,0.0003829787234042553,0.0,0.0,0.0,0.0,0.0,0.0,0.0,0.0,0.0,0.0,0.0,0.0,0.0,0.0,0.0,0.0,0.0,0.0,0.0,0.0,0.0,0.0,0.0,0.0,0.0,0.0,0.0,0.0,0.0,0.0,0.0,0.0,0.0,0.0,0.0,0.0,0.0,nan,nan,4.05768600458866,2.7966036937669507,nan,0.9355149258503339,0.023310321887145324,0.0,0.0,0.0,0.0,0.0,0.0,0.0,0.0,0.0,0.0,0.0,0.0,0.0,0.0,0.0,0.0,0.0,0.0,0.0,0.0,0.0,0.0,0.0,0.0,0.0,0.08488278092158451,1.940177849636217,11.98059822150364,13.217461600646729,2.776879547291836,0.9361635569988449,0.023355245790765863,0.0,0.0,0.0,0.0,0.0,0.0,0.0,0.0,0.0,0.0,0.0,0.0,0.0,0.0,0.0,0.0,0.0,0.0,0.0,0.0,0.0,0.0,0.0,0.0,0.0,0.02695417789757413,1.8867924528301891,11.698113207547173,13.342318059299195,3.045822102425877,0.3948,0.012535,0.0,0.0,0.0,0.0,0.0,0.0,0.0,0.0,0.0,0.0,0.35165723524656434,19.644300727566666,9.991915925626518,0.012126111560226357,0.0,0.0,0.0,0.0,0.0,0.0,0.0,0.0,0.0,0.0,0.0,0.0,0.0,0.0,0.0,0.0,0.3945,0.01278,0.0,0.0,0.0,0.0,0.0,0.0,0.0,0.0,0.0,0.0,0.5390835579514826,19.380053908355766,10.026954177897576,0.05390835579514826,0.0,0.0,0.0,0.0,0.0,0.0,0.0,0.0,0.0,0.0,0.0,0.0,0.0,0.0,0.0,0.0
96900,4690,2410,0.5138592750533049,1170,933,0.4484008528784648,1289,0.549680170575693,0.414,2.9785087719298247,3.070655319639167,6.47583081570997,2.046702931498775,9417.457182413746,1521.686449773631,7853.0,10923.366048812866,10897.524558307248,7.330751067940246,7853.0,0.0,27.9454157782516,20.969955289106565,32.81661600810537,19.281937610932193,0.13560767590618336,0.10106609808102346,0.09701492537313433,0.0880597014925373,0.07846481876332623,0.07718550106609808,0.07228144989339019,0.05970149253731343,0.059275053304904055,0.052452025586353944,0.04307036247334755,0.03795309168443497,0.034541577825159916,0.027078891257995737,0.01577825159914712,0.009381663113006396,0.011087420042643924,0.9356103834821217,0.02336048551874314,0.0,0.0,0.0,0.0,0.0,0.0,0.0,0.0,0.0,0.0,0.0,0.0,0.0,0.0,0.0,0.0,0.0,0.0,0.0,0.0,0.0,0.0,0.0,0.0,0.0,0.06396588486140727,1.893390191897655,11.833688699360344,13.47761194029851,2.73134328358209,4.244466468450611,2.868503119479567,nan,nan,nan,4.242622950819672,2.8384051754112076,4.246338215712384,2.8987410440747334,1.0008756999940318,0.3955,0.0126,0.0,0.0,0.0,0.0,0.0,0.0,0.0,0.0,0.0,0.0,0.25586353944562906,19.113006396588457,10.579957356076763,0.05117270788912581,0.0,0.0,0.0,0.0,0.0,0.0,0.0,0.0,0.0,0.0,0.0,0.0,0.0,0.0,0.0,0.0,nan,nan,4.244466468450611,2.868503119479567,nan,0.3955,0.0637,0.0,0.0,0.0,0.0,0.0,0.0,0.0,0.0,0.0,0.0,0.0,0.0,0.0,0.0,0.0,0.0,0.0,0.0,0.0,0.0,0.0005543710021321961,5.3304904051172706e-05,0.0038699360341151387,0.0005010660980810234,0.000980810234541578,0.001023454157782516,0.000511727078891258,0.0061833688699360345,0.0066844349680170575,0.007515991471215352,0.007100213219616205,0.03988272921108742,0.043315565031982944,0.04214285714285714,0.10344349680170575,0.07152452025586353,0.06936034115138592,0.04640724946695096,0.031332622601279315,0.03384861407249467,0.07756929637526652,0.07828358208955224,0.045405117270788914,0.02997867803837953,0.024051172707889125,0.020319829424307035,0.0264818763326226,0.030063965884861408,0.04549040511727079,0.04769722814498934,0.014626865671641792,0.010511727078891258,0.011524520255863539,0.0028251599147121535,0.007867803837953092,0.0014712153518123667,0.0022174840085287845,0.0002345415778251599,0.006759061833688699,0.0,0.0,0.0,1.0660980810234541e-05,0.00037313432835820896,0.0,0.0,0.0,0.0,0.0,0.0,0.0,0.0,0.0,0.0,0.0,0.0,0.0,0.0,0.0,0.0,0.0,0.0,0.0,0.0,0.0,0.0,0.0,0.0,0.0,0.0,0.0,0.0,0.0,0.0,0.0,0.0,0.0,0.0,0.0,0.0,0.0,nan,nan,4.244466468450611,2.868503119479567,nan,0.9350090475745221,0.023153255594285535,0.0,0.0,0.0,0.0,0.0,0.0,0.0,0.0,0.0,0.0,0.0,0.0,0.0,0.0,0.0,0.0,0.0,0.0,0.0,0.0,0.0,0.0,0.0,0.0,0.0,0.04979253112033196,1.9294605809128635,11.98755186721992,13.518672199170128,2.514522821576764,0.9362460060862072,0.02356087176380282,0.0,0.0,0.0,0.0,0.0,0.0,0.0,0.0,0.0,0.0,0.0,0.0,0.0,0.0,0.0,0.0,0.0,0.0,0.0,0.0,0.0,0.0,0.0,0.0,0.0,0.07894736842105264,1.8552631578947372,11.67105263157895,13.434210526315793,2.9605263157894743,0.3955,0.01269,0.0,0.0,0.0,0.0,0.0,0.0,0.0,0.0,0.0,0.0,0.27385892116182575,19.045643153526942,10.618257261410792,0.06224066390041495,0.0,0.0,0.0,0.0,0.0,0.0,0.0,0.0,0.0,0.0,0.0,0.0,0.0,0.0,0.0,0.0,0.3955,0.01251,0.0,0.0,0.0,0.0,0.0,0.0,0.0,0.0,0.0,0.0,0.23684210526315794,19.18421052631576,10.539473684210527,0.03947368421052632,0.0,0.0,0.0,0.0,0.0,0.0,0.0,0.0,0.0,0.0,0.0,0.0,0.0,0.0,0.0,0.0
97000,5017,2517,0.5016942395854096,1206,1057,0.45106637432728725,1467,0.5848116404225633,0.36999999999999994,2.932,3.0053578821830853,6.404137931034483,2.075999995417878,9380.498050943299,1522.3395108331592,7853.0,10920.45046198368,10897.679269599734,7.230938038629601,7853.0,0.0,28.524018337651984,21.01692777020963,33.46486870120653,19.19928689360936,0.13474187761610523,0.0964719952162647,0.09507673908710385,0.0777356986246761,0.07893163244967112,0.08012756627466613,0.06996212876220849,0.06737093880805262,0.060992625074745864,0.055810245166434125,0.0446481961331473,0.03727327087901136,0.031492924058202115,0.029300378712377916,0.02013155272074945,0.01195933824995017,0.007972892166633447,0.9360020242413131,0.02334607090554156,0.0,0.0,0.0,0.0,0.0,0.0,0.0,0.0,0.0,0.0,0.0,0.0,0.0,0.0,0.0,0.0,0.0,0.0,0.0,0.0,0.0,0.0,0.0,0.0,0.0,0.047837352999800686,1.7939007374925258,11.77994817620092,13.55590990631852,2.8224038269882405,4.31265206812652,2.796776128597584,nan,nan,nan,4.300546448087432,2.771420357932428,4.324801950030469,2.8219433276026202,1.0056400976563862,0.395,0.01244,0.0,0.0,0.0,0.0,0.0,0.0,0.0,0.0,0.0,0.0,0.26908511062387885,19.547538369543524,10.147498505082721,0.035878014749850515,0.0,0.0,0.0,0.0,0.0,0.0,0.0,0.0,0.0,0.0,0.0,0.0,0.0,0.0,0.0,0.0,nan,nan,4.31265206812652,2.796776128597584,nan,0.395,0.06384,0.0,0.0,0.0,0.0,0.0,0.0,0.0,0.0,0.0,0.0,0.0,0.0,0.0,0.0,0.0,0.0,0.0,0.0,0.0,0.0,0.0006477974885389675,0.0,0.003428343631652382,0.0002391867649990034,0.001086306557703807,0.0010564082120789317,0.0006677297189555512,0.006328483157265298,0.00683675503288818,0.007484552521427147,0.008092485549132947,0.04132947976878613,0.0424556507873231,0.04423958540960733,0.10279051225832171,0.07058002790512258,0.06919473789117002,0.045445485349810646,0.032399840542156666,0.03609726928443293,0.07426749053219055,0.08101455052820411,0.043910703607733706,0.031333466214869446,0.02332070958740283,0.019882399840542155,0.025134542555311938,0.029310344827586206,0.04558501096272673,0.04874426948375523,0.0130157464620291,0.010444488738289815,0.011889575443492126,0.0021626470001993225,0.007683874825592984,0.001504883396452063,0.0027606139126968307,0.00019932230416583617,0.006856687263304764,9.966115208291807e-06,0.0,9.966115208291807e-06,0.0,0.0005581024516643412,0.0,0.0,0.0,0.0,0.0,0.0,0.0,0.0,0.0,0.0,0.0,0.0,0.0,0.0,0.0,0.0,0.0,0.0,0.0,0.0,0.0,0.0,0.0,0.0,0.0,0.0,0.0,0.0,0.0,0.0,0.0,0.0,0.0,0.0,0.0,0.0,0.0,nan,nan,4.31265206812652,2.796776128597584,nan,0.9359741066958064,0.023395653894134154,0.0,0.0,0.0,0.0,0.0,0.0,0.0,0.0,0.0,0.0,0.0,0.0,0.0,0.0,0.0,0.0,0.0,0.0,0.0,0.0,0.0,0.0,0.0,0.0,0.0,0.07151370679380216,1.752085816448153,11.775923718712756,13.55184743742551,2.848629320619786,0.9360301316261291,0.02329601034432262,0.0,0.0,0.0,0.0,0.0,0.0,0.0,0.0,0.0,0.0,0.0,0.0,0.0,0.0,0.0,0.0,0.0,0.0,0.0,0.0,0.0,0.0,0.0,0.0,0.0,0.024000000000000004,1.8360000000000003,11.784000000000002,13.560000000000002,2.7960000000000007,0.395,0.01229,0.0,0.0,0.0,0.0,0.0,0.0,0.0,0.0,0.0,0.0,0.2145411203814065,19.570917759237158,10.166865315852208,0.04767580452920144,0.0,0.0,0.0,0.0,0.0,0.0,0.0,0.0,0.0,0.0,0.0,0.0,0.0,0.0,0.0,0.0,0.3953,0.0126,0.0,0.0,0.0,0.0,0.0,0.0,0.0,0.0,0.0,0.0,0.32400000000000007,19.523999999999972,10.128000000000004,0.024000000000000004,0.0,0.0,0.0,0.0,0.0,0.0,0.0,0.0,0.0,0.0,0.0,0.0,0.0,0.0,0.0,0.0
97100,4532,2324,0.5127978817299206,1116,936,0.4527802294792586,1287,0.5679611650485437,0.40199999999999997,2.932065217391304,3.074248006804411,6.46422893481717,2.2165891208649167,9414.16632115382,1521.7147705209957,7853.0,10921.536125540733,10897.408677912697,7.366791016417796,7853.0,0.0,28.06884377758164,21.01872888584077,33.158575197889185,19.22036969370129,0.14055604589585172,0.10326566637246248,0.088261253309797,0.08406884377758164,0.08142100617828774,0.07480141218005296,0.0703883495145631,0.061562224183583404,0.058031774051191524,0.054280670785525155,0.047219770520741396,0.03971756398940865,0.03331862312444837,0.024492497793468668,0.019417475728155338,0.010370697263901147,0.0088261253309797,0.935002495836391,0.023228546368701194,0.0,0.0,0.0,0.0,0.0,0.0,0.0,0.0,0.0,0.0,0.0,0.0,0.0,0.0,0.0,0.0,0.0,0.0,0.0,0.0,0.0,0.0,0.0,0.0,0.0,0.046337157987643436,1.952780229479259,12.14033539276258,13.199470432480144,2.66107678729038,4.214068312478863,2.8826381243640036,nan,nan,nan,4.236252545824847,2.8444374216693373,4.192048517520216,2.9198948321010034,0.9895652990877049,0.395,0.01262,0.0,0.0,0.0,0.0,0.0,0.0,0.0,0.0,0.0,0.0,0.33759929390997356,19.342453662841983,10.280229479258606,0.03971756398940866,0.0,0.0,0.0,0.0,0.0,0.0,0.0,0.0,0.0,0.0,0.0,0.0,0.0,0.0,0.0,0.0,nan,nan,4.214068312478863,2.8826381243640036,nan,0.395,0.06415,0.0,0.0,0.0,0.0,0.0,0.0,0.0,0.0,0.0,0.0,0.0,0.0,0.0,0.0,0.0,0.0,0.0,0.0,0.0,0.0,0.0008936451897616946,3.3097969991173875e-05,0.0026588702559576347,0.0004523389232127096,0.00102603706972639,0.0006067961165048543,0.000441306266548985,0.0069064430714916155,0.006807149161518093,0.00780008826125331,0.00925639894086496,0.045002206531332745,0.04151588702559576,0.04205648720211827,0.10372903795233893,0.07088481906443071,0.06916372462488968,0.04600617828773169,0.03434466019417476,0.03222639011473963,0.07224183583406885,0.08331862312444836,0.04451676963812886,0.030097087378640777,0.02233009708737864,0.01925198587819947,0.02550750220653133,0.03132171226831421,0.043909973521624006,0.045873786407766994,0.014132833186231245,0.010105913503971756,0.013426743159752869,0.0018314210061782877,0.007634598411297441,0.001114298323036187,0.0027802294792586054,0.000353045013239188,0.007766990291262136,0.0,0.0,0.0,0.0,0.0006729920564872021,0.0,0.0,0.0,0.0,0.0,0.0,0.0,0.0,0.0,0.0,0.0,0.0,0.0,0.0,0.0,0.0,0.0,0.0,0.0,0.0,0.0,0.0,0.0,0.0,0.0,0.0,0.0,0.0,0.0,0.0,0.0,0.0,0.0,0.0,0.0,0.0,0.0,nan,nan,4.214068312478863,2.8826381243640036,nan,0.9350639597325234,0.022931635945196472,0.0,0.0,0.0,0.0,0.0,0.0,0.0,0.0,0.0,0.0,0.0,0.0,0.0,0.0,0.0,0.0,0.0,0.0,0.0,0.0,0.0,0.0,0.0,0.0,0.0,0.051635111876075744,1.8588640275387267,12.030981067125648,13.605851979345958,2.452667814113598,0.9349378028587587,0.02353683658342904,0.0,0.0,0.0,0.0,0.0,0.0,0.0,0.0,0.0,0.0,0.0,0.0,0.0,0.0,0.0,0.0,0.0,0.0,0.0,0.0,0.0,0.0,0.0,0.0,0.0,0.0407608695652174,2.0516304347826093,12.255434782608699,12.771739130434787,2.8804347826086967,0.395,0.012764,0.0,0.0,0.0,0.0,0.0,0.0,0.0,0.0,0.0,0.0,0.36144578313253023,19.221170395869162,10.365748709122204,0.051635111876075744,0.0,0.0,0.0,0.0,0.0,0.0,0.0,0.0,0.0,0.0,0.0,0.0,0.0,0.0,0.0,0.0,0.3948,0.01245,0.0,0.0,0.0,0.0,0.0,0.0,0.0,0.0,0.0,0.0,0.31250000000000006,19.470108695652144,10.19021739130435,0.027173913043478267,0.0,0.0,0.0,0.0,0.0,0.0,0.0,0.0,0.0,0.0,0.0,0.0,0.0,0.0,0.0,0.0
97200,4425,2277,0.5145762711864407,1106,899,0.45310734463276836,1239,0.56,0.418,3.01024208566108,3.082038935669835,6.5,2.1205448654333607,9419.455007445138,1521.4446500547713,7853.0,10924.084981441498,10897.164869540948,7.351513886863602,7853.0,0.0,28.3154802259887,20.949762829743214,33.044509594882726,19.235713601126875,0.1342372881355932,0.09536723163841808,0.096045197740113,0.08451977401129944,0.08,0.07299435028248588,0.07638418079096045,0.06463276836158192,0.06056497175141243,0.05378531073446328,0.04632768361581921,0.0415819209039548,0.02847457627118644,0.02824858757062147,0.016497175141242937,0.011299435028248588,0.00903954802259887,0.9346541254129787,0.023205440956071598,0.0,0.0,0.0,0.0,0.0,0.0,0.0,0.0,0.0,0.0,0.0,0.0,0.0,0.0,0.0,0.0,0.0,0.0,0.0,0.0,0.0,0.0,0.0,0.0,0.0,0.04745762711864408,1.8711864406779666,12.50847457627119,13.05762711864407,2.515254237288136,4.286211699164346,2.8487116512864388,nan,nan,nan,4.26045236463331,2.8183560777712064,4.3128096249115355,2.879477884008375,1.0122891317158833,0.395,0.01283,0.0,0.0,0.0,0.0,0.0,0.0,0.0,0.0,0.0,0.0,0.3593220338983052,19.471186440677936,10.101694915254239,0.06779661016949154,0.0,0.0,0.0,0.0,0.0,0.0,0.0,0.0,0.0,0.0,0.0,0.0,0.0,0.0,0.0,0.0,nan,nan,4.286211699164346,2.8487116512864388,nan,0.395,0.06476,0.0,0.0,0.0,0.0,0.0,0.0,0.0,0.0,0.0,0.0,0.0,0.0,0.0,0.0,0.0,0.0,0.0,0.0,0.0,0.0,0.0010847457627118644,0.00012429378531073448,0.0027570621468926554,0.0005084745762711864,0.0012768361581920904,0.0011299435028248588,0.00042937853107344635,0.007322033898305084,0.005751412429378531,0.007672316384180791,0.009107344632768362,0.0452316384180791,0.041887005649717514,0.04352542372881356,0.10607909604519775,0.06992090395480226,0.06813559322033898,0.04466666666666667,0.0335819209039548,0.03233898305084746,0.07018079096045197,0.08221468926553673,0.04340112994350283,0.031186440677966103,0.02287005649717514,0.01830508474576271,0.02366101694915254,0.03247457627118644,0.04535593220338983,0.04585310734463277,0.013819209039548022,0.010666666666666666,0.014723163841807909,0.001480225988700565,0.007875706214689266,0.0020225988700564974,0.002734463276836158,0.00021468926553672317,0.007604519774011299,1.1299435028248587e-05,1.1299435028248587e-05,0.0,0.0,0.0008022598870056497,0.0,0.0,0.0,0.0,0.0,0.0,0.0,0.0,0.0,0.0,0.0,0.0,0.0,0.0,0.0,0.0,0.0,0.0,0.0,0.0,0.0,0.0,0.0,0.0,0.0,0.0,0.0,0.0,0.0,0.0,0.0,0.0,0.0,0.0,0.0,0.0,0.0,nan,nan,4.286211699164346,2.8487116512864388,nan,0.9341199087845321,0.02313766396975982,0.0,0.0,0.0,0.0,0.0,0.0,0.0,0.0,0.0,0.0,0.0,0.0,0.0,0.0,0.0,0.0,0.0,0.0,0.0,0.0,0.0,0.0,0.0,0.0,0.0,0.013175230566534918,1.9894598155467724,12.85902503293808,12.59552042160738,2.5428194993412387,0.9352204248836364,0.023263681985091777,0.0,0.0,0.0,0.0,0.0,0.0,0.0,0.0,0.0,0.0,0.0,0.0,0.0,0.0,0.0,0.0,0.0,0.0,0.0,0.0,0.0,0.0,0.0,0.0,0.0,0.08379888268156425,1.7458100558659222,12.136871508379892,13.547486033519556,2.486033519553073,0.395,0.013,0.0,0.0,0.0,0.0,0.0,0.0,0.0,0.0,0.0,0.0,0.4611330698287221,19.32806324110669,10.15810276679842,0.05270092226613967,0.0,0.0,0.0,0.0,0.0,0.0,0.0,0.0,0.0,0.0,0.0,0.0,0.0,0.0,0.0,0.0,0.395,0.012665,0.0,0.0,0.0,0.0,0.0,0.0,0.0,0.0,0.0,0.0,0.2513966480446928,19.622905027932934,10.041899441340783,0.08379888268156425,0.0,0.0,0.0,0.0,0.0,0.0,0.0,0.0,0.0,0.0,0.0,0.0,0.0,0.0,0.0,0.0
97300,4566,2327,0.5096364432763907,1118,934,0.44940867279894875,1282,0.5615418309242225,0.414,2.9441715051362216,3.0834762143001115,6.587171052631579,2.062900652556963,9404.53426183629,1521.9227891725066,7853.0,10926.74373114109,10897.394258506445,7.079584805345566,7853.0,0.0,27.498466929478756,20.526851154627828,32.33593953609591,18.82131368486467,0.13950941743320192,0.10359176522120017,0.09439334209373632,0.08935611038107753,0.07796758650897942,0.07424441524310119,0.06855015330705212,0.0692071835304424,0.05716162943495401,0.054533508541392904,0.04686815593517302,0.03876478318002628,0.032413491020586944,0.022996057818659658,0.015549715286903198,0.009417433201927288,0.005475251861585633,0.9352276932237653,0.022556364126744107,0.0,0.0,0.0,0.0,0.0,0.0,0.0,0.0,0.0,0.0,0.0,0.0,0.0,0.0,0.0,0.0,0.0,0.0,0.0,0.0,0.0,0.0,0.0,0.0,0.0,0.026281208935611044,1.7411300919842316,12.299605781865969,13.423127463863342,2.5098554533508546,4.3013040494166095,2.851353701109448,nan,nan,nan,4.278557114228457,2.8885836702701653,4.325335215243472,2.811286415442064,1.0109331486681463,0.3945,0.012955,0.0,0.0,0.0,0.0,0.0,0.0,0.0,0.0,0.0,0.0,0.466491458607096,19.428383705650432,10.06570302233903,0.039421813403416564,0.0,0.0,0.0,0.0,0.0,0.0,0.0,0.0,0.0,0.0,0.0,0.0,0.0,0.0,0.0,0.0,nan,nan,4.3013040494166095,2.851353701109448,nan,0.3945,0.065,0.0,0.0,0.0,0.0,0.0,0.0,0.0,0.0,0.0,0.0,0.0,0.0,0.0,0.0,0.0,0.0,0.0,0.0,0.0,0.0,0.0009964958388085851,0.00013140604467805518,0.002310556285589137,0.0006460797196671047,0.0013359614542268945,0.00086508979413053,0.0003613666228646518,0.0071725799386771795,0.007074025405168638,0.00830048182216382,0.008858957512045554,0.046145422689443716,0.04194042925974595,0.043999123959702145,0.10816907577748576,0.07227332457293036,0.06847349978098992,0.041666666666666664,0.034537888742882175,0.030825667980727115,0.06896627244853264,0.08114323258869909,0.04502847130968025,0.03088042049934297,0.022612790188348664,0.018922470433639947,0.021134472185720544,0.031022777047744195,0.043484450284713094,0.04670389837932545,0.014640823477879983,0.012406920718353044,0.013720981165133596,0.0015987735435830047,0.0066031537450722735,0.0027376259307928166,0.0038436268068331144,0.00033946561541830925,0.007457293035479632,0.0,1.0950503723171266e-05,0.0,0.0,0.000657030223390276,0.0,0.0,0.0,0.0,0.0,0.0,0.0,0.0,0.0,0.0,0.0,0.0,0.0,0.0,0.0,0.0,0.0,0.0,0.0,0.0,0.0,0.0,0.0,0.0,0.0,0.0,0.0,0.0,0.0,0.0,0.0,0.0,0.0,0.0,0.0,0.0,0.0,nan,nan,4.3013040494166095,2.851353701109448,nan,0.9352299105880288,0.022246248732396105,0.0,0.0,0.0,0.0,0.0,0.0,0.0,0.0,0.0,0.0,0.0,0.0,0.0,0.0,0.0,0.0,0.0,0.0,0.0,0.0,0.0,0.0,0.0,0.0,0.0,0.025784271594327467,1.7146540610227765,12.518263859045986,13.343360550064464,2.3979372582724543,0.9352253887098567,0.02287421279222738,0.0,0.0,0.0,0.0,0.0,0.0,0.0,0.0,0.0,0.0,0.0,0.0,0.0,0.0,0.0,0.0,0.0,0.0,0.0,0.0,0.0,0.0,0.0,0.0,0.0,0.02679767753461367,1.7686467172845024,12.07235372934346,13.506029477445292,2.6261723983921397,0.3948,0.012856,0.0,0.0,0.0,0.0,0.0,0.0,0.0,0.0,0.0,0.0,0.46411688869789436,19.157713794585273,10.339492909325314,0.0386764073914912,0.0,0.0,0.0,0.0,0.0,0.0,0.0,0.0,0.0,0.0,0.0,0.0,0.0,0.0,0.0,0.0,0.3945,0.01306,0.0,0.0,0.0,0.0,0.0,0.0,0.0,0.0,0.0,0.0,0.46895935685573925,19.709691826708323,9.78115230013399,0.040196516301920504,0.0,0.0,0.0,0.0,0.0,0.0,0.0,0.0,0.0,0.0,0.0,0.0,0.0,0.0,0.0,0.0
97400,4486,2345,0.5227374052608114,1102,883,0.4424877396344182,1223,0.5452518947837718,0.426,2.994395142456796,3.137063003593404,6.666666666666667,2.074883361024754,9444.403902342794,1520.6174283500973,7853.0,10925.15611577034,10897.365844737644,7.32637320643957,7853.0,0.0,27.86937137761926,20.897769612377793,32.587088274044795,19.26648271854482,0.13642443156486847,0.09942041908158716,0.1009808292465448,0.08983504235399019,0.08024966562639323,0.07378510922871155,0.06687472135532768,0.05996433348194383,0.05751226036558181,0.0521622826571556,0.051047703967900135,0.038564422648238963,0.03321444493981275,0.022737405260811413,0.01939366919304503,0.009362460989745877,0.008470798038341507,0.9354447673805261,0.0231092740813231,0.0,0.0,0.0,0.0,0.0,0.0,0.0,0.0,0.0,0.0,0.0,0.0,0.0,0.0,0.0,0.0,0.0,0.0,0.0,0.0,0.0,0.0,0.0,0.0,0.0,0.06018724921979493,1.8123049487293807,11.943825234061528,13.515381185911728,2.668301382077575,4.297768479776848,2.9213126407019065,nan,nan,nan,4.253491620111732,2.9139165390069928,4.341922005571031,2.928002862484785,1.0207900692788896,0.3943,0.01273,0.0,0.0,0.0,0.0,0.0,0.0,0.0,0.0,0.0,0.0,0.3945608559964334,19.84841729826123,9.716897012929115,0.04012483281319662,0.0,0.0,0.0,0.0,0.0,0.0,0.0,0.0,0.0,0.0,0.0,0.0,0.0,0.0,0.0,0.0,nan,nan,4.297768479776848,2.9213126407019065,nan,0.3943,0.0652,0.0,0.0,0.0,0.0,0.0,0.0,0.0,0.0,0.0,0.0,0.0,0.0,0.0,0.0,0.0,0.0,0.0,0.0,0.0,0.0,0.0012483281319661168,0.00018947837717342845,0.0022068658047258135,0.0005907267053053946,0.001214890771288453,0.0005572893446277307,0.00022291573785109228,0.008348194382523407,0.007712884529647793,0.0077686134641105666,0.0103878733838609,0.045374498439589836,0.04246544806063308,0.04388096299598752,0.1104881854658939,0.07368479714667855,0.06668524297815426,0.04045920641997325,0.03167632634864021,0.029893000445831475,0.07015158270173874,0.0823673651359786,0.04456085599643335,0.030227374052608114,0.022224699063753902,0.018669193045028978,0.021355327686134642,0.0322447614801605,0.042298261257244764,0.047191261703076234,0.015124832813196612,0.012806509139545253,0.013185465893892108,0.0015158270173874276,0.00562862238074008,0.0021288452964779315,0.004536335265269728,0.00032322781988408384,0.007690592955862684,0.0,1.1145786892554615e-05,0.0,5.572893446277307e-05,0.0006464556397681677,0.0,0.0,0.0,0.0,0.0,0.0,0.0,0.0,0.0,0.0,0.0,0.0,0.0,0.0,0.0,0.0,0.0,0.0,0.0,0.0,0.0,0.0,0.0,0.0,0.0,0.0,0.0,0.0,0.0,0.0,0.0,0.0,0.0,0.0,0.0,0.0,0.0,nan,nan,4.297768479776848,2.9213126407019065,nan,0.9357131307821538,0.02281591711784865,0.0,0.0,0.0,0.0,0.0,0.0,0.0,0.0,0.0,0.0,0.0,0.0,0.0,0.0,0.0,0.0,0.0,0.0,0.0,0.0,0.0,0.0,0.0,0.0,0.0,0.06396588486140727,1.8038379530916848,11.782515991471218,13.727078891258,2.622601279317698,0.9351508336220874,0.023422840075530867,0.0,0.0,0.0,0.0,0.0,0.0,0.0,0.0,0.0,0.0,0.0,0.0,0.0,0.0,0.0,0.0,0.0,0.0,0.0,0.0,0.0,0.0,0.0,0.0,0.0,0.056048575432041114,1.8215787015413363,12.120504437178893,13.283512377393745,2.718355908453994,0.394,0.01277,0.0,0.0,0.0,0.0,0.0,0.0,0.0,0.0,0.0,0.0,0.4349680170575694,20.046908315565005,9.466950959488274,0.05117270788912581,0.0,0.0,0.0,0.0,0.0,0.0,0.0,0.0,0.0,0.0,0.0,0.0,0.0,0.0,0.0,0.0,0.3945,0.01268,0.0,0.0,0.0,0.0,0.0,0.0,0.0,0.0,0.0,0.0,0.35030359645025694,19.63101354507237,9.990658570761328,0.028024287716020557,0.0,0.0,0.0,0.0,0.0,0.0,0.0,0.0,0.0,0.0,0.0,0.0,0.0,0.0,0.0,0.0
97500,4749,2467,0.5194777847967993,1123,978,0.44240892819540956,1319,0.5554853653400716,0.426,3.0486415425065734,3.120821538728462,6.544600938967136,2.1575209188421987,9434.130692108578,1520.7000511762303,7853.0,10920.876663684845,10896.692605116998,7.224842227401226,7853.0,0.0,28.138766056011793,21.26106194270109,33.34385256248422,19.443959912502248,0.14550431669825226,0.10275847546851968,0.08359654664139819,0.08865024215624343,0.07433143819751527,0.07433143819751527,0.07159401979364077,0.06253948199620973,0.06190777005685408,0.05095809644135608,0.04253527058328069,0.04190355864392504,0.03432301537165719,0.021267635291640344,0.020846493998736577,0.014108233312276269,0.008843967150979154,0.9345087539047712,0.023251841512253582,0.0,0.0,0.0,0.0,0.0,0.0,0.0,0.0,0.0,0.0,0.0,0.0,0.0,0.0,0.0,0.0,0.0,0.0,0.0,0.0,0.0,0.0,0.0,0.0,0.0,0.07580543272267846,2.109917877447884,11.876184459886295,13.493367024636768,2.444725205306381,4.35297969875573,2.871026361018849,nan,nan,nan,4.362987012987013,2.863801199720338,4.342800528401585,2.878321299727449,0.9953732421102012,0.3933,0.012695,0.0,0.0,0.0,0.0,0.0,0.0,0.0,0.0,0.0,0.0,0.45483259633607087,20.81490840176876,8.673404927353129,0.05685407454200886,0.0,0.0,0.0,0.0,0.0,0.0,0.0,0.0,0.0,0.0,0.0,0.0,0.0,0.0,0.0,0.0,nan,nan,4.35297969875573,2.871026361018849,nan,0.3933,0.065,0.0,0.0,0.0,0.0,0.0,0.0,0.0,0.0,0.0,0.0,0.0,0.0,0.0,0.0,0.0,0.0,0.0,0.0,0.0,0.0,0.0014529374605180038,0.00023162771109707308,0.002179406190777006,0.0007369972625815961,0.0008738681827753211,0.0006001263423878712,0.0001684565171615077,0.00915982312065698,0.007685828595493788,0.007601600336913034,0.011086544535691724,0.04645188460728574,0.04198778690250579,0.042566856180248476,0.11410823331227626,0.07397346809854706,0.0688039587281533,0.03842914297746894,0.034607285744367236,0.02834280901242367,0.06822488945041061,0.08278584965255843,0.04430406401347652,0.029879974731522426,0.02160454832596336,0.01891977258370183,0.020572752158349125,0.03160665403242788,0.040629606232891136,0.04867340492735313,0.015613813434407244,0.011402400505369552,0.013108022741629817,0.001463465992840598,0.005337965887555275,0.0020320067382606864,0.003895556959359865,0.0003158559696778269,0.00793851337123605,0.00011581385554853654,0.0,0.0,0.0,0.0005264266161297116,0.0,0.0,0.0,0.0,0.0,0.0,0.0,0.0,0.0,0.0,0.0,0.0,0.0,0.0,0.0,0.0,0.0,0.0,0.0,0.0,0.0,0.0,0.0,0.0,0.0,0.0,0.0,0.0,0.0,0.0,0.0,0.0,0.0,0.0,0.0,0.0,0.0,nan,nan,4.35297969875573,2.871026361018849,nan,0.9342395361493269,0.023051518474170606,0.0,0.0,0.0,0.0,0.0,0.0,0.0,0.0,0.0,0.0,0.0,0.0,0.0,0.0,0.0,0.0,0.0,0.0,0.0,0.0,0.0,0.0,0.0,0.0,0.0,0.0729631130928253,2.030806647750304,12.172679367653023,13.473854884475074,2.24969598702878,0.9347997969383738,0.023463006450328838,0.0,0.0,0.0,0.0,0.0,0.0,0.0,0.0,0.0,0.0,0.0,0.0,0.0,0.0,0.0,0.0,0.0,0.0,0.0,0.0,0.0,0.0,0.0,0.0,0.0,0.07887817703768625,2.1954425942156006,11.555652936021037,13.514460999123578,2.6555652936021037,0.393,0.0128,0.0,0.0,0.0,0.0,0.0,0.0,0.0,0.0,0.0,0.0,0.5107417916497772,20.867450344548004,8.585326307255778,0.03648155654641265,0.0,0.0,0.0,0.0,0.0,0.0,0.0,0.0,0.0,0.0,0.0,0.0,0.0,0.0,0.0,0.0,0.3938,0.012566,0.0,0.0,0.0,0.0,0.0,0.0,0.0,0.0,0.0,0.0,0.3943908851884313,20.75810692375107,8.76862401402279,0.07887817703768625,0.0,0.0,0.0,0.0,0.0,0.0,0.0,0.0,0.0,0.0,0.0,0.0,0.0,0.0,0.0,0.0
97600,4848,2512,0.5181518151815182,1169,991,0.44554455445544555,1366,0.5635313531353136,0.426,2.9178082191780823,3.0652311122392213,6.4984227129337535,2.091932235390333,9430.486521944256,1521.229932826704,7853.0,10923.947977423668,10897.448510503882,7.317304020794954,7853.0,0.0,27.910272277227723,20.87220450462674,32.90671917302486,19.105621463084262,0.14067656765676567,0.09612211221122112,0.09653465346534654,0.08622112211221122,0.08188943894389439,0.07858910891089109,0.0688943894389439,0.058787128712871284,0.057136963696369635,0.05094884488448845,0.04682343234323432,0.04249174917491749,0.03444719471947195,0.025371287128712873,0.01712046204620462,0.011963696369636964,0.005981848184818482,0.9362404528673333,0.023650885259604664,0.0,0.0,0.0,0.0,0.0,0.0,0.0,0.0,0.0,0.0,0.0,0.0,0.0,0.0,0.0,0.0,0.0,0.0,0.0,0.0,0.0,0.0,0.0,0.0,0.0,0.05569306930693071,1.9245049504950498,11.509900990099013,13.446782178217825,3.0631188118811887,4.216905901116427,2.8785354234623997,nan,nan,nan,4.258741258741258,2.8985486764166057,4.174775928297055,2.8576207356144896,0.9802840028677814,0.394,0.0127,0.0,0.0,0.0,0.0,0.0,0.0,0.0,0.0,0.0,0.0,0.4641089108910892,19.99381188118809,9.52351485148515,0.018564356435643567,0.0,0.0,0.0,0.0,0.0,0.0,0.0,0.0,0.0,0.0,0.0,0.0,0.0,0.0,0.0,0.0,nan,nan,4.216905901116427,2.8785354234623997,nan,0.394,0.0652,0.0,0.0,0.0,0.0,0.0,0.0,0.0,0.0,0.0,0.0,0.0,0.0,0.0,0.0,0.0,0.0,0.0,0.0,0.0,0.0,0.0017636138613861387,0.00023721122112211221,0.002176155115511551,0.0008457095709570957,0.0013510726072607261,0.0006394389438943894,0.00024752475247524753,0.0090243399339934,0.007673267326732673,0.007549504950495049,0.01104579207920792,0.04584364686468647,0.0420276402640264,0.039026402640264024,0.11256188118811881,0.07320544554455445,0.06817244224422442,0.03823226072607261,0.03632425742574257,0.028424092409240924,0.06716171617161716,0.08343646864686469,0.04578176567656766,0.030971534653465346,0.021947194719471947,0.018873762376237623,0.021658415841584157,0.031146864686468646,0.0416460396039604,0.048762376237623764,0.016718234323432342,0.010076320132013202,0.013077557755775578,0.001742986798679868,0.00591996699669967,0.002073019801980198,0.0036716171617161716,0.0002268976897689769,0.008116749174917491,0.00016501650165016502,0.0,0.0,0.0,0.0004537953795379538,0.0,0.0,0.0,0.0,0.0,0.0,0.0,0.0,0.0,0.0,0.0,0.0,0.0,0.0,0.0,0.0,0.0,0.0,0.0,0.0,0.0,0.0,0.0,0.0,0.0,0.0,0.0,0.0,0.0,0.0,0.0,0.0,0.0,0.0,0.0,0.0,0.0,nan,nan,4.216905901116427,2.8785354234623997,nan,0.9362219823109117,0.02329279228564463,0.0,0.0,0.0,0.0,0.0,0.0,0.0,0.0,0.0,0.0,0.0,0.0,0.0,0.0,0.0,0.0,0.0,0.0,0.0,0.0,0.0,0.0,0.0,0.0,0.0,0.05971337579617836,1.7675159235668794,11.584394904458602,13.662420382165609,2.9259554140127397,0.9362603150410195,0.024029988249959385,0.0,0.0,0.0,0.0,0.0,0.0,0.0,0.0,0.0,0.0,0.0,0.0,0.0,0.0,0.0,0.0,0.0,0.0,0.0,0.0,0.0,0.0,0.0,0.0,0.0,0.05136986301369864,2.0933219178082196,11.429794520547949,13.214897260273975,3.210616438356165,0.3938,0.01253,0.0,0.0,0.0,0.0,0.0,0.0,0.0,0.0,0.0,0.0,0.5493630573248408,19.980095541401244,9.43471337579618,0.03582802547770701,0.0,0.0,0.0,0.0,0.0,0.0,0.0,0.0,0.0,0.0,0.0,0.0,0.0,0.0,0.0,0.0,0.394,0.01289,0.0,0.0,0.0,0.0,0.0,0.0,0.0,0.0,0.0,0.0,0.37243150684931514,20.008561643835588,9.61900684931507,0.0,0.0,0.0,0.0,0.0,0.0,0.0,0.0,0.0,0.0,0.0,0.0,0.0,0.0,0.0,0.0,0.0
97700,4888,2551,0.5218903436988543,1226,978,0.4509001636661211,1367,0.559328968903437,0.418,3.0479246897732137,3.1452249627356395,6.6159527326440175,2.1727966684921767,9441.861840613186,1520.767908971512,7853.0,10921.076275467873,10897.436172840946,7.392433921029378,7853.0,0.0,28.386865793780686,21.045239230486413,33.23486682808716,19.288859266694658,0.13727495908346973,0.09513093289689034,0.09779050736497545,0.08449263502454991,0.07958265139116202,0.07405891980360066,0.0630114566284779,0.06485270049099837,0.0619885433715221,0.05564648117839607,0.04828150572831424,0.04091653027823241,0.03273322422258593,0.02618657937806874,0.017798690671031098,0.012274959083469721,0.007978723404255319,0.9361995185211716,0.02335864344033713,0.0,0.0,0.0,0.0,0.0,0.0,0.0,0.0,0.0,0.0,0.0,0.0,0.0,0.0,0.0,0.0,0.0,0.0,0.0,0.0,0.0,0.0,0.0,0.0,0.0,0.030687397708674312,1.687806873977087,11.980360065466451,13.263093289689037,3.0380523731587568,4.233238904627006,2.894111219677611,nan,nan,nan,4.2390615091946735,2.878745258252452,4.2275,2.9091654731211145,0.9972726252804787,0.3938,0.01253,0.0,0.0,0.0,0.0,0.0,0.0,0.0,0.0,0.0,0.0,0.4725859247135844,20.38870703764318,9.1018821603928,0.03682487725040917,0.0,0.0,0.0,0.0,0.0,0.0,0.0,0.0,0.0,0.0,0.0,0.0,0.0,0.0,0.0,0.0,nan,nan,4.233238904627006,2.894111219677611,nan,0.3938,0.0651,0.0,0.0,0.0,0.0,0.0,0.0,0.0,0.0,0.0,0.0,0.0,0.0,0.0,0.0,0.0,0.0,0.0,0.0,0.0,0.0,0.0012786415711947628,0.00029664484451718496,0.0018310147299509002,0.0007160392798690671,0.001002454991816694,0.0009206219312602291,0.00037847790507364976,0.008213993453355155,0.008715220949263502,0.007722995090016367,0.012193126022913257,0.04619476268412439,0.04112111292962357,0.041366612111292965,0.11438216039279869,0.0708981178396072,0.06737929623567922,0.04073240589198036,0.036180441898527003,0.026002454991816693,0.06889320785597382,0.07927577741407528,0.04730973813420622,0.03185351882160393,0.021624386252045828,0.017900981996726677,0.021931260229132568,0.030789689034369884,0.041458674304418984,0.047995090016366614,0.017225859247135843,0.01114975450081833,0.011906710310965631,0.002649345335515548,0.0062909165302782325,0.0021583469721767595,0.0037029459901800326,0.00013297872340425532,0.007508183306055647,0.00021481178396072013,0.0,0.0,0.0,0.000501227495908347,0.0,0.0,0.0,0.0,0.0,0.0,0.0,0.0,0.0,0.0,0.0,0.0,0.0,0.0,0.0,0.0,0.0,0.0,0.0,0.0,0.0,0.0,0.0,0.0,0.0,0.0,0.0,0.0,0.0,0.0,0.0,0.0,0.0,0.0,0.0,0.0,0.0,nan,nan,4.233238904627006,2.894111219677611,nan,0.936303501337568,0.023418902141613743,0.0,0.0,0.0,0.0,0.0,0.0,0.0,0.0,0.0,0.0,0.0,0.0,0.0,0.0,0.0,0.0,0.0,0.0,0.0,0.0,0.0,0.0,0.0,0.0,0.0,0.035280282242257946,1.705213641709134,12.018816150529208,13.147785182281462,3.0929047432379466,0.9360860139577879,0.023292158959665726,0.0,0.0,0.0,0.0,0.0,0.0,0.0,0.0,0.0,0.0,0.0,0.0,0.0,0.0,0.0,0.0,0.0,0.0,0.0,0.0,0.0,0.0,0.0,0.0,0.0,0.02567394094993582,1.6688061617458283,11.938382541720157,13.38896020539153,2.9781771501925554,0.3938,0.01255,0.0,0.0,0.0,0.0,0.0,0.0,0.0,0.0,0.0,0.0,0.5292042336338691,20.34496275970205,9.078792630341043,0.04704037632301059,0.0,0.0,0.0,0.0,0.0,0.0,0.0,0.0,0.0,0.0,0.0,0.0,0.0,0.0,0.0,0.0,0.3938,0.012505,0.0,0.0,0.0,0.0,0.0,0.0,0.0,0.0,0.0,0.0,0.4107830551989731,20.43645699614888,9.127086007702184,0.02567394094993582,0.0,0.0,0.0,0.0,0.0,0.0,0.0,0.0,0.0,0.0,0.0,0.0,0.0,0.0,0.0,0.0
97800,4923,2518,0.511476741824091,1148,1009,0.43814747105423524,1365,0.5545399146861669,0.422,2.9513513513513514,3.1117314142168095,6.581570996978852,2.2030928432036494,9410.022841085258,1521.6938853941513,7853.0,10925.128213047981,10897.171344981225,7.411052429446171,7853.0,0.0,27.630306723542557,20.94550137078466,32.60616355253579,19.273707678574645,0.14015843997562463,0.10501726589477961,0.09384521633150518,0.09262644728823888,0.07759496242128783,0.07698557789965468,0.06784481007515743,0.06378224659760309,0.053828966077594964,0.04875076173065204,0.044485070079219986,0.03656307129798903,0.03757871216737761,0.024578509039203736,0.017875279301239083,0.011172049563274427,0.007312614259597806,0.9350547237583178,0.023511894356813338,0.0,0.0,0.0,0.0,0.0,0.0,0.0,0.0,0.0,0.0,0.0,0.0,0.0,0.0,0.0,0.0,0.0,0.0,0.0,0.0,0.0,0.0,0.0,0.0,0.0,0.03046922608165753,2.1633150517976847,11.803778184034128,13.339427178549668,2.6630103595368686,4.304654895666132,2.9054596586312287,nan,nan,nan,4.3313953488372094,2.9512615208804402,4.276500638569604,2.8593325078564935,0.9873263219247944,0.394,0.01236,0.0,0.0,0.0,0.0,0.0,0.0,0.0,0.0,0.0,0.0,0.3839122486288849,20.08531383302861,9.494210847044487,0.03656307129798904,0.0,0.0,0.0,0.0,0.0,0.0,0.0,0.0,0.0,0.0,0.0,0.0,0.0,0.0,0.0,0.0,nan,nan,4.304654895666132,2.9054596586312287,nan,0.394,0.0648,0.0,0.0,0.0,0.0,0.0,0.0,0.0,0.0,0.0,0.0,0.0,0.0,0.0,0.0,0.0,0.0,0.0,0.0,0.0,0.0,0.0011476741824091002,0.00018281535648994517,0.0016554946171033922,0.0005687588868576071,0.0009242331911436116,0.0005484460694698354,0.0003554743042860045,0.00735323989437335,0.008409506398537478,0.008064188502945359,0.012421287832622386,0.04572415193987406,0.042555352427381676,0.04267722933170831,0.11144627259800935,0.06861669713589275,0.06760105626650416,0.041275644931952064,0.03466382287223238,0.027178549664838514,0.07326833231769246,0.07889498273410522,0.04974608978265285,0.032053625837903714,0.018819825309770465,0.016971358927483242,0.02213081454397725,0.032287223237863094,0.040615478366849485,0.04758277473085517,0.01860654072719886,0.010938452163315052,0.011568149502335975,0.0030469226081657527,0.005748527320739386,0.0019601868779199677,0.0036359943124111313,8.125126955108673e-05,0.0079626244160065,0.00023359739995937437,0.0,4.0625634775543366e-05,1.0156408693885841e-05,0.0004265691651432054,0.0,0.0,0.0,0.0,0.0,0.0,0.0,0.0,0.0,0.0,0.0,0.0,0.0,0.0,0.0,0.0,0.0,0.0,0.0,0.0,0.0,0.0,0.0,0.0,0.0,0.0,0.0,0.0,0.0,0.0,0.0,0.0,0.0,0.0,0.0,0.0,0.0,nan,nan,4.304654895666132,2.9054596586312287,nan,0.9349362316872034,0.023564122424285946,0.0,0.0,0.0,0.0,0.0,0.0,0.0,0.0,0.0,0.0,0.0,0.0,0.0,0.0,0.0,0.0,0.0,0.0,0.0,0.0,0.0,0.0,0.0,0.0,0.0,0.035742652899126294,2.323272438443209,11.35424940428912,13.796664019062751,2.490071485305799,0.9351787832323578,0.023456446308605487,0.0,0.0,0.0,0.0,0.0,0.0,0.0,0.0,0.0,0.0,0.0,0.0,0.0,0.0,0.0,0.0,0.0,0.0,0.0,0.0,0.0,0.0,0.0,0.0,0.0,0.024948024948024953,1.9958419958419962,12.274428274428278,12.860706860706864,2.8440748440748447,0.3943,0.01241,0.0,0.0,0.0,0.0,0.0,0.0,0.0,0.0,0.0,0.0,0.4169976171564735,20.003971405877653,9.54328832406672,0.035742652899126294,0.0,0.0,0.0,0.0,0.0,0.0,0.0,0.0,0.0,0.0,0.0,0.0,0.0,0.0,0.0,0.0,0.394,0.01231,0.0,0.0,0.0,0.0,0.0,0.0,0.0,0.0,0.0,0.0,0.34927234927234935,20.17047817047814,9.442827442827443,0.03742203742203743,0.0,0.0,0.0,0.0,0.0,0.0,0.0,0.0,0.0,0.0,0.0,0.0,0.0,0.0,0.0,0.0
97900,4877,2494,0.511379946688538,1139,1011,0.44084478162805,1408,0.5774041418905065,0.41,2.951741502308015,3.0419814224816064,6.4723032069970845,2.076866107708515,9409.785974189252,1521.7571480913925,7853.0,10926.030346035957,10897.284360914586,7.424998424407709,7853.0,0.0,28.15050235800697,20.952671954181042,33.11246645523298,19.167391910556734,0.13819971293828173,0.10272708632355956,0.09329505843756408,0.08160754562230879,0.07320073815870412,0.08447816280500307,0.06827968013122822,0.0584375640762764,0.058027475907320075,0.05741234365388558,0.047980315767890094,0.03998359647324175,0.035267582530244,0.023785113799466885,0.02132458478572893,0.009226983801517326,0.006766454787779373,0.9348074456133363,0.0232430812895759,0.0,0.0,0.0,0.0,0.0,0.0,0.0,0.0,0.0,0.0,0.0,0.0,0.0,0.0,0.0,0.0,0.0,0.0,0.0,0.0,0.0,0.0,0.0,0.0,0.0,0.024605290137379544,1.9868771785933979,12.321099036292805,13.059257740414193,2.6081607545622316,4.2839427662957075,2.834235349963347,nan,nan,nan,4.362235067437379,2.8745667258300687,4.2071788413098234,2.791995368330959,0.9644548668903704,0.3943,0.012726,0.0,0.0,0.0,0.0,0.0,0.0,0.0,0.0,0.0,0.0,0.375230674595038,20.004100881689535,9.57145786344064,0.04921058027475909,0.0,0.0,0.0,0.0,0.0,0.0,0.0,0.0,0.0,0.0,0.0,0.0,0.0,0.0,0.0,0.0,nan,nan,4.2839427662957075,2.834235349963347,nan,0.3943,0.06445,0.0,0.0,0.0,0.0,0.0,0.0,0.0,0.0,0.0,0.0,0.0,0.0,0.0,0.0,0.0,0.0,0.0,0.0,0.0,0.0,0.0012200123026450686,0.00015378306335862212,0.0018043879434078327,0.00039983596473241746,0.0008919417674800082,0.0005741234365388559,0.0006253844576583965,0.0075558745130203,0.007248308386303055,0.007719909780602829,0.012917777322124256,0.04649374615542341,0.0400451096985852,0.04279270043059258,0.11369694484314127,0.06953044904654501,0.06400451096985851,0.039378716424031165,0.03487799876973549,0.026768505228624156,0.07477957760918598,0.07953660036907935,0.052962887020709455,0.03370924748820996,0.018156653680541316,0.01874102932130408,0.0220422390814025,0.033032602009432026,0.040998564691408654,0.04300799671929465,0.02018659011687513,0.010436743899938487,0.010785318843551363,0.0028808693869181875,0.005792495386508099,0.0023785113799466885,0.0034960016403526757,0.0002768095140455198,0.007453352470781218,0.00044084478162805,0.0,1.0252204223908141e-05,4.1008816895632564e-05,0.00015378306335862212,0.0,0.0,0.0,0.0,0.0,0.0,0.0,0.0,0.0,0.0,0.0,0.0,0.0,0.0,0.0,0.0,0.0,0.0,0.0,0.0,0.0,0.0,0.0,0.0,0.0,0.0,0.0,0.0,0.0,0.0,0.0,0.0,0.0,0.0,0.0,0.0,0.0,nan,nan,4.2839427662957075,2.834235349963347,nan,0.9351030589583977,0.023241455858058504,0.0,0.0,0.0,0.0,0.0,0.0,0.0,0.0,0.0,0.0,0.0,0.0,0.0,0.0,0.0,0.0,0.0,0.0,0.0,0.0,0.0,0.0,0.0,0.0,0.0,0.036086607858861273,1.98476343223737,12.125100240577389,13.207698476343227,2.6463512429831604,0.9344980626160289,0.02324075577825632,0.0,0.0,0.0,0.0,0.0,0.0,0.0,0.0,0.0,0.0,0.0,0.0,0.0,0.0,0.0,0.0,0.0,0.0,0.0,0.0,0.0,0.0,0.0,0.0,0.0,0.012589173310952584,1.989089383130508,12.52622744439782,12.903902643726399,2.568191355434327,0.3945,0.01289,0.0,0.0,0.0,0.0,0.0,0.0,0.0,0.0,0.0,0.0,0.34883720930232565,19.775461106655946,9.827586206896553,0.04811547714514837,0.0,0.0,0.0,0.0,0.0,0.0,0.0,0.0,0.0,0.0,0.0,0.0,0.0,0.0,0.0,0.0,0.394,0.01256,0.0,0.0,0.0,0.0,0.0,0.0,0.0,0.0,0.0,0.0,0.40285354595048267,20.243390684011718,9.303399076793958,0.050356693243810334,0.0,0.0,0.0,0.0,0.0,0.0,0.0,0.0,0.0,0.0,0.0,0.0,0.0,0.0,0.0,0.0
98000,4745,2463,0.519072708113804,1167,933,0.44257112750263433,1325,0.5584826132771338,0.418,2.9693251533742333,3.1057785023232922,6.535660091047041,2.198051277864553,9433.147945371142,1520.9886704651908,7853.0,10920.421799778938,10897.174584159995,7.324902959636491,7853.0,0.0,28.151527924130665,21.034409319767395,33.189243528524756,19.23046101155715,0.1409905163329821,0.10221285563751317,0.08724973656480506,0.08429926238145416,0.0779768177028451,0.08050579557428872,0.07060063224446786,0.05922023182297155,0.06006322444678609,0.05184404636459431,0.045732349841938885,0.03856691253951528,0.03709167544783983,0.025922023182297155,0.020021074815595362,0.011801896733403582,0.005900948366701791,0.9341085751516425,0.022911012168350606,0.0,0.0,0.0,0.0,0.0,0.0,0.0,0.0,0.0,0.0,0.0,0.0,0.0,0.0,0.0,0.0,0.0,0.0,0.0,0.0,0.0,0.0,0.0,0.0,0.0,0.06322444678609064,1.9599578503688098,12.651211801896736,12.916754478398317,2.408851422550053,4.193947282785552,2.884274464451494,nan,nan,nan,4.147530468248878,2.872093504455249,4.243225380039656,2.8963697518939675,1.023072744738915,0.3945,0.01254,0.0,0.0,0.0,0.0,0.0,0.0,0.0,0.0,0.0,0.0,0.34141201264488946,19.991570073761828,9.610115911485776,0.05690200210748157,0.0,0.0,0.0,0.0,0.0,0.0,0.0,0.0,0.0,0.0,0.0,0.0,0.0,0.0,0.0,0.0,nan,nan,4.193947282785552,2.884274464451494,nan,0.3945,0.06464,0.0,0.0,0.0,0.0,0.0,0.0,0.0,0.0,0.0,0.0,0.0,0.0,0.0,0.0,0.0,0.0,0.0,0.0,0.0,0.0,0.0014014752370916754,1.053740779768177e-05,0.0012223393045310853,0.0003371970495258166,0.0006743940990516333,0.0006849315068493151,0.0004320337197049526,0.008840885142255006,0.006533192834562698,0.00838777660695469,0.011917808219178082,0.04810326659641728,0.041717597471022126,0.04332982086406744,0.10625922023182297,0.07290832455216018,0.0630663856691254,0.03732349841938883,0.03707060063224447,0.028103266596417282,0.07556375131717598,0.0762381454162276,0.0510432033719705,0.03525816649104321,0.01833508956796628,0.020758693361433087,0.020916754478398313,0.034488935721812435,0.041454162276080085,0.044067439409905165,0.018113804004214962,0.011022128556375133,0.010600632244467861,0.0029610115911485775,0.006301369863013699,0.0027291886195995787,0.0034984193888303477,0.00015806111696522654,0.007175974710221285,0.0006322444678609062,0.0,3.161222339304531e-05,9.483667017913593e-05,0.00023182297154899896,0.0,0.0,0.0,0.0,0.0,0.0,0.0,0.0,0.0,0.0,0.0,0.0,0.0,0.0,0.0,0.0,0.0,0.0,0.0,0.0,0.0,0.0,0.0,0.0,0.0,0.0,0.0,0.0,0.0,0.0,0.0,0.0,0.0,0.0,0.0,0.0,0.0,nan,nan,4.193947282785552,2.884274464451494,nan,0.934422671335091,0.023344985657821806,0.0,0.0,0.0,0.0,0.0,0.0,0.0,0.0,0.0,0.0,0.0,0.0,0.0,0.0,0.0,0.0,0.0,0.0,0.0,0.0,0.0,0.0,0.0,0.0,0.0,0.06090133982947626,2.082825822168088,12.277710109622415,13.03288672350792,2.545676004872108,0.9337695659930825,0.022428263545752863,0.0,0.0,0.0,0.0,0.0,0.0,0.0,0.0,0.0,0.0,0.0,0.0,0.0,0.0,0.0,0.0,0.0,0.0,0.0,0.0,0.0,0.0,0.0,0.0,0.0,0.06573181419807188,1.8273444347063983,13.054338299737076,12.79141104294479,2.2611744084136727,0.3948,0.0125,0.0,0.0,0.0,0.0,0.0,0.0,0.0,0.0,0.0,0.0,0.37758830694275286,19.914738124238703,9.671132764920829,0.036540803897685756,0.0,0.0,0.0,0.0,0.0,0.0,0.0,0.0,0.0,0.0,0.0,0.0,0.0,0.0,0.0,0.0,0.3943,0.01258,0.0,0.0,0.0,0.0,0.0,0.0,0.0,0.0,0.0,0.0,0.30236634531113066,20.07449605609112,9.544259421560037,0.07887817703768625,0.0,0.0,0.0,0.0,0.0,0.0,0.0,0.0,0.0,0.0,0.0,0.0,0.0,0.0,0.0,0.0
98100,4809,2477,0.5150758993553753,1143,1007,0.44707839467664795,1333,0.5543772093990434,0.41,2.9832761578044598,3.15863784571371,6.8420221169036335,2.0676559110102164,9420.968451835826,1521.3918573594833,7853.0,10920.01729285717,10897.15029668086,7.189235082227185,7853.0,0.0,27.409856519026825,20.770634316424548,32.50936797401948,19.0387038815967,0.14348097317529632,0.10313994593470575,0.09544603867747972,0.0858806404657933,0.08484092326887087,0.07860262008733625,0.06383863589103764,0.06529423996672905,0.054481181118735705,0.049282595134123516,0.044084009149511334,0.043252235391973384,0.029735911831981703,0.022042004574755667,0.019754626741526306,0.010605115408608859,0.006238303181534623,0.9349642726159884,0.02295695535459046,0.0,0.0,0.0,0.0,0.0,0.0,0.0,0.0,0.0,0.0,0.0,0.0,0.0,0.0,0.0,0.0,0.0,0.0,0.0,0.0,0.0,0.0,0.0,0.0,0.0,0.03742981908920774,1.9775421085464757,12.014971927635687,13.574547723019341,2.3955084217092955,4.319385420071919,2.8986904216172955,nan,nan,nan,4.418725617685306,2.923197732267099,4.21578947368421,2.868524865335333,0.954073603667792,0.3938,0.01247,0.0,0.0,0.0,0.0,0.0,0.0,0.0,0.0,0.0,0.0,0.38053649407361206,20.180910792264473,9.419837804117282,0.01871490954460387,0.0,0.0,0.0,0.0,0.0,0.0,0.0,0.0,0.0,0.0,0.0,0.0,0.0,0.0,0.0,0.0,nan,nan,4.319385420071919,2.8986904216172955,nan,0.3938,0.06445,0.0,0.0,0.0,0.0,0.0,0.0,0.0,0.0,0.0,0.0,0.0,0.0,0.0,0.0,0.0,0.0,0.0,0.0,0.0,0.0,0.0014244125597837388,2.079434393844874e-05,0.0011644832605531296,0.00031191515907673113,0.0005406529423996673,0.0004574755666458723,0.0002911208151382824,0.008868787689748388,0.0058744021626117695,0.0086608442503639,0.012871698897899771,0.04832605531295488,0.04464545643584945,0.041380744437512995,0.10777708463297983,0.0750467872738615,0.06370347265543772,0.03672281139530048,0.039124558120191305,0.026148887502599295,0.07489082969432315,0.07567061759201497,0.05264088168018299,0.03380120607194843,0.01786234144312747,0.01998336452484924,0.02116864212934082,0.035256810147639844,0.03950925348305261,0.04272197962154294,0.017903930131004366,0.010969016427531711,0.010220420045747556,0.0030983572468288624,0.0069868995633187774,0.0026720731960906633,0.00313994593470576,0.00027032647119983364,0.006643792888334373,0.0007797878976918279,0.0,3.1191515907673116e-05,0.00016635475150758992,0.0002495321272613849,0.0,0.0,0.0,0.0,0.0,0.0,0.0,0.0,0.0,0.0,0.0,0.0,0.0,0.0,0.0,0.0,0.0,0.0,0.0,0.0,0.0,0.0,0.0,0.0,0.0,0.0,0.0,0.0,0.0,0.0,0.0,0.0,0.0,0.0,0.0,0.0,0.0,nan,nan,4.319385420071919,2.8986904216172955,nan,0.9351450724615221,0.02287619303879542,0.0,0.0,0.0,0.0,0.0,0.0,0.0,0.0,0.0,0.0,0.0,0.0,0.0,0.0,0.0,0.0,0.0,0.0,0.0,0.0,0.0,0.0,0.0,0.0,0.0,0.060557125555107,1.8409366168752528,11.953976584578122,13.794913201453374,2.3496164715381513,0.934772230927572,0.023040875595606747,0.0,0.0,0.0,0.0,0.0,0.0,0.0,0.0,0.0,0.0,0.0,0.0,0.0,0.0,0.0,0.0,0.0,0.0,0.0,0.0,0.0,0.0,0.0,0.0,0.0,0.01286449399656947,2.122641509433963,12.079759862778733,13.340480274442541,2.4442538593481995,0.3938,0.01247,0.0,0.0,0.0,0.0,0.0,0.0,0.0,0.0,0.0,0.0,0.38756560355268477,20.21396851029468,9.374243035930563,0.024222850222042798,0.0,0.0,0.0,0.0,0.0,0.0,0.0,0.0,0.0,0.0,0.0,0.0,0.0,0.0,0.0,0.0,0.3938,0.01247,0.0,0.0,0.0,0.0,0.0,0.0,0.0,0.0,0.0,0.0,0.3730703259005147,20.14579759862776,9.46826758147513,0.01286449399656947,0.0,0.0,0.0,0.0,0.0,0.0,0.0,0.0,0.0,0.0,0.0,0.0,0.0,0.0,0.0,0.0
98200,4916,2496,0.5077298616761595,1110,1041,0.4375508543531326,1424,0.5793327908868999,0.40599999999999997,2.966528925619835,3.0863796252749056,6.575624082232012,2.119885348548658,9398.700591900115,1521.995396069404,7853.0,10918.998760938644,10897.336582444297,7.35257109442606,7853.0,0.0,28.35760781122864,21.180053241261145,33.39970930232558,19.36600803876099,0.14259560618388933,0.0951993490642799,0.09296175752644427,0.08909682668836452,0.07241659886086249,0.07404393816110659,0.06672091131000814,0.06712774613506917,0.05187144019528071,0.05390561432058584,0.048413344182262,0.04414157851912124,0.03458096013018715,0.030512611879576892,0.020748576078112285,0.00854353132628153,0.007119609438567941,0.9360506526816658,0.023514382380645658,0.0,0.0,0.0,0.0,0.0,0.0,0.0,0.0,0.0,0.0,0.0,0.0,0.0,0.0,0.0,0.0,0.0,0.0,0.0,0.0,0.0,0.0,0.0,0.0,0.0,0.05492270138323842,1.8124491456468677,11.832790886899922,13.40724165988609,2.8925956061838902,4.298361688720857,2.828118081746967,nan,nan,nan,4.313253012048193,2.8484499463831585,4.283656856606137,2.807818880438322,0.9931383215036573,0.3936,0.012505,0.0,0.0,0.0,0.0,0.0,0.0,0.0,0.0,0.0,0.0,0.40886899918633046,20.425142392188743,9.147681041497153,0.018307567127746137,0.0,0.0,0.0,0.0,0.0,0.0,0.0,0.0,0.0,0.0,0.0,0.0,0.0,0.0,0.0,0.0,nan,nan,4.298361688720857,2.828118081746967,nan,0.3936,0.0637,0.0,0.0,0.0,0.0,0.0,0.0,0.0,0.0,0.0,0.0,0.0,0.0,0.0,0.0,0.0,0.0,0.0,0.0,1.017087062652563e-05,0.0,0.0010272579332790887,0.0,0.0009662327095199349,0.000386493083807974,0.0006204231082180635,0.0002949552481692433,0.0001322213181448332,0.010069161920260375,0.006102522375915379,0.0077502034174125305,0.012906834825061025,0.04469080553295362,0.04398901545972335,0.04078519121236778,0.11001830756712774,0.07514239218877136,0.06827705451586656,0.03570992676973149,0.041486981285598044,0.026942636289666394,0.07349471114727421,0.07803091944670464,0.052919039869812855,0.03298413344182262,0.019406021155410902,0.01934499593165175,0.0205960130187144,0.03254678600488202,0.03922904800650936,0.042290480065093575,0.017473555736371032,0.011625305126118795,0.010455655004068348,0.002888527257933279,0.006946704637917005,0.002044344995931652,0.002339300244100895,9.153783563873067e-05,0.0068653376729048005,0.0006407648494711147,2.034174125305126e-05,2.034174125305126e-05,0.0002034174125305126,0.00023393002441008951,0.0,0.0,0.0,0.0,0.0,0.0,0.0,0.0,0.0,0.0,0.0,0.0,0.0,0.0,0.0,0.0,0.0,0.0,0.0,0.0,0.0,0.0,0.0,0.0,0.0,0.0,0.0,0.0,0.0,0.0,0.0,0.0,0.0,0.0,0.0,0.0,0.0,nan,nan,4.298361688720857,2.828118081746967,nan,0.9361471439449068,0.023750459057566183,0.0,0.0,0.0,0.0,0.0,0.0,0.0,0.0,0.0,0.0,0.0,0.0,0.0,0.0,0.0,0.0,0.0,0.0,0.0,0.0,0.0,0.0,0.0,0.0,0.0,0.04807692307692309,1.9711538461538465,11.538461538461542,13.55769230769231,2.8846153846153855,0.9359511311142897,0.0232679634697407,0.0,0.0,0.0,0.0,0.0,0.0,0.0,0.0,0.0,0.0,0.0,0.0,0.0,0.0,0.0,0.0,0.0,0.0,0.0,0.0,0.0,0.0,0.0,0.0,0.0,0.061983471074380174,1.6487603305785128,12.13636363636364,13.252066115702481,2.9008264462809925,0.3936,0.01253,0.0,0.0,0.0,0.0,0.0,0.0,0.0,0.0,0.0,0.0,0.42067307692307704,20.50480769230766,9.05048076923077,0.024038461538461543,0.0,0.0,0.0,0.0,0.0,0.0,0.0,0.0,0.0,0.0,0.0,0.0,0.0,0.0,0.0,0.0,0.3936,0.012474,0.0,0.0,0.0,0.0,0.0,0.0,0.0,0.0,0.0,0.0,0.3966942148760331,20.34297520661154,9.247933884297522,0.012396694214876035,0.0,0.0,0.0,0.0,0.0,0.0,0.0,0.0,0.0,0.0,0.0,0.0,0.0,0.0,0.0,0.0
98300,4899,2546,0.5196978975301082,1188,1026,0.4519289650949173,1400,0.5715452133088386,0.40199999999999997,2.985550361240969,3.023460380078294,6.290510948905109,2.215798721117931,9435.186889512584,1521.0454675480346,7853.0,10924.112124681473,10897.435809788747,7.3719715544956905,7853.0,0.0,27.856909573382325,20.704487186926286,32.74320388349515,18.946605542412886,0.1388038375178608,0.10063278220044908,0.09124311083894672,0.08961012451520718,0.08205756276791182,0.0708307817922025,0.07001428863033272,0.06531945294958155,0.06062461726883037,0.05286793223106757,0.04409063074096754,0.04368238416003266,0.032659726474790776,0.024290671565625636,0.015513370075525617,0.01143090426617677,0.006327822004490713,0.9361416110702377,0.02359588278292006,0.0,0.0,0.0,0.0,0.0,0.0,0.0,0.0,0.0,0.0,0.0,0.0,0.0,0.0,0.0,0.0,0.0,0.0,0.0,0.0,0.0,0.0,0.0,0.0,0.0,0.0428658909981629,1.9473361910594003,11.469687691365587,13.680342927127988,2.8597672994488677,4.2051201011378,2.8041799357384267,nan,nan,nan,4.182051282051282,2.800446099524951,4.230193387398628,2.8065135272160373,1.0115116009107692,0.3936,0.012215,0.0,0.0,0.0,0.0,0.0,0.0,0.0,0.0,0.0,0.0,0.293937538273117,20.777709736680926,8.897734231475813,0.030618493570116357,0.0,0.0,0.0,0.0,0.0,0.0,0.0,0.0,0.0,0.0,0.0,0.0,0.0,0.0,0.0,0.0,nan,nan,4.2051201011378,2.8041799357384267,nan,0.3936,0.06384,0.0,0.0,0.0,0.0,0.0,0.0,0.0,0.0,0.0,0.0,0.0,0.0,0.0,0.0,0.0,0.0,0.0,0.0,0.0,0.0,0.0011022657685241886,0.0,0.0006838130230659318,0.0007654623392529087,0.0007042253521126761,0.00039804041641151253,0.00015309246785058175,0.010012247397428047,0.0061339048785466425,0.007103490508266993,0.01176770769544805,0.042927127985303126,0.044039599918350686,0.039508062869973465,0.11312512757705655,0.07665850173504797,0.06911614615227597,0.03720146968769136,0.04027352520922637,0.02743417023882425,0.07307613798734436,0.07561747295366401,0.05429679526433966,0.032914880587875076,0.018871198203715044,0.02063686466625842,0.019371300265360276,0.03143498673198612,0.041018575219432536,0.043835476627883244,0.014615227597468871,0.01200244947948561,0.009604000816493163,0.002275974688711982,0.007001428863033272,0.0027148397632169832,0.0025719534598897735,8.164931618697693e-05,0.0074198816084915286,0.0007450500102061645,0.00022453561951418658,0.0,0.00037762808736476833,0.00018371096142069811,0.0,0.0,0.0,0.0,0.0,0.0,0.0,0.0,0.0,0.0,0.0,0.0,0.0,0.0,0.0,0.0,0.0,0.0,0.0,0.0,0.0,0.0,0.0,0.0,0.0,0.0,0.0,0.0,0.0,0.0,0.0,0.0,0.0,0.0,0.0,0.0,0.0,nan,nan,4.2051201011378,2.8041799357384267,nan,0.9362947955809516,0.02349325231677258,0.0,0.0,0.0,0.0,0.0,0.0,0.0,0.0,0.0,0.0,0.0,0.0,0.0,0.0,0.0,0.0,0.0,0.0,0.0,0.0,0.0,0.0,0.0,0.0,0.0,0.04713275726630009,1.9442262372348786,11.370777690494897,13.821681068342501,2.8161822466614304,0.9359758619141487,0.023705315860901414,0.0,0.0,0.0,0.0,0.0,0.0,0.0,0.0,0.0,0.0,0.0,0.0,0.0,0.0,0.0,0.0,0.0,0.0,0.0,0.0,0.0,0.0,0.0,0.0,0.0,0.03824904377390566,1.9507012324691886,11.576710582235448,13.527411814704635,2.9069273268168305,0.3938,0.01225,0.0,0.0,0.0,0.0,0.0,0.0,0.0,0.0,0.0,0.0,0.29457973291437556,20.632364493322832,9.025923016496467,0.04713275726630009,0.0,0.0,0.0,0.0,0.0,0.0,0.0,0.0,0.0,0.0,0.0,0.0,0.0,0.0,0.0,0.0,0.3936,0.01218,0.0,0.0,0.0,0.0,0.0,0.0,0.0,0.0,0.0,0.0,0.2932426689332767,20.93497662558433,8.759031024224395,0.012749681257968553,0.0,0.0,0.0,0.0,0.0,0.0,0.0,0.0,0.0,0.0,0.0,0.0,0.0,0.0,0.0,0.0
98400,4817,2523,0.5237699813161719,1198,989,0.454017023043388,1326,0.5505501349387586,0.43,3.059285091543156,3.194230933846244,6.769475357710652,2.1939264069885,9447.396245122067,1520.3269935596038,7853.0,10923.359576702118,10897.077175090368,7.355273265436973,7853.0,0.0,27.54183101515466,20.60589303340328,32.550757011665425,18.806422479589063,0.14552626115839734,0.091965953913224,0.09445713099439486,0.08988997301224828,0.07992526468756488,0.07888727423707702,0.07224413535395474,0.06622379074112518,0.057504670957027194,0.05086153207390492,0.04546398173136807,0.03840564666805065,0.03217770396512352,0.021175005189952252,0.01681544529790326,0.012248287315756695,0.006227942702927133,0.9360643614617923,0.02341405352381679,0.0,0.0,0.0,0.0,0.0,0.0,0.0,0.0,0.0,0.0,0.0,0.0,0.0,0.0,0.0,0.0,0.0,0.0,0.0,0.0,0.0,0.0,0.0,0.0,0.0,0.03113971351463567,1.8932945816898488,11.714760224205941,13.502179779946028,2.8586257006435547,4.273606187560425,2.953103664381215,nan,nan,nan,4.2099805573558005,2.93987781955625,4.338678640153945,2.964530286422116,1.0305697570439558,0.393,0.01252,0.0,0.0,0.0,0.0,0.0,0.0,0.0,0.0,0.0,0.0,0.4982354162341707,20.994394851567336,8.482457961386757,0.024911770811708537,0.0,0.0,0.0,0.0,0.0,0.0,0.0,0.0,0.0,0.0,0.0,0.0,0.0,0.0,0.0,0.0,nan,nan,4.273606187560425,2.953103664381215,nan,0.393,0.06366,0.0,0.0,0.0,0.0,0.0,0.0,0.0,0.0,0.0,0.0,0.0,0.0,0.0,0.0,0.0,0.0,0.0,0.0,0.0,0.0,0.0009341914054390699,0.0,0.00038405646668050655,0.0007992526468756487,0.0007784928378658917,0.0004878555117292921,7.265933153414989e-05,0.010120406892256592,0.006186423084907619,0.007016815445297904,0.012964500726593315,0.04559892048993149,0.041903674486194725,0.03994187253477268,0.11225866722026158,0.07767282541000622,0.07019929416649366,0.038737803612206766,0.04315964293128503,0.02571102345858418,0.07258667220261573,0.07370770188914262,0.05324891011002699,0.03392152792194312,0.020427652065600998,0.020728669296242473,0.018206352501556985,0.030070583350633173,0.040492007473531245,0.04261988789703135,0.013535395474361635,0.012974880631098194,0.00926925472285655,0.002055221091965954,0.0061760431804027405,0.003030932115424538,0.0027818144073074526,1.0379904504878555e-05,0.007847207805688188,0.0007369732198463775,0.00020759809009757111,1.0379904504878555e-05,0.00042557608470002075,0.0,0.0,0.0,0.0,0.0,0.0,0.0,0.0,0.0,0.0,0.0,0.0,0.0,0.0,0.0,0.0,0.0,0.0,0.0,0.0,0.0,0.0,0.0,0.0,0.0,0.0,0.0,0.0,0.0,0.0,0.0,0.0,0.0,0.0,0.0,0.0,0.0,0.0,nan,nan,4.273606187560425,2.953103664381215,nan,0.9361362073377064,0.02314126566361976,0.0,0.0,0.0,0.0,0.0,0.0,0.0,0.0,0.0,0.0,0.0,0.0,0.0,0.0,0.0,0.0,0.0,0.0,0.0,0.0,0.0,0.0,0.0,0.0,0.0,0.03567181926278241,1.7360285374554105,11.688466111771703,13.76932223543401,2.7705112960761005,0.9359853435259023,0.023710197501002145,0.0,0.0,0.0,0.0,0.0,0.0,0.0,0.0,0.0,0.0,0.0,0.0,0.0,0.0,0.0,0.0,0.0,0.0,0.0,0.0,0.0,0.0,0.0,0.0,0.0,0.02615518744551003,2.0662598081952925,11.743679163034004,13.208369659982566,2.9555361813426337,0.3926,0.01261,0.0,0.0,0.0,0.0,0.0,0.0,0.0,0.0,0.0,0.0,0.5469678953626635,21.236623067776424,8.180737217598098,0.03567181926278241,0.0,0.0,0.0,0.0,0.0,0.0,0.0,0.0,0.0,0.0,0.0,0.0,0.0,0.0,0.0,0.0,0.3933,0.01241,0.0,0.0,0.0,0.0,0.0,0.0,0.0,0.0,0.0,0.0,0.44463818657367055,20.727986050566667,8.81429816913688,0.013077593722755016,0.0,0.0,0.0,0.0,0.0,0.0,0.0,0.0,0.0,0.0,0.0,0.0,0.0,0.0,0.0,0.0
98500,5003,2498,0.4993004197481511,1148,1071,0.4435338796721967,1421,0.5680591645012992,0.40599999999999997,2.9081836327345307,3.1218042172867655,6.693786982248521,2.1728604062746375,9372.986506621944,1522.1234654537182,7853.0,10924.256030082703,10897.232382958202,7.309809912823932,7853.0,0.0,27.228862682390567,20.56657482532532,32.32796732340221,18.792726903764404,0.14791125324805116,0.10013991605036977,0.09474315410753548,0.08974615230861484,0.08434939036578053,0.07115730561663003,0.06516090345792525,0.0663601838896662,0.05196881870877473,0.053967619428342994,0.046172296622026786,0.04237457525484709,0.03278033180091945,0.02498500899460324,0.014991005396761943,0.008994603238057166,0.004197481511093344,0.9362185484596236,0.023229985233877773,0.0,0.0,0.0,0.0,0.0,0.0,0.0,0.0,0.0,0.0,0.0,0.0,0.0,0.0,0.0,0.0,0.0,0.0,0.0,0.0,0.0,0.0,0.0,0.0,0.0,0.029982010793523892,1.7749350389766143,11.716969818109137,13.647811313212076,2.8303018189086555,4.295247088448222,2.863545429008607,nan,nan,nan,4.26007556675063,2.869933251987574,4.331234256926952,2.8574189509052936,1.0167036215816703,0.3928,0.01232,0.0,0.0,0.0,0.0,0.0,0.0,0.0,0.0,0.0,0.0,0.45572656406156314,21.19128522886265,8.346991804917051,0.005996402158704778,0.0,0.0,0.0,0.0,0.0,0.0,0.0,0.0,0.0,0.0,0.0,0.0,0.0,0.0,0.0,0.0,nan,nan,4.295247088448222,2.863545429008607,nan,0.3928,0.06366,0.0,0.0,0.0,0.0,0.0,0.0,0.0,0.0,0.0,0.0,0.0,0.0,0.0,0.0,0.0,0.0,0.0,0.0,0.0,1.998800719568259e-05,0.0006296222266640016,0.0,0.00014991005396761942,0.0007395562662402558,0.000979412352588447,0.0004197481511093344,0.00011992804317409555,0.009504297421547072,0.006336198281031381,0.007985208874675196,0.013801718968618829,0.04684189486308215,0.042114731161303216,0.03666799920047971,0.11417149710173896,0.07947231661003398,0.07110733559864081,0.039386368179092544,0.04359384369378373,0.02454527283629822,0.0727763341994803,0.07215670597641415,0.05122926244253448,0.03286028382970218,0.020727563461922845,0.02059764141515091,0.017169698181091344,0.02957225664601239,0.0404157505496702,0.04476314211473116,0.012872276634019589,0.01403158105136918,0.009154507295622626,0.0023985608634819106,0.006476114331401159,0.0023086148311013393,0.002938237057765341,0.00012992204677193684,0.007465520687587448,0.0008894663202078753,0.0001998800719568259,0.0,0.0002798321007395563,0.0,0.0,0.0,0.0,0.0,0.0,0.0,0.0,0.0,0.0,0.0,0.0,0.0,0.0,0.0,0.0,0.0,0.0,0.0,0.0,0.0,0.0,0.0,0.0,0.0,0.0,0.0,0.0,0.0,0.0,0.0,0.0,0.0,0.0,0.0,0.0,0.0,0.0,nan,nan,4.295247088448222,2.863545429008607,nan,0.936560330078829,0.023231509564897324,0.0,0.0,0.0,0.0,0.0,0.0,0.0,0.0,0.0,0.0,0.0,0.0,0.0,0.0,0.0,0.0,0.0,0.0,0.0,0.0,0.0,0.0,0.0,0.0,0.0,0.03602882305844676,1.6693354683747001,11.685348278622902,13.58286629303443,3.026421136909528,0.9358777219187951,0.023223456637595005,0.0,0.0,0.0,0.0,0.0,0.0,0.0,0.0,0.0,0.0,0.0,0.0,0.0,0.0,0.0,0.0,0.0,0.0,0.0,0.0,0.0,0.0,0.0,0.0,0.0,0.02395209580838324,1.8802395209580842,11.748502994011979,13.712574850299404,2.6347305389221565,0.3928,0.01251,0.0,0.0,0.0,0.0,0.0,0.0,0.0,0.0,0.0,0.0,0.5524419535628504,20.980784627702132,8.45476381104884,0.012009607686148923,0.0,0.0,0.0,0.0,0.0,0.0,0.0,0.0,0.0,0.0,0.0,0.0,0.0,0.0,0.0,0.0,0.3928,0.01213,0.0,0.0,0.0,0.0,0.0,0.0,0.0,0.0,0.0,0.0,0.3592814371257486,21.401197604790386,8.239520958083833,0.0,0.0,0.0,0.0,0.0,0.0,0.0,0.0,0.0,0.0,0.0,0.0,0.0,0.0,0.0,0.0,0.0
98600,4818,2505,0.5199252801992528,1142,971,0.4385637193856372,1369,0.568285595682856,0.414,2.93514915693904,3.0114547400444684,6.344512195121951,2.0571633633500803,9435.799391235341,1520.9416692605243,7853.0,10922.653885483742,10897.28242194486,7.482565460624617,7853.0,0.0,28.124740556247406,21.165196722176674,33.07257467292027,19.453104355880082,0.14051473640514736,0.10149439601494396,0.09443752594437525,0.0850975508509755,0.08073889580738895,0.06870070568700706,0.06537982565379825,0.06870070568700706,0.061851390618513906,0.047737650477376506,0.04753009547530095,0.040473225404732256,0.03383146533831465,0.02262349522623495,0.015566625155666251,0.015566625155666251,0.009755085097550851,0.9360939713497288,0.023538188747765264,0.0,0.0,0.0,0.0,0.0,0.0,0.0,0.0,0.0,0.0,0.0,0.0,0.0,0.0,0.0,0.0,0.0,0.0,0.0,0.0,0.0,0.0,0.0,0.0,0.0,0.03113325031133251,1.7683686176836866,11.799501867995021,13.393524283935246,3.0074719800747207,4.36078811369509,2.8333333149226276,nan,nan,nan,4.275080906148867,2.7943644876598195,4.4461637653127015,2.869081346358165,1.0400186248914647,0.393,0.01255,0.0,0.0,0.0,0.0,0.0,0.0,0.0,0.0,0.0,0.0,0.4483188044831881,20.95890410958901,8.574097135740972,0.018679950186799504,0.0,0.0,0.0,0.0,0.0,0.0,0.0,0.0,0.0,0.0,0.0,0.0,0.0,0.0,0.0,0.0,nan,nan,4.36078811369509,2.8333333149226276,nan,0.393,0.0642,0.0,0.0,0.0,0.0,0.0,0.0,0.0,0.0,0.0,0.0,0.0,0.0,0.0,0.0,0.0,0.0,0.0,0.0,0.0,0.0,0.0005707762557077625,0.0,0.0001764217517642175,0.0008613532586135326,0.0011104192611041926,0.0006019095060190951,7.26442507264425e-05,0.010180572851805729,0.006112494811124948,0.008115400581154005,0.012909921129099212,0.0479244499792445,0.04074304690743047,0.03530510585305106,0.11479867164798671,0.08213989207139892,0.07097343295973432,0.0361145703611457,0.04241386467413865,0.024159402241594023,0.07121212121212121,0.07514528850145288,0.05336239103362391,0.031403071814030716,0.01952054794520548,0.021710253217102533,0.017299709422997096,0.02972187629721876,0.03999584889995849,0.04439601494396015,0.012899543378995433,0.013709007887090079,0.00821917808219178,0.0029472810294728104,0.006558738065587381,0.0033001245330012453,0.003725612287256123,0.00037359900373599005,0.007191780821917808,0.0009028642590286426,0.00026982150269821504,0.0,0.000850975508509755,0.0,0.0,0.0,0.0,0.0,0.0,0.0,0.0,0.0,0.0,0.0,0.0,0.0,0.0,0.0,0.0,0.0,0.0,0.0,0.0,0.0,0.0,0.0,0.0,0.0,0.0,0.0,0.0,0.0,0.0,0.0,0.0,0.0,0.0,0.0,0.0,0.0,0.0,nan,nan,4.36078811369509,2.8333333149226276,nan,0.9364291832594577,0.023792262164051958,0.0,0.0,0.0,0.0,0.0,0.0,0.0,0.0,0.0,0.0,0.0,0.0,0.0,0.0,0.0,0.0,0.0,0.0,0.0,0.0,0.0,0.0,0.0,0.0,0.0,0.01197604790419162,1.8083832335329344,11.628742514970062,13.425149700598805,3.125748502994013,0.935730933808064,0.0232544449782569,0.0,0.0,0.0,0.0,0.0,0.0,0.0,0.0,0.0,0.0,0.0,0.0,0.0,0.0,0.0,0.0,0.0,0.0,0.0,0.0,0.0,0.0,0.0,0.0,0.0,0.051880674448767844,1.7250324254215308,11.984435797665373,13.35927367055772,2.8793774319066157,0.393,0.01251,0.0,0.0,0.0,0.0,0.0,0.0,0.0,0.0,0.0,0.0,0.43113772455089827,21.125748502993982,8.419161676646707,0.02395209580838324,0.0,0.0,0.0,0.0,0.0,0.0,0.0,0.0,0.0,0.0,0.0,0.0,0.0,0.0,0.0,0.0,0.3933,0.012596,0.0,0.0,0.0,0.0,0.0,0.0,0.0,0.0,0.0,0.0,0.4669260700389106,20.778210116731486,8.741893644617381,0.012970168612191961,0.0,0.0,0.0,0.0,0.0,0.0,0.0,0.0,0.0,0.0,0.0,0.0,0.0,0.0,0.0,0.0
98700,4908,2548,0.5191524042379788,1173,1025,0.447840260798696,1414,0.5762021189894051,0.418,3.0546610169491526,3.1589225749047785,6.825421133231241,2.084030290064328,9433.532937645863,1521.1164589495397,7853.0,10922.487740457058,10897.448845355533,7.34025731103696,7853.0,0.0,27.431336593317035,20.751841565710922,32.51137197358767,19.01553419624869,0.14384678076609617,0.11104319478402608,0.08577832110839446,0.08557457212713937,0.07722086389568052,0.08333333333333333,0.0678484107579462,0.06316218418907905,0.05664221678891605,0.052363488182559086,0.04625101874490627,0.03667481662591687,0.03219233903830481,0.02404237978810106,0.016707416462917686,0.01202118989405053,0.005297473512632437,0.9367021611043856,0.023497713368085264,0.0,0.0,0.0,0.0,0.0,0.0,0.0,0.0,0.0,0.0,0.0,0.0,0.0,0.0,0.0,0.0,0.0,0.0,0.0,0.0,0.0,0.0,0.0,0.0,0.0,0.04278728606356969,1.8215158924205384,11.283618581907094,13.795843520782398,3.0562347188264067,4.431622569333759,2.9342808586083637,nan,nan,nan,4.474806201550388,2.959679237659436,4.389553178099433,2.908708153664569,0.980948219965053,0.393,0.012276,0.0,0.0,0.0,0.0,0.0,0.0,0.0,0.0,0.0,0.0,0.40953545232273847,21.17359413202931,8.398533007334965,0.018337408312958436,0.0,0.0,0.0,0.0,0.0,0.0,0.0,0.0,0.0,0.0,0.0,0.0,0.0,0.0,0.0,0.0,nan,nan,4.431622569333759,2.9342808586083637,nan,0.393,0.0647,0.0,0.0,0.0,0.0,0.0,0.0,0.0,0.0,0.0,0.0,0.0,0.0,0.0,0.0,0.0,0.0,3.0562347188264056e-05,0.0,0.0,0.0,0.0006010594947025265,0.0,0.0002750611246943765,0.0014160554197229014,0.0014364303178484108,0.0006723716381418093,0.00016299918500407498,0.009759576202118989,0.006316218418907905,0.008964955175224124,0.013070497147514262,0.04917481662591687,0.041809290953545235,0.03393439282803586,0.11840872045639772,0.07878973105134475,0.06715566422167889,0.03756112469437653,0.03991442542787286,0.026466992665036673,0.07035452322738386,0.0750916870415648,0.05251629991850041,0.03162184189079054,0.01932559087204564,0.021363080684596577,0.016951915240423797,0.02963528932355338,0.04006723716381418,0.04526283618581907,0.013172371638141809,0.014231866340668297,0.007650774246128769,0.00308679706601467,0.007110839445802771,0.004054604726976365,0.0033822330888345557,0.0008455582722086389,0.006122656886715566,0.0010493072534637326,0.00019356153219233902,2.0374898125509373e-05,0.0009576202118989405,1.0187449062754686e-05,0.0,0.0,0.0,0.0,0.0,0.0,0.0,0.0,0.0,0.0,0.0,0.0,0.0,0.0,0.0,0.0,0.0,0.0,0.0,0.0,0.0,0.0,0.0,0.0,0.0,0.0,0.0,0.0,0.0,0.0,0.0,0.0,0.0,0.0,0.0,0.0,0.0,nan,nan,4.431622569333759,2.9342808586083637,nan,0.9369638515884873,0.02335764670999872,0.0,0.0,0.0,0.0,0.0,0.0,0.0,0.0,0.0,0.0,0.0,0.0,0.0,0.0,0.0,0.0,0.0,0.0,0.0,0.0,0.0,0.0,0.0,0.0,0.0,0.058869701726844595,1.601255886970173,11.361852433281008,13.822605965463111,3.1554160125588706,0.9364196240901947,0.02364475519029286,0.0,0.0,0.0,0.0,0.0,0.0,0.0,0.0,0.0,0.0,0.0,0.0,0.0,0.0,0.0,0.0,0.0,0.0,0.0,0.0,0.0,0.0,0.0,0.0,0.0,0.025423728813559327,2.0593220338983054,11.199152542372884,13.766949152542376,2.949152542372882,0.393,0.01213,0.0,0.0,0.0,0.0,0.0,0.0,0.0,0.0,0.0,0.0,0.4238618524332811,21.0871271585557,8.465463108320252,0.02354788069073784,0.0,0.0,0.0,0.0,0.0,0.0,0.0,0.0,0.0,0.0,0.0,0.0,0.0,0.0,0.0,0.0,0.3928,0.01243,0.0,0.0,0.0,0.0,0.0,0.0,0.0,0.0,0.0,0.0,0.3940677966101696,21.26694915254234,8.32627118644068,0.012711864406779664,0.0,0.0,0.0,0.0,0.0,0.0,0.0,0.0,0.0,0.0,0.0,0.0,0.0,0.0,0.0,0.0
98800,4781,2490,0.520811545701736,1162,983,0.4486509098514955,1343,0.561807153315206,0.41,3.003928415539066,3.081390096283438,6.502269288956127,2.1723216231934663,9438.371723795231,1520.71102371743,7853.0,10922.140838623047,10897.041048781124,7.451174221651124,7853.0,0.0,27.656138883078853,20.7616260075875,32.655422288855576,18.99864423038619,0.14202049780380674,0.09684166492365615,0.09684166492365615,0.08680192428362267,0.08366450533361222,0.07571637732691905,0.06651328174022171,0.06693160426688977,0.06107508889353692,0.048943735620163145,0.04308722024681029,0.03890399498012968,0.03179251202677264,0.025726835390085755,0.01882451370006275,0.010039740640033466,0.006274837900020916,0.935409535376304,0.023371228997184478,0.0,0.0,0.0,0.0,0.0,0.0,0.0,0.0,0.0,0.0,0.0,0.0,0.0,0.0,0.0,0.0,0.0,0.0,0.0,0.0,0.0,0.0,0.0,0.0,0.0,0.031374189500104586,2.076971344906924,11.771595900439241,13.446977619744827,2.673080945408911,4.224803664921466,2.8197693944527322,nan,nan,nan,4.1812903225806455,2.774080192732863,4.27109634551495,2.865697307316794,1.021478064426504,0.393,0.01243,0.0,0.0,0.0,0.0,0.0,0.0,0.0,0.0,0.0,0.0,0.49571219410165246,20.932859234469746,8.533779544028448,0.037649027400125504,0.0,0.0,0.0,0.0,0.0,0.0,0.0,0.0,0.0,0.0,0.0,0.0,0.0,0.0,0.0,0.0,nan,nan,4.224803664921466,2.8197693944527322,nan,0.393,0.065,0.0,0.0,0.0,0.0,0.0,0.0,0.0,0.0,0.0,0.0,0.0,0.0,0.0,0.0,0.0,0.0,1.0458063166701527e-05,0.0,0.0,0.0,0.0006065676636686886,0.0,0.00018824513700062747,0.001945199749006484,0.0017987868646726626,0.0006379418531687932,0.0002300773896674336,0.010259359966534197,0.005270863836017569,0.008983476260196611,0.013794185316879313,0.04944572265216482,0.04113156243463711,0.033884124660112945,0.1157080108763857,0.076699435264589,0.07011085546956704,0.03907132399079691,0.041382555950637945,0.025632712821585444,0.06961932650073206,0.07411629366241372,0.05116084501150387,0.03381091821794604,0.0191696297845639,0.020644216691068813,0.017851913825559507,0.02964860907759883,0.03940598201213135,0.04510562643798369,0.012622882242208743,0.015289688349717633,0.006682702363522276,0.00335703827651119,0.006965070069023217,0.0037962769295126543,0.0040368123823467895,0.0006065676636686886,0.006619953984522067,0.0012758837063375863,0.0003451160845011504,0.0,0.0010771805061702572,0.0,0.0,0.0,0.0,0.0,0.0,0.0,0.0,0.0,0.0,0.0,0.0,0.0,0.0,0.0,0.0,0.0,0.0,0.0,0.0,0.0,0.0,0.0,0.0,0.0,0.0,0.0,0.0,0.0,0.0,0.0,0.0,0.0,0.0,0.0,0.0,0.0,0.0,nan,nan,4.224803664921466,2.8197693944527322,nan,0.9354272359825042,0.023649240540604563,0.0,0.0,0.0,0.0,0.0,0.0,0.0,0.0,0.0,0.0,0.0,0.0,0.0,0.0,0.0,0.0,0.0,0.0,0.0,0.0,0.0,0.0,0.0,0.0,0.0,0.03614457831325302,2.096385542168675,11.807228915662654,13.301204819277112,2.759036144578314,0.9353902972665534,0.02306525363775467,0.0,0.0,0.0,0.0,0.0,0.0,0.0,0.0,0.0,0.0,0.0,0.0,0.0,0.0,0.0,0.0,0.0,0.0,0.0,0.0,0.0,0.0,0.0,0.0,0.0,0.026189436927106072,2.0558707987778266,11.73286774334352,13.605412483631605,2.579659537319948,0.3933,0.01268,0.0,0.0,0.0,0.0,0.0,0.0,0.0,0.0,0.0,0.0,0.4457831325301206,20.83132530120479,8.686746987951809,0.03614457831325302,0.0,0.0,0.0,0.0,0.0,0.0,0.0,0.0,0.0,0.0,0.0,0.0,0.0,0.0,0.0,0.0,0.3928,0.012146,0.0,0.0,0.0,0.0,0.0,0.0,0.0,0.0,0.0,0.0,0.5499781754692276,21.043212570929693,8.36752509821039,0.03928415539065911,0.0,0.0,0.0,0.0,0.0,0.0,0.0,0.0,0.0,0.0,0.0,0.0,0.0,0.0,0.0,0.0
98900,4854,2520,0.519159456118665,1173,992,0.446023897816234,1352,0.5570663370416151,0.414,2.9914310197086547,3.1070467921816713,6.613496932515337,2.115746263139933,9433.389526742278,1520.9568651886702,7853.0,10920.19808268547,10897.131255082148,7.302959026195761,7853.0,0.0,27.776885043263288,20.92388823787073,32.981178801386825,19.092684506932347,0.14585908529048208,0.09929954676555418,0.09188298310671611,0.08261227853316852,0.08281829419035847,0.07766790276060981,0.06489493201483312,0.06530696332921301,0.05727235269880511,0.04903172641120725,0.048619695096827356,0.042027194066749075,0.032550473836011534,0.024721878862793572,0.02018953440461475,0.008240626287597858,0.007004532344458179,0.9361398107459332,0.02303665090548588,0.0,0.0,0.0,0.0,0.0,0.0,0.0,0.0,0.0,0.0,0.0,0.0,0.0,0.0,0.0,0.0,0.0,0.0,0.0,0.0,0.0,0.0,0.0,0.0,0.0,0.04326328800988876,1.6501854140914713,12.027194066749075,13.343634116192833,2.9357231149567373,4.25790987535954,2.8762073058370605,nan,nan,nan,4.234434561626429,2.859311639861938,4.281672025723473,2.893014944309064,1.0111555541618524,0.3928,0.01258,0.0,0.0,0.0,0.0,0.0,0.0,0.0,0.0,0.0,0.0,0.5871446229913474,20.945611866501824,8.43016069221261,0.03708281829419036,0.0,0.0,0.0,0.0,0.0,0.0,0.0,0.0,0.0,0.0,0.0,0.0,0.0,0.0,0.0,0.0,nan,nan,4.25790987535954,2.8762073058370605,nan,0.3928,0.0654,0.0,0.0,0.0,0.0,0.0,0.0,0.0,0.0,0.0,0.0,0.0,0.0,0.0,0.0,0.0,0.0,0.0,0.0,0.0,0.0,0.0004841367943963741,0.0,0.00011330861145447055,0.0015245158632056037,0.0019983518747424805,0.0010300782859497322,0.0002266172229089411,0.009785743716522455,0.005243098475484137,0.009208899876390605,0.013741244334569427,0.05093737124021425,0.04170786979810465,0.03626905644829007,0.11837659662134323,0.07583436341161928,0.069200659250103,0.03929748660898228,0.04288215904408735,0.02473217964565307,0.07088998763906057,0.07199217140502678,0.04787803873094355,0.031118665018541408,0.021291718170580964,0.019324268644416977,0.018428100535640708,0.027781211372064275,0.039606510094767206,0.04588998763906057,0.011186650185414091,0.01588380716934487,0.006273176761433869,0.004676555418211784,0.00596415327564895,0.004285125669550886,0.004419035846724351,0.00039142974866089825,0.0062834775442933664,0.0019468479604449937,0.0003296250515039143,0.0,0.0015245158632056037,0.0,1.0300782859497322e-05,3.090234857849197e-05,0.0,0.0,0.0,0.0,0.0,0.0,0.0,0.0,0.0,0.0,0.0,0.0,0.0,0.0,0.0,0.0,0.0,0.0,0.0,0.0,0.0,0.0,0.0,0.0,0.0,0.0,0.0,0.0,0.0,0.0,0.0,0.0,0.0,0.0,0.0,nan,nan,4.25790987535954,2.8762073058370605,nan,0.9362262355902838,0.023174732181425114,0.0,0.0,0.0,0.0,0.0,0.0,0.0,0.0,0.0,0.0,0.0,0.0,0.0,0.0,0.0,0.0,0.0,0.0,0.0,0.0,0.0,0.0,0.0,0.0,0.0,0.03571428571428572,1.7023809523809528,11.880952380952383,13.35714285714286,3.0238095238095246,0.9360464985746548,0.02288626402059958,0.0,0.0,0.0,0.0,0.0,0.0,0.0,0.0,0.0,0.0,0.0,0.0,0.0,0.0,0.0,0.0,0.0,0.0,0.0,0.0,0.0,0.0,0.0,0.0,0.0,0.051413881748071995,1.5938303341902318,12.185089974293062,13.329048843187664,2.8406169665809777,0.3928,0.01252,0.0,0.0,0.0,0.0,0.0,0.0,0.0,0.0,0.0,0.0,0.5357142857142858,20.94047619047616,8.500000000000002,0.023809523809523815,0.0,0.0,0.0,0.0,0.0,0.0,0.0,0.0,0.0,0.0,0.0,0.0,0.0,0.0,0.0,0.0,0.3926,0.01265,0.0,0.0,0.0,0.0,0.0,0.0,0.0,0.0,0.0,0.0,0.6426735218508999,20.9511568123393,8.354755784061698,0.051413881748071995,0.0,0.0,0.0,0.0,0.0,0.0,0.0,0.0,0.0,0.0,0.0,0.0,0.0,0.0,0.0,0.0
99000,4900,2519,0.5140816326530612,1174,990,0.4416326530612245,1373,0.5604081632653061,0.414,2.9739605207895843,3.095456395259908,6.470760233918129,2.099295065711722,9418.107314135152,1521.64206001812,7853.0,10926.017930150032,10897.47234587624,7.578727356335915,7853.0,0.0,27.988367346938777,20.939584313256912,32.738353849867245,19.28649041231065,0.13551020408163264,0.10102040816326531,0.09938775510204081,0.0836734693877551,0.08244897959183674,0.07612244897959183,0.06775510204081632,0.05714285714285714,0.058163265306122446,0.05979591836734694,0.04551020408163265,0.04122448979591837,0.029183673469387755,0.02346938775510204,0.02,0.013877551020408163,0.005714285714285714,0.9369237936151271,0.023580519681128946,0.0,0.0,0.0,0.0,0.0,0.0,0.0,0.0,0.0,0.0,0.0,0.0,0.0,0.0,0.0,0.0,0.0,0.0,0.0,0.0,0.0,0.0,0.0,0.0,0.0,0.06122448979591838,1.6714285714285717,11.583673469387758,13.463265306122452,3.220408163265307,4.385373608903021,2.9281228996991064,nan,nan,nan,4.407687460617518,3.017406571086599,4.362644415917844,2.8341066319317356,0.9897807988651347,0.393,0.01296,0.0,0.0,0.0,0.0,0.0,0.0,0.0,0.0,0.0,0.0,0.5387755102040818,20.626530612244867,8.797959183673472,0.036734693877551024,0.0,0.0,0.0,0.0,0.0,0.0,0.0,0.0,0.0,0.0,0.0,0.0,0.0,0.0,0.0,0.0,nan,nan,4.385373608903021,2.9281228996991064,nan,0.393,0.0659,0.0,0.0,0.0,0.0,0.0,0.0,0.0,0.0,0.0,0.0,0.0,0.0,0.0,0.0,0.0,0.0,0.0,0.0,0.0,0.0,0.0007653061224489796,0.0,8.163265306122449e-05,0.0014183673469387755,0.002010204081632653,0.0010408163265306122,0.00011224489795918367,0.009948979591836734,0.005826530612244898,0.008561224489795918,0.014010204081632654,0.05028571428571429,0.0385,0.0383265306122449,0.11834693877551021,0.0769795918367347,0.06709183673469388,0.039867346938775514,0.04329591836734694,0.025489795918367347,0.07116326530612245,0.07,0.04690816326530612,0.03272448979591837,0.022,0.020724489795918368,0.017163265306122447,0.02739795918367347,0.038948979591836734,0.0453265306122449,0.011183673469387754,0.0161734693877551,0.006510204081632653,0.004408163265306122,0.006775510204081633,0.004142857142857143,0.005346938775510204,0.00042857142857142855,0.006255102040816326,0.0019693877551020408,0.00047959183673469387,0.0,0.002010204081632653,0.0,0.0,0.0,0.0,0.0,0.0,0.0,0.0,0.0,0.0,0.0,0.0,0.0,0.0,0.0,0.0,0.0,0.0,0.0,0.0,0.0,0.0,0.0,0.0,0.0,0.0,0.0,0.0,0.0,0.0,0.0,0.0,0.0,0.0,0.0,0.0,0.0,0.0,nan,nan,4.385373608903021,2.9281228996991064,nan,0.9368077382628716,0.023833745123290742,0.0,0.0,0.0,0.0,0.0,0.0,0.0,0.0,0.0,0.0,0.0,0.0,0.0,0.0,0.0,0.0,0.0,0.0,0.0,0.0,0.0,0.0,0.0,0.0,0.0,0.07145692735212388,1.7030567685589524,11.671298134180233,13.302897975387062,3.251290194521636,0.9370465754010706,0.02330899403010745,0.0,0.0,0.0,0.0,0.0,0.0,0.0,0.0,0.0,0.0,0.0,0.0,0.0,0.0,0.0,0.0,0.0,0.0,0.0,0.0,0.0,0.0,0.0,0.0,0.0,0.05039899202015961,1.6379672406551873,11.490970180596392,13.632927341453174,3.1877362452750955,0.3933,0.01305,0.0,0.0,0.0,0.0,0.0,0.0,0.0,0.0,0.0,0.0,0.5240174672489084,20.269948392219106,9.170305676855897,0.03572846367606194,0.0,0.0,0.0,0.0,0.0,0.0,0.0,0.0,0.0,0.0,0.0,0.0,0.0,0.0,0.0,0.0,0.3928,0.01287,0.0,0.0,0.0,0.0,0.0,0.0,0.0,0.0,0.0,0.0,0.5543889122217557,21.00377992440148,8.404031919361614,0.03779924401511971,0.0,0.0,0.0,0.0,0.0,0.0,0.0,0.0,0.0,0.0,0.0,0.0,0.0,0.0,0.0,0.0
99100,5024,2569,0.5113455414012739,1195,1015,0.43988853503184716,1404,0.5589171974522293,0.39799999999999996,2.89938900203666,3.071062566701621,6.545185185185185,2.187293897796105,9409.724777955076,1521.8017131552126,7853.0,10923.505991697311,10897.3695151601,7.270654425013386,7853.0,0.0,27.774482484076433,20.85153525338746,32.70764119601329,19.152386518101316,0.14072452229299362,0.10011942675159236,0.09375,0.09375,0.08001592356687898,0.07265127388535032,0.06687898089171974,0.0650875796178344,0.05672770700636943,0.052348726114649684,0.04578025477707006,0.037619426751592355,0.032046178343949044,0.02746815286624204,0.017914012738853503,0.009355095541401274,0.007762738853503185,0.9368692762959915,0.023381580796229512,0.0,0.0,0.0,0.0,0.0,0.0,0.0,0.0,0.0,0.0,0.0,0.0,0.0,0.0,0.0,0.0,0.0,0.0,0.0,0.0,0.0,0.0,0.0,0.0,0.0,0.023885350318471343,1.6779458598726118,11.494824840764334,13.692277070063698,3.1110668789808926,4.233843271932563,2.8180238872654026,nan,nan,nan,4.288188002473717,2.847571021780864,4.17843631778058,2.7864858660610397,0.9744060464163826,0.3926,0.0126,0.0,0.0,0.0,0.0,0.0,0.0,0.0,0.0,0.0,0.0,0.47770700636942687,21.156449044585955,8.353901273885352,0.011942675159235671,0.0,0.0,0.0,0.0,0.0,0.0,0.0,0.0,0.0,0.0,0.0,0.0,0.0,0.0,0.0,0.0,nan,nan,4.233843271932563,2.8180238872654026,nan,0.3926,0.0655,0.0,0.0,0.0,0.0,0.0,0.0,0.0,0.0,0.0,0.0,0.0,0.0,0.0,0.0,0.0,0.0,0.0,0.0,0.0,0.0,0.0006170382165605095,0.0,0.0002089968152866242,0.0014729299363057326,0.0018710191082802548,0.0010947452229299363,7.961783439490445e-05,0.009255573248407643,0.0066480891719745226,0.00901671974522293,0.012310907643312103,0.0493531050955414,0.04071457006369427,0.039410828025477705,0.11853105095541401,0.07844347133757962,0.06567476114649681,0.0405453821656051,0.0423765923566879,0.02409434713375796,0.07080015923566879,0.07218351910828026,0.04827826433121019,0.033678343949044585,0.021536624203821655,0.019804936305732483,0.0192078025477707,0.02574641719745223,0.04072452229299363,0.043511146496815284,0.011086783439490445,0.015067675159235669,0.005652866242038216,0.003672372611464968,0.006807324840764331,0.003990843949044586,0.005792197452229299,0.0003184713375796178,0.006160429936305733,0.0021894904458598726,0.0004179936305732484,1.9904458598726114e-05,0.0016321656050955415,0.0,0.0,0.0,0.0,0.0,0.0,0.0,0.0,0.0,0.0,0.0,0.0,0.0,0.0,0.0,0.0,0.0,0.0,0.0,0.0,0.0,0.0,0.0,0.0,0.0,0.0,0.0,0.0,0.0,0.0,0.0,0.0,0.0,0.0,0.0,0.0,0.0,0.0,nan,nan,4.233843271932563,2.8180238872654026,nan,0.9370209884671397,0.022968360638318655,0.0,0.0,0.0,0.0,0.0,0.0,0.0,0.0,0.0,0.0,0.0,0.0,0.0,0.0,0.0,0.0,0.0,0.0,0.0,0.0,0.0,0.0,0.0,0.0,0.0,0.023355391202802653,1.5998442973919818,11.280653950953681,14.165044764499807,2.931101595951733,0.9367105192419468,0.023805275354026156,0.0,0.0,0.0,0.0,0.0,0.0,0.0,0.0,0.0,0.0,0.0,0.0,0.0,0.0,0.0,0.0,0.0,0.0,0.0,0.0,0.0,0.0,0.0,0.0,0.0,0.024439918533604894,1.7596741344195523,11.718940936863547,13.197556008146643,3.2993890020366607,0.3928,0.0124,0.0,0.0,0.0,0.0,0.0,0.0,0.0,0.0,0.0,0.0,0.4437524328532504,21.019852082522352,8.53639548462437,0.0,0.0,0.0,0.0,0.0,0.0,0.0,0.0,0.0,0.0,0.0,0.0,0.0,0.0,0.0,0.0,0.0,0.3926,0.012825,0.0,0.0,0.0,0.0,0.0,0.0,0.0,0.0,0.0,0.0,0.5132382892057027,21.29938900203663,8.162932790224033,0.024439918533604894,0.0,0.0,0.0,0.0,0.0,0.0,0.0,0.0,0.0,0.0,0.0,0.0,0.0,0.0,0.0,0.0
99200,4770,2458,0.5153039832285116,1126,989,0.44339622641509435,1349,0.5656184486373166,0.43,2.991349480968858,3.134929000759151,6.695102685624013,2.2058928754772418,9421.767816159785,1521.4729041392666,7853.0,10925.24593281746,10897.354142832455,7.299764888692803,7853.0,0.0,28.067924528301887,21.080985861074126,33.316796776630575,19.20178387724027,0.1469601677148847,0.09266247379454927,0.09161425576519916,0.08658280922431866,0.0769392033542977,0.07861635220125786,0.07253668763102725,0.06331236897274634,0.05807127882599581,0.0480083857442348,0.04213836477987421,0.0429769392033543,0.03563941299790356,0.026415094339622643,0.018867924528301886,0.011740041928721174,0.006918238993710692,0.937105508208025,0.02334068047580645,0.0,0.0,0.0,0.0,0.0,0.0,0.0,0.0,0.0,0.0,0.0,0.0,0.0,0.0,0.0,0.0,0.0,0.0,0.0,0.0,0.0,0.0,0.0,0.0,0.0,0.06918238993710693,1.5283018867924532,11.402515723270444,13.886792452830191,3.113207547169812,4.297244732576986,2.8840604019365554,nan,nan,nan,4.2920181700194675,2.889551521789174,4.302461139896373,2.878560044957846,1.0024331140883447,0.3928,0.012695,0.0,0.0,0.0,0.0,0.0,0.0,0.0,0.0,0.0,0.0,0.4716981132075473,21.088050314465377,8.402515723270442,0.03773584905660378,0.0,0.0,0.0,0.0,0.0,0.0,0.0,0.0,0.0,0.0,0.0,0.0,0.0,0.0,0.0,0.0,nan,nan,4.297244732576986,2.8840604019365554,nan,0.3928,0.06586,0.0,0.0,0.0,0.0,0.0,0.0,0.0,0.0,0.0,0.0,0.0,0.0,0.0,0.0,0.0,0.0,0.0,0.0,0.0,0.0,0.0007232704402515723,0.0,0.00023060796645702305,0.001519916142557652,0.001991614255765199,0.0011111111111111111,2.0964360587002095e-05,0.008825995807127883,0.007767295597484277,0.008343815513626835,0.011645702306079664,0.05262054507337526,0.04159329140461216,0.03669811320754717,0.11882599580712788,0.07714884696016772,0.06367924528301887,0.04230607966457023,0.04213836477987421,0.024129979035639414,0.07047169811320755,0.0739517819706499,0.04722222222222222,0.03221174004192872,0.02171907756813417,0.019654088050314465,0.019350104821802935,0.025712788259958073,0.040566037735849055,0.04385744234800838,0.010870020964360587,0.016436058700209644,0.005251572327044025,0.0038784067085953877,0.006153039832285116,0.0043186582809224315,0.005775681341719078,0.0001991614255765199,0.0058385744234800835,0.0031446540880503146,0.00027253668763102724,9.433962264150943e-05,0.0017085953878406709,0.0,2.0964360587002095e-05,0.0,0.0,0.0,0.0,0.0,0.0,0.0,0.0,0.0,0.0,0.0,0.0,0.0,0.0,0.0,0.0,0.0,0.0,0.0,0.0,0.0,0.0,0.0,0.0,0.0,0.0,0.0,0.0,0.0,0.0,0.0,0.0,0.0,0.0,0.0,0.0,nan,nan,4.297244732576986,2.8840604019365554,nan,0.9370414163641468,0.02300325387458657,0.0,0.0,0.0,0.0,0.0,0.0,0.0,0.0,0.0,0.0,0.0,0.0,0.0,0.0,0.0,0.0,0.0,0.0,0.0,0.0,0.0,0.0,0.0,0.0,0.0,0.036615134255492274,1.4401952807160296,11.570382424735561,13.99918633034988,2.953620829943044,0.937173647374224,0.023693955590721277,0.0,0.0,0.0,0.0,0.0,0.0,0.0,0.0,0.0,0.0,0.0,0.0,0.0,0.0,0.0,0.0,0.0,0.0,0.0,0.0,0.0,0.0,0.0,0.0,0.0,0.10380622837370244,1.6219723183391008,11.224048442906577,13.767301038062287,3.2828719723183397,0.3928,0.01251,0.0,0.0,0.0,0.0,0.0,0.0,0.0,0.0,0.0,0.0,0.4271765663140766,21.1635475996745,8.372660699755901,0.036615134255492274,0.0,0.0,0.0,0.0,0.0,0.0,0.0,0.0,0.0,0.0,0.0,0.0,0.0,0.0,0.0,0.0,0.3928,0.01288,0.0,0.0,0.0,0.0,0.0,0.0,0.0,0.0,0.0,0.0,0.5190311418685122,21.007785467127995,8.434256055363324,0.038927335640138415,0.0,0.0,0.0,0.0,0.0,0.0,0.0,0.0,0.0,0.0,0.0,0.0,0.0,0.0,0.0,0.0
99300,4838,2474,0.5113683340223233,1154,1017,0.44873914840843326,1358,0.5613890037205457,0.438,2.9619289340101522,3.1704652791538632,6.724683544303797,2.2558275224955024,9409.82226089673,1521.8279127393694,7853.0,10921.129670381546,10897.424453604843,7.397951147727139,7853.0,0.0,27.28503513848698,20.813150995217825,32.52744510978044,19.02781201293207,0.1506821000413394,0.09818106655642828,0.09280694501860273,0.0888797023563456,0.08061182306738322,0.07999173212071103,0.06924348904505995,0.06056221579164944,0.05642827614716825,0.04898718478710211,0.0454733360892931,0.038238941711451015,0.027490698635799917,0.02728400165357586,0.020256304257957835,0.006614303431169905,0.00826787928896238,0.936820129389209,0.02332743417666978,0.0,0.0,0.0,0.0,0.0,0.0,0.0,0.0,0.0,0.0,0.0,0.0,0.0,0.0,0.0,0.0,0.0,0.0,0.0,0.0,0.0,0.0,0.0,0.0,0.0,0.03720545680033072,1.6432410086812737,11.65770979743696,13.6047953699876,3.057048367093841,4.321324245374878,2.940273630480054,nan,nan,nan,4.2738643844634625,2.945642323925706,4.367477592829705,2.9343071894872232,1.0219036450259278,0.3928,0.0127,0.0,0.0,0.0,0.0,0.0,0.0,0.0,0.0,0.0,0.0,0.5456800330715172,21.021083092186824,8.402232327408022,0.031004547333608936,0.0,0.0,0.0,0.0,0.0,0.0,0.0,0.0,0.0,0.0,0.0,0.0,0.0,0.0,0.0,0.0,nan,nan,4.321324245374878,2.940273630480054,nan,0.3928,0.06573,0.0,0.0,0.0,0.0,0.0,0.0,0.0,0.0,0.0,0.0,0.0,0.0,0.0,0.0,0.0,0.0,0.0,0.0,0.0,0.0,0.000434063662670525,0.0,0.00020669698222405952,0.0016122364613476642,0.0019946258784621744,0.0010128152128978916,3.100454733360893e-05,0.009456386936750723,0.00801984291029351,0.009508061182306739,0.011254650682100041,0.050661430343116994,0.04280694501860273,0.03452873088052914,0.11792062835882595,0.0756717651922282,0.06359032658123191,0.042693261678379495,0.04420214964861513,0.02392517569243489,0.0722199255890864,0.07467961967755271,0.048966515088879704,0.031335262505167424,0.02017362546506821,0.01847871021083092,0.019078131459280695,0.025919801570897065,0.04058495245969409,0.045008267879288966,0.009229020256304258,0.017031831335262506,0.005498139727159983,0.004557668458040513,0.007131045886730054,0.004123604795369987,0.005808185200496072,0.0002583712277800744,0.005715171558495246,0.003379495659363373,9.30136420008268e-05,8.267879288962381e-05,0.0010748243075651095,0.0,4.133939644481191e-05,0.0,0.0,0.0,0.0,0.0,0.0,0.0,0.0,0.0,0.0,0.0,0.0,0.0,0.0,0.0,0.0,0.0,0.0,0.0,0.0,0.0,0.0,0.0,0.0,0.0,0.0,0.0,0.0,0.0,0.0,0.0,0.0,0.0,0.0,0.0,0.0,nan,nan,4.321324245374878,2.940273630480054,nan,0.9369890140783623,0.023274668629435735,0.0,0.0,0.0,0.0,0.0,0.0,0.0,0.0,0.0,0.0,0.0,0.0,0.0,0.0,0.0,0.0,0.0,0.0,0.0,0.0,0.0,0.0,0.0,0.0,0.0,0.03637833468067907,1.5642683912692001,11.907841552142283,13.290218270008086,3.2012934518997582,0.9366433862754334,0.023381221165427738,0.0,0.0,0.0,0.0,0.0,0.0,0.0,0.0,0.0,0.0,0.0,0.0,0.0,0.0,0.0,0.0,0.0,0.0,0.0,0.0,0.0,0.0,0.0,0.0,0.0,0.03807106598984772,1.7258883248730967,11.395939086294419,13.934010152284268,2.9060913705583764,0.393,0.01301,0.0,0.0,0.0,0.0,0.0,0.0,0.0,0.0,0.0,0.0,0.642683912691997,20.95392077607111,8.354890864995959,0.04850444624090543,0.0,0.0,0.0,0.0,0.0,0.0,0.0,0.0,0.0,0.0,0.0,0.0,0.0,0.0,0.0,0.0,0.3926,0.012375,0.0,0.0,0.0,0.0,0.0,0.0,0.0,0.0,0.0,0.0,0.44416243654822346,21.091370558375605,8.451776649746195,0.012690355329949242,0.0,0.0,0.0,0.0,0.0,0.0,0.0,0.0,0.0,0.0,0.0,0.0,0.0,0.0,0.0,0.0
99400,4877,2543,0.521427106827968,1176,982,0.4424851343038753,1355,0.5556694689358213,0.422,3.0008568980291344,3.1080236080440824,6.520348837209302,2.1287467366998536,9440.516962153552,1520.8914604095562,7853.0,10925.494151473045,10897.561629737662,7.289890461175767,7853.0,0.0,28.69632971088784,21.120990030515756,33.46133397776704,19.37386435304379,0.13040803772811155,0.0976009842116055,0.09493541111338938,0.08652860364978471,0.0799671929464835,0.07463604675005125,0.06376871027270863,0.06315357801927414,0.0600779167521017,0.055771990978060286,0.04859544802132459,0.040803772811154396,0.03629280295263482,0.030141480418289932,0.01906909985646914,0.010662292392864465,0.0075866311256920236,0.9380541352285136,0.022967237214949802,0.0,0.0,0.0,0.0,0.0,0.0,0.0,0.0,0.0,0.0,0.0,0.0,0.0,0.0,0.0,0.0,0.0,0.0,0.0,0.0,0.0,0.0,0.0,0.0,0.0,0.0430592577404142,1.396350215296289,10.973959401271276,14.369489440229652,3.217141685462375,4.234203080792204,2.9320352620658277,nan,nan,nan,4.243243243243243,2.915623066522317,4.227186910006293,2.948155499079254,0.9962160233772793,0.3926,0.012634,0.0,0.0,0.0,0.0,0.0,0.0,0.0,0.0,0.0,0.0,0.5720729956940743,21.14824687307768,8.242772196022147,0.03690793520606931,0.0,0.0,0.0,0.0,0.0,0.0,0.0,0.0,0.0,0.0,0.0,0.0,0.0,0.0,0.0,0.0,nan,nan,4.234203080792204,2.9320352620658277,nan,0.3926,0.06573,0.0,0.0,0.0,0.0,0.0,0.0,0.0,0.0,0.0,0.0,0.0,0.0,0.0,0.0,0.0,0.0,0.0,0.0,0.0,0.0,0.0006048800492105803,0.0,0.0002255484929259791,0.0018761533729751898,0.0017633791265122,0.0009329505843756407,0.0,0.008806643428337093,0.008468320688948124,0.01052901373795366,0.01008816895632561,0.050594627844986674,0.042433873282755795,0.03408857904449457,0.12129382817305721,0.07679926184129587,0.06590116875128152,0.04226983801517326,0.041695714578634406,0.02454377691203609,0.07161164650399836,0.07172442075046134,0.047980315767890094,0.03158704121386098,0.02171416854623744,0.019817510764814434,0.018392454377691204,0.025835554644248512,0.03947098626204634,0.04307976214886201,0.009739594012712733,0.017992618412958787,0.006100061513225344,0.0040086118515480825,0.007945458273528808,0.004675005126102112,0.005361902809103957,0.00018453967603034653,0.0058129997949559154,0.0031064178798441665,1.0252204223908141e-05,2.0504408447816282e-05,0.0008611851548082838,0.0,5.12610211195407e-05,0.0,0.0,0.0,0.0,0.0,0.0,0.0,0.0,0.0,0.0,0.0,0.0,0.0,0.0,0.0,0.0,0.0,0.0,0.0,0.0,0.0,0.0,0.0,0.0,0.0,0.0,0.0,0.0,0.0,0.0,0.0,0.0,0.0,0.0,0.0,0.0,nan,nan,4.234203080792204,2.9320352620658277,nan,0.9380793838907873,0.02291751077128889,0.0,0.0,0.0,0.0,0.0,0.0,0.0,0.0,0.0,0.0,0.0,0.0,0.0,0.0,0.0,0.0,0.0,0.0,0.0,0.0,0.0,0.0,0.0,0.0,0.0,0.04718836020448291,1.2858828155721593,11.160047188360208,14.345261502162803,3.1616201337003544,0.9380266256534655,0.023021262665326208,0.0,0.0,0.0,0.0,0.0,0.0,0.0,0.0,0.0,0.0,0.0,0.0,0.0,0.0,0.0,0.0,0.0,0.0,0.0,0.0,0.0,0.0,0.0,0.0,0.0,0.03856041131105399,1.5167095115681237,10.771208226221082,14.395886889460158,3.2776349614395897,0.3923,0.01285,0.0,0.0,0.0,0.0,0.0,0.0,0.0,0.0,0.0,0.0,0.601651592607157,21.34093590247736,8.010224144710973,0.04718836020448291,0.0,0.0,0.0,0.0,0.0,0.0,0.0,0.0,0.0,0.0,0.0,0.0,0.0,0.0,0.0,0.0,0.3928,0.0124,0.0,0.0,0.0,0.0,0.0,0.0,0.0,0.0,0.0,0.0,0.5398457583547559,20.938303341902284,8.496143958868895,0.025706940874035997,0.0,0.0,0.0,0.0,0.0,0.0,0.0,0.0,0.0,0.0,0.0,0.0,0.0,0.0,0.0,0.0
99500,4921,2551,0.5183905710221499,1136,1027,0.4395448079658606,1396,0.5673643568380411,0.434,3.029113924050633,3.13298708513599,6.775541795665634,2.1407347919561435,9431.454942929506,1521.4361527342328,7853.0,10923.021078705788,10897.914454784826,7.310129613089835,7853.0,0.0,27.883357041251777,21.044803943058334,32.96766350595672,19.282956444753314,0.14407640723430198,0.09774436090225563,0.09449298922983133,0.08392603129445235,0.08433245275350539,0.07478154846575899,0.06787238366185734,0.06238569396464133,0.05324121113594798,0.05181873602926235,0.05019305019305019,0.03617150985572038,0.037390774232879495,0.023166023166023165,0.02011786222312538,0.011176590123958545,0.007112375533428165,0.9383751774459224,0.023213696170517734,0.0,0.0,0.0,0.0,0.0,0.0,0.0,0.0,0.0,0.0,0.0,0.0,0.0,0.0,0.0,0.0,0.0,0.0,0.0,0.0,0.0,0.0,0.0,0.0,0.0,0.036577931314773424,1.4265393212761637,11.058727900833167,14.192237350132089,3.285917496443813,4.379835129993658,2.9105757739949,nan,nan,nan,4.4605263157894735,2.9138113296585155,4.297175866495507,2.9049344471726166,0.9633786603352759,0.3926,0.01267,0.0,0.0,0.0,0.0,0.0,0.0,0.0,0.0,0.0,0.0,0.5303800040642147,21.294452347083897,8.144686039422883,0.030481609428977856,0.0,0.0,0.0,0.0,0.0,0.0,0.0,0.0,0.0,0.0,0.0,0.0,0.0,0.0,0.0,0.0,nan,nan,4.379835129993658,2.9105757739949,nan,0.3926,0.06555,0.0,0.0,0.0,0.0,0.0,0.0,0.0,0.0,0.0,0.0,0.0,0.0,0.0,0.0,0.0,0.0,0.0,0.0,0.0,0.0,0.0006502743344848608,0.0,0.00017272912009754114,0.0021540337329811012,0.0021540337329811012,0.00033529770371875636,1.016053647632595e-05,0.009764275553749239,0.008677098150782362,0.010150375939849625,0.008240195082300346,0.04644381223328592,0.0445945945945946,0.03333672017882544,0.12175370859581386,0.07975005080268238,0.0662466978256452,0.044198333672017885,0.04063198536882747,0.02530989636252794,0.07119487908961593,0.07018898597845966,0.047703718756350336,0.03311318837634627,0.020310912416175574,0.020503962609225768,0.01914245072139809,0.028358057305425725,0.03908758382442593,0.04233895549685023,0.008250355618776671,0.01666327982117456,0.007315586262954684,0.003881324933956513,0.007782970940865678,0.0043283885389148544,0.004470636049583418,0.0001828896565738671,0.006858362121520016,0.0029668766510871775,0.0,3.048160942897785e-05,0.0007417191627717944,0.0,1.016053647632595e-05,0.0,0.0,0.0,0.0,0.0,0.0,0.0,0.0,0.0,0.0,0.0,0.0,0.0,0.0,0.0,0.0,0.0,0.0,0.0,0.0,0.0,0.0,0.0,0.0,0.0,0.0,0.0,0.0,0.0,0.0,0.0,0.0,0.0,0.0,0.0,0.0,nan,nan,4.379835129993658,2.9105757739949,nan,0.9393263556638544,0.0235759703077922,0.0,0.0,0.0,0.0,0.0,0.0,0.0,0.0,0.0,0.0,0.0,0.0,0.0,0.0,0.0,0.0,0.0,0.0,0.0,0.0,0.0,0.0,0.0,0.0,0.0,0.04704037632301059,1.2936103488827915,10.854566836534696,14.170913367306941,3.6338690709525685,0.9373513565033297,0.022772975481307477,0.0,0.0,0.0,0.0,0.0,0.0,0.0,0.0,0.0,0.0,0.0,0.0,0.0,0.0,0.0,0.0,0.0,0.0,0.0,0.0,0.0,0.0,0.0,0.0,0.0,0.025316455696202538,1.5696202531645573,11.278481012658231,14.215189873417724,2.911392405063292,0.3926,0.01245,0.0,0.0,0.0,0.0,0.0,0.0,0.0,0.0,0.0,0.0,0.5056840454723639,21.56801254410032,7.879263034104274,0.04704037632301059,0.0,0.0,0.0,0.0,0.0,0.0,0.0,0.0,0.0,0.0,0.0,0.0,0.0,0.0,0.0,0.0,0.3926,0.0129,0.0,0.0,0.0,0.0,0.0,0.0,0.0,0.0,0.0,0.0,0.5569620253164558,20.999999999999968,8.430379746835445,0.012658227848101269,0.0,0.0,0.0,0.0,0.0,0.0,0.0,0.0,0.0,0.0,0.0,0.0,0.0,0.0,0.0,0.0
99600,4525,2314,0.5113812154696132,1095,943,0.45038674033149173,1314,0.5807734806629834,0.40599999999999997,2.927634554500226,3.003271360398218,6.176470588235294,2.2175608402489972,9409.945674567829,1521.9090842936741,7853.0,10921.018389701843,10897.589100008394,7.301715763626359,7853.0,0.0,29.1460773480663,21.3057844601796,34.06210855949896,19.43371864025597,0.13502762430939227,0.0892817679558011,0.08707182320441989,0.08596685082872928,0.08066298342541436,0.07535911602209945,0.06607734806629834,0.06408839779005525,0.056353591160221,0.05856353591160221,0.05171270718232044,0.046629834254143646,0.031823204419889506,0.03138121546961326,0.017900552486187844,0.013922651933701657,0.008176795580110497,0.9380791540567388,0.023551768919050652,0.0,0.0,0.0,0.0,0.0,0.0,0.0,0.0,0.0,0.0,0.0,0.0,0.0,0.0,0.0,0.0,0.0,0.0,0.0,0.0,0.0,0.0,0.0,0.0,0.0,0.03314917127071824,1.3922651933701662,11.290607734806633,13.723756906077352,3.560220994475139,4.057076872319366,2.8007119388229675,nan,nan,nan,4.051655629139073,2.761606555761687,4.063815789473685,2.839432146298781,1.0030012818086407,0.393,0.012566,0.0,0.0,0.0,0.0,0.0,0.0,0.0,0.0,0.0,0.0,0.47734806629834264,20.937016574585606,8.552486187845306,0.03314917127071824,0.0,0.0,0.0,0.0,0.0,0.0,0.0,0.0,0.0,0.0,0.0,0.0,0.0,0.0,0.0,0.0,nan,nan,4.057076872319366,2.8007119388229675,nan,0.393,0.0657,0.0,0.0,0.0,0.0,0.0,0.0,0.0,0.0,0.0,0.0,0.0,0.0,0.0,0.0,0.0,0.0,0.0,0.0,0.0,0.0,0.0007624309392265193,0.0,0.00022099447513812155,0.0023535911602209944,0.0022209944751381216,0.0001988950276243094,1.1049723756906077e-05,0.00943646408839779,0.007248618784530387,0.0096353591160221,0.008906077348066298,0.04337016574585635,0.045624309392265194,0.032243093922651934,0.12538121546961326,0.07899447513812155,0.06580110497237569,0.04451933701657459,0.04075138121546961,0.02554696132596685,0.06920441988950277,0.0698121546961326,0.04932596685082873,0.0330828729281768,0.020088397790055248,0.022011049723756906,0.019701657458563535,0.028795580110497238,0.03743646408839779,0.04161325966850829,0.007679558011049724,0.0183646408839779,0.007237569060773481,0.004784530386740331,0.007425414364640884,0.003977900552486188,0.004243093922651934,0.00015469613259668508,0.008243093922651934,0.0025193370165745854,0.0,0.00011049723756906077,0.0009171270718232044,0.0,4.419889502762431e-05,0.0,0.0,0.0,0.0,0.0,0.0,0.0,0.0,0.0,0.0,0.0,0.0,0.0,0.0,0.0,0.0,0.0,0.0,0.0,0.0,0.0,0.0,0.0,0.0,0.0,0.0,0.0,0.0,0.0,0.0,0.0,0.0,0.0,0.0,0.0,0.0,nan,nan,4.057076872319366,2.8007119388229675,nan,0.9375358736504742,0.023082266517453633,0.0,0.0,0.0,0.0,0.0,0.0,0.0,0.0,0.0,0.0,0.0,0.0,0.0,0.0,0.0,0.0,0.0,0.0,0.0,0.0,0.0,0.0,0.0,0.0,0.0,0.025929127052722566,1.3742437337942959,11.564390665514264,13.872082973206572,3.163353500432153,0.9386477433195592,0.02402016628080911,0.0,0.0,0.0,0.0,0.0,0.0,0.0,0.0,0.0,0.0,0.0,0.0,0.0,0.0,0.0,0.0,0.0,0.0,0.0,0.0,0.0,0.0,0.0,0.0,0.0,0.040705563093622804,1.4111261872455907,11.004070556309363,13.568521031207602,3.975576662143827,0.393,0.0126,0.0,0.0,0.0,0.0,0.0,0.0,0.0,0.0,0.0,0.0,0.4278305963699223,20.898876404494352,8.647363872082975,0.025929127052722566,0.0,0.0,0.0,0.0,0.0,0.0,0.0,0.0,0.0,0.0,0.0,0.0,0.0,0.0,0.0,0.0,0.393,0.01253,0.0,0.0,0.0,0.0,0.0,0.0,0.0,0.0,0.0,0.0,0.5291723202170965,20.976933514246916,8.453188602442335,0.040705563093622804,0.0,0.0,0.0,0.0,0.0,0.0,0.0,0.0,0.0,0.0,0.0,0.0,0.0,0.0,0.0,0.0
99700,4532,2335,0.51522506619594,1117,921,0.4496910856134157,1270,0.560458958517211,0.40599999999999997,3.0013654984069187,3.142858324030384,6.649762282091918,2.1890077875706315,9421.676325750399,1521.6245599899673,7853.0,10919.459106326103,10897.642872933964,7.308643114347292,7853.0,0.0,27.796778464254192,20.704354792222322,32.572325398901384,19.02109840884168,0.13481906443071492,0.10503089143865843,0.09157105030891438,0.08715798764342454,0.08693733451015004,0.0708296557811121,0.07171226831421006,0.06707855251544571,0.05648720211827008,0.05185348631950574,0.043689320388349516,0.038614298323036186,0.03331862312444837,0.028022947925860547,0.01676963812886143,0.0088261253309797,0.007281553398058253,0.9379311020749918,0.023519204880632746,0.0,0.0,0.0,0.0,0.0,0.0,0.0,0.0,0.0,0.0,0.0,0.0,0.0,0.0,0.0,0.0,0.0,0.0,0.0,0.0,0.0,0.0,0.0,0.0,0.006619593998234776,0.06619593998234777,1.515887025595764,10.988526037069729,14.165931156222422,3.25684024713151,4.300102774922919,2.915218010669517,nan,nan,nan,4.383356070941337,2.9731120998156526,4.216104611149346,2.8531557433603227,0.9618439713577561,0.393,0.012825,0.0,0.0,0.0,0.0,0.0,0.0,0.0,0.0,0.0,0.0,0.5097087378640778,20.85172109443951,8.625330979699914,0.013239187996469552,0.0,0.0,0.0,0.0,0.0,0.0,0.0,0.0,0.0,0.0,0.0,0.0,0.0,0.0,0.0,0.0,nan,nan,4.300102774922919,2.915218010669517,nan,0.393,0.06635,0.0,0.0,0.0,0.0,0.0,0.0,0.0,0.0,0.0,0.0,0.0,0.0,0.0,0.0,0.0,0.0,0.0,0.0,0.0,1.1032656663724624e-05,0.0006950573698146514,0.0,0.00014342453662842013,0.0027581641659311564,0.002559576345984113,7.722859664607238e-05,5.5163283318623126e-05,0.008870255957634599,0.007722859664607238,0.011551191526919682,0.009940423654015887,0.04205648720211827,0.04633715798764342,0.03203883495145631,0.12693071491615182,0.07769196822594882,0.06441968225948809,0.043788614298323036,0.0432811120917917,0.024536628420123566,0.06678067078552516,0.07009046778464254,0.04792586054721977,0.03357237422771403,0.01996910856134157,0.02070829655781112,0.01958296557811121,0.030196381288614297,0.03628640776699029,0.039949249779346864,0.00894748455428067,0.018192850838481905,0.008053839364518976,0.004688879082082965,0.00782215357458076,0.004633715798764342,0.004446160635481024,0.00020962047661076788,0.009079876434245366,0.002471315092674316,1.1032656663724624e-05,9.929390997352162e-05,0.0008164165931156222,0.0,0.0,0.0,0.0,0.0,0.0,0.0,0.0,0.0,0.0,0.0,0.0,0.0,0.0,0.0,0.0,0.0,0.0,0.0,0.0,0.0,0.0,0.0,0.0,0.0,0.0,0.0,0.0,0.0,0.0,0.0,0.0,0.0,0.0,0.0,0.0,0.0,0.0,nan,nan,4.300102774922919,2.915218010669517,nan,0.9377116597949565,0.023320871304402455,0.0,0.0,0.0,0.0,0.0,0.0,0.0,0.0,0.0,0.0,0.0,0.0,0.0,0.0,0.0,0.0,0.0,0.0,0.0,0.0,0.0,0.0,0.0,0.0,0.012847965738758033,0.07708779443254819,1.4132762312633838,11.254817987152038,14.132762312633837,3.109207708779444,0.9381643281668818,0.02372595442817806,0.0,0.0,0.0,0.0,0.0,0.0,0.0,0.0,0.0,0.0,0.0,0.0,0.0,0.0,0.0,0.0,0.0,0.0,0.0,0.0,0.0,0.0,0.0,0.0,0.0,0.05461993627674103,1.6249431042330456,10.70550751024124,14.201183431952666,3.413746017296314,0.393,0.01271,0.0,0.0,0.0,0.0,0.0,0.0,0.0,0.0,0.0,0.0,0.37259100642398296,20.877944325481767,8.74946466809422,0.0,0.0,0.0,0.0,0.0,0.0,0.0,0.0,0.0,0.0,0.0,0.0,0.0,0.0,0.0,0.0,0.0,0.393,0.012955,0.0,0.0,0.0,0.0,0.0,0.0,0.0,0.0,0.0,0.0,0.6554392353208922,20.823850705507482,8.493400091033228,0.027309968138370513,0.0,0.0,0.0,0.0,0.0,0.0,0.0,0.0,0.0,0.0,0.0,0.0,0.0,0.0,0.0,0.0
99800,4682,2393,0.511106364801367,1117,985,0.44895343870140964,1368,0.5843656557026912,0.38999999999999996,2.9615552643075578,3.0147892970445014,6.353823088455772,2.1160122572306337,9409.168280054952,1521.9859446159485,7853.0,10922.755441486835,10897.70534359268,7.2754062426703,7853.0,0.0,28.339384878257157,21.085026083756226,33.25424588086185,19.328459623764694,0.13733447244767194,0.10059803502776592,0.09077317385732593,0.08628791114908159,0.07624946604015378,0.07496796240922683,0.07026911576249466,0.06407518154634771,0.0647159333618112,0.04784280222127296,0.05040580948312687,0.03460059803502777,0.03331909440410081,0.02926099957283212,0.019649722340879965,0.012601452370781717,0.0070482699700982485,0.9381757922429195,0.02325303565126697,0.0,0.0,0.0,0.0,0.0,0.0,0.0,0.0,0.0,0.0,0.0,0.0,0.0,0.0,0.0,0.0,0.0,0.0,0.0,0.0,0.0,0.0,0.0,0.0,0.0,0.038445108927808634,1.5185818026484412,11.040153780435714,14.12217001281504,3.2806492951730037,4.205555555555556,2.7859184634195735,nan,nan,nan,4.152777777777778,2.7786159449742063,4.257105943152455,2.7920697770540834,1.0251225013611263,0.3933,0.01294,0.0,0.0,0.0,0.0,0.0,0.0,0.0,0.0,0.0,0.0,0.4933788979068775,20.516873131140507,8.944895343870142,0.04485262708244341,0.0,0.0,0.0,0.0,0.0,0.0,0.0,0.0,0.0,0.0,0.0,0.0,0.0,0.0,0.0,0.0,nan,nan,4.205555555555556,2.7859184634195735,nan,0.3933,0.0667,0.0,0.0,0.0,0.0,0.0,0.0,0.0,0.0,0.0,0.0,0.0,0.0,0.0,0.0,0.0,0.0,0.0,0.0,0.0,0.0,0.0005126014523707817,0.0,6.407518154634771e-05,0.0030542503203759078,0.0021358393848782574,2.135839384878257e-05,0.000149508756941478,0.008724903887227681,0.008383169585647159,0.011779154207603589,0.009867577958137547,0.04211875266979923,0.04715933361811192,0.030104656129859034,0.12930371636052967,0.07739214011106364,0.06480136693720633,0.0443613840239214,0.04367791542076036,0.024124305852199913,0.06475865014950875,0.06977787270397266,0.046208885091841095,0.03415207176420333,0.02117684750106792,0.020973942759504486,0.018966253737718923,0.028161042289619822,0.03423750533959846,0.041413925672789405,0.008319094404100811,0.019307988039299444,0.008682187099530116,0.006033746262281077,0.0077210593763349,0.0042182827851345575,0.005008543357539513,0.00021358393848782572,0.010113199487398548,0.0019329346433148227,0.0,0.00011747116616830415,0.0007689021785561726,0.0,0.0,0.0,0.0,0.0,0.0,0.0,0.0,0.0,0.0,0.0,0.0,0.0,0.0,0.0,0.0,0.0,0.0,0.0,0.0,0.0,0.0,0.0,0.0,0.0,0.0,0.0,0.0,0.0,0.0,0.0,0.0,0.0,0.0,0.0,0.0,0.0,0.0,nan,nan,4.205555555555556,2.7859184634195735,nan,0.9379729250709831,0.02294338833343441,0.0,0.0,0.0,0.0,0.0,0.0,0.0,0.0,0.0,0.0,0.0,0.0,0.0,0.0,0.0,0.0,0.0,0.0,0.0,0.0,0.0,0.0,0.0,0.0,0.0,0.037609694943585466,1.4291684078562477,11.28290848307564,14.05348934391977,3.1968240702047646,0.9383878766214446,0.023570536396422197,0.0,0.0,0.0,0.0,0.0,0.0,0.0,0.0,0.0,0.0,0.0,0.0,0.0,0.0,0.0,0.0,0.0,0.0,0.0,0.0,0.0,0.0,0.0,0.0,0.0,0.03931847968545217,1.6120576671035391,10.786369593709047,14.193971166448234,3.368283093053736,0.393,0.012955,0.0,0.0,0.0,0.0,0.0,0.0,0.0,0.0,0.0,0.0,0.5766819891349771,20.722941913915555,8.675302966987047,0.02507312996239031,0.0,0.0,0.0,0.0,0.0,0.0,0.0,0.0,0.0,0.0,0.0,0.0,0.0,0.0,0.0,0.0,0.3933,0.01292,0.0,0.0,0.0,0.0,0.0,0.0,0.0,0.0,0.0,0.0,0.40629095674967247,20.30144167758844,9.226736566186108,0.06553079947575362,0.0,0.0,0.0,0.0,0.0,0.0,0.0,0.0,0.0,0.0,0.0,0.0,0.0,0.0,0.0,0.0
99900,4448,2253,0.5065197841726619,1050,912,0.44109712230215825,1246,0.560251798561151,0.418,2.9485193621867882,3.164091141349133,6.694581280788177,2.1331660898473306,9395.36298544193,1522.3897542531336,7853.0,10923.686220169067,10898.020221591525,7.390120511890252,7853.0,0.0,27.467176258992804,20.707566952127582,32.45723507261969,18.99084389372247,0.1423111510791367,0.10206834532374101,0.09667266187050359,0.08678057553956835,0.07913669064748201,0.07846223021582734,0.06744604316546762,0.06474820143884892,0.05777877697841727,0.05148381294964029,0.042940647482014385,0.03866906474820144,0.03304856115107914,0.025179856115107913,0.016636690647482015,0.011016187050359711,0.005620503597122302,0.9391250327202699,0.023379483592570853,0.0,0.0,0.0,0.0,0.0,0.0,0.0,0.0,0.0,0.0,0.0,0.0,0.0,0.0,0.0,0.0,0.0,0.0,0.0,0.0,0.0,0.0,0.0,0.0,0.0,0.03372302158273382,1.3826438848920868,10.602517985611513,14.29856115107914,3.6825539568345333,4.293535853055458,2.9208970538986834,nan,nan,nan,4.248595505617978,2.861748550968195,4.339019189765459,2.9788746660620893,1.021283194417523,0.3926,0.01289,0.0,0.0,0.0,0.0,0.0,0.0,0.0,0.0,0.0,0.0,0.5328237410071943,20.9757194244604,8.444244604316548,0.04721223021582735,0.0,0.0,0.0,0.0,0.0,0.0,0.0,0.0,0.0,0.0,0.0,0.0,0.0,0.0,0.0,0.0,nan,nan,4.293535853055458,2.9208970538986834,nan,0.3926,0.06683,0.0,0.0,0.0,0.0,0.0,0.0,0.0,0.0,0.0,0.0,0.0,0.0,0.0,0.0,0.0,0.0,0.0,0.0,0.0,0.0,0.00034847122302158275,0.0,5.6205035971223025e-05,0.002933902877697842,0.0021807553956834534,6.744604316546762e-05,0.00014613309352517985,0.008857913669064748,0.008880395683453238,0.011342176258992805,0.01149955035971223,0.04391861510791367,0.04762814748201439,0.03202562949640288,0.12712455035971224,0.08095773381294964,0.06346672661870503,0.042344874100719423,0.04482913669064748,0.02516861510791367,0.06339928057553956,0.07106564748201438,0.04522257194244604,0.03201438848920863,0.02087455035971223,0.023010341726618706,0.016355665467625898,0.02707958633093525,0.03506070143884892,0.04008543165467626,0.008273381294964029,0.02002023381294964,0.0074640287769784175,0.00610386690647482,0.006587230215827338,0.004159172661870504,0.006058902877697842,0.0002922661870503597,0.00991456834532374,0.0016074640287769785,2.248201438848921e-05,0.00013489208633093525,0.0014051258992805755,1.1241007194244605e-05,0.0,0.0,0.0,0.0,0.0,0.0,0.0,0.0,0.0,0.0,0.0,0.0,0.0,0.0,0.0,0.0,0.0,0.0,0.0,0.0,0.0,0.0,0.0,0.0,0.0,0.0,0.0,0.0,0.0,0.0,0.0,0.0,0.0,0.0,0.0,0.0,0.0,nan,nan,4.293535853055458,2.9208970538986834,nan,0.939654697802561,0.023520895506467483,0.0,0.0,0.0,0.0,0.0,0.0,0.0,0.0,0.0,0.0,0.0,0.0,0.0,0.0,0.0,0.0,0.0,0.0,0.0,0.0,0.0,0.0,0.0,0.0,0.0,0.013315579227696408,1.464713715046605,10.292942743009322,14.300932090545942,3.92809587217044,0.9385813719319319,0.023220878673834978,0.0,0.0,0.0,0.0,0.0,0.0,0.0,0.0,0.0,0.0,0.0,0.0,0.0,0.0,0.0,0.0,0.0,0.0,0.0,0.0,0.0,0.0,0.0,0.0,0.0,0.05466970387243737,1.2984054669703875,10.920273348519364,14.296127562642372,3.430523917995445,0.3926,0.012955,0.0,0.0,0.0,0.0,0.0,0.0,0.0,0.0,0.0,0.0,0.5592543275632491,20.905459387483326,8.482023968042611,0.05326231691078563,0.0,0.0,0.0,0.0,0.0,0.0,0.0,0.0,0.0,0.0,0.0,0.0,0.0,0.0,0.0,0.0,0.3926,0.01284,0.0,0.0,0.0,0.0,0.0,0.0,0.0,0.0,0.0,0.0,0.5056947608200456,21.047835990888352,8.405466970387245,0.041002277904328026,0.0,0.0,0.0,0.0,0.0,0.0,0.0,0.0,0.0,0.0,0.0,0.0,0.0,0.0,0.0,0.0
100000,4616,2451,0.5309792027729636,1141,957,0.4545060658578856,1314,0.5693240901213171,0.40199999999999997,3.0041570438799075,3.040979739610723,6.538585209003215,2.0281673871095856,9469.797680113277,1519.5520705219515,7853.0,10923.60548388958,10897.935981804523,7.2360081447916,7853.0,0.0,28.432409012131714,20.884124224633794,33.41617306206541,19.012455520847173,0.13821490467937608,0.09445407279029462,0.08947140381282495,0.08925476603119584,0.07430675909878683,0.07019064124783363,0.0751733102253033,0.06932409012131716,0.06542461005199307,0.04852686308492201,0.04744367417677643,0.03552859618717504,0.03856152512998267,0.03119584055459272,0.01733102253032929,0.010398613518197574,0.005199306759098787,0.9392793044137996,0.023078060012228334,0.0,0.0,0.0,0.0,0.0,0.0,0.0,0.0,0.0,0.0,0.0,0.0,0.0,0.0,0.0,0.0,0.0,0.0,0.0,0.0,0.0,0.0,0.0,0.0,0.0,0.019497400346620453,1.2283362218370886,10.710571923743505,14.467071057192378,3.5745233968804166,4.2259774685222,2.86311772898747,nan,nan,nan,4.259879437374414,2.8432087071435523,4.192786885245901,2.88208948061198,0.9842501288792659,0.393,0.0125,0.0,0.0,0.0,0.0,0.0,0.0,0.0,0.0,0.0,0.0,0.4354419410745235,21.04419410745231,8.487868284228771,0.03249566724436742,0.0,0.0,0.0,0.0,0.0,0.0,0.0,0.0,0.0,0.0,0.0,0.0,0.0,0.0,0.0,0.0,nan,nan,4.2259774685222,2.86311772898747,nan,0.393,0.0666,0.0,0.0,0.0,0.0,0.0,0.0,0.0,0.0,0.0,0.0,0.0,0.0,0.0,0.0,0.0,0.0,0.0,0.0,0.0,1.0831889081455806e-05,0.0006607452339688042,0.0,0.0,0.0031629116117850953,0.002231369150779896,0.00015164644714038127,0.00023830155979202774,0.00826473136915078,0.008827989601386482,0.011319324090121317,0.011600953206239169,0.04139948006932409,0.044454072790294626,0.03343804159445407,0.1261048526863085,0.0794627383015598,0.06260831889081456,0.04292677642980936,0.04228769497400347,0.027025563258232237,0.06695190641247833,0.07097053726169844,0.046631282495667246,0.034358752166377814,0.018381715771230503,0.02347270363951473,0.01572790294627383,0.02887781629116118,0.03417461005199307,0.04238518197573657,0.0071165511265164644,0.02175043327556326,0.008037261698440207,0.006141681109185442,0.006195840554592721,0.004538561525129983,0.006130849220103986,0.0002166377816291161,0.009358752166377816,0.0010831889081455806,1.0831889081455806e-05,0.00011915077989601387,0.0011806759098786828,1.0831889081455806e-05,0.0,0.0,0.0,0.0,0.0,0.0,0.0,0.0,0.0,0.0,0.0,0.0,0.0,0.0,0.0,0.0,0.0,0.0,0.0,0.0,0.0,0.0,0.0,0.0,0.0,0.0,0.0,0.0,0.0,0.0,0.0,0.0,0.0,0.0,0.0,0.0,0.0,nan,nan,4.2259774685222,2.86311772898747,nan,0.93879791212685,0.022767333579735437,0.0,0.0,0.0,0.0,0.0,0.0,0.0,0.0,0.0,0.0,0.0,0.0,0.0,0.0,0.0,0.0,0.0,0.0,0.0,0.0,0.0,0.0,0.0,0.0,0.0,0.0,1.1872705018359855,10.881272949816404,14.492044063647494,3.439412484700123,0.9398242894000874,0.023412917512918848,0.0,0.0,0.0,0.0,0.0,0.0,0.0,0.0,0.0,0.0,0.0,0.0,0.0,0.0,0.0,0.0,0.0,0.0,0.0,0.0,0.0,0.0,0.0,0.0,0.0,0.041570438799076216,1.2748267898383374,10.517321016166283,14.438799076212474,3.7274826789838347,0.393,0.012596,0.0,0.0,0.0,0.0,0.0,0.0,0.0,0.0,0.0,0.0,0.4773561811505509,21.19951040391674,8.286413708690333,0.03671970624235007,0.0,0.0,0.0,0.0,0.0,0.0,0.0,0.0,0.0,0.0,0.0,0.0,0.0,0.0,0.0,0.0,0.3933,0.01238,0.0,0.0,0.0,0.0,0.0,0.0,0.0,0.0,0.0,0.0,0.3879907621247114,20.86836027713623,8.715935334872981,0.027713625866050817,0.0,0.0,0.0,0.0,0.0,0.0,0.0,0.0,0.0,0.0,0.0,0.0,0.0,0.0,0.0,0.0