year,n,n_male,p_male,n_male_fertile,n_female_fertile,p_fertile,n_pairs,p_pair,birth_rate,m_children,sd_children,m_children_over_40,sd_children_over_40,m_energy,sd_energy,min_energy,max_energy,m_energy_male,sd_energy_male,m_energy_female,sd_energy_female,m_age,sd_age,m_age_over_5,sd_age_over_5,p_age_0-5,p_age_5-10,p_age_10-15,p_age_15-20,p_age_20-25,p_age_25-30,p_age_30-35,p_age_35-40,p_age_40-45,p_age_45-50,p_age_50-55,p_age_55-60,p_age_60-65,p_age_65-70,p_age_70-75,p_age_75-80,p_age_80-100,m_culture,sd_culture,pdf_culture_0-33,pdf_culture_33-67,pdf_culture_67-100,pdf_culture_100-133,pdf_culture_133-167,pdf_culture_167-200,pdf_culture_200-233,pdf_culture_233-267,pdf_culture_267-300,pdf_culture_300-333,pdf_culture_333-367,pdf_culture_367-400,pdf_culture_400-433,pdf_culture_433-467,pdf_culture_467-500,pdf_culture_500-533,pdf_culture_533-567,pdf_culture_567-600,pdf_culture_600-633,pdf_culture_633-667,pdf_culture_667-700,pdf_culture_700-733,pdf_culture_733-767,pdf_culture_767-800,pdf_culture_800-833,pdf_culture_833-867,pdf_culture_867-900,pdf_culture_900-933,pdf_culture_933-967,pdf_culture_967-1000,m_children_culture_over_750,sd_children_culture_over_750,m_children_culture_under_750,sd_children_culture_under_750,ratio_children_culture_under-over_750,m_children_culture_over_median,sd_children_culture_over_median,m_children_culture_under_median,sd_children_culture_under_median,ratio_children_culture_under-over_median,m_pheno,sd_pheno,pdf_pheno_0-33,pdf_pheno_33-67,pdf_pheno_67-100,pdf_pheno_100-133,pdf_pheno_133-167,pdf_pheno_167-200,pdf_pheno_200-233,pdf_pheno_233-267,pdf_pheno_267-300,pdf_pheno_300-333,pdf_pheno_333-367,pdf_pheno_367-400,pdf_pheno_400-433,pdf_pheno_433-467,pdf_pheno_467-500,pdf_pheno_500-533,pdf_pheno_533-567,pdf_pheno_567-600,pdf_pheno_600-633,pdf_pheno_633-667,pdf_pheno_667-700,pdf_pheno_700-733,pdf_pheno_733-767,pdf_pheno_767-800,pdf_pheno_800-833,pdf_pheno_833-867,pdf_pheno_867-900,pdf_pheno_900-933,pdf_pheno_933-967,pdf_pheno_967-1000,m_children_pheno_over_750,sd_children_pheno_over_750,m_children_pheno_under_750,sd_children_pheno_under_750,ratio_children_pheno_under-over,m_geno,sd_geno,p_geno_0,p_geno_1,p_geno_2,p_geno_3,p_geno_4,p_geno_5,p_geno_6,p_geno_7,p_geno_8,p_geno_9,p_geno_10,p_geno_11,p_geno_12,p_geno_13,p_geno_14,p_geno_15,p_geno_16,p_geno_17,p_geno_18,p_geno_19,p_geno_20,p_geno_21,p_geno_22,p_geno_23,p_geno_24,p_geno_25,p_geno_26,p_geno_27,p_geno_28,p_geno_29,p_geno_30,p_geno_31,p_geno_32,p_geno_33,p_geno_34,p_geno_35,p_geno_36,p_geno_37,p_geno_38,p_geno_39,p_geno_40,p_geno_41,p_geno_42,p_geno_43,p_geno_44,p_geno_45,p_geno_46,p_geno_47,p_geno_48,p_geno_49,p_geno_50,p_geno_51,p_geno_52,p_geno_53,p_geno_54,p_geno_55,p_geno_56,p_geno_57,p_geno_58,p_geno_59,p_geno_60,p_geno_61,p_geno_62,p_geno_63,p_geno_64,p_geno_65,p_geno_66,p_geno_67,p_geno_68,p_geno_69,p_geno_70,p_geno_71,p_geno_72,p_geno_73,p_geno_74,p_geno_75,p_geno_76,p_geno_77,p_geno_78,p_geno_79,p_geno_80,p_geno_81,p_geno_82,p_geno_83,p_geno_84,p_geno_85,p_geno_86,p_geno_87,p_geno_88,p_geno_89,p_geno_90,p_geno_91,p_geno_92,p_geno_93,p_geno_94,p_geno_95,p_geno_96,p_geno_97,p_geno_98,p_geno_99,p_geno_100,m_children_geno_over_750,sd_children_geno_over_750,m_children_geno_under_750,sd_children_geno_under_750,ratio_children_geno_under-over,male_m_culture,male_sd_culture,male_pdf_culture_0-33,male_pdf_culture_33-67,male_pdf_culture_67-100,male_pdf_culture_100-133,male_pdf_culture_133-167,male_pdf_culture_167-200,male_pdf_culture_200-233,male_pdf_culture_233-267,male_pdf_culture_267-300,male_pdf_culture_300-333,male_pdf_culture_333-367,male_pdf_culture_367-400,male_pdf_culture_400-433,male_pdf_culture_433-467,male_pdf_culture_467-500,male_pdf_culture_500-533,male_pdf_culture_533-567,male_pdf_culture_567-600,male_pdf_culture_600-633,male_pdf_culture_633-667,male_pdf_culture_667-700,male_pdf_culture_700-733,male_pdf_culture_733-767,male_pdf_culture_767-800,male_pdf_culture_800-833,male_pdf_culture_833-867,male_pdf_culture_867-900,male_pdf_culture_900-933,male_pdf_culture_933-967,male_pdf_culture_967-1000,female_m_culture,female_sd_culture,female_pdf_culture_0-33,female_pdf_culture_33-67,female_pdf_culture_67-100,female_pdf_culture_100-133,female_pdf_culture_133-167,female_pdf_culture_167-200,female_pdf_culture_200-233,female_pdf_culture_233-267,female_pdf_culture_267-300,female_pdf_culture_300-333,female_pdf_culture_333-367,female_pdf_culture_367-400,female_pdf_culture_400-433,female_pdf_culture_433-467,female_pdf_culture_467-500,female_pdf_culture_500-533,female_pdf_culture_533-567,female_pdf_culture_567-600,female_pdf_culture_600-633,female_pdf_culture_633-667,female_pdf_culture_667-700,female_pdf_culture_700-733,female_pdf_culture_733-767,female_pdf_culture_767-800,female_pdf_culture_800-833,female_pdf_culture_833-867,female_pdf_culture_867-900,female_pdf_culture_900-933,female_pdf_culture_933-967,female_pdf_culture_967-1000,male_m_pheno,male_sd_pheno,male_pdf_pheno_0-33,male_pdf_pheno_33-67,male_pdf_pheno_67-100,male_pdf_pheno_100-133,male_pdf_pheno_133-167,male_pdf_pheno_167-200,male_pdf_pheno_200-233,male_pdf_pheno_233-267,male_pdf_pheno_267-300,male_pdf_pheno_300-333,male_pdf_pheno_333-367,male_pdf_pheno_367-400,male_pdf_pheno_400-433,male_pdf_pheno_433-467,male_pdf_pheno_467-500,male_pdf_pheno_500-533,male_pdf_pheno_533-567,male_pdf_pheno_567-600,male_pdf_pheno_600-633,male_pdf_pheno_633-667,male_pdf_pheno_667-700,male_pdf_pheno_700-733,male_pdf_pheno_733-767,male_pdf_pheno_767-800,male_pdf_pheno_800-833,male_pdf_pheno_833-867,male_pdf_pheno_867-900,male_pdf_pheno_900-933,male_pdf_pheno_933-967,male_pdf_pheno_967-1000,female_m_pheno,female_sd_pheno,female_pdf_pheno_0-33,female_pdf_pheno_33-67,female_pdf_pheno_67-100,female_pdf_pheno_100-133,female_pdf_pheno_133-167,female_pdf_pheno_167-200,female_pdf_pheno_200-233,female_pdf_pheno_233-267,female_pdf_pheno_267-300,female_pdf_pheno_300-333,female_pdf_pheno_333-367,female_pdf_pheno_367-400,female_pdf_pheno_400-433,female_pdf_pheno_433-467,female_pdf_pheno_467-500,female_pdf_pheno_500-533,female_pdf_pheno_533-567,female_pdf_pheno_567-600,female_pdf_pheno_600-633,female_pdf_pheno_633-667,female_pdf_pheno_667-700,female_pdf_pheno_700-733,female_pdf_pheno_733-767,female_pdf_pheno_767-800,female_pdf_pheno_800-833,female_pdf_pheno_833-867,female_pdf_pheno_867-900,female_pdf_pheno_900-933,female_pdf_pheno_933-967,female_pdf_pheno_967-1000
100,735,416,0.5659863945578232,209,127,0.45714285714285713,178,0.48435374149659866,0.49000000000000005,3.0564263322884013,3.159790639278416,6.638297872340425,2.030884221166413,6649.800000000003,2.7284841053187847e-12,6649.8,6649.8,6649.800000000002,1.8189894035458565e-12,6649.800000000002,1.8189894035458565e-12,28.031292517006804,20.21733210334684,32.430842607313195,18.51765117001616,0.1306122448979592,0.08843537414965986,0.09931972789115646,0.08435374149659863,0.09251700680272108,0.07891156462585033,0.07346938775510205,0.0653061224489796,0.055782312925170066,0.053061224489795916,0.05170068027210884,0.044897959183673466,0.029931972789115645,0.021768707482993196,0.017687074829931974,0.00816326530612245,0.004081632653061225,0.9426190617944108,0.03327790844325907,0.0,0.0,0.0,0.0,0.0,0.0,0.0,0.0,0.0,0.0,0.0,0.0,0.0,0.0,0.0,0.0,0.0,0.0,0.0,0.0,0.0,0.0,0.0,0.04081632653061212,0.16326530612244902,0.2857142857142858,2.0408163265306127,8.734693877551022,11.714285714285717,7.020408163265308,4.0336842105263155,2.9655783327448004,nan,nan,nan,4.178260869565217,2.9721104376665077,3.9098360655737703,2.9531980396935955,0.9357568106992376,0.4,0.02565,0.0,0.0,0.0,0.0,0.0,0.0,0.0,0.0,0.040816326530612256,0.16326530612244902,2.693877551020409,12.12244897959182,11.877551020408166,3.061224489795919,0.040816326530612256,0.0,0.0,0.0,0.0,0.0,0.0,0.0,0.0,0.0,0.0,0.0,0.0,0.0,0.0,0.0,nan,nan,4.0336842105263155,2.9655783327448004,nan,0.4,0.11426,6.802721088435374e-05,0.0,0.0,0.00020408163265306123,0.0008843537414965987,6.802721088435374e-05,0.0,0.0007482993197278912,0.0006122448979591836,0.0009523809523809524,0.002993197278911565,0.0012244897959183673,0.004897959183673469,0.0010204081632653062,0.0017006802721088435,0.004149659863945578,0.004625850340136055,0.006190476190476191,0.0053741496598639455,0.005782312925170068,0.005578231292517007,0.008775510204081632,0.012585034013605442,0.01020408163265306,0.01292517006802721,0.01292517006802721,0.0163265306122449,0.0163265306122449,0.022312925170068026,0.0236734693877551,0.024761904761904763,0.02326530612244898,0.02639455782312925,0.024285714285714285,0.034081632653061224,0.031292517006802724,0.03299319727891156,0.0354421768707483,0.03571428571428571,0.03197278911564626,0.029523809523809525,0.03802721088435374,0.04013605442176871,0.03074829931972789,0.0391156462585034,0.0336734693877551,0.025170068027210883,0.0291156462585034,0.02782312925170068,0.02891156462585034,0.022585034013605444,0.021292517006802722,0.014149659863945578,0.016666666666666666,0.014625850340136054,0.012993197278911565,0.011020408163265306,0.014625850340136054,0.010680272108843538,0.00727891156462585,0.008571428571428572,0.007551020408163266,0.00891156462585034,0.0038095238095238095,0.004081632653061225,0.0025850340136054422,0.0017006802721088435,0.003061224489795918,0.001836734693877551,0.002108843537414966,0.0009523809523809524,0.0008843537414965987,0.0009523809523809524,0.0006802721088435374,0.00013605442176870748,0.00027210884353741496,0.0,0.0,0.0,0.00020408163265306123,0.00013605442176870748,6.802721088435374e-05,0.0,0.0,0.0,0.0,0.0,0.0,0.0,0.0,0.0,0.0,0.0,0.0,0.0,0.0,0.0,0.0,0.0,0.0,0.0,nan,nan,4.0336842105263155,2.9655783327448004,nan,0.9423510882143791,0.03461130850318548,0.0,0.0,0.0,0.0,0.0,0.0,0.0,0.0,0.0,0.0,0.0,0.0,0.0,0.0,0.0,0.0,0.0,0.0,0.0,0.0,0.0,0.0,0.0,0.07211538461538439,0.14423076923076927,0.5048076923076924,1.730769230769231,9.158653846153848,11.105769230769234,7.283653846153848,0.9429685195037938,0.03145081855878296,0.0,0.0,0.0,0.0,0.0,0.0,0.0,0.0,0.0,0.0,0.0,0.0,0.0,0.0,0.0,0.0,0.0,0.0,0.0,0.0,0.0,0.0,0.0,0.0,0.18808777429467088,0.0,2.4451410658307218,8.181818181818183,12.507836990595614,6.677115987460817,0.3992,0.02538,0.0,0.0,0.0,0.0,0.0,0.0,0.0,0.0,0.07211538461538464,0.14423076923076927,2.8125000000000004,12.115384615384597,11.971153846153848,2.884615384615385,0.0,0.0,0.0,0.0,0.0,0.0,0.0,0.0,0.0,0.0,0.0,0.0,0.0,0.0,0.0,0.0,0.4006,0.02597,0.0,0.0,0.0,0.0,0.0,0.0,0.0,0.0,0.0,0.18808777429467088,2.539184952978057,12.131661442006253,11.75548589341693,3.2915360501567403,0.09404388714733544,0.0,0.0,0.0,0.0,0.0,0.0,0.0,0.0,0.0,0.0,0.0,0.0,0.0,0.0,0.0
200,723,364,0.5034578146611342,157,161,0.43983402489626555,197,0.5449515905947441,0.504,3.0055710306406684,3.1850927396663007,6.81,2.166541021997968,6649.800000000002,1.8189894035458565e-12,6649.8,6649.8,6649.800000000002,1.8189894035458565e-12,6649.800000000003,2.7284841053187847e-12,27.428769017980635,20.720196200161894,32.2483552631579,19.076262217467487,0.13692946058091288,0.10235131396957123,0.08852005532503458,0.11756569847856155,0.07745504840940526,0.06500691562932227,0.06915629322268327,0.05394190871369295,0.06224066390041494,0.04979253112033195,0.04564315352697095,0.04702627939142462,0.027662517289073305,0.024896265560165973,0.012448132780082987,0.009681881051175657,0.009681881051175657,0.9418933413005633,0.03240261932947791,0.0,0.0,0.0,0.0,0.0,0.0,0.0,0.0,0.0,0.0,0.0,0.0,0.0,0.0,0.0,0.0,0.0,0.0,0.0,0.0,0.0,0.0,0.0,0.0,0.0,0.49792531120331956,2.821576763485478,7.759336099585063,12.28215767634855,6.639004149377595,4.340563991323211,2.9630887082164405,nan,nan,nan,4.441048034934497,2.851839327155544,4.246753246753247,3.0712569623402115,0.9562502394360803,0.4006,0.02489,0.0,0.0,0.0,0.0,0.0,0.0,0.0,0.0,0.0,0.08298755186721994,2.7385892116182577,12.11618257261409,12.28215767634855,2.614107883817428,0.16597510373443988,0.0,0.0,0.0,0.0,0.0,0.0,0.0,0.0,0.0,0.0,0.0,0.0,0.0,0.0,0.0,nan,nan,4.340563991323211,2.9630887082164405,nan,0.4006,0.11395,0.0004149377593360996,0.0,0.0,0.00034578146611341634,0.0,0.0,0.0,0.0002074688796680498,0.00027662517289073305,0.0011756569847856154,0.0024896265560165973,0.0018672199170124482,0.002904564315352697,0.0,0.0017980636237897648,0.0038035961272475795,0.004218533886583679,0.007053941908713693,0.006915629322268326,0.0031120331950207467,0.006085753803596127,0.011756569847856155,0.014384508990318118,0.008229598893499309,0.012448132780082987,0.012586445366528354,0.01950207468879668,0.015767634854771784,0.023651452282157676,0.022752420470262793,0.030152143845089904,0.017081604426002765,0.022959889349930845,0.027731673582295988,0.038174273858921165,0.03748271092669433,0.0313969571230982,0.03478561549100968,0.03326417704011065,0.031673582295988933,0.02309820193637621,0.03713692946058091,0.04066390041493776,0.02544951590594744,0.03727524204702628,0.0351313969571231,0.024273858921161826,0.030221300138312587,0.03367911479944675,0.027662517289073305,0.022959889349930845,0.017289073305670817,0.01293222683264177,0.02116182572614108,0.012378976486860304,0.014315352697095435,0.010788381742738589,0.020193637621023514,0.010788381742738589,0.00677731673582296,0.00677731673582296,0.007468879668049793,0.010650069156293223,0.004564315352697096,0.0020055325034578145,0.0026279391424619642,0.0026970954356846473,0.0024204702627939143,0.00338865836791148,0.0006915629322268327,0.00048409405255878286,0.00034578146611341634,0.0011756569847856154,0.0009681881051175657,0.0,0.0011065006915629322,0.0,0.0,0.0,0.0,0.0,0.0,0.0,0.0,0.0,0.0,0.0,0.0,0.0,0.0,0.0,0.0,0.0,0.0,0.0,0.0,0.0,0.0,0.0,0.0,0.0,nan,nan,4.340563991323211,2.9630887082164405,nan,0.9417410550209192,0.0328088362321036,0.0,0.0,0.0,0.0,0.0,0.0,0.0,0.0,0.0,0.0,0.0,0.0,0.0,0.0,0.0,0.0,0.0,0.0,0.0,0.0,0.0,0.0,0.0,0.0,0.0,0.4120879120879122,3.04945054945055,7.500000000000001,12.280219780219783,6.758241758241759,0.9420477485590326,0.031984737716093385,0.0,0.0,0.0,0.0,0.0,0.0,0.0,0.0,0.0,0.0,0.0,0.0,0.0,0.0,0.0,0.0,0.0,0.0,0.0,0.0,0.0,0.0,0.0,0.0,0.0,0.5849582172701951,2.5905292479108644,8.022284122562676,12.284122562674098,6.518105849582174,0.3994,0.02481,0.0,0.0,0.0,0.0,0.0,0.0,0.0,0.0,0.0,0.0,3.214285714285715,12.362637362637345,11.950549450549453,2.3076923076923084,0.1648351648351649,0.0,0.0,0.0,0.0,0.0,0.0,0.0,0.0,0.0,0.0,0.0,0.0,0.0,0.0,0.0,0.4016,0.0249,0.0,0.0,0.0,0.0,0.0,0.0,0.0,0.0,0.0,0.16713091922005574,2.2562674094707527,11.866295264623938,12.61838440111421,2.9247910863509756,0.16713091922005574,0.0,0.0,0.0,0.0,0.0,0.0,0.0,0.0,0.0,0.0,0.0,0.0,0.0,0.0,0.0
300,802,410,0.5112219451371571,177,164,0.4251870324189526,217,0.5411471321695761,0.484,2.979591836734694,3.194317632848242,6.9411764705882355,2.1412087909648583,6649.800000000002,1.8189894035458565e-12,6649.8,6649.8,6649.800000000002,1.8189894035458565e-12,6649.800000000001,9.094947017729282e-13,26.973815461346632,20.659586548741675,31.973053892215567,19.032021353012578,0.14463840399002495,0.1059850374064838,0.1059850374064838,0.09102244389027432,0.0773067331670823,0.07481296758104738,0.07107231920199501,0.05236907730673317,0.05112219451371571,0.05112219451371571,0.0399002493765586,0.048628428927680795,0.029925187032418952,0.02369077306733167,0.02119700748129676,0.006234413965087282,0.004987531172069825,0.9367016390374772,0.03579382541918346,0.0,0.0,0.0,0.0,0.0,0.0,0.0,0.0,0.0,0.0,0.0,0.0,0.0,0.0,0.0,0.0,0.0,0.0,0.0,0.0,0.0,0.0,0.0,0.07481296758104715,0.22443890274314218,0.7855361596009977,2.955112219451372,9.20199501246883,10.623441396508731,6.1346633416458864,4.494887525562373,2.929379150291646,nan,nan,nan,4.409638554216867,2.971225368537716,4.583333333333333,2.8826588806555353,1.0393897996357013,0.4033,0.02448,0.0,0.0,0.0,0.0,0.0,0.0,0.0,0.0,0.0,0.0,1.9077306733167085,12.381546134663324,12.306733167082296,3.179551122194514,0.22443890274314218,0.0,0.0,0.0,0.0,0.0,0.0,0.0,0.0,0.0,0.0,0.0,0.0,0.0,0.0,0.0,nan,nan,4.494887525562373,2.929379150291646,nan,0.4033,0.1138,0.00012468827930174563,0.0,0.0,0.0007481296758104738,0.0,0.0,0.0,0.00024937655860349125,0.0,0.000685785536159601,0.0022443890274314216,0.002057356608478803,0.005798004987531172,0.0,0.0008728179551122195,0.0029925187032418953,0.0023067331670822942,0.0072942643391521195,0.005174563591022444,0.0035536159600997506,0.0059226932668329174,0.011845386533665835,0.0178927680798005,0.00685785536159601,0.008541147132169576,0.014214463840399002,0.014775561097256858,0.014650872817955112,0.023940149625935162,0.025685785536159602,0.025374064837905237,0.016458852867830425,0.017394014962593515,0.033354114713216955,0.03796758104738154,0.039775561097256856,0.030361596009975064,0.034912718204488775,0.033977556109725686,0.0321072319201995,0.024875311720698255,0.0428927680798005,0.03534912718204489,0.02437655860349127,0.03273067331670823,0.03628428927680798,0.02275561097256858,0.02961346633416459,0.03734413965087282,0.025561097256857856,0.02562344139650873,0.01945137157107232,0.011907730673316708,0.018453865336658354,0.015087281795511222,0.017643391521197007,0.012344139650872818,0.021633416458852868,0.009351620947630923,0.00860349127182045,0.006608478802992519,0.006359102244389027,0.011346633416458854,0.006359102244389027,0.002119700748129676,0.002743142144638404,0.0014962593516209476,0.0007481296758104738,0.006172069825436409,0.0014962593516209476,0.00024937655860349125,0.0003740648379052369,0.0008104738154613466,0.0005610972568578554,0.0,0.0005610972568578554,0.0,0.0,0.0,0.0,0.0,0.0,0.0,0.0,0.0,0.0,0.0,0.0,0.0,0.0,0.0,0.0,0.0,0.0,0.0,0.0,0.0,0.0,0.0,0.0,0.0,nan,nan,4.494887525562373,2.929379150291646,nan,0.9368231815535848,0.036185023205887436,0.0,0.0,0.0,0.0,0.0,0.0,0.0,0.0,0.0,0.0,0.0,0.0,0.0,0.0,0.0,0.0,0.0,0.0,0.0,0.0,0.0,0.0,0.0,0.0,0.2926829268292684,1.0975609756097564,2.560975609756098,9.29268292682927,10.390243902439027,6.365853658536587,0.9365745154874665,0.03537959005860951,0.0,0.0,0.0,0.0,0.0,0.0,0.0,0.0,0.0,0.0,0.0,0.0,0.0,0.0,0.0,0.0,0.0,0.0,0.0,0.0,0.0,0.0,0.0,0.15306122448979545,0.15306122448979595,0.4591836734693878,3.3673469387755106,9.10714285714286,10.867346938775512,5.892857142857144,0.4038,0.02489,0.0,0.0,0.0,0.0,0.0,0.0,0.0,0.0,0.0,0.0,1.9756097560975616,11.34146341463413,13.243902439024392,3.1463414634146347,0.2926829268292684,0.0,0.0,0.0,0.0,0.0,0.0,0.0,0.0,0.0,0.0,0.0,0.0,0.0,0.0,0.0,0.4028,0.02402,0.0,0.0,0.0,0.0,0.0,0.0,0.0,0.0,0.0,0.0,1.8367346938775513,13.469387755102023,11.3265306122449,3.214285714285715,0.15306122448979595,0.0,0.0,0.0,0.0,0.0,0.0,0.0,0.0,0.0,0.0,0.0,0.0,0.0,0.0,0.0
400,720,379,0.5263888888888889,183,153,0.4666666666666667,213,0.5916666666666667,0.518,3.1114369501466275,2.9935244853291554,6.257425742574258,2.232316495830092,6649.800000000001,9.094947017729282e-13,6649.8,6649.8,6649.800000000002,1.8189894035458565e-12,6649.800000000002,1.8189894035458565e-12,28.309722222222224,20.77230835432798,32.99346405228758,18.99561240430855,0.13333333333333333,0.09583333333333334,0.08611111111111111,0.08194444444444444,0.08194444444444444,0.09861111111111111,0.07222222222222222,0.059722222222222225,0.06388888888888888,0.04027777777777778,0.044444444444444446,0.0375,0.041666666666666664,0.029166666666666667,0.016666666666666666,0.0125,0.004166666666666667,0.9370859461526077,0.031073061129006173,0.0,0.0,0.0,0.0,0.0,0.0,0.0,0.0,0.0,0.0,0.0,0.0,0.0,0.0,0.0,0.0,0.0,0.0,0.0,0.0,0.0,0.0,0.0,0.0,0.04166666666666668,0.20833333333333337,3.583333333333334,9.54166666666667,11.29166666666667,5.333333333333335,4.228511530398323,2.751821292520224,nan,nan,nan,4.283898305084746,2.744778412191233,4.174273858921162,2.757622779475278,0.9744101193920813,0.4087,0.02574,0.0,0.0,0.0,0.0,0.0,0.0,0.0,0.0,0.0,0.0,1.3750000000000002,10.416666666666652,13.083333333333336,4.625000000000001,0.4583333333333334,0.04166666666666668,0.0,0.0,0.0,0.0,0.0,0.0,0.0,0.0,0.0,0.0,0.0,0.0,0.0,0.0,nan,nan,4.228511530398323,2.751821292520224,nan,0.4087,0.1133,0.0004166666666666667,0.0,0.0,0.0015277777777777779,0.0,0.0,0.0,0.0008333333333333334,0.0,0.0001388888888888889,0.0020833333333333333,0.002777777777777778,0.0025694444444444445,0.0,0.0008333333333333334,0.002013888888888889,0.0005555555555555556,0.006319444444444444,0.005486111111111111,0.004722222222222222,0.0035416666666666665,0.010486111111111111,0.017569444444444443,0.005347222222222222,0.005902777777777778,0.016666666666666666,0.01361111111111111,0.014791666666666667,0.021527777777777778,0.029930555555555554,0.01986111111111111,0.015486111111111112,0.017361111111111112,0.03131944444444444,0.033819444444444444,0.03423611111111111,0.03326388888888889,0.04631944444444445,0.03347222222222222,0.03159722222222222,0.021180555555555557,0.03784722222222222,0.03965277777777778,0.021111111111111112,0.03263888888888889,0.03208333333333333,0.02736111111111111,0.030069444444444444,0.04423611111111111,0.028125,0.030833333333333334,0.021805555555555557,0.01375,0.019166666666666665,0.017430555555555557,0.019097222222222224,0.013333333333333334,0.019791666666666666,0.007013888888888889,0.007152777777777778,0.0061805555555555555,0.0060416666666666665,0.009236111111111112,0.005069444444444444,0.0024305555555555556,0.0022916666666666667,0.0034027777777777776,0.0008333333333333334,0.0075,0.0028472222222222223,6.944444444444444e-05,6.944444444444444e-05,0.0014583333333333334,0.0018055555555555555,0.0,0.0006944444444444445,0.0,0.0,0.0,0.0,0.0,0.0,0.0,0.0,0.0,0.0,0.0,0.0,0.0,0.0,0.0,0.0,0.0,0.0,0.0,0.0,0.0,0.0,0.0,0.0,0.0,nan,nan,4.228511530398323,2.751821292520224,nan,0.9357198479936746,0.030267039123857892,0.0,0.0,0.0,0.0,0.0,0.0,0.0,0.0,0.0,0.0,0.0,0.0,0.0,0.0,0.0,0.0,0.0,0.0,0.0,0.0,0.0,0.0,0.0,0.0,0.0,0.15831134564643803,3.7203166226912936,9.815303430079158,11.794195250659634,4.511873350923484,0.9386042781239731,0.031876428324663225,0.0,0.0,0.0,0.0,0.0,0.0,0.0,0.0,0.0,0.0,0.0,0.0,0.0,0.0,0.0,0.0,0.0,0.0,0.0,0.0,0.0,0.0,0.0,0.0,0.08797653958944283,0.2639296187683285,3.4310850439882703,9.237536656891498,10.733137829912026,6.246334310850441,0.4084,0.02531,0.0,0.0,0.0,0.0,0.0,0.0,0.0,0.0,0.0,0.0,1.2664907651715043,10.131926121372016,13.53562005277045,4.511873350923484,0.4749340369393141,0.07915567282321902,0.0,0.0,0.0,0.0,0.0,0.0,0.0,0.0,0.0,0.0,0.0,0.0,0.0,0.0,0.4087,0.02621,0.0,0.0,0.0,0.0,0.0,0.0,0.0,0.0,0.0,0.0,1.495601173020528,10.733137829912007,12.580645161290326,4.750733137829913,0.4398826979472142,0.0,0.0,0.0,0.0,0.0,0.0,0.0,0.0,0.0,0.0,0.0,0.0,0.0,0.0,0.0
500,713,361,0.5063113604488079,178,150,0.4600280504908836,198,0.5553997194950911,0.494,2.9517045454545454,3.0545136949613787,6.659574468085107,1.9326598994669746,6649.800000000002,1.8189894035458565e-12,6649.8,6649.8,6649.800000000002,1.8189894035458565e-12,6649.800000000002,1.8189894035458565e-12,26.55119214586255,20.297589016855213,31.713073005093378,18.57058801205594,0.15287517531556802,0.09957924263674614,0.10518934081346423,0.07713884992987377,0.08555399719495091,0.08555399719495091,0.0785413744740533,0.05049088359046283,0.051893408134642355,0.051893408134642355,0.04488078541374474,0.0364656381486676,0.029453015427769985,0.019635343618513323,0.015427769985974754,0.009817671809256662,0.005610098176718092,0.9378381313816193,0.03419348692449418,0.0,0.0,0.0,0.0,0.0,0.0,0.0,0.0,0.0,0.0,0.0,0.0,0.0,0.0,0.0,0.0,0.0,0.0,0.0,0.0,0.0,0.0,0.0,0.0,0.08415147265077141,0.5890603085553999,3.408134642356242,9.172510518934084,10.476858345021041,6.269284712482469,4.308203991130821,2.8789932819632273,nan,nan,nan,4.353448275862069,2.928028377314519,4.260273972602739,2.8253293205727137,0.9785975857859757,0.4102,0.02516,0.0,0.0,0.0,0.0,0.0,0.0,0.0,0.0,0.0,0.08415147265077141,1.3884992987377283,8.625525946704055,14.68443197755961,4.754558204768585,0.46283309957924273,0.0,0.0,0.0,0.0,0.0,0.0,0.0,0.0,0.0,0.0,0.0,0.0,0.0,0.0,0.0,nan,nan,4.308203991130821,2.8789932819632273,nan,0.4102,0.1124,7.012622720897616e-05,0.0,0.0,0.0019635343618513326,0.0,0.0,0.0,0.0007713884992987377,0.0,0.0,0.0011921458625525946,0.0032258064516129032,0.0032258064516129032,0.0,0.0014726507713884993,0.0028751753155680224,0.0009817671809256663,0.004277699859747546,0.00273492286115007,0.004698457223001403,0.0012622720897615708,0.011781206171107995,0.014165497896213184,0.006311360448807854,0.0064516129032258064,0.014866760168302946,0.014305750350631136,0.013043478260869565,0.019985974754558204,0.03309957924263675,0.02026647966339411,0.015077138849929873,0.0182328190743338,0.03415147265077139,0.032398316970546986,0.036746143057503504,0.03800841514726508,0.046213183730715285,0.03555399719495091,0.026227208976157084,0.017180925666199158,0.03527349228611501,0.04102384291725105,0.023492286115007012,0.03148667601683029,0.03457223001402525,0.030154277699859747,0.025245441795231416,0.04417952314165498,0.029242636746143056,0.03148667601683029,0.018863955119214588,0.017040673211781206,0.0182328190743338,0.01809256661991585,0.024544179523141654,0.010799438990182328,0.020126227208976156,0.004838709677419355,0.00694249649368864,0.005960729312762973,0.008695652173913044,0.011150070126227209,0.0037868162692847123,0.0011220196353436186,0.002805049088359046,0.0034361851332398315,0.0015427769985974754,0.005399719495091164,0.0035063113604488078,0.0,0.0,0.001332398316970547,0.0009116409537166901,0.0,0.0018934081346423561,0.0,0.0,0.0,0.0,0.0,0.0,0.0,0.0,0.0,0.0,0.0,0.0,0.0,0.0,0.0,0.0,0.0,0.0,0.0,0.0,0.0,0.0,0.0,0.0,0.0,nan,nan,4.308203991130821,2.8789932819632273,nan,0.9384458030359897,0.03456261787040082,0.0,0.0,0.0,0.0,0.0,0.0,0.0,0.0,0.0,0.0,0.0,0.0,0.0,0.0,0.0,0.0,0.0,0.0,0.0,0.0,0.0,0.0,0.0,0.0,0.08310249307479227,0.6648199445983382,3.1578947368421058,9.058171745152357,10.63711911357341,6.398891966759004,0.9372149226679043,0.033799386474858945,0.0,0.0,0.0,0.0,0.0,0.0,0.0,0.0,0.0,0.0,0.0,0.0,0.0,0.0,0.0,0.0,0.0,0.0,0.0,0.0,0.0,0.0,0.0,0.0,0.08522727272727275,0.5113636363636365,3.664772727272728,9.28977272727273,10.312500000000002,6.136363636363638,0.4116,0.02493,0.0,0.0,0.0,0.0,0.0,0.0,0.0,0.0,0.0,0.08310249307479227,0.9972299168975071,8.393351800554004,15.12465373961219,4.6537396121883665,0.7479224376731304,0.0,0.0,0.0,0.0,0.0,0.0,0.0,0.0,0.0,0.0,0.0,0.0,0.0,0.0,0.0,0.4084,0.02528,0.0,0.0,0.0,0.0,0.0,0.0,0.0,0.0,0.0,0.08522727272727275,1.7897727272727275,8.86363636363635,14.232954545454549,4.857954545454547,0.1704545454545455,0.0,0.0,0.0,0.0,0.0,0.0,0.0,0.0,0.0,0.0,0.0,0.0,0.0,0.0,0.0
600,742,356,0.4797843665768194,162,180,0.4609164420485175,198,0.5336927223719676,0.518,2.911917098445596,3.205809647455383,6.4766355140186915,2.2144208516610986,6649.800000000002,1.8189894035458565e-12,6649.8,6649.8,6649.800000000002,1.8189894035458565e-12,6649.800000000002,1.8189894035458565e-12,27.88814016172507,20.70501702400126,32.94202898550725,18.840371607917973,0.14150943396226415,0.09703504043126684,0.0876010781671159,0.08490566037735849,0.08221024258760108,0.07277628032345014,0.08355795148247978,0.0646900269541779,0.05390835579514825,0.05390835579514825,0.04582210242587601,0.03908355795148248,0.029649595687331536,0.02830188679245283,0.02021563342318059,0.01078167115902965,0.004043126684636119,0.9432253557234761,0.03389316639936249,0.0,0.0,0.0,0.0,0.0,0.0,0.0,0.0,0.0,0.0,0.0,0.0,0.0,0.0,0.0,0.0,0.0,0.0,0.0,0.0,0.0,0.0,0.0,0.0,0.12129380053908358,0.4851752021563343,2.668463611859839,7.560646900269543,11.320754716981135,7.843665768194072,4.383505154639176,3.183290148179899,nan,nan,nan,4.5,3.267808352485107,4.271255060728745,3.0955276024246943,0.9491677912730544,0.4124,0.02441,0.0,0.0,0.0,0.0,0.0,0.0,0.0,0.0,0.0,0.0,0.9703504043126686,8.490566037735837,14.23180592991914,6.064690026954179,0.20215633423180596,0.0404312668463612,0.0,0.0,0.0,0.0,0.0,0.0,0.0,0.0,0.0,0.0,0.0,0.0,0.0,0.0,nan,nan,4.383505154639176,3.183290148179899,nan,0.4124,0.1114,0.0,0.0,0.0,0.0015498652291105121,0.0,0.0,0.0,0.00040431266846361187,0.0,0.0,0.00033692722371967657,0.002897574123989218,0.00444743935309973,0.0,0.001078167115902965,0.002223719676549865,0.00040431266846361187,0.0037735849056603774,0.0026954177897574125,0.0033692722371967657,0.0016172506738544475,0.013140161725067386,0.010444743935309973,0.007816711590296496,0.0041778975741239895,0.013409703504043127,0.01880053908355795,0.008692722371967655,0.02122641509433962,0.03409703504043127,0.020619946091644206,0.017924528301886792,0.018935309973045822,0.033221024258760105,0.028369272237196767,0.04225067385444744,0.03423180592991914,0.04629380053908356,0.03679245283018868,0.028773584905660378,0.01637466307277628,0.033827493261455524,0.04043126684636118,0.018733153638814014,0.030862533692722374,0.03389487870619946,0.03032345013477089,0.028032345013477088,0.04326145552560647,0.034703504043126686,0.03369272237196765,0.014824797843665768,0.01711590296495957,0.015970350404312668,0.022102425876010783,0.02324797843665768,0.009299191374663073,0.024528301886792454,0.006334231805929919,0.0061994609164420485,0.007210242587601078,0.009299191374663073,0.01307277628032345,0.001280323450134771,0.0007412398921832884,0.0034366576819407006,0.002897574123989218,0.0008086253369272237,0.00545822102425876,0.002425876010781671,0.0,0.0,0.002762803234501348,0.0016846361185983828,0.0,0.0011455525606469002,0.0,0.0,0.0,0.0,0.0,0.0,0.0,0.0,0.0,0.0,0.0,0.0,0.0,0.0,0.0,0.0,0.0,0.0,0.0,0.0,0.0,0.0,0.0,0.0,0.0,nan,nan,4.383505154639176,3.183290148179899,nan,0.9427565773216526,0.034276953151997414,0.0,0.0,0.0,0.0,0.0,0.0,0.0,0.0,0.0,0.0,0.0,0.0,0.0,0.0,0.0,0.0,0.0,0.0,0.0,0.0,0.0,0.0,0.0,0.0,0.16853932584269668,0.16853932584269668,3.2022471910112364,8.005617977528091,10.870786516853935,7.58426966292135,0.9436577005707538,0.03352950523256517,0.0,0.0,0.0,0.0,0.0,0.0,0.0,0.0,0.0,0.0,0.0,0.0,0.0,0.0,0.0,0.0,0.0,0.0,0.0,0.0,0.0,0.0,0.0,0.0,0.07772020725388602,0.7772020725388602,2.176165803108809,7.150259067357514,11.73575129533679,8.082901554404147,0.412,0.02422,0.0,0.0,0.0,0.0,0.0,0.0,0.0,0.0,0.0,0.0,0.6741573033707867,9.269662921348301,13.735955056179778,6.151685393258428,0.16853932584269668,0.0,0.0,0.0,0.0,0.0,0.0,0.0,0.0,0.0,0.0,0.0,0.0,0.0,0.0,0.0,0.4126,0.0246,0.0,0.0,0.0,0.0,0.0,0.0,0.0,0.0,0.0,0.0,1.2435233160621764,7.77202072538859,14.689119170984458,5.984455958549224,0.23316062176165805,0.07772020725388602,0.0,0.0,0.0,0.0,0.0,0.0,0.0,0.0,0.0,0.0,0.0,0.0,0.0,0.0
700,951,496,0.5215562565720294,227,200,0.4490010515247108,272,0.5720294426919033,0.474,2.9450549450549453,3.008276631841616,6.491935483870968,2.2912736553235202,6649.800000000003,2.7284841053187847e-12,6649.8,6649.8,6649.800000000001,9.094947017729282e-13,6649.800000000002,1.8189894035458565e-12,27.740273396424815,20.682844848045562,32.4452736318408,19.031088471438323,0.13459516298633017,0.10304942166140904,0.0946372239747634,0.08096740273396424,0.0946372239747634,0.07676130389064142,0.07465825446898001,0.058885383806519455,0.052576235541535225,0.0452155625657203,0.056782334384858045,0.03890641430073607,0.026288117770767613,0.025236593059936908,0.02103049421661409,0.008412197686645636,0.007360672975814932,0.9388990681128798,0.03393261213078742,0.0,0.0,0.0,0.0,0.0,0.0,0.0,0.0,0.0,0.0,0.0,0.0,0.0,0.0,0.0,0.0,0.0,0.0,0.0,0.0,0.0,0.0,0.0,0.03154574132492104,0.12618296529968456,0.662460567823344,2.49211356466877,8.83280757097792,11.924290220820192,5.930599369085175,4.3119868637110015,2.7988745380295974,nan,nan,nan,4.351612903225806,2.8740632098176015,4.26510067114094,2.72082266907947,0.9801195018930254,0.414,0.02359,0.0,0.0,0.0,0.0,0.0,0.0,0.0,0.0,0.0,0.03154574132492114,0.5362776025236594,7.728706624605667,15.835962145110415,5.5205047318612,0.34700315457413256,0.0,0.0,0.0,0.0,0.0,0.0,0.0,0.0,0.0,0.0,0.0,0.0,0.0,0.0,0.0,nan,nan,4.3119868637110015,2.7988745380295974,nan,0.414,0.1124,0.0,0.0,0.0,0.00047318611987381704,0.0,0.0,0.0,0.0,0.0,0.0,0.0005783385909568874,0.0015247108307045215,0.007360672975814932,0.0,0.00120925341745531,0.0015247108307045215,0.00047318611987381704,0.004258675078864353,0.0026288117770767614,0.0031545741324921135,0.0014195583596214511,0.011829652996845425,0.011514195583596214,0.0077812828601472135,0.005625657202944269,0.010042060988433228,0.021871713985278655,0.006624605678233439,0.014563617245005258,0.03901156677181914,0.021083070452155624,0.01929547844374343,0.015720294426919034,0.03438485804416404,0.02576235541535226,0.043480546792849635,0.03307045215562566,0.05120925341745531,0.04037854889589906,0.03286014721345951,0.016929547844374344,0.033753943217665616,0.03533123028391167,0.017613038906414302,0.02486855941114616,0.03370136698212408,0.02754994742376446,0.027129337539432176,0.039484752891692954,0.03675078864353312,0.034595162986330176,0.01740273396424816,0.0185068349106204,0.01934805467928496,0.02082018927444795,0.023449001051524712,0.007676130389064143,0.02145110410094637,0.005467928496319664,0.004574132492113565,0.01398527865404837,0.007991587802313354,0.015772870662460567,0.0009463722397476341,0.00120925341745531,0.005467928496319664,0.0024710830704521556,0.00047318611987381704,0.005520504731861199,0.0014721345951629863,0.0,0.0,0.0052050473186119875,0.0010515247108307045,0.0,0.0013144058885383807,0.0,0.0,0.0,0.0,0.0,0.0,0.0,0.0,0.0,0.0,0.0,0.0,0.0,0.0,0.0,0.0,0.0,0.0,0.0,0.0,0.0,0.0,0.0,0.0,0.0,nan,nan,4.3119868637110015,2.7988745380295974,nan,0.9403003671717259,0.03380057757872537,0.0,0.0,0.0,0.0,0.0,0.0,0.0,0.0,0.0,0.0,0.0,0.0,0.0,0.0,0.0,0.0,0.0,0.0,0.0,0.0,0.0,0.0,0.0,0.0,0.1209677419354839,0.4838709677419356,2.8427419354838714,8.286290322580648,11.49193548387097,6.774193548387099,0.9373714981498299,0.034010249906773656,0.0,0.0,0.0,0.0,0.0,0.0,0.0,0.0,0.0,0.0,0.0,0.0,0.0,0.0,0.0,0.0,0.0,0.0,0.0,0.0,0.0,0.0,0.0,0.06593406593406573,0.1318681318681319,0.8571428571428574,2.1098901098901104,9.42857142857143,12.395604395604398,5.010989010989012,0.4146,0.02495,0.0,0.0,0.0,0.0,0.0,0.0,0.0,0.0,0.0,0.06048387096774195,0.6653225806451614,7.439516129032247,15.18145161290323,6.169354838709678,0.4838709677419356,0.0,0.0,0.0,0.0,0.0,0.0,0.0,0.0,0.0,0.0,0.0,0.0,0.0,0.0,0.0,0.4133,0.02202,0.0,0.0,0.0,0.0,0.0,0.0,0.0,0.0,0.0,0.0,0.39560439560439564,8.043956043956031,16.549450549450555,4.813186813186814,0.19780219780219782,0.0,0.0,0.0,0.0,0.0,0.0,0.0,0.0,0.0,0.0,0.0,0.0,0.0,0.0,0.0
800,985,518,0.5258883248730964,271,190,0.46802030456852795,273,0.5543147208121827,0.474,3.096359743040685,3.1277797269753314,6.669014084507042,1.9848788623976972,6649.800000000002,1.8189894035458565e-12,6649.8,6649.8,6649.800000000002,1.8189894035458565e-12,6649.800000000002,1.8189894035458565e-12,28.806091370558377,20.610528171899098,33.411904761904765,18.800629452240514,0.12893401015228426,0.08730964467005076,0.07918781725888324,0.09543147208121827,0.09543147208121827,0.06903553299492386,0.07715736040609138,0.05786802030456853,0.0649746192893401,0.06700507614213198,0.04263959390862944,0.04060913705583756,0.030456852791878174,0.03147208121827411,0.017258883248730966,0.008121827411167513,0.007106598984771574,0.9364076553262429,0.03504817246883262,0.0,0.0,0.0,0.0,0.0,0.0,0.0,0.0,0.0,0.0,0.0,0.0,0.0,0.0,0.0,0.0,0.0,0.0,0.0,0.0,0.0,0.0,0.0,0.06091370558375616,0.1522842639593909,0.5482233502538072,3.5939086294416254,9.3502538071066,10.35532994923858,5.939086294416245,4.260606060606061,2.9266735066468765,nan,nan,nan,4.116071428571429,2.9024175136374484,4.410493827160494,2.944132227151075,1.0715299536702283,0.4128,0.0244,0.0,0.0,0.0,0.0,0.0,0.0,0.0,0.0,0.0,0.0,0.6091370558375636,8.436548223350242,15.04568527918782,5.269035532994925,0.6395939086294418,0.0,0.0,0.0,0.0,0.0,0.0,0.0,0.0,0.0,0.0,0.0,0.0,0.0,0.0,0.0,nan,nan,4.260606060606061,2.9266735066468765,nan,0.4128,0.11176,0.0,0.0,0.0,0.0006091370558375635,0.0,0.0,0.0,0.0,0.0,0.0,0.0,0.0011675126903553299,0.006142131979695432,0.0,0.0017258883248730964,0.0009644670050761421,0.0002030456852791878,0.006954314720812183,0.0034517766497461928,0.0027411167512690357,0.0006598984771573604,0.010812182741116751,0.012030456852791879,0.007614213197969543,0.004416243654822335,0.01116751269035533,0.02299492385786802,0.009137055837563452,0.013756345177664974,0.041472081218274115,0.022081218274111674,0.018781725888324875,0.016751269035532996,0.03233502538071066,0.02934010152284264,0.03715736040609137,0.03436548223350254,0.05187817258883249,0.042233502538071066,0.0349746192893401,0.01796954314720812,0.0349746192893401,0.03548223350253807,0.01532994923857868,0.018375634517766498,0.029543147208121828,0.02548223350253807,0.03,0.040456852791878176,0.04314720812182741,0.031370558375634516,0.017208121827411167,0.01401015228426396,0.019644670050761422,0.022385786802030457,0.024314720812182743,0.00868020304568528,0.018375634517766498,0.006700507614213198,0.004923857868020304,0.01898477157360406,0.00949238578680203,0.01598984771573604,0.0002538071065989848,0.0009137055837563451,0.005685279187817259,0.001218274111675127,0.0001015228426395939,0.003553299492385787,0.001116751269035533,0.0,0.0,0.005076142131979695,0.0002538071065989848,0.0,0.001065989847715736,0.0,0.0,0.0,0.0,0.0,0.0,0.0,0.0,0.0,0.0,0.0,0.0,0.0,0.0,0.0,0.0,0.0,0.0,0.0,0.0,0.0,0.0,0.0,0.0,0.0,nan,nan,4.260606060606061,2.9266735066468765,nan,0.9345881388914631,0.03391470344913543,0.0,0.0,0.0,0.0,0.0,0.0,0.0,0.0,0.0,0.0,0.0,0.0,0.0,0.0,0.0,0.0,0.0,0.0,0.0,0.0,0.0,0.0,0.0,0.05791505791505774,0.11583011583011586,0.6370656370656371,3.5328185328185335,10.193050193050194,10.07722007722008,5.386100386100387,0.9384258769819517,0.0361570565804466,0.0,0.0,0.0,0.0,0.0,0.0,0.0,0.0,0.0,0.0,0.0,0.0,0.0,0.0,0.0,0.0,0.0,0.0,0.0,0.0,0.0,0.0,0.0,0.06423982869378995,0.1927194860813705,0.44967880085653117,3.6616702355460395,8.415417558886512,10.663811563169167,6.552462526766596,0.4138,0.02441,0.0,0.0,0.0,0.0,0.0,0.0,0.0,0.0,0.0,0.0,0.46332046332046345,8.223938223938212,15.05791505791506,5.617760617760618,0.6370656370656371,0.0,0.0,0.0,0.0,0.0,0.0,0.0,0.0,0.0,0.0,0.0,0.0,0.0,0.0,0.0,0.412,0.02435,0.0,0.0,0.0,0.0,0.0,0.0,0.0,0.0,0.0,0.0,0.770877944325482,8.672376873661658,15.032119914346898,4.882226980728053,0.6423982869379016,0.0,0.0,0.0,0.0,0.0,0.0,0.0,0.0,0.0,0.0,0.0,0.0,0.0,0.0,0.0
900,898,469,0.522271714922049,190,178,0.40979955456570155,245,0.5456570155902004,0.502,3.2447552447552446,3.3075814230589695,7.126984126984127,2.1675241050054765,6649.800000000003,2.7284841053187847e-12,6649.8,6649.8,6649.800000000002,1.8189894035458565e-12,6649.800000000003,2.7284841053187847e-12,28.044543429844097,21.784023340477027,33.54116059379217,20.0428015219942,0.15701559020044542,0.10801781737193764,0.0779510022271715,0.09799554565701558,0.06570155902004454,0.07349665924276169,0.060133630289532294,0.05790645879732739,0.061247216035634745,0.05456570155902005,0.036748329621380846,0.031180400890868598,0.044543429844097995,0.03229398663697105,0.0200445434298441,0.014476614699331848,0.0066815144766146995,0.9324109093649084,0.0349948203008468,0.0,0.0,0.0,0.0,0.0,0.0,0.0,0.0,0.0,0.0,0.0,0.0,0.0,0.0,0.0,0.0,0.0,0.0,0.0,0.0,0.0,0.0,0.06681514476614701,0.033407572383073396,0.200445434298441,0.9688195991091316,3.1403118040089093,10.38975501113586,10.723830734966594,4.47661469933185,4.661870503597123,2.927920559607888,nan,nan,nan,4.67870036101083,2.980323155091144,4.645161290322581,2.874851386367423,0.992831541218638,0.4094,0.02464,0.0,0.0,0.0,0.0,0.0,0.0,0.0,0.0,0.0,0.06681514476614701,1.2694877505567932,9.287305122494418,14.231625835189314,5.011135857461025,0.13363028953229403,0.0,0.0,0.0,0.0,0.0,0.0,0.0,0.0,0.0,0.0,0.0,0.0,0.0,0.0,0.0,nan,nan,4.661870503597123,2.927920559607888,nan,0.4094,0.1097,0.0,0.0,0.0,0.0010022271714922048,0.0,0.0,0.0,0.0,0.0,0.0,0.0,0.00027839643652561246,0.008463251670378619,0.0,0.0015033407572383074,0.0005011135857461024,5.5679287305122496e-05,0.007182628062360802,0.0037861915367483298,0.0010022271714922048,0.0006124721603563474,0.012249443207126948,0.01135857461024499,0.004844097995545657,0.003841870824053452,0.011971046770601337,0.02338530066815145,0.009632516703786191,0.014086859688195992,0.04510022271714922,0.02299554565701559,0.015979955456570157,0.016815144766146994,0.029120267260579064,0.03101336302895323,0.04599109131403118,0.033240534521158126,0.05640311804008909,0.04688195991091314,0.032628062360801784,0.017316258351893096,0.0388641425389755,0.033240534521158126,0.015701559020044543,0.018151447661469932,0.025723830734966594,0.028897550111358576,0.03530066815144766,0.03864142538975501,0.037305122494432075,0.02522271714922049,0.018596881959910914,0.014587973273942094,0.019599109131403118,0.023830734966592427,0.024832962138084634,0.008073496659242762,0.02149220489977728,0.007071269487750557,0.004844097995545657,0.015701559020044543,0.0062360801781737195,0.013363028953229399,0.00016703786191536748,0.0008351893095768374,0.004565701559020045,0.0013363028953229399,0.00016703786191536748,0.0018374164810690424,0.0008351893095768374,0.0,0.0,0.003619153674832962,0.0,0.0,0.0021158129175946547,0.0,0.0,0.0,0.0,0.0,0.0,0.0,0.0,0.0,0.0,0.0,0.0,0.0,0.0,0.0,0.0,0.0,0.0,0.0,0.0,0.0,0.0,0.0,0.0,0.0,nan,nan,4.661870503597123,2.927920559607888,nan,0.9309088703411729,0.03432936898466608,0.0,0.0,0.0,0.0,0.0,0.0,0.0,0.0,0.0,0.0,0.0,0.0,0.0,0.0,0.0,0.0,0.0,0.0,0.0,0.0,0.0,0.0,0.06396588486140727,0.06396588486140706,0.25586353944562906,0.8955223880597017,3.134328358208956,11.19402985074627,10.298507462686569,4.093816631130065,0.9340529986472674,0.03563576464225406,0.0,0.0,0.0,0.0,0.0,0.0,0.0,0.0,0.0,0.0,0.0,0.0,0.0,0.0,0.0,0.0,0.0,0.0,0.0,0.0,0.0,0.0,0.06993006993006995,0.0,0.1398601398601399,1.0489510489510492,3.1468531468531475,9.510489510489512,11.18881118881119,4.895104895104896,0.4082,0.02466,0.0,0.0,0.0,0.0,0.0,0.0,0.0,0.0,0.0,0.12793176972281453,1.4072494669509596,9.850746268656703,13.36886993603412,5.245202558635396,0.0,0.0,0.0,0.0,0.0,0.0,0.0,0.0,0.0,0.0,0.0,0.0,0.0,0.0,0.0,0.0,0.4104,0.02455,0.0,0.0,0.0,0.0,0.0,0.0,0.0,0.0,0.0,0.0,1.1188811188811192,8.67132867132866,15.174825174825179,4.755244755244756,0.2797202797202798,0.0,0.0,0.0,0.0,0.0,0.0,0.0,0.0,0.0,0.0,0.0,0.0,0.0,0.0,0.0
1000,882,441,0.5,198,181,0.42970521541950113,249,0.564625850340136,0.51,3.0136054421768708,3.0779437607658626,6.292517006802721,2.2045434974215627,6649.800000000002,1.8189894035458565e-12,6649.8,6649.8,6649.800000000002,1.8189894035458565e-12,6649.800000000002,1.8189894035458565e-12,29.351473922902493,21.667845155911724,34.38523489932886,19.801919694881615,0.1360544217687075,0.0963718820861678,0.0873015873015873,0.08163265306122448,0.07936507936507936,0.0691609977324263,0.06462585034013606,0.06235827664399093,0.05782312925170068,0.05328798185941043,0.05215419501133787,0.046485260770975055,0.04195011337868481,0.021541950113378686,0.024943310657596373,0.017006802721088437,0.007936507936507936,0.9335811965319575,0.03291673152164831,0.0,0.0,0.0,0.0,0.0,0.0,0.0,0.0,0.0,0.0,0.0,0.0,0.0,0.0,0.0,0.0,0.0,0.0,0.0,0.0,0.0,0.0,0.0,0.0,0.20408163265306126,0.47619047619047633,3.26530612244898,11.258503401360546,9.965986394557826,4.829931972789117,4.424657534246576,2.9801526494835895,nan,nan,nan,4.537162162162162,2.89780393097119,4.309027777777778,3.0581724116256748,0.9497187060478199,0.414,0.02306,0.0,0.0,0.0,0.0,0.0,0.0,0.0,0.0,0.0,0.0,0.6802721088435375,7.380952380952371,15.884353741496604,5.748299319727892,0.3061224489795919,0.0,0.0,0.0,0.0,0.0,0.0,0.0,0.0,0.0,0.0,0.0,0.0,0.0,0.0,0.0,nan,nan,4.424657534246576,2.9801526494835895,nan,0.414,0.1083,0.0,0.0,0.0,0.0008503401360544217,0.0,0.0,0.0,0.0,0.0,0.0,0.00022675736961451248,0.0006802721088435374,0.008106575963718821,0.0,0.0011904761904761906,0.0008503401360544217,0.0,0.00572562358276644,0.0031179138321995466,0.0010770975056689342,0.0006235827664399093,0.012755102040816327,0.011054421768707483,0.002551020408163265,0.0039115646258503405,0.011621315192743764,0.022222222222222223,0.00935374149659864,0.00992063492063492,0.0409297052154195,0.016156462585034014,0.016666666666666666,0.021485260770975057,0.02891156462585034,0.027664399092970523,0.0459750566893424,0.025566893424036282,0.057369614512471655,0.04302721088435374,0.03645124716553288,0.018934240362811793,0.033560090702947847,0.036564625850340135,0.01717687074829932,0.028741496598639456,0.026360544217687076,0.02800453514739229,0.0391156462585034,0.04773242630385487,0.03219954648526077,0.024603174603174603,0.017063492063492062,0.016383219954648524,0.017687074829931974,0.030442176870748298,0.028287981859410432,0.008390022675736962,0.02250566893424036,0.010714285714285714,0.0032312925170068026,0.01473922902494331,0.005782312925170068,0.010090702947845805,0.0,0.0011904761904761906,0.0035714285714285713,0.0012471655328798186,5.668934240362812e-05,0.002551020408163265,0.0011904761904761906,0.0,0.0,0.001927437641723356,0.0,0.0,0.0039115646258503405,0.0,0.0,0.0,0.0,0.0,0.0,0.0,0.0,0.0,0.0,0.0,0.0,0.0,0.0,0.0,0.0,0.0,0.0,0.0,0.0,0.0,0.0,0.0,0.0,0.0,nan,nan,4.424657534246576,2.9801526494835895,nan,0.9342250657730362,0.03373266239237011,0.0,0.0,0.0,0.0,0.0,0.0,0.0,0.0,0.0,0.0,0.0,0.0,0.0,0.0,0.0,0.0,0.0,0.0,0.0,0.0,0.0,0.0,0.0,0.0,0.20408163265306126,0.47619047619047633,3.1972789115646263,11.156462585034015,10.068027210884356,4.89795918367347,0.9329373272908789,0.0320671292893473,0.0,0.0,0.0,0.0,0.0,0.0,0.0,0.0,0.0,0.0,0.0,0.0,0.0,0.0,0.0,0.0,0.0,0.0,0.0,0.0,0.0,0.0,0.0,0.0,0.20408163265306126,0.47619047619047633,3.333333333333334,11.360544217687076,9.863945578231295,4.761904761904763,0.414,0.02429,0.0,0.0,0.0,0.0,0.0,0.0,0.0,0.0,0.0,0.0,0.9523809523809527,7.482993197278901,15.306122448979597,5.918367346938776,0.34013605442176875,0.0,0.0,0.0,0.0,0.0,0.0,0.0,0.0,0.0,0.0,0.0,0.0,0.0,0.0,0.0,0.4138,0.02174,0.0,0.0,0.0,0.0,0.0,0.0,0.0,0.0,0.0,0.0,0.4081632653061225,7.27891156462584,16.46258503401361,5.578231292517008,0.27210884353741505,0.0,0.0,0.0,0.0,0.0,0.0,0.0,0.0,0.0,0.0,0.0,0.0,0.0,0.0,0.0
1100,1020,526,0.515686274509804,239,212,0.442156862745098,280,0.5490196078431373,0.498,3.08502024291498,3.2094335740106827,6.968503937007874,2.0617896357177186,6649.800000000002,1.8189894035458565e-12,6649.8,6649.8,6649.800000000001,9.094947017729282e-13,6649.800000000001,9.094947017729282e-13,26.86862745098039,20.2781732382583,31.88574793875147,18.528109277319572,0.15,0.10098039215686275,0.10392156862745099,0.07254901960784314,0.08333333333333333,0.08235294117647059,0.06568627450980392,0.06666666666666667,0.06372549019607843,0.04607843137254902,0.045098039215686274,0.03725490196078431,0.03725490196078431,0.020588235294117647,0.01568627450980392,0.00392156862745098,0.004901960784313725,0.9342203636964163,0.03326176693146502,0.0,0.0,0.0,0.0,0.0,0.0,0.0,0.0,0.0,0.0,0.0,0.0,0.0,0.0,0.0,0.0,0.0,0.0,0.0,0.0,0.0,0.0,0.0,0.029411764705882262,0.08823529411764708,0.7058823529411766,3.500000000000001,10.176470588235295,10.676470588235295,4.8235294117647065,4.475513428120063,2.888630668267473,nan,nan,nan,4.52258064516129,2.9420981845219454,4.430340557275541,2.8356327683101425,0.9796045454746205,0.4116,0.02394,0.0,0.0,0.0,0.0,0.0,0.0,0.0,0.0,0.0,0.0,0.9411764705882355,8.352941176470576,15.058823529411768,5.470588235294119,0.17647058823529416,0.0,0.0,0.0,0.0,0.0,0.0,0.0,0.0,0.0,0.0,0.0,0.0,0.0,0.0,0.0,nan,nan,4.475513428120063,2.888630668267473,nan,0.4116,0.1087,0.0,0.0,0.0,0.0018137254901960784,0.0,0.0,0.0,0.0,0.0,0.0,0.0,0.00014705882352941175,0.01196078431372549,0.0,0.0025,0.0002941176470588235,0.0,0.0058823529411764705,0.002696078431372549,0.0011274509803921569,0.0012254901960784314,0.013088235294117647,0.010392156862745097,0.002352941176470588,0.004264705882352941,0.010294117647058823,0.02323529411764706,0.012009803921568628,0.007794117647058824,0.03769607843137255,0.016715686274509804,0.01784313725490196,0.0175,0.026225490196078432,0.022941176470588236,0.050833333333333335,0.029019607843137254,0.05911764705882353,0.04,0.03897058823529412,0.020245098039215686,0.034215686274509806,0.03818627450980392,0.02053921568627451,0.03,0.023872549019607843,0.024852941176470588,0.03862745098039216,0.05416666666666667,0.032549019607843135,0.019509803921568626,0.018970588235294118,0.017401960784313726,0.017450980392156864,0.0278921568627451,0.026813725490196078,0.011029411764705883,0.022990196078431373,0.008480392156862745,0.0028431372549019606,0.012990196078431373,0.006372549019607843,0.008725490196078432,4.901960784313725e-05,0.0012254901960784314,0.0027941176470588237,0.0006862745098039216,0.0,0.002156862745098039,0.0004901960784313725,0.0,0.0,0.0017647058823529412,0.0,0.0,0.004166666666666667,0.0,0.0,0.0,0.0,0.0,0.0,0.0,0.0,0.0,0.0,0.0,0.0,0.0,0.0,0.0,0.0,0.0,0.0,0.0,0.0,0.0,0.0,0.0,0.0,0.0,nan,nan,4.475513428120063,2.888630668267473,nan,0.9335004264637544,0.03447183874715697,0.0,0.0,0.0,0.0,0.0,0.0,0.0,0.0,0.0,0.0,0.0,0.0,0.0,0.0,0.0,0.0,0.0,0.0,0.0,0.0,0.0,0.0,0.0,0.05703422053231921,0.05703422053231941,0.9695817490494298,4.049429657794677,9.581749049429659,10.323193916349812,4.961977186311788,0.9349869365392909,0.03190507452488335,0.0,0.0,0.0,0.0,0.0,0.0,0.0,0.0,0.0,0.0,0.0,0.0,0.0,0.0,0.0,0.0,0.0,0.0,0.0,0.0,0.0,0.0,0.0,0.0,0.12145748987854253,0.4251012145748989,2.9149797570850207,10.809716599190285,11.05263157894737,4.676113360323887,0.4119,0.02325,0.0,0.0,0.0,0.0,0.0,0.0,0.0,0.0,0.0,0.0,0.6844106463878328,8.32699619771862,15.22813688212928,5.646387832699621,0.11406844106463881,0.0,0.0,0.0,0.0,0.0,0.0,0.0,0.0,0.0,0.0,0.0,0.0,0.0,0.0,0.0,0.4114,0.02464,0.0,0.0,0.0,0.0,0.0,0.0,0.0,0.0,0.0,0.0,1.2145748987854252,8.38056680161942,14.878542510121461,5.2834008097166,0.24291497975708506,0.0,0.0,0.0,0.0,0.0,0.0,0.0,0.0,0.0,0.0,0.0,0.0,0.0,0.0,0.0
1200,1112,558,0.5017985611510791,275,230,0.454136690647482,318,0.5719424460431655,0.46199999999999997,3.055956678700361,3.02016846989881,6.433526011560693,1.8877235719261123,6649.800000000001,9.094947017729282e-13,6649.8,6649.8,6649.800000000001,9.094947017729282e-13,6649.800000000001,9.094947017729282e-13,28.288669064748202,21.09746006632538,33.59135135135135,19.16295781522006,0.1447841726618705,0.10611510791366907,0.07284172661870504,0.08183453237410072,0.08273381294964029,0.0764388489208633,0.06205035971223022,0.06205035971223022,0.07194244604316546,0.05485611510791367,0.03776978417266187,0.048561151079136694,0.03237410071942446,0.03237410071942446,0.0170863309352518,0.01079136690647482,0.00539568345323741,0.9306338584894757,0.035861018661101245,0.0,0.0,0.0,0.0,0.0,0.0,0.0,0.0,0.0,0.0,0.0,0.0,0.0,0.0,0.0,0.0,0.0,0.0,0.0,0.0,0.0,0.0,0.0,0.0,0.32374100719424465,1.1061151079136693,3.884892086330936,10.629496402877699,9.1726618705036,4.883093525179857,4.362021857923497,2.7468472259269063,nan,nan,nan,4.193548387096774,2.6881182790322473,4.536111111111111,2.795597012146241,1.0816880341880344,0.4077,0.02438,0.0,0.0,0.0,0.0,0.0,0.0,0.0,0.0,0.0,0.08093525179856116,1.6996402877697845,8.84892086330934,15.2158273381295,4.019784172661871,0.13489208633093527,0.0,0.0,0.0,0.0,0.0,0.0,0.0,0.0,0.0,0.0,0.0,0.0,0.0,0.0,0.0,nan,nan,4.362021857923497,2.7468472259269063,nan,0.4077,0.1107,0.0,0.0,0.0,0.003552158273381295,0.0,0.0,0.0,0.0,0.0,8.992805755395684e-05,0.0,0.0,0.014163669064748202,0.0,0.0026079136690647484,0.0008093525179856115,0.0,0.006564748201438849,0.003012589928057554,0.0015287769784172662,0.002158273381294964,0.011780575539568345,0.01276978417266187,0.002697841726618705,0.0061600719424460436,0.0125,0.0210431654676259,0.013444244604316547,0.008363309352517986,0.03794964028776979,0.011915467625899281,0.01816546762589928,0.020233812949640287,0.029586330935251797,0.021178057553956835,0.04739208633093525,0.034217625899280575,0.06223021582733813,0.03754496402877698,0.031969424460431654,0.020053956834532375,0.034532374100719423,0.03718525179856115,0.016906474820143885,0.028327338129496404,0.02275179856115108,0.02810251798561151,0.04100719424460432,0.054721223021582735,0.03448741007194245,0.017940647482014387,0.021133093525179857,0.017805755395683454,0.016771582733812948,0.025,0.02419064748201439,0.01052158273381295,0.022886690647482014,0.008947841726618704,0.004721223021582734,0.009577338129496403,0.005170863309352518,0.007329136690647482,0.0,0.0011241007194244604,0.003237410071942446,0.0011241007194244604,0.0,0.004181654676258993,0.0008992805755395684,0.0,0.0,0.0011690647482014388,0.0,0.0,0.00256294964028777,0.0,0.0,0.0,0.0,0.0,0.0,0.0,0.0,0.0,0.0,0.0,0.0,0.0,0.0,0.0,0.0,0.0,0.0,0.0,0.0,0.0,0.0,0.0,0.0,0.0,nan,nan,4.362021857923497,2.7468472259269063,nan,0.9293986274777347,0.03542312511368331,0.0,0.0,0.0,0.0,0.0,0.0,0.0,0.0,0.0,0.0,0.0,0.0,0.0,0.0,0.0,0.0,0.0,0.0,0.0,0.0,0.0,0.0,0.0,0.0,0.3763440860215055,1.2365591397849465,3.5483870967741944,11.397849462365595,8.9247311827957,4.516129032258065,0.9318780081366804,0.03625421607937574,0.0,0.0,0.0,0.0,0.0,0.0,0.0,0.0,0.0,0.0,0.0,0.0,0.0,0.0,0.0,0.0,0.0,0.0,0.0,0.0,0.0,0.0,0.0,0.0,0.2707581227436824,0.9747292418772565,4.223826714801445,9.855595667870038,9.422382671480147,5.252707581227438,0.4082,0.02417,0.0,0.0,0.0,0.0,0.0,0.0,0.0,0.0,0.0,0.10752688172043014,1.451612903225807,8.924731182795686,15.107526881720434,4.35483870967742,0.05376344086021507,0.0,0.0,0.0,0.0,0.0,0.0,0.0,0.0,0.0,0.0,0.0,0.0,0.0,0.0,0.0,0.4075,0.0246,0.0,0.0,0.0,0.0,0.0,0.0,0.0,0.0,0.0,0.054151624548736475,1.949458483754513,8.772563176895293,15.324909747292422,3.6823104693140802,0.2166064981949459,0.0,0.0,0.0,0.0,0.0,0.0,0.0,0.0,0.0,0.0,0.0,0.0,0.0,0.0,0.0
1300,964,496,0.5145228215767634,240,191,0.4470954356846473,269,0.558091286307054,0.506,3.1517094017094016,3.207306240018567,6.493333333333333,2.2113243894905055,6649.800000000002,1.8189894035458565e-12,6649.8,6649.8,6649.800000000001,9.094947017729282e-13,6649.800000000003,2.7284841053187847e-12,28.732365145228215,21.042758046185874,33.453658536585365,19.255890420424677,0.13278008298755187,0.10062240663900415,0.08298755186721991,0.08402489626556017,0.08091286307053942,0.08298755186721991,0.06224066390041494,0.06016597510373444,0.06535269709543569,0.054979253112033194,0.05394190871369295,0.04045643153526971,0.024896265560165973,0.035269709543568464,0.021784232365145227,0.011410788381742738,0.005186721991701245,0.9339499970689354,0.03414594242801949,0.0,0.0,0.0,0.0,0.0,0.0,0.0,0.0,0.0,0.0,0.0,0.0,0.0,0.0,0.0,0.0,0.0,0.0,0.0,0.0,0.0,0.0,0.0,0.062240663900414744,0.031120331950207476,1.0892116182572615,3.1120331950207474,9.86514522821577,11.109958506224068,4.730290456431536,4.351735015772871,3.003825923025524,nan,nan,nan,4.417197452229299,2.8898830413806977,4.2875,3.1102401434615947,0.9706380677721701,0.4053,0.02435,0.0,0.0,0.0,0.0,0.0,0.0,0.0,0.0,0.0,0.031120331950207476,1.6182572614107888,10.549792531120318,14.253112033195025,3.4232365145228227,0.1244813278008299,0.0,0.0,0.0,0.0,0.0,0.0,0.0,0.0,0.0,0.0,0.0,0.0,0.0,0.0,0.0,nan,nan,4.351735015772871,3.003825923025524,nan,0.4053,0.1092,0.0,5.186721991701245e-05,0.0,0.0024896265560165973,0.0,0.0,0.0,0.0,0.0,0.0,0.0,0.0,0.013226141078838174,0.0002074688796680498,0.002437759336099585,0.0007780082987551867,0.0,0.0047199170124481325,0.002230290456431535,0.0009854771784232365,0.0053941908713692945,0.012344398340248962,0.015352697095435684,0.005031120331950208,0.007935684647302904,0.011099585062240664,0.021265560165975105,0.016701244813278008,0.007676348547717842,0.036514522821576766,0.009854771784232365,0.017686721991701244,0.019398340248962656,0.028682572614107883,0.016441908713692947,0.049066390041493775,0.039522821576763484,0.06773858921161825,0.03858921161825726,0.03687759336099585,0.021058091286307055,0.033143153526970955,0.03449170124481328,0.016908713692946057,0.03008298755186722,0.021213692946058092,0.032728215767634856,0.04211618257261411,0.050051867219917015,0.03781120331950207,0.016182572614107885,0.021317427385892117,0.01929460580912863,0.016130705394190873,0.01675311203319502,0.023236514522821577,0.008558091286307055,0.020020746887966807,0.010269709543568465,0.004512448132780083,0.007157676348547718,0.004097510373443984,0.006846473029045643,0.0,0.0014004149377593361,0.003941908713692946,0.0009854771784232365,0.0,0.00446058091286307,0.00025933609958506224,0.0,0.0,0.0004149377593360996,0.0,0.0,0.00425311203319502,0.0,0.0,0.0,0.0,0.0,0.0,0.0,0.0,0.0,0.0,0.0,0.0,0.0,0.0,0.0,0.0,0.0,0.0,0.0,0.0,0.0,0.0,0.0,0.0,0.0,nan,nan,4.351735015772871,3.003825923025524,nan,0.9335971647693265,0.032904420105151426,0.0,0.0,0.0,0.0,0.0,0.0,0.0,0.0,0.0,0.0,0.0,0.0,0.0,0.0,0.0,0.0,0.0,0.0,0.0,0.0,0.0,0.0,0.0,0.0,0.0,1.149193548387097,2.9637096774193554,10.040322580645164,11.673387096774196,4.173387096774195,0.9343239389933072,0.03541043033153844,0.0,0.0,0.0,0.0,0.0,0.0,0.0,0.0,0.0,0.0,0.0,0.0,0.0,0.0,0.0,0.0,0.0,0.0,0.0,0.0,0.0,0.0,0.0,0.1282051282051278,0.06410256410256412,1.025641025641026,3.2692307692307696,9.67948717948718,10.512820512820515,5.320512820512821,0.4045,0.0248,0.0,0.0,0.0,0.0,0.0,0.0,0.0,0.0,0.0,0.06048387096774195,1.8750000000000004,10.282258064516114,14.395161290322584,3.3266129032258074,0.06048387096774195,0.0,0.0,0.0,0.0,0.0,0.0,0.0,0.0,0.0,0.0,0.0,0.0,0.0,0.0,0.0,0.406,0.02386,0.0,0.0,0.0,0.0,0.0,0.0,0.0,0.0,0.0,0.0,1.3461538461538465,10.833333333333318,14.102564102564106,3.5256410256410264,0.19230769230769235,0.0,0.0,0.0,0.0,0.0,0.0,0.0,0.0,0.0,0.0,0.0,0.0,0.0,0.0,0.0
1400,1090,560,0.5137614678899083,252,219,0.43211009174311926,306,0.5614678899082569,0.478,3.116981132075472,3.1945552647069113,6.690789473684211,2.3119641701591576,6649.800000000002,1.8189894035458565e-12,6649.8,6649.8,6649.800000000002,1.8189894035458565e-12,6649.800000000002,1.8189894035458565e-12,28.136697247706422,21.13583487107457,33.0599128540305,19.398349793734372,0.14036697247706423,0.0944954128440367,0.10366972477064221,0.0853211009174312,0.06880733944954129,0.07614678899082569,0.07339449541284404,0.06972477064220184,0.05963302752293578,0.04036697247706422,0.043119266055045874,0.043119266055045874,0.03761467889908257,0.024770642201834864,0.01743119266055046,0.014678899082568808,0.007339449541284404,0.9357872778122578,0.03442928962908964,0.0,0.0,0.0,0.0,0.0,0.0,0.0,0.0,0.0,0.0,0.0,0.0,0.0,0.0,0.0,0.0,0.0,0.0,0.0,0.0,0.0,0.0,0.0,0.02752293577981643,0.22018348623853215,0.9082568807339452,2.7798165137614683,9.660550458715598,11.119266055045873,5.284403669724772,4.511594202898551,2.9331704285405826,nan,nan,nan,4.43491124260355,2.8622559312176756,4.5852272727272725,2.9978416392133944,1.0338938079932076,0.4062,0.02495,0.0,0.0,0.0,0.0,0.0,0.0,0.0,0.0,0.0,0.0,1.844036697247707,10.568807339449526,13.568807339449545,3.7431192660550465,0.2752293577981652,0.0,0.0,0.0,0.0,0.0,0.0,0.0,0.0,0.0,0.0,0.0,0.0,0.0,0.0,0.0,nan,nan,4.511594202898551,2.9331704285405826,nan,0.4062,0.10925,0.0,0.0,0.0,0.002477064220183486,0.0,0.0,0.0,0.0,0.0,0.0,0.0,0.0,0.015,4.587155963302752e-05,0.0020642201834862386,0.0005045871559633027,0.0,0.0035779816513761466,0.0017889908256880733,0.0007339449541284404,0.007339449541284404,0.012385321100917432,0.016467889908256882,0.00481651376146789,0.007385321100917431,0.007568807339449542,0.01940366972477064,0.020688073394495413,0.010137614678899082,0.034403669724770644,0.010045871559633027,0.014908256880733946,0.017706422018348624,0.030688073394495412,0.016972477064220184,0.049128440366972476,0.0418348623853211,0.06220183486238532,0.03880733944954128,0.03458715596330275,0.021009174311926605,0.030642201834862385,0.034128440366972476,0.017155963302752295,0.02871559633027523,0.020963302752293578,0.0389908256880734,0.038027522935779816,0.05169724770642202,0.04564220183486239,0.015825688073394496,0.01848623853211009,0.023256880733944954,0.01724770642201835,0.015229357798165137,0.018577981651376148,0.011880733944954128,0.020504587155963303,0.010504587155963302,0.005871559633027523,0.008027522935779817,0.002522935779816514,0.005412844036697248,0.0,0.0015137614678899082,0.003256880733944954,0.0020642201834862386,0.0,0.005045871559633028,0.00013761467889908258,0.0,0.0,4.587155963302752e-05,0.0,0.0,0.003944954128440367,0.0,0.0,0.0,0.0,0.0,0.0,0.0,0.0,0.0,0.0,0.0,0.0,0.0,0.0,0.0,0.0,0.0,0.0,0.0,0.0,0.0,0.0,0.0,0.0,0.0,nan,nan,4.511594202898551,2.9331704285405826,nan,0.9370852956814425,0.03437285317856878,0.0,0.0,0.0,0.0,0.0,0.0,0.0,0.0,0.0,0.0,0.0,0.0,0.0,0.0,0.0,0.0,0.0,0.0,0.0,0.0,0.0,0.0,0.0,0.05357142857142841,0.21428571428571433,0.7500000000000002,2.7321428571428577,9.375000000000002,11.410714285714288,5.464285714285715,0.9344157872334966,0.03443570119739701,0.0,0.0,0.0,0.0,0.0,0.0,0.0,0.0,0.0,0.0,0.0,0.0,0.0,0.0,0.0,0.0,0.0,0.0,0.0,0.0,0.0,0.0,0.0,0.0,0.2264150943396227,1.0754716981132078,2.8301886792452833,9.962264150943398,10.811320754716983,5.0943396226415105,0.406,0.02516,0.0,0.0,0.0,0.0,0.0,0.0,0.0,0.0,0.0,0.0,1.9821428571428577,10.607142857142842,13.392857142857146,3.6428571428571437,0.3750000000000001,0.0,0.0,0.0,0.0,0.0,0.0,0.0,0.0,0.0,0.0,0.0,0.0,0.0,0.0,0.0,0.4065,0.02472,0.0,0.0,0.0,0.0,0.0,0.0,0.0,0.0,0.0,0.0,1.6981132075471703,10.528301886792438,13.754716981132079,3.849056603773586,0.169811320754717,0.0,0.0,0.0,0.0,0.0,0.0,0.0,0.0,0.0,0.0,0.0,0.0,0.0,0.0,0.0
1500,1066,567,0.5318949343339587,285,213,0.46716697936210133,309,0.5797373358348968,0.47,3.278557114228457,3.1099686384445593,6.493975903614458,2.200073897860222,6649.800000000001,9.094947017729282e-13,6649.8,6649.8,6649.800000000001,9.094947017729282e-13,6649.800000000001,9.094947017729282e-13,29.00656660412758,20.772983474532037,34.03225806451613,18.704721064962513,0.13696060037523453,0.08911819887429644,0.07973733583489681,0.08442776735459662,0.06941838649155722,0.0900562851782364,0.075046904315197,0.05065666041275797,0.07035647279549719,0.06566604127579738,0.04878048780487805,0.04221388367729831,0.040337711069418386,0.025328330206378986,0.01876172607879925,0.005628517823639775,0.0075046904315197,0.9345609711773176,0.03639124017042513,0.0,0.0,0.0,0.0,0.0,0.0,0.0,0.0,0.0,0.0,0.0,0.0,0.0,0.0,0.0,0.0,0.0,0.0,0.0,0.0,0.0,0.0,0.0,0.028142589118198787,0.19699812382739218,1.0412757973733586,3.51782363977486,9.681050656660414,9.54033771106942,5.994371482176362,4.290277777777778,2.816699197160384,nan,nan,nan,4.310160427807487,2.7224661429293495,4.26878612716763,2.914981677419592,0.9904007515885195,0.4048,0.02405,0.0,0.0,0.0,0.0,0.0,0.0,0.0,0.0,0.0,0.0,1.5759849906191374,10.975609756097546,14.043151969981242,3.151969981238275,0.2532833020637899,0.0,0.0,0.0,0.0,0.0,0.0,0.0,0.0,0.0,0.0,0.0,0.0,0.0,0.0,0.0,nan,nan,4.290277777777778,2.816699197160384,nan,0.4048,0.1105,0.0,0.0,0.0,0.0029549718574108817,0.0,0.0,0.0,0.0,0.0,0.0,0.0,0.0,0.018151969981238275,0.0,0.0022045028142589117,0.0006097560975609756,0.0,0.005206378986866792,0.0017823639774859287,0.000375234521575985,0.005159474671669793,0.01102251407129456,0.014821763602251407,0.006425891181988743,0.009146341463414634,0.008583489681050657,0.019934333958724203,0.022373358348968104,0.010834896810506566,0.0376172607879925,0.00872420262664165,0.013930581613508443,0.018902439024390243,0.029971857410881802,0.015384615384615385,0.04901500938086304,0.037101313320825516,0.05426829268292683,0.03475609756097561,0.0349906191369606,0.022326454033771106,0.03273921200750469,0.03850844277673546,0.021153846153846155,0.027392120075046905,0.01951219512195122,0.042682926829268296,0.03517823639774859,0.05196998123827392,0.04437148217636022,0.01575984990619137,0.019465290806754222,0.023827392120075046,0.01599437148217636,0.015572232645403377,0.016932457786116323,0.0150093808630394,0.02523452157598499,0.006566604127579738,0.004971857410881801,0.007786116322701688,0.0017354596622889307,0.006097560975609756,0.0,0.0016416510318949344,0.0020637898686679174,0.002626641651031895,0.0,0.005863039399624765,9.380863039399625e-05,0.0,0.0,0.0,0.0,0.0,0.002673545966228893,0.0,0.0,0.0,0.0,0.0,0.0,0.0,0.0,0.0,0.0,0.0,0.0,0.0,0.0,0.0,0.0,0.0,0.0,0.0,0.0,0.0,0.0,0.0,0.0,0.0,nan,nan,4.290277777777778,2.816699197160384,nan,0.932579630686913,0.036373174069525394,0.0,0.0,0.0,0.0,0.0,0.0,0.0,0.0,0.0,0.0,0.0,0.0,0.0,0.0,0.0,0.0,0.0,0.0,0.0,0.0,0.0,0.0,0.0,0.05291005291005275,0.15873015873015875,1.322751322751323,3.5978835978835986,9.947089947089948,9.312169312169313,5.60846560846561,0.93681231397904,0.03628066770370645,0.0,0.0,0.0,0.0,0.0,0.0,0.0,0.0,0.0,0.0,0.0,0.0,0.0,0.0,0.0,0.0,0.0,0.0,0.0,0.0,0.0,0.0,0.0,0.0,0.24048096192384774,0.7214428857715433,3.4268537074148306,9.378757515030061,9.799599198396795,6.432865731462928,0.404,0.02379,0.0,0.0,0.0,0.0,0.0,0.0,0.0,0.0,0.0,0.0,1.6402116402116407,11.269841269841255,14.12698412698413,2.804232804232805,0.15873015873015875,0.0,0.0,0.0,0.0,0.0,0.0,0.0,0.0,0.0,0.0,0.0,0.0,0.0,0.0,0.0,0.4058,0.02432,0.0,0.0,0.0,0.0,0.0,0.0,0.0,0.0,0.0,0.0,1.5030060120240483,10.641282565130245,13.94789579158317,3.5470941883767546,0.3607214428857716,0.0,0.0,0.0,0.0,0.0,0.0,0.0,0.0,0.0,0.0,0.0,0.0,0.0,0.0,0.0
1600,976,483,0.4948770491803279,241,206,0.45799180327868855,293,0.6004098360655737,0.486,2.971602434077079,2.894914907323385,6.1030303030303035,1.8865528686878759,6649.800000000002,1.8189894035458565e-12,6649.8,6649.8,6649.800000000003,2.7284841053187847e-12,6649.800000000002,1.8189894035458565e-12,29.033811475409838,21.302656173886373,33.897218863361545,19.49576779805127,0.1362704918032787,0.09016393442622951,0.08401639344262295,0.09528688524590163,0.08094262295081968,0.06454918032786885,0.07684426229508197,0.05737704918032787,0.0625,0.050204918032786885,0.05737704918032787,0.03278688524590164,0.04405737704918033,0.025614754098360656,0.017418032786885244,0.015368852459016393,0.009221311475409836,0.9316688173862754,0.03437813227264901,0.0,0.0,0.0,0.0,0.0,0.0,0.0,0.0,0.0,0.0,0.0,0.0,0.0,0.0,0.0,0.0,0.0,0.0,0.0,0.0,0.0,0.0,0.0,0.0,0.30737704918032793,0.737704918032787,3.9651639344262306,10.327868852459018,10.081967213114757,4.579918032786886,4.149618320610687,2.7276747932964747,nan,nan,nan,4.291666666666667,2.784639342866733,4.0,2.6581630350682284,0.9320388349514562,0.4053,0.02509,0.0,0.0,0.0,0.0,0.0,0.0,0.0,0.0,0.0,0.0,1.8750000000000004,10.4200819672131,13.73975409836066,3.903688524590165,0.061475409836065587,0.0,0.0,0.0,0.0,0.0,0.0,0.0,0.0,0.0,0.0,0.0,0.0,0.0,0.0,0.0,nan,nan,4.149618320610687,2.7276747932964747,nan,0.4053,0.1115,5.122950819672131e-05,0.0,0.0,0.0025102459016393443,0.0,0.0,0.00010245901639344262,0.0,0.0,0.0,0.0,5.122950819672131e-05,0.020901639344262295,0.0003073770491803279,0.0028688524590163933,0.0005635245901639345,0.0,0.004559426229508196,0.0008709016393442623,0.0007172131147540983,0.004508196721311476,0.009938524590163934,0.015368852459016393,0.006506147540983606,0.009836065573770493,0.007120901639344262,0.021004098360655737,0.022899590163934426,0.0125,0.03806352459016393,0.009170081967213115,0.013370901639344263,0.02038934426229508,0.027100409836065573,0.01567622950819672,0.04841188524590164,0.03621926229508197,0.049897540983606554,0.03406762295081967,0.030942622950819672,0.02228483606557377,0.0329405737704918,0.043545081967213115,0.01828893442622951,0.028022540983606556,0.01992827868852459,0.03944672131147541,0.032120901639344265,0.05,0.04467213114754098,0.014959016393442623,0.019979508196721313,0.02648565573770492,0.018135245901639344,0.017418032786885244,0.02033811475409836,0.017059426229508196,0.03048155737704918,0.006301229508196721,0.00389344262295082,0.006403688524590164,0.002254098360655738,0.007120901639344262,0.0,0.0010758196721311476,0.0017418032786885246,0.001639344262295082,0.0,0.0046618852459016395,0.0,0.0,0.0,0.0,0.0,0.0,0.002305327868852459,0.0,0.0,0.0,0.0,0.0,0.0,0.0,0.0,0.0,0.0,0.0,0.0,0.0,0.0,0.0,0.0,0.0,0.0,0.0,0.0,0.0,0.0,0.0,0.0,0.0,nan,nan,4.149618320610687,2.7276747932964747,nan,0.9322224100183997,0.03371554256114978,0.0,0.0,0.0,0.0,0.0,0.0,0.0,0.0,0.0,0.0,0.0,0.0,0.0,0.0,0.0,0.0,0.0,0.0,0.0,0.0,0.0,0.0,0.0,0.0,0.12422360248447208,0.7453416149068324,4.099378881987579,10.18633540372671,10.310559006211182,4.534161490683231,0.9311264538136264,0.035006636004724145,0.0,0.0,0.0,0.0,0.0,0.0,0.0,0.0,0.0,0.0,0.0,0.0,0.0,0.0,0.0,0.0,0.0,0.0,0.0,0.0,0.0,0.0,0.0,0.0,0.4868154158215011,0.7302231237322516,3.8336713995943215,10.466531440162274,9.858012170385397,4.624746450304261,0.4062,0.02544,0.0,0.0,0.0,0.0,0.0,0.0,0.0,0.0,0.0,0.0,1.9254658385093173,9.937888198757749,13.850931677018638,4.2857142857142865,0.0,0.0,0.0,0.0,0.0,0.0,0.0,0.0,0.0,0.0,0.0,0.0,0.0,0.0,0.0,0.0,0.4045,0.02472,0.0,0.0,0.0,0.0,0.0,0.0,0.0,0.0,0.0,0.0,1.8255578093306293,10.892494929006068,13.630831643002033,3.529411764705883,0.12170385395537528,0.0,0.0,0.0,0.0,0.0,0.0,0.0,0.0,0.0,0.0,0.0,0.0,0.0,0.0,0.0
1700,1217,622,0.5110928512736237,296,252,0.45028759244042726,332,0.5456039441248973,0.44599999999999995,2.9092436974789915,3.0965144839020047,6.8,2.0165977949672227,6649.800000000001,9.094947017729282e-13,6649.8,6649.8,6649.800000000002,1.8189894035458565e-12,6649.800000000002,1.8189894035458565e-12,26.808545603944125,20.74405580827737,31.924603174603174,19.1427975037898,0.14708299096138044,0.114215283483977,0.09860312243221035,0.09120788824979457,0.0714872637633525,0.07313064913722268,0.0657354149548069,0.06655710764174198,0.06327033689400165,0.049301561216105176,0.038619556285949055,0.03779786359901397,0.024650780608052588,0.020542317173377157,0.014790468364831553,0.015612161051766639,0.007395234182415777,0.9269329283995617,0.03464316039589822,0.0,0.0,0.0,0.0,0.0,0.0,0.0,0.0,0.0,0.0,0.0,0.0,0.0,0.0,0.0,0.0,0.0,0.0,0.0,0.0,0.0,0.0,0.04930156121610519,0.0,0.24650780608052594,1.0353327855382088,4.511092851273625,11.635168447000824,8.701725554642564,3.820870994248152,4.3910171730515195,2.8789444062059917,nan,nan,nan,4.468834688346884,3.0085206904772623,4.31701030927835,2.7480113390379866,0.9660259576250523,0.4053,0.02399,0.0,0.0,0.0,0.0,0.0,0.0,0.0,0.0,0.0,0.04930156121610519,1.6023007395234186,10.451930977814282,14.420706655710767,3.377156943303205,0.09860312243221038,0.0,0.0,0.0,0.0,0.0,0.0,0.0,0.0,0.0,0.0,0.0,0.0,0.0,0.0,0.0,nan,nan,4.3910171730515195,2.8789444062059917,nan,0.4053,0.11084,0.0,0.0,0.0,0.0024650780608052587,0.0,0.0,0.0,0.0,0.0,0.0,0.0,0.0,0.02009038619556286,0.0011503697617091207,0.0024650780608052587,0.0006984387838948233,0.0,0.005299917830731306,0.0004930156121610517,0.0009038619556285949,0.004231717337715694,0.00801150369761709,0.015283483976992605,0.008175842235004109,0.010147904683648316,0.007641741988496303,0.01935086277732128,0.02411668036154478,0.01437962202136401,0.0385784716516023,0.007888249794576828,0.014420706655710764,0.019843878389482334,0.02419884963023829,0.015406737880032868,0.04297452752670501,0.04116680361544782,0.0514379622021364,0.039646672144617916,0.02744453574363188,0.019761709120788826,0.02875924404272802,0.04589153656532457,0.015488907148726376,0.03229252259654889,0.019104354971240755,0.04124897288414133,0.034141331142152835,0.05312243221035333,0.04202958093672966,0.01409202958093673,0.02341824157764996,0.027156943303204603,0.014749383730484799,0.017789646672144617,0.021405094494658997,0.02259654889071487,0.02608874281018899,0.005464256368118324,0.0029580936729663105,0.004642563681183237,0.0021364009860312242,0.005382087099424815,0.0,0.00209531635168447,0.0019309778142974528,0.002711585866885785,0.0,0.0030813475760065735,0.0,0.0,0.0,0.0,0.0,0.0,0.0025472473294987676,0.0,0.0,0.0,0.0,0.0,0.0,0.0,0.0,0.0,0.0,0.0,0.0,0.0,0.0,0.0,0.0,0.0,0.0,0.0,0.0,0.0,0.0,0.0,0.0,0.0,nan,nan,4.3910171730515195,2.8789444062059917,nan,0.927127726495841,0.03497294485625095,0.0,0.0,0.0,0.0,0.0,0.0,0.0,0.0,0.0,0.0,0.0,0.0,0.0,0.0,0.0,0.0,0.0,0.0,0.0,0.0,0.0,0.0,0.0482315112540193,0.0,0.1929260450160772,0.8681672025723475,4.919614147909969,12.057877813504826,7.765273311897108,4.14790996784566,0.9267292907258041,0.03429383778945975,0.0,0.0,0.0,0.0,0.0,0.0,0.0,0.0,0.0,0.0,0.0,0.0,0.0,0.0,0.0,0.0,0.0,0.0,0.0,0.0,0.0,0.0,0.050420168067226906,0.0,0.3025210084033614,1.2100840336134455,4.084033613445379,11.193277310924373,9.680672268907564,3.4789915966386564,0.4058,0.02322,0.0,0.0,0.0,0.0,0.0,0.0,0.0,0.0,0.0,0.0482315112540193,1.39871382636656,10.176848874598056,15.144694533762062,3.2315112540192934,0.0,0.0,0.0,0.0,0.0,0.0,0.0,0.0,0.0,0.0,0.0,0.0,0.0,0.0,0.0,0.0,0.4045,0.02475,0.0,0.0,0.0,0.0,0.0,0.0,0.0,0.0,0.0,0.050420168067226906,1.8151260504201685,10.739495798319313,13.66386554621849,3.529411764705883,0.20168067226890762,0.0,0.0,0.0,0.0,0.0,0.0,0.0,0.0,0.0,0.0,0.0,0.0,0.0,0.0,0.0
1800,1195,591,0.49456066945606697,268,257,0.4393305439330544,341,0.5707112970711297,0.474,2.9205298013245033,3.0714950494044193,6.547058823529412,2.2675764847490485,6649.800000000002,1.8189894035458565e-12,6649.8,6649.8,6649.800000000002,1.8189894035458565e-12,6649.800000000002,1.8189894035458565e-12,28.37071129707113,21.18937870224003,33.27777777777778,19.43773693833597,0.13723849372384936,0.09121338912133892,0.10292887029288703,0.08535564853556485,0.07782426778242678,0.07866108786610879,0.06443514644351464,0.05690376569037657,0.058577405857740586,0.055230125523012555,0.05690376569037657,0.03765690376569038,0.026778242677824266,0.03096234309623431,0.017573221757322177,0.011715481171548118,0.0100418410041841,0.9231612401028557,0.03501764992352252,0.0,0.0,0.0,0.0,0.0,0.0,0.0,0.0,0.0,0.0,0.0,0.0,0.0,0.0,0.0,0.0,0.0,0.0,0.0,0.0,0.0,0.0,0.0,0.07531380753138052,0.2761506276150628,1.1799163179916319,5.548117154811717,11.347280334728037,8.359832635983265,3.213389121338913,4.358344113842174,2.9037466720432006,nan,nan,nan,4.396866840731071,2.864966310232969,4.311053984575835,2.93868903315569,0.9804831805775207,0.4053,0.02502,0.0,0.0,0.0,0.0,0.0,0.0,0.0,0.0,0.0,0.050209205020920515,1.8075313807531384,10.794979079497892,13.280334728033475,3.8661087866108796,0.20083682008368206,0.0,0.0,0.0,0.0,0.0,0.0,0.0,0.0,0.0,0.0,0.0,0.0,0.0,0.0,0.0,nan,nan,4.358344113842174,2.9037466720432006,nan,0.4053,0.1119,0.0,0.0,0.0,0.0020502092050209207,0.0,0.0,0.0,4.184100418410042e-05,0.0,0.0,0.0,0.0,0.022301255230125522,0.002217573221757322,0.00297071129707113,0.0005439330543933054,0.0,0.004476987447698744,8.368200836820084e-05,0.0010460251046025104,0.0036820083682008366,0.008535564853556485,0.014435146443514645,0.008368200836820083,0.008786610878661089,0.0066108786610878665,0.019288702928870295,0.022761506276150627,0.01502092050209205,0.0398326359832636,0.008075313807531381,0.014267782426778243,0.017573221757322177,0.02702928870292887,0.016150627615062762,0.0401255230125523,0.041715481171548115,0.05451882845188284,0.044602510460251044,0.024602510460251047,0.01707112970711297,0.030836820083682007,0.04736401673640167,0.014560669456066946,0.028493723849372384,0.01882845188284519,0.04096234309623431,0.03288702928870293,0.05292887029288703,0.041213389121338914,0.01196652719665272,0.02305439330543933,0.025271966527196654,0.01903765690376569,0.016569037656903766,0.0199163179916318,0.02489539748953975,0.02807531380753138,0.005857740585774059,0.002677824267782427,0.004686192468619247,0.0017573221757322176,0.007531380753138075,0.0,0.0017573221757322176,0.0008368200836820083,0.003598326359832636,0.0,0.0022594142259414226,0.0,0.0,0.0,0.0,0.0,0.0,0.0033891213389121337,0.0,0.0,0.0,0.0,0.0,0.0,0.0,0.0,0.0,0.0,0.0,0.0,0.0,0.0,0.0,0.0,0.0,0.0,0.0,0.0,0.0,0.0,0.0,0.0,0.0,nan,nan,4.358344113842174,2.9037466720432006,nan,0.9233684655776887,0.034859952224477304,0.0,0.0,0.0,0.0,0.0,0.0,0.0,0.0,0.0,0.0,0.0,0.0,0.0,0.0,0.0,0.0,0.0,0.0,0.0,0.0,0.0,0.0,0.0,0.1015228426395936,0.30456852791878175,0.7106598984771576,5.837563451776651,11.7258883248731,7.868020304568529,3.4517766497461935,0.9229584747789711,0.035170087231282315,0.0,0.0,0.0,0.0,0.0,0.0,0.0,0.0,0.0,0.0,0.0,0.0,0.0,0.0,0.0,0.0,0.0,0.0,0.0,0.0,0.0,0.0,0.0,0.049668874172185275,0.2483443708609272,1.6390728476821195,5.264900662251657,10.976821192052983,8.841059602649008,2.9801324503311264,0.4048,0.02525,0.0,0.0,0.0,0.0,0.0,0.0,0.0,0.0,0.0,0.10152284263959394,1.7766497461928938,10.609137055837548,13.502538071065993,3.8071065989847725,0.20304568527918787,0.0,0.0,0.0,0.0,0.0,0.0,0.0,0.0,0.0,0.0,0.0,0.0,0.0,0.0,0.0,0.4058,0.02481,0.0,0.0,0.0,0.0,0.0,0.0,0.0,0.0,0.0,0.0,1.8377483443708613,10.976821192052963,13.062913907284772,3.92384105960265,0.19867549668874177,0.0,0.0,0.0,0.0,0.0,0.0,0.0,0.0,0.0,0.0,0.0,0.0,0.0,0.0,0.0
1900,1275,645,0.5058823529411764,293,263,0.43607843137254904,346,0.5427450980392157,0.474,2.9380952380952383,3.086217625026619,6.733727810650888,2.0511473935470774,6649.800000000001,9.094947017729282e-13,6649.8,6649.8,6649.800000000003,2.7284841053187847e-12,6649.800000000002,1.8189894035458565e-12,27.529411764705884,20.949980524279844,32.27813953488372,19.395608140589992,0.13647058823529412,0.12,0.09176470588235294,0.07529411764705882,0.08235294117647059,0.0792156862745098,0.07450980392156863,0.06274509803921569,0.05647058823529412,0.05019607843137255,0.038431372549019606,0.03607843137254902,0.03215686274509804,0.021176470588235293,0.0203921568627451,0.013333333333333334,0.009411764705882352,0.9238648821325863,0.03519130582983834,0.0,0.0,0.0,0.0,0.0,0.0,0.0,0.0,0.0,0.0,0.0,0.0,0.0,0.0,0.0,0.0,0.0,0.0,0.0,0.0,0.0,0.0,0.0,0.07058823529411742,0.30588235294117655,1.2235294117647062,5.0352941176470605,11.858823529411767,8.282352941176471,3.2235294117647064,4.33083645443196,2.78199318239384,nan,nan,nan,4.383248730964467,2.7809766396200817,4.28009828009828,2.782036443267378,0.9764671235429777,0.4026,0.02365,0.0,0.0,0.0,0.0,0.0,0.0,0.0,0.0,0.0,0.07058823529411766,1.7647058823529416,12.329411764705865,12.941176470588237,2.752941176470589,0.14117647058823532,0.0,0.0,0.0,0.0,0.0,0.0,0.0,0.0,0.0,0.0,0.0,0.0,0.0,0.0,0.0,nan,nan,4.33083645443196,2.78199318239384,nan,0.4026,0.11035,3.9215686274509805e-05,0.0,0.0,0.002352941176470588,0.0,0.0,0.0,0.0,0.0,0.0,0.0,0.0,0.023254901960784315,0.0019215686274509803,0.0022745098039215687,0.0007058823529411765,0.0,0.0036470588235294117,0.00031372549019607844,0.0010980392156862745,0.0062352941176470585,0.009568627450980392,0.01419607843137255,0.008,0.008901960784313726,0.00803921568627451,0.014,0.022,0.01607843137254902,0.04211764705882353,0.0072549019607843135,0.013607843137254902,0.017568627450980392,0.031294117647058826,0.015490196078431372,0.0363921568627451,0.039098039215686275,0.06211764705882353,0.04615686274509804,0.02396078431372549,0.015176470588235295,0.03403921568627451,0.05274509803921568,0.015215686274509805,0.02972549019607843,0.017686274509803923,0.04564705882352941,0.03168627450980392,0.055058823529411764,0.03545098039215686,0.008862745098039216,0.0243921568627451,0.02768627450980392,0.018313725490196078,0.015568627450980392,0.0163921568627451,0.02192156862745098,0.026235294117647058,0.005058823529411765,0.0034901960784313726,0.003058823529411765,0.002156862745098039,0.006352941176470588,0.0,0.0012549019607843138,0.0005098039215686275,0.004,0.0,0.00207843137254902,0.0,0.0,0.0,0.0,0.0,0.0,0.0025098039215686275,0.0,0.0,0.0,0.0,0.0,0.0,3.9215686274509805e-05,0.0,0.0,0.0,0.0,0.0,0.0,0.0,0.0,0.0,0.0,0.0,0.0,0.0,0.0,0.0,0.0,0.0,0.0,nan,nan,4.33083645443196,2.78199318239384,nan,0.9253280736679255,0.03448255718500058,0.0,0.0,0.0,0.0,0.0,0.0,0.0,0.0,0.0,0.0,0.0,0.0,0.0,0.0,0.0,0.0,0.0,0.0,0.0,0.0,0.0,0.0,0.0,0.0465116279069766,0.2790697674418605,1.2093023255813957,5.02325581395349,10.976744186046515,9.255813953488374,3.209302325581396,0.9223668527035486,0.035840605603719475,0.0,0.0,0.0,0.0,0.0,0.0,0.0,0.0,0.0,0.0,0.0,0.0,0.0,0.0,0.0,0.0,0.0,0.0,0.0,0.0,0.0,0.0,0.0,0.09523809523809494,0.3333333333333334,1.2380952380952384,5.047619047619049,12.761904761904765,7.285714285714287,3.238095238095239,0.403,0.02333,0.0,0.0,0.0,0.0,0.0,0.0,0.0,0.0,0.0,0.04651162790697676,1.5813953488372097,12.372093023255795,13.023255813953492,2.790697674418605,0.18604651162790703,0.0,0.0,0.0,0.0,0.0,0.0,0.0,0.0,0.0,0.0,0.0,0.0,0.0,0.0,0.0,0.402,0.02396,0.0,0.0,0.0,0.0,0.0,0.0,0.0,0.0,0.0,0.09523809523809526,1.9523809523809528,12.285714285714269,12.85714285714286,2.714285714285715,0.09523809523809526,0.0,0.0,0.0,0.0,0.0,0.0,0.0,0.0,0.0,0.0,0.0,0.0,0.0,0.0,0.0
2000,1145,606,0.5292576419213973,295,237,0.4646288209606987,323,0.5641921397379913,0.498,2.9962894248608536,3.0267798483181783,6.339743589743589,2.10766852254344,6649.800000000002,1.8189894035458565e-12,6649.8,6649.8,6649.800000000001,9.094947017729282e-13,6649.800000000002,1.8189894035458565e-12,28.28995633187773,20.872073117987934,33.12409513960703,19.10291911463688,0.13362445414847163,0.10655021834061135,0.08034934497816594,0.09082969432314411,0.0777292576419214,0.07074235807860262,0.08296943231441048,0.05851528384279476,0.06724890829694323,0.05764192139737991,0.04279475982532751,0.03580786026200873,0.032314410480349345,0.01921397379912664,0.02445414847161572,0.01222707423580786,0.0069868995633187774,0.9253386701558876,0.033057773966708295,0.0,0.0,0.0,0.0,0.0,0.0,0.0,0.0,0.0,0.0,0.0,0.0,0.0,0.0,0.0,0.0,0.0,0.0,0.0,0.0,0.0,0.0,0.0,0.0,0.1310043668122271,0.9432314410480351,5.187772925764193,11.89519650655022,8.646288209606988,3.1965065502183414,4.311671087533156,2.9491169596031135,nan,nan,nan,4.297587131367292,2.9599506500932096,4.326315789473684,2.94222295217018,1.006684834356634,0.404,0.023,0.0,0.0,0.0,0.0,0.0,0.0,0.0,0.0,0.0,0.0,1.2838427947598254,11.554585152838412,13.886462882096072,3.117903930131005,0.1310043668122271,0.02620087336244542,0.0,0.0,0.0,0.0,0.0,0.0,0.0,0.0,0.0,0.0,0.0,0.0,0.0,0.0,nan,nan,4.311671087533156,2.9491169596031135,nan,0.404,0.10925,0.0,0.0,0.0,0.0022707423580786024,0.0,0.0,0.0,0.0,0.0,0.0,0.0,0.0,0.02244541484716157,0.0017467248908296944,0.0015283842794759825,0.0004366812227074236,0.0,0.0034497816593886464,0.00017467248908296942,0.0017903930131004367,0.004847161572052402,0.00851528384279476,0.013624454148471616,0.006899563318777293,0.008209606986899563,0.010611353711790393,0.012052401746724891,0.02222707423580786,0.01650655021834061,0.04056768558951965,0.008689956331877729,0.016157205240174673,0.016768558951965065,0.03310043668122271,0.015676855895196507,0.03672489082969432,0.039606986899563316,0.05716157205240174,0.04532751091703057,0.022663755458515285,0.015982532751091703,0.03663755458515284,0.05427947598253275,0.014890829694323144,0.029694323144104803,0.01816593886462882,0.04502183406113537,0.037991266375545854,0.05344978165938865,0.03301310043668122,0.00943231441048035,0.022401746724890828,0.031135371179039303,0.015414847161572053,0.014716157205240174,0.016375545851528384,0.022139737991266374,0.028558951965065502,0.0060262008733624455,0.0031441048034934497,0.0022707423580786024,0.0023580786026200875,0.0058951965065502186,0.0,0.001222707423580786,0.0006550218340611354,0.004716157205240175,0.0,0.0029694323144104804,0.0,0.0,0.0,0.0,0.0,0.0,0.0016593886462882095,0.0,0.0,0.0,0.0,0.0,0.0,0.0,0.0,0.0,0.0,0.0,0.0,0.0,0.0,0.0,0.0,0.0,0.0,0.0,0.0,0.0,0.0,0.0,0.0,0.0,nan,nan,4.311671087533156,2.9491169596031135,nan,0.9256872152141219,0.03281838030643393,0.0,0.0,0.0,0.0,0.0,0.0,0.0,0.0,0.0,0.0,0.0,0.0,0.0,0.0,0.0,0.0,0.0,0.0,0.0,0.0,0.0,0.0,0.0,0.0,0.14851485148514854,1.0396039603960399,4.950495049504951,11.633663366336636,8.910891089108912,3.3168316831683176,0.9249467994596167,0.03332051809119987,0.0,0.0,0.0,0.0,0.0,0.0,0.0,0.0,0.0,0.0,0.0,0.0,0.0,0.0,0.0,0.0,0.0,0.0,0.0,0.0,0.0,0.0,0.0,0.0,0.11131725417439706,0.834879406307978,5.454545454545455,12.189239332096479,8.34879406307978,3.061224489795919,0.4036,0.0239,0.0,0.0,0.0,0.0,0.0,0.0,0.0,0.0,0.0,0.0,1.5841584158415845,11.732673267326716,13.069306930693072,3.366336633663367,0.19801980198019806,0.049504950495049514,0.0,0.0,0.0,0.0,0.0,0.0,0.0,0.0,0.0,0.0,0.0,0.0,0.0,0.0,0.4045,0.02191,0.0,0.0,0.0,0.0,0.0,0.0,0.0,0.0,0.0,0.0,0.9461966604823749,11.354359925788481,14.805194805194809,2.8385899814471247,0.05565862708719853,0.0,0.0,0.0,0.0,0.0,0.0,0.0,0.0,0.0,0.0,0.0,0.0,0.0,0.0,0.0
2100,1281,675,0.5269320843091335,320,242,0.43871975019516,359,0.5604996096799375,0.506,3.198019801980198,3.2192279232837997,6.988095238095238,1.8960739362910104,6649.8,0.0,6649.8,6649.8,6649.800000000003,2.7284841053187847e-12,6649.800000000001,9.094947017729282e-13,27.65807962529274,20.593198191850515,32.279926335174956,18.956160103980963,0.1327088212334114,0.1092896174863388,0.10226385636221702,0.08118657298985169,0.07962529274004684,0.06713505074160812,0.07103825136612021,0.06947697111631537,0.04996096799375488,0.05620608899297424,0.0546448087431694,0.0429352068696331,0.03200624512099922,0.02185792349726776,0.01639344262295082,0.00702576112412178,0.00624512099921936,0.9254334907248837,0.0347075704798998,0.0,0.0,0.0,0.0,0.0,0.0,0.0,0.0,0.0,0.0,0.0,0.0,0.0,0.0,0.0,0.0,0.0,0.0,0.0,0.0,0.0,0.0,0.0,0.11709601873536264,0.3981264637002343,0.7025761124121782,5.0351288056206105,11.42857142857143,8.805620608899298,3.5128805620608907,4.47239263803681,2.957185039025767,nan,nan,nan,4.611246943765281,2.9023168656105645,4.338271604938272,3.0064362193543324,0.9408022727570271,0.406,0.02359,0.0,0.0,0.0,0.0,0.0,0.0,0.0,0.0,0.0,0.023419203747072605,1.475409836065574,10.49180327868851,14.496487119437942,3.372365339578455,0.14051522248243561,0.0,0.0,0.0,0.0,0.0,0.0,0.0,0.0,0.0,0.0,0.0,0.0,0.0,0.0,0.0,nan,nan,4.47239263803681,2.957185039025767,nan,0.406,0.10876,0.0,0.0,0.0,0.002107728337236534,0.0,0.0,0.0,0.0,0.0,0.0,0.0,0.0,0.01869633099141296,0.000741608118657299,0.001678376268540203,0.000897736143637783,7.8064012490242e-05,0.003864168618266979,0.000195160031225605,0.001795472287275566,0.005269320843091335,0.00663544106167057,0.012334113973458237,0.00702576112412178,0.009640905542544887,0.007064793130366901,0.0124512099921936,0.025175644028103045,0.017876658860265418,0.04164715066354411,0.010421545667447307,0.015846994535519125,0.01678376268540203,0.03508977361436378,0.015105386416861826,0.03551912568306011,0.03551912568306011,0.059562841530054644,0.04348165495706479,0.023614363778298203,0.017798594847775177,0.04067135050741608,0.05,0.016705698672911787,0.031108508977361435,0.018930523028883685,0.04028103044496487,0.0384855581576893,0.048946135831381736,0.03571428571428571,0.008626073380171741,0.01924277907884465,0.034504293520686964,0.01209992193598751,0.014363778298204528,0.01904761904761905,0.02111631537861046,0.03087431693989071,0.007142857142857143,0.00312256049960968,0.002263856362217018,0.001522248243559719,0.008938329430132709,0.000117096018735363,0.001834504293520687,0.001092896174863388,0.004996096799375488,0.0,0.002224824355971897,0.0,0.0,0.0,0.0,0.0,0.0,0.002107728337236534,0.0,0.0,0.0,0.0,0.0,0.0,0.0,0.0,0.0,0.0,0.0,0.0,0.0,0.0,0.0,0.0,0.0,0.0,0.0,0.0,0.0,0.0,0.0,0.0,0.0,nan,nan,4.47239263803681,2.957185039025767,nan,0.9270527749591404,0.034368966574490734,0.0,0.0,0.0,0.0,0.0,0.0,0.0,0.0,0.0,0.0,0.0,0.0,0.0,0.0,0.0,0.0,0.0,0.0,0.0,0.0,0.0,0.0,0.0,0.13333333333333292,0.2666666666666667,0.5333333333333334,5.244444444444445,11.466666666666669,8.533333333333335,3.822222222222223,0.9236298325431622,0.03499277620218261,0.0,0.0,0.0,0.0,0.0,0.0,0.0,0.0,0.0,0.0,0.0,0.0,0.0,0.0,0.0,0.0,0.0,0.0,0.0,0.0,0.0,0.0,0.0,0.09900990099009871,0.5445544554455446,0.8910891089108913,4.801980198019803,11.38613861386139,9.10891089108911,3.168316831683169,0.4062,0.02261,0.0,0.0,0.0,0.0,0.0,0.0,0.0,0.0,0.0,0.0,1.2444444444444447,10.888888888888873,14.444444444444446,3.333333333333334,0.0888888888888889,0.0,0.0,0.0,0.0,0.0,0.0,0.0,0.0,0.0,0.0,0.0,0.0,0.0,0.0,0.0,0.4055,0.02464,0.0,0.0,0.0,0.0,0.0,0.0,0.0,0.0,0.0,0.049504950495049514,1.732673267326733,10.049504950495034,14.554455445544557,3.4158415841584167,0.19801980198019806,0.0,0.0,0.0,0.0,0.0,0.0,0.0,0.0,0.0,0.0,0.0,0.0,0.0,0.0,0.0
2200,1486,737,0.4959623149394347,348,317,0.4475100942126514,426,0.5733512786002691,0.47,3.0186915887850465,3.1197160011096288,6.798029556650246,2.170922044038867,6649.8,0.0,6649.8,6649.8,6649.800000000002,1.8189894035458565e-12,6649.800000000001,9.094947017729282e-13,27.363391655450876,20.621301307999467,32.543760129659645,18.794032833327527,0.15208613728129206,0.09757738896366083,0.08950201884253028,0.08075370121130551,0.08882907133243607,0.07940780619111709,0.07469717362045761,0.05518169582772544,0.05047106325706595,0.052489905787348586,0.05114401076716016,0.0423956931359354,0.03028263795423957,0.02489905787348587,0.014131897711978465,0.011440107671601614,0.004710632570659489,0.9238016677576633,0.03379627882120214,0.0,0.0,0.0,0.0,0.0,0.0,0.0,0.0,0.0,0.0,0.0,0.0,0.0,0.0,0.0,0.0,0.0,0.0,0.0,0.0,0.0,0.0,0.0,0.06056527590847895,0.08075370121130554,1.150740242261104,5.7133243606998665,11.406460296096906,8.53970390309556,3.048452220726784,4.474291710388248,2.8954536398623882,nan,nan,nan,4.452083333333333,2.8368475449088826,4.496828752642706,2.953567822461407,1.0100504451420211,0.4055,0.02281,0.0,0.0,0.0,0.0,0.0,0.0,0.0,0.0,0.0,0.020188425302826385,1.1709286675639303,11.567967698519498,13.707940780619115,3.4118438761776586,0.1211305518169583,0.0,0.0,0.0,0.0,0.0,0.0,0.0,0.0,0.0,0.0,0.0,0.0,0.0,0.0,0.0,nan,nan,4.474291710388248,2.8954536398623882,nan,0.4055,0.10864,3.364737550471063e-05,0.0,0.0,0.002086137281292059,0.0,0.0,0.0,0.0,0.0,0.0,3.364737550471063e-05,0.0,0.020323014804845222,0.0004374158815612382,0.0021534320323014803,0.00013458950201884252,0.0,0.0027254374158815612,0.00023553162853297442,0.002220726783310902,0.006022880215343203,0.005417227456258411,0.01268506056527591,0.0066958277254374155,0.00952220726783311,0.00952220726783311,0.010329744279946164,0.02648048452220727,0.017765814266487216,0.041823687752355315,0.009286675639300135,0.01433378196500673,0.015814266487214,0.039064602960969044,0.01652086137281292,0.03405114401076716,0.032335127860026916,0.061709286675639304,0.039199192462987885,0.02496635262449529,0.017799461641991924,0.03940107671601615,0.05545087483176312,0.015847913862718707,0.032738896366083445,0.023115746971736205,0.040511440107671604,0.034286675639300136,0.048553162853297444,0.03203230148048452,0.008176312247644684,0.020928667563930012,0.03613728129205922,0.012886944818304172,0.012449528936742935,0.018943472409152087,0.021668909825033646,0.027456258411843876,0.007806191117092867,0.004037685060565276,0.003095558546433378,0.0008411843876177658,0.011641991924629879,0.00013458950201884252,0.0023553162853297443,0.0002018842530282638,0.0036339165545087484,0.0,0.0023216689098250337,0.0,0.0,0.0,0.0,0.0,0.0,0.0016150740242261105,0.0,0.0,0.0,0.0,0.0,0.0,0.0,0.0,0.0,0.0,0.0,0.0,0.0,0.0,0.0,0.0,0.0,0.0,0.0,0.0,0.0,0.0,0.0,0.0,0.0,nan,nan,4.474291710388248,2.8954536398623882,nan,0.9229399247279484,0.03317421998526789,0.0,0.0,0.0,0.0,0.0,0.0,0.0,0.0,0.0,0.0,0.0,0.0,0.0,0.0,0.0,0.0,0.0,0.0,0.0,0.0,0.0,0.0,0.0,0.04070556309362267,0.040705563093622804,1.058344640434193,6.350067842605157,11.397557666214386,8.222523744911806,2.8900949796472193,0.9246496044905068,0.034376313197387584,0.0,0.0,0.0,0.0,0.0,0.0,0.0,0.0,0.0,0.0,0.0,0.0,0.0,0.0,0.0,0.0,0.0,0.0,0.0,0.0,0.0,0.0,0.0,0.08010680907877145,0.12016021361815757,1.2416555407209615,5.086782376502004,11.41522029372497,8.851802403204275,3.2042723631508685,0.4048,0.02359,0.0,0.0,0.0,0.0,0.0,0.0,0.0,0.0,0.0,0.0,1.3025780189959297,12.578018995929426,12.415196743554954,3.500678426051561,0.20352781546811402,0.0,0.0,0.0,0.0,0.0,0.0,0.0,0.0,0.0,0.0,0.0,0.0,0.0,0.0,0.0,0.4062,0.02202,0.0,0.0,0.0,0.0,0.0,0.0,0.0,0.0,0.0,0.040053404539385856,1.0413885180240323,10.574098798397848,14.979973297730309,3.324432576769026,0.040053404539385856,0.0,0.0,0.0,0.0,0.0,0.0,0.0,0.0,0.0,0.0,0.0,0.0,0.0,0.0,0.0
2300,1582,801,0.5063211125158028,377,334,0.44943109987357777,447,0.5651074589127687,0.47,2.88348271446863,3.0409911718582228,6.512437810945274,1.9977834800591374,6649.800000000002,1.8189894035458565e-12,6649.8,6649.8,6649.800000000002,1.8189894035458565e-12,6649.800000000001,9.094947017729282e-13,27.439317319848293,20.977106214199594,32.78729915837796,19.168620532889594,0.15360303413400758,0.10619469026548672,0.07585335018963338,0.0979772439949431,0.0752212389380531,0.07016434892541087,0.07016434892541087,0.0695322376738306,0.0632111251580278,0.04993678887484197,0.03603034134007586,0.038558786346396964,0.02970922882427307,0.028445006321112517,0.014538558786346398,0.010745891276864728,0.010113780025284451,0.9260964315248048,0.0332260717089548,0.0,0.0,0.0,0.0,0.0,0.0,0.0,0.0,0.0,0.0,0.0,0.0,0.0,0.0,0.0,0.0,0.0,0.0,0.0,0.0,0.0,0.0,0.0,0.07585335018963314,0.13274336283185845,0.8912768647281923,4.513274336283187,12.515802781289509,8.552465233881165,3.3185840707964607,4.255698711595639,2.8291330453539127,nan,nan,nan,4.196754563894523,2.895024341474994,4.312015503875969,2.7635380311065076,1.0274643032435247,0.4043,0.02324,0.0,0.0,0.0,0.0,0.0,0.0,0.0,0.0,0.0,0.037926675094816696,1.5929203539823011,11.093552465233865,14.355246523388118,2.8255372945638437,0.09481668773704174,0.0,0.0,0.0,0.0,0.0,0.0,0.0,0.0,0.0,0.0,0.0,0.0,0.0,0.0,0.0,nan,nan,4.255698711595639,2.8291330453539127,nan,0.4043,0.1077,0.0,0.0,0.0,0.0024336283185840708,0.0,0.0,0.0,0.0,0.0,0.0,0.0,0.0,0.020417193426042982,0.0004740834386852086,0.00274968394437421,0.0,0.0,0.003445006321112516,0.0007269279393173198,0.0012010113780025285,0.0053413400758533505,0.004266750948166877,0.011472819216182048,0.00622629582806574,0.010145385587863464,0.008438685208596712,0.008881163084702907,0.027496839443742097,0.018615676359039192,0.040233881163084705,0.01084070796460177,0.01109355246523388,0.014696586599241467,0.04231984829329962,0.017035398230088497,0.03482932996207332,0.03653603034134008,0.06671934260429836,0.0420353982300885,0.024462705436156765,0.017762326169405814,0.039791403286978506,0.053445006321112515,0.016371681415929203,0.034734513274336284,0.022850821744627055,0.0390960809102402,0.03166877370417193,0.05066371681415929,0.03122629582806574,0.008280657395701644,0.021965865992414665,0.03615676359039191,0.009039190897597978,0.012895069532237674,0.020512010113780024,0.017667509481668772,0.026264222503160555,0.0070480404551201015,0.004077117572692794,0.00331858407079646,0.0003160556257901391,0.010018963337547409,0.00025284450063211124,0.0028128950695322378,0.00025284450063211124,0.0040139064475347664,3.1605562579013905e-05,0.0024652338811630846,0.0,0.0,0.0,0.0,0.0,0.0,0.0018647281921618205,0.0,0.0,0.0,0.0,0.0,0.0,0.0,0.0,0.0,0.0,0.0,0.0,0.0,0.0,0.0,0.0,0.0,0.0,0.0,0.0,0.0,0.0,0.0,0.0,0.0,nan,nan,4.255698711595639,2.8291330453539127,nan,0.9267130436819888,0.033375398246615895,0.0,0.0,0.0,0.0,0.0,0.0,0.0,0.0,0.0,0.0,0.0,0.0,0.0,0.0,0.0,0.0,0.0,0.0,0.0,0.0,0.0,0.0,0.0,0.07490636704119827,0.11235955056179778,0.8614232209737829,4.456928838951312,12.09737827715356,8.988764044943823,3.4082397003745326,0.9254640290434931,0.03306027694150429,0.0,0.0,0.0,0.0,0.0,0.0,0.0,0.0,0.0,0.0,0.0,0.0,0.0,0.0,0.0,0.0,0.0,0.0,0.0,0.0,0.0,0.0,0.0,0.07682458386683715,0.15364916773367482,0.9218950064020488,4.571062740076826,12.944942381562102,8.104993597951347,3.226632522407171,0.4043,0.02434,0.0,0.0,0.0,0.0,0.0,0.0,0.0,0.0,0.0,0.03745318352059926,1.910112359550562,11.048689138576764,13.782771535580526,3.071161048689139,0.14981273408239704,0.0,0.0,0.0,0.0,0.0,0.0,0.0,0.0,0.0,0.0,0.0,0.0,0.0,0.0,0.0,0.4045,0.02205,0.0,0.0,0.0,0.0,0.0,0.0,0.0,0.0,0.0,0.038412291933418705,1.2676056338028172,11.139564660691406,14.942381562099873,2.573623559539053,0.038412291933418705,0.0,0.0,0.0,0.0,0.0,0.0,0.0,0.0,0.0,0.0,0.0,0.0,0.0,0.0,0.0
2400,1749,862,0.4928530588907947,404,385,0.451114922813036,488,0.5580331618067467,0.47,2.9481397970687713,3.130677828328232,6.860869565217391,2.0489104486202,6649.800000000002,1.8189894035458565e-12,6649.8,6649.8,6649.800000000002,1.8189894035458565e-12,6649.800000000002,1.8189894035458565e-12,27.281875357347054,20.714648124258623,32.369505494505496,18.981577354802297,0.1457975986277873,0.10348770726129217,0.08862206975414523,0.09090909090909091,0.07775871926815323,0.08061749571183534,0.07318467695826186,0.0634648370497427,0.05546026300743282,0.050314465408805034,0.03887935963407661,0.03887935963407661,0.031446540880503145,0.026872498570611778,0.02058319039451115,0.007432818753573471,0.006289308176100629,0.9250838418835705,0.03610992626961,0.0,0.0,0.0,0.0,0.0,0.0,0.0,0.0,0.0,0.0,0.0,0.0,0.0,0.0,0.0,0.0,0.0,0.0,0.0,0.0,0.0,0.0,0.03430531732418526,0.08576329331046287,0.3773584905660378,1.200686106346484,4.459691252144084,11.42367066895369,8.936535162950259,3.4819897084048033,4.440251572327044,2.9271288517877596,nan,nan,nan,4.2948490230905865,2.9006813256629322,4.586520947176685,2.948600438283082,1.0679120319522222,0.404,0.02327,0.0,0.0,0.0,0.0,0.0,0.0,0.0,0.0,0.0,0.0,1.749571183533448,10.789022298456246,14.339622641509438,3.087478559176673,0.03430531732418526,0.0,0.0,0.0,0.0,0.0,0.0,0.0,0.0,0.0,0.0,0.0,0.0,0.0,0.0,0.0,nan,nan,4.440251572327044,2.9271288517877596,nan,0.404,0.10925,0.0,0.0,0.0,0.0025157232704402514,0.0,0.0,0.0,0.0,0.0,2.858776443682104e-05,0.0,0.0,0.02578616352201258,0.0006003430531732419,0.001972555746140652,0.0,0.0,0.002887364208118925,0.0006289308176100629,0.0015723270440251573,0.004002287021154946,0.004602630074328188,0.012206975414522585,0.004802744425385935,0.00989136649514008,0.008776443682104059,0.009719839908519153,0.02612921669525443,0.017495711835334476,0.039679817038307606,0.012121212121212121,0.011063464837049742,0.016323613493424816,0.03833619210977701,0.017667238421955403,0.03564894225271584,0.03833619210977701,0.0599199542595769,0.04053744997141224,0.027015437392795882,0.018067467124070896,0.0413093196112064,0.054345340194396796,0.015951972555746142,0.035248713550600344,0.025157232704402517,0.03710691823899371,0.029845626072041165,0.050400228702115496,0.031532304173813606,0.008004574042309892,0.019639794168096057,0.03527730131503717,0.00960548885077187,0.014236706689536879,0.020983419096626644,0.01649514008004574,0.027244139508290452,0.00714694110920526,0.0065751858204688395,0.003602058319039451,0.0001429388221841052,0.011149228130360206,0.00017152658662092623,0.0026872498570611777,0.0008576329331046312,0.0034877072612921668,0.0,0.00220125786163522,0.0,0.0,0.0,0.0,2.858776443682104e-05,0.0,0.0012292738707833047,0.0,0.0,0.0,0.0,0.0,0.0,0.0,0.0,0.0,0.0,0.0,0.0,0.0,0.0,0.0,0.0,0.0,0.0,0.0,0.0,0.0,0.0,0.0,0.0,0.0,nan,nan,4.440251572327044,2.9271288517877596,nan,0.9253156736942566,0.03598952705283151,0.0,0.0,0.0,0.0,0.0,0.0,0.0,0.0,0.0,0.0,0.0,0.0,0.0,0.0,0.0,0.0,0.0,0.0,0.0,0.0,0.0,0.0,0.0,0.10440835266821313,0.38283062645011606,1.392111368909513,4.211136890951277,11.38051044083527,8.909512761020883,3.6194895591647342,0.9248585442276388,0.03622512715796357,0.0,0.0,0.0,0.0,0.0,0.0,0.0,0.0,0.0,0.0,0.0,0.0,0.0,0.0,0.0,0.0,0.0,0.0,0.0,0.0,0.0,0.0,0.06764374295377679,0.06764374295377656,0.37204058624577235,1.014656144306652,4.701240135287487,11.465614430665166,8.962795941375425,3.348365276211951,0.4038,0.0231,0.0,0.0,0.0,0.0,0.0,0.0,0.0,0.0,0.0,0.0,1.844547563805105,10.580046403712283,14.617169373549888,2.9234338747099775,0.034802784222737825,0.0,0.0,0.0,0.0,0.0,0.0,0.0,0.0,0.0,0.0,0.0,0.0,0.0,0.0,0.0,0.4043,0.02345,0.0,0.0,0.0,0.0,0.0,0.0,0.0,0.0,0.0,0.0,1.6572717023675312,10.992108229988709,14.069898534385574,3.2468996617812858,0.03382187147688839,0.0,0.0,0.0,0.0,0.0,0.0,0.0,0.0,0.0,0.0,0.0,0.0,0.0,0.0,0.0
2500,1761,889,0.5048268029528676,414,378,0.4497444633730835,502,0.5701306076093129,0.47,2.9002293577981653,3.112994361117464,6.7012448132780085,2.1134715365760384,6649.800000000003,2.7284841053187847e-12,6649.8,6649.8,6649.800000000002,1.8189894035458565e-12,6649.800000000002,1.8189894035458565e-12,27.26007950028393,20.426971119417043,32.28231292517007,18.617303050701775,0.14480408858603067,0.09312890403180012,0.09426462237365134,0.09596819988642817,0.08290743895513912,0.06984667802385008,0.07836456558773425,0.06643952299829642,0.05678591709256105,0.05394662123793299,0.04826802952867689,0.030664395229982964,0.02612152186257808,0.02612152186257808,0.017035775127768313,0.007950028392958546,0.0073821692220329355,0.9235339196211638,0.03512508394158382,0.0,0.0,0.0,0.0,0.0,0.0,0.0,0.0,0.0,0.0,0.0,0.0,0.0,0.0,0.0,0.0,0.0,0.0,0.0,0.0,0.0,0.0,0.017035775127768316,0.10221465076660956,0.22146507666098814,1.3287904599659288,5.110732538330495,11.908006814310053,8.177172061328793,3.1345826235093703,4.261101243339254,2.9084974169161724,nan,nan,nan,4.232394366197183,2.9744581538935853,4.281867145421903,2.8350039684629453,1.0116890759565895,0.401,0.0233,0.0,0.0,0.0,0.0,0.0,0.0,0.0,0.0,0.0,0.017035775127768316,2.2657580919931863,12.299829642248703,12.793867120954005,2.5553662691652477,0.06814310051107327,0.0,0.0,0.0,0.0,0.0,0.0,0.0,0.0,0.0,0.0,0.0,0.0,0.0,0.0,0.0,nan,nan,4.261101243339254,2.9084974169161724,nan,0.401,0.11053,5.6785917092561044e-05,0.0,5.6785917092561044e-05,0.002555366269165247,0.0,0.0,0.0,0.0,2.8392958546280522e-05,0.0,0.0,5.6785917092561044e-05,0.02728563316297558,0.0005394662123793299,0.0024134014764338445,5.6785917092561044e-05,0.0,0.0019875070982396364,0.0009369676320272573,0.001362862010221465,0.005479840999432141,0.004855195911413969,0.014480408858603067,0.005536626916524702,0.013401476433844407,0.010164679159568427,0.011697898921067575,0.02768313458262351,0.019903463940942646,0.037847813742191934,0.013458262350936967,0.010420215786484952,0.015985235661555935,0.03373083475298126,0.015928449744463374,0.03824531516183986,0.04085746734809767,0.05482680295286769,0.03753549119818285,0.025496876774559907,0.019534355479841,0.0424190800681431,0.05440090857467348,0.015105053946621238,0.036002271436683705,0.02498580352072686,0.036030664395229985,0.03100511073253833,0.0488358886996025,0.03302101078932425,0.008063600227143669,0.01638273708120386,0.0345542305508234,0.010193072118114708,0.013174332765474162,0.021067575241340147,0.016098807495741056,0.024105621805792163,0.009000567859170926,0.006303236797274276,0.0025837592277115277,0.00011357183418512209,0.011612720045428734,0.00022714366837024418,0.004798409994321408,0.0008233957978421351,0.002441794434980125,0.0,0.0016183986371379898,0.0,0.0,0.0,0.0,0.0,0.0,0.0006246450880181715,0.0,0.0,0.0,0.0,0.0,0.0,0.0,0.0,0.0,0.0,0.0,0.0,0.0,0.0,0.0,0.0,0.0,0.0,0.0,0.0,0.0,0.0,0.0,0.0,0.0,nan,nan,4.261101243339254,2.9084974169161724,nan,0.9221195486050489,0.03571093668704687,0.0,0.0,0.0,0.0,0.0,0.0,0.0,0.0,0.0,0.0,0.0,0.0,0.0,0.0,0.0,0.0,0.0,0.0,0.0,0.0,0.0,0.0,0.0,0.06749156355455548,0.3037120359955006,1.4848143982002253,5.534308211473567,11.338582677165356,8.301462317210351,2.9696287964004506,0.9249758643841525,0.03445786333656114,0.0,0.0,0.0,0.0,0.0,0.0,0.0,0.0,0.0,0.0,0.0,0.0,0.0,0.0,0.0,0.0,0.0,0.0,0.0,0.0,0.0,0.0,0.03440366972477065,0.13761467889908213,0.1376146788990826,1.169724770642202,4.678899082568808,12.488532110091745,8.050458715596333,3.3027522935779823,0.4014,0.02336,0.0,0.0,0.0,0.0,0.0,0.0,0.0,0.0,0.0,0.0,2.19347581552306,12.148481439820005,12.958380202474693,2.632170978627672,0.0674915635545557,0.0,0.0,0.0,0.0,0.0,0.0,0.0,0.0,0.0,0.0,0.0,0.0,0.0,0.0,0.0,0.4001,0.02324,0.0,0.0,0.0,0.0,0.0,0.0,0.0,0.0,0.0,0.03440366972477065,2.339449541284404,12.454128440366954,12.626146788990829,2.477064220183487,0.0688073394495413,0.0,0.0,0.0,0.0,0.0,0.0,0.0,0.0,0.0,0.0,0.0,0.0,0.0,0.0,0.0
2600,1787,888,0.4969222160044768,414,378,0.4432008953553441,516,0.5775041969781757,0.47,2.942157953281424,3.0096234624130016,6.273076923076923,2.0339536512962386,6649.800000000002,1.8189894035458565e-12,6649.8,6649.8,6649.800000000003,2.7284841053187847e-12,6649.800000000001,9.094947017729282e-13,28.355903749300502,20.774128981199222,33.00789993416721,19.047771018608632,0.1298265249020705,0.09121432568550644,0.10576385002797986,0.09009513150531617,0.07610520425293789,0.07162842753217684,0.0693900391717963,0.0693900391717963,0.05763850027979855,0.050923335198656966,0.04420817011751539,0.04588696138780078,0.03413542249580302,0.03413542249580302,0.01566871852266368,0.009513150531617236,0.004476776720761052,0.9245925867897743,0.034392124005568854,0.0,0.0,0.0,0.0,0.0,0.0,0.0,0.0,0.0,0.0,0.0,0.0,0.0,0.0,0.0,0.0,0.0,0.0,0.0,0.0,0.0,0.0,0.0,0.05036373810856168,0.21824286513710134,1.292669278119754,4.868494683827645,11.852266368214888,8.310016787912705,3.4079462786793515,4.354419410745234,2.732125216465145,nan,nan,nan,4.360627177700349,2.778197274214524,4.3454231433506045,2.687177822221323,0.9965133377080491,0.3982,0.02422,0.0,0.0,0.0,0.0,0.0,0.0,0.0,0.0,0.0,0.050363738108561845,2.8539451594851712,13.077783995523205,11.86905428091774,2.08170117515389,0.0671516508114158,0.0,0.0,0.0,0.0,0.0,0.0,0.0,0.0,0.0,0.0,0.0,0.0,0.0,0.0,0.0,nan,nan,4.354419410745234,2.732125216465145,nan,0.3982,0.1116,0.0001119194180190263,0.0,0.0,0.002853945159485171,0.0,0.0,0.0,0.0,0.0,0.0,0.0,2.7979854504756576e-05,0.030022383883603804,0.0003357582540570789,0.0023223279238947956,0.0002797985450475658,0.0,0.0016508114157806379,0.0015948517067711247,0.002378287632904309,0.004252937884723,0.004896474538332401,0.016703973139339676,0.006155567991046447,0.015472859541130386,0.012227196418578624,0.012367095691102406,0.022971460548405147,0.019054280917739228,0.034667039731393394,0.014241745942921097,0.010968102965864578,0.017263570229434807,0.03396754336877448,0.01519306099608282,0.03903189703413542,0.04448796866256295,0.055400111919418016,0.03850027979854505,0.02588136541689983,0.019082260772243984,0.04082260772243984,0.055456071628427535,0.014549524342473419,0.03648573027420257,0.02548964745383324,0.035786233911583656,0.03133743704532736,0.050923335198656966,0.0295747062115277,0.007386681589255736,0.014045886961387801,0.031449356463346394,0.007610520425293789,0.012031337437045327,0.019250139899272524,0.018354784555120313,0.022691662003357583,0.009681029658645776,0.006911024062674874,0.0028819250139899273,0.0,0.011723559037493005,0.0002238388360380526,0.006435366536094013,0.000923335198656967,0.002294348069390039,0.0,0.0010912143256855064,0.0,0.0,0.0,0.0,0.0,0.0,0.0002238388360380526,0.0,0.0,0.0,0.0,0.0,0.0,0.0,0.0,0.0,0.0,0.0,0.0,0.0,0.0,0.0,0.0,0.0,0.0,0.0,0.0,0.0,0.0,0.0,0.0,0.0,nan,nan,4.354419410745234,2.732125216465145,nan,0.9252016308071377,0.034538430056666854,0.0,0.0,0.0,0.0,0.0,0.0,0.0,0.0,0.0,0.0,0.0,0.0,0.0,0.0,0.0,0.0,0.0,0.0,0.0,0.0,0.0,0.0,0.0,0.06756756756756736,0.23648648648648654,1.418918918918919,4.358108108108109,11.452702702702705,9.155405405405407,3.3108108108108114,0.9239909949239025,0.03423635969909502,0.0,0.0,0.0,0.0,0.0,0.0,0.0,0.0,0.0,0.0,0.0,0.0,0.0,0.0,0.0,0.0,0.0,0.0,0.0,0.0,0.0,0.0,0.0,0.03337041156840924,0.2002224694104561,1.1679644048943272,5.372636262513906,12.246941045606231,7.474972191323695,3.503893214682982,0.399,0.02403,0.0,0.0,0.0,0.0,0.0,0.0,0.0,0.0,0.0,0.06756756756756759,2.6013513513513518,12.770270270270252,12.364864864864867,2.128378378378379,0.06756756756756759,0.0,0.0,0.0,0.0,0.0,0.0,0.0,0.0,0.0,0.0,0.0,0.0,0.0,0.0,0.0,0.3977,0.02437,0.0,0.0,0.0,0.0,0.0,0.0,0.0,0.0,0.0,0.03337041156840935,3.1034482758620694,13.381535038932126,11.379310344827589,2.0355951056729706,0.0667408231368187,0.0,0.0,0.0,0.0,0.0,0.0,0.0,0.0,0.0,0.0,0.0,0.0,0.0,0.0,0.0
2700,1774,921,0.5191657271702368,425,369,0.447576099210823,508,0.5727170236753101,0.45799999999999996,2.9320046893317704,3.0099592936728716,6.456896551724138,2.0081396493688928,6649.800000000002,1.8189894035458565e-12,6649.8,6649.8,6649.800000000002,1.8189894035458565e-12,6649.800000000003,2.7284841053187847e-12,27.84216459977452,20.821567146799204,32.482712765957444,19.217601060310344,0.13472378804960541,0.10935738444193913,0.09075535512965051,0.08850056369785794,0.07891770011273957,0.07835400225479143,0.06989853438556934,0.06031567080045096,0.05749718151071026,0.04904171364148816,0.044532130777903044,0.04114994363021421,0.036076662908680945,0.02367531003382187,0.019729425028184894,0.011273957158962795,0.0062006764374295375,0.9247453899501813,0.03564535826652014,0.0,0.0,0.0,0.0,0.0,0.0,0.0,0.0,0.0,0.0,0.0,0.0,0.0,0.0,0.0,0.0,0.0,0.0,0.0,0.0,0.0,0.0,0.0,0.05073280721533242,0.15219842164599778,1.6234498308906429,4.971815107102594,10.907553551296507,8.726042841037206,3.568207440811726,4.250217959895379,2.8504098797492174,nan,nan,nan,4.130662020905923,2.759589030540136,4.369982547993019,2.9336953508438453,1.0579375717199464,0.399,0.02376,0.0,0.0,0.0,0.0,0.0,0.0,0.0,0.0,0.0,0.15219842164599778,2.452085682074409,12.41262683201802,12.93686583990981,1.9954904171364154,0.05073280721533259,0.0,0.0,0.0,0.0,0.0,0.0,0.0,0.0,0.0,0.0,0.0,0.0,0.0,0.0,0.0,nan,nan,4.250217959895379,2.8504098797492174,nan,0.399,0.1118,8.455467869222097e-05,0.0,0.0,0.0019447576099210823,0.0,0.0,0.0,0.0,8.455467869222097e-05,0.0,0.0,0.0,0.03170800450958287,0.00011273957158962796,0.002480270574971815,2.818489289740699e-05,0.0,0.002113866967305524,0.0012119503945885006,0.002480270574971815,0.004086809470124014,0.0045659526493799325,0.015783540022547914,0.008314543404735062,0.013838782412626833,0.010400225479143179,0.013500563697857949,0.02164599774520857,0.01930665163472379,0.03554114994363022,0.013782412626832018,0.013105975197294251,0.019278466741826383,0.030947012401352874,0.01598083427282976,0.04334836527621195,0.042164599774520854,0.05211386696730552,0.04103720405862458,0.025169109357384443,0.016093573844419392,0.0362739571589628,0.058004509582863586,0.014205186020293123,0.03339909808342728,0.02640924464487035,0.039205186020293124,0.03393461104847802,0.04890078917700113,0.028410372040586246,0.00608793686583991,0.014543404735062007,0.033117249154453215,0.007356257046223225,0.015614430665163473,0.018799323562570462,0.01758737316798196,0.022886133032694475,0.009216459977452086,0.008934611048478015,0.002564825253664036,2.818489289740699e-05,0.00947012401352875,0.0005918827508455468,0.007412626832018038,0.0009301014656144307,0.002198421645997745,0.0,0.0012965050732807214,0.0,0.0,0.0,0.0,0.0,0.0,0.0003664036076662909,0.0,0.0,0.0,0.0,0.0,0.0,0.0,0.0,0.0,0.0,0.0,0.0,0.0,0.0,0.0,0.0,0.0,0.0,0.0,0.0,0.0,0.0,0.0,0.0,0.0,nan,nan,4.250217959895379,2.8504098797492174,nan,0.9242688434261194,0.03367870298719885,0.0,0.0,0.0,0.0,0.0,0.0,0.0,0.0,0.0,0.0,0.0,0.0,0.0,0.0,0.0,0.0,0.0,0.0,0.0,0.0,0.0,0.0,0.0,0.0,0.0977198697068404,1.465798045602606,5.081433224755702,11.270358306188927,8.925081433224758,3.159609120521173,0.925259926115083,0.03764686855452409,0.0,0.0,0.0,0.0,0.0,0.0,0.0,0.0,0.0,0.0,0.0,0.0,0.0,0.0,0.0,0.0,0.0,0.0,0.0,0.0,0.0,0.0,0.0,0.10550996483001139,0.21101992966002348,1.7936694021101995,4.85345838218054,10.515826494724504,8.511137162954281,4.0093786635404465,0.3992,0.02396,0.0,0.0,0.0,0.0,0.0,0.0,0.0,0.0,0.0,0.13029315960912055,2.31270358306189,12.703583061889233,12.736156351791532,2.0195439739413685,0.0977198697068404,0.0,0.0,0.0,0.0,0.0,0.0,0.0,0.0,0.0,0.0,0.0,0.0,0.0,0.0,0.0,0.3987,0.02351,0.0,0.0,0.0,0.0,0.0,0.0,0.0,0.0,0.0,0.17584994138335291,2.602579132473623,12.098475967174661,13.153575615474796,1.9695193434935527,0.0,0.0,0.0,0.0,0.0,0.0,0.0,0.0,0.0,0.0,0.0,0.0,0.0,0.0,0.0,0.0
2800,1706,886,0.5193434935521688,433,352,0.4601406799531067,484,0.567409144196952,0.46599999999999997,2.970731707317073,3.0677904897490387,6.555045871559633,2.2522562077656123,6649.800000000001,9.094947017729282e-13,6649.8,6649.8,6649.800000000002,1.8189894035458565e-12,6649.800000000002,1.8189894035458565e-12,28.413833528722158,21.10935399813261,33.37743732590529,19.315757508837763,0.1324736225087925,0.09906213364595545,0.07971864009378664,0.09378663540445487,0.09320046893317702,0.08089097303634232,0.070926143024619,0.059788980070339975,0.053341148886283704,0.038686987104337635,0.049824150058616644,0.04044548651817116,0.041031652989449004,0.031066822977725676,0.01406799531066823,0.014654161781946073,0.007033997655334115,0.9265092055794781,0.03519180545782286,0.0,0.0,0.0,0.0,0.0,0.0,0.0,0.0,0.0,0.0,0.0,0.0,0.0,0.0,0.0,0.0,0.0,0.0,0.0,0.0,0.0,0.0,0.0,0.052754982415005695,0.21101992966002348,1.1606096131301291,4.888628370457211,11.289566236811256,8.563892145369287,3.8335287221570935,4.211640211640212,2.914599622675373,nan,nan,nan,4.178387650085763,2.9638900786993583,4.246823956442832,2.8611015170679877,1.0163786398219092,0.3984,0.02298,0.0,0.0,0.0,0.0,0.0,0.0,0.0,0.0,0.0,0.05275498241500587,2.4091441969519347,13.294255568581457,12.186400937866356,2.0222743259085587,0.03516998827667058,0.0,0.0,0.0,0.0,0.0,0.0,0.0,0.0,0.0,0.0,0.0,0.0,0.0,0.0,0.0,nan,nan,4.211640211640212,2.914599622675373,nan,0.3984,0.1117,0.0,0.0,0.0,0.0021395076201641268,0.0,0.0,0.0,0.0,0.0,0.0,8.792497069167643e-05,5.861664712778429e-05,0.03256154747948417,0.0,0.0014947245017584993,0.0,0.0,0.0023153575615474796,0.0005861664712778429,0.0026963657678780776,0.004484173505275498,0.00492379835873388,0.01611957796014068,0.006066822977725674,0.014155920281359907,0.012250879249706918,0.017262602579132473,0.019900351699882766,0.01995896834701055,0.03771981242672919,0.013716295427901525,0.011459554513481829,0.01884525205158265,0.030011723329425557,0.012866354044548651,0.045984759671746776,0.0440504103165299,0.0511137162954279,0.03631301289566237,0.027842907385697536,0.01732121922626026,0.03182883939038687,0.05463071512309496,0.012954279015240329,0.034964830011723326,0.023124267291910902,0.04586752637749121,0.03604923798358734,0.05084994138335287,0.0246189917936694,0.007590855803048066,0.01559202813599062,0.03584407971864009,0.006359906213364595,0.016236811254396247,0.018669402110199296,0.015504103165298945,0.0246189917936694,0.009232121922626025,0.009320046893317703,0.002403282532239156,0.0,0.007708089097303634,0.00041031652989449003,0.007971864009378663,0.0005568581477139508,0.0018757327080890973,0.0,0.0006740914419695194,0.0,0.0,0.0,0.0,0.0,0.0,0.00023446658851113716,0.0,0.0,0.0,0.0,0.0,0.0,0.0,0.0,0.0,0.0,0.0,0.0,0.0,0.0,0.0,0.0,0.0,0.0,0.0,0.0,0.0,0.0,0.0,0.0,0.0,nan,nan,4.211640211640212,2.914599622675373,nan,0.9267315022966932,0.03514874034218666,0.0,0.0,0.0,0.0,0.0,0.0,0.0,0.0,0.0,0.0,0.0,0.0,0.0,0.0,0.0,0.0,0.0,0.0,0.0,0.0,0.0,0.0,0.0,0.06772009029345352,0.2370203160270881,1.08352144469526,4.841986455981942,11.072234762979686,8.837471783295713,3.8600451467268635,0.926269016687463,0.03523670141745973,0.0,0.0,0.0,0.0,0.0,0.0,0.0,0.0,0.0,0.0,0.0,0.0,0.0,0.0,0.0,0.0,0.0,0.0,0.0,0.0,0.0,0.0,0.0,0.03658536585365842,0.1829268292682927,1.2439024390243905,4.939024390243904,11.524390243902442,8.268292682926832,3.804878048780489,0.3992,0.02272,0.0,0.0,0.0,0.0,0.0,0.0,0.0,0.0,0.0,0.0,2.4040632054176077,13.306997742663638,12.121896162528218,2.133182844243793,0.03386004514672687,0.0,0.0,0.0,0.0,0.0,0.0,0.0,0.0,0.0,0.0,0.0,0.0,0.0,0.0,0.0,0.3975,0.02321,0.0,0.0,0.0,0.0,0.0,0.0,0.0,0.0,0.0,0.10975609756097562,2.414634146341464,13.280487804878028,12.256097560975611,1.9024390243902445,0.03658536585365855,0.0,0.0,0.0,0.0,0.0,0.0,0.0,0.0,0.0,0.0,0.0,0.0,0.0,0.0,0.0
2900,1684,864,0.5130641330166271,395,351,0.44299287410926363,486,0.5771971496437055,0.47,3.0548780487804876,3.0332568200446546,6.445344129554656,2.027155868196502,6649.800000000002,1.8189894035458565e-12,6649.8,6649.8,6649.800000000001,9.094947017729282e-13,6649.800000000002,1.8189894035458565e-12,28.354513064133016,21.203562585815373,33.36556104446013,19.374965829714117,0.14370546318289787,0.09798099762470308,0.0831353919239905,0.07185273159144893,0.08847980997624703,0.08847980997624703,0.07304038004750593,0.05760095011876484,0.057007125890736345,0.045724465558194774,0.050475059382422804,0.04631828978622328,0.030878859857482184,0.024346793349168647,0.017814726840855107,0.016033254156769598,0.007125890736342043,0.9268664586006038,0.03430126267201676,0.0,0.0,0.0,0.0,0.0,0.0,0.0,0.0,0.0,0.0,0.0,0.0,0.0,0.0,0.0,0.0,0.0,0.0,0.0,0.0,0.0,0.0,0.0,0.0356294536817101,0.160332541567696,1.300475059382423,4.507125890736343,11.543942992874111,8.836104513064136,3.6163895486935873,4.397810218978102,2.831418286200119,nan,nan,nan,4.474426807760141,2.810718709268559,4.3156899810964084,2.85115297646279,0.964523539330573,0.4001,0.02342,0.0,0.0,0.0,0.0,0.0,0.0,0.0,0.0,0.0,0.12470308788598579,2.209026128266034,12.684085510688819,12.595011876484563,2.36935866983373,0.01781472684085511,0.0,0.0,0.0,0.0,0.0,0.0,0.0,0.0,0.0,0.0,0.0,0.0,0.0,0.0,0.0,nan,nan,4.397810218978102,2.831418286200119,nan,0.4001,0.11035,0.0,0.0,0.0,0.0014845605700712589,0.0,0.0,0.0,0.0,0.0,0.0,0.0,0.0,0.02998812351543943,0.0,0.0014845605700712589,0.0,0.0,0.00406769596199525,0.00020783847980997624,0.0023752969121140144,0.0038895486935866985,0.005522565320665083,0.014994061757719715,0.0037707838479809977,0.015261282660332541,0.013747030878859857,0.016241092636579572,0.01977434679334917,0.020605700712589072,0.034530878859857485,0.01146080760095012,0.01140142517814727,0.02253562945368171,0.031057007125890736,0.014459619952494061,0.04248812351543943,0.03865795724465558,0.05715558194774347,0.03960807600950119,0.025712589073634204,0.015409738717339668,0.028770783847981,0.051633016627078386,0.014697149643705464,0.038568883610451306,0.024228028503562947,0.04703087885985748,0.03886579572446556,0.056116389548693586,0.024643705463182897,0.010184085510688836,0.014192399049881236,0.03307600950118765,0.006888361045130641,0.015587885985748218,0.01748812351543943,0.013568883610451306,0.02541567695961995,0.008461995249406176,0.010213776722090262,0.0017814726840855108,2.9691211401425178e-05,0.006888361045130641,0.00047505938242280285,0.009085510688836104,0.0010391923990498812,0.0029691211401425177,0.0,0.00011876484560570071,0.0,0.0,0.0,0.0,0.0,0.0,8.907363420427554e-05,0.0,0.0,0.0,0.0,0.0,0.0,0.0,0.0,0.0,0.0,0.0,0.0,0.0,0.0,0.0,0.0,0.0,0.0,0.0,0.0,0.0,0.0,0.0,0.0,0.0,nan,nan,4.397810218978102,2.831418286200119,nan,0.9262430851382238,0.03392437195229477,0.0,0.0,0.0,0.0,0.0,0.0,0.0,0.0,0.0,0.0,0.0,0.0,0.0,0.0,0.0,0.0,0.0,0.0,0.0,0.0,0.0,0.0,0.0,0.0,0.17361111111111113,1.354166666666667,4.51388888888889,12.048611111111112,8.611111111111112,3.2986111111111116,0.9275232813707213,0.034681826970337656,0.0,0.0,0.0,0.0,0.0,0.0,0.0,0.0,0.0,0.0,0.0,0.0,0.0,0.0,0.0,0.0,0.0,0.0,0.0,0.0,0.0,0.0,0.0,0.07317073170731685,0.1463414634146342,1.2439024390243905,4.500000000000001,11.01219512195122,9.07317073170732,3.9512195121951232,0.4006,0.02377,0.0,0.0,0.0,0.0,0.0,0.0,0.0,0.0,0.0,0.10416666666666669,2.3611111111111116,12.222222222222205,12.812500000000002,2.5000000000000004,0.0,0.0,0.0,0.0,0.0,0.0,0.0,0.0,0.0,0.0,0.0,0.0,0.0,0.0,0.0,0.0,0.3994,0.02303,0.0,0.0,0.0,0.0,0.0,0.0,0.0,0.0,0.0,0.1463414634146342,2.0487804878048785,13.170731707317053,12.365853658536588,2.2317073170731714,0.03658536585365855,0.0,0.0,0.0,0.0,0.0,0.0,0.0,0.0,0.0,0.0,0.0,0.0,0.0,0.0,0.0
3000,1587,837,0.5274102079395085,402,306,0.44612476370510395,436,0.5494643982356647,0.482,3.0973333333333333,3.1559245167708867,6.6422018348623855,2.1905675012679504,6649.800000000002,1.8189894035458565e-12,6649.8,6649.8,6649.800000000002,1.8189894035458565e-12,6649.800000000001,9.094947017729282e-13,28.078764965343414,20.824304095714286,33.21945701357466,18.913814570456648,0.14555765595463138,0.09577819785759294,0.09199747952110901,0.08191556395715185,0.07561436672967864,0.074354127284184,0.07561436672967864,0.05986137366099559,0.05103969754253308,0.06427221172022685,0.054820415879017016,0.03843730308758664,0.03276622558286074,0.02520478890989288,0.01890359168241966,0.010081915563957152,0.003780718336483932,0.9282492535927045,0.03508716741933704,0.0,0.0,0.0,0.0,0.0,0.0,0.0,0.0,0.0,0.0,0.0,0.0,0.0,0.0,0.0,0.0,0.0,0.0,0.0,0.0,0.0,0.0,0.0,0.0567107750472588,0.283553875236295,1.1909262759924388,3.9697542533081296,11.550094517958414,8.941398865784501,4.007561436672969,4.266081871345029,2.97755732291266,nan,nan,nan,4.2084942084942085,3.032476282579406,4.324803149606299,2.919324522883905,1.0276367116954417,0.4011,0.02408,0.0,0.0,0.0,0.0,0.0,0.0,0.0,0.0,0.0,0.018903591682419663,2.514177693761815,11.644612476370494,13.119092627599246,2.589792060491494,0.11342155009451797,0.0,0.0,0.0,0.0,0.0,0.0,0.0,0.0,0.0,0.0,0.0,0.0,0.0,0.0,0.0,nan,nan,4.266081871345029,2.97755732291266,nan,0.4011,0.11017,0.0,0.0,0.0,0.0016698172652804032,0.0,0.0,0.0,3.15059861373661e-05,0.0,0.0,0.0,3.15059861373661e-05,0.028008821676118463,0.0,0.0007246376811594203,0.0,0.0,0.003749212350346566,0.0003465658475110271,0.0029615626969124132,0.003906742281033397,0.006395715185885318,0.013106490233144297,0.003465658475110271,0.015059861373660995,0.01250787649653434,0.015973534971644613,0.023282923755513548,0.023850031505986136,0.03254568367989918,0.014083175803402646,0.014996849401386264,0.019376181474480152,0.03223062381852552,0.013390044108380593,0.03736609955891619,0.03664146187775678,0.061216131064902334,0.035916824196597356,0.021707624448645244,0.01275992438563327,0.02892249527410208,0.05793950850661626,0.015374921235034656,0.0386578449905482,0.025173282923755515,0.04801512287334594,0.03834278512917454,0.058853182104599874,0.025456836798991807,0.011184625078764965,0.013705103969754254,0.030245746691871456,0.0061751732829237556,0.016729678638941398,0.01735979836168872,0.012822936357908002,0.02763074984247007,0.006616257088846881,0.009294265910523,0.0014807813484562066,0.0,0.007498424700693132,9.45179584120983e-05,0.010459987397605544,0.0013862633900441083,0.002835538752362949,0.0,3.15059861373661e-05,6.30119722747322e-05,0.0,0.0,0.0,0.0,0.0,0.0003465658475110271,0.0,0.0,0.0,0.0,0.0,0.0,0.0,0.0,0.0,0.0,0.0,0.0,0.0,0.0,0.0,0.0,0.0,0.0,0.0,0.0,0.0,0.0,0.0,0.0,0.0,nan,nan,4.266081871345029,2.97755732291266,nan,0.9286269797646444,0.03592977786659983,0.0,0.0,0.0,0.0,0.0,0.0,0.0,0.0,0.0,0.0,0.0,0.0,0.0,0.0,0.0,0.0,0.0,0.0,0.0,0.0,0.0,0.0,0.0,0.10752688172042976,0.1792114695340502,1.2544802867383515,3.978494623655915,11.146953405017923,9.032258064516132,4.301075268817206,0.9278277111848195,0.03411731783063739,0.0,0.0,0.0,0.0,0.0,0.0,0.0,0.0,0.0,0.0,0.0,0.0,0.0,0.0,0.0,0.0,0.0,0.0,0.0,0.0,0.0,0.0,0.0,0.0,0.4000000000000001,1.1200000000000003,3.9600000000000004,12.000000000000002,8.840000000000002,3.6800000000000006,0.4014,0.02388,0.0,0.0,0.0,0.0,0.0,0.0,0.0,0.0,0.0,0.0,2.580645161290323,11.397849462365574,13.297491039426525,2.616487455197133,0.10752688172043012,0.0,0.0,0.0,0.0,0.0,0.0,0.0,0.0,0.0,0.0,0.0,0.0,0.0,0.0,0.0,0.4006,0.02429,0.0,0.0,0.0,0.0,0.0,0.0,0.0,0.0,0.0,0.04000000000000001,2.4400000000000004,11.919999999999982,12.920000000000002,2.5600000000000005,0.12000000000000002,0.0,0.0,0.0,0.0,0.0,0.0,0.0,0.0,0.0,0.0,0.0,0.0,0.0,0.0,0.0
3100,1392,691,0.4964080459770115,304,289,0.4260057471264368,382,0.5488505747126436,0.514,2.9942938659058487,3.1246060351869036,6.938202247191011,1.8272596057925765,6649.800000000001,9.094947017729282e-13,6649.8,6649.8,6649.800000000001,9.094947017729282e-13,6649.800000000001,9.094947017729282e-13,27.63146551724138,21.20446341084618,32.71576227390181,19.561872105382577,0.14080459770114942,0.11350574712643678,0.10057471264367816,0.08045977011494253,0.07327586206896551,0.0653735632183908,0.07112068965517242,0.06896551724137931,0.05172413793103448,0.04956896551724138,0.04956896551724138,0.035201149425287355,0.03879310344827586,0.021551724137931036,0.01867816091954023,0.01221264367816092,0.008620689655172414,0.9275249920614149,0.03480353917056482,0.0,0.0,0.0,0.0,0.0,0.0,0.0,0.0,0.0,0.0,0.0,0.0,0.0,0.0,0.0,0.0,0.0,0.0,0.0,0.0,0.0,0.0,0.0,0.0,0.34482758620689663,1.2500000000000002,4.15948275862069,10.754310344827589,9.91379310344828,3.5775862068965525,4.6013824884792625,2.7824495931634035,nan,nan,nan,4.622767857142857,2.860307085730678,4.578571428571428,2.6967383927966897,0.9904394012554322,0.4014,0.02429,0.0,0.0,0.0,0.0,0.0,0.0,0.0,0.0,0.0,0.08620689655172416,2.3060344827586214,11.573275862068948,13.211206896551726,2.758620689655173,0.06465517241379311,0.0,0.0,0.0,0.0,0.0,0.0,0.0,0.0,0.0,0.0,0.0,0.0,0.0,0.0,0.0,nan,nan,4.6013824884792625,2.7824495931634035,nan,0.4014,0.11005,0.0,0.0,0.0,0.001329022988505747,0.0,0.0,0.0,0.0,3.591954022988506e-05,0.0,0.0,0.0,0.02826867816091954,0.0,0.0007183908045977011,3.591954022988506e-05,0.0,0.004813218390804598,0.0002514367816091954,0.0034123563218390806,0.0034841954022988507,0.0042025862068965514,0.013757183908045976,0.003125,0.013541666666666667,0.015481321839080459,0.016091954022988506,0.021875,0.021875,0.03214798850574713,0.01285919540229885,0.014547413793103448,0.02101293103448276,0.0339080459770115,0.01329022988505747,0.042205459770114945,0.033477011494252876,0.06160201149425287,0.03584770114942529,0.022916666666666665,0.013721264367816092,0.029741379310344828,0.055459770114942526,0.015876436781609195,0.03512931034482759,0.024964080459770114,0.050215517241379314,0.03908045977011494,0.060272988505747124,0.023742816091954024,0.011458333333333333,0.014547413793103448,0.03103448275862069,0.005747126436781609,0.014403735632183908,0.015660919540229884,0.01228448275862069,0.027083333333333334,0.006896551724137931,0.010380747126436782,0.001329022988505747,0.0,0.007758620689655172,0.00035919540229885057,0.012895114942528735,0.0017241379310344827,0.001831896551724138,0.0,0.0,0.00017959770114942528,0.0,0.0,0.0,0.0,0.0,0.00010775862068965517,0.0,0.0,0.0,0.0,0.0,0.0,0.0,0.0,0.0,0.0,0.0,0.0,0.0,0.0,0.0,0.0,0.0,0.0,0.0,0.0,0.0,0.0,0.0,0.0,0.0,nan,nan,4.6013824884792625,2.7824495931634035,nan,0.9272648746473917,0.03549345975995294,0.0,0.0,0.0,0.0,0.0,0.0,0.0,0.0,0.0,0.0,0.0,0.0,0.0,0.0,0.0,0.0,0.0,0.0,0.0,0.0,0.0,0.0,0.0,0.0,0.47756874095513757,1.3892908827785821,3.8639652677279313,11.070911722141826,9.681620839363244,3.516642547033286,0.9277813988133266,0.03410786435738428,0.0,0.0,0.0,0.0,0.0,0.0,0.0,0.0,0.0,0.0,0.0,0.0,0.0,0.0,0.0,0.0,0.0,0.0,0.0,0.0,0.0,0.0,0.0,0.0,0.21398002853067052,1.1126961483594868,4.450784593437947,10.442225392296722,10.142653352353783,3.6376604850213985,0.4011,0.02419,0.0,0.0,0.0,0.0,0.0,0.0,0.0,0.0,0.0,0.08683068017366138,2.214182344428365,11.808972503617928,13.068017366136038,2.691751085383503,0.13024602026049206,0.0,0.0,0.0,0.0,0.0,0.0,0.0,0.0,0.0,0.0,0.0,0.0,0.0,0.0,0.0,0.4016,0.02438,0.0,0.0,0.0,0.0,0.0,0.0,0.0,0.0,0.0,0.08559201141226822,2.39657631954351,11.340941512125518,13.35235378031384,2.824536376604851,0.0,0.0,0.0,0.0,0.0,0.0,0.0,0.0,0.0,0.0,0.0,0.0,0.0,0.0,0.0,0.0
3200,1479,721,0.4874915483434753,336,333,0.45233265720081134,407,0.5503718728870859,0.502,3.0,3.232829617392842,6.8,2.1926283423368966,6649.800000000002,1.8189894035458565e-12,6649.8,6649.8,6649.800000000001,9.094947017729282e-13,6649.800000000002,1.8189894035458565e-12,27.666666666666668,20.82238657637695,32.85134037367993,18.97297653445759,0.14807302231237324,0.10074374577417174,0.08857336037863421,0.08654496281271129,0.08316430020283976,0.06964164976335362,0.0676132521974307,0.06490872210953347,0.05949966193373901,0.05273833671399594,0.043272481406355645,0.048005409060175794,0.032454361054766734,0.02028397565922921,0.018255578093306288,0.010141987829614604,0.006085192697768763,0.9239236082153759,0.03525093510526718,0.0,0.0,0.0,0.0,0.0,0.0,0.0,0.0,0.0,0.0,0.0,0.0,0.0,0.0,0.0,0.0,0.0,0.0,0.0,0.0,0.0,0.0,0.040567951318458424,0.04056795131845829,0.24340770791075056,1.4401622718052742,4.8073022312373235,11.338742393509131,8.985801217038542,3.1034482758620694,4.426023084994753,3.0059462978107705,nan,nan,nan,4.3203285420944555,2.961085303639132,4.526881720430108,3.04444284095077,1.0478095997383379,0.4011,0.02443,0.0,0.0,0.0,0.0,0.0,0.0,0.0,0.0,0.0,0.12170385395537528,2.1298174442190674,12.292089249492884,12.454361054766737,2.8803245436105485,0.10141987829614606,0.020283975659229212,0.0,0.0,0.0,0.0,0.0,0.0,0.0,0.0,0.0,0.0,0.0,0.0,0.0,0.0,nan,nan,4.426023084994753,3.0059462978107705,nan,0.4011,0.11084,0.0,0.0,0.0,0.000676132521974307,0.0,0.0,0.0,0.0,3.380662609871535e-05,0.0,0.0001352265043948614,3.380662609871535e-05,0.029918864097363083,0.0,0.0006085192697768763,0.0,0.0,0.006795131845841785,0.0003718728870858688,0.00436105476673428,0.004563894523326572,0.00486815415821501,0.012001352265043948,0.003887762001352265,0.011460446247464503,0.016227180527383367,0.013319810682893847,0.02173766058147397,0.020892494929006085,0.03052738336713996,0.01162947937795808,0.017714672075726842,0.023935091277890466,0.03671399594320487,0.010209601081812035,0.042494929006085196,0.0381000676132522,0.05665990534144692,0.0332657200811359,0.022041920216362407,0.014435429344151453,0.02755240027045301,0.054834347532116294,0.014807302231237322,0.0332657200811359,0.02464503042596349,0.05050709939148073,0.03867478025693036,0.058958755916159566,0.026064908722109533,0.012407031778228533,0.015280594996619337,0.035429344151453684,0.006355645706558485,0.016666666666666666,0.016768086544962812,0.009905341446923597,0.02542258282623394,0.0052062204192021636,0.012778904665314401,0.0009465855307640297,0.0,0.007572684246112238,0.00023664638269100743,0.012305611899932387,0.001757944557133198,0.0018593644354293441,0.0,0.0,0.0,0.0,0.0,0.0,0.0,0.0,0.00016903313049357674,0.0,0.0,0.0,0.0,0.0,0.0,0.0,0.0,0.0,0.0,0.0,0.0,0.0,0.0,0.0,0.0,0.0,0.0,0.0,0.0,0.0,0.0,0.0,0.0,0.0,nan,nan,4.426023084994753,3.0059462978107705,nan,0.9250515615063798,0.034968667336256476,0.0,0.0,0.0,0.0,0.0,0.0,0.0,0.0,0.0,0.0,0.0,0.0,0.0,0.0,0.0,0.0,0.0,0.0,0.0,0.0,0.0,0.0,0.0,0.0,0.33287101248266304,1.2066574202496536,5.117891816920944,11.151178918169212,8.737864077669906,3.453536754507629,0.9228507133303971,0.035484086220303385,0.0,0.0,0.0,0.0,0.0,0.0,0.0,0.0,0.0,0.0,0.0,0.0,0.0,0.0,0.0,0.0,0.0,0.0,0.0,0.0,0.0,0.0,0.07915567282321902,0.07915567282321875,0.15831134564643803,1.6622691292875993,4.511873350923484,11.517150395778366,9.221635883905016,2.7704485488126656,0.4019,0.02461,0.0,0.0,0.0,0.0,0.0,0.0,0.0,0.0,0.0,0.16643550624133152,1.9556171983356452,12.108183079056849,12.649098474341196,2.9542302357836343,0.12482662968099863,0.04160887656033288,0.0,0.0,0.0,0.0,0.0,0.0,0.0,0.0,0.0,0.0,0.0,0.0,0.0,0.0,0.4004,0.02425,0.0,0.0,0.0,0.0,0.0,0.0,0.0,0.0,0.0,0.07915567282321902,2.2955145118733515,12.467018469656976,12.269129287598947,2.810026385224275,0.07915567282321902,0.0,0.0,0.0,0.0,0.0,0.0,0.0,0.0,0.0,0.0,0.0,0.0,0.0,0.0,0.0
3300,1635,881,0.5388379204892967,429,308,0.4507645259938838,441,0.5394495412844037,0.486,3.092838196286472,3.1436647012142385,6.715596330275229,2.0702867022978495,6649.800000000002,1.8189894035458565e-12,6649.8,6649.8,6649.800000000002,1.8189894035458565e-12,6649.800000000001,9.094947017729282e-13,28.132721712538228,20.71129933430582,32.64849354375897,19.084756997862506,0.12660550458715597,0.10581039755351682,0.09357798165137615,0.09480122324159021,0.0782874617737003,0.06666666666666667,0.07584097859327217,0.0672782874617737,0.052599388379204894,0.05321100917431193,0.056269113149847096,0.03853211009174312,0.03486238532110092,0.01651376146788991,0.018960244648318043,0.015902140672782873,0.004281345565749235,0.9231242759147551,0.0341881825126306,0.0,0.0,0.0,0.0,0.0,0.0,0.0,0.0,0.0,0.0,0.0,0.0,0.0,0.0,0.0,0.0,0.0,0.0,0.0,0.0,0.0,0.0,0.018348623853211014,0.0366972477064219,0.31192660550458723,1.0458715596330277,5.1743119266055055,12.31192660550459,8.091743119266058,3.009174311926606,4.31109022556391,2.9764156193696754,8.0,0.0,1.855679093089165,4.407407407407407,2.9345863391911564,4.219465648854962,3.0202122702248837,0.9573577522612099,0.4,0.02359,0.0,0.0,0.0,0.0,0.0,0.0,0.0,0.0,0.0,0.16513761467889912,2.2752293577981657,12.532110091743101,12.4954128440367,2.477064220183487,0.05504587155963304,0.0,0.0,0.0,0.0,0.0,0.0,0.0,0.0,0.0,0.0,0.0,0.0,0.0,0.0,0.0,nan,nan,4.314553990610329,2.977162592393151,nan,0.4,0.1095,0.0,0.0,0.0,0.0015902140672782875,0.0,0.0,3.0581039755351684e-05,0.0,0.0,0.0,0.0,0.0,0.027155963302752294,0.0,0.00042813455657492356,0.0,0.0,0.0070948012232415906,9.174311926605505e-05,0.004036697247706422,0.003363914373088685,0.004220183486238532,0.012140672782874617,0.00507645259938838,0.013394495412844036,0.017920489296636085,0.014678899082568808,0.021804281345565748,0.020428134556574922,0.030122324159021406,0.015229357798165137,0.016452599388379206,0.02348623853211009,0.034831804281345566,0.0076146788990825685,0.043883792048929664,0.03584097859327217,0.05954128440366972,0.036024464831804284,0.022752293577981652,0.017706422018348624,0.0272782874617737,0.05587155963302752,0.015412844036697248,0.031192660550458717,0.027951070336391437,0.052110091743119265,0.04,0.05311926605504587,0.02290519877675841,0.014984709480122324,0.013027522935779816,0.03339449541284404,0.005045871559633028,0.015871559633027523,0.01620795107033639,0.012966360856269113,0.02691131498470948,0.005290519877675841,0.012691131498470948,0.00045871559633027525,0.0,0.006269113149847095,9.174311926605505e-05,0.011314984709480122,0.0010091743119266055,0.0014678899082568807,9.174311926605505e-05,0.0,0.0,0.0,0.0,0.0,0.0,0.0,0.00012232415902140674,0.0,0.0,0.0,0.0,0.0,0.0,0.0,0.0,0.0,0.0,0.0,0.0,0.0,0.0,0.0,0.0,0.0,0.0,0.0,0.0,0.0,0.0,0.0,0.0,0.0,nan,nan,4.314553990610329,2.977162592393151,nan,0.921501874314805,0.03429185813026074,0.0,0.0,0.0,0.0,0.0,0.0,0.0,0.0,0.0,0.0,0.0,0.0,0.0,0.0,0.0,0.0,0.0,0.0,0.0,0.0,0.0,0.0,0.0,0.0,0.34052213393870606,1.2939841089670832,5.58456299659478,12.360953461975031,7.491486946651534,2.928490351872872,0.92501994674971,0.033968620311459544,0.0,0.0,0.0,0.0,0.0,0.0,0.0,0.0,0.0,0.0,0.0,0.0,0.0,0.0,0.0,0.0,0.0,0.0,0.0,0.0,0.0,0.0,0.039787798408488076,0.07957559681697589,0.27851458885941655,0.7559681697612733,4.694960212201592,12.254641909814326,8.793103448275865,3.1034482758620694,0.4,0.02298,0.0,0.0,0.0,0.0,0.0,0.0,0.0,0.0,0.0,0.13620885357548243,2.0771850170261072,12.463110102156621,12.93984108967083,2.3836549375709426,0.0,0.0,0.0,0.0,0.0,0.0,0.0,0.0,0.0,0.0,0.0,0.0,0.0,0.0,0.0,0.0,0.3997,0.0243,0.0,0.0,0.0,0.0,0.0,0.0,0.0,0.0,0.0,0.19893899204244037,2.5066312997347486,12.612732095490697,11.976127320954909,2.5862068965517246,0.11936339522546421,0.0,0.0,0.0,0.0,0.0,0.0,0.0,0.0,0.0,0.0,0.0,0.0,0.0,0.0,0.0
3400,1617,791,0.48917748917748916,387,335,0.44650587507730366,459,0.5677179962894249,0.498,2.7857142857142856,2.9961782413535696,6.548387096774194,1.9881468289061872,6649.800000000003,2.7284841053187847e-12,6649.8,6649.8,6649.800000000002,1.8189894035458565e-12,6649.800000000002,1.8189894035458565e-12,27.03648732220161,20.301208143886814,31.95336787564767,18.592718068999837,0.14285714285714285,0.10636982065553494,0.09523809523809523,0.08163265306122448,0.09461966604823747,0.0735930735930736,0.06679035250463822,0.05627705627705628,0.05627705627705628,0.0575139146567718,0.04700061842918986,0.04329004329004329,0.03153988868274583,0.01855287569573284,0.017316017316017316,0.006802721088435374,0.004329004329004329,0.9255082396054312,0.03467995889595864,0.0,0.0,0.0,0.0,0.0,0.0,0.0,0.0,0.0,0.0,0.0,0.0,0.0,0.0,0.0,0.0,0.0,0.0,0.0,0.0,0.0,0.0,0.0,0.01855287569573278,0.2597402597402598,1.1502782931354363,4.935064935064936,11.22448979591837,8.99814471243043,3.4137291280148427,4.339147286821706,2.8903237475935963,nan,nan,nan,4.200396825396825,2.8384966680609467,4.472485768500949,2.9355347739705375,1.064776961419215,0.399,0.0232,0.0,0.0,0.0,0.0,0.0,0.0,0.0,0.0,0.0,0.07421150278293137,2.5046382189239336,12.894248608534305,12.504638218923935,2.02226345083488,0.0,0.0,0.0,0.0,0.0,0.0,0.0,0.0,0.0,0.0,0.0,0.0,0.0,0.0,0.0,0.0,nan,nan,4.339147286821706,2.8903237475935963,nan,0.399,0.10815,0.0,0.0,0.0,0.002535559678416821,0.0,0.0,0.0,0.0,0.0,0.0,0.0,3.0921459492888065e-05,0.025355596784168214,9.276437847866419e-05,0.0002473716759431045,0.0,6.184291898577613e-05,0.007019171304885591,0.0,0.0020408163265306124,0.004514533085961657,0.003957946815089672,0.010606060606060607,0.007297464440321583,0.013265306122448979,0.01549165120593692,0.014811379097093383,0.02282003710575139,0.022232529375386518,0.02999381570810142,0.014007421150278292,0.016852195423623994,0.022634508348794064,0.03438466295609153,0.009183673469387756,0.04700061842918986,0.03286951144094001,0.06437847866419295,0.0383426097711812,0.02235621521335807,0.017377860235003092,0.026283240568954855,0.05670995670995671,0.015460729746444033,0.03506493506493506,0.028880643166357453,0.04984539270253556,0.044774273345701915,0.04551638837353123,0.023283858998144714,0.015306122448979591,0.01311069882498454,0.031385281385281384,0.005936920222634508,0.01388373531230674,0.015460729746444033,0.016419294990723563,0.027983920841063697,0.004576376004947433,0.009029066171923315,3.0921459492888065e-05,0.0,0.007142857142857143,0.0,0.009863945578231292,0.00095856524427953,0.0012368583797155227,0.0,0.0,0.0,0.0,0.0,0.0,0.0,0.0,9.276437847866419e-05,0.0,0.0,0.0,0.0,0.0,0.0,0.0,0.0,0.0,0.0,0.0,0.0,0.0,0.0,0.0,0.0,0.0,0.0,0.0,0.0,0.0,0.0,0.0,0.0,0.0,nan,nan,4.339147286821706,2.8903237475935963,nan,0.9259210985469456,0.035023863560765325,0.0,0.0,0.0,0.0,0.0,0.0,0.0,0.0,0.0,0.0,0.0,0.0,0.0,0.0,0.0,0.0,0.0,0.0,0.0,0.0,0.0,0.0,0.0,0.03792667509481657,0.2654867256637169,1.0998735777496842,4.892541087231354,11.453855878634641,8.609355246523391,3.6409608091024026,0.9251128746868623,0.03434274706846349,0.0,0.0,0.0,0.0,0.0,0.0,0.0,0.0,0.0,0.0,0.0,0.0,0.0,0.0,0.0,0.0,0.0,0.0,0.0,0.0,0.0,0.0,0.0,0.0,0.25423728813559326,1.1985472154963683,4.975786924939468,11.004842615012109,9.370460048426152,3.1961259079903153,0.3992,0.02277,0.0,0.0,0.0,0.0,0.0,0.0,0.0,0.0,0.0,0.037926675094816696,2.3514538558786353,13.236409608091005,12.28824273072061,2.0859671302149185,0.0,0.0,0.0,0.0,0.0,0.0,0.0,0.0,0.0,0.0,0.0,0.0,0.0,0.0,0.0,0.0,0.3987,0.02359,0.0,0.0,0.0,0.0,0.0,0.0,0.0,0.0,0.0,0.10895883777239711,2.6513317191283297,12.566585956416448,12.711864406779663,1.9612590799031482,0.0,0.0,0.0,0.0,0.0,0.0,0.0,0.0,0.0,0.0,0.0,0.0,0.0,0.0,0.0,0.0
3500,1812,938,0.5176600441501104,421,385,0.4448123620309051,526,0.5805739514348786,0.46199999999999997,3.1178489702517163,3.0669235541548523,6.657370517928287,1.9316341826817294,6649.800000000002,1.8189894035458565e-12,6649.8,6649.8,6649.800000000002,1.8189894035458565e-12,6649.800000000001,9.094947017729282e-13,28.06512141280353,20.988017127741102,33.24156187954997,19.138404083490894,0.141280353200883,0.10099337748344371,0.08333333333333333,0.08995584988962473,0.08278145695364239,0.07450331125827815,0.0695364238410596,0.06015452538631347,0.057947019867549666,0.054635761589403975,0.05077262693156733,0.041390728476821195,0.03200883002207505,0.023730684326710817,0.018763796909492272,0.010485651214128035,0.00772626931567329,0.9256244291269753,0.03502803801207996,0.0,0.0,0.0,0.0,0.0,0.0,0.0,0.0,0.0,0.0,0.0,0.0,0.0,0.0,0.0,0.0,0.0,0.0,0.0,0.0,0.0,0.0,0.0,0.016556291390728426,0.21523178807947027,1.341059602649007,4.850993377483444,11.043046357615896,8.956953642384107,3.576158940397352,4.438731790916881,2.814055997919436,nan,nan,nan,4.534883720930233,2.735811310139125,4.336283185840708,2.891582594723288,0.9562060358520535,0.3994,0.0233,0.0,0.0,0.0,0.0,0.0,0.0,0.0,0.0,0.0,0.1655629139072848,2.450331125827815,12.41721854304634,12.764900662251657,2.1854304635761594,0.01655629139072848,0.0,0.0,0.0,0.0,0.0,0.0,0.0,0.0,0.0,0.0,0.0,0.0,0.0,0.0,0.0,nan,nan,4.438731790916881,2.814055997919436,nan,0.3994,0.10803,0.0,0.0,0.0,0.0030353200883002206,0.0,0.0,0.0,0.0,0.0,0.0,0.0,2.759381898454746e-05,0.023979028697571743,0.0002207505518763797,0.00046909492273730684,0.0,0.0,0.006898454746136865,0.0,0.0013520971302428257,0.00358719646799117,0.0035044150110375275,0.0108719646799117,0.008195364238410595,0.012224061810154525,0.015231788079470199,0.014928256070640177,0.022157836644591613,0.02488962472406181,0.032036423841059605,0.013714128035320088,0.015894039735099338,0.020943708609271524,0.033250551876379694,0.010954746136865342,0.044260485651214126,0.03493377483443708,0.06663907284768211,0.03556843267108168,0.02491721854304636,0.017770419426048564,0.02861479028697572,0.055601545253863134,0.012086092715231788,0.03118101545253863,0.03076710816777042,0.04903421633554084,0.04944812362030905,0.04403973509933775,0.023730684326710817,0.01401766004415011,0.013217439293598233,0.03184326710816777,0.005353200883002208,0.014403973509933774,0.016694260485651213,0.018018763796909493,0.025275938189845474,0.0040838852097130245,0.0108719646799117,0.00016556291390728477,2.759381898454746e-05,0.007146799116997792,0.0,0.010402869757174393,0.00033112582781456954,0.0009657836644591612,5.518763796909492e-05,0.0,0.0,0.0,0.0,0.0,0.0,0.0,0.00016556291390728477,0.0,0.0,0.0,0.0,0.0,0.0,0.0,0.0,0.0,0.0,0.0,0.0,0.0,0.0,0.0,0.0,0.0,0.0,0.0,0.0,0.0,0.0,0.0,0.0,0.0,nan,nan,4.438731790916881,2.814055997919436,nan,0.9250711538771322,0.035663682286260136,0.0,0.0,0.0,0.0,0.0,0.0,0.0,0.0,0.0,0.0,0.0,0.0,0.0,0.0,0.0,0.0,0.0,0.0,0.0,0.0,0.0,0.0,0.0,0.0,0.22388059701492544,1.5031982942430706,5.085287846481878,10.714285714285717,8.763326226012795,3.7100213219616216,0.9262182188115895,0.034322836788464456,0.0,0.0,0.0,0.0,0.0,0.0,0.0,0.0,0.0,0.0,0.0,0.0,0.0,0.0,0.0,0.0,0.0,0.0,0.0,0.0,0.0,0.0,0.0,0.03432494279176191,0.2059496567505721,1.1670480549199087,4.599542334096111,11.395881006864991,9.16475972540046,3.432494279176202,0.3994,0.023,0.0,0.0,0.0,0.0,0.0,0.0,0.0,0.0,0.0,0.15991471215351816,2.5266524520255866,12.377398720682285,12.793176972281453,2.1428571428571432,0.0,0.0,0.0,0.0,0.0,0.0,0.0,0.0,0.0,0.0,0.0,0.0,0.0,0.0,0.0,0.0,0.3997,0.0236,0.0,0.0,0.0,0.0,0.0,0.0,0.0,0.0,0.0,0.1716247139588101,2.3684210526315796,12.459954233409592,12.73455377574371,2.2311212814645316,0.03432494279176202,0.0,0.0,0.0,0.0,0.0,0.0,0.0,0.0,0.0,0.0,0.0,0.0,0.0,0.0,0.0
3600,1807,925,0.5118981737686774,418,388,0.4460431654676259,520,0.5755395683453237,0.474,3.0634920634920637,3.0068788189410665,6.552941176470588,1.828998755472563,6649.800000000003,2.7284841053187847e-12,6649.8,6649.8,6649.800000000002,1.8189894035458565e-12,6649.800000000002,1.8189894035458565e-12,27.40453790813503,20.601729484907708,32.348314606741575,18.869388586965407,0.14167127836192583,0.1018262313226342,0.09850581073602656,0.08688433868289984,0.08079690094078583,0.0752628666297731,0.06917542888765911,0.06364139457664637,0.05478693967902601,0.051466519092418374,0.043718871057000556,0.04261206419479801,0.033757609297177645,0.02767017155506364,0.016048699501936912,0.00774764803541782,0.004427227448810182,0.9283201495916328,0.03481694233107005,0.0,0.0,0.0,0.0,0.0,0.0,0.0,0.0,0.0,0.0,0.0,0.0,0.0,0.0,0.0,0.0,0.0,0.0,0.0,0.0,0.0,0.0,0.0,0.0,0.23242944106253466,1.128942999446597,4.117321527393471,11.35583840619812,9.16436081903708,4.001106806862204,4.380293863439931,2.7701755698982105,nan,nan,nan,4.313148788927336,2.8468157617454035,4.447322970639033,2.689820685577467,1.031108173698099,0.3992,0.02257,0.0,0.0,0.0,0.0,0.0,0.0,0.0,0.0,0.0,0.03320420586607638,2.29109020475927,12.899833978970651,12.982844493635863,1.7764250138350863,0.01660210293303819,0.0,0.0,0.0,0.0,0.0,0.0,0.0,0.0,0.0,0.0,0.0,0.0,0.0,0.0,0.0,nan,nan,4.380293863439931,2.7701755698982105,nan,0.3992,0.1089,0.0,0.0,0.0,0.0035694521306032095,5.534034311012728e-05,0.0,0.0,0.0,0.0,0.0,0.0,0.0,0.022080796900940787,0.0004703929164360819,0.00022136137244050912,0.0,0.0,0.0072772551189817375,0.0,0.001936912008854455,0.003292750415052573,0.003458771444382955,0.011953514111787493,0.007664637520752629,0.011566131710016601,0.015522966242390702,0.014692861095738793,0.025954620918649696,0.024875484228002214,0.033093525179856115,0.011372440509131157,0.01959048146098506,0.021361372440509133,0.03198671831765357,0.011344770337576093,0.044853348090758166,0.034892086330935254,0.06831765356945213,0.03646928610957388,0.023768677365799667,0.016629773104593248,0.02750415052573326,0.052988378527946876,0.012562257885998893,0.03054786939679026,0.027614831211953513,0.05127282789153293,0.04618151632540122,0.04584947426674045,0.023049252905368012,0.013641394576646376,0.014554510237963475,0.030132816823464307,0.005866076369673492,0.01618705035971223,0.013530713890426121,0.018649695628112896,0.024128389596015494,0.002628666297731046,0.011815163254012174,0.00044272274488101824,0.0,0.009020475926950747,0.0,0.01170448256779192,0.0001383508577753182,0.0009961261759822912,0.0001383508577753182,0.0,0.0,0.0,0.0,0.0,0.0,0.0,0.0005810736026563365,0.0,0.0,0.0,0.0,0.0,0.0,0.0,0.0,0.0,0.0,0.0,0.0,0.0,0.0,0.0,0.0,0.0,0.0,0.0,0.0,0.0,0.0,0.0,0.0,0.0,nan,nan,4.380293863439931,2.7701755698982105,nan,0.9293142177607562,0.034391591113810176,0.0,0.0,0.0,0.0,0.0,0.0,0.0,0.0,0.0,0.0,0.0,0.0,0.0,0.0,0.0,0.0,0.0,0.0,0.0,0.0,0.0,0.0,0.0,0.0,0.25945945945945953,1.0054054054054056,3.891891891891893,11.772972972972974,8.821621621621624,4.24864864864865,0.927277617781611,0.03522739515900603,0.0,0.0,0.0,0.0,0.0,0.0,0.0,0.0,0.0,0.0,0.0,0.0,0.0,0.0,0.0,0.0,0.0,0.0,0.0,0.0,0.0,0.0,0.0,0.0,0.20408163265306126,1.2585034013605445,4.353741496598641,10.918367346938778,9.523809523809526,3.741496598639457,0.4001,0.02242,0.0,0.0,0.0,0.0,0.0,0.0,0.0,0.0,0.0,0.0,2.010810810810811,12.713513513513496,13.200000000000003,2.0432432432432437,0.03243243243243244,0.0,0.0,0.0,0.0,0.0,0.0,0.0,0.0,0.0,0.0,0.0,0.0,0.0,0.0,0.0,0.3982,0.02266,0.0,0.0,0.0,0.0,0.0,0.0,0.0,0.0,0.0,0.06802721088435376,2.585034013605443,13.095238095238077,12.755102040816329,1.4965986394557826,0.0,0.0,0.0,0.0,0.0,0.0,0.0,0.0,0.0,0.0,0.0,0.0,0.0,0.0,0.0,0.0
3700,1745,904,0.5180515759312321,425,345,0.44126074498567336,500,0.5730659025787965,0.482,3.102259215219976,3.077903626534519,6.572549019607843,1.9567959436906386,6649.800000000002,1.8189894035458565e-12,6649.8,6649.8,6649.800000000001,9.094947017729282e-13,6649.800000000002,1.8189894035458565e-12,28.42406876790831,21.037532146221285,33.28833107191316,19.26175581224219,0.13638968481375358,0.09226361031518625,0.09742120343839542,0.08538681948424069,0.07851002865329514,0.07679083094555873,0.07277936962750717,0.06074498567335244,0.05272206303724929,0.05501432664756447,0.0492836676217765,0.044126074498567334,0.03896848137535817,0.02464183381088825,0.016045845272206302,0.009742120343839542,0.009169054441260744,0.9265275964764265,0.03636209372577545,0.0,0.0,0.0,0.0,0.0,0.0,0.0,0.0,0.0,0.0,0.0,0.0,0.0,0.0,0.0,0.0,0.0,0.0,0.0,0.0,0.0,0.0,0.0,0.06876790830945538,0.343839541547278,1.1690544412607453,4.710601719197709,10.916905444126076,9.060171919770776,3.7306590257879666,4.344161545215101,2.7866936857542703,nan,nan,nan,4.38339222614841,2.8575743645591274,4.305410122164049,2.7143061068296874,0.9822096449596338,0.4004,0.0236,0.0,0.0,0.0,0.0,0.0,0.0,0.0,0.0,0.0,0.0515759312320917,2.42406876790831,12.137535816618895,12.945558739255016,2.42406876790831,0.0171919770773639,0.0,0.0,0.0,0.0,0.0,0.0,0.0,0.0,0.0,0.0,0.0,0.0,0.0,0.0,0.0,nan,nan,4.344161545215101,2.7866936857542703,nan,0.4004,0.1091,0.0,0.0,0.0,0.0035530085959885388,0.0,0.0,0.0,0.0,2.865329512893983e-05,0.0,0.0,0.0,0.022320916905444126,0.00022922636103151864,2.865329512893983e-05,2.865329512893983e-05,0.0,0.007335243553008596,0.0,0.002349570200573066,0.0024641833810888254,0.002836676217765043,0.011318051575931232,0.006934097421203439,0.011318051575931232,0.014269340974212034,0.015300859598853868,0.02679083094555874,0.02696275071633238,0.03197707736389685,0.013696275071633238,0.018595988538681947,0.019398280802292264,0.035616045845272205,0.012292263610315187,0.041318051575931235,0.032406876790830944,0.06813753581661891,0.03610315186246418,0.02472779369627507,0.014555873925501433,0.025616045845272207,0.0494269340974212,0.014355300859598854,0.03318051575931232,0.025329512893982806,0.052607449856733525,0.04787965616045845,0.04401146131805157,0.022693409742120346,0.015787965616045844,0.015959885386819483,0.032492836676217766,0.005272206303724929,0.019197707736389683,0.011948424068767909,0.020286532951289397,0.024183381088825215,0.0020916905444126077,0.01174785100286533,0.0010888252148997136,2.865329512893983e-05,0.010143266475644699,0.0,0.00991404011461318,0.00011461318051575932,0.0009742120343839541,5.730659025787966e-05,0.0,0.0,0.0,0.0,0.0,0.0,0.0,0.0007163323782234957,0.0,0.0,0.0,0.0,0.0,0.0,0.0,0.0,0.0,0.0,0.0,0.0,0.0,0.0,0.0,0.0,0.0,0.0,0.0,0.0,0.0,0.0,0.0,0.0,0.0,nan,nan,4.344161545215101,2.7866936857542703,nan,0.9272076548200793,0.03613310787202001,0.0,0.0,0.0,0.0,0.0,0.0,0.0,0.0,0.0,0.0,0.0,0.0,0.0,0.0,0.0,0.0,0.0,0.0,0.0,0.0,0.0,0.0,0.0,0.066371681415929,0.2654867256637169,1.2942477876106198,4.480088495575222,11.150442477876108,8.694690265486727,4.048672566371683,0.9257965944042954,0.03659254426004856,0.0,0.0,0.0,0.0,0.0,0.0,0.0,0.0,0.0,0.0,0.0,0.0,0.0,0.0,0.0,0.0,0.0,0.0,0.0,0.0,0.0,0.0,0.0,0.07134363852556458,0.4280618311533889,1.03448275862069,4.958382877526755,10.66587395957194,9.45303210463734,3.3888228299643286,0.4006,0.02304,0.0,0.0,0.0,0.0,0.0,0.0,0.0,0.0,0.0,0.09955752212389382,2.123893805309735,12.444690265486708,12.909292035398233,2.4225663716814165,0.0,0.0,0.0,0.0,0.0,0.0,0.0,0.0,0.0,0.0,0.0,0.0,0.0,0.0,0.0,0.0,0.4001,0.02419,0.0,0.0,0.0,0.0,0.0,0.0,0.0,0.0,0.0,0.0,2.7467300832342456,11.807372175980957,12.984542211652796,2.4256837098692037,0.03567181926278241,0.0,0.0,0.0,0.0,0.0,0.0,0.0,0.0,0.0,0.0,0.0,0.0,0.0,0.0,0.0
3800,1822,934,0.5126234906695939,424,359,0.4297475301866081,515,0.5653128430296378,0.482,2.940315315315315,3.11488664633164,6.525291828793774,2.096954993693297,6649.800000000002,1.8189894035458565e-12,6649.8,6649.8,6649.800000000003,2.7284841053187847e-12,6649.800000000003,2.7284841053187847e-12,27.268935236004392,20.724106637018195,32.36171617161716,19.025044802260577,0.14709110867178923,0.10318331503841932,0.09714599341383096,0.08946212952799122,0.07628979143798024,0.07958287596048298,0.05214050493962678,0.06695938529088913,0.062019758507135016,0.057628979143798026,0.047749725576289793,0.031833150384193196,0.033479692645444564,0.02030735455543359,0.01756311745334797,0.011525795828759604,0.0060373216245883645,0.9256051668874781,0.03463818657533798,0.0,0.0,0.0,0.0,0.0,0.0,0.0,0.0,0.0,0.0,0.0,0.0,0.0,0.0,0.0,0.0,0.0,0.0,0.0,0.0,0.0,0.0,0.0,0.016465422612513672,0.3622392974753019,1.020856201975851,4.90669593852909,11.377607025246983,8.990120746432494,3.326015367727772,4.488105726872247,2.908227646124915,nan,nan,nan,4.51067615658363,2.9535056506161497,4.465968586387435,2.8629505482884476,0.990088499230666,0.4001,0.0236,0.0,0.0,0.0,0.0,0.0,0.0,0.0,0.0,0.0,0.1317233809001098,2.4368825466520314,12.052689352360026,12.941822173435787,2.4368825466520314,0.0,0.0,0.0,0.0,0.0,0.0,0.0,0.0,0.0,0.0,0.0,0.0,0.0,0.0,0.0,0.0,nan,nan,4.488105726872247,2.908227646124915,nan,0.4001,0.11017,0.0,0.0,0.0,0.004198682766190999,2.74423710208562e-05,0.0,0.0,0.0,0.0,0.0,0.0,0.0,0.021624588364434687,0.0005488474204171241,0.0,0.0,0.0,0.009632272228320526,0.0,0.0021405049396267836,0.0025521405049396266,0.0029363336992316138,0.014571899012074643,0.007052689352360044,0.010675082327113063,0.012184412733260154,0.013336992316136114,0.02790889132821076,0.02810098792535675,0.03142151481888035,0.013556531284302963,0.017508232711306256,0.017398463227222834,0.03419319429198683,0.011855104281009879,0.043688254665203076,0.03238199780461032,0.0679198682766191,0.037019758507135014,0.02332601536772777,0.017178924259055983,0.024753018660812295,0.051399560922063665,0.01473655323819978,0.028787047200878157,0.02615257958287596,0.05461031833150384,0.04500548847420417,0.042288693743139406,0.021789242590559824,0.016794731064763996,0.01561470911086718,0.033479692645444564,0.004774972557628979,0.018743139407244785,0.012403951701427003,0.022420417124039516,0.02354555433589462,0.0029088913282107574,0.011663007683863885,0.0015367727771679472,2.74423710208562e-05,0.008836443468715698,0.0,0.011086717892425905,0.00016465422612513722,0.0007958287596048298,5.48847420417124e-05,0.0,0.0,0.0,0.0,0.0,0.0,0.0,0.0006860592755214051,0.0,0.0,0.0,0.0,0.0,0.0,0.0,0.0,0.0,0.0,0.0,0.0,0.0,0.0,0.0,0.0,0.0,0.0,0.0,0.0,0.0,0.0,0.0,0.0,0.0,nan,nan,4.488105726872247,2.908227646124915,nan,0.925156105445335,0.03456906639611853,0.0,0.0,0.0,0.0,0.0,0.0,0.0,0.0,0.0,0.0,0.0,0.0,0.0,0.0,0.0,0.0,0.0,0.0,0.0,0.0,0.0,0.0,0.0,0.03211991434689498,0.5139186295503213,0.8029978586723769,5.042826552462528,11.49892933618844,9.025695931477518,3.083511777301928,0.9260774905214438,0.034704469381142314,0.0,0.0,0.0,0.0,0.0,0.0,0.0,0.0,0.0,0.0,0.0,0.0,0.0,0.0,0.0,0.0,0.0,0.0,0.0,0.0,0.0,0.0,0.0,0.0,0.20270270270270274,1.2500000000000002,4.763513513513515,11.250000000000002,8.952702702702705,3.581081081081082,0.4,0.02315,0.0,0.0,0.0,0.0,0.0,0.0,0.0,0.0,0.0,0.06423982869379016,2.6338329764453965,11.88436830835116,13.32976445396146,2.0877944325481805,0.0,0.0,0.0,0.0,0.0,0.0,0.0,0.0,0.0,0.0,0.0,0.0,0.0,0.0,0.0,0.0,0.4001,0.0241,0.0,0.0,0.0,0.0,0.0,0.0,0.0,0.0,0.0,0.20270270270270274,2.2297297297297303,12.229729729729712,12.533783783783786,2.8040540540540544,0.0,0.0,0.0,0.0,0.0,0.0,0.0,0.0,0.0,0.0,0.0,0.0,0.0,0.0,0.0,0.0
3900,1964,1018,0.5183299389002036,466,401,0.4414460285132383,546,0.5560081466395111,0.47,3.1088794926004226,3.093296546158459,6.720430107526882,1.88580202496792,6649.800000000001,9.094947017729282e-13,6649.8,6649.8,6649.800000000002,1.8189894035458565e-12,6649.800000000003,2.7284841053187847e-12,28.188900203665987,21.044721535175885,33.22161505768063,19.251161825605976,0.1410386965376782,0.09775967413441955,0.09470468431771895,0.07841140529531568,0.08604887983706722,0.07230142566191446,0.07179226069246436,0.05804480651731161,0.05804480651731161,0.04989816700610998,0.048879837067209775,0.04786150712830957,0.032586558044806514,0.0280040733197556,0.017311608961303463,0.010692464358452138,0.006619144602851324,0.9240504302645896,0.03453989876225177,0.0,0.0,0.0,0.0,0.0,0.0,0.0,0.0,0.0,0.0,0.0,0.0,0.0,0.0,0.0,0.0,0.0,0.0,0.0,0.0,0.0,0.0,0.0,0.06109979633401203,0.24439918533604893,1.2678207739307539,5.162932790224033,11.578411405295318,8.416496945010184,3.2688391038696545,4.257277734067663,2.88746036596787,nan,nan,nan,4.348534201954397,2.9278550143384114,4.171993911719939,2.8465484688751523,0.9594023452419636,0.4016,0.02357,0.0,0.0,0.0,0.0,0.0,0.0,0.0,0.0,0.0,0.0763747454175153,1.863543788187373,12.372708757637456,12.907331975560085,2.7036659877800413,0.0763747454175153,0.0,0.0,0.0,0.0,0.0,0.0,0.0,0.0,0.0,0.0,0.0,0.0,0.0,0.0,0.0,nan,nan,4.257277734067663,2.88746036596787,nan,0.4016,0.1086,0.0,0.0,0.0,0.0038187372708757637,0.0,0.0,0.0,0.0,0.0,0.0,7.637474541751528e-05,0.0,0.01970468431771894,7.637474541751528e-05,5.0916496945010185e-05,0.0,0.0,0.010565173116089613,0.0,0.003054989816700611,0.003080448065173116,0.0018839103869653768,0.012830957230142567,0.007102851323828921,0.008426680244399186,0.011812627291242363,0.012627291242362525,0.026018329938900204,0.027647657841140528,0.035463340122199594,0.012372708757637475,0.01720977596741344,0.016675152749490836,0.03559063136456212,0.010386965376782077,0.04289714867617108,0.028182281059063136,0.07191955193482688,0.038874745417515275,0.023497963340122198,0.018329938900203666,0.025407331975560082,0.05033095723014257,0.013161914460285133,0.026323828920570266,0.025229124236252547,0.062118126272912425,0.048345213849287166,0.04274439918533605,0.025687372708757636,0.015173116089613034,0.014740325865580448,0.033808553971486764,0.006440936863543788,0.017846232179226068,0.013543788187372709,0.021995926680244398,0.02018839103869654,0.002163951120162933,0.011481670061099796,0.0014765784114052953,0.0,0.00829938900203666,0.0,0.010819755600814664,0.0,0.0016038696537678209,0.0,0.0,0.0,0.0,0.0,0.0,0.0,0.0,0.0008910386965376783,0.0,0.0,0.0,0.0,0.0,0.0,0.0,0.0,0.0,0.0,0.0,0.0,0.0,0.0,0.0,0.0,0.0,0.0,0.0,0.0,0.0,0.0,0.0,0.0,0.0,nan,nan,4.257277734067663,2.88746036596787,nan,0.9238955832886087,0.03476459121553117,0.0,0.0,0.0,0.0,0.0,0.0,0.0,0.0,0.0,0.0,0.0,0.0,0.0,0.0,0.0,0.0,0.0,0.0,0.0,0.0,0.0,0.0,0.0,0.08840864440078558,0.23575638506876234,1.414538310412574,5.098231827111985,11.669941060903735,8.1335952848723,3.359528487229863,0.9242170626340911,0.03429567965392503,0.0,0.0,0.0,0.0,0.0,0.0,0.0,0.0,0.0,0.0,0.0,0.0,0.0,0.0,0.0,0.0,0.0,0.0,0.0,0.0,0.0,0.0,0.0,0.03171247357293859,0.25369978858350956,1.1099365750528543,5.232558139534885,11.479915433403807,8.72093023255814,3.1712473572938693,0.4016,0.02448,0.0,0.0,0.0,0.0,0.0,0.0,0.0,0.0,0.0,0.11787819253438117,2.033398821218075,12.377210216110003,12.495088408644405,2.888015717092338,0.08840864440078587,0.0,0.0,0.0,0.0,0.0,0.0,0.0,0.0,0.0,0.0,0.0,0.0,0.0,0.0,0.0,0.4016,0.02255,0.0,0.0,0.0,0.0,0.0,0.0,0.0,0.0,0.0,0.031712473572938694,1.680761099365751,12.367864693446071,13.350951374207192,2.505285412262157,0.06342494714587739,0.0,0.0,0.0,0.0,0.0,0.0,0.0,0.0,0.0,0.0,0.0,0.0,0.0,0.0,0.0
4000,2072,1043,0.5033783783783784,473,449,0.444980694980695,595,0.5743243243243243,0.45799999999999996,2.9815354713313895,3.0276742949823525,6.569444444444445,1.9918332488835566,6649.800000000002,1.8189894035458565e-12,6649.8,6649.8,6649.800000000002,1.8189894035458565e-12,6649.800000000001,9.094947017729282e-13,27.909266409266408,21.01099342333888,33.10956521739131,19.18656371910291,0.1414092664092664,0.10086872586872588,0.08976833976833977,0.09025096525096525,0.07673745173745174,0.07528957528957529,0.07142857142857142,0.06563706563706563,0.05453667953667954,0.05067567567567568,0.041505791505791506,0.04584942084942085,0.032335907335907334,0.028474903474903474,0.017857142857142856,0.010135135135135136,0.00723938223938224,0.9244309089301176,0.03313937238811538,0.0,0.0,0.0,0.0,0.0,0.0,0.0,0.0,0.0,0.0,0.0,0.0,0.0,0.0,0.0,0.0,0.0,0.0,0.0,0.0,0.0,0.0,0.0,0.0,0.15926640926640928,0.9700772200772203,5.226833976833977,12.17664092664093,8.412162162162163,3.055019305019306,4.34678624813154,2.809748561920794,nan,nan,nan,4.21513353115727,2.7577260334095017,4.480421686746988,2.855386339443665,1.062937070351098,0.4038,0.0235,0.0,0.0,0.0,0.0,0.0,0.0,0.0,0.0,0.0,0.014478764478764483,1.6361003861003864,11.510617760617745,13.624517374517378,3.112934362934364,0.10135135135135138,0.0,0.0,0.0,0.0,0.0,0.0,0.0,0.0,0.0,0.0,0.0,0.0,0.0,0.0,0.0,nan,nan,4.34678624813154,2.809748561920794,nan,0.4038,0.10876,0.0,2.413127413127413e-05,0.0,0.0034266409266409266,0.0,0.0,0.0,0.0,0.0,0.0,0.0,0.0,0.01698841698841699,4.826254826254826e-05,0.0,0.0,0.0,0.011245173745173745,0.0,0.0024613899613899616,0.0023166023166023165,0.0018581081081081082,0.013006756756756757,0.009362934362934363,0.006322393822393822,0.012331081081081082,0.012258687258687258,0.02758204633204633,0.024686293436293437,0.03788610038610039,0.01180019305019305,0.015926640926640926,0.020632239382239383,0.03667953667953668,0.011076254826254826,0.03984073359073359,0.02569980694980695,0.06913610038610038,0.04360521235521236,0.02208011583011583,0.016843629343629343,0.024927606177606178,0.05082046332046332,0.013803088803088804,0.02722007722007722,0.024372586872586872,0.05847007722007722,0.04517374517374517,0.04495656370656371,0.024276061776061775,0.014768339768339769,0.01607142857142857,0.033035714285714286,0.008904440154440155,0.020246138996138995,0.013537644787644788,0.021694015444015443,0.020173745173745174,0.0019787644787644786,0.013923745173745174,0.0012548262548262548,0.00012065637065637066,0.008904440154440155,0.00019305019305019305,0.013754826254826255,2.413127413127413e-05,0.00180984555984556,0.0,0.0,0.0,4.826254826254826e-05,0.0,0.0,0.0,0.0,0.00041023166023166025,0.0,0.0,0.0,0.0,0.0,0.0,0.0,0.0,0.0,0.0,0.0,0.0,0.0,0.0,0.0,0.0,0.0,0.0,0.0,0.0,0.0,0.0,0.0,0.0,0.0,nan,nan,4.34678624813154,2.809748561920794,nan,0.9252586681342193,0.032460562693860634,0.0,0.0,0.0,0.0,0.0,0.0,0.0,0.0,0.0,0.0,0.0,0.0,0.0,0.0,0.0,0.0,0.0,0.0,0.0,0.0,0.0,0.0,0.0,0.0,0.11505273250239696,0.6615532118887825,5.465004793863855,12.281879194630877,8.31255992329818,3.1639501438159163,0.923591887696028,0.03379282850799942,0.0,0.0,0.0,0.0,0.0,0.0,0.0,0.0,0.0,0.0,0.0,0.0,0.0,0.0,0.0,0.0,0.0,0.0,0.0,0.0,0.0,0.0,0.0,0.0,0.20408163265306128,1.2827988338192422,4.985422740524783,12.069970845481054,8.513119533527698,2.9446064139941694,0.4038,0.02351,0.0,0.0,0.0,0.0,0.0,0.0,0.0,0.0,0.0,0.02876318312559924,1.5819750719079582,11.39022051773728,13.892617449664433,2.991371045062321,0.11505273250239696,0.0,0.0,0.0,0.0,0.0,0.0,0.0,0.0,0.0,0.0,0.0,0.0,0.0,0.0,0.0,0.404,0.0235,0.0,0.0,0.0,0.0,0.0,0.0,0.0,0.0,0.0,0.0,1.6909620991253649,11.632653061224474,13.352769679300295,3.236151603498543,0.08746355685131196,0.0,0.0,0.0,0.0,0.0,0.0,0.0,0.0,0.0,0.0,0.0,0.0,0.0,0.0,0.0
4100,1981,1057,0.5335689045936396,497,403,0.4543160020191822,559,0.5643614336193842,0.498,3.0357142857142856,3.091291606619347,6.625498007968128,2.096094654302813,6649.800000000001,9.094947017729282e-13,6649.8,6649.8,6649.800000000001,9.094947017729282e-13,6649.800000000002,1.8189894035458565e-12,27.924785461887936,20.939467010032057,33.02958937198068,19.107494516322333,0.14891468955073195,0.0933871781928319,0.08934881373043917,0.08278647147905098,0.08934881373043917,0.07420494699646643,0.0636042402826855,0.06713780918727916,0.05451792024230187,0.05401312468450278,0.04341241797072186,0.04240282685512368,0.0353356890459364,0.02523977788995457,0.02170620898536093,0.009591115598182737,0.005047955577990914,0.9229707534056851,0.03428704839254398,0.0,0.0,0.0,0.0,0.0,0.0,0.0,0.0,0.0,0.0,0.0,0.0,0.0,0.0,0.0,0.0,0.0,0.0,0.0,0.0,0.0,0.0,0.0,0.0,0.25744573447753666,1.362948006057547,5.315497223624433,11.963654719838468,8.132256436143363,2.968197879858658,4.248837209302326,2.8531396083370995,nan,nan,nan,4.231132075471698,2.8442327128233433,4.269525267993874,2.8624846917966935,1.0090739763820529,0.406,0.02328,0.0,0.0,0.0,0.0,0.0,0.0,0.0,0.0,0.0,0.03028773346794549,1.3780918727915197,10.661282180716794,14.06865219586068,3.740535083291268,0.12115093387178195,0.0,0.0,0.0,0.0,0.0,0.0,0.0,0.0,0.0,0.0,0.0,0.0,0.0,0.0,0.0,nan,nan,4.248837209302326,2.8531396083370995,nan,0.4062,0.10944,7.571933366986371e-05,0.0,0.0,0.0026754164563351844,2.523977788995457e-05,0.0,0.0,0.0,0.0,0.0,0.0,0.0,0.016431095406360424,0.00020191822311963655,0.0,0.0,0.0,0.010474507824331146,0.00010095911155981827,0.0034326097930338214,0.002523977788995457,0.0024230186774356387,0.010625946491670873,0.006814740030287734,0.0069409389197375064,0.014134275618374558,0.01287228672387683,0.027031802120141342,0.02503785966683493,0.039853609288238265,0.012619888944977285,0.014437152953054012,0.020721857647652702,0.03452801615345785,0.011484098939929329,0.035058051489146896,0.024003028773346795,0.06958606764260475,0.041140837960625946,0.024482584553255932,0.016304896516910652,0.028142352347299344,0.05060575466935891,0.014740030287733468,0.026981322564361435,0.02402826855123675,0.06254416961130742,0.04717314487632509,0.037556789500252395,0.02286723876829884,0.015421504290762241,0.016986370519939425,0.03165068147400303,0.00817768803634528,0.021150933871781928,0.01320040383644624,0.023775870772337202,0.02337203432609793,0.0016910651186269562,0.012317011610297829,0.0016910651186269562,0.00020191822311963655,0.009767794043412418,0.00020191822311963655,0.01718828874305906,0.0002523977788995457,0.0010348308934881372,0.0,0.0002523977788995457,0.0,2.523977788995457e-05,0.0,0.0,0.0,0.0,0.0009591115598182736,0.0,0.0,0.0,0.0,0.0,0.0,0.0,0.0,0.0,0.0,0.0,0.0,0.0,0.0,0.0,0.0,0.0,0.0,0.0,0.0,0.0,0.0,0.0,0.0,0.0,nan,nan,4.248837209302326,2.8531396083370995,nan,0.9228792395812786,0.03370544726219149,0.0,0.0,0.0,0.0,0.0,0.0,0.0,0.0,0.0,0.0,0.0,0.0,0.0,0.0,0.0,0.0,0.0,0.0,0.0,0.0,0.0,0.0,0.0,0.0,0.14191106906338696,1.447492904446547,5.250709555345318,12.403027436140022,7.918637653736993,2.8382213812677395,0.9230754396745137,0.034940201394430895,0.0,0.0,0.0,0.0,0.0,0.0,0.0,0.0,0.0,0.0,0.0,0.0,0.0,0.0,0.0,0.0,0.0,0.0,0.0,0.0,0.0,0.0,0.0,0.0,0.3896103896103897,1.2662337662337664,5.38961038961039,11.461038961038962,8.376623376623378,3.1168831168831175,0.4065,0.02338,0.0,0.0,0.0,0.0,0.0,0.0,0.0,0.0,0.0,0.028382213812677394,1.504257332071902,10.501419110690618,14.020813623462633,3.774834437086094,0.17029328287606435,0.0,0.0,0.0,0.0,0.0,0.0,0.0,0.0,0.0,0.0,0.0,0.0,0.0,0.0,0.0,0.4058,0.02318,0.0,0.0,0.0,0.0,0.0,0.0,0.0,0.0,0.0,0.03246753246753248,1.233766233766234,10.844155844155829,14.123376623376627,3.701298701298702,0.06493506493506496,0.0,0.0,0.0,0.0,0.0,0.0,0.0,0.0,0.0,0.0,0.0,0.0,0.0,0.0,0.0
4200,2077,1031,0.49638902262879153,476,460,0.45064997592681755,569,0.5479056331246991,0.494,2.874760994263862,3.1077823873866146,6.647887323943662,2.133558764456375,6649.800000000002,1.8189894035458565e-12,6649.8,6649.8,6649.800000000003,2.7284841053187847e-12,6649.800000000002,1.8189894035458565e-12,27.018777082330285,20.365961715043504,31.859770114942528,18.709696667034457,0.14203177660086663,0.10399614829080404,0.091478093403948,0.10351468464130958,0.08184882041405873,0.06981222917669716,0.06210881078478575,0.0693307655272027,0.061627347135291284,0.046220510351468465,0.04766490129995185,0.03996148290804044,0.031295137217140105,0.016851227732306212,0.0182956186807896,0.0091478093403948,0.004814636494944632,0.9212159543985579,0.03480430787019444,0.0,0.0,0.0,0.0,0.0,0.0,0.0,0.0,0.0,0.0,0.0,0.0,0.0,0.0,0.0,0.0,0.0,0.0,0.0,0.0,0.0,0.0,0.0,0.04333172845450155,0.3610977371208474,1.2277323062108814,5.647568608570054,12.33509870004815,7.5830524795377965,2.802118440057776,4.3459500378501135,3.0009966591615256,nan,nan,nan,4.242469879518072,2.932976804517851,4.450532724505328,3.0646614234040768,1.0490428573203896,0.407,0.02286,0.0,0.0,0.0,0.0,0.0,0.0,0.0,0.0,0.0,0.014443909484833898,1.141068849301878,10.081848820414045,14.862782859894082,3.7698603755416475,0.12999518536350507,0.0,0.0,0.0,0.0,0.0,0.0,0.0,0.0,0.0,0.0,0.0,0.0,0.0,0.0,0.0,nan,nan,4.3459500378501135,3.0009966591615256,nan,0.407,0.1091,4.814636494944632e-05,0.0,0.0,0.0029850746268656717,0.00014443909484833896,0.0,0.0,0.0,0.0,0.0,0.0,0.0,0.013553201733269139,0.00024073182474723158,0.0,0.0,0.0,0.011242176215695714,0.00021665864227250842,0.002888781896966779,0.0023591718825228696,0.0035387578237843042,0.01097737120847376,0.008473760231102552,0.007968223399133365,0.014275397207510834,0.013601348098218585,0.026721232546942707,0.02339913336543091,0.04092441020702937,0.011579200770341838,0.012831006259027444,0.020630717380837747,0.03312469908521907,0.010303322099181512,0.031535869041887335,0.021545498314877228,0.067043813192104,0.041526239768897445,0.02758786711603274,0.01853635050553683,0.03047664901299952,0.04720751083293211,0.013866153105440539,0.028598940779971112,0.023976889744824266,0.06468464130958113,0.051396244583533944,0.03863745787193067,0.02607125662012518,0.014756860857005297,0.01555127587867116,0.0294174289841117,0.007173808377467501,0.023423206547905633,0.012903225806451613,0.02142513240250361,0.025060182956186807,0.0022147327876745307,0.011699566682715455,0.0011314395763119885,0.00012036591237361579,0.010447761194029851,0.00019258545979778527,0.017669715936446798,2.407318247472316e-05,0.0008425613866153105,2.407318247472316e-05,0.0004092441020702937,0.0,0.0,0.0,0.0,0.0,0.0,0.0007944150216658642,0.0,0.0,0.0,0.0,0.0,0.0,0.0,0.0,0.0,0.0,0.0,0.0,0.0,0.0,0.0,0.0,0.0,0.0,0.0,0.0,0.0,0.0,0.0,0.0,0.0,nan,nan,4.3459500378501135,3.0009966591615256,nan,0.9215830132061711,0.03502141703222331,0.0,0.0,0.0,0.0,0.0,0.0,0.0,0.0,0.0,0.0,0.0,0.0,0.0,0.0,0.0,0.0,0.0,0.0,0.0,0.0,0.0,0.0,0.0,0.02909796314257993,0.4364694471387004,1.280310378273521,5.295829291949564,12.570320077594571,7.449078564500486,2.9388942774005824,0.9208541593405758,0.034585166513852295,0.0,0.0,0.0,0.0,0.0,0.0,0.0,0.0,0.0,0.0,0.0,0.0,0.0,0.0,0.0,0.0,0.0,0.0,0.0,0.0,0.0,0.0,0.0,0.05736137667303998,0.2868068833652008,1.1759082217973233,5.994263862332698,12.103250478011475,7.715105162523902,2.6673040152963674,0.406,0.0228,0.0,0.0,0.0,0.0,0.0,0.0,0.0,0.0,0.0,0.029097963142580025,1.163918525703201,10.504364694471372,14.461687681862273,3.7536372453928233,0.08729388942774007,0.0,0.0,0.0,0.0,0.0,0.0,0.0,0.0,0.0,0.0,0.0,0.0,0.0,0.0,0.0,0.408,0.02286,0.0,0.0,0.0,0.0,0.0,0.0,0.0,0.0,0.0,0.0,1.1185468451242833,9.665391969407251,15.258126195028684,3.785850860420651,0.17208413001912048,0.0,0.0,0.0,0.0,0.0,0.0,0.0,0.0,0.0,0.0,0.0,0.0,0.0,0.0,0.0
4300,2281,1184,0.5190705830775976,573,469,0.4568171854449803,639,0.5602805786935554,0.45399999999999996,2.910665451230629,2.9645805202582105,6.458745874587459,1.9910976154619247,6649.800000000002,1.8189894035458565e-12,6649.8,6649.8,6649.800000000001,9.094947017729282e-13,6649.800000000001,9.094947017729282e-13,28.068391056554145,20.74507944906866,33.07897489539749,18.91045120137373,0.14028934677772906,0.09031126698816308,0.09557211749232793,0.08417360806663744,0.08855765015344147,0.07145988601490574,0.07102148180622533,0.06795265234546252,0.06181499342393687,0.05129329241560719,0.04997807978956598,0.03288031565103025,0.029373081981587022,0.026742656729504603,0.020166593599298552,0.01183691363437089,0.00657606313020605,0.920311780835076,0.035904499311466505,0.0,0.0,0.0,0.0,0.0,0.0,0.0,0.0,0.0,0.0,0.0,0.0,0.0,0.0,0.0,0.0,0.0,0.0,0.0,0.0,0.0,0.0,0.0,0.03945637878123617,0.3419552827707147,1.7755370451556338,5.852696185883386,11.534414730381416,7.483559842174486,2.9723805348531354,4.157113958192852,2.8098171564998555,nan,nan,nan,4.087431693989071,2.7206969262415046,4.225033288948069,2.892427639318244,1.0336645613335516,0.4065,0.02383,0.0,0.0,0.0,0.0,0.0,0.0,0.0,0.0,0.0,0.06576063130206052,1.4467338886453314,9.943007452871534,14.677772906619907,3.827268741779922,0.039456378781236305,0.0,0.0,0.0,0.0,0.0,0.0,0.0,0.0,0.0,0.0,0.0,0.0,0.0,0.0,0.0,nan,nan,4.157113958192852,2.8098171564998555,nan,0.4065,0.11035,2.1920210434020168e-05,0.0,0.0,0.003419552827707146,0.00024112231477422182,0.0,0.0,0.0,4.3840420868040336e-05,0.0,0.0,0.0,0.014883822884699693,0.00028496273564226215,0.0,0.0,4.3840420868040336e-05,0.012012275317843052,0.00024112231477422182,0.004142919772029812,0.0020166593599298555,0.004033318719859711,0.009425690486628672,0.01047786058746164,0.007167908811924594,0.012823323103901798,0.013678211310828584,0.02930732135028496,0.022665497588776853,0.039785181937746605,0.012056115738711091,0.012384918895221394,0.021547566856641824,0.030534853134590093,0.010850504164839982,0.03011836913634371,0.022292854011398508,0.06514686540990794,0.04055238930293731,0.026567295046032443,0.017601928978518193,0.0339105655414292,0.045199473914949585,0.012626041209995616,0.028342832091188076,0.024397194213064445,0.06622095572117492,0.05026304252520824,0.043138974134151686,0.02498903989478299,0.01308636562911004,0.0156510302498904,0.030732135028496272,0.007737834283209119,0.021964050854888208,0.013371328364752301,0.021679088119245946,0.025975449364313896,0.002235861464270057,0.012362998684787374,0.0003726435773783428,0.00024112231477422182,0.010236738272687418,4.3840420868040336e-05,0.016593599298553266,0.0,0.00028496273564226215,6.57606313020605e-05,0.000394563787812363,0.0,0.0,0.0,0.0,0.0,0.0,0.0015124945199473914,0.0,0.0,0.0,0.0,0.0,0.0,0.0,0.0,0.0,0.0,0.0,0.0,0.0,0.0,0.0,0.0,0.0,0.0,0.0,0.0,0.0,0.0,0.0,0.0,0.0,nan,nan,4.157113958192852,2.8098171564998555,nan,0.9199779760595914,0.036503331730849714,0.0,0.0,0.0,0.0,0.0,0.0,0.0,0.0,0.0,0.0,0.0,0.0,0.0,0.0,0.0,0.0,0.0,0.0,0.0,0.0,0.0,0.0,0.0,0.05067567567567552,0.3547297297297298,2.027027027027027,5.6503378378378395,11.579391891891895,7.271959459459461,3.065878378378379,0.9206720587331377,0.03524321323087162,0.0,0.0,0.0,0.0,0.0,0.0,0.0,0.0,0.0,0.0,0.0,0.0,0.0,0.0,0.0,0.0,0.0,0.0,0.0,0.0,0.0,0.0,0.0,0.02734731084776655,0.32816773017319967,1.5041020966271654,6.071103008204195,11.485870556061991,7.7119416590701935,2.871467639015498,0.4062,0.02373,0.0,0.0,0.0,0.0,0.0,0.0,0.0,0.0,0.0,0.025337837837837843,1.4442567567567572,10.388513513513498,14.265202702702705,3.8260135135135145,0.050675675675675685,0.0,0.0,0.0,0.0,0.0,0.0,0.0,0.0,0.0,0.0,0.0,0.0,0.0,0.0,0.0,0.407,0.02396,0.0,0.0,0.0,0.0,0.0,0.0,0.0,0.0,0.0,0.10938924339106657,1.4494074749316321,9.462169553327243,15.123062898814954,3.82862351868733,0.02734731084776664,0.0,0.0,0.0,0.0,0.0,0.0,0.0,0.0,0.0,0.0,0.0,0.0,0.0,0.0,0.0
4400,2334,1190,0.5098543273350471,557,455,0.43359040274207367,648,0.5552699228791774,0.46199999999999997,2.8924825174825175,3.0361711242695475,6.442724458204334,1.9966616119932212,6649.800000000001,9.094947017729282e-13,6649.8,6649.8,6649.800000000002,1.8189894035458565e-12,6649.800000000001,9.094947017729282e-13,27.480719794344473,20.930748756947395,32.547790339157245,19.244946420899648,0.14395886889460155,0.10582690659811482,0.09897172236503857,0.08911739502999143,0.08226221079691516,0.06212510711225364,0.06512425021422451,0.06383890317052271,0.059554413024850046,0.05098543273350471,0.044558697514995714,0.038131962296486716,0.03556126820908312,0.02313624678663239,0.02056555269922879,0.010282776349614395,0.005998286203941731,0.9221200417174983,0.03450653185447274,0.0,0.0,0.0,0.0,0.0,0.0,0.0,0.0,0.0,0.0,0.0,0.0,0.0,0.0,0.0,0.0,0.0,0.0,0.0,0.0,0.0,0.0,0.0,0.05141388174807182,0.26992287917737795,1.4267352185089979,5.231362467866325,12.365038560411314,7.802056555269925,2.8534704370179957,4.3213070115724985,2.8380789927915253,nan,nan,nan,4.26886145404664,2.839874597544091,4.372972972972973,2.835360566102675,1.0243885916765094,0.4053,0.02315,0.0,0.0,0.0,0.0,0.0,0.0,0.0,0.0,0.0,0.03856041131105399,1.5681233933161958,10.34704370179947,14.691516709511571,3.2904884318766077,0.06426735218508998,0.0,0.0,0.0,0.0,0.0,0.0,0.0,0.0,0.0,0.0,0.0,0.0,0.0,0.0,0.0,nan,nan,4.3213070115724985,2.8380789927915253,nan,0.4053,0.1109,0.00017137960582690659,0.00012853470437017994,0.0,0.0024850042844901457,0.00012853470437017994,0.0,0.0,0.0,0.0,0.0,0.0,0.00012853470437017994,0.015809768637532133,0.00047129391602399316,0.0,0.0,0.0,0.013860325621251071,0.0005784061696658098,0.004048843187660668,0.001178234790059983,0.004841473864610112,0.009168808911739504,0.009597257926306769,0.00901885175664096,0.013624678663239074,0.011610968294772922,0.031833761782347904,0.02525706940874036,0.037660668380462725,0.011268209083119108,0.013453299057412167,0.021915167095115682,0.03134104541559554,0.010411311053984575,0.02958440445586975,0.021958011996572407,0.06512425021422451,0.04091688089117395,0.027035132819194514,0.015959725792630677,0.033547557840616964,0.04434447300771208,0.012703513281919451,0.027377892030848328,0.02350042844901457,0.06636675235646958,0.05025706940874036,0.04308054841473865,0.025428449014567266,0.013431876606683804,0.015124250214224507,0.024828620394173093,0.010089974293059125,0.02255784061696658,0.014138817480719794,0.023179091688089116,0.027270779777206513,0.002056555269922879,0.012467866323907456,0.0005784061696658098,0.00021422450728363326,0.010411311053984575,0.0,0.013924592973436161,0.0,0.00021422450728363326,0.0,0.0004070265638389032,0.0,0.0,0.0,0.0,0.0,0.0,0.0019065981148243358,0.0,2.1422450728363323e-05,0.0,0.0,0.0,0.0,0.0,0.0,0.0,0.0,0.0,0.0,0.0,0.0,0.0,0.0,0.0,0.0,0.0,0.0,0.0,0.0,0.0,0.0,0.0,nan,nan,4.3213070115724985,2.8380789927915253,nan,0.9232940685348351,0.03370823456908599,0.0,0.0,0.0,0.0,0.0,0.0,0.0,0.0,0.0,0.0,0.0,0.0,0.0,0.0,0.0,0.0,0.0,0.0,0.0,0.0,0.0,0.0,0.0,0.025210084033613366,0.17647058823529416,1.4873949579831938,5.193277310924371,12.05042016806723,8.218487394957984,2.8487394957983203,0.9208988075281357,0.0352763501460743,0.0,0.0,0.0,0.0,0.0,0.0,0.0,0.0,0.0,0.0,0.0,0.0,0.0,0.0,0.0,0.0,0.0,0.0,0.0,0.0,0.0,0.0,0.0,0.07867132867132842,0.36713286713286725,1.363636363636364,5.270979020979022,12.692307692307695,7.36888111888112,2.858391608391609,0.405,0.02287,0.0,0.0,0.0,0.0,0.0,0.0,0.0,0.0,0.0,0.050420168067226906,1.4369747899159668,10.78991596638654,14.470588235294121,3.226890756302522,0.025210084033613453,0.0,0.0,0.0,0.0,0.0,0.0,0.0,0.0,0.0,0.0,0.0,0.0,0.0,0.0,0.0,0.4058,0.02344,0.0,0.0,0.0,0.0,0.0,0.0,0.0,0.0,0.0,0.02622377622377623,1.704545454545455,9.886363636363622,14.921328671328675,3.3566433566433576,0.10489510489510492,0.0,0.0,0.0,0.0,0.0,0.0,0.0,0.0,0.0,0.0,0.0,0.0,0.0,0.0,0.0
4500,2126,1121,0.5272812793979303,542,423,0.4539040451552211,571,0.5371589840075258,0.474,2.952238805970149,2.997130877224169,6.3568904593639575,1.9795367124089163,6649.800000000002,1.8189894035458565e-12,6649.8,6649.8,6649.800000000001,9.094947017729282e-13,6649.800000000002,1.8189894035458565e-12,28.43367826904986,21.137614645133002,33.218333333333334,19.43800965748408,0.13358419567262464,0.10159924741298212,0.08607714016933207,0.08889934148635936,0.08513640639698965,0.07196613358419568,0.07008466603951082,0.06396989651928504,0.05738476011288805,0.051269990592662275,0.05032925682031985,0.040921919096895576,0.034807149576669805,0.024459078080903106,0.01881467544684854,0.008466603951081843,0.012229539040451553,0.9203198365972273,0.03618570371079032,0.0,0.0,0.0,0.0,0.0,0.0,0.0,0.0,0.0,0.0,0.0,0.0,0.0,0.0,0.0,0.0,0.0,0.0,0.0,0.0,0.0,0.0,0.02822201317027282,0.08466603951081818,0.40921919096895587,1.3405456255879589,6.067732831608656,11.853245531514585,7.224835371589842,2.991533396048919,4.01647564469914,2.807917206798976,nan,nan,nan,4.052112676056338,2.802180195215689,3.979591836734694,2.813367271067869,0.9821029558851695,0.4062,0.0233,0.0,0.0,0.0,0.0,0.0,0.0,0.0,0.0,0.0,0.07055503292568205,1.1288805268109128,10.7808090310442,14.492003762935093,3.3866415804327383,0.1411100658513641,0.0,0.0,0.0,0.0,0.0,0.0,0.0,0.0,0.0,0.0,0.0,0.0,0.0,0.0,0.0,nan,nan,4.01647564469914,2.807917206798976,nan,0.4062,0.1112,0.00016462841015992474,0.0004233301975540922,0.0,0.0023753527751646285,9.407337723424271e-05,0.0,0.0,0.0,0.0,0.0,2.3518344308560677e-05,0.0,0.015310442144873001,0.000799623706491063,0.0,0.0,0.0,0.014863593603010348,0.0004233301975540922,0.0035512699905926623,0.0011994355597365945,0.0051505174035747885,0.009524929444967075,0.009924741298212606,0.008019755409219191,0.013617121354656632,0.012394167450611476,0.03238476011288805,0.02476481655691439,0.034571966133584195,0.011688617121354657,0.015051740357478834,0.020672624647224837,0.029562558795860772,0.010936030103480715,0.027587017873941674,0.022107243650047036,0.06093603010348071,0.04186265286923801,0.0291862652869238,0.015757290686735655,0.034148635936030104,0.04588428974600188,0.01079492003762935,0.02916274694261524,0.02779868297271872,0.06742709313264346,0.04715428033866416,0.04188617121354657,0.025940733772342427,0.014369708372530574,0.014063969896519285,0.025752587017873942,0.00764346190028222,0.01902634054562559,0.018955785512699906,0.023424270931326433,0.027751646284101598,0.001669802445907808,0.013476011288805267,0.001011288805268109,0.0003292568203198495,0.011194731890874882,4.7036688617121355e-05,0.013969896519285043,0.0,7.055503292568203e-05,2.3518344308560677e-05,0.00025870178739416746,0.0,0.0,0.0,0.0,0.0,0.0,0.001834430856067733,0.0,0.0,0.0,0.0,0.0,0.0,0.0,0.0,0.0,0.0,0.0,0.0,0.0,0.0,0.0,0.0,0.0,0.0,0.0,0.0,0.0,0.0,0.0,0.0,0.0,nan,nan,4.01647564469914,2.807917206798976,nan,0.9208937869552626,0.03554885010813826,0.0,0.0,0.0,0.0,0.0,0.0,0.0,0.0,0.0,0.0,0.0,0.0,0.0,0.0,0.0,0.0,0.0,0.0,0.0,0.0,0.0,0.0,0.0,0.053523639607493144,0.40142729705619995,1.257805530776093,6.208742194469226,11.614629794826051,7.466547725245318,2.997323818019626,0.9196796392326925,0.0368725547558556,0.0,0.0,0.0,0.0,0.0,0.0,0.0,0.0,0.0,0.0,0.0,0.0,0.0,0.0,0.0,0.0,0.0,0.0,0.0,0.0,0.0,0.0,0.059701492537313446,0.1194029850746265,0.4179104477611941,1.4328358208955225,5.910447761194031,12.119402985074629,6.955223880597017,2.9850746268656723,0.4065,0.02394,0.0,0.0,0.0,0.0,0.0,0.0,0.0,0.0,0.0,0.08028545941123998,1.2310437109723462,10.544157002676167,14.42462087421945,3.532560214094559,0.18733273862622662,0.0,0.0,0.0,0.0,0.0,0.0,0.0,0.0,0.0,0.0,0.0,0.0,0.0,0.0,0.0,0.4058,0.02254,0.0,0.0,0.0,0.0,0.0,0.0,0.0,0.0,0.0,0.059701492537313446,1.0149253731343286,11.044776119402968,14.56716417910448,3.2238805970149262,0.08955223880597016,0.0,0.0,0.0,0.0,0.0,0.0,0.0,0.0,0.0,0.0,0.0,0.0,0.0,0.0,0.0
4600,2138,1115,0.5215154349859682,530,413,0.441066417212348,578,0.5406922357343311,0.482,3.04594330400782,3.192556204206931,6.760942760942761,2.1524607607782356,6649.800000000001,9.094947017729282e-13,6649.8,6649.8,6649.800000000002,1.8189894035458565e-12,6649.800000000002,1.8189894035458565e-12,27.98643592142189,20.95659694221304,32.84564131038312,19.26072735251332,0.13797942001870908,0.09962581852198316,0.09448082319925163,0.09073900841908325,0.07296538821328344,0.07857811038353602,0.0734331150608045,0.0608044901777362,0.05659494855004677,0.05659494855004677,0.04069223573433115,0.04349859681945744,0.029934518241347054,0.029466791393826006,0.015434985968194575,0.010757717492984098,0.00841908325537886,0.9180861874034854,0.03491155312281098,0.0,0.0,0.0,0.0,0.0,0.0,0.0,0.0,0.0,0.0,0.0,0.0,0.0,0.0,0.0,0.0,0.0,0.0,0.0,0.0,0.0,0.0,0.02806361085126287,0.042095416276894164,0.3367633302151544,1.8241347053320864,6.103835360149675,11.92703461178672,7.2825070159027145,2.455565949485501,4.37199124726477,2.9570576560086095,1.5,0.5,0.3430930930930931,4.416787264833575,2.9652998637247423,4.318181818181818,2.9477250399627972,0.9776748480876921,0.4043,0.02371,0.0,0.0,0.0,0.0,0.0,0.0,0.0,0.0,0.0,0.0420954162768943,1.908325537885875,10.63610851262861,14.158091674462117,3.2413470533208613,0.014031805425631434,0.0,0.0,0.0,0.0,0.0,0.0,0.0,0.0,0.0,0.0,0.0,0.0,0.0,0.0,0.0,nan,nan,4.367807720320466,2.956994140853943,nan,0.4043,0.11145,9.354536950420954e-05,0.00023386342376052386,2.3386342376052384e-05,0.0023386342376052385,2.3386342376052384e-05,0.0,0.0,0.0,0.0,0.0,2.3386342376052384e-05,0.0,0.01777362020579981,0.0005378858746492048,0.0,0.0,0.0,0.01569223573433115,0.0006548175865294668,0.0032507015902712814,0.000724976613657624,0.0055425631431244154,0.009822263797942002,0.010406922357343312,0.008161833489242282,0.015434985968194575,0.013704396632366698,0.030823199251637044,0.022217025257249765,0.03697380729653882,0.012698783910196446,0.016019644527595883,0.020369504209541627,0.025023386342376053,0.011786716557530403,0.026824134705332087,0.022614593077642655,0.06089803554724041,0.0436155285313377,0.030285313376987838,0.014920486435921422,0.0362956033676333,0.04681945743685688,0.009822263797942002,0.031103835360149674,0.027104770813844714,0.06777362020579981,0.04632834424695977,0.036903648269410665,0.025327408793264734,0.016230121608980356,0.015411599625818522,0.024438727782974744,0.007623947614593078,0.02018241347053321,0.020743685687558466,0.022076707202993453,0.025514499532273152,0.0013564078578110384,0.012581852198316184,0.0007717492984097287,0.000724976613657624,0.009144059869036483,4.677268475210477e-05,0.013657623947614593,0.0,2.3386342376052384e-05,0.0,0.0005612722170252573,0.0,0.0,0.0,0.0,0.0,0.0,0.0019176800748362955,0.0,0.0,0.0,0.0,0.0,0.0,0.0,0.0,0.0,0.0,0.0,0.0,0.0,0.0,0.0,0.0,0.0,0.0,0.0,0.0,0.0,0.0,0.0,0.0,0.0,nan,nan,4.367807720320466,2.956994140853943,nan,0.9185909890807797,0.034199287742736964,0.0,0.0,0.0,0.0,0.0,0.0,0.0,0.0,0.0,0.0,0.0,0.0,0.0,0.0,0.0,0.0,0.0,0.0,0.0,0.0,0.0,0.0,0.02690582959641256,0.026905829596412474,0.2690582959641256,1.6950672645739915,6.269058295964127,11.946188340807177,7.372197309417042,2.3946188340807177,0.9175359881168936,0.035663542239217604,0.0,0.0,0.0,0.0,0.0,0.0,0.0,0.0,0.0,0.0,0.0,0.0,0.0,0.0,0.0,0.0,0.0,0.0,0.0,0.0,0.0,0.0,0.029325513196480947,0.05865102639296169,0.4105571847507333,1.9648093841642233,5.9237536656891505,11.906158357771263,7.1847507331378315,2.521994134897361,0.4055,0.0236,0.0,0.0,0.0,0.0,0.0,0.0,0.0,0.0,0.0,0.05381165919282512,1.5067264573991035,10.816143497757832,14.206278026905833,3.4170403587443956,0.0,0.0,0.0,0.0,0.0,0.0,0.0,0.0,0.0,0.0,0.0,0.0,0.0,0.0,0.0,0.0,0.4028,0.02376,0.0,0.0,0.0,0.0,0.0,0.0,0.0,0.0,0.0,0.029325513196480947,2.3460410557184757,10.4398826979472,14.105571847507335,3.0498533724340184,0.029325513196480947,0.0,0.0,0.0,0.0,0.0,0.0,0.0,0.0,0.0,0.0,0.0,0.0,0.0,0.0,0.0
4700,2138,1080,0.5051449953227315,519,424,0.441066417212348,593,0.5547240411599625,0.482,2.896030245746692,3.1150836354415867,6.737410071942446,2.0230959031345623,6649.800000000001,9.094947017729282e-13,6649.8,6649.8,6649.800000000002,1.8189894035458565e-12,6649.800000000002,1.8189894035458565e-12,27.685219831618333,20.843588217001077,32.54616240266963,19.168123168023687,0.13891487371375116,0.10149672591206735,0.10102899906454631,0.0823199251637044,0.07951356407857811,0.07764265668849392,0.07202993451824134,0.0617399438727783,0.0509822263797942,0.05706267539756782,0.04490177736202058,0.042095416276894296,0.03274087932647334,0.021983161833489244,0.01683816651075772,0.013096351730589336,0.005612722170252572,0.916995538909152,0.03509629726161346,0.0,0.0,0.0,0.0,0.0,0.0,0.0,0.0,0.0,0.0,0.0,0.0,0.0,0.0,0.0,0.0,0.0,0.0,0.0,0.0,0.0,0.0,0.014031805425631434,0.07015902712815694,0.36482694106641733,1.8241347053320864,6.286248830682883,12.193638914873716,7.001870907390086,2.2450888681010293,4.298168498168498,2.8592943904342567,nan,nan,nan,4.268545994065282,2.8846244336577795,4.327062228654125,2.834071168278181,1.0137087042450053,0.4062,0.02362,0.0,0.0,0.0,0.0,0.0,0.0,0.0,0.0,0.0,0.07015902712815716,1.290926099158092,10.34144059869035,14.635173058933587,3.5079513564078586,0.15434985968194578,0.0,0.0,0.0,0.0,0.0,0.0,0.0,0.0,0.0,0.0,0.0,0.0,0.0,0.0,0.0,nan,nan,4.298168498168498,2.8592943904342567,nan,0.4062,0.1108,0.00023386342376052386,7.015902712815716e-05,0.0,0.0015668849391955097,0.0,0.0,0.0,0.0,0.0,0.0,9.354536950420954e-05,0.0,0.017072029934518243,0.0004443405051449953,0.0,0.0,0.0,0.01667446211412535,0.0005378858746492048,0.003086997193638915,0.0016838166510757717,0.006337698783910196,0.009237605238540692,0.010734331150608045,0.009331150608044902,0.013306828811973807,0.01197380729653882,0.02902245088868101,0.02020579981290926,0.035102899906454633,0.010664172123479887,0.01510757717492984,0.021632366697848456,0.024953227315247895,0.013610851262862489,0.025257249766136577,0.02266136576239476,0.059565014031805426,0.046188026192703464,0.03012160898035547,0.014265668849391955,0.036646398503274086,0.04604770813844715,0.008068288119738073,0.029466791393826006,0.02890551917680075,0.07202993451824134,0.0490177736202058,0.03786248830682881,0.02773620205799813,0.016113189897100092,0.015341440598690364,0.023573433115060806,0.007927970065481758,0.020463049579045836,0.019948550046772685,0.02355004677268475,0.024625818521983162,0.0016136576239476146,0.014101964452759588,0.0008185219831618335,0.00039756782039289054,0.00912067352666043,0.00011693171188026193,0.013283442469597754,0.0,0.0,0.0,0.0004677268475210477,0.0,0.0,0.0,0.0,0.0,0.0,0.002011225444340505,0.0,0.0,0.0,0.0,0.0,0.0,0.0,0.0,0.0,0.0,0.0,0.0,0.0,0.0,0.0,0.0,0.0,0.0,0.0,0.0,0.0,0.0,0.0,0.0,0.0,nan,nan,4.298168498168498,2.8592943904342567,nan,0.9154201322683582,0.03643586142474748,0.0,0.0,0.0,0.0,0.0,0.0,0.0,0.0,0.0,0.0,0.0,0.0,0.0,0.0,0.0,0.0,0.0,0.0,0.0,0.0,0.0,0.0,0.027777777777777783,0.08333333333333307,0.5277777777777779,2.0000000000000004,6.500000000000002,11.805555555555559,6.88888888888889,2.166666666666667,0.9186037044782044,0.033597856148205325,0.0,0.0,0.0,0.0,0.0,0.0,0.0,0.0,0.0,0.0,0.0,0.0,0.0,0.0,0.0,0.0,0.0,0.0,0.0,0.0,0.0,0.0,0.0,0.056710775047258806,0.1984877126654065,1.6446124763705108,6.068052930056712,12.589792060491497,7.1172022684310035,2.3251417769376186,0.4065,0.02449,0.0,0.0,0.0,0.0,0.0,0.0,0.0,0.0,0.0,0.13888888888888892,1.3611111111111114,9.944444444444429,14.583333333333337,3.722222222222223,0.25000000000000006,0.0,0.0,0.0,0.0,0.0,0.0,0.0,0.0,0.0,0.0,0.0,0.0,0.0,0.0,0.0,0.406,0.02267,0.0,0.0,0.0,0.0,0.0,0.0,0.0,0.0,0.0,0.0,1.2192816635160684,10.74669187145556,14.68809073724008,3.2892249527410216,0.05671077504725899,0.0,0.0,0.0,0.0,0.0,0.0,0.0,0.0,0.0,0.0,0.0,0.0,0.0,0.0,0.0
4800,2088,1060,0.5076628352490421,486,412,0.43007662835249044,584,0.5593869731800766,0.498,3.0719844357976656,3.207583601415408,6.773972602739726,2.193610109914222,6649.800000000002,1.8189894035458565e-12,6649.8,6649.8,6649.800000000002,1.8189894035458565e-12,6649.800000000002,1.8189894035458565e-12,27.846743295019156,20.932785128245367,32.816,19.22633241899542,0.13840996168582376,0.10153256704980843,0.10296934865900383,0.08381226053639847,0.07519157088122605,0.07279693486590039,0.06561302681992337,0.06752873563218391,0.0603448275862069,0.05076628352490421,0.0435823754789272,0.0421455938697318,0.033524904214559385,0.027777777777777776,0.015804597701149427,0.011494252873563218,0.006704980842911878,0.9144526507377168,0.035050342953414956,0.0,0.0,0.0,0.0,0.0,0.0,0.0,0.0,0.0,0.0,0.0,0.0,0.0,0.0,0.0,0.0,0.0,0.0,0.0,0.0,0.0,0.0,0.0,0.1293103448275858,0.4166666666666668,2.083333333333334,6.738505747126439,12.399425287356326,6.235632183908048,1.9971264367816097,4.489056603773585,2.9119262017336878,nan,nan,nan,4.569506726457399,2.8849431133290286,4.407012195121951,2.9369200890741607,0.9644393714545586,0.4036,0.02354,0.0,0.0,0.0,0.0,0.0,0.0,0.0,0.0,0.0,0.07183908045977012,1.6810344827586212,11.321839080459755,13.922413793103452,2.859195402298851,0.14367816091954025,0.0,0.0,0.0,0.0,0.0,0.0,0.0,0.0,0.0,0.0,0.0,0.0,0.0,0.0,0.0,nan,nan,4.489056603773585,2.9119262017336878,nan,0.4036,0.1105,4.789272030651341e-05,9.578544061302682e-05,0.0,0.0013649425287356322,0.0,0.0,0.0,0.0,0.0,4.789272030651341e-05,0.0004310344827586207,4.789272030651341e-05,0.017624521072796936,0.00016762452107279692,0.0,0.0,0.0,0.0185823754789272,0.000886015325670498,0.002777777777777778,0.0014846743295019156,0.0053639846743295016,0.01039272030651341,0.012236590038314177,0.008453065134099616,0.010871647509578544,0.010656130268199233,0.02885536398467433,0.01992337164750958,0.04181034482758621,0.011542145593869731,0.016307471264367816,0.02085727969348659,0.02636494252873563,0.013266283524904214,0.029238505747126435,0.0233955938697318,0.060488505747126435,0.045905172413793105,0.02842432950191571,0.012811302681992338,0.0371647509578544,0.04530651340996169,0.008860153256704981,0.027849616858237548,0.02600574712643678,0.07121647509578544,0.05102969348659004,0.039272030651340994,0.027131226053639847,0.017049808429118775,0.01475095785440613,0.021551724137931036,0.008836206896551724,0.021024904214559388,0.01970785440613027,0.019779693486590037,0.022605363984674328,0.0009818007662835248,0.014080459770114942,0.00040708812260536396,0.0006944444444444445,0.008405172413793103,0.0003113026819923372,0.012883141762452107,0.0,0.0,2.3946360153256706e-05,0.0003113026819923372,0.0,0.0,0.0,0.0,0.0,0.0,0.0020354406130268198,0.0,0.0,0.0,0.0,0.0,0.0,0.0,0.0,0.0,0.0,0.0,0.0,0.0,0.0,0.0,0.0,0.0,0.0,0.0,0.0,0.0,0.0,0.0,0.0,0.0,nan,nan,4.489056603773585,2.9119262017336878,nan,0.9140093611096436,0.03388115531062763,0.0,0.0,0.0,0.0,0.0,0.0,0.0,0.0,0.0,0.0,0.0,0.0,0.0,0.0,0.0,0.0,0.0,0.0,0.0,0.0,0.0,0.0,0.0,0.08490566037735822,0.3679245283018869,2.066037735849057,7.047169811320757,12.424528301886795,6.169811320754719,1.8396226415094343,0.9149097392647183,0.036210738776762834,0.0,0.0,0.0,0.0,0.0,0.0,0.0,0.0,0.0,0.0,0.0,0.0,0.0,0.0,0.0,0.0,0.0,0.0,0.0,0.0,0.0,0.0,0.0,0.17509727626459087,0.4669260700389106,2.101167315175098,6.4202334630350215,12.373540856031132,6.303501945525293,2.1595330739299614,0.4033,0.02281,0.0,0.0,0.0,0.0,0.0,0.0,0.0,0.0,0.0,0.056603773584905676,1.5283018867924532,11.235849056603758,14.490566037735853,2.575471698113208,0.11320754716981135,0.0,0.0,0.0,0.0,0.0,0.0,0.0,0.0,0.0,0.0,0.0,0.0,0.0,0.0,0.0,0.4038,0.02426,0.0,0.0,0.0,0.0,0.0,0.0,0.0,0.0,0.0,0.08754863813229573,1.8385214007782105,11.41050583657586,13.336575875486385,3.1517509727626467,0.17509727626459146,0.0,0.0,0.0,0.0,0.0,0.0,0.0,0.0,0.0,0.0,0.0,0.0,0.0,0.0,0.0
4900,2231,1106,0.4957418198117436,519,466,0.44150605109816227,633,0.5674585387718512,0.482,2.9555555555555557,3.106377351017352,6.753246753246753,2.050694175505089,6649.800000000001,9.094947017729282e-13,6649.8,6649.8,6649.800000000001,9.094947017729282e-13,6649.800000000002,1.8189894035458565e-12,27.6006275212909,20.98661458020531,32.77047413793103,19.229139811199083,0.14567458538771852,0.09950694755714926,0.08650829224562977,0.09771402958314657,0.08202599731062304,0.0681308830121022,0.07888839085611833,0.05871806364858808,0.05871806364858808,0.0502017032720753,0.04482294935006723,0.033617212012550426,0.03227252353204841,0.021963245181532944,0.021515015688032272,0.010309278350515464,0.00941281936351412,0.915748804714155,0.03568908841484957,0.0,0.0,0.0,0.0,0.0,0.0,0.0,0.0,0.0,0.0,0.0,0.0,0.0,0.0,0.0,0.0,0.0,0.0,0.0,0.0,0.0,0.0,0.0,0.08068130883012077,0.5109816225907666,1.7212012550425821,6.736889287315107,12.075302554908117,6.521739130434784,2.35320484087853,4.421754385964912,2.842475522773852,nan,nan,nan,4.3976945244956775,2.824408920653155,4.443835616438356,2.8612185497470133,1.0104921093735972,0.4028,0.02438,0.0,0.0,0.0,0.0,0.0,0.0,0.0,0.0,0.0,0.013446884805020173,2.0573733751680865,11.698789780367532,12.828328103989247,3.2541461228148822,0.1479157328552219,0.0,0.0,0.0,0.0,0.0,0.0,0.0,0.0,0.0,0.0,0.0,0.0,0.0,0.0,0.0,nan,nan,4.421754385964912,2.842475522773852,nan,0.4028,0.1111,0.0,0.0,0.0,0.0010981622590766473,0.0,0.0,0.0,0.0,0.0,0.00022411474675033618,4.482294935006723e-05,0.00011205737337516809,0.01772747646795159,0.0002465262214253698,0.0,0.0,0.0001344688480502017,0.019004930524428507,0.000941281936351412,0.0029583146571044374,0.002577319587628866,0.005311519497982967,0.011945316001792917,0.011609143881667413,0.00730614074406096,0.012752129090094128,0.01109367996414164,0.03151053339309726,0.020327207530255492,0.04083370685791125,0.01102644554011654,0.017996414164051993,0.021783953384132675,0.023128641864634692,0.011272971761541909,0.028978036754818467,0.02415956969968624,0.06452263558942178,0.04542805916629314,0.027095472882115643,0.01140744060959211,0.03532048408785298,0.042962796952039445,0.008000896458987002,0.03005378753922008,0.025168086060062753,0.07350963693411026,0.046593455849394894,0.03803227252353205,0.02770058269834155,0.016651725683549976,0.01622590766472434,0.020730614074406097,0.010667861945316002,0.021828776333482743,0.02068579112505603,0.01974450918870462,0.022097714029583146,0.0008068130883012102,0.01270730614074406,0.00035858359480053786,0.000761990138951143,0.008874943971313312,0.0014119229045271178,0.012371134020618556,2.2411474675033616e-05,2.2411474675033616e-05,0.0,0.00022411474675033618,0.0,0.0,0.0,0.0,0.0,0.0,0.0019049753473778575,0.0,0.0,0.0,0.0,0.0,0.0,0.0,0.0,0.0,0.0,0.0,0.0,0.0,0.0,0.0,0.0,0.0,0.0,0.0,0.0,0.0,0.0,0.0,0.0,0.0,nan,nan,4.421754385964912,2.842475522773852,nan,0.9148155255731579,0.03577164959299176,0.0,0.0,0.0,0.0,0.0,0.0,0.0,0.0,0.0,0.0,0.0,0.0,0.0,0.0,0.0,0.0,0.0,0.0,0.0,0.0,0.0,0.0,0.0,0.05424954792043383,0.5967450271247741,1.8173598553345394,7.025316455696204,11.9620253164557,6.211573236889694,2.3327305605786623,0.9166663218074375,0.035583881947374815,0.0,0.0,0.0,0.0,0.0,0.0,0.0,0.0,0.0,0.0,0.0,0.0,0.0,0.0,0.0,0.0,0.0,0.0,0.0,0.0,0.0,0.0,0.0,0.10666666666666634,0.42666666666666675,1.6266666666666671,6.453333333333335,12.18666666666667,6.826666666666668,2.3733333333333335,0.4038,0.02426,0.0,0.0,0.0,0.0,0.0,0.0,0.0,0.0,0.0,0.027124773960217004,1.8716094032549733,11.500904159131991,12.938517179023512,3.5262206148282105,0.135623869801085,0.0,0.0,0.0,0.0,0.0,0.0,0.0,0.0,0.0,0.0,0.0,0.0,0.0,0.0,0.0,0.402,0.02448,0.0,0.0,0.0,0.0,0.0,0.0,0.0,0.0,0.0,0.0,2.24,11.893333333333315,12.720000000000002,2.9866666666666677,0.16000000000000003,0.0,0.0,0.0,0.0,0.0,0.0,0.0,0.0,0.0,0.0,0.0,0.0,0.0,0.0,0.0
5000,2431,1228,0.5051419169066228,582,513,0.45043192102015633,711,0.5849444672974085,0.43799999999999994,2.9617622610141314,3.0859455444936037,6.534285714285715,2.0956339452903174,6649.800000000002,1.8189894035458565e-12,6649.8,6649.8,6649.800000000002,1.8189894035458565e-12,6649.800000000002,1.8189894035458565e-12,27.753187988482107,20.641261277596975,32.700980392156865,18.839721257971068,0.14315096668037844,0.09214315096668038,0.09954751131221719,0.0888523241464418,0.07568901686548746,0.07322089675030852,0.07404360345536816,0.06705059646236117,0.059234882764294526,0.057178116001645414,0.04031262854792267,0.0374331550802139,0.03496503496503497,0.02385849444672974,0.016454134101192924,0.011517893870835048,0.0053475935828877,0.9148986821604187,0.03466422400613952,0.0,0.0,0.0,0.0,0.0,0.0,0.0,0.0,0.0,0.0,0.0,0.0,0.0,0.0,0.0,0.0,0.0,0.0,0.0,0.0,0.0,0.0,0.012340600575894697,0.11106540518305189,0.407239819004525,1.7030028794734682,6.725627313862609,12.920608802961747,6.207322089675032,1.912793089263678,4.347576530612245,2.9062269080513725,nan,nan,nan,4.188535031847134,2.8495383054988497,4.508951406649617,2.9547822739825085,1.0764984349817364,0.403,0.02382,0.0,0.0,0.0,0.0,0.0,0.0,0.0,0.0,0.0,0.03702180172768409,1.9374742904154674,11.686548745372258,13.118058412176062,3.0728095433977796,0.14808720691073635,0.0,0.0,0.0,0.0,0.0,0.0,0.0,0.0,0.0,0.0,0.0,0.0,0.0,0.0,0.0,nan,nan,4.347576530612245,2.9062269080513725,nan,0.403,0.1102,0.0,0.0,0.0,0.0008227067050596463,0.0,0.0,0.0,0.0,0.0,0.0,0.0,0.00037021801727684083,0.015939942410530646,0.0004730563554092966,0.0,0.0,6.170300287947346e-05,0.017811600164541343,0.0010283833813245578,0.0032291238173591114,0.0022007404360345536,0.004545454545454545,0.013800904977375565,0.010304401480872069,0.008227067050596462,0.012525709584533114,0.01229946524064171,0.034286301933360755,0.020464829288358702,0.04288358700123406,0.011250514191690663,0.019827231591937475,0.02048539695598519,0.021143562320032908,0.01032496914849856,0.029082682023858494,0.023591114767585356,0.063944878650761,0.04672974084738791,0.026100370218017276,0.009317153434800494,0.034759358288770054,0.03942821883998355,0.009851912793089264,0.02897984368572604,0.028033730974907446,0.07850678733031674,0.04559851912793089,0.034985602632661456,0.03126285479226656,0.016577540106951873,0.016803784450843275,0.022727272727272728,0.010283833813245578,0.020567667626491155,0.021287535993418347,0.019230769230769232,0.018942821883998356,0.00039078568490333196,0.011826408885232415,0.00012340600575894693,0.0012340600575894694,0.00904977375565611,0.0018922254216371863,0.012422871246400659,0.0,0.0,0.0,0.00020567667626491157,0.0,0.0,0.0,0.0,0.0,0.0,0.00195392842451666,0.0,0.0,0.0,0.0,0.0,0.0,0.0,0.0,0.0,0.0,0.0,0.0,0.0,0.0,0.0,0.0,0.0,0.0,0.0,0.0,0.0,0.0,0.0,0.0,0.0,nan,nan,4.347576530612245,2.9062269080513725,nan,0.9141155356595881,0.034349041851846965,0.0,0.0,0.0,0.0,0.0,0.0,0.0,0.0,0.0,0.0,0.0,0.0,0.0,0.0,0.0,0.0,0.0,0.0,0.0,0.0,0.0,0.0,0.0,0.12214983713355011,0.3664495114006516,1.8566775244299678,6.8648208469055385,13.094462540716615,5.741042345276875,1.9543973941368082,0.9156981035261875,0.03496494056288753,0.0,0.0,0.0,0.0,0.0,0.0,0.0,0.0,0.0,0.0,0.0,0.0,0.0,0.0,0.0,0.0,0.0,0.0,0.0,0.0,0.0,0.0,0.024937655860349132,0.09975062344139621,0.44887780548628436,1.5461346633416462,6.583541147132171,12.743142144638407,6.683291770573567,1.8703241895261848,0.4019,0.0243,0.0,0.0,0.0,0.0,0.0,0.0,0.0,0.0,0.0,0.04885993485342021,2.2475570032573295,11.72638436482083,13.070032573289906,2.7605863192182416,0.1465798045602606,0.0,0.0,0.0,0.0,0.0,0.0,0.0,0.0,0.0,0.0,0.0,0.0,0.0,0.0,0.0,0.404,0.02328,0.0,0.0,0.0,0.0,0.0,0.0,0.0,0.0,0.0,0.024937655860349132,1.6209476309226936,11.645885286783026,13.167082294264342,3.391521197007482,0.1496259351620948,0.0,0.0,0.0,0.0,0.0,0.0,0.0,0.0,0.0,0.0,0.0,0.0,0.0,0.0,0.0
5100,2231,1134,0.5082922456297624,516,466,0.44016136261766026,642,0.5755266696548633,0.44599999999999995,2.892433910665451,2.9494846360791915,6.259615384615385,2.011163677886634,6649.800000000001,9.094947017729282e-13,6649.8,6649.8,6649.800000000001,9.094947017729282e-13,6649.800000000001,9.094947017729282e-13,27.821604661586733,20.90047062125015,32.655851063829786,19.216796947305973,0.14029583146571045,0.10578216046615867,0.09009412819363515,0.09054235768713581,0.07844016136261767,0.06992380098610489,0.06633796503809951,0.06409681757059614,0.0632003585835948,0.04975347377857463,0.045271178843567905,0.039444195428059166,0.03765127745405648,0.026445540116539667,0.01748095024652622,0.009861048857014791,0.005378753922008068,0.9153703062697838,0.0354391114496143,0.0,0.0,0.0,0.0,0.0,0.0,0.0,0.0,0.0,0.0,0.0,0.0,0.0,0.0,0.0,0.0,0.0,0.0,0.0,0.0,0.0,0.0,0.04034065441506052,0.040340654415060385,0.40340654415060523,1.8960107575078444,7.099955177050652,12.209771402958317,6.010757507844017,2.2994173016584494,4.271328671328671,2.726549662083441,nan,nan,nan,4.252824858757062,2.699587840032013,4.2894736842105265,2.7526114520749534,1.0086175252145642,0.4019,0.02411,0.0,0.0,0.0,0.0,0.0,0.0,0.0,0.0,0.0,0.08068130883012103,2.030479605558046,11.483639623487209,13.514119229045274,2.850739578664277,0.04034065441506052,0.0,0.0,0.0,0.0,0.0,0.0,0.0,0.0,0.0,0.0,0.0,0.0,0.0,0.0,0.0,nan,nan,4.271328671328671,2.726549662083441,nan,0.4019,0.1114,0.0,0.0,0.0,0.0007844016136261766,0.0,0.0,0.0,0.0001344688480502017,0.0,2.2411474675033616e-05,0.00015688032272523532,0.0006499327655759749,0.01748095024652622,0.0010085163603765128,0.0,4.482294935006723e-05,0.0,0.016450022411474675,0.0012998655311519498,0.0026445540116539668,0.0024428507395786643,0.004952935903182429,0.015194979829672793,0.012572837292693859,0.008628417749887943,0.01102644554011654,0.012483191393993724,0.033281039892424924,0.019542805916629314,0.04367996414164052,0.010735096369341102,0.020484087852980726,0.01804123711340206,0.01994621246077992,0.009771402958314657,0.03079336620349619,0.023711340206185566,0.06434334379202152,0.04937247870909906,0.026243836844464366,0.010062752129090094,0.03422232182877633,0.03848050201703272,0.012752129090094128,0.02875392200806813,0.028664276109367996,0.07584043030031376,0.049350067234424026,0.03424473330345137,0.030389959659345586,0.015329448677722995,0.014836396234872255,0.02149260421335724,0.008897355445988346,0.021268489466606904,0.019318691169878978,0.019856566562079785,0.01671896010757508,0.0005602868668758404,0.010757507844016136,2.2411474675033616e-05,0.001232631107126849,0.009524876736889287,0.0024876736889287315,0.01376064545047064,0.0,0.0,0.0,0.0008292245629762438,0.0,0.0,0.0,0.0,0.0,0.0,0.002330793366203496,8.964589870013447e-05,0.0,0.0,0.0,0.0,0.0,0.0,0.0,0.0,0.0,0.0,0.0,0.0,0.0,0.0,0.0,0.0,0.0,0.0,0.0,0.0,0.0,0.0,0.0,0.0,nan,nan,4.271328671328671,2.726549662083441,nan,0.9143095890050212,0.03450921399008003,0.0,0.0,0.0,0.0,0.0,0.0,0.0,0.0,0.0,0.0,0.0,0.0,0.0,0.0,0.0,0.0,0.0,0.0,0.0,0.0,0.0,0.0,0.05291005291005292,0.05291005291005275,0.37037037037037046,1.666666666666667,7.61904761904762,12.328042328042331,5.899470899470901,2.010582010582011,0.9164667997777516,0.03634286553962175,0.0,0.0,0.0,0.0,0.0,0.0,0.0,0.0,0.0,0.0,0.0,0.0,0.0,0.0,0.0,0.0,0.0,0.0,0.0,0.0,0.0,0.0,0.02734731084776664,0.02734731084776655,0.43755697356426626,2.133090246125798,6.563354603463995,12.087511394712857,6.125797629899728,2.597994530537831,0.4011,0.0239,0.0,0.0,0.0,0.0,0.0,0.0,0.0,0.0,0.0,0.10582010582010584,2.1428571428571432,11.481481481481465,13.650793650793654,2.5661375661375665,0.05291005291005292,0.0,0.0,0.0,0.0,0.0,0.0,0.0,0.0,0.0,0.0,0.0,0.0,0.0,0.0,0.0,0.4028,0.0243,0.0,0.0,0.0,0.0,0.0,0.0,0.0,0.0,0.0,0.05469462169553328,1.914311759343665,11.48587055606197,13.372835004557889,3.144940747493164,0.02734731084776664,0.0,0.0,0.0,0.0,0.0,0.0,0.0,0.0,0.0,0.0,0.0,0.0,0.0,0.0,0.0
5200,2021,1065,0.5269668480950025,502,416,0.45423057892132607,563,0.5571499257793172,0.45799999999999996,3.00418410041841,3.063140166820351,6.50936329588015,2.0081543427413107,6649.800000000002,1.8189894035458565e-12,6649.8,6649.8,6649.800000000002,1.8189894035458565e-12,6649.800000000003,2.7284841053187847e-12,28.50816427511133,20.86578674651271,33.00115673799884,19.200473498934837,0.12914398812469075,0.09797130133597229,0.09104403760514597,0.08708560118753092,0.09104403760514597,0.06729341909945571,0.06729341909945571,0.0677882236516576,0.06185056902523503,0.05343889163780307,0.04601682335477486,0.04106877783275606,0.035625927758535375,0.027709054923305294,0.02028698664027709,0.008411677387431964,0.006927263730826323,0.917054780133581,0.03416296600569691,0.0,0.0,0.0,0.0,0.0,0.0,0.0,0.0,0.0,0.0,0.0,0.0,0.0,0.0,0.0,0.0,0.0,0.0,0.0,0.0,0.0,0.0,0.0,0.05937654626422545,0.326571004453241,1.588322612568036,6.99158832261257,11.919841662543297,6.857991093518062,2.2563087580405745,4.227513227513228,2.8869501411610665,nan,nan,nan,4.222222222222222,2.8667929131050713,4.2330827067669174,2.9088592137624016,1.0025722200237437,0.402,0.02402,0.0,0.0,0.0,0.0,0.0,0.0,0.0,0.0,0.0,0.04453240969816923,2.0484908461157847,11.75655616031666,13.285502226620489,2.775853537852549,0.08906481939633847,0.0,0.0,0.0,0.0,0.0,0.0,0.0,0.0,0.0,0.0,0.0,0.0,0.0,0.0,0.0,nan,nan,4.227513227513228,2.8869501411610665,nan,0.402,0.1109,0.0,0.0,0.0,0.0008906481939633845,0.0,0.0,0.0,0.0004948045522018803,0.0,0.0,0.00032162295893122217,0.0007422068283028204,0.017367639782285997,0.0009401286491835725,0.0,0.0,0.0,0.016674913409203365,0.0011875309252845126,0.0029193468579910937,0.0018307768431469569,0.0041316180108857,0.01707075705096487,0.009945571499257793,0.00677882236516576,0.012716476991588323,0.011627906976744186,0.03134586838198911,0.020138545274616528,0.04341909945571499,0.010836219693221178,0.021622958931222167,0.018728352300841168,0.02021276595744681,0.010069272637308264,0.03322612568035626,0.023899059871350815,0.06662543295398318,0.050024740227610096,0.02318159327065809,0.008906481939633844,0.0330529440870856,0.036318654131618014,0.012939139040079168,0.027090549233052943,0.030554181098466106,0.07585353785254824,0.04903513112320634,0.03780306778822365,0.03285502226620485,0.015809005442850074,0.013433943592281049,0.020336467095497277,0.010069272637308264,0.02120237506185057,0.018456209797130134,0.020237506185056903,0.014126669965363681,0.0004948045522018803,0.012840178129638793,0.00029688273132112816,0.0007174666006927264,0.010564077189510144,0.0024245423057892134,0.013409203364670955,2.474022761009401e-05,0.0,0.0,0.0007669470559129144,0.0,0.0,0.0,0.0,0.0,0.0,0.0014101929737753587,0.0,0.0,0.0,0.0,0.0,0.0,0.0,0.0,0.0,0.0,0.0,0.0,0.0,0.0,0.0,0.0,0.0,0.0,0.0,0.0,0.0,0.0,0.0,0.0,0.0,nan,nan,4.227513227513228,2.8869501411610665,nan,0.9167071387241704,0.03455462042140944,0.0,0.0,0.0,0.0,0.0,0.0,0.0,0.0,0.0,0.0,0.0,0.0,0.0,0.0,0.0,0.0,0.0,0.0,0.0,0.0,0.0,0.0,0.0,0.08450704225352086,0.3943661971830987,1.5492957746478877,7.267605633802819,12.056338028169018,6.281690140845072,2.366197183098592,0.9174420584819307,0.03371708004760879,0.0,0.0,0.0,0.0,0.0,0.0,0.0,0.0,0.0,0.0,0.0,0.0,0.0,0.0,0.0,0.0,0.0,0.0,0.0,0.0,0.0,0.0,0.0,0.031380753138075215,0.25104602510460255,1.6317991631799167,6.684100418410043,11.767782426778245,7.500000000000002,2.1338912133891217,0.4026,0.02449,0.0,0.0,0.0,0.0,0.0,0.0,0.0,0.0,0.0,0.0563380281690141,2.0281690140845074,11.633802816901392,13.26760563380282,2.873239436619719,0.14084507042253525,0.0,0.0,0.0,0.0,0.0,0.0,0.0,0.0,0.0,0.0,0.0,0.0,0.0,0.0,0.0,0.4016,0.02348,0.0,0.0,0.0,0.0,0.0,0.0,0.0,0.0,0.0,0.03138075313807532,2.0711297071129713,11.893305439330527,13.305439330543937,2.667364016736402,0.03138075313807532,0.0,0.0,0.0,0.0,0.0,0.0,0.0,0.0,0.0,0.0,0.0,0.0,0.0,0.0,0.0
5300,1964,1005,0.5117107942973523,468,383,0.4332993890020367,546,0.5560081466395111,0.45799999999999996,3.034410844629823,3.076342580518017,6.464788732394366,2.1118777834589313,6649.800000000001,9.094947017729282e-13,6649.8,6649.8,6649.800000000002,1.8189894035458565e-12,6649.800000000003,2.7284841053187847e-12,27.834012219959266,20.959590254033085,33.08215818516248,19.128578309860384,0.14663951120162932,0.10336048879837068,0.08604887983706722,0.08910386965376782,0.0814663951120163,0.06670061099796334,0.07179226069246436,0.06109979633401222,0.056517311608961306,0.059063136456211814,0.04124236252545825,0.045824847250509164,0.03207739307535642,0.025458248472505093,0.012729124236252547,0.01374745417515275,0.007128309572301426,0.9146087775708701,0.034757138804957594,0.0,0.0,0.0,0.0,0.0,0.0,0.0,0.0,0.0,0.0,0.0,0.0,0.0,0.0,0.0,0.0,0.0,0.0,0.0,0.0,0.0,0.0,0.030549898167006116,0.06109979633401203,0.2902240325865581,1.832993890020367,7.393075356415481,12.296334012219962,5.987780040733199,2.107942973523422,4.3872,2.7920738099126248,8.0,4.0,1.8234865061998542,4.21939586645469,2.734611045148835,4.568218298555378,2.8501501529850723,1.082671179273298,0.4014,0.02489,0.0,0.0,0.0,0.0,0.0,0.0,0.0,0.0,0.0,0.10692464358452142,2.5050916496945015,11.288187372708741,13.304480651731165,2.642566191446029,0.1527494908350306,0.0,0.0,0.0,0.0,0.0,0.0,0.0,0.0,0.0,0.0,0.0,0.0,0.0,0.0,0.0,nan,nan,4.39297124600639,2.7981420905518037,nan,0.4014,0.11145,0.0,0.0,0.0,0.00045824847250509166,0.0,0.0,0.0,0.0007637474541751527,0.0,0.00017820773930753565,0.0004837067209775967,0.0010183299389002036,0.017566191446028515,0.0007892057026476578,5.0916496945010185e-05,0.0,0.0,0.017973523421588596,0.0013238289205702647,0.0026985743380855396,0.0014765784114052953,0.003869653767820774,0.01789714867617108,0.009215885947046844,0.008681262729124237,0.015631364562118125,0.010539714867617109,0.029022403258655804,0.022225050916496944,0.04154786150712831,0.007917515274949084,0.022683299389002036,0.019322810590631366,0.023141547861507128,0.010310590631364563,0.03154276985743381,0.02484725050916497,0.06425661914460284,0.051578411405295316,0.022326883910386966,0.007637474541751527,0.0344959266802444,0.03441955193482688,0.012143584521384929,0.024974541751527496,0.030982688391038696,0.07436354378818737,0.04684317718940937,0.04119144602851324,0.03655804480651731,0.017515274949083504,0.012627291242362525,0.01789714867617108,0.010259674134419552,0.019170061099796333,0.021181262729124236,0.01970468431771894,0.013085539714867617,0.0004073319755600815,0.013441955193482688,0.0003564154786150713,0.0007892057026476578,0.010081466395112017,0.003029531568228106,0.013721995926680244,0.0,5.0916496945010185e-05,0.0,0.00043279022403258654,0.0,0.0,0.0,0.0,0.0,0.0,0.0012983706720977597,0.0,0.0,0.0,0.0,0.0,0.0,0.0,0.0,0.0,0.0,0.0,0.0,0.0,0.0,0.0,0.0,0.0,0.0,0.0,0.0,0.0,0.0,0.0,0.0,0.0,nan,nan,4.39297124600639,2.7981420905518037,nan,0.9159560869582257,0.034913907851111356,0.0,0.0,0.0,0.0,0.0,0.0,0.0,0.0,0.0,0.0,0.0,0.0,0.0,0.0,0.0,0.0,0.0,0.0,0.0,0.0,0.0,0.0,0.029850746268656723,0.05970149253731325,0.2985074626865672,1.4626865671641793,7.432835820895524,12.417910447761198,5.940298507462687,2.358208955223881,0.9131968422900648,0.034535730125315744,0.0,0.0,0.0,0.0,0.0,0.0,0.0,0.0,0.0,0.0,0.0,0.0,0.0,0.0,0.0,0.0,0.0,0.0,0.0,0.0,0.0,0.0,0.031282586027111585,0.06256517205422296,0.2815432742440042,2.2210636079249224,7.351407716371222,12.168925964546405,6.037539103232535,1.8456725755995833,0.401,0.0253,0.0,0.0,0.0,0.0,0.0,0.0,0.0,0.0,0.0,0.11940298507462689,2.8358208955223887,11.104477611940283,13.13432835820896,2.6567164179104483,0.1492537313432836,0.0,0.0,0.0,0.0,0.0,0.0,0.0,0.0,0.0,0.0,0.0,0.0,0.0,0.0,0.0,0.402,0.02443,0.0,0.0,0.0,0.0,0.0,0.0,0.0,0.0,0.0,0.09384775808133473,2.1584984358706993,11.480709071949931,13.482794577685093,2.6277372262773726,0.1564129301355579,0.0,0.0,0.0,0.0,0.0,0.0,0.0,0.0,0.0,0.0,0.0,0.0,0.0,0.0,0.0
5400,1789,920,0.514253773057574,437,346,0.43767467859139186,487,0.5444382336500838,0.482,2.996547756041427,3.0615078686061783,6.435294117647059,2.1554148437804095,6649.800000000003,2.7284841053187847e-12,6649.8,6649.8,6649.800000000002,1.8189894035458565e-12,6649.800000000001,9.094947017729282e-13,27.908887646730015,20.915921396188757,32.99531772575251,19.11732771281027,0.1442146450531023,0.10061486864169927,0.09390721073225265,0.08608160983789827,0.07098937954164337,0.07881498043599776,0.07043040804918949,0.05925097820011179,0.05254332029066518,0.05198434879821129,0.05366126327557295,0.048071548351034096,0.0368921185019564,0.021799888205701508,0.013974287311347122,0.009502515371716043,0.0072666294019005035,0.9126228252691287,0.033630776003116154,0.0,0.0,0.0,0.0,0.0,0.0,0.0,0.0,0.0,0.0,0.0,0.0,0.0,0.0,0.0,0.0,0.0,0.0,0.0,0.0,0.0,0.0,0.0,0.03353828954723299,0.35215204024594754,1.9452207937395198,8.300726662940193,11.47009502515372,6.187814421464506,1.7104527669088878,4.371627502175805,2.8911670433511025,nan,nan,nan,4.37389770723104,2.8848365002674186,4.364888123924269,2.897753809236861,0.9979401476875244,0.4036,0.02368,0.0,0.0,0.0,0.0,0.0,0.0,0.0,0.0,0.0,0.10061486864169929,1.8446059250978206,11.08440469536052,13.884851872554504,3.0352152040245954,0.050307434320849644,0.0,0.0,0.0,0.0,0.0,0.0,0.0,0.0,0.0,0.0,0.0,0.0,0.0,0.0,0.0,nan,nan,4.371627502175805,2.8911670433511025,nan,0.4036,0.10956,0.0,0.0,0.0,0.00022358859698155394,0.0,0.0,0.0,0.0006148686416992733,2.7948574622694243e-05,0.0003353828954723309,0.0006148686416992733,0.0011458915595304639,0.014924538848518725,0.0010620458356623813,0.0,0.0,0.0,0.017859139183901623,0.0013135830072666295,0.0028228060368921185,0.0006707657909446618,0.00368921185019564,0.016741196198993853,0.007294577976523197,0.010480715483510341,0.012325321408608161,0.011179429849077696,0.030799329234209055,0.020402459474566797,0.037646730016769145,0.00796534376746786,0.0198993851313583,0.02205142537730576,0.021855785354946897,0.013024035774175517,0.030072666294019005,0.029262157629960872,0.06411403018446059,0.049888205701509224,0.023085522638345443,0.008999441028507546,0.03644494130799329,0.032923420905533816,0.012465064281721632,0.02437115707098938,0.029373951928451648,0.07850754611514812,0.04927333705980995,0.04332029066517608,0.03714365567356065,0.01799888205701509,0.013471212968138625,0.01760760201229737,0.011542761319172722,0.018753493571827838,0.019284516489659027,0.022554499720514255,0.011123532699832309,0.00027948574622694243,0.010704304080491896,0.00016769144773616545,0.0005030743432084964,0.011598658468418111,0.0017607602012297372,0.014309670206819452,5.5897149245388485e-05,0.0,0.0,0.0013415315818893236,0.0,0.0,0.0,0.0,0.0,0.0,0.0007266629401900503,0.0,0.0,0.0,0.0,0.0,0.0,0.0,0.0,0.0,0.0,0.0,0.0,0.0,0.0,0.0,0.0,0.0,0.0,0.0,0.0,0.0,0.0,0.0,0.0,0.0,nan,nan,4.371627502175805,2.8911670433511025,nan,0.9119483509141466,0.03361638004103074,0.0,0.0,0.0,0.0,0.0,0.0,0.0,0.0,0.0,0.0,0.0,0.0,0.0,0.0,0.0,0.0,0.0,0.0,0.0,0.0,0.0,0.0,0.0,0.032608695652173815,0.39130434782608703,2.1195652173913047,8.054347826086959,11.869565217391306,5.934782608695653,1.597826086956522,0.9133368832744032,0.0336312727189356,0.0,0.0,0.0,0.0,0.0,0.0,0.0,0.0,0.0,0.0,0.0,0.0,0.0,0.0,0.0,0.0,0.0,0.0,0.0,0.0,0.0,0.0,0.0,0.03452243958573062,0.3107019562715766,1.7606444188722672,8.561565017261222,11.047180667433834,6.455696202531646,1.829689298043729,0.404,0.02379,0.0,0.0,0.0,0.0,0.0,0.0,0.0,0.0,0.0,0.13043478260869568,1.7608695652173918,11.249999999999984,13.46739130434783,3.3260869565217397,0.06521739130434784,0.0,0.0,0.0,0.0,0.0,0.0,0.0,0.0,0.0,0.0,0.0,0.0,0.0,0.0,0.0,0.4028,0.02354,0.0,0.0,0.0,0.0,0.0,0.0,0.0,0.0,0.0,0.06904487917146146,1.933256616800921,10.909090909090892,14.326812428078256,2.727272727272728,0.03452243958573073,0.0,0.0,0.0,0.0,0.0,0.0,0.0,0.0,0.0,0.0,0.0,0.0,0.0,0.0,0.0
5500,1816,908,0.5,434,360,0.43722466960352424,487,0.5363436123348018,0.494,3.064977973568282,3.1895282783322925,6.747169811320755,2.1315778347280068,6649.800000000001,9.094947017729282e-13,6649.8,6649.8,6649.800000000003,2.7284841053187847e-12,6649.800000000003,2.7284841053187847e-12,27.71035242290749,20.960651794835588,32.837516512549534,19.19065900483065,0.14537444933920704,0.098568281938326,0.10022026431718062,0.08314977973568281,0.07764317180616741,0.07654185022026432,0.05781938325991189,0.06938325991189427,0.06002202643171806,0.0473568281938326,0.05011013215859031,0.043502202643171804,0.028634361233480177,0.02477973568281938,0.02092511013215859,0.009361233480176211,0.006607929515418502,0.9108122818270444,0.03570904052675423,0.0,0.0,0.0,0.0,0.0,0.0,0.0,0.0,0.0,0.0,0.0,0.0,0.0,0.0,0.0,0.0,0.0,0.0,0.0,0.0,0.0,0.0,0.01651982378854626,0.09911894273127722,0.4955947136563878,2.29625550660793,8.34251101321586,11.233480176211456,5.64977973568282,1.8667400881057274,4.37870855148342,2.8924346901654965,nan,nan,nan,4.413005272407733,2.9062515977988865,4.344887348353553,2.8783442361716096,0.984564277663549,0.4023,0.02287,0.0,0.0,0.0,0.0,0.0,0.0,0.0,0.0,0.0,0.03303964757709252,1.7511013215859035,11.960352422907471,13.480176211453747,2.758810572687225,0.01651982378854626,0.0,0.0,0.0,0.0,0.0,0.0,0.0,0.0,0.0,0.0,0.0,0.0,0.0,0.0,0.0,nan,nan,4.37870855148342,2.8924346901654965,nan,0.4023,0.1085,0.0,0.0,0.0,0.00013766519823788548,0.0,0.0,0.0,0.0008259911894273128,0.0,0.0,0.00024779735682819385,0.002064977973568282,0.014895374449339208,0.000578193832599119,0.0,0.0,2.7533039647577094e-05,0.017566079295154184,0.001156387665198238,0.0029185022026431717,0.00022026431718061675,0.0028083700440528635,0.014620044052863436,0.00861784140969163,0.010958149779735683,0.012142070484581498,0.008920704845814979,0.034526431718061676,0.020512114537444934,0.03733480176211454,0.010242290748898679,0.020016519823788548,0.020044052863436124,0.02508259911894273,0.012720264317180617,0.029790748898678415,0.031938325991189426,0.06313325991189428,0.04776982378854625,0.027670704845814978,0.010848017621145374,0.0381057268722467,0.03138766519823789,0.014069383259911894,0.02340308370044053,0.027946035242290748,0.07466960352422908,0.04911894273127753,0.04281387665198238,0.040556167400881055,0.01836453744493392,0.011288546255506607,0.016850220264317182,0.01316079295154185,0.017731277533039647,0.019933920704845814,0.02150330396475771,0.009251101321585903,0.00011013215859030837,0.009333700440528635,0.0007984581497797356,0.00016519823788546255,0.01071035242290749,0.0013215859030837004,0.01495044052863436,2.7533039647577094e-05,2.7533039647577094e-05,0.0,0.0014592511013215858,0.0,0.0,0.0,0.0,0.0,0.0,0.000605726872246696,0.0,0.0,0.0,0.0,0.0,0.0,0.0,0.0,0.0,0.0,0.0,0.0,0.0,0.0,0.0,0.0,0.0,0.0,0.0,0.0,0.0,0.0,0.0,0.0,0.0,nan,nan,4.37870855148342,2.8924346901654965,nan,0.9114842155562624,0.0348928626179585,0.0,0.0,0.0,0.0,0.0,0.0,0.0,0.0,0.0,0.0,0.0,0.0,0.0,0.0,0.0,0.0,0.0,0.0,0.0,0.0,0.0,0.0,0.0,0.06607929515418481,0.4955947136563878,2.2797356828193838,8.259911894273129,11.43171806167401,5.616740088105728,1.850220264317181,0.9101403480978264,0.03649460643895346,0.0,0.0,0.0,0.0,0.0,0.0,0.0,0.0,0.0,0.0,0.0,0.0,0.0,0.0,0.0,0.0,0.0,0.0,0.0,0.0,0.0,0.0,0.03303964757709252,0.13215859030836963,0.4955947136563878,2.312775330396476,8.425110132158592,11.0352422907489,5.682819383259913,1.8832599118942737,0.4016,0.02324,0.0,0.0,0.0,0.0,0.0,0.0,0.0,0.0,0.0,0.06607929515418504,1.916299559471366,12.09251101321584,13.215859030837006,2.676211453744494,0.03303964757709252,0.0,0.0,0.0,0.0,0.0,0.0,0.0,0.0,0.0,0.0,0.0,0.0,0.0,0.0,0.0,0.4033,0.02248,0.0,0.0,0.0,0.0,0.0,0.0,0.0,0.0,0.0,0.0,1.5859030837004409,11.828193832599101,13.744493392070488,2.8414096916299565,0.0,0.0,0.0,0.0,0.0,0.0,0.0,0.0,0.0,0.0,0.0,0.0,0.0,0.0,0.0,0.0
5600,2024,1062,0.5247035573122529,507,399,0.44762845849802374,557,0.5503952569169961,0.482,3.185031185031185,3.209436523018533,6.887719298245614,1.9234535985481762,6649.800000000002,1.8189894035458565e-12,6649.8,6649.8,6649.800000000001,9.094947017729282e-13,6649.800000000002,1.8189894035458565e-12,27.150691699604742,20.621123890556834,32.223145400593474,18.88264707165986,0.1492094861660079,0.10177865612648221,0.08843873517786562,0.0983201581027668,0.07806324110671936,0.07015810276679842,0.07262845849802371,0.06669960474308301,0.053853754940711464,0.051877470355731224,0.04841897233201581,0.038537549407114624,0.02766798418972332,0.022727272727272728,0.01432806324110672,0.007905138339920948,0.009387351778656126,0.9105781343261243,0.0358135270862951,0.0,0.0,0.0,0.0,0.0,0.0,0.0,0.0,0.0,0.0,0.0,0.0,0.0,0.0,0.0,0.0,0.0,0.0,0.0,0.0,0.0,0.0,0.04446640316205534,0.14822134387351735,0.4298418972332017,2.3418972332015815,8.018774703557314,11.72430830039526,5.587944664031621,1.704545454545455,4.501178318931657,2.948397281552762,nan,nan,nan,4.477519379844961,2.8738122672329935,4.525477707006369,3.0228936333078,1.0107109144803008,0.4028,0.02403,0.0,0.0,0.0,0.0,0.0,0.0,0.0,0.0,0.0,0.08893280632411069,1.9416996047430835,11.501976284584964,13.473320158102771,2.9199604743083007,0.07411067193675891,0.0,0.0,0.0,0.0,0.0,0.0,0.0,0.0,0.0,0.0,0.0,0.0,0.0,0.0,0.0,nan,nan,4.501178318931657,2.948397281552762,nan,0.4028,0.10925,0.0,0.0,0.0,0.0,0.0,0.0,0.0,0.0006175889328063241,0.0,4.940711462450593e-05,7.41106719367589e-05,0.0017786561264822134,0.015266798418972332,0.001383399209486166,2.4703557312252964e-05,4.940711462450593e-05,2.4703557312252964e-05,0.019046442687747037,0.0004940711462450593,0.0032114624505928855,0.0003952569169960474,0.002025691699604743,0.013241106719367589,0.007855731225296442,0.01116600790513834,0.012821146245059289,0.007979249011857708,0.033102766798418976,0.022603754940711464,0.0403903162055336,0.009313241106719368,0.02215909090909091,0.020034584980237153,0.023394268774703558,0.013636363636363636,0.03107707509881423,0.028137351778656127,0.06415513833992095,0.04441699604743083,0.026803359683794468,0.012154150197628458,0.038117588932806326,0.03295454545454545,0.013265810276679842,0.023295454545454546,0.03144762845849802,0.07243083003952569,0.047060276679841896,0.04273715415019763,0.03937747035573123,0.017465415019762846,0.010696640316205534,0.014352766798418973,0.013611660079051383,0.01924407114624506,0.02109683794466403,0.020281620553359685,0.012376482213438735,2.4703557312252964e-05,0.00825098814229249,0.0017786561264822134,0.00024703557312252963,0.010869565217391304,0.0015810276679841897,0.016625494071146246,0.0,0.0,0.0,0.0017539525691699605,0.0,0.0,0.0,0.0,0.0,0.0,0.00017292490118577076,0.0,0.0,0.0,0.0,0.0,0.0,0.0,0.0,0.0,0.0,0.0,0.0,0.0,0.0,0.0,0.0,0.0,0.0,0.0,0.0,0.0,0.0,0.0,0.0,0.0,nan,nan,4.501178318931657,2.948397281552762,nan,0.911254000865807,0.03708142389905673,0.0,0.0,0.0,0.0,0.0,0.0,0.0,0.0,0.0,0.0,0.0,0.0,0.0,0.0,0.0,0.0,0.0,0.0,0.0,0.0,0.0,0.0,0.08474576271186442,0.19774011299434965,0.3954802259887007,2.344632768361582,7.740112994350284,11.355932203389832,5.9887005649717535,1.8926553672316389,0.9098320113893854,0.03434409786595253,0.0,0.0,0.0,0.0,0.0,0.0,0.0,0.0,0.0,0.0,0.0,0.0,0.0,0.0,0.0,0.0,0.0,0.0,0.0,0.0,0.0,0.0,0.0,0.09355509355509325,0.4677754677754679,2.338877338877339,8.326403326403328,12.130977130977133,5.145530145530146,1.4968814968814972,0.4033,0.02406,0.0,0.0,0.0,0.0,0.0,0.0,0.0,0.0,0.0,0.14124293785310738,1.6949152542372885,11.412429378531057,13.276836158192094,3.389830508474577,0.08474576271186442,0.0,0.0,0.0,0.0,0.0,0.0,0.0,0.0,0.0,0.0,0.0,0.0,0.0,0.0,0.0,0.402,0.02397,0.0,0.0,0.0,0.0,0.0,0.0,0.0,0.0,0.0,0.031185031185031194,2.2141372141372146,11.600831600831583,13.690228690228693,2.4012474012474017,0.06237006237006239,0.0,0.0,0.0,0.0,0.0,0.0,0.0,0.0,0.0,0.0,0.0,0.0,0.0,0.0,0.0
5700,2182,1100,0.5041246562786434,500,473,0.4459211732355637,611,0.5600366636113657,0.44999999999999996,2.9038817005545288,3.0012326021205222,6.509868421052632,2.0196162959054824,6649.800000000001,9.094947017729282e-13,6649.8,6649.8,6649.800000000002,1.8189894035458565e-12,6649.800000000001,9.094947017729282e-13,27.676901924839598,20.722150547361668,32.36585365853659,19.10268995630354,0.13336388634280477,0.10724106324472961,0.0930339138405133,0.0847846012832264,0.08661778185151238,0.08249312557286893,0.0692025664527956,0.06874427131072411,0.044454628780934924,0.05178735105407883,0.04216315307057745,0.03712190650779102,0.03895508707607699,0.026581118240146653,0.018790100824931256,0.01008249312557287,0.00458295142071494,0.909027788067607,0.03566805894479244,0.0,0.0,0.0,0.0,0.0,0.0,0.0,0.0,0.0,0.0,0.0,0.0,0.0,0.0,0.0,0.0,0.0,0.0,0.0,0.0,0.0,0.0,0.02749770852428965,0.123739688359303,0.5637030247479378,2.3785517873510544,8.331805682859763,11.755270394133825,5.2658111824014675,1.5536205316223652,4.2829650748396295,2.834551968968228,nan,nan,nan,4.285917496443812,2.8050783512218165,4.28,2.8638435711469996,0.9986193162960506,0.4,0.02412,0.0,0.0,0.0,0.0,0.0,0.0,0.0,0.0,0.013748854262144825,0.08249312557286895,2.392300641613199,12.566452795600348,12.387717690192487,2.5297891842346476,0.02749770852428965,0.0,0.0,0.0,0.0,0.0,0.0,0.0,0.0,0.0,0.0,0.0,0.0,0.0,0.0,0.0,nan,nan,4.2829650748396295,2.834551968968228,nan,0.4,0.1103,0.0,0.0,0.0,0.0,0.0,0.0,0.0,0.00043538038496791933,0.0,0.0,0.0,0.001764436296975252,0.0192025664527956,0.0006416131989000917,2.2914757103574703e-05,0.0,2.2914757103574703e-05,0.01924839596700275,0.00027497708524289643,0.0033455545371219066,0.0006416131989000917,0.0016498625114573786,0.012740604949587534,0.008157653528872594,0.009830430797433547,0.01423006416131989,0.010265811182401467,0.032974335472043995,0.02568744271310724,0.04360678276810266,0.009784601283226398,0.023418881759853346,0.021035747021081578,0.023762603116406968,0.012694775435380385,0.028712190650779103,0.025893675527039414,0.06741521539871677,0.04486709440879927,0.024014665444546286,0.011617781851512373,0.03806141154903758,0.03480751604032997,0.01306141154903758,0.02525206232813932,0.0312557286892759,0.06741521539871677,0.0484647112740605,0.04303391384051329,0.03166819431714024,0.019408799266727773,0.009074243813015583,0.014894592117323557,0.010953253895508708,0.020004582951420716,0.02011915673693859,0.020577451879010084,0.013771769019248396,4.5829514207149406e-05,0.007516040329972502,0.0031393217231897343,0.0005728689275893675,0.01033455545371219,0.0010999083409715857,0.015329972502291477,0.0,2.2914757103574703e-05,0.0,0.0017873510540788267,0.0,0.0,0.0,0.0,0.0,0.0,0.00036663611365719525,0.0,0.0,0.0,0.0,0.0,0.0,0.0,0.0,0.0,0.0,0.0,0.0,0.0,0.0,0.0,0.0,0.0,0.0,0.0,0.0,0.0,0.0,0.0,0.0,0.0,nan,nan,4.2829650748396295,2.834551968968228,nan,0.9087452065944671,0.03538862982965209,0.0,0.0,0.0,0.0,0.0,0.0,0.0,0.0,0.0,0.0,0.0,0.0,0.0,0.0,0.0,0.0,0.0,0.0,0.0,0.0,0.0,0.0,0.05454545454545456,0.08181818181818155,0.6272727272727274,2.454545454545455,8.072727272727274,12.054545454545458,5.290909090909092,1.3636363636363638,0.9093150705264368,0.035947633228847725,0.0,0.0,0.0,0.0,0.0,0.0,0.0,0.0,0.0,0.0,0.0,0.0,0.0,0.0,0.0,0.0,0.0,0.0,0.0,0.0,0.0,0.0,0.0,0.1663585951940845,0.4990757855822552,2.3012939001848434,8.595194085027728,11.451016635859522,5.240295748613679,1.7467652495378931,0.3997,0.02426,0.0,0.0,0.0,0.0,0.0,0.0,0.0,0.0,0.02727272727272728,0.10909090909090911,2.6181818181818186,12.2181818181818,12.518181818181821,2.454545454545455,0.05454545454545456,0.0,0.0,0.0,0.0,0.0,0.0,0.0,0.0,0.0,0.0,0.0,0.0,0.0,0.0,0.0,0.4001,0.02399,0.0,0.0,0.0,0.0,0.0,0.0,0.0,0.0,0.0,0.055452865064695024,2.1626617375231056,12.920517560073918,12.2550831792976,2.606284658040666,0.0,0.0,0.0,0.0,0.0,0.0,0.0,0.0,0.0,0.0,0.0,0.0,0.0,0.0,0.0,0.0
5800,2087,1020,0.48873981792046,476,461,0.44896981312889317,596,0.5711547676090082,0.46599999999999997,2.872539831302718,3.0043182630874004,6.321875,2.0123422880750184,6649.800000000002,1.8189894035458565e-12,6649.8,6649.8,6649.800000000002,1.8189894035458565e-12,6649.800000000001,9.094947017729282e-13,28.455678006708194,20.730382396278582,33.458689458689456,18.79064074157831,0.1370388116914231,0.09487302347867753,0.08001916626736943,0.09391471011020604,0.0776233828461907,0.08049832295160518,0.0689985625299473,0.058936272160996644,0.06085289889793963,0.0584571154767609,0.04983229516051749,0.045040728318160035,0.041207474844274075,0.021082894106372783,0.018687110685194058,0.007666506947771922,0.005270723526593196,0.9102319372459982,0.03630877766466633,0.0,0.0,0.0,0.0,0.0,0.0,0.0,0.0,0.0,0.0,0.0,0.0,0.0,0.0,0.0,0.0,0.0,0.0,0.0,0.0,0.0,0.0,0.043124101581217066,0.05749880210828923,0.646861523718256,2.1562050790608533,8.53857211308098,11.399137517968377,5.232390991854337,1.9262098706276958,4.250722543352601,2.859423028508686,nan,nan,nan,4.166910688140557,2.8605900397689195,4.325714285714286,2.852501945124451,1.0381106314627044,0.3992,0.02374,0.0,0.0,0.0,0.0,0.0,0.0,0.0,0.0,0.0,0.15812170579779591,2.228078581696215,12.735984666986086,12.707235265931963,2.1274556780067084,0.043124101581217066,0.0,0.0,0.0,0.0,0.0,0.0,0.0,0.0,0.0,0.0,0.0,0.0,0.0,0.0,0.0,nan,nan,4.250722543352601,2.859423028508686,nan,0.3992,0.1098,0.0,0.0,0.0,0.0,0.0,0.0,0.0,0.0007666506947771922,0.0,0.0,0.0,0.0020124580737901293,0.01701006229036895,0.0005749880210828941,0.0,9.583133684714902e-05,0.00019166267369429804,0.019885002395783422,0.00011978917105893628,0.003569717297556301,0.0005031145184475323,0.0009583133684714902,0.012434115955917585,0.00812170579779588,0.011044561571633924,0.015213224724484907,0.009750838524197412,0.0345951126018208,0.027024436990896024,0.0390991854336368,0.010373742213703881,0.023526593195975085,0.0206756109247724,0.022640153330138954,0.012625778629611882,0.029036895064686152,0.03107331097268807,0.07522759942501198,0.04341159559175851,0.020220412074748444,0.011859127934834691,0.041614758025874464,0.0317680881648299,0.010900814566363201,0.026281744130330617,0.032151413512218494,0.0650455198850024,0.050119789171058936,0.04029707714422616,0.032151413512218494,0.02034020124580738,0.008265452803066602,0.013632007666506948,0.011978917105893628,0.019956875898418783,0.017968375658840442,0.018830857690464782,0.014590321034978438,0.0,0.007738380450407283,0.0027791087685673215,0.00019166267369429804,0.009631049353138476,0.001317680881648299,0.016171538092956395,0.0,0.0,7.187350263536177e-05,0.0021082894106372783,0.0,0.0,0.0,0.0,0.0,0.0,0.0004551988500239578,0.0,0.0,0.0,0.0,0.0,0.0,0.0,0.0,0.0,0.0,0.0,0.0,0.0,0.0,0.0,0.0,0.0,0.0,0.0,0.0,0.0,0.0,0.0,0.0,0.0,nan,nan,4.250722543352601,2.859423028508686,nan,0.9097241652362487,0.035970769840551434,0.0,0.0,0.0,0.0,0.0,0.0,0.0,0.0,0.0,0.0,0.0,0.0,0.0,0.0,0.0,0.0,0.0,0.0,0.0,0.0,0.0,0.0,0.05882352941176472,0.029411764705882262,0.8529411764705884,1.8235294117647063,8.647058823529413,11.676470588235295,5.294117647058824,1.6176470588235299,0.9107173425411664,0.03662239939714906,0.0,0.0,0.0,0.0,0.0,0.0,0.0,0.0,0.0,0.0,0.0,0.0,0.0,0.0,0.0,0.0,0.0,0.0,0.0,0.0,0.0,0.0,0.028116213683224,0.08434864104967171,0.449859418931584,2.474226804123712,8.434864104967199,11.134020618556702,5.173383317713215,2.221180880974696,0.3984,0.02396,0.0,0.0,0.0,0.0,0.0,0.0,0.0,0.0,0.0,0.26470588235294124,2.2647058823529416,12.882352941176453,12.617647058823533,1.9411764705882357,0.02941176470588236,0.0,0.0,0.0,0.0,0.0,0.0,0.0,0.0,0.0,0.0,0.0,0.0,0.0,0.0,0.0,0.4001,0.02351,0.0,0.0,0.0,0.0,0.0,0.0,0.0,0.0,0.0,0.056232427366448,2.193064667291472,12.59606373008433,12.79287722586692,2.3055295220243677,0.056232427366448,0.0,0.0,0.0,0.0,0.0,0.0,0.0,0.0,0.0,0.0,0.0,0.0,0.0,0.0,0.0
5900,2149,1108,0.5155886458818055,513,445,0.4457887389483481,602,0.5602605863192183,0.474,3.011527377521614,3.0666408246838146,6.54421768707483,2.1435912790595033,6649.800000000001,9.094947017729282e-13,6649.8,6649.8,6649.800000000001,9.094947017729282e-13,6649.800000000002,1.8189894035458565e-12,27.762214983713356,20.854003924698354,32.7769744160178,19.109653238824954,0.14006514657980457,0.10144253140995813,0.08701721731037693,0.09678920428106096,0.08562121917170777,0.06281991624011168,0.06747324336900884,0.07631456491391345,0.05537459283387622,0.04792926942764077,0.043741275011633315,0.04094927873429502,0.03257328990228013,0.026989297347603535,0.01675197766402978,0.011633317822242903,0.006514657980456026,0.9123001223722133,0.03424900583661585,0.0,0.0,0.0,0.0,0.0,0.0,0.0,0.0,0.0,0.0,0.0,0.0,0.0,0.0,0.0,0.0,0.0,0.0,0.0,0.0,0.0,0.0,0.013959981386691488,0.05583992554676576,0.3908794788273617,2.0102373196835743,8.026989297347605,12.312703583061893,5.262912982782691,1.9264774313634252,4.3805374001452435,2.8187305870266446,nan,nan,nan,4.188790560471976,2.7852950380095196,4.5665236051502145,2.838438551077173,1.0901771141872696,0.3984,0.02383,0.0,0.0,0.0,0.0,0.0,0.0,0.0,0.0,0.0,0.08375988832014893,2.8199162401116804,12.577943229409009,12.354583527221967,2.1079571893904148,0.05583992554676595,0.0,0.0,0.0,0.0,0.0,0.0,0.0,0.0,0.0,0.0,0.0,0.0,0.0,0.0,0.0,nan,nan,4.3805374001452435,2.8187305870266446,nan,0.3984,0.10913,0.0,0.0,0.0,0.0,0.0,0.0,0.0,0.0008375988832014891,0.00023266635644485808,0.0,4.653327128897162e-05,0.0020241973010702652,0.01603071195905072,0.0002791996277338297,0.0,2.326663564448581e-05,0.00016286644951140066,0.018217775709632386,0.0002559329920893439,0.005025593299208935,0.0002559329920893439,0.0008608655188459749,0.012447650069799907,0.00777105630525826,0.011307584923220102,0.012936249418334109,0.01037691949744067,0.03790134946486738,0.02664029781293625,0.036319218241042346,0.011540251279664961,0.02724523033969288,0.02208003722661703,0.024267100977198697,0.015472312703583062,0.02964169381107492,0.028385295486272687,0.07815262912982783,0.04067007910656119,0.019171707771056305,0.0144253140995812,0.0395067473243369,0.030944625407166124,0.011284318287575616,0.026896230805025595,0.03348068869241508,0.06610051186598417,0.047580269892973474,0.037761749651000466,0.03285248953001396,0.01747324336900884,0.008166589111214519,0.015216379711493718,0.012936249418334109,0.02203350395532806,0.016053978594695206,0.016216845044206608,0.014378780828292229,2.326663564448581e-05,0.007142857142857143,0.0035597952536063284,0.0003489995346672871,0.008631921824104235,0.0012563983248022337,0.016240111679851094,2.326663564448581e-05,2.326663564448581e-05,0.0,0.0025825965565379246,0.0,0.0,0.0,0.0,0.0,0.0,0.0002791996277338297,0.0,0.0,0.0,0.0,0.0,0.0,0.0,0.0,0.0,0.0,0.0,0.0,0.0,0.0,0.0,0.0,0.0,0.0,0.0,0.0,0.0,0.0,0.0,0.0,0.0,nan,nan,4.3805374001452435,2.8187305870266446,nan,0.9114374347326988,0.03451191640334294,0.0,0.0,0.0,0.0,0.0,0.0,0.0,0.0,0.0,0.0,0.0,0.0,0.0,0.0,0.0,0.0,0.0,0.0,0.0,0.0,0.0,0.0,0.0,0.027075812274368147,0.4332129963898918,2.3014440433213,8.068592057761734,11.99458483754513,5.306859205776174,1.8682310469314083,0.9132183336158078,0.03394285884402294,0.0,0.0,0.0,0.0,0.0,0.0,0.0,0.0,0.0,0.0,0.0,0.0,0.0,0.0,0.0,0.0,0.0,0.0,0.0,0.0,0.0,0.0,0.028818443804034588,0.08645533141210347,0.34582132564841506,1.7002881844380409,7.982708933717581,12.651296829971185,5.21613832853026,1.9884726224783866,0.3982,0.02383,0.0,0.0,0.0,0.0,0.0,0.0,0.0,0.0,0.0,0.08122743682310471,2.9241877256317697,12.833935018050523,12.021660649819498,2.057761732851986,0.08122743682310471,0.0,0.0,0.0,0.0,0.0,0.0,0.0,0.0,0.0,0.0,0.0,0.0,0.0,0.0,0.0,0.3987,0.02382,0.0,0.0,0.0,0.0,0.0,0.0,0.0,0.0,0.0,0.08645533141210376,2.708933717579251,12.305475504322748,12.708933717579255,2.1613832853025943,0.028818443804034588,0.0,0.0,0.0,0.0,0.0,0.0,0.0,0.0,0.0,0.0,0.0,0.0,0.0,0.0,0.0
6000,2195,1126,0.5129840546697039,524,457,0.4469248291571754,626,0.5703872437357631,0.482,3.0046772684752105,3.0325605351119456,6.433021806853582,2.016141999807402,6649.800000000001,9.094947017729282e-13,6649.8,6649.8,6649.800000000001,9.094947017729282e-13,6649.800000000001,9.094947017729282e-13,28.0373576309795,20.722583904486388,32.67400644468314,19.076772953855002,0.13120728929384967,0.10933940774487472,0.08838268792710706,0.08519362186788156,0.0856492027334852,0.07562642369020502,0.06879271070615034,0.06605922551252848,0.055125284738041,0.05193621867881549,0.04874715261958998,0.04009111617312073,0.03416856492027335,0.024145785876993165,0.018223234624145785,0.01275626423690205,0.004555808656036446,0.9110825416438944,0.035226773733685136,0.0,0.0,0.0,0.0,0.0,0.0,0.0,0.0,0.0,0.0,0.0,0.0,0.0,0.0,0.0,0.0,0.0,0.0,0.0,0.0,0.0,0.0,0.013667425968109343,0.05466970387243719,0.4236902050113896,2.241457858769932,8.542141230068339,11.261958997722099,5.671981776765377,1.790432801822324,4.323303009097271,2.8712315503409407,nan,nan,nan,4.372714486638538,2.9006596710892385,4.274373259052925,2.8409433061985285,0.9775102564125536,0.3967,0.0224,0.0,0.0,0.0,0.0,0.0,0.0,0.0,0.0,0.0,0.0956719817767654,2.7334851936218683,13.831435079726631,11.972665148063784,1.3257403189066062,0.041002277904328026,0.0,0.0,0.0,0.0,0.0,0.0,0.0,0.0,0.0,0.0,0.0,0.0,0.0,0.0,0.0,nan,nan,4.323303009097271,2.8712315503409407,nan,0.3967,0.1088,0.0,0.0,0.0,0.0,0.0,0.0,0.0,0.00029612756264236903,0.00031890660592255127,0.0,0.0,0.0012984054669703871,0.01712984054669704,0.0001366742596810934,2.2779043280182233e-05,0.0,6.83371298405467e-05,0.018815489749430522,0.0001366742596810934,0.005079726651480638,0.0003416856492027335,0.0008200455580865604,0.014328018223234625,0.009498861047835991,0.010045558086560364,0.01255125284738041,0.00968109339407745,0.03963553530751709,0.02612756264236902,0.04082004555808656,0.010455580865603645,0.028564920273348518,0.019726651480637812,0.024646924829157174,0.018132118451025057,0.030615034168564922,0.027904328018223234,0.07419134396355354,0.039977220956719815,0.020341685649202735,0.014555808656036447,0.03977220956719818,0.029863325740318906,0.010569476082004555,0.027266514806378133,0.03633257403189066,0.0664009111617312,0.04685649202733485,0.03956719817767654,0.03248291571753986,0.017904328018223236,0.007927107061503416,0.010751708428246014,0.011366742596810933,0.022710706150341684,0.015056947608200456,0.014259681093394077,0.015444191343963553,2.2779043280182233e-05,0.006241457858769932,0.0038041002277904327,0.00045558086560364467,0.008633257403189066,0.0015489749430523919,0.016378132118451023,2.2779043280182233e-05,0.0,0.0,0.002072892938496583,0.0,0.0,0.0,0.0,0.0,0.0,2.2779043280182233e-05,0.0,0.0,0.0,0.0,0.0,0.0,0.0,0.0,0.0,0.0,0.0,0.0,0.0,0.0,0.0,0.0,0.0,0.0,0.0,0.0,0.0,0.0,0.0,0.0,0.0,nan,nan,4.323303009097271,2.8712315503409407,nan,0.910267661985665,0.03468764697048773,0.0,0.0,0.0,0.0,0.0,0.0,0.0,0.0,0.0,0.0,0.0,0.0,0.0,0.0,0.0,0.0,0.0,0.0,0.0,0.0,0.0,0.0,0.026642984014209597,0.05328596802841902,0.3730017761989344,2.3978685612788637,8.499111900532862,11.642984014209596,5.381882770870338,1.6252220248667855,0.9119408713868001,0.03576579324873554,0.0,0.0,0.0,0.0,0.0,0.0,0.0,0.0,0.0,0.0,0.0,0.0,0.0,0.0,0.0,0.0,0.0,0.0,0.0,0.0,0.0,0.0,0.0,0.05612722170252555,0.47708138447146875,2.076707202993452,8.587464920486438,10.860617399438729,5.977549111318991,1.9644527595884007,0.3965,0.02232,0.0,0.0,0.0,0.0,0.0,0.0,0.0,0.0,0.0,0.053285968028419194,3.037300177619894,13.507992895204243,12.042628774422738,1.30550621669627,0.053285968028419194,0.0,0.0,0.0,0.0,0.0,0.0,0.0,0.0,0.0,0.0,0.0,0.0,0.0,0.0,0.0,0.3967,0.02248,0.0,0.0,0.0,0.0,0.0,0.0,0.0,0.0,0.0,0.14031805425631433,2.4134705332086064,14.172123479887725,11.898971000935457,1.3470533208606177,0.02806361085126287,0.0,0.0,0.0,0.0,0.0,0.0,0.0,0.0,0.0,0.0,0.0,0.0,0.0,0.0,0.0
6100,2339,1154,0.493373236425823,547,494,0.4450619923044036,670,0.572894399315947,0.46199999999999997,2.8936708860759492,3.0689134859932152,6.563291139240507,2.11215153459958,6649.800000000001,9.094947017729282e-13,6649.8,6649.8,6649.800000000001,9.094947017729282e-13,6649.800000000002,1.8189894035458565e-12,27.31936725096195,20.823310850101468,32.5,19.065466648828455,0.14749893116716545,0.10602821718683197,0.09619495510902094,0.08294142796066695,0.08251389482684908,0.0645575032064985,0.0748182984181274,0.06669516887558785,0.05771697306541257,0.04446344591705857,0.04660111158614793,0.03762291577597264,0.0367678495083369,0.01966652415562206,0.01838392475416845,0.010688328345446772,0.006840530141085934,0.9087559586409168,0.036310592086071014,0.0,0.0,0.0,0.0,0.0,0.0,0.0,0.0,0.0,0.0,0.0,0.0,0.0,0.0,0.0,0.0,0.0,0.0,0.0,0.0,0.0,0.0,0.02565198802907226,0.0897819581017526,0.7054296707994872,2.578024796921762,8.195810175288587,11.76143651132963,4.835399743480121,1.8084651560495941,4.369946091644205,2.869805115109934,nan,nan,nan,4.402906208718626,2.9022183485379336,4.3347107438016526,2.837098120047513,0.9845112610434597,0.3953,0.02342,0.0,0.0,0.0,0.0,0.0,0.0,0.0,0.0,0.0,0.10260795211628904,3.386062419837538,13.890551517742605,11.13296280461736,1.4365113296280465,0.05130397605814452,0.0,0.0,0.0,0.0,0.0,0.0,0.0,0.0,0.0,0.0,0.0,0.0,0.0,0.0,0.0,nan,nan,4.369946091644205,2.869805115109934,nan,0.3953,0.1086,0.0,0.0,0.0,0.0,0.0,0.0,0.0,0.00029927319367250964,0.0002778965369816161,0.0,0.0,0.0006199230440359128,0.020222317229585292,6.412997007268063e-05,0.0,0.0,0.0005771697306541257,0.016609662248824285,0.00012825994014536125,0.006477126977340744,0.00036340316374519025,0.0010688328345446773,0.013296280461735784,0.012548097477554511,0.00897819581017529,0.011842667806755023,0.01043180846515605,0.037280889268918344,0.025181701581872596,0.0393971782813168,0.00976913210773835,0.02689183411714408,0.018127404873877727,0.027618640444634458,0.021269773407439078,0.03215049166310389,0.028366823428815732,0.07291577597263788,0.04313809320222317,0.02195382642154767,0.013253527148353997,0.037751175716117996,0.0321077383497221,0.011115861479264643,0.0248396750748183,0.03890551517742625,0.06690893544249679,0.045339888841385206,0.03764429243266353,0.036639589568191536,0.017699871740059856,0.008892689183411715,0.010773834972210346,0.011628901239846088,0.020329200513039762,0.013488670371953827,0.012248824283882001,0.015006412997007269,0.00014963659683625482,0.004745617785378367,0.0026079521162890125,0.0008550662676357417,0.00778110303548525,0.0020735356990166736,0.016759298845660537,0.0,0.0,0.0,0.002436938862761864,0.0,0.00014963659683625482,0.0,0.0,0.0,0.0,0.0,0.0,0.0,0.0,0.0,0.0,0.0,0.0,0.0,0.0,0.0,0.0,0.0,0.0,0.0,0.0,0.0,0.0,0.0,0.0,0.0,0.0,0.0,0.0,0.0,0.0,nan,nan,4.369946091644205,2.869805115109934,nan,0.9086214296739271,0.03690980366769878,0.0,0.0,0.0,0.0,0.0,0.0,0.0,0.0,0.0,0.0,0.0,0.0,0.0,0.0,0.0,0.0,0.0,0.0,0.0,0.0,0.0,0.0,0.05199306759098788,0.05199306759098771,0.8058925476603122,2.5996533795493937,8.084922010398616,11.67244367417678,4.939341421143848,1.7937608318890819,0.9088869682847196,0.03571690877363894,0.0,0.0,0.0,0.0,0.0,0.0,0.0,0.0,0.0,0.0,0.0,0.0,0.0,0.0,0.0,0.0,0.0,0.0,0.0,0.0,0.0,0.0,0.0,0.12658227848101228,0.6075949367088609,2.556962025316456,8.303797468354432,11.848101265822788,4.734177215189874,1.8227848101265827,0.3955,0.02359,0.0,0.0,0.0,0.0,0.0,0.0,0.0,0.0,0.0,0.12998266897746968,3.2495667244367428,14.14211438474868,10.710571923743505,1.6897746967071061,0.07798960138648181,0.0,0.0,0.0,0.0,0.0,0.0,0.0,0.0,0.0,0.0,0.0,0.0,0.0,0.0,0.0,0.3953,0.02327,0.0,0.0,0.0,0.0,0.0,0.0,0.0,0.0,0.0,0.07594936708860761,3.518987341772153,13.645569620253145,11.544303797468357,1.189873417721519,0.025316455696202538,0.0,0.0,0.0,0.0,0.0,0.0,0.0,0.0,0.0,0.0,0.0,0.0,0.0,0.0,0.0
6200,2504,1282,0.5119808306709265,564,530,0.43690095846645366,710,0.5670926517571885,0.44999999999999996,2.9525368248772503,3.0451118748704435,6.43952802359882,2.1213275220258545,6649.800000000002,1.8189894035458565e-12,6649.8,6649.8,6649.800000000001,9.094947017729282e-13,6649.800000000001,9.094947017729282e-13,27.85223642172524,20.927336322177958,32.74299287410926,19.2423962728298,0.14057507987220447,0.10063897763578275,0.09704472843450479,0.08905750798722045,0.07787539936102236,0.0742811501597444,0.07068690095846646,0.05830670926517572,0.054313099041533544,0.051118210862619806,0.04712460063897764,0.041932907348242815,0.035942492012779555,0.025559105431309903,0.017971246006389777,0.013178913738019169,0.00439297124600639,0.9073316020230515,0.035086942381397285,0.0,0.0,0.0,0.0,0.0,0.0,0.0,0.0,0.0,0.0,0.0,0.0,0.0,0.0,0.0,0.0,0.0,0.0,0.0,0.0,0.0,0.0,0.0,0.16773162939297073,0.6110223642172525,2.348242811501598,9.093450479233228,11.453674121405754,4.996006389776359,1.3298722044728437,4.294117647058823,2.791656250678782,nan,nan,nan,4.394278606965174,2.8010334095087353,4.192695214105793,2.7784519982540243,0.9541259417325383,0.3965,0.02333,0.0,0.0,0.0,0.0,0.0,0.0,0.0,0.0,0.0,0.10782747603833868,3.0311501597444095,13.454472843450459,11.74121405750799,1.6653354632587862,0.0,0.0,0.0,0.0,0.0,0.0,0.0,0.0,0.0,0.0,0.0,0.0,0.0,0.0,0.0,0.0,nan,nan,4.294117647058823,2.791656250678782,nan,0.3965,0.1088,0.0,0.0,0.0,0.0,0.0,0.0,0.0,0.0002795527156549521,0.00011980830670926518,0.0,0.0,0.0006789137380191693,0.02134584664536741,0.0,0.0,7.987220447284345e-05,0.0008386581469648562,0.015834664536741216,0.0001597444089456869,0.006809105431309904,0.0006389776357827476,0.0011980830670926517,0.0125,0.012460063897763577,0.008885782747603833,0.011841054313099042,0.009345047923322684,0.035063897763578274,0.02551916932907348,0.036162140575079875,0.008446485623003194,0.02661741214057508,0.019129392971246006,0.028554313099041533,0.020287539936102238,0.029772364217252396,0.027695686900958468,0.07320287539936102,0.0428314696485623,0.02124600638977636,0.014416932907348242,0.040255591054313096,0.03678115015974441,0.012240415335463259,0.025579073482428116,0.041853035143769965,0.06647364217252397,0.04394968051118211,0.03817891373801917,0.03712060702875399,0.01689297124600639,0.009624600638977635,0.009984025559105431,0.01062300319488818,0.019548722044728434,0.01110223642172524,0.011761182108626199,0.013318690095846646,0.0002995207667731629,0.0054113418530351435,0.003753993610223642,0.0012180511182108627,0.009105431309904153,0.002416134185303514,0.01807108626198083,0.0,1.9968051118210863e-05,1.9968051118210863e-05,0.0019568690095846646,1.9968051118210863e-05,0.00045926517571884983,0.0,0.0,0.0,0.0,0.0,0.0,0.0,0.0,0.0,0.0,0.0,0.0,0.0,0.0,0.0,0.0,0.0,0.0,0.0,0.0,0.0,0.0,0.0,0.0,0.0,0.0,0.0,0.0,0.0,0.0,nan,nan,4.294117647058823,2.791656250678782,nan,0.907343593383914,0.03463272553410776,0.0,0.0,0.0,0.0,0.0,0.0,0.0,0.0,0.0,0.0,0.0,0.0,0.0,0.0,0.0,0.0,0.0,0.0,0.0,0.0,0.0,0.0,0.0,0.16380655226208998,0.46801872074883005,2.410296411856475,9.407176287051483,11.279251170046805,4.98439937597504,1.2870514820592827,0.9073190218883334,0.03555722079211508,0.0,0.0,0.0,0.0,0.0,0.0,0.0,0.0,0.0,0.0,0.0,0.0,0.0,0.0,0.0,0.0,0.0,0.0,0.0,0.0,0.0,0.0,0.0,0.17184942716857557,0.761047463175123,2.2831423895253686,8.764320785597382,11.636661211129299,5.008183306055647,1.3747954173486092,0.397,0.02376,0.0,0.0,0.0,0.0,0.0,0.0,0.0,0.0,0.0,0.11700468018720751,2.9953198127925122,13.244929797191867,11.67706708268331,1.9656786271450861,0.0,0.0,0.0,0.0,0.0,0.0,0.0,0.0,0.0,0.0,0.0,0.0,0.0,0.0,0.0,0.0,0.396,0.02284,0.0,0.0,0.0,0.0,0.0,0.0,0.0,0.0,0.0,0.0981996726677578,3.068739770867431,13.67430441898525,11.808510638297875,1.3502454991816697,0.0,0.0,0.0,0.0,0.0,0.0,0.0,0.0,0.0,0.0,0.0,0.0,0.0,0.0,0.0,0.0
6300,2445,1234,0.5047034764826176,574,503,0.4404907975460123,702,0.5742331288343558,0.47,3.121387283236994,3.146197693272977,6.594086021505376,2.0646193830586244,6649.800000000001,9.094947017729282e-13,6649.8,6649.8,6649.800000000002,1.8189894035458565e-12,6649.800000000001,9.094947017729282e-13,27.991002044989774,21.023774662055708,33.04738641914997,19.24239746101181,0.14151329243353783,0.10552147239263804,0.08834355828220859,0.08384458077709611,0.081799591002045,0.07280163599182005,0.06830265848670757,0.06134969325153374,0.05644171779141104,0.06134969325153374,0.046625766871165646,0.03844580777096115,0.031492842535787324,0.022494887525562373,0.01881390593047035,0.014723926380368098,0.006134969325153374,0.9083050362659134,0.03662432412421331,0.0,0.0,0.0,0.0,0.0,0.0,0.0,0.0,0.0,0.0,0.0,0.0,0.0,0.0,0.0,0.0,0.0,0.0,0.0,0.0,0.0,0.0,0.024539877300613504,0.11042944785276039,0.8220858895705523,2.49079754601227,8.171779141104295,11.59509202453988,5.116564417177916,1.6687116564417181,4.514996809189534,2.8817801851853475,2.0,0.0,0.44296819787985864,4.463383838383838,2.908307964488021,4.564432989690721,2.853099768102534,1.0226395835459834,0.396,0.02388,0.0,0.0,0.0,0.0,0.0,0.0,0.0,0.0,0.0,0.18404907975460127,3.1901840490797553,13.226993865030655,11.717791411042947,1.631901840490798,0.04907975460122701,0.0,0.0,0.0,0.0,0.0,0.0,0.0,0.0,0.0,0.0,0.0,0.0,0.0,0.0,0.0,nan,nan,4.513392857142857,2.881560698640405,nan,0.396,0.1091,0.0,0.0,0.0,0.0,0.0,0.0,0.0,0.0003885480572597137,0.0002658486707566462,0.0,0.0,0.0003885480572597137,0.022678936605316974,4.089979550102249e-05,2.0449897750511246e-05,4.089979550102249e-05,0.0007770961145194274,0.017505112474437628,6.134969325153375e-05,0.006768916155419223,0.0006748466257668712,0.0009406952965235174,0.010470347648261758,0.009427402862985684,0.008159509202453988,0.013967280163599181,0.01067484662576687,0.035807770961145194,0.02607361963190184,0.03942740286298568,0.008404907975460122,0.02462167689161554,0.02098159509202454,0.027484662576687118,0.0185480572597137,0.027341513292433537,0.026932515337423312,0.07413087934560328,0.040613496932515335,0.020715746421267892,0.0150920245398773,0.04482617586912065,0.038425357873210636,0.012576687116564417,0.024130879345603273,0.03965235173824131,0.07089979550102249,0.042719836400817994,0.03366053169734151,0.03871165644171779,0.01572597137014315,0.009100204498977506,0.008957055214723926,0.010388548057259714,0.022208588957055214,0.009754601226993865,0.013680981595092024,0.014621676891615542,0.00022494887525562372,0.004294478527607362,0.004498977505112475,0.0018609406952965234,0.007791411042944786,0.0025971370143149284,0.01742331288343558,0.00028629856850715746,0.0,0.0,0.0014314928425357874,0.0,0.0001226993865030675,0.0,0.0,0.0,0.0,0.0,0.0,0.0,0.0,0.0,0.0,0.0,0.0,0.0,0.0,0.0,0.0,0.0,0.0,0.0,0.0,0.0,0.0,0.0,0.0,0.0,0.0,0.0,0.0,0.0,0.0,nan,nan,4.513392857142857,2.881560698640405,nan,0.909207741242367,0.03689484933244781,0.0,0.0,0.0,0.0,0.0,0.0,0.0,0.0,0.0,0.0,0.0,0.0,0.0,0.0,0.0,0.0,0.0,0.0,0.0,0.0,0.0,0.0,0.024311183144246358,0.1215559157212314,0.8752025931928689,2.2609400324149114,8.071312803889791,11.401944894651542,5.54294975688817,1.7017828200972451,0.9073851866036974,0.036323520099029734,0.0,0.0,0.0,0.0,0.0,0.0,0.0,0.0,0.0,0.0,0.0,0.0,0.0,0.0,0.0,0.0,0.0,0.0,0.0,0.0,0.0,0.0,0.02477291494632536,0.0990916597853011,0.7679603633360861,2.7250206440957894,8.274153592072668,11.79190751445087,4.682080924855492,1.6350123864574735,0.3962,0.0241,0.0,0.0,0.0,0.0,0.0,0.0,0.0,0.0,0.0,0.19448946515397086,3.111831442463534,13.249594813614243,11.62074554294976,1.7747163695299841,0.048622366288492716,0.0,0.0,0.0,0.0,0.0,0.0,0.0,0.0,0.0,0.0,0.0,0.0,0.0,0.0,0.0,0.3958,0.02367,0.0,0.0,0.0,0.0,0.0,0.0,0.0,0.0,0.0,0.1734104046242775,3.270024772914947,13.203963666391392,11.816680429397195,1.4863748967795214,0.04954582989265072,0.0,0.0,0.0,0.0,0.0,0.0,0.0,0.0,0.0,0.0,0.0,0.0,0.0,0.0,0.0
6400,2431,1263,0.5195392842451666,564,479,0.4290415466886055,683,0.5619086795557384,0.478,3.0,3.082207001484488,6.545180722891566,1.991187126354154,6649.800000000002,1.8189894035458565e-12,6649.8,6649.8,6649.800000000002,1.8189894035458565e-12,6649.800000000001,9.094947017729282e-13,27.782394076511725,20.87564684525796,32.58906783796974,19.2203070369903,0.13656931303990127,0.1032496914849856,0.10448375154257507,0.08761826408885233,0.06951871657754011,0.07239819004524888,0.0748663101604278,0.059646236116824354,0.05676676264911559,0.056355409296585765,0.04524886877828054,0.03990127519539284,0.03249691484985603,0.02632661456190868,0.01809954751131222,0.01192924722336487,0.004524886877828055,0.9095121978095214,0.037826252546135745,0.0,0.0,0.0,0.0,0.0,0.0,0.0,0.0,0.0,0.0,0.0,0.0,0.0,0.0,0.0,0.0,0.0,0.0,0.0,0.0,0.0,0.012340600575894697,0.03702180172768409,0.16042780748663052,0.7157548334018924,2.3817359111476764,8.070752776635132,11.341011929247227,5.28177704648293,1.9991772932949408,4.396607958251794,2.8535534617426435,3.0,0.0,0.6823442136498516,4.526109660574413,2.969597428296786,4.265625,2.725222778546432,0.942448442457456,0.397,0.02443,0.0,0.0,0.0,0.0,0.0,0.0,0.0,0.0,0.0,0.14808720691073635,3.085150143973674,13.192102015631407,11.513780337309752,2.0115178938708356,0.04936240230357879,0.0,0.0,0.0,0.0,0.0,0.0,0.0,0.0,0.0,0.0,0.0,0.0,0.0,0.0,0.0,nan,nan,4.3956975228161665,2.8528459227522047,nan,0.397,0.1088,0.0,0.0,0.0,0.0,0.0,0.0,0.0,0.00039078568490333196,0.00028794734677087616,0.0,0.0,0.00028794734677087616,0.023735088440970793,0.0,0.00014397367338543808,6.170300287947346e-05,0.0011106540518305225,0.01585767174002468,0.0,0.005717811600164541,0.0008432743726861374,0.0012134923899629782,0.0097696421225833,0.008453311394487866,0.008432743726861374,0.014129987659399424,0.010592348827642945,0.03765939942410531,0.025689016865487455,0.03842040312628548,0.007178116001645413,0.02315919374742904,0.02221308103661045,0.02741670094611271,0.01795557383792678,0.027354997943233237,0.023344302756067463,0.07706705059646236,0.040106951871657755,0.019127930892636775,0.017523652817770463,0.04485808309337721,0.03582887700534759,0.012587412587412588,0.02420814479638009,0.04006581653640477,0.07550390785684903,0.04284245166598108,0.033587001234060054,0.04097079391197038,0.017400246812011518,0.007959687371452077,0.008412176059234883,0.009995886466474702,0.02309749074454957,0.011106540518305225,0.014129987659399424,0.011456190867955574,4.113533525298231e-05,0.00409296585767174,0.0030645824763471823,0.003044014808720691,0.007774578362813657,0.0023447141094199916,0.018613739201974497,0.0008638420403126285,0.0,0.0,0.0009049773755656109,0.0,0.0,0.0,0.0,0.0,0.0,0.0,0.0,0.0,0.0,0.0,0.0,0.0,0.0,0.0,0.0,0.0,0.0,0.0,0.0,0.0,0.0,0.0,0.0,0.0,0.0,0.0,0.0,0.0,0.0,0.0,0.0,nan,nan,4.3956975228161665,2.8528459227522047,nan,0.9107390561466262,0.037954725886811695,0.0,0.0,0.0,0.0,0.0,0.0,0.0,0.0,0.0,0.0,0.0,0.0,0.0,0.0,0.0,0.0,0.0,0.0,0.0,0.0,0.0,0.0,0.02375296912114015,0.16627078384798047,0.7600950118764848,1.9952494061757724,8.07600950118765,11.520190023752972,5.2494061757719725,2.2090261282660335,0.9081855521932857,0.03764186606985274,0.0,0.0,0.0,0.0,0.0,0.0,0.0,0.0,0.0,0.0,0.0,0.0,0.0,0.0,0.0,0.0,0.0,0.0,0.0,0.0,0.0,0.02568493150684932,0.05136986301369864,0.1541095890410954,0.6678082191780824,2.799657534246576,8.065068493150687,11.147260273972606,5.31678082191781,1.7722602739726032,0.3972,0.02406,0.0,0.0,0.0,0.0,0.0,0.0,0.0,0.0,0.0,0.11876484560570073,2.9216152019002384,12.945368171021359,12.019002375296916,1.923990498812352,0.07125890736342044,0.0,0.0,0.0,0.0,0.0,0.0,0.0,0.0,0.0,0.0,0.0,0.0,0.0,0.0,0.0,0.3965,0.02481,0.0,0.0,0.0,0.0,0.0,0.0,0.0,0.0,0.0,0.17979452054794526,3.261986301369864,13.458904109589023,10.96746575342466,2.1061643835616444,0.02568493150684932,0.0,0.0,0.0,0.0,0.0,0.0,0.0,0.0,0.0,0.0,0.0,0.0,0.0,0.0,0.0
6500,2359,1230,0.5214073760067826,590,493,0.45909283594743533,666,0.5646460364561254,0.478,3.0239149689991143,3.1174747189698775,6.802013422818792,2.0961124066462506,6649.800000000001,9.094947017729282e-13,6649.8,6649.8,6649.800000000001,9.094947017729282e-13,6649.800000000002,1.8189894035458565e-12,27.327257312420517,20.561649124835725,32.32115677321157,18.809112235187463,0.14624841034336583,0.09792284866468842,0.08817295464179738,0.09029249682068673,0.09114031369224247,0.07545570156846121,0.06909707503179313,0.06189063162356931,0.05765154726579059,0.05086901229334464,0.0423908435777872,0.04027130139889784,0.0347604917337855,0.0211954217888936,0.01695633743111488,0.010173802458668928,0.005510809665112336,0.9041170604201685,0.034693202500251666,0.0,0.0,0.0,0.0,0.0,0.0,0.0,0.0,0.0,0.0,0.0,0.0,0.0,0.0,0.0,0.0,0.0,0.0,0.0,0.0,0.0,0.0,0.06358626536668081,0.15260703688003344,0.6612971598134805,2.886816447647309,9.385332768122087,11.547265790589236,4.37473505722764,0.9283594743535398,4.20694171578258,2.8959930335157993,3.0,0.0,0.713107098381071,4.198959687906372,2.9248407351637535,4.213438735177865,2.8648574717083473,1.0034482463151992,0.3967,0.02336,0.0,0.0,0.0,0.0,0.0,0.0,0.0,0.0,0.0,0.13988978380669778,2.8359474353539644,13.289529461636269,12.144976685036035,1.5896566341670204,0.0,0.0,0.0,0.0,0.0,0.0,0.0,0.0,0.0,0.0,0.0,0.0,0.0,0.0,0.0,0.0,nan,nan,4.2061518324607325,2.895209775105833,nan,0.3967,0.10815,0.0,0.0,0.0,0.0,0.0,0.0,0.0,0.0004662992793556592,0.0004027130139889784,0.0001695633743111488,0.0,0.0007842306061890632,0.021979652395082663,0.0,0.0003603221704111912,0.0001695633743111488,0.0008054260279779568,0.015069944891903348,2.11954217888936e-05,0.006549385332768122,0.0010173802458668928,0.00158965663416702,0.01000423908435778,0.008139041966935143,0.008986858838490886,0.013713437897414159,0.010534124629080118,0.037388724035608306,0.026049173378550235,0.038003391267486225,0.006167867740568037,0.02320898685883849,0.02257312420517168,0.02708774904620602,0.016935142009325985,0.02897414158541755,0.023654090716405257,0.0768334039847393,0.04128868164476473,0.018757948283170834,0.019181856718948707,0.04287833827893175,0.035205595591352265,0.012123781263247138,0.023103009749894023,0.04046206019499788,0.07823230182280627,0.04626960576515473,0.03459092835947435,0.041034336583298005,0.01714709622721492,0.008647732089868588,0.008160237388724036,0.0089444679949131,0.023887240356083087,0.01231454005934718,0.01066129715981348,0.00900805426027978,0.0,0.003539635438745231,0.0023314963967782957,0.003327681220856295,0.00688851208139042,0.002755404832556168,0.019457397202204324,0.0011869436201780415,0.0,0.0,0.0009749894022891056,0.0,0.0,0.0,0.0,0.0,0.0,0.0,0.0,0.0,0.0,0.0,0.0,0.0,0.0,0.0,0.0,0.0,0.0,0.0,0.0,0.0,0.0,0.0,0.0,0.0,0.0,0.0,0.0,0.0,0.0,0.0,0.0,nan,nan,4.2061518324607325,2.895209775105833,nan,0.9049620219362461,0.03458143087688168,0.0,0.0,0.0,0.0,0.0,0.0,0.0,0.0,0.0,0.0,0.0,0.0,0.0,0.0,0.0,0.0,0.0,0.0,0.0,0.0,0.0,0.0,0.09756097560975611,0.1463414634146337,0.5365853658536587,2.7317073170731714,9.219512195121952,11.804878048780491,4.609756097560976,0.8536585365853661,0.9031965089013241,0.034791215459809614,0.0,0.0,0.0,0.0,0.0,0.0,0.0,0.0,0.0,0.0,0.0,0.0,0.0,0.0,0.0,0.0,0.0,0.0,0.0,0.0,0.0,0.0,0.02657218777679363,0.15943312666076123,0.7971656333038089,3.0558015943312675,9.565987599645705,11.2666076173605,4.118689105403012,1.0097431355181579,0.3965,0.02399,0.0,0.0,0.0,0.0,0.0,0.0,0.0,0.0,0.0,0.14634146341463417,3.073170731707318,13.219512195121933,11.780487804878051,1.7804878048780493,0.0,0.0,0.0,0.0,0.0,0.0,0.0,0.0,0.0,0.0,0.0,0.0,0.0,0.0,0.0,0.0,0.397,0.02267,0.0,0.0,0.0,0.0,0.0,0.0,0.0,0.0,0.0,0.13286093888396813,2.5775022143489816,13.365810451727173,12.542072630646594,1.3817537643932687,0.0,0.0,0.0,0.0,0.0,0.0,0.0,0.0,0.0,0.0,0.0,0.0,0.0,0.0,0.0,0.0
6600,2558,1260,0.49257232212666147,584,555,0.4452697419859265,726,0.5676309616888194,0.47,2.911402157164869,3.0679027291752616,6.572602739726028,1.9663790708821767,6649.800000000001,9.094947017729282e-13,6649.8,6649.8,6649.800000000001,9.094947017729282e-13,6649.800000000002,1.8189894035458565e-12,27.8948397185301,20.776320118628558,32.608314087759815,19.10116316720393,0.13604378420641125,0.09421422986708367,0.0985144644253323,0.09382329945269742,0.08053166536356529,0.07623143080531665,0.07427677873338545,0.05824863174354965,0.059030492572322124,0.049648162627052385,0.04495699765441751,0.04222048475371384,0.03049257232212666,0.02501954652071931,0.018373729476153244,0.009382329945269743,0.008991399530883503,0.9046629946198288,0.03488971561859813,0.0,0.0,0.0,0.0,0.0,0.0,0.0,0.0,0.0,0.0,0.0,0.0,0.0,0.0,0.0,0.0,0.0,0.0,0.0,0.0,0.0,0.011727912431587181,0.03518373729476154,0.10555121188428426,0.5160281469898359,2.885066458170446,9.781078967943708,11.10633307271306,4.210320562939797,1.3487099296325258,4.4407294832826745,2.9197442454323976,nan,nan,nan,4.401925391095066,2.9274740982830623,4.480343980343981,2.911298312941412,1.017814611171637,0.3972,0.02432,0.0,0.0,0.0,0.0,0.0,0.0,0.0,0.0,0.011727912431587181,0.1759186864738077,3.0961688819390156,12.900703674745875,11.739640344018767,2.028928850664582,0.046911649726348724,0.0,0.0,0.0,0.0,0.0,0.0,0.0,0.0,0.0,0.0,0.0,0.0,0.0,0.0,0.0,nan,nan,4.4407294832826745,2.9197442454323976,nan,0.3972,0.1083,0.0,0.0,0.0,0.0,0.0,0.0,0.0,0.0002736512900703675,0.000527756059421423,0.000527756059421423,0.0,0.000527756059421423,0.020387021110242376,3.909304143862392e-05,0.0004104769351055512,7.818608287724784e-05,0.0005668491008600469,0.014386239249413605,0.0002150117279124316,0.007759968725566849,0.0008014073494917905,0.0017396403440187646,0.008346364347146208,0.008639562157935888,0.007974980453479281,0.014992181391712276,0.010496481626270524,0.03995308835027365,0.029534792806880376,0.03616106333072713,0.005590304925723221,0.02378811571540266,0.02370992963252541,0.02670054730258014,0.017806880375293196,0.02847928068803753,0.024530883502736512,0.07290852228303361,0.041614542611415166,0.019351055512118843,0.018686473807662238,0.040324472243940576,0.03405003909304144,0.01264659890539484,0.02419859265050821,0.037372947615324476,0.07830336200156372,0.049667709147771695,0.03629788897576231,0.039679437060203285,0.01641907740422205,0.006567630961688819,0.009010946051602815,0.009695074276778733,0.02202892885066458,0.013330727130570758,0.010711493354182956,0.010242376856919469,5.863956215793589e-05,0.004124315871774824,0.0022869429241594995,0.002971071149335418,0.0073690383111806096,0.002619233776387803,0.020465207193119624,0.0013096168881939014,7.818608287724784e-05,0.0,0.0006645817044566067,0.0,0.0,0.0,0.0,0.0,0.0,0.0,0.0,0.0,0.0,0.0,0.0,0.0,0.0,0.0,0.0,0.0,0.0,0.0,0.0,0.0,0.0,0.0,0.0,0.0,0.0,0.0,0.0,0.0,0.0,0.0,0.0,nan,nan,4.4407294832826745,2.9197442454323976,nan,0.9047008452434389,0.03477064001037904,0.0,0.0,0.0,0.0,0.0,0.0,0.0,0.0,0.0,0.0,0.0,0.0,0.0,0.0,0.0,0.0,0.0,0.0,0.0,0.0,0.0,0.023809523809523815,0.07142857142857144,0.09523809523809494,0.523809523809524,2.6666666666666674,9.595238095238097,11.452380952380956,4.333333333333334,1.2380952380952384,0.9046262521038437,0.035004878602867905,0.0,0.0,0.0,0.0,0.0,0.0,0.0,0.0,0.0,0.0,0.0,0.0,0.0,0.0,0.0,0.0,0.0,0.0,0.0,0.0,0.0,0.0,0.0,0.11556240369799657,0.5084745762711865,3.097072419106318,9.961479198767337,10.770416024653315,4.090909090909092,1.4560862865947615,0.3975,0.02374,0.0,0.0,0.0,0.0,0.0,0.0,0.0,0.0,0.0,0.11904761904761907,2.833333333333334,13.119047619047599,11.952380952380956,1.9761904761904765,0.0,0.0,0.0,0.0,0.0,0.0,0.0,0.0,0.0,0.0,0.0,0.0,0.0,0.0,0.0,0.0,0.3967,0.02487,0.0,0.0,0.0,0.0,0.0,0.0,0.0,0.0,0.02311248073959939,0.2311248073959939,3.3513097072419114,12.688751926040043,11.533127889060095,2.080123266563945,0.09244992295839756,0.0,0.0,0.0,0.0,0.0,0.0,0.0,0.0,0.0,0.0,0.0,0.0,0.0,0.0,0.0
6700,2566,1298,0.5058456742010912,597,553,0.4481683554169914,720,0.5611847233047544,0.46599999999999997,2.9140378548895898,3.0148986159043805,6.471641791044776,2.1423105095778103,6649.800000000002,1.8189894035458565e-12,6649.8,6649.8,6649.800000000002,1.8189894035458565e-12,6649.800000000002,1.8189894035458565e-12,27.678098207326578,20.503522396842126,32.48357242017585,18.768317189738166,0.13367108339828526,0.10717069368667187,0.08924395946999221,0.09080280592361652,0.07872174590802807,0.07365549493374902,0.0740452065471551,0.0681995323460639,0.06118472330475448,0.05222135619641465,0.041309431021044424,0.0362431800467654,0.03507404520654715,0.026890101325019487,0.0171473109898675,0.012081060015588464,0.002338269680436477,0.9030500711032587,0.03575821384546599,0.0,0.0,0.0,0.0,0.0,0.0,0.0,0.0,0.0,0.0,0.0,0.0,0.0,0.0,0.0,0.0,0.0,0.0,0.0,0.0,0.011691348402182387,0.0,0.023382696804364774,0.17537022603273522,0.6780982073265786,3.0982073265783328,9.972720187061578,10.732657833203433,4.068589243959471,1.239282930631333,4.476923076923077,2.8237873765439554,1.0,0.0,0.2233676975945017,4.526960784313726,2.852030336037437,4.4222222222222225,2.7949690252043675,0.9768633820609998,0.3984,0.023,0.0,0.0,0.0,0.0,0.0,0.0,0.0,0.0,0.0,0.10522213561964149,2.618862042088855,12.778643803585327,12.696804364770072,1.7887763055339052,0.011691348402182387,0.0,0.0,0.0,0.0,0.0,0.0,0.0,0.0,0.0,0.0,0.0,0.0,0.0,0.0,0.0,nan,nan,4.474784747847479,2.8242346680882555,nan,0.3984,0.10834,0.0,0.0,0.0,0.0,0.0,0.0,0.0,7.79423226812159e-05,0.0006625097427903351,0.00033125487139516757,1.9485580670303975e-05,0.00042868277474668743,0.019758378799688232,3.897116134060795e-05,0.000759937646141855,0.00021434138737334372,0.0005261106780982073,0.014302416212003118,0.00048713951675759937,0.007911145752143413,0.000798908807482463,0.002240841777084957,0.00872954014029618,0.0074045206547155105,0.0066056118472330476,0.013990646921278254,0.009197194076383476,0.04025720966484801,0.029540140296180826,0.03766562743569758,0.00514419329696025,0.02186282151208106,0.022291504286827746,0.025311769290724862,0.018024162120031176,0.03238503507404521,0.025370226032735775,0.07330475448168355,0.045167575993764614,0.017264224473889322,0.018745128604832424,0.04002338269680437,0.03191738113795791,0.012957911145752144,0.02357755261106781,0.03485970381917381,0.08125487139516757,0.04873343725643024,0.035463756819953236,0.03916601714731099,0.016212003117692907,0.006936866718628215,0.010853468433359314,0.010853468433359314,0.022583787996882307,0.013172252533125487,0.008865939204988309,0.012470771628994544,1.9485580670303975e-05,0.004091971940763835,0.0028838659392049883,0.0027474668745128606,0.006956352299298519,0.0028254091971940763,0.021356196414653156,0.0020459859703819173,0.0,0.0,0.00035074045206547153,0.0,0.0,0.0,0.0,0.0,0.0,0.0,0.0,0.0,0.0,0.0,0.0,0.0,0.0,0.0,0.0,0.0,0.0,0.0,0.0,0.0,0.0,0.0,0.0,0.0,0.0,0.0,0.0,0.0,0.0,0.0,0.0,nan,nan,4.474784747847479,2.8242346680882555,nan,0.9028527701764335,0.035667834337331165,0.0,0.0,0.0,0.0,0.0,0.0,0.0,0.0,0.0,0.0,0.0,0.0,0.0,0.0,0.0,0.0,0.0,0.0,0.0,0.0,0.0,0.0,0.02311248073959939,0.1848998459167945,0.7395993836671805,3.0508474576271194,10.007704160246536,10.677966101694919,4.16024653312789,1.1556240369799693,0.9032520400330848,0.03584937098343791,0.0,0.0,0.0,0.0,0.0,0.0,0.0,0.0,0.0,0.0,0.0,0.0,0.0,0.0,0.0,0.0,0.0,0.0,0.0,0.0,0.023659305993690857,0.0,0.023659305993690857,0.16561514195583546,0.6151419558359623,3.146687697160884,9.93690851735016,10.78864353312303,3.9747634069400637,1.3249211356466881,0.3987,0.02258,0.0,0.0,0.0,0.0,0.0,0.0,0.0,0.0,0.0,0.02311248073959939,2.6348228043143305,12.480739599383648,13.174114021571652,1.6872110939907554,0.0,0.0,0.0,0.0,0.0,0.0,0.0,0.0,0.0,0.0,0.0,0.0,0.0,0.0,0.0,0.0,0.398,0.02339,0.0,0.0,0.0,0.0,0.0,0.0,0.0,0.0,0.0,0.18927444794952686,2.6025236593059944,13.08359621451102,12.208201892744482,1.8927444794952686,0.023659305993690857,0.0,0.0,0.0,0.0,0.0,0.0,0.0,0.0,0.0,0.0,0.0,0.0,0.0,0.0,0.0
6800,2624,1340,0.510670731707317,625,535,0.4420731707317073,736,0.5609756097560976,0.474,3.0778816199376946,3.186103470628351,6.741144414168938,2.13342972606043,6649.800000000001,9.094947017729282e-13,6649.8,6649.8,6649.800000000003,2.7284841053187847e-12,6649.800000000002,1.8189894035458565e-12,27.63452743902439,20.896763810073633,32.530186109850206,19.239262589213528,0.140625,0.10327743902439024,0.09717987804878049,0.08955792682926829,0.07545731707317073,0.07583841463414634,0.07317073170731707,0.06478658536585366,0.051829268292682924,0.04611280487804878,0.04992378048780488,0.040396341463414635,0.028201219512195123,0.025533536585365852,0.021722560975609755,0.008384146341463415,0.008003048780487805,0.9039647175998586,0.035704451447086144,0.0,0.0,0.0,0.0,0.0,0.0,0.0,0.0,0.0,0.0,0.0,0.0,0.0,0.0,0.0,0.0,0.0,0.0,0.0,0.0,0.0,0.011432926829268296,0.03429878048780488,0.11432926829268258,0.5945121951219514,3.201219512195123,9.557926829268295,11.227134146341466,3.772865853658537,1.4862804878048783,4.342498505678422,2.9533884777397748,nan,nan,nan,4.284697508896797,2.924448543866575,4.401204819277108,2.9813473939395707,1.027191490213345,0.398,0.02426,0.0,0.0,0.0,0.0,0.0,0.0,0.0,0.0,0.0,0.11432926829268295,2.6981707317073176,13.159298780487786,11.684451219512198,2.298018292682927,0.045731707317073184,0.0,0.0,0.0,0.0,0.0,0.0,0.0,0.0,0.0,0.0,0.0,0.0,0.0,0.0,0.0,nan,nan,4.342498505678422,2.9533884777397748,nan,0.398,0.1075,0.0,0.0,0.0,0.0,0.0,0.0,0.0,0.00022865853658536587,0.00017149390243902438,0.0005907012195121951,0.0,0.0004954268292682927,0.021341463414634148,9.527439024390244e-05,0.000705030487804878,0.00045731707317073173,0.0008193597560975609,0.013147865853658536,0.0007621951219512195,0.00743140243902439,0.0005907012195121951,0.000705030487804878,0.007240853658536586,0.00819359756097561,0.006916920731707317,0.014291158536585366,0.009641768292682927,0.039672256097560976,0.02766768292682927,0.03841463414634146,0.005811737804878049,0.02141768292682927,0.02071265243902439,0.02545731707317073,0.019740853658536586,0.034832317073170735,0.022580030487804877,0.07080792682926829,0.046722560975609756,0.018845274390243902,0.017206554878048782,0.041634908536585365,0.034794207317073174,0.013090701219512195,0.021684451219512194,0.03742378048780488,0.08458460365853658,0.04967606707317073,0.03519435975609756,0.03732850609756098,0.01366234756097561,0.0077553353658536585,0.011928353658536586,0.012728658536585365,0.022389481707317072,0.011852134146341464,0.007469512195121951,0.013052591463414634,0.0,0.00390625,0.002267530487804878,0.0031440548780487807,0.005182926829268293,0.002896341463414634,0.01918826219512195,0.0029153963414634146,0.0,7.621951219512195e-05,0.00043826219512195123,0.0,1.9054878048780488e-05,0.0,0.0,0.0,0.0,0.0,0.0,0.0,0.0,0.0,0.0,0.0,0.0,0.0,0.0,0.0,0.0,0.0,0.0,0.0,0.0,0.0,0.0,0.0,0.0,0.0,0.0,0.0,0.0,0.0,0.0,nan,nan,4.342498505678422,2.9533884777397748,nan,0.9039986542356548,0.03558859987215042,0.0,0.0,0.0,0.0,0.0,0.0,0.0,0.0,0.0,0.0,0.0,0.0,0.0,0.0,0.0,0.0,0.0,0.0,0.0,0.0,0.0,0.022388059701492543,0.06716417910447763,0.1343283582089548,0.42537313432835827,3.2014925373134333,9.649253731343286,11.26119402985075,3.761194029850747,1.4776119402985077,0.9039293008615666,0.03582492195012793,0.0,0.0,0.0,0.0,0.0,0.0,0.0,0.0,0.0,0.0,0.0,0.0,0.0,0.0,0.0,0.0,0.0,0.0,0.0,0.0,0.0,0.0,0.0,0.09345794392523336,0.7710280373831777,3.200934579439253,9.462616822429908,11.191588785046731,3.785046728971963,1.4953271028037387,0.3984,0.0243,0.0,0.0,0.0,0.0,0.0,0.0,0.0,0.0,0.0,0.1119402985074627,2.686567164179105,13.097014925373115,11.731343283582092,2.305970149253732,0.06716417910447763,0.0,0.0,0.0,0.0,0.0,0.0,0.0,0.0,0.0,0.0,0.0,0.0,0.0,0.0,0.0,0.3975,0.02423,0.0,0.0,0.0,0.0,0.0,0.0,0.0,0.0,0.0,0.11682242990654208,2.7102803738317762,13.22429906542054,11.635514018691591,2.2897196261682247,0.023364485981308417,0.0,0.0,0.0,0.0,0.0,0.0,0.0,0.0,0.0,0.0,0.0,0.0,0.0,0.0,0.0
6900,2623,1298,0.4948532215020968,581,536,0.4258482653450248,730,0.5566145634769348,0.486,2.852830188679245,3.0177214804266255,6.422459893048129,2.073032432848741,6649.800000000002,1.8189894035458565e-12,6649.8,6649.8,6649.800000000002,1.8189894035458565e-12,6649.800000000001,9.094947017729282e-13,28.030118185284024,21.224636098902337,33.01635620172649,19.537954665264362,0.14182234083110942,0.09607319862752574,0.10141059855127717,0.09226077011056043,0.07662981319100266,0.06747998475028594,0.06443004193671369,0.06366755623332063,0.05604269919939001,0.055280213495996953,0.04422417079679756,0.035836828059473885,0.036599313762866945,0.028974456728936334,0.019062142584826535,0.012962256957682043,0.0072436141822340835,0.9047429271658731,0.03575485864100237,0.0,0.0,0.0,0.0,0.0,0.0,0.0,0.0,0.0,0.0,0.0,0.0,0.0,0.0,0.0,0.0,0.0,0.0,0.0,0.0,0.011437285550895923,0.011437285550895923,0.03431185665268777,0.10293556995806297,0.5375524208921083,3.2253145253526503,9.492947007243616,10.762485703393065,4.483415935951202,1.338162409454823,4.472540736270368,2.846399816471395,6.5,0.5,1.4533126433679666,4.494492044063647,2.8336639576645823,4.457788347205708,2.8582757344228096,0.9918336273603114,0.3975,0.02306,0.0,0.0,0.0,0.0,0.0,0.0,0.0,0.0,0.0,0.09149828440716738,2.4933282500953116,13.793366374380462,11.791841402973697,1.784216545939764,0.04574914220358369,0.0,0.0,0.0,0.0,0.0,0.0,0.0,0.0,0.0,0.0,0.0,0.0,0.0,0.0,0.0,nan,nan,4.474984930681133,2.8456063522788524,nan,0.3975,0.10675,0.0,0.0,0.0,0.0,0.0,0.0,0.0,9.531071292413267e-05,0.0003240564239420511,0.0004384292794510103,0.0,0.0005909264201296226,0.02091117041555471,0.0,0.0010484178421654594,0.0006481128478841022,0.0014487228364468167,0.013381624094548227,0.0006099885627144491,0.007033930613800991,0.0006671749904689287,0.0001715592832634388,0.006576439191765154,0.009149828440716736,0.006481128478841022,0.013515059092642013,0.010217308425467022,0.03816240945482272,0.02750667174990469,0.036065573770491806,0.006843309187952726,0.02194052611513534,0.02123522683949676,0.024018299656881435,0.02243614182234083,0.03837209302325582,0.02398017537171178,0.06951963400686237,0.04323293938238658,0.021254288982081586,0.01706061761341975,0.044186046511627906,0.03667556233320625,0.011303850552802135,0.02068242470453679,0.037971788028974454,0.08450247807853603,0.05007624857033931,0.034902783072817384,0.038143347312237896,0.013324437666793748,0.006805184902783073,0.012199771254288982,0.011646969119329012,0.02201677468547465,0.011532596263820053,0.007548608463591308,0.012752573389248952,5.71864277544796e-05,0.0030499428135722455,0.002249332825009531,0.0034121235226839495,0.006042699199390012,0.002173084254670225,0.01814715974075486,0.003240564239420511,0.0001715592832634388,0.0,0.000247807853602745,0.0,0.0,0.0,0.0,0.0,0.0,0.0,0.0,0.0,0.0,0.0,0.0,0.0,0.0,0.0,0.0,0.0,0.0,0.0,0.0,0.0,0.0,0.0,0.0,0.0,0.0,0.0,0.0,0.0,0.0,0.0,0.0,nan,nan,4.474984930681133,2.8456063522788524,nan,0.9042002558708191,0.0349073300482007,0.0,0.0,0.0,0.0,0.0,0.0,0.0,0.0,0.0,0.0,0.0,0.0,0.0,0.0,0.0,0.0,0.0,0.0,0.0,0.0,0.0,0.02311248073959939,0.04622496147919878,0.04622496147919863,0.5315870570107859,3.212634822804315,9.776579352850542,10.909090909090912,4.229583975346688,1.2249614791987677,0.9052745402534053,0.03655826410413103,0.0,0.0,0.0,0.0,0.0,0.0,0.0,0.0,0.0,0.0,0.0,0.0,0.0,0.0,0.0,0.0,0.0,0.0,0.0,0.0,0.02264150943396227,0.0,0.02264150943396227,0.15849056603773534,0.5433962264150944,3.2377358490566044,9.215094339622643,10.618867924528304,4.732075471698114,1.4490566037735853,0.3972,0.0229,0.0,0.0,0.0,0.0,0.0,0.0,0.0,0.0,0.0,0.09244992295839756,2.5654853620955325,13.821263482280411,11.833590138674888,1.6409861325115567,0.04622496147919878,0.0,0.0,0.0,0.0,0.0,0.0,0.0,0.0,0.0,0.0,0.0,0.0,0.0,0.0,0.0,0.398,0.02321,0.0,0.0,0.0,0.0,0.0,0.0,0.0,0.0,0.0,0.09056603773584908,2.422641509433963,13.766037735849038,11.750943396226418,1.9245283018867927,0.04528301886792454,0.0,0.0,0.0,0.0,0.0,0.0,0.0,0.0,0.0,0.0,0.0,0.0,0.0,0.0,0.0
7000,2787,1387,0.4976677430929315,643,595,0.444205238607822,794,0.5697883028345891,0.47,2.935,3.05790369370914,6.664,1.9863964021983798,6649.8,0.0,6649.8,6649.8,6649.800000000001,9.094947017729282e-13,6649.800000000001,9.094947017729282e-13,27.671689989235738,20.97621627479767,32.83829236739974,19.214370875479656,0.14459992823824902,0.09939002511661285,0.09544312881234301,0.08826695371367062,0.08180839612486544,0.07176175098672408,0.06673842841765339,0.06781485468245425,0.0545389307499103,0.053103695730175815,0.042698241837100824,0.03767491926803014,0.03444564047362755,0.025116612845353426,0.017222820236813777,0.010764262648008612,0.008611410118406888,0.9046454790205694,0.033372141777749165,0.0,0.0,0.0,0.0,0.0,0.0,0.0,0.0,0.0,0.0,0.0,0.0,0.0,0.0,0.0,0.0,0.0,0.0,0.0,0.0,0.0,0.0,0.010764262648008614,0.07534983853606005,0.5812701829924651,2.723358449946179,9.537136706135632,12.03444564047363,3.9289558665231437,1.1087190527448874,4.400563380281691,2.864469022557969,nan,nan,nan,4.439446366782007,2.8996223224330584,4.3671444321940465,2.8293509885882946,0.9837137497303815,0.3984,0.02333,0.0,0.0,0.0,0.0,0.0,0.0,0.0,0.0,0.0,0.0753498385360603,2.5188374596340157,13.207750269106548,12.260495156081811,1.9052744886975246,0.03229278794402584,0.0,0.0,0.0,0.0,0.0,0.0,0.0,0.0,0.0,0.0,0.0,0.0,0.0,0.0,0.0,nan,nan,4.400563380281691,2.864469022557969,nan,0.3984,0.1071,0.0,0.0,0.0,0.0,0.0,0.0,0.0,0.00010764262648008612,1.794043774668102e-05,0.00021528525296017224,0.0,0.0004126300681736634,0.02201291711517761,0.0,0.0014352350197344816,0.000986724076067456,0.0010405453893074991,0.01318622174381055,0.0011481880157875853,0.0057409400789379264,0.0015428776462145675,0.00025116612845353425,0.006099748833871547,0.008754933620380337,0.007534983853606028,0.012217438105489774,0.009275206315034087,0.037226408324363115,0.027717976318622176,0.03570147111589523,0.007499102978112666,0.022874058127018298,0.021402942231790456,0.023161105130965195,0.02213850017940438,0.03593469680660208,0.025923932543954073,0.06713311804808038,0.041478292070326515,0.021869393613204162,0.017671331180480802,0.04424111948331539,0.0376210979547901,0.012970936490850377,0.019124506637961967,0.0383745963401507,0.08826695371367062,0.048690348044492286,0.03710082526013635,0.03769285970577682,0.012235378543236456,0.0070864729099390025,0.01108719052744887,0.012935055615357014,0.019232149264442052,0.011123071402942232,0.007534983853606028,0.014388231072838178,8.97021887334051e-05,0.0025475421600287046,0.0035163257983494797,0.003821313240043057,0.0073376390383925365,0.0016505202726946537,0.016666666666666666,0.004269824183710083,0.00016146393972012917,0.0,0.0004664513814137065,0.0,5.382131324004306e-05,0.0,0.0,0.0,0.0,0.0,0.0,0.0,0.0,0.0,0.0,0.0,0.0,0.0,0.0,0.0,0.0,0.0,0.0,0.0,0.0,0.0,0.0,0.0,0.0,0.0,0.0,0.0,0.0,0.0,0.0,nan,nan,4.400563380281691,2.864469022557969,nan,0.9053626630318277,0.033841941530718275,0.0,0.0,0.0,0.0,0.0,0.0,0.0,0.0,0.0,0.0,0.0,0.0,0.0,0.0,0.0,0.0,0.0,0.0,0.0,0.0,0.0,0.0,0.02162941600576785,0.021629416005767777,0.5407354001441962,2.7901946647440528,9.516943042537854,11.852919971160782,3.9149242970439806,1.3410237923576067,0.90393495457513,0.03288466940420157,0.0,0.0,0.0,0.0,0.0,0.0,0.0,0.0,0.0,0.0,0.0,0.0,0.0,0.0,0.0,0.0,0.0,0.0,0.0,0.0,0.0,0.0,0.0,0.12857142857142817,0.6214285714285716,2.657142857142858,9.55714285714286,12.214285714285717,3.9428571428571435,0.8785714285714288,0.3987,0.02347,0.0,0.0,0.0,0.0,0.0,0.0,0.0,0.0,0.0,0.0865176640230714,2.4441240086517673,13.064167267483759,12.328767123287674,2.0764239365537134,0.0,0.0,0.0,0.0,0.0,0.0,0.0,0.0,0.0,0.0,0.0,0.0,0.0,0.0,0.0,0.0,0.3982,0.02321,0.0,0.0,0.0,0.0,0.0,0.0,0.0,0.0,0.0,0.0642857142857143,2.5928571428571434,13.349999999999982,12.192857142857145,1.735714285714286,0.0642857142857143,0.0,0.0,0.0,0.0,0.0,0.0,0.0,0.0,0.0,0.0,0.0,0.0,0.0,0.0,0.0
7100,2814,1437,0.5106609808102346,689,576,0.44953802416488986,824,0.5856432125088842,0.474,3.075526506899056,3.060530144658515,6.660975609756098,1.8753052497907963,6649.800000000001,9.094947017729282e-13,6649.8,6649.8,6649.800000000002,1.8189894035458565e-12,6649.800000000001,9.094947017729282e-13,28.21144278606965,20.860207470226282,32.8494983277592,19.181079325631053,0.13148542999289267,0.09630419331911869,0.09630419331911869,0.08955223880597014,0.0806680881307747,0.08137882018479034,0.0707178393745558,0.06147832267235252,0.05366027007818053,0.05472636815920398,0.048329779673063254,0.03802416488983653,0.03411513859275053,0.02700781805259417,0.01812366737739872,0.012437810945273632,0.005685856432125089,0.9042442658732102,0.035928685550908064,0.0,0.0,0.0,0.0,0.0,0.0,0.0,0.0,0.0,0.0,0.0,0.0,0.0,0.0,0.0,0.0,0.0,0.0,0.0,0.0,0.0,0.0,0.03198294243070363,0.13859275053304862,0.6503198294243072,2.867803837953092,9.722814498933905,11.066098081023457,4.061833688699361,1.4605543710021325,4.342219804134929,2.8058061733627437,nan,nan,nan,4.407643312101911,2.8395644548338588,4.2734375,2.768204318304461,0.969551571531792,0.3992,0.02383,0.0,0.0,0.0,0.0,0.0,0.0,0.0,0.0,0.0,0.06396588486140727,2.707889125799574,12.46268656716416,12.281449893390194,2.4520255863539453,0.03198294243070363,0.0,0.0,0.0,0.0,0.0,0.0,0.0,0.0,0.0,0.0,0.0,0.0,0.0,0.0,0.0,nan,nan,4.342219804134929,2.8058061733627437,nan,0.3992,0.10834,0.0,0.0,0.0,0.0,0.0,0.0,0.0,0.0,0.0,8.884150675195451e-05,0.0,0.0006396588486140725,0.0224591329068941,0.0,0.0007995735607675906,0.0014036958066808813,0.0008528784648187633,0.015582800284292821,0.001616915422885572,0.004744136460554371,0.0017057569296375266,0.00023098791755508174,0.006947405828002843,0.007977967306325516,0.008226723525230987,0.01103411513859275,0.008137882018479033,0.03859275053304904,0.025710732054015636,0.036016346837242356,0.00847547974413646,0.021624022743425727,0.020931058990760483,0.023009950248756218,0.01954513148542999,0.03781094527363184,0.02556858564321251,0.06432125088841507,0.04150675195451315,0.02283226723525231,0.01869225302061123,0.04250177683013504,0.03877043354655295,0.011442786069651741,0.020095948827292112,0.03841506751954513,0.08678038379530917,0.0503909026297086,0.03642501776830135,0.036762615493958775,0.01339729921819474,0.006023454157782516,0.011176261549395878,0.014001421464108032,0.018176972281449894,0.011265103056147831,0.009808102345415778,0.013610518834399432,0.00015991471215351814,0.0028429282160625444,0.004477611940298508,0.004246624022743426,0.00748045486851457,0.001297085998578536,0.01730632551528074,0.005490405117270789,0.0,0.0,0.0005685856432125089,0.0,0.0,0.0,0.0,0.0,0.0,0.0,0.0,0.0,0.0,0.0,0.0,0.0,0.0,0.0,0.0,0.0,0.0,0.0,0.0,0.0,0.0,0.0,0.0,0.0,0.0,0.0,0.0,0.0,0.0,0.0,0.0,nan,nan,4.342219804134929,2.8058061733627437,nan,0.9047426737342017,0.035659164135458776,0.0,0.0,0.0,0.0,0.0,0.0,0.0,0.0,0.0,0.0,0.0,0.0,0.0,0.0,0.0,0.0,0.0,0.0,0.0,0.0,0.0,0.0,0.02087682672233821,0.12526096033402884,0.6680584551148228,2.7348643006263056,9.79123173277662,11.252609603340295,3.903966597077245,1.5031315240083511,0.9037241408940927,0.03620049525586049,0.0,0.0,0.0,0.0,0.0,0.0,0.0,0.0,0.0,0.0,0.0,0.0,0.0,0.0,0.0,0.0,0.0,0.0,0.0,0.0,0.0,0.0,0.04357298474945535,0.1525054466230932,0.6318082788671026,3.006535947712419,9.65141612200436,10.87145969498911,4.226579520697168,1.4161220043572988,0.399,0.02415,0.0,0.0,0.0,0.0,0.0,0.0,0.0,0.0,0.0,0.08350730688935284,2.818371607515658,12.379958246346538,12.00417536534447,2.693110647181629,0.02087682672233821,0.0,0.0,0.0,0.0,0.0,0.0,0.0,0.0,0.0,0.0,0.0,0.0,0.0,0.0,0.0,0.3994,0.02351,0.0,0.0,0.0,0.0,0.0,0.0,0.0,0.0,0.0,0.04357298474945535,2.5925925925925934,12.54901960784312,12.570806100217867,2.200435729847495,0.04357298474945535,0.0,0.0,0.0,0.0,0.0,0.0,0.0,0.0,0.0,0.0,0.0,0.0,0.0,0.0,0.0
7200,2739,1435,0.5239138371668492,637,570,0.44067177802117563,766,0.5593282219788244,0.474,3.036042944785276,3.127321957189988,6.7542857142857144,2.106363536272591,6649.800000000001,9.094947017729282e-13,6649.8,6649.8,6649.800000000003,2.7284841053187847e-12,6649.800000000001,9.094947017729282e-13,27.184008762322016,20.765922420749558,32.00695954762941,19.19314036524868,0.14202263599853962,0.11098941219423147,0.09054399415845199,0.08835341365461848,0.08652792990142388,0.08251186564439576,0.06498722161372764,0.061701350857977365,0.05366922234392114,0.044906900328587074,0.038335158817086525,0.0416210295728368,0.03687477181453085,0.024096385542168676,0.012413289521723256,0.013143483023001095,0.007301935012778387,0.9027558398664586,0.03590540209979873,0.0,0.0,0.0,0.0,0.0,0.0,0.0,0.0,0.0,0.0,0.0,0.0,0.0,0.0,0.0,0.0,0.0,0.0,0.0,0.0,0.0,0.010952902519167583,0.05476451259583791,0.17524644030668074,0.5914567360350494,3.6144578313253017,8.91566265060241,11.347207009857614,4.063526834611173,1.2267250821467692,4.370133643230679,2.8581844589989323,8.0,0.0,1.8306076319638347,4.446783625730994,2.894909558318359,4.302191464821223,2.823289580544905,0.9674838775439626,0.3997,0.02357,0.0,0.0,0.0,0.0,0.0,0.0,0.0,0.0,0.0,0.06571741511500549,2.365826944140198,13.033953997809402,12.124863088718513,2.3767798466593653,0.032858707557502746,0.0,0.0,0.0,0.0,0.0,0.0,0.0,0.0,0.0,0.0,0.0,0.0,0.0,0.0,0.0,nan,nan,4.374347069065584,2.8591978367298188,nan,0.3997,0.10846,0.0,0.0,0.0,0.0,0.0,0.0,0.0,0.0,0.0,9.127418765972983e-05,1.8254837531945966e-05,0.0008032128514056225,0.023329682365826943,5.47645125958379e-05,0.0011865644395764878,0.0008214676889375684,0.0003833515881708653,0.01407447973713034,0.001606425702811245,0.005129609346476816,0.001661190215407083,0.0,0.007575757575757576,0.007082876962395034,0.007320189850310332,0.011263234757210661,0.007703541438481198,0.0405074844833881,0.025374224169404894,0.03807959109163928,0.009273457466228551,0.020664476086162835,0.021339905074844834,0.021723256663015698,0.020116830960204453,0.03797006206644761,0.024151150054764512,0.06551661190215408,0.04132895217232567,0.018455640744797372,0.017725447243519533,0.04366557137641475,0.038755020080321285,0.01144578313253012,0.01973347937203359,0.03647316538882804,0.09006936838262139,0.04994523548740416,0.038682000730193504,0.03623585250091274,0.013599853961299745,0.007082876962395034,0.012413289521723256,0.01321650237312888,0.01783497626871121,0.011975173420956553,0.009565534866739686,0.014147499087258123,0.0,0.0023366192040890836,0.004454180357794816,0.003687477181453085,0.007447973713033954,0.0014786418400876233,0.016721431179262506,0.0059875867104782765,0.0,1.8254837531945966e-05,0.0006936838262139467,0.0,0.0,0.0,0.0,0.0,0.0,0.0,0.0,0.0,0.0,0.0,0.0,0.0,0.0,0.0,0.0,0.0,0.0,0.0,0.0,0.0,0.0,0.0,0.0,0.0,0.0,0.0,0.0,0.0,0.0,0.0,0.0,nan,nan,4.374347069065584,2.8591978367298188,nan,0.9031242946299111,0.03656777958526582,0.0,0.0,0.0,0.0,0.0,0.0,0.0,0.0,0.0,0.0,0.0,0.0,0.0,0.0,0.0,0.0,0.0,0.0,0.0,0.0,0.0,0.0,0.06271777003484322,0.20905923344947672,0.5853658536585368,3.6376306620209067,8.905923344947738,11.10104529616725,4.202090592334495,1.2961672473867598,0.9023503700922604,0.03515760152086047,0.0,0.0,0.0,0.0,0.0,0.0,0.0,0.0,0.0,0.0,0.0,0.0,0.0,0.0,0.0,0.0,0.0,0.0,0.0,0.0,0.0,0.02300613496932516,0.04601226993865032,0.13803680981595048,0.5981595092024542,3.5889570552147245,8.926380368098162,11.618098159509206,3.911042944785277,1.150306748466258,0.3997,0.02324,0.0,0.0,0.0,0.0,0.0,0.0,0.0,0.0,0.0,0.0,2.3623693379790947,13.12891986062716,12.083623693379794,2.3832752613240427,0.04181184668989548,0.0,0.0,0.0,0.0,0.0,0.0,0.0,0.0,0.0,0.0,0.0,0.0,0.0,0.0,0.0,0.3997,0.02393,0.0,0.0,0.0,0.0,0.0,0.0,0.0,0.0,0.0,0.13803680981595093,2.3696319018404917,12.929447852760717,12.170245398773009,2.3696319018404917,0.02300613496932516,0.0,0.0,0.0,0.0,0.0,0.0,0.0,0.0,0.0,0.0,0.0,0.0,0.0,0.0,0.0
7300,3067,1544,0.5034235409194653,728,698,0.46494946201499837,878,0.5725464623410499,0.44599999999999995,2.912672357189757,3.037021018494965,6.663316582914573,1.8586240805067549,6649.800000000002,1.8189894035458565e-12,6649.8,6649.8,6649.800000000002,1.8189894035458565e-12,6649.800000000001,9.094947017729282e-13,27.193022497554615,20.340304452584217,32.097779509154655,18.604807482218405,0.14313661558526247,0.10107597000326052,0.09520704271274862,0.08444734268014346,0.08053472448646887,0.08444734268014346,0.07042712748614281,0.06651450929246822,0.0626018910987936,0.05053798500163026,0.04075643951744375,0.03651776980762961,0.03162699706553636,0.01793283338767525,0.019237039452233453,0.010107597000326051,0.00489077274209325,0.9033635258285938,0.03661550753471636,0.0,0.0,0.0,0.0,0.0,0.0,0.0,0.0,0.0,0.0,0.0,0.0,0.0,0.0,0.0,0.0,0.0,0.0,0.0,0.0,0.0,0.0,0.06847081838930553,0.12716009129442413,0.6944897293772417,2.914900554287578,10.27062275839583,10.427127486142814,4.049559830453213,1.4476687316596024,4.29474216380182,2.85326745081077,8.0,0.0,1.8627427898763977,4.293103448275862,2.806521871220537,4.300100704934541,2.8999027642707405,1.0016298830771222,0.3994,0.02402,0.0,0.0,0.0,0.0,0.0,0.0,0.0,0.0,0.0,0.11737854581023803,2.6116726442777964,12.41278121943265,12.549722856211284,2.249755461362896,0.058689272905119015,0.0,0.0,0.0,0.0,0.0,0.0,0.0,0.0,0.0,0.0,0.0,0.0,0.0,0.0,0.0,nan,nan,4.296614451743305,2.853761585677077,nan,0.3994,0.1083,0.0,0.0,0.0,0.0,0.0,0.0,0.0,0.0,0.0,0.0,0.0,0.0009455493968046952,0.024665797195956962,0.00011411803064884252,0.0011737854581023801,0.0005053798500163026,0.0007010107597000327,0.01221062927942615,0.0016465601565047278,0.005542875774372351,0.00208672970329312,1.63025758069775e-05,0.008314313661558527,0.006162373655037496,0.007059015324421258,0.013221388979458754,0.007694815780893381,0.03800130420606456,0.02546462341049886,0.036957939354418,0.008901206390609716,0.01984023475709162,0.022220410824910337,0.02153570264101728,0.01944897293772416,0.03839256602543202,0.026540593413759375,0.06273231170524943,0.04380502119334855,0.01873165960221715,0.016726442777958917,0.042859471796543855,0.04113139876100424,0.011477013368112162,0.020394522334528854,0.036778611020541245,0.08938702314965764,0.04758721878056733,0.038359960873818065,0.036892729051190086,0.015487447016628627,0.006993805021193349,0.012080208672970329,0.014492989892403,0.019122921421584612,0.01044995109227258,0.011036843821323769,0.012552983371372678,9.781545484186502e-05,0.0019889142484512553,0.004238669709814151,0.0036517769807629607,0.007270948809911966,0.0018421910661884577,0.016139550048907728,0.0054939680469514186,0.0,0.0,0.0008314313661558526,0.0,0.0,0.0,0.0,0.0,0.0,0.0,0.0,0.0,0.0,0.0,0.0,0.0,0.0,0.0,0.0,0.0,0.0,0.0,0.0,0.0,0.0,0.0,0.0,0.0,0.0,0.0,0.0,0.0,0.0,0.0,0.0,nan,nan,4.296614451743305,2.853761585677077,nan,0.9032225934257779,0.03630178779924585,0.0,0.0,0.0,0.0,0.0,0.0,0.0,0.0,0.0,0.0,0.0,0.0,0.0,0.0,0.0,0.0,0.0,0.0,0.0,0.0,0.0,0.0,0.019430051813471506,0.17487046632124298,0.7189119170984457,2.759067357512954,10.414507772020727,10.686528497409329,3.9054404145077726,1.3212435233160624,0.9035064014884413,0.03693028376847425,0.0,0.0,0.0,0.0,0.0,0.0,0.0,0.0,0.0,0.0,0.0,0.0,0.0,0.0,0.0,0.0,0.0,0.0,0.0,0.0,0.0,0.0,0.11818778726198295,0.07879185817465505,0.6697307944845701,3.0728824688115566,10.124753775443207,10.164149704530534,4.195666447800395,1.575837163493106,0.399,0.02362,0.0,0.0,0.0,0.0,0.0,0.0,0.0,0.0,0.0,0.09715025906735753,2.6619170984455964,12.746113989637287,12.279792746113992,2.1955958549222805,0.019430051813471506,0.0,0.0,0.0,0.0,0.0,0.0,0.0,0.0,0.0,0.0,0.0,0.0,0.0,0.0,0.0,0.4001,0.02438,0.0,0.0,0.0,0.0,0.0,0.0,0.0,0.0,0.0,0.1378857518056468,2.5607353906762973,12.074852265265905,12.82337491792515,2.304661851608668,0.09848982271831913,0.0,0.0,0.0,0.0,0.0,0.0,0.0,0.0,0.0,0.0,0.0,0.0,0.0,0.0,0.0
7400,3020,1514,0.5013245033112583,694,636,0.44039735099337746,849,0.562251655629139,0.478,2.905046480743692,3.0120851807267583,6.462264150943396,2.0312396452073336,6649.800000000003,2.7284841053187847e-12,6649.8,6649.8,6649.800000000002,1.8189894035458565e-12,6649.800000000002,1.8189894035458565e-12,27.693377483443708,21.009931958730526,32.87863111818544,19.22725199957735,0.147682119205298,0.09735099337748344,0.09304635761589404,0.09072847682119205,0.0781456953642384,0.07185430463576159,0.0728476821192053,0.05662251655629139,0.057947019867549666,0.04867549668874172,0.05198675496688742,0.041390728476821195,0.02880794701986755,0.026158940397350994,0.0195364238410596,0.008940397350993378,0.008278145695364239,0.9016485327719063,0.035982629326028026,0.0,0.0,0.0,0.0,0.0,0.0,0.0,0.0,0.0,0.0,0.0,0.0,0.0,0.0,0.0,0.0,0.0,0.0,0.0,0.0,0.0,0.0,0.03973509933774835,0.16887417218542994,0.8145695364238412,3.278145695364239,9.72516556291391,11.125827814569538,3.605960264900663,1.241721854304636,4.381373569198751,2.824879540659916,nan,nan,nan,4.418162618796199,2.84710853952868,4.345641025641026,2.802657891315455,0.9835855763102417,0.4019,0.02441,0.0,0.0,0.0,0.0,0.0,0.0,0.0,0.0,0.0,0.0794701986754967,2.3443708609271527,11.413907284768195,13.350993377483446,2.7814569536423845,0.02980132450331126,0.0,0.0,0.0,0.0,0.0,0.0,0.0,0.0,0.0,0.0,0.0,0.0,0.0,0.0,0.0,nan,nan,4.381373569198751,2.824879540659916,nan,0.4019,0.1083,0.0,0.0,0.0,0.0,0.0,0.0,0.0,0.0,0.0,0.0,0.0,0.0006456953642384106,0.023741721854304634,0.0002152317880794702,0.0014735099337748344,0.0003642384105960265,0.0011258278145695364,0.01033112582781457,0.0018211920529801326,0.005513245033112583,0.0021026490066225166,1.6556291390728477e-05,0.008079470198675496,0.0075,0.006076158940397351,0.012731788079470199,0.008311258278145696,0.04043046357615894,0.024701986754966886,0.03483443708609271,0.008427152317880795,0.0198841059602649,0.018890728476821193,0.01980132450331126,0.01882450331125828,0.036374172185430466,0.02935430463576159,0.060331125827814566,0.04612582781456954,0.01824503311258278,0.01607615894039735,0.04125827814569536,0.037731788079470197,0.011920529801324504,0.01970198675496689,0.03915562913907285,0.09091059602649007,0.05124172185430464,0.04082781456953642,0.03718543046357616,0.015695364238410597,0.007549668874172186,0.012599337748344371,0.01577814569536424,0.016473509933774836,0.010132450331125828,0.011258278145695364,0.01400662251655629,6.622516556291391e-05,0.001970198675496689,0.005728476821192053,0.004470198675496689,0.00706953642384106,0.001970198675496689,0.017963576158940397,0.004817880794701987,0.0,1.6556291390728477e-05,0.0001490066225165563,0.0,0.0,0.0,0.0,0.0,0.0,0.0,0.0,0.0,0.0,0.0,0.0,0.0,0.0,0.0,0.0,0.0,0.0,0.0,0.0,0.0,0.0,0.0,0.0,0.0,0.0,0.0,0.0,0.0,0.0,0.0,0.0,nan,nan,4.381373569198751,2.824879540659916,nan,0.9008077312570897,0.036638708976126665,0.0,0.0,0.0,0.0,0.0,0.0,0.0,0.0,0.0,0.0,0.0,0.0,0.0,0.0,0.0,0.0,0.0,0.0,0.0,0.0,0.0,0.0,0.05944517833553502,0.17833553500660446,0.9313077939233819,3.328929986789961,9.749009247027743,10.700132100396303,3.9431968295904896,1.1096433289299872,0.9024938006958322,0.035290592999514314,0.0,0.0,0.0,0.0,0.0,0.0,0.0,0.0,0.0,0.0,0.0,0.0,0.0,0.0,0.0,0.0,0.0,0.0,0.0,0.0,0.0,0.0,0.019920318725099605,0.1593625498007963,0.6972111553784862,3.227091633466136,9.701195219123509,11.553784860557771,3.2669322709163353,1.3745019920318728,0.402,0.02444,0.0,0.0,0.0,0.0,0.0,0.0,0.0,0.0,0.0,0.0990752972258917,2.2985468956406874,11.492734478203419,13.216644649933952,2.873183619550859,0.01981505944517834,0.0,0.0,0.0,0.0,0.0,0.0,0.0,0.0,0.0,0.0,0.0,0.0,0.0,0.0,0.0,0.4016,0.02437,0.0,0.0,0.0,0.0,0.0,0.0,0.0,0.0,0.0,0.059760956175298814,2.3904382470119527,11.334661354581657,13.486055776892433,2.689243027888447,0.03984063745019921,0.0,0.0,0.0,0.0,0.0,0.0,0.0,0.0,0.0,0.0,0.0,0.0,0.0,0.0,0.0
7500,3352,1685,0.5026849642004774,797,737,0.45763723150357993,965,0.5757756563245824,0.44599999999999995,2.967006598680264,3.0175635999495523,6.504237288135593,1.9484845944684248,6649.800000000003,2.7284841053187847e-12,6649.8,6649.8,6649.800000000002,1.8189894035458565e-12,6649.800000000002,1.8189894035458565e-12,27.6631861575179,20.541511155232087,32.71474473402356,18.683912029888788,0.1434964200477327,0.09844868735083533,0.08621718377088305,0.0883054892601432,0.08591885441527446,0.07577565632458234,0.06861575178997613,0.06443914081145585,0.06414081145584725,0.04683770883054893,0.05220763723150358,0.03609785202863962,0.03371121718377088,0.025059665871121718,0.015214797136038186,0.011933174224343675,0.003579952267303103,0.9001372173819735,0.0355040694658059,0.0,0.0,0.0,0.0,0.0,0.0,0.0,0.0,0.0,0.0,0.0,0.0,0.0,0.0,0.0,0.0,0.0,0.0,0.0,0.0,0.0,0.017899761336515517,0.05369928400954655,0.1610978520286391,0.742840095465394,3.3472553699284013,10.596658711217186,10.596658711217186,3.4278042959427215,1.0560859188544156,4.313625866050808,2.7892939529740657,2.5,2.5,0.5795588392761538,4.315789473684211,2.789639187410661,4.308118081180812,2.7895245135841864,0.9982224822248222,0.402,0.024,0.0,0.0,0.0,0.0,0.0,0.0,0.0,0.0,0.0,0.07159904534606207,2.1032219570405735,11.661694510739839,13.236873508353224,2.8639618138424825,0.0626491646778043,0.0,0.0,0.0,0.0,0.0,0.0,0.0,0.0,0.0,0.0,0.0,0.0,0.0,0.0,0.0,nan,nan,4.311952007383479,2.789584461681523,nan,0.402,0.10944,0.0,0.0,0.0,0.0,0.0,0.0,0.0,0.0,1.4916467780429595e-05,1.4916467780429595e-05,0.0,0.0005817422434367542,0.02464200477326969,0.0002535799522673031,0.0017004773269689737,0.00047732696897374703,0.0016258949880668257,0.009755369928400955,0.0017452267303102625,0.005638424821002386,0.002505966587112172,5.966587112171838e-05,0.008114558472553698,0.00806980906921241,0.006533412887828162,0.012723747016706444,0.007980310262529832,0.042183770883054895,0.02571599045346062,0.03439737470167065,0.00990453460620525,0.017750596658711218,0.019286992840095465,0.02091288782816229,0.016005369928400955,0.03372613365155131,0.024477923627684965,0.06105310262529833,0.046733293556085916,0.01986873508353222,0.015274463007159905,0.03867840095465394,0.03557577565632458,0.014051312649164678,0.020017899761336517,0.03840990453460621,0.09216885441527446,0.053207040572792366,0.03890214797136038,0.037067422434367545,0.014901551312649164,0.008681384248210024,0.01215692124105012,0.015453460620525059,0.017914677804295943,0.010113365155131265,0.012619331742243436,0.01664677804295943,0.00010441527446300715,0.0019689737470167065,0.006652744630071599,0.003967780429594272,0.0065483293556085915,0.0018496420047732698,0.017183770883054894,0.004922434367541766,0.0,0.0002684964200477327,0.00022374701670644392,0.0,1.4916467780429595e-05,0.0,0.0,0.0,0.0,0.0,0.0,0.0,0.0,0.0,0.0,0.0,0.0,0.0,0.0,0.0,0.0,0.0,0.0,0.0,0.0,0.0,0.0,0.0,0.0,0.0,0.0,0.0,0.0,0.0,0.0,nan,nan,4.311952007383479,2.789584461681523,nan,0.89906771741918,0.035152334895481974,0.0,0.0,0.0,0.0,0.0,0.0,0.0,0.0,0.0,0.0,0.0,0.0,0.0,0.0,0.0,0.0,0.0,0.0,0.0,0.0,0.0,0.017804154302670627,0.08902077151335314,0.1602373887240351,0.8011869436201782,3.3471810089020777,10.842729970326412,10.54005934718101,3.329376854599407,0.8724035608308607,0.9012182656347072,0.03582366192114762,0.0,0.0,0.0,0.0,0.0,0.0,0.0,0.0,0.0,0.0,0.0,0.0,0.0,0.0,0.0,0.0,0.0,0.0,0.0,0.0,0.0,0.01799640071985603,0.01799640071985603,0.16196760647870376,0.6838632273545292,3.347330533893222,10.347930413917219,10.653869226154772,3.527294541091782,1.2417516496700662,0.4023,0.02419,0.0,0.0,0.0,0.0,0.0,0.0,0.0,0.0,0.0,0.10682492581602375,2.011869436201781,11.537091988130546,13.264094955489616,2.9910979228486654,0.08902077151335314,0.0,0.0,0.0,0.0,0.0,0.0,0.0,0.0,0.0,0.0,0.0,0.0,0.0,0.0,0.0,0.4016,0.0238,0.0,0.0,0.0,0.0,0.0,0.0,0.0,0.0,0.0,0.03599280143971206,2.195560887822436,11.78764247150568,13.209358128374328,2.735452909418117,0.03599280143971206,0.0,0.0,0.0,0.0,0.0,0.0,0.0,0.0,0.0,0.0,0.0,0.0,0.0,0.0,0.0
7600,3256,1658,0.5092137592137592,753,695,0.44471744471744473,947,0.5816953316953317,0.44999999999999996,2.879224030037547,3.0282039102867766,6.632558139534884,1.9493255757077028,6649.800000000001,9.094947017729282e-13,6649.8,6649.8,6649.800000000001,9.094947017729282e-13,6649.800000000003,2.7284841053187847e-12,27.837223587223587,20.91758521343491,32.89790672052883,19.134673743841475,0.14527027027027026,0.09613022113022113,0.09060196560196561,0.09060196560196561,0.07954545454545454,0.07831695331695332,0.07063882063882064,0.05927518427518427,0.05497542997542997,0.049754299754299756,0.048832923832923834,0.0386977886977887,0.036855036855036855,0.02364864864864865,0.020577395577395578,0.011977886977886978,0.0042997542997543,0.9029418596910903,0.036304244659399715,0.0,0.0,0.0,0.0,0.0,0.0,0.0,0.0,0.0,0.0,0.0,0.0,0.0,0.0,0.0,0.0,0.0,0.0,0.0,0.0,0.009213759213759215,0.0,0.03685503685503686,0.13820638820638778,0.6726044226044228,3.206388206388207,9.97850122850123,10.853808353808356,3.5841523341523347,1.5202702702702706,4.239657631954351,2.8474623980267797,7.0,0.0,1.6510767160161506,4.275828460038986,2.824451256164511,4.207792207792208,2.8687191690906437,0.9840881707761124,0.4019,0.02336,0.0,0.0,0.0,0.0,0.0,0.0,0.0,0.0,0.0,0.01842751842751843,1.9533169533169539,12.060810810810793,13.101965601965604,2.7917690417690424,0.07371007371007372,0.0,0.0,0.0,0.0,0.0,0.0,0.0,0.0,0.0,0.0,0.0,0.0,0.0,0.0,0.0,nan,nan,4.24096958174905,2.8474213220713436,nan,0.4019,0.10944,0.0,0.0,0.0,0.0,0.0,0.0,0.0,0.0,4.606879606879607e-05,0.0,0.00019963144963144964,0.0007524570024570025,0.02496928746928747,0.0003531941031941032,0.0016277641277641277,0.00012285012285012285,0.0014434889434889436,0.009474815724815724,0.0016891891891891893,0.005835380835380835,0.002840909090909091,0.00018427518427518427,0.00648034398034398,0.008553439803439804,0.007585995085995086,0.013206388206388206,0.006971744471744472,0.04421068796068796,0.024677518427518426,0.03140356265356265,0.011317567567567568,0.018273955773955772,0.019686732186732187,0.02043918918918919,0.017321867321867322,0.03490479115479116,0.02645884520884521,0.058323095823095826,0.04505528255528256,0.022097665847665846,0.01587837837837838,0.038283169533169535,0.03519656019656019,0.011732186732186732,0.018872850122850122,0.0355958230958231,0.09183046683046683,0.05746314496314496,0.03923525798525798,0.03765356265356266,0.01395884520884521,0.008768427518427518,0.012484643734643735,0.0164004914004914,0.018535012285012285,0.00972051597051597,0.013544226044226044,0.016661547911547912,0.00016891891891891893,0.001934889434889435,0.0049600737100737105,0.0034705159705159705,0.007248157248157248,0.0017352579852579853,0.01633906633906634,0.005574324324324325,0.0,4.606879606879607e-05,0.00016891891891891893,0.0,3.071253071253071e-05,0.0,0.0,0.0,0.0,0.0,0.0,0.0,0.0,0.0,0.0,0.0,0.0,0.0,0.0,0.0,0.0,0.0,0.0,0.0,0.0,0.0,0.0,0.0,0.0,0.0,0.0,0.0,0.0,0.0,0.0,nan,nan,4.24096958174905,2.8474213220713436,nan,0.9023330679345333,0.03658630707345003,0.0,0.0,0.0,0.0,0.0,0.0,0.0,0.0,0.0,0.0,0.0,0.0,0.0,0.0,0.0,0.0,0.0,0.0,0.0,0.0,0.018094089264173708,0.0,0.05428226779252112,0.16284680337756283,0.6694813027744272,3.2388419782870934,10.00603136308806,10.802171290711703,3.636911942098915,1.411338962605549,0.9035735097113479,0.03599837520089747,0.0,0.0,0.0,0.0,0.0,0.0,0.0,0.0,0.0,0.0,0.0,0.0,0.0,0.0,0.0,0.0,0.0,0.0,0.0,0.0,0.0,0.0,0.018773466833541932,0.1126408010012512,0.6758448060075095,3.1727158948685865,9.949937421777223,10.907384230287862,3.529411764705883,1.633291614518148,0.4026,0.02393,0.0,0.0,0.0,0.0,0.0,0.0,0.0,0.0,0.0,0.0,1.9541616405307605,11.924004825090453,12.828709288299159,3.184559710494572,0.10856453558504224,0.0,0.0,0.0,0.0,0.0,0.0,0.0,0.0,0.0,0.0,0.0,0.0,0.0,0.0,0.0,0.4011,0.02272,0.0,0.0,0.0,0.0,0.0,0.0,0.0,0.0,0.0,0.037546933667083865,1.952440550688361,12.202753441802235,13.385481852315397,2.3842302878598254,0.037546933667083865,0.0,0.0,0.0,0.0,0.0,0.0,0.0,0.0,0.0,0.0,0.0,0.0,0.0,0.0,0.0
7700,3206,1612,0.5028072364316906,748,663,0.4401122894572676,908,0.5664379288833438,0.45799999999999996,2.866373902132999,2.98264928605173,6.374149659863946,2.035548757471025,6649.800000000003,2.7284841053187847e-12,6649.8,6649.8,6649.800000000002,1.8189894035458565e-12,6649.800000000002,1.8189894035458565e-12,27.959139114160948,21.21349491644804,33.474082482027995,19.286624476867342,0.14940736119775422,0.09451029320024953,0.09170305676855896,0.0842170929507174,0.08577666874610106,0.07236431690580163,0.06487835308796007,0.06207111665626949,0.05801621958827199,0.05240174672489083,0.04647535870243294,0.03399875233936369,0.034310667498440424,0.035558328134747345,0.017467248908296942,0.009357454772301934,0.007485963817841547,0.9036362032665733,0.03678426300602674,0.0,0.0,0.0,0.0,0.0,0.0,0.0,0.0,0.0,0.0,0.0,0.0,0.0,0.0,0.0,0.0,0.0,0.0,0.0,0.0,0.0,0.0,0.028072364316905806,0.1871490954460381,0.8234560199625703,3.0224578914535254,9.553961322520276,10.648783530879603,4.341859014348098,1.3942607610729885,4.227449078564501,2.7737447141297245,nan,nan,nan,4.205177372962608,2.7559909539477108,4.250245338567223,2.791615695793099,1.0107172567545857,0.402,0.02322,0.0,0.0,0.0,0.0,0.0,0.0,0.0,0.0,0.0,0.01871490954460387,1.890205864004991,12.052401746724872,13.25015595757954,2.7417342482844673,0.04678727386150968,0.0,0.0,0.0,0.0,0.0,0.0,0.0,0.0,0.0,0.0,0.0,0.0,0.0,0.0,0.0,nan,nan,4.227449078564501,2.7737447141297245,nan,0.402,0.1088,0.0,0.0,0.0,0.0,0.0,0.0,0.0,0.0,1.5595757953836558e-05,0.0,0.0003587024329382408,0.0007641921397379913,0.025031191515907672,0.00017155333749220212,0.0017155333749220212,0.0001091703056768559,0.0010293200249532127,0.009778540237055522,0.0016999376169681845,0.005817217716781036,0.0027136618839675606,0.00012476606363069246,0.006487835308796008,0.007579538365564567,0.008234560199625702,0.013381160324391765,0.006519026824703681,0.04207735495945103,0.024204616344354335,0.029725514660012477,0.012601372426699937,0.017685589519650654,0.020898315658140987,0.019993761696818466,0.01802869619463506,0.03816281971303805,0.0270898315658141,0.05648783530879601,0.04446350592638802,0.022177167810355582,0.01665626949469744,0.03501247660636307,0.03513724266999376,0.012694946974422958,0.017451653150343107,0.036712414223331255,0.09301310043668122,0.057485963817841546,0.043558951965065505,0.0375857766687461,0.01508109794135995,0.007751091703056769,0.013069245165315034,0.01667186525265128,0.01726450405489707,0.010527136618839675,0.013973799126637555,0.014550842170929508,0.0001091703056768559,0.0028384279475982535,0.004538365564566438,0.0025577043044291954,0.006908920773549595,0.0008265751715533375,0.017155333749220212,0.005645664379288834,3.1191515907673116e-05,1.5595757953836558e-05,4.6787273861509667e-05,0.0,0.0,0.0,0.0,0.0,0.0,0.0,0.0,0.0,0.0,0.0,0.0,0.0,0.0,0.0,0.0,0.0,0.0,0.0,0.0,0.0,0.0,0.0,0.0,0.0,0.0,0.0,0.0,0.0,0.0,0.0,0.0,nan,nan,4.227449078564501,2.7737447141297245,nan,0.9041518659213045,0.03641227967594651,0.0,0.0,0.0,0.0,0.0,0.0,0.0,0.0,0.0,0.0,0.0,0.0,0.0,0.0,0.0,0.0,0.0,0.0,0.0,0.0,0.0,0.0,0.03722084367245659,0.1302729528535976,0.6885856079404468,3.200992555831266,9.826302729528539,10.403225806451616,4.187344913151366,1.52605459057072,0.9031147175705717,0.037149380982310035,0.0,0.0,0.0,0.0,0.0,0.0,0.0,0.0,0.0,0.0,0.0,0.0,0.0,0.0,0.0,0.0,0.0,0.0,0.0,0.0,0.0,0.0,0.01882057716436638,0.2446675031367621,0.9598494353826852,2.841907151819323,9.278544542032625,10.897114178168133,4.498117942283565,1.2609786700125474,0.4026,0.02376,0.0,0.0,0.0,0.0,0.0,0.0,0.0,0.0,0.0,0.0,1.8238213399503724,12.152605459057053,12.85980148883375,3.1079404466501246,0.05583126550868487,0.0,0.0,0.0,0.0,0.0,0.0,0.0,0.0,0.0,0.0,0.0,0.0,0.0,0.0,0.0,0.4019,0.02264,0.0,0.0,0.0,0.0,0.0,0.0,0.0,0.0,0.0,0.03764115432873276,1.9573400250941035,11.95106649937263,13.644918444165624,2.371392722710164,0.03764115432873276,0.0,0.0,0.0,0.0,0.0,0.0,0.0,0.0,0.0,0.0,0.0,0.0,0.0,0.0,0.0
7800,3085,1604,0.5199351701782821,769,617,0.4492706645056726,855,0.5542949756888168,0.474,3.0817015530047267,3.1343013216999864,6.659770114942528,2.1192310343702307,6649.800000000002,1.8189894035458565e-12,6649.8,6649.8,6649.800000000002,1.8189894035458565e-12,6649.8,0.0,27.8097244732577,20.693528990084534,32.708060161974544,18.932237553912344,0.140032414910859,0.10016207455429497,0.09108589951377634,0.09043760129659643,0.08038897893030794,0.06969205834683954,0.07423014586709886,0.05672609400324149,0.06936790923824959,0.050243111831442464,0.05186385737439222,0.03630470016207456,0.0353322528363047,0.019448946515397084,0.01653160453808752,0.011669367909238249,0.006482982171799027,0.9054339492533543,0.03571893110770104,0.0,0.0,0.0,0.0,0.0,0.0,0.0,0.0,0.0,0.0,0.0,0.0,0.0,0.0,0.0,0.0,0.0,0.0,0.0,0.0,0.0,0.0,0.019448946515397088,0.10696920583468363,0.7196110210696922,2.742301458670989,9.714748784440845,11.027552674230149,4.200972447325771,1.46839546191248,4.275238573581115,2.9211270178792983,nan,nan,nan,4.277439024390244,2.9108116283457552,4.273088381330685,2.9311701394543883,0.9989828860131609,0.4038,0.0236,0.0,0.0,0.0,0.0,0.0,0.0,0.0,0.0,0.0,0.048622366288492716,1.7893030794165319,11.124797406807115,13.896272285251218,3.043760129659644,0.09724473257698543,0.0,0.0,0.0,0.0,0.0,0.0,0.0,0.0,0.0,0.0,0.0,0.0,0.0,0.0,0.0,nan,nan,4.275238573581115,2.9211270178792983,nan,0.4038,0.10895,0.0,0.0,0.0,0.0,0.0,0.0,0.0,0.0,0.0,0.0,0.00048622366288492705,0.000826580226904376,0.022917341977309564,0.00032414910858995135,0.0025283630470016205,0.00022690437601296596,0.0017504051863857374,0.010405186385737439,0.001312803889789303,0.005834683954619124,0.002252836304700162,0.00022690437601296596,0.004846029173419773,0.0078119935170178284,0.008152350081037277,0.01359805510534846,0.0070016207455429495,0.04236628849270665,0.022236628849270666,0.02873581847649919,0.012836304700162074,0.018233387358184763,0.020891410048622366,0.0186547811993517,0.01773095623987034,0.03573743922204214,0.028168557536466774,0.05790923824959481,0.04275526742301459,0.018849270664505674,0.017779578606158832,0.03700162074554295,0.03508914100486224,0.015121555915721232,0.01755267423014587,0.03683954619124798,0.0893679092382496,0.057552674230145866,0.04457050243111831,0.03985413290113452,0.016110210696920584,0.00820097244732577,0.010972447325769854,0.016353322528363048,0.01786061588330632,0.012512155591572123,0.01426256077795786,0.015283630470016208,0.00029173419773095626,0.003192868719611021,0.004959481361426256,0.0027876823338735817,0.0075364667747163695,0.0009562398703403565,0.016434359805510536,0.00593192868719611,1.620745542949757e-05,0.0,0.0,0.0,0.0,0.0,0.0,0.0,0.0,0.0,0.0,0.0,0.0,0.0,0.0,0.0,0.0,0.0,0.0,0.0,0.0,0.0,0.0,0.0,0.0,0.0,0.0,0.0,0.0,0.0,0.0,0.0,0.0,0.0,0.0,nan,nan,4.275238573581115,2.9211270178792983,nan,0.9048462881337378,0.036417351251620815,0.0,0.0,0.0,0.0,0.0,0.0,0.0,0.0,0.0,0.0,0.0,0.0,0.0,0.0,0.0,0.0,0.0,0.0,0.0,0.0,0.0,0.0,0.0374064837905237,0.1496259351620943,0.8042394014962595,2.7680798004987537,9.61346633416459,11.091022443890276,4.03990024937656,1.496259351620948,0.9060704167995157,0.034935615212278504,0.0,0.0,0.0,0.0,0.0,0.0,0.0,0.0,0.0,0.0,0.0,0.0,0.0,0.0,0.0,0.0,0.0,0.0,0.0,0.0,0.0,0.0,0.0,0.06076975016880467,0.6279540850776504,2.7143821742066176,9.824442943956788,10.958811613774479,4.375422012153951,1.4382174206617153,0.4036,0.02393,0.0,0.0,0.0,0.0,0.0,0.0,0.0,0.0,0.0,0.09351620947630924,1.8703241895261848,11.053615960099735,13.840399002493768,3.0486284289276813,0.09351620947630924,0.0,0.0,0.0,0.0,0.0,0.0,0.0,0.0,0.0,0.0,0.0,0.0,0.0,0.0,0.0,0.4038,0.02324,0.0,0.0,0.0,0.0,0.0,0.0,0.0,0.0,0.0,0.0,1.7015530047265364,11.20189061444968,13.95678595543552,3.0384875084402436,0.10128291694800812,0.0,0.0,0.0,0.0,0.0,0.0,0.0,0.0,0.0,0.0,0.0,0.0,0.0,0.0,0.0
7900,2957,1563,0.528576259722692,720,582,0.4403111261413595,806,0.5451471085559689,0.486,3.1721664275466286,3.2024784225514034,6.75,2.143573513413386,6649.8,0.0,6649.8,6649.8,6649.800000000001,9.094947017729282e-13,6649.800000000002,1.8189894035458565e-12,28.050727088265134,21.186486901701493,33.36904276985744,19.323483251992226,0.1487994589110585,0.0950287453500169,0.09029421711193777,0.08657423063916131,0.0835306053432533,0.06831247886371322,0.06290158944876564,0.06695975650997633,0.06290158944876564,0.0524179912073047,0.041596212377409535,0.041596212377409535,0.03652350355089618,0.021643557659790327,0.018938112952316538,0.013865404125803178,0.008116334122421373,0.905970424927688,0.036107614679375254,0.0,0.0,0.0,0.0,0.0,0.0,0.0,0.0,0.0,0.0,0.0,0.0,0.0,0.0,0.0,0.0,0.0,0.0,0.0,0.0,0.0,0.0,0.09130875887724046,0.16232668244842696,0.5478525532634428,2.810280689888401,8.785931687521138,11.403449442002032,4.808927967534665,1.3899222184646605,4.406003159557662,2.93388365188029,2.3333333333333335,1.8856180831641267,0.5295804948010039,4.374870197300104,2.949148786634167,4.434968017057569,2.9168529220936636,1.0137370520831803,0.406,0.02394,0.0,0.0,0.0,0.0,0.0,0.0,0.0,0.0,0.0,0.05072708826513359,1.3797768008116338,10.58167061210685,14.00067636117687,3.8958403787622595,0.09130875887724046,0.0,0.0,0.0,0.0,0.0,0.0,0.0,0.0,0.0,0.0,0.0,0.0,0.0,0.0,0.0,nan,nan,4.40273396424816,2.933678564133809,nan,0.406,0.1079,0.0,0.0,0.0,0.0,0.0,0.0,0.0,0.0,1.6909029421711195e-05,6.763611768684478e-05,0.0007947243828204261,0.0007101792357118702,0.021863375042272575,0.00033818058843422386,0.002012174501183632,0.00011836320595197835,0.002248900913087589,0.01060196144741292,0.0010821778829895165,0.00495434562056138,0.0018430842069665201,0.00042272573554277983,0.004447074737910044,0.006814338856949611,0.008437605681433886,0.013222861007778154,0.008302333446060196,0.03796077105174163,0.019766655393980384,0.028068988840040582,0.01061887047683463,0.01816029759891782,0.019377747717281027,0.01856611430503889,0.017771389922218463,0.037199864727764625,0.028965167399391274,0.06004396347649645,0.043422387554954346,0.01985120054108894,0.017669935745688196,0.03814677037538045,0.03628677713899222,0.014863036861684139,0.017331755157253975,0.03760568143388569,0.09164693946567468,0.05377071356104159,0.0451640175853906,0.04293202570172472,0.016114305038890768,0.00877578626986811,0.009807237064592493,0.01753466351031451,0.019496110923233008,0.01301995265471762,0.014575583361515048,0.014964491038214407,0.00040581670612106866,0.0030774433547514374,0.005309435238417315,0.003043625295908015,0.00821778829895164,0.0011498140006763612,0.015471761920865742,0.005546161650321272,0.0,0.0,0.0,0.0,0.0,0.0,0.0,0.0,0.0,0.0,0.0,0.0,0.0,0.0,0.0,0.0,0.0,0.0,0.0,0.0,0.0,0.0,0.0,0.0,0.0,0.0,0.0,0.0,0.0,0.0,0.0,0.0,0.0,0.0,0.0,nan,nan,4.40273396424816,2.933678564133809,nan,0.9055802692073474,0.03611556939110085,0.0,0.0,0.0,0.0,0.0,0.0,0.0,0.0,0.0,0.0,0.0,0.0,0.0,0.0,0.0,0.0,0.0,0.0,0.0,0.0,0.0,0.0,0.11516314779270635,0.15355086372360796,0.5182341650671787,2.7831094049904035,9.001919385796548,11.132437619961614,4.856046065259118,1.4395393474088294,0.9064078807317715,0.03609367852043918,0.0,0.0,0.0,0.0,0.0,0.0,0.0,0.0,0.0,0.0,0.0,0.0,0.0,0.0,0.0,0.0,0.0,0.0,0.0,0.0,0.0,0.0,0.06456241032998566,0.17216642754662786,0.5810616929698711,2.8407460545193692,8.543758967001436,11.707317073170735,4.756097560975611,1.3342898134863705,0.406,0.02393,0.0,0.0,0.0,0.0,0.0,0.0,0.0,0.0,0.0,0.057581573896353176,1.4779270633397317,10.249520153550849,14.261036468330136,3.819577735124761,0.13435700575815743,0.0,0.0,0.0,0.0,0.0,0.0,0.0,0.0,0.0,0.0,0.0,0.0,0.0,0.0,0.0,0.406,0.02396,0.0,0.0,0.0,0.0,0.0,0.0,0.0,0.0,0.0,0.04304160688665711,1.2697274031563848,10.954088952654217,13.708751793400289,3.9813486370157825,0.04304160688665711,0.0,0.0,0.0,0.0,0.0,0.0,0.0,0.0,0.0,0.0,0.0,0.0,0.0,0.0,0.0
8000,2940,1489,0.5064625850340136,717,585,0.44285714285714284,815,0.5544217687074829,0.498,2.9221226740179187,3.1777352443786078,6.85929648241206,2.157213330736957,6649.8,0.0,6649.8,6649.8,6649.800000000002,1.8189894035458565e-12,6649.8,0.0,27.368707482993198,20.705205900705845,32.466312780726824,18.93292053847301,0.14795918367346939,0.09387755102040816,0.1,0.09523809523809523,0.0782312925170068,0.07040816326530612,0.061224489795918366,0.061564625850340136,0.06394557823129252,0.055782312925170066,0.04897959183673469,0.03503401360544218,0.030952380952380953,0.02312925170068027,0.01802721088435374,0.009183673469387756,0.006462585034013605,0.9048563173839024,0.035739758758065135,0.0,0.0,0.0,0.0,0.0,0.0,0.0,0.0,0.0,0.0,0.0,0.0,0.0,0.0,0.0,0.0,0.0,0.0,0.0,0.0,0.0,0.0,0.051020408163265314,0.1734693877551015,0.7448979591836736,2.591836734693878,9.438775510204085,11.285714285714288,4.42857142857143,1.285714285714286,4.365138592750533,2.971872409853912,7.0,0.0,1.6036146049578703,4.437699680511182,2.962870235657289,4.295309168443497,2.9788163531905325,0.9679134411251366,0.4043,0.0235,0.0,0.0,0.0,0.0,0.0,0.0,0.0,0.0,0.0,0.03061224489795919,1.5408163265306125,11.316326530612228,13.806122448979595,3.244897959183674,0.06122448979591838,0.0,0.0,0.0,0.0,0.0,0.0,0.0,0.0,0.0,0.0,0.0,0.0,0.0,0.0,0.0,nan,nan,4.366542354821524,2.97170270616562,nan,0.4043,0.10754,0.0,0.0,0.0,0.0,0.0,0.0,0.0,0.0,1.7006802721088435e-05,0.00020408163265306123,0.0009013605442176871,0.0006462585034013606,0.021173469387755103,0.00011904761904761905,0.002704081632653061,0.0,0.002227891156462585,0.009829931972789115,0.0014795918367346938,0.00510204081632653,0.0019557823129251702,0.0003061224489795918,0.0053231292517006805,0.007125850340136054,0.009965986394557824,0.013860544217687076,0.009217687074829933,0.03488095238095238,0.019319727891156463,0.030068027210884352,0.011037414965986394,0.01870748299319728,0.019608843537414967,0.02316326530612245,0.01596938775510204,0.035476190476190474,0.030782312925170068,0.062142857142857146,0.043418367346938776,0.018367346938775512,0.018214285714285714,0.037312925170068026,0.03554421768707483,0.01489795918367347,0.018656462585034013,0.03816326530612245,0.08625850340136054,0.05581632653061225,0.04510204081632653,0.04214285714285714,0.01598639455782313,0.009591836734693878,0.01163265306122449,0.017568027210884355,0.018656462585034013,0.012346938775510205,0.01227891156462585,0.013724489795918367,0.0006122448979591836,0.0032482993197278914,0.004523809523809524,0.002993197278911565,0.008061224489795918,0.0008503401360544217,0.01542517006802721,0.005255102040816326,3.401360544217687e-05,0.0,0.0,0.0,0.0,0.0,0.0,0.0,0.0,0.0,0.0,0.0,0.0,0.0,0.0,0.0,0.0,0.0,0.0,0.0,0.0,0.0,0.0,0.0,0.0,0.0,0.0,0.0,0.0,0.0,0.0,0.0,0.0,0.0,0.0,nan,nan,4.366542354821524,2.97170270616562,nan,0.9041121116494716,0.03620412610753441,0.0,0.0,0.0,0.0,0.0,0.0,0.0,0.0,0.0,0.0,0.0,0.0,0.0,0.0,0.0,0.0,0.0,0.0,0.0,0.0,0.0,0.0,0.0805910006715917,0.16118200134318283,0.8663532572196107,2.639355271994628,9.308260577568841,11.464069845533917,4.372061786433849,1.108126259234386,0.9056200129997312,0.03524053717604882,0.0,0.0,0.0,0.0,0.0,0.0,0.0,0.0,0.0,0.0,0.0,0.0,0.0,0.0,0.0,0.0,0.0,0.0,0.0,0.0,0.0,0.0,0.020675396278428675,0.18607856650585744,0.6202618883528602,2.543073742246727,9.572708476912476,11.102687801516199,4.486560992419022,1.467953135768436,0.4048,0.02364,0.0,0.0,0.0,0.0,0.0,0.0,0.0,0.0,0.0,0.04029550033579585,1.3901947615849566,11.443922095366,13.942243116185361,3.082605775688382,0.1007387508394896,0.0,0.0,0.0,0.0,0.0,0.0,0.0,0.0,0.0,0.0,0.0,0.0,0.0,0.0,0.0,0.4038,0.02335,0.0,0.0,0.0,0.0,0.0,0.0,0.0,0.0,0.0,0.020675396278428675,1.6953824948311513,11.185389386629893,13.666436940041354,3.411440385940731,0.020675396278428675,0.0,0.0,0.0,0.0,0.0,0.0,0.0,0.0,0.0,0.0,0.0,0.0,0.0,0.0,0.0
8100,3178,1613,0.5075519194461926,752,646,0.43989930774071745,908,0.5714285714285714,0.45799999999999996,2.945047923322684,3.014265774719053,6.345652173913043,2.098675205492133,6649.800000000002,1.8189894035458565e-12,6649.8,6649.8,6649.800000000003,2.7284841053187847e-12,6649.800000000001,9.094947017729282e-13,27.81843926998112,20.932074504559658,32.79099437148218,19.202237438668448,0.14254247954688484,0.10037759597230964,0.09125235997482693,0.09219634990560101,0.07551919446192575,0.07457520453115167,0.06985525487728131,0.06356198867212083,0.057583385777218374,0.05286343612334802,0.04688483322844556,0.040276903713027064,0.03241032095657646,0.02485840151038389,0.015418502202643172,0.010069225928256766,0.009754562617998742,0.9045310509587474,0.03487202248563446,0.0,0.0,0.0,0.0,0.0,0.0,0.0,0.0,0.0,0.0,0.0,0.0,0.0,0.0,0.0,0.0,0.0,0.0,0.0,0.0,0.0,0.0,0.01887979861548144,0.09439899307740689,0.5569540591567025,3.02076777847703,9.70421648835746,11.0352422907489,4.238514789175583,1.3310258023914414,4.247058823529412,2.757474899263673,nan,nan,nan,4.272547076313181,2.743773842705452,4.222114451988361,2.7705909811036533,0.9881961220265035,0.4036,0.0242,0.0,0.0,0.0,0.0,0.0,0.0,0.0,0.0,0.0,0.047199496538703596,1.7558212712397738,11.507237256135918,13.14033983637508,3.426683448709881,0.12271869100062936,0.0,0.0,0.0,0.0,0.0,0.0,0.0,0.0,0.0,0.0,0.0,0.0,0.0,0.0,0.0,nan,nan,4.247058823529412,2.757474899263673,nan,0.4036,0.10767,0.0,0.0,0.0,0.0,0.0,1.5733165512901195e-05,0.0,0.0,1.5733165512901195e-05,0.00023599748269351794,0.0007866582756450598,0.001038388923851479,0.021538703587161735,0.0,0.0029421019509125236,3.146633102580239e-05,0.0022813089993706736,0.009093769666456891,0.001856513530522341,0.0048615481434864695,0.0017306482064191316,0.0005506607929515419,0.005081812460667086,0.006812460667086218,0.01066708621774701,0.01342039018250472,0.010855884203901826,0.03533668974197608,0.022451227186910006,0.03230018879798616,0.011264946507237255,0.015701699181875393,0.01895846444304594,0.023332284455632474,0.014883574575204532,0.03412523599748269,0.032331655129011955,0.058621774701069856,0.04235368156073002,0.01790434235368156,0.017920075519194462,0.036217747010698555,0.037051604782882316,0.01524543738200126,0.018879798615481436,0.038137193203272496,0.08410950283196979,0.059550031466331026,0.04490245437382001,0.04106356198867212,0.01672435494021397,0.009581497797356828,0.012287602265575834,0.016535556954059158,0.02078351164254248,0.012161736941472625,0.01354625550660793,0.014930774071743235,0.00018879798615481435,0.0031466331025802393,0.0032410320956576463,0.0031466331025802393,0.00775645059786029,0.00045626179987413466,0.01500943989930774,0.003996224040276904,1.5733165512901195e-05,0.0,0.0,0.0,3.146633102580239e-05,0.0,0.0,0.0,0.0,0.0,0.0,0.0,0.0,0.0,0.0,0.0,0.0,0.0,0.0,0.0,0.0,0.0,0.0,0.0,0.0,0.0,0.0,0.0,0.0,0.0,0.0,0.0,0.0,0.0,0.0,nan,nan,4.247058823529412,2.757474899263673,nan,0.9039030877315547,0.03390076161900486,0.0,0.0,0.0,0.0,0.0,0.0,0.0,0.0,0.0,0.0,0.0,0.0,0.0,0.0,0.0,0.0,0.0,0.0,0.0,0.0,0.0,0.0,0.018598884066955985,0.05579665220086777,0.44637321760694365,3.1060136391816497,10.080595164290145,10.93614383137012,4.184748915065097,1.171729696218227,0.9051782743999371,0.03583402908214332,0.0,0.0,0.0,0.0,0.0,0.0,0.0,0.0,0.0,0.0,0.0,0.0,0.0,0.0,0.0,0.0,0.0,0.0,0.0,0.0,0.0,0.0,0.019169329073482434,0.13418530351437657,0.6709265175718852,2.932907348242812,9.316293929712462,11.137380191693293,4.2939297124600655,1.4952076677316297,0.4033,0.02443,0.0,0.0,0.0,0.0,0.0,0.0,0.0,0.0,0.0,0.07439553626782394,1.8598884066955985,11.680099194048342,12.851828890266587,3.3477991320520775,0.18598884066955987,0.0,0.0,0.0,0.0,0.0,0.0,0.0,0.0,0.0,0.0,0.0,0.0,0.0,0.0,0.0,0.404,0.02396,0.0,0.0,0.0,0.0,0.0,0.0,0.0,0.0,0.0,0.019169329073482434,1.6485623003194891,11.329073482428099,13.437699680511184,3.507987220447285,0.057507987220447296,0.0,0.0,0.0,0.0,0.0,0.0,0.0,0.0,0.0,0.0,0.0,0.0,0.0,0.0,0.0
8200,3397,1735,0.5107447748012952,765,735,0.44156608772446276,953,0.5610833088018841,0.45399999999999996,2.8730445246690732,3.029161555954537,6.485193621867881,2.2200442024689595,6649.800000000003,2.7284841053187847e-12,6649.8,6649.8,6649.800000000002,1.8189894035458565e-12,6649.800000000002,1.8189894035458565e-12,27.124227259346483,20.678052599701708,32.29012784090909,18.949543926978162,0.1454224315572564,0.10833088018840153,0.09596702973211657,0.08860759493670886,0.07094495142773036,0.07830438622313807,0.07065057403591404,0.06476302619958788,0.05916985575507801,0.04768913747424198,0.04445098616426259,0.040624080070650576,0.02943773918163085,0.021195172210774212,0.017073888725345893,0.010891963497203415,0.006476302619958787,0.9040928212796936,0.035528397330841795,0.0,0.0,0.0,0.0,0.0,0.0,0.0,0.0,0.0,0.0,0.0,0.0,0.0,0.0,0.0,0.0,0.0,0.0,0.0,0.0,0.0,0.0,0.02649396526346777,0.21195172210774146,0.5298793052693554,2.993818074771858,9.98822490432735,10.862525758021786,3.9564321460111875,1.4306741242272596,4.373302107728337,2.8326862831101063,nan,nan,nan,4.293457943925234,2.838627779190508,4.453521126760563,2.82443218703001,1.0372807152010888,0.405,0.02374,0.0,0.0,0.0,0.0,0.0,0.0,0.0,0.0,0.0,0.04415660877244629,1.6602884898439803,10.412128348542817,14.430379746835445,3.373564910214896,0.07948189579040331,0.0,0.0,0.0,0.0,0.0,0.0,0.0,0.0,0.0,0.0,0.0,0.0,0.0,0.0,0.0,nan,nan,4.373302107728337,2.8326862831101063,nan,0.405,0.10815,0.0,0.0,0.0,0.0,0.0,0.0,0.0,0.0,0.0,0.0001177509567265234,0.0014571680894907271,0.0010450397409478953,0.019944068295554902,0.0,0.0031204003532528703,1.4718869590815426e-05,0.0024433323520753605,0.01090668236679423,0.002561083308801884,0.00363556078893141,0.0016337945245805123,0.00029437739181630853,0.005519576096555784,0.005357668531056815,0.00933176332057698,0.015307624374448043,0.009891080365027966,0.03385340005887548,0.02371209891080365,0.02999705622608184,0.010818369149249338,0.016176037680306152,0.0191786870768325,0.02344715925816897,0.013776861937003239,0.0353988813659111,0.03217544892552252,0.056299676184869,0.04214012363850456,0.01907565498969679,0.017633205769796878,0.037621430674124226,0.03419193405946423,0.016043567853988815,0.019060936120105974,0.041521931115690316,0.08108625257580218,0.05984692375625552,0.04549602590521048,0.04056520459228731,0.017839269944068297,0.008507506623491316,0.01351192228436856,0.01554312628790109,0.020680011775095673,0.011716220194289079,0.01483662054754195,0.016588166028848984,0.0006034736532234325,0.0027377097438916692,0.002708272004710038,0.0031645569620253164,0.0083014424492199,0.0004710038269060936,0.01753017368266117,0.0035472475713865174,1.4718869590815426e-05,0.0,0.0,0.0,0.0,0.0,0.0,0.0,0.0,0.0,0.0,0.0,0.0,0.0,0.0,0.0,0.0,0.0,0.0,0.0,0.0,0.0,0.0,0.0,0.0,0.0,0.0,0.0,0.0,0.0,0.0,0.0,0.0,0.0,0.0,nan,nan,4.373302107728337,2.8326862831101063,nan,0.9021091768995829,0.03569734409928108,0.0,0.0,0.0,0.0,0.0,0.0,0.0,0.0,0.0,0.0,0.0,0.0,0.0,0.0,0.0,0.0,0.0,0.0,0.0,0.0,0.0,0.0,0.03458213256484151,0.2766570605187311,0.5706051873198849,3.1123919308357353,10.340057636887611,10.651296829971184,3.6657060518732,1.3487031700288188,0.9061635932408802,0.03523222027268575,0.0,0.0,0.0,0.0,0.0,0.0,0.0,0.0,0.0,0.0,0.0,0.0,0.0,0.0,0.0,0.0,0.0,0.0,0.0,0.0,0.0,0.0,0.01805054151624549,0.14440433212996345,0.4873646209386283,2.870036101083033,9.620938628158846,11.083032490974732,4.259927797833936,1.5162454873646212,0.4048,0.02342,0.0,0.0,0.0,0.0,0.0,0.0,0.0,0.0,0.0,0.03458213256484151,1.538904899135447,10.755043227665691,14.455331412103751,3.146974063400577,0.06916426512968302,0.0,0.0,0.0,0.0,0.0,0.0,0.0,0.0,0.0,0.0,0.0,0.0,0.0,0.0,0.0,0.4055,0.02405,0.0,0.0,0.0,0.0,0.0,0.0,0.0,0.0,0.0,0.05415162454873647,1.7870036101083036,10.054151624548721,14.404332129963901,3.610108303249098,0.09025270758122746,0.0,0.0,0.0,0.0,0.0,0.0,0.0,0.0,0.0,0.0,0.0,0.0,0.0,0.0,0.0
8300,3350,1712,0.511044776119403,830,679,0.45044776119402985,929,0.5546268656716418,0.474,3.029304029304029,3.1412216002693,6.7214912280701755,2.0237782679911427,6649.800000000002,1.8189894035458565e-12,6649.8,6649.8,6649.800000000001,9.094947017729282e-13,6649.800000000001,9.094947017729282e-13,27.67731343283582,20.844629043150086,32.71046054980364,19.09115082464425,0.14417910447761195,0.09343283582089552,0.10029850746268656,0.08895522388059701,0.07791044776119403,0.07820895522388059,0.06955223880597015,0.060298507462686564,0.05522388059701493,0.056716417910447764,0.04776119402985075,0.03492537313432836,0.028358208955223882,0.02626865671641791,0.021194029850746268,0.010149253731343283,0.006567164179104477,0.9020430807747059,0.03517604695401631,0.0,0.0,0.0,0.0,0.0,0.0,0.0,0.0,0.0,0.0,0.0,0.0,0.0,0.0,0.0,0.0,0.0,0.0,0.0,0.008955223880597017,0.017910447761194034,0.008955223880597017,0.026865671641791048,0.0626865671641789,0.6895522388059703,3.250746268656717,10.101492537313435,10.970149253731346,3.7522388059701504,1.1104477611940302,4.3691806331471135,2.9202815925925036,4.5,3.2015621187164243,1.0299413958444326,4.342226310947562,2.8934929713545694,4.397183098591549,2.9482216409912567,1.012656361900215,0.4062,0.02304,0.0,0.0,0.0,0.0,0.0,0.0,0.0,0.0,0.0,0.0,1.4328358208955227,10.397014925373119,14.43582089552239,3.6447761194029855,0.08955223880597017,0.0,0.0,0.0,0.0,0.0,0.0,0.0,0.0,0.0,0.0,0.0,0.0,0.0,0.0,0.0,nan,nan,4.3694237918215615,2.9208349818851813,nan,0.4062,0.1085,0.0,0.0,0.0,0.0,0.0,0.0,0.0,0.0,0.0,0.00019402985074626865,0.0010895522388059701,0.0008955223880597015,0.018029850746268658,4.477611940298508e-05,0.003298507462686567,0.0,0.002716417910447761,0.012014925373134328,0.0029402985074626865,0.004044776119402985,0.0010298507462686568,0.0005223880597014925,0.006164179104477612,0.005985074626865671,0.010059701492537314,0.013149253731343284,0.009761194029850746,0.03353731343283582,0.023865671641791045,0.031134328358208955,0.008462686567164179,0.016955223880597014,0.017895522388059703,0.023925373134328357,0.013701492537313432,0.03792537313432836,0.029955223880597015,0.05586567164179104,0.03986567164179104,0.020686567164179104,0.015611940298507463,0.03928358208955224,0.03343283582089552,0.01608955223880597,0.018850746268656716,0.04304477611940299,0.08186567164179104,0.05870149253731343,0.0455820895522388,0.04094029850746269,0.016253731343283583,0.0070895522388059705,0.013761194029850746,0.015701492537313434,0.021104477611940297,0.01208955223880597,0.016791044776119403,0.017149253731343284,0.0008955223880597015,0.0018805970149253731,0.0024029850746268657,0.003716417910447761,0.009268656716417911,0.000417910447761194,0.01819402985074627,0.004119402985074627,1.4925373134328359e-05,0.0,0.0,2.9850746268656717e-05,0.0,0.0,0.0,0.0,0.0,0.0,0.0,0.0,0.0,0.0,0.0,0.0,0.0,0.0,0.0,0.0,0.0,0.0,0.0,0.0,0.0,0.0,0.0,0.0,0.0,0.0,0.0,0.0,0.0,0.0,0.0,nan,nan,4.3694237918215615,2.9208349818851813,nan,0.9011619954465706,0.03504530854676185,0.0,0.0,0.0,0.0,0.0,0.0,0.0,0.0,0.0,0.0,0.0,0.0,0.0,0.0,0.0,0.0,0.0,0.0,0.0,0.017523364485981314,0.0,0.0,0.05257009345794393,0.05257009345794376,0.8060747663551403,3.1542056074766363,10.408878504672899,11.057242990654208,3.417056074766356,1.0338785046728975,0.9029639709345151,0.03528867013140705,0.0,0.0,0.0,0.0,0.0,0.0,0.0,0.0,0.0,0.0,0.0,0.0,0.0,0.0,0.0,0.0,0.0,0.0,0.0,0.0,0.03663003663003664,0.01831501831501832,0.0,0.07326007326007304,0.5677655677655679,3.351648351648352,9.780219780219783,10.879120879120881,4.102564102564104,1.1904761904761907,0.4065,0.02248,0.0,0.0,0.0,0.0,0.0,0.0,0.0,0.0,0.0,0.0,1.174065420560748,10.741822429906527,14.632009345794398,3.382009345794393,0.07009345794392526,0.0,0.0,0.0,0.0,0.0,0.0,0.0,0.0,0.0,0.0,0.0,0.0,0.0,0.0,0.0,0.406,0.02364,0.0,0.0,0.0,0.0,0.0,0.0,0.0,0.0,0.0,0.0,1.7032967032967037,10.03663003663002,14.230769230769234,3.9194139194139206,0.1098901098901099,0.0,0.0,0.0,0.0,0.0,0.0,0.0,0.0,0.0,0.0,0.0,0.0,0.0,0.0,0.0
8400,3401,1713,0.5036753895912967,788,722,0.44398706262863863,961,0.5651279035577771,0.47,3.015402843601896,3.172340428620958,6.82441113490364,2.1000671515021128,6649.800000000001,9.094947017729282e-13,6649.8,6649.8,6649.800000000001,9.094947017729282e-13,6649.800000000001,9.094947017729282e-13,27.566009997059687,20.75164628431817,32.54654021777309,19.014327168245995,0.14378124081152602,0.10202881505439576,0.09026756836224639,0.08703322552190532,0.08850338135842399,0.07527197882975595,0.06380476330491032,0.06321670097030285,0.05821817112613937,0.05292561011467216,0.041458394589826524,0.039694207586004115,0.031461334901499556,0.026756836224639813,0.019406057042046457,0.012349309026756836,0.0038224051749485444,0.9044579064555114,0.03504949479260229,0.0,0.0,0.0,0.0,0.0,0.0,0.0,0.0,0.0,0.0,0.0,0.0,0.0,0.0,0.0,0.0,0.0,0.0,0.0,0.0,0.0,0.008820935019112028,0.008820935019112028,0.10585122022934397,0.6174654513378419,2.9461922963834173,9.694207586004119,11.132019994119378,4.128197588944429,1.3584239929432522,4.489664676159853,2.938507542216085,0.0,0.0,0.0,4.427637721755369,2.9391815148208296,4.545618789521228,2.938460389219942,1.0266465043393578,0.407,0.02374,0.0,0.0,0.0,0.0,0.0,0.0,0.0,0.0,0.0,0.026462805057336083,1.331961187885916,10.002940311673022,14.7397824169362,3.757718318141724,0.14113496030579245,0.0,0.0,0.0,0.0,0.0,0.0,0.0,0.0,0.0,0.0,0.0,0.0,0.0,0.0,0.0,nan,nan,4.487603305785124,2.939406848554611,nan,0.407,0.1079,0.0,0.0,0.0,0.0,0.0,0.0,0.0,0.0,0.0,0.00026462805057336075,0.0013378418112319906,0.0006174654513378418,0.015216112907968244,0.0,0.0024992649220817406,0.0,0.002896206997941782,0.011364304616289327,0.003087327256689209,0.0035136724492796237,0.0011320199941193766,0.0004410467509556013,0.006057042046456925,0.006762716847985887,0.01009997059688327,0.014069391355483681,0.010026462805057337,0.03531314319317848,0.02394883857688915,0.030814466333431344,0.00911496618641576,0.01773007938841517,0.017774184063510733,0.02391943546015878,0.013643046162893267,0.03873860629226698,0.028212290502793298,0.05727727139076742,0.04101734783887092,0.020920317553660688,0.017627168479858867,0.03688620993825346,0.03356365774772126,0.01452513966480447,0.02011173184357542,0.04098794472214055,0.08623934137018524,0.055821817112613935,0.04116436342252279,0.040693913554836814,0.0179211996471626,0.007130255807115554,0.014510438106439283,0.01665686562775654,0.01930314613349015,0.012319905910026463,0.016598059394295796,0.016818582769773598,0.0008673919435460159,0.0019700088209350193,0.0017641870038224052,0.003910614525139665,0.009541311379006174,0.00032343428403410764,0.020097030285210232,0.0048074095854160545,0.0,0.0,0.0,0.0,2.940311673037342e-05,0.0,0.0,0.0,0.0,0.0,0.0,0.0,0.0,0.0,0.0,0.0,0.0,0.0,0.0,0.0,0.0,0.0,0.0,0.0,0.0,0.0,0.0,0.0,0.0,0.0,0.0,0.0,0.0,0.0,0.0,nan,nan,4.487603305785124,2.939406848554611,nan,0.9046030125629115,0.035223480106218175,0.0,0.0,0.0,0.0,0.0,0.0,0.0,0.0,0.0,0.0,0.0,0.0,0.0,0.0,0.0,0.0,0.0,0.0,0.0,0.0,0.0,0.017513134851138357,0.0,0.0875656742556915,0.735551663747811,2.9246935201401056,9.28196147110333,11.401050788091071,4.220665499124344,1.330998248686515,0.904310651264767,0.03487142797120831,0.0,0.0,0.0,0.0,0.0,0.0,0.0,0.0,0.0,0.0,0.0,0.0,0.0,0.0,0.0,0.0,0.0,0.0,0.0,0.0,0.0,0.0,0.017772511848341235,0.12440758293838824,0.49763033175355464,2.9680094786729865,10.112559241706164,10.859004739336495,4.03436018957346,1.3862559241706165,0.4067,0.02397,0.0,0.0,0.0,0.0,0.0,0.0,0.0,0.0,0.0,0.05253940455341507,1.4010507880910685,10.07005253940454,14.570928196147115,3.7653239929947473,0.14010507880910686,0.0,0.0,0.0,0.0,0.0,0.0,0.0,0.0,0.0,0.0,0.0,0.0,0.0,0.0,0.0,0.4072,0.0235,0.0,0.0,0.0,0.0,0.0,0.0,0.0,0.0,0.0,0.0,1.2618483412322277,9.934834123222734,14.911137440758298,3.750000000000001,0.14218009478672988,0.0,0.0,0.0,0.0,0.0,0.0,0.0,0.0,0.0,0.0,0.0,0.0,0.0,0.0,0.0
8500,3544,1808,0.510158013544018,824,747,0.4432844243792325,1021,0.5761851015801355,0.46199999999999997,2.983294930875576,3.0397250391996704,6.509127789046653,1.98330195965797,6649.800000000003,2.7284841053187847e-12,6649.8,6649.8,6649.800000000001,9.094947017729282e-13,6649.800000000001,9.094947017729282e-13,28.061230248306998,21.130811761737064,33.312648355374705,19.279122129659246,0.14475169300225735,0.10581264108352144,0.08493227990970655,0.08267494356659143,0.077313769751693,0.0806997742663657,0.06743792325056433,0.058972911963882615,0.0567155756207675,0.04853273137697517,0.050225733634311515,0.03922121896162528,0.03668171557562077,0.031884875846501126,0.019187358916478554,0.008465011286681716,0.006489841986455982,0.9042123220104127,0.03698823729512723,0.0,0.0,0.0,0.0,0.0,0.0,0.0,0.0,0.0,0.0,0.0,0.0,0.0,0.0,0.0,0.0,0.0,0.0,0.0,0.0,0.0,0.0,0.03386004514672687,0.22009029345372394,0.8041760722347631,2.911963882618511,9.650112866817159,10.572799097065465,4.351015801354403,1.4559819413092554,4.367044463818657,2.816453445267094,2.0,0.0,0.4579756438410861,4.420726306465899,2.8279816256089503,4.313036020583191,2.803872269195143,0.9756396848804693,0.406,0.02359,0.0,0.0,0.0,0.0,0.0,0.0,0.0,0.0,0.0,0.02539503386004515,1.4729119638826187,10.454288939051905,14.178893905191877,3.7669300225733644,0.1015801354401806,0.0,0.0,0.0,0.0,0.0,0.0,0.0,0.0,0.0,0.0,0.0,0.0,0.0,0.0,0.0,nan,nan,4.366013071895424,2.8162730528707365,nan,0.406,0.1074,0.0,0.0,0.0,0.0,0.0,0.0,0.0,0.0,0.0,0.00025395033860045146,0.001100451467268623,0.0009170428893905192,0.014348194130925508,8.465011286681715e-05,0.0033718961625282167,0.0,0.003061512415349887,0.01131489841986456,0.003160270880361174,0.0027934537246049663,0.0007900677200902935,0.0004091422121896162,0.0058126410835214444,0.006334650112866817,0.01097629796839729,0.0136568848758465,0.010637697516930023,0.03497460496613995,0.023885440180586907,0.032632618510158015,0.008874153498871332,0.021261286681715577,0.017367381489841988,0.023645598194130927,0.014150677200902935,0.038318284424379234,0.030911399548532732,0.058140519187358915,0.040081828442437926,0.02080981941309255,0.016027088036117382,0.03532731376975169,0.034466704288939054,0.0125,0.021190744920993227,0.04036399548532731,0.0842127539503386,0.061526523702031606,0.04082957110609481,0.03864277652370203,0.017409706546275393,0.006419300225733634,0.014164785553047404,0.01781884875846501,0.018834650112866818,0.012753950338600452,0.014545711060948081,0.01584367945823928,0.001128668171557562,0.0023702031602708803,0.0014954853273137698,0.004839164785553047,0.009071670428893905,0.0007477426636568849,0.019554176072234763,0.003809255079006772,1.4108352144469525e-05,0.0,0.0,0.0,1.4108352144469525e-05,0.0,0.0,0.0,0.0,0.0,0.0,0.0,0.0,0.0,0.0,0.0,0.0,0.0,0.0,0.0,0.0,0.0,0.0,0.0,0.0,0.0,0.0,0.0,0.0,0.0,0.0,0.0,0.0,0.0,0.0,nan,nan,4.366013071895424,2.8162730528707365,nan,0.9046262496736197,0.03695592365916499,0.0,0.0,0.0,0.0,0.0,0.0,0.0,0.0,0.0,0.0,0.0,0.0,0.0,0.0,0.0,0.0,0.0,0.0,0.0,0.0,0.0,0.0,0.04977876106194691,0.21570796460176925,0.8130530973451329,2.621681415929204,9.640486725663719,10.719026548672568,4.480088495575222,1.4601769911504427,0.9037812268404367,0.0370169409510212,0.0,0.0,0.0,0.0,0.0,0.0,0.0,0.0,0.0,0.0,0.0,0.0,0.0,0.0,0.0,0.0,0.0,0.0,0.0,0.0,0.0,0.0,0.017281105990783415,0.22465437788018364,0.794930875576037,3.214285714285715,9.660138248847929,10.420506912442399,4.216589861751153,1.4516129032258067,0.406,0.02342,0.0,0.0,0.0,0.0,0.0,0.0,0.0,0.0,0.0,0.03318584070796461,1.3772123893805313,10.353982300884942,14.153761061946907,3.9491150442477885,0.13274336283185845,0.0,0.0,0.0,0.0,0.0,0.0,0.0,0.0,0.0,0.0,0.0,0.0,0.0,0.0,0.0,0.4058,0.02376,0.0,0.0,0.0,0.0,0.0,0.0,0.0,0.0,0.0,0.017281105990783415,1.5725806451612905,10.55875576036865,14.205069124423968,3.577188940092167,0.06912442396313366,0.0,0.0,0.0,0.0,0.0,0.0,0.0,0.0,0.0,0.0,0.0,0.0,0.0,0.0,0.0
8600,3636,1877,0.5162266226622663,861,765,0.4471947194719472,1022,0.5621562156215621,0.44999999999999996,2.930073905628198,3.012613155967961,6.535123966942149,2.0043356376287282,6649.800000000001,9.094947017729282e-13,6649.8,6649.8,6649.800000000003,2.7284841053187847e-12,6649.800000000002,1.8189894035458565e-12,27.643289328932894,20.989627239819285,32.8415481309957,19.208701971001748,0.14686468646864687,0.10423542354235424,0.09460946094609461,0.08058305830583058,0.0781078107810781,0.07150715071507151,0.07260726072607261,0.06353135313531354,0.05720572057205721,0.05418041804180418,0.043454345434543455,0.041804180418041806,0.03135313531353135,0.0242024202420242,0.017876787678767877,0.00935093509350935,0.008525852585258526,0.9040705300826575,0.034424276032000836,0.0,0.0,0.0,0.0,0.0,0.0,0.0,0.0,0.0,0.0,0.0,0.0,0.0,0.0,0.0,0.0,0.0,0.0,0.0,0.0,0.0,0.0,0.008250825082508254,0.1320132013201316,0.6353135313531354,2.813531353135314,10.008250825082511,11.320132013201322,3.7293729372937303,1.3531353135313533,4.28602243313201,2.767006955568208,nan,nan,nan,4.369659982563208,2.7810644076013147,4.204099060631939,2.750703710056763,0.9621112574909885,0.4058,0.02315,0.0,0.0,0.0,0.0,0.0,0.0,0.0,0.0,0.0,0.008250825082508254,1.377887788778878,10.462046204620446,14.488448844884493,3.6386138613861396,0.024752475247524757,0.0,0.0,0.0,0.0,0.0,0.0,0.0,0.0,0.0,0.0,0.0,0.0,0.0,0.0,0.0,nan,nan,4.28602243313201,2.767006955568208,nan,0.4058,0.1067,0.0,0.0,0.0,0.0,0.0,0.0,0.0,0.0,0.0,6.875687568756875e-05,0.0015126512651265126,0.000715071507150715,0.014906490649064906,0.00019251925192519253,0.0022964796479647965,0.0,0.002544004400440044,0.00957095709570957,0.003272827282728273,0.002764026402640264,0.0005363036303630363,0.00030253025302530255,0.005321782178217822,0.006765676567656765,0.011908690869086908,0.013765126512651266,0.01001100110011001,0.03597359735973597,0.025,0.03415841584158416,0.00825082508250825,0.02207095709570957,0.017395489548954896,0.024587458745874587,0.014961496149614962,0.03606985698569857,0.03065181518151815,0.058883388338833886,0.040181518151815185,0.021314631463146314,0.01492024202420242,0.034955995599559954,0.034103410341034104,0.01150990099009901,0.02328107810781078,0.04170792079207921,0.08298954895489549,0.06181243124312431,0.0421067106710671,0.03941144114411441,0.016267876787678767,0.006353135313531353,0.014053905390539054,0.017931793179317933,0.018481848184818482,0.012046204620462046,0.01294004400440044,0.017092959295929595,0.0008800880088008801,0.0025165016501650164,0.001265126512651265,0.0058030803080308035,0.008525852585258526,0.00030253025302530255,0.0187018701870187,0.004042904290429043,2.7502750275027502e-05,0.0,1.3751375137513751e-05,0.0,0.0,0.0,0.0,0.0,0.0,0.0,0.0,0.0,0.0,0.0,0.0,0.0,0.0,0.0,0.0,0.0,0.0,0.0,0.0,0.0,0.0,0.0,0.0,0.0,0.0,0.0,0.0,0.0,0.0,0.0,0.0,nan,nan,4.28602243313201,2.767006955568208,nan,0.905103414822082,0.034420946231095526,0.0,0.0,0.0,0.0,0.0,0.0,0.0,0.0,0.0,0.0,0.0,0.0,0.0,0.0,0.0,0.0,0.0,0.0,0.0,0.0,0.0,0.0,0.0,0.12786361214704275,0.6233351092168355,2.4773574853489615,9.957378795950987,11.507725093233885,3.851891315929676,1.4544485881726161,0.9029683557472966,0.034393635925720256,0.0,0.0,0.0,0.0,0.0,0.0,0.0,0.0,0.0,0.0,0.0,0.0,0.0,0.0,0.0,0.0,0.0,0.0,0.0,0.0,0.0,0.0,0.017055144968732238,0.13644115974985746,0.648095508811825,3.172256964184196,10.06253553155202,11.119954519613419,3.5986355884025025,1.2450255827174534,0.4058,0.02298,0.0,0.0,0.0,0.0,0.0,0.0,0.0,0.0,0.0,0.015982951518380396,1.246670218433671,10.532765050612664,14.672349493873206,3.5162493340436876,0.015982951518380396,0.0,0.0,0.0,0.0,0.0,0.0,0.0,0.0,0.0,0.0,0.0,0.0,0.0,0.0,0.0,0.4058,0.02335,0.0,0.0,0.0,0.0,0.0,0.0,0.0,0.0,0.0,0.0,1.517907902217169,10.386583285957917,14.292211483797617,3.7691870380898247,0.034110289937464476,0.0,0.0,0.0,0.0,0.0,0.0,0.0,0.0,0.0,0.0,0.0,0.0,0.0,0.0,0.0
8700,3759,1862,0.49534450651769085,881,778,0.441340782122905,1071,0.5698324022346368,0.43799999999999994,2.9019504480759095,3.0268315822275826,6.48785046728972,2.01937856085294,6649.800000000003,2.7284841053187847e-12,6649.8,6649.8,6649.800000000003,2.7284841053187847e-12,6649.800000000003,2.7284841053187847e-12,27.856876828943868,20.887396198692464,32.84195493494129,19.137124761344378,0.14285714285714285,0.10242085661080075,0.09124767225325885,0.08512902367650971,0.07874434690077148,0.07368981111997872,0.07235967012503325,0.06225059856344772,0.059324288374567706,0.047086991221069435,0.05081138600691673,0.03937217345038574,0.035913806863527534,0.025006650704974726,0.017025804735301943,0.009044958765629156,0.007714817770683693,0.9049906586040427,0.03613283985469929,0.0,0.0,0.0,0.0,0.0,0.0,0.0,0.0,0.0,0.0,0.0,0.0,0.0,0.0,0.0,0.0,0.0,0.0,0.0,0.0,0.007980845969672787,0.007980845969672787,0.0,0.2075019952114918,0.6145251396648046,3.06464485235435,8.99441340782123,11.324820430965683,4.373503591380687,1.4046288906624105,4.367278797996661,2.8125044728410318,4.0,1.0,0.9159021406727829,4.362010221465076,2.7913143539779717,4.369582992641047,2.8308758583464884,1.0017360736888479,0.4067,0.02312,0.0,0.0,0.0,0.0,0.0,0.0,0.0,0.0,0.0,0.007980845969672787,1.3168395849960097,10.32721468475657,14.437350359138073,3.8068635275339195,0.10375099760574624,0.0,0.0,0.0,0.0,0.0,0.0,0.0,0.0,0.0,0.0,0.0,0.0,0.0,0.0,0.0,nan,nan,4.36697247706422,2.8114996947989637,nan,0.4067,0.10596,0.0,0.0,0.0,0.0,0.0,0.0,0.0,0.0,0.0,0.00021282255919127428,0.001636073423782921,0.00026602819898909286,0.01320830007980846,0.00013301409949454643,0.002420856610800745,0.0,0.0019154030327214685,0.010454908220271349,0.004017025804735302,0.002114924181963288,0.0002261239691407289,0.00018621973929236498,0.005240755520085129,0.007222665602553871,0.011106677307794625,0.01467145517424847,0.008712423516892791,0.035222133546155894,0.02355679702048417,0.034596967278531524,0.007768023410481511,0.023516892790635808,0.01687948922585794,0.02569832402234637,0.017065708965150306,0.03802873104549082,0.031098696461824952,0.05778132482043097,0.03790901835594573,0.020524075552008515,0.013407821229050279,0.035434956105347165,0.03312051077414206,0.011425911146581537,0.025857940941739824,0.04360202181431232,0.08152434158020751,0.060015961691939346,0.04373503591380686,0.0380952380952381,0.016866187815908488,0.005998935887204043,0.013434424048949189,0.019725990955041236,0.01914072891726523,0.01286246342112264,0.013274807129555732,0.018675179569034316,0.0011572226656025538,0.0015030593242883745,0.0010907156158552807,0.005972333067305134,0.008818834796488428,0.00019952114924181964,0.017424847033785582,0.004243149773876031,0.0,0.0,0.0,0.0,0.0,0.0,0.0,0.0,0.0,0.0,0.0,0.0,0.0,0.0,0.0,0.0,0.0,0.0,0.0,0.0,0.0,0.0,0.0,0.0,0.0,0.0,0.0,0.0,0.0,0.0,0.0,0.0,0.0,0.0,0.0,nan,nan,4.36697247706422,2.8114996947989637,nan,0.9051557032493465,0.03710351059236457,0.0,0.0,0.0,0.0,0.0,0.0,0.0,0.0,0.0,0.0,0.0,0.0,0.0,0.0,0.0,0.0,0.0,0.0,0.0,0.0,0.016111707841031154,0.016111707841031154,0.0,0.24167561761546646,0.5961331901181527,3.190118152524168,8.893662728249197,11.197636949516651,4.301825993555318,1.5467239527389907,0.9048286590628958,0.035153269355985124,0.0,0.0,0.0,0.0,0.0,0.0,0.0,0.0,0.0,0.0,0.0,0.0,0.0,0.0,0.0,0.0,0.0,0.0,0.0,0.0,0.0,0.0,0.0,0.17395888244596677,0.6325777543489722,2.9414865577227207,9.093305218766476,11.449657353716397,4.4438587243015295,1.2651555086979445,0.4062,0.02286,0.0,0.0,0.0,0.0,0.0,0.0,0.0,0.0,0.0,0.016111707841031154,1.3211600429645545,10.585392051557449,14.38775510204082,3.6090225563909786,0.08055853920515577,0.0,0.0,0.0,0.0,0.0,0.0,0.0,0.0,0.0,0.0,0.0,0.0,0.0,0.0,0.0,0.407,0.02339,0.0,0.0,0.0,0.0,0.0,0.0,0.0,0.0,0.0,0.0,1.3125988402741173,10.073800738007364,14.486030574591464,4.001054296257249,0.12651555086979444,0.0,0.0,0.0,0.0,0.0,0.0,0.0,0.0,0.0,0.0,0.0,0.0,0.0,0.0,0.0
8800,3639,1918,0.5270678757900522,935,700,0.44929925803792253,1000,0.5496015388843088,0.46199999999999997,3.0156885531667634,3.111204135570763,6.55899419729207,2.1244868202657248,6649.800000000001,9.094947017729282e-13,6649.8,6649.8,6649.800000000002,1.8189894035458565e-12,6649.800000000001,9.094947017729282e-13,28.716680406705137,21.101248336729252,33.52027246188777,19.337649577973455,0.12998076394613906,0.10030228084638637,0.08958505083814235,0.08958505083814235,0.0772190162132454,0.0687001923605386,0.07282220390217092,0.06705138774388568,0.06402857928002198,0.04479252541907117,0.05056334157735642,0.04149491618576532,0.03709810387469085,0.02720527617477329,0.021984061555372355,0.011541632316570486,0.006045616927727398,0.9046620701033521,0.03652449870165877,0.0,0.0,0.0,0.0,0.0,0.0,0.0,0.0,0.0,0.0,0.0,0.0,0.0,0.0,0.0,0.0,0.0,0.0,0.0,0.0,0.0,0.0,0.04122011541632317,0.1401483924154983,0.6924979389942293,3.1904369332234137,9.332234130255566,10.733718054410554,4.402308326463315,1.467436108821105,4.2377768491433345,2.933566206261237,nan,nan,nan,4.282735613010843,2.9154262606393355,4.191953059513831,2.952124662784369,0.9788026715398409,0.4072,0.02339,0.0,0.0,0.0,0.0,0.0,0.0,0.0,0.0,0.0,0.03297609233305854,1.467436108821105,9.620774938169813,14.888705688375932,3.9241549876339663,0.06595218466611708,0.0,0.0,0.0,0.0,0.0,0.0,0.0,0.0,0.0,0.0,0.0,0.0,0.0,0.0,0.0,nan,nan,4.2377768491433345,2.933566206261237,nan,0.4072,0.1062,0.0,0.0,0.0,0.0,0.0,0.0,0.0,0.0,0.0,6.87001923605386e-05,0.001140423193184941,0.0003709810387469085,0.013162956856279197,2.7480076944215445e-05,0.002761747732893652,0.0,0.0011541632316570487,0.010868370431437208,0.004534212695795548,0.0026930475405331136,0.0003847210772190162,1.3740038472107723e-05,0.005523495465787304,0.007007419620774938,0.010950810662269854,0.0145919208573784,0.007708161582852432,0.03533937895026106,0.024938169826875516,0.034762297334432535,0.007735641659796648,0.02227260236328662,0.017106347897774113,0.02546029128881561,0.017587249244297883,0.03661720252816708,0.028909040945314646,0.0565814784281396,0.03917284968397911,0.021997801593844464,0.011747732893652102,0.034707337180544105,0.03191810937070624,0.009934047815333883,0.027589997251992307,0.04859851607584501,0.08330585325638912,0.0610332508931025,0.04208573784006595,0.03935147018411651,0.01592470458917285,0.005179994503984611,0.013066776586974443,0.017367408628744162,0.019826875515251443,0.013011816433086012,0.013863698818356692,0.01790327012915636,0.0009480626545754328,0.0014427040395713108,0.001483924154987634,0.0062517175048090136,0.008106622698543555,0.00015114042319318494,0.019194833745534486,0.004534212695795548,2.7480076944215445e-05,0.0,0.0,0.0,0.0,0.0,0.0,0.0,0.0,0.0,0.0,0.0,0.0,0.0,0.0,0.0,0.0,0.0,0.0,0.0,0.0,0.0,0.0,0.0,0.0,0.0,0.0,0.0,0.0,0.0,0.0,0.0,0.0,0.0,0.0,nan,nan,4.2377768491433345,2.933566206261237,nan,0.9051864747272667,0.036677917744782615,0.0,0.0,0.0,0.0,0.0,0.0,0.0,0.0,0.0,0.0,0.0,0.0,0.0,0.0,0.0,0.0,0.0,0.0,0.0,0.0,0.0,0.0,0.031282586027111585,0.1564129301355574,0.7351407716371221,3.2533889468196047,9.10323253388947,10.47966631908238,4.7393117831074045,1.5015641293013557,0.9040776377566535,0.03634384084491519,0.0,0.0,0.0,0.0,0.0,0.0,0.0,0.0,0.0,0.0,0.0,0.0,0.0,0.0,0.0,0.0,0.0,0.0,0.0,0.0,0.0,0.0,0.05229517722254504,0.12202208018593803,0.6449738524113888,3.120278907611854,9.587449157466592,11.016850668216156,4.026728646135968,1.4294015107495646,0.4077,0.02298,0.0,0.0,0.0,0.0,0.0,0.0,0.0,0.0,0.0,0.031282586027111585,1.266944734098019,9.478623566214793,15.34410844629823,3.832116788321169,0.04692387904066737,0.0,0.0,0.0,0.0,0.0,0.0,0.0,0.0,0.0,0.0,0.0,0.0,0.0,0.0,0.0,0.4067,0.02383,0.0,0.0,0.0,0.0,0.0,0.0,0.0,0.0,0.0,0.03486345148169669,1.6908773968622897,9.779198140615906,14.381173736199887,4.026728646135968,0.08715862870424174,0.0,0.0,0.0,0.0,0.0,0.0,0.0,0.0,0.0,0.0,0.0,0.0,0.0,0.0,0.0
8900,3710,1871,0.5043126684636119,872,781,0.44555256064690024,1054,0.5681940700808625,0.474,3.1169113648722133,3.2068327047026055,6.922201138519924,2.098978809572588,6649.800000000002,1.8189894035458565e-12,6649.8,6649.8,6649.800000000002,1.8189894035458565e-12,6649.800000000002,1.8189894035458565e-12,27.626145552560647,20.822885915876476,32.721809369951536,19.038702846993854,0.1431266846361186,0.10539083557951483,0.0908355795148248,0.08328840970350404,0.08490566037735849,0.07035040431266847,0.06684636118598383,0.06549865229110512,0.06172506738544475,0.05309973045822102,0.05013477088948787,0.03261455525606469,0.03153638814016173,0.028840970350404314,0.013746630727762802,0.01078167115902965,0.007277628032345013,0.9046152420924359,0.035153082072529165,0.0,0.0,0.0,0.0,0.0,0.0,0.0,0.0,0.0,0.0,0.0,0.0,0.0,0.0,0.0,0.0,0.0,0.0,0.0,0.0,0.0,0.00808625336927224,0.024258760107816715,0.10512129380053876,0.54177897574124,2.8544474393531,9.905660377358492,11.061994609164422,4.083557951482481,1.4150943396226419,4.521573604060913,2.9209769755376986,7.0,0.0,1.5481335952848725,4.464978902953587,2.9454673215248794,4.580508474576271,2.8946695158273914,1.0258746063830808,0.4072,0.02338,0.0,0.0,0.0,0.0,0.0,0.0,0.0,0.0,0.0,0.0404312668463612,1.2776280323450138,9.905660377358476,14.805929919137471,3.857142857142858,0.11320754716981135,0.0,0.0,0.0,0.0,0.0,0.0,0.0,0.0,0.0,0.0,0.0,0.0,0.0,0.0,0.0,nan,nan,4.52262156448203,2.9208038328768473,nan,0.4072,0.10675,0.0,0.0,0.0,0.0,0.0,0.0,0.0,0.0,0.0,6.738544474393532e-05,0.001495956873315364,0.0007277628032345013,0.012398921832884097,0.0,0.0031536388140161725,0.0,0.0015633423180592993,0.01202156334231806,0.004838274932614555,0.002169811320754717,0.0006469002695417789,0.0,0.005431266846361186,0.007142857142857143,0.011199460916442049,0.014568733153638814,0.007318059299191375,0.03404312668463612,0.02491913746630728,0.03207547169811321,0.008921832884097034,0.0222911051212938,0.017439353099730458,0.026994609164420483,0.016900269541778975,0.03862533692722372,0.03,0.0554177897574124,0.03696765498652291,0.020889487870619946,0.012358490566037736,0.03316711590296496,0.033463611859838274,0.009514824797843666,0.02719676549865229,0.04753369272237197,0.08347708894878707,0.0598921832884097,0.044622641509433965,0.039339622641509434,0.01564690026954178,0.005795148247978436,0.012951482479784367,0.01766846361185984,0.019892183288409703,0.011913746630727763,0.016037735849056604,0.017358490566037735,0.0006738544474393531,0.001280323450134771,0.0009973045822102425,0.0065094339622641505,0.008975741239892183,0.00020215633423180594,0.01876010781671159,0.004514824797843666,2.6954177897574123e-05,0.0,0.0,0.0,0.0,0.0,0.0,0.0,0.0,0.0,0.0,0.0,0.0,0.0,0.0,0.0,0.0,0.0,0.0,0.0,0.0,0.0,0.0,0.0,0.0,0.0,0.0,0.0,0.0,0.0,0.0,0.0,0.0,0.0,0.0,nan,nan,4.52262156448203,2.9208038328768473,nan,0.9047720908226653,0.035256253485716815,0.0,0.0,0.0,0.0,0.0,0.0,0.0,0.0,0.0,0.0,0.0,0.0,0.0,0.0,0.0,0.0,0.0,0.0,0.0,0.0,0.0,0.016034206306787816,0.0,0.11223944414751434,0.5932656333511492,2.902191341528595,9.315873864243722,11.592731159807592,4.072688401924106,1.39497594869054,0.9044556640748941,0.03504708334013331,0.0,0.0,0.0,0.0,0.0,0.0,0.0,0.0,0.0,0.0,0.0,0.0,0.0,0.0,0.0,0.0,0.0,0.0,0.0,0.0,0.0,0.0,0.04893964110929854,0.09787928221859675,0.48939641109298543,2.805872756933116,10.505709624796086,10.522022838499186,4.094616639477978,1.4355628058727572,0.4075,0.02365,0.0,0.0,0.0,0.0,0.0,0.0,0.0,0.0,0.0,0.04810261892036345,1.2667022982362375,9.780865847140554,14.799572421165156,3.992517370390167,0.11223944414751473,0.0,0.0,0.0,0.0,0.0,0.0,0.0,0.0,0.0,0.0,0.0,0.0,0.0,0.0,0.0,0.4067,0.02307,0.0,0.0,0.0,0.0,0.0,0.0,0.0,0.0,0.0,0.03262642740619903,1.2887438825448616,10.032626427406186,14.81239804241436,3.7194127243066895,0.1141924959216966,0.0,0.0,0.0,0.0,0.0,0.0,0.0,0.0,0.0,0.0,0.0,0.0,0.0,0.0,0.0
9000,3930,1978,0.5033078880407125,931,810,0.4430025445292621,1121,0.5704834605597965,0.46199999999999997,2.9118852459016393,3.0318362211830303,6.4381818181818184,2.0535548698064496,6649.800000000002,1.8189894035458565e-12,6649.8,6649.8,6649.800000000001,9.094947017729282e-13,6649.800000000002,1.8189894035458565e-12,27.536641221374047,20.77079094925221,32.47235722964763,19.08849765068259,0.14223918575063613,0.09872773536895674,0.10407124681933842,0.08625954198473282,0.07582697201017811,0.07608142493638677,0.06615776081424936,0.06615776081424936,0.05801526717557252,0.05419847328244275,0.04173027989821883,0.038931297709923665,0.03206106870229008,0.025699745547073792,0.015776081424936386,0.01094147582697201,0.0071246819338422395,0.9031395862272374,0.03368579939098447,0.0,0.0,0.0,0.0,0.0,0.0,0.0,0.0,0.0,0.0,0.0,0.0,0.0,0.0,0.0,0.0,0.0,0.0,0.0,0.0,0.0,0.0,0.007633587786259543,0.11450381679389277,0.6106870229007635,3.145038167938932,9.687022900763361,11.473282442748094,3.977099236641222,0.9847328244274811,4.355707395498392,2.8189042986467685,nan,nan,nan,4.399064692127825,2.8421280816402033,4.30954356846473,2.7932253919842274,0.9796499642700653,0.4082,0.02333,0.0,0.0,0.0,0.0,0.0,0.0,0.0,0.0,0.0,0.02290076335877863,1.1679389312977102,9.541984732824414,14.862595419847333,4.244274809160307,0.1603053435114504,0.0,0.0,0.0,0.0,0.0,0.0,0.0,0.0,0.0,0.0,0.0,0.0,0.0,0.0,0.0,nan,nan,4.355707395498392,2.8189042986467685,nan,0.4082,0.1063,0.0,0.0,0.0,0.0,0.0,0.0,0.0,0.0,0.0,0.0001653944020356234,0.0016539440203562341,0.0008524173027989822,0.01133587786259542,2.544529262086514e-05,0.0027353689567430027,2.544529262086514e-05,0.0013104325699745548,0.012646310432569974,0.004147582697201018,0.0016793893129770992,0.0008142493638676844,5.089058524173028e-05,0.005610687022900763,0.0072264631043257,0.011183206106870229,0.014198473282442748,0.0074045801526717555,0.03372773536895674,0.024020356234096693,0.0316412213740458,0.008816793893129771,0.023435114503816794,0.017455470737913484,0.025458015267175574,0.01702290076335878,0.0416793893129771,0.028053435114503818,0.05251908396946565,0.03699745547073791,0.020928753180661577,0.013333333333333334,0.033944020356234096,0.03458015267175572,0.010165394402035623,0.025216284987277352,0.04697201017811705,0.08315521628498727,0.06290076335877863,0.04358778625954198,0.03863867684478371,0.01575063613231552,0.007175572519083969,0.012302798982188294,0.017659033078880407,0.02326972010178117,0.01183206106870229,0.01587786259541985,0.01737913486005089,0.0002544529262086514,0.0014631043256997456,0.001005089058524173,0.006183206106870229,0.009732824427480916,0.000178117048346056,0.018549618320610688,0.0040458015267175575,2.544529262086514e-05,0.0,0.0,0.0,0.0,0.0,0.0,0.0,0.0,0.0,0.0,0.0,0.0,0.0,0.0,0.0,0.0,0.0,0.0,0.0,0.0,0.0,0.0,0.0,0.0,0.0,0.0,0.0,0.0,0.0,0.0,0.0,0.0,0.0,0.0,nan,nan,4.355707395498392,2.8189042986467685,nan,0.9047030390996422,0.03358444121931996,0.0,0.0,0.0,0.0,0.0,0.0,0.0,0.0,0.0,0.0,0.0,0.0,0.0,0.0,0.0,0.0,0.0,0.0,0.0,0.0,0.0,0.0,0.0,0.07583417593528793,0.5611729019211326,3.01820020222447,9.206268958543985,11.769464105156725,4.216380182002023,1.1526794742163804,0.9015553086751797,0.03371432053674661,0.0,0.0,0.0,0.0,0.0,0.0,0.0,0.0,0.0,0.0,0.0,0.0,0.0,0.0,0.0,0.0,0.0,0.0,0.0,0.0,0.0,0.0,0.015368852459016397,0.15368852459016347,0.660860655737705,3.273565573770493,10.174180327868854,11.17315573770492,3.7346311475409846,0.814549180327869,0.4087,0.02304,0.0,0.0,0.0,0.0,0.0,0.0,0.0,0.0,0.0,0.015166835187057637,1.1526794742163804,9.115267947421625,15.60667340748231,3.9433771486349856,0.166835187057634,0.0,0.0,0.0,0.0,0.0,0.0,0.0,0.0,0.0,0.0,0.0,0.0,0.0,0.0,0.0,0.4077,0.02364,0.0,0.0,0.0,0.0,0.0,0.0,0.0,0.0,0.0,0.030737704918032793,1.1834016393442626,9.974385245901624,14.108606557377053,4.549180327868854,0.15368852459016397,0.0,0.0,0.0,0.0,0.0,0.0,0.0,0.0,0.0,0.0,0.0,0.0,0.0,0.0,0.0
9100,3854,1893,0.49117799688635183,909,789,0.4405812143227815,1081,0.5609756097560976,0.474,2.88883222845487,3.0906552105824154,6.616666666666666,2.089501978586888,6649.800000000002,1.8189894035458565e-12,6649.8,6649.8,6649.800000000003,2.7284841053187847e-12,6649.800000000002,1.8189894035458565e-12,27.319148936170212,20.73658804527263,32.28491620111732,19.062171200183542,0.14452516865594187,0.10456668396471198,0.09444732745199792,0.08692267773741567,0.07810067462376752,0.08017644006227297,0.06798131811105346,0.06382978723404255,0.0604566683964712,0.049818370524130774,0.04229372080954852,0.032952776336274,0.03399065905552673,0.02542812662169175,0.01608718214841723,0.011416709911779968,0.00700570835495589,0.9024762343296314,0.03422681284218601,0.0,0.0,0.0,0.0,0.0,0.0,0.0,0.0,0.0,0.0,0.0,0.0,0.0,0.0,0.0,0.0,0.0,0.0,0.0,0.0,0.0,0.007784120394395435,0.023352361183186305,0.11676180591593113,0.6227296315516347,3.0202387130254285,10.09600415153088,11.193565127140635,3.8609237156201357,1.0586403736377792,4.4174198849630235,2.881806287056889,6.0,0.0,1.3582589285714286,4.409417398244214,2.8916271339514443,4.427241962774958,2.8704755922820837,1.004042385403986,0.4094,0.02293,0.0,0.0,0.0,0.0,0.0,0.0,0.0,0.0,0.0,0.03113648157758174,0.9340944473274523,9.37208095485209,15.116761805915935,4.405812143227816,0.14011416709911784,0.0,0.0,0.0,0.0,0.0,0.0,0.0,0.0,0.0,0.0,0.0,0.0,0.0,0.0,0.0,nan,nan,4.4180698151950715,2.881392896121576,nan,0.4094,0.10645,0.0,0.0,0.0,0.0,0.0,0.0,0.0,1.2973533990659056e-05,0.0,0.0002854177477944992,0.0012065386611312921,0.0006746237675142708,0.009444732745199792,1.2973533990659056e-05,0.0025038920601971977,1.2973533990659056e-05,0.0016476388168137,0.014621172807472755,0.0041126102750389205,0.0015049299429164503,0.001154644525168656,1.2973533990659056e-05,0.004203425012973534,0.006577581733264141,0.010768033212247017,0.01345355474831344,0.008860923715620136,0.03396471198754541,0.02612869745718734,0.0320965230928905,0.010184224182667359,0.024130773222625843,0.015685002594706798,0.026829268292682926,0.017332641411520498,0.038375713544369486,0.024948105864037364,0.05216658017644006,0.03662428645563051,0.021471198754540736,0.01290866632070576,0.03147379346133887,0.03347171769590036,0.010819927348209652,0.02634924753502854,0.0463544369486248,0.08478204462895693,0.06471198754540737,0.044006227296315516,0.03680591593149974,0.01747535028541775,0.006071613907628438,0.01235080435910742,0.018876491956408926,0.022158796056045666,0.01167618059159315,0.01663207057602491,0.020005189413596264,9.081473793461339e-05,0.0015957446808510637,0.001427088738972496,0.005150492994291645,0.00921120913336793,0.0003373118837571354,0.020108977685521535,0.0041126102750389205,0.0,2.5947067981318112e-05,0.0,0.0,0.0,0.0,0.0,0.0,0.0,0.0,0.0,0.0,0.0,0.0,0.0,0.0,0.0,0.0,0.0,0.0,0.0,0.0,0.0,0.0,0.0,0.0,0.0,0.0,0.0,0.0,0.0,0.0,0.0,0.0,0.0,nan,nan,4.4180698151950715,2.881392896121576,nan,0.9015476024472014,0.03387384755403464,0.0,0.0,0.0,0.0,0.0,0.0,0.0,0.0,0.0,0.0,0.0,0.0,0.0,0.0,0.0,0.0,0.0,0.0,0.0,0.0,0.0,0.0,0.047543581616481784,0.11093502377179046,0.6022187004754359,3.217115689381934,10.06339144215531,11.236133122028528,3.803486529318543,0.9191759112519812,0.903372664800534,0.034540444810506006,0.0,0.0,0.0,0.0,0.0,0.0,0.0,0.0,0.0,0.0,0.0,0.0,0.0,0.0,0.0,0.0,0.0,0.0,0.0,0.0,0.0,0.015298317185109642,0.0,0.12238653748087673,0.6425293217746049,2.8301886792452833,10.127485976542582,11.152473227944927,3.9163691993880683,1.193268740438552,0.4094,0.02348,0.0,0.0,0.0,0.0,0.0,0.0,0.0,0.0,0.0,0.031695721077654525,0.9984152139461175,9.366085578446896,14.896988906497628,4.532488114104597,0.17432646592709988,0.0,0.0,0.0,0.0,0.0,0.0,0.0,0.0,0.0,0.0,0.0,0.0,0.0,0.0,0.0,0.4094,0.0224,0.0,0.0,0.0,0.0,0.0,0.0,0.0,0.0,0.0,0.030596634370219283,0.8720040795512496,9.377868434472195,15.328913819479862,4.283528811830699,0.10708822029576749,0.0,0.0,0.0,0.0,0.0,0.0,0.0,0.0,0.0,0.0,0.0,0.0,0.0,0.0,0.0
9200,3814,1945,0.5099632931305715,903,796,0.44546407970634505,1078,0.5652857891976927,0.45399999999999996,2.995184590690209,3.061432420473088,6.523020257826888,2.085405855353278,6649.800000000002,1.8189894035458565e-12,6649.8,6649.8,6649.800000000002,1.8189894035458565e-12,6649.800000000003,2.7284841053187847e-12,27.982695332983745,21.068152065017667,33.01564945226917,19.317374160403276,0.14105925537493444,0.10120608285264814,0.09045621394861038,0.08888306240167802,0.07996853696906135,0.07813319349764027,0.06476140534871526,0.059517566858940746,0.062139486103828,0.049554273728369166,0.043523859465128475,0.03959098059779759,0.03592029365495543,0.02962768746722601,0.017566858940744626,0.011274252753015208,0.0068169900367068695,0.9007948690455936,0.03435894669308566,0.0,0.0,0.0,0.0,0.0,0.0,0.0,0.0,0.0,0.0,0.0,0.0,0.0,0.0,0.0,0.0,0.0,0.0,0.0,0.0,0.0,0.0,0.0,0.12585212375458796,0.8023072889355009,3.4530676455165192,10.19402202412166,10.8232826428946,3.6339800734137397,0.9674882013633982,4.374898456539399,2.8378153692781614,nan,nan,nan,4.360418342719227,2.8677658410540565,4.389663658736669,2.80686924904139,1.0067069977508636,0.4104,0.0235,0.0,0.0,0.0,0.0,0.0,0.0,0.0,0.0,0.0,0.0,1.1012060828526484,8.738856843209216,15.07079181961196,4.931830099632932,0.15731515469323548,0.0,0.0,0.0,0.0,0.0,0.0,0.0,0.0,0.0,0.0,0.0,0.0,0.0,0.0,0.0,nan,nan,4.374898456539399,2.8378153692781614,nan,0.4104,0.1065,0.0,0.0,0.0,0.0,0.0,0.0,0.0,0.00023597273203985317,0.0,0.00023597273203985317,0.0011274252753015208,0.0007079181961195595,0.010330361824855794,1.3109596224436287e-05,0.0021761929732564238,7.865757734661773e-05,0.0014682747771368643,0.015062926061877294,0.004457262716308337,0.0012978500262191925,0.0013502884111169376,0.00011798636601992659,0.0037231253277399054,0.007433141059255375,0.010435238594651284,0.013017829050865234,0.00738070267435763,0.029771893025694808,0.02502621919244887,0.02933927635028841,0.010579444153120085,0.02502621919244887,0.016255899318300997,0.026717357105401154,0.017134242265338228,0.036444677503932876,0.026638699528054536,0.05599108547456738,0.03880440482433141,0.02287624541164132,0.012034609334032512,0.029614577871001573,0.03261667540639748,0.01048767697954903,0.024698479286837965,0.04897745149449397,0.08556633455689565,0.06474829575249082,0.04261929732564237,0.03774252753015207,0.01780283167278448,0.005964866282118511,0.01130047194546408,0.020005243838489773,0.02093602517042475,0.013044048243314106,0.01670162558993183,0.021735710540115364,0.00013109596224436288,0.0012191924488725748,0.0006948085998951233,0.005479811221814368,0.010540115364446776,0.0003146303093864709,0.020529627687467227,0.0030938647089669637,0.0,3.9328788673308864e-05,0.0001048767697954903,0.0,0.0,0.0,0.0,0.0,0.0,0.0,0.0,0.0,0.0,0.0,0.0,0.0,0.0,0.0,0.0,0.0,0.0,0.0,0.0,0.0,0.0,0.0,0.0,0.0,0.0,0.0,0.0,0.0,0.0,0.0,0.0,nan,nan,4.374898456539399,2.8378153692781614,nan,0.9008336130941436,0.03396469095694466,0.0,0.0,0.0,0.0,0.0,0.0,0.0,0.0,0.0,0.0,0.0,0.0,0.0,0.0,0.0,0.0,0.0,0.0,0.0,0.0,0.0,0.0,0.0,0.10796915167095082,0.8329048843187663,3.3933161953727518,10.24164524421594,10.642673521850902,3.948586118251929,0.8329048843187663,0.900754549530115,0.034764441129826656,0.0,0.0,0.0,0.0,0.0,0.0,0.0,0.0,0.0,0.0,0.0,0.0,0.0,0.0,0.0,0.0,0.0,0.0,0.0,0.0,0.0,0.0,0.0,0.1444622792937395,0.7704654895666133,3.5152487961476737,10.144462279293743,11.011235955056181,3.3065810593900493,1.1075441412520066,0.411,0.02307,0.0,0.0,0.0,0.0,0.0,0.0,0.0,0.0,0.0,0.0,1.0179948586118255,8.606683804627236,15.300771208226225,4.966580976863754,0.10796915167095118,0.0,0.0,0.0,0.0,0.0,0.0,0.0,0.0,0.0,0.0,0.0,0.0,0.0,0.0,0.0,0.41,0.02393,0.0,0.0,0.0,0.0,0.0,0.0,0.0,0.0,0.0,0.0,1.1878009630818622,8.876404494382008,14.831460674157308,4.895666131621189,0.20866773675762446,0.0,0.0,0.0,0.0,0.0,0.0,0.0,0.0,0.0,0.0,0.0,0.0,0.0,0.0,0.0
9300,3951,2009,0.5084788661098456,935,803,0.439888635788408,1130,0.5720070868134649,0.45399999999999996,2.979917610710608,3.100298712130421,6.5946428571428575,2.0419633097005603,6649.800000000001,9.094947017729282e-13,6649.8,6649.8,6649.800000000001,9.094947017729282e-13,6649.800000000002,1.8189894035458565e-12,27.68159959503923,20.971201839146538,32.749469857618905,19.227175585544266,0.1460389774740572,0.0979498861047836,0.0923816755251835,0.08731966590736523,0.085041761579347,0.0777018476335105,0.06276891926094659,0.06378132118451026,0.057453809162237406,0.052898000506200964,0.043533282713237156,0.034421665401164266,0.03416856492027335,0.026828650974436853,0.01923563654770944,0.010883320678309289,0.007593014426727411,0.8979620837435123,0.03583846707691595,0.0,0.0,0.0,0.0,0.0,0.0,0.0,0.0,0.0,0.0,0.0,0.0,0.0,0.0,0.0,0.0,0.0,0.0,0.0,0.0,0.0,0.0,0.045558086560364475,0.2733485193621859,0.8807896735003798,3.6902050113895224,10.820045558086562,10.068337129840549,3.25740318906606,0.9643128321943814,4.355362089434111,2.863114000913553,nan,nan,nan,4.285491419656786,2.7822019221145324,4.427652733118971,2.943531895679884,1.0331726981904843,0.412,0.02339,0.0,0.0,0.0,0.0,0.0,0.0,0.0,0.0,0.0,0.045558086560364475,0.7441154138192864,8.268792710706139,15.117691723614278,5.649202733485194,0.1746393318147305,0.0,0.0,0.0,0.0,0.0,0.0,0.0,0.0,0.0,0.0,0.0,0.0,0.0,0.0,0.0,nan,nan,4.355362089434111,2.863114000913553,nan,0.412,0.10657,0.0,0.0,0.0,0.0,0.0,0.0,0.0,0.0006200961781827385,0.0,0.00037965072133637056,0.0014173626929891167,0.0006580612503163756,0.009554543153631991,1.2655024044545685e-05,0.002353834472285497,2.531004808909137e-05,0.0019362186788154897,0.01442672741078208,0.0036699569729182484,0.0008605416350291066,0.0011769172361427486,0.00021513540875727665,0.0031131359149582385,0.006998228296633764,0.010225259427992912,0.012718299164768413,0.007491774234371046,0.028106808402935966,0.025120222728423184,0.027410782080485953,0.011237661351556568,0.024614021766641358,0.01760313844596305,0.0265375854214123,0.01685649202733485,0.034940521386990636,0.023892685396102252,0.05759301442672741,0.03899012908124525,0.02231080739053404,0.012262718299164768,0.02956213616805872,0.033244748165021515,0.01137686661604657,0.024183750949126802,0.052176664135661854,0.08554796254112883,0.06449000253100481,0.041837509491268035,0.03902809415337889,0.017198177676537585,0.005985826373070109,0.012363958491521134,0.020627689192609464,0.018400404960769425,0.015755504935459377,0.016755251834978488,0.021652746140217668,0.0003416856492027335,0.00120222728423184,0.00045558086560364467,0.004960769425461908,0.010756770437863833,0.00022779043280182233,0.022576562895469502,0.0036573019488737027,0.0,0.0002784105289800051,2.531004808909137e-05,0.0,0.0,0.0,0.0,0.0,0.0,0.0,0.0,0.0,0.0,0.0,0.0,0.0,0.0,0.0,0.0,0.0,0.0,0.0,0.0,0.0,0.0,0.0,0.0,0.0,0.0,0.0,0.0,0.0,0.0,0.0,0.0,nan,nan,4.355362089434111,2.863114000913553,nan,0.8981183765538597,0.03540738408391707,0.0,0.0,0.0,0.0,0.0,0.0,0.0,0.0,0.0,0.0,0.0,0.0,0.0,0.0,0.0,0.0,0.0,0.0,0.0,0.0,0.0,0.0,0.02986560477849677,0.22399203583872504,0.7466401194624193,3.9422598307615737,10.63215530114485,10.214036834245896,3.255350920856148,0.9556993529118967,0.8978003987507275,0.03627832403702994,0.0,0.0,0.0,0.0,0.0,0.0,0.0,0.0,0.0,0.0,0.0,0.0,0.0,0.0,0.0,0.0,0.0,0.0,0.0,0.0,0.0,0.0,0.06179196704428426,0.32440782698249127,1.0195674562306902,3.4294541709577766,11.014418125643669,9.917610710607622,3.259526261585995,0.973223480947477,0.4111,0.0235,0.0,0.0,0.0,0.0,0.0,0.0,0.0,0.0,0.0,0.044798407167745156,0.8810353409656548,8.541562966650062,14.962667994026882,5.4206072672971635,0.14932802389248384,0.0,0.0,0.0,0.0,0.0,0.0,0.0,0.0,0.0,0.0,0.0,0.0,0.0,0.0,0.0,0.4133,0.02324,0.0,0.0,0.0,0.0,0.0,0.0,0.0,0.0,0.0,0.04634397528321319,0.6024716786817715,7.986611740473728,15.278063851699283,5.885684860968075,0.20082389289392386,0.0,0.0,0.0,0.0,0.0,0.0,0.0,0.0,0.0,0.0,0.0,0.0,0.0,0.0,0.0
9400,3980,1970,0.4949748743718593,920,856,0.4462311557788945,1144,0.5748743718592965,0.47,2.948756218905473,3.0964368778615086,6.676258992805756,2.035532657342981,6649.800000000002,1.8189894035458565e-12,6649.8,6649.8,6649.800000000002,1.8189894035458565e-12,6649.800000000002,1.8189894035458565e-12,28.137688442211054,21.07312314963817,33.05131264916468,19.33108078805916,0.13944723618090452,0.09346733668341708,0.09170854271356783,0.0964824120603015,0.07839195979899498,0.0743718592964824,0.07386934673366834,0.06206030150753769,0.054271356783919596,0.05100502512562814,0.04195979899497487,0.04321608040201005,0.034170854271356785,0.027386934673366833,0.016834170854271358,0.012060301507537688,0.0092964824120603,0.8966723116498496,0.03472131865251372,0.0,0.0,0.0,0.0,0.0,0.0,0.0,0.0,0.0,0.0,0.0,0.0,0.0,0.0,0.0,0.0,0.0,0.0,0.0,0.0,0.0,0.0,0.03768844221105529,0.20351758793969787,0.8819095477386937,4.160804020100503,10.98241206030151,9.738693467336685,3.2035175879396993,0.7914572864321611,4.3626204238921,2.8946681555371994,nan,nan,nan,4.3561643835616435,2.8887693983079665,4.369242779078845,2.9006914793121896,1.0030022731847663,0.4124,0.02353,0.0,0.0,0.0,0.0,0.0,0.0,0.0,0.0,0.0,0.0,0.8668341708542716,8.072864321608028,15.354271356783924,5.457286432160805,0.24874371859296487,0.0,0.0,0.0,0.0,0.0,0.0,0.0,0.0,0.0,0.0,0.0,0.0,0.0,0.0,0.0,nan,nan,4.3626204238921,2.8946681555371994,nan,0.4124,0.1063,0.0,0.0,0.0,0.0,0.0,0.0,0.0,0.00028894472361809043,0.0,0.00038944723618090455,0.0014698492462311558,0.0008668341708542714,0.009886934673366835,0.0,0.0019095477386934674,7.537688442211056e-05,0.0023492462311557787,0.014246231155778895,0.0033668341708542712,0.0004271356783919598,0.0010678391959798995,0.00022613065326633166,0.0029773869346733668,0.007738693467336684,0.011520100502512563,0.011369346733668342,0.006218592964824121,0.02734924623115578,0.02542713567839196,0.027236180904522612,0.011896984924623115,0.027123115577889448,0.01821608040201005,0.023027638190954772,0.017537688442211055,0.034736180904522615,0.024020100502512562,0.05849246231155779,0.03957286432160804,0.022512562814070353,0.010741206030150753,0.03133165829145729,0.032160804020100506,0.012814070351758794,0.025163316582914572,0.05126884422110553,0.0821105527638191,0.06592964824120603,0.03933417085427136,0.039535175879396985,0.018768844221105526,0.0059045226130653265,0.012010050251256281,0.02135678391959799,0.01928391959798995,0.01579145728643216,0.018040201005025125,0.02099246231155779,0.00026381909547738695,0.0012311557788944724,0.00017587939698492463,0.005188442211055276,0.011896984924623115,0.0006783919597989949,0.02100502512562814,0.00314070351758794,0.0,0.00030150753768844223,3.768844221105528e-05,0.0,0.0,0.0,0.0,0.0,0.0,0.0,0.0,0.0,0.0,0.0,0.0,0.0,0.0,0.0,0.0,0.0,0.0,0.0,0.0,0.0,0.0,0.0,0.0,0.0,0.0,0.0,0.0,0.0,0.0,0.0,0.0,nan,nan,4.3626204238921,2.8946681555371994,nan,0.8964857233357308,0.03501186474592472,0.0,0.0,0.0,0.0,0.0,0.0,0.0,0.0,0.0,0.0,0.0,0.0,0.0,0.0,0.0,0.0,0.0,0.0,0.0,0.0,0.0,0.0,0.07614213197969545,0.24365482233502464,0.8223350253807109,4.081218274111676,11.010152284263961,9.85279187817259,3.091370558375635,0.8223350253807109,0.8968551867636875,0.03443319470184726,0.0,0.0,0.0,0.0,0.0,0.0,0.0,0.0,0.0,0.0,0.0,0.0,0.0,0.0,0.0,0.0,0.0,0.0,0.0,0.0,0.0,0.0,0.0,0.16417910447761144,0.9402985074626868,4.238805970149254,10.955223880597016,9.626865671641793,3.3134328358208966,0.7611940298507464,0.4126,0.02388,0.0,0.0,0.0,0.0,0.0,0.0,0.0,0.0,0.0,0.0,0.8680203045685282,8.13197969543146,14.939086294416247,5.756345177664976,0.3045685279187818,0.0,0.0,0.0,0.0,0.0,0.0,0.0,0.0,0.0,0.0,0.0,0.0,0.0,0.0,0.0,0.412,0.0232,0.0,0.0,0.0,0.0,0.0,0.0,0.0,0.0,0.0,0.0,0.865671641791045,8.014925373134316,15.76119402985075,5.164179104477613,0.19402985074626872,0.0,0.0,0.0,0.0,0.0,0.0,0.0,0.0,0.0,0.0,0.0,0.0,0.0,0.0,0.0
9500,3863,1938,0.5016826300802485,882,826,0.4421434118560704,1092,0.5653637069634999,0.494,2.978701298701299,3.1563686806898636,6.7925636007827785,2.1994536511078766,6649.800000000001,9.094947017729282e-13,6649.8,6649.8,6649.800000000002,1.8189894035458565e-12,6649.800000000002,1.8189894035458565e-12,27.548278539994822,21.04785879460206,32.81330003122073,19.272244413959157,0.15091897488998188,0.1032876003106394,0.09215635516438002,0.0838726378462335,0.08102511001812063,0.07377685736474243,0.06135128138752265,0.06368107688325136,0.05669169039606523,0.05487962723272068,0.04581931141599793,0.03779446026404349,0.033393735438778153,0.026663215117784106,0.016826300802485115,0.010872378980067305,0.006989386487186125,0.8960913733870693,0.03620285514138637,0.0,0.0,0.0,0.0,0.0,0.0,0.0,0.0,0.0,0.0,0.0,0.0,0.0,0.0,0.0,0.0,0.0,0.0,0.0,0.0,0.015531969971524725,0.015531969971524725,0.023297954957287086,0.2485115195443948,0.9008542583484341,4.2324618172404875,10.95003882992493,9.777375097074815,2.857882474760549,0.9785141082060577,4.387755102040816,2.8996574500757997,5.333333333333333,3.8586123009300755,1.2155038759689922,4.304277643260694,2.82132535848719,4.4752883031301485,2.9780579578379758,1.0397303970707394,0.411,0.02298,0.0,0.0,0.0,0.0,0.0,0.0,0.0,0.0,0.0,0.0077659849857623624,0.9008542583484341,8.472689619466724,15.695055656225735,4.783846751229615,0.13978772974372253,0.0,0.0,0.0,0.0,0.0,0.0,0.0,0.0,0.0,0.0,0.0,0.0,0.0,0.0,0.0,nan,nan,4.3889115368936,2.9012120830222106,nan,0.411,0.1072,0.0,0.0,0.0,0.0,0.0,0.0,0.0,0.00011648977478643541,3.88299249288118e-05,0.00036241263266891015,0.0016567434636293036,0.0008283717318146518,0.01056173958063681,0.0,0.001799119855034947,1.2943308309603934e-05,0.0020450427129174217,0.01920786953145224,0.0036629562516179133,0.00042712917421692983,0.0008024851151954439,0.0002459228578824748,0.002821641211493658,0.007623608594356718,0.011403054620761067,0.0128268185348175,0.005772715506083355,0.02756924669945638,0.025511260678229356,0.026430235568211235,0.011933730261454828,0.028824747605487963,0.01852187419104323,0.01959616878074036,0.017253429976702046,0.030934506859953404,0.02151177841056174,0.05969453792389335,0.03920528086979032,0.022314263525757185,0.011286564845974631,0.033108982655966866,0.03316075588920528,0.013370437483820864,0.02411338338079213,0.0539477090344292,0.08265596686513073,0.06435412891535076,0.03892052808697903,0.039464147035982396,0.021006989386487186,0.006148071447061869,0.01227025627750453,0.019777375097074813,0.01993269479679006,0.014483561998446803,0.016425058244887394,0.022223660367589958,0.0001423763914056433,0.0009319181982914833,0.0003106393994304944,0.004957287082578307,0.011467771162309086,0.0006989386487186124,0.020023297954957286,0.0029122443696608853,0.0,0.0003365260160497023,5.177323323841574e-05,0.0,0.0,0.0,0.0,0.0,0.0,0.0,0.0,0.0,0.0,0.0,0.0,0.0,0.0,0.0,0.0,0.0,0.0,0.0,0.0,0.0,0.0,0.0,0.0,0.0,0.0,0.0,0.0,0.0,0.0,0.0,0.0,nan,nan,4.3889115368936,2.9012120830222106,nan,0.8951992288893098,0.03562100446372338,0.0,0.0,0.0,0.0,0.0,0.0,0.0,0.0,0.0,0.0,0.0,0.0,0.0,0.0,0.0,0.0,0.0,0.0,0.0,0.0,0.03095975232198143,0.015479876160990716,0.015479876160990716,0.2786377708978319,0.7894736842105264,4.3498452012383915,10.990712074303408,9.984520123839012,2.647058823529412,0.8978328173374616,0.8969895427567618,0.03675747134961215,0.0,0.0,0.0,0.0,0.0,0.0,0.0,0.0,0.0,0.0,0.0,0.0,0.0,0.0,0.0,0.0,0.0,0.0,0.0,0.0,0.0,0.015584415584415588,0.031168831168831176,0.2181818181818175,1.0129870129870133,4.114285714285716,10.909090909090912,9.56883116883117,3.0701298701298705,1.0597402597402599,0.4111,0.02286,0.0,0.0,0.0,0.0,0.0,0.0,0.0,0.0,0.0,0.0,0.9597523219814244,8.003095975232187,16.20743034055728,4.690402476780187,0.13931888544891644,0.0,0.0,0.0,0.0,0.0,0.0,0.0,0.0,0.0,0.0,0.0,0.0,0.0,0.0,0.0,0.4106,0.0231,0.0,0.0,0.0,0.0,0.0,0.0,0.0,0.0,0.0,0.015584415584415588,0.8415584415584418,8.945454545454533,15.179220779220783,4.877922077922078,0.14025974025974028,0.0,0.0,0.0,0.0,0.0,0.0,0.0,0.0,0.0,0.0,0.0,0.0,0.0,0.0,0.0
9600,4268,2152,0.5042174320524836,979,898,0.43978444236176195,1206,0.5651358950328023,0.474,3.0340264650283553,3.1101053427747325,6.639072847682119,1.986426573301177,6649.800000000001,9.094947017729282e-13,6649.8,6649.8,6649.800000000002,1.8189894035458565e-12,6649.800000000002,1.8189894035458565e-12,27.729147141518276,20.86626141725383,32.88801350590884,19.056438326522567,0.14479850046860357,0.09910965323336457,0.09161199625117152,0.09067478912839738,0.07802249297094659,0.07333645735707592,0.06888472352389878,0.06396438612933458,0.06115276476101218,0.04756326148078725,0.04615745079662605,0.041237113402061855,0.035379568884723524,0.023430178069353328,0.017572633552014997,0.009840674789128397,0.0072633552014995315,0.892313843661083,0.035626328754834416,0.0,0.0,0.0,0.0,0.0,0.0,0.0,0.0,0.0,0.0,0.0,0.0,0.0,0.0,0.0,0.0,0.0,0.0,0.0,0.0,0.0,0.021087160262417998,0.112464854732896,0.2671040299906271,0.934864104967198,4.828959700093722,11.661199625117154,9.074507966260546,2.3617619493908157,0.7380506091846301,4.402716593245228,2.8493255956331565,2.0,2.1908902300206643,0.4542649879096139,4.360764144011756,2.8857582860647986,4.435672514619883,2.813701229022658,1.0171778083231104,0.4116,0.02411,0.0,0.0,0.0,0.0,0.0,0.0,0.0,0.0,0.0,0.035145267104029994,0.998125585754452,8.575445173383306,14.704779756326152,5.475632614807873,0.21087160262418,0.0,0.0,0.0,0.0,0.0,0.0,0.0,0.0,0.0,0.0,0.0,0.0,0.0,0.0,0.0,nan,nan,4.398314400879443,2.8501111976304023,nan,0.4116,0.10693,0.0,0.0,0.0,0.0,0.0,0.0,0.0,4.6860356138706655e-05,2.3430178069353328e-05,0.0002225866916588566,0.0016166822867853797,0.0005388940955951265,0.010660731021555764,0.0,0.0019212746016869728,4.6860356138706655e-05,0.001991565135895033,0.018275538894095594,0.0029756326148078723,0.0003514526710402999,0.0009489222118088098,0.00026944704779756324,0.004018275538894096,0.007708528584817244,0.010613870665417057,0.013566073102155577,0.005552952202436738,0.0257029053420806,0.025585754451733833,0.026101218369259608,0.011539362699156513,0.02857310215557638,0.019025304592314902,0.019739925023430176,0.018556701030927835,0.03138472352389878,0.02123945641986879,0.059500937207122774,0.041529990627928774,0.021438612933458293,0.01046157450796626,0.03423149015932521,0.03252108716026242,0.01225398313027179,0.026077788191190252,0.05469775070290534,0.08460637300843486,0.05951265229615745,0.039093252108716024,0.03808575445173383,0.022738987816307402,0.005412371134020618,0.01137535145267104,0.01903701968134958,0.02030224929709466,0.014561855670103093,0.01758434864104967,0.024109653233364572,0.0005037488284910965,0.0007029053420805998,0.0005388940955951265,0.004639175257731959,0.011246485473289597,0.0004217432052483599,0.02018509840674789,0.003725398313027179,0.0,0.00010543580131208997,0.0,0.0,0.0,0.0,0.0,0.0,0.0,0.0,0.0,0.0,0.0,0.0,0.0,0.0,0.0,0.0,0.0,0.0,0.0,0.0,0.0,0.0,0.0,0.0,0.0,0.0,0.0,0.0,0.0,0.0,0.0,0.0,0.0,nan,nan,4.398314400879443,2.8501111976304023,nan,0.8925152460604795,0.036265387630372445,0.0,0.0,0.0,0.0,0.0,0.0,0.0,0.0,0.0,0.0,0.0,0.0,0.0,0.0,0.0,0.0,0.0,0.0,0.0,0.0,0.0,0.04182156133828997,0.13940520446096658,0.250929368029739,0.9618959107806694,4.684014869888476,11.570631970260226,9.117100371747213,2.481412639405205,0.7527881040892196,0.8921090147558367,0.03496322945021259,0.0,0.0,0.0,0.0,0.0,0.0,0.0,0.0,0.0,0.0,0.0,0.0,0.0,0.0,0.0,0.0,0.0,0.0,0.0,0.0,0.0,0.0,0.08506616257088848,0.28355387523629405,0.9073724007561439,4.976370510396976,11.753308128544427,9.031190926275993,2.24007561436673,0.7230623818525521,0.4119,0.02383,0.0,0.0,0.0,0.0,0.0,0.0,0.0,0.0,0.0,0.0,0.9200743494423794,8.671003717472107,14.693308550185877,5.436802973977696,0.27881040892193315,0.0,0.0,0.0,0.0,0.0,0.0,0.0,0.0,0.0,0.0,0.0,0.0,0.0,0.0,0.0,0.4114,0.02437,0.0,0.0,0.0,0.0,0.0,0.0,0.0,0.0,0.0,0.07088846880907373,1.077504725897921,8.478260869565206,14.716446124763708,5.515122873345937,0.14177693761814747,0.0,0.0,0.0,0.0,0.0,0.0,0.0,0.0,0.0,0.0,0.0,0.0,0.0,0.0,0.0
9700,4111,2098,0.5103381172464121,996,823,0.44247141814643637,1143,0.5560690829481878,0.486,3.105315449577745,3.183076923479799,6.7982300884955755,2.069157508895059,6649.800000000001,9.094947017729282e-13,6649.8,6649.8,6649.800000000002,1.8189894035458565e-12,6649.800000000002,1.8189894035458565e-12,28.003405497445875,20.887904087633483,33.26346604215457,18.993272571488102,0.14351739236195574,0.09924592556555582,0.08951593286305035,0.08367793724154707,0.07711019216735587,0.07297494526879104,0.0758939430795427,0.06446120165409876,0.05910970566772075,0.04962296278277791,0.05035271223546582,0.039649720262709805,0.03721722208708343,0.023595232303575773,0.016054487959134032,0.010459742155193383,0.007540744344441742,0.8922208685620919,0.034289023092244984,0.0,0.0,0.0,0.0,0.0,0.0,0.0,0.0,0.0,0.0,0.0,0.0,0.0,0.0,0.0,0.0,0.0,0.0,0.0,0.0,0.0,0.029189978107516425,0.014594989053758212,0.18243736317197704,1.0435417173437123,4.89661882753588,12.070055947458043,8.764290926781806,2.3206032595475556,0.6786669909997569,4.419036784224498,2.896519190004258,5.333333333333333,3.7712361663282534,1.2068995108555736,4.3894339622641505,2.8362946962770956,4.452815829528158,2.9585639927353533,1.0144396447944997,0.412,0.02318,0.0,0.0,0.0,0.0,0.0,0.0,0.0,0.0,0.0,0.0,0.8684018486986137,8.311846266115287,15.302846022865486,5.276088542933594,0.2408173193870105,0.0,0.0,0.0,0.0,0.0,0.0,0.0,0.0,0.0,0.0,0.0,0.0,0.0,0.0,0.0,nan,nan,4.420075757575757,2.897826770920027,nan,0.412,0.10724,0.0,0.0,0.0,0.0,0.0,1.2162490878131842e-05,0.0,0.0,0.0,8.51374361469229e-05,0.0018973485769885673,0.00038919970810021893,0.009863780102164923,1.2162490878131842e-05,0.0014230114327414254,9.729992702505473e-05,0.0021892483580637314,0.018973485769885674,0.002614935538798346,0.0004986621260034055,0.0012162490878131842,0.0002067623449282413,0.0042811967891024085,0.008963755777183167,0.010338117246412065,0.014169301873023595,0.006178545366090976,0.023607394794453906,0.025188518608611044,0.025845293116030163,0.012989540257844807,0.02873996594502554,0.018073461444903915,0.018815373388469957,0.017611286791534907,0.03468742398443201,0.018985648260763804,0.05968134273899295,0.04295791778156166,0.02032352225735831,0.010119192410605693,0.03406713694964729,0.03415227438579421,0.012320603259547555,0.023923619557285333,0.05520554609584043,0.08411578691315981,0.05685964485526636,0.03867672099245926,0.03963755777183167,0.023558744830941378,0.00521770858671856,0.011992216005837995,0.02073704694721479,0.02140598394551204,0.013415227438579421,0.016893699829725127,0.022184383361712478,0.00038919970810021893,0.0005351495986378011,0.0005959620530284602,0.004792021405983946,0.011675991243006568,0.000839211870591097,0.02160058379956215,0.004013621989783508,0.0,2.4324981756263683e-05,2.4324981756263683e-05,0.0,0.00010946241790318657,0.0,0.0,0.0,0.0,0.0,0.0,0.0,0.0,0.0,0.0,0.0,0.0,0.0,0.0,0.0,0.0,0.0,0.0,0.0,0.0,0.0,0.0,0.0,0.0,0.0,0.0,0.0,0.0,0.0,0.0,nan,nan,4.420075757575757,2.897826770920027,nan,0.8925506754985187,0.034047367350892185,0.0,0.0,0.0,0.0,0.0,0.0,0.0,0.0,0.0,0.0,0.0,0.0,0.0,0.0,0.0,0.0,0.0,0.0,0.0,0.0,0.0,0.028598665395614876,0.0,0.1715919923736887,1.0581506196377504,4.761677788369877,12.211630123927554,8.779790276453767,2.2592945662535753,0.7292659675881793,0.8918771353516481,0.03453573185912602,0.0,0.0,0.0,0.0,0.0,0.0,0.0,0.0,0.0,0.0,0.0,0.0,0.0,0.0,0.0,0.0,0.0,0.0,0.0,0.0,0.0,0.029806259314456043,0.029806259314456043,0.19374068554396365,1.0283159463487335,5.0372578241430706,11.922503725782416,8.748137108792848,2.3845007451564832,0.6259314456035768,0.412,0.02306,0.0,0.0,0.0,0.0,0.0,0.0,0.0,0.0,0.0,0.0,0.8865586272640612,8.279313632030494,15.314585319351767,5.233555767397522,0.28598665395614875,0.0,0.0,0.0,0.0,0.0,0.0,0.0,0.0,0.0,0.0,0.0,0.0,0.0,0.0,0.0,0.412,0.02328,0.0,0.0,0.0,0.0,0.0,0.0,0.0,0.0,0.0,0.0,0.8494783904619972,8.345752608047677,15.29061102831595,5.320417287630403,0.19374068554396429,0.0,0.0,0.0,0.0,0.0,0.0,0.0,0.0,0.0,0.0,0.0,0.0,0.0,0.0,0.0
9800,4433,2301,0.5190615835777126,1061,884,0.4387547935935033,1225,0.5526731333182946,0.474,3.0628517823639774,3.183828292958756,6.894472361809045,2.1275695898815843,6649.800000000001,9.094947017729282e-13,6649.8,6649.8,6649.800000000001,9.094947017729282e-13,6649.800000000002,1.8189894035458565e-12,27.568012632528763,20.74123681515747,32.39297210300429,19.09339548215163,0.13760433115271825,0.1048951048951049,0.0979020979020979,0.09248815700428603,0.07737423866456125,0.06970448905932777,0.07511842995713963,0.05977893074667268,0.05774870290999323,0.05256034288292353,0.04601849763140086,0.03789758628468306,0.033611549740581996,0.02300924881570043,0.01669298443491992,0.011053462666365893,0.006541845251522671,0.8915963251166383,0.03711082441872909,0.0,0.0,0.0,0.0,0.0,0.0,0.0,0.0,0.0,0.0,0.0,0.0,0.0,0.0,0.0,0.0,0.0,0.0,0.0,0.0,0.033837130611324165,0.020302278366794498,0.07444168734491316,0.27069704489059243,1.2655086848635237,4.669524024362735,11.82946086171893,8.4863523573201,2.6054590570719607,0.7444168734491318,4.464617583988563,2.959942063553058,5.5,2.9154759474226504,1.2319084213896896,4.506024096385542,2.9769607639205713,4.431850789096126,2.941566968513018,0.9835390788635787,0.4114,0.02345,0.0,0.0,0.0,0.0,0.0,0.0,0.0,0.0,0.0,0.027069704489059335,0.9609745093616063,8.107376494473257,15.720730882021208,4.967290773742388,0.21655763591247468,0.0,0.0,0.0,0.0,0.0,0.0,0.0,0.0,0.0,0.0,0.0,0.0,0.0,0.0,0.0,nan,nan,4.467569493941554,2.960331030300913,nan,0.4114,0.1075,0.0,0.0,0.0,0.0,0.0,0.0,0.0,0.0,2.2558087074216106e-05,0.00013534852244529664,0.001894879314234153,0.0005075569591698624,0.009474396571170765,5.6395217685540266e-05,0.0019625535754568013,0.000214301827205053,0.002109181141439206,0.018339724791337695,0.0028423189713512294,0.0007895330475975637,0.001466275659824047,0.000214301827205053,0.004680803067899842,0.008989397699075119,0.009496954658244981,0.01263252876156102,0.006688472817505076,0.025163546131288066,0.025648545003383712,0.0252086623054365,0.013760433115271826,0.028750281976088428,0.017956237311076022,0.01859914279269118,0.018520189487931424,0.03664561245206407,0.020821114369501466,0.05892172343785247,0.044326641100834646,0.01871193322806226,0.009519512745319198,0.035833521317392286,0.03154748477329122,0.012700203022783668,0.025276336566659147,0.054252199413489736,0.08471689600721859,0.05674486803519062,0.038845025941800136,0.036983983758177304,0.023257387773516807,0.004838709677419355,0.010997067448680353,0.020178208887886306,0.021069253327317843,0.01303857432889691,0.01626438078050981,0.02131739228513422,0.0007331378299120235,0.0006541845251522671,0.0007782540040604557,0.004917662982179111,0.012553575456801263,0.0011730205278592375,0.022208436724565756,0.003755921497856982,6.767426122264832e-05,5.6395217685540266e-05,5.6395217685540266e-05,1.1279043537108053e-05,0.00010151139183397248,0.0,0.0,0.0,0.0,0.0,0.0,0.0,0.0,0.0,0.0,0.0,0.0,0.0,0.0,0.0,0.0,0.0,0.0,0.0,0.0,0.0,0.0,0.0,0.0,0.0,0.0,0.0,0.0,0.0,0.0,nan,nan,4.467569493941554,2.960331030300913,nan,0.8917327711811174,0.03589907523596069,0.0,0.0,0.0,0.0,0.0,0.0,0.0,0.0,0.0,0.0,0.0,0.0,0.0,0.0,0.0,0.0,0.0,0.0,0.0,0.0,0.013037809647979142,0.013037809647979142,0.05215123859191657,0.22164276401564467,1.2125162972620602,4.889178617992178,11.73402868318123,8.617992177314212,2.4511082138200786,0.7953063885267277,0.8914490632055848,0.03837517474725215,0.0,0.0,0.0,0.0,0.0,0.0,0.0,0.0,0.0,0.0,0.0,0.0,0.0,0.0,0.0,0.0,0.0,0.0,0.0,0.0,0.05628517823639776,0.02814258911819888,0.09849906191369609,0.323639774859286,1.3227016885553473,4.4324577861163235,11.932457786116325,8.344277673545967,2.7720450281425895,0.6894934333958725,0.4111,0.02351,0.0,0.0,0.0,0.0,0.0,0.0,0.0,0.0,0.0,0.03911342894393743,0.9256844850065191,8.187744458930888,15.749674054758804,4.850065189048241,0.2477183833116037,0.0,0.0,0.0,0.0,0.0,0.0,0.0,0.0,0.0,0.0,0.0,0.0,0.0,0.0,0.0,0.4116,0.02336,0.0,0.0,0.0,0.0,0.0,0.0,0.0,0.0,0.0,0.01407129455909944,0.9990619136960602,8.020637898686667,15.689493433395876,5.093808630393997,0.18292682926829273,0.0,0.0,0.0,0.0,0.0,0.0,0.0,0.0,0.0,0.0,0.0,0.0,0.0,0.0,0.0
9900,4508,2310,0.5124223602484472,1044,896,0.4303460514640639,1288,0.5714285714285714,0.46599999999999997,3.0505004549590535,3.1022456899757964,6.602446483180428,2.019263530939089,6649.800000000001,9.094947017729282e-13,6649.8,6649.8,6649.800000000002,1.8189894035458565e-12,6649.800000000001,9.094947017729282e-13,27.883984028393968,20.88313238478072,32.68463966333508,19.217852386009252,0.13509316770186336,0.10226264418811003,0.09982253771073647,0.09006211180124224,0.07475598935226264,0.07586512866015972,0.06677018633540373,0.064773735581189,0.05368234250221828,0.05035492457852706,0.051907719609582965,0.043478260869565216,0.03460514640638864,0.022182786157941437,0.013975155279503106,0.012422360248447204,0.007985803016858917,0.8883306912436566,0.03570338317436951,0.0,0.0,0.0,0.0,0.0,0.0,0.0,0.0,0.0,0.0,0.0,0.0,0.0,0.0,0.0,0.0,0.0,0.0,0.0,0.0,0.013309671694764866,0.013309671694764866,0.07320319432120675,0.37267080745341497,1.337622005323869,5.051020408163266,12.857142857142861,7.6863354037267095,1.9432120674356703,0.6521739130434784,4.406785589366912,2.864059371311049,7.2,3.54400902933387,1.6338439558695133,4.372188139059305,2.8975679428945695,4.45311381531854,2.835527111100045,1.0185091934942778,0.4124,0.02353,0.0,0.0,0.0,0.0,0.0,0.0,0.0,0.0,0.0,0.033274179236912164,0.8052351375332744,8.032386867790583,15.59228039041704,5.283939662821651,0.25288376220053244,0.0,0.0,0.0,0.0,0.0,0.0,0.0,0.0,0.0,0.0,0.0,0.0,0.0,0.0,0.0,nan,nan,4.411662011173185,2.867758702392694,nan,0.4124,0.1072,0.0,0.0,0.0,0.0,0.0,0.0,0.0,0.0,0.0,0.00025510204081632655,0.0022293700088731145,0.00033274179236912155,0.008751109139307897,6.654835847382431e-05,0.002484472049689441,0.00024401064773735582,0.001974267968056788,0.016603815439219165,0.0030057675244010646,0.00033274179236912155,0.0017857142857142857,0.0002329192546583851,0.005545696539485359,0.008995119787045253,0.009350044365572316,0.012011978704525288,0.006388642413487134,0.025077639751552794,0.02503327417923691,0.02345829636202307,0.013320763087843834,0.029259094942324756,0.0187111801242236,0.019809228039041702,0.01885536823425022,0.03747781721384206,0.021694764862466725,0.056444099378881986,0.04418811002661934,0.018755545696539484,0.008595829636202307,0.03492679680567879,0.028338509316770188,0.014429902395740905,0.024145962732919253,0.05545696539485359,0.08661268855368234,0.05865128660159716,0.0388642413487134,0.037588731144631765,0.024567435669920142,0.004736024844720497,0.010803016858917481,0.019409937888198756,0.021661490683229815,0.014452085181898847,0.01618234250221828,0.021339840283939662,0.0005434782608695652,0.0005212954747116238,0.0005545696539485359,0.004835847382431233,0.013708961845607808,0.0010314995563442768,0.020119787045252885,0.004713842058562555,6.654835847382431e-05,0.00011091393078970719,0.0,3.327417923691216e-05,0.00032165039929015084,0.0,0.0,0.0,0.0,0.0,0.0,0.0,0.0,0.0,0.0,0.0,0.0,0.0,0.0,0.0,0.0,0.0,0.0,0.0,0.0,0.0,0.0,0.0,0.0,0.0,0.0,0.0,0.0,0.0,0.0,nan,nan,4.411662011173185,2.867758702392694,nan,0.887846651557204,0.03667418257376447,0.0,0.0,0.0,0.0,0.0,0.0,0.0,0.0,0.0,0.0,0.0,0.0,0.0,0.0,0.0,0.0,0.0,0.0,0.0,0.0,0.01298701298701299,0.02597402597402598,0.07792207792207793,0.48051948051947907,1.2857142857142858,5.467532467532469,12.41558441558442,7.636363636363638,1.8961038961038965,0.7012987012987015,0.8888393953727309,0.03464653119272861,0.0,0.0,0.0,0.0,0.0,0.0,0.0,0.0,0.0,0.0,0.0,0.0,0.0,0.0,0.0,0.0,0.0,0.0,0.0,0.0,0.013648771610555053,0.0,0.06824385805277526,0.2593266606005451,1.3921747042766153,4.613284804367607,13.321201091901733,7.738853503184715,1.9927206551410377,0.6005459508644223,0.4119,0.02335,0.0,0.0,0.0,0.0,0.0,0.0,0.0,0.0,0.0,0.06493506493506494,0.6883116883116885,8.428571428571416,15.584415584415588,5.000000000000001,0.23376623376623382,0.0,0.0,0.0,0.0,0.0,0.0,0.0,0.0,0.0,0.0,0.0,0.0,0.0,0.0,0.0,0.4128,0.02373,0.0,0.0,0.0,0.0,0.0,0.0,0.0,0.0,0.0,0.0,0.9281164695177436,7.616014558689707,15.600545950864426,5.582347588717016,0.27297543221110104,0.0,0.0,0.0,0.0,0.0,0.0,0.0,0.0,0.0,0.0,0.0,0.0,0.0,0.0,0.0
10000,4617,2418,0.5237166991552956,1131,945,0.44964262508122155,1316,0.5700671431665584,0.47,2.9849931787175987,3.087661547391556,6.621087314662273,2.1046939312571586,6649.800000000001,9.094947017729282e-13,6649.8,6649.8,6649.800000000002,1.8189894035458565e-12,6649.800000000001,9.094947017729282e-13,27.673814165042234,20.77432586503716,32.709251101321584,19.007109727568352,0.14143383149231104,0.10244747671648256,0.08901884340480831,0.09140134286333117,0.08208793588910548,0.07537361923326835,0.06887589343729694,0.060645440762399826,0.0602122590426684,0.04808317089018843,0.04894953432965129,0.04136885423435131,0.03422135585878276,0.024041585445094216,0.012562269872211393,0.011695906432748537,0.007580680095299978,0.8903275863907929,0.03563964047576413,0.0,0.0,0.0,0.0,0.0,0.0,0.0,0.0,0.0,0.0,0.0,0.0,0.0,0.0,0.0,0.0,0.0,0.0,0.0,0.0,0.0,0.019493177387914232,0.05198180636777129,0.2534113060428842,1.2215724496426252,5.230669265756986,11.942820012995455,8.447043534762834,1.9688109161793377,0.8641975308641977,4.337938005390836,2.9087682402353665,6.0,2.160246899469287,1.383145631067961,4.285906040268457,2.8804133776371224,4.393652937204592,2.935670899652524,1.0251398177943691,0.4128,0.02267,0.0,0.0,0.0,0.0,0.0,0.0,0.0,0.0,0.0,0.006497725795971411,0.6302794022092268,7.6738141650422245,16.094866796621186,5.367121507472386,0.2274204028589994,0.0,0.0,0.0,0.0,0.0,0.0,0.0,0.0,0.0,0.0,0.0,0.0,0.0,0.0,0.0,nan,nan,4.339616290811175,2.9085886562465113,nan,0.4128,0.1061,0.0,0.0,0.0,0.0,0.0,0.0,0.0,0.0,3.248862897985705e-05,4.331817197314273e-05,0.0015269655620532814,0.0003248862897985705,0.00905349794238683,4.331817197314273e-05,0.0028265107212475634,0.0003140567468052848,0.0014728178470868529,0.015085553389646957,0.0026207494043751353,0.00023824994585228503,0.002122590426683994,0.00021659085986571366,0.0056855100714749834,0.008685293480615117,0.008923543426467404,0.012161576781459823,0.0073965778644141215,0.02387914230019493,0.023738358241282217,0.023424301494476933,0.01364522417153996,0.02812432315356292,0.019525666016894087,0.02183235867446394,0.017868745938921377,0.03520684427117176,0.021994801819363224,0.05811132770197098,0.04626380766731644,0.0205761316872428,0.008771929824561403,0.034394628546675333,0.029434697855750487,0.014240849036170674,0.02491877842755036,0.05693090751570284,0.08791423001949318,0.05489495343296513,0.0388022525449426,0.03633311674247347,0.02539527831925493,0.004624214858132987,0.011046133853151396,0.020337881741390514,0.020435347628330085,0.015280485163526099,0.016125189517002383,0.021431665583712366,0.0007255793805501408,0.00035737491877842756,0.0005523066926575699,0.00459172622915313,0.014154212692224388,0.0004873294346978557,0.01909248429716266,0.004905782975958415,9.746588693957115e-05,0.00016244314489928524,0.0,7.580680095299978e-05,0.0005198180636777127,0.0,0.0,0.0,0.0,0.0,0.0,0.0,0.0,0.0,0.0,0.0,0.0,0.0,0.0,0.0,0.0,0.0,0.0,0.0,0.0,0.0,0.0,0.0,0.0,0.0,0.0,0.0,0.0,0.0,0.0,nan,nan,4.339616290811175,2.9085886562465113,nan,0.8908458727021371,0.03545113626214691,0.0,0.0,0.0,0.0,0.0,0.0,0.0,0.0,0.0,0.0,0.0,0.0,0.0,0.0,0.0,0.0,0.0,0.0,0.0,0.0,0.0,0.024813895781637722,0.03722084367245658,0.22332506203473876,1.240694789081886,5.173697270471465,11.848635235732013,8.672456575682384,1.8734491315136481,0.9057071960297769,0.889757683570952,0.0358371222137648,0.0,0.0,0.0,0.0,0.0,0.0,0.0,0.0,0.0,0.0,0.0,0.0,0.0,0.0,0.0,0.0,0.0,0.0,0.0,0.0,0.0,0.013642564802182814,0.06821282401091407,0.28649386084583817,1.2005457025920876,5.293315143246931,12.046384720327424,8.19918144611187,2.0736698499317874,0.8185538881309689,0.413,0.02248,0.0,0.0,0.0,0.0,0.0,0.0,0.0,0.0,0.0,0.0,0.6575682382133997,7.49379652605458,16.191066997518615,5.483870967741937,0.17369727047146408,0.0,0.0,0.0,0.0,0.0,0.0,0.0,0.0,0.0,0.0,0.0,0.0,0.0,0.0,0.0,0.4128,0.02289,0.0,0.0,0.0,0.0,0.0,0.0,0.0,0.0,0.0,0.013642564802182814,0.6002728512960438,7.87175989085947,15.989085948158257,5.2387448840382,0.28649386084583905,0.0,0.0,0.0,0.0,0.0,0.0,0.0,0.0,0.0,0.0,0.0,0.0,0.0,0.0,0.0
10100,4751,2418,0.5089454851610188,1103,970,0.4363291938539255,1347,0.5670385182066934,0.46599999999999997,3.02186026575225,3.132855159681283,6.679817905918058,2.115568986536771,6649.800000000001,9.094947017729282e-13,6649.8,6649.8,6649.800000000002,1.8189894035458565e-12,6649.800000000002,1.8189894035458565e-12,27.452115344138075,20.740485141343566,32.330406422478674,19.087118089296258,0.1399705325194696,0.10924015996632289,0.09450641970111555,0.08966533361397601,0.07682593138286677,0.07451062934119133,0.0686171332351084,0.06482845716691223,0.051778572932014315,0.05472532098505578,0.046727004841086085,0.039360134708482424,0.031361818564512735,0.026099768469795833,0.014102294253841297,0.010945064197011155,0.006735424121237634,0.88941610997362,0.03418007617562876,0.0,0.0,0.0,0.0,0.0,0.0,0.0,0.0,0.0,0.0,0.0,0.0,0.0,0.0,0.0,0.0,0.0,0.0,0.0,0.0,0.0,0.012628920227320567,0.0757735213639234,0.1515470427278463,1.1239739002315303,5.4746369185434665,12.388970743001476,8.196169227531048,1.938539254893707,0.6377604714796886,4.4765547056867305,2.894101262449176,3.25,2.8613807855648994,0.7260047544758934,4.5303830911492735,2.8902311639123526,4.4188376753507015,2.8975364167299023,0.9753783700949062,0.4114,0.02298,0.0,0.0,0.0,0.0,0.0,0.0,0.0,0.0,0.0,0.025257840454641134,0.757735213639234,8.549778993896009,15.205219953693963,5.34834771627026,0.1136602820458851,0.0,0.0,0.0,0.0,0.0,0.0,0.0,0.0,0.0,0.0,0.0,0.0,0.0,0.0,0.0,nan,nan,4.474925273995351,2.8944028521504936,nan,0.4114,0.1064,0.0,0.0,0.0,0.0,0.0,0.0,0.0,0.0,0.00021048200378867606,1.0524100189433804e-05,0.0017259524310671438,0.00015786150284150704,0.010029467480530414,3.157230056830141e-05,0.0028836034519048623,0.0006103978109871606,0.0015786150284150704,0.01424963165649337,0.002841507051147127,6.314460113660282e-05,0.0019153862344769522,0.0002946748053041465,0.006524942117448958,0.009576931172384761,0.008998105661965902,0.010839823195116817,0.008556093454009683,0.021395495685118924,0.02479478004630604,0.024731635445169438,0.013733950747211114,0.02972005893496106,0.022090086297621554,0.020564091770153652,0.01652283729741107,0.03624500105241002,0.022837297411071353,0.05941906966954325,0.044401178699221215,0.019774784255946115,0.007872026941696485,0.037307935171542836,0.028541359713744476,0.015207324773731845,0.02625762997263734,0.05719848452957272,0.08465586192380552,0.05670385182066933,0.03948642391075563,0.03448747632077458,0.02509997895179962,0.00439907387918333,0.010450431488107767,0.019217006945906126,0.01820669332772048,0.014828457166912229,0.017543675015786152,0.019416964849505367,0.0003999158071984845,0.0004420122079562197,0.0008840244159124394,0.004662176383919175,0.013597137444748475,0.000799831614396969,0.018943380340980847,0.00484108608713955,0.00010524100189433803,0.0003472953062513155,0.0,8.419280151547043e-05,0.0006840665123131972,0.0,0.0,0.0,0.0,0.0,0.0,0.0,0.0,0.0,0.0,0.0,0.0,0.0,0.0,0.0,0.0,0.0,0.0,0.0,0.0,0.0,0.0,0.0,0.0,0.0,0.0,0.0,0.0,0.0,0.0,nan,nan,4.474925273995351,2.8944028521504936,nan,0.8891296217863573,0.03364043639036491,0.0,0.0,0.0,0.0,0.0,0.0,0.0,0.0,0.0,0.0,0.0,0.0,0.0,0.0,0.0,0.0,0.0,0.0,0.0,0.0,0.0,0.024813895781637722,0.049627791563275445,0.136476426799007,1.066997518610422,5.583126550868488,12.65508684863524,7.878411910669977,2.0099255583126556,0.5955334987593053,0.8897130360073968,0.03472803550805531,0.0,0.0,0.0,0.0,0.0,0.0,0.0,0.0,0.0,0.0,0.0,0.0,0.0,0.0,0.0,0.0,0.0,0.0,0.0,0.0,0.0,0.0,0.10287183883411918,0.16716673810544314,1.1830261465923706,5.362194599228463,12.113159022717534,8.525503643377627,1.8645520788684102,0.6815259322760396,0.411,0.02296,0.0,0.0,0.0,0.0,0.0,0.0,0.0,0.0,0.0,0.03722084367245658,0.7692307692307694,8.722084367245646,15.409429280397026,4.975186104218363,0.08684863523573204,0.0,0.0,0.0,0.0,0.0,0.0,0.0,0.0,0.0,0.0,0.0,0.0,0.0,0.0,0.0,0.412,0.023,0.0,0.0,0.0,0.0,0.0,0.0,0.0,0.0,0.0,0.012858979854264898,0.7458208315473641,8.371195885126435,14.993570510072871,5.735105015002144,0.14144877839691386,0.0,0.0,0.0,0.0,0.0,0.0,0.0,0.0,0.0,0.0,0.0,0.0,0.0,0.0,0.0
10200,4679,2399,0.5127163923915367,1127,943,0.4424022226971575,1352,0.5779012609531952,0.4179999999999999,3.031578947368421,2.9697101219950057,6.2122448979591836,2.0273268468864667,6649.800000000001,9.094947017729282e-13,6649.8,6649.8,6649.800000000001,9.094947017729282e-13,6649.800000000002,1.8189894035458565e-12,29.380423167343448,21.451929126614385,34.32786471479051,19.57432607334194,0.1331481085702073,0.09403718743321222,0.08655695661466126,0.08121393460141056,0.07394742466338962,0.08014533019876043,0.06561231032271853,0.06304765975635819,0.06732207736695875,0.05278905749091686,0.045949989313955976,0.048728360760846336,0.031630690318444114,0.03141696943791408,0.02201325069459286,0.013250694592861722,0.009189997862791194,0.8909149995138564,0.03592200050659458,0.0,0.0,0.0,0.0,0.0,0.0,0.0,0.0,0.0,0.0,0.0,0.0,0.0,0.0,0.0,0.0,0.0,0.0,0.0,0.0,0.0,0.03205813207950417,0.05129301132720668,0.2308185509724293,1.2502671511006627,5.078008121393461,12.169266937379785,8.06582603120325,2.3466552682197053,0.7758067963240011,4.226148409893993,2.7565761991301576,3.0,3.559026084010437,0.709866220735786,4.219449776071657,2.810469496141944,4.230521571152608,2.7035872377354413,1.0026239902519374,0.4111,0.02356,0.0,0.0,0.0,0.0,0.0,0.0,0.0,0.0,0.0,0.0,1.013036973712332,8.424877110493682,15.349433639666598,5.058773242145758,0.15387903398162003,0.0,0.0,0.0,0.0,0.0,0.0,0.0,0.0,0.0,0.0,0.0,0.0,0.0,0.0,0.0,nan,nan,4.224967907573813,2.757723283357278,nan,0.4111,0.1052,0.0,0.0,0.0,0.0,0.0,0.0,0.0,0.0,0.0003205813207950417,0.0,0.0018593716606112418,1.0686044026501389e-05,0.010440265013891857,8.548835221201111e-05,0.002660824962598846,0.0007693951699081,0.0013678136353921777,0.012940799316093182,0.002575336610386835,9.61743962385125e-05,0.001784569352425732,0.00012823252831801668,0.008238939944432571,0.009980765120752298,0.009959393032699295,0.009948706988672793,0.007148963453729429,0.02030348365035264,0.02355204103440906,0.024129087411840135,0.01299422953622569,0.02916221414832229,0.023124599273349006,0.020869843983757214,0.016274845052361615,0.0376683051934174,0.022878820260739473,0.06185082282539004,0.043737978200470186,0.02053857661893567,0.007298568070100449,0.03834152596708698,0.027954691173327634,0.015398589442188502,0.026341098525325925,0.05896559093823467,0.08618294507373371,0.056977986749305404,0.041525967086984396,0.03454798033767899,0.02446035477666168,0.0039324642017525115,0.009788416328275273,0.01836930968155589,0.018027356272707844,0.016574054285103654,0.017813635392177816,0.01800598418465484,0.00042744176106005556,0.0005663603334045736,0.0008548835221201111,0.0038897200256465055,0.011733276341098525,0.0012502671511006626,0.017941867920495833,0.004402650138918572,6.411626415900834e-05,0.00010686044026501389,0.0,0.0,0.0008548835221201111,0.0,0.0,0.0,0.0,0.0,0.0,0.0,0.0,0.0,0.0,0.0,0.0,0.0,0.0,0.0,0.0,0.0,0.0,0.0,0.0,0.0,0.0,0.0,0.0,0.0,0.0,0.0,0.0,0.0,0.0,nan,nan,4.224967907573813,2.757723283357278,nan,0.8903934863171213,0.03592579291498931,0.0,0.0,0.0,0.0,0.0,0.0,0.0,0.0,0.0,0.0,0.0,0.0,0.0,0.0,0.0,0.0,0.0,0.0,0.0,0.0,0.0,0.050020842017507304,0.012505210504376826,0.2501042100875357,1.2505210504376825,5.252188411838268,12.29262192580242,7.903293038766154,2.200917048770321,0.7878282617757401,0.8914637320397193,0.03590983353119302,0.0,0.0,0.0,0.0,0.0,0.0,0.0,0.0,0.0,0.0,0.0,0.0,0.0,0.0,0.0,0.0,0.0,0.0,0.0,0.0,0.0,0.013157894736842108,0.09210526315789476,0.21052631578947303,1.2500000000000002,4.894736842105264,12.03947368421053,8.23684210526316,2.5000000000000004,0.7631578947368423,0.411,0.02351,0.0,0.0,0.0,0.0,0.0,0.0,0.0,0.0,0.0,0.0,0.9629012088370156,8.628595248019996,15.281367236348482,4.989578991246353,0.13755731554814507,0.0,0.0,0.0,0.0,0.0,0.0,0.0,0.0,0.0,0.0,0.0,0.0,0.0,0.0,0.0,0.4111,0.02362,0.0,0.0,0.0,0.0,0.0,0.0,0.0,0.0,0.0,0.0,1.0657894736842106,8.210526315789462,15.42105263157895,5.131578947368422,0.17105263157894743,0.0,0.0,0.0,0.0,0.0,0.0,0.0,0.0,0.0,0.0,0.0,0.0,0.0,0.0,0.0
10300,4419,2259,0.5112016293279023,1036,898,0.43765557818510975,1247,0.5643810816926906,0.46599999999999997,3.048611111111111,3.1106072880737106,6.708674304418985,1.9778412516357269,6649.800000000001,9.094947017729282e-13,6649.8,6649.8,6649.800000000001,9.094947017729282e-13,6649.800000000002,1.8189894035458565e-12,27.84295089386739,21.063858380544037,32.79066630698678,19.399951589536194,0.13939805385833898,0.10590631364562118,0.09594930979859696,0.08780267028739534,0.0746775288526816,0.07490382439465942,0.06788866259334692,0.06472052500565739,0.056121294410500115,0.05250056573885494,0.039149128762163386,0.041412084181941616,0.034623217922606926,0.027381760579316586,0.018329938900203666,0.011088481556913329,0.008146639511201629,0.8897024017433474,0.03594986472784522,0.0,0.0,0.0,0.0,0.0,0.0,0.0,0.0,0.0,0.0,0.0,0.0,0.0,0.0,0.0,0.0,0.0,0.0,0.0,0.0,0.0,0.013577732518669386,0.02715546503733877,0.27155465037338683,1.3713509843856078,5.465037338764427,11.554650373387648,8.309572301425664,2.253903598099118,0.7331975560081468,4.4084607180945605,2.8654926656987985,5.0,5.0,1.1341827271994196,4.404677533664068,2.85510337071379,4.413105413105413,2.8801312267802954,1.0019133930638355,0.4106,0.02275,0.0,0.0,0.0,0.0,0.0,0.0,0.0,0.0,0.0,0.013577732518669386,0.8689748811948407,8.492871690427688,15.69585879158181,4.820095044127632,0.10862186014935508,0.0,0.0,0.0,0.0,0.0,0.0,0.0,0.0,0.0,0.0,0.0,0.0,0.0,0.0,0.0,nan,nan,4.408880994671403,2.8676165814054375,nan,0.4106,0.10504,0.0,0.0,0.0,0.0,0.0,0.0,0.0,0.0,0.0003507580900656257,0.0,0.0017198461190314552,4.525910839556461e-05,0.009368635437881873,3.394433129667346e-05,0.0026929169495360943,0.000520479746548993,0.0016972165648336728,0.013181715320208192,0.002523195293052727,0.00014709210228558498,0.002014030323602625,0.00010183299389002037,0.009402579769178547,0.010239873274496493,0.010862186014935505,0.011190314550803349,0.007807196198234894,0.019382213170400543,0.02319529305272686,0.024270196877121522,0.013532473410273818,0.02679339217017425,0.022357999547408917,0.020672097759674133,0.015761484498755373,0.038051595383570946,0.023828920570264766,0.06122425888210002,0.045055442407784564,0.020841819416157502,0.0069925322471147315,0.03671645168590179,0.027540167458701064,0.015433355962887531,0.025775062231274043,0.059889115184430866,0.08749717130572528,0.05849739760126726,0.043188504186467525,0.034204571169947955,0.022629554197782304,0.004684317718940937,0.008655804480651732,0.018058384249830278,0.018318624123104775,0.016112242588821,0.017933921701742475,0.018092328581126953,0.0005657388549445576,0.0010749038243946594,0.0008599230595157276,0.0037565059968318625,0.008565286263860602,0.0012219959266802445,0.018974881194840462,0.004491966508259788,9.051821679112921e-05,0.00012446254808780267,0.0,0.0,0.0011654220411857887,0.0,0.0,2.2629554197782303e-05,0.0,0.0,0.0,0.0,0.0,0.0,0.0,0.0,0.0,0.0,0.0,0.0,0.0,0.0,0.0,0.0,0.0,0.0,0.0,0.0,0.0,0.0,0.0,0.0,0.0,0.0,0.0,nan,nan,4.408880994671403,2.8676165814054375,nan,0.8896310589069706,0.03604815816509124,0.0,0.0,0.0,0.0,0.0,0.0,0.0,0.0,0.0,0.0,0.0,0.0,0.0,0.0,0.0,0.0,0.0,0.0,0.0,0.0,0.0,0.013280212483399738,0.026560424966799476,0.2656042496679939,1.5006640106241704,5.232403718459496,11.819389110225767,8.140770252324039,2.257636122177955,0.7436918990703854,0.8897770144597248,0.03584662593926002,0.0,0.0,0.0,0.0,0.0,0.0,0.0,0.0,0.0,0.0,0.0,0.0,0.0,0.0,0.0,0.0,0.0,0.0,0.0,0.0,0.0,0.013888888888888892,0.027777777777777783,0.27777777777777696,1.2361111111111114,5.708333333333335,11.27777777777778,8.486111111111112,2.2500000000000004,0.7222222222222224,0.4106,0.02245,0.0,0.0,0.0,0.0,0.0,0.0,0.0,0.0,0.0,0.026560424966799476,0.7569721115537851,8.499335989375817,15.909694555112885,4.714475431606907,0.09296148738379817,0.0,0.0,0.0,0.0,0.0,0.0,0.0,0.0,0.0,0.0,0.0,0.0,0.0,0.0,0.0,0.4106,0.02307,0.0,0.0,0.0,0.0,0.0,0.0,0.0,0.0,0.0,0.0,0.9861111111111113,8.4861111111111,15.472222222222225,4.930555555555556,0.12500000000000003,0.0,0.0,0.0,0.0,0.0,0.0,0.0,0.0,0.0,0.0,0.0,0.0,0.0,0.0,0.0
10400,4569,2256,0.4937623112278398,1045,997,0.44692492886846136,1255,0.5493543444955132,0.45799999999999996,2.9736273238218764,3.1267634897406684,6.652380952380953,2.1657036059543184,6649.800000000001,9.094947017729282e-13,6649.8,6649.8,6649.800000000002,1.8189894035458565e-12,6649.800000000001,9.094947017729282e-13,27.31779382797111,20.637766154548093,32.45509612852252,18.859065856930098,0.1455460713504049,0.10242941562705186,0.09652002626395273,0.08360691617421755,0.08098052090172904,0.07769752681111841,0.06434668417596848,0.06806741081199387,0.061282556358065225,0.052965637995184944,0.04180345808710877,0.03808273145108339,0.028890347997373604,0.02495075508864084,0.017071569271175313,0.008973517181002408,0.00678485445392865,0.8895990157784871,0.03590955517420944,0.0,0.0,0.0,0.0,0.0,0.0,0.0,0.0,0.0,0.0,0.0,0.0,0.0,0.0,0.0,0.0,0.0,0.0,0.0,0.0,0.0,0.006565988181221275,0.07222586999343403,0.2823374917925139,1.1753118844386081,5.384110308601446,12.337491792514777,7.695338148391334,2.311227839789889,0.7353906762967829,4.439461883408072,2.8862609186561103,1.3333333333333333,0.9428090415820634,0.30033670033670035,4.423317140874393,2.893887470861429,4.4520547945205475,2.8780753457176376,1.0064968558054768,0.4106,0.02312,0.0,0.0,0.0,0.0,0.0,0.0,0.0,0.0,0.0,0.006565988181221275,0.9258043335521998,8.798424162836493,15.206828627708473,4.950755088640841,0.11162179908076168,0.0,0.0,0.0,0.0,0.0,0.0,0.0,0.0,0.0,0.0,0.0,0.0,0.0,0.0,0.0,nan,nan,4.436250861474845,2.886654241800826,nan,0.4106,0.1055,0.0,0.0,0.0,0.0,0.0,0.0,0.0,0.0,0.00032829940906106366,5.471656817684395e-05,0.002133946158896914,2.188662727073758e-05,0.009553512803676953,2.188662727073758e-05,0.0033595972860582185,0.00028452615451958854,0.0019479098270956446,0.013690085357846356,0.0020573429634493327,0.0003392427226964325,0.0021558327861676517,5.471656817684395e-05,0.01038520463996498,0.010954256949004159,0.00931275990369884,0.012672357189757058,0.008809367476471876,0.01973079448456993,0.02329831472970015,0.02289341212519151,0.013241409498796236,0.027456773911140292,0.01996060407091267,0.019304005252790545,0.01582403151674327,0.03427445830597505,0.025202451302254323,0.059345589844604946,0.04619172685489166,0.020529656379951848,0.0066973079448456995,0.03813744801926023,0.026449989056686364,0.016601006784854454,0.024009630115999124,0.060549354344495515,0.08854235062376888,0.056292405340337054,0.045064565550448674,0.03616765156489385,0.02243379295250602,0.00542788356314292,0.008437294812869338,0.02007003720726636,0.018680236375574522,0.014521777194134384,0.018877216021011164,0.016885532939374042,0.0008645217771941344,0.0017947034362004815,0.000831691836288028,0.004333552199606041,0.00832786167651565,0.0012803676953381483,0.018220617202889033,0.0038301597723790766,0.0001094331363536879,0.00017509301816590064,2.188662727073758e-05,0.0,0.0009739549135478223,0.0,0.0,0.0,0.0,0.0,0.0,0.0,0.0,0.0,0.0,0.0,0.0,0.0,0.0,0.0,0.0,0.0,0.0,0.0,0.0,0.0,0.0,0.0,0.0,0.0,0.0,0.0,0.0,0.0,0.0,nan,nan,4.436250861474845,2.886654241800826,nan,0.8901418612886828,0.036082990636363776,0.0,0.0,0.0,0.0,0.0,0.0,0.0,0.0,0.0,0.0,0.0,0.0,0.0,0.0,0.0,0.0,0.0,0.0,0.0,0.0,0.0,0.0,0.05319148936170214,0.2792553191489353,1.2632978723404258,5.265957446808511,12.127659574468089,7.8191489361702144,2.460106382978724,0.7313829787234044,0.8890695477841069,0.035731639126445114,0.0,0.0,0.0,0.0,0.0,0.0,0.0,0.0,0.0,0.0,0.0,0.0,0.0,0.0,0.0,0.0,0.0,0.0,0.0,0.0,0.0,0.012970168612191961,0.09079118028534373,0.2853437094682222,1.0894941634241246,5.499351491569392,12.542153047989627,7.574578469520105,2.1660181582360574,0.7392996108949418,0.411,0.02307,0.0,0.0,0.0,0.0,0.0,0.0,0.0,0.0,0.0,0.0,0.8377659574468087,8.656914893617008,15.465425531914898,4.933510638297873,0.10638297872340428,0.0,0.0,0.0,0.0,0.0,0.0,0.0,0.0,0.0,0.0,0.0,0.0,0.0,0.0,0.0,0.4104,0.02315,0.0,0.0,0.0,0.0,0.0,0.0,0.0,0.0,0.0,0.012970168612191961,1.011673151750973,8.936446173800247,14.954604409857332,4.967574578469521,0.11673151750972766,0.0,0.0,0.0,0.0,0.0,0.0,0.0,0.0,0.0,0.0,0.0,0.0,0.0,0.0,0.0
10500,4541,2364,0.5205901783748074,1096,954,0.45144241356529397,1315,0.5791675842325479,0.46599999999999997,3.0022967386311437,3.0062703202710197,6.388802488335926,2.1011732551317372,6649.800000000001,9.094947017729282e-13,6649.8,6649.8,6649.800000000001,9.094947017729282e-13,6649.800000000001,9.094947017729282e-13,28.06364236952213,20.899875653324443,33.0414480587618,19.11494920494802,0.13939660867650297,0.09777582030389782,0.08918740365558248,0.08698524554062982,0.08368200836820083,0.07861704470380973,0.06870733318652279,0.06254129046465537,0.05901783748073112,0.049548557586434706,0.0444835939220436,0.0444835939220436,0.03347280334728033,0.024003523452983924,0.02048007046905968,0.00946927989429641,0.008147985025324819,0.8891285941401811,0.035594664861237316,0.0,0.0,0.0,0.0,0.0,0.0,0.0,0.0,0.0,0.0,0.0,0.0,0.0,0.0,0.0,0.0,0.0,0.0,0.0,0.0,0.006606474344857963,0.0,0.02642589737943185,0.37656903765690264,1.3345078176613083,5.3776701167143806,12.12948689715922,7.835278573001543,2.259414225941423,0.6540409601409383,4.305564924114671,2.851179938505748,4.0,0.0,0.929030236565878,4.336277173913044,2.8373650608252747,4.27662424648359,2.8638161354161182,0.9862432854181175,0.4094,0.023,0.0,0.0,0.0,0.0,0.0,0.0,0.0,0.0,0.0,0.033032371724289813,1.030609997797842,8.991411583351672,15.525214710416211,4.3074212728473915,0.1057035895177274,0.006606474344857963,0.0,0.0,0.0,0.0,0.0,0.0,0.0,0.0,0.0,0.0,0.0,0.0,0.0,0.0,nan,nan,4.305461901550911,2.850704773631287,nan,0.4094,0.1056,0.0,0.0,0.0,0.0,0.0,0.0,0.0,0.0,0.0003193129266681348,9.909711517286941e-05,0.002422373926447919,0.0,0.009777582030389783,0.00016516185862144902,0.0028958379211627395,0.00022021581149526536,0.0018608236071349922,0.012640387579828232,0.002455406298172209,0.0007597445496586655,0.0014093811935696984,0.0003523452983924246,0.010129927328782207,0.01290464655362255,0.009986787051310285,0.01249724730235631,0.009942743889011231,0.020094692798942965,0.02293547676723189,0.021614181898260296,0.013334067386038317,0.028793217353005947,0.020524113631358733,0.020733318652279235,0.015084783087425677,0.035432724069588195,0.025754239154371285,0.05880863245981061,0.04579387800044043,0.021173750275269763,0.005978859282096454,0.03868090728914336,0.027064523232768114,0.017209865668354987,0.023397929971371946,0.058984805109006826,0.08781105483373706,0.05346839903105043,0.04457168024664171,0.03802025985465757,0.022737282536886148,0.006375247742787932,0.010063862585333627,0.018586214490200398,0.017837480731116493,0.013796520590178375,0.017507157013873596,0.016516185862144903,0.0007707553402334288,0.001442413565293988,0.0009249064082801145,0.003820744329442854,0.008335168465095794,0.0016956617485135432,0.018233869191807972,0.003996916978639066,0.00016516185862144902,0.0002422373926447919,8.808632459810615e-05,0.0,0.0007597445496586655,0.0,0.0,0.0,0.0,0.0,0.0,0.0,0.0,0.0,0.0,0.0,0.0,0.0,0.0,0.0,0.0,0.0,0.0,0.0,0.0,0.0,0.0,0.0,0.0,0.0,0.0,0.0,0.0,0.0,0.0,nan,nan,4.305461901550911,2.850704773631287,nan,0.8897371035945395,0.03613726565393133,0.0,0.0,0.0,0.0,0.0,0.0,0.0,0.0,0.0,0.0,0.0,0.0,0.0,0.0,0.0,0.0,0.0,0.0,0.0,0.0,0.0,0.0,0.025380710659898484,0.3934010152284252,1.269035532994924,5.253807106598987,12.157360406091374,7.703045685279189,2.423857868020305,0.7741116751269037,0.8884678149256183,0.0349839440130843,0.0,0.0,0.0,0.0,0.0,0.0,0.0,0.0,0.0,0.0,0.0,0.0,0.0,0.0,0.0,0.0,0.0,0.0,0.0,0.0,0.013780431786862658,0.0,0.027560863573725315,0.3582912264584279,1.405604042259991,5.512172714745063,12.099219108865414,7.978870004593479,2.0808451998162614,0.5236564079007809,0.4092,0.02248,0.0,0.0,0.0,0.0,0.0,0.0,0.0,0.0,0.0,0.025380710659898484,1.104060913705584,8.870558375634506,15.926395939086298,3.997461928934011,0.07614213197969544,0.0,0.0,0.0,0.0,0.0,0.0,0.0,0.0,0.0,0.0,0.0,0.0,0.0,0.0,0.0,0.4097,0.02354,0.0,0.0,0.0,0.0,0.0,0.0,0.0,0.0,0.0,0.04134129536058797,0.9508497932935234,9.122645842903065,15.08957280661461,4.644005512172716,0.13780431786862657,0.013780431786862658,0.0,0.0,0.0,0.0,0.0,0.0,0.0,0.0,0.0,0.0,0.0,0.0,0.0,0.0
10600,4385,2269,0.5174458380843786,1079,882,0.4472063854047891,1226,0.5591790193842645,0.45799999999999996,2.9409262759924384,3.0732715480082917,6.576988155668359,2.086231975604747,6649.800000000001,9.094947017729282e-13,6649.8,6649.8,6649.800000000001,9.094947017729282e-13,6649.800000000002,1.8189894035458565e-12,28.482326111744584,21.051367269525656,33.49335142469471,19.21996564174837,0.13546180159635118,0.1017103762827822,0.09007981755986318,0.08323831242873432,0.07571265678449259,0.07480045610034207,0.06408209806157354,0.06955530216647662,0.06066134549600912,0.053363740022805015,0.053135689851767386,0.04082098061573546,0.03511972633979475,0.029874572405929306,0.014367160775370582,0.009806157354618017,0.008209806157354617,0.8876618560526771,0.035051577418837666,0.0,0.0,0.0,0.0,0.0,0.0,0.0,0.0,0.0,0.0,0.0,0.0,0.0,0.0,0.0,0.0,0.0,0.0,0.0,0.0,0.0,0.0273660205245154,0.03420752565564425,0.2805017103762819,1.3340935005701255,5.740022805017105,12.2599771949829,7.799315849486889,1.9429874572405934,0.5815279361459522,4.247112355617781,2.87077526192091,3.3333333333333335,2.3570226039551585,0.784846986429317,4.304016620498615,2.892527470690439,4.1886925795053,2.8469336404002226,0.9732054842808775,0.4097,0.02336,0.0,0.0,0.0,0.0,0.0,0.0,0.0,0.0,0.0,0.0547320410490308,1.0809578107183582,8.750285062713784,15.482326111744587,4.522234891676169,0.10262257696693275,0.00684150513112885,0.0,0.0,0.0,0.0,0.0,0.0,0.0,0.0,0.0,0.0,0.0,0.0,0.0,0.0,nan,nan,4.246153846153846,2.8704369500171345,nan,0.4097,0.10596,0.0,0.0,0.0,0.0,0.0,0.0,0.0,2.280501710376283e-05,0.00021664766248574686,0.00022805017103762827,0.002451539338654504,0.0,0.009281641961231471,7.98175598631699e-05,0.002668187001140251,5.701254275940707e-05,0.0020296465222348916,0.011972633979475485,0.0024059293044469783,0.0006157354618015964,0.0015051311288483465,0.0008665906499429874,0.00952109464082098,0.012839224629418472,0.01080957810718358,0.013432155074116306,0.01063854047890536,0.021733181299885974,0.021664766248574687,0.020992018244013682,0.012964652223489168,0.030034207525655644,0.019897377423033068,0.021744583808437856,0.014241733181299886,0.034686431014823264,0.026659064994298747,0.057115165336374,0.0459521094640821,0.021984036488027367,0.0067730900798175595,0.03820980615735462,0.02846066134549601,0.017776510832383123,0.02290763968072976,0.05779931584948689,0.08494868871151653,0.05142531356898518,0.04335233751425314,0.03993158494868871,0.02370581527936146,0.006476624857468643,0.01063854047890536,0.019874572405929304,0.017799315849486887,0.012839224629418472,0.017548460661345498,0.014697833523375142,0.0008437856328392246,0.0018472063854047891,0.0013112884834663625,0.003990877993158495,0.008221208665906499,0.002063854047890536,0.01990877993158495,0.003671607753705815,6.841505131128849e-05,0.0002394526795895097,0.00019384264538198403,0.0,0.0011630558722919042,0.0,0.0,0.0,0.0,0.0,0.0,0.0,0.0,0.0,0.0,0.0,0.0,0.0,0.0,0.0,0.0,0.0,0.0,0.0,0.0,0.0,0.0,0.0,0.0,0.0,0.0,0.0,0.0,0.0,0.0,nan,nan,4.246153846153846,2.8704369500171345,nan,0.8879147039315101,0.03498524138622466,0.0,0.0,0.0,0.0,0.0,0.0,0.0,0.0,0.0,0.0,0.0,0.0,0.0,0.0,0.0,0.0,0.0,0.0,0.0,0.0,0.0,0.039665050683120325,0.026443367122080216,0.2644336712208013,1.2825033054208905,5.738210665491407,12.20361392684002,7.919788453063025,1.943587483472896,0.5817540766857647,0.8873907256948925,0.03512054825979095,0.0,0.0,0.0,0.0,0.0,0.0,0.0,0.0,0.0,0.0,0.0,0.0,0.0,0.0,0.0,0.0,0.0,0.0,0.0,0.0,0.0,0.014177693761814748,0.04253308128544424,0.2977315689981087,1.3894139886578452,5.741965973534972,12.320415879017016,7.670132325141779,1.9423440453686205,0.5812854442344046,0.41,0.0231,0.0,0.0,0.0,0.0,0.0,0.0,0.0,0.0,0.0,0.06610841780520055,1.1106214191273691,8.488320846187735,15.76024680475981,4.482150727192597,0.07933010136624065,0.013221683561040108,0.0,0.0,0.0,0.0,0.0,0.0,0.0,0.0,0.0,0.0,0.0,0.0,0.0,0.0,0.4097,0.02367,0.0,0.0,0.0,0.0,0.0,0.0,0.0,0.0,0.0,0.04253308128544424,1.0491493383742914,9.031190926275979,15.184310018903595,4.565217391304349,0.12759924385633273,0.0,0.0,0.0,0.0,0.0,0.0,0.0,0.0,0.0,0.0,0.0,0.0,0.0,0.0,0.0
10700,4374,2141,0.48948331047096477,1010,963,0.4510745313214449,1259,0.5756744398719708,0.47,2.90371697268249,3.091839449563146,6.5872,2.057376037577963,6649.800000000001,9.094947017729282e-13,6649.8,6649.8,6649.800000000001,9.094947017729282e-13,6649.800000000001,9.094947017729282e-13,27.703246456332877,20.725781719136688,32.64422028353326,18.983295672180567,0.14037494284407864,0.09807956104252401,0.09396433470507544,0.09122085048010974,0.08710562414266118,0.06995884773662552,0.0644718792866941,0.06675811614083219,0.06378600823045268,0.045953360768175584,0.04458161865569273,0.04000914494741655,0.035208047553726564,0.026520347508001828,0.01828989483310471,0.00823045267489712,0.0054869684499314125,0.8853396730140621,0.0365714807115158,0.0,0.0,0.0,0.0,0.0,0.0,0.0,0.0,0.0,0.0,0.0,0.0,0.0,0.0,0.0,0.0,0.0,0.0,0.0,0.0,0.0,0.013717421124828535,0.10288065843621402,0.4183813443072689,1.611796982167353,6.035665294924556,12.27709190672154,6.995884773662553,1.8724279835390951,0.6721536351165982,4.361061946902655,2.9032613223575128,5.25,1.920286436967152,1.203835227272727,4.283380681818182,2.9025276880817783,4.440534834623505,2.8999533100084895,1.0366892799121032,0.4102,0.02315,0.0,0.0,0.0,0.0,0.0,0.0,0.0,0.0,0.0,0.041152263374485604,0.9259259259259262,8.813443072702318,15.507544581618658,4.547325102880659,0.16460905349794241,0.0,0.0,0.0,0.0,0.0,0.0,0.0,0.0,0.0,0.0,0.0,0.0,0.0,0.0,0.0,nan,nan,4.36231884057971,2.9022987432713907,nan,0.4102,0.10614,0.0,0.0,0.0,0.0,0.0,0.0,0.0,0.0,0.00017146776406035664,0.00048010973936899864,0.0033150434385002285,5.7155921353452216e-05,0.007887517146776405,0.0,0.002114769090077732,6.858710562414266e-05,0.0024348422496570645,0.012254229538180155,0.002046181984453589,0.0008230452674897119,0.0015889346136259716,0.0011431184270690445,0.009853680841335163,0.011442615454961134,0.011396890717878373,0.014997713763145862,0.011019661636945588,0.020233196159122085,0.021239140374942844,0.021707818930041152,0.01210562414266118,0.031024234110653862,0.01860996799268404,0.021513488797439414,0.013968907178783721,0.034865112025605854,0.02686328303612254,0.05824188385916781,0.04835390946502058,0.021799268404206675,0.006687242798353909,0.03616826703246456,0.028223593964334704,0.018484224965706446,0.02159350708733425,0.056035665294924555,0.08324188385916781,0.05221764974851394,0.0438957475994513,0.039586191129401004,0.02315957933241884,0.006973022405121171,0.01185413808870599,0.019467306812985825,0.0185413808870599,0.01390032007315958,0.01721536351165981,0.014826245999085505,0.0006858710562414266,0.0019204389574759945,0.0017946959304983997,0.0037837219935985367,0.008619112940100595,0.0025605852766346594,0.01931870141746685,0.0038751714677640603,0.00020576131687242798,0.00017146776406035664,0.0002629172382258802,0.0,0.001108824874256973,0.0,0.0,0.0,0.0,0.0,0.0,0.0,0.0,0.0,0.0,0.0,0.0,0.0,0.0,0.0,0.0,0.0,0.0,0.0,0.0,0.0,0.0,0.0,0.0,0.0,0.0,0.0,0.0,0.0,0.0,nan,nan,4.36231884057971,2.9022987432713907,nan,0.8861535997214801,0.03656611818822891,0.0,0.0,0.0,0.0,0.0,0.0,0.0,0.0,0.0,0.0,0.0,0.0,0.0,0.0,0.0,0.0,0.0,0.0,0.0,0.0,0.0,0.014012143858010279,0.09808500700607195,0.3362914525922456,1.6394208313872027,5.927136851938348,11.952358710882768,7.482484820177489,1.7795422699673054,0.7706679121905654,0.8845592802327895,0.03655960953421364,0.0,0.0,0.0,0.0,0.0,0.0,0.0,0.0,0.0,0.0,0.0,0.0,0.0,0.0,0.0,0.0,0.0,0.0,0.0,0.0,0.0,0.013434841021047922,0.10747872816838337,0.4970891177787714,1.5853112404836547,6.1397223466189,12.588446036721901,6.529332736229289,1.9614867890729963,0.5776981639050606,0.4102,0.02298,0.0,0.0,0.0,0.0,0.0,0.0,0.0,0.0,0.0,0.028024287716020557,0.9107893507706681,8.86968706212049,15.497431106959368,4.53993460999533,0.15413358243811306,0.0,0.0,0.0,0.0,0.0,0.0,0.0,0.0,0.0,0.0,0.0,0.0,0.0,0.0,0.0,0.41,0.02332,0.0,0.0,0.0,0.0,0.0,0.0,0.0,0.0,0.0,0.053739364084191686,0.9404388714733545,8.75951634572323,15.517241379310349,4.554411106135245,0.17465293327362297,0.0,0.0,0.0,0.0,0.0,0.0,0.0,0.0,0.0,0.0,0.0,0.0,0.0,0.0,0.0
10800,4366,2196,0.5029775538250114,1052,910,0.4493815849748053,1235,0.5657352267521759,0.478,2.9838709677419355,3.0688291259939566,6.513866231647635,2.055959442312896,6649.800000000001,9.094947017729282e-13,6649.8,6649.8,6649.800000000001,9.094947017729282e-13,6649.800000000002,1.8189894035458565e-12,27.784241868987632,20.96258230850636,33.13582295988935,19.067430109729095,0.1500229042601924,0.10146587265231333,0.0847457627118644,0.07901969766376546,0.08863948694457169,0.07672927164452588,0.06275767292716446,0.0657352267521759,0.06344480073293633,0.046037562986715526,0.04420522217132387,0.0423728813559322,0.03481447549244159,0.027485112230874943,0.01580393953275309,0.010306917086578103,0.00641319285387082,0.8875309640231943,0.03487425769815352,0.0,0.0,0.0,0.0,0.0,0.0,0.0,0.0,0.0,0.0,0.0,0.0,0.0,0.0,0.0,0.0,0.0,0.0,0.0,0.0,0.0068712780577187375,0.0,0.02061383417315621,0.2954649564819047,1.3811268896014661,5.8818140174072395,12.155290884104447,7.654603756298673,2.0270270270270276,0.5771873568483739,4.284348441926346,2.797881394529025,8.0,0.0,1.867261757170014,4.239687055476529,2.8009124532246674,4.331219168428471,2.7948819365673896,1.0215893559487386,0.4111,0.02249,0.0,0.0,0.0,0.0,0.0,0.0,0.0,0.0,0.0,0.02061383417315621,0.7627118644067798,8.472285845167189,15.83142464498397,4.803023362345397,0.1099404489234998,0.0,0.0,0.0,0.0,0.0,0.0,0.0,0.0,0.0,0.0,0.0,0.0,0.0,0.0,0.0,nan,nan,4.28566371681416,2.7982592174377925,nan,0.4111,0.10583,0.0,0.0,0.0,0.0,0.0,2.2904260192395786e-05,0.0,0.0,0.0001603298213467705,0.00043518094365551995,0.00298900595510765,1.1452130096197893e-05,0.00864635822262941,1.1452130096197893e-05,0.001694915254237288,6.871278057718736e-05,0.0019812185066422354,0.011211635364177738,0.0019583142464498398,0.000847457627118644,0.0019812185066422354,0.0010421438387540082,0.010329821346770499,0.01136051305542831,0.010936784241868988,0.01450984883188273,0.010994044892349977,0.01994961062757673,0.019411360513055427,0.02136967475950527,0.013341731562070545,0.02919147961520843,0.019606046724690792,0.020304626660558864,0.014990838295923042,0.034928996793403576,0.02761108566193312,0.05784470911589556,0.04988547869903802,0.022182775996335318,0.008153916628492899,0.03271873568483738,0.028137883646358223,0.019686211635364177,0.021449839670178654,0.05561154374713697,0.08433348602840128,0.053458543289051766,0.044766376546037566,0.04082684379294549,0.02201099404489235,0.008165368758589097,0.01120018323408154,0.017693540998625745,0.01710948236371965,0.014303710490151169,0.01776225377920293,0.0157695831424645,0.000423728813559322,0.0013628034814475492,0.0016605588639486944,0.004248740265689418,0.009035730645900138,0.0023362345396243703,0.019869445716903345,0.004111314704535044,0.00038937242327072833,0.00017178195144296838,0.00020613834173156207,1.1452130096197893e-05,0.0012024736601007789,0.0,0.0,0.0,0.0,0.0,0.0,0.0,0.0,0.0,0.0,0.0,0.0,0.0,0.0,0.0,0.0,0.0,0.0,0.0,0.0,0.0,0.0,0.0,0.0,0.0,0.0,0.0,0.0,0.0,0.0,nan,nan,4.28566371681416,2.7982592174377925,nan,0.8875969489849764,0.03397096752313809,0.0,0.0,0.0,0.0,0.0,0.0,0.0,0.0,0.0,0.0,0.0,0.0,0.0,0.0,0.0,0.0,0.0,0.0,0.0,0.0,0.0,0.0,0.013661202185792353,0.2732240437158462,1.243169398907104,6.051912568306013,12.226775956284156,7.595628415300548,2.131147540983607,0.46448087431694,0.8874641884581834,0.035765029017959665,0.0,0.0,0.0,0.0,0.0,0.0,0.0,0.0,0.0,0.0,0.0,0.0,0.0,0.0,0.0,0.0,0.0,0.0,0.0,0.0,0.01382488479262673,0.0,0.02764976958525346,0.31797235023041376,1.5207373271889406,5.709677419354841,12.082949308755763,7.714285714285716,1.9216589861751157,0.6912442396313365,0.4116,0.0222,0.0,0.0,0.0,0.0,0.0,0.0,0.0,0.0,0.0,0.0,0.6830601092896176,8.374316939890699,15.833333333333337,5.000000000000001,0.10928961748633882,0.0,0.0,0.0,0.0,0.0,0.0,0.0,0.0,0.0,0.0,0.0,0.0,0.0,0.0,0.0,0.4104,0.02277,0.0,0.0,0.0,0.0,0.0,0.0,0.0,0.0,0.0,0.04147465437788019,0.8433179723502306,8.57142857142856,15.829493087557607,4.603686635944701,0.11059907834101385,0.0,0.0,0.0,0.0,0.0,0.0,0.0,0.0,0.0,0.0,0.0,0.0,0.0,0.0,0.0
10900,4499,2262,0.5027783951989331,1017,948,0.43676372527228274,1266,0.562791731495888,0.486,2.991953509164059,3.1194270047958916,6.677367576243981,2.035854726353005,6649.800000000002,1.8189894035458565e-12,6649.8,6649.8,6649.800000000001,9.094947017729282e-13,6649.800000000001,9.094947017729282e-13,27.44898866414759,20.7141181998667,32.293308648505686,19.050439880554887,0.14092020448988665,0.10357857301622583,0.10180040008890864,0.08579684374305402,0.07512780617915092,0.07757279395421204,0.07157146032451656,0.060680151144698824,0.05290064458768615,0.05178928650811292,0.05067792842853967,0.03778617470549011,0.03067348299622138,0.02333851967103801,0.020893531895976883,0.009557679484329852,0.005334518781951545,0.887180215015653,0.03571084173044421,0.0,0.0,0.0,0.0,0.0,0.0,0.0,0.0,0.0,0.0,0.0,0.0,0.0,0.0,0.0,0.0,0.0,0.0,0.0,0.0,0.0,0.0,0.05334518781951546,0.25338964214269755,1.4669926650366751,5.974661035785732,12.34274283174039,7.16825961324739,2.0137808401867088,0.7268281840408982,4.476524176594253,2.887394195759736,5.0,3.0,1.1169380087664371,4.415055248618785,2.8777523212330065,4.540867093105899,2.8971225758880594,1.0284960974217647,0.4114,0.02313,0.0,0.0,0.0,0.0,0.0,0.0,0.0,0.0,0.0,0.020004445432318295,0.800177817292732,8.395198933096232,15.596799288730832,4.994443209602134,0.19337630584574356,0.0,0.0,0.0,0.0,0.0,0.0,0.0,0.0,0.0,0.0,0.0,0.0,0.0,0.0,0.0,nan,nan,4.476890756302521,2.887507793404786,nan,0.4114,0.1056,0.0,0.0,0.0,0.0,0.0,0.0,0.0,0.0,0.0002222716159146477,0.0002222716159146477,0.0025227828406312516,0.0,0.007957323849744388,0.0,0.0016559235385641253,6.668148477439431e-05,0.0021560346743720827,0.010224494332073794,0.0017670593465214492,0.001100244498777506,0.0020671260280062235,0.0008335185596799289,0.012124916648144033,0.011235830184485441,0.009302067126028006,0.016525894643254057,0.010846854856634808,0.020182262725050013,0.01999333185152256,0.021938208490775726,0.014836630362302735,0.029562124916648145,0.01729273171815959,0.019915536785952433,0.015925761280284507,0.03903089575461213,0.025616803734163147,0.052256056901533676,0.049522116025783505,0.023649699933318516,0.00811291398088464,0.034985552344965545,0.027294954434318737,0.019370971326961545,0.01970437875083352,0.05641253611913759,0.08252945098910869,0.05457879528784174,0.04385418981995999,0.0397755056679262,0.024205378973105134,0.009346521449210936,0.012236052456101355,0.01612580573460769,0.016303623027339408,0.014236496999333185,0.018204045343409647,0.01728161813736386,0.0002333851967103801,0.0019226494776617025,0.0013780840186708157,0.005167815070015559,0.007768392976216937,0.0019004223160702378,0.020949099799955545,0.0036897088241831517,0.00024449877750611245,0.00020004445432318294,0.00020004445432318294,0.0,0.0012336074683262947,0.0,0.0,0.0,0.0,0.0,0.0,0.0,0.0,0.0,0.0,0.0,0.0,0.0,0.0,0.0,0.0,0.0,0.0,0.0,0.0,0.0,0.0,0.0,0.0,0.0,0.0,0.0,0.0,0.0,0.0,nan,nan,4.476890756302521,2.887507793404786,nan,0.8875142888723486,0.03585085769688274,0.0,0.0,0.0,0.0,0.0,0.0,0.0,0.0,0.0,0.0,0.0,0.0,0.0,0.0,0.0,0.0,0.0,0.0,0.0,0.0,0.0,0.0,0.053050397877984094,0.22546419098143167,1.578249336870027,5.663129973474803,12.320954907161807,7.480106100795758,1.8567639257294433,0.8222811671087535,0.8868424076558652,0.03556550986973063,0.0,0.0,0.0,0.0,0.0,0.0,0.0,0.0,0.0,0.0,0.0,0.0,0.0,0.0,0.0,0.0,0.0,0.0,0.0,0.0,0.0,0.0,0.05364327223960663,0.28162717925793385,1.3544926240500672,6.289673670093878,12.364774251229328,6.852928028609747,2.1725525257040683,0.6303084488153778,0.4119,0.02307,0.0,0.0,0.0,0.0,0.0,0.0,0.0,0.0,0.0,0.0,0.7559681697612735,8.275862068965505,15.583554376657828,5.172413793103449,0.21220159151193638,0.0,0.0,0.0,0.0,0.0,0.0,0.0,0.0,0.0,0.0,0.0,0.0,0.0,0.0,0.0,0.4106,0.02318,0.0,0.0,0.0,0.0,0.0,0.0,0.0,0.0,0.0,0.04023245417970497,0.8448815377738044,8.515869468037538,15.610192221725528,4.814483683504695,0.17434063477872155,0.0,0.0,0.0,0.0,0.0,0.0,0.0,0.0,0.0,0.0,0.0,0.0,0.0,0.0,0.0
11000,4644,2426,0.5223944875107666,1195,917,0.45478036175710596,1280,0.5512489233419466,0.46599999999999997,3.0707844905320107,3.1052971725344483,6.6359375,2.1243283635289885,6649.800000000001,9.094947017729282e-13,6649.8,6649.8,6649.800000000002,1.8189894035458565e-12,6649.800000000001,9.094947017729282e-13,28.138458225667527,20.758236596540502,32.77611561866126,19.082247719150644,0.13199827734711456,0.10120585701981051,0.09302325581395349,0.0872093023255814,0.08161068044788974,0.07622739018087855,0.07515073212747632,0.06266149870801034,0.05534022394487511,0.05167958656330749,0.04866494401378122,0.03983634797588286,0.03337639965546942,0.024117140396210164,0.01959517657192076,0.013565891472868217,0.004737295434969853,0.8866296942946625,0.03620503048058712,0.0,0.0,0.0,0.0,0.0,0.0,0.0,0.0,0.0,0.0,0.0,0.0,0.0,0.0,0.0,0.0,0.0,0.0,0.0,0.0,0.0,0.012919896640826876,0.06459948320413438,0.3036175710594306,1.5633074935400522,6.143410852713179,11.828165374677006,7.454780361757107,1.9573643410852717,0.6718346253229976,4.231200527704486,2.8701521264417202,5.0,2.0,1.1816977161119337,4.291612057667104,2.8447409151630048,4.1710875331564985,2.893542088846152,0.9719162582984908,0.411,0.02373,0.0,0.0,0.0,0.0,0.0,0.0,0.0,0.0,0.0,0.025839793281653752,0.9431524547803619,8.81782945736433,14.974160206718349,4.928940568475453,0.310077519379845,0.0,0.0,0.0,0.0,0.0,0.0,0.0,0.0,0.0,0.0,0.0,0.0,0.0,0.0,0.0,nan,nan,4.2317073170731705,2.869733274931263,nan,0.411,0.10626,0.0,0.0,0.0,0.0,0.0,0.0,0.0,0.0,0.0002153316106804479,0.0006459948320413437,0.002616279069767442,0.0,0.007547372954349698,0.0,0.0028746770025839794,9.689922480620155e-05,0.0022825150732127476,0.010077519379844961,0.002131782945736434,0.0008397932816537468,0.0014534883720930232,0.000818260120585702,0.010960378983634798,0.011843238587424634,0.008505598621877691,0.016795865633074936,0.012177002583979328,0.020693367786391043,0.020370370370370372,0.02243755383290267,0.014459517657192077,0.030340223944875108,0.017711024978466838,0.020295004306632215,0.014136520241171404,0.038921188630490954,0.02832687338501292,0.052314814814814814,0.04896640826873385,0.023815676141257538,0.007827304048234281,0.03243970714900948,0.02869293712316968,0.02018733850129199,0.019401378122308355,0.055189491817398795,0.08186907838070628,0.051819552110249786,0.04391688199827735,0.03906115417743325,0.023481912144702844,0.0090869939707149,0.011337209302325582,0.016462101636520243,0.017118863049095608,0.014351851851851852,0.018776916451335057,0.018357019810508184,0.00025839793281653745,0.0027993109388458224,0.002185615848406546,0.004780361757105943,0.00809646856158484,0.002045650301464255,0.020844099913867355,0.0030469422911283375,0.00023686477174849268,0.00024763135228251506,0.00025839793281653745,1.0766580534022394e-05,0.001119724375538329,2.1533161068044788e-05,0.0,0.0,0.0,0.0,0.0,0.0,0.0,0.0,0.0,0.0,0.0,0.0,0.0,0.0,0.0,0.0,0.0,0.0,0.0,0.0,0.0,0.0,0.0,0.0,0.0,0.0,0.0,0.0,0.0,nan,nan,4.2317073170731705,2.869733274931263,nan,0.8869235852928272,0.036904833423191674,0.0,0.0,0.0,0.0,0.0,0.0,0.0,0.0,0.0,0.0,0.0,0.0,0.0,0.0,0.0,0.0,0.0,0.0,0.0,0.0,0.0,0.012366034624896953,0.04946413849958781,0.3586150041220104,1.58285243198681,6.195383347073373,11.413849958779888,7.666941467436111,1.9167353668590277,0.803792250618302,0.886308242734001,0.035420982560046714,0.0,0.0,0.0,0.0,0.0,0.0,0.0,0.0,0.0,0.0,0.0,0.0,0.0,0.0,0.0,0.0,0.0,0.0,0.0,0.0,0.0,0.013525698827772771,0.08115419296663662,0.24346257889990905,1.541929666366096,6.086564472497748,12.281334535617678,7.22272317403066,2.00180342651037,0.527502254283138,0.411,0.02367,0.0,0.0,0.0,0.0,0.0,0.0,0.0,0.0,0.0,0.024732069249793907,0.9521846661170653,8.643858202802956,15.284418796372632,4.760923330585326,0.33388293487221776,0.0,0.0,0.0,0.0,0.0,0.0,0.0,0.0,0.0,0.0,0.0,0.0,0.0,0.0,0.0,0.4111,0.0238,0.0,0.0,0.0,0.0,0.0,0.0,0.0,0.0,0.0,0.027051397655545543,0.9332732191163212,9.00811541929665,14.634806131650139,5.112714156898107,0.28403967538322816,0.0,0.0,0.0,0.0,0.0,0.0,0.0,0.0,0.0,0.0,0.0,0.0,0.0,0.0,0.0
11100,4494,2292,0.5100133511348465,1064,951,0.4483756119270138,1290,0.5740987983978638,0.482,2.989554950045413,3.1083053435793886,6.645631067961165,2.106928470332941,6649.800000000001,9.094947017729282e-13,6649.8,6649.8,6649.800000000001,9.094947017729282e-13,6649.800000000001,9.094947017729282e-13,27.42167334223409,20.57219926292951,32.560460139111825,18.74083928889409,0.14819759679572764,0.09368046283934134,0.08989764129951046,0.09279038718291055,0.08477970627503338,0.07276368491321762,0.07053849577214064,0.06586559857587895,0.05540720961281709,0.05540720961281709,0.045171339563862926,0.038495772140631955,0.03115264797507788,0.02336448598130841,0.016688918558077435,0.010013351134846462,0.005785491766800178,0.8882112512601233,0.03567393005467123,0.0,0.0,0.0,0.0,0.0,0.0,0.0,0.0,0.0,0.0,0.0,0.0,0.0,0.0,0.0,0.0,0.0,0.0,0.0,0.0,0.0,0.006675567423230977,0.040053404539385856,0.35380507343124057,1.3284379172229641,5.560747663551403,12.269692923898535,7.743658210947932,1.962616822429907,0.7343124165554075,4.355130434782609,2.8997398279747943,2.25,1.0897247358851685,0.5166320581423208,4.386062717770034,2.874630260043017,4.3185595567867034,2.9227665199446737,0.9846096224958564,0.4114,0.02429,0.0,0.0,0.0,0.0,0.0,0.0,0.0,0.0,0.0,0.026702269692923906,0.9946595460614154,8.384512683578093,15.106809078771699,5.180240320427237,0.3070761014686249,0.0,0.0,0.0,0.0,0.0,0.0,0.0,0.0,0.0,0.0,0.0,0.0,0.0,0.0,0.0,nan,nan,4.352205626953803,2.8990700197822328,nan,0.4114,0.106,0.0,0.0,0.0,0.0,0.0,0.0,0.0,0.0,0.00018914107699154428,0.0007676902536715621,0.0025367156208277704,0.0,0.007198486871384068,2.2251891410769917e-05,0.0026924788607031597,4.4503782821539834e-05,0.0021918113039608366,0.009501557632398754,0.0019692923898531377,0.0009123275478415665,0.0014574988874054295,0.0006898086337338673,0.011838006230529595,0.012805963506898086,0.008689363595905652,0.015832220738762795,0.013184245660881175,0.02001557632398754,0.018680462839341345,0.02275255896751224,0.014007565643079662,0.030151312861593234,0.017679127725856697,0.018324432576769027,0.014230084557187361,0.04104361370716511,0.02814864263462394,0.05506230529595016,0.05042278593680463,0.021984868713840675,0.006608811748998665,0.030874499332443257,0.027725856697819316,0.019537160658655985,0.0220404984423676,0.05491766800178015,0.08096350689808633,0.05390520694259012,0.04218958611481976,0.03899643969737428,0.023308856252781486,0.009746328437917224,0.012527814864263463,0.016266132621272807,0.017612372051624386,0.015131286159323543,0.01934801958166444,0.017178460169114375,0.0004784156653315532,0.002948375611927014,0.002347574543836226,0.004506008010680908,0.007109479305740988,0.002347574543836226,0.022218513573653762,0.0030485091232754784,5.562972852692479e-05,0.00017801513128615933,0.00014463729417000444,0.0,0.0007120605251446373,0.0,0.0,0.0,0.0,0.0,0.0,0.0,0.0,0.0,0.0,0.0,0.0,0.0,0.0,0.0,0.0,0.0,0.0,0.0,0.0,0.0,0.0,0.0,0.0,0.0,0.0,0.0,0.0,0.0,0.0,nan,nan,4.352205626953803,2.8990700197822328,nan,0.8879422404223087,0.035423525017184966,0.0,0.0,0.0,0.0,0.0,0.0,0.0,0.0,0.0,0.0,0.0,0.0,0.0,0.0,0.0,0.0,0.0,0.0,0.0,0.0,0.0,0.0,0.03926701570680629,0.40575916230366366,1.204188481675393,5.693717277486913,12.4869109947644,7.238219895287959,2.2905759162303667,0.6413612565445027,0.8884912570913092,0.03593057706477102,0.0,0.0,0.0,0.0,0.0,0.0,0.0,0.0,0.0,0.0,0.0,0.0,0.0,0.0,0.0,0.0,0.0,0.0,0.0,0.0,0.0,0.01362397820163488,0.04087193460490464,0.2997275204359664,1.4577656675749322,5.422343324250682,12.043596730245234,8.269754768392373,1.621253405994551,0.8310626702997277,0.411,0.02429,0.0,0.0,0.0,0.0,0.0,0.0,0.0,0.0,0.0,0.03926701570680629,1.0078534031413615,8.507853403141349,15.078534031413616,5.065445026178011,0.30104712041884824,0.0,0.0,0.0,0.0,0.0,0.0,0.0,0.0,0.0,0.0,0.0,0.0,0.0,0.0,0.0,0.4119,0.02428,0.0,0.0,0.0,0.0,0.0,0.0,0.0,0.0,0.0,0.01362397820163488,0.9809264305177113,8.256130790190724,15.136239782016352,5.299727520435968,0.31335149863760225,0.0,0.0,0.0,0.0,0.0,0.0,0.0,0.0,0.0,0.0,0.0,0.0,0.0,0.0,0.0
11200,4694,2339,0.49829569663400086,1091,998,0.44503621644652747,1327,0.5654026416702173,0.45399999999999996,2.932908704883227,3.1020436777915217,6.668224299065421,2.1947018388673976,6649.800000000001,9.094947017729282e-13,6649.8,6649.8,6649.800000000001,9.094947017729282e-13,6649.800000000001,9.094947017729282e-13,27.65828717511717,20.95310919567015,32.6529262086514,19.248598583194227,0.14230933106092886,0.10247123988069877,0.09203238176395398,0.08734554750745632,0.0818065615679591,0.07775884107371112,0.06945036216446528,0.06604175543246697,0.056668086919471665,0.048146570089475926,0.04260758414997869,0.03621644652748189,0.034299105240732854,0.024925436727737536,0.0195994887089902,0.008095440988495952,0.010225820195994887,0.8899092933422563,0.0349817726015206,0.0,0.0,0.0,0.0,0.0,0.0,0.0,0.0,0.0,0.0,0.0,0.0,0.0,0.0,0.0,0.0,0.0,0.0,0.0,0.0,0.0,0.0,0.012782275244993611,0.3195568811248392,1.1695781849169153,5.259906263314871,12.430762675756288,7.873881550916065,2.2432893054963787,0.6902428632296551,4.326775591863955,2.850022371110395,3.0,0.0,0.6933569667077681,4.396125584502338,2.892426423176059,4.256819693945443,2.8046709919961526,0.9683116671989558,0.4106,0.02336,0.0,0.0,0.0,0.0,0.0,0.0,0.0,0.0,0.0,0.019173412867490417,0.9139326800170432,8.704729441840636,15.249254367277379,4.927567106945037,0.18534299105240737,0.0,0.0,0.0,0.0,0.0,0.0,0.0,0.0,0.0,0.0,0.0,0.0,0.0,0.0,0.0,nan,nan,4.326333333333333,2.8496502514441233,nan,0.4106,0.1055,0.0,0.0,0.0,0.0,0.0,0.0,0.0,1.0651896037494674e-05,0.00025564550489987217,0.0012888794205368555,0.0024286322965487855,0.0,0.007008947592671496,4.2607584149978694e-05,0.002716233489561142,6.391137622496804e-05,0.0022049424797613974,0.009011504047720494,0.0016510438858116745,0.0007562846186621218,0.0017362590541116318,0.0008841073711120579,0.011589262888794206,0.013804857264593098,0.008127396676608436,0.016638261610566682,0.013016616957818491,0.018544951001278228,0.018789944610140604,0.02328504473796336,0.013442692799318279,0.03056028973157222,0.018065615679590967,0.020856412441414573,0.014454622922880273,0.04006178099701747,0.02738602471239881,0.05384533446953558,0.050213037920749895,0.02463783553472518,0.006849169152109076,0.031114188325521944,0.025873455475074563,0.01838517256071581,0.022592671495526205,0.05716872603323392,0.08201959948870899,0.05303579037068598,0.04548359608010226,0.03602471239880699,0.02386024712398807,0.010353642948444822,0.012430762675756284,0.014976565828717512,0.018576906689390712,0.013677034512143162,0.020174691095014914,0.015498508734554751,0.00044737963357477633,0.0030890498508734554,0.0024712398806987644,0.003962505325948018,0.007349808265871325,0.0021410311035364297,0.021548785683851726,0.002417980400511291,0.0,7.456327226246272e-05,0.00030890498508734555,0.0,0.0007136770345121432,0.0,0.0,0.0,0.0,0.0,0.0,0.0,0.0,0.0,0.0,0.0,0.0,0.0,0.0,0.0,0.0,0.0,0.0,0.0,0.0,0.0,0.0,0.0,0.0,0.0,0.0,0.0,0.0,0.0,0.0,nan,nan,4.326333333333333,2.8496502514441233,nan,0.8892053006397653,0.03505291407513991,0.0,0.0,0.0,0.0,0.0,0.0,0.0,0.0,0.0,0.0,0.0,0.0,0.0,0.0,0.0,0.0,0.0,0.0,0.0,0.0,0.0,0.0,0.01282599401453613,0.34630183839247436,1.19281744335186,5.617785378366825,12.300128259940148,7.55451047456178,2.38563488670372,0.5899957246686619,0.890608503079465,0.03489691621365833,0.0,0.0,0.0,0.0,0.0,0.0,0.0,0.0,0.0,0.0,0.0,0.0,0.0,0.0,0.0,0.0,0.0,0.0,0.0,0.0,0.0,0.0,0.012738853503184716,0.2929936305732475,1.1464968152866244,4.904458598726116,12.56050955414013,8.191082802547772,2.101910828025478,0.7898089171974524,0.4106,0.02298,0.0,0.0,0.0,0.0,0.0,0.0,0.0,0.0,0.0,0.0,0.8721675929884568,8.785805899957234,15.224454895254386,4.899529713552801,0.2180418982471142,0.0,0.0,0.0,0.0,0.0,0.0,0.0,0.0,0.0,0.0,0.0,0.0,0.0,0.0,0.0,0.4106,0.02374,0.0,0.0,0.0,0.0,0.0,0.0,0.0,0.0,0.0,0.038216560509554146,0.9554140127388537,8.624203821656039,15.273885350318475,4.955414012738855,0.15286624203821658,0.0,0.0,0.0,0.0,0.0,0.0,0.0,0.0,0.0,0.0,0.0,0.0,0.0,0.0,0.0
11300,4676,2329,0.49807527801539775,1074,977,0.43862275449101795,1330,0.5688622754491018,0.44599999999999995,2.9544098849595226,3.04728548223898,6.530120481927711,1.9747645850093112,6649.800000000001,9.094947017729282e-13,6649.8,6649.8,6649.800000000001,9.094947017729282e-13,6649.8,0.0,28.09110350727117,21.125501749984586,33.14092417666581,19.365583869712754,0.13793840889649273,0.10393498716852011,0.09409751924721985,0.08939264328485885,0.07549187339606502,0.07549187339606502,0.0635158254918734,0.059880239520958084,0.06308810949529513,0.05153977758768178,0.043199315654405476,0.041916167664670656,0.0344311377245509,0.029298545765611635,0.01817792985457656,0.013045337895637298,0.005560307955517536,0.8896033425072098,0.03615280964857043,0.0,0.0,0.0,0.0,0.0,0.0,0.0,0.0,0.0,0.0,0.0,0.0,0.0,0.0,0.0,0.0,0.0,0.0,0.0,0.0,0.0,0.006415739948674082,0.09623609923011123,0.25662959794696244,1.180496150556031,5.466210436270318,12.11933276304534,7.852865697177076,2.1877673224978618,0.8340461933276306,4.368438649281177,2.7551344492900967,3.8,2.7129319932501073,0.8698760140823512,4.290909090909091,2.8038366298617317,4.442753143613501,2.704360543208967,1.0353873851641635,0.4104,0.02312,0.0,0.0,0.0,0.0,0.0,0.0,0.0,0.0,0.0,0.019247219846022245,0.9687767322497863,8.815226689478173,15.205303678357573,4.805389221556887,0.1796407185628743,0.006415739948674082,0.0,0.0,0.0,0.0,0.0,0.0,0.0,0.0,0.0,0.0,0.0,0.0,0.0,0.0,nan,nan,4.367489986648865,2.7551622578333177,nan,0.4104,0.10565,0.0,0.0,0.0,0.0,0.0,0.0,0.0,0.0,0.0002459366980325064,0.0013152266894781864,0.002737382378100941,0.0,0.006597519247219846,2.1385799828913603e-05,0.002320359281437126,0.00017108639863130882,0.002523524379811805,0.008511548331907613,0.001026518391787853,0.0009195893926432848,0.0018498716852010265,0.0006201881950384944,0.012713857998289136,0.015215996578272028,0.008404619332763045,0.01751497005988024,0.012756629597946963,0.018071000855431993,0.01901197604790419,0.02255132591958939,0.013740376390076988,0.03298759623609923,0.018135158254918734,0.02165312232677502,0.013911462788708298,0.03949957228400342,0.028036783575705732,0.054052609067579124,0.04733746792130026,0.023107356715141147,0.005239520958083832,0.030464071856287425,0.025855431993156545,0.017076561163387512,0.02171727972626176,0.05752780153977759,0.08542557741659539,0.05333618477331052,0.0463857998289136,0.03642001710863986,0.02396278870829769,0.009965782720273738,0.012254063301967493,0.015322925577416595,0.019568006843455946,0.013943541488451668,0.019332763045337896,0.015536783575705732,0.00028870829769033363,0.002887082976903336,0.001828485885372113,0.003229255774165954,0.0073567151411462785,0.0017429426860564585,0.022112917023096663,0.002587681779298546,0.0,9.623609923011121e-05,0.00026732249786142,1.0692899914456802e-05,0.000695038494439692,0.0,0.0,0.0,0.0,0.0,0.0,0.0,0.0,0.0,0.0,0.0,0.0,0.0,0.0,0.0,0.0,0.0,0.0,0.0,0.0,0.0,0.0,0.0,0.0,0.0,0.0,0.0,0.0,0.0,0.0,nan,nan,4.367489986648865,2.7551622578333177,nan,0.8900594387048301,0.03637521306416608,0.0,0.0,0.0,0.0,0.0,0.0,0.0,0.0,0.0,0.0,0.0,0.0,0.0,0.0,0.0,0.0,0.0,0.0,0.0,0.0,0.0,0.0,0.10304851867754404,0.25762129669385925,1.1721768999570634,5.461571489909834,11.966509231429802,7.973379132674969,2.215543151567197,0.8501502790897383,0.8891507442778712,0.03592502752344596,0.0,0.0,0.0,0.0,0.0,0.0,0.0,0.0,0.0,0.0,0.0,0.0,0.0,0.0,0.0,0.0,0.0,0.0,0.0,0.0,0.0,0.012782275244993611,0.08947592671495529,0.2556455048998714,1.1887515977844059,5.470813804857266,12.270984235193868,7.733276523221135,2.1602045164039203,0.8180656156795911,0.41,0.02336,0.0,0.0,0.0,0.0,0.0,0.0,0.0,0.0,0.0,0.02576212966938601,1.0562473164448263,8.836410476599386,15.109489051094894,4.817518248175183,0.15457277801631605,0.0,0.0,0.0,0.0,0.0,0.0,0.0,0.0,0.0,0.0,0.0,0.0,0.0,0.0,0.0,0.4106,0.02289,0.0,0.0,0.0,0.0,0.0,0.0,0.0,0.0,0.0,0.012782275244993611,0.8819769919045592,8.794205368555591,15.300383468257353,4.793353216872604,0.20451640391989778,0.012782275244993611,0.0,0.0,0.0,0.0,0.0,0.0,0.0,0.0,0.0,0.0,0.0,0.0,0.0,0.0
11400,4734,2397,0.5063371356147022,1127,980,0.44507815800591466,1329,0.5614702154626109,0.46599999999999997,2.9032948224219086,3.0967942504807433,6.6896,2.2097175928158785,6649.8,0.0,6649.8,6649.8,6649.800000000001,9.094947017729282e-13,6649.800000000001,9.094947017729282e-13,27.388043937473594,20.649325093167285,32.254783484390735,18.985618656998565,0.14195183776932827,0.10139416983523447,0.0982256020278834,0.08702999577524292,0.08428390367553866,0.07963667089142375,0.06675116180819603,0.056400506970849175,0.05492184199408534,0.05344317701732151,0.04710604140261935,0.04161385720321081,0.02999577524292353,0.02703844528939586,0.01563160118293198,0.008660752006759611,0.005914659907055344,0.8891819260721726,0.035119127469284604,0.0,0.0,0.0,0.0,0.0,0.0,0.0,0.0,0.0,0.0,0.0,0.0,0.0,0.0,0.0,0.0,0.0,0.0,0.0,0.0,0.006337135614702156,0.012674271229404312,0.025348542458808625,0.234474017743979,1.2294043092522182,5.595690747782004,12.141951837769332,7.902408111533588,2.1736375158428394,0.6780735107731307,4.362034574468085,2.9185954813764425,8.5,1.5,1.9486319640271321,4.402398401065956,2.9369287603677288,4.327369118621604,2.902237391908754,0.9829571802437995,0.4104,0.02338,0.0,0.0,0.0,0.0,0.0,0.0,0.0,0.0,0.0,0.006337135614702156,0.9505703422053234,8.967046894803536,15.01901140684411,4.885931558935362,0.17110266159695822,0.0,0.0,0.0,0.0,0.0,0.0,0.0,0.0,0.0,0.0,0.0,0.0,0.0,0.0,0.0,nan,nan,4.364784053156146,2.9198295079268437,nan,0.4104,0.1058,0.0,0.0,0.0,0.0,0.0,0.0,0.0,0.0,0.0001478664976763836,0.0011301225179552177,0.00246092099704267,0.0,0.006801858893113646,2.1123785382340516e-05,0.0025137304604985213,0.00015842839036755386,0.0021440642163075624,0.008354457118715674,0.0009188846641318124,0.0012251795521757499,0.001721588508660752,0.00016899028305872413,0.012441909590198563,0.01636037177862273,0.009516265314744402,0.017068018588931137,0.013846641318124207,0.0184305027460921,0.01924376848331221,0.02253907900295733,0.01516687790452049,0.031622306717363755,0.016275876637093366,0.019919729615547107,0.013983945923109422,0.03953316434305027,0.028823405154203632,0.054435994930291505,0.047602450359104355,0.02286649767638361,0.005777355302070131,0.0320659062103929,0.025591465990705536,0.017775665399239544,0.021144909167722856,0.055851288550908325,0.08351288550908323,0.052555978031263204,0.0470532319391635,0.036692015209125475,0.024894381073088296,0.0101922264469793,0.013476975073933249,0.013793831854668356,0.0197084917617237,0.013149556400506971,0.019560625264047317,0.015705534431770172,0.0003168567807351077,0.0034220532319391636,0.0014047317279256442,0.004182509505703422,0.006738487536966624,0.0013624841571609632,0.02258132657372201,0.0028200253485424587,9.505703422053231e-05,0.00010561892691170258,0.00048584706379383184,0.0,0.0005386565272496831,0.0,0.0,0.0,0.0,0.0,0.0,0.0,0.0,0.0,0.0,0.0,0.0,0.0,0.0,0.0,0.0,0.0,0.0,0.0,0.0,0.0,0.0,0.0,0.0,0.0,0.0,0.0,0.0,0.0,0.0,nan,nan,4.364784053156146,2.9198295079268437,nan,0.8892467225597558,0.03442158271575234,0.0,0.0,0.0,0.0,0.0,0.0,0.0,0.0,0.0,0.0,0.0,0.0,0.0,0.0,0.0,0.0,0.0,0.0,0.0,0.0,0.0,0.025031289111389243,0.012515644555694622,0.23779724655819698,1.1639549436795997,5.719649561952442,12.065081351689615,7.947434292866084,2.2528160200250316,0.5757196495619525,0.8891154660033935,0.03582035083208203,0.0,0.0,0.0,0.0,0.0,0.0,0.0,0.0,0.0,0.0,0.0,0.0,0.0,0.0,0.0,0.0,0.0,0.0,0.0,0.0,0.01283697047496791,0.0,0.03851091142490373,0.23106546854942162,1.2965340179717588,5.46854942233633,12.220795892169452,7.856225930680361,2.092426187419769,0.7830551989730425,0.4102,0.02364,0.0,0.0,0.0,0.0,0.0,0.0,0.0,0.0,0.0,0.012515644555694622,0.9762202753441804,8.973717146433028,15.068836045056324,4.7809762202753445,0.18773466833541932,0.0,0.0,0.0,0.0,0.0,0.0,0.0,0.0,0.0,0.0,0.0,0.0,0.0,0.0,0.0,0.4106,0.02312,0.0,0.0,0.0,0.0,0.0,0.0,0.0,0.0,0.0,0.0,0.9242618741976896,8.960205391527587,14.967907573812584,4.993581514762517,0.15404364569961493,0.0,0.0,0.0,0.0,0.0,0.0,0.0,0.0,0.0,0.0,0.0,0.0,0.0,0.0,0.0
11500,5099,2593,0.5085310845263777,1230,1060,0.44910766817022946,1481,0.5808982153363405,0.4139999999999999,2.879090183559457,2.966046509025528,6.378766140602583,2.0128731112398857,6649.8,0.0,6649.8,6649.8,6649.800000000001,9.094947017729282e-13,6649.800000000002,1.8189894035458565e-12,27.682290645224555,20.582397514327255,32.54935822637106,18.844278715609693,0.13767405373602667,0.10354971563051579,0.09354775446165915,0.08511472837811336,0.08158462443616396,0.07413218278093744,0.07079819572465189,0.07217101392429888,0.05510884487154344,0.05236320847224946,0.045499117474014514,0.038046675818788,0.03255540302020004,0.025102961364973524,0.017846636595410866,0.009805844283192783,0.0050990390272602475,0.8884343208577451,0.03466143805103763,0.0,0.0,0.0,0.0,0.0,0.0,0.0,0.0,0.0,0.0,0.0,0.0,0.0,0.0,0.0,0.0,0.0,0.0,0.0,0.0,0.0,0.005883506569915671,0.05295155912924104,0.27064130221612,1.3179054716611103,5.448127083741912,12.32594626397333,8.119239066483626,1.841537556383605,0.6177681898411455,4.25777913361806,2.804444776420838,3.5,2.29128784747792,0.8220247904277423,4.222562844880441,2.76376324974088,4.29030303030303,2.843594060498071,1.0160424339224978,0.4111,0.02333,0.0,0.0,0.0,0.0,0.0,0.0,0.0,0.0,0.0,0.005883506569915671,0.9884291037458327,8.325161796430661,15.373602667189648,5.1127672092567185,0.19415571680721713,0.0,0.0,0.0,0.0,0.0,0.0,0.0,0.0,0.0,0.0,0.0,0.0,0.0,0.0,0.0,nan,nan,4.256855575868373,2.8040011647382443,nan,0.4111,0.1059,0.0,0.0,0.0,0.0,0.0,0.0,0.0,0.0,9.805844283192783e-05,0.0009511668954696999,0.002304373406550304,0.0,0.006216905275544225,1.9611688566385566e-05,0.002490684447930967,0.0001666993528142773,0.0021278682094528338,0.008393802706413022,0.0010198078054520494,0.0008236909197881937,0.0023239850951166895,0.0003922337713277113,0.012208276132575014,0.015875661894489114,0.009727397528927241,0.01821925867817219,0.01307119042949598,0.02019023337909394,0.01835654049813689,0.02177878015297117,0.015199058638948814,0.028838988036869975,0.016218866444400862,0.018689939203765445,0.015414787213179055,0.04151794469503824,0.026838595803098646,0.055550107864287115,0.04892135712884879,0.02209256717003334,0.005589331241419886,0.031770935477544615,0.027525004902922142,0.017630908021180624,0.02311237497548539,0.05488331045303001,0.08300647185722691,0.051568935085310845,0.04508727201412042,0.037517160227495586,0.0245930574622475,0.01004118454598941,0.013345754069425378,0.014159639144930378,0.01850362816238478,0.01444400862914297,0.020709943126103157,0.01360070602078839,0.0003333987056285546,0.003284957834869582,0.0007648558540890371,0.004569523435967837,0.007334771523828202,0.0013630123553637968,0.024691115905079428,0.0036771916061972935,0.00019611688566385565,6.864090998234948e-05,0.00025495195136301235,0.0,0.0003333987056285546,0.0,0.0,0.0,0.0,0.0,0.0,0.0,0.0,0.0,0.0,0.0,0.0,0.0,0.0,0.0,0.0,0.0,0.0,0.0,0.0,0.0,0.0,0.0,0.0,0.0,0.0,0.0,0.0,0.0,0.0,nan,nan,4.256855575868373,2.8040011647382443,nan,0.887866026363086,0.034283880189982886,0.0,0.0,0.0,0.0,0.0,0.0,0.0,0.0,0.0,0.0,0.0,0.0,0.0,0.0,0.0,0.0,0.0,0.0,0.0,0.0,0.0,0.011569610489780181,0.0578480524489009,0.2545314307751631,1.2957963748553802,5.495564982645585,12.553027381411495,8.006170458927885,1.7585807944465872,0.5669109139992288,0.889022344650503,0.03503812061978115,0.0,0.0,0.0,0.0,0.0,0.0,0.0,0.0,0.0,0.0,0.0,0.0,0.0,0.0,0.0,0.0,0.0,0.0,0.0,0.0,0.0,0.0,0.04788507581803672,0.2873104549082194,1.3407821229050283,5.399042298483641,12.090981644054272,8.236233040702317,1.9273743016759781,0.6703910614525141,0.411,0.02336,0.0,0.0,0.0,0.0,0.0,0.0,0.0,0.0,0.0,0.011569610489780181,1.0412649440802162,8.376397994600836,15.387581951407638,4.986502121095258,0.19668337832626306,0.0,0.0,0.0,0.0,0.0,0.0,0.0,0.0,0.0,0.0,0.0,0.0,0.0,0.0,0.0,0.4114,0.0233,0.0,0.0,0.0,0.0,0.0,0.0,0.0,0.0,0.0,0.0,0.9337589784517161,8.27214684756583,15.359138068635279,5.243415802075021,0.19154030327214688,0.0,0.0,0.0,0.0,0.0,0.0,0.0,0.0,0.0,0.0,0.0,0.0,0.0,0.0,0.0
11600,4506,2287,0.5075454948956947,1049,952,0.4440745672436751,1280,0.5681313803817133,0.44199999999999995,2.917981072555205,2.9778415981526987,6.223404255319149,2.0921620899055164,6649.800000000002,1.8189894035458565e-12,6649.8,6649.8,6649.800000000001,9.094947017729282e-13,6649.800000000001,9.094947017729282e-13,27.998890368397692,21.003946717940952,33.01535610272703,19.240126009475155,0.1442521083000444,0.09587217043941411,0.09076786506879717,0.08943630714602752,0.07856191744340879,0.07523302263648468,0.07012871726586774,0.06502441189525078,0.056813138038171326,0.052374611628939194,0.04727030625832224,0.03817132711939636,0.031735463826009766,0.027518863737239236,0.016644474034620507,0.011762094984465158,0.008433200177541057,0.8895401978725547,0.033694150343051274,0.0,0.0,0.0,0.0,0.0,0.0,0.0,0.0,0.0,0.0,0.0,0.0,0.0,0.0,0.0,0.0,0.0,0.0,0.0,0.0,0.0,0.0,0.03994673768308922,0.21304926764314183,1.1517976031957393,5.259653794940081,12.516644474034624,8.275632490013317,1.990679094540613,0.5525965379494009,4.20487302676733,2.799198998271063,5.666666666666667,1.247219128924647,1.3476427541554452,4.230508474576271,2.82838243508206,4.181692094313454,2.7672541144183915,0.9884608716526193,0.411,0.02269,0.0,0.0,0.0,0.0,0.0,0.0,0.0,0.0,0.0,0.013315579227696408,0.8588548601864183,8.43541944074566,15.725699067909458,4.806924101198403,0.15978695073235688,0.0,0.0,0.0,0.0,0.0,0.0,0.0,0.0,0.0,0.0,0.0,0.0,0.0,0.0,0.0,nan,nan,4.2063764141241,2.7984373791575043,nan,0.411,0.1058,0.0,0.0,0.0,0.0,1.1096316023080338e-05,0.0,0.0,0.0,6.657789613848202e-05,0.0009764758100310696,0.0028184642698624056,0.0,0.006713271193963604,2.2192632046160676e-05,0.0019640479360852198,0.00019973368841544607,0.0013648468708388815,0.007989347536617843,0.001054150022192632,0.000887705281846427,0.003794940079893475,0.0003661784287616511,0.011684420772303595,0.016111850865512648,0.009687083888149135,0.018486462494451843,0.010397248113626276,0.02109409675987572,0.018142476697736352,0.02002885042166001,0.016300488237905017,0.03058144695960941,0.01572347980470484,0.017953839325343987,0.016344873501997335,0.04182201509098979,0.02735241899689303,0.05472703062583222,0.05256324900133156,0.023280071016422547,0.0057811806480248555,0.02850643586329339,0.026486906347092765,0.017798490901020862,0.02470039946737683,0.05560363959165557,0.0838548601864181,0.05228584110075455,0.044285397248113624,0.03624056813138038,0.023379937860630272,0.009786950732356858,0.014292055037727474,0.011762094984465158,0.01965157567687528,0.013570794496227253,0.020927652019529515,0.01448069241011984,0.0002441189525077674,0.002729693741677763,0.0005548158011540169,0.004660452729693742,0.007933865956502442,0.0012205947625388372,0.024034620505992012,0.004072347980470484,9.986684420772304e-05,8.87705281846427e-05,0.00018863737239236574,0.0,0.0002663115845539281,0.0,0.0,0.0,0.0,0.0,0.0,0.0,0.0,0.0,0.0,0.0,0.0,0.0,0.0,0.0,0.0,0.0,0.0,0.0,0.0,0.0,0.0,0.0,0.0,0.0,0.0,0.0,0.0,0.0,0.0,nan,nan,4.2063764141241,2.7984373791575043,nan,0.8897261886185936,0.03286211092552385,0.0,0.0,0.0,0.0,0.0,0.0,0.0,0.0,0.0,0.0,0.0,0.0,0.0,0.0,0.0,0.0,0.0,0.0,0.0,0.0,0.0,0.0,0.02623524267599476,0.1836466987319627,1.1018801923917798,5.260166156536949,12.540445999125495,8.382160034980325,2.0463489287275913,0.4591167468299083,0.8893485075452942,0.034529665687643804,0.0,0.0,0.0,0.0,0.0,0.0,0.0,0.0,0.0,0.0,0.0,0.0,0.0,0.0,0.0,0.0,0.0,0.0,0.0,0.0,0.0,0.0,0.05407841369986482,0.24335286164939085,1.203244704821992,5.259125732311853,12.492113564668774,8.165840468679587,1.9333032897701672,0.6489409643983778,0.4106,0.0225,0.0,0.0,0.0,0.0,0.0,0.0,0.0,0.0,0.0,0.01311762133799738,0.865763008307827,8.316571928290324,15.937909925666816,4.735461303017054,0.1311762133799738,0.0,0.0,0.0,0.0,0.0,0.0,0.0,0.0,0.0,0.0,0.0,0.0,0.0,0.0,0.0,0.411,0.02287,0.0,0.0,0.0,0.0,0.0,0.0,0.0,0.0,0.0,0.013519603424966204,0.8517350157728709,8.557908968003591,15.506985128436236,4.880576836412799,0.18927444794952686,0.0,0.0,0.0,0.0,0.0,0.0,0.0,0.0,0.0,0.0,0.0,0.0,0.0,0.0,0.0
11700,4416,2229,0.5047554347826086,1065,934,0.4526721014492754,1285,0.5819746376811594,0.46199999999999997,2.9355281207133057,3.0575870138166406,6.610367892976589,2.0208841565893265,6649.800000000001,9.094947017729282e-13,6649.8,6649.8,6649.800000000001,9.094947017729282e-13,6649.800000000001,9.094947017729282e-13,27.482789855072465,20.78151903786286,32.70368349249659,18.959295813800992,0.14968297101449277,0.10009057971014493,0.08922101449275362,0.08537137681159421,0.0756340579710145,0.08333333333333333,0.07427536231884058,0.06114130434782609,0.05366847826086957,0.051177536231884056,0.04664855072463768,0.03781702898550725,0.034420289855072464,0.022871376811594204,0.016983695652173912,0.010190217391304348,0.007472826086956522,0.8907992980051516,0.035679063069484956,0.0,0.0,0.0,0.0,0.0,0.0,0.0,0.0,0.0,0.0,0.0,0.0,0.0,0.0,0.0,0.0,0.0,0.0,0.0,0.0,0.0,0.0,0.027173913043478267,0.2989130434782599,1.2703804347826089,5.278532608695653,11.60326086956522,8.485054347826088,2.302989130434783,0.7336956521739133,4.331573389651531,2.8734702626897963,6.0,0.0,1.3851779619697708,4.357653791130186,2.8404362417117457,4.307479224376731,2.9042283655306553,0.9884858758500772,0.4102,0.0227,0.0,0.0,0.0,0.0,0.0,0.0,0.0,0.0,0.0,0.013586956521739134,0.8559782608695654,8.892663043478247,15.482336956521742,4.646739130434783,0.10869565217391307,0.0,0.0,0.0,0.0,0.0,0.0,0.0,0.0,0.0,0.0,0.0,0.0,0.0,0.0,0.0,nan,nan,4.332160450387051,2.8731350794334185,nan,0.4102,0.10675,0.0,0.0,0.0,0.0,0.0,0.0,0.0,0.0,0.00011322463768115942,0.0007586050724637681,0.0030344202898550726,0.0,0.008525815217391304,6.793478260869565e-05,0.0022758152173913042,0.0001358695652173913,0.001166213768115942,0.008072916666666667,0.0009510869565217392,0.0008491847826086956,0.004189311594202899,0.0003509963768115942,0.011877264492753623,0.015772192028985506,0.008831521739130434,0.018115942028985508,0.010948822463768116,0.022259963768115943,0.019327445652173914,0.01941802536231884,0.016451539855072465,0.03121603260869565,0.01551177536231884,0.018795289855072464,0.016927083333333332,0.0424026268115942,0.029347826086956522,0.05013586956521739,0.0502830615942029,0.02355072463768116,0.005446105072463768,0.028283514492753622,0.02639266304347826,0.015975996376811595,0.025407608695652173,0.05620471014492753,0.08345788043478261,0.0522758152173913,0.043931159420289856,0.03635643115942029,0.023392210144927535,0.010224184782608696,0.014583333333333334,0.011979166666666667,0.01895380434782609,0.01411911231884058,0.02064085144927536,0.014458786231884058,0.00036231884057971015,0.002898550724637681,0.00046422101449275364,0.0039288949275362315,0.007721920289855072,0.002105978260869565,0.023811141304347826,0.004076086956521739,0.0002943840579710145,0.0001358695652173913,0.0001358695652173913,0.0,0.00031702898550724635,0.0,0.0,0.0,0.0,0.0,0.0,0.0,0.0,0.0,0.0,0.0,0.0,0.0,0.0,0.0,0.0,0.0,0.0,0.0,0.0,0.0,0.0,0.0,0.0,0.0,0.0,0.0,0.0,0.0,0.0,nan,nan,4.332160450387051,2.8731350794334185,nan,0.8910848890093208,0.036105904288342046,0.0,0.0,0.0,0.0,0.0,0.0,0.0,0.0,0.0,0.0,0.0,0.0,0.0,0.0,0.0,0.0,0.0,0.0,0.0,0.0,0.0,0.0,0.013458950201884257,0.32301480484522105,1.2920592193808884,5.356662180349933,11.211305518169587,8.76177658142665,2.207267833109018,0.8344549125168239,0.8905082224000792,0.03523632312598115,0.0,0.0,0.0,0.0,0.0,0.0,0.0,0.0,0.0,0.0,0.0,0.0,0.0,0.0,0.0,0.0,0.0,0.0,0.0,0.0,0.0,0.0,0.041152263374485604,0.2743484224965698,1.2482853223593966,5.198902606310014,12.002743484224968,8.203017832647465,2.4005486968449934,0.6310013717421126,0.4104,0.02281,0.0,0.0,0.0,0.0,0.0,0.0,0.0,0.0,0.0,0.0,0.7671601615074026,8.990578734858667,15.39703903095559,4.724091520861374,0.12113055181695831,0.0,0.0,0.0,0.0,0.0,0.0,0.0,0.0,0.0,0.0,0.0,0.0,0.0,0.0,0.0,0.4097,0.02257,0.0,0.0,0.0,0.0,0.0,0.0,0.0,0.0,0.0,0.02743484224965707,0.946502057613169,8.792866941015076,15.569272976680388,4.567901234567902,0.09602194787379975,0.0,0.0,0.0,0.0,0.0,0.0,0.0,0.0,0.0,0.0,0.0,0.0,0.0,0.0,0.0
11800,4482,2253,0.5026773761713521,1060,911,0.4397590361445783,1285,0.573404730031236,0.43799999999999994,2.9412292507851054,2.9913364535454607,6.331325301204819,2.0391899945660192,6649.800000000002,1.8189894035458565e-12,6649.8,6649.8,6649.800000000002,1.8189894035458565e-12,6649.800000000001,9.094947017729282e-13,28.120481927710845,20.985508162167932,33.17150466045273,19.17688043648596,0.142347166443552,0.0997322623828648,0.09036144578313253,0.08143685854529228,0.08032128514056225,0.0747434181169121,0.07206604194556002,0.05934850513163766,0.05600178491744757,0.06046407853636769,0.04819277108433735,0.04216867469879518,0.02900490852298081,0.026996876394466757,0.01896474788041053,0.010040160642570281,0.007809013833110219,0.8911356565038416,0.035528664511333,0.0,0.0,0.0,0.0,0.0,0.0,0.0,0.0,0.0,0.0,0.0,0.0,0.0,0.0,0.0,0.0,0.0,0.0,0.0,0.0,0.0,0.0,0.06693440428380189,0.281124497991967,1.0776439089692105,5.000000000000001,12.148594377510044,8.366800535475235,2.2891566265060246,0.7697456492637218,4.343174713442167,2.752304499262075,1.5,0.5,0.345369481765835,4.26551724137931,2.70666812126427,4.417889587700908,2.795886719496404,1.0357218920236566,0.4106,0.02321,0.0,0.0,0.0,0.0,0.0,0.0,0.0,0.0,0.0,0.026773761713520756,0.8701472556894245,8.768406961178032,15.408299866131195,4.765729585006694,0.16064257028112452,0.0,0.0,0.0,0.0,0.0,0.0,0.0,0.0,0.0,0.0,0.0,0.0,0.0,0.0,0.0,nan,nan,4.341200971884763,2.7523994419736337,nan,0.4106,0.10706,0.0,0.0,0.0,0.0,0.0,0.0,0.0,0.0,0.00022311468094600624,0.0006247211066488174,0.003067826863007586,0.0,0.007998661311914323,5.577867023650156e-05,0.00214190093708166,0.00016733601070950468,0.0007697456492637215,0.008277554663096832,0.0014056224899598394,0.0008589915216421241,0.004016064257028112,0.00020080321285140563,0.01107764390896921,0.016186970102632755,0.00960508701472557,0.017704149933065596,0.011278447121820617,0.021619812583668005,0.019232485497545738,0.01886434627398483,0.016120035698348953,0.03235162873717091,0.014770191878625613,0.02043730477465417,0.015606871932173137,0.04532574743418117,0.02962962962962963,0.049899598393574295,0.04912985274431057,0.023873270861222668,0.0048081213743864345,0.028647925033467202,0.026249442213297634,0.014937527889335118,0.02563587684069612,0.05622489959839357,0.08159303882195448,0.0500223114680946,0.044332887103971444,0.0357429718875502,0.023627844712182062,0.011512717536813922,0.014346273984828201,0.012806782686300758,0.018340026773761713,0.014435519857206603,0.020191878625613564,0.015149486836233824,0.00033467202141900936,0.0035586791610887998,0.0005131637661758144,0.0050870147255689425,0.00825524319500223,0.0024431057563587683,0.02328201695671575,0.003859883980365908,0.0005131637661758144,0.0003123605533244087,0.0002677376171352075,0.0,0.0004462293618920125,0.0,0.0,0.0,0.0,0.0,0.0,0.0,0.0,0.0,0.0,0.0,0.0,0.0,0.0,0.0,0.0,0.0,0.0,0.0,0.0,0.0,0.0,0.0,0.0,0.0,0.0,0.0,0.0,0.0,0.0,nan,nan,4.341200971884763,2.7523994419736337,nan,0.8915127670823125,0.035552686615583536,0.0,0.0,0.0,0.0,0.0,0.0,0.0,0.0,0.0,0.0,0.0,0.0,0.0,0.0,0.0,0.0,0.0,0.0,0.0,0.0,0.0,0.0,0.05326231691078563,0.2263648468708382,1.1850865512649802,4.96671105193076,12.037283621837553,8.242343541944075,2.490013315579228,0.7989347536617845,0.8907544855153737,0.03550029659336714,0.0,0.0,0.0,0.0,0.0,0.0,0.0,0.0,0.0,0.0,0.0,0.0,0.0,0.0,0.0,0.0,0.0,0.0,0.0,0.0,0.0,0.0,0.08075370121130553,0.33647375504710525,0.9690444145356665,5.033647375504711,12.261103633916557,8.492597577388965,2.0861372812920598,0.7402422611036341,0.41,0.02345,0.0,0.0,0.0,0.0,0.0,0.0,0.0,0.0,0.0,0.013315579227696408,0.945406125166445,9.294274300932077,14.913448735019976,4.647137150466046,0.18641810918774973,0.0,0.0,0.0,0.0,0.0,0.0,0.0,0.0,0.0,0.0,0.0,0.0,0.0,0.0,0.0,0.4116,0.02293,0.0,0.0,0.0,0.0,0.0,0.0,0.0,0.0,0.0,0.04037685060565276,0.7940780619111711,8.23687752355315,15.90847913862719,4.885598923283984,0.13458950201884257,0.0,0.0,0.0,0.0,0.0,0.0,0.0,0.0,0.0,0.0,0.0,0.0,0.0,0.0,0.0
11900,4519,2268,0.501880947112193,1087,908,0.44146935162646606,1292,0.5718079221066608,0.45399999999999996,2.9649044868947136,3.0279482590475326,6.36322869955157,2.0779774236999136,6649.800000000002,1.8189894035458565e-12,6649.8,6649.8,6649.800000000002,1.8189894035458565e-12,6649.800000000002,1.8189894035458565e-12,27.894888249612745,20.818210575140956,32.828676858197156,19.0755554575532,0.13764107103341447,0.1079884930294313,0.08763000663863686,0.08541712768311574,0.08032750608541712,0.07855720292100023,0.07059083868112415,0.05908386811241425,0.059969019694622705,0.05266651914140297,0.04359371542376632,0.04337242752821421,0.035184775392786014,0.024562956406284576,0.01615401637530427,0.011506970568709892,0.005753485284354946,0.8913537283654919,0.035384164274904976,0.0,0.0,0.0,0.0,0.0,0.0,0.0,0.0,0.0,0.0,0.0,0.0,0.0,0.0,0.0,0.0,0.0,0.0,0.0,0.0,0.0,0.013277273733126801,0.0796636423987608,0.25890683779597173,1.075459172383271,4.945784465589733,11.962823633547249,8.822748395662758,2.0978092498340346,0.7435273290551009,4.3386316516931585,2.806113191661426,2.3333333333333335,2.6246692913372702,0.5378039715408304,4.415566365531619,2.8086399154596267,4.2585733882030175,2.8025460980054278,0.9644455627359367,0.4104,0.02379,0.0,0.0,0.0,0.0,0.0,0.0,0.0,0.0,0.0,0.0199159105996902,1.0024341668510734,8.895773401194942,14.95684886036734,4.8926753706572255,0.23235229032971902,0.0,0.0,0.0,0.0,0.0,0.0,0.0,0.0,0.0,0.0,0.0,0.0,0.0,0.0,0.0,nan,nan,4.336555056955471,2.8066725329908166,nan,0.4104,0.10736,0.0,0.0,0.0,0.0,0.0,0.0,0.0,0.0,0.00038725381721619825,0.0008077008187652136,0.0033193184332816995,0.0,0.007722947554768754,5.532197388802833e-05,0.002069041823412259,9.957955299845099e-05,0.0009072803717636646,0.009946890905067493,0.0012945341889798628,0.0009626023456516928,0.003175481301172826,7.745076344323966e-05,0.010046470458065945,0.015733569373755255,0.010112856826731577,0.02097809249834034,0.010610754591723833,0.022350077450763443,0.01955078557202921,0.01876521354281921,0.015346315556539057,0.02899977871210445,0.014361584421332153,0.021807922106660764,0.015888470900641737,0.04471121929630449,0.028701040053109094,0.0505864129232131,0.0498008408940031,0.023600354060632885,0.005023235229032972,0.028501880947112194,0.025459172383270636,0.013410046470458067,0.02498340340783359,0.054204470015490155,0.08110201371984953,0.050243416685107324,0.04597256030095154,0.038249612746182785,0.025005532197388804,0.011374197831378623,0.01332153131223722,0.013841557866784687,0.019075016596592165,0.013122372206240318,0.021630891790219074,0.016574463376853286,0.00026554547466253595,0.003595928302721841,0.0008962159769860589,0.004691303385704802,0.006339898207568046,0.0023899092719628237,0.022482850188094712,0.0035627351183890243,0.0005089621597698606,0.0005864129232131003,0.00029873865899535297,2.212878955521133e-05,0.00048683337021464924,0.0,0.0,0.0,0.0,0.0,0.0,0.0,0.0,0.0,0.0,0.0,0.0,0.0,0.0,0.0,0.0,0.0,0.0,0.0,0.0,0.0,0.0,0.0,0.0,0.0,0.0,0.0,0.0,0.0,0.0,nan,nan,4.336555056955471,2.8066725329908166,nan,0.8915590698021009,0.03540355142194283,0.0,0.0,0.0,0.0,0.0,0.0,0.0,0.0,0.0,0.0,0.0,0.0,0.0,0.0,0.0,0.0,0.0,0.0,0.0,0.0,0.0,0.0,0.06613756613756615,0.2513227513227505,1.0846560846560849,5.052910052910054,11.95767195767196,8.677248677248679,2.0502645502645507,0.85978835978836,0.891146836149486,0.035363414105845405,0.0,0.0,0.0,0.0,0.0,0.0,0.0,0.0,0.0,0.0,0.0,0.0,0.0,0.0,0.0,0.0,0.0,0.0,0.0,0.0,0.0,0.02665482007996447,0.09329187027987564,0.2665482007996438,1.0661928031985786,4.83784984451355,11.968014215904045,8.969346956908042,2.1457130164371394,0.6263882718791649,0.4104,0.02374,0.0,0.0,0.0,0.0,0.0,0.0,0.0,0.0,0.0,0.01322751322751323,0.9788359788359791,8.981481481481469,14.920634920634924,4.828042328042329,0.27777777777777785,0.0,0.0,0.0,0.0,0.0,0.0,0.0,0.0,0.0,0.0,0.0,0.0,0.0,0.0,0.0,0.4104,0.02382,0.0,0.0,0.0,0.0,0.0,0.0,0.0,0.0,0.0,0.02665482007996447,1.026210573078632,8.80941803642824,14.993336294980011,4.95779653487339,0.18658374055975127,0.0,0.0,0.0,0.0,0.0,0.0,0.0,0.0,0.0,0.0,0.0,0.0,0.0,0.0,0.0
12000,4426,2272,0.5133303208314505,1113,903,0.45549028468142794,1267,0.5725259828287392,0.46599999999999997,2.997214484679666,3.012969742608405,6.525236593059937,1.892245596713703,6649.800000000001,9.094947017729282e-13,6649.8,6649.8,6649.800000000001,9.094947017729282e-13,6649.800000000001,9.094947017729282e-13,28.237686398554,20.891992781526447,33.26736672051696,19.034443632141482,0.14279258924536828,0.09286037053773159,0.08834161771351107,0.08201536375960235,0.08563036601897876,0.07862629914143697,0.06958879349299593,0.05919566199728875,0.05738816086760054,0.0605512878445549,0.048802530501581565,0.041120650700406686,0.03366470854044284,0.02394938996836873,0.01717126073203796,0.009715318572074107,0.00858563036601898,0.889454910901139,0.03522046538074004,0.0,0.0,0.0,0.0,0.0,0.0,0.0,0.0,0.0,0.0,0.0,0.0,0.0,0.0,0.0,0.0,0.0,0.0,0.0,0.0,0.0,0.013556258472661549,0.0745594215996385,0.2507907817442378,1.253953908721193,5.273384545865342,12.132851333032086,8.289652056032537,2.0469950293718937,0.6642566651604158,4.2447359337245425,2.784857361205546,6.25,3.491060010942235,1.4724119703992844,4.259776536312849,2.7863096988262948,4.235534377127298,2.7875177752841,0.9943090537780804,0.4102,0.02318,0.0,0.0,0.0,0.0,0.0,0.0,0.0,0.0,0.0,0.027112516945323097,1.077722548576593,8.506552191595109,15.616809760506104,4.5955716222322645,0.17623136014460014,0.0,0.0,0.0,0.0,0.0,0.0,0.0,0.0,0.0,0.0,0.0,0.0,0.0,0.0,0.0,nan,nan,4.247500861771803,2.786947861065785,nan,0.4102,0.1076,0.0,0.0,0.0,0.0,0.0,0.0,0.0,2.2593764121102576e-05,0.0002711251694532309,0.0008924536827835518,0.0026886579304112065,7.907817442385901e-05,0.006970176231360144,0.0,0.0019430637144148214,0.00019204699502937188,0.0008698599186624491,0.009805693628558518,0.0010845006778129236,0.0009376412110257569,0.0029145955716222325,1.1296882060551288e-05,0.0109692724807953,0.015725259828287392,0.011568007230004519,0.021565747853592408,0.010189787618617262,0.023090826931766832,0.02043605964753728,0.01694532309082693,0.015408947130591957,0.029247627654767284,0.0153524627202892,0.022774514234071397,0.01648215092634433,0.04700632625395391,0.028795752372345232,0.0474017171260732,0.05169453230908269,0.02419792137370086,0.005817894261183914,0.029586534116583824,0.023034342521464076,0.013477180298237686,0.024954812471757796,0.051807501129688203,0.08243334839584275,0.051265250790781744,0.04541346588341618,0.035991866244916404,0.02288748305467691,0.010811116131947582,0.01342069588793493,0.012844554902846814,0.017510167193854495,0.013217352010845007,0.02140759150474469,0.01693402620876638,0.00040668775417984637,0.003953908721192951,0.0014685946678716674,0.0054450971531857205,0.005863081789426118,0.0025305015815634884,0.023553999096249435,0.0036827835517397197,0.0006213285133303208,0.0008133755083596927,0.0006665160415725259,0.0,0.0006439222774514234,0.0,0.0,0.0,0.0,0.0,0.0,0.0,0.0,0.0,0.0,0.0,0.0,0.0,0.0,0.0,0.0,0.0,0.0,0.0,0.0,0.0,0.0,0.0,0.0,0.0,0.0,0.0,0.0,0.0,0.0,nan,nan,4.247500861771803,2.786947861065785,nan,0.8894588630646467,0.03520251569491858,0.0,0.0,0.0,0.0,0.0,0.0,0.0,0.0,0.0,0.0,0.0,0.0,0.0,0.0,0.0,0.0,0.0,0.0,0.0,0.0,0.0,0.01320422535211268,0.07922535211267608,0.25088028169014004,1.2015845070422537,5.426936619718312,12.042253521126764,8.305457746478876,2.02024647887324,0.6602112676056339,0.8894507422309953,0.03523938799440771,0.0,0.0,0.0,0.0,0.0,0.0,0.0,0.0,0.0,0.0,0.0,0.0,0.0,0.0,0.0,0.0,0.0,0.0,0.0,0.0,0.0,0.013927576601671312,0.06963788300835656,0.2506963788300828,1.3091922005571033,5.1114206128133715,12.228412256267413,8.272980501392759,2.0752089136490257,0.668523676880223,0.4104,0.02327,0.0,0.0,0.0,0.0,0.0,0.0,0.0,0.0,0.0,0.02640845070422536,0.9903169014084509,8.74119718309858,15.462147887323948,4.555457746478874,0.22447183098591555,0.0,0.0,0.0,0.0,0.0,0.0,0.0,0.0,0.0,0.0,0.0,0.0,0.0,0.0,0.0,0.4102,0.0231,0.0,0.0,0.0,0.0,0.0,0.0,0.0,0.0,0.0,0.027855153203342625,1.1699164345403903,8.259052924791074,15.779944289693598,4.637883008356547,0.1253481894150418,0.0,0.0,0.0,0.0,0.0,0.0,0.0,0.0,0.0,0.0,0.0,0.0,0.0,0.0,0.0
12100,4562,2335,0.5118369136343709,1097,935,0.4454186760192898,1283,0.5624725997369575,0.46199999999999997,3.0300853165693757,3.1395462909856837,6.76031746031746,2.0926204186806703,6649.800000000002,1.8189894035458565e-12,6649.8,6649.8,6649.800000000002,1.8189894035458565e-12,6649.800000000001,9.094947017729282e-13,27.529592284085926,20.668520694706416,32.56550275662904,18.903798870212444,0.14160455940377029,0.10127137220517317,0.09622972380534853,0.08417360806663744,0.08351600175361683,0.07628233231039018,0.06795265234546252,0.06334940815431828,0.05852696185883385,0.05085488820692679,0.04669004822446295,0.03857957036387549,0.032661113546690046,0.028496273564226217,0.016659359929855327,0.008768084173608066,0.004384042086804033,0.8895302607479036,0.035504999160457934,0.0,0.0,0.0,0.0,0.0,0.0,0.0,0.0,0.0,0.0,0.0,0.0,0.0,0.0,0.0,0.0,0.0,0.0,0.0,0.0,0.013152126260412103,0.013152126260412103,0.03288031565103026,0.19728189390618087,1.3415168785620344,5.543621218763701,11.850065760631304,8.114861902674267,2.1306444541867604,0.762823323103902,4.341058457281218,2.8737842457433924,4.25,3.112474899497183,0.9790239043824701,4.338675958188153,2.8847071825651986,4.343150684931507,2.863693551711839,1.001031357673741,0.4104,0.02312,0.0,0.0,0.0,0.0,0.0,0.0,0.0,0.0,0.0,0.019728189390618153,0.9666812801402895,8.68697939500218,15.519508987286281,4.6953090749671205,0.11179307321350287,0.0,0.0,0.0,0.0,0.0,0.0,0.0,0.0,0.0,0.0,0.0,0.0,0.0,0.0,0.0,nan,nan,4.340932642487046,2.8741297087435544,nan,0.4104,0.10815,0.0,0.0,0.0,0.0,0.0,0.0,0.0,0.0,0.00021920210434020167,0.0012823323103901797,0.0029701885138097325,0.00027400263042525206,0.0076501534414730385,0.0,0.0024331433581762387,0.00028496273564226215,0.0009425690486628671,0.010028496273564226,0.000931608943445857,0.0011946514686540992,0.0019618588338448048,6.57606313020605e-05,0.009886014905743095,0.014105655414291977,0.009644892590968873,0.020572117492327926,0.01049978079789566,0.023191582639193336,0.021306444541867604,0.016023673827268742,0.015530469092503288,0.030688294607628234,0.013809732573432706,0.025865848312143797,0.0168456817185445,0.04741341516878562,0.029362121876370013,0.04715037264357738,0.05281674704077159,0.024462954844366506,0.006981587023235423,0.030545813239807103,0.022884699693117055,0.01316308636562911,0.02518632178868917,0.049594476106970625,0.08420648838228847,0.05126041209995616,0.041659359929855325,0.033647523016220954,0.0233669443226655,0.011179307321350284,0.012669881630863656,0.014281017097764139,0.017612889083735202,0.011431389741341516,0.020615957913195967,0.017284085927224902,0.00029592284085927224,0.0047238053485313455,0.002356422621657168,0.0053156510302498905,0.0064007014467338886,0.0033976326172731257,0.023498465585269617,0.003408592722490136,0.000920648838228847,0.0010083296799649278,0.000920648838228847,0.0,0.0007672073651907058,0.0,0.0,0.0,0.0,0.0,0.0,0.0,0.0,0.0,0.0,0.0,0.0,0.0,0.0,0.0,0.0,0.0,0.0,0.0,0.0,0.0,0.0,0.0,0.0,0.0,0.0,0.0,0.0,0.0,0.0,nan,nan,4.340932642487046,2.8741297087435544,nan,0.8902374821250393,0.03506611925664913,0.0,0.0,0.0,0.0,0.0,0.0,0.0,0.0,0.0,0.0,0.0,0.0,0.0,0.0,0.0,0.0,0.0,0.0,0.0,0.0,0.0,0.0,0.025695931477516067,0.21841541755888583,1.207708779443255,5.640256959314777,11.794432548179875,8.209850107066382,2.094218415417559,0.8094218415417561,0.8887887421508621,0.035944470579018346,0.0,0.0,0.0,0.0,0.0,0.0,0.0,0.0,0.0,0.0,0.0,0.0,0.0,0.0,0.0,0.0,0.0,0.0,0.0,0.0,0.026942074539739565,0.026942074539739565,0.040413111809609346,0.17512348450830661,1.4818140996856761,5.442299057027392,11.908396946564888,8.015267175572522,2.168837000449035,0.7139649753030985,0.4104,0.02354,0.0,0.0,0.0,0.0,0.0,0.0,0.0,0.0,0.0,0.038543897216274096,1.0021413276231266,8.762312633832964,15.006423982869382,5.062098501070665,0.12847965738758033,0.0,0.0,0.0,0.0,0.0,0.0,0.0,0.0,0.0,0.0,0.0,0.0,0.0,0.0,0.0,0.4104,0.02264,0.0,0.0,0.0,0.0,0.0,0.0,0.0,0.0,0.0,0.0,0.929501571621015,8.607992815446776,16.05747642568478,4.31073192635833,0.09429726088908849,0.0,0.0,0.0,0.0,0.0,0.0,0.0,0.0,0.0,0.0,0.0,0.0,0.0,0.0,0.0
12200,4833,2427,0.5021725636250776,1151,1023,0.44982412580177944,1395,0.5772811918063314,0.44999999999999996,2.9164588528678306,3.0345891978862416,6.503021148036254,2.0475812706644203,6649.800000000002,1.8189894035458565e-12,6649.8,6649.8,6649.800000000001,9.094947017729282e-13,6649.800000000002,1.8189894035458565e-12,27.860335195530727,20.86280213150161,32.71000245760629,19.172201519605785,0.13469894475481067,0.10676598386095593,0.09269604800331058,0.0866956341816677,0.08028139871715291,0.07738464721704945,0.06352162218084005,0.06890130353817504,0.061245603145044486,0.05027932960893855,0.04489964825160356,0.03993378853714049,0.034347196358369546,0.01882888475067246,0.020277260500724186,0.011793916821849782,0.0074487895716946,0.8881556046272987,0.03625727782703242,0.0,0.0,0.0,0.0,0.0,0.0,0.0,0.0,0.0,0.0,0.0,0.0,0.0,0.0,0.0,0.0,0.0,0.0,0.0,0.006207324643078834,0.006207324643078834,0.006207324643078834,0.08069522036002486,0.33519553072625596,1.464928615766605,5.363128491620113,12.222222222222225,7.734326505276227,2.1601489757914343,0.6207324643078834,4.354662379421222,2.820447126276554,2.5,0.5,0.574097319648527,4.307496823379924,2.8251875310217884,4.401431359791802,2.8145126328456804,1.0218072212849996,0.4092,0.02353,0.0,0.0,0.0,0.0,0.0,0.0,0.0,0.0,0.0,0.018621973929236504,1.0614525139664805,9.509621353196758,14.674115456238365,4.52513966480447,0.21104903786468038,0.0,0.0,0.0,0.0,0.0,0.0,0.0,0.0,0.0,0.0,0.0,0.0,0.0,0.0,0.0,nan,nan,4.353470437017995,2.819960899157365,nan,0.4092,0.10876,0.0,0.0,0.0,0.0,0.0,0.0,0.0,0.0,0.00035174839644113386,0.0015518311607697084,0.0034243740947651562,0.00031036623215394165,0.0072729153734740325,0.0,0.001882888475067246,2.069108214359611e-05,0.000569004758948893,0.011318021932547072,0.0007241878750258639,0.001313883716118353,0.0019035795572108422,6.207324643078833e-05,0.010117939168218498,0.015311400786261121,0.009135112766397682,0.021632526381129735,0.010024829298572315,0.025439685495551416,0.022936064556176288,0.01685288640595903,0.015932133250569004,0.02897786054210635,0.012900889716532174,0.027601903579557212,0.014618249534450652,0.047734326505276224,0.030912476722532587,0.049389613076763914,0.049927581212497414,0.024446513552658804,0.007334988619904821,0.03101593213325057,0.02345334160976619,0.01345954893440927,0.023111938754396856,0.04717566728739913,0.08104696875646596,0.05270018621973929,0.04076143182288434,0.03453341609766191,0.023101593213325056,0.012518104696875646,0.01138009517897786,0.015187254293399545,0.01798055038278502,0.01105938340575212,0.02084626525967308,0.01570453134698945,0.00038278501965652805,0.00494516863231947,0.0021518725429339955,0.005327953651975998,0.007334988619904821,0.0030622801572522244,0.022594661700806953,0.0032691909786881856,0.0009621353196772191,0.0012104283054003725,0.0008586799089592386,0.0,0.000931098696461825,0.0,0.0,0.0,0.0,0.0,0.0,0.0,0.0,0.0,0.0,0.0,0.0,0.0,0.0,0.0,0.0,0.0,0.0,0.0,0.0,0.0,0.0,0.0,0.0,0.0,0.0,0.0,0.0,0.0,0.0,nan,nan,4.353470437017995,2.819960899157365,nan,0.8876421378628433,0.03690777234093636,0.0,0.0,0.0,0.0,0.0,0.0,0.0,0.0,0.0,0.0,0.0,0.0,0.0,0.0,0.0,0.0,0.0,0.0,0.0,0.0,0.01236093943139679,0.0,0.08652657601977752,0.39555006180469593,1.644004944375773,5.142150803461065,12.360939431396789,7.552533992583438,2.1508034610630413,0.6551297898640298,0.8886735530218678,0.03558155572147008,0.0,0.0,0.0,0.0,0.0,0.0,0.0,0.0,0.0,0.0,0.0,0.0,0.0,0.0,0.0,0.0,0.0,0.0,0.0,0.012468827930174566,0.0,0.012468827930174566,0.0748129675810474,0.2743142144638395,1.2842892768079803,5.586034912718206,12.082294264339156,7.917705735660849,2.1695760598503746,0.5860349127182046,0.4084,0.02386,0.0,0.0,0.0,0.0,0.0,0.0,0.0,0.0,0.0,0.01236093943139679,1.2113720642768853,9.740420271940653,14.462299134734243,4.363411619283066,0.2101359703337454,0.0,0.0,0.0,0.0,0.0,0.0,0.0,0.0,0.0,0.0,0.0,0.0,0.0,0.0,0.0,0.41,0.02316,0.0,0.0,0.0,0.0,0.0,0.0,0.0,0.0,0.0,0.024937655860349132,0.9102244389027433,9.276807980049862,14.887780548628433,4.688279301745637,0.21197007481296762,0.0,0.0,0.0,0.0,0.0,0.0,0.0,0.0,0.0,0.0,0.0,0.0,0.0,0.0,0.0
12300,4833,2487,0.5145872129112352,1166,994,0.44692737430167595,1371,0.5673494723774053,0.474,3.1159420289855073,3.1464985998875963,6.763848396501458,2.0672877120287367,6649.800000000002,1.8189894035458565e-12,6649.8,6649.8,6649.800000000001,9.094947017729282e-13,6649.800000000001,9.094947017729282e-13,28.058141940823504,21.104043356648564,33.144235526966845,19.33589974562164,0.14214773432650527,0.10076557003931305,0.08835092075315538,0.08483343678874405,0.08276432857438444,0.07903993378853715,0.06910821435961101,0.0606248706807366,0.05669356507345334,0.051727705358990274,0.04552038071591144,0.03931305607283261,0.03186426650113801,0.02834678253672667,0.0186219739292365,0.011587006000413822,0.008690254500310366,0.888572829802683,0.03674986409115572,0.0,0.0,0.0,0.0,0.0,0.0,0.0,0.0,0.0,0.0,0.0,0.0,0.0,0.0,0.0,0.0,0.0,0.0,0.0,0.0,0.006207324643078834,0.006207324643078834,0.049658597144630674,0.3538175046554924,1.3469894475481072,5.530726256983241,12.09186840471757,7.752948479205464,2.029795158286779,0.8317815021725639,4.36941251596424,2.88882937525436,3.3333333333333335,2.494438257849294,0.7628790646693461,4.361216730038023,2.8387266714600687,4.375722543352601,2.9383739219444074,1.0033260932011632,0.4106,0.02307,0.0,0.0,0.0,0.0,0.0,0.0,0.0,0.0,0.0,0.006207324643078834,0.937306021104904,8.55369335816262,15.567970204841716,4.761018001241466,0.17380509000620736,0.0,0.0,0.0,0.0,0.0,0.0,0.0,0.0,0.0,0.0,0.0,0.0,0.0,0.0,0.0,nan,nan,4.368421052631579,2.888655348744656,nan,0.4106,0.1078,0.0,0.0,0.0,0.0,0.0,0.0,0.0,1.0345541071798055e-05,0.00037243947858472997,0.0012518104696875646,0.002276019035795572,0.00021725636250775914,0.007314297537761225,3.1036623215394166e-05,0.001500103455410718,0.0,0.0006310780053796814,0.009993792675356921,0.0005172770535899027,0.0009828264018208151,0.0019035795572108422,0.00024829298572315333,0.010335195530726256,0.014638940616594247,0.009207531553900269,0.022853300227601903,0.010521415270018621,0.02494309952410511,0.020877301882888475,0.016449410304158908,0.017163252638112973,0.029919304779639975,0.012011173184357541,0.029019242706393545,0.013314711359404097,0.047361887026691495,0.031140078626112146,0.046844609973101595,0.04853093316780468,0.026515621767018414,0.006372853300227602,0.0345851438030209,0.024653424374094766,0.012900889716532174,0.02016345954893441,0.04581005586592179,0.08084005793503,0.053527829505483134,0.042313262983654044,0.036219739292364994,0.022698117111524932,0.011949099937926753,0.01138009517897786,0.015942478791640805,0.018870266914959653,0.011680115870060005,0.021870473825781087,0.016945996275605214,0.00021725636250775914,0.0053900268984067865,0.0016345954893440928,0.006548727498448169,0.006693565073453342,0.0030933167804676185,0.02166356300434513,0.0034761018001241463,0.0008069522036002483,0.0012621560107593628,0.0006103869232360852,0.0,0.000941444237533623,4.138216428719222e-05,0.0,0.0,0.0,0.0,0.0,0.0,0.0,0.0,0.0,0.0,0.0,0.0,0.0,0.0,0.0,0.0,0.0,0.0,0.0,0.0,0.0,0.0,0.0,0.0,0.0,0.0,0.0,0.0,0.0,nan,nan,4.368421052631579,2.888655348744656,nan,0.8889370199710813,0.03686546413882155,0.0,0.0,0.0,0.0,0.0,0.0,0.0,0.0,0.0,0.0,0.0,0.0,0.0,0.0,0.0,0.0,0.0,0.0,0.0,0.0,0.012062726176115805,0.012062726176115805,0.07237635705669482,0.32569360675512565,1.2786489746682754,5.645355850422197,11.954161640530764,7.756332931242462,2.0747889022919184,0.8685162846803379,0.8881867509668745,0.03662296336417409,0.0,0.0,0.0,0.0,0.0,0.0,0.0,0.0,0.0,0.0,0.0,0.0,0.0,0.0,0.0,0.0,0.0,0.0,0.0,0.0,0.0,0.0,0.025575447570332487,0.383631713554986,1.419437340153453,5.409207161125321,12.237851662404095,7.749360613810743,1.9820971867007677,0.7928388746803071,0.411,0.023,0.0,0.0,0.0,0.0,0.0,0.0,0.0,0.0,0.0,0.0,1.0012062726176119,8.480096501809397,15.705669481302778,4.620024125452353,0.19300361881785288,0.0,0.0,0.0,0.0,0.0,0.0,0.0,0.0,0.0,0.0,0.0,0.0,0.0,0.0,0.0,0.4106,0.02315,0.0,0.0,0.0,0.0,0.0,0.0,0.0,0.0,0.0,0.012787723785166244,0.8695652173913045,8.6317135549872,15.42199488491049,4.910485933503837,0.15345268542199492,0.0,0.0,0.0,0.0,0.0,0.0,0.0,0.0,0.0,0.0,0.0,0.0,0.0,0.0,0.0
12400,4816,2431,0.5047757475083057,1133,1013,0.44559800664451826,1380,0.5730897009966778,0.478,3.0247379454926624,3.1016017003200242,6.651718983557549,2.0140947749756757,6649.800000000002,1.8189894035458565e-12,6649.8,6649.8,6649.800000000002,1.8189894035458565e-12,6649.800000000002,1.8189894035458565e-12,27.578696013289036,20.90232075434589,32.811155577788895,19.090922902886323,0.14887873754152825,0.09509966777408638,0.0926079734219269,0.08907807308970099,0.08305647840531562,0.07661960132890365,0.06706810631229236,0.06686046511627906,0.05627076411960133,0.046719269102990034,0.04318936877076412,0.04111295681063123,0.03550664451827242,0.01951827242524917,0.019310631229235882,0.011004983388704318,0.008098006644518272,0.8883964433969057,0.036212428197379784,0.0,0.0,0.0,0.0,0.0,0.0,0.0,0.0,0.0,0.0,0.0,0.0,0.0,0.0,0.0,0.0,0.0,0.0,0.0,0.0,0.012458471760797346,0.031146179401993362,0.062292358803986723,0.3052325581395339,1.3579734219269106,5.506644518272426,11.997508305647843,8.02325581395349,2.0618770764119607,0.6416112956810633,4.383419689119171,2.834833239793158,2.75,1.7853571071357126,0.6273640661938535,4.408656906429026,2.8078323510890266,4.348852459016394,2.8600596682762602,0.9864347694361472,0.4116,0.02367,0.0,0.0,0.0,0.0,0.0,0.0,0.0,0.0,0.0,0.012458471760797346,0.8471760797342195,8.758305647840519,14.806893687707644,5.369601328903656,0.2055647840531562,0.0,0.0,0.0,0.0,0.0,0.0,0.0,0.0,0.0,0.0,0.0,0.0,0.0,0.0,0.0,nan,nan,4.379198966408269,2.8338360482790925,nan,0.4116,0.1086,0.0,0.0,0.0,0.0,0.0,0.0,0.0,1.0382059800664452e-05,0.0004152823920265781,0.0018480066445182724,0.0026370431893687706,0.00040490033222591364,0.0067379568106312295,1.0382059800664452e-05,0.0014638704318936876,1.0382059800664452e-05,0.0008098006644518273,0.009873338870431894,0.0003945182724252492,0.0012769933554817275,0.0014431063122923588,0.0001972591362126246,0.009800664451827243,0.015458887043189368,0.009852574750830565,0.022653654485049832,0.0089078073089701,0.024449750830564783,0.02254983388704319,0.015874169435215947,0.017618355481727573,0.02977574750830565,0.012624584717607974,0.03076204318936877,0.012250830564784054,0.046875,0.030076827242524917,0.04206810631229236,0.048421926910299,0.02666112956810631,0.006239617940199335,0.03420888704318937,0.024636627906976745,0.013652408637873753,0.01844892026578073,0.04612749169435216,0.08199750830564784,0.05144310631229236,0.04134136212624585,0.037323504983388704,0.024242109634551496,0.013091777408637874,0.011482558139534884,0.016289451827242524,0.018884966777408637,0.010735049833887043,0.02339078073089701,0.018085548172757475,0.0003841362126245847,0.006270764119601329,0.0019622093023255816,0.007817691029900332,0.005917774086378737,0.0035091362126245845,0.021283222591362127,0.0029588870431893686,0.0008305647840531562,0.0014327242524916945,0.0009551495016611296,0.0,0.0008409468438538206,0.0,0.0,0.0,0.0,0.0,0.0,0.0,0.0,0.0,0.0,0.0,0.0,0.0,0.0,0.0,0.0,0.0,0.0,0.0,0.0,0.0,0.0,0.0,0.0,0.0,0.0,0.0,0.0,0.0,0.0,nan,nan,4.379198966408269,2.8338360482790925,nan,0.8880531316625391,0.03627627298427982,0.0,0.0,0.0,0.0,0.0,0.0,0.0,0.0,0.0,0.0,0.0,0.0,0.0,0.0,0.0,0.0,0.0,0.0,0.0,0.0,0.012340600575894697,0.04936240230357879,0.04936240230357879,0.23447141094199844,1.542575071986837,5.417523652817772,12.291238173591118,7.675853558206501,2.110242698477993,0.6170300287947348,0.888746376657386,0.036143880243800657,0.0,0.0,0.0,0.0,0.0,0.0,0.0,0.0,0.0,0.0,0.0,0.0,0.0,0.0,0.0,0.0,0.0,0.0,0.0,0.0,0.01257861635220126,0.01257861635220126,0.07547169811320756,0.37735849056603654,1.1698113207547172,5.597484276729562,11.698113207547173,8.377358490566039,2.0125786163522017,0.6666666666666669,0.4116,0.02354,0.0,0.0,0.0,0.0,0.0,0.0,0.0,0.0,0.0,0.012340600575894697,0.8391608391608394,8.589058000822694,14.969148498560266,5.355820649938298,0.23447141094199922,0.0,0.0,0.0,0.0,0.0,0.0,0.0,0.0,0.0,0.0,0.0,0.0,0.0,0.0,0.0,0.4114,0.02379,0.0,0.0,0.0,0.0,0.0,0.0,0.0,0.0,0.0,0.01257861635220126,0.8553459119496857,8.930817610062881,14.641509433962268,5.38364779874214,0.17610062893081765,0.0,0.0,0.0,0.0,0.0,0.0,0.0,0.0,0.0,0.0,0.0,0.0,0.0,0.0,0.0
12500,4964,2500,0.5036261079774376,1169,1052,0.44742143432715553,1456,0.5866236905721193,0.42199999999999993,2.986607142857143,3.0462185172364395,6.484005563282337,2.0411503969441855,6649.800000000001,9.094947017729282e-13,6649.8,6649.8,6649.800000000001,9.094947017729282e-13,6649.800000000001,9.094947017729282e-13,28.29351329572925,20.961734404677507,33.30143884892086,19.122438333272505,0.13920225624496374,0.10213537469782434,0.08702659145850121,0.08118452860596294,0.07755842062852539,0.07211925866236905,0.07695406929895246,0.06406124093473006,0.06466559226430298,0.047743755036261076,0.04854955680902498,0.04492344883158743,0.03203062046736503,0.02719580983078163,0.015713134568896052,0.01248992747784045,0.0064464141821112,0.8864516822274513,0.03502128456463323,0.0,0.0,0.0,0.0,0.0,0.0,0.0,0.0,0.0,0.0,0.0,0.0,0.0,0.0,0.0,0.0,0.0,0.0,0.0,0.0,0.006043513295729252,0.012087026591458504,0.06043513295729252,0.3323932312651077,1.4443996776792913,5.831990330378728,12.334810636583404,7.5423045930701065,1.9520547945205484,0.48348106365834015,4.283462132921175,2.8058817239089184,5.666666666666667,1.3743685418725535,1.3229174183926296,4.270935960591133,2.8306890683736854,4.301175015460729,2.7779420677934348,1.007080193931405,0.4102,0.02321,0.0,0.0,0.0,0.0,0.0,0.0,0.0,0.0,0.0,0.0,0.9790491539081387,8.956486704270736,15.175261885576152,4.7139403706688165,0.1752618855761483,0.0,0.0,0.0,0.0,0.0,0.0,0.0,0.0,0.0,0.0,0.0,0.0,0.0,0.0,0.0,nan,nan,4.286022832459118,2.804537296230132,nan,0.4102,0.1091,0.0,0.0,0.0,0.0,0.0,0.0,0.0,3.0217566478646254e-05,0.0004734085414987913,0.0018936341659951653,0.002639000805801773,0.00023166800966962128,0.006869460112812248,6.043513295729251e-05,0.0016821112006446413,0.0,0.0009871071716357775,0.010757453666398065,0.0005539887187751814,0.0016720386784850926,0.001823126510878324,5.036261079774375e-05,0.009790491539081386,0.014736099919419822,0.010455278001611603,0.02442586623690572,0.010213537469782433,0.02475825946817083,0.022119258662369058,0.015259871071716358,0.01725423045930701,0.03089242546333602,0.012711522965350525,0.02976430298146656,0.012751813053988719,0.04271756647864625,0.03274576954069299,0.041901692183722805,0.047068896051571316,0.027618855761482677,0.007534246575342466,0.03644238517324738,0.023045930701047542,0.014091458501208702,0.01861402095084609,0.04493352135374698,0.08341055600322321,0.05149073327961322,0.04097502014504432,0.037641015310233686,0.022048751007252215,0.011412167606768735,0.01096897663174859,0.016347703464947624,0.018493150684931507,0.010112812248186945,0.023005640612409346,0.01990330378726833,0.000523771152296535,0.0061240934730056405,0.0017526188557614826,0.008017727639000806,0.005056406124093473,0.0034951651893634166,0.0209911361804996,0.0028001611603545528,0.0005842062852538276,0.0011583400483481064,0.0007453666398066076,2.0145044319097503e-05,0.0013497179693795327,0.0,0.0,0.0,0.0,0.0,0.0,0.0,0.0,0.0,0.0,0.0,0.0,0.0,0.0,0.0,0.0,0.0,0.0,0.0,0.0,0.0,0.0,0.0,0.0,0.0,0.0,0.0,0.0,0.0,0.0,nan,nan,4.286022832459118,2.804537296230132,nan,0.8867073987960815,0.03505778440810321,0.0,0.0,0.0,0.0,0.0,0.0,0.0,0.0,0.0,0.0,0.0,0.0,0.0,0.0,0.0,0.0,0.0,0.0,0.0,0.0,0.012000000000000002,0.012000000000000002,0.036000000000000004,0.3599999999999989,1.3920000000000003,5.820000000000001,12.492000000000003,7.284000000000002,2.1360000000000006,0.45600000000000007,0.8861922295401236,0.034982302152804026,0.0,0.0,0.0,0.0,0.0,0.0,0.0,0.0,0.0,0.0,0.0,0.0,0.0,0.0,0.0,0.0,0.0,0.0,0.0,0.0,0.0,0.012175324675324678,0.08522727272727275,0.3043831168831159,1.4975649350649354,5.844155844155845,12.175324675324678,7.804383116883118,1.7654220779220784,0.5113636363636365,0.4102,0.02278,0.0,0.0,0.0,0.0,0.0,0.0,0.0,0.0,0.0,0.0,0.9480000000000002,8.879999999999987,15.504000000000003,4.5120000000000005,0.15600000000000006,0.0,0.0,0.0,0.0,0.0,0.0,0.0,0.0,0.0,0.0,0.0,0.0,0.0,0.0,0.0,0.4102,0.0236,0.0,0.0,0.0,0.0,0.0,0.0,0.0,0.0,0.0,0.0,1.0105519480519483,9.034090909090896,14.841720779220783,4.918831168831169,0.19480519480519484,0.0,0.0,0.0,0.0,0.0,0.0,0.0,0.0,0.0,0.0,0.0,0.0,0.0,0.0,0.0
12600,4638,2366,0.5101336783096162,1096,954,0.4420008624407072,1319,0.56877964639931,0.46199999999999997,3.047095070422535,3.1029830623656025,6.5125925925925925,2.0928955532902656,6649.800000000001,9.094947017729282e-13,6649.8,6649.8,6649.800000000001,9.094947017729282e-13,6649.800000000001,9.094947017729282e-13,27.864165588615784,20.97426719821503,32.98450413223141,19.172640726829094,0.14510564898663217,0.09594652867615351,0.09853385079775766,0.08214747736093143,0.07999137559292799,0.07740405347132384,0.06813281586890901,0.0579991375592928,0.058645968089693835,0.05023717119448038,0.05260888313928418,0.0407503234152652,0.03234152652005175,0.02608883139284174,0.015523932729624839,0.01121172919361794,0.007330746011211729,0.8843727015945201,0.0360690188660731,0.0,0.0,0.0,0.0,0.0,0.0,0.0,0.0,0.0,0.0,0.0,0.0,0.0,0.0,0.0,0.0,0.0,0.0,0.0,0.0,0.0,0.012936610608020701,0.10349288486416561,0.42043984476067137,1.3906856403622254,6.5329883570504546,12.477360931435967,6.655886157826651,1.8111254851228982,0.5950840879689522,4.417200674536256,2.870265234766376,3.0,2.1213203435596424,0.6791631671375123,4.417960837272114,2.84796884889919,4.412634408602151,2.891478311060309,0.9987943694237789,0.4106,0.02397,0.0,0.0,0.0,0.0,0.0,0.0,0.0,0.0,0.0,0.025873221216041402,0.9831824062095733,8.680465717981876,15.032341526520055,5.071151358344115,0.20698576972833121,0.0,0.0,0.0,0.0,0.0,0.0,0.0,0.0,0.0,0.0,0.0,0.0,0.0,0.0,0.0,nan,nan,4.415291343886831,2.869858562497373,nan,0.4106,0.1098,0.0,0.0,0.0,0.0,0.0,0.0,0.0,0.000129366106080207,0.0002479517033203967,0.0017680034497628287,0.0025010780508840018,0.000258732212160414,0.007708063820612333,5.3902544200086246e-05,0.0018434670116429495,2.15610176800345e-05,0.0012181974989219492,0.010004312203536007,0.00040965933592065543,0.001520051746442432,0.0012828805519620526,8.6244070720138e-05,0.011696852091418715,0.015426908150064682,0.011093143596377749,0.024902975420439843,0.011006899525657612,0.02296248382923674,0.020655454937473047,0.014489003880983183,0.018272962483829237,0.029366106080206986,0.012063389391979302,0.028266494178525226,0.013303147908581284,0.042852522639068566,0.03473479948253558,0.04423242777059077,0.04522423458387236,0.026681759379042692,0.008031479085812851,0.03607158257869771,0.021420871065114273,0.014812419146183699,0.018520914187149632,0.042141009055627426,0.08258947822337215,0.04997843898231997,0.042895644674428635,0.037871927554980596,0.023027166882276844,0.011664510564898664,0.010888313928417421,0.016310909874946097,0.019178525226390686,0.009659335920655454,0.02280077619663648,0.021097455799913754,0.0004635618801207417,0.005983182406209573,0.0023609314359637774,0.00932514014661492,0.005810694264769297,0.0032772746873652434,0.020321259163432515,0.0033958602846054335,0.0005066839154808107,0.0009594652867615351,0.0007222940922811557,0.0,0.0016278568348426046,0.0,0.0,0.0,0.0,0.0,0.0,0.0,0.0,0.0,0.0,0.0,0.0,0.0,0.0,0.0,0.0,0.0,0.0,0.0,0.0,0.0,0.0,0.0,0.0,0.0,0.0,0.0,0.0,0.0,0.0,nan,nan,4.415291343886831,2.869858562497373,nan,0.8844095778636578,0.035865377763826,0.0,0.0,0.0,0.0,0.0,0.0,0.0,0.0,0.0,0.0,0.0,0.0,0.0,0.0,0.0,0.0,0.0,0.0,0.0,0.0,0.0,0.0,0.11411665257819106,0.3930684699915457,1.4454775993237536,6.5046491969568905,12.540152155536774,6.618765849535082,1.80050718512257,0.5832628909551988,0.8843342996346699,0.0362798304743997,0.0,0.0,0.0,0.0,0.0,0.0,0.0,0.0,0.0,0.0,0.0,0.0,0.0,0.0,0.0,0.0,0.0,0.0,0.0,0.0,0.0,0.02640845070422536,0.09242957746478876,0.4489436619718296,1.3336267605633805,6.562500000000002,12.41197183098592,6.694542253521129,1.8221830985915497,0.6073943661971832,0.4111,0.02357,0.0,0.0,0.0,0.0,0.0,0.0,0.0,0.0,0.0,0.012679628064243453,0.8368554522400679,8.546069315300072,15.35502958579882,5.008453085376163,0.24091293322062557,0.0,0.0,0.0,0.0,0.0,0.0,0.0,0.0,0.0,0.0,0.0,0.0,0.0,0.0,0.0,0.4102,0.02437,0.0,0.0,0.0,0.0,0.0,0.0,0.0,0.0,0.0,0.03961267605633804,1.1355633802816902,8.820422535211256,14.696302816901412,5.136443661971832,0.17165492957746484,0.0,0.0,0.0,0.0,0.0,0.0,0.0,0.0,0.0,0.0,0.0,0.0,0.0,0.0,0.0
12700,4623,2264,0.48972528661042614,1017,980,0.4319705818732425,1250,0.5407743889249406,0.47,2.817719372615515,3.038234475541664,6.425269645608629,2.117731138228924,6649.800000000001,9.094947017729282e-13,6649.8,6649.8,6649.800000000001,9.094947017729282e-13,6649.800000000001,9.094947017729282e-13,27.46420073545317,21.018639818472348,32.780481423338564,19.250740394428853,0.14947004109885356,0.10317975340687865,0.09301319489508977,0.08803807051698032,0.0808998485831711,0.07051698031581224,0.06683971447112265,0.06121566082630327,0.05905256327060351,0.04975124378109453,0.043694570625135196,0.040666234047155525,0.03244646333549643,0.027471338957386977,0.015574302401038288,0.009085009733939001,0.009085009733939001,0.885081920341679,0.0356993271163579,0.0,0.0,0.0,0.0,0.0,0.0,0.0,0.0,0.0,0.0,0.0,0.0,0.0,0.0,0.0,0.0,0.0,0.0,0.0,0.0,0.0,0.0,0.08436080467229075,0.23361453601557355,1.6158338741077227,6.65152498377677,12.290720311486051,6.502271252433486,1.966255678131084,0.655418559377028,4.333790737564322,2.841388640065562,5.0,0.0,1.1537243726747408,4.333782872555631,2.824822239806194,4.332402234636872,2.8576292739362774,0.9996814242985033,0.4106,0.02374,0.0,0.0,0.0,0.0,0.0,0.0,0.0,0.0,0.0,0.019467878001297862,0.9993510707332902,8.61129136924074,15.399091499026609,4.763140817650877,0.20765736534717721,0.0,0.0,0.0,0.0,0.0,0.0,0.0,0.0,0.0,0.0,0.0,0.0,0.0,0.0,0.0,nan,nan,4.334019204389575,2.840928170872888,nan,0.4106,0.1101,0.0,0.0,0.0,0.0,0.0,0.0,2.163097555699762e-05,1.081548777849881e-05,0.00018386329223447976,0.0016764006056673155,0.0017845554834523037,0.00023794073112697384,0.008674021198356046,0.0,0.001935972312351287,4.326195111399524e-05,0.0011248107289638762,0.009658230586199438,0.0005624053644819381,0.0014600908500973394,0.0012654120700843609,0.00015141682889898333,0.01227557862859615,0.015531040449924292,0.010674886437378326,0.02653039152065758,0.011194029850746268,0.022063595068137574,0.020300670560242266,0.014957819597663855,0.018591823491239456,0.02854207224745836,0.012318840579710146,0.027492969932943975,0.014070949599826953,0.04220203331170236,0.036869997836902445,0.044786934890763574,0.041758598312783904,0.028466363833008868,0.006802941812675752,0.035777633571274066,0.022031148604802077,0.01572571922993727,0.01927319922128488,0.04288340904174778,0.0827384815055159,0.04752325329872377,0.0409474367293965,0.03640493186242699,0.021479558728098636,0.012221501189703656,0.011972744970798184,0.01752109020116807,0.02045208738914125,0.009658230586199438,0.023318191650443434,0.020246593121349774,0.000573220852260437,0.00627298291152931,0.0019792342634652824,0.009225611075059485,0.006391953277092797,0.0028012113346311917,0.020484533852476748,0.0033203547479991346,0.0006381137789314298,0.0009517629245078954,0.0012329656067488644,0.0,0.0017304780445598098,0.0,0.0,0.0,0.0,0.0,0.0,0.0,0.0,0.0,0.0,0.0,0.0,0.0,0.0,0.0,0.0,0.0,0.0,0.0,0.0,0.0,0.0,0.0,0.0,0.0,0.0,0.0,0.0,0.0,0.0,nan,nan,4.334019204389575,2.840928170872888,nan,0.8848253054406112,0.03667287189273764,0.0,0.0,0.0,0.0,0.0,0.0,0.0,0.0,0.0,0.0,0.0,0.0,0.0,0.0,0.0,0.0,0.0,0.0,0.0,0.0,0.0,0.0,0.11925795053003536,0.3312720848056527,1.7093639575971735,6.320671378091874,12.455830388692583,6.426678445229683,1.8948763250883396,0.7420494699646645,0.8853282010267225,0.0347375581335517,0.0,0.0,0.0,0.0,0.0,0.0,0.0,0.0,0.0,0.0,0.0,0.0,0.0,0.0,0.0,0.0,0.0,0.0,0.0,0.0,0.0,0.0,0.05086901229334465,0.1398897838066973,1.5260703688003394,6.969054684188217,12.1322594319627,6.574819838914796,2.034760491733786,0.5722763883001273,0.4104,0.02338,0.0,0.0,0.0,0.0,0.0,0.0,0.0,0.0,0.0,0.013250883392226152,1.0203180212014136,8.573321554770304,15.702296819787989,4.492049469964665,0.19876325088339228,0.0,0.0,0.0,0.0,0.0,0.0,0.0,0.0,0.0,0.0,0.0,0.0,0.0,0.0,0.0,0.411,0.02408,0.0,0.0,0.0,0.0,0.0,0.0,0.0,0.0,0.0,0.025434506146672326,0.9792284866468844,8.647732089868576,15.108096651123361,5.023314963967784,0.21619330224671476,0.0,0.0,0.0,0.0,0.0,0.0,0.0,0.0,0.0,0.0,0.0,0.0,0.0,0.0,0.0
12800,4617,2411,0.5222005631362356,1120,963,0.4511587611002816,1298,0.5622698722113927,0.474,2.9242973708068902,2.9862451112436252,6.40531561461794,2.0658201616439227,6649.800000000001,9.094947017729282e-13,6649.8,6649.8,6649.800000000002,1.8189894035458565e-12,6649.8,0.0,27.85401776045051,20.781105986741252,32.95073891625616,18.935384309430738,0.1457656486896253,0.09594975092051115,0.09270088802252545,0.08490361706735976,0.07905566385098549,0.07017543859649122,0.0775395278319255,0.0649772579597141,0.0586961230236084,0.05176521550790557,0.04396794455273988,0.04158544509421702,0.03227203811999134,0.02664067576348278,0.018626813948451375,0.011046133853151396,0.004331817197314273,0.8863360464947291,0.03507594759493469,0.0,0.0,0.0,0.0,0.0,0.0,0.0,0.0,0.0,0.0,0.0,0.0,0.0,0.0,0.0,0.0,0.0,0.0,0.0,0.0,0.0,0.019493177387914232,0.07797270955165693,0.2599090318388556,1.2540610786224824,6.146848602988955,12.807017543859653,6.965562053281353,1.8258609486679667,0.6432748538011697,4.263565891472868,2.846002019216306,4.5,1.6583123951777,1.0554545454545456,4.238190286094477,2.88764176594822,4.29038854805726,2.800853711333164,1.0123161676185342,0.4119,0.02345,0.0,0.0,0.0,0.0,0.0,0.0,0.0,0.0,0.0,0.006497725795971411,0.8901884340480833,8.226120857699792,15.471085120207931,5.198180636777129,0.20792722547108516,0.0,0.0,0.0,0.0,0.0,0.0,0.0,0.0,0.0,0.0,0.0,0.0,0.0,0.0,0.0,nan,nan,4.2638842140693365,2.8447495600309725,nan,0.4119,0.1099,0.0,0.0,0.0,0.0,0.0,0.0,2.1659085986571366e-05,0.0,0.00021659085986571366,0.0016352609919861381,0.0014511587611002817,0.00021659085986571366,0.008457873077756119,0.0,0.001851851851851852,8.663634394628546e-05,0.0009096816114359974,0.00910764565735326,0.0009205111544292831,0.0014186701321204245,0.0009746588693957114,7.580680095299978e-05,0.012129088152479966,0.015821962313190382,0.010320554472601256,0.0257959714100065,0.011306042884990253,0.022936972059779077,0.01909248429716266,0.015226337448559672,0.019525666016894087,0.026066709984838638,0.011923326835607538,0.02659735759150964,0.014868962529781243,0.04437946718648473,0.037123673380983324,0.0438704786658003,0.04126055880441845,0.028665800303227205,0.0072449642625081224,0.03404808317089019,0.02335932423651722,0.016276803118908383,0.0201212908815248,0.04297162659735759,0.0844162876326619,0.045873944119558155,0.04034004764998917,0.03647390080138618,0.02195148364739008,0.010818713450292398,0.013103747021875677,0.018247779943686378,0.021030972492960796,0.010038986354775828,0.02298029023175222,0.019850552306692658,0.0005956248646307126,0.006216157678145982,0.0012887156162009962,0.00895603205544726,0.006432748538011696,0.0031297379250595624,0.021854017760450508,0.003043101581113277,0.0008988520684427117,0.001267056530214425,0.00102880658436214,0.0,0.0018626813948451376,1.0829542993285683e-05,0.0,0.0,0.0,1.0829542993285683e-05,0.0,0.0,0.0,0.0,0.0,0.0,0.0,0.0,0.0,0.0,0.0,0.0,0.0,0.0,0.0,0.0,0.0,0.0,0.0,0.0,0.0,0.0,0.0,0.0,0.0,nan,nan,4.2638842140693365,2.8447495600309725,nan,0.8863995617131186,0.03527873042759683,0.0,0.0,0.0,0.0,0.0,0.0,0.0,0.0,0.0,0.0,0.0,0.0,0.0,0.0,0.0,0.0,0.0,0.0,0.0,0.0,0.0,0.024885939444214026,0.07465781833264207,0.2115304852758185,1.2816258813770223,6.24637080049772,12.729158025715474,6.868519286603071,1.91621733720448,0.6470344255495647,0.8862666289101702,0.03485283873212479,0.0,0.0,0.0,0.0,0.0,0.0,0.0,0.0,0.0,0.0,0.0,0.0,0.0,0.0,0.0,0.0,0.0,0.0,0.0,0.0,0.0,0.013599274705349051,0.0815956482320943,0.31278331822302713,1.2239347234814146,6.038077969174979,12.892112420670902,7.071622846781507,1.7271078875793295,0.6391659111514053,0.4114,0.0232,0.0,0.0,0.0,0.0,0.0,0.0,0.0,0.0,0.0,0.012442969722107013,0.8585649108253839,8.249688925756935,15.653255910410621,5.051845707175446,0.17420157610949819,0.0,0.0,0.0,0.0,0.0,0.0,0.0,0.0,0.0,0.0,0.0,0.0,0.0,0.0,0.0,0.412,0.02371,0.0,0.0,0.0,0.0,0.0,0.0,0.0,0.0,0.0,0.0,0.9247506799637355,8.200362647325464,15.271985494106984,5.358114233907526,0.24478694469628293,0.0,0.0,0.0,0.0,0.0,0.0,0.0,0.0,0.0,0.0,0.0,0.0,0.0,0.0,0.0
12900,4657,2383,0.511702812969723,1110,959,0.44427743182306206,1328,0.5703242430749409,0.46199999999999997,3.0800351802990327,3.101722618186474,6.625187406296852,1.9584502836693398,6649.800000000001,9.094947017729282e-13,6649.8,6649.8,6649.800000000001,9.094947017729282e-13,6649.800000000001,9.094947017729282e-13,28.026197122611123,20.993924312824838,33.02637644046095,19.240124814432413,0.14258106076873522,0.09791711402190251,0.09083100708610693,0.08825424092763581,0.08073867296542839,0.07257891346360318,0.06957268627872021,0.0622718488297187,0.06184238780330685,0.046381790852480134,0.04595232982606828,0.042087180588361604,0.04015460596950827,0.023405625939445996,0.019540476701739317,0.008803951041442989,0.0070861069357955764,0.8866705259003045,0.03531225918999075,0.0,0.0,0.0,0.0,0.0,0.0,0.0,0.0,0.0,0.0,0.0,0.0,0.0,0.0,0.0,0.0,0.0,0.0,0.0,0.0,0.0,0.0,0.057977238565600185,0.30921193901653327,1.4107794717629378,6.010307064633886,12.432896714623151,7.247154820700023,1.9583422804380506,0.573330470259824,4.372639947002319,2.857309916709537,7.0,0.0,1.6008635709415953,4.435761589403974,2.850731156842197,4.313452617627568,2.8620522733316864,0.9724266128124256,0.411,0.02335,0.0,0.0,0.0,0.0,0.0,0.0,0.0,0.0,0.0,0.006441915396177798,0.8245651707107582,8.876959415932992,15.048314365471336,4.998926347433971,0.24479278505475632,0.0,0.0,0.0,0.0,0.0,0.0,0.0,0.0,0.0,0.0,0.0,0.0,0.0,0.0,0.0,nan,nan,4.373509933774835,2.857236704868826,nan,0.411,0.11035,0.0,0.0,0.0,0.0,0.0,0.0,5.368262830148164e-05,0.0,0.0003006227184882972,0.0022117242860210436,0.0016748980030062272,0.00022546703886622288,0.008632166630878247,2.1473051320592655e-05,0.0018252093622503757,7.51556796220743e-05,0.0007837663732016319,0.010768735237277217,0.0009233412067854842,0.001342065707537041,0.0009448142581060769,1.0736525660296328e-05,0.011820914751986258,0.016276572901009232,0.011058621430105218,0.024189392312647627,0.010951256173502255,0.023759931286235773,0.018756710328537686,0.014107794717629376,0.02002362035645265,0.025692505905089112,0.013087824779901223,0.0277753918831866,0.014784195834228044,0.04567318015890058,0.034840025767661584,0.04266695297401761,0.04270989907665879,0.02619712261112304,0.0078913463603178,0.03374490015031136,0.02088254240927636,0.01693150096628731,0.02037792570324243,0.04172213871591153,0.08738458234915182,0.046134850762293324,0.041797294395533605,0.03749194760575478,0.021805883616061842,0.011531028559158257,0.012465106291604036,0.01844535108438909,0.020442344857204208,0.009845394030491733,0.022374919476057548,0.018584925917972943,0.0008696585784840026,0.006033927421086536,0.0017393171569680052,0.008514064848614989,0.0054219454584496455,0.0029203349796006013,0.02246081168133992,0.00295254455658149,0.0011380717199914107,0.0013205926562164484,0.0007622933218810393,9.662873094266696e-05,0.0017500536826283014,0.0,0.0,0.0,0.0,0.0,0.0,0.0,0.0,0.0,0.0,0.0,0.0,0.0,0.0,0.0,0.0,0.0,0.0,0.0,0.0,0.0,0.0,0.0,0.0,0.0,0.0,0.0,0.0,0.0,0.0,nan,nan,4.373509933774835,2.857236704868826,nan,0.8870817846077308,0.03558299222895525,0.0,0.0,0.0,0.0,0.0,0.0,0.0,0.0,0.0,0.0,0.0,0.0,0.0,0.0,0.0,0.0,0.0,0.0,0.0,0.0,0.0,0.0,0.06294586655476292,0.302140159462861,1.4603441040704999,5.841376416281999,12.224087284934958,7.4527906000839295,2.114981116240034,0.5413344523709611,0.8862395542645098,0.03502112178148155,0.0,0.0,0.0,0.0,0.0,0.0,0.0,0.0,0.0,0.0,0.0,0.0,0.0,0.0,0.0,0.0,0.0,0.0,0.0,0.0,0.0,0.0,0.05277044854881268,0.316622691292875,1.3588390501319265,6.187335092348286,12.651715039577839,7.031662269129289,1.794195250659631,0.6068601583113458,0.411,0.02318,0.0,0.0,0.0,0.0,0.0,0.0,0.0,0.0,0.0,0.012589173310952584,0.7931179185900128,8.8375996642887,15.207721359630721,4.872010071338649,0.27696181284095683,0.0,0.0,0.0,0.0,0.0,0.0,0.0,0.0,0.0,0.0,0.0,0.0,0.0,0.0,0.0,0.4111,0.02351,0.0,0.0,0.0,0.0,0.0,0.0,0.0,0.0,0.0,0.0,0.857519788918206,8.918205804749327,14.881266490765174,5.131926121372032,0.21108179419525072,0.0,0.0,0.0,0.0,0.0,0.0,0.0,0.0,0.0,0.0,0.0,0.0,0.0,0.0,0.0
13000,4794,2402,0.5010429703796412,1123,1006,0.44409678765123073,1366,0.5698790154359616,0.45799999999999996,2.923494983277592,3.082681664822099,6.685670261941448,2.0411320212697617,6649.800000000001,9.094947017729282e-13,6649.8,6649.8,6649.800000000001,9.094947017729282e-13,6649.800000000001,9.094947017729282e-13,27.378598247809762,20.63146761682852,32.2327950310559,18.960389381015542,0.1424697538589904,0.09491030454735086,0.10137672090112641,0.0969962453066333,0.07947434292866083,0.07279933249895702,0.0673758865248227,0.06174384647476012,0.05944931163954944,0.05110554860241969,0.04714226115978306,0.03671255736337088,0.03045473508552357,0.02252816020025031,0.019190654985398414,0.011264080100125156,0.0050062578222778474,0.8876937429483205,0.03466109515047635,0.0,0.0,0.0,0.0,0.0,0.0,0.0,0.0,0.0,0.0,0.0,0.0,0.0,0.0,0.0,0.0,0.0,0.0,0.0,0.0,0.0,0.01877346683354193,0.043804755944931176,0.2628285356695862,1.2265331664580728,5.826032540675846,12.340425531914896,7.703379224030039,2.1088861076345435,0.4693366708385483,4.436465916611516,2.8688115831125724,3.4,2.5768197453450252,0.7663757738494815,4.475875743555849,2.9021688296552854,4.393659180977543,2.8341868343459256,0.9816311785025136,0.4114,0.02432,0.0,0.0,0.0,0.0,0.0,0.0,0.0,0.0,0.0,0.01877346683354193,1.1952440550688361,8.053817271589475,15.143929912390492,5.344180225281604,0.2440550688360451,0.0,0.0,0.0,0.0,0.0,0.0,0.0,0.0,0.0,0.0,0.0,0.0,0.0,0.0,0.0,nan,nan,4.434753881731087,2.868662569809457,nan,0.4114,0.1099,0.0,0.0,0.0,0.0,0.0,0.0,0.000114726741760534,0.0,0.00025031289111389235,0.002127659574468085,0.0014184397163120568,0.00026074259491030456,0.008708802670004172,6.257822277847309e-05,0.002106800166875261,0.00013558614935335836,0.00043804755944931164,0.01065915727993325,0.000803087192323738,0.0017730496453900709,0.0007926574885273258,0.00013558614935335836,0.011597830621610346,0.015206508135168962,0.012171464330413016,0.022194409678765122,0.011535252398831873,0.024885273258239467,0.0196912807676262,0.015508969545264914,0.01878389653733834,0.02362327909887359,0.013120567375886525,0.02690863579474343,0.014549436795994995,0.04293909052982895,0.03274926992073425,0.04325198164372132,0.039799749687108886,0.026981643721318314,0.008093450146015852,0.036201501877346685,0.023112223612849394,0.018804755944931164,0.02012932832707551,0.042042136003337505,0.09017521902377973,0.04853984146850229,0.03994576554025866,0.038600333750521486,0.021829370045890698,0.012254901960784314,0.011691697955778057,0.0172090112640801,0.018940342094284524,0.011295369211514392,0.0232895285773884,0.016854401335002087,0.000917813934084272,0.0072069253233208175,0.001668752607425949,0.0074259491030454735,0.005256570713391739,0.0026074259491030453,0.022726324572382144,0.003024614100959533,0.0012202753441802254,0.0013037129745515227,0.00043804755944931164,0.00013558614935335836,0.0017626199415936587,1.0429703796412182e-05,0.0,0.0,0.0,0.0,0.0,0.0,0.0,0.0,0.0,0.0,0.0,0.0,0.0,0.0,0.0,0.0,0.0,0.0,0.0,0.0,0.0,0.0,0.0,0.0,0.0,0.0,0.0,0.0,0.0,nan,nan,4.434753881731087,2.868662569809457,nan,0.8871122877812206,0.03469830491056183,0.0,0.0,0.0,0.0,0.0,0.0,0.0,0.0,0.0,0.0,0.0,0.0,0.0,0.0,0.0,0.0,0.0,0.0,0.0,0.0,0.0,0.0,0.03746877601998335,0.26228143213988264,1.2489592006661117,6.157368859283932,12.314737718567864,7.456286427976687,1.9608659450457955,0.5620316402997503,0.8882776289480586,0.034613862172684084,0.0,0.0,0.0,0.0,0.0,0.0,0.0,0.0,0.0,0.0,0.0,0.0,0.0,0.0,0.0,0.0,0.0,0.0,0.0,0.0,0.0,0.03762541806020067,0.050167224080267574,0.2633779264214039,1.2040133779264215,5.493311036789299,12.366220735785957,7.951505016722409,2.2575250836120406,0.37625418060200677,0.4111,0.02441,0.0,0.0,0.0,0.0,0.0,0.0,0.0,0.0,0.0,0.024979184013322237,1.2614487926727729,8.30557868442963,14.75020815986678,5.432972522897587,0.22481265611990012,0.0,0.0,0.0,0.0,0.0,0.0,0.0,0.0,0.0,0.0,0.0,0.0,0.0,0.0,0.0,0.4119,0.0242,0.0,0.0,0.0,0.0,0.0,0.0,0.0,0.0,0.0,0.012541806020066893,1.1287625418060203,7.801003344481595,15.53929765886288,5.255016722408028,0.26337792642140473,0.0,0.0,0.0,0.0,0.0,0.0,0.0,0.0,0.0,0.0,0.0,0.0,0.0,0.0,0.0
13100,4782,2386,0.4989544123797574,1099,1030,0.445211208699289,1360,0.5687996654119615,0.45399999999999996,2.9904006677796326,3.064742362632637,6.591251885369532,2.0106163410238342,6649.800000000001,9.094947017729282e-13,6649.8,6649.8,6649.800000000001,9.094947017729282e-13,6649.800000000002,1.8189894035458565e-12,27.928272689251358,20.948206416209718,32.732837670384136,19.279641714425047,0.13655374320368047,0.10058552906733584,0.10163111668757842,0.08155583437892096,0.08197406942701799,0.07549142618151401,0.0671267252195734,0.06670849017147637,0.05520702634880803,0.04705144291091593,0.05144291091593475,0.038686741948975326,0.033458803847762446,0.024466750313676285,0.01944792973651192,0.0123379339188624,0.006273525721455458,0.8855275200381533,0.03604732319319614,0.0,0.0,0.0,0.0,0.0,0.0,0.0,0.0,0.0,0.0,0.0,0.0,0.0,0.0,0.0,0.0,0.0,0.0,0.0,0.0,0.025094102885821836,0.012547051442910918,0.08782936010037644,0.3701380175658709,1.5056461731493103,6.022584692597241,12.126725219573403,7.484316185696363,1.8757841907151822,0.48933500627352583,4.381092574419365,2.80852405664881,3.3333333333333335,2.0548046676563256,0.7608452176510118,4.390685640362225,2.808233352525894,4.369220607661823,2.807873163856323,0.9951112344497907,0.4106,0.02399,0.0,0.0,0.0,0.0,0.0,0.0,0.0,0.0,0.0,0.012547051442910918,0.9912170639899626,9.102885821831856,14.397741530740278,5.244667503136764,0.25094102885821834,0.0,0.0,0.0,0.0,0.0,0.0,0.0,0.0,0.0,0.0,0.0,0.0,0.0,0.0,0.0,nan,nan,4.380065359477125,2.8080756550736,nan,0.4106,0.11017,0.0,0.0,0.0,0.0,0.0,0.0,0.00010455876202425763,0.0,0.0002613969050606441,0.00266624843161857,0.0014429109159347553,0.000533249686323714,0.008751568381430364,1.0455876202425764e-05,0.0027185278126306985,0.00020911752404851526,0.0005123379339188624,0.010487243831033041,0.001191969887076537,0.0017984107068172313,0.00044960267670430783,0.00018820577164366375,0.010780008364700963,0.014868255959849435,0.01199289000418235,0.02438310330405688,0.010936846507737349,0.02497908824759515,0.018872856545378503,0.01560016729401924,0.02023212045169385,0.023734838979506484,0.013289418653283145,0.025041823504809702,0.01349853617733166,0.04490798828941865,0.03226683396068591,0.04534713508992053,0.03827896277708072,0.027530322040987036,0.007820995399414471,0.03719155165202844,0.024623588456712673,0.019217900460058553,0.018078209953994145,0.03860309493935592,0.09100794646591384,0.0475637808448348,0.04163529903805939,0.03607277289836888,0.0222396486825596,0.011585110832287747,0.013184859891258888,0.017795901296528648,0.018621915516520284,0.0123379339188624,0.022051442910915934,0.017963195315767462,0.0011187787536595566,0.007758260142199916,0.0020075282308657464,0.007151819322459222,0.005112923462986198,0.0025826014219991634,0.02099539941447093,0.0031681304893350064,0.0012233375156838143,0.000752823086574655,0.0003136762860727729,0.0002300292764533668,0.00212254286909243,0.0,0.0,0.0,0.0,0.0,0.0,0.0,0.0,0.0,0.0,0.0,0.0,0.0,0.0,0.0,0.0,0.0,0.0,0.0,0.0,0.0,0.0,0.0,0.0,0.0,0.0,0.0,0.0,0.0,0.0,nan,nan,4.380065359477125,2.8080756550736,nan,0.886013733945968,0.035997365493379424,0.0,0.0,0.0,0.0,0.0,0.0,0.0,0.0,0.0,0.0,0.0,0.0,0.0,0.0,0.0,0.0,0.0,0.0,0.0,0.0,0.012573344509639567,0.012573344509639567,0.0754400670578374,0.37720033528918573,1.684828164291702,5.595138306789607,12.082984073763624,7.644593461860857,2.0117351215423307,0.5029337803855827,0.8850433354037432,0.03609049490674571,0.0,0.0,0.0,0.0,0.0,0.0,0.0,0.0,0.0,0.0,0.0,0.0,0.0,0.0,0.0,0.0,0.0,0.0,0.0,0.0,0.037562604340567615,0.012520868113522541,0.10016694490818033,0.36310517529215247,1.3272120200333895,6.448247078464108,12.17028380634391,7.324707846410686,1.740400667779633,0.4757929883138565,0.4106,0.02371,0.0,0.0,0.0,0.0,0.0,0.0,0.0,0.0,0.0,0.012573344509639567,0.9555741827326071,9.12824811399831,14.497066219614421,5.155071248952223,0.25146689019279134,0.0,0.0,0.0,0.0,0.0,0.0,0.0,0.0,0.0,0.0,0.0,0.0,0.0,0.0,0.0,0.4106,0.02425,0.0,0.0,0.0,0.0,0.0,0.0,0.0,0.0,0.0,0.012520868113522541,1.0267111853088482,9.077629382303826,14.29883138564274,5.333889816360602,0.2504173622704508,0.0,0.0,0.0,0.0,0.0,0.0,0.0,0.0,0.0,0.0,0.0,0.0,0.0,0.0,0.0
13200,4691,2404,0.5124706885525474,1154,950,0.4485184395651247,1303,0.5555318695374121,0.47,2.9575863576738084,3.0812411735404495,6.659810126582278,2.0360124752542954,6649.800000000001,9.094947017729282e-13,6649.8,6649.8,6649.800000000001,9.094947017729282e-13,6649.800000000001,9.094947017729282e-13,27.56299296525261,20.69996676529106,32.559520774917154,18.954235047336667,0.14176081858878703,0.10147090172671072,0.0940098060115114,0.084416968663398,0.08121935621402686,0.08015348539756982,0.07226604135578768,0.05990193988488595,0.05606480494564059,0.05542528245576636,0.04881688339373268,0.03538691110637391,0.03154977616712854,0.022809635472180772,0.015988062246855683,0.011085056491153272,0.007674269878490727,0.8848874034263564,0.035730147863068676,0.0,0.0,0.0,0.0,0.0,0.0,0.0,0.0,0.0,0.0,0.0,0.0,0.0,0.0,0.0,0.0,0.0,0.0,0.0,0.0,0.006395224898742274,0.04476657429119592,0.07674269878490728,0.3645278192283084,1.4836921765082076,6.126625452995099,12.509059901939889,6.989980814325305,1.9121722447239398,0.4860370923044128,4.311267134737546,2.8702703918306676,4.7,3.6891733491393435,1.090166731291198,4.311705685618729,2.861665108109441,4.3134130146082335,2.8851487031427494,1.0003959753086114,0.4094,0.02396,0.0,0.0,0.0,0.0,0.0,0.0,0.0,0.0,0.0,0.03837134939245364,1.0360264335962484,9.58004689831591,14.48518439565125,4.6429332764868905,0.21104242165849504,0.006395224898742274,0.0,0.0,0.0,0.0,0.0,0.0,0.0,0.0,0.0,0.0,0.0,0.0,0.0,0.0,nan,nan,4.312562479173609,2.8734740612108487,nan,0.4094,0.11005,0.0,0.0,0.0,0.0,0.0,0.0,0.00019185674696226818,0.0,0.00022383287145597954,0.002600724792155191,0.001737369430824984,0.0005755702408868045,0.009528885099125986,2.1317416329140907e-05,0.002131741632914091,0.0004476657429119591,0.0005009592837348113,0.010999786825836709,0.0014176081858878703,0.0013003623960775954,0.00027712641227883183,0.00013856320613941592,0.010925175868684715,0.015231293967171178,0.01288637817096568,0.02397143466211895,0.011117032615646984,0.024824131315284586,0.017288424642933276,0.01643572798976764,0.021487955659774037,0.021519931784267747,0.015178000426348327,0.02677467490940098,0.014133447026220422,0.04526753357493072,0.0313472607120017,0.0440844169686634,0.039042848006821576,0.028096354721807718,0.007791515668301002,0.0365806864208058,0.025197186101044555,0.01993178426774675,0.017959923257301214,0.04000213174163291,0.0897889575783415,0.047591131954807075,0.04269878490726924,0.0354615220635259,0.0213920272862929,0.010200383713493924,0.014634406309955234,0.01783201875932637,0.017448305265401833,0.012054998934129183,0.021146876998507782,0.018194414836921764,0.0010658708164570454,0.007493071839693029,0.0022383287145597954,0.007205286719249627,0.005318695374120656,0.0023555745043700705,0.019516094649328502,0.003453421445320827,0.0007461095715199318,0.0007354508633553613,0.00013856320613941592,9.592837348113409e-05,0.0019292261777872522,0.0,9.592837348113409e-05,0.0,0.0,0.0,0.0,0.0,0.0,0.0,0.0,0.0,0.0,0.0,0.0,0.0,0.0,0.0,0.0,0.0,0.0,0.0,0.0,0.0,0.0,0.0,0.0,0.0,0.0,0.0,0.0,nan,nan,4.312562479173609,2.8734740612108487,nan,0.8851396842129814,0.03509387803195715,0.0,0.0,0.0,0.0,0.0,0.0,0.0,0.0,0.0,0.0,0.0,0.0,0.0,0.0,0.0,0.0,0.0,0.0,0.0,0.0,0.0,0.049916805324459246,0.06239600665557406,0.3743760399334431,1.3727121464226293,6.152246256239602,12.404326123128122,7.26289517470882,1.909317803660566,0.41181364392678876,0.8846222162767952,0.03638509044622626,0.0,0.0,0.0,0.0,0.0,0.0,0.0,0.0,0.0,0.0,0.0,0.0,0.0,0.0,0.0,0.0,0.0,0.0,0.0,0.0,0.01311762133799738,0.039352864013992135,0.09182334936598166,0.35417577612592804,1.6003498032356804,6.099693922168782,12.61915172715348,6.703104503716661,1.9151727153476175,0.5640577175338873,0.4094,0.02393,0.0,0.0,0.0,0.0,0.0,0.0,0.0,0.0,0.0,0.07487520798668887,0.9359400998336108,9.5341098169717,14.688019966722132,4.554908485856906,0.19966722129783698,0.012479201331114811,0.0,0.0,0.0,0.0,0.0,0.0,0.0,0.0,0.0,0.0,0.0,0.0,0.0,0.0,0.4092,0.02402,0.0,0.0,0.0,0.0,0.0,0.0,0.0,0.0,0.0,0.0,1.141233056405772,9.62833406209006,14.271972015741149,4.735461303017054,0.22299956274595545,0.0,0.0,0.0,0.0,0.0,0.0,0.0,0.0,0.0,0.0,0.0,0.0,0.0,0.0,0.0
13300,4946,2427,0.4906995551961181,1160,1088,0.4545086938940558,1408,0.5693489688637282,0.43399999999999994,2.8598650258038902,3.0678144746216653,6.587115666178624,2.1289218801278786,6649.800000000001,9.094947017729282e-13,6649.8,6649.8,6649.800000000001,9.094947017729282e-13,6649.800000000002,1.8189894035458565e-12,27.57217953902143,20.575822773223454,32.504102316602314,18.8327320865246,0.14092195713708047,0.10169834209462192,0.09320663162151234,0.08350181965224424,0.08046906591184796,0.08289526890416499,0.06833805095026284,0.06429437929640114,0.05762232106752932,0.05135463000404367,0.04892842701172665,0.03983016579053781,0.032551556813586735,0.023655479175090983,0.01334411645774363,0.010917913465426607,0.00646987464617873,0.8850035378675541,0.03502110380421989,0.0,0.0,0.0,0.0,0.0,0.0,0.0,0.0,0.0,0.0,0.0,0.0,0.0,0.0,0.0,0.0,0.0,0.0,0.0,0.0,0.0,0.0060655074807925615,0.04245855236554793,0.35179943388596735,1.4496562879094221,6.405175899716944,12.591993530125357,6.769106348564498,1.8803073190456938,0.5034371209057825,4.283707865168539,2.9008323287121294,9.0,0.0,2.100983606557377,4.370347394540943,2.9288399330216803,4.198995605775266,2.8711520981966117,0.9607921811937161,0.4092,0.0241,0.0,0.0,0.0,0.0,0.0,0.0,0.0,0.0,0.0,0.036393044884755366,1.2373635260816824,9.231702385766262,14.70885564092196,4.579458147998383,0.2001617468661545,0.0060655074807925615,0.0,0.0,0.0,0.0,0.0,0.0,0.0,0.0,0.0,0.0,0.0,0.0,0.0,0.0,nan,nan,4.285179407176287,2.901575558975387,nan,0.4092,0.10956,0.0,0.0,0.0,1.0109179134654266e-05,0.0,0.0,0.00024262029923170238,0.0,0.00011120097048119693,0.002921552769915083,0.0013344116457743632,0.0008592802264456126,0.008562474727052164,4.0436716538617066e-05,0.0019611807521229276,0.00024262029923170238,0.0006368782854832188,0.010068742418115648,0.0012232106752931662,0.0009199353012535383,0.00012131014961585119,0.0003841488071168621,0.011251516376870198,0.015194096239385361,0.013556409219571372,0.024858471492114842,0.01170642943792964,0.02441366761019005,0.017569753336029115,0.017610190052567733,0.021977355438738376,0.02172462596037202,0.013192478770723817,0.027759805903760613,0.015891629599676507,0.04452082490901739,0.032551556813586735,0.042660735948241005,0.0422866963202588,0.02646583097452487,0.008420946219167004,0.0358976951071573,0.02312980186008896,0.02106752931661949,0.018631217145167814,0.03801051354630004,0.08695915891629599,0.0475232511120097,0.04338859684593611,0.035938131823695915,0.020845127375657097,0.012009704811969267,0.013394662353416903,0.01819652244237768,0.018631217145167814,0.012757784067933684,0.021027092600080875,0.018014557217953902,0.001819652244237768,0.006874241811564901,0.0029619894864536997,0.005721795390214315,0.00516579053780833,0.002699150828952689,0.019632025879498586,0.0030630812778002425,0.0006570966437525273,0.00048524059846340476,5.054589567327133e-05,0.00014152850788515971,0.001819652244237768,0.0,0.0002325111200970481,0.0,0.0,0.0,0.0,0.0,0.0,0.0,0.0,0.0,0.0,0.0,0.0,0.0,0.0,0.0,0.0,0.0,0.0,0.0,0.0,0.0,0.0,0.0,0.0,0.0,0.0,0.0,0.0,nan,nan,4.285179407176287,2.901575558975387,nan,0.8851164589706251,0.03449479226583564,0.0,0.0,0.0,0.0,0.0,0.0,0.0,0.0,0.0,0.0,0.0,0.0,0.0,0.0,0.0,0.0,0.0,0.0,0.0,0.0,0.0,0.0,0.01236093943139679,0.3337453646477122,1.4462299134734244,6.46477132262052,12.459826946847963,6.897404202719408,1.9035846724351055,0.48207663782447474,0.8848947409175132,0.03552047804895875,0.0,0.0,0.0,0.0,0.0,0.0,0.0,0.0,0.0,0.0,0.0,0.0,0.0,0.0,0.0,0.0,0.0,0.0,0.0,0.0,0.0,0.011909487892020646,0.07145692735212388,0.3691941246526388,1.4529575228265188,6.347757046447004,12.71933306867805,6.64549424374752,1.8578801111552208,0.5240174672489084,0.409,0.02423,0.0,0.0,0.0,0.0,0.0,0.0,0.0,0.0,0.0,0.02472187886279358,1.3226205191594564,9.147095179233608,14.684796044499384,4.622991347342399,0.18541409147095184,0.01236093943139679,0.0,0.0,0.0,0.0,0.0,0.0,0.0,0.0,0.0,0.0,0.0,0.0,0.0,0.0,0.4094,0.02394,0.0,0.0,0.0,0.0,0.0,0.0,0.0,0.0,0.0,0.047637951568082586,1.1552203255260025,9.31321953156013,14.732036522429539,4.537514886859865,0.2143707820563716,0.0,0.0,0.0,0.0,0.0,0.0,0.0,0.0,0.0,0.0,0.0,0.0,0.0,0.0,0.0
13400,4889,2470,0.5052157905502148,1168,1016,0.44671712006545305,1409,0.5763959910002046,0.44199999999999995,2.91649441918148,3.054495522831451,6.540909090909091,2.1312592146945395,6649.800000000001,9.094947017729282e-13,6649.8,6649.8,6649.800000000001,9.094947017729282e-13,6649.800000000001,9.094947017729282e-13,27.431376559623644,20.64381641643765,32.58602018213143,18.838038441736753,0.14481489057066885,0.10472489261607691,0.09163428103906729,0.08979341378605031,0.07220290447944365,0.07854366946205768,0.06790754755573737,0.06668030272039271,0.05706688484352628,0.052362446308038456,0.0486807118020045,0.0429535692370628,0.02781754960114543,0.023317651871548373,0.014317856412354264,0.011658825935774187,0.005522601759050931,0.8852681394709866,0.03472712659833533,0.0,0.0,0.0,0.0,0.0,0.0,0.0,0.0,0.0,0.0,0.0,0.0,0.0,0.0,0.0,0.0,0.0,0.0,0.0,0.0,0.0,0.006136224176723258,0.03681734506033954,0.21476784618531333,1.5463284925342609,6.504397627326653,12.296993250153408,7.142564941705872,1.6629167518920027,0.5890775209654326,4.365267542454341,2.844782798501687,6.0,0.0,1.3744862008220788,4.376996805111821,2.8578206005021256,4.354527938342967,2.830957927301189,0.9948666019717873,0.4094,0.02429,0.0,0.0,0.0,0.0,0.0,0.0,0.0,0.0,0.0,0.01840867253016977,1.214972386991205,9.01411331560645,14.653303334015138,4.902843117201883,0.19635917365514424,0.0,0.0,0.0,0.0,0.0,0.0,0.0,0.0,0.0,0.0,0.0,0.0,0.0,0.0,0.0,nan,nan,4.365791159513132,2.844477577561335,nan,0.4094,0.1096,0.0,0.0,0.0,0.0,0.0,0.0,0.00011249744323992636,0.0,0.0,0.0030169768868889345,0.0012681529965228064,0.0007056657803231745,0.00874411945183064,3.068112088361628e-05,0.0019840458171405196,0.00029658416854162404,0.000685211699734097,0.010922479034567396,0.000726119860912252,0.0013908774800572715,1.022704029453876e-05,0.00020454080589077522,0.011996318265493966,0.014696256903252198,0.01295766005318061,0.02418695029658417,0.012313356514624667,0.023634690120679074,0.01839844548987523,0.01773368787073021,0.022213131519738187,0.018613213336060544,0.012916751892002455,0.027326651667007568,0.01608713438330947,0.04543874002863571,0.03338105952137452,0.04433421967682553,0.042462671302924936,0.02729597054612395,0.008386173041521783,0.03653098793209245,0.021926774391491103,0.021067703006749847,0.017938228676620985,0.03769687052566987,0.08315606463489467,0.04627735733278789,0.04356719165473512,0.0386275311924729,0.020443853548782982,0.012978114133769687,0.014215586009408877,0.019196154632849252,0.018848435262834935,0.01403149928410718,0.021241562691757004,0.01660871343833095,0.0013908774800572715,0.006657803231744733,0.003241971773368787,0.005604418081407241,0.004551032931069748,0.0033135610554305586,0.019840458171405194,0.0029658416854162406,0.0006954387400286357,0.0004908979341378605,0.00019431376559623644,0.00017385968500715894,0.0018510942933115157,0.0,0.00019431376559623644,0.0,0.0,1.022704029453876e-05,0.0,0.0,0.0,0.0,0.0,0.0,0.0,0.0,0.0,0.0,0.0,0.0,0.0,0.0,0.0,0.0,0.0,0.0,0.0,0.0,0.0,0.0,0.0,0.0,0.0,nan,nan,4.365791159513132,2.844477577561335,nan,0.8851275536695473,0.03480764933107799,0.0,0.0,0.0,0.0,0.0,0.0,0.0,0.0,0.0,0.0,0.0,0.0,0.0,0.0,0.0,0.0,0.0,0.0,0.0,0.0,0.0,0.012145748987854255,0.04858299595141702,0.2550607287449385,1.5182186234817818,6.473684210526318,12.242914979757089,7.153846153846155,1.7489878542510124,0.5465587044534413,0.8854116892558378,0.034644124422740494,0.0,0.0,0.0,0.0,0.0,0.0,0.0,0.0,0.0,0.0,0.0,0.0,0.0,0.0,0.0,0.0,0.0,0.0,0.0,0.0,0.0,0.0,0.02480363786688715,0.17362546506820947,1.575031004547334,6.535758577924764,12.3522116577098,7.131045886730055,1.575031004547334,0.6324927656056223,0.4094,0.02426,0.0,0.0,0.0,0.0,0.0,0.0,0.0,0.0,0.0,0.0,1.202429149797571,9.170040485829947,14.514170040485833,4.9311740890688265,0.18218623481781382,0.0,0.0,0.0,0.0,0.0,0.0,0.0,0.0,0.0,0.0,0.0,0.0,0.0,0.0,0.0,0.4094,0.0243,0.0,0.0,0.0,0.0,0.0,0.0,0.0,0.0,0.0,0.03720545680033072,1.2277800744109137,8.854898718478697,14.795369987598184,4.873914840843325,0.21083092186854077,0.0,0.0,0.0,0.0,0.0,0.0,0.0,0.0,0.0,0.0,0.0,0.0,0.0,0.0,0.0
13500,4758,2421,0.5088272383354351,1154,950,0.4422026061370324,1365,0.5737704918032787,0.44199999999999995,2.985451433461703,2.9850221849933942,6.320970042796006,1.9599345458993154,6649.800000000001,9.094947017729282e-13,6649.8,6649.8,6649.800000000002,1.8189894035458565e-12,6649.800000000001,9.094947017729282e-13,28.635771332492645,21.227504185534162,33.55688324620363,19.43330354254289,0.1364018495166036,0.10109289617486339,0.09016393442622951,0.08154686843211434,0.07208911307271963,0.07965531736023539,0.06998738965952081,0.06431273644388398,0.056116015132408575,0.05275325767129046,0.05296343001261034,0.04014291719209752,0.035939470365699874,0.029003783102143757,0.01744430432955023,0.011559478772593527,0.008827238335435058,0.8863688493762111,0.03520609715231449,0.0,0.0,0.0,0.0,0.0,0.0,0.0,0.0,0.0,0.0,0.0,0.0,0.0,0.0,0.0,0.0,0.0,0.0,0.0,0.0,0.0,0.012610340479192942,0.0630517023959647,0.2017654476670864,1.5384615384615388,6.172761664564945,12.332912988650696,7.105926860025222,1.9672131147540988,0.6052963430012611,4.25725338491296,2.7641384865459377,4.5,3.5,1.0570195365742843,4.242152466367713,2.7752066907936577,4.272845106934543,2.753908694537404,1.0072351573429208,0.4082,0.02396,0.0,0.0,0.0,0.0,0.0,0.0,0.0,0.0,0.0,0.04413619167717529,1.273644388398487,9.356872635561146,15.050441361916775,4.0920554854981095,0.17654476670870117,0.006305170239596471,0.0,0.0,0.0,0.0,0.0,0.0,0.0,0.0,0.0,0.0,0.0,0.0,0.0,0.0,nan,nan,4.257409793814433,2.7646825458796727,nan,0.4082,0.1106,0.0,0.0,0.0,0.0,0.0,0.0,7.35603194619588e-05,1.0508617065994115e-05,0.0,0.0028583438419503993,0.0015342580916351408,0.0006094997898276587,0.009184531315678857,0.0,0.0019335855401429172,0.0003467843631778058,0.000914249684741488,0.011076082387557798,0.000914249684741488,0.0011454392601933587,2.101723413198823e-05,0.00010508617065994115,0.012610340479192938,0.014691046658259772,0.013703236654056327,0.025725094577553596,0.011906263135771332,0.02384405212274065,0.01853720050441362,0.0176754939050021,0.023507776376628837,0.020439260193358556,0.014543926019335856,0.026008827238335436,0.01675073560319462,0.04498738965952081,0.03288146279949559,0.0432114333753678,0.043001261034047916,0.028289197141656158,0.008732660781841109,0.03832492643968054,0.021815889029003784,0.019934846574190836,0.016582597730138714,0.03538251366120219,0.08198823034888608,0.04346364018495166,0.04064733081126524,0.03956494325346784,0.020334174022698614,0.012883564522908786,0.013408995376208491,0.019031105506515343,0.019346364018495165,0.015079865489701555,0.02157419083648592,0.016635140815468685,0.0011979823455233291,0.006767549390500211,0.0048024379991593105,0.005254308532997058,0.004403110550651534,0.003184110970996217,0.020239596469104667,0.0029844472467423287,0.0005149222362337116,0.000546448087431694,0.0001471206389239176,0.0002101723413198823,0.001639344262295082,0.0,0.0003362757461118117,0.0,0.0,0.0,0.0,0.0,0.0,0.0,0.0,0.0,0.0,0.0,0.0,0.0,0.0,0.0,0.0,0.0,0.0,0.0,0.0,0.0,0.0,0.0,0.0,0.0,0.0,0.0,0.0,nan,nan,4.257409793814433,2.7646825458796727,nan,0.8870310916087195,0.034934649043250374,0.0,0.0,0.0,0.0,0.0,0.0,0.0,0.0,0.0,0.0,0.0,0.0,0.0,0.0,0.0,0.0,0.0,0.0,0.0,0.0,0.0,0.012391573729863695,0.07434944237918217,0.12391573729863656,1.387856257744734,6.245353159851303,12.465923172242878,7.087980173482034,1.9826517967781911,0.6195786864931847,0.8856828038285418,0.035472076511138845,0.0,0.0,0.0,0.0,0.0,0.0,0.0,0.0,0.0,0.0,0.0,0.0,0.0,0.0,0.0,0.0,0.0,0.0,0.0,0.0,0.0,0.01283697047496791,0.05134788189987164,0.2824133504492931,1.694480102695764,6.097560975609758,12.195121951219516,7.12451861360719,1.9512195121951224,0.5905006418485238,0.4084,0.02344,0.0,0.0,0.0,0.0,0.0,0.0,0.0,0.0,0.0,0.03717472118959109,1.1648079306071872,9.157372986369255,15.712515489467165,3.7546468401486996,0.16109045848822806,0.012391573729863695,0.0,0.0,0.0,0.0,0.0,0.0,0.0,0.0,0.0,0.0,0.0,0.0,0.0,0.0,0.4082,0.02448,0.0,0.0,0.0,0.0,0.0,0.0,0.0,0.0,0.0,0.05134788189987164,1.3863928112965345,9.563543003851077,14.364569961489092,4.441591784338897,0.19255455712451866,0.0,0.0,0.0,0.0,0.0,0.0,0.0,0.0,0.0,0.0,0.0,0.0,0.0,0.0,0.0
13600,4801,2469,0.5142678608623203,1168,949,0.44094980212455737,1344,0.5598833576338262,0.44999999999999996,3.0278730703259007,3.0551806415215395,6.487518355359765,1.9524990222144158,6649.800000000002,1.8189894035458565e-12,6649.8,6649.8,6649.800000000001,9.094947017729282e-13,6649.800000000001,9.094947017729282e-13,28.158508644032494,20.88733714313611,33.02396245059288,19.129219648956845,0.1380962299520933,0.10060404082482816,0.09206415330139554,0.08414913559675068,0.08144136638200375,0.07415121849614664,0.06477817121433035,0.06477817121433035,0.06332014163715892,0.05394709435534264,0.04749010622786919,0.040408248281608,0.03186836075817538,0.028744011664236617,0.016454905228077483,0.011872526556967298,0.005832118308685691,0.8865768403416995,0.035044362035067333,0.0,0.0,0.0,0.0,0.0,0.0,0.0,0.0,0.0,0.0,0.0,0.0,0.0,0.0,0.0,0.0,0.0,0.0,0.0,0.0,0.0,0.012497396375755055,0.031243490939387632,0.2874401166423653,1.399708394084566,6.092480733180589,12.466152884815667,7.310976879816707,1.7746302853572176,0.6248698187877526,4.443829371540215,2.8062393017618925,2.6666666666666665,2.3570226039551585,0.6000830463349699,4.512820512820513,2.807897194257194,4.374355670103093,2.803428883058166,0.9693174496251171,0.4065,0.02386,0.0,0.0,0.0,0.0,0.0,0.0,0.0,0.0,0.0,0.031243490939387632,1.4996875650906065,10.197875442616107,14.334513642991046,3.8491980837325563,0.08748177463028538,0.0,0.0,0.0,0.0,0.0,0.0,0.0,0.0,0.0,0.0,0.0,0.0,0.0,0.0,0.0,nan,nan,4.4420949902407285,2.806384631541188,nan,0.4065,0.11,0.0,0.0,0.0,0.0,0.0,0.0,3.1243490939387625e-05,0.0,1.0414496979795876e-05,0.0022807748385752966,0.0013122266194542803,0.0008539887523432618,0.0076234117892105815,1.0414496979795876e-05,0.0022807748385752966,0.0006040408248281608,0.0011455946677775464,0.011643407623411789,0.0010622786919391794,0.0010622786919391794,9.373047281816288e-05,0.000249947927515101,0.014455321807956676,0.015746719433451364,0.012164132472401583,0.02689023120183295,0.01176838158716934,0.025567590085398877,0.018527390127056863,0.018975213497188087,0.02383878358675276,0.020922724432409914,0.014767756717350552,0.027129764632368256,0.017204749010622786,0.04489689647990002,0.0315663403457613,0.04338679441782962,0.043313892938971046,0.02942095396792335,0.008248281607998334,0.040147885857113104,0.019714642782753592,0.01908977296396584,0.01639241824619871,0.03481566340345761,0.08324307435950844,0.043313892938971046,0.03856488231618413,0.040720683191001875,0.019152259945844616,0.013007706727765049,0.014736513226411164,0.019027285982087066,0.017840033326390337,0.014601124765673818,0.021943345136429912,0.015267652572380754,0.0009060612372422411,0.00588419079358467,0.004363674234534472,0.004353259737554676,0.0049364715684232455,0.002249531347635909,0.020537388044157466,0.002926473651322641,0.00047906686107061026,0.00040616538221203914,0.00015621745469693814,8.3315975838367e-05,0.0017808789835450948,1.0414496979795876e-05,0.00029160591543428454,0.0,0.0,0.0,0.0,0.0,0.0,0.0,0.0,0.0,0.0,0.0,0.0,0.0,0.0,0.0,0.0,0.0,0.0,0.0,0.0,0.0,0.0,0.0,0.0,0.0,0.0,0.0,0.0,nan,nan,4.4420949902407285,2.806384631541188,nan,0.8865647890298364,0.03572836368868875,0.0,0.0,0.0,0.0,0.0,0.0,0.0,0.0,0.0,0.0,0.0,0.0,0.0,0.0,0.0,0.0,0.0,0.0,0.0,0.0,0.0,0.0,0.03645200486026732,0.3888213851761835,1.506682867557716,5.747266099635482,12.612393681652494,7.1445929526123955,1.8955042527339008,0.6682867557715676,0.8865895996422956,0.03430531194124054,0.0,0.0,0.0,0.0,0.0,0.0,0.0,0.0,0.0,0.0,0.0,0.0,0.0,0.0,0.0,0.0,0.0,0.0,0.0,0.0,0.0,0.02572898799313894,0.02572898799313894,0.180102915951972,1.286449399656947,6.457975986277875,12.311320754716984,7.487135506003432,1.6466552315608922,0.5789022298456261,0.407,0.0239,0.0,0.0,0.0,0.0,0.0,0.0,0.0,0.0,0.0,0.02430133657351155,1.506682867557716,10.07290400972052,14.410692588092347,3.876063183475092,0.10935601458080196,0.0,0.0,0.0,0.0,0.0,0.0,0.0,0.0,0.0,0.0,0.0,0.0,0.0,0.0,0.0,0.4062,0.02385,0.0,0.0,0.0,0.0,0.0,0.0,0.0,0.0,0.0,0.03859348198970841,1.4922813036020588,10.330188679245268,14.253859348198974,3.8207547169811327,0.06432246998284735,0.0,0.0,0.0,0.0,0.0,0.0,0.0,0.0,0.0,0.0,0.0,0.0,0.0,0.0,0.0
13700,4714,2419,0.5131523122613492,1124,971,0.4444208739923632,1337,0.5672464997878659,0.482,3.0915032679738563,3.151289414398631,6.783742331288344,2.148086489298947,6649.8,0.0,6649.8,6649.8,6649.800000000001,9.094947017729282e-13,6649.800000000002,1.8189894035458565e-12,27.639372083156555,20.779204405148405,32.734553775743706,18.97874997083845,0.14446330080610947,0.09991514637250742,0.08952057700466695,0.08718710224862113,0.0831565549427238,0.07764106915570641,0.07191344929995758,0.06491302503182012,0.05197284683920238,0.05303351718285957,0.04539669070852779,0.03818413237165889,0.03288078065337293,0.025031820110309716,0.017394993635977938,0.01103097157403479,0.006364022061943148,0.8853607025751382,0.03526850800874615,0.0,0.0,0.0,0.0,0.0,0.0,0.0,0.0,0.0,0.0,0.0,0.0,0.0,0.0,0.0,0.0,0.0,0.0,0.0,0.0,0.0,0.0,0.04454815443360205,0.3182011030971564,1.5273652948663559,6.287653797199832,12.594399660585493,6.847687738650829,1.743742044972423,0.6364022061943149,4.39715137462736,2.896286957305834,8.0,2.0,1.8193596986817324,4.391304347826087,2.8948214582708514,4.407601572739187,2.899639764058312,1.0037112492376368,0.406,0.02486,0.0,0.0,0.0,0.0,0.0,0.0,0.0,0.0,0.0,0.08273228680526094,1.7119219346627073,10.335171828595657,13.682647433177772,4.0475180313958425,0.1400084853627493,0.0,0.0,0.0,0.0,0.0,0.0,0.0,0.0,0.0,0.0,0.0,0.0,0.0,0.0,0.0,nan,nan,4.399536577292287,2.897267792096929,nan,0.406,0.1099,0.0,0.0,0.0,0.0,0.0,0.0,0.0,0.0,0.0,0.0022592278319898177,0.001347051336444633,0.0006470089096308867,0.00859142978362325,3.182011030971574e-05,0.0023016546457361054,0.0011561306745863386,0.000731862537123462,0.011953754773016547,0.0009121764955451845,0.0009439966058549003,0.00010606703436571913,0.00026516758591429784,0.01524183283835384,0.014435723377174374,0.011508273228680525,0.025753075943996607,0.011996181586762834,0.02400296987696224,0.016334323292320745,0.018487484089944845,0.026103097157403478,0.022083156554942723,0.016270683071701316,0.026866779804836656,0.019049639372083156,0.047136190072125585,0.030250318201103098,0.04566185829444209,0.04483453542638948,0.028553245651251592,0.007711073398387781,0.04037971998302928,0.018699618158676285,0.018179889690284258,0.017161646160373356,0.03412176495545185,0.08310352142554094,0.04529062367416207,0.03750530335171828,0.0401039456936784,0.018179889690284258,0.012568943572337718,0.013491726771319474,0.018593551124310565,0.017649554518455665,0.013778107764106916,0.02415146372507425,0.014605430632159525,0.0010076368264743318,0.0067246499787865935,0.0037123462028001695,0.004285108188375053,0.004327535002121341,0.002291047942299533,0.020205770046669496,0.0026728892660161222,0.00043487484089944846,0.0003924480271531608,0.00019092066185829443,0.00012728044123886295,0.002078913873568095,0.0,0.00045608824777259227,0.0,0.0,0.0,0.0,0.0,0.0,0.0,0.0,0.0,0.0,0.0,0.0,0.0,0.0,0.0,0.0,0.0,0.0,0.0,0.0,0.0,0.0,0.0,0.0,0.0,0.0,0.0,0.0,nan,nan,4.399536577292287,2.897267792096929,nan,0.8845881723628255,0.03580019668920195,0.0,0.0,0.0,0.0,0.0,0.0,0.0,0.0,0.0,0.0,0.0,0.0,0.0,0.0,0.0,0.0,0.0,0.0,0.0,0.0,0.0,0.0,0.07441091360066145,0.3100454733360883,1.6990491938817698,6.238114923522118,12.612649855312116,6.721785861926417,1.7238528317486568,0.6200909466721787,0.8861749729819287,0.0346806506143304,0.0,0.0,0.0,0.0,0.0,0.0,0.0,0.0,0.0,0.0,0.0,0.0,0.0,0.0,0.0,0.0,0.0,0.0,0.0,0.0,0.0,0.0,0.013071895424836605,0.326797385620914,1.3464052287581703,6.339869281045753,12.575163398692814,6.980392156862747,1.7647058823529416,0.6535947712418302,0.4058,0.02505,0.0,0.0,0.0,0.0,0.0,0.0,0.0,0.0,0.0,0.0992145514675486,1.835469202149649,10.219098801157488,13.642000826787932,4.080198429102936,0.12401818933443574,0.0,0.0,0.0,0.0,0.0,0.0,0.0,0.0,0.0,0.0,0.0,0.0,0.0,0.0,0.0,0.4062,0.02467,0.0,0.0,0.0,0.0,0.0,0.0,0.0,0.0,0.0,0.06535947712418302,1.5816993464052291,10.457516339869265,13.725490196078434,4.013071895424837,0.15686274509803924,0.0,0.0,0.0,0.0,0.0,0.0,0.0,0.0,0.0,0.0,0.0,0.0,0.0,0.0,0.0
13800,5000,2504,0.5008,1134,1054,0.4376,1407,0.5628,0.44199999999999995,2.9447115384615383,3.102571449020493,6.558981233243967,2.110837865783718,6649.800000000001,9.094947017729282e-13,6649.8,6649.8,6649.800000000002,1.8189894035458565e-12,6649.800000000002,1.8189894035458565e-12,27.9552,20.9006026937024,32.76073037704529,19.231941610881698,0.1346,0.1042,0.101,0.087,0.0762,0.0674,0.0722,0.0614,0.0612,0.0524,0.0484,0.0382,0.0352,0.0244,0.0192,0.0102,0.0068,0.8848549555063248,0.03545449334629006,0.0,0.0,0.0,0.0,0.0,0.0,0.0,0.0,0.0,0.0,0.0,0.0,0.0,0.0,0.0,0.0,0.0,0.0,0.0,0.0,0.0,0.0,0.08400000000000002,0.32999999999999896,1.6800000000000004,6.222000000000001,12.528000000000002,6.846000000000002,1.7220000000000004,0.5880000000000001,4.389533061736133,2.9029432326827584,8.0,2.0,1.8225173127721854,4.421580928481807,2.903584253250041,4.362101313320825,2.9038525809903994,0.9865478849933876,0.4067,0.0235,0.0,0.0,0.0,0.0,0.0,0.0,0.0,0.0,0.0,0.018000000000000002,1.2960000000000003,10.535999999999985,14.016000000000004,3.984000000000001,0.15000000000000002,0.0,0.0,0.0,0.0,0.0,0.0,0.0,0.0,0.0,0.0,0.0,0.0,0.0,0.0,0.0,nan,nan,4.391794550579393,2.9038709230951083,nan,0.4067,0.1094,0.0,0.0,0.0,0.0,0.0,0.0,0.0,0.0,1e-05,0.00228,0.00152,0.00083,0.00882,6e-05,0.00165,0.00107,0.00038,0.00991,0.00084,0.00084,7e-05,0.00015,0.01643,0.01482,0.01033,0.02382,0.0129,0.02263,0.01617,0.01813,0.02698,0.02277,0.01784,0.02787,0.01952,0.04881,0.02959,0.04395,0.04437,0.02786,0.00951,0.04043,0.01877,0.01877,0.01752,0.03224,0.083,0.04527,0.03811,0.04107,0.01702,0.01179,0.01352,0.01859,0.01784,0.01423,0.02436,0.01526,0.00143,0.00709,0.00401,0.00369,0.00426,0.00231,0.02093,0.00279,0.00026,0.00028,0.00022,9e-05,0.00183,0.0,0.00029,0.0,0.0,0.0,0.0,0.0,0.0,0.0,0.0,0.0,0.0,0.0,0.0,0.0,0.0,0.0,0.0,0.0,0.0,0.0,0.0,0.0,0.0,0.0,0.0,0.0,0.0,0.0,0.0,nan,nan,4.391794550579393,2.9038709230951083,nan,0.8857581777075609,0.035849088536903974,0.0,0.0,0.0,0.0,0.0,0.0,0.0,0.0,0.0,0.0,0.0,0.0,0.0,0.0,0.0,0.0,0.0,0.0,0.0,0.0,0.0,0.0,0.09584664536741216,0.2515974440894561,1.6533546325878599,6.30191693290735,12.124600638977638,7.0926517571884995,1.8330670926517576,0.6469648562300321,0.883948838362136,0.03503077782333614,0.0,0.0,0.0,0.0,0.0,0.0,0.0,0.0,0.0,0.0,0.0,0.0,0.0,0.0,0.0,0.0,0.0,0.0,0.0,0.0,0.0,0.0,0.07211538461538462,0.40865384615384487,1.7067307692307696,6.141826923076924,12.93269230769231,6.598557692307693,1.6105769230769234,0.528846153846154,0.4067,0.02379,0.0,0.0,0.0,0.0,0.0,0.0,0.0,0.0,0.0,0.0,1.4137380191693294,10.626996805111805,13.837859424920131,3.989616613418531,0.1317891373801917,0.0,0.0,0.0,0.0,0.0,0.0,0.0,0.0,0.0,0.0,0.0,0.0,0.0,0.0,0.0,0.407,0.02321,0.0,0.0,0.0,0.0,0.0,0.0,0.0,0.0,0.0,0.03605769230769231,1.1778846153846156,10.444711538461524,14.194711538461542,3.9783653846153855,0.1682692307692308,0.0,0.0,0.0,0.0,0.0,0.0,0.0,0.0,0.0,0.0,0.0,0.0,0.0,0.0,0.0
13900,4970,2488,0.5006036217303823,1184,1056,0.4507042253521127,1450,0.5835010060362174,0.44999999999999996,2.8920225624496374,3.033459797452818,6.4238975817923185,2.098457918065486,6649.800000000001,9.094947017729282e-13,6649.8,6649.8,6649.800000000002,1.8189894035458565e-12,6649.800000000001,9.094947017729282e-13,28.053923541247485,20.71200212170534,32.94836241931628,18.91572491035412,0.13661971830985917,0.09436619718309859,0.09476861167002013,0.08913480885311871,0.08189134808853119,0.07424547283702214,0.07122736418511066,0.06217303822937626,0.06378269617706238,0.053923541247484906,0.04507042253521127,0.0386317907444668,0.03501006036217304,0.026156941649899398,0.019114688128772636,0.00744466800804829,0.006438631790744467,0.8846418432066858,0.03569466150718549,0.0,0.0,0.0,0.0,0.0,0.0,0.0,0.0,0.0,0.0,0.0,0.0,0.0,0.0,0.0,0.0,0.0,0.0,0.0,0.0,0.0,0.0,0.018108651911468817,0.34406438631790637,1.678068410462777,6.639839034205233,12.380281690140848,6.555331991951712,1.690140845070423,0.694164989939638,4.265822784810126,2.824611030238545,nan,nan,nan,4.280851063829787,2.7951593859770476,4.250313676286073,2.8546034541205896,0.992866514838198,0.4062,0.02367,0.0,0.0,0.0,0.0,0.0,0.0,0.0,0.0,0.0,0.018108651911468817,1.3158953722334008,10.424547283702198,14.33601609657948,3.742454728370222,0.16297786720321936,0.0,0.0,0.0,0.0,0.0,0.0,0.0,0.0,0.0,0.0,0.0,0.0,0.0,0.0,0.0,nan,nan,4.265822784810126,2.824611030238545,nan,0.4062,0.11,0.0,0.0,0.0,0.0,0.0,0.0,2.012072434607646e-05,0.0,0.0,0.0021327967806841048,0.0017404426559356136,0.0015895372233400403,0.009859154929577466,6.036217303822938e-05,0.001056338028169014,0.00113682092555332,0.0003420523138832998,0.009899396378269618,0.0005533199195171026,0.0007847082494969818,0.0,0.00010060362173038229,0.01586519114688129,0.01517102615694165,0.01204225352112676,0.025301810865191145,0.012575452716297788,0.021187122736418512,0.016428571428571428,0.018732394366197183,0.02572434607645875,0.022645875251509056,0.0189738430583501,0.026448692152917504,0.018440643863179073,0.047867203219315896,0.02966800804828974,0.043933601609657945,0.045191146881287725,0.030181086519114688,0.010160965794768611,0.039396378269617706,0.01988933601609658,0.020080482897384306,0.01732394366197183,0.031348088531187125,0.08020120724346076,0.04481891348088531,0.03707243460764587,0.040543259557344065,0.017877263581488934,0.013943661971830987,0.012756539235412475,0.018571428571428572,0.017535211267605634,0.013259557344064386,0.02381287726358149,0.015241448692152918,0.001277665995975855,0.007243460764587525,0.004728370221327968,0.004014084507042254,0.0040442655935613685,0.002987927565392354,0.01976861167002012,0.0028370221327967808,0.00025150905432595576,0.0003420523138832998,0.00035211267605633805,3.018108651911469e-05,0.0023943661971830986,0.0,0.00021126760563380283,0.0,3.018108651911469e-05,0.0,0.0,0.0,0.0,0.0,0.0,0.0,0.0,0.0,0.0,0.0,0.0,0.0,0.0,0.0,0.0,0.0,0.0,0.0,0.0,0.0,0.0,0.0,0.0,0.0,0.0,nan,nan,4.265822784810126,2.824611030238545,nan,0.8847225168510265,0.035859926161888704,0.0,0.0,0.0,0.0,0.0,0.0,0.0,0.0,0.0,0.0,0.0,0.0,0.0,0.0,0.0,0.0,0.0,0.0,0.0,0.0,0.0,0.0,0.02411575562700965,0.3617363344051436,1.72427652733119,6.450964630225082,12.407556270096466,6.668006430868169,1.6519292604501612,0.7114147909967847,0.8845609745414482,0.03552804195683006,0.0,0.0,0.0,0.0,0.0,0.0,0.0,0.0,0.0,0.0,0.0,0.0,0.0,0.0,0.0,0.0,0.0,0.0,0.0,0.0,0.0,0.0,0.012087026591458504,0.3263497179693785,1.631748589846898,6.829170024174054,12.35294117647059,6.4423851732473825,1.7284448025785661,0.6768734891216762,0.4062,0.02386,0.0,0.0,0.0,0.0,0.0,0.0,0.0,0.0,0.0,0.012057877813504826,1.2781350482315117,10.56270096463021,14.14389067524116,3.870578778135049,0.1326366559485531,0.0,0.0,0.0,0.0,0.0,0.0,0.0,0.0,0.0,0.0,0.0,0.0,0.0,0.0,0.0,0.4062,0.02348,0.0,0.0,0.0,0.0,0.0,0.0,0.0,0.0,0.0,0.02417405318291701,1.3537469782433524,10.28605962933117,14.52860596293312,3.6140209508460925,0.19339242546333607,0.0,0.0,0.0,0.0,0.0,0.0,0.0,0.0,0.0,0.0,0.0,0.0,0.0,0.0,0.0
14000,4849,2480,0.511445658898742,1162,1005,0.44689626727160237,1379,0.5687770674365848,0.44599999999999995,2.9100886449978893,2.9930162754713177,6.410958904109589,2.100605513881022,6649.800000000001,9.094947017729282e-13,6649.8,6649.8,6649.800000000001,9.094947017729282e-13,6649.800000000001,9.094947017729282e-13,27.731284800989894,20.73937927646049,32.74685728370717,18.95918207029392,0.14250360899154466,0.09795834192617034,0.09218395545473293,0.08929676221901423,0.08042895442359249,0.07816044545267066,0.06908640956898329,0.06372447927407712,0.055475355743452255,0.05238193441946793,0.047638688389358634,0.039802021035265006,0.03010930088678078,0.025778511033202722,0.01979789647349969,0.009898948236749845,0.005774386471437409,0.8847195183426898,0.035677918205918556,0.0,0.0,0.0,0.0,0.0,0.0,0.0,0.0,0.0,0.0,0.0,0.0,0.0,0.0,0.0,0.0,0.0,0.0,0.0,0.0,0.0,0.006186842647968655,0.0680552691276552,0.3959579294699926,1.4972159208084146,6.496184780367088,12.262322128273874,6.929263765724893,1.7694369973190351,0.5753763662610849,4.198267564966314,2.7905996612401616,nan,nan,nan,4.2311083123425695,2.824437177764797,4.1636125654450264,2.755420272131363,0.9840477383430126,0.4077,0.02415,0.0,0.0,0.0,0.0,0.0,0.0,0.0,0.0,0.0,0.043307898535780584,1.453908022272634,9.509177149927806,14.66281707568571,4.200866157970716,0.12992369560734174,0.0,0.0,0.0,0.0,0.0,0.0,0.0,0.0,0.0,0.0,0.0,0.0,0.0,0.0,0.0,nan,nan,4.198267564966314,2.7905996612401616,nan,0.4077,0.1096,0.0,0.0,0.0,0.0,0.0,1.0311404413281089e-05,0.0,1.0311404413281089e-05,0.0,0.001845741389977315,0.0012167457207671686,0.0014435966178593523,0.00975458857496391,9.28026397195298e-05,0.0015879562796452878,0.0010311404413281089,0.00032996494122499484,0.009259641163126418,0.0007630439265828005,0.0006702412868632708,0.0,0.00014435966178593523,0.015776448752320066,0.015106207465456795,0.012105588781191999,0.02526294081253867,0.011466281707568571,0.01969478242936688,0.015467106619921633,0.017374716436378636,0.02639719529799959,0.0234996906578676,0.018333677046813775,0.0276448752320066,0.018292431429160653,0.04719529799958754,0.028830686739533925,0.0444937100433079,0.04507114869045164,0.031119818519282326,0.01070323778098577,0.03599711280676428,0.02130336151783873,0.019921633326459062,0.01686945762012786,0.03129511239430811,0.08266652918127448,0.04593730666116725,0.03749226644669004,0.03872963497628377,0.018065580532068467,0.014250360899154465,0.013621365229944319,0.01866364198803877,0.01950917714992782,0.013652299443184161,0.023458445040214475,0.01658073829655599,0.0009177149927820169,0.007898535780573314,0.004464838110950712,0.0035368117137554137,0.004114250360899154,0.003227469581356981,0.01893173850278408,0.0022685089709218397,0.00022685089709218394,0.0004433903897710868,0.0003918333677046814,5.1557022066405446e-05,0.003258403794596824,0.0,0.00014435966178593523,0.0,0.00011342544854609197,0.0,0.0,0.0,0.0,0.0,0.0,0.0,0.0,0.0,0.0,0.0,0.0,0.0,0.0,0.0,0.0,0.0,0.0,0.0,0.0,0.0,0.0,0.0,0.0,0.0,0.0,nan,nan,4.198267564966314,2.7905996612401616,nan,0.8844515606760979,0.035229211544617174,0.0,0.0,0.0,0.0,0.0,0.0,0.0,0.0,0.0,0.0,0.0,0.0,0.0,0.0,0.0,0.0,0.0,0.0,0.0,0.0,0.0,0.01209677419354839,0.060483870967741944,0.37499999999999883,1.487903225806452,6.508064516129034,12.362903225806454,7.016129032258066,1.6572580645161294,0.5201612903225807,0.8850000312228704,0.036139552637880996,0.0,0.0,0.0,0.0,0.0,0.0,0.0,0.0,0.0,0.0,0.0,0.0,0.0,0.0,0.0,0.0,0.0,0.0,0.0,0.0,0.0,0.0,0.075981426762347,0.4178978471929071,1.5069649641198821,6.483748417053611,12.15702828197552,6.83832840861123,1.8868720979316171,0.6331785563528917,0.408,0.024,0.0,0.0,0.0,0.0,0.0,0.0,0.0,0.0,0.0,0.04838709677419356,1.3427419354838714,9.677419354838696,14.540322580645164,4.233870967741936,0.1572580645161291,0.0,0.0,0.0,0.0,0.0,0.0,0.0,0.0,0.0,0.0,0.0,0.0,0.0,0.0,0.0,0.4077,0.02432,0.0,0.0,0.0,0.0,0.0,0.0,0.0,0.0,0.0,0.0379907133811735,1.5702828197551713,9.333051920641607,14.79105107640355,4.166314900802027,0.10130856901646267,0.0,0.0,0.0,0.0,0.0,0.0,0.0,0.0,0.0,0.0,0.0,0.0,0.0,0.0,0.0
14100,4760,2479,0.5207983193277311,1175,979,0.45252100840336135,1370,0.5756302521008403,0.46599999999999997,3.0407715914072777,3.064641032279167,6.516768292682927,2.080621810191229,6649.800000000002,1.8189894035458565e-12,6649.8,6649.8,6649.800000000001,9.094947017729282e-13,6649.800000000002,1.8189894035458565e-12,28.017857142857142,20.7178498636125,33.0185370741483,18.87379392858377,0.1411764705882353,0.09390756302521008,0.0957983193277311,0.08592436974789916,0.08151260504201681,0.06890756302521009,0.0726890756302521,0.06407563025210083,0.05861344537815126,0.05546218487394958,0.04852941176470588,0.04453781512605042,0.03361344537815126,0.022899159663865545,0.015546218487394958,0.01134453781512605,0.0054621848739495795,0.8837953465575932,0.03460295160018579,0.0,0.0,0.0,0.0,0.0,0.0,0.0,0.0,0.0,0.0,0.0,0.0,0.0,0.0,0.0,0.0,0.0,0.0,0.0,0.0,0.0,0.006302521008403363,0.07563025210084034,0.24579831932773033,1.581932773109244,6.926470588235295,12.207983193277315,6.920168067226892,1.5252100840336138,0.5105042016806723,4.305707836181877,2.8219317149951233,1.6666666666666667,0.9428090415820634,0.38708308368284405,4.356870229007634,2.8233391841140683,4.248041775456919,2.819382759019772,0.9750214149537562,0.409,0.02399,0.0,0.0,0.0,0.0,0.0,0.0,0.0,0.0,0.0,0.018907563025210086,1.1092436974789919,9.403361344537801,14.760504201680675,4.500000000000001,0.20168067226890762,0.006302521008403363,0.0,0.0,0.0,0.0,0.0,0.0,0.0,0.0,0.0,0.0,0.0,0.0,0.0,0.0,nan,nan,4.303157216494846,2.8219117470737216,nan,0.409,0.10913,0.0,0.0,0.0,0.0,0.0,0.0,0.0,3.1512605042016806e-05,0.0,0.0014390756302521009,0.0012605042016806723,0.0014915966386554623,0.009096638655462185,0.00011554621848739496,0.0018697478991596638,0.0016596638655462185,0.0003361344537815126,0.008182773109243698,0.0008718487394957983,0.000703781512605042,0.00015756302521008404,0.0001680672268907563,0.01630252100840336,0.015714285714285715,0.011586134453781512,0.02274159663865546,0.011628151260504201,0.021271008403361345,0.013277310924369748,0.01735294117647059,0.025357142857142856,0.022846638655462184,0.018046218487394957,0.028340336134453782,0.018308823529411766,0.046638655462184875,0.029201680672268908,0.04203781512605042,0.046733193277310923,0.030987394957983194,0.01078781512605042,0.032111344537815126,0.02407563025210084,0.01972689075630252,0.017237394957983192,0.03272058823529412,0.08197478991596639,0.04657563025210084,0.037794117647058825,0.041827731092436975,0.01948529411764706,0.016039915966386556,0.013025210084033614,0.01846638655462185,0.019338235294117646,0.01434873949579832,0.02262605042016807,0.017426470588235293,0.0007142857142857143,0.007153361344537815,0.004170168067226891,0.003487394957983193,0.004002100840336135,0.0035819327731092436,0.01902310924369748,0.0020903361344537814,0.00023109243697478992,0.0004516806722689076,0.00014705882352941175,0.0,0.003266806722689076,0.0,0.000273109243697479,0.0,6.302521008403361e-05,0.0,0.0,0.0,0.0,0.0,0.0,0.0,0.0,0.0,0.0,0.0,0.0,0.0,0.0,0.0,0.0,0.0,0.0,0.0,0.0,0.0,0.0,0.0,0.0,0.0,0.0,nan,nan,4.303157216494846,2.8219117470737216,nan,0.8838152810179836,0.03431100468736841,0.0,0.0,0.0,0.0,0.0,0.0,0.0,0.0,0.0,0.0,0.0,0.0,0.0,0.0,0.0,0.0,0.0,0.0,0.0,0.0,0.0,0.0,0.06050826946349336,0.22993142396127397,1.5974183138362246,7.115772488906819,12.077450584913274,6.910044372730941,1.4643001210165394,0.5445744251714402,0.8837736817056387,0.03491745987546157,0.0,0.0,0.0,0.0,0.0,0.0,0.0,0.0,0.0,0.0,0.0,0.0,0.0,0.0,0.0,0.0,0.0,0.0,0.0,0.0,0.0,0.013152126260412103,0.09206488382288472,0.26304252520824123,1.5651030249890403,6.720736519070584,12.349846558526965,6.931170539237178,1.5914072775098644,0.4734765453748357,0.409,0.02405,0.0,0.0,0.0,0.0,0.0,0.0,0.0,0.0,0.0,0.012101653892698672,1.1254538120209763,9.536103267446538,14.65510286405809,4.477611940298508,0.18152480839048007,0.012101653892698672,0.0,0.0,0.0,0.0,0.0,0.0,0.0,0.0,0.0,0.0,0.0,0.0,0.0,0.0,0.409,0.02391,0.0,0.0,0.0,0.0,0.0,0.0,0.0,0.0,0.0,0.026304252520824207,1.0916264796142046,9.259096887330106,14.875054800526089,4.5243314335817635,0.22358614642700575,0.0,0.0,0.0,0.0,0.0,0.0,0.0,0.0,0.0,0.0,0.0,0.0,0.0,0.0,0.0
14200,4771,2443,0.5120519807168309,1151,983,0.44728568434290505,1362,0.5709494864808217,0.46599999999999997,3.064003436426117,3.1133693177294686,6.718100890207715,1.9732781508049775,6649.800000000001,9.094947017729282e-13,6649.8,6649.8,6649.800000000001,9.094947017729282e-13,6649.800000000001,9.094947017729282e-13,28.04736952420876,21.023413675003162,32.890931677018635,19.32024406701418,0.1364493816809893,0.10354223433242507,0.09348145042967931,0.08803185914902537,0.07859987424020122,0.07650387759379584,0.06853909033745546,0.060155103751834,0.058478306434709706,0.05239991616013415,0.045692726891636976,0.041500733598826244,0.030811150702158875,0.027247956403269755,0.019911968140850975,0.011527981555229511,0.0071263885977782436,0.8831814499527022,0.03454605261627541,0.0,0.0,0.0,0.0,0.0,0.0,0.0,0.0,0.0,0.0,0.0,0.0,0.0,0.0,0.0,0.0,0.0,0.0,0.0,0.0,0.0,0.006287989939216099,0.05030391951372879,0.3081115070215878,1.6726053238314822,6.759589184657306,12.758331586669465,6.306853909033747,1.6348773841961857,0.5030391951372879,4.4064829821717995,2.8997440417059117,4.0,4.0,0.907753420626747,4.3772965879265096,2.8499268377060267,4.434699103713188,2.949840954563603,1.0131136912095486,0.4087,0.02388,0.0,0.0,0.0,0.0,0.0,0.0,0.0,0.0,0.0,0.025151959756864396,1.2072940683294908,9.501152798155509,14.65101655837351,4.470760846782646,0.13833577866275415,0.006287989939216099,0.0,0.0,0.0,0.0,0.0,0.0,0.0,0.0,0.0,0.0,0.0,0.0,0.0,0.0,nan,nan,4.406219630709427,2.9006104259694636,nan,0.4087,0.1091,0.0,0.0,0.0,0.0,0.0,0.0,0.0,0.00010479983232026829,0.0,0.0013938377698595682,0.0011947180884510585,0.001645357367428212,0.008184866904212953,2.0959966464053657e-05,0.001833997065604695,0.002452316076294278,0.00024103961433661705,0.007073988681618109,0.0010584783064347097,0.0007231188430098512,6.287989939216097e-05,0.0005554391112974219,0.016464053657514147,0.016799413120939008,0.011098302242716412,0.022416684133305387,0.011014462376860197,0.023150282959547266,0.013906937748899601,0.018423810521903165,0.025560679102913434,0.022731083630266193,0.017302452316076293,0.02935443303290715,0.018256130790190735,0.04670928526514358,0.028903793753929995,0.04256969188849298,0.04531544749528401,0.03188010899182561,0.011087822259484384,0.031502829595472646,0.023108363026619158,0.019084049465520857,0.0189058897505764,0.032414588136658984,0.08045483127226996,0.04491720813246699,0.039540976734437225,0.041930412911339345,0.018360930622511006,0.01543701530077552,0.012712219660448543,0.019555648710962062,0.020079647872563403,0.013529658352546636,0.021892684971704046,0.017627331796269127,0.001037518339970656,0.007723747642003773,0.005009431984908824,0.003657514147977363,0.003060155103751834,0.0031335149863760217,0.019220289247537204,0.002274156361349822,0.00014671976524837562,0.0005239991616013414,4.1919932928107315e-05,4.1919932928107315e-05,0.003060155103751834,0.0,0.000366799413120939,1.0479983232026829e-05,0.00014671976524837562,0.0,0.0,0.0,0.0,0.0,0.0,0.0,0.0,0.0,0.0,0.0,0.0,0.0,0.0,0.0,0.0,0.0,0.0,0.0,0.0,0.0,0.0,0.0,0.0,0.0,0.0,nan,nan,4.406219630709427,2.9006104259694636,nan,0.8826817067929383,0.03423233564499352,0.0,0.0,0.0,0.0,0.0,0.0,0.0,0.0,0.0,0.0,0.0,0.0,0.0,0.0,0.0,0.0,0.0,0.0,0.0,0.0,0.0,0.0,0.036839950880065496,0.35611952517396533,1.841997544003275,6.582071223905036,12.795742939009418,6.361031518624643,1.5718379042161281,0.4543593941874745,0.8837058797376263,0.034864530167197975,0.0,0.0,0.0,0.0,0.0,0.0,0.0,0.0,0.0,0.0,0.0,0.0,0.0,0.0,0.0,0.0,0.0,0.0,0.0,0.0,0.0,0.012886597938144333,0.06443298969072166,0.2577319587628858,1.4948453608247427,6.945876288659796,12.719072164948457,6.250000000000002,1.701030927835052,0.5541237113402063,0.409,0.02405,0.0,0.0,0.0,0.0,0.0,0.0,0.0,0.0,0.0,0.024559967253377002,1.2648383135489156,9.20998772001636,14.82194023741302,4.506753990994679,0.1596397871469505,0.012279983626688501,0.0,0.0,0.0,0.0,0.0,0.0,0.0,0.0,0.0,0.0,0.0,0.0,0.0,0.0,0.4084,0.0237,0.0,0.0,0.0,0.0,0.0,0.0,0.0,0.0,0.0,0.025773195876288665,1.1469072164948455,9.80670103092782,14.471649484536085,4.432989690721651,0.11597938144329899,0.0,0.0,0.0,0.0,0.0,0.0,0.0,0.0,0.0,0.0,0.0,0.0,0.0,0.0,0.0
14300,4850,2441,0.503298969072165,1173,1027,0.4536082474226804,1405,0.5793814432989691,0.44999999999999996,2.9310917393109173,3.0409247646281097,6.438316400580551,2.068362992170327,6649.800000000001,9.094947017729282e-13,6649.8,6649.8,6649.800000000002,1.8189894035458565e-12,6649.800000000001,9.094947017729282e-13,27.946804123711342,20.879468904767133,32.95276752767528,19.096781613312412,0.1402061855670103,0.10041237113402061,0.09463917525773195,0.08412371134020619,0.07773195876288659,0.0754639175257732,0.06989690721649484,0.06268041237113402,0.06350515463917526,0.052371134020618555,0.04721649484536083,0.038556701030927835,0.0288659793814433,0.02639175257731959,0.017938144329896908,0.01422680412371134,0.00577319587628866,0.8830698607017085,0.034984143511572134,0.0,0.0,0.0,0.0,0.0,0.0,0.0,0.0,0.0,0.0,0.0,0.0,0.0,0.0,0.0,0.0,0.0,0.0,0.0,0.0,0.0,0.02474226804123712,0.10515463917525776,0.3278350515463907,1.484536082474227,6.804123711340208,12.612371134020622,6.587628865979383,1.5525773195876293,0.5010309278350517,4.353577106518283,2.841707443557483,5.333333333333333,2.8674417556808756,1.2250462557211024,4.300632911392405,2.8693270246011893,4.408801020408164,2.812934608814849,1.025151672147888,0.409,0.02371,0.0,0.0,0.0,0.0,0.0,0.0,0.0,0.0,0.0,0.0,1.1134020618556704,9.612371134020606,14.616494845360828,4.447422680412372,0.21030927835051552,0.0,0.0,0.0,0.0,0.0,0.0,0.0,0.0,0.0,0.0,0.0,0.0,0.0,0.0,0.0,nan,nan,4.354510800508259,2.841892877849513,nan,0.409,0.109,0.0,0.0,0.0,0.0,0.0,0.0,0.0,0.0001134020618556701,0.0,0.0013402061855670104,0.001690721649484536,0.0012989690721649484,0.009443298969072166,1.0309278350515464e-05,0.0015670103092783505,0.0018865979381443299,0.0002061855670103093,0.006690721649484536,0.0011649484536082474,0.0008247422680412372,0.0001443298969072165,0.00046391752577319587,0.01654639175257732,0.017412371134020617,0.010618556701030927,0.021762886597938146,0.010536082474226804,0.02249484536082474,0.012154639175257732,0.017072164948453608,0.027463917525773197,0.024175257731958763,0.016845360824742268,0.027061855670103094,0.018639175257731958,0.04758762886597938,0.032288659793814435,0.0416701030927835,0.04215463917525773,0.03288659793814433,0.013195876288659794,0.03151546391752577,0.022835051546391753,0.01831958762886598,0.018556701030927835,0.032958762886597937,0.0804639175257732,0.045494845360824744,0.04004123711340206,0.0418659793814433,0.01909278350515464,0.015670103092783504,0.011927835051546392,0.01820618556701031,0.02018556701030928,0.014391752577319587,0.0222680412371134,0.01911340206185567,0.0008762886597938144,0.006989690721649485,0.005154639175257732,0.003237113402061856,0.003092783505154639,0.0024948453608247424,0.019381443298969073,0.001958762886597938,0.00013402061855670103,0.0006494845360824742,0.00010309278350515464,5.154639175257732e-05,0.00322680412371134,0.0,0.00027835051546391755,0.0,5.154639175257732e-05,0.0,0.0,0.0,0.0,0.0,0.0,0.0,0.0,0.0,0.0,0.0,0.0,0.0,0.0,0.0,0.0,0.0,0.0,0.0,0.0,0.0,0.0,0.0,0.0,0.0,0.0,nan,nan,4.354510800508259,2.841892877849513,nan,0.8832304880102362,0.03472802016054403,0.0,0.0,0.0,0.0,0.0,0.0,0.0,0.0,0.0,0.0,0.0,0.0,0.0,0.0,0.0,0.0,0.0,0.0,0.0,0.0,0.0,0.024580090126997137,0.06145022531749284,0.28267103646046615,1.6345759934453097,6.575174108971734,12.79393691110201,6.5628840639082355,1.5362556329373211,0.5284719377304384,0.882907099697094,0.035241023698163745,0.0,0.0,0.0,0.0,0.0,0.0,0.0,0.0,0.0,0.0,0.0,0.0,0.0,0.0,0.0,0.0,0.0,0.0,0.0,0.0,0.0,0.02490660024906601,0.14943960149439603,0.37359900373598887,1.3325031133250316,7.036114570361147,12.428393524283939,6.612702366127025,1.5691158156911584,0.47322540473225416,0.409,0.02362,0.0,0.0,0.0,0.0,0.0,0.0,0.0,0.0,0.0,0.0,0.9586235149528883,9.81974600573534,14.391642769356825,4.596476853748465,0.2335108562064728,0.0,0.0,0.0,0.0,0.0,0.0,0.0,0.0,0.0,0.0,0.0,0.0,0.0,0.0,0.0,0.4087,0.0238,0.0,0.0,0.0,0.0,0.0,0.0,0.0,0.0,0.0,0.0,1.2702366127023663,9.402241594022403,14.84433374844334,4.296388542963887,0.18679950186799507,0.0,0.0,0.0,0.0,0.0,0.0,0.0,0.0,0.0,0.0,0.0,0.0,0.0,0.0,0.0
14400,4762,2433,0.5109197816043679,1141,983,0.4460310793784124,1345,0.5648887022259554,0.46199999999999997,2.936453413482181,3.0129671882475164,6.543307086614173,1.9112427647208534,6649.800000000001,9.094947017729282e-13,6649.8,6649.8,6649.800000000001,9.094947017729282e-13,6649.800000000001,9.094947017729282e-13,27.732255354892903,20.749924100686943,32.70401002506266,18.99386153207527,0.1390172196556069,0.10310793784124317,0.09470810583788324,0.09050818983620328,0.07580848383032339,0.07286854262914742,0.06656866862662747,0.06824863502729946,0.057748845023099536,0.05501889962200756,0.04472910541789164,0.03989920201595968,0.032549349013019736,0.025829483410331793,0.017849643007139857,0.009659806803863923,0.005879882402351953,0.8838542325688931,0.036479546721812646,0.0,0.0,0.0,0.0,0.0,0.0,0.0,0.0,0.0,0.0,0.0,0.0,0.0,0.0,0.0,0.0,0.0,0.0,0.0,0.012599748005039902,0.006299874002519951,0.025199496010079803,0.06929861402771946,0.3905921881562357,1.5812683746325078,6.6778664426711485,12.108357832843346,6.835363292734147,1.7324653506929866,0.5606887862242756,4.300589390962672,2.7603504648208403,5.0,0.816496580927726,1.1626313385107356,4.275181040157999,2.710642027441257,4.32704811443433,2.806097623773617,1.0121321351748918,0.411,0.02399,0.0,0.0,0.0,0.0,0.0,0.0,0.0,0.0,0.0,0.012599748005039902,0.9134817303653929,8.813523729525397,14.924401511969764,5.0839983200336,0.251994960100798,0.0,0.0,0.0,0.0,0.0,0.0,0.0,0.0,0.0,0.0,0.0,0.0,0.0,0.0,0.0,nan,nan,4.301275760549558,2.759201160660421,nan,0.411,0.1084,0.0,0.0,0.0,0.0,0.0,0.0,0.0,8.399832003359933e-05,2.0999580008399833e-05,0.0012074758504829904,0.002141957160856783,0.0011969760604787904,0.008609827803443932,7.34985300293994e-05,0.0016589668206635868,0.001627467450650987,0.00045149097018059637,0.0063313733725325495,0.00125997480050399,0.0007769844603107938,0.0,0.0006089878202435951,0.016505669886602268,0.015350692986140278,0.009197816043679126,0.020842083158336834,0.01007979840403192,0.02262704745905082,0.012263754724905502,0.016789164216715665,0.027015959680806383,0.024034019319613607,0.017650146997060058,0.025377992440151195,0.017786644267114658,0.04646157076858463,0.031971860562788744,0.04032969340613188,0.04093868122637547,0.03389332213355733,0.015214195716085678,0.030963880722385553,0.02270054598908022,0.021356572868542627,0.01880512389752205,0.034754304913901725,0.07904241915161697,0.04649307013859723,0.040802183956320875,0.04260814783704326,0.02251154976900462,0.014710205795884083,0.01123477530449391,0.018080638387232256,0.01987610247795044,0.01515119697606048,0.02376102477950441,0.016967660646787064,0.0017324653506929862,0.007297354052918942,0.005627887442251155,0.0033074338513229737,0.003412431751364973,0.00249895002099958,0.019267114657706846,0.001616967660646787,0.0001364972700545989,0.0010394792104157916,4.1999160016799665e-05,0.00015749685006299875,0.003349433011339773,0.0,0.00024149517009659807,0.0,7.34985300293994e-05,0.0,0.0,0.0,0.0,0.0,0.0,0.0,0.0,0.0,0.0,0.0,0.0,0.0,0.0,0.0,0.0,0.0,0.0,0.0,0.0,0.0,0.0,0.0,0.0,0.0,0.0,nan,nan,4.301275760549558,2.759201160660421,nan,0.883336917711196,0.03644417832663607,0.0,0.0,0.0,0.0,0.0,0.0,0.0,0.0,0.0,0.0,0.0,0.0,0.0,0.0,0.0,0.0,0.0,0.0,0.0,0.012330456226880398,0.0,0.024660912453760796,0.09864364981504319,0.4192355117139321,1.6399506781750928,6.8310727496917405,11.886559802712704,6.9173859432799025,1.6892725030826143,0.4808877928483355,0.8843946477894928,0.0365086302540001,0.0,0.0,0.0,0.0,0.0,0.0,0.0,0.0,0.0,0.0,0.0,0.0,0.0,0.0,0.0,0.0,0.0,0.0,0.0,0.012881064834693005,0.012881064834693005,0.02576212966938601,0.03864319450407901,0.3606698153714029,1.5199656504937746,6.5178188063546605,12.340060111635898,6.749677973379134,1.7775869471876347,0.6440532417346502,0.4106,0.0239,0.0,0.0,0.0,0.0,0.0,0.0,0.0,0.0,0.0,0.024660912453760796,0.8631319358816278,8.914919852034512,14.94451294697904,5.018495684340321,0.23427866831072755,0.0,0.0,0.0,0.0,0.0,0.0,0.0,0.0,0.0,0.0,0.0,0.0,0.0,0.0,0.0,0.4114,0.02406,0.0,0.0,0.0,0.0,0.0,0.0,0.0,0.0,0.0,0.0,0.9660798626019753,8.707599828252457,14.903392013739806,5.152425933877201,0.27050236152855306,0.0,0.0,0.0,0.0,0.0,0.0,0.0,0.0,0.0,0.0,0.0,0.0,0.0,0.0,0.0
14500,4909,2533,0.5159910368710532,1199,1002,0.4483601548176818,1380,0.5622326339376655,0.45799999999999996,2.9583333333333335,3.098065745531615,6.678516228748068,2.0568171324904734,6649.8,0.0,6649.8,6649.8,6649.800000000002,1.8189894035458565e-12,6649.800000000001,9.094947017729282e-13,27.391933183947852,20.680104409442222,32.38030229156509,18.968594797640243,0.14279894072112448,0.10246486046037889,0.09268690160928907,0.09370543898961092,0.07557547361988184,0.08107557547361988,0.0708902016704013,0.06151965777144021,0.05887146058260338,0.0486860867793848,0.043389692401711144,0.035648808311265025,0.03463027093094317,0.023222652271338358,0.017518842941535953,0.011407618659604808,0.005907516805866775,0.8826569540118413,0.035141505971493375,0.0,0.0,0.0,0.0,0.0,0.0,0.0,0.0,0.0,0.0,0.0,0.0,0.0,0.0,0.0,0.0,0.0,0.0,0.0,0.0,0.0,0.024444897127724595,0.06111224281931148,0.2933387655326941,1.7233652475045838,6.8995722143002665,12.607455693623958,6.349562028926463,1.5522509676105116,0.4888979425544918,4.35970531710442,2.9396585219685134,2.8,1.7204650534085253,0.6422452428183087,4.347266881028939,2.964145429110386,4.367281985996181,2.91433803737736,1.0046040663053344,0.4114,0.02318,0.0,0.0,0.0,0.0,0.0,0.0,0.0,0.0,0.0,0.012222448563862297,0.8433489509064984,8.665716031778354,15.12528009777959,5.188429415359545,0.16500305561214101,0.0,0.0,0.0,0.0,0.0,0.0,0.0,0.0,0.0,0.0,0.0,0.0,0.0,0.0,0.0,nan,nan,4.357211384713783,2.938773736163027,nan,0.4114,0.10736,0.0,0.0,0.0,0.0,0.0,0.0,0.0,6.111224281931147e-05,1.0185373803218578e-05,0.0011000203707476064,0.0014870645752699124,0.0012324302301894479,0.008555713994703605,6.111224281931147e-05,0.001812996536972907,0.002037074760643716,0.00021389284986759015,0.005377877368099409,0.0011611326135669178,0.0010287227541250763,0.0001324098594418415,0.0006111224281931147,0.015369729069056834,0.01791607251986148,0.008789977592177632,0.021297616622530047,0.009574251375025463,0.02356895498064779,0.01210022407822367,0.014992870238337747,0.026441230393155428,0.022244856386229375,0.017304950091668363,0.024465267875331025,0.018180892238745163,0.043562843756365856,0.0322367080871868,0.041647993481360765,0.04360358525157873,0.03369321654104706,0.015318802200040742,0.030179262578936647,0.023100427785699734,0.022947647178651456,0.019667956814015074,0.03360154817681809,0.07707272356895498,0.04761662253004685,0.041393359136280304,0.04546750865756773,0.02156243634141373,0.01627622733754329,0.010857608474231005,0.019504990833163576,0.021246689753513955,0.01310857608474231,0.02457730698716643,0.016632715420655936,0.0018231819107761254,0.008341821144836016,0.005062130780199633,0.0022407822367080873,0.0034426563454878793,0.0026176410674271745,0.019779995925850478,0.0013852108372377266,7.129761662253005e-05,0.0008250152780607048,2.0370747606437155e-05,9.166836422896721e-05,0.0020676308820533713,0.0,0.00010185373803218578,0.0,0.00012222448563862294,0.0,0.0,0.0,0.0,0.0,0.0,0.0,0.0,0.0,0.0,0.0,0.0,0.0,0.0,0.0,0.0,0.0,0.0,0.0,0.0,0.0,0.0,0.0,0.0,0.0,0.0,nan,nan,4.357211384713783,2.938773736163027,nan,0.8824452924201294,0.03484540539649145,0.0,0.0,0.0,0.0,0.0,0.0,0.0,0.0,0.0,0.0,0.0,0.0,0.0,0.0,0.0,0.0,0.0,0.0,0.0,0.0,0.0,0.0,0.07106198183971577,0.2724042637189095,1.8949861823924203,6.739044611133045,12.542439794709834,6.525858665613898,1.5159889459139364,0.43821555467824724,0.8828826016599081,0.03545305716769789,0.0,0.0,0.0,0.0,0.0,0.0,0.0,0.0,0.0,0.0,0.0,0.0,0.0,0.0,0.0,0.0,0.0,0.0,0.0,0.0,0.0,0.05050505050505052,0.05050505050505052,0.31565656565656464,1.5404040404040409,7.070707070707072,12.67676767676768,6.1616161616161635,1.5909090909090913,0.542929292929293,0.4111,0.02312,0.0,0.0,0.0,0.0,0.0,0.0,0.0,0.0,0.0,0.0,0.8053691275167787,9.03671535728384,14.709830240821164,5.27043031977892,0.17765495459928943,0.0,0.0,0.0,0.0,0.0,0.0,0.0,0.0,0.0,0.0,0.0,0.0,0.0,0.0,0.0,0.4116,0.02324,0.0,0.0,0.0,0.0,0.0,0.0,0.0,0.0,0.0,0.02525252525252526,0.883838383838384,8.270202020202008,15.568181818181822,5.101010101010102,0.15151515151515155,0.0,0.0,0.0,0.0,0.0,0.0,0.0,0.0,0.0,0.0,0.0,0.0,0.0,0.0,0.0
14600,4983,2535,0.5087296809151114,1179,1039,0.4451133855107365,1459,0.585591009432069,0.42999999999999994,3.025326797385621,3.070417419260383,6.552631578947368,2.0742785683093214,6649.800000000001,9.094947017729282e-13,6649.8,6649.8,6649.800000000003,2.7284841053187847e-12,6649.800000000001,9.094947017729282e-13,28.32269717037929,21.052999750746274,33.314708691499526,19.250343984972872,0.1388721653622316,0.09552478426650612,0.09251454946819185,0.08609271523178808,0.08047361027493478,0.07926951635560907,0.06863335340156532,0.05859923740718443,0.05679309652819586,0.05458559100943207,0.04394942805538832,0.042544651816175,0.03732691149909693,0.02789484246437889,0.019666867348986556,0.011037527593818985,0.006221151916516155,0.8847891516339078,0.035618957414891225,0.0,0.0,0.0,0.0,0.0,0.0,0.0,0.0,0.0,0.0,0.0,0.0,0.0,0.0,0.0,0.0,0.0,0.0,0.0,0.0,0.0,0.012040939193257078,0.04816375677302831,0.37326911499096815,1.541240216736906,6.616496086694764,12.341962673088505,6.748946417820592,1.7579771222155332,0.559903672486454,4.294135707706478,2.836135633877193,2.6666666666666665,3.091206165165235,0.6210019543352877,4.372659176029963,2.8952285935971176,4.216053108026554,2.777686435799136,0.9641851647478287,0.4116,0.02304,0.0,0.0,0.0,0.0,0.0,0.0,0.0,0.0,0.0,0.0,0.6983744732089104,8.657435279951823,15.472606863335344,4.960866947621916,0.21071643588199884,0.0,0.0,0.0,0.0,0.0,0.0,0.0,0.0,0.0,0.0,0.0,0.0,0.0,0.0,0.0,nan,nan,4.292638036809816,2.8368101476425815,nan,0.4116,0.1074,0.0,0.0,0.0,0.0,0.0,0.0,0.0,7.023881196066627e-05,1.0034115994380895e-05,0.0008930363234998997,0.001244230383303231,0.0009933774834437086,0.007776439895645194,6.020469596628537e-05,0.0021473008227975115,0.0018362432269717038,1.0034115994380895e-05,0.00594019666867349,0.0012843668472807546,0.0009833433674493277,0.00024081878386514148,0.000571944611679711,0.01615492675095324,0.018904274533413607,0.00862933975516757,0.021212121212121213,0.010405378286172988,0.023138671483042345,0.011890427453341361,0.014679911699779249,0.025938189845474614,0.021794099939795305,0.017569737106160947,0.024252458358418622,0.01870359221352599,0.0452739313666466,0.03373469797310857,0.038410596026490065,0.04375877985149508,0.03508930363234999,0.014659843467790487,0.031677704194260484,0.02163355408388521,0.02262693156732892,0.02020870961268312,0.031105759582580775,0.07587798514950833,0.04809351796106763,0.043357415211719846,0.042002809552478426,0.02120208709612683,0.017118201886413806,0.01108769817379089,0.020479630744531407,0.0224262492474413,0.010836845273931367,0.026189042745334137,0.018111579369857515,0.00190648203893237,0.008458759783263095,0.005247842665061208,0.0016756973710616095,0.0037828617298815976,0.0025285972305839855,0.0192755368252057,0.0012743327312863737,0.00013044350792695164,0.000762592815572948,0.0,0.0002107164358819988,0.0022677102147300823,0.0,5.0170579971904475e-05,0.0,0.00013044350792695164,0.0,0.0,0.0,0.0,0.0,0.0,0.0,0.0,0.0,0.0,0.0,0.0,0.0,0.0,0.0,0.0,0.0,0.0,0.0,0.0,0.0,0.0,0.0,0.0,0.0,0.0,nan,nan,4.292638036809816,2.8368101476425815,nan,0.8841628638950325,0.03458904600871058,0.0,0.0,0.0,0.0,0.0,0.0,0.0,0.0,0.0,0.0,0.0,0.0,0.0,0.0,0.0,0.0,0.0,0.0,0.0,0.0,0.0,0.023668639053254444,0.059171597633136105,0.34319526627218827,1.5621301775147933,6.366863905325445,13.065088757396452,6.532544378698226,1.597633136094675,0.4497041420118344,0.8854376971478166,0.03664370524267461,0.0,0.0,0.0,0.0,0.0,0.0,0.0,0.0,0.0,0.0,0.0,0.0,0.0,0.0,0.0,0.0,0.0,0.0,0.0,0.0,0.0,0.0,0.03676470588235295,0.4044117647058811,1.5196078431372553,6.875000000000002,11.593137254901963,6.973039215686276,1.9240196078431375,0.6740196078431374,0.4116,0.02318,0.0,0.0,0.0,0.0,0.0,0.0,0.0,0.0,0.0,0.0,0.7810650887573967,8.568047337278093,15.431952662721896,5.0177514792899425,0.20118343195266278,0.0,0.0,0.0,0.0,0.0,0.0,0.0,0.0,0.0,0.0,0.0,0.0,0.0,0.0,0.0,0.4116,0.02289,0.0,0.0,0.0,0.0,0.0,0.0,0.0,0.0,0.0,0.0,0.6127450980392157,8.749999999999988,15.514705882352944,4.901960784313726,0.2205882352941177,0.0,0.0,0.0,0.0,0.0,0.0,0.0,0.0,0.0,0.0,0.0,0.0,0.0,0.0,0.0
14700,4843,2495,0.5151765434647946,1173,975,0.44352673962419986,1374,0.5674168903572167,0.43799999999999994,2.9663543441226574,3.066993460992775,6.486803519061583,2.099567485019674,6649.800000000001,9.094947017729282e-13,6649.8,6649.8,6649.800000000001,9.094947017729282e-13,6649.800000000001,9.094947017729282e-13,27.869915341730334,20.666581419847105,32.53621068032187,19.01833630998005,0.13462729712987817,0.09580838323353294,0.10262234152384886,0.09188519512698741,0.07619244270080529,0.07619244270080529,0.06917200082593433,0.059673755936403054,0.06256452612017345,0.056782985752632666,0.046045839355771216,0.04026429898823044,0.031591988436919266,0.021267809209167873,0.0163122031798472,0.011976047904191617,0.007020441874870948,0.8846681412280948,0.03479619603211876,0.0,0.0,0.0,0.0,0.0,0.0,0.0,0.0,0.0,0.0,0.0,0.0,0.0,0.0,0.0,0.0,0.0,0.0,0.0,0.0,0.0,0.006194507536650838,0.05575056782985754,0.3345034069791441,1.3565971505265335,6.752013214949413,12.506710716498041,6.634317571753047,1.833574230848648,0.5203386330786703,4.275208734746307,2.84626123030053,nan,nan,nan,4.264367816091954,2.8320993170429425,4.285067873303167,2.8610670445486353,1.0048541913136808,0.4097,0.02385,0.0,0.0,0.0,0.0,0.0,0.0,0.0,0.0,0.0,0.02477803014660335,1.1212058641338016,9.236010737146383,14.730538922155691,4.701631220317985,0.18583522609952513,0.0,0.0,0.0,0.0,0.0,0.0,0.0,0.0,0.0,0.0,0.0,0.0,0.0,0.0,0.0,nan,nan,4.275208734746307,2.84626123030053,nan,0.4097,0.10754,0.0,0.0,0.0,0.0,0.0,0.0,0.0,9.291761304976254e-05,0.0,0.0007639892628536031,0.0009085277720421226,0.0008465826966756142,0.007825727854635556,3.0972537683254184e-05,0.0026326657030766054,0.0020751600247780303,0.0,0.005285979764608714,0.0013214949411521784,0.0011046871773693991,0.00046458806524881275,0.0006917200082593433,0.017241379310344827,0.0203696056163535,0.009240140408837498,0.022930002064835846,0.009415651455709271,0.02193888085897171,0.012254800743340904,0.01415444972124716,0.026326657030766053,0.02333264505471815,0.01887259962832955,0.025800123890150732,0.017974396035515178,0.04586000412967169,0.03646500103241792,0.03944868882923808,0.04579805905430518,0.03502994011976048,0.01362791658063184,0.030549246334916375,0.021546562048317158,0.020534792483997522,0.020937435473879825,0.028876729300020648,0.07647119553995457,0.04674788354325831,0.040615321081973986,0.041090233326450544,0.020989056370018584,0.016126367953747677,0.010695849679950444,0.02001858352260995,0.023518480280817676,0.011728267602725584,0.025820772248606235,0.016766467065868262,0.0021267809209167873,0.00800123890150733,0.004842040057815404,0.0017138137518067315,0.004728474086310139,0.002405533760066075,0.01843898410076399,0.0013834400165186867,7.226925459425976e-05,0.0006400991121205865,0.0,0.00024778030146603347,0.001992566590956019,0.0,0.00011356597150526533,0.0,0.0001342143299607681,0.0,0.0,0.0,0.0,0.0,0.0,0.0,0.0,0.0,0.0,0.0,0.0,0.0,0.0,0.0,0.0,0.0,0.0,0.0,0.0,0.0,0.0,0.0,0.0,0.0,0.0,nan,nan,4.275208734746307,2.84626123030053,nan,0.8857501304221297,0.03468631486244906,0.0,0.0,0.0,0.0,0.0,0.0,0.0,0.0,0.0,0.0,0.0,0.0,0.0,0.0,0.0,0.0,0.0,0.0,0.0,0.0,0.0,0.0,0.04809619238476955,0.34869739478957806,1.1903807615230462,6.408817635270543,12.565130260521045,6.985971943887777,1.9358717434869743,0.5170340681362726,0.8835184125061539,0.03487581105604254,0.0,0.0,0.0,0.0,0.0,0.0,0.0,0.0,0.0,0.0,0.0,0.0,0.0,0.0,0.0,0.0,0.0,0.0,0.0,0.0,0.0,0.012776831345826238,0.06388415672913118,0.31942078364565485,1.5332197614991485,7.116695059625214,12.444633730834756,6.260647359454857,1.7248722316865421,0.5238500851788758,0.41,0.02412,0.0,0.0,0.0,0.0,0.0,0.0,0.0,0.0,0.0,0.04809619238476955,1.214428857715431,8.897795591182351,14.789579158316636,4.821643286573147,0.22845691382765534,0.0,0.0,0.0,0.0,0.0,0.0,0.0,0.0,0.0,0.0,0.0,0.0,0.0,0.0,0.0,0.4092,0.02354,0.0,0.0,0.0,0.0,0.0,0.0,0.0,0.0,0.0,0.0,1.022146507666099,9.59540034071549,14.667802385008521,4.574105621805793,0.1405451448040886,0.0,0.0,0.0,0.0,0.0,0.0,0.0,0.0,0.0,0.0,0.0,0.0,0.0,0.0,0.0
14800,4785,2449,0.5118077324973876,1146,981,0.4445141065830721,1371,0.5730407523510972,0.45799999999999996,3.079623287671233,3.1114562719184122,6.693452380952381,1.9883781342781064,6649.800000000002,1.8189894035458565e-12,6649.8,6649.8,6649.800000000001,9.094947017729282e-13,6649.800000000001,9.094947017729282e-13,28.05203761755486,20.884966533168875,32.84851485148515,19.18986228783357,0.1341692789968652,0.10261233019853709,0.09153605015673981,0.090282131661442,0.08171368861024034,0.07565308254963428,0.07126436781609195,0.061442006269592474,0.055590386624869384,0.052664576802507836,0.047021943573667714,0.0367816091954023,0.03531870428422153,0.025914315569487985,0.02089864158829676,0.011076280041797283,0.006060606060606061,0.8845578538088464,0.035291211086464186,0.0,0.0,0.0,0.0,0.0,0.0,0.0,0.0,0.0,0.0,0.0,0.0,0.0,0.0,0.0,0.0,0.0,0.0,0.0,0.0,0.0,0.0,0.04388714733542321,0.30721003134796143,1.6489028213166148,6.482758620689657,12.432601880877746,6.78369905956113,1.68025078369906,0.6206896551724139,4.4207119741100325,2.8507124206749794,nan,nan,nan,4.512605042016807,2.925547170262394,4.327060350421804,2.771548409505872,0.9588830199258747,0.4097,0.02379,0.0,0.0,0.0,0.0,0.0,0.0,0.0,0.0,0.0,0.02507836990595612,1.1034482758620692,8.978056426332275,14.9153605015674,4.77742946708464,0.20062695924764895,0.0,0.0,0.0,0.0,0.0,0.0,0.0,0.0,0.0,0.0,0.0,0.0,0.0,0.0,0.0,nan,nan,4.4207119741100325,2.8507124206749794,nan,0.4097,0.10724,0.0,0.0,0.0,0.0,0.0,0.0,0.0,0.00012539184952978057,0.0,0.001013584117032393,0.0009508881922675026,0.00043887147335423197,0.007168234064785789,0.0001044932079414838,0.0030303030303030303,0.002142110762800418,0.00012539184952978057,0.005579937304075235,0.0012748171368861024,0.000794148380355277,0.0005120167189132706,0.0005015673981191223,0.014576802507836991,0.01956112852664577,0.010992685475444096,0.023019853709508882,0.008756530825496343,0.020407523510971786,0.01148380355276907,0.014869383490073145,0.02709508881922675,0.023510971786833857,0.01884012539184953,0.026227795193312434,0.018610240334378265,0.046165099268547546,0.03591431556948798,0.041650992685475445,0.04827586206896552,0.03553814002089864,0.013803552769070011,0.030919540229885058,0.024723092998955067,0.018975966562173457,0.022601880877742946,0.026812957157784745,0.07521421107628004,0.04727272727272727,0.04049111807732497,0.03910135841170324,0.02043887147335423,0.014952978056426333,0.012476489028213167,0.01804597701149425,0.021630094043887146,0.011337513061650992,0.026980146290491117,0.016112852664576804,0.002601880877742947,0.0077429467084639495,0.004618599791013584,0.0011285266457680251,0.0056217345872518285,0.0025391849529780566,0.01955067920585162,0.0014629049111807733,5.22466039707419e-05,0.0005433646812957158,6.269592476489028e-05,0.0003761755485893417,0.0022884012539184954,0.0,5.22466039707419e-05,0.0,0.0002089864158829676,0.0,0.0,0.0,0.0,0.0,0.0,0.0,0.0,0.0,0.0,0.0,0.0,0.0,0.0,0.0,0.0,0.0,0.0,0.0,0.0,0.0,0.0,0.0,0.0,0.0,0.0,nan,nan,4.4207119741100325,2.8507124206749794,nan,0.8843616090681466,0.03629588256734885,0.0,0.0,0.0,0.0,0.0,0.0,0.0,0.0,0.0,0.0,0.0,0.0,0.0,0.0,0.0,0.0,0.0,0.0,0.0,0.0,0.0,0.0,0.03674969375255207,0.37974683544303683,1.7762351980400166,6.4066966108615775,12.311147407104944,6.663944467129442,1.7027358105349126,0.7227439771335241,0.8847635915528421,0.03420506228069256,0.0,0.0,0.0,0.0,0.0,0.0,0.0,0.0,0.0,0.0,0.0,0.0,0.0,0.0,0.0,0.0,0.0,0.0,0.0,0.0,0.0,0.0,0.05136986301369864,0.2311643835616431,1.51541095890411,6.562500000000002,12.559931506849319,6.9092465753424674,1.6566780821917813,0.5136986301369864,0.4097,0.02406,0.0,0.0,0.0,0.0,0.0,0.0,0.0,0.0,0.0,0.03674969375255207,1.2004899959167008,8.795426704777446,14.96937525520621,4.765210289914251,0.23274806043282978,0.0,0.0,0.0,0.0,0.0,0.0,0.0,0.0,0.0,0.0,0.0,0.0,0.0,0.0,0.0,0.41,0.02348,0.0,0.0,0.0,0.0,0.0,0.0,0.0,0.0,0.0,0.01284246575342466,1.0017123287671235,9.169520547945194,14.858732876712331,4.790239726027398,0.1669520547945206,0.0,0.0,0.0,0.0,0.0,0.0,0.0,0.0,0.0,0.0,0.0,0.0,0.0,0.0,0.0
14900,4869,2466,0.5064695009242144,1125,1051,0.44690901622509754,1386,0.5693160813308688,0.46199999999999997,3.0607573866000832,3.1287485663056316,6.761619190404797,2.0689383567302264,6649.800000000002,1.8189894035458565e-12,6649.8,6649.8,6649.800000000002,1.8189894035458565e-12,6649.800000000002,1.8189894035458565e-12,27.515095502156502,20.863915399562,32.63566847557968,19.119072802555326,0.14623125898541794,0.10269049086054631,0.0860546313411378,0.08954610803039638,0.08276853563360033,0.08194701170671596,0.06633805709591292,0.06387348531525981,0.05504210310125282,0.05093448346683097,0.04251386321626617,0.04436229205175601,0.026904908605463133,0.022386527007599095,0.014992811665639762,0.01622509755596632,0.007188334360238242,0.8875147352769013,0.03538086902101289,0.0,0.0,0.0,0.0,0.0,0.0,0.0,0.0,0.0,0.0,0.0,0.0,0.0,0.0,0.0,0.0,0.0,0.0,0.0,0.0,0.00616142945163278,0.00616142945163278,0.036968576709796676,0.36352433764633285,1.3431916204559462,5.502156500308073,12.507701786814543,7.75723967960567,1.81762168823167,0.6592729513247075,4.397821909032672,2.8821561740678288,1.0,0.0,0.22738528769118715,4.350297422339723,2.897493317602622,4.4381603480422624,2.8668501320605495,1.0201969927967096,0.4114,0.0233,0.0,0.0,0.0,0.0,0.0,0.0,0.0,0.0,0.0,0.018484288354898338,0.8317929759704253,8.638324091189144,15.212569316081334,5.064695009242146,0.23413431916204563,0.0,0.0,0.0,0.0,0.0,0.0,0.0,0.0,0.0,0.0,0.0,0.0,0.0,0.0,0.0,nan,nan,4.39673390970221,2.8823358530646597,nan,0.4114,0.10706,0.0,0.0,0.0,0.0,0.0,0.0,0.0,0.00012322858903265557,0.0,0.0009652906140891354,0.00031834052166769354,0.0004313000616142945,0.007475867734647771,4.1076196344218524e-05,0.0024851098788252206,0.0012836311357568289,0.0003286095707537482,0.0048675292667898955,0.0014992811665639762,0.001643047853768741,0.0004621072088724584,0.0002567262271513658,0.014202094886013554,0.017590881084411585,0.01000205380981721,0.024563565413842678,0.008143355925241322,0.019747381392483054,0.010525775313205997,0.015249537892791128,0.028465804066543438,0.022920517560073937,0.019018278907373176,0.025662353666050523,0.01776545491887451,0.04632368042719244,0.0366913123844732,0.04346888478126926,0.04919901417128774,0.03461696446909016,0.014417744916820702,0.03245019511193264,0.02390634627233518,0.019131238447319777,0.02532347504621072,0.025446703635243376,0.07235571986034094,0.047021975765044154,0.04104538919696036,0.0376874101458205,0.018545902649414664,0.017015814335592523,0.013729718628055042,0.017087697679194908,0.021226124460874924,0.01143972068186486,0.027028137194495788,0.016440747586773465,0.0031936742657629903,0.008502772643253234,0.0044054220579174365,0.0009344834668309714,0.00627438899157938,0.0029677551858697886,0.020168412405011295,0.0018586978845758883,1.0269049086054631e-05,0.0008934072704867529,7.188334360238242e-05,0.0004313000616142945,0.0020948860135551447,0.0,3.080714725816389e-05,0.0,0.00044156911070034917,0.0,8.215239268843705e-05,0.0,0.0,0.0,0.0,0.0,0.0,0.0,0.0,0.0,0.0,0.0,0.0,0.0,0.0,0.0,0.0,0.0,0.0,0.0,0.0,0.0,0.0,0.0,0.0,nan,nan,4.39673390970221,2.8823358530646597,nan,0.8874546836665851,0.03582315944047298,0.0,0.0,0.0,0.0,0.0,0.0,0.0,0.0,0.0,0.0,0.0,0.0,0.0,0.0,0.0,0.0,0.0,0.0,0.0,0.0,0.0,0.012165450121654504,0.03649635036496351,0.34063260340632495,1.4598540145985406,5.583941605839417,12.274939172749395,7.688564476885646,1.9099756690997571,0.6934306569343067,0.8875763612740049,0.03492105208992381,0.0,0.0,0.0,0.0,0.0,0.0,0.0,0.0,0.0,0.0,0.0,0.0,0.0,0.0,0.0,0.0,0.0,0.0,0.0,0.0,0.01248439450686642,0.0,0.03745318352059926,0.38701622971285776,1.223470661672909,5.418227215980027,12.746566791510615,7.827715355805245,1.722846441947566,0.6242197253433209,0.4111,0.02373,0.0,0.0,0.0,0.0,0.0,0.0,0.0,0.0,0.0,0.024330900243309007,0.8880778588807787,8.807785888077845,14.817518248175185,5.243309002433091,0.21897810218978106,0.0,0.0,0.0,0.0,0.0,0.0,0.0,0.0,0.0,0.0,0.0,0.0,0.0,0.0,0.0,0.4114,0.02286,0.0,0.0,0.0,0.0,0.0,0.0,0.0,0.0,0.0,0.01248439450686642,0.7740324594257181,8.464419475655419,15.61797752808989,4.88139825218477,0.2496878901373284,0.0,0.0,0.0,0.0,0.0,0.0,0.0,0.0,0.0,0.0,0.0,0.0,0.0,0.0,0.0
15000,4766,2387,0.5008392782207302,1114,992,0.4418799832144356,1359,0.5702895509861519,0.43799999999999994,2.968053804119378,3.0106698368266684,6.307801418439716,2.1358829264402535,6649.800000000001,9.094947017729282e-13,6649.8,6649.8,6649.800000000001,9.094947017729282e-13,6649.800000000001,9.094947017729282e-13,28.130717582878724,20.911146090831952,33.07486897928625,19.13155394115172,0.13932018464120857,0.09483843894250944,0.0960973562736047,0.09148132605958875,0.07847251363827108,0.0702895509861519,0.06525388166177087,0.06714225765841376,0.05791019723038187,0.05434326479227864,0.04699958036088964,0.042383550146873686,0.03441040704993705,0.02643726395300042,0.017624842635333614,0.01049097775912715,0.006504406210658833,0.8881135807785726,0.035643784244335876,0.0,0.0,0.0,0.0,0.0,0.0,0.0,0.0,0.0,0.0,0.0,0.0,0.0,0.0,0.0,0.0,0.0,0.0,0.0,0.0,0.012589173310952584,0.025178346621905167,0.06924045321023921,0.2203105329416695,1.252622744439782,5.94208980276962,11.972303818715908,7.830465799412507,2.0016785564414605,0.6735207721359633,4.2572451970042335,2.7423126795501593,2.625,1.8666480653835098,0.6165959155575952,4.160469667318982,2.733728408655352,4.344760672703751,2.746424532215862,1.0442957214259723,0.4124,0.02386,0.0,0.0,0.0,0.0,0.0,0.0,0.0,0.0,0.0,0.006294586655476292,0.8875367184221571,8.113722198908926,15.17624842635334,5.526647083508185,0.2895509861519094,0.0,0.0,0.0,0.0,0.0,0.0,0.0,0.0,0.0,0.0,0.0,0.0,0.0,0.0,0.0,nan,nan,4.253004222150048,2.7416595130795036,nan,0.4124,0.10767,0.0,0.0,0.0,0.0,0.0,0.0,0.0,0.00013638271086865295,0.0,0.0009651699538396979,0.00022031053294167016,0.0007973143096936634,0.0070919009651699534,0.0,0.0022660511959714646,0.0009546789760805707,0.0004720939991607218,0.004920268569030634,0.0016890474192194711,0.0019093579521611414,0.0002727654217373059,0.0006609315988250105,0.012819974821653379,0.01860050356693244,0.01119387326898867,0.023961393201846412,0.007186319765002098,0.02017415023080151,0.011382710868652958,0.013973982375157365,0.02812631137221989,0.021831724716743602,0.018527066722618547,0.02651070079731431,0.018096936634494337,0.04573017205203525,0.03483004616030214,0.04259336970205623,0.05045111204364247,0.035092320604280317,0.014687368862778011,0.030686109945446915,0.022513638271086864,0.01823331934536299,0.026531682752832565,0.024758707511540076,0.07342635333613093,0.048814519513218635,0.040222408728493496,0.038313050776332354,0.020898027696181286,0.016072177926982796,0.013050776332354175,0.016554762903902644,0.02058329836340747,0.011655476290390264,0.02665757448594209,0.016733109525807807,0.00353545950482585,0.008791439362148552,0.004532102391942929,0.0006084767100293748,0.006808644565673521,0.0041334452370960974,0.021737305916911455,0.002591271506504406,2.09819555182543e-05,0.0005979857322702476,0.0,0.0003986571548468317,0.00180444817456987,1.049097775912715e-05,0.0,0.0,0.0004511120436424675,0.0,0.0001468736886277801,0.0,0.0,0.0,0.0,0.0,0.0,0.0,0.0,0.0,0.0,0.0,0.0,0.0,0.0,0.0,0.0,0.0,0.0,0.0,0.0,0.0,0.0,0.0,0.0,nan,nan,4.253004222150048,2.7416595130795036,nan,0.8879424706881747,0.03615954327376664,0.0,0.0,0.0,0.0,0.0,0.0,0.0,0.0,0.0,0.0,0.0,0.0,0.0,0.0,0.0,0.0,0.0,0.0,0.0,0.0,0.01256807708420612,0.01256807708420612,0.07540846250523671,0.23879346459991546,1.2442396313364057,6.158357771260999,11.964809384164226,7.4277335567658165,2.098868873062422,0.7666527021365733,0.8882852662707037,0.03511784096437934,0.0,0.0,0.0,0.0,0.0,0.0,0.0,0.0,0.0,0.0,0.0,0.0,0.0,0.0,0.0,0.0,0.0,0.0,0.0,0.0,0.012610340479192942,0.03783102143757882,0.0630517023959647,0.2017654476670864,1.261034047919294,5.7250945775535955,11.979823455233294,8.23455233291299,1.904161412358134,0.5800756620428753,0.412,0.0237,0.0,0.0,0.0,0.0,0.0,0.0,0.0,0.0,0.0,0.0,0.9049015500628406,8.30749895266023,15.056556346878931,5.467113531629662,0.2639296187683285,0.0,0.0,0.0,0.0,0.0,0.0,0.0,0.0,0.0,0.0,0.0,0.0,0.0,0.0,0.0,0.4126,0.02403,0.0,0.0,0.0,0.0,0.0,0.0,0.0,0.0,0.0,0.012610340479192942,0.870113493064313,7.919293820933155,15.296343001261038,5.586380832282473,0.3152585119798235,0.0,0.0,0.0,0.0,0.0,0.0,0.0,0.0,0.0,0.0,0.0,0.0,0.0,0.0,0.0
15100,4573,2314,0.5060135578394926,1057,943,0.4373496610540127,1313,0.5742401049639186,0.45399999999999996,2.9517485613103145,3.0399247294727605,6.485407066052227,1.9622439923727408,6649.800000000001,9.094947017729282e-13,6649.8,6649.8,6649.800000000001,9.094947017729282e-13,6649.800000000001,9.094947017729282e-13,27.88978788541439,20.8876936843487,32.81754294638209,19.152441271665744,0.1414826153509731,0.09840367373715285,0.09534222610977476,0.08812595670238356,0.07347474305707413,0.07894161382024929,0.069319921277061,0.06122895254756178,0.06101027771703477,0.050513885851738466,0.04898316203804942,0.03936146949486114,0.03367592390115898,0.025147605510605728,0.01902471025584955,0.008746993221080253,0.007216269407391209,0.888128805950385,0.03416956786276669,0.0,0.0,0.0,0.0,0.0,0.0,0.0,0.0,0.0,0.0,0.0,0.0,0.0,0.0,0.0,0.0,0.0,0.0,0.0,0.0,0.006560244915810191,0.013120489831620383,0.03936146949486115,0.19024710255849492,1.3448502077410893,5.530286464027992,12.569429258692328,7.85917340914061,1.9024710255849555,0.5445003280122459,4.324777549623546,2.800874148858487,5.2,2.1354156504062622,1.202373981166416,4.432744565217392,2.7842898887782987,4.218707015130674,2.812877047223733,0.9517144408080233,0.4124,0.02292,0.0,0.0,0.0,0.0,0.0,0.0,0.0,0.0,0.0,0.0,0.7085064509075008,8.069101246446523,15.652744369123116,5.307238136890445,0.25584955171659746,0.006560244915810191,0.0,0.0,0.0,0.0,0.0,0.0,0.0,0.0,0.0,0.0,0.0,0.0,0.0,0.0,nan,nan,4.326272634096345,2.800105520147842,nan,0.4124,0.10834,0.0,0.0,0.0,0.0,0.0,0.0,0.0,0.00015307238136890445,0.0,0.0011480428602667833,8.746993221080254e-05,0.0010168379619505796,0.005543406953859611,0.0,0.002514760551060573,0.0012027115678985348,0.0007653619068445222,0.00518259348349005,0.0017384649026897004,0.0023726219112180187,0.00020774108900065602,0.0009184342882134266,0.013175158539252132,0.01957139733216707,0.010890006560244915,0.024644653400393613,0.007445877979444566,0.02243603761207085,0.011600699759457687,0.012497266564618413,0.029050951235512792,0.021976820467964137,0.018346818281215833,0.025989503608134703,0.01858736059479554,0.04259785698666083,0.033883664990159636,0.042575989503608136,0.046599606385305054,0.03707631751585393,0.01578832276404986,0.02992565055762082,0.024261972446971352,0.017231576645528098,0.026984474087032584,0.021277061010277716,0.07563962387929149,0.049584517821998686,0.041417012901815,0.035512792477585826,0.01936365624316641,0.015471244259785698,0.013667176907937896,0.019123113929586703,0.019330855018587362,0.011108681390771922,0.026579925650557622,0.019505794883008964,0.0029521102121145854,0.008845396894817406,0.004023616881696917,0.0003280122457905095,0.007773890225235076,0.004504701508856331,0.022162694073912092,0.0019024710255849551,7.653619068445222e-05,0.0010168379619505796,1.0933741526350318e-05,0.0005029521102121146,0.0017165974196369999,0.0,0.0,0.0,0.0005466870763175158,0.0,6.56024491581019e-05,0.0,0.0,0.0,0.0,0.0,0.0,0.0,0.0,0.0,0.0,0.0,0.0,0.0,0.0,0.0,0.0,0.0,0.0,0.0,0.0,0.0,0.0,0.0,0.0,nan,nan,4.326272634096345,2.800105520147842,nan,0.8886482494600704,0.03453826812742351,0.0,0.0,0.0,0.0,0.0,0.0,0.0,0.0,0.0,0.0,0.0,0.0,0.0,0.0,0.0,0.0,0.0,0.0,0.0,0.0,0.012964563526361283,0.0,0.05185825410544513,0.2333621434745023,1.3223854796888506,5.289541918755402,12.458945548833192,8.076923076923078,2.0095073465859987,0.5445116681071738,0.8875967155203666,0.03377943879488675,0.0,0.0,0.0,0.0,0.0,0.0,0.0,0.0,0.0,0.0,0.0,0.0,0.0,0.0,0.0,0.0,0.0,0.0,0.0,0.0,0.0,0.026560424966799476,0.026560424966799476,0.14608233731739662,1.367861885790173,5.776892430278886,12.68260292164675,7.6361221779548485,1.7928286852589645,0.5444887118193892,0.4124,0.023,0.0,0.0,0.0,0.0,0.0,0.0,0.0,0.0,0.0,0.0,0.7389801210025931,8.038029386343982,15.700086430423513,5.250648228176319,0.2592912705272256,0.012964563526361283,0.0,0.0,0.0,0.0,0.0,0.0,0.0,0.0,0.0,0.0,0.0,0.0,0.0,0.0,0.4124,0.02283,0.0,0.0,0.0,0.0,0.0,0.0,0.0,0.0,0.0,0.0,0.6772908366533865,8.100929614873827,15.604249667994692,5.365205843293493,0.252324037184595,0.0,0.0,0.0,0.0,0.0,0.0,0.0,0.0,0.0,0.0,0.0,0.0,0.0,0.0,0.0
15200,4581,2257,0.49268718620388563,1054,995,0.4472822527832351,1298,0.5666884959615804,0.44999999999999996,2.8515490533562824,3.0039979401674173,6.420245398773006,2.002625868510465,6649.800000000001,9.094947017729282e-13,6649.8,6649.8,6649.800000000002,1.8189894035458565e-12,6649.800000000001,9.094947017729282e-13,27.67037764680201,20.66710115439229,32.51232805606021,18.96517403605461,0.13490504256712507,0.10892818161973368,0.09059157389216328,0.09277450338354071,0.07989521938441388,0.06854398602925126,0.07400130975769482,0.06134031870770574,0.06330495524994542,0.04671469111547697,0.04911591355599214,0.03885614494651823,0.030997598777559483,0.030124426981008513,0.015498799388779742,0.0091683038637852,0.005239030779305829,0.8876435744973203,0.035952774772745076,0.0,0.0,0.0,0.0,0.0,0.0,0.0,0.0,0.0,0.0,0.0,0.0,0.0,0.0,0.0,0.0,0.0,0.0,0.0,0.0,0.0,0.013097576948264574,0.058939096267190585,0.33398821218074554,1.4145383104125742,5.736738703339884,12.154551407989524,7.583497053045188,2.056319580877538,0.6483300589390963,4.329268292682927,2.837870065854824,6.0,2.0,1.3859154929577466,4.330326162387231,2.807589192907367,4.330469266358229,2.8661210625205134,1.0000330469266359,0.4128,0.02342,0.0,0.0,0.0,0.0,0.0,0.0,0.0,0.0,0.0,0.01964636542239686,0.7138179436804193,8.107400130975758,15.37655533726261,5.46823837590046,0.31434184675834975,0.0,0.0,0.0,0.0,0.0,0.0,0.0,0.0,0.0,0.0,0.0,0.0,0.0,0.0,0.0,nan,nan,4.330399458361543,2.8377192755350387,nan,0.4128,0.1081,0.0,0.0,0.0,0.0,0.0,0.0,0.0,0.00010914647456887143,0.0,0.0007312813796114386,0.00010914647456887143,0.0011023793931456015,0.005555555555555556,0.0,0.002313905260860074,0.0007531106745252128,0.0008950010914647457,0.00519537218947828,0.00221567343374809,0.002695917921851124,0.0001309757694826457,0.0009604889762060686,0.012093429382230955,0.01902423051735429,0.012475442043222004,0.023815760750927745,0.006745252128356254,0.02327002837808339,0.011449465182274613,0.011198428290766208,0.03029906134031871,0.024241432001746343,0.017365204103907444,0.025081859855926654,0.019013315869897403,0.04186858764461908,0.03279851560794586,0.04332023575638507,0.04721676489849378,0.036160227024667105,0.015247762497271338,0.030932110892818162,0.023761187513643308,0.01572800698537437,0.027755948482864005,0.022778869242523467,0.07361929709670377,0.04934512115258677,0.04298188168522157,0.03572364112639162,0.02001746343593102,0.01642654442261515,0.012115258677144728,0.01955904824274176,0.021098013534162848,0.010816415629775158,0.026620825147347742,0.018587644619078802,0.00343811394891945,0.00848068107400131,0.004365858982754857,0.0007640253219820999,0.007214581969002401,0.004595066579349487,0.021480026195153896,0.002008295132067234,2.1829294913774286e-05,0.001615367823619297,0.0,0.00029469548133595285,0.0017245142981881685,0.0,0.0,1.0914647456887143e-05,0.0004365858982754857,0.0,0.00022920759659463,0.0,0.0,0.0,0.0,0.0,0.0,0.0,0.0,0.0,0.0,0.0,0.0,0.0,0.0,0.0,0.0,0.0,0.0,0.0,0.0,0.0,0.0,0.0,0.0,nan,nan,4.330399458361543,2.8377192755350387,nan,0.8873097426763509,0.03529481936316495,0.0,0.0,0.0,0.0,0.0,0.0,0.0,0.0,0.0,0.0,0.0,0.0,0.0,0.0,0.0,0.0,0.0,0.0,0.0,0.0,0.0,0.013291980505095263,0.026583961010190525,0.30571555161719,1.4222419140451932,5.848471422241916,12.20203810367745,7.749224634470537,1.8077093486929556,0.6247230837394773,0.887967782079045,0.03657751967795782,0.0,0.0,0.0,0.0,0.0,0.0,0.0,0.0,0.0,0.0,0.0,0.0,0.0,0.0,0.0,0.0,0.0,0.0,0.0,0.0,0.0,0.012908777969018936,0.09036144578313256,0.361445783132529,1.407056798623064,5.628227194492256,12.108433734939762,7.422547332185888,2.2977624784853705,0.6712564543889847,0.4124,0.02303,0.0,0.0,0.0,0.0,0.0,0.0,0.0,0.0,0.0,0.013291980505095263,0.75764288879043,8.108108108108096,15.564909171466551,5.316792202038105,0.2392556490917147,0.0,0.0,0.0,0.0,0.0,0.0,0.0,0.0,0.0,0.0,0.0,0.0,0.0,0.0,0.0,0.4133,0.02379,0.0,0.0,0.0,0.0,0.0,0.0,0.0,0.0,0.0,0.025817555938037872,0.6712564543889847,8.106712564543878,15.193631669535288,5.6153184165232375,0.3872633390705681,0.0,0.0,0.0,0.0,0.0,0.0,0.0,0.0,0.0,0.0,0.0,0.0,0.0,0.0,0.0
15300,4616,2290,0.4961005199306759,1084,979,0.44692374350086655,1330,0.5762564991334489,0.44999999999999996,2.947549441100602,3.0131269862914416,6.426686217008798,2.0286923944154283,6649.800000000001,9.094947017729282e-13,6649.8,6649.8,6649.800000000002,1.8189894035458565e-12,6649.800000000002,1.8189894035458565e-12,28.072573656845755,20.854184937916354,32.97683397683398,19.085527983089328,0.13994800693240902,0.10246967071057192,0.09033795493934142,0.0818890814558059,0.07430675909878683,0.07993934142114385,0.07062391681109186,0.06737435008665511,0.05827556325823224,0.05415944540727903,0.04657712305025997,0.03986135181975736,0.03422876949740035,0.026646447140381283,0.017114384748700175,0.008448873483535528,0.00779896013864818,0.8874041512608528,0.03618805220413087,0.0,0.0,0.0,0.0,0.0,0.0,0.0,0.0,0.0,0.0,0.0,0.0,0.0,0.0,0.0,0.0,0.0,0.0,0.0,0.006499133448873485,0.0,0.006499133448873485,0.07149046793760833,0.31195840554592624,1.5597920277296364,5.621750433275565,12.127383015597923,7.636481802426345,1.930242634315425,0.7279029462738303,4.33822548365577,2.7937220767079904,3.0,3.0,0.6915269875442104,4.335345405767941,2.7777412786429823,4.339297548045063,2.8101255493863735,1.000911609550617,0.412,0.02354,0.0,0.0,0.0,0.0,0.0,0.0,0.0,0.0,0.0,0.0,0.7474003466204509,8.520363951473124,15.220970537261701,5.2253032928942815,0.2794627383015598,0.006499133448873485,0.0,0.0,0.0,0.0,0.0,0.0,0.0,0.0,0.0,0.0,0.0,0.0,0.0,0.0,nan,nan,4.3373333333333335,2.7940781823150345,nan,0.412,0.10803,0.0,0.0,0.0,0.0,0.0,0.0,0.0,0.0002166377816291161,0.0,0.0005307625649913345,3.249566724436742e-05,0.0010181975736568457,0.005654246100519931,0.0,0.002848786828422877,0.0008123916811091854,0.0005849220103986135,0.005762564991334489,0.0021555459272097053,0.0021555459272097053,0.0001949740034662045,0.0008015597920277296,0.012586655112651647,0.01844670710571924,0.013290727902946274,0.025660745233968805,0.00637998266897747,0.020548093587521663,0.012608318890814558,0.010756065857885615,0.032159878682842286,0.025996533795493933,0.0172551993067591,0.024718370883882148,0.020721403812824956,0.040348786828422877,0.030166811091854418,0.04628466204506066,0.048180242634315425,0.033557192374350085,0.014839688041594454,0.03099003466204506,0.022844454072790295,0.017266031195840553,0.028531195840554593,0.022876949740034663,0.07027729636048527,0.049761698440207974,0.04470320623916811,0.035463604852686306,0.020981369150779895,0.017157712305025996,0.010106152512998267,0.01900996533795494,0.02058058925476603,0.012564991334488735,0.026765597920277297,0.01699523396880416,0.003498700173310225,0.008427209705372618,0.004419410745233969,0.0009532062391681109,0.006282495667244367,0.004950173310225303,0.02207538994800693,0.0016031195840554592,4.3327556325823225e-05,0.0018197573656845755,0.0,0.00028162911611785094,0.001169844020797227,0.0,0.0,0.0,0.00022746967071057193,0.0,9.748700173310225e-05,0.0,0.0,0.0,0.0,0.0,0.0,0.0,0.0,0.0,0.0,0.0,0.0,0.0,0.0,0.0,0.0,0.0,0.0,0.0,0.0,0.0,0.0,0.0,0.0,nan,nan,4.3373333333333335,2.7940781823150345,nan,0.8876019019487122,0.036534336469325,0.0,0.0,0.0,0.0,0.0,0.0,0.0,0.0,0.0,0.0,0.0,0.0,0.0,0.0,0.0,0.0,0.0,0.0,0.0,0.0,0.0,0.01310043668122271,0.06550218340611355,0.39301310043668,1.5327510917030571,5.515283842794761,11.868995633187776,7.938864628820962,1.9519650655021838,0.7205240174672491,0.887209461202728,0.035842793639405984,0.0,0.0,0.0,0.0,0.0,0.0,0.0,0.0,0.0,0.0,0.0,0.0,0.0,0.0,0.0,0.0,0.0,0.0,0.0,0.012897678417884783,0.0,0.0,0.0773860705073087,0.2321582115219253,1.5864144453998283,5.7265692175408445,12.381771281169392,7.3387790197764415,1.908856405846948,0.7351676698194327,0.4119,0.02371,0.0,0.0,0.0,0.0,0.0,0.0,0.0,0.0,0.0,0.0,0.7860262008733626,8.67248908296942,15.117903930131007,5.122270742358079,0.2882096069868996,0.01310043668122271,0.0,0.0,0.0,0.0,0.0,0.0,0.0,0.0,0.0,0.0,0.0,0.0,0.0,0.0,0.4124,0.02339,0.0,0.0,0.0,0.0,0.0,0.0,0.0,0.0,0.0,0.0,0.7093723129836631,8.370593293207211,15.322441960447122,5.326741186586416,0.2708512467755804,0.0,0.0,0.0,0.0,0.0,0.0,0.0,0.0,0.0,0.0,0.0,0.0,0.0,0.0,0.0
15400,4540,2350,0.5176211453744494,1107,922,0.4469162995594714,1253,0.5519823788546255,0.478,2.9438356164383563,3.0793235766760567,6.659359190556493,2.0422149122654254,6649.800000000002,1.8189894035458565e-12,6649.8,6649.8,6649.800000000002,1.8189894035458565e-12,6649.800000000002,1.8189894035458565e-12,27.362995594713656,20.506922562021302,32.37562648377737,18.72689719145105,0.1433920704845815,0.10088105726872247,0.0920704845814978,0.0881057268722467,0.08942731277533039,0.06938325991189427,0.06784140969162995,0.06784140969162995,0.05991189427312775,0.051541850220264314,0.04537444933920705,0.039647577092511016,0.02643171806167401,0.02643171806167401,0.018061674008810574,0.009030837004405287,0.004625550660792952,0.8880479034348207,0.03572158012842599,0.0,0.0,0.0,0.0,0.0,0.0,0.0,0.0,0.0,0.0,0.0,0.0,0.0,0.0,0.0,0.0,0.0,0.0,0.0,0.0,0.0,0.013215859030837008,0.06607929515418504,0.2841409691629947,1.3348017621145376,5.755506607929517,12.363436123348022,7.447136563876653,2.0418502202643176,0.6938325991189429,4.294747753973739,2.864214552976163,5.25,1.7853571071357126,1.2224233647115617,4.275382475660639,2.857650656350455,4.318989071038251,2.866572002165026,1.0101994606624929,0.4124,0.0232,0.0,0.0,0.0,0.0,0.0,0.0,0.0,0.0,0.0,0.006607929515418504,0.7929515418502204,8.213656387665187,15.508810572687228,5.25330396475771,0.22466960352422913,0.0,0.0,0.0,0.0,0.0,0.0,0.0,0.0,0.0,0.0,0.0,0.0,0.0,0.0,0.0,nan,nan,4.297381116471399,2.862237808256833,nan,0.4124,0.1087,0.0,0.0,0.0,0.0,0.0,0.0,0.0,0.00016519823788546255,0.0,0.0003524229074889868,1.1013215859030838e-05,0.0007268722466960353,0.006817180616740088,0.0,0.00236784140969163,0.0009030837004405287,0.001013215859030837,0.0059911894273127755,0.002026431718061674,0.0011674008810572687,0.00022026431718061675,0.0006167400881057269,0.01158590308370044,0.01857929515418502,0.013975770925110133,0.025770925110132157,0.007455947136563877,0.020969162995594714,0.012511013215859032,0.010958149779735683,0.03165198237885462,0.02566079295154185,0.01855726872246696,0.023964757709251102,0.021145374449339206,0.040814977973568284,0.029273127753303964,0.0456057268722467,0.0508920704845815,0.033458149779735685,0.014911894273127753,0.02829295154185022,0.022698237885462554,0.017411894273127754,0.025308370044052862,0.02306167400881057,0.07084801762114537,0.049911894273127755,0.04604625550660793,0.03460352422907489,0.021354625550660793,0.01670704845814978,0.009691629955947136,0.018370044052863434,0.021013215859030838,0.01236784140969163,0.02814977973568282,0.01618942731277533,0.0036674008810572687,0.007819383259911895,0.003898678414096916,0.0011233480176211454,0.006607929515418502,0.005605726872246696,0.022290748898678416,0.0018722466960352422,4.405286343612335e-05,0.0029295154185022027,0.0,0.00016519823788546255,0.0016079295154185023,0.0,0.0,0.0,0.00022026431718061675,0.0,0.0,0.0,0.0,0.0,0.0,0.0,0.0,0.0,0.0,0.0,0.0,0.0,0.0,0.0,0.0,0.0,0.0,0.0,0.0,0.0,0.0,0.0,0.0,0.0,0.0,nan,nan,4.297381116471399,2.862237808256833,nan,0.8882432036450568,0.03580688739294494,0.0,0.0,0.0,0.0,0.0,0.0,0.0,0.0,0.0,0.0,0.0,0.0,0.0,0.0,0.0,0.0,0.0,0.0,0.0,0.0,0.0,0.0,0.051063829787234054,0.34468085106382873,1.340425531914894,5.604255319148938,12.434042553191492,7.493617021276597,1.9276595744680856,0.8042553191489363,0.887838334716074,0.03562862248739895,0.0,0.0,0.0,0.0,0.0,0.0,0.0,0.0,0.0,0.0,0.0,0.0,0.0,0.0,0.0,0.0,0.0,0.0,0.0,0.0,0.0,0.027397260273972608,0.08219178082191782,0.21917808219178014,1.3287671232876714,5.917808219178084,12.287671232876715,7.397260273972605,2.164383561643836,0.5753424657534247,0.4119,0.02289,0.0,0.0,0.0,0.0,0.0,0.0,0.0,0.0,0.0,0.0,0.8297872340425534,8.182978723404243,15.485106382978726,5.387234042553193,0.11489361702127662,0.0,0.0,0.0,0.0,0.0,0.0,0.0,0.0,0.0,0.0,0.0,0.0,0.0,0.0,0.0,0.4126,0.02351,0.0,0.0,0.0,0.0,0.0,0.0,0.0,0.0,0.0,0.013698630136986304,0.7534246575342468,8.246575342465741,15.534246575342468,5.109589041095891,0.34246575342465757,0.0,0.0,0.0,0.0,0.0,0.0,0.0,0.0,0.0,0.0,0.0,0.0,0.0,0.0,0.0
15500,4766,2351,0.49328577423415865,1138,1063,0.46181284095677716,1380,0.5791019723038188,0.45399999999999996,2.9581780538302276,3.071594023990478,6.5274074074074075,2.154837095488492,6649.800000000001,9.094947017729282e-13,6649.8,6649.8,6649.800000000002,1.8189894035458565e-12,6649.800000000001,9.094947017729282e-13,28.060637851447755,20.75359240985977,32.90298507462686,18.98041779693076,0.1376416281997482,0.09693663449433487,0.08812421317666806,0.09022240872849349,0.08854385228703315,0.06861099454469156,0.0702895509861519,0.06672261854804867,0.06525388166177087,0.04888795635753252,0.04280318925723878,0.03629878304657994,0.04007553503986572,0.02517834662190516,0.018464120856063786,0.009651699538396978,0.00629458665547629,0.8879882355622769,0.03457958061874064,0.0,0.0,0.0,0.0,0.0,0.0,0.0,0.0,0.0,0.0,0.0,0.0,0.0,0.0,0.0,0.0,0.0,0.0,0.0,0.0,0.0,0.0,0.05665127989928662,0.2580780528745271,1.3470415442719266,5.495174150230803,12.677297524129251,7.635333613092742,2.026856903063366,0.5035669324381034,4.27130545802745,2.87395551243936,2.5,2.5,0.5853011507995816,4.2902408111533585,2.8844530718593844,4.249839434810533,2.863386174665531,0.9905829583649958,0.4126,0.02356,0.0,0.0,0.0,0.0,0.0,0.0,0.0,0.0,0.0,0.0,0.8308854385228706,7.931179185900115,15.54762903902644,5.413344523709611,0.27696181284095683,0.0,0.0,0.0,0.0,0.0,0.0,0.0,0.0,0.0,0.0,0.0,0.0,0.0,0.0,0.0,nan,nan,4.270175438596492,2.8740804730752627,nan,0.4126,0.1085,0.0,0.0,0.0,0.0,0.0,0.0,0.0,7.343684431389005e-05,0.0,0.0003147293327738145,1.049097775912715e-05,0.0003252203105329417,0.006955518254301301,2.09819555182543e-05,0.0022870331514897187,0.0009127150650440621,0.0009232060428031893,0.006420478388585817,0.003084347461183382,0.0011644985312631137,0.00013638271086865295,0.0003776751993285774,0.012064624422996223,0.017551405791019725,0.013816617708770457,0.025755350398657156,0.0062106588334032735,0.01992236676458246,0.011949223667645824,0.01134074695761645,0.03177717163239614,0.02714015946286194,0.01991187578682333,0.02238774653797734,0.02061477129668485,0.041470835081829624,0.027926982794796475,0.046044901384809066,0.05226605119597146,0.0324171212757029,0.016177087704574065,0.02898657154846832,0.022870331514897188,0.016691145614771297,0.02486361728913135,0.023866974402014268,0.06874737725556022,0.050388166177087704,0.04460763743180864,0.03484053713806127,0.02093999160721779,0.017331095258078053,0.00997691984892992,0.01726814939152329,0.02227234578262694,0.013166177087704574,0.02922786403692824,0.017687788501888378,0.0044062106588334034,0.0076059588753671845,0.0038816617708770456,0.001258917331095258,0.006420478388585817,0.006032312211498111,0.020195132186319766,0.0018883759966428872,8.39278220730172e-05,0.0027801091061686947,2.09819555182543e-05,4.19639110365086e-05,0.0016156105749055812,0.0,0.0,1.049097775912715e-05,0.0002727654217373059,0.0,0.0,0.0,0.0,0.0,0.0,0.0,0.0,0.0,0.0,0.0,0.0,0.0,0.0,0.0,0.0,0.0,0.0,0.0,0.0,0.0,0.0,0.0,0.0,0.0,0.0,nan,nan,4.270175438596492,2.8740804730752627,nan,0.8880086525203521,0.03436178705377036,0.0,0.0,0.0,0.0,0.0,0.0,0.0,0.0,0.0,0.0,0.0,0.0,0.0,0.0,0.0,0.0,0.0,0.0,0.0,0.0,0.0,0.0,0.06380263717566995,0.26797107613781285,1.2250106337728628,5.6146320714589555,12.390472139515103,7.962569119523608,2.028923862186304,0.4466184602296896,0.8879683596747262,0.034790281235891604,0.0,0.0,0.0,0.0,0.0,0.0,0.0,0.0,0.0,0.0,0.0,0.0,0.0,0.0,0.0,0.0,0.0,0.0,0.0,0.0,0.0,0.0,0.04968944099378883,0.24844720496894335,1.4658385093167705,5.378881987577642,12.956521739130437,7.316770186335405,2.024844720496895,0.5590062111801243,0.4126,0.02315,0.0,0.0,0.0,0.0,0.0,0.0,0.0,0.0,0.0,0.0,0.7273500638026373,8.090174393874934,15.478519778817528,5.3977031050616775,0.3062526584432157,0.0,0.0,0.0,0.0,0.0,0.0,0.0,0.0,0.0,0.0,0.0,0.0,0.0,0.0,0.0,0.4126,0.02396,0.0,0.0,0.0,0.0,0.0,0.0,0.0,0.0,0.0,0.0,0.9316770186335406,7.77639751552794,15.61490683229814,5.42857142857143,0.24844720496894415,0.0,0.0,0.0,0.0,0.0,0.0,0.0,0.0,0.0,0.0,0.0,0.0,0.0,0.0,0.0
15600,4779,2514,0.5260514752040176,1184,947,0.4459091860221804,1342,0.5616237706633187,0.46599999999999997,3.014128035320088,3.0643969839821974,6.592125984251968,2.0426016411534897,6649.800000000001,9.094947017729282e-13,6649.8,6649.8,6649.800000000002,1.8189894035458565e-12,6649.800000000002,1.8189894035458565e-12,28.49236241891609,20.980697748499004,33.2850790513834,19.207810260249627,0.1337099811676083,0.09709144172421008,0.08913998744507219,0.08662900188323917,0.08307177233730906,0.08035153797865663,0.06842435655994979,0.06193764385854782,0.05189370161121574,0.05586942875078468,0.04603473530027202,0.047080979284369114,0.03536304666248169,0.024691358024691357,0.021761874869219502,0.011927181418706842,0.005021971123666039,0.8872480984511398,0.03536994971590632,0.0,0.0,0.0,0.0,0.0,0.0,0.0,0.0,0.0,0.0,0.0,0.0,0.0,0.0,0.0,0.0,0.0,0.0,0.0,0.0,0.0,0.00627746390458255,0.05649717514124295,0.32642812303829155,1.2931575643440054,5.90709353421218,12.360326428123042,7.514124293785312,1.9020715630885126,0.6340238543628375,4.23456,2.8883804469633154,4.0,3.2145502536643185,0.944608176528376,4.207115628970775,2.8666332103161767,4.261400128452151,2.911299509627811,1.0129030205653407,0.4136,0.02348,0.0,0.0,0.0,0.0,0.0,0.0,0.0,0.0,0.0,0.0251098556183302,0.7093534212178282,7.413684871311979,15.819209039548026,5.687382297551791,0.3452605147520403,0.0,0.0,0.0,0.0,0.0,0.0,0.0,0.0,0.0,0.0,0.0,0.0,0.0,0.0,0.0,nan,nan,4.234110507824976,2.8890589210505753,nan,0.4136,0.1079,0.0,0.0,0.0,0.0,0.0,0.0,0.0,0.0,0.0,0.00026156099602427286,0.0,0.00030341075538815654,0.006915672734881775,1.0462439840970914e-05,0.00183092697216991,0.0006068215107763131,0.0016007532956685499,0.006580874659970705,0.0024691358024691358,0.0010462439840970914,0.0001464741577735928,0.0005021971123666039,0.011205273069679849,0.01727348817744298,0.014228918183720443,0.02449257166771291,0.006047290228081189,0.018131408244402594,0.011424984306340239,0.011770244821092278,0.030518937016112156,0.027390667503661852,0.021573550952082025,0.022222222222222223,0.018801004394224732,0.041912534002929484,0.027997489014438166,0.04527097719188115,0.05524168236032643,0.033814605566017994,0.01624816907302783,0.028782172002510986,0.020778405524168236,0.016582967147938898,0.024722745344214273,0.02527725465578573,0.06915672734881774,0.05170537769407826,0.0432726511822557,0.036001255492780916,0.019826323498639883,0.018225570202971334,0.010232266164469555,0.01992048545720862,0.020433145009416197,0.013486084955011508,0.030696798493408662,0.01853944339820046,0.0038187905419543836,0.006246076585059636,0.003912952500523122,0.000732370788867964,0.006831973216154007,0.005063820883029923,0.020307595731324544,0.0021761874869219502,0.0002092487968194183,0.003075957313245449,1.0462439840970914e-05,9.416195856873823e-05,0.001966938690102532,0.0,0.0,0.0,7.32370788867964e-05,0.0,0.0,0.0,0.0,0.0,0.0,0.0,0.0,0.0,0.0,0.0,0.0,0.0,0.0,0.0,0.0,0.0,0.0,0.0,0.0,0.0,0.0,0.0,0.0,0.0,0.0,nan,nan,4.234110507824976,2.8890589210505753,nan,0.8873226236234891,0.03591382058457269,0.0,0.0,0.0,0.0,0.0,0.0,0.0,0.0,0.0,0.0,0.0,0.0,0.0,0.0,0.0,0.0,0.0,0.0,0.0,0.0,0.0,0.0,0.05966587112171839,0.38186157517899644,1.2887828162291173,5.8591885441527465,12.434367541766113,7.362768496420049,1.921241050119332,0.6921241050119333,0.887165380445274,0.034756138007762685,0.0,0.0,0.0,0.0,0.0,0.0,0.0,0.0,0.0,0.0,0.0,0.0,0.0,0.0,0.0,0.0,0.0,0.0,0.0,0.0,0.0,0.013245033112582785,0.05298013245033114,0.2649006622516548,1.2980132450331128,5.960264900662254,12.278145695364241,7.682119205298015,1.8807947019867555,0.5695364238410597,0.4136,0.02324,0.0,0.0,0.0,0.0,0.0,0.0,0.0,0.0,0.0,0.011933174224343679,0.6921241050119333,7.350835322195694,16.28878281622912,5.262529832935562,0.39379474940334136,0.0,0.0,0.0,0.0,0.0,0.0,0.0,0.0,0.0,0.0,0.0,0.0,0.0,0.0,0.0,0.4138,0.02376,0.0,0.0,0.0,0.0,0.0,0.0,0.0,0.0,0.0,0.03973509933774835,0.7284768211920531,7.4834437086092604,15.298013245033117,6.158940397350995,0.29139072847682124,0.0,0.0,0.0,0.0,0.0,0.0,0.0,0.0,0.0,0.0,0.0,0.0,0.0,0.0,0.0
15700,4744,2403,0.5065345699831366,1113,960,0.43697301854974707,1311,0.5526981450252951,0.478,3.0072618539085862,3.1936553765278806,6.820433436532507,2.1148049111283935,6649.8,0.0,6649.8,6649.8,6649.800000000002,1.8189894035458565e-12,6649.800000000002,1.8189894035458565e-12,27.298903878583474,20.78274430521276,32.36336032388664,19.084222388502248,0.14481450252951097,0.10328836424957842,0.09865092748735245,0.08874367622259696,0.07609612141652614,0.07841483979763912,0.06935075885328837,0.06155143338954469,0.055860033726812815,0.048482293423271504,0.04300168634064081,0.040682967959527826,0.03456998313659359,0.024662731871838112,0.01433389544688027,0.01011804384485666,0.007377740303541315,0.8859041579457198,0.03646709644730092,0.0,0.0,0.0,0.0,0.0,0.0,0.0,0.0,0.0,0.0,0.0,0.0,0.0,0.0,0.0,0.0,0.0,0.0,0.0,0.0,0.0,0.037942664418212486,0.0822091062394604,0.36045531197301744,1.5430016863406413,6.058178752107928,12.046795952782466,7.2407251264755494,1.998313659359191,0.6323777403035414,4.500671591672263,2.9422753274219877,3.625,2.8256636388643286,0.8054353502947103,4.585818422796554,2.9808463573502846,4.408937034529451,2.899700219271176,0.961428610564298,0.4138,0.02348,0.0,0.0,0.0,0.0,0.0,0.0,0.0,0.0,0.0,0.006323777403035415,0.670320404721754,7.715008431703193,15.26559865092749,6.09612141652614,0.24662731871838117,0.0,0.0,0.0,0.0,0.0,0.0,0.0,0.0,0.0,0.0,0.0,0.0,0.0,0.0,0.0,nan,nan,4.498325519089082,2.9423172761700673,nan,0.4138,0.10693,0.0,0.0,0.0,0.0,0.0,0.0,0.0,0.0,0.0,0.00036888701517706575,0.0,0.0002318718381112985,0.006292158516020236,4.215851602023609e-05,0.0013596121416526137,0.0007377740303541315,0.001907672849915683,0.005986509274873524,0.001876053962900506,0.0008220910623946038,7.377740303541316e-05,0.00042158516020236085,0.010002107925801012,0.01822301854974705,0.012837268128161888,0.02391441821247892,0.00625,0.01770657672849916,0.011319561551433389,0.011382799325463743,0.03143971332209106,0.02561129848229342,0.023408516020236088,0.022428330522765598,0.01800168634064081,0.04533094435075885,0.029047217537942663,0.045562816188870155,0.05716694772344014,0.03553962900505902,0.016673693086003374,0.028404300168634065,0.021732715008431703,0.016304806070826308,0.026032883642495785,0.021932967959527823,0.06673693086003372,0.05374156829679595,0.04239038785834739,0.036203625632377744,0.020752529510961213,0.017632799325463744,0.009454047217537943,0.0215535413153457,0.02027824620573356,0.012141652613827993,0.030628161888701516,0.017337689713322092,0.0030143338954468804,0.006650505902192243,0.002940556492411467,0.0009064080944350759,0.007230185497470489,0.006028667790893761,0.02036256323777403,0.0021711635750421587,0.0003372681281618887,0.0031091905564924116,1.0539629005059022e-05,0.00022133220910623946,0.0017811973018549746,0.0,0.0,0.0,1.0539629005059022e-05,0.0,0.0,0.0,0.0,0.0,0.0,0.0,0.0,0.0,0.0,0.0,0.0,0.0,0.0,0.0,0.0,0.0,0.0,0.0,0.0,0.0,0.0,0.0,0.0,0.0,0.0,nan,nan,4.498325519089082,2.9423172761700673,nan,0.885630976146725,0.03733519372201446,0.0,0.0,0.0,0.0,0.0,0.0,0.0,0.0,0.0,0.0,0.0,0.0,0.0,0.0,0.0,0.0,0.0,0.0,0.0,0.0,0.0,0.0624219725343321,0.07490636704119852,0.362047440699125,1.635455680399501,6.2297128589263435,11.7852684144819,7.128589263420726,2.047440699126093,0.6741573033707867,0.886184574803039,0.035551786542040775,0.0,0.0,0.0,0.0,0.0,0.0,0.0,0.0,0.0,0.0,0.0,0.0,0.0,0.0,0.0,0.0,0.0,0.0,0.0,0.0,0.0,0.012815036309269546,0.08970525416488682,0.3588210166595461,1.4480991029474588,5.882101665954722,12.315249893208033,7.355830841520719,1.947885519008971,0.589491670226399,0.4136,0.02347,0.0,0.0,0.0,0.0,0.0,0.0,0.0,0.0,0.0,0.01248439450686642,0.7740324594257181,7.503121098626706,15.605493133583025,5.917602996254683,0.1872659176029963,0.0,0.0,0.0,0.0,0.0,0.0,0.0,0.0,0.0,0.0,0.0,0.0,0.0,0.0,0.0,0.4143,0.02348,0.0,0.0,0.0,0.0,0.0,0.0,0.0,0.0,0.0,0.0,0.56386159760786,7.932507475437836,14.916702263989752,6.279367791542078,0.3075608714224691,0.0,0.0,0.0,0.0,0.0,0.0,0.0,0.0,0.0,0.0,0.0,0.0,0.0,0.0,0.0
15800,4904,2517,0.5132544861337683,1210,1005,0.4516721044045677,1399,0.5705546492659054,0.45799999999999996,3.012987012987013,3.1026697291353385,6.655172413793103,2.0716873650455505,6649.8,0.0,6649.8,6649.8,6649.800000000002,1.8189894035458565e-12,6649.800000000001,9.094947017729282e-13,27.670065252854812,20.705502050591065,32.84996322628095,18.84942578796591,0.14722675367047308,0.09930668841761828,0.08747960848287113,0.08462479608482872,0.08197389885807504,0.0734094616639478,0.07177814029363784,0.06851549755301795,0.05770799347471452,0.05322185970636215,0.049143556280587274,0.038132137030995106,0.028548123980424143,0.0250815660685155,0.01733278955954323,0.011215334420880914,0.005301794453507341,0.8863536152642275,0.03627927627704237,0.0,0.0,0.0,0.0,0.0,0.0,0.0,0.0,0.0,0.0,0.0,0.0,0.0,0.0,0.0,0.0,0.0,0.0,0.0,0.006117455138662318,0.012234910277324635,0.02446982055464927,0.09176182707993477,0.47104404567699687,1.1867862969004896,5.695350734094618,12.534665579119089,7.579526916802612,1.8780587275693315,0.519983686786297,4.369274809160306,2.8688615155175823,4.7272727272727275,2.956991994052835,1.0819353173578987,4.388818297331639,2.8873429265278516,4.352308665401645,2.8510086847976193,0.9916812158862462,0.4133,0.02315,0.0,0.0,0.0,0.0,0.0,0.0,0.0,0.0,0.0,0.006117455138662318,0.5933931484502448,7.726345840130493,15.850326264274065,5.517944535073411,0.29975530179445353,0.006117455138662318,0.0,0.0,0.0,0.0,0.0,0.0,0.0,0.0,0.0,0.0,0.0,0.0,0.0,0.0,nan,nan,4.370522979397781,2.8692510846411508,nan,0.4133,0.10815,0.0,0.0,0.0,0.0,0.0,0.0,0.0,0.0,0.0,0.0004893964110929853,0.0,0.00012234910277324632,0.0073817292006525285,5.097879282218597e-05,0.00141721044045677,0.0005505709624796085,0.0017944535073409463,0.00585236541598695,0.0020289559543230015,0.0011419249592169657,0.00019371941272430668,0.0006321370309951061,0.010583197389885807,0.018597063621533443,0.012724306688417618,0.027283849918433932,0.006484502446982055,0.016160277324632953,0.012550978792822185,0.011062398042414356,0.03026101141924959,0.024979608482871125,0.023990619902120716,0.023144371941272432,0.01605831973898858,0.046227569331158236,0.027406199021207178,0.04477977161500816,0.05594412724306688,0.03396207177814029,0.018393148450244697,0.0300163132137031,0.021676182707993475,0.018138254486133768,0.025020391517128874,0.020666802610114193,0.06460032626427406,0.051101141924959216,0.041537520391517126,0.035787112561174554,0.0204221044045677,0.017373572593800977,0.011531402936378466,0.02191068515497553,0.019902120717781403,0.01344820554649266,0.03102569331158238,0.01812805872756933,0.0032932300163132137,0.006423327895595432,0.002936378466557912,0.0010399673735725938,0.007911908646003262,0.00534257748776509,0.021084828711256116,0.002110522022838499,0.0005505709624796085,0.0028140293637846656,7.137030995106036e-05,0.0001733278955954323,0.0017128874388254486,0.0,0.0,0.0,0.0,0.0,0.0,0.0,0.0,0.0,0.0,0.0,0.0,0.0,0.0,0.0,0.0,0.0,0.0,0.0,0.0,0.0,0.0,0.0,0.0,0.0,0.0,0.0,0.0,0.0,0.0,nan,nan,4.370522979397781,2.8692510846411508,nan,0.8866267335476457,0.03553821778493797,0.0,0.0,0.0,0.0,0.0,0.0,0.0,0.0,0.0,0.0,0.0,0.0,0.0,0.0,0.0,0.0,0.0,0.0,0.0,0.0,0.0,0.02383790226460072,0.04767580452920144,0.4886769964243131,1.1442193087008345,5.744934445768774,12.57449344457688,7.461263408820026,2.0023837902264603,0.5125148986889154,0.8860656225037066,0.03704245884865277,0.0,0.0,0.0,0.0,0.0,0.0,0.0,0.0,0.0,0.0,0.0,0.0,0.0,0.0,0.0,0.0,0.0,0.0,0.0,0.01256807708420612,0.02513615416841224,0.02513615416841224,0.1382488479262673,0.4524507750314188,1.2316715542521997,5.643066610808548,12.492668621700883,7.704231252618351,1.7469627147046505,0.527859237536657,0.4133,0.0233,0.0,0.0,0.0,0.0,0.0,0.0,0.0,0.0,0.0,0.01191895113230036,0.595947556615018,7.616209773539917,15.852205005959478,5.6019070321811695,0.32181168057210974,0.0,0.0,0.0,0.0,0.0,0.0,0.0,0.0,0.0,0.0,0.0,0.0,0.0,0.0,0.0,0.4133,0.02296,0.0,0.0,0.0,0.0,0.0,0.0,0.0,0.0,0.0,0.0,0.5906996229576875,7.842480100544606,15.848345203183916,5.429409300377044,0.2764976958525346,0.01256807708420612,0.0,0.0,0.0,0.0,0.0,0.0,0.0,0.0,0.0,0.0,0.0,0.0,0.0,0.0
15900,4878,2491,0.510660106601066,1141,1013,0.44157441574415746,1401,0.5744157441574416,0.45799999999999996,2.953498114788437,3.0368383589806442,6.480597014925373,1.9929906130917143,6649.800000000001,9.094947017729282e-13,6649.8,6649.8,6649.800000000002,1.8189894035458565e-12,6649.800000000001,9.094947017729282e-13,27.870028700287,20.93213030656383,32.917932386085255,19.15289258321313,0.14329643296432965,0.1010660106601066,0.09348093480934809,0.08712587125871259,0.07544075440754408,0.07236572365723658,0.07154571545715457,0.06109061090610906,0.05740057400574006,0.05514555145551456,0.04366543665436654,0.04366543665436654,0.033825338253382534,0.028495284952849528,0.015785157851578517,0.01107011070110701,0.005535055350553505,0.8870192704605441,0.03619293179607405,0.0,0.0,0.0,0.0,0.0,0.0,0.0,0.0,0.0,0.0,0.0,0.0,0.0,0.0,0.0,0.0,0.0,0.0,0.0,0.0,0.0,0.018450184501845022,0.10455104551045513,0.29520295202951935,1.4329643296432968,5.559655596555967,12.706027060270605,7.226322263222634,1.9618696186961873,0.6949569495694958,4.311858974358974,2.771625993307617,4.0,3.295017884191656,0.9276741247305434,4.313725490196078,2.7502391543255453,4.308538163001294,2.7959760514653285,0.9987974832412091,0.414,0.02327,0.0,0.0,0.0,0.0,0.0,0.0,0.0,0.0,0.0,0.0,0.6888068880688809,7.601476014760137,15.473554735547358,5.9348093480934825,0.29520295202952035,0.006150061500615008,0.0,0.0,0.0,0.0,0.0,0.0,0.0,0.0,0.0,0.0,0.0,0.0,0.0,0.0,nan,nan,4.311160857051487,2.7729471406083275,nan,0.414,0.1075,0.0,0.0,0.0,0.0,0.0,0.0,0.0,0.0,2.050020500205002e-05,0.00038950389503895037,2.050020500205002e-05,3.075030750307503e-05,0.007882328823288234,4.100041000410004e-05,0.0011787617876178763,0.00044075440754407543,0.0014965149651496514,0.0053710537105371055,0.002019270192701927,0.001076260762607626,0.0005535055350553505,0.0007995079950799508,0.010936859368593685,0.018460434604346043,0.011818368183681836,0.026568265682656828,0.006314063140631407,0.01622591225912259,0.010824108241082412,0.012863878638786387,0.029100041000410005,0.024702747027470273,0.023144731447314472,0.02370848708487085,0.01673841738417384,0.044290692906929066,0.028177531775317753,0.04541820418204182,0.057677326773267736,0.032144321443214434,0.01730217302173022,0.02988929889298893,0.02033620336203362,0.016912669126691267,0.026855268552685527,0.02095120951209512,0.06796842968429684,0.05339278392783928,0.040733907339073394,0.036572365723657234,0.021617466174661745,0.017958179581795818,0.00984009840098401,0.02056170561705617,0.019792947929479294,0.01462689626896269,0.02995079950799508,0.01939319393193932,0.0035465354653546536,0.006334563345633456,0.003669536695366954,0.0007687576875768758,0.007708077080770807,0.00519680196801968,0.021104961049610495,0.0022037720377203773,0.0005945059450594506,0.002214022140221402,0.00011275112751127512,0.0,0.0014555145551455515,0.0,0.0,0.0,0.0,0.0,0.0,0.0,0.0,0.0,0.0,0.0,0.0,0.0,0.0,0.0,0.0,0.0,0.0,0.0,0.0,0.0,0.0,0.0,0.0,0.0,0.0,0.0,0.0,0.0,0.0,nan,nan,4.311160857051487,2.7729471406083275,nan,0.887314703391767,0.03639785665921757,0.0,0.0,0.0,0.0,0.0,0.0,0.0,0.0,0.0,0.0,0.0,0.0,0.0,0.0,0.0,0.0,0.0,0.0,0.0,0.0,0.0,0.012043356081894824,0.09634684865515859,0.33721397029305394,1.4090726615816944,5.636290646326778,12.645523885989565,7.069450020072262,2.0955439582496993,0.6985146527498998,0.886710965713298,0.03597524700303739,0.0,0.0,0.0,0.0,0.0,0.0,0.0,0.0,0.0,0.0,0.0,0.0,0.0,0.0,0.0,0.0,0.0,0.0,0.0,0.0,0.0,0.02513615416841224,0.11311269375785507,0.25136154168412156,1.45789694176791,5.479681608713868,12.769166317553417,7.390029325513198,1.8223711772098872,0.6912442396313366,0.414,0.0233,0.0,0.0,0.0,0.0,0.0,0.0,0.0,0.0,0.0,0.0,0.6623845845042153,7.623444399839411,15.30710558008832,6.14211160176636,0.26495383380168613,0.0,0.0,0.0,0.0,0.0,0.0,0.0,0.0,0.0,0.0,0.0,0.0,0.0,0.0,0.0,0.414,0.02324,0.0,0.0,0.0,0.0,0.0,0.0,0.0,0.0,0.0,0.0,0.7163803937997488,7.578550481776277,15.647255969836618,5.718475073313784,0.32677000418935914,0.01256807708420612,0.0,0.0,0.0,0.0,0.0,0.0,0.0,0.0,0.0,0.0,0.0,0.0,0.0,0.0
16000,4731,2395,0.5062354681885437,1131,982,0.4466286197421264,1377,0.5821179454660749,0.474,2.9927226027397262,3.0698821624850536,6.50983358547655,2.0237568163146564,6649.800000000001,9.094947017729282e-13,6649.8,6649.8,6649.800000000002,1.8189894035458565e-12,6649.800000000001,9.094947017729282e-13,27.92686535616149,20.859479405896508,32.93397177419355,19.046107445401645,0.14331008243500318,0.09659691397167618,0.09236947791164658,0.09469456774466287,0.07841893891354894,0.06467977171845275,0.06700486155146904,0.06446839991545128,0.06298879729444092,0.053899809765377296,0.04777002747833439,0.039737898964278165,0.033185373071232295,0.02621010357218347,0.017755231452124286,0.012893679983090255,0.004016064257028112,0.886111438349976,0.03620467855702526,0.0,0.0,0.0,0.0,0.0,0.0,0.0,0.0,0.0,0.0,0.0,0.0,0.0,0.0,0.0,0.0,0.0,0.0,0.0,0.0,0.0,0.025364616360177557,0.13316423589093218,0.19023462270133104,1.5218769816106534,6.144578313253014,12.371591629676605,7.1464806594800265,1.7564996829422959,0.7102092580849717,4.355155482815057,2.8553596946173108,5.166666666666667,2.3392781412697,1.186333458599524,4.437459910198846,2.815886884951491,4.272969374167777,2.891983796178268,0.9629313753003127,0.4138,0.02321,0.0,0.0,0.0,0.0,0.0,0.0,0.0,0.0,0.0,0.006341154090044389,0.5516804058338619,7.805960684844631,15.554850982878888,5.795814838300572,0.2853519340519975,0.0,0.0,0.0,0.0,0.0,0.0,0.0,0.0,0.0,0.0,0.0,0.0,0.0,0.0,0.0,nan,nan,4.356746161385169,2.854665031877341,nan,0.4138,0.10736,0.0,0.0,0.0,0.0,0.0,0.0,0.0,1.056859015007398e-05,0.00011625449165081379,0.000528429507503699,3.170577045022194e-05,9.511731135066582e-05,0.007683365039103784,1.056859015007398e-05,0.0014901712111604311,0.0003804692454026633,0.0012682308180088776,0.004777002747833439,0.0014901712111604311,0.0006763897696047348,0.000507292327203551,0.001046290424857324,0.011963644049883745,0.018864933417882056,0.01086451067427605,0.027658000422743606,0.0058867047135912065,0.01717395899387022,0.010188120904671317,0.012301838934686112,0.030363559501162544,0.024867892623124076,0.024286620164870005,0.023515113083914605,0.014743183259353202,0.043288945254703025,0.026844218981187908,0.04745296977383217,0.06180511519763263,0.031008243500317056,0.015451278799408158,0.029961953075459735,0.018886070598182203,0.016349608962164447,0.02780596068484464,0.02068273092369478,0.0693299513844853,0.05492496300993448,0.04038258296343268,0.03558444303529909,0.024128091312618897,0.01564151342210949,0.010452335658423167,0.019129148171633904,0.019742126400338195,0.015091946734305644,0.028313253012048192,0.019921792432889454,0.004132318748678926,0.007228915662650603,0.0034876347495244133,0.0007926442612555486,0.00783132530120482,0.004850982878883957,0.020281124497991968,0.0016698372437116888,0.000538998097653773,0.0024730500951173112,0.0,0.0,0.0017438173747622067,0.0,0.0,0.0,0.0,0.0,0.0,0.0,0.0,0.0,0.0,0.0,0.0,0.0,0.0,0.0,0.0,0.0,0.0,0.0,0.0,0.0,0.0,0.0,0.0,0.0,0.0,0.0,0.0,0.0,0.0,nan,nan,4.356746161385169,2.854665031877341,nan,0.8854714396851048,0.03585444247235349,0.0,0.0,0.0,0.0,0.0,0.0,0.0,0.0,0.0,0.0,0.0,0.0,0.0,0.0,0.0,0.0,0.0,0.0,0.0,0.0,0.0,0.0,0.1377870563674322,0.10020876826722307,1.678496868475992,6.2129436325678515,12.751565762004178,6.6764091858037595,1.678496868475992,0.7640918580375785,0.8867676013646877,0.03654864409761276,0.0,0.0,0.0,0.0,0.0,0.0,0.0,0.0,0.0,0.0,0.0,0.0,0.0,0.0,0.0,0.0,0.0,0.0,0.0,0.0,0.0,0.05136986301369864,0.1284246575342466,0.2825342465753416,1.361301369863014,6.0744863013698644,11.982020547945208,7.628424657534248,1.8364726027397265,0.6549657534246577,0.4136,0.02307,0.0,0.0,0.0,0.0,0.0,0.0,0.0,0.0,0.0,0.012526096033402925,0.47599164926931115,8.041753653444664,15.645093945720253,5.536534446764094,0.28810020876826725,0.0,0.0,0.0,0.0,0.0,0.0,0.0,0.0,0.0,0.0,0.0,0.0,0.0,0.0,0.0,0.414,0.02333,0.0,0.0,0.0,0.0,0.0,0.0,0.0,0.0,0.0,0.0,0.6292808219178083,7.564212328767113,15.46232876712329,6.06164383561644,0.28253424657534254,0.0,0.0,0.0,0.0,0.0,0.0,0.0,0.0,0.0,0.0,0.0,0.0,0.0,0.0,0.0
16100,4915,2463,0.5011190233977619,1136,1066,0.44801627670396743,1380,0.5615462868769074,0.45399999999999996,2.91884176182708,3.0872870877578547,6.616863905325443,2.1023260404358806,6649.800000000001,9.094947017729282e-13,6649.8,6649.8,6649.800000000001,9.094947017729282e-13,6649.800000000001,9.094947017729282e-13,27.177619532044762,20.5607451155031,32.22488389146908,18.848630309302347,0.14262461851475075,0.10437436419125128,0.09033570701932858,0.09521871820956257,0.08606307222787385,0.07548321464903357,0.06551373346897253,0.06286876907426246,0.05757884028484232,0.04923702950152594,0.04679552390640895,0.041302136317395724,0.028484231943031537,0.021363173957273652,0.016480162767039674,0.008138351983723296,0.008138351983723296,0.8857618128052805,0.035007943468176386,0.0,0.0,0.0,0.0,0.0,0.0,0.0,0.0,0.0,0.0,0.0,0.0,0.0,0.0,0.0,0.0,0.0,0.0,0.0,0.0,0.0,0.024415055951169894,0.04272634791454732,0.3112919633774151,1.5686673448626658,5.859613428280775,12.836215666327572,7.0010172939979665,1.8372329603255344,0.5188199389623602,4.340166559897502,2.9111739440761344,2.6,2.0591260281974,0.5990553505535056,4.270700636942675,2.9153614921870292,4.404241645244216,2.905620385280164,1.0312691100720983,0.414,0.02261,0.0,0.0,0.0,0.0,0.0,0.0,0.0,0.0,0.0,0.0,0.5371312309257377,7.513733468972522,16.028484231943036,5.615462868769075,0.30518819938962366,0.0,0.0,0.0,0.0,0.0,0.0,0.0,0.0,0.0,0.0,0.0,0.0,0.0,0.0,0.0,nan,nan,4.337384074192517,2.91084118749968,nan,0.414,0.10693,0.0,0.0,0.0,1.017293997965412e-05,0.0,0.0,2.034587995930824e-05,0.0,0.00014242115971515768,0.0003458799593082401,0.0,0.00017293997965412005,0.00590030518819939,3.051881993896236e-05,0.0018209562563580874,0.0003763987792472024,0.0016683621566632757,0.005218718209562563,0.0010071210579857578,0.0005188199389623601,0.00036622583926754833,0.0014038657171922685,0.012360122075279756,0.018982706002034586,0.010417090539165818,0.027192268565615463,0.005991861648016276,0.016683621566632757,0.01093591047812818,0.010600203458799593,0.03126144455747711,0.02562563580874873,0.02538148524923703,0.024201424211597152,0.01474059003051882,0.045564598168870804,0.02575788402848423,0.04479145473041709,0.061149542217700914,0.03029501525940997,0.017466937945066124,0.030701932858596133,0.019552390640895218,0.015737538148524924,0.027527975584944048,0.020783316378433368,0.07138351983723296,0.05365208545269583,0.039399796541200405,0.0350762970498474,0.02525940996948118,0.01564598168870804,0.010111902339776196,0.01878942014242116,0.01886063072227874,0.013814852492370295,0.02911495422177009,0.020101729399796542,0.005361139369277721,0.006388606307222788,0.004170905391658189,0.0007121057985757884,0.007009155645981689,0.005137334689725331,0.020600203458799593,0.0014750762970498475,0.0005391658189216684,0.0028992878942014242,7.121057985757884e-05,0.0,0.0017192268565615462,0.0,0.0,0.0,0.0,0.0,0.0,0.0,0.0,0.0,0.0,0.0,0.0,0.0,0.0,0.0,0.0,0.0,0.0,0.0,0.0,0.0,0.0,0.0,0.0,0.0,0.0,0.0,0.0,0.0,0.0,nan,nan,4.337384074192517,2.91084118749968,nan,0.8853747844696045,0.035209315464792494,0.0,0.0,0.0,0.0,0.0,0.0,0.0,0.0,0.0,0.0,0.0,0.0,0.0,0.0,0.0,0.0,0.0,0.0,0.0,0.0,0.0,0.012180267965895252,0.036540803897685756,0.3288672350791707,1.6686967113276496,5.9317904993909885,12.789281364190016,6.820950060901342,1.8635809987819736,0.5481120584652863,0.8861505774018427,0.03480016210348373,0.0,0.0,0.0,0.0,0.0,0.0,0.0,0.0,0.0,0.0,0.0,0.0,0.0,0.0,0.0,0.0,0.0,0.0,0.0,0.0,0.0,0.036704730831973904,0.04893964110929854,0.2936378466557903,1.4681892332789563,5.787112561174553,12.88336052202284,7.181892332789561,1.8107667210440461,0.48939641109298543,0.4143,0.02255,0.0,0.0,0.0,0.0,0.0,0.0,0.0,0.0,0.0,0.0,0.5359317904993911,7.68574908647989,15.456760048721074,6.114494518879416,0.2070645554202193,0.0,0.0,0.0,0.0,0.0,0.0,0.0,0.0,0.0,0.0,0.0,0.0,0.0,0.0,0.0,0.414,0.02264,0.0,0.0,0.0,0.0,0.0,0.0,0.0,0.0,0.0,0.0,0.538336052202284,7.34094616639477,16.60277324632953,5.1141924959216984,0.403752039151713,0.0,0.0,0.0,0.0,0.0,0.0,0.0,0.0,0.0,0.0,0.0,0.0,0.0,0.0,0.0
16200,4860,2503,0.5150205761316873,1215,1009,0.4576131687242798,1380,0.5679012345679012,0.45799999999999996,2.975816716164616,3.00371863665789,6.466867469879518,1.9647768368393257,6649.800000000001,9.094947017729282e-13,6649.8,6649.8,6649.800000000002,1.8189894035458565e-12,6649.8,0.0,28.361934156378602,20.88618164991773,33.34287812041116,19.038209176608536,0.1360082304526749,0.1,0.08518518518518518,0.08518518518518518,0.08065843621399177,0.07674897119341564,0.06872427983539095,0.06954732510288066,0.0588477366255144,0.05411522633744856,0.04567901234567901,0.04506172839506173,0.03148148148148148,0.027777777777777776,0.01831275720164609,0.010082304526748971,0.006584362139917695,0.8848859069523988,0.035539519646173245,0.0,0.0,0.0,0.0,0.0,0.0,0.0,0.0,0.0,0.0,0.0,0.0,0.0,0.0,0.0,0.0,0.0,0.0,0.0,0.0,0.006172839506172841,0.012345679012345682,0.04938271604938273,0.38271604938271486,1.5617283950617287,6.209876543209878,12.432098765432102,7.006172839506174,1.8024691358024696,0.5370370370370371,4.217350454118384,2.7776544925644036,3.0,2.943920288775949,0.7113470963909103,4.245128849780013,2.818454019507692,4.187538940809969,2.7371393734003013,0.9864338843394521,0.4146,0.02238,0.0,0.0,0.0,0.0,0.0,0.0,0.0,0.0,0.0,0.0,0.5740740740740742,7.104938271604928,16.135802469135804,5.950617283950619,0.23456790123456794,0.0,0.0,0.0,0.0,0.0,0.0,0.0,0.0,0.0,0.0,0.0,0.0,0.0,0.0,0.0,nan,nan,4.216207759699625,2.7780653692605433,nan,0.4146,0.1066,0.0,0.0,0.0,0.0,0.0,0.0,3.08641975308642e-05,0.0,0.00010288065843621399,0.0006172839506172839,0.0,0.00018518518518518518,0.004331275720164609,0.00011316872427983539,0.0016563786008230452,0.0005246913580246914,0.0015020576131687243,0.005113168724279835,0.0008539094650205761,0.0005555555555555556,0.0006069958847736626,0.001440329218106996,0.01205761316872428,0.01992798353909465,0.010113168724279835,0.026069958847736625,0.0065946502057613165,0.016450617283950617,0.010946502057613168,0.010349794238683128,0.03110082304526749,0.02683127572016461,0.02617283950617284,0.0239917695473251,0.01603909465020576,0.044660493827160495,0.024804526748971194,0.04462962962962963,0.06065843621399177,0.03103909465020576,0.01800411522633745,0.031049382716049383,0.02038065843621399,0.015370370370370371,0.026893004115226337,0.020709876543209875,0.07118312757201646,0.05165637860082305,0.03973251028806584,0.03529835390946502,0.02492798353909465,0.015606995884773663,0.010781893004115226,0.02058641975308642,0.018878600823045266,0.013302469135802469,0.030318930041152263,0.019382716049382714,0.005843621399176955,0.0053292181069958845,0.003755144032921811,0.00102880658436214,0.006666666666666667,0.005174897119341564,0.021882716049382717,0.0012551440329218106,0.0003497942386831276,0.002602880658436214,0.0001646090534979424,0.0,0.0018106995884773663,0.0,0.0,0.0,0.0,0.0,0.0,0.0,0.0,0.0,0.0,0.0,0.0,0.0,0.0,0.0,0.0,0.0,0.0,0.0,0.0,0.0,0.0,0.0,0.0,0.0,0.0,0.0,0.0,0.0,0.0,nan,nan,4.216207759699625,2.7780653692605433,nan,0.885324706423535,0.03546294302947174,0.0,0.0,0.0,0.0,0.0,0.0,0.0,0.0,0.0,0.0,0.0,0.0,0.0,0.0,0.0,0.0,0.0,0.0,0.0,0.0,0.0,0.0,0.083899320815022,0.35956851777866444,1.6060727127447068,6.076707950459451,12.441070715141832,6.951658010387536,1.977626847782661,0.503395924890132,0.8844199268606491,0.03561474088960677,0.0,0.0,0.0,0.0,0.0,0.0,0.0,0.0,0.0,0.0,0.0,0.0,0.0,0.0,0.0,0.0,0.0,0.0,0.0,0.0,0.0127280441238863,0.0254560882477726,0.0127280441238863,0.4072974119643602,1.5146372507424697,6.351294017819264,12.422571064913027,7.0640644887568955,1.61646160373356,0.5727619855748834,0.4143,0.02267,0.0,0.0,0.0,0.0,0.0,0.0,0.0,0.0,0.0,0.0,0.6831801837794649,7.179384738314013,16.048741510187778,5.884938074310829,0.20375549340791055,0.0,0.0,0.0,0.0,0.0,0.0,0.0,0.0,0.0,0.0,0.0,0.0,0.0,0.0,0.0,0.4148,0.02208,0.0,0.0,0.0,0.0,0.0,0.0,0.0,0.0,0.0,0.0,0.4582095884599068,7.025880356385224,16.22825625795503,6.02036487059822,0.26728892660161224,0.0,0.0,0.0,0.0,0.0,0.0,0.0,0.0,0.0,0.0,0.0,0.0,0.0,0.0,0.0
16300,4809,2461,0.5117488043252235,1180,964,0.445830734040341,1333,0.5543772093990434,0.46599999999999997,2.987223168654174,3.098167885754711,6.608370702541106,2.0477823960331802,6649.800000000001,9.094947017729282e-13,6649.8,6649.8,6649.800000000001,9.094947017729282e-13,6649.800000000001,9.094947017729282e-13,27.88043252235392,21.035227998466375,33.09942543092681,19.195162579925455,0.14971927635683094,0.09128716988978998,0.09440632148055729,0.08504886670825536,0.08130588479933458,0.07049282595134124,0.07361197754210855,0.06321480557288417,0.0611353711790393,0.049282595134123516,0.047826991058432106,0.036805988771054274,0.031607402786442085,0.024537325847369517,0.020586400499064253,0.010397171969224371,0.008733624454148471,0.8854066522435255,0.035617633962748946,0.0,0.0,0.0,0.0,0.0,0.0,0.0,0.0,0.0,0.0,0.0,0.0,0.0,0.0,0.0,0.0,0.0,0.0,0.0,0.0,0.0,0.01871490954460387,0.08733624454148474,0.34310667498440317,1.4472863381160328,6.269494697442298,12.214597629444794,7.199001871490956,1.9151590767311295,0.5053025577043045,4.288124594419208,2.842624560736375,7.2,2.4,1.6790556900726394,4.327296248382924,2.8435246902135334,4.26038961038961,2.844518968101998,0.9845384660182865,0.414,0.02272,0.0,0.0,0.0,0.0,0.0,0.0,0.0,0.0,0.0,0.0,0.6113537117903931,7.404865876481586,15.814098565190271,5.89519650655022,0.27448533998752345,0.0,0.0,0.0,0.0,0.0,0.0,0.0,0.0,0.0,0.0,0.0,0.0,0.0,0.0,0.0,nan,nan,4.292840945902171,2.844374632586844,nan,0.414,0.1073,0.0,0.0,0.0,0.0,0.0,0.0,5.198585984612185e-05,0.0,0.0002183406113537118,0.0005198585984612185,0.0,0.00018714909544603867,0.004813890621750884,0.00022873778332293615,0.0020586400499064254,0.0004158868787689748,0.0014244125597837388,0.005115408608858391,0.0008213765855687253,0.0006550218340611354,0.0007174048658764816,0.0017571220627989187,0.01298606778956124,0.0182158452900811,0.010126845498024537,0.026065710126845498,0.005572884175504263,0.016396340195466833,0.011052193803285506,0.00991890205864005,0.03201289249324184,0.029268039093366605,0.027677271782075276,0.023372842586816385,0.016895404449989604,0.044801414015387814,0.023185693491370347,0.04609066333957164,0.0611769598669162,0.03001663547515076,0.0177895612393429,0.030744437512996464,0.0210750675816178,0.015678935329590353,0.027157413183614056,0.019546683302141817,0.06961946350592639,0.05045747556664587,0.038521522145976296,0.035558328134747345,0.026346433770014555,0.014618423788729466,0.011187357038885423,0.019806612601372425,0.017519234768143065,0.013339571636514868,0.028893740902474527,0.019276356830941983,0.006758161779995841,0.005760033270950302,0.0036078186733208566,0.0010709087128301102,0.007933042212518195,0.005479309627781244,0.021636514867955915,0.0012788521522145977,0.00033270950301517984,0.0030463713869827405,0.0003223123310459555,0.0,0.001788313578706592,3.1191515907673116e-05,0.0,0.0,0.0,0.0,0.0,0.0,0.0,0.0,0.0,0.0,0.0,0.0,0.0,0.0,0.0,0.0,0.0,0.0,0.0,0.0,0.0,0.0,0.0,0.0,0.0,0.0,0.0,0.0,0.0,nan,nan,4.292840945902171,2.844374632586844,nan,0.8852364390131808,0.03536271799578997,0.0,0.0,0.0,0.0,0.0,0.0,0.0,0.0,0.0,0.0,0.0,0.0,0.0,0.0,0.0,0.0,0.0,0.0,0.0,0.0,0.0,0.03657049979683056,0.0609508329947176,0.3778951645672479,1.2921576594880133,6.131653799268592,12.482730597318167,7.460381958553435,1.6456724908573754,0.5119869971556279,0.8855850571668128,0.03588200765265402,0.0,0.0,0.0,0.0,0.0,0.0,0.0,0.0,0.0,0.0,0.0,0.0,0.0,0.0,0.0,0.0,0.0,0.0,0.0,0.0,0.0,0.0,0.11499148211243614,0.30664395229982866,1.609880749574106,6.413969335604771,11.933560477001707,6.925042589437821,2.197614991482113,0.4982964224872233,0.4146,0.02284,0.0,0.0,0.0,0.0,0.0,0.0,0.0,0.0,0.0,0.0,0.6216984965461195,7.338480292563988,15.505891913856159,6.277935798455914,0.25599349857781395,0.0,0.0,0.0,0.0,0.0,0.0,0.0,0.0,0.0,0.0,0.0,0.0,0.0,0.0,0.0,0.4136,0.02257,0.0,0.0,0.0,0.0,0.0,0.0,0.0,0.0,0.0,0.0,0.6005110732538331,7.474446337308336,16.137137989778537,5.494037478705283,0.29386712095400347,0.0,0.0,0.0,0.0,0.0,0.0,0.0,0.0,0.0,0.0,0.0,0.0,0.0,0.0,0.0
16400,4913,2470,0.5027478119275391,1173,1066,0.45572969672297986,1407,0.5727661306737227,0.46199999999999997,2.9107654523127304,3.0803502831341794,6.636075949367089,2.0784828435521314,6649.800000000001,9.094947017729282e-13,6649.8,6649.8,6649.800000000001,9.094947017729282e-13,6649.800000000001,9.094947017729282e-13,27.20252391614085,20.62771049341567,32.44111138431276,18.81495728662968,0.1522491349480969,0.09851414614288621,0.08731935680846734,0.08854060655404031,0.08202727457765113,0.07856706696519439,0.07347852635864034,0.06716873600651334,0.05984123753307551,0.04661103195603501,0.038876450234072865,0.039690616731121516,0.03032770201506208,0.02401791166293507,0.015672705068186445,0.010380622837370242,0.006716873600651333,0.8864324338417201,0.036732543228604905,0.0,0.0,0.0,0.0,0.0,0.0,0.0,0.0,0.0,0.0,0.0,0.0,0.0,0.0,0.0,0.0,0.0,0.0,0.0,0.0,0.0,0.00610624872786485,0.06716873600651334,0.34194992876043045,1.5387746794219421,6.203948707510688,12.017097496438025,7.150417260329739,1.8868308569102386,0.7877060858945656,4.343790012804098,2.9062809772142497,6.5,2.5,1.4963890935887987,4.333122629582807,2.952365651808465,4.355800388852884,2.858928276838391,1.00523358353979,0.4146,0.02301,0.0,0.0,0.0,0.0,0.0,0.0,0.0,0.0,0.0,0.00610624872786485,0.6655811113372686,7.22979849379197,15.912884184815798,5.941380012212499,0.24424994911459397,0.0,0.0,0.0,0.0,0.0,0.0,0.0,0.0,0.0,0.0,0.0,0.0,0.0,0.0,0.0,nan,nan,4.345169545745361,2.906550616722341,nan,0.4146,0.1074,0.0,0.0,0.0,0.0,0.0,0.0,1.0177081213108081e-05,0.0,0.0001526562181966212,0.0005292082230816202,0.0,0.00029513535518013435,0.004793405251373906,0.00018318746183594546,0.002646041115408101,0.000376552004884999,0.0015570934256055363,0.0040301241603908,0.0010685935273763484,0.00127213515163851,0.000885406065540403,0.0020150620801954,0.012924893140647263,0.01633421534703847,0.009261143903928354,0.025809077956442092,0.005688988398127417,0.01818644412782414,0.011439039283533483,0.0094443313657643,0.033106045186240586,0.028465296153063303,0.025758192550376553,0.02348870343985345,0.016731121514349686,0.044545084469774066,0.023305515978017506,0.048707510685935276,0.060075310400977,0.02980867087319357,0.021015672705068187,0.03027681660899654,0.020791776918379808,0.014675351109301852,0.02697944229594952,0.019000610624872787,0.06747404844290658,0.05073274984734378,0.03648483614899247,0.036576429879910444,0.02804803582332587,0.01405454915530226,0.011001424791369835,0.020394870751068595,0.01771829839202117,0.013026663952778343,0.02926928556889884,0.018298392021168328,0.006737227763077549,0.0061367799715041724,0.004070832485243233,0.0014654996946875636,0.009485039690616731,0.00472216568288215,0.02177895379605129,0.001638510075310401,0.0002646041115408101,0.002747811927539182,0.00043761449216364747,2.0354162426216163e-05,0.0016079788316710768,0.00017301038062283736,0.0,0.0,0.0,0.0,0.0,0.0,0.0,0.0,0.0,0.0,0.0,0.0,0.0,0.0,0.0,0.0,0.0,0.0,0.0,0.0,0.0,0.0,0.0,0.0,0.0,0.0,0.0,0.0,0.0,nan,nan,4.345169545745361,2.906550616722341,nan,0.8860031920406017,0.0368077000979222,0.0,0.0,0.0,0.0,0.0,0.0,0.0,0.0,0.0,0.0,0.0,0.0,0.0,0.0,0.0,0.0,0.0,0.0,0.0,0.0,0.0,0.012145748987854255,0.07287449392712551,0.4251012145748975,1.5060728744939276,6.157894736842107,12.182186234817816,7.008097165991904,1.8947368421052635,0.7408906882591095,0.886866419616899,0.036651288710914436,0.0,0.0,0.0,0.0,0.0,0.0,0.0,0.0,0.0,0.0,0.0,0.0,0.0,0.0,0.0,0.0,0.0,0.0,0.0,0.0,0.0,0.0,0.0613999181334425,0.25787965616045766,1.5718379042161281,6.250511665984447,11.850184199754404,7.294310274252969,1.8788374948833406,0.8350388866148181,0.4138,0.02248,0.0,0.0,0.0,0.0,0.0,0.0,0.0,0.0,0.0,0.0,0.6437246963562755,7.28744939271254,16.44534412955466,5.392712550607289,0.2307692307692308,0.0,0.0,0.0,0.0,0.0,0.0,0.0,0.0,0.0,0.0,0.0,0.0,0.0,0.0,0.0,0.415,0.02351,0.0,0.0,0.0,0.0,0.0,0.0,0.0,0.0,0.0,0.012279983626688501,0.687679083094556,7.171510437986072,15.374539500614002,6.496111338518217,0.2578796561604585,0.0,0.0,0.0,0.0,0.0,0.0,0.0,0.0,0.0,0.0,0.0,0.0,0.0,0.0,0.0
16500,4289,2217,0.5169037071578456,1001,834,0.42783865702961066,1173,0.5469806481697366,0.46599999999999997,2.965250965250965,3.026866352799777,6.406611570247934,1.956541709418068,6649.800000000002,1.8189894035458565e-12,6649.8,6649.8,6649.800000000001,9.094947017729282e-13,6649.800000000002,1.8189894035458565e-12,28.550944276055024,21.38703463158005,33.493082457111235,19.67318288456321,0.13476334809979015,0.09815807880624854,0.0960596875728608,0.0960596875728608,0.07530892982047097,0.06271858242014455,0.0701795290277454,0.06318489158311962,0.05315924457915598,0.05292608999766846,0.043133597575192355,0.04546514339006762,0.03777104220097925,0.029843786430403356,0.021450221496852412,0.0142224294707391,0.00559570995570063,0.8875219212820213,0.03609955245781269,0.0,0.0,0.0,0.0,0.0,0.0,0.0,0.0,0.0,0.0,0.0,0.0,0.0,0.0,0.0,0.0,0.0,0.0,0.0,0.0,0.0,0.0,0.06295173700163209,0.3916996968990428,1.3849382140359061,5.777570529260902,12.261599440429007,7.463278153415716,1.9375145721613434,0.7204476567964563,4.200509461426492,2.7253272767127115,nan,nan,nan,4.248930099857347,2.7070631178590205,4.15092936802974,2.7441538180589036,0.9769351979146709,0.4153,0.02216,0.0,0.0,0.0,0.0,0.0,0.0,0.0,0.0,0.0,0.0,0.5036138960130567,6.819771508510132,16.29051060853346,6.176264863604572,0.20983912333877366,0.0,0.0,0.0,0.0,0.0,0.0,0.0,0.0,0.0,0.0,0.0,0.0,0.0,0.0,0.0,nan,nan,4.200509461426492,2.7253272767127115,nan,0.4153,0.1075,0.0,0.0,0.0,0.0,0.0,0.0,0.0,0.0,0.00017486593611564468,0.0004196782466775472,0.0,0.0004080205176031709,0.004954534856609932,0.00023315458148752622,0.0021217066915364888,0.0002914432268594078,0.0015971088831895548,0.003928654698064817,0.0012590347400326417,0.0007810678479832128,0.0008043833061319655,0.0014455584052226627,0.012695266961995803,0.016635579389134996,0.008521799953369083,0.026066682210305434,0.005875495453485661,0.01921193751457216,0.011552809512706924,0.010200512940079273,0.03139426439729541,0.027547213802751224,0.02456283515971089,0.024108183725810212,0.01656563301468874,0.045057122872464446,0.023875029144322685,0.04832128701328981,0.0604802984378643,0.029622289577990207,0.02096059687572861,0.030193518302634646,0.020832361855910468,0.015528095127069246,0.02619491723012357,0.01874562835159711,0.06972487759384471,0.047971555141058525,0.0381907204476568,0.03573093961296339,0.02796689204942877,0.014012590347400326,0.010911634413616228,0.021228724644439263,0.01529494054558172,0.013091629750524598,0.030636512007460946,0.019083702494754023,0.006400093261832595,0.005968757286080671,0.004301702028444859,0.001911867568197715,0.009699230589881092,0.005234320354394964,0.022254604802984378,0.0016787129867101888,0.00027978549778503146,0.003299137328048496,0.00033807414315691303,5.8288645371881555e-05,0.0014105852179995338,0.00015155047796689206,0.0,0.0,0.0,0.0,0.0,0.0,0.0,0.0,0.0,0.0,0.0,0.0,0.0,0.0,0.0,0.0,0.0,0.0,0.0,0.0,0.0,0.0,0.0,0.0,0.0,0.0,0.0,0.0,0.0,nan,nan,4.200509461426492,2.7253272767127115,nan,0.8879484266486316,0.03603786143573362,0.0,0.0,0.0,0.0,0.0,0.0,0.0,0.0,0.0,0.0,0.0,0.0,0.0,0.0,0.0,0.0,0.0,0.0,0.0,0.0,0.0,0.0,0.06765899864682004,0.365358592692827,1.3531799729364007,5.9404600811908,11.962110960757784,7.577807848443845,2.029769959404601,0.7036535859269285,0.8870655687734427,0.036159873538015565,0.0,0.0,0.0,0.0,0.0,0.0,0.0,0.0,0.0,0.0,0.0,0.0,0.0,0.0,0.0,0.0,0.0,0.0,0.0,0.0,0.0,0.0,0.05791505791505793,0.41988416988416855,1.418918918918919,5.603281853281854,12.582046332046335,7.340733590733593,1.8388030888030893,0.7384169884169886,0.4155,0.02235,0.0,0.0,0.0,0.0,0.0,0.0,0.0,0.0,0.0,0.0,0.5683355886332884,6.562922868741532,16.359945872801084,6.292286874154264,0.21650879566982414,0.0,0.0,0.0,0.0,0.0,0.0,0.0,0.0,0.0,0.0,0.0,0.0,0.0,0.0,0.0,0.4153,0.02191,0.0,0.0,0.0,0.0,0.0,0.0,0.0,0.0,0.0,0.0,0.4343629343629345,7.094594594594584,16.21621621621622,6.052123552123554,0.20270270270270277,0.0,0.0,0.0,0.0,0.0,0.0,0.0,0.0,0.0,0.0,0.0,0.0,0.0,0.0,0.0
16600,4541,2300,0.5064963664391103,1059,969,0.4465976657123982,1284,0.5655142039198414,0.45399999999999996,2.889781347612673,2.9999089672980266,6.441558441558442,1.982838752725964,6649.800000000001,9.094947017729282e-13,6649.8,6649.8,6649.800000000002,1.8189894035458565e-12,6649.800000000002,1.8189894035458565e-12,27.3673199735741,20.698096802593273,32.481608891241066,18.92867262152853,0.14600308302136095,0.0946927989429641,0.10019819423034573,0.08984805109006827,0.08500330323717242,0.06958819643250386,0.06914776480951332,0.06672539088306541,0.05769654261175952,0.049548557586434706,0.04580488879101519,0.03633560889671878,0.029729134551860825,0.025545034133450783,0.015415106804668574,0.012552301255230125,0.0061660427218674305,0.8875706441154093,0.035132179987643786,0.0,0.0,0.0,0.0,0.0,0.0,0.0,0.0,0.0,0.0,0.0,0.0,0.0,0.0,0.0,0.0,0.0,0.0,0.0,0.0,0.0,0.0,0.02642589737943185,0.3105042942083232,1.4269984584893198,5.67496146223299,12.208764589297514,7.894736842105265,1.8299933935256556,0.6276150627615064,4.296052631578948,2.8038281977194806,nan,nan,nan,4.257731958762887,2.7868555628438827,4.334497206703911,2.821354106277508,1.0180296102912332,0.4148,0.02312,0.0,0.0,0.0,0.0,0.0,0.0,0.0,0.0,0.0,0.0,0.48227262717463126,7.597445496586643,15.518608236071353,6.0977758203039,0.2906848711737503,0.013212948689715925,0.0,0.0,0.0,0.0,0.0,0.0,0.0,0.0,0.0,0.0,0.0,0.0,0.0,0.0,nan,nan,4.296052631578948,2.8038281977194806,nan,0.4148,0.1075,0.0,0.0,0.0,0.0,0.0,0.0,0.0,0.0,7.707553402334287e-05,0.0004404316229905307,4.4043162299053074e-05,0.0006276150627615063,0.004800704690596785,0.0002752697643690817,0.0019158775600088087,0.0003413345078176613,0.0017066725390883066,0.0035124421933494824,0.0015084783087425677,0.0007707553402334288,0.000737722968509139,0.0013323056595463555,0.013664391103281215,0.017771415987667915,0.008258092931072452,0.025754239154371285,0.004932834177493944,0.02021581149526536,0.011583351684650958,0.009689495705791676,0.03119356969830434,0.025919401012992734,0.024785289583792117,0.026458929751156133,0.017022682228584014,0.04584893195331425,0.02438890112310064,0.04806210085884167,0.060063862585333624,0.0316229905307201,0.02049108125963444,0.03009249064082801,0.022561109887689935,0.014677383836159436,0.0241907068927549,0.01856419290905087,0.07025985465756442,0.047423475005505394,0.03674300814798503,0.035190486676943404,0.026635102400352346,0.013851574543052192,0.011054833737062321,0.023298832856199075,0.013829552961902665,0.013873596124201719,0.030312706452323278,0.019489099317330984,0.006672539088306541,0.006066945606694561,0.004239154371283858,0.0017066725390883066,0.009634441752917859,0.004668575203699625,0.02199955956837701,0.0014644351464435147,0.0003853776701167144,0.00282977317771416,0.0007707553402334288,8.808632459810615e-05,0.001563532261616384,4.4043162299053074e-05,0.0,0.0,0.0,0.0,0.0,0.0,0.0,0.0,0.0,0.0,0.0,0.0,0.0,0.0,0.0,0.0,0.0,0.0,0.0,0.0,0.0,0.0,0.0,0.0,0.0,0.0,0.0,0.0,0.0,nan,nan,4.296052631578948,2.8038281977194806,nan,0.8874958040921584,0.03517645667997128,0.0,0.0,0.0,0.0,0.0,0.0,0.0,0.0,0.0,0.0,0.0,0.0,0.0,0.0,0.0,0.0,0.0,0.0,0.0,0.0,0.0,0.0,0.013043478260869568,0.3782608695652162,1.4086956521739133,5.5304347826086975,12.4304347826087,7.773913043478262,1.8391304347826092,0.6260869565217392,0.8876474544917936,0.03508651350570764,0.0,0.0,0.0,0.0,0.0,0.0,0.0,0.0,0.0,0.0,0.0,0.0,0.0,0.0,0.0,0.0,0.0,0.0,0.0,0.0,0.0,0.0,0.04016064257028113,0.240963855421686,1.445783132530121,5.823293172690764,11.981258366800539,8.018741633199467,1.8206157965194114,0.6291834002677377,0.4146,0.02335,0.0,0.0,0.0,0.0,0.0,0.0,0.0,0.0,0.0,0.0,0.5869565217391305,7.669565217391293,15.417391304347829,6.0130434782608715,0.30000000000000004,0.013043478260869568,0.0,0.0,0.0,0.0,0.0,0.0,0.0,0.0,0.0,0.0,0.0,0.0,0.0,0.0,0.415,0.02286,0.0,0.0,0.0,0.0,0.0,0.0,0.0,0.0,0.0,0.0,0.3748326639892906,7.523427041499319,15.62248995983936,6.184738955823295,0.2811244979919679,0.013386880856760378,0.0,0.0,0.0,0.0,0.0,0.0,0.0,0.0,0.0,0.0,0.0,0.0,0.0,0.0
16700,4505,2303,0.5112097669256381,1066,952,0.4479467258601554,1283,0.5695893451720311,0.44999999999999996,2.9250681198910082,3.0235704573447117,6.463054187192118,2.006319539341597,6649.800000000002,1.8189894035458565e-12,6649.8,6649.8,6649.800000000001,9.094947017729282e-13,6649.800000000001,9.094947017729282e-13,27.864816870144285,20.819347024776032,32.97607019409732,18.983485779394453,0.14428412874583796,0.09655937846836848,0.09167591564927859,0.09411764705882353,0.07192008879023308,0.07147613762486127,0.07214206437291898,0.06681465038845727,0.05549389567147614,0.05615982241953385,0.04350721420643729,0.04350721420643729,0.03462819089900111,0.0244173140954495,0.016648168701442843,0.011986681465038845,0.004661487236403996,0.8872851214980444,0.035143232492370086,0.0,0.0,0.0,0.0,0.0,0.0,0.0,0.0,0.0,0.0,0.0,0.0,0.0,0.0,0.0,0.0,0.0,0.0,0.0,0.0,0.0,0.006659267480577138,0.0865704772475028,0.27302996670366175,1.351831298557159,5.667036625971145,12.56603773584906,7.4850166481687035,1.9711431742508327,0.5926748057713652,4.203799654576857,2.783231196069971,3.0,0.816496580927726,0.7136400986031224,4.180293501048218,2.7780063985662244,4.2257844474761255,2.78642506272972,1.010882237435362,0.4158,0.02318,0.0,0.0,0.0,0.0,0.0,0.0,0.0,0.0,0.0,0.0,0.5593784683684796,6.892341842397326,15.68257491675916,6.532741398446173,0.3329633740288569,0.0,0.0,0.0,0.0,0.0,0.0,0.0,0.0,0.0,0.0,0.0,0.0,0.0,0.0,0.0,nan,nan,4.202553485162181,2.782183600090666,nan,0.4158,0.10767,0.0,0.0,0.0,0.0,0.0,0.0,0.0,0.0,0.0001220865704772475,0.0004106548279689234,0.0,0.0003995560488346282,0.005216426193118757,0.0002552719200887902,0.002330743618201998,0.0004106548279689234,0.0016315205327413985,0.0029633740288568257,0.0018423973362930077,0.0008213096559378468,0.0008213096559378468,0.0008879023307436182,0.01316315205327414,0.016981132075471698,0.00785793562708102,0.025038845726970033,0.005149833518312986,0.018734739178690344,0.01053274139844617,0.009822419533851276,0.034384017758046614,0.02607103218645949,0.024239733629300778,0.025771365149833518,0.01653718091009989,0.04609322974472808,0.024084350721420643,0.04812430632630411,0.060432852386237516,0.033662597114317426,0.020332963374028856,0.031109877913429524,0.020332963374028856,0.013784683684794673,0.02374028856825749,0.01965593784683685,0.0681465038845727,0.04537180910099889,0.039778024417314095,0.03245283018867925,0.02660377358490566,0.012563817980022197,0.01269700332963374,0.02360710321864595,0.014273029966703663,0.013940066592674806,0.0327857935627081,0.020188679245283017,0.00783573806881243,0.006226415094339623,0.004261931187569367,0.002719200887902331,0.009345172031076581,0.004317425083240844,0.022341842397336293,0.0012763596004439512,0.00026637069922308545,0.003407325194228635,0.0006881243063263041,2.2197558268590455e-05,0.0010876803551609323,0.0,0.0,0.0,4.439511653718091e-05,0.0,0.0,0.0,0.0,0.0,0.0,0.0,0.0,0.0,0.0,0.0,0.0,0.0,0.0,0.0,0.0,0.0,0.0,0.0,0.0,0.0,0.0,0.0,0.0,0.0,0.0,nan,nan,4.202553485162181,2.782183600090666,nan,0.8865900836558224,0.035173998565708686,0.0,0.0,0.0,0.0,0.0,0.0,0.0,0.0,0.0,0.0,0.0,0.0,0.0,0.0,0.0,0.0,0.0,0.0,0.0,0.0,0.0,0.0,0.07815892314372559,0.24750325662179687,1.5110725141120283,5.822839774207557,12.531480677377337,7.281806339557101,1.9800260529743816,0.5471124620060791,0.8880120389143192,0.035096303680699485,0.0,0.0,0.0,0.0,0.0,0.0,0.0,0.0,0.0,0.0,0.0,0.0,0.0,0.0,0.0,0.0,0.0,0.0,0.0,0.0,0.0,0.01362397820163488,0.09536784741144416,0.2997275204359664,1.1852861035422346,5.504087193460491,12.602179836512265,7.697547683923707,1.9618528610354227,0.6403269754768394,0.4158,0.02303,0.0,0.0,0.0,0.0,0.0,0.0,0.0,0.0,0.0,0.0,0.5861919235779419,6.7998263135041155,15.540599218410772,6.799826313504127,0.27355623100303955,0.0,0.0,0.0,0.0,0.0,0.0,0.0,0.0,0.0,0.0,0.0,0.0,0.0,0.0,0.0,0.4155,0.02333,0.0,0.0,0.0,0.0,0.0,0.0,0.0,0.0,0.0,0.0,0.5313351498637603,6.989100817438683,15.831062670299731,6.253405994550411,0.39509536784741156,0.0,0.0,0.0,0.0,0.0,0.0,0.0,0.0,0.0,0.0,0.0,0.0,0.0,0.0,0.0
16800,4408,2339,0.5306261343012704,1089,877,0.4460072595281307,1227,0.5567150635208712,0.474,3.1271145480908653,3.158727380299034,6.7425249169435215,2.0650112265211096,6649.800000000001,9.094947017729282e-13,6649.8,6649.8,6649.800000000001,9.094947017729282e-13,6649.800000000001,9.094947017729282e-13,28.480943738656986,21.013436627348025,33.2857908847185,19.265127386593797,0.13316696914700543,0.09800362976406533,0.09596188747731398,0.08325771324863884,0.07849364791288566,0.07713248638838476,0.06941923774954628,0.06170598911070781,0.05716878402903811,0.05240471869328494,0.04922867513611615,0.0455989110707804,0.03357531760435572,0.02926497277676951,0.01882940108892922,0.009074410163339383,0.007713248638838476,0.8883387405296852,0.03426148316186968,0.0,0.0,0.0,0.0,0.0,0.0,0.0,0.0,0.0,0.0,0.0,0.0,0.0,0.0,0.0,0.0,0.0,0.0,0.0,0.0,0.0,0.0,0.027223230490018156,0.24500907441016256,1.1910163339382942,5.764519056261345,12.638384754990929,7.493194192377497,2.0077132486388387,0.6329401088929221,4.3252173913043475,2.951015845087656,0.0,0.0,0.0,4.388734353268428,2.9853254327070537,4.258692628650904,2.916044334947771,0.9703691966407859,0.4163,0.02315,0.0,0.0,0.0,0.0,0.0,0.0,0.0,0.0,0.0,0.0,0.48321234119782225,6.676497277676941,15.748638838475502,6.751361161524502,0.3402903811252269,0.0,0.0,0.0,0.0,0.0,0.0,0.0,0.0,0.0,0.0,0.0,0.0,0.0,0.0,0.0,nan,nan,4.323713490959666,2.951604472792662,nan,0.4163,0.10815,0.0,0.0,0.0,0.0,0.0,0.0,0.0,0.0,2.2686025408348456e-05,0.00029491833030852996,0.0,0.0006125226860254084,0.004446460980036298,0.0002722323049001815,0.002087114337568058,0.0006352087114337568,0.002177858439201452,0.0027223230490018148,0.0023933756805807624,0.0005784936479128857,0.0005671506352087115,0.0014065335753176043,0.013588929219600726,0.01631125226860254,0.008734119782214157,0.02374092558983666,0.006011796733212341,0.019135662431941924,0.009913793103448277,0.011127495462794918,0.032906079854809436,0.027779038112522685,0.021506352087114336,0.02725725952813067,0.018137477313974592,0.04546279491833031,0.025601179673321234,0.04724364791288566,0.05911978221415608,0.031499546279491836,0.02161978221415608,0.030796279491833032,0.016367967332123413,0.01419010889292196,0.024160617059891108,0.01890880217785844,0.0683529945553539,0.04549682395644283,0.04064201451905626,0.032282214156079854,0.027007713248638838,0.011762704174228675,0.01419010889292196,0.024092558983666062,0.01574410163339383,0.013566243194192378,0.03176043557168784,0.01920372050816697,0.0080989110707804,0.006907894736842105,0.004004083484573503,0.0026656079854809438,0.01000453720508167,0.0043897459165154265,0.02346869328493648,0.0012704174228675136,0.0003176043557168784,0.003618421052631579,0.0006805807622504537,2.2686025408348456e-05,0.0010662431941923776,0.0,0.0,0.0,4.537205081669691e-05,0.0,0.0,0.0,0.0,0.0,0.0,0.0,0.0,0.0,0.0,0.0,0.0,0.0,0.0,0.0,0.0,0.0,0.0,0.0,0.0,0.0,0.0,0.0,0.0,0.0,0.0,nan,nan,4.323713490959666,2.951604472792662,nan,0.8885978379530904,0.03460852620325413,0.0,0.0,0.0,0.0,0.0,0.0,0.0,0.0,0.0,0.0,0.0,0.0,0.0,0.0,0.0,0.0,0.0,0.0,0.0,0.0,0.0,0.0,0.01282599401453613,0.2052159042325774,1.3467293715262936,5.7075673364685775,12.402736212056437,7.387772552372811,2.321504916631039,0.6156477126977342,0.888045831456053,0.033862481794864896,0.0,0.0,0.0,0.0,0.0,0.0,0.0,0.0,0.0,0.0,0.0,0.0,0.0,0.0,0.0,0.0,0.0,0.0,0.0,0.0,0.0,0.0,0.04349927501208314,0.28999516674722,1.0149830836152733,5.828902851619141,12.904784920251332,7.61237312711455,1.6529724504591594,0.6524891251812471,0.416,0.02315,0.0,0.0,0.0,0.0,0.0,0.0,0.0,0.0,0.0,0.0,0.47456177853783676,7.054296707994859,15.404018811457892,6.772124839675076,0.29499786233433095,0.0,0.0,0.0,0.0,0.0,0.0,0.0,0.0,0.0,0.0,0.0,0.0,0.0,0.0,0.0,0.4167,0.02313,0.0,0.0,0.0,0.0,0.0,0.0,0.0,0.0,0.0,0.0,0.4929917834702756,6.249395843402601,16.138231029482846,6.727887868535526,0.3914934751087483,0.0,0.0,0.0,0.0,0.0,0.0,0.0,0.0,0.0,0.0,0.0,0.0,0.0,0.0,0.0
16900,4497,2346,0.5216811207471648,1098,917,0.4480764954414054,1265,0.5625972870802758,0.46599999999999997,3.0520688052068805,3.126361594123291,6.706270627062707,2.0301832054159723,6649.800000000002,1.8189894035458565e-12,6649.8,6649.8,6649.800000000001,9.094947017729282e-13,6649.800000000001,9.094947017729282e-13,27.472314876584388,20.540878409539253,32.36717921527041,18.80957806926875,0.14076050700466977,0.10651545474760951,0.0933955970647098,0.08427840782744052,0.07649544140538136,0.07827440515899489,0.07160329108294418,0.06270847231487658,0.05870580386924616,0.05470313542361575,0.047142539470758284,0.03935957304869913,0.03224371803424505,0.02423838114298421,0.014898821436513231,0.008894818768067601,0.00578163219924394,0.8864090630868713,0.03477176688427944,0.0,0.0,0.0,0.0,0.0,0.0,0.0,0.0,0.0,0.0,0.0,0.0,0.0,0.0,0.0,0.0,0.0,0.0,0.0,0.0,0.006671114076050702,0.006671114076050702,0.013342228152101404,0.3202134756504326,1.4609739826551038,5.9039359573048715,12.508338892595066,7.531687791861242,1.701134089392929,0.5470313542361576,4.334489937543372,2.8760872306961205,2.0,0.0,0.4614153057957093,4.3556810162314745,2.8970499155173055,4.310580204778157,2.8552909998946063,0.9896455201183813,0.4172,0.0237,0.0,0.0,0.0,0.0,0.0,0.0,0.0,0.0,0.0,0.006671114076050702,0.560373582388259,6.537691794529676,15.250166777851904,7.304869913275518,0.3402268178785858,0.0,0.0,0.0,0.0,0.0,0.0,0.0,0.0,0.0,0.0,0.0,0.0,0.0,0.0,0.0,nan,nan,4.333680194242109,2.8759169406367144,nan,0.4172,0.1074,0.0,0.0,0.0,0.0,0.0,0.0,0.0,0.0,0.0,0.00045585946186346455,0.0,0.00046697798532354903,0.0046586613297754055,0.00031131865688236604,0.0019346230820547032,0.000533689126084056,0.0025683789192795198,0.001912386035134534,0.0025683789192795198,0.0004113853680231265,0.0001890148988214365,0.0017233711363130975,0.012041360907271514,0.0168556815654881,0.00802757393818101,0.02347120302423838,0.005548143206582166,0.019679786524349565,0.009962197020235713,0.01081832332666222,0.03333333333333333,0.024849899933288858,0.02334889926617745,0.025995107849677564,0.017822993106515455,0.045763842561707804,0.026717811874583056,0.04641983544585279,0.057994218367800755,0.03253279964420725,0.02165888370024461,0.031798977095841674,0.018445630420280187,0.01383144318434512,0.024883255503669113,0.01724482988659106,0.06476539915499221,0.049210584834334,0.04033800311318657,0.030920613742494996,0.026473204358461195,0.011507671781187459,0.015743829219479654,0.02672893039804314,0.01546586613297754,0.014509673115410274,0.03319991105181232,0.01969090504780965,0.008138759172781855,0.006648877029130531,0.003947075828329998,0.0026128530131198577,0.009528574605292417,0.004603068712474984,0.023793640204580833,0.0010117856348676895,0.0003002001334222815,0.003291082944185012,0.00022237046920169,0.0,0.0005670446964643096,0.0,0.0,0.0,0.0,0.0,0.0,0.0,0.0,0.0,0.0,0.0,0.0,0.0,0.0,0.0,0.0,0.0,0.0,0.0,0.0,0.0,0.0,0.0,0.0,0.0,0.0,0.0,0.0,0.0,0.0,nan,nan,4.333680194242109,2.8759169406367144,nan,0.8857536493258301,0.03464020175362916,0.0,0.0,0.0,0.0,0.0,0.0,0.0,0.0,0.0,0.0,0.0,0.0,0.0,0.0,0.0,0.0,0.0,0.0,0.0,0.0,0.0,0.012787723785166244,0.025575447570332487,0.3069053708439888,1.470588235294118,6.240409207161127,12.32736572890026,7.442455242966753,1.6624040920716117,0.5115089514066498,0.8871238937160681,0.03490066414954079,0.0,0.0,0.0,0.0,0.0,0.0,0.0,0.0,0.0,0.0,0.0,0.0,0.0,0.0,0.0,0.0,0.0,0.0,0.0,0.0,0.013947001394700143,0.0,0.0,0.3347280334728023,1.450488145048815,5.536959553695956,12.70571827057183,7.629009762900978,1.7433751743375179,0.5857740585774059,0.417,0.02383,0.0,0.0,0.0,0.0,0.0,0.0,0.0,0.0,0.0,0.012787723785166244,0.5626598465473147,6.790281329923263,14.961636828644505,7.327365728900257,0.3452685421994886,0.0,0.0,0.0,0.0,0.0,0.0,0.0,0.0,0.0,0.0,0.0,0.0,0.0,0.0,0.0,0.4172,0.02356,0.0,0.0,0.0,0.0,0.0,0.0,0.0,0.0,0.0,0.0,0.5578800557880057,6.262203626220353,15.564853556485359,7.280334728033474,0.3347280334728034,0.0,0.0,0.0,0.0,0.0,0.0,0.0,0.0,0.0,0.0,0.0,0.0,0.0,0.0,0.0
17000,4522,2325,0.5141530296329058,1112,936,0.45289694825298543,1308,0.5785050862450243,0.47,3.0646335912608103,3.0277747822479837,6.447852760736196,2.0134619767194097,6649.800000000002,1.8189894035458565e-12,6649.8,6649.8,6649.800000000002,1.8189894035458565e-12,6649.800000000001,9.094947017729282e-13,28.259177355152588,20.835597516508045,33.00469728601253,19.08238043513449,0.13423264042459088,0.09663865546218488,0.09265811587793012,0.08934099955771782,0.08447589562140646,0.07010172490048651,0.07164971251658558,0.0625829279080053,0.0625829279080053,0.05196815568332596,0.04643962848297214,0.041353383458646614,0.03582485625829279,0.02631578947368421,0.01525873507297656,0.010614772224679346,0.00796107916850951,0.885185261905747,0.03461172435672127,0.0,0.0,0.0,0.0,0.0,0.0,0.0,0.0,0.0,0.0,0.0,0.0,0.0,0.0,0.0,0.0,0.0,0.0,0.0,0.0,0.006634232640424592,0.019902697921273776,0.08624502432551971,0.2919062361786811,1.466165413533835,6.1565678903140215,12.372843874391865,7.4900486510393645,1.7182662538699693,0.39141972578505096,4.342140921409214,2.7975040698436104,5.4,2.8000000000000003,1.2436261507255422,4.373387644263408,2.8036728887499383,4.314690026954178,2.7917427047979766,0.986578455402593,0.418,0.02333,0.0,0.0,0.0,0.0,0.0,0.0,0.0,0.0,0.0,0.0,0.5970809376382132,5.944272445820425,15.583812472357367,7.443609022556393,0.4312251216275985,0.0,0.0,0.0,0.0,0.0,0.0,0.0,0.0,0.0,0.0,0.0,0.0,0.0,0.0,0.0,nan,nan,4.343929658437606,2.7978458993457718,nan,0.418,0.10785,0.0,0.0,0.0,0.0,0.0,0.0,0.0,0.0,0.0,0.0005639097744360903,0.0,0.0003427686864219372,0.0042680229986731535,0.000254312251216276,0.0018907563025210084,0.000508624502432552,0.002598407784166298,0.0020123839009287925,0.0022998673153471916,0.0003980539584254755,0.00019902697921273774,0.00183547103051747,0.011090225563909775,0.017116320212295446,0.007972136222910218,0.023496240601503758,0.005539584254754534,0.019714727996461744,0.011521450685537372,0.01050420168067227,0.031755860238832374,0.0248562582927908,0.024137549756744803,0.026426360017691285,0.0189296771340115,0.044935869084475895,0.026758071649712518,0.04455992923485184,0.058812472357364,0.033392304290137106,0.019736842105263157,0.03285050862450243,0.018907563025210083,0.012328615656789032,0.02339672711189739,0.01868642193719593,0.06365546218487395,0.04766696152145069,0.0398827952233525,0.03177797434763379,0.027819548872180452,0.011908447589562141,0.015170278637770897,0.026824413976116762,0.01586687306501548,0.014396284829721362,0.034630694383016365,0.020046439628482973,0.007894736842105263,0.007043343653250774,0.0037262273330384787,0.001934984520123839,0.00814904909332154,0.0046439628482972135,0.025696594427244583,0.0011057054400707652,0.00022114108801415304,0.0042348518354710304,0.00022114108801415304,2.2114108801415304e-05,0.0008624502432551969,0.0,0.0,0.0,0.0,0.0,0.0,0.0,0.0,0.0,0.0,0.0,0.0,0.0,0.0,0.0,0.0,0.0,0.0,0.0,0.0,0.0,0.0,0.0,0.0,0.0,0.0,0.0,0.0,0.0,0.0,nan,nan,4.343929658437606,2.7978458993457718,nan,0.8850765347993502,0.035105464607770746,0.0,0.0,0.0,0.0,0.0,0.0,0.0,0.0,0.0,0.0,0.0,0.0,0.0,0.0,0.0,0.0,0.0,0.0,0.0,0.0,0.012903225806451616,0.025806451612903233,0.0774193548387097,0.24516129032257986,1.612903225806452,6.103225806451614,12.400000000000004,7.251612903225808,1.8580645161290326,0.4129032258064517,0.8853003235909415,0.03408105120365702,0.0,0.0,0.0,0.0,0.0,0.0,0.0,0.0,0.0,0.0,0.0,0.0,0.0,0.0,0.0,0.0,0.0,0.0,0.0,0.0,0.0,0.013654984069185257,0.09558488848429679,0.34137460172963024,1.3108784706417844,6.213017751479292,12.344105598543472,7.74237596722804,1.5703231679563046,0.3686845698680019,0.418,0.02286,0.0,0.0,0.0,0.0,0.0,0.0,0.0,0.0,0.0,0.0,0.6322580645161291,5.8193548387096685,15.935483870967746,7.212903225806453,0.4000000000000001,0.0,0.0,0.0,0.0,0.0,0.0,0.0,0.0,0.0,0.0,0.0,0.0,0.0,0.0,0.0,0.4182,0.02382,0.0,0.0,0.0,0.0,0.0,0.0,0.0,0.0,0.0,0.0,0.5598543468365954,6.076467910787429,15.211652253072375,7.687756030951299,0.4642694583522987,0.0,0.0,0.0,0.0,0.0,0.0,0.0,0.0,0.0,0.0,0.0,0.0,0.0,0.0,0.0
17100,4684,2425,0.5177198975234842,1144,942,0.4453458582408198,1333,0.5691716481639624,0.45399999999999996,3.0810092961487383,3.146009740974678,6.7298507462686565,2.036276593634329,6649.8,0.0,6649.8,6649.8,6649.800000000001,9.094947017729282e-13,6649.800000000001,9.094947017729282e-13,28.169513236549957,20.77599719521621,32.9220287660863,19.048531633118756,0.13193851409052093,0.09777967549103331,0.09479077711357814,0.08753202391118702,0.08625106746370624,0.07600341588385995,0.07087959009393681,0.058497011101622545,0.05550811272416738,0.05486763450042698,0.048035866780529464,0.04312553373185312,0.037574722459436376,0.025405636208368915,0.013663535439795047,0.01067463706233988,0.007472245943637917,0.8873785769552578,0.034601387645435105,0.0,0.0,0.0,0.0,0.0,0.0,0.0,0.0,0.0,0.0,0.0,0.0,0.0,0.0,0.0,0.0,0.0,0.0,0.0,0.0,0.0,0.0,0.05764304013663537,0.2882152006831759,1.3065755764304015,5.6426131511528625,12.662254483347569,7.602476515798465,1.8637916310845435,0.5764304013663536,4.319895116355293,2.885660155848207,4.0,2.943920288775949,0.925948406676783,4.34078947368421,2.906375823833332,4.298565840938722,2.8649817623500637,0.9902728217985539,0.418,0.02245,0.0,0.0,0.0,0.0,0.0,0.0,0.0,0.0,0.0,0.0,0.365072587532024,6.142186165670359,15.90947907771136,7.1605465414175935,0.4227156276686594,0.0,0.0,0.0,0.0,0.0,0.0,0.0,0.0,0.0,0.0,0.0,0.0,0.0,0.0,0.0,nan,nan,4.319580877537655,2.88573536323332,nan,0.418,0.1077,0.0,0.0,0.0,0.0,0.0,0.0,0.0,0.0,0.0,0.0003736122971818958,4.269854824935952e-05,0.0003309137489325363,0.003757472245943638,0.00036293766011955594,0.0022523484201537147,0.0006404782237403928,0.0027220324508966695,0.0020068317677198974,0.0022309991460290352,0.0005550811272416738,0.000266865926558497,0.0017613151152860802,0.012201110162254484,0.014570879590093937,0.00805935098206661,0.02228864218616567,0.004622117847993168,0.021189154568744664,0.0125533731853117,0.010354397950469683,0.031159265584970113,0.02501067463706234,0.024605038428693424,0.026312980358667807,0.019235695986336464,0.046722886421861655,0.026110162254483347,0.04679760888129804,0.05908411614005124,0.03371050384286934,0.020484628522630232,0.03234415029888984,0.017591801878736123,0.012169086251067465,0.02221391972672929,0.01796541417591802,0.06018360375747225,0.05046968403074296,0.03927198975234842,0.03130871050384287,0.029814261315115286,0.010888129803586678,0.015873185311699404,0.027380444064901793,0.014111870196413322,0.01586251067463706,0.03416951323654996,0.019257045260461143,0.009254910333048677,0.006500853970964987,0.004024338172502135,0.0018680614859094792,0.006362083689154569,0.004792912040990607,0.027134927412467976,0.000992741246797609,0.00035226302305721603,0.004280529461998292,0.00036293766011955594,0.0,0.0008219470538001708,0.0,0.0,0.0,0.0,0.0,0.0,0.0,0.0,0.0,0.0,0.0,0.0,0.0,0.0,0.0,0.0,0.0,0.0,0.0,0.0,0.0,0.0,0.0,0.0,0.0,0.0,0.0,0.0,0.0,0.0,nan,nan,4.319580877537655,2.88573536323332,nan,0.8872771379628133,0.034193975696468135,0.0,0.0,0.0,0.0,0.0,0.0,0.0,0.0,0.0,0.0,0.0,0.0,0.0,0.0,0.0,0.0,0.0,0.0,0.0,0.0,0.0,0.0,0.06185567010309279,0.3216494845360815,1.2000000000000002,5.641237113402063,12.87835051546392,7.583505154639177,1.793814432989691,0.5195876288659794,0.8874874700746371,0.03503313838871587,0.0,0.0,0.0,0.0,0.0,0.0,0.0,0.0,0.0,0.0,0.0,0.0,0.0,0.0,0.0,0.0,0.0,0.0,0.0,0.0,0.0,0.0,0.05312084993359895,0.2523240371845942,1.4209827357237719,5.644090305444888,12.430278884462155,7.622841965471449,1.9389110225763617,0.6374501992031874,0.4182,0.0222,0.0,0.0,0.0,0.0,0.0,0.0,0.0,0.0,0.0,0.0,0.35876288659793826,6.049484536082465,16.07010309278351,7.1134020618556715,0.4082474226804125,0.0,0.0,0.0,0.0,0.0,0.0,0.0,0.0,0.0,0.0,0.0,0.0,0.0,0.0,0.0,0.418,0.02272,0.0,0.0,0.0,0.0,0.0,0.0,0.0,0.0,0.0,0.0,0.3718459495351927,6.241699867197866,15.737051792828689,7.211155378486057,0.43824701195219135,0.0,0.0,0.0,0.0,0.0,0.0,0.0,0.0,0.0,0.0,0.0,0.0,0.0,0.0,0.0
17200,4625,2393,0.5174054054054054,1141,929,0.44756756756756755,1306,0.5647567567567567,0.44999999999999996,3.028225806451613,3.041618557153302,6.485714285714286,1.9932647062154185,6649.800000000002,1.8189894035458565e-12,6649.8,6649.8,6649.800000000001,9.094947017729282e-13,6649.800000000001,9.094947017729282e-13,28.318918918918918,20.789293474180116,33.12225063938619,19.010722268631234,0.1334054054054054,0.09902702702702702,0.09275675675675675,0.08756756756756756,0.07481081081081081,0.07156756756756756,0.0774054054054054,0.0627027027027027,0.06313513513513513,0.05535135135135135,0.046270270270270274,0.041945945945945945,0.03156756756756757,0.027891891891891892,0.01816216216216216,0.010378378378378378,0.006054054054054054,0.887164946994266,0.03543956643233754,0.0,0.0,0.0,0.0,0.0,0.0,0.0,0.0,0.0,0.0,0.0,0.0,0.0,0.0,0.0,0.0,0.0,0.0,0.0,0.0,0.006486486486486488,0.02594594594594595,0.038918918918918924,0.291891891891891,1.381621621621622,6.006486486486488,12.162162162162165,7.401081081081083,2.114594594594595,0.5708108108108109,4.273995350381933,2.8149476373887348,5.0,3.6742346141747673,1.1698655684202348,4.328259430840503,2.856504567997539,4.222222222222222,2.7752083925250193,0.9755011892626572,0.4175,0.02258,0.0,0.0,0.0,0.0,0.0,0.0,0.0,0.0,0.0,0.0,0.38918918918918927,6.27891891891891,16.041081081081085,6.88864864864865,0.4021621621621623,0.0,0.0,0.0,0.0,0.0,0.0,0.0,0.0,0.0,0.0,0.0,0.0,0.0,0.0,0.0,nan,nan,4.274958540630182,2.816385329634593,nan,0.4175,0.10693,0.0,0.0,0.0,0.0,0.0,0.0,0.0,2.162162162162162e-05,0.0,0.00018378378378378378,1.081081081081081e-05,0.00018378378378378378,0.004324324324324324,0.00014054054054054053,0.0025729729729729728,0.0005621621621621621,0.0025513513513513515,0.0021297297297297297,0.0019351351351351352,0.001308108108108108,0.00034594594594594593,0.0016864864864864866,0.010497297297297297,0.014378378378378378,0.007448648648648648,0.021837837837837836,0.004291891891891892,0.023113513513513515,0.012237837837837837,0.009037837837837837,0.032583783783783786,0.02641081081081081,0.023286486486486485,0.027762162162162162,0.017491891891891893,0.04610810810810811,0.028756756756756756,0.04803243243243243,0.06035675675675676,0.03233513513513513,0.021254054054054054,0.02958918918918919,0.019135135135135137,0.01144864864864865,0.021524324324324325,0.017524324324324325,0.06290810810810811,0.051697297297297294,0.039005405405405404,0.03354594594594595,0.02970810810810811,0.011394594594594595,0.015632432432432432,0.027924324324324325,0.012248648648648648,0.015816216216216216,0.03327567567567567,0.017610810810810812,0.008583783783783784,0.006681081081081081,0.0038810810810810813,0.0022054054054054056,0.005459459459459459,0.005751351351351352,0.025805405405405404,0.0008648648648648649,0.00034594594594594593,0.0038918918918918917,0.00022702702702702703,0.0,0.0011243243243243242,0.0,0.0,0.0,0.0,0.0,1.081081081081081e-05,0.0,0.0,0.0,0.0,0.0,0.0,0.0,0.0,0.0,0.0,0.0,0.0,0.0,0.0,0.0,0.0,0.0,0.0,0.0,0.0,0.0,0.0,0.0,0.0,nan,nan,4.274958540630182,2.816385329634593,nan,0.8876064776427767,0.03554722376367449,0.0,0.0,0.0,0.0,0.0,0.0,0.0,0.0,0.0,0.0,0.0,0.0,0.0,0.0,0.0,0.0,0.0,0.0,0.0,0.0,0.0,0.012536564981195155,0.02507312996239031,0.3384872544922681,1.366485582950272,6.1554534057668215,11.784371082323446,7.65984120351024,2.01838696197242,0.6393648140409529,0.8866915675848188,0.03531764807520517,0.0,0.0,0.0,0.0,0.0,0.0,0.0,0.0,0.0,0.0,0.0,0.0,0.0,0.0,0.0,0.0,0.0,0.0,0.0,0.0,0.013440860215053767,0.040322580645161296,0.05376344086021507,0.24193548387096697,1.3978494623655917,5.846774193548389,12.567204301075272,7.123655913978496,2.2177419354838714,0.49731182795698936,0.4177,0.02242,0.0,0.0,0.0,0.0,0.0,0.0,0.0,0.0,0.0,0.0,0.37609694943585464,6.03008775595486,16.12202256581697,7.0455495194316775,0.42624320936063526,0.0,0.0,0.0,0.0,0.0,0.0,0.0,0.0,0.0,0.0,0.0,0.0,0.0,0.0,0.0,0.4172,0.02275,0.0,0.0,0.0,0.0,0.0,0.0,0.0,0.0,0.0,0.0,0.403225806451613,6.545698924731173,15.95430107526882,6.720430107526884,0.3763440860215055,0.0,0.0,0.0,0.0,0.0,0.0,0.0,0.0,0.0,0.0,0.0,0.0,0.0,0.0,0.0
17300,4350,2188,0.5029885057471264,1023,880,0.4374712643678161,1215,0.5586206896551724,0.474,3.0069380203515266,3.126007399487953,6.613526570048309,2.1216036140209416,6649.800000000001,9.094947017729282e-13,6649.8,6649.8,6649.800000000001,9.094947017729282e-13,6649.800000000002,1.8189894035458565e-12,27.84689655172414,21.02452882248944,32.78855108189537,19.340996895120885,0.13977011494252872,0.10620689655172413,0.09494252873563218,0.08482758620689655,0.07701149425287357,0.07195402298850574,0.07241379310344828,0.05586206896551724,0.0639080459770115,0.05379310344827586,0.04482758620689655,0.04,0.03264367816091954,0.02436781609195402,0.01793103448275862,0.011264367816091954,0.008275862068965517,0.8886792642905794,0.0353806163088562,0.0,0.0,0.0,0.0,0.0,0.0,0.0,0.0,0.0,0.0,0.0,0.0,0.0,0.0,0.0,0.0,0.0,0.0,0.0,0.0,0.0,0.0,0.020689655172413796,0.31724137931034385,1.4000000000000001,5.151724137931035,12.641379310344831,7.793103448275864,1.9931034482758625,0.6827586206896553,4.364489354023818,2.838607482627986,nan,nan,nan,4.379209370424597,2.811497199929664,4.35017793594306,2.8646467558766227,0.9933706219488835,0.4172,0.02245,0.0,0.0,0.0,0.0,0.0,0.0,0.0,0.0,0.0,0.013793103448275865,0.3517241379310345,6.296551724137922,16.089655172413796,6.862068965517243,0.37241379310344835,0.013793103448275865,0.0,0.0,0.0,0.0,0.0,0.0,0.0,0.0,0.0,0.0,0.0,0.0,0.0,0.0,nan,nan,4.364489354023818,2.838607482627986,nan,0.4172,0.1059,0.0,0.0,0.0,0.0,0.0,0.0,0.0,9.195402298850575e-05,0.0,0.00016091954022988506,0.0,0.00022988505747126436,0.003563218390804598,0.00016091954022988506,0.0026781609195402297,0.0006666666666666666,0.0022413793103448275,0.0021149425287356324,0.002160919540229885,0.001367816091954023,0.0005517241379310345,0.0013908045977011495,0.010712643678160919,0.015045977011494252,0.006563218390804598,0.02171264367816092,0.003988505747126437,0.022149425287356323,0.011885057471264367,0.008712643678160919,0.03032183908045977,0.026563218390804597,0.02364367816091954,0.02681609195402299,0.020563218390804598,0.04616091954022988,0.027827586206896553,0.04909195402298851,0.061,0.03281609195402299,0.022057471264367814,0.02986206896551724,0.020551724137931035,0.013275862068965517,0.021459770114942527,0.01820689655172414,0.061839080459770115,0.04939080459770115,0.04191954022988506,0.03528735632183908,0.029885057471264367,0.01060919540229885,0.014655172413793103,0.028126436781609195,0.012586206896551724,0.014873563218390805,0.03133333333333333,0.01732183908045977,0.008689655172413793,0.006839080459770115,0.00335632183908046,0.002149425287356322,0.0057816091954022986,0.006310344827586207,0.024816091954022988,0.0006436781609195402,0.00022988505747126436,0.0034712643678160918,0.0003793103448275862,0.0,0.0011379310344827587,0.0,0.0,0.0,0.0,0.0,0.0,0.0,0.0,0.0,0.0,0.0,0.0,0.0,0.0,0.0,0.0,0.0,0.0,0.0,0.0,0.0,0.0,0.0,0.0,0.0,0.0,0.0,0.0,0.0,0.0,nan,nan,4.364489354023818,2.838607482627986,nan,0.8883427171482683,0.03532106221771313,0.0,0.0,0.0,0.0,0.0,0.0,0.0,0.0,0.0,0.0,0.0,0.0,0.0,0.0,0.0,0.0,0.0,0.0,0.0,0.0,0.0,0.0,0.02742230347349178,0.3290676416819002,1.3299817184643512,5.4707495429616095,12.573126142595981,7.623400365630714,1.9469835466179164,0.6992687385740404,0.8890198587158231,0.03543753081001786,0.0,0.0,0.0,0.0,0.0,0.0,0.0,0.0,0.0,0.0,0.0,0.0,0.0,0.0,0.0,0.0,0.0,0.0,0.0,0.0,0.0,0.0,0.013876040703052732,0.3052728954671591,1.4708603145235897,4.82886216466235,12.710453283996303,7.964847363552268,2.0397779833487517,0.6660499537465311,0.4172,0.02211,0.0,0.0,0.0,0.0,0.0,0.0,0.0,0.0,0.0,0.0,0.32906764168190134,6.307129798903099,16.220292504570388,6.841864716636199,0.30164533820840955,0.0,0.0,0.0,0.0,0.0,0.0,0.0,0.0,0.0,0.0,0.0,0.0,0.0,0.0,0.0,0.4175,0.02278,0.0,0.0,0.0,0.0,0.0,0.0,0.0,0.0,0.0,0.027752081406105463,0.37465309898242377,6.285846438482877,15.957446808510642,6.882516188714155,0.4440333024976874,0.027752081406105463,0.0,0.0,0.0,0.0,0.0,0.0,0.0,0.0,0.0,0.0,0.0,0.0,0.0,0.0
17400,4579,2324,0.507534396156366,1096,912,0.43852369512994105,1311,0.5726141078838174,0.46199999999999997,2.987139689578714,3.034219256599057,6.458893871449925,1.9940567829451787,6649.800000000001,9.094947017729282e-13,6649.8,6649.8,6649.800000000001,9.094947017729282e-13,6649.800000000002,1.8189894035458565e-12,28.014195239135184,21.0526024974902,33.06235324810853,19.298066377764666,0.14129722646866127,0.10133216859576327,0.08844725922690544,0.09194147193710417,0.08211399868967023,0.07294169032539856,0.06355099366673947,0.06333260537235204,0.05350513212491811,0.05394190871369295,0.04979253112033195,0.04149377593360996,0.03363179733566281,0.02555143044332824,0.018999781611705614,0.01070102642498362,0.007425202009172308,0.8889279009786124,0.03520964716079828,0.0,0.0,0.0,0.0,0.0,0.0,0.0,0.0,0.0,0.0,0.0,0.0,0.0,0.0,0.0,0.0,0.0,0.0,0.0,0.0,0.0,0.01965494649486788,0.08517143481109415,0.314479143917885,1.139986896702337,5.195457523476742,12.664337191526537,7.796462109630926,2.1489408167722215,0.6355099366673947,4.3562478835082965,2.8232278305489875,3.5,2.692582403567252,0.8034437189054726,4.348352387357095,2.8236146883211433,4.3619047619047615,2.8228256537026537,1.0031166688760254,0.4172,0.02298,0.0,0.0,0.0,0.0,0.0,0.0,0.0,0.0,0.0,0.006551648831622627,0.491373662371697,6.335444420179069,15.933609958506228,6.866127975540513,0.3668923345708671,0.0,0.0,0.0,0.0,0.0,0.0,0.0,0.0,0.0,0.0,0.0,0.0,0.0,0.0,0.0,nan,nan,4.355089617855935,2.823230598371857,nan,0.4172,0.10583,0.0,0.0,0.0,0.0,0.0,0.0,0.0,1.0919414719371043e-05,0.0,0.00010919414719371041,0.0,0.00038217951517798644,0.004214894081677222,3.275824415811313e-05,0.002795370168158987,0.00052413190652981,0.0019108975758899323,0.0018781393317318191,0.0025551430443328236,0.0012338938632889278,0.0005568901506879232,0.001823542258134964,0.009150469534832933,0.015898667831404235,0.005951081022057218,0.02285433500764359,0.0032867438305306837,0.021205503385018563,0.01205503385018563,0.00828783577200262,0.031174929023804324,0.026883599039091505,0.024448569556671764,0.02557326927276698,0.021576763485477178,0.04713911334352479,0.02924219261847565,0.04822013540074252,0.06264468224503167,0.031775496833369735,0.02211181480672636,0.02863070539419087,0.020954356846473027,0.014118803232146758,0.019960690107010265,0.01753658003930989,0.06210963092378249,0.04759772876173837,0.043633981218606684,0.03573924437650142,0.028794496614981437,0.009805634417995196,0.01405328674383053,0.02734221445730509,0.012633762830312296,0.015483730072068137,0.03442891461017689,0.018060711945839702,0.008582659969425638,0.006049355754531557,0.0037344398340248964,0.001550556890150688,0.006955667176239353,0.005514304433282376,0.023203756278663463,0.00048045424765232584,0.0002948241974230181,0.003996505787289801,0.00027298536798427603,0.0,0.0009718279100240227,0.0,0.0,0.0,0.0,0.0,0.0,0.0,0.0,0.0,0.0,0.0,0.0,0.0,0.0,0.0,0.0,0.0,0.0,0.0,0.0,0.0,0.0,0.0,0.0,0.0,0.0,0.0,0.0,0.0,0.0,nan,nan,4.355089617855935,2.823230598371857,nan,0.8894859017634351,0.03551701348778963,0.0,0.0,0.0,0.0,0.0,0.0,0.0,0.0,0.0,0.0,0.0,0.0,0.0,0.0,0.0,0.0,0.0,0.0,0.0,0.0,0.0,0.012908777969018936,0.09036144578313256,0.38726333907056676,1.0456110154905338,5.137693631669536,12.598967297762481,7.732358003442342,2.2977624784853705,0.6970740103270225,0.8883528261121255,0.03488070342843863,0.0,0.0,0.0,0.0,0.0,0.0,0.0,0.0,0.0,0.0,0.0,0.0,0.0,0.0,0.0,0.0,0.0,0.0,0.0,0.0,0.0,0.02660753880266076,0.07982261640798227,0.23946784922394604,1.2372505543237253,5.2549889135255,12.731707317073173,7.862527716186254,1.995565410199557,0.5720620842572063,0.4172,0.02269,0.0,0.0,0.0,0.0,0.0,0.0,0.0,0.0,0.0,0.012908777969018936,0.42598967297762486,6.467297762478476,15.916523235800348,6.815834767641998,0.36144578313253023,0.0,0.0,0.0,0.0,0.0,0.0,0.0,0.0,0.0,0.0,0.0,0.0,0.0,0.0,0.0,0.417,0.02327,0.0,0.0,0.0,0.0,0.0,0.0,0.0,0.0,0.0,0.0,0.5587583148558759,6.1995565410199465,15.951219512195125,6.917960088691798,0.37250554323725066,0.0,0.0,0.0,0.0,0.0,0.0,0.0,0.0,0.0,0.0,0.0,0.0,0.0,0.0,0.0
17500,4564,2297,0.5032865907099036,1017,952,0.43141980718667833,1294,0.5670464504820333,0.46199999999999997,2.9541243934715484,3.050756408039072,6.500777604976672,2.0296210876046863,6649.800000000001,9.094947017729282e-13,6649.8,6649.8,6649.800000000001,9.094947017729282e-13,6649.800000000001,9.094947017729282e-13,27.8534180543383,21.218588872335644,33.200052924053985,19.413351363537785,0.14702015775635408,0.10341805433829973,0.09224364592462753,0.08676599474145487,0.07515337423312883,0.07449605609114812,0.06704645048203331,0.05652936021034181,0.05455740578439965,0.0528045574057844,0.05127081507449606,0.03943908851884312,0.03812445223488168,0.02432077125328659,0.01796669588080631,0.010517090271691499,0.008326029798422436,0.8884049999306434,0.03541985822079919,0.0,0.0,0.0,0.0,0.0,0.0,0.0,0.0,0.0,0.0,0.0,0.0,0.0,0.0,0.0,0.0,0.0,0.0,0.0,0.0,0.0,0.013146362839614376,0.10517090271691501,0.2563540753724795,1.3212094653812447,5.521472392638039,12.199824715162142,7.94697633654689,2.090271691498686,0.5455740578439966,4.385308385308385,2.774471354035736,4.25,4.02336923485777,0.9691450695322377,4.467263955892488,2.7607561761777974,4.302293259207783,2.79002273227139,0.9630712001096102,0.4167,0.02278,0.0,0.0,0.0,0.0,0.0,0.0,0.0,0.0,0.0,0.0,0.5061349693251534,6.474583698510069,15.880806310254167,6.730937773882561,0.40096406660823847,0.006573181419807188,0.0,0.0,0.0,0.0,0.0,0.0,0.0,0.0,0.0,0.0,0.0,0.0,0.0,0.0,nan,nan,4.385121107266436,2.7765927320847585,nan,0.4167,0.1057,0.0,0.0,0.0,0.0,0.0,0.0,0.0,4.3821209465381244e-05,0.0,5.477651183172656e-05,2.1910604732690622e-05,0.0003834355828220859,0.004557405784399649,3.286590709903593e-05,0.002256792287467134,0.0006244522348816827,0.0018404907975460123,0.0019171779141104294,0.0024868536371603855,0.0011722173531989483,0.000317703768624014,0.0021362839614373357,0.009103856266432954,0.016936897458369852,0.005773444347063979,0.023707274320771254,0.0025197195442594215,0.020037248028045573,0.011864592462751972,0.007372918492550395,0.029645048203330412,0.028187992988606487,0.02553680981595092,0.025876424189307624,0.021954425942156002,0.048860648553900085,0.030083260297984225,0.046910604732690625,0.06693689745836985,0.02972173531989483,0.02285276073619632,0.02743207712532866,0.021549079754601227,0.015008764241893076,0.01897458369851008,0.01829535495179667,0.05982690622261174,0.04798422436459246,0.044303242769500435,0.03359991235758107,0.0290863277826468,0.009333917616126204,0.01476774758983348,0.02873575810692375,0.012215162138475021,0.016783523225241015,0.03219763365468887,0.016432953549517966,0.008117879053461875,0.005663891323400526,0.003242769500438212,0.0017418930762489045,0.006693689745836985,0.005707712532865907,0.023915425065731813,0.0004710780017528484,0.00037248028045574057,0.0047765118317265555,0.0004272567922874671,6.573181419807186e-05,0.0005477651183172656,0.0,0.0,0.0,0.0,0.0,0.0,0.0,0.0,0.0,0.0,0.0,0.0,0.0,0.0,0.0,0.0,0.0,0.0,0.0,0.0,0.0,0.0,0.0,0.0,0.0,0.0,0.0,0.0,0.0,0.0,nan,nan,4.385121107266436,2.7765927320847585,nan,0.8882572722009435,0.03600814619942397,0.0,0.0,0.0,0.0,0.0,0.0,0.0,0.0,0.0,0.0,0.0,0.0,0.0,0.0,0.0,0.0,0.0,0.0,0.0,0.0,0.0,0.026121027427078804,0.130605137135394,0.20896821941662974,1.3713539399216372,5.668262951676101,12.041793643883329,7.823247714410102,2.1941663038746193,0.5354810622551155,0.8885546825928051,0.03481300812128533,0.0,0.0,0.0,0.0,0.0,0.0,0.0,0.0,0.0,0.0,0.0,0.0,0.0,0.0,0.0,0.0,0.0,0.0,0.0,0.0,0.0,0.0,0.07940008822232025,0.3043670048522267,1.270401411557124,5.372739303043671,12.359947066607855,8.07234230260256,1.9850022055580065,0.5558006175562419,0.4165,0.0227,0.0,0.0,0.0,0.0,0.0,0.0,0.0,0.0,0.0,0.0,0.4701784936874185,6.569438397910308,15.95994775794515,6.56943839791032,0.41793643883326087,0.013060513713539402,0.0,0.0,0.0,0.0,0.0,0.0,0.0,0.0,0.0,0.0,0.0,0.0,0.0,0.0,0.4167,0.02284,0.0,0.0,0.0,0.0,0.0,0.0,0.0,0.0,0.0,0.0,0.5425672695191884,6.378473753859717,15.800617556241733,6.8945743273048095,0.383767093074548,0.0,0.0,0.0,0.0,0.0,0.0,0.0,0.0,0.0,0.0,0.0,0.0,0.0,0.0,0.0
17600,4755,2410,0.5068349106203995,1110,1025,0.4490010515247108,1367,0.5749737118822292,0.45399999999999996,2.950106609808102,3.060105944160631,6.555205047318612,2.1389315352600065,6649.800000000002,1.8189894035458565e-12,6649.8,6649.8,6649.800000000001,9.094947017729282e-13,6649.800000000002,1.8189894035458565e-12,27.666666666666668,20.69818498200377,32.5534685699975,18.98772346779447,0.1381703470031546,0.10515247108307045,0.09589905362776026,0.08349106203995794,0.07928496319663512,0.07444794952681388,0.07066246056782334,0.06961093585699264,0.05531019978969506,0.05320715036803365,0.044794952681388014,0.03722397476340694,0.035751840168243953,0.025867507886435333,0.01598317560462671,0.008832807570977918,0.006309148264984227,0.886691135989128,0.03498019660107248,0.0,0.0,0.0,0.0,0.0,0.0,0.0,0.0,0.0,0.0,0.0,0.0,0.0,0.0,0.0,0.0,0.0,0.0,0.0,0.0,0.0,0.025236593059936915,0.06940063091482651,0.30283911671924196,1.3123028391167195,5.84858044164038,12.75709779179811,7.305993690851737,1.823343848580442,0.5552050473186121,4.356696281671603,2.8299008240794756,4.142857142857143,2.099562636671296,0.9509171342252913,4.375410913872452,2.7891779649277813,4.339238845144357,2.8666346421020332,0.9917328750510245,0.415,0.02252,0.0,0.0,0.0,0.0,0.0,0.0,0.0,0.0,0.0,0.0,0.4479495268138802,7.059936908517339,16.26498422712934,5.930599369085175,0.2965299684542587,0.0,0.0,0.0,0.0,0.0,0.0,0.0,0.0,0.0,0.0,0.0,0.0,0.0,0.0,0.0,nan,nan,4.356204858831254,2.8284571712952693,nan,0.415,0.1052,0.0,0.0,0.0,0.0,0.0,0.0,0.0,9.46372239747634e-05,0.0,4.2060988433228184e-05,0.0,0.0003680336487907466,0.0048264984227129335,0.00017875920084121978,0.0021556256572029444,0.0005993690851735016,0.0012197686645636172,0.0022397476340694005,0.0026393270241850684,0.0008517350157728707,0.00035751840168243956,0.0022397476340694005,0.008885383806519454,0.01743427970557308,0.005404837013669821,0.02480546792849632,0.0034279705573080966,0.01853838065194532,0.012271293375394322,0.008243953732912724,0.03237644584647739,0.02868559411146162,0.02569926393270242,0.027707676130389065,0.020778128286014722,0.05,0.02914826498422713,0.04569926393270242,0.06431125131440589,0.030094637223974763,0.025026288117770766,0.026529968454258677,0.021924290220820188,0.014532071503680336,0.02068349106203996,0.019800210304942167,0.0576130389064143,0.05086225026288118,0.044973711882229234,0.03431125131440589,0.02616193480546793,0.010336487907465825,0.015068349106203995,0.028065194532071503,0.011240799158780231,0.015005257623554154,0.030809674027339643,0.016277602523659306,0.00797055730809674,0.005562565720294427,0.003449001051524711,0.0014195583596214511,0.006887486855941115,0.005310199789695057,0.02277602523659306,0.0003049421661409043,0.0005047318611987382,0.0040483701366982126,0.0005047318611987382,0.00012618296529968455,0.0005888538380651946,0.0,0.0,0.0,0.0,0.0,0.0,0.0,0.0,0.0,0.0,0.0,0.0,0.0,0.0,0.0,0.0,0.0,0.0,0.0,0.0,0.0,0.0,0.0,0.0,0.0,0.0,0.0,0.0,0.0,0.0,nan,nan,4.356204858831254,2.8284571712952693,nan,0.8865640921464105,0.03459133911365744,0.0,0.0,0.0,0.0,0.0,0.0,0.0,0.0,0.0,0.0,0.0,0.0,0.0,0.0,0.0,0.0,0.0,0.0,0.0,0.0,0.0,0.01244813278008299,0.06224066390041495,0.3236514522821567,1.3070539419087142,5.900414937759337,12.60995850622407,7.481327800829877,1.8298755186721996,0.4730290456431536,0.8868217013029656,0.03537490372248274,0.0,0.0,0.0,0.0,0.0,0.0,0.0,0.0,0.0,0.0,0.0,0.0,0.0,0.0,0.0,0.0,0.0,0.0,0.0,0.0,0.0,0.03837953091684435,0.0767590618336887,0.28144989339019105,1.3176972281449897,5.795309168443499,12.908315565031986,7.125799573560769,1.8166311300639664,0.6396588486140726,0.4155,0.02289,0.0,0.0,0.0,0.0,0.0,0.0,0.0,0.0,0.0,0.0,0.4854771784232366,6.858921161825716,16.294605809128633,6.024896265560168,0.33609958506224075,0.0,0.0,0.0,0.0,0.0,0.0,0.0,0.0,0.0,0.0,0.0,0.0,0.0,0.0,0.0,0.4146,0.02213,0.0,0.0,0.0,0.0,0.0,0.0,0.0,0.0,0.0,0.0,0.4093816631130065,7.266524520255853,16.234541577825162,5.8336886993603425,0.25586353944562906,0.0,0.0,0.0,0.0,0.0,0.0,0.0,0.0,0.0,0.0,0.0,0.0,0.0,0.0,0.0
17700,4684,2362,0.5042698548249359,1086,974,0.43979504696840305,1338,0.5713065755764304,0.45799999999999996,2.978466838931955,3.036451200383631,6.490963855421687,1.9863789871576067,6649.8,0.0,6649.8,6649.8,6649.8,0.0,6649.800000000001,9.094947017729282e-13,27.808283518360376,21.03053693804649,32.98948717948718,19.239573060021026,0.14538855678906917,0.10226302305721606,0.09094790777113577,0.08390264730999146,0.08219470538001708,0.07514944491887275,0.06554227156276686,0.06447480785653288,0.05721605465414176,0.051451750640478223,0.04611443210930828,0.04035012809564475,0.03266438941076003,0.0266865926558497,0.01601195559350982,0.01152860802732707,0.008112724167378309,0.8866699814643746,0.035471254077753686,0.0,0.0,0.0,0.0,0.0,0.0,0.0,0.0,0.0,0.0,0.0,0.0,0.0,0.0,0.0,0.0,0.0,0.0,0.0,0.0,0.0,0.0,0.07045260461144322,0.416310845431254,1.447480785653288,5.488898377455168,12.713492741246801,7.365499573014519,1.9342442356959868,0.5636208368915457,4.348767488341106,2.786892349420309,1.0,0.816496580927726,0.2299502106472616,4.390552228875582,2.804537934914877,4.300266311584554,2.769865890781181,0.9794363185803281,0.4167,0.0222,0.0,0.0,0.0,0.0,0.0,0.0,0.0,0.0,0.0,0.00640478223740393,0.454739538855679,6.052519214346703,16.562766865926562,6.622544833475663,0.30102476515798465,0.0,0.0,0.0,0.0,0.0,0.0,0.0,0.0,0.0,0.0,0.0,0.0,0.0,0.0,0.0,nan,nan,4.345424292845258,2.7876271426068704,nan,0.4167,0.1047,0.0,0.0,0.0,0.0,0.0,0.0,0.0,0.00012809564474807857,0.0,0.0,0.0,0.00014944491887275833,0.004814261315115286,1.067463706233988e-05,0.0017399658411614005,0.0004590093936806149,0.0008859948761742101,0.0020281810418445773,0.0022736976942783946,0.0007899231426131512,0.0005871050384286934,0.0022630230572160547,0.007066609735269001,0.017538428693424424,0.005251921434671221,0.02502134927412468,0.002956874466268147,0.01964133219470538,0.013321947053800172,0.008582408198121264,0.02931255337318531,0.028042271562766865,0.025469684030742956,0.02672929120409906,0.020303159692570454,0.05172929120409906,0.028277113578138342,0.04629590093936806,0.06373825789923143,0.028298462852263024,0.026120836891545686,0.027337745516652433,0.019812126387702817,0.015072587532023911,0.021594790777113577,0.01859521776259607,0.0573334756618275,0.05115286080273271,0.04830273270708796,0.03610162254483348,0.02511742100768574,0.011966268146883006,0.015616994022203245,0.027988898377455166,0.012233134073441503,0.014923142613151153,0.03160760034158839,0.01692997438087105,0.007771135781383433,0.004664816396242528,0.0028714773697694276,0.0010247651579846286,0.007344150298889838,0.00529461998292058,0.022897096498719044,0.000266865926558497,0.0003949615713065756,0.004910333048676345,0.0003309137489325363,0.00019214346712211785,0.0005230572160546542,0.0,0.0,0.0,0.0,0.0,0.0,0.0,0.0,0.0,0.0,0.0,0.0,0.0,0.0,0.0,0.0,0.0,0.0,0.0,0.0,0.0,0.0,0.0,0.0,0.0,0.0,0.0,0.0,0.0,0.0,nan,nan,4.345424292845258,2.7876271426068704,nan,0.8873776718027808,0.03498312567293656,0.0,0.0,0.0,0.0,0.0,0.0,0.0,0.0,0.0,0.0,0.0,0.0,0.0,0.0,0.0,0.0,0.0,0.0,0.0,0.0,0.0,0.0,0.07620660457239628,0.33022861981371615,1.3717188823031332,5.499576629974599,12.840812870448776,7.341236240474176,1.9559695173581715,0.5842506350550382,0.8859501000779338,0.03594670223218007,0.0,0.0,0.0,0.0,0.0,0.0,0.0,0.0,0.0,0.0,0.0,0.0,0.0,0.0,0.0,0.0,0.0,0.0,0.0,0.0,0.0,0.0,0.06459948320413438,0.5038759689922465,1.5245478036175715,5.478036175710596,12.583979328165379,7.3901808785529735,1.9121447028423777,0.5426356589147288,0.4165,0.0224,0.0,0.0,0.0,0.0,0.0,0.0,0.0,0.0,0.0,0.0,0.49534292972057586,6.109229466553759,16.33361558001694,6.807790008467402,0.25402201524132095,0.0,0.0,0.0,0.0,0.0,0.0,0.0,0.0,0.0,0.0,0.0,0.0,0.0,0.0,0.0,0.4167,0.02202,0.0,0.0,0.0,0.0,0.0,0.0,0.0,0.0,0.0,0.012919896640826876,0.41343669250646004,5.994832041343661,16.79586563307494,6.434108527131785,0.3488372093023257,0.0,0.0,0.0,0.0,0.0,0.0,0.0,0.0,0.0,0.0,0.0,0.0,0.0,0.0,0.0
17800,4750,2399,0.5050526315789474,1127,1001,0.448,1364,0.5743157894736842,0.44999999999999996,2.992769034453424,3.0346697288293933,6.4856278366111955,1.979132232575905,6649.800000000001,9.094947017729282e-13,6649.8,6649.8,6649.800000000001,9.094947017729282e-13,6649.800000000002,1.8189894035458565e-12,27.692842105263157,20.767783028586315,32.714681440443215,19.012909861278615,0.1408421052631579,0.10463157894736842,0.09031578947368421,0.08652631578947369,0.07915789473684211,0.07557894736842105,0.076,0.061894736842105266,0.05852631578947368,0.04863157894736842,0.049473684210526316,0.037263157894736845,0.03031578947368421,0.02568421052631579,0.018105263157894735,0.01031578947368421,0.006736842105263158,0.8867612114203604,0.035547560601412245,0.0,0.0,0.0,0.0,0.0,0.0,0.0,0.0,0.0,0.0,0.0,0.0,0.0,0.0,0.0,0.0,0.0,0.0,0.0,0.0,0.0,0.012631578947368424,0.12000000000000002,0.2715789473684202,1.3326315789473688,5.987368421052633,12.227368421052635,7.541052631578949,1.9452631578947372,0.5621052631578949,4.348684210526316,2.812471914294979,3.8,1.8330302779823362,0.8738275340393342,4.311561071195297,2.8080765955692573,4.384412153236459,2.8139434064306807,1.0168966833214694,0.4177,0.02213,0.0,0.0,0.0,0.0,0.0,0.0,0.0,0.0,0.0,0.006315789473684212,0.37263157894736854,6.0884210526315705,16.023157894736844,7.21263157894737,0.29684210526315796,0.0,0.0,0.0,0.0,0.0,0.0,0.0,0.0,0.0,0.0,0.0,0.0,0.0,0.0,0.0,nan,nan,4.347783251231527,2.8112311426819443,nan,0.4177,0.10474,0.0,0.0,0.0,0.0,0.0,0.0,0.0,0.0003368421052631579,0.0,0.0,3.157894736842105e-05,6.31578947368421e-05,0.004705263157894737,2.105263157894737e-05,0.001894736842105263,0.0006421052631578947,0.0008,0.0019789473684210528,0.0018842105263157894,0.0008210526315789474,0.00031578947368421053,0.0026947368421052632,0.007168421052631579,0.017526315789473685,0.004873684210526316,0.027126315789473686,0.002263157894736842,0.02022105263157895,0.012831578947368421,0.008389473684210526,0.025936842105263157,0.027410526315789472,0.02633684210526316,0.02691578947368421,0.02028421052631579,0.05147368421052632,0.028210526315789474,0.04689473684210526,0.060442105263157894,0.025968421052631578,0.02603157894736842,0.02511578947368421,0.021652631578947368,0.015105263157894736,0.021726315789473684,0.01908421052631579,0.05974736842105263,0.05068421052631579,0.04928421052631579,0.03674736842105263,0.025273684210526316,0.012273684210526315,0.015357894736842105,0.02769473684210526,0.013578947368421053,0.014989473684210526,0.03356842105263158,0.01731578947368421,0.008252631578947369,0.0049684210526315786,0.002831578947368421,0.0010947368421052631,0.008978947368421053,0.005726315789473684,0.02082105263157895,0.00011578947368421052,9.473684210526316e-05,0.0044631578947368425,0.00028421052631578947,0.0004,0.0002736842105263158,0.0,0.0,0.0,0.0,0.0,0.0,0.0,0.0,0.0,0.0,0.0,0.0,0.0,0.0,0.0,0.0,0.0,0.0,0.0,0.0,0.0,0.0,0.0,0.0,0.0,0.0,0.0,0.0,0.0,0.0,nan,nan,4.347783251231527,2.8112311426819443,nan,0.8872876436375439,0.035643746770183,0.0,0.0,0.0,0.0,0.0,0.0,0.0,0.0,0.0,0.0,0.0,0.0,0.0,0.0,0.0,0.0,0.0,0.0,0.0,0.0,0.0,0.012505210504376826,0.12505210504376826,0.2375989995831589,1.4255939974989582,5.702375989995833,12.067528136723638,7.965819091288038,1.9258024176740312,0.5377240516882035,0.8862240311187767,0.03544108191267976,0.0,0.0,0.0,0.0,0.0,0.0,0.0,0.0,0.0,0.0,0.0,0.0,0.0,0.0,0.0,0.0,0.0,0.0,0.0,0.0,0.0,0.012760527435133989,0.1148447469162059,0.3062526584432147,1.2377711612079967,6.2781794980859225,12.390472139515103,7.107613781369632,1.9651212250106342,0.5869842620161634,0.4175,0.02176,0.0,0.0,0.0,0.0,0.0,0.0,0.0,0.0,0.0,0.012505210504376826,0.33764068361817434,6.077532305127127,16.269278866194252,7.0154230929554,0.287619841600667,0.0,0.0,0.0,0.0,0.0,0.0,0.0,0.0,0.0,0.0,0.0,0.0,0.0,0.0,0.0,0.4177,0.02248,0.0,0.0,0.0,0.0,0.0,0.0,0.0,0.0,0.0,0.0,0.40833687792428763,6.099532113994036,15.77201190982561,7.413866439812847,0.3062526584432157,0.0,0.0,0.0,0.0,0.0,0.0,0.0,0.0,0.0,0.0,0.0,0.0,0.0,0.0,0.0
17900,4796,2439,0.5085487906588824,1126,1009,0.445162635529608,1376,0.5738115095913261,0.44999999999999996,3.019940602460755,3.098719594860236,6.6083086053412465,2.210238339864293,6649.800000000001,9.094947017729282e-13,6649.8,6649.8,6649.800000000001,9.094947017729282e-13,6649.8,0.0,27.72185154295246,20.834743099159766,32.77120758483034,19.069491559089297,0.1444954128440367,0.09612176814011676,0.09341117597998332,0.08924103419516263,0.08381984987489574,0.07485404503753128,0.06776480400333611,0.0646371976647206,0.05713094245204337,0.04795663052543787,0.044620517097581316,0.04149291075896581,0.036071726438698916,0.02689741451209341,0.016055045871559634,0.008548790658882402,0.006880733944954129,0.8844307306858775,0.033947028878615976,0.0,0.0,0.0,0.0,0.0,0.0,0.0,0.0,0.0,0.0,0.0,0.0,0.0,0.0,0.0,0.0,0.0,0.0,0.0,0.0,0.0,0.012510425354462054,0.04378648874061719,0.23769808173477822,1.4699749791492915,6.868223519599668,12.253961634695584,7.099666388657216,1.5387823185988327,0.47539616346955804,4.304065040650406,2.8755599913864427,5.5,2.692582403567252,1.2778617302606725,4.332901554404145,2.884756322832474,4.2781758957654725,2.8662041648036087,0.987369743357532,0.4163,0.02281,0.0,0.0,0.0,0.0,0.0,0.0,0.0,0.0,0.0,0.012510425354462054,0.4128440366972478,6.843202668890732,15.71934945788157,6.611759799833196,0.4003336113427857,0.0,0.0,0.0,0.0,0.0,0.0,0.0,0.0,0.0,0.0,0.0,0.0,0.0,0.0,0.0,nan,nan,4.305618707372523,2.8756525049318182,nan,0.4163,0.1046,0.0,0.0,0.0,0.0,0.0,0.0,0.0,0.00037531276063386155,0.0,0.0,7.297748123436197e-05,0.0001042535446205171,0.00432652210175146,0.0,0.0021371976647206006,0.0006255212677231026,0.0011259382819015847,0.001834862385321101,0.0019286905754795664,0.001000834028356964,0.0002085070892410342,0.0028773978315262717,0.007568807339449542,0.018817764804003337,0.005504587155963303,0.02829441201000834,0.002158048373644704,0.019557964970809007,0.012103836530442036,0.009122185154295246,0.026251042535446203,0.027752293577981653,0.028033778148457048,0.024843619683069224,0.019307756463719766,0.04979149291075897,0.029430775646371976,0.045517097581317764,0.06334445371142619,0.02571934945788157,0.028502919099249374,0.02547956630525438,0.022174728940783987,0.015210592160133445,0.02233110925771476,0.018317347789824853,0.0579232693911593,0.05069849874895747,0.04671601334445371,0.0393348623853211,0.026042535446205172,0.010675562969140951,0.013521684737281067,0.028211009174311928,0.014501668056713928,0.014918682235195997,0.030984153461217682,0.018004587155963304,0.008830275229357799,0.004899916597164304,0.002522935779816514,0.0011259382819015847,0.009789407839866555,0.0052126772310258545,0.019370308590492078,5.212677231025855e-05,0.00023978315262718932,0.003815679733110926,0.00014595496246872395,0.0004170141784820684,0.0002919099249374479,0.0,0.0,0.0,0.0,0.0,0.0,0.0,0.0,0.0,0.0,0.0,0.0,0.0,0.0,0.0,0.0,0.0,0.0,0.0,0.0,0.0,0.0,0.0,0.0,0.0,0.0,0.0,0.0,0.0,0.0,nan,nan,4.305618707372523,2.8756525049318182,nan,0.8847370675569091,0.03430528468513789,0.0,0.0,0.0,0.0,0.0,0.0,0.0,0.0,0.0,0.0,0.0,0.0,0.0,0.0,0.0,0.0,0.0,0.0,0.0,0.0,0.0,0.012300123001230016,0.012300123001230016,0.2460024600245995,1.3899138991389917,7.207872078720789,11.660516605166055,7.269372693726939,1.685116851168512,0.5166051660516606,0.8841137363590019,0.03356934184949786,0.0,0.0,0.0,0.0,0.0,0.0,0.0,0.0,0.0,0.0,0.0,0.0,0.0,0.0,0.0,0.0,0.0,0.0,0.0,0.0,0.0,0.0127280441238863,0.07636826474331779,0.2291047942299526,1.5528213831141284,6.516758591429785,12.868052609249048,6.9240560033941465,1.3873568095036066,0.43275350021213416,0.4158,0.02304,0.0,0.0,0.0,0.0,0.0,0.0,0.0,0.0,0.0,0.012300123001230016,0.4920049200492006,6.986469864698637,15.52275522755228,6.592865928659288,0.3936039360393605,0.0,0.0,0.0,0.0,0.0,0.0,0.0,0.0,0.0,0.0,0.0,0.0,0.0,0.0,0.0,0.4165,0.02257,0.0,0.0,0.0,0.0,0.0,0.0,0.0,0.0,0.0,0.0127280441238863,0.3309291472210438,6.694951209164182,15.92278319898176,6.631310988544762,0.4072974119643616,0.0,0.0,0.0,0.0,0.0,0.0,0.0,0.0,0.0,0.0,0.0,0.0,0.0,0.0,0.0
18000,5022,2566,0.5109518120270808,1177,1058,0.44504181600955794,1452,0.5782556750298686,0.44999999999999996,3.025651465798046,3.0819020918794737,6.6798245614035086,2.0119822275162327,6649.800000000002,1.8189894035458565e-12,6649.8,6649.8,6649.800000000002,1.8189894035458565e-12,6649.800000000001,9.094947017729282e-13,27.856232576662684,20.927565619820044,32.87702188392008,19.178076681294765,0.14117881322182396,0.09836718438868977,0.09338908801274393,0.08821186778176025,0.08363201911589008,0.07347670250896057,0.06949422540820391,0.06630824372759857,0.053763440860215055,0.05077658303464755,0.04540023894862605,0.04042214257268021,0.0332536837913182,0.02429311031461569,0.017722023098367186,0.014536041417761847,0.0057745917960971725,0.8832182416233205,0.03453889344183239,0.0,0.0,0.0,0.0,0.0,0.0,0.0,0.0,0.0,0.0,0.0,0.0,0.0,0.0,0.0,0.0,0.0,0.0,0.0,0.0,0.0,0.02389486260454003,0.08960573476702512,0.3643966547192342,1.445639187574672,6.744324970131423,12.694145758661891,6.6726403823178035,1.5412186379928319,0.4241338112305855,4.427950310559006,2.862494919686814,2.6666666666666665,0.4714045207910317,0.6022350025716556,4.421379738968303,2.8457664888826812,4.431226765799257,2.877493118793021,1.0022271389051172,0.4158,0.02272,0.0,0.0,0.0,0.0,0.0,0.0,0.0,0.0,0.0,0.005973715651135007,0.4121863799283155,7.078853046594972,15.752688172043014,6.4336917562724025,0.3166069295101554,0.0,0.0,0.0,0.0,0.0,0.0,0.0,0.0,0.0,0.0,0.0,0.0,0.0,0.0,0.0,nan,nan,4.426310890474713,2.86170261675375,nan,0.4158,0.10474,0.0,0.0,0.0,0.0,0.0,0.0,0.0,0.000647152528872959,0.0,0.0,6.969334926324174e-05,0.0001692552767821585,0.0038928713659896457,0.0,0.0023894862604540022,0.0005675029868578256,0.0015232974910394266,0.0023496614894464355,0.0021704500199123855,0.0009557945041816009,0.00042811628833134207,0.0025985663082437275,0.0069494225408203904,0.01823974512146555,0.006461569095977698,0.02997809637594584,0.0017921146953405018,0.01959378733572282,0.010812425328554361,0.009667463162086817,0.025696933492632416,0.027041019514137794,0.02849462365591398,0.025378335324571885,0.018040621266427716,0.04934289127837515,0.030605336519315015,0.04482277976901633,0.06179808841099164,0.028474711270410194,0.027399442453205893,0.02558741537236161,0.02334727200318598,0.015541616885702908,0.020280764635603344,0.018598168060533653,0.059358821186778175,0.04944245320589406,0.047939068100358424,0.040392273994424535,0.025686977299880526,0.009418558343289526,0.012624452409398646,0.029719235364396655,0.01502389486260454,0.014585822381521306,0.028225806451612902,0.01966348068498606,0.009667463162086817,0.0044305057745917965,0.0024193548387096775,0.0010354440461967343,0.009518120270808443,0.00486857825567503,0.0194942254082039,0.0,0.00015929908403026683,0.003653922739944245,0.00023894862604540023,0.00039824771007566706,0.00032855436081242535,0.0,0.0,0.0,0.0,0.0,0.0,0.0,0.0,0.0,0.0,0.0,0.0,0.0,0.0,0.0,0.0,0.0,0.0,0.0,0.0,0.0,0.0,0.0,0.0,0.0,0.0,0.0,0.0,0.0,0.0,nan,nan,4.426310890474713,2.86170261675375,nan,0.8835266047822993,0.03495470905411492,0.0,0.0,0.0,0.0,0.0,0.0,0.0,0.0,0.0,0.0,0.0,0.0,0.0,0.0,0.0,0.0,0.0,0.0,0.0,0.0,0.0,0.011691348402182387,0.0935307872174591,0.35074045206547044,1.543257989088075,6.675759937646143,12.696804364770072,6.51208106001559,1.6250974279033519,0.4910366328916603,0.8828960674108045,0.0340960594053194,0.0,0.0,0.0,0.0,0.0,0.0,0.0,0.0,0.0,0.0,0.0,0.0,0.0,0.0,0.0,0.0,0.0,0.0,0.0,0.0,0.0,0.03664495114006515,0.08550488599348537,0.37866449511400535,1.3436482084690557,6.815960912052119,12.691368078175898,6.840390879478829,1.4535830618892511,0.3542345276872965,0.4158,0.02254,0.0,0.0,0.0,0.0,0.0,0.0,0.0,0.0,0.0,0.011691348402182387,0.43257989088074833,7.0381917381137855,15.724863600935311,6.547155105222137,0.24551831644583014,0.0,0.0,0.0,0.0,0.0,0.0,0.0,0.0,0.0,0.0,0.0,0.0,0.0,0.0,0.0,0.4158,0.02289,0.0,0.0,0.0,0.0,0.0,0.0,0.0,0.0,0.0,0.0,0.3908794788273617,7.121335504885983,15.781758957654725,6.315146579804562,0.3908794788273617,0.0,0.0,0.0,0.0,0.0,0.0,0.0,0.0,0.0,0.0,0.0,0.0,0.0,0.0,0.0
18100,4647,2418,0.5203357004519045,1150,958,0.45362599526576286,1334,0.574133849795567,0.44999999999999996,3.069089277703006,3.0709685811766505,6.590490797546012,1.9836993091952766,6649.800000000002,1.8189894035458565e-12,6649.8,6649.8,6649.800000000002,1.8189894035458565e-12,6649.800000000001,9.094947017729282e-13,28.231116849580374,21.055818407526907,33.30842321520288,19.219547539728403,0.14267269205939315,0.09317839466322358,0.08822896492360663,0.09317839466322358,0.07962126102862062,0.07036797934151065,0.07338067570475576,0.0645577792123951,0.06003873466752744,0.04906391220142027,0.045836023240800515,0.03916505272218636,0.037228319345814505,0.025392726490208736,0.018506563374219926,0.010974822466107165,0.008607703894986012,0.8831698818952776,0.0345322530342898,0.0,0.0,0.0,0.0,0.0,0.0,0.0,0.0,0.0,0.0,0.0,0.0,0.0,0.0,0.0,0.0,0.0,0.0,0.0,0.0,0.0,0.012911555842479022,0.05164622336991609,0.303421562298256,1.665590703679794,6.8689477081988395,12.40800516462234,6.630083925112977,1.6074887023886382,0.45190445448676575,4.309822017139091,2.8512199625507924,7.5,1.5,1.7402110737228509,4.278310940499041,2.9295344236148755,4.347589952477936,2.766303145332161,1.0161930754782433,0.4155,0.0225,0.0,0.0,0.0,0.0,0.0,0.0,0.0,0.0,0.0,0.006455777921239511,0.4841833440929633,6.933505487411223,16.081342801807622,6.171723692704973,0.3227888960619755,0.0,0.0,0.0,0.0,0.0,0.0,0.0,0.0,0.0,0.0,0.0,0.0,0.0,0.0,0.0,nan,nan,4.311923583662714,2.8517156363454053,nan,0.4155,0.105,0.0,0.0,0.0,0.0,0.0,0.0,0.0,0.0005810200129115558,3.227888960619755e-05,0.0,1.0759629868732516e-05,0.0001291155584247902,0.0042823326877555416,1.0759629868732516e-05,0.002506993759414676,0.0004949429739616958,0.0014310307725414245,0.0029373789541639766,0.002108887454271573,0.0006455777921239509,0.0004196255648805681,0.0023671185711211535,0.007026038304282333,0.017613514095115128,0.006154508284914999,0.030933935872605983,0.0017968581880783302,0.019109102646868947,0.01039380245319561,0.010501398751882935,0.024381321282547882,0.030482031418119216,0.03001936733376372,0.023961695717667313,0.020518614159672908,0.04675059177964278,0.030772541424574994,0.045158166559070366,0.060748870238863786,0.030815579944049924,0.02732945986658059,0.02497310092532817,0.02120723047127179,0.01569829997848074,0.021379384549171508,0.016591349257585538,0.05974822466107166,0.04722401549386701,0.047718958467828705,0.03989670755326017,0.027824402840542287,0.009048848719604046,0.011792554336130837,0.03076178179470626,0.015128039595437917,0.013761566602108888,0.02853453841187863,0.01937809339358726,0.009888099849365182,0.005100064557779212,0.0022272433828276306,0.00043038519474930065,0.009694426511727996,0.005282978265547665,0.019238218205293738,4.303851947493006e-05,0.00030126963632451045,0.0039165052722186355,5.379814934366258e-05,0.0004949429739616958,0.00023671185711211535,0.0,0.0,0.0,0.0,0.0,0.0,0.0,0.0,0.0,0.0,0.0,0.0,0.0,0.0,0.0,0.0,0.0,0.0,0.0,0.0,0.0,0.0,0.0,0.0,0.0,0.0,0.0,0.0,0.0,0.0,nan,nan,4.311923583662714,2.8517156363454053,nan,0.8833034379705109,0.034806066436953394,0.0,0.0,0.0,0.0,0.0,0.0,0.0,0.0,0.0,0.0,0.0,0.0,0.0,0.0,0.0,0.0,0.0,0.0,0.0,0.0,0.0,0.0,0.07444168734491316,0.29776674937965164,1.6377171215880897,6.960297766749381,12.282878411910673,6.575682382133997,1.7245657568238217,0.446650124069479,0.8830250014152801,0.03423215694931264,0.0,0.0,0.0,0.0,0.0,0.0,0.0,0.0,0.0,0.0,0.0,0.0,0.0,0.0,0.0,0.0,0.0,0.0,0.0,0.0,0.0,0.026917900403768513,0.026917900403768513,0.30955585464333685,1.6958277254374163,6.769851951547781,12.543741588156127,6.6890982503364755,1.4804845222072682,0.4576043068640647,0.4155,0.02222,0.0,0.0,0.0,0.0,0.0,0.0,0.0,0.0,0.0,0.012406947890818861,0.5210918114143922,6.575682382133985,16.20347394540943,6.488833746898265,0.19851116625310178,0.0,0.0,0.0,0.0,0.0,0.0,0.0,0.0,0.0,0.0,0.0,0.0,0.0,0.0,0.0,0.4153,0.02283,0.0,0.0,0.0,0.0,0.0,0.0,0.0,0.0,0.0,0.0,0.44414535666218047,7.321668909825023,15.948855989232843,5.827725437415883,0.4576043068640647,0.0,0.0,0.0,0.0,0.0,0.0,0.0,0.0,0.0,0.0,0.0,0.0,0.0,0.0,0.0
18200,4671,2367,0.5067437379576107,1112,959,0.4433740098479983,1339,0.5733247698565618,0.45399999999999996,3.0594618055555554,3.126309012826479,6.694940476190476,2.09749808360881,6649.800000000001,9.094947017729282e-13,6649.8,6649.8,6649.8,0.0,6649.800000000001,9.094947017729282e-13,27.93277670734318,20.80528692445779,32.85881753312946,19.05000250770766,0.13744380218368657,0.1049025904517234,0.0926996360522372,0.08499250695782487,0.07600085634767716,0.07578676942838793,0.07129094412331406,0.06508242346392636,0.0593020766431171,0.05223720830657247,0.04474416613144937,0.0415328623421109,0.03382573324769857,0.023335474202526227,0.021408691928923144,0.010276172125883108,0.005138086062941554,0.8843369941924782,0.03478605187028393,0.0,0.0,0.0,0.0,0.0,0.0,0.0,0.0,0.0,0.0,0.0,0.0,0.0,0.0,0.0,0.0,0.0,0.0,0.0,0.0,0.0,0.012845215157353889,0.051380860629415555,0.3403982016698769,1.4771997430956973,6.653821451509314,12.646114322414904,6.62170841361593,1.7019910083493903,0.4945407835581247,4.428571428571429,2.868718207511892,3.0,0.0,0.6774193548387096,4.459639759839893,2.8879806829796695,4.39652870493992,2.8482376849654245,0.9858483962161465,0.4163,0.02278,0.0,0.0,0.0,0.0,0.0,0.0,0.0,0.0,0.0,0.0,0.4945407835581247,6.544637122671795,16.197816313423253,6.371226718047529,0.3917790622992936,0.0,0.0,0.0,0.0,0.0,0.0,0.0,0.0,0.0,0.0,0.0,0.0,0.0,0.0,0.0,nan,nan,4.4280947614280946,2.8683582329703112,nan,0.4163,0.1048,0.0,0.0,0.0,0.0,0.0,0.0,0.0,0.0007278955255833868,7.4930421751231e-05,0.0,5.352172982230786e-05,3.2113037893384715e-05,0.004174694926140013,1.0704345964461572e-05,0.0027724256047955468,0.0003853564547206166,0.0011346606722329267,0.002643973453222008,0.0020338257332476986,0.0005459216441875401,0.001198886748019696,0.001477199743095697,0.005416399058017555,0.01737315350032113,0.006850781417255406,0.03084992506957825,0.0018411475058873904,0.018304431599229287,0.009965746092913723,0.009484050524512953,0.02447013487475915,0.03087133376150717,0.03248769000214087,0.023463926354099763,0.01934275315778206,0.04670306144294584,0.02805609077285378,0.048758295868122456,0.06069364161849711,0.03209162920145579,0.026996360522372084,0.024705630485977306,0.019995718261614216,0.015617640762149432,0.02242560479554699,0.017126953543138514,0.0612823806465425,0.04816955684007707,0.04686362663241276,0.03872832369942197,0.026172125883108542,0.00796403339755941,0.011196745878826804,0.030646542496253478,0.014301006208520659,0.0149860843502462,0.030218368657675018,0.02104474416613145,0.010201241704131878,0.005384286020124171,0.0018304431599229288,0.00047099122243630915,0.009698137443802183,0.00530935559837294,0.020595161635624065,0.0001819738813958467,0.000149860843502462,0.0026118604153286236,0.00017126953543138515,0.000374652108756155,0.000224791265253693,0.0,0.0,6.422607578676943e-05,0.0,0.0,0.0,0.0,0.0,0.0,0.0,0.0,0.0,0.0,0.0,0.0,0.0,0.0,0.0,0.0,0.0,0.0,0.0,0.0,0.0,0.0,0.0,0.0,0.0,0.0,0.0,nan,nan,4.4280947614280946,2.8683582329703112,nan,0.8843031067811944,0.03495110578243794,0.0,0.0,0.0,0.0,0.0,0.0,0.0,0.0,0.0,0.0,0.0,0.0,0.0,0.0,0.0,0.0,0.0,0.0,0.0,0.0,0.0,0.025348542458808625,0.07604562737642587,0.30418250950570247,1.5082382762991131,6.628643852978455,12.522179974651461,6.869455006337137,1.5589353612167305,0.5069708491761724,0.8843718082126644,0.03461563064585802,0.0,0.0,0.0,0.0,0.0,0.0,0.0,0.0,0.0,0.0,0.0,0.0,0.0,0.0,0.0,0.0,0.0,0.0,0.0,0.0,0.0,0.0,0.02604166666666667,0.37760416666666546,1.4453125000000004,6.679687500000002,12.773437500000004,6.367187500000002,1.8489583333333337,0.4817708333333334,0.416,0.02289,0.0,0.0,0.0,0.0,0.0,0.0,0.0,0.0,0.0,0.0,0.5196451204055768,6.603295310519636,16.235741444866925,6.223067173637517,0.4182509505703423,0.0,0.0,0.0,0.0,0.0,0.0,0.0,0.0,0.0,0.0,0.0,0.0,0.0,0.0,0.0,0.4165,0.02269,0.0,0.0,0.0,0.0,0.0,0.0,0.0,0.0,0.0,0.0,0.4687500000000001,6.48437499999999,16.15885416666667,6.523437500000002,0.3645833333333334,0.0,0.0,0.0,0.0,0.0,0.0,0.0,0.0,0.0,0.0,0.0,0.0,0.0,0.0,0.0
18300,4435,2260,0.5095828635851184,1064,934,0.4505073280721533,1250,0.5636978579481398,0.474,3.0202298850574714,3.0931225070637898,6.659468438538206,1.9762674262441746,6649.800000000002,1.8189894035458565e-12,6649.8,6649.8,6649.800000000002,1.8189894035458565e-12,6649.800000000002,1.8189894035458565e-12,27.284103720405863,20.54897100928751,32.46289752650177,18.73623938662487,0.14949267192784668,0.09966178128523112,0.09875986471251409,0.0782412626832018,0.07801578354002255,0.07891770011273957,0.06967305524239008,0.06629086809470124,0.05907553551296505,0.05434047350620068,0.04306651634723788,0.04036076662908681,0.031116121758737316,0.02164599774520857,0.015107102593010147,0.010597519729425029,0.005636978579481398,0.8820009844010148,0.03511129167559051,0.0,0.0,0.0,0.0,0.0,0.0,0.0,0.0,0.0,0.0,0.0,0.0,0.0,0.0,0.0,0.0,0.0,0.0,0.0,0.0,0.0,0.006764374295377679,0.08117249154453214,0.3720405862457711,1.6978579481397975,7.08229988726043,12.56144306651635,6.1014656144306665,1.6302142051860207,0.4667418263810599,4.372869318181818,2.8069065095540333,4.5,4.5,1.02907260029235,4.404778636683064,2.835976025596593,4.340501792114695,2.7797606519725493,0.9854074745021077,0.4153,0.02283,0.0,0.0,0.0,0.0,0.0,0.0,0.0,0.0,0.0,0.013528748590755358,0.4802705749718152,7.04847801578353,15.930101465614435,6.1894024802705765,0.33821871476888393,0.0,0.0,0.0,0.0,0.0,0.0,0.0,0.0,0.0,0.0,0.0,0.0,0.0,0.0,0.0,nan,nan,4.372959545777147,2.8084721464724884,nan,0.4153,0.1054,0.0,0.0,0.0,0.0,0.0,0.0,0.0,0.0006426155580608793,7.891770011273957e-05,0.0,0.00021420518602029314,4.509582863585119e-05,0.004036076662908681,0.0,0.0031116121758737315,0.00023675310033821872,0.0021871476888387824,0.0033370913190529875,0.002390078917700113,0.000496054114994363,0.0015670800450958285,0.0016910935738444193,0.004340473506200676,0.016877113866967306,0.006989853438556934,0.03172491544532131,0.001770011273957159,0.0190304396843292,0.009605411499436303,0.009740698985343856,0.024926719278466743,0.031623449830890646,0.03134160090191657,0.022919954904171366,0.02004509582863585,0.04924464487034949,0.026719278466741825,0.04673055242390079,0.06149943630214205,0.03148816234498309,0.025073280721533257,0.024813979706877112,0.02075535512965051,0.015152198421645998,0.022480270574971817,0.016753100338218713,0.06191657271702367,0.04890642615558061,0.04772266065388951,0.03958286358511837,0.025693348365276213,0.008207440811724915,0.010732807215332582,0.02995490417136415,0.013934611048478016,0.015186020293122887,0.028500563697857948,0.01939120631341601,0.010112739571589627,0.005062006764374296,0.0029086809470124015,0.00040586245772266066,0.0104847801578354,0.005400225479143179,0.020326944757609922,0.00019165727170236753,2.2547914317925593e-05,0.0024013528748590756,0.00022547914317925591,0.0006989853438556933,0.00020293122886133033,0.0,0.0,0.00014656144306651636,0.0,0.0,0.0,0.0,0.0,0.0,0.0,0.0,0.0,0.0,0.0,0.0,0.0,0.0,0.0,0.0,0.0,0.0,0.0,0.0,0.0,0.0,0.0,0.0,0.0,0.0,0.0,nan,nan,4.372959545777147,2.8084721464724884,nan,0.8817290222750301,0.03472693512254333,0.0,0.0,0.0,0.0,0.0,0.0,0.0,0.0,0.0,0.0,0.0,0.0,0.0,0.0,0.0,0.0,0.0,0.0,0.0,0.0,0.0,0.0,0.13274336283185842,0.3584070796460166,1.6327433628318588,7.035398230088497,12.862831858407082,5.827433628318586,1.8053097345132747,0.34513274336283195,0.882283574931923,0.03550405469957535,0.0,0.0,0.0,0.0,0.0,0.0,0.0,0.0,0.0,0.0,0.0,0.0,0.0,0.0,0.0,0.0,0.0,0.0,0.0,0.0,0.0,0.013793103448275865,0.02758620689655173,0.3862068965517229,1.7655172413793108,7.131034482758622,12.248275862068969,6.386206896551726,1.448275862068966,0.5931034482758621,0.415,0.02248,0.0,0.0,0.0,0.0,0.0,0.0,0.0,0.0,0.0,0.0,0.4513274336283187,7.141592920353972,16.274336283185843,5.8141592920353995,0.31858407079646023,0.0,0.0,0.0,0.0,0.0,0.0,0.0,0.0,0.0,0.0,0.0,0.0,0.0,0.0,0.0,0.4158,0.0232,0.0,0.0,0.0,0.0,0.0,0.0,0.0,0.0,0.0,0.02758620689655173,0.510344827586207,6.951724137931024,15.572413793103452,6.579310344827588,0.3586206896551725,0.0,0.0,0.0,0.0,0.0,0.0,0.0,0.0,0.0,0.0,0.0,0.0,0.0,0.0,0.0
18400,4573,2319,0.5071069319921278,1055,956,0.43975508418980974,1282,0.5606822654712442,0.478,3.010647737355812,3.1177529600818503,6.77504105090312,1.9934954259022386,6649.800000000001,9.094947017729282e-13,6649.8,6649.8,6649.800000000001,9.094947017729282e-13,6649.800000000001,9.094947017729282e-13,27.21845615569648,20.68317523147513,32.4208025343189,18.923519449983136,0.14629346162256723,0.10780669144981413,0.09053137983818063,0.09118740432976165,0.07959763831183031,0.0721626940739121,0.06647714848020993,0.06538377432757489,0.05729280559807566,0.05291930898753554,0.04351629127487426,0.03476929805379401,0.03608134703695605,0.024054231357970697,0.017275311611633502,0.009840367373715285,0.004810846271594139,0.8820395313648122,0.03564643074003607,0.0,0.0,0.0,0.0,0.0,0.0,0.0,0.0,0.0,0.0,0.0,0.0,0.0,0.0,0.0,0.0,0.0,0.0,0.0,0.006560244915810191,0.006560244915810191,0.013120489831620383,0.09184342882134269,0.347692980537939,1.7253444128580804,7.085064509075007,12.359501421386401,6.3765580581675065,1.5022960857205339,0.4854581237699542,4.4211444521981855,2.8498526942622835,4.857142857142857,3.136356914300021,1.098616638668726,4.453787352328005,2.8473652963042007,4.393579902302861,2.8522613713134604,0.9864817412098326,0.4153,0.02289,0.0,0.0,0.0,0.0,0.0,0.0,0.0,0.0,0.0,0.006560244915810191,0.49857861360157457,7.071944019243375,16.006997594576866,6.173190465777391,0.2361688169691669,0.006560244915810191,0.0,0.0,0.0,0.0,0.0,0.0,0.0,0.0,0.0,0.0,0.0,0.0,0.0,0.0,nan,nan,4.422206752523494,2.850666790739235,nan,0.4153,0.10504,0.0,0.0,0.0,0.0,0.0,0.0,0.0,0.0005685545593702165,0.00010933741526350318,0.0,0.0003061447627378089,0.0,0.0032801224579050953,0.0,0.0036737371528537065,0.00015307238136890445,0.0024382243603761206,0.0028865077629564835,0.003312923682484146,0.0004045484364749617,0.0012573802755302865,0.0020446096654275093,0.0038049420511699103,0.01650994970478898,0.00724907063197026,0.03134703695604636,0.0018915372840586048,0.019713535972009623,0.009851301115241635,0.010561994314454407,0.02417450251476055,0.031150229608572052,0.030417668926306582,0.02208615788322764,0.021965886726437785,0.0498469276186311,0.026689263065821124,0.046851082440411106,0.06048545812376995,0.031521976820467965,0.025278810408921933,0.024764924557183467,0.01998687951016838,0.014312267657992565,0.02348567679860048,0.016641154603105182,0.06412639405204461,0.047780450470150886,0.04982506013557839,0.039766017931336106,0.025923901158976602,0.008200306144762737,0.010157445877979445,0.03000218674830527,0.013973321670675705,0.013207959763831182,0.028088781981193963,0.019451126175377215,0.009031270500765362,0.005051388585173846,0.0037721408265908593,0.0007216269407391209,0.011808440848458342,0.0062541001530723814,0.018423354471900286,0.00017493986442160508,0.0,0.00206647714848021,0.00019680734747430572,0.0007434944237918215,0.0001312048983162038,0.0,0.0,9.840367373715286e-05,0.0,0.0,0.0,0.0,0.0,0.0,0.0,0.0,0.0,0.0,0.0,0.0,0.0,0.0,0.0,0.0,0.0,0.0,0.0,0.0,0.0,0.0,0.0,0.0,0.0,0.0,0.0,nan,nan,4.422206752523494,2.850666790739235,nan,0.8823307514601918,0.03587278902476991,0.0,0.0,0.0,0.0,0.0,0.0,0.0,0.0,0.0,0.0,0.0,0.0,0.0,0.0,0.0,0.0,0.0,0.0,0.0,0.012936610608020701,0.0,0.012936610608020701,0.0776196636481242,0.38809831824061974,1.6688227684346706,7.089262613195344,12.212160413971542,6.507115135834413,1.5265200517464428,0.5045278137128073,0.8817399131744016,0.035409535147434834,0.0,0.0,0.0,0.0,0.0,0.0,0.0,0.0,0.0,0.0,0.0,0.0,0.0,0.0,0.0,0.0,0.0,0.0,0.0,0.0,0.013309671694764866,0.013309671694764866,0.10647737355811893,0.3061224489795909,1.783496007098492,7.080745341614908,12.511091393078974,6.242236024844722,1.4773735581189,0.4658385093167703,0.415,0.02242,0.0,0.0,0.0,0.0,0.0,0.0,0.0,0.0,0.0,0.0,0.41397153945666243,7.1021992238033524,16.326002587322126,5.950840879689523,0.20698576972833121,0.0,0.0,0.0,0.0,0.0,0.0,0.0,0.0,0.0,0.0,0.0,0.0,0.0,0.0,0.0,0.4153,0.02336,0.0,0.0,0.0,0.0,0.0,0.0,0.0,0.0,0.0,0.013309671694764866,0.585625554569654,7.040816326530602,15.67879325643301,6.4019520851819,0.2661934338952973,0.013309671694764866,0.0,0.0,0.0,0.0,0.0,0.0,0.0,0.0,0.0,0.0,0.0,0.0,0.0,0.0
18500,4685,2426,0.5178228388473852,1158,950,0.4499466382070438,1311,0.55965848452508,0.46199999999999997,2.99468791500664,3.06618278523984,6.524031007751938,2.043282629989122,6649.800000000002,1.8189894035458565e-12,6649.8,6649.8,6649.800000000002,1.8189894035458565e-12,6649.800000000001,9.094947017729282e-13,28.45101387406617,20.91287005595826,33.335692618806874,19.080401700968714,0.13959445037353255,0.08964781216648879,0.0919957310565635,0.08772678762006403,0.07876200640341516,0.07427961579509071,0.0695837780149413,0.06702241195304162,0.06104589114194237,0.05592315901814301,0.04375667022411953,0.05080042689434365,0.029028815368196372,0.022625400213447174,0.018996798292422627,0.01152614727854856,0.00768409818569904,0.8817161619090729,0.03533661722918673,0.0,0.0,0.0,0.0,0.0,0.0,0.0,0.0,0.0,0.0,0.0,0.0,0.0,0.0,0.0,0.0,0.0,0.0,0.0,0.0,0.0,0.025613660618996805,0.06403415154749201,0.4098185699039475,1.8249733191035222,7.030949839914623,12.384204909284955,6.243329775880471,1.5752401280683035,0.44183564567769484,4.281352593565331,2.8791528188808657,4.2,3.4871191548325386,0.980998389694042,4.381758957654723,2.9291625078293593,4.178217821782178,2.8267792011799644,0.9535480755925727,0.4153,0.02266,0.0,0.0,0.0,0.0,0.0,0.0,0.0,0.0,0.0,0.0,0.5570971184631804,6.992529348986116,15.995731056563503,6.166488794023481,0.28815368196371405,0.0,0.0,0.0,0.0,0.0,0.0,0.0,0.0,0.0,0.0,0.0,0.0,0.0,0.0,0.0,nan,nan,4.2812192723697144,2.8802560217234396,nan,0.4153,0.10486,0.0,0.0,0.0,0.0,1.0672358591248667e-05,0.0,0.0,0.00045891141942369266,0.00018143009605122733,0.0,0.00023479188900747065,0.0,0.002977588046958378,0.0,0.0036926360725720382,0.00023479188900747065,0.0022305229455709713,0.0024439701173959447,0.003457844183564568,0.0004055496264674493,0.0012379935965848453,0.002113127001067236,0.004514407684098186,0.016787620064034153,0.007417289220917823,0.03383137673425827,0.0019850586979722517,0.018367129135538954,0.009381003201707577,0.011013874066168623,0.025016008537886873,0.030672358591248665,0.029210245464247598,0.019242262540021343,0.024685165421558165,0.04706510138740662,0.02727854855923159,0.04663820704375667,0.060693703308431164,0.02934898612593383,0.025389541088580575,0.023169690501600854,0.02030949839914621,0.015133404482390608,0.02390608324439701,0.016371398078975453,0.06323372465314835,0.048665955176093914,0.05548559231590181,0.037886872998932765,0.029156883671291354,0.008046958377801495,0.009882604055496265,0.029722518676627535,0.01495197438633938,0.012700106723585913,0.025656350053361792,0.019263607257203844,0.009082177161152614,0.005325506937033085,0.004044823906083244,0.0005869797225186767,0.010981856990394877,0.0076520811099252935,0.01693703308431163,0.000256136606189968,1.0672358591248667e-05,0.002358591248665955,0.000192102454642476,0.0007257203842049093,1.0672358591248667e-05,0.0,0.0,7.470651013874066e-05,0.0,0.0,0.0,0.0,0.0,0.0,0.0,0.0,0.0,0.0,0.0,0.0,0.0,0.0,0.0,0.0,0.0,0.0,0.0,0.0,0.0,0.0,0.0,0.0,0.0,0.0,0.0,nan,nan,4.2812192723697144,2.8802560217234396,nan,0.8814729598810725,0.03505388850881908,0.0,0.0,0.0,0.0,0.0,0.0,0.0,0.0,0.0,0.0,0.0,0.0,0.0,0.0,0.0,0.0,0.0,0.0,0.0,0.0,0.0,0.012366034624896953,0.06183017312448476,0.43281121187139193,1.7188788128606765,7.0981038746908505,12.440230832646334,6.306677658697446,1.5210222588623252,0.40807914262159944,0.8819773430157256,0.03563590102608408,0.0,0.0,0.0,0.0,0.0,0.0,0.0,0.0,0.0,0.0,0.0,0.0,0.0,0.0,0.0,0.0,0.0,0.0,0.0,0.0,0.0,0.03984063745019921,0.06640106241699868,0.38512616201859107,1.9389110225763617,6.958831341301463,12.324037184594957,6.175298804780878,1.6334661354581677,0.4780876494023905,0.4153,0.02264,0.0,0.0,0.0,0.0,0.0,0.0,0.0,0.0,0.0,0.0,0.6183017312448476,6.665292662819446,16.459192085737843,6.022258862324816,0.2349546578730421,0.0,0.0,0.0,0.0,0.0,0.0,0.0,0.0,0.0,0.0,0.0,0.0,0.0,0.0,0.0,0.4153,0.02269,0.0,0.0,0.0,0.0,0.0,0.0,0.0,0.0,0.0,0.0,0.4913678618857903,7.343957503320042,15.498007968127494,6.321381142098275,0.3452855245683932,0.0,0.0,0.0,0.0,0.0,0.0,0.0,0.0,0.0,0.0,0.0,0.0,0.0,0.0,0.0
18600,4577,2413,0.5272012235088486,1136,907,0.44636224601267205,1258,0.5497050469740005,0.45399999999999996,3.0471349353049906,3.0771947697413795,6.589622641509434,1.9999573538825763,6649.800000000001,9.094947017729282e-13,6649.8,6649.8,6649.800000000002,1.8189894035458565e-12,6649.800000000001,9.094947017729282e-13,27.958488092637097,20.81041125683304,32.69465254456213,19.132551538327178,0.1334935547301726,0.10530915446799213,0.0928555822591217,0.08804894035394363,0.07909110771247542,0.07646930303692374,0.06794843784138081,0.06620056805767971,0.05920908892287525,0.05112519117325759,0.04937732138955648,0.03845313524142451,0.02993227004588158,0.026218046755516713,0.019445051343674895,0.00939480008739349,0.007428446580729736,0.8838533859782169,0.03575042390303095,0.0,0.0,0.0,0.0,0.0,0.0,0.0,0.0,0.0,0.0,0.0,0.0,0.0,0.0,0.0,0.0,0.0,0.0,0.0,0.0,0.0,0.05243609351103344,0.0983176753331877,0.24251693248852885,1.671400480664191,6.423421455101597,12.571553419270268,6.869128249945381,1.5337557351977282,0.5374699584880928,4.35480572597137,2.905325437216331,4.0,1.7888543819998317,0.9185254754637239,4.411279229711142,2.8942925172009963,4.297315436241611,2.90905658982115,0.9741653639375276,0.4163,0.02269,0.0,0.0,0.0,0.0,0.0,0.0,0.0,0.0,0.0,0.0,0.39982521302163,6.810137644745457,15.783264146821065,6.63316582914573,0.3736071662661133,0.0,0.0,0.0,0.0,0.0,0.0,0.0,0.0,0.0,0.0,0.0,0.0,0.0,0.0,0.0,nan,nan,4.353600543478261,2.9023335482361596,nan,0.4163,0.10455,0.0,0.0,0.0,0.0,0.0,0.0,0.0,0.00044789163207341055,0.00017478697837011142,0.0,0.0001201660476294516,1.0924186148131964e-05,0.0028075158400699147,0.0,0.004162114922438278,0.00028402883985143105,0.0019008083897749618,0.0029276818876993664,0.0023923967664409,0.0004915883766659384,0.000917631636443085,0.0017697181559973782,0.0050578981865851,0.016309809919161023,0.006827616342582478,0.031625518898842034,0.002457941883329692,0.020166047629451605,0.008499016823246669,0.011557788944723618,0.024950841162333405,0.02869783701114267,0.02865414026655014,0.019892942975748305,0.024055057898186585,0.0473017260214114,0.027452479790255627,0.04705046974000437,0.06145947126939043,0.02975748306751147,0.025868472798776493,0.02308280533100284,0.021837448110115797,0.016091326196198383,0.024776054183963295,0.01566528293642124,0.062027528949093295,0.047847935328818,0.058040201005025126,0.034345641249726895,0.02781297793314398,0.008444395892506009,0.010793095914354381,0.02970286213677081,0.014103124317238366,0.013032554074721434,0.026786104435219577,0.01885514529167577,0.009853615905615032,0.006368800524360935,0.004544461437622897,0.0008739348918505571,0.011197290801835263,0.006947782390211929,0.017260214114048503,0.00026218046755516715,0.0,0.00250163862792222,0.00029495302599956305,0.0005571334935547302,0.0,0.0,0.0,4.3696744592527856e-05,0.0,0.0,0.0,0.0,0.0,0.0,0.0,0.0,0.0,0.0,0.0,0.0,0.0,0.0,0.0,0.0,0.0,0.0,0.0,0.0,0.0,0.0,0.0,0.0,0.0,0.0,0.0,nan,nan,4.353600543478261,2.9023335482361596,nan,0.8843836050482148,0.035588942420156075,0.0,0.0,0.0,0.0,0.0,0.0,0.0,0.0,0.0,0.0,0.0,0.0,0.0,0.0,0.0,0.0,0.0,0.0,0.0,0.0,0.0,0.0621632822213013,0.08702859510982182,0.24865312888520438,1.6038126813095734,6.315789473684212,12.556983008702863,6.999585578118526,1.5416493990882723,0.5843348528802321,0.8832621574126418,0.03592040238892606,0.0,0.0,0.0,0.0,0.0,0.0,0.0,0.0,0.0,0.0,0.0,0.0,0.0,0.0,0.0,0.0,0.0,0.0,0.0,0.0,0.0,0.04158964879852126,0.11090573012939005,0.23567467652495305,1.7467652495378931,6.543438077634013,12.58780036968577,6.723659889094272,1.5249537892791132,0.4852125693160814,0.4163,0.02287,0.0,0.0,0.0,0.0,0.0,0.0,0.0,0.0,0.0,0.0,0.47244094488188987,6.701201823456269,15.640281806879406,6.850393700787403,0.33568172399502705,0.0,0.0,0.0,0.0,0.0,0.0,0.0,0.0,0.0,0.0,0.0,0.0,0.0,0.0,0.0,0.4163,0.02248,0.0,0.0,0.0,0.0,0.0,0.0,0.0,0.0,0.0,0.0,0.31885397412199634,6.931608133086866,15.942698706099819,6.390942698706102,0.41589648798521267,0.0,0.0,0.0,0.0,0.0,0.0,0.0,0.0,0.0,0.0,0.0,0.0,0.0,0.0,0.0
18700,4555,2346,0.5150384193194292,1094,937,0.44588364434687155,1303,0.5721185510428101,0.44999999999999996,3.024898143956541,3.016900531905647,6.431818181818182,2.01582069089769,6649.800000000002,1.8189894035458565e-12,6649.8,6649.8,6649.800000000001,9.094947017729282e-13,6649.800000000001,9.094947017729282e-13,27.97782656421515,20.907158530580595,32.98664222105815,19.126870391345577,0.1429198682766191,0.09615806805708013,0.0893523600439078,0.0880351262349067,0.08122941822173436,0.07903402854006586,0.06630076838638858,0.06542261251372118,0.059934138309549946,0.05115257958287596,0.04544456641053787,0.03973655323819978,0.031174533479692644,0.027442371020856202,0.018880351262349066,0.01163556531284303,0.006147091108671789,0.8837628669194411,0.03535455019055787,0.0,0.0,0.0,0.0,0.0,0.0,0.0,0.0,0.0,0.0,0.0,0.0,0.0,0.0,0.0,0.0,0.0,0.0,0.0,0.0,0.00658616904500549,0.04610318331503843,0.12513721185510432,0.2832052689352351,1.4753018660812298,6.605927552140507,12.461031833150388,7.007683863885841,1.4753018660812298,0.5137211855104282,4.341970678486192,2.8117431532768844,4.363636363636363,2.9005556606443306,1.0049898276046685,4.4072553045859,2.823423474957314,4.277815239379636,2.799376209459419,0.9706302321375443,0.417,0.02333,0.0,0.0,0.0,0.0,0.0,0.0,0.0,0.0,0.0,0.01317233809001098,0.5400658616904501,6.395170142700319,15.530186608122944,7.0735455543358965,0.4478594950603733,0.0,0.0,0.0,0.0,0.0,0.0,0.0,0.0,0.0,0.0,0.0,0.0,0.0,0.0,0.0,nan,nan,4.342051630434782,2.8120805247661527,nan,0.417,0.1046,0.0,0.0,0.0,0.0,0.0,0.0,0.0,0.0003512623490669594,6.586169045005489e-05,1.0976948408342481e-05,8.781558726673985e-05,5.48847420417124e-05,0.0027222832052689354,9.879253567508232e-05,0.0047200878155872665,0.0001756311745334797,0.0018880351262349068,0.0030186608122941823,0.0021075740944017565,0.00019758507135016464,0.0007135016465422612,0.0016245883644346872,0.0045993413830955,0.014950603732162459,0.006860592755214051,0.03058177826564215,0.0023600439077936333,0.019846322722283205,0.00810098792535675,0.011712403951701427,0.02814489571899012,0.026564215148188804,0.031646542261251374,0.019901207464324916,0.023951701427003293,0.045455543358946214,0.02801317233809001,0.04688254665203073,0.06137211855104281,0.031778265642151485,0.02610318331503842,0.02229418221734358,0.02296377607025247,0.018507135016465424,0.02428100987925357,0.014972557628979144,0.06270032930845225,0.04588364434687157,0.05660812294182217,0.03333699231613611,0.02689352360043908,0.008221734357848518,0.009714599341383096,0.03141602634467618,0.013205268935236004,0.01350164654226125,0.02560922063666301,0.02018660812294182,0.009703622392974754,0.006498353457738749,0.0045993413830955,0.0005268935236004391,0.011394072447859496,0.007244785949506037,0.01950603732162459,0.00019758507135016464,0.0,0.002601536772777168,0.0003183315038419319,0.0004500548847420417,0.0,0.0,0.0,0.0,0.0,0.0,0.0,0.0,0.0,0.0,0.0,0.0,0.0,0.0,0.0,0.0,0.0,0.0,0.0,0.0,0.0,0.0,0.0,0.0,0.0,0.0,0.0,0.0,0.0,0.0,0.0,nan,nan,4.342051630434782,2.8120805247661527,nan,0.884430592169847,0.035961442829493956,0.0,0.0,0.0,0.0,0.0,0.0,0.0,0.0,0.0,0.0,0.0,0.0,0.0,0.0,0.0,0.0,0.0,0.0,0.0,0.0,0.0,0.051150895140664975,0.10230179028132995,0.2813299232736564,1.5601023017902818,6.547314578005117,12.033248081841435,7.289002557544759,1.5473145780051154,0.5882352941176472,0.8830537300079643,0.034684325420984714,0.0,0.0,0.0,0.0,0.0,0.0,0.0,0.0,0.0,0.0,0.0,0.0,0.0,0.0,0.0,0.0,0.0,0.0,0.0,0.0,0.013580805794477142,0.04074241738343142,0.14938886373924856,0.28519692168401906,1.3852421910366683,6.668175645088277,12.915346310547763,6.708918062471708,1.3988229968311456,0.43458578542326853,0.4175,0.02362,0.0,0.0,0.0,0.0,0.0,0.0,0.0,0.0,0.0,0.012787723785166244,0.5882352941176472,6.1764705882352855,15.255754475703329,7.480818414322252,0.4859335038363172,0.0,0.0,0.0,0.0,0.0,0.0,0.0,0.0,0.0,0.0,0.0,0.0,0.0,0.0,0.0,0.4163,0.02301,0.0,0.0,0.0,0.0,0.0,0.0,0.0,0.0,0.0,0.013580805794477142,0.4889090086011771,6.627433227704834,15.82163875056587,6.641014033499323,0.4074241738343143,0.0,0.0,0.0,0.0,0.0,0.0,0.0,0.0,0.0,0.0,0.0,0.0,0.0,0.0,0.0
18800,4308,2200,0.510677808727948,1051,883,0.4489322191272052,1231,0.5714948932219127,0.474,3.042220113851992,3.144770847914875,6.683087027914614,2.0890817100920014,6649.800000000001,9.094947017729282e-13,6649.8,6649.8,6649.800000000001,9.094947017729282e-13,6649.800000000002,1.8189894035458565e-12,27.257428040854226,20.48433688547373,32.344029017857146,18.702251793831465,0.14554317548746518,0.09935004642525534,0.09401114206128133,0.08867223769730734,0.08379758588672238,0.07242339832869081,0.07497678737233054,0.05988857938718663,0.058031569173630455,0.05338904363974002,0.04758588672237697,0.03969359331476323,0.027158774373259052,0.02437325905292479,0.016713091922005572,0.009517177344475394,0.004874651810584958,0.8839033929805791,0.03539376545464602,0.0,0.0,0.0,0.0,0.0,0.0,0.0,0.0,0.0,0.0,0.0,0.0,0.0,0.0,0.0,0.0,0.0,0.0,0.0,0.0,0.0,0.027855153203342625,0.05571030640668525,0.37604456824512417,1.6295264623955437,6.323119777158776,12.674094707520895,6.789693593314765,1.622562674094708,0.5013927576601672,4.373634377276038,2.893134949450176,3.6,2.4166091947189146,0.8231140716069941,4.363309352517986,2.920225769454956,4.381337252020573,2.863934439682395,1.0041317032660504,0.4165,0.02327,0.0,0.0,0.0,0.0,0.0,0.0,0.0,0.0,0.0,0.0,0.4874651810584959,6.678272980501384,15.508356545961005,7.026462395543177,0.2994428969359332,0.0,0.0,0.0,0.0,0.0,0.0,0.0,0.0,0.0,0.0,0.0,0.0,0.0,0.0,0.0,nan,nan,4.372228280625227,2.8925277730243333,nan,0.4165,0.10486,0.0,0.0,0.0,0.0,0.0,0.0,0.0,0.00041782729805013927,2.321262766945218e-05,0.0,3.4818941504178274e-05,0.0,0.0031337047353760445,1.160631383472609e-05,0.0049326833797585885,0.00011606313834726091,0.0020543175487465182,0.0031453110492107705,0.002158774373259053,8.124419684308264e-05,0.0009168987929433612,0.0013115134633240482,0.0046309192200557105,0.016051532033426182,0.006987000928505107,0.030536211699164345,0.002448932219127205,0.01954503249767874,0.00861188486536676,0.011060817084493964,0.03127901578458681,0.026323119777158774,0.030478180129990717,0.017688022284122563,0.023270659238625813,0.04615831012070566,0.02663649025069638,0.04755106778087279,0.06150185701021356,0.031429897864438255,0.025336583101207056,0.022585886722376974,0.022527855153203342,0.019336118848653668,0.023340297121634167,0.014856081708449397,0.06327762302692665,0.044649489322191274,0.06056174558960074,0.032729805013927575,0.027414113277623026,0.008426183844011143,0.00813602599814299,0.03207985143918292,0.012813370473537604,0.014473073351903435,0.02490714948932219,0.02078690807799443,0.009192200557103064,0.006476323119777159,0.004909470752089137,0.0005338904363974002,0.010329619312906222,0.0073235840297121635,0.018523676880222842,0.00029015784586815225,3.4818941504178274e-05,0.0028667595171773443,0.00031337047353760446,0.00034818941504178273,0.0,0.0,0.0,0.0,0.0,9.285051067780872e-05,0.0,0.0,0.0,0.0,0.0,0.0,0.0,0.0,0.0,0.0,0.0,0.0,0.0,0.0,0.0,0.0,0.0,0.0,0.0,0.0,0.0,0.0,0.0,0.0,0.0,nan,nan,4.372228280625227,2.8925277730243333,nan,0.8850177044489167,0.0359553035787059,0.0,0.0,0.0,0.0,0.0,0.0,0.0,0.0,0.0,0.0,0.0,0.0,0.0,0.0,0.0,0.0,0.0,0.0,0.0,0.0,0.0,0.02727272727272728,0.040909090909090916,0.42272727272727145,1.5136363636363641,6.150000000000001,12.600000000000003,6.995454545454547,1.5818181818181822,0.6681818181818183,0.8827404493229213,0.034759984381565745,0.0,0.0,0.0,0.0,0.0,0.0,0.0,0.0,0.0,0.0,0.0,0.0,0.0,0.0,0.0,0.0,0.0,0.0,0.0,0.0,0.0,0.0284629981024668,0.07115749525616699,0.3273244781783671,1.7504743833017082,6.503795066413664,12.751423149905127,6.574952561669831,1.6650853889943078,0.3273244781783682,0.4163,0.02315,0.0,0.0,0.0,0.0,0.0,0.0,0.0,0.0,0.0,0.0,0.47727272727272735,6.763636363636354,15.613636363636367,6.81818181818182,0.3272727272727273,0.0,0.0,0.0,0.0,0.0,0.0,0.0,0.0,0.0,0.0,0.0,0.0,0.0,0.0,0.0,0.4165,0.02342,0.0,0.0,0.0,0.0,0.0,0.0,0.0,0.0,0.0,0.0,0.498102466793169,6.5891840607210534,15.398481973434539,7.243833017077801,0.2703984819734346,0.0,0.0,0.0,0.0,0.0,0.0,0.0,0.0,0.0,0.0,0.0,0.0,0.0,0.0,0.0
18900,4540,2294,0.5052863436123348,1062,955,0.44427312775330396,1304,0.5744493392070484,0.45399999999999996,2.854407836153161,2.969224105878002,6.462057335581788,1.957127455046325,6649.800000000002,1.8189894035458565e-12,6649.8,6649.8,6649.800000000001,9.094947017729282e-13,6649.800000000002,1.8189894035458565e-12,27.581277533039646,20.750102216139663,32.4746785620572,19.058337614051972,0.14096916299559473,0.10066079295154184,0.09361233480176212,0.08898678414096917,0.08612334801762114,0.07687224669603525,0.06872246696035242,0.06475770925110132,0.05506607929515418,0.04757709251101322,0.04052863436123348,0.04140969162995595,0.03325991189427313,0.025991189427312777,0.018502202643171806,0.009691629955947136,0.007268722466960352,0.8827256250880363,0.03576523852865626,0.0,0.0,0.0,0.0,0.0,0.0,0.0,0.0,0.0,0.0,0.0,0.0,0.0,0.0,0.0,0.0,0.0,0.0,0.0,0.0,0.013215859030837008,0.026431718061674016,0.09911894273127755,0.356828193832598,1.784140969162996,6.409691629955948,12.376651982378858,7.0242290748898695,1.453744493392071,0.45594713656387675,4.26730967964175,2.7841492990733867,5.142857142857143,1.9587584572574412,1.2051755154758061,4.316838487972508,2.7698595566570856,4.221993127147766,2.794852438171918,0.9780289762776628,0.4175,0.02284,0.0,0.0,0.0,0.0,0.0,0.0,0.0,0.0,0.0,0.006607929515418504,0.41629955947136577,6.330396475770916,15.660792951541854,7.149779735682821,0.43612334801762126,0.0,0.0,0.0,0.0,0.0,0.0,0.0,0.0,0.0,0.0,0.0,0.0,0.0,0.0,0.0,nan,nan,4.269415807560137,2.7827881644130845,nan,0.4175,0.10504,0.0,0.0,0.0,0.0,0.0,0.0,0.0,0.0004185022026431718,3.303964757709251e-05,1.1013215859030838e-05,3.303964757709251e-05,0.0,0.0022356828193832597,7.709251101321586e-05,0.0053083700440528635,0.00023127753303964758,0.0014537444933920706,0.003237885462555066,0.002488986784140969,0.0,0.0008039647577092511,0.0009691629955947136,0.005044052863436123,0.015022026431718061,0.00801762114537445,0.030958149779735683,0.0025991189427312777,0.017610132158590308,0.008733480176211453,0.010044052863436124,0.032015418502202644,0.02711453744493392,0.02800660792951542,0.016640969162995595,0.02578193832599119,0.048469162995594714,0.024284140969162996,0.05090308370044053,0.056960352422907486,0.03290748898678414,0.02368942731277533,0.022566079295154185,0.022301762114537445,0.019603524229074888,0.023193832599118943,0.014350220264317181,0.06279735682819383,0.044559471365638766,0.06064977973568282,0.03550660792951542,0.026211453744493393,0.008634361233480176,0.007929515418502203,0.033788546255506605,0.012015418502202644,0.016079295154185023,0.02356828193832599,0.01932819383259912,0.010165198237885463,0.007169603524229075,0.004449339207048458,0.0007048458149779736,0.010451541850220264,0.007577092511013216,0.019779735682819384,0.00022026431718061675,4.405286343612335e-05,0.003403083700440529,0.0004955947136563877,0.00016519823788546255,0.0,0.0,0.0,0.0,0.0,0.00018722466960352423,0.0,0.0,0.0,0.0,0.0,0.0,0.0,0.0,0.0,0.0,0.0,0.0,0.0,0.0,0.0,0.0,0.0,0.0,0.0,0.0,0.0,0.0,0.0,0.0,0.0,nan,nan,4.269415807560137,2.7827881644130845,nan,0.883171846373973,0.03647215812750753,0.0,0.0,0.0,0.0,0.0,0.0,0.0,0.0,0.0,0.0,0.0,0.0,0.0,0.0,0.0,0.0,0.0,0.0,0.0,0.0,0.02615518744551003,0.05231037489102006,0.09154315605928512,0.3661726242371392,1.608544027898867,6.460331299040978,12.17523975588492,7.258064516129034,1.464690496948562,0.4969485614646906,0.8822698674611714,0.035022618733179495,0.0,0.0,0.0,0.0,0.0,0.0,0.0,0.0,0.0,0.0,0.0,0.0,0.0,0.0,0.0,0.0,0.0,0.0,0.0,0.0,0.0,0.0,0.10685663401602852,0.34728406055209154,1.963490650044524,6.357969723953697,12.58236865538736,6.785396260017811,1.4425645592163852,0.4140694568121105,0.4177,0.02301,0.0,0.0,0.0,0.0,0.0,0.0,0.0,0.0,0.0,0.0,0.45771578029642557,6.512641673931987,15.326939843068878,7.231909328683524,0.4707933740191806,0.0,0.0,0.0,0.0,0.0,0.0,0.0,0.0,0.0,0.0,0.0,0.0,0.0,0.0,0.0,0.4175,0.02267,0.0,0.0,0.0,0.0,0.0,0.0,0.0,0.0,0.0,0.013357079252003565,0.3739982190560998,6.14425645592163,16.001780943900272,7.065894924309886,0.40071237756010697,0.0,0.0,0.0,0.0,0.0,0.0,0.0,0.0,0.0,0.0,0.0,0.0,0.0,0.0,0.0
19000,4535,2280,0.5027563395810364,1054,932,0.4379272326350606,1300,0.5733186328555678,0.45799999999999996,2.9623059866962307,3.056438517607606,6.506153846153846,2.045812001519722,6649.800000000002,1.8189894035458565e-12,6649.8,6649.8,6649.800000000002,1.8189894035458565e-12,6649.800000000002,1.8189894035458565e-12,27.91135611907387,20.97468608787952,32.95046113306983,19.222192150359792,0.14178610804851158,0.10540242557883131,0.08643880926130099,0.09217199558985667,0.07541345093715546,0.07783902976846747,0.06482910694597574,0.06174200661521499,0.054685777287761854,0.05755237045203969,0.04829106945975744,0.03991179713340683,0.034178610804851156,0.024255788313120176,0.016758544652701213,0.011466372657111356,0.007276736493936053,0.882100686835086,0.035515276495880085,0.0,0.0,0.0,0.0,0.0,0.0,0.0,0.0,0.0,0.0,0.0,0.0,0.0,0.0,0.0,0.0,0.0,0.0,0.0,0.0,0.0,0.0,0.06615214994487321,0.396912899669238,1.9448732083792728,6.985667034178612,12.20507166482911,6.198456449834621,1.7728776185226023,0.42998897464167596,4.376292212267402,2.8045134996548655,1.6666666666666667,1.699673171197595,0.3808398950131233,4.366412213740458,2.8048404615367812,4.380041011619959,2.8059473500885765,1.0031212806332424,0.4182,0.02325,0.0,0.0,0.0,0.0,0.0,0.0,0.0,0.0,0.0,0.013230429988974645,0.42337375964718865,6.026460859977941,15.856670341786112,7.177508269018745,0.4961411245865492,0.006615214994487323,0.0,0.0,0.0,0.0,0.0,0.0,0.0,0.0,0.0,0.0,0.0,0.0,0.0,0.0,nan,nan,4.373493975903615,2.804947622617285,nan,0.4182,0.1048,0.0,0.0,0.0,0.0,0.0,0.0,0.0,0.00023153252480705622,0.00012127894156560088,0.0,0.00011025358324145535,0.0,0.0021499448732083793,0.00014332965821389196,0.0050606394707828,0.00039691289966923925,0.000970231532524807,0.0029988974641675854,0.002635060639470783,0.0,0.0006945975744211686,0.001113561190738699,0.004718853362734289,0.014520396912899669,0.0086438809261301,0.03068357221609702,0.002061742006615215,0.01693495038588754,0.008809261300992282,0.009470782800441014,0.032800441014332965,0.02788313120176406,0.028423373759647187,0.0161742006615215,0.02471885336273429,0.04896361631753032,0.02538037486218302,0.04793825799338478,0.058599779492833515,0.03433296582138919,0.022425578831312017,0.021223814773980155,0.02300992282249173,0.018996692392502755,0.024035281146637267,0.01434399117971334,0.06325248070562293,0.04621830209481808,0.06115766262403528,0.033660418963616316,0.02858875413450937,0.009338478500551268,0.008158765159867696,0.03206174200661521,0.01103638368246968,0.01663726571113561,0.022723263506063948,0.019966923925027562,0.009922822491730982,0.006846747519294377,0.003947078280044101,0.00039691289966923925,0.010727673649393605,0.009514884233737596,0.019889746416758544,4.410143329658214e-05,2.205071664829107e-05,0.0030209481808158765,0.0007056229327453142,0.0002866593164277839,0.0,0.0,2.205071664829107e-05,0.0,0.0,0.00013230429988974642,0.0,0.0,0.0,0.0,0.0,0.0,0.0,0.0,0.0,0.0,0.0,0.0,0.0,0.0,0.0,0.0,0.0,0.0,0.0,0.0,0.0,0.0,0.0,0.0,0.0,nan,nan,4.373493975903615,2.804947622617285,nan,0.8814550716103169,0.035377756481962765,0.0,0.0,0.0,0.0,0.0,0.0,0.0,0.0,0.0,0.0,0.0,0.0,0.0,0.0,0.0,0.0,0.0,0.0,0.0,0.0,0.0,0.0,0.03947368421052632,0.4868421052631564,2.0000000000000004,6.8421052631578965,12.381578947368425,6.236842105263159,1.5657894736842108,0.4473684210526317,0.8827534596565821,0.035641893993025336,0.0,0.0,0.0,0.0,0.0,0.0,0.0,0.0,0.0,0.0,0.0,0.0,0.0,0.0,0.0,0.0,0.0,0.0,0.0,0.0,0.0,0.0,0.09312638580931266,0.3059866962305977,1.889135254988914,7.130820399113084,12.026607538802663,6.159645232815966,1.9822616407982265,0.4124168514412418,0.4185,0.0235,0.0,0.0,0.0,0.0,0.0,0.0,0.0,0.0,0.0,0.013157894736842108,0.4605263157894738,5.7105263157894655,16.23684210526316,7.013157894736843,0.5526315789473685,0.013157894736842108,0.0,0.0,0.0,0.0,0.0,0.0,0.0,0.0,0.0,0.0,0.0,0.0,0.0,0.0,0.418,0.02303,0.0,0.0,0.0,0.0,0.0,0.0,0.0,0.0,0.0,0.01330376940133038,0.38580931263858104,6.345898004434581,15.472283813747232,7.34368070953437,0.43902439024390255,0.0,0.0,0.0,0.0,0.0,0.0,0.0,0.0,0.0,0.0,0.0,0.0,0.0,0.0,0.0
19100,4579,2349,0.5129941035160516,1129,925,0.4485695566717624,1336,0.5835335226031885,0.44999999999999996,3.0201793721973096,3.0327134121890507,6.404191616766467,2.0285640859258462,6649.800000000001,9.094947017729282e-13,6649.8,6649.8,6649.800000000001,9.094947017729282e-13,6649.800000000002,1.8189894035458565e-12,28.42585717405547,20.906449236517865,33.378791807103966,19.045989026453977,0.1404236732911116,0.08997597728761739,0.09041275387639222,0.08233238698405765,0.08932081240445512,0.07490718497488534,0.06660842978816335,0.06420615854990172,0.05721773312950426,0.056125791657567155,0.04651670670452064,0.04433282376064643,0.03341340904127539,0.030574361214238916,0.018344616728543352,0.009390696658659096,0.0058964839484603624,0.8821137529399411,0.03553865458473938,0.0,0.0,0.0,0.0,0.0,0.0,0.0,0.0,0.0,0.0,0.0,0.0,0.0,0.0,0.0,0.0,0.0,0.0,0.0,0.0,0.0,0.0,0.052413190652981015,0.4651670670452049,1.7427385892116187,7.016815898667833,12.362961345271897,6.171653199388515,1.703428696221883,0.48482201354007437,4.236623462944499,2.814027678636579,nan,nan,nan,4.2434554973821985,2.8320615022861984,4.227180527383367,2.796412671406475,0.9961646893648651,0.4182,0.02242,0.0,0.0,0.0,0.0,0.0,0.0,0.0,0.0,0.0,0.006551648831622627,0.386547281065735,5.804760864817637,16.26119240008736,7.206813714784889,0.33413409041275394,0.0,0.0,0.0,0.0,0.0,0.0,0.0,0.0,0.0,0.0,0.0,0.0,0.0,0.0,0.0,nan,nan,4.236623462944499,2.814027678636579,nan,0.4182,0.105,0.0,0.0,0.0,0.0,0.0,0.0,0.0,0.0002839047827036471,1.0919414719371043e-05,1.0919414719371043e-05,0.00017471063550993668,0.0,0.0019873334789255294,0.00022930770910679189,0.005579820921598602,0.0005787289801266652,0.0010919414719371041,0.0028608866564752127,0.0024131906529810004,5.4597073596855206e-05,0.0006988425420397467,0.0011246997160952172,0.004553395937977724,0.014490063332605373,0.008080366892334571,0.03234330639877703,0.0015068792312732037,0.017602096527626118,0.009827473247433938,0.009892989735750164,0.032856518890587466,0.027233020310111378,0.02788818519327364,0.016215330858265996,0.02306180388731164,0.04747761519982529,0.027112906748198298,0.04473684210526316,0.060155055689015066,0.035466259008517145,0.021423891679405983,0.020386547281065735,0.022559510810220573,0.018038873116400962,0.022406639004149378,0.014544660406202227,0.06594234549028172,0.04747761519982529,0.06419523913518235,0.033511683773749724,0.029569775060056782,0.008833806507971173,0.007436121423891679,0.03179733566280847,0.009761956759117712,0.015592924219261848,0.023979034723738808,0.0201354007425202,0.010307927495086263,0.005492465603843634,0.004389604717187159,0.000262065953264905,0.011661934920288273,0.009074033631797335,0.01980781830093907,2.1838829438742085e-05,3.275824415811313e-05,0.002369512994103516,0.0008953920069884254,0.00016379122079056562,2.1838829438742085e-05,0.0,8.735531775496834e-05,0.0,0.0,0.00021838829438742082,0.0,0.0,0.0,0.0,0.0,0.0,0.0,0.0,0.0,0.0,0.0,0.0,0.0,0.0,0.0,0.0,0.0,0.0,0.0,0.0,0.0,0.0,0.0,0.0,0.0,nan,nan,4.236623462944499,2.814027678636579,nan,0.8823588088300696,0.035253036642554525,0.0,0.0,0.0,0.0,0.0,0.0,0.0,0.0,0.0,0.0,0.0,0.0,0.0,0.0,0.0,0.0,0.0,0.0,0.0,0.0,0.0,0.0,0.03831417624521073,0.40868454661557985,1.8518518518518523,6.794380587484038,12.273307790549174,6.462324393358878,1.73690932311622,0.434227330779055,0.8818556200763035,0.03583524003770284,0.0,0.0,0.0,0.0,0.0,0.0,0.0,0.0,0.0,0.0,0.0,0.0,0.0,0.0,0.0,0.0,0.0,0.0,0.0,0.0,0.0,0.0,0.0672645739910314,0.5246636771300432,1.6278026905829601,7.2511210762331855,12.457399103139016,5.865470852017939,1.6681614349775788,0.5381165919282512,0.4182,0.02231,0.0,0.0,0.0,0.0,0.0,0.0,0.0,0.0,0.0,0.0,0.3959131545338443,5.759897828863338,16.24521072796935,7.305236270753514,0.29374201787994897,0.0,0.0,0.0,0.0,0.0,0.0,0.0,0.0,0.0,0.0,0.0,0.0,0.0,0.0,0.0,0.418,0.0225,0.0,0.0,0.0,0.0,0.0,0.0,0.0,0.0,0.0,0.01345291479820628,0.3766816143497759,5.852017937219723,16.2780269058296,7.103139013452917,0.3766816143497759,0.0,0.0,0.0,0.0,0.0,0.0,0.0,0.0,0.0,0.0,0.0,0.0,0.0,0.0,0.0
19200,4551,2227,0.4893430015381235,1048,1008,0.4517688420127445,1288,0.5660294440782245,0.45799999999999996,2.8760757314974184,3.081530526094014,6.701812191103789,1.954603406176358,6649.800000000001,9.094947017729282e-13,6649.8,6649.8,6649.800000000001,9.094947017729282e-13,6649.800000000001,9.094947017729282e-13,27.322127005053833,20.69537010104228,32.39409126879451,18.959919877553126,0.14392441221709515,0.10327400571303011,0.0936058009228741,0.09009009009009009,0.07844429795649308,0.07778510217534608,0.06921555702043507,0.06416172269830807,0.05998681608437706,0.047462096242584045,0.04306745770160404,0.03889255108767304,0.034278180619644036,0.02241265655899802,0.01735882223687102,0.01010766864425401,0.005932762030323006,0.884025747384168,0.035840855062084884,0.0,0.0,0.0,0.0,0.0,0.0,0.0,0.0,0.0,0.0,0.0,0.0,0.0,0.0,0.0,0.0,0.0,0.0,0.0,0.0,0.0,0.013183915622940016,0.12524719841793014,0.30982201713908936,1.608437705998682,6.526038233355308,12.518127883981546,6.6249176005273585,1.7468688200395521,0.5273566249176006,4.349020954998283,2.9066191951995277,2.5,3.774917217635375,0.5748420221169036,4.369625520110957,2.933614736376378,4.326766304347826,2.8828844401720897,0.9901915586207848,0.4192,0.02324,0.0,0.0,0.0,0.0,0.0,0.0,0.0,0.0,0.0,0.0,0.3889255108767305,5.853658536585357,15.359261700725119,7.98286090969018,0.41529334212261054,0.0,0.0,0.0,0.0,0.0,0.0,0.0,0.0,0.0,0.0,0.0,0.0,0.0,0.0,0.0,nan,nan,4.346483704974271,2.9087937564665873,nan,0.419,0.10443,0.0,0.0,0.0,0.0,0.0,0.0,0.0,0.0005053834322127005,1.0986596352450011e-05,0.0,2.1973192704900022e-05,0.0,0.0023071852340145024,0.0003955174686882004,0.005075807514831905,0.0005273566249176005,0.0008020215337288508,0.002153372885080202,0.0027136892990551526,1.0986596352450011e-05,0.0006042627993847506,0.0008899143045484509,0.003999121072291804,0.012788398154251812,0.007778510217534608,0.03078444297956493,0.0014722039112283014,0.018479455064820918,0.00960228521204131,0.01029444078224566,0.033640958031201935,0.028850802021533728,0.029169413315754778,0.016798505822896066,0.01967699406723797,0.04588002636783125,0.025917380795429577,0.0460887716985278,0.06070094484728631,0.036651285431773234,0.02148978246539222,0.02035816304108987,0.023104812129202373,0.01996264557240167,0.02124807734563832,0.014579213359701165,0.06475499890134037,0.0481103054273786,0.06437046802900462,0.034047462096242584,0.02897165458141068,0.009129861568885959,0.0068556361239288065,0.032992748846407384,0.01048121292023731,0.014820918479455065,0.023742034717644474,0.021621621621621623,0.00982201713909031,0.005185673478356405,0.005185673478356405,0.00018677213799165018,0.012206108547571962,0.00929466051417271,0.018677213799165017,3.295978905735003e-05,6.591957811470006e-05,0.0023401450230718522,0.0013623379477038014,0.00024170511975390025,0.0,0.0,1.0986596352450011e-05,0.0,0.0,0.00015381234893430015,0.0,0.0,0.0,0.0,0.0,0.0,0.0,0.0,0.0,0.0,0.0,0.0,0.0,0.0,0.0,0.0,0.0,0.0,0.0,0.0,0.0,0.0,0.0,0.0,0.0,nan,nan,4.346483704974271,2.9087937564665873,nan,0.8834095234072257,0.03568291915924747,0.0,0.0,0.0,0.0,0.0,0.0,0.0,0.0,0.0,0.0,0.0,0.0,0.0,0.0,0.0,0.0,0.0,0.0,0.0,0.0,0.0,0.013471037269869783,0.06735518634934891,0.3771890435563527,1.6569375841939833,6.708576560395152,12.44723843735968,6.493039964077235,1.7781769196228114,0.4580152671755726,0.8846162511693015,0.03598164813052675,0.0,0.0,0.0,0.0,0.0,0.0,0.0,0.0,0.0,0.0,0.0,0.0,0.0,0.0,0.0,0.0,0.0,0.0,0.0,0.0,0.0,0.012908777969018936,0.18072289156626511,0.24526678141135894,1.5619621342512913,6.351118760757316,12.586058519793463,6.751290877796904,1.7168674698795185,0.593803786574871,0.4192,0.02303,0.0,0.0,0.0,0.0,0.0,0.0,0.0,0.0,0.0,0.0,0.309833857207005,6.021553659631783,15.276156264032334,7.961383026493041,0.43107319263583305,0.0,0.0,0.0,0.0,0.0,0.0,0.0,0.0,0.0,0.0,0.0,0.0,0.0,0.0,0.0,0.4192,0.02345,0.0,0.0,0.0,0.0,0.0,0.0,0.0,0.0,0.0,0.0,0.4647160068846817,5.692771084337341,15.438898450946647,8.00344234079174,0.400172117039587,0.0,0.0,0.0,0.0,0.0,0.0,0.0,0.0,0.0,0.0,0.0,0.0,0.0,0.0,0.0
19300,4496,2310,0.5137900355871886,1062,926,0.44217081850533807,1286,0.5720640569395018,0.44599999999999995,2.9263494967978043,3.0409783081927184,6.56312292358804,2.046835873049445,6649.800000000002,1.8189894035458565e-12,6649.8,6649.8,6649.800000000002,1.8189894035458565e-12,6649.800000000001,9.094947017729282e-13,28.002891459074732,21.00517307498148,32.90515191545575,19.275839248701548,0.1396797153024911,0.10231316725978648,0.09230427046263345,0.08963523131672597,0.0809608540925267,0.07006227758007118,0.06338967971530249,0.0653914590747331,0.05493772241992882,0.056717081850533806,0.04893238434163701,0.03936832740213523,0.03469750889679715,0.02468861209964413,0.020685053380782917,0.009786476868327402,0.0064501779359430605,0.8846623158327626,0.03468305143031256,0.0,0.0,0.0,0.0,0.0,0.0,0.0,0.0,0.0,0.0,0.0,0.0,0.0,0.0,0.0,0.0,0.0,0.0,0.0,0.0,0.0,0.0,0.04670818505338079,0.2802491103202838,1.4879893238434168,6.625889679715304,12.711298932384345,6.512455516014237,1.7815836298932388,0.5538256227758008,4.344074844074844,2.844024122354728,3.3333333333333335,3.39934634239519,0.7673287070271996,4.383647798742138,2.8432588951759037,4.30315500685871,2.8458336556186152,0.9816379427410832,0.4204,0.02245,0.0,0.0,0.0,0.0,0.0,0.0,0.0,0.0,0.0,0.0,0.2869217081850534,5.398131672597857,15.72731316725979,8.067170818505339,0.5137900355871887,0.006672597864768685,0.0,0.0,0.0,0.0,0.0,0.0,0.0,0.0,0.0,0.0,0.0,0.0,0.0,0.0,nan,nan,4.343025268258913,2.8448432733574727,nan,0.4204,0.10474,0.0,0.0,0.0,0.0,0.0,0.0,0.0,0.0003336298932384342,0.0,0.0,0.0,0.0,0.0020573843416370106,0.0009786476868327402,0.005171263345195729,0.0002557829181494662,0.0008896797153024911,0.0024354982206405695,0.0029025800711743772,1.112099644128114e-05,0.0008785587188612099,0.0009341637010676156,0.003136120996441281,0.011610320284697509,0.007206405693950178,0.029915480427046264,0.0019350533807829182,0.018249555160142348,0.009664145907473309,0.010197953736654804,0.03258451957295374,0.02961521352313167,0.027502224199288255,0.01563612099644128,0.01963967971530249,0.0460520462633452,0.030604982206405694,0.046997330960854095,0.060687277580071176,0.03394128113879004,0.022319839857651246,0.018939056939501778,0.020584964412811387,0.02294261565836299,0.020751779359430605,0.013923487544483986,0.06145462633451957,0.04875444839857651,0.06613656583629893,0.033796708185053384,0.0285364768683274,0.008518683274021352,0.006917259786476868,0.03438612099644128,0.01171040925266904,0.014490658362989324,0.0238211743772242,0.022442170818505337,0.011198843416370107,0.005493772241992882,0.0054826512455516015,0.0001668149466192171,0.012032918149466193,0.009219306049822065,0.01965080071174377,4.448398576512456e-05,1.112099644128114e-05,0.0027357651245551603,0.0011009786476868328,0.00013345195729537367,0.0,0.0,0.0,0.0,0.0,0.0002780249110320285,0.0,0.0,0.0,0.0,0.0,0.0,0.0,0.0,0.0,0.0,0.0,0.0,0.0,0.0,0.0,0.0,0.0,0.0,0.0,0.0,0.0,0.0,0.0,0.0,0.0,nan,nan,4.343025268258913,2.8448432733574727,nan,0.8843058488843761,0.035247704665683124,0.0,0.0,0.0,0.0,0.0,0.0,0.0,0.0,0.0,0.0,0.0,0.0,0.0,0.0,0.0,0.0,0.0,0.0,0.0,0.0,0.0,0.0,0.05194805194805196,0.3116883116883107,1.5844155844155847,6.493506493506495,12.896103896103899,6.389610389610391,1.6493506493506498,0.6233766233766235,0.8850390032301882,0.034072149847528356,0.0,0.0,0.0,0.0,0.0,0.0,0.0,0.0,0.0,0.0,0.0,0.0,0.0,0.0,0.0,0.0,0.0,0.0,0.0,0.0,0.0,0.0,0.041171088746569086,0.24702653247941367,1.3860933211344924,6.765782250686186,12.516010978957002,6.6422689844464795,1.9213174748398907,0.48032936870997267,0.42,0.02214,0.0,0.0,0.0,0.0,0.0,0.0,0.0,0.0,0.0,0.0,0.27272727272727276,5.506493506493499,15.883116883116886,7.948051948051949,0.3896103896103897,0.0,0.0,0.0,0.0,0.0,0.0,0.0,0.0,0.0,0.0,0.0,0.0,0.0,0.0,0.0,0.4207,0.02277,0.0,0.0,0.0,0.0,0.0,0.0,0.0,0.0,0.0,0.0,0.30192131747483997,5.283623055809691,15.562671546203115,8.193046660567248,0.645013723696249,0.013723696248856361,0.0,0.0,0.0,0.0,0.0,0.0,0.0,0.0,0.0,0.0,0.0,0.0,0.0,0.0
19400,4582,2333,0.5091663029244872,1099,933,0.4434744652989961,1296,0.565691837625491,0.44199999999999995,2.9524232992441086,2.9820799671779996,6.291233283803863,2.058908912125926,6649.800000000001,9.094947017729282e-13,6649.8,6649.8,6649.800000000002,1.8189894035458565e-12,6649.800000000001,9.094947017729282e-13,27.718681798341336,20.669133763572688,32.64845173041894,18.923528664159114,0.14316892186817984,0.09908336970755129,0.09690091663029245,0.0814054997817547,0.08271497162810999,0.07114797031863815,0.07420340462680053,0.06110868616324749,0.06307289393278044,0.05063291139240506,0.044522042776080316,0.04168485377564382,0.033391532082060235,0.025534701003928417,0.01811436054124836,0.007420340462680052,0.005892623308598865,0.883490652652455,0.0353696311823298,0.0,0.0,0.0,0.0,0.0,0.0,0.0,0.0,0.0,0.0,0.0,0.0,0.0,0.0,0.0,0.0,0.0,0.0,0.0,0.0,0.0,0.006547359231776518,0.0720209515495417,0.28808380619816587,1.7481449148843304,6.7503273679615905,12.52509821038848,6.265822784810128,1.8529026625927547,0.49105194238323885,4.284644194756554,2.7923260186099634,3.5,2.5,0.8168706293706294,4.28125,2.7967326749067927,4.286980231765508,2.787666541398107,1.0013384482955932,0.42,0.02272,0.0,0.0,0.0,0.0,0.0,0.0,0.0,0.0,0.0,0.006547359231776518,0.2749890877346138,5.656918376254903,15.608904408555219,7.9026625927542575,0.5499781754692276,0.0,0.0,0.0,0.0,0.0,0.0,0.0,0.0,0.0,0.0,0.0,0.0,0.0,0.0,0.0,nan,nan,4.284110241578769,2.7922124696677106,nan,0.42,0.1055,0.0,0.0,0.0,0.0,0.0,0.0,0.0,0.0007638585770405937,0.0,0.0,0.0,0.0,0.0021169794849410736,0.0010912265386294195,0.005347010039284155,8.729812309035356e-05,0.0009057180270624182,0.0020515058926233085,0.002869925796595373,0.0,0.0009275425578350065,0.0004583151462243562,0.0036774334351811436,0.01212352684417285,0.007049323439546049,0.030925360104757747,0.0023897861195984285,0.018037974683544303,0.010573985159319075,0.011337843736359668,0.031274552597119164,0.027771715408118725,0.02616761239633348,0.017132256656481885,0.01932562199912702,0.04966171977302488,0.03200567437800087,0.04805761676123963,0.05983195111305107,0.034482758620689655,0.023341335661283283,0.018430816237450895,0.021017023134002617,0.02080969009166303,0.021518987341772152,0.012319947621126147,0.058555216062854645,0.047326494980357924,0.0642841553906591,0.030783500654735924,0.027695329550414666,0.008707987778262767,0.006045395024006984,0.036174159755565254,0.01206896551724138,0.015462680052378873,0.025687472719336534,0.02370144041903099,0.011796158882584024,0.005085115670013095,0.0064054997817546925,0.00010912265386294194,0.01178524661719773,0.00934089917066783,0.01864906154517678,1.0912265386294195e-05,3.273679615888258e-05,0.003066346573548669,0.000894805761676124,8.729812309035356e-05,0.0,0.0,0.0,0.0,0.0,0.0003601047577477084,0.0,0.0,0.0,0.0,0.0,0.0,0.0,0.0,0.0,0.0,0.0,0.0,0.0,0.0,0.0,0.0,0.0,0.0,0.0,0.0,0.0,0.0,0.0,0.0,0.0,nan,nan,4.284110241578769,2.7922124696677106,nan,0.8838132314042273,0.03552848142065692,0.0,0.0,0.0,0.0,0.0,0.0,0.0,0.0,0.0,0.0,0.0,0.0,0.0,0.0,0.0,0.0,0.0,0.0,0.0,0.0,0.0,0.0,0.0900128589798543,0.27003857693956196,1.645949421345907,6.840977282468926,12.383197599657096,6.442348906986714,1.8516930990141454,0.4757822546078012,0.8831560256058187,0.03520096685185036,0.0,0.0,0.0,0.0,0.0,0.0,0.0,0.0,0.0,0.0,0.0,0.0,0.0,0.0,0.0,0.0,0.0,0.0,0.0,0.0,0.0,0.013339261894175192,0.05335704757670077,0.3068030235660284,1.8541574032903516,6.656291685193421,12.672298799466432,6.0827034237438875,1.8541574032903516,0.5068919519786573,0.4204,0.02261,0.0,0.0,0.0,0.0,0.0,0.0,0.0,0.0,0.0,0.0,0.2828975567938277,5.375053579082718,15.59794256322332,8.178311187312476,0.5657951135876554,0.0,0.0,0.0,0.0,0.0,0.0,0.0,0.0,0.0,0.0,0.0,0.0,0.0,0.0,0.0,0.4192,0.0228,0.0,0.0,0.0,0.0,0.0,0.0,0.0,0.0,0.0,0.013339261894175192,0.26678523788350383,5.949310804802125,15.62027567807915,7.616718541574034,0.5335704757670077,0.0,0.0,0.0,0.0,0.0,0.0,0.0,0.0,0.0,0.0,0.0,0.0,0.0,0.0,0.0
19500,4430,2345,0.5293453724604966,1161,846,0.45304740406320543,1189,0.5367945823927766,0.474,3.1338129496402876,3.1461343329221565,6.718553459119497,2.016683976165016,6649.800000000001,9.094947017729282e-13,6649.8,6649.8,6649.800000000002,1.8189894035458565e-12,6649.800000000002,1.8189894035458565e-12,28.881715575620767,21.201069114411336,33.86887877976987,19.319987269888834,0.1363431151241535,0.09255079006772009,0.09119638826185102,0.08036117381489842,0.07968397291196389,0.07291196388261852,0.0690744920993228,0.0690744920993228,0.06433408577878104,0.05169300225733634,0.04785553047404063,0.04018058690744921,0.036568848758465014,0.02799097065462754,0.019413092550790066,0.012641083521444696,0.008126410835214447,0.8831308320332865,0.03590239906863693,0.0,0.0,0.0,0.0,0.0,0.0,0.0,0.0,0.0,0.0,0.0,0.0,0.0,0.0,0.0,0.0,0.0,0.0,0.0,0.0,0.013544018058690748,0.027088036117381496,0.06772009029345374,0.3589164785553036,1.611738148984199,6.77878103837472,12.494356659142216,6.4943566591422135,1.6049661399548536,0.5485327313769752,4.266484455073454,2.925690672680791,5.857142857142857,2.641891715558133,1.3728264848540312,4.3213793103448275,2.9476158970960444,4.2203504043126685,2.9040061345042614,0.9766211436727369,0.4192,0.02325,0.0,0.0,0.0,0.0,0.0,0.0,0.0,0.0,0.0,0.0,0.3656884875846502,5.702031602708796,15.595936794582396,7.726862302483072,0.6027088036117383,0.006772009029345374,0.0,0.0,0.0,0.0,0.0,0.0,0.0,0.0,0.0,0.0,0.0,0.0,0.0,0.0,nan,nan,4.2702794819359235,2.9260755846009556,nan,0.4192,0.1063,0.0,0.0,0.0,0.0,0.0,0.0,0.0,0.0010609480812641084,0.0,0.0,0.0,0.0,0.002765237020316027,0.0008013544018058691,0.005507900677200903,0.0001128668171557562,0.001038374717832957,0.002381489841986456,0.003058690744920993,0.0,0.0007336343115124153,0.0006094808126410836,0.003306997742663657,0.012302483069977426,0.006015801354401806,0.030948081264108352,0.0027200902934537245,0.019334085778781037,0.010474040632054177,0.012742663656884876,0.030372460496613997,0.028803611738148983,0.024006772009029346,0.01755079006772009,0.019367945823927764,0.053747178329571106,0.03335214446952596,0.047279909706546275,0.056478555304740406,0.034571106094808124,0.02476297968397291,0.017923250564334085,0.02164785553047404,0.02036117381489842,0.019153498871331828,0.01281038374717833,0.05404063205417607,0.047133182844243796,0.0677313769751693,0.028769751693002256,0.02700902934537246,0.009209932279909707,0.0058916478555304744,0.03556433408577878,0.012167042889390519,0.016241534988713318,0.025428893905191874,0.02476297968397291,0.01118510158013544,0.005191873589164785,0.006670428893905192,0.0,0.010248306997742663,0.010880361173814898,0.01843115124153499,1.128668171557562e-05,9.029345372460496e-05,0.0036568848758465012,0.0011399548532731378,0.0001128668171557562,2.257336343115124e-05,1.128668171557562e-05,0.0,0.0,0.0,0.00029345372460496614,0.0,0.0,0.0,0.0,0.0,0.0,0.0,0.0,0.0,0.0,0.0,0.0,0.0,0.0,0.0,0.0,0.0,0.0,0.0,0.0,0.0,0.0,0.0,0.0,0.0,nan,nan,4.2702794819359235,2.9260755846009556,nan,0.8841130624193627,0.03594805269466858,0.0,0.0,0.0,0.0,0.0,0.0,0.0,0.0,0.0,0.0,0.0,0.0,0.0,0.0,0.0,0.0,0.0,0.0,0.0,0.0,0.0,0.03837953091684435,0.08955223880597017,0.3198294243070352,1.4456289978678043,6.9466950959488285,12.191897654584224,6.639658848614074,1.7270788912579962,0.6012793176972282,0.8820261172825198,0.03581881489145805,0.0,0.0,0.0,0.0,0.0,0.0,0.0,0.0,0.0,0.0,0.0,0.0,0.0,0.0,0.0,0.0,0.0,0.0,0.0,0.0,0.028776978417266195,0.014388489208633098,0.04316546762589929,0.4028776978417254,1.798561151079137,6.5899280575539585,12.834532374100723,6.330935251798563,1.4676258992805757,0.4892086330935253,0.419,0.02318,0.0,0.0,0.0,0.0,0.0,0.0,0.0,0.0,0.0,0.0,0.3582089552238807,5.89765458422174,15.377398720682306,7.803837953091686,0.5501066098081024,0.012793176972281453,0.0,0.0,0.0,0.0,0.0,0.0,0.0,0.0,0.0,0.0,0.0,0.0,0.0,0.0,0.4197,0.02333,0.0,0.0,0.0,0.0,0.0,0.0,0.0,0.0,0.0,0.0,0.37410071942446055,5.482014388489201,15.841726618705039,7.640287769784174,0.6618705035971224,0.0,0.0,0.0,0.0,0.0,0.0,0.0,0.0,0.0,0.0,0.0,0.0,0.0,0.0,0.0
19600,4648,2341,0.503657487091222,1076,959,0.43782271944922546,1290,0.5550774526678142,0.474,3.033810143042913,3.133730997520569,6.782820097244732,2.0570855896696596,6649.800000000001,9.094947017729282e-13,6649.8,6649.8,6649.800000000002,1.8189894035458565e-12,6649.800000000001,9.094947017729282e-13,27.33541308089501,20.571273663304588,32.125351752366335,18.92748868702008,0.1364027538726334,0.10778829604130809,0.10413080895008606,0.08476764199655766,0.08111015490533563,0.07293459552495697,0.0690619621342513,0.06303786574870912,0.05636833046471601,0.04819277108433735,0.04281411359724613,0.04216867469879518,0.03679001721170396,0.02495697074010327,0.015920826161790018,0.00946643717728055,0.004087779690189329,0.8842677182025835,0.03455858929423644,0.0,0.0,0.0,0.0,0.0,0.0,0.0,0.0,0.0,0.0,0.0,0.0,0.0,0.0,0.0,0.0,0.0,0.0,0.0,0.0,0.0,0.006454388984509468,0.07099827882960415,0.27108433734939674,1.5684165232358007,6.5447504302926,12.592512908777973,6.751290877796904,1.6910499139414805,0.5034423407917384,4.501026694045175,2.9054515141365864,2.0,0.0,0.44434306569343063,4.4382252559726965,2.854929200710347,4.56241426611797,2.953784429615924,1.0279816825381152,0.419,0.02199,0.0,0.0,0.0,0.0,0.0,0.0,0.0,0.0,0.0,0.0,0.3162650602409639,5.428141135972454,16.40060240963856,7.500000000000002,0.3549913941480208,0.0,0.0,0.0,0.0,0.0,0.0,0.0,0.0,0.0,0.0,0.0,0.0,0.0,0.0,0.0,nan,nan,4.500171057133082,2.9053226552759113,nan,0.419,0.1059,0.0,0.0,0.0,0.0,0.0,0.0,0.0,0.0010757314974182443,0.0,0.0,0.0,0.0,0.0031303786574870913,0.0009466437177280551,0.005572289156626506,0.00010757314974182444,0.0011080034423407918,0.0018179862306368332,0.002764629948364888,1.0757314974182445e-05,0.0005378657487091222,0.0006884681583476765,0.0033024956970740104,0.012446213425129088,0.006981497418244406,0.029195352839931153,0.0029582616179001722,0.01822289156626506,0.010456110154905336,0.012564543889845094,0.03172332185886403,0.028851118760757313,0.0257960413080895,0.018136833046471602,0.01913726333907057,0.055088209982788294,0.03191695352839931,0.04809595524956971,0.05498063683304647,0.034972030981067125,0.02231067125645439,0.018846815834767643,0.022063253012048194,0.020922977624784855,0.01958907056798623,0.01382314974182444,0.053808089500860586,0.047719449225473325,0.06481282271944923,0.030615318416523235,0.025430292598967296,0.010735800344234079,0.006830895008605852,0.036499569707401036,0.011757745266781411,0.01689974182444062,0.02394578313253012,0.02606497418244406,0.011768502581755593,0.004249139414802066,0.0064221170395869194,9.6815834767642e-05,0.00924053356282272,0.009617039586919104,0.018201376936316696,6.454388984509466e-05,7.530120481927712e-05,0.003248709122203098,0.0011295180722891566,0.0002689328743545611,4.302925989672978e-05,0.0,0.0,0.0,0.0,0.0003119621342512909,0.0,0.0,0.0,0.0,0.0,0.0,0.0,0.0,0.0,0.0,0.0,0.0,0.0,0.0,0.0,0.0,0.0,0.0,0.0,0.0,0.0,0.0,0.0,0.0,0.0,nan,nan,4.500171057133082,2.9053226552759113,nan,0.884846173764701,0.03494364663920956,0.0,0.0,0.0,0.0,0.0,0.0,0.0,0.0,0.0,0.0,0.0,0.0,0.0,0.0,0.0,0.0,0.0,0.0,0.0,0.0,0.0,0.012815036309269546,0.08970525416488682,0.3331909440410071,1.4609141392567282,6.1384023921401125,12.802221272960276,7.009824861170442,1.6275096112772323,0.5254164886800513,0.8836807375043101,0.034153407473978985,0.0,0.0,0.0,0.0,0.0,0.0,0.0,0.0,0.0,0.0,0.0,0.0,0.0,0.0,0.0,0.0,0.0,0.0,0.0,0.0,0.0,0.0,0.05201560468140443,0.20806241872561704,1.677503250975293,6.957087126137843,12.379713914174255,6.488946684005203,1.7555266579973996,0.481144343302991,0.4194,0.02213,0.0,0.0,0.0,0.0,0.0,0.0,0.0,0.0,0.0,0.0,0.2563007261853909,5.446390431439548,16.0316104228962,7.842802221272962,0.422896198205895,0.0,0.0,0.0,0.0,0.0,0.0,0.0,0.0,0.0,0.0,0.0,0.0,0.0,0.0,0.0,0.4185,0.02182,0.0,0.0,0.0,0.0,0.0,0.0,0.0,0.0,0.0,0.0,0.37711313394018214,5.409622886866052,16.77503250975293,7.1521456436931095,0.28608582574772434,0.0,0.0,0.0,0.0,0.0,0.0,0.0,0.0,0.0,0.0,0.0,0.0,0.0,0.0,0.0
19700,4858,2474,0.5092630712227254,1142,1015,0.44400988060930424,1380,0.5681350349938247,0.46199999999999997,3.0079697986577183,3.0898763423749527,6.640483383685801,2.0808561469031353,6649.800000000001,9.094947017729282e-13,6649.8,6649.8,6649.800000000001,9.094947017729282e-13,6649.800000000001,9.094947017729282e-13,27.473651708522027,20.808103645445808,32.541954590325766,19.0695450600052,0.1457389872375463,0.1020996294771511,0.09592424866200082,0.08810209962947715,0.07780979827089338,0.07554549197200494,0.06113627006998765,0.0675174969123096,0.05804857966241252,0.0531082750102923,0.04569781803211198,0.03952243721696171,0.03252367229312474,0.02243721696171264,0.018114450391107453,0.01070399341292713,0.005969534787978592,0.8855529311828134,0.03600667795365561,0.0,0.0,0.0,0.0,0.0,0.0,0.0,0.0,0.0,0.0,0.0,0.0,0.0,0.0,0.0,0.0,0.0,0.0,0.0,0.0,0.0,0.012350761630300537,0.06792918896665295,0.3087690407575124,1.6611774392754224,6.237134623301772,12.190201729106631,7.064635652531908,1.8711403869905314,0.5866611774392755,4.39591439688716,2.826568669153456,5.0,0.0,1.1374197831378623,4.383963494132986,2.84713143933089,4.408123791102515,2.805155247761505,1.005511062535503,0.4187,0.0224,0.0,0.0,0.0,0.0,0.0,0.0,0.0,0.0,0.0,0.0,0.34582132564841506,5.650473445862486,16.27212844792096,7.293124742692467,0.4322766570605188,0.006175380815150269,0.0,0.0,0.0,0.0,0.0,0.0,0.0,0.0,0.0,0.0,0.0,0.0,0.0,0.0,nan,nan,4.3961102106969205,2.8261314380607954,nan,0.4187,0.1058,0.0,0.0,2.0584602717167558e-05,0.0,0.0,2.0584602717167558e-05,0.0,0.0008233841086867024,0.0,0.0,0.0,0.0,0.002737752161383285,0.0008027995059695348,0.005846027171675586,4.1169205434335116e-05,0.0011836146562371347,0.0021407986825854263,0.0024392754219843557,1.0292301358583779e-05,0.00017496912309592424,0.0005969534787978592,0.0029024289831206256,0.012371346233017702,0.006813503499382462,0.02872581309180733,0.003272951832029642,0.018227665706051874,0.010858377933305886,0.012371346233017702,0.030701934952655413,0.031494442157266364,0.027521613832853026,0.017589543021819677,0.01892754219843557,0.0562783038287361,0.032420749279538905,0.0489810621655002,0.056134211609715934,0.03373816385343763,0.02278715520790449,0.018618773157678056,0.020553725813091808,0.021994648003293538,0.019081926718814327,0.014265129682997119,0.054940304652120214,0.04493618773157678,0.06324619184849732,0.028365582544256897,0.025936599423631124,0.011712638946068341,0.008172087278715521,0.0350864553314121,0.010858377933305886,0.017260189378344996,0.025185261424454507,0.026286537669822974,0.010590778097982709,0.00438452037875669,0.0058974886784685055,0.00021613832853025936,0.009973240016467683,0.009077809798270893,0.02006998764923837,0.00027789213668176206,5.14615067929189e-05,0.002603952243721696,0.0007616303005351997,0.0003705228489090161,2.0584602717167558e-05,0.0,0.0,0.0,0.0,0.0002470152326060107,0.0,0.0,0.0,0.0,0.0,0.0,0.0,0.0,0.0,0.0,0.0,0.0,0.0,0.0,0.0,0.0,0.0,0.0,0.0,0.0,0.0,0.0,0.0,0.0,0.0,nan,nan,4.3961102106969205,2.8261314380607954,nan,0.8856645532452299,0.0363719398575763,0.0,0.0,0.0,0.0,0.0,0.0,0.0,0.0,0.0,0.0,0.0,0.0,0.0,0.0,0.0,0.0,0.0,0.0,0.0,0.0,0.0,0.024252223120452714,0.08488278092158451,0.3637833468067895,1.734033953112369,5.747776879547294,12.586903799514959,7.0695230396119655,1.7097817299919162,0.6790622473726761,0.8854370952002554,0.03562329730459062,0.0,0.0,0.0,0.0,0.0,0.0,0.0,0.0,0.0,0.0,0.0,0.0,0.0,0.0,0.0,0.0,0.0,0.0,0.0,0.0,0.0,0.0,0.05033557046979867,0.25167785234899254,1.5855704697986581,6.744966442953022,11.778523489932889,7.059563758389263,2.038590604026846,0.490771812080537,0.4177,0.02237,0.0,0.0,0.0,0.0,0.0,0.0,0.0,0.0,0.0,0.0,0.37590945836701706,5.856911883589321,16.57639450282943,6.827000808407439,0.35165723524656434,0.012126111560226357,0.0,0.0,0.0,0.0,0.0,0.0,0.0,0.0,0.0,0.0,0.0,0.0,0.0,0.0,0.4197,0.02238,0.0,0.0,0.0,0.0,0.0,0.0,0.0,0.0,0.0,0.0,0.31459731543624164,5.436241610738247,15.956375838926178,7.776845637583894,0.5159395973154364,0.0,0.0,0.0,0.0,0.0,0.0,0.0,0.0,0.0,0.0,0.0,0.0,0.0,0.0,0.0
19800,4779,2432,0.5088930738648253,1215,1009,0.46536932412638626,1427,0.5971960661226198,0.3939999999999999,2.910097997443545,2.856311132205796,6.034435261707989,1.9335158738005502,6649.800000000001,9.094947017729282e-13,6649.8,6649.8,6649.800000000001,9.094947017729282e-13,6649.8,0.0,29.589244611843483,21.01264920197494,34.16906562576238,19.153339439663903,0.12554927809165098,0.08976773383553044,0.08265327474367022,0.08160703075957314,0.08160703075957314,0.07909604519774012,0.07491106926135174,0.06821510776313036,0.05858966310943712,0.054613935969868174,0.054404687173048756,0.04373299853525842,0.03620004184975936,0.03096882192927391,0.01820464532328939,0.012554927809165096,0.00732370788867964,0.8859251289094285,0.03690374937563606,0.0,0.0,0.0,0.0,0.0,0.0,0.0,0.0,0.0,0.0,0.0,0.0,0.0,0.0,0.0,0.0,0.0,0.0,0.0,0.0,0.0,0.018832391713747648,0.05649717514124295,0.4205900816070295,1.6007532956685502,6.045197740112996,12.253609541745139,6.967984934086631,1.9209039548022602,0.7156308851224107,4.023034398034398,2.6718153343064257,5.4,4.127953488110059,1.3422704023207879,3.957160342717258,2.6210009141386563,4.091635916359164,2.726723728768164,1.0339828467879484,0.4194,0.02234,0.0,0.0,0.0,0.0,0.0,0.0,0.0,0.0,0.0,0.0,0.35781544256120534,5.273069679849333,16.114249843063405,7.8342749529190225,0.4205900816070309,0.0,0.0,0.0,0.0,0.0,0.0,0.0,0.0,0.0,0.0,0.0,0.0,0.0,0.0,0.0,nan,nan,4.025145660840233,2.6751974512533856,nan,0.4194,0.1059,0.0,0.0,4.1849759363883655e-05,0.0,0.0,0.0,0.0,0.000732370788867964,0.0,0.0,3.138731952291274e-05,0.0,0.0022808118853316593,0.000857920066959615,0.006120527306967985,0.0,0.0013078049801213644,0.0022808118853316593,0.001966938690102532,1.0462439840970914e-05,0.0002301736765013601,0.000857920066959615,0.0029190207156308853,0.012554927809165096,0.006099602427286043,0.029116970077422054,0.0035049173467252563,0.01956476250261561,0.010629838878426449,0.013203599079305295,0.028792634442351958,0.03332287089349236,0.025329566854990583,0.016499267629211133,0.018141870684243565,0.055398618957940994,0.03275789914207993,0.047907512031805814,0.058307177233730904,0.031167608286252355,0.022483783218246494,0.01955430006277464,0.0206842435655995,0.021667712910650765,0.018727767315337936,0.013412847876124713,0.05764804352374974,0.046045197740112995,0.06726302573760201,0.027432517263025737,0.023718351119481063,0.01155053358443189,0.007836367440887214,0.03420171584013392,0.012397991211550533,0.01660389202762084,0.02507846829880728,0.024900606821510775,0.00961498221385227,0.005597405314919439,0.006350700983469345,0.0002824858757062147,0.009510357815442561,0.008390876752458674,0.02279765641347562,0.00034526051475204016,0.0001360117179326219,0.002416823603264281,0.0008997698263234987,0.0003557229545930111,0.0,0.0,0.0,0.0,0.0,0.00015693659761456373,0.0,0.0,0.0,0.0,0.0,0.0,0.0,0.0,0.0,0.0,0.0,0.0,0.0,0.0,0.0,0.0,0.0,0.0,0.0,0.0,0.0,0.0,0.0,0.0,0.0,nan,nan,4.025145660840233,2.6751974512533856,nan,0.8850627701092315,0.03671985740121656,0.0,0.0,0.0,0.0,0.0,0.0,0.0,0.0,0.0,0.0,0.0,0.0,0.0,0.0,0.0,0.0,0.0,0.0,0.0,0.0,0.0,0.037006578947368425,0.04934210526315791,0.44407894736841963,1.5296052631578951,6.167763157894738,12.582236842105265,6.759868421052633,1.813322368421053,0.6167763157894738,0.8868187192810003,0.03707218277900634,0.0,0.0,0.0,0.0,0.0,0.0,0.0,0.0,0.0,0.0,0.0,0.0,0.0,0.0,0.0,0.0,0.0,0.0,0.0,0.0,0.0,0.0,0.06391137622496805,0.39625053259480064,1.674478057094163,5.918193438432042,11.913080528334046,7.183638687686409,2.032381763953984,0.8180656156795911,0.42,0.02231,0.0,0.0,0.0,0.0,0.0,0.0,0.0,0.0,0.0,0.0,0.35773026315789486,4.98355263157894,16.20888157894737,8.00575657894737,0.44407894736842113,0.0,0.0,0.0,0.0,0.0,0.0,0.0,0.0,0.0,0.0,0.0,0.0,0.0,0.0,0.0,0.419,0.02234,0.0,0.0,0.0,0.0,0.0,0.0,0.0,0.0,0.0,0.0,0.35790370685982115,5.573072006817205,16.016190881976996,7.656582871751174,0.396250532594802,0.0,0.0,0.0,0.0,0.0,0.0,0.0,0.0,0.0,0.0,0.0,0.0,0.0,0.0,0.0
19900,4321,2198,0.5086785466327239,1052,903,0.452441564452673,1243,0.5753297847720436,0.43399999999999994,2.9674988224211023,3.0120465794336315,6.520905923344948,1.9821719025049003,6649.800000000002,1.8189894035458565e-12,6649.8,6649.8,6649.800000000001,9.094947017729282e-13,6649.800000000001,9.094947017729282e-13,27.98680860911826,20.753377376959687,32.974896551724136,18.929682698298564,0.14070816940523026,0.09511687109465401,0.09419115945383014,0.08192548021291368,0.08169405230270771,0.0745197870863226,0.07845406155982411,0.06780837769034946,0.05230270770654941,0.050914140245313586,0.045591298310576255,0.04096274010645684,0.03471418653089563,0.029391344596158296,0.016894237445035872,0.009488544318444805,0.005322841934737329,0.8865752464724591,0.03605588401867611,0.0,0.0,0.0,0.0,0.0,0.0,0.0,0.0,0.0,0.0,0.0,0.0,0.0,0.0,0.0,0.0,0.0,0.0,0.0,0.0,0.0,0.0,0.07637121036797039,0.25688498032862683,1.4510529969914376,6.338810460541543,11.740337884748904,7.442721592224024,1.9787086322610512,0.7151122425364501,4.2360270558917765,2.7646830617924807,3.5,0.5,0.8262459030170602,4.2312588401697315,2.7895767752569003,4.239799570508232,2.73745817654741,1.0020184844891593,0.4214,0.0228,0.0,0.0,0.0,0.0,0.0,0.0,0.0,0.0,0.0,0.0,0.2985420041657024,4.8252719277944855,15.82966905808841,8.42860448970146,0.6179125202499423,0.0,0.0,0.0,0.0,0.0,0.0,0.0,0.0,0.0,0.0,0.0,0.0,0.0,0.0,0.0,nan,nan,4.23550337958022,2.763801225110777,nan,0.4214,0.106,0.0,0.0,1.1571395510298542e-05,0.0,0.0,0.0,0.0,0.0006364267530664198,0.0,0.0,3.471418653089563e-05,0.0,0.0019324230502198564,0.0007058551261282111,0.005669983800046285,5.785697755149271e-05,0.00174728072205508,0.0022217079379773202,0.002094422587364036,0.0,9.257116408238833e-05,0.0009141402453135848,0.0031242767877806064,0.01159453830131914,0.005172413793103448,0.031011339967600093,0.0034714186530895625,0.018479518629946772,0.010495255727840777,0.013550104142559593,0.02770192085165471,0.032885906040268455,0.023848646146725296,0.016963665818097662,0.01690580884054617,0.05224485072899792,0.03300161999537144,0.048252719277944923,0.057972691506595696,0.03042119879657487,0.02276093496875723,0.02000694283730618,0.018757232122193938,0.021233510761397824,0.017866234667900948,0.01411710252256422,0.06018282804906272,0.04569544087016894,0.06876880351770423,0.028060634112473965,0.0246007868548947,0.012416107382550336,0.008215690812311965,0.03444804443415876,0.012439250173570933,0.016223096505438555,0.02681092339736172,0.02413793103448276,0.009824114788243462,0.006769266373524647,0.006838694746586439,0.0005207127979634344,0.011015968525804212,0.007035408470261514,0.023756074982642907,0.00032399907428835915,0.00020828511918537376,0.002244850728997917,0.001238139319601944,0.0002429993057162694,0.0,0.0,0.0,0.0,0.0,2.3142791020597083e-05,0.0,0.0,0.0,0.0,0.0,0.0,0.0,0.0,0.0,0.0,0.0,0.0,0.0,0.0,0.0,0.0,0.0,0.0,0.0,0.0,0.0,0.0,0.0,0.0,0.0,nan,nan,4.23550337958022,2.763801225110777,nan,0.8861300287949594,0.036585834239541495,0.0,0.0,0.0,0.0,0.0,0.0,0.0,0.0,0.0,0.0,0.0,0.0,0.0,0.0,0.0,0.0,0.0,0.0,0.0,0.0,0.0,0.0,0.08189262966333032,0.28662420382165515,1.4194722474977257,6.592356687898091,11.874431301182897,6.947224749772522,2.033666969972703,0.764331210191083,0.8870361925182172,0.03549299375026806,0.0,0.0,0.0,0.0,0.0,0.0,0.0,0.0,0.0,0.0,0.0,0.0,0.0,0.0,0.0,0.0,0.0,0.0,0.0,0.0,0.0,0.0,0.07065473386716911,0.22609514837494044,1.4837494112105516,6.076307112576544,11.60150730098917,7.955723033443243,1.921808761187,0.6641544983513896,0.4211,0.02321,0.0,0.0,0.0,0.0,0.0,0.0,0.0,0.0,0.0,0.0,0.36851683348498643,4.777070063694261,15.887170154686082,8.216560509554142,0.750682438580528,0.0,0.0,0.0,0.0,0.0,0.0,0.0,0.0,0.0,0.0,0.0,0.0,0.0,0.0,0.0,0.4214,0.02237,0.0,0.0,0.0,0.0,0.0,0.0,0.0,0.0,0.0,0.0,0.22609514837494118,4.875176636834661,15.770136599152147,8.6481394253415,0.48045219029675,0.0,0.0,0.0,0.0,0.0,0.0,0.0,0.0,0.0,0.0,0.0,0.0,0.0,0.0,0.0
20000,4090,2050,0.5012224938875306,945,843,0.4371638141809291,1153,0.5638141809290954,0.46599999999999997,2.9387254901960786,3.0266253684132756,6.301302931596092,2.11449894637617,6649.800000000002,1.8189894035458565e-12,6649.8,6649.8,6649.800000000002,1.8189894035458565e-12,6649.800000000002,1.8189894035458565e-12,27.902200488997554,21.01216832342002,32.792792792792795,19.32568013295663,0.1410757946210269,0.09902200488997555,0.09462102689486553,0.09559902200488997,0.08019559902200489,0.06797066014669927,0.06332518337408313,0.062102689486552565,0.06259168704156479,0.04718826405867971,0.04792176039119805,0.041809290953545235,0.03471882640586797,0.026161369193154035,0.018092909535452322,0.011002444987775062,0.006601466992665036,0.8871325369277618,0.03536431733641782,0.0,0.0,0.0,0.0,0.0,0.0,0.0,0.0,0.0,0.0,0.0,0.0,0.0,0.0,0.0,0.0,0.0,0.0,0.0,0.0,0.0,0.014669926650366752,0.058679706601467006,0.271393643031784,1.3422982885085577,6.124694376528119,12.242053789731054,7.36430317848411,1.8997555012224943,0.6821515892420539,4.328751431844215,2.8087808245200847,4.0,0.0,0.9240539825350622,4.315301391035549,2.726502398031975,4.3413715146948,2.884665523069769,1.006041321635937,0.422,0.02333,0.0,0.0,0.0,0.0,0.0,0.0,0.0,0.0,0.0,0.0,0.29339853300733504,4.855745721271386,15.051344743276287,9.022004889975552,0.7775061124694379,0.0,0.0,0.0,0.0,0.0,0.0,0.0,0.0,0.0,0.0,0.0,0.0,0.0,0.0,0.0,nan,nan,4.328500572300649,2.8077236504660084,nan,0.422,0.10675,0.0,0.0,0.0,0.0,0.0,0.0,0.0,0.0006968215158924205,0.0,0.0,8.557457212713937e-05,0.0,0.0020660146699266503,0.0005012224938875305,0.006332518337408313,6.112469437652811e-05,0.002530562347188264,0.001980440097799511,0.0015403422982885086,0.0,0.0,0.0011491442542787287,0.0024938875305623473,0.011442542787286063,0.005354523227383863,0.031344743276283615,0.003471882640586797,0.019193154034229828,0.009290953545232274,0.013386308068459658,0.02698044009779951,0.03386308068459658,0.022347188264058678,0.016809290953545233,0.017029339853300733,0.05141809290953545,0.03322738386308068,0.04756723716381418,0.056833740831295845,0.03062347188264059,0.02310513447432763,0.01930317848410758,0.019645476772616136,0.021271393643031784,0.01613691931540342,0.015256723716381418,0.05773838630806846,0.045122249388753054,0.07114914425427873,0.02754278728606357,0.0241320293398533,0.012555012224938876,0.00812958435207824,0.03610024449877751,0.013178484107579462,0.01693154034229829,0.02823960880195599,0.022921760391198046,0.011149144254278728,0.006112469437652812,0.005843520782396088,0.0003545232273838631,0.011882640586797066,0.0070904645476772615,0.025,0.0003422982885085575,0.00022004889975550123,0.0027506112469437654,0.0008190709046454768,0.0003545232273838631,0.0,0.0,0.0,0.0,0.0,0.0,0.0,0.0,0.0,0.0,0.0,0.0,0.0,0.0,0.0,0.0,0.0,0.0,0.0,0.0,0.0,0.0,0.0,0.0,0.0,0.0,0.0,0.0,0.0,0.0,0.0,nan,nan,4.328500572300649,2.8077236504660084,nan,0.8860804065262399,0.03568624927648039,0.0,0.0,0.0,0.0,0.0,0.0,0.0,0.0,0.0,0.0,0.0,0.0,0.0,0.0,0.0,0.0,0.0,0.0,0.0,0.0,0.0,0.0,0.10243902439024392,0.278048780487804,1.4487804878048782,6.321951219512197,12.190243902439027,7.170731707317075,1.8878048780487808,0.6000000000000001,0.888189824831252,0.035005986726877956,0.0,0.0,0.0,0.0,0.0,0.0,0.0,0.0,0.0,0.0,0.0,0.0,0.0,0.0,0.0,0.0,0.0,0.0,0.0,0.0,0.0,0.02941176470588236,0.01470588235294118,0.26470588235294035,1.235294117647059,5.926470588235295,12.294117647058828,7.558823529411766,1.9117647058823535,0.7647058823529413,0.4219,0.02315,0.0,0.0,0.0,0.0,0.0,0.0,0.0,0.0,0.0,0.0,0.3365853658536586,4.87317073170731,15.278048780487808,8.82439024390244,0.6878048780487805,0.0,0.0,0.0,0.0,0.0,0.0,0.0,0.0,0.0,0.0,0.0,0.0,0.0,0.0,0.0,0.4226,0.02348,0.0,0.0,0.0,0.0,0.0,0.0,0.0,0.0,0.0,0.0,0.25000000000000006,4.83823529411764,14.82352941176471,9.22058823529412,0.8676470588235297,0.0,0.0,0.0,0.0,0.0,0.0,0.0,0.0,0.0,0.0,0.0,0.0,0.0,0.0,0.0
20100,4232,2143,0.5063799621928167,1009,901,0.45132325141776936,1214,0.5737240075614367,0.47,2.9181426519865963,3.072212307159638,6.702508960573477,2.0956588032912657,6649.800000000002,1.8189894035458565e-12,6649.8,6649.8,6649.800000000001,9.094947017729282e-13,6649.800000000001,9.094947017729282e-13,27.525283553875237,20.728299597896694,32.58295583238958,18.9613863300526,0.14343100189035918,0.10586011342155009,0.09120982986767485,0.08412098298676748,0.07915879017013233,0.07892249527410208,0.06947069943289225,0.0645085066162571,0.05505671077504726,0.05174858223062382,0.04773156899810964,0.036862003780718335,0.035916824196597356,0.023156899810964082,0.017013232514177693,0.010396975425330813,0.005434782608695652,0.8871192059326487,0.03504532145411302,0.0,0.0,0.0,0.0,0.0,0.0,0.0,0.0,0.0,0.0,0.0,0.0,0.0,0.0,0.0,0.0,0.0,0.0,0.0,0.0,0.0,0.007088846880907374,0.04962192816635162,0.3473534971644602,1.368147448015123,5.848298676748584,12.192816635160684,7.712665406427223,1.9210775047258983,0.5529300567107751,4.37449168207024,2.8728855393174886,nan,nan,nan,4.371814092953524,2.865759736612142,4.37709700948213,2.8797997192721856,1.0012084037464266,0.4211,0.0226,0.0,0.0,0.0,0.0,0.0,0.0,0.0,0.0,0.0,0.007088846880907374,0.2693761814744802,5.040170132325135,15.609640831758037,8.61294896030246,0.45368620037807195,0.007088846880907374,0.0,0.0,0.0,0.0,0.0,0.0,0.0,0.0,0.0,0.0,0.0,0.0,0.0,0.0,nan,nan,4.37449168207024,2.8728855393174886,nan,0.4211,0.1058,0.0,0.0,0.0,0.0,0.0,0.0,0.0,0.0008034026465028356,0.0,0.0,7.088846880907372e-05,0.0,0.0025283553875236294,0.00023629489603024575,0.005623818525519849,1.1814744801512288e-05,0.002622873345935728,0.0015477315689981096,0.0021620982986767486,0.0,1.1814744801512288e-05,0.0011814744801512287,0.0027646502835538753,0.011306710775047258,0.005954631379962193,0.031167296786389413,0.003438090737240076,0.019092627599243857,0.008447542533081286,0.012381852551984877,0.02521266540642722,0.03445179584120983,0.021916351606805294,0.018100189035916824,0.01652882797731569,0.05380434782608696,0.036873818525519846,0.04827504725897921,0.05640359168241966,0.03253780718336484,0.023215973534971644,0.017993856332703215,0.018702741020793952,0.021077504725897922,0.014862948960302458,0.014071361058601134,0.06271266540642723,0.04547495274102079,0.07193998109640831,0.02752835538752363,0.022589792060491495,0.01286625708884688,0.008093100189035916,0.03616493383742911,0.012618147448015123,0.01704867674858223,0.026264177693761815,0.023523156899810965,0.010160680529300567,0.005895557655954632,0.005127599243856333,0.0002717391304347826,0.010479678638941399,0.0074078449905482045,0.02510633270321361,9.45179584120983e-05,0.00021266540642722118,0.0021502835538752363,0.0005907372400756144,0.0002953686200378072,0.0,0.0,0.0,0.0,0.0,0.0,0.0,0.0,0.0,0.0,0.0,0.0,0.0,0.0,0.0,0.0,0.0,0.0,0.0,0.0,0.0,0.0,0.0,0.0,0.0,0.0,0.0,0.0,0.0,0.0,0.0,nan,nan,4.37449168207024,2.8728855393174886,nan,0.887823860471737,0.03475167839698861,0.0,0.0,0.0,0.0,0.0,0.0,0.0,0.0,0.0,0.0,0.0,0.0,0.0,0.0,0.0,0.0,0.0,0.0,0.0,0.0,0.0,0.0,0.04199720018665423,0.25198320111992456,1.413905739617359,5.7816145590294,12.207186187587498,7.67148856742884,2.0578628091460573,0.5739617358842745,0.8863963362929809,0.035329418990052486,0.0,0.0,0.0,0.0,0.0,0.0,0.0,0.0,0.0,0.0,0.0,0.0,0.0,0.0,0.0,0.0,0.0,0.0,0.0,0.0,0.0,0.014360938247965537,0.05744375299186215,0.44518908568693016,1.3212063188128294,5.916706558161802,12.178075634274776,7.75490665390139,1.7807563427477267,0.5313547151747249,0.4214,0.02255,0.0,0.0,0.0,0.0,0.0,0.0,0.0,0.0,0.0,0.0,0.3219785347643491,4.8576761549229985,15.790947270181992,8.55342977134858,0.4619692020531966,0.013999066728884743,0.0,0.0,0.0,0.0,0.0,0.0,0.0,0.0,0.0,0.0,0.0,0.0,0.0,0.0,0.4211,0.02263,0.0,0.0,0.0,0.0,0.0,0.0,0.0,0.0,0.0,0.014360938247965537,0.21541407371948307,5.227381522259447,15.423647678314987,8.674006701771184,0.44518908568693166,0.0,0.0,0.0,0.0,0.0,0.0,0.0,0.0,0.0,0.0,0.0,0.0,0.0,0.0,0.0
20200,4334,2214,0.5108444854637748,1045,871,0.4420858329487771,1207,0.5569912321181357,0.47,2.8745283018867926,3.028841279182853,6.507666098807496,2.0340858180238617,6649.800000000002,1.8189894035458565e-12,6649.8,6649.8,6649.800000000001,9.094947017729282e-13,6649.800000000002,1.8189894035458565e-12,27.41047531149054,20.85931275401107,32.6147859922179,19.078857546420384,0.1495154591601292,0.09713890170742963,0.09206275957544993,0.09206275957544993,0.08167974157821874,0.07683433317951084,0.06875865251499769,0.05906783571758191,0.05652976465159206,0.05283802491924319,0.0422242731887402,0.03784033225657591,0.03345639132441163,0.025149976926626672,0.016382095062298107,0.011075219197046609,0.007383479464697739,0.8884353284935936,0.03487065892347553,0.0,0.0,0.0,0.0,0.0,0.0,0.0,0.0,0.0,0.0,0.0,0.0,0.0,0.0,0.0,0.0,0.0,0.0,0.0,0.0,0.0,0.006922011998154132,0.027688047992616528,0.23534840793723968,1.266728195662206,5.835256114443934,12.307337332718047,7.496538994000924,2.1873557914167057,0.6368251038301801,4.200507614213198,2.815586428427722,7.0,0.0,1.6664652567975833,4.214545454545455,2.8330143395214016,4.188583815028902,2.7980923032975036,0.9938399906237687,0.4219,0.02199,0.0,0.0,0.0,0.0,0.0,0.0,0.0,0.0,0.0,0.0,0.1938163359483157,4.693124134748493,16.16982002768805,8.36179049377019,0.5676049838486388,0.013844023996308264,0.0,0.0,0.0,0.0,0.0,0.0,0.0,0.0,0.0,0.0,0.0,0.0,0.0,0.0,nan,nan,4.2015222906850305,2.815580428970913,nan,0.4216,0.1049,0.0,0.0,0.0,0.0,0.0,0.0,0.0,0.0006691278264882326,0.0,0.0,0.00010383017997231196,0.0,0.0028380249192431935,0.00010383017997231196,0.004972311952007384,0.0,0.0021919704660821413,0.0014536225196123674,0.001961236732810337,0.0,0.0,0.0008652514997692663,0.0021112136594370096,0.010982925703737887,0.006437471158283341,0.0340793724042455,0.003634056299030918,0.01918550992155053,0.008398707891093678,0.01060221504383941,0.023811721273650208,0.03196815874480849,0.02130826026765113,0.01915089986155976,0.016843562528841716,0.05432625749884633,0.03664051684356253,0.047208121827411166,0.05784494693124135,0.032741116751269034,0.021458237194277804,0.01769727734194739,0.01913936317489617,0.01979695431472081,0.01494000922934933,0.014086294416243655,0.06479003230272266,0.047715736040609136,0.07224273188740193,0.028530226119058606,0.025103830179972312,0.014005537609598523,0.008906322104291648,0.033698661744347026,0.013763267189663128,0.015505306875865252,0.026315182279649286,0.02280802953391786,0.010856022150438394,0.006195200738347947,0.004303184125519151,0.0006460544531610522,0.01008306414397785,0.007879556991232118,0.024053991693585602,0.00014997692662667281,0.00023073373327180433,0.002076603599446239,0.0004383940932164282,0.00014997692662667281,0.0,0.0,0.0,0.0,0.0,0.0,0.0,0.0,0.0,0.0,0.0,0.0,0.0,0.0,0.0,0.0,0.0,0.0,0.0,0.0,0.0,0.0,0.0,0.0,0.0,0.0,0.0,0.0,0.0,0.0,0.0,nan,nan,4.2015222906850305,2.815580428970913,nan,0.8871306476823467,0.03461378468515426,0.0,0.0,0.0,0.0,0.0,0.0,0.0,0.0,0.0,0.0,0.0,0.0,0.0,0.0,0.0,0.0,0.0,0.0,0.0,0.0,0.0,0.013550135501355016,0.027100271002710032,0.24390243902438946,1.3821138211382116,6.0840108401084025,12.452574525745261,7.303523035230354,1.9512195121951224,0.5420054200542006,0.8897978583596787,0.035085165961085504,0.0,0.0,0.0,0.0,0.0,0.0,0.0,0.0,0.0,0.0,0.0,0.0,0.0,0.0,0.0,0.0,0.0,0.0,0.0,0.0,0.0,0.0,0.028301886792452838,0.22641509433962195,1.1462264150943398,5.575471698113208,12.155660377358494,7.698113207547172,2.433962264150944,0.7358490566037738,0.422,0.02165,0.0,0.0,0.0,0.0,0.0,0.0,0.0,0.0,0.0,0.0,0.14905149051490518,4.6476964769647635,16.355013550135503,8.279132791327916,0.5691056910569107,0.0,0.0,0.0,0.0,0.0,0.0,0.0,0.0,0.0,0.0,0.0,0.0,0.0,0.0,0.0,0.4214,0.02232,0.0,0.0,0.0,0.0,0.0,0.0,0.0,0.0,0.0,0.0,0.24056603773584911,4.740566037735842,15.976415094339625,8.448113207547172,0.5660377358490567,0.028301886792452838,0.0,0.0,0.0,0.0,0.0,0.0,0.0,0.0,0.0,0.0,0.0,0.0,0.0,0.0
20300,4435,2285,0.5152198421645998,1062,931,0.44937993235625706,1281,0.5776775648252537,0.46599999999999997,3.0516279069767442,3.1231520528574515,6.699675324675325,2.092596696343319,6649.800000000002,1.8189894035458565e-12,6649.8,6649.8,6649.800000000002,1.8189894035458565e-12,6649.800000000002,1.8189894035458565e-12,27.912288613303268,20.893701441480435,32.78789501874665,19.170715683332052,0.13799323562570462,0.1012401352874859,0.09086809470124013,0.09109357384441939,0.0762119503945885,0.08049605411499436,0.06606538895152199,0.06448703494926719,0.061781285231116125,0.05095828635851184,0.04915445321307779,0.0342728297632469,0.03246899661781285,0.025704622322435176,0.016910935738444193,0.011950394588500564,0.00834272829763247,0.8878722906784651,0.035548210444462186,0.0,0.0,0.0,0.0,0.0,0.0,0.0,0.0,0.0,0.0,0.0,0.0,0.0,0.0,0.0,0.0,0.0,0.0,0.0,0.0,0.0,0.013528748590755358,0.05411499436302143,0.3111612175873722,1.4678692220969565,5.580608793686586,12.15558060879369,7.72491544532131,2.1578354002254794,0.5343855693348366,4.3869839048285515,2.8443402484594147,5.0,4.0,1.1397352049768703,4.457567185289958,2.8457459791052386,4.31881051175657,2.843306224514435,0.9688716585155941,0.4219,0.02258,0.0,0.0,0.0,0.0,0.0,0.0,0.0,0.0,0.0,0.0,0.27733934611048483,4.829763246899655,15.67981961668546,8.523111612175875,0.6832018038331455,0.006764374295377679,0.0,0.0,0.0,0.0,0.0,0.0,0.0,0.0,0.0,0.0,0.0,0.0,0.0,0.0,nan,nan,4.387412587412587,2.84535855970177,nan,0.4219,0.10504,0.0,0.0,0.0,0.0,0.0,0.0,0.0,0.0008342728297632469,0.0,0.0,0.0,0.00020293122886133033,0.003156708004509583,3.382187147688839e-05,0.005411499436302142,1.1273957158962797e-05,0.0020518602029312286,0.00181510710259301,0.002063134160090192,0.0,0.0,0.0011386696730552423,0.0020067643742953775,0.00887260428410372,0.005479143179255919,0.03257046223224352,0.003855693348365276,0.020541149943630214,0.008275084554678692,0.010676437429537767,0.02419391206313416,0.03262683201803833,0.02359639233370913,0.019977452085682076,0.015591882750845547,0.053213077790304396,0.0359075535512965,0.04593010146561443,0.060518602029312286,0.03317925591882751,0.022108229988726042,0.017993235625704623,0.018083427282976326,0.018511837655016912,0.01519729425028185,0.013562570462232243,0.061623449830890645,0.052886133032694474,0.06500563697857949,0.03170236753100338,0.02656144306651635,0.012818489289740699,0.009041713641488163,0.03405862457722661,0.016392333709131904,0.015253664036076663,0.02632468996617813,0.02306651634723788,0.011781285231116122,0.00532130777903044,0.004374295377677565,0.00038331454340473505,0.009289740698985343,0.008072153325817361,0.023438556933483654,0.00013528748590755355,0.0002705749718151071,0.002108229988726043,0.000721533258173619,0.00018038331454340475,0.0,0.0,0.0,0.0,0.0,0.0,0.0,0.0,0.0,0.0,0.0,0.0,0.0,0.0,0.0,0.0,0.0,0.0,0.0,0.0,0.0,0.0,0.0,0.0,0.0,0.0,0.0,0.0,0.0,0.0,0.0,nan,nan,4.387412587412587,2.84535855970177,nan,0.8877249914394687,0.035563911887812966,0.0,0.0,0.0,0.0,0.0,0.0,0.0,0.0,0.0,0.0,0.0,0.0,0.0,0.0,0.0,0.0,0.0,0.0,0.0,0.0,0.0,0.0,0.03938730853391686,0.32822757111597267,1.404814004376368,5.789934354485778,12.131291028446393,7.575492341356676,2.100656455142232,0.6301969365426697,0.888028838939445,0.03553084612387402,0.0,0.0,0.0,0.0,0.0,0.0,0.0,0.0,0.0,0.0,0.0,0.0,0.0,0.0,0.0,0.0,0.0,0.0,0.0,0.0,0.0,0.027906976744186053,0.06976744186046513,0.2930232558139526,1.534883720930233,5.358139534883722,12.181395348837214,7.88372093023256,2.2186046511627913,0.4325581395348838,0.4214,0.02281,0.0,0.0,0.0,0.0,0.0,0.0,0.0,0.0,0.0,0.0,0.3282275711159738,5.002188183807433,15.715536105032825,8.2582056892779,0.6827133479212256,0.013129102844638953,0.0,0.0,0.0,0.0,0.0,0.0,0.0,0.0,0.0,0.0,0.0,0.0,0.0,0.0,0.422,0.02234,0.0,0.0,0.0,0.0,0.0,0.0,0.0,0.0,0.0,0.0,0.22325581395348842,4.64651162790697,15.641860465116283,8.8046511627907,0.6837209302325582,0.0,0.0,0.0,0.0,0.0,0.0,0.0,0.0,0.0,0.0,0.0,0.0,0.0,0.0,0.0
20400,4394,2232,0.5079654073736914,1032,941,0.44902139280837505,1282,0.5835229858898497,0.49,3.1461609620721553,3.2009345547894226,6.891625615763547,2.142251202477489,6649.800000000001,9.094947017729282e-13,6649.8,6649.8,6649.800000000001,9.094947017729282e-13,6649.800000000002,1.8189894035458565e-12,27.844788347746928,20.8579528697889,32.666306695464364,19.169483622211185,0.13700500682749203,0.10150204824761037,0.09604005461993628,0.09035047792444242,0.07874374146563495,0.07464724624487938,0.06554392353208921,0.07032316795630406,0.05735093309057806,0.046654528903049615,0.04437869822485207,0.03914428766499772,0.03732362312243969,0.02594446973145198,0.019116977696859355,0.00978607191624943,0.0061447428311333634,0.8857117615535035,0.03557612811414295,0.0,0.0,0.0,0.0,0.0,0.0,0.0,0.0,0.0,0.0,0.0,0.0,0.0,0.0,0.0,0.0,0.0,0.0,0.0,0.0,0.0,0.0,0.06144742831133365,0.40282203004096373,1.5020482476103783,5.994538006372328,12.52162039144288,7.09376422394174,1.850250341374602,0.5735093309057807,4.538352774832096,2.957880877817126,7.0,0.0,1.542409845003505,4.555017301038062,2.9689134620310837,4.52274368231047,2.9459062427954072,0.9929147099572514,0.4219,0.0224,0.0,0.0,0.0,0.0,0.0,0.0,0.0,0.0,0.0,0.006827492034592628,0.23213472917614936,4.79972690031861,15.600819299044154,8.739189804278563,0.6144742831133365,0.006827492034592628,0.0,0.0,0.0,0.0,0.0,0.0,0.0,0.0,0.0,0.0,0.0,0.0,0.0,0.0,nan,nan,4.539222614840989,2.9577201067028938,nan,0.4219,0.10504,0.0,0.0,0.0,0.0,0.0,0.0,0.0,0.0004893035958124716,0.0,0.0,2.275830678197542e-05,0.0002048247610377788,0.0028903049613108783,0.0,0.005382339553937187,0.0,0.0017182521620391442,0.0015930814747382794,0.00228720983158853,0.0,5.689576695493855e-05,0.0012289485662266726,0.0016385980883022303,0.009262630860263996,0.005564406008192991,0.03289713245334547,0.004312699135184343,0.02058488848429677,0.006952662721893491,0.010332271279016841,0.025113791533909878,0.03278334091943559,0.023987255348202095,0.019492489758761947,0.01723941738734638,0.05356167501137915,0.035923987255348205,0.04781520254893036,0.06159535730541648,0.03335229858898498,0.021745562130177514,0.016818388711879836,0.017876649977241692,0.018525261720527993,0.014485662266727355,0.011652253072371416,0.061356395084205734,0.051957214383249885,0.06326809285389166,0.03237369139736004,0.026024123805188894,0.013142922166590805,0.010616750113791535,0.03373918980427856,0.016124260355029587,0.01545289030496131,0.025022758306781974,0.023475193445607646,0.011015020482476105,0.006292671825216204,0.004608557123350023,0.0004665452890304961,0.00934228493400091,0.008318161128812016,0.02424897587619481,9.103322712790169e-05,0.00027309968138370506,0.002628584433318161,0.0006258534365043241,0.00014792899408284024,0.0,0.0,0.0,0.0,0.0,0.0,0.0,0.0,0.0,0.0,0.0,0.0,0.0,0.0,0.0,0.0,0.0,0.0,0.0,0.0,0.0,0.0,0.0,0.0,0.0,0.0,0.0,0.0,0.0,0.0,0.0,nan,nan,4.539222614840989,2.9577201067028938,nan,0.885589759756801,0.03482801096910581,0.0,0.0,0.0,0.0,0.0,0.0,0.0,0.0,0.0,0.0,0.0,0.0,0.0,0.0,0.0,0.0,0.0,0.0,0.0,0.0,0.0,0.0,0.05376344086021507,0.3629032258064505,1.5322580645161294,5.927419354838712,12.715053763440864,7.043010752688174,1.9220430107526887,0.4435483870967743,0.885837713454632,0.03633188051327743,0.0,0.0,0.0,0.0,0.0,0.0,0.0,0.0,0.0,0.0,0.0,0.0,0.0,0.0,0.0,0.0,0.0,0.0,0.0,0.0,0.0,0.0,0.06938020351526365,0.44403330249768597,1.4708603145235897,6.063829787234044,12.321924144310827,7.146160962072157,1.7761332099907496,0.7076780758556893,0.4219,0.02275,0.0,0.0,0.0,0.0,0.0,0.0,0.0,0.0,0.0,0.0,0.22849462365591403,4.852150537634401,15.900537634408606,8.293010752688174,0.7123655913978497,0.013440860215053767,0.0,0.0,0.0,0.0,0.0,0.0,0.0,0.0,0.0,0.0,0.0,0.0,0.0,0.0,0.422,0.02203,0.0,0.0,0.0,0.0,0.0,0.0,0.0,0.0,0.0,0.013876040703052732,0.23589269195189644,4.745605920444026,15.29139685476411,9.199814986123961,0.5134135060129511,0.0,0.0,0.0,0.0,0.0,0.0,0.0,0.0,0.0,0.0,0.0,0.0,0.0,0.0,0.0
20500,4859,2486,0.5116279069767442,1165,1014,0.4484461823420457,1399,0.5758386499279687,0.44599999999999995,2.972187104930468,3.038325521722177,6.549107142857143,1.948892948988129,6649.800000000001,9.094947017729282e-13,6649.8,6649.8,6649.800000000002,1.8189894035458565e-12,6649.800000000001,9.094947017729282e-13,27.768470878781642,20.787265808318374,32.7093451066961,19.044237863940772,0.14056390203745628,0.10187281333607738,0.09446388145708993,0.08170405433216711,0.08232146532208273,0.07511833710640049,0.07017904918707553,0.06153529532825684,0.06482815394114015,0.05186252315291212,0.04342457295739864,0.04095492899773616,0.033340193455443506,0.023873224943403992,0.017287507717637374,0.008026342868903066,0.008643753858818687,0.8864031955032443,0.03596432121121102,0.0,0.0,0.0,0.0,0.0,0.0,0.0,0.0,0.0,0.0,0.0,0.0,0.0,0.0,0.0,0.0,0.0,0.0,0.0,0.0,0.0,0.0,0.0864375385881869,0.3025313850586531,1.407697057007615,6.291417987240174,12.298826919119163,6.9829182959456695,1.9077999588392678,0.7223708582012762,4.274967989756722,2.788925562439661,5.0,2.8284271247461903,1.1695994009734183,4.239769820971867,2.765688372192636,4.311580294305823,2.811781765451912,1.0169373518766862,0.4216,0.02292,0.0,0.0,0.0,0.0,0.0,0.0,0.0,0.0,0.0,0.0,0.24079028606709205,4.896069150030864,15.571105165671952,8.594360979625439,0.6976744186046514,0.0,0.0,0.0,0.0,0.0,0.0,0.0,0.0,0.0,0.0,0.0,0.0,0.0,0.0,0.0,nan,nan,4.275663575311801,2.7890540534341905,nan,0.4216,0.10504,0.0,0.0,0.0,0.0,0.0,0.0,0.0,0.00036015641078411195,0.0,0.0,0.0,0.00011319201481786376,0.0028812512862728956,1.0290183165260341e-05,0.005443506894422721,2.0580366330520683e-05,0.002047746449886808,0.001564107841119572,0.002016875900391027,2.0580366330520683e-05,0.00015435274747890512,0.0010598888660218152,0.0016772998559374357,0.009713932908005762,0.005392055978596419,0.0326404610002058,0.004198394731426219,0.01866639226178226,0.00662687795842766,0.010331343897921383,0.025735748096316114,0.03403992591068121,0.023924675859230294,0.02016875900391027,0.017884338341222474,0.05539205597859642,0.035398230088495575,0.04811689648075736,0.06228647869932085,0.03341222473760033,0.021629965013377238,0.01837826713315497,0.018841325375591685,0.018614941345955958,0.014961926322288537,0.010434245729573986,0.058211566165877755,0.05265486725663717,0.06169993825890101,0.031395348837209305,0.026713315497015847,0.01236880016464293,0.010578308293887631,0.03372093023255814,0.017987240172875077,0.016351101049598683,0.024243671537353365,0.022165054537970776,0.009827124922823626,0.00451739040954929,0.00573163202305001,0.0005042189750977567,0.00871578514097551,0.007974891953076765,0.026342868903066474,7.203128215682239e-05,0.00020580366330520683,0.003169376414900185,0.0005145091582630171,0.0001749331138094258,0.0,0.0,0.0,0.0,0.0,0.0,0.0,0.0,0.0,0.0,0.0,0.0,0.0,0.0,0.0,0.0,0.0,0.0,0.0,0.0,0.0,0.0,0.0,0.0,0.0,0.0,0.0,0.0,0.0,0.0,0.0,nan,nan,4.275663575311801,2.7890540534341905,nan,0.8863317216488017,0.035428507064505184,0.0,0.0,0.0,0.0,0.0,0.0,0.0,0.0,0.0,0.0,0.0,0.0,0.0,0.0,0.0,0.0,0.0,0.0,0.0,0.0,0.0,0.0,0.07240547063555915,0.2172164119066767,1.4119066773934035,6.419951729686244,12.465808527755433,6.7578439259855205,1.9308125502815772,0.7240547063555915,0.8864780728745651,0.03651706880712228,0.0,0.0,0.0,0.0,0.0,0.0,0.0,0.0,0.0,0.0,0.0,0.0,0.0,0.0,0.0,0.0,0.0,0.0,0.0,0.0,0.0,0.0,0.10113780025284452,0.39190897597977126,1.4032869785082178,6.15676359039191,12.123893805309738,7.218710493046777,1.8836915297092292,0.7206068268015172,0.422,0.02307,0.0,0.0,0.0,0.0,0.0,0.0,0.0,0.0,0.0,0.0,0.2292839903459373,4.935639581657274,15.20514883346742,8.821399839098955,0.8085277554304104,0.0,0.0,0.0,0.0,0.0,0.0,0.0,0.0,0.0,0.0,0.0,0.0,0.0,0.0,0.0,0.4211,0.02275,0.0,0.0,0.0,0.0,0.0,0.0,0.0,0.0,0.0,0.0,0.2528445006321113,4.854614412136529,15.954487989886223,8.356510745891278,0.581542351453856,0.0,0.0,0.0,0.0,0.0,0.0,0.0,0.0,0.0,0.0,0.0,0.0,0.0,0.0,0.0
20600,4803,2445,0.5090568394753279,1132,970,0.4376431397043514,1378,0.5738080366437643,0.46599999999999997,2.996607294317218,3.0390428648674077,6.421128798842258,2.098325264096659,6649.800000000001,9.094947017729282e-13,6649.8,6649.8,6649.800000000001,9.094947017729282e-13,6649.800000000001,9.094947017729282e-13,28.08057464084947,20.852674266654713,32.83337435392567,19.15265176195056,0.1338746616697897,0.09868831980012492,0.09993753903810118,0.0859879242140329,0.08119925046845722,0.06849885488236519,0.07516135748490527,0.0647511971684364,0.05746408494690818,0.05121798875702686,0.042473454091193005,0.04663751821778055,0.03268790339371226,0.025192587965854673,0.01894649177597335,0.010410160316468874,0.006870705808869456,0.8859137032346232,0.03498065075000873,0.0,0.0,0.0,0.0,0.0,0.0,0.0,0.0,0.0,0.0,0.0,0.0,0.0,0.0,0.0,0.0,0.0,0.0,0.0,0.0,0.0,0.012492192379762651,0.04372267332916928,0.37476577139287826,1.5240474703310434,5.977514053716429,12.292317301686449,7.451592754528421,1.842598376014991,0.48094940662086205,4.3552674230145865,2.8078742545953608,2.6666666666666665,2.494438257849294,0.6122854024015084,4.347160178685386,2.8242663557988337,4.361184210526316,2.791989230065783,1.0032260214173132,0.421,0.02232,0.0,0.0,0.0,0.0,0.0,0.0,0.0,0.0,0.0,0.0,0.268582136164897,4.940662086196121,16.089943785134295,8.15115552779513,0.5496564647095566,0.0,0.0,0.0,0.0,0.0,0.0,0.0,0.0,0.0,0.0,0.0,0.0,0.0,0.0,0.0,nan,nan,4.353626943005182,2.808079535818266,nan,0.421,0.10596,0.0,0.0,0.0,0.0,0.0,0.0,0.0,0.0007703518634186966,0.0,5.205080158234437e-05,0.0,0.00012492192379762648,0.0033208411409535706,1.0410160316468873e-05,0.005600666250260254,0.0,0.001821778055382053,0.0017593170934832396,0.0016135748490526754,0.0,0.00010410160316468874,0.0009265042681657297,0.0014574224443056423,0.008026233603997502,0.005205080158234437,0.03371850926504268,0.005121798875702686,0.019737663960024986,0.007422444305642307,0.010961898813241723,0.026931084738704977,0.035696439725171766,0.023964189048511348,0.021018113678950658,0.019071413699770976,0.05446595877576515,0.03445763064751197,0.048094940662086194,0.060899437851342914,0.033843431188840305,0.02049760566312721,0.019008952737872162,0.017811784301478242,0.020008328128253174,0.013387466166978971,0.011773891317926296,0.05686029564855299,0.0488965230064543,0.0616385592338122,0.031178430147824277,0.02623360399750156,0.01349156777014366,0.009535706849885488,0.034239017280866126,0.018290651676035812,0.01515719342077868,0.024620029148448887,0.023152196543826775,0.009452425567353737,0.004913595669373308,0.005652717051842599,0.0002706641682281907,0.007307932542161149,0.009285863002290236,0.026493858005413283,2.0820320632937746e-05,0.0001561524047470331,0.0034978138663335416,0.0008536331459504476,0.00011451176348115761,0.0,0.0,0.0,0.0,0.0,0.0,0.0,0.0,0.0,0.0,0.0,0.0,0.0,0.0,0.0,0.0,0.0,0.0,0.0,0.0,0.0,0.0,0.0,0.0,0.0,0.0,0.0,0.0,0.0,0.0,0.0,nan,nan,4.353626943005182,2.808079535818266,nan,0.8856344682794894,0.03544220068836341,0.0,0.0,0.0,0.0,0.0,0.0,0.0,0.0,0.0,0.0,0.0,0.0,0.0,0.0,0.0,0.0,0.0,0.0,0.0,0.0,0.0,0.012269938650306752,0.03680981595092025,0.4539877300613483,1.6196319018404912,5.950920245398774,12.19631901840491,7.32515337423313,1.9386503067484666,0.4662576687116565,0.8862032407517146,0.034493163650649986,0.0,0.0,0.0,0.0,0.0,0.0,0.0,0.0,0.0,0.0,0.0,0.0,0.0,0.0,0.0,0.0,0.0,0.0,0.0,0.0,0.0,0.012722646310432573,0.05089058524173029,0.29262086513994817,1.4249363867684481,6.005089058524175,12.391857506361326,7.5826972010178135,1.7430025445292625,0.49618320610687033,0.421,0.02234,0.0,0.0,0.0,0.0,0.0,0.0,0.0,0.0,0.0,0.0,0.28220858895705525,4.687116564417171,16.453987730061353,7.963190184049081,0.6134969325153375,0.0,0.0,0.0,0.0,0.0,0.0,0.0,0.0,0.0,0.0,0.0,0.0,0.0,0.0,0.0,0.4207,0.02231,0.0,0.0,0.0,0.0,0.0,0.0,0.0,0.0,0.0,0.0,0.25445292620865145,5.203562340966913,15.712468193384227,8.346055979643767,0.48346055979643776,0.0,0.0,0.0,0.0,0.0,0.0,0.0,0.0,0.0,0.0,0.0,0.0,0.0,0.0,0.0
20700,4879,2486,0.5095306415249027,1189,1009,0.45050215208034433,1428,0.5853658536585366,0.3979999999999999,2.8804847471792727,2.893846854752381,6.152875175315568,1.9279943309302086,6649.800000000002,1.8189894035458565e-12,6649.8,6649.8,6649.800000000002,1.8189894035458565e-12,6649.800000000001,9.094947017729282e-13,28.628407460545194,20.754833852594796,33.32465026531597,18.96170653446573,0.1293297806927649,0.09674113547858168,0.0897724943635991,0.08423857347817176,0.08177905308464849,0.07890961262553801,0.06886657101865136,0.06435745029719205,0.06353761016601762,0.05738880918220947,0.044271367083418736,0.04468128714900595,0.03299856527977044,0.02971920475507276,0.01803648288583726,0.010452961672473868,0.0049190407870465256,0.885294208653175,0.0351044253394554,0.0,0.0,0.0,0.0,0.0,0.0,0.0,0.0,0.0,0.0,0.0,0.0,0.0,0.0,0.0,0.0,0.0,0.0,0.0,0.0,0.0,0.0,0.05533920885427343,0.3504816560770639,1.6048370567739294,6.118056978889118,12.494363599098179,7.058823529411766,1.8815331010452965,0.4365648698503793,4.104821150855366,2.7160988440570315,6.5,1.118033988749895,1.5835038266272636,4.09631019387117,2.7164484306512504,4.12106238418777,2.7152568930932754,1.0060425576055334,0.4214,0.02336,0.0,0.0,0.0,0.0,0.0,0.0,0.0,0.0,0.0,0.0,0.31973765115802427,5.244927239188351,14.9231399877024,8.841975814716132,0.6702193072350894,0.0,0.0,0.0,0.0,0.0,0.0,0.0,0.0,0.0,0.0,0.0,0.0,0.0,0.0,0.0,nan,nan,4.1077974526250385,2.7160079276475146,nan,0.4214,0.10706,0.0,0.0,0.0,0.0,0.0,0.0,0.0,0.0004714080754252921,0.0,5.124000819840131e-05,0.0,0.0,0.0028694404591104736,1.0248001639680263e-05,0.0063947530231604835,3.074400491904079e-05,0.0026644804263168684,0.0019266243082598892,0.0017114162738266039,2.0496003279360526e-05,5.124000819840131e-05,0.0007686001229760197,0.0015576962492314,0.0086185693789711,0.005646648903463824,0.03247591719614675,0.006282025005124001,0.021254355400696864,0.007962697274031564,0.010442713670834188,0.026685796269727405,0.03449477351916376,0.02295552367288379,0.022863291658126665,0.018559130969460956,0.05298216847714696,0.03219922115187539,0.0483910637425702,0.05951014552162329,0.03177905308464849,0.021141627382660382,0.019409715105554417,0.01877433900389424,0.020024595203935232,0.014377946300471407,0.012215617954498872,0.05596433695429391,0.046935847509735604,0.06331215412994466,0.02889936462389834,0.02581471613035458,0.014429186308669809,0.009182209469153515,0.03389014142242263,0.017964746874359498,0.014388194302111088,0.026675548268087722,0.02303750768600123,0.009592129534740725,0.005564664890346382,0.006558721049395368,0.0004099200655872105,0.007491289198606272,0.00857757737241238,0.029350276696044272,0.00012297601967616316,0.0003586800573888092,0.0028284484525517525,0.0007583521213363394,0.00030744004919040785,1.0248001639680263e-05,0.0,0.0,0.0,0.0,0.0,0.0,0.0,0.0,0.0,0.0,0.0,0.0,0.0,0.0,0.0,0.0,0.0,0.0,0.0,0.0,0.0,0.0,0.0,0.0,0.0,0.0,0.0,0.0,0.0,0.0,nan,nan,4.1077974526250385,2.7160079276475146,nan,0.8855334096921612,0.03525159021363342,0.0,0.0,0.0,0.0,0.0,0.0,0.0,0.0,0.0,0.0,0.0,0.0,0.0,0.0,0.0,0.0,0.0,0.0,0.0,0.0,0.0,0.0,0.07240547063555915,0.37409493161705437,1.4963797264682224,6.1786001609010475,12.514078841512474,7.059533386967017,1.8342719227674984,0.4706355591311344,0.8850457114601454,0.034949151120055165,0.0,0.0,0.0,0.0,0.0,0.0,0.0,0.0,0.0,0.0,0.0,0.0,0.0,0.0,0.0,0.0,0.0,0.0,0.0,0.0,0.0,0.0,0.037609694943585466,0.325950689511073,1.7175094024237363,6.05516088591726,12.47388215628918,7.0580860844128726,1.9306310071040538,0.40117007939824495,0.4216,0.02335,0.0,0.0,0.0,0.0,0.0,0.0,0.0,0.0,0.0,0.0,0.24135156878519715,5.297666934835069,14.891391794046664,8.869670152855996,0.6999195494770718,0.0,0.0,0.0,0.0,0.0,0.0,0.0,0.0,0.0,0.0,0.0,0.0,0.0,0.0,0.0,0.4211,0.02339,0.0,0.0,0.0,0.0,0.0,0.0,0.0,0.0,0.0,0.0,0.40117007939824495,5.1901379022147855,14.95612202256582,8.813205181780194,0.6393648140409529,0.0,0.0,0.0,0.0,0.0,0.0,0.0,0.0,0.0,0.0,0.0,0.0,0.0,0.0,0.0
20800,4234,2161,0.5103920642418517,1046,868,0.4520547945205479,1198,0.5658951346244686,0.46599999999999997,2.9951760733236856,3.0980092389995852,6.574324324324325,2.0171267236190333,6649.800000000001,9.094947017729282e-13,6649.8,6649.8,6649.800000000002,1.8189894035458565e-12,6649.800000000001,9.094947017729282e-13,28.00377893245158,20.88721732995171,33.11230551626591,19.074101124896668,0.14052905054322154,0.10510155880963627,0.08667926310817194,0.0810108644307983,0.0807746811525744,0.07864903164855928,0.06613131790269249,0.06306093528578177,0.055739253660840815,0.06022673594709495,0.05148795465281058,0.0403873405762872,0.03259329239489844,0.022437411431270666,0.01653282947567312,0.011809163911195087,0.00684931506849315,0.8846628347769852,0.035460823255343464,0.0,0.0,0.0,0.0,0.0,0.0,0.0,0.0,0.0,0.0,0.0,0.0,0.0,0.0,0.0,0.0,0.0,0.0,0.0,0.0,0.007085498346717054,0.007085498346717054,0.08502598016060464,0.33301842229570044,1.5233821445441666,6.3273500236183295,12.690127538970245,6.780821917808221,1.700519603212093,0.5455833726972131,4.327874818049491,2.8601300336972426,2.8,2.2271057451320084,0.6469688051795173,4.3539244186046515,2.8809517272513556,4.296296296296297,2.838309242220498,0.9867640967624276,0.4207,0.02187,0.0,0.0,0.0,0.0,0.0,0.0,0.0,0.0,0.0,0.0,0.23382144544166278,4.697685403873399,16.743032593292398,7.829475673122345,0.4888993859234767,0.007085498346717054,0.0,0.0,0.0,0.0,0.0,0.0,0.0,0.0,0.0,0.0,0.0,0.0,0.0,0.0,nan,nan,4.325099891027969,2.859847384125657,nan,0.4207,0.1063,0.0,0.0,0.0,0.0,0.0,0.0,0.0,0.0005077940481813888,7.085498346717053e-05,0.0,0.0,3.5427491733585265e-05,0.002432687765706188,0.00022437411431270666,0.005148795465281058,2.3618327822390175e-05,0.0026098252243741144,0.0015470004723665564,0.0012753897024090695,0.0,0.00015351913084553614,0.0010273972602739725,0.0014525271610769958,0.006837505904581956,0.00545583372697213,0.032026452527161076,0.007203589985829003,0.02275625885687293,0.007841284837033538,0.012009919697685403,0.026747756258856874,0.03382144544166273,0.023228625413320738,0.023216816249409543,0.02084317430325933,0.05658951346244686,0.03319555975436939,0.05046055739253661,0.061856400566839866,0.030054322153991498,0.02093764761454889,0.01928436466698158,0.018138875767595656,0.019792158715162968,0.014076523382144544,0.011277751535191309,0.05543221539914974,0.046965044874822864,0.06264761454888994,0.027385451110061406,0.02423240434577232,0.015458195559754369,0.009163911195087387,0.03306565895134624,0.016568256967406707,0.013190836088804912,0.027834199338686822,0.02216580066131318,0.009081247047709021,0.00543221539914974,0.00742796410014171,0.00021256495040151158,0.0070736891828058574,0.008360888049126122,0.029700047236655643,0.00010628247520075579,0.00033065658951346243,0.002846008502598016,0.0007085498346717053,0.00042512990080302316,0.0,2.3618327822390175e-05,0.0,0.0,0.0,0.0,0.0,0.0,0.0,0.0,0.0,0.0,0.0,0.0,0.0,0.0,0.0,0.0,0.0,0.0,0.0,0.0,0.0,0.0,0.0,0.0,0.0,0.0,0.0,0.0,0.0,nan,nan,4.325099891027969,2.859847384125657,nan,0.8851769475239617,0.03506676391790708,0.0,0.0,0.0,0.0,0.0,0.0,0.0,0.0,0.0,0.0,0.0,0.0,0.0,0.0,0.0,0.0,0.0,0.0,0.0,0.0,0.0,0.01388246182322999,0.06941230911614994,0.3331790837575186,1.429893567792689,6.399814900509026,12.7302174919019,6.5941693660342455,1.8463674224895885,0.5830633965756595,0.8841268976586945,0.035859155980612345,0.0,0.0,0.0,0.0,0.0,0.0,0.0,0.0,0.0,0.0,0.0,0.0,0.0,0.0,0.0,0.0,0.0,0.0,0.0,0.0,0.014471780028943563,0.0,0.10130246020260494,0.3328509406657008,1.620839363241679,6.251808972503619,12.648335745296675,6.975397973950797,1.5484804630969613,0.5065123010130247,0.421,0.02203,0.0,0.0,0.0,0.0,0.0,0.0,0.0,0.0,0.0,0.0,0.22211938917167984,4.650624710782038,16.700601573345676,7.815826006478484,0.5969458583988895,0.01388246182322999,0.0,0.0,0.0,0.0,0.0,0.0,0.0,0.0,0.0,0.0,0.0,0.0,0.0,0.0,0.4204,0.0217,0.0,0.0,0.0,0.0,0.0,0.0,0.0,0.0,0.0,0.0,0.24602026049204057,4.74674384949348,16.787264833574532,7.843704775687411,0.37626628075253266,0.0,0.0,0.0,0.0,0.0,0.0,0.0,0.0,0.0,0.0,0.0,0.0,0.0,0.0,0.0
20900,4377,2238,0.5113091158327622,1055,902,0.4471098926205163,1265,0.5780214758967329,0.45399999999999996,3.014025245441795,3.0203903628830338,6.412238325281804,2.0416228384245176,6649.800000000001,9.094947017729282e-13,6649.8,6649.8,6649.800000000001,9.094947017729282e-13,6649.800000000001,9.094947017729282e-13,27.649531642677633,20.578953991715938,32.62346521145975,18.789596712248866,0.1405071967100754,0.09572766735206763,0.09595613433858807,0.08864519076993374,0.08384738405300433,0.07242403472698195,0.07425177061914554,0.06442769019876628,0.055517477724468814,0.056659812657071054,0.04477952935800777,0.038153986748914785,0.03289924605894448,0.023532099611606124,0.01553575508339045,0.010052547406899703,0.007082476582133882,0.8847919358546967,0.03640778889654568,0.0,0.0,0.0,0.0,0.0,0.0,0.0,0.0,0.0,0.0,0.0,0.0,0.0,0.0,0.0,0.0,0.0,0.0,0.0,0.006854009595613436,0.020562028786840304,0.020562028786840304,0.0959561343385881,0.2947224126113767,1.5764222069910903,6.305688827964361,12.426319396847159,6.956819739547637,1.6929403701165187,0.6031528444139823,4.251775568181818,2.7982905649689056,5.333333333333333,1.7950549357115013,1.2543779058437037,4.220338983050848,2.7659723922919044,4.287544483985765,2.8284059905376795,1.015924195000643,0.4204,0.02208,0.0,0.0,0.0,0.0,0.0,0.0,0.0,0.0,0.0,0.0,0.3084304318026046,4.996572995202186,15.79849211788897,8.533241946538727,0.3632625085675121,0.0,0.0,0.0,0.0,0.0,0.0,0.0,0.0,0.0,0.0,0.0,0.0,0.0,0.0,0.0,nan,nan,4.254075124025514,2.7969830445842185,nan,0.4204,0.1053,0.0,0.0,0.0,0.0,0.0,0.0,0.0,0.0005597441169750971,0.0,3.4270047978067166e-05,3.4270047978067166e-05,0.0,0.0018962759881197167,0.00025131368517249255,0.004752113319625314,6.854009595613433e-05,0.00205620287868403,0.0015649988576650674,0.001462188713730866,3.4270047978067166e-05,3.4270047978067166e-05,0.0006854009595613434,0.0018163125428375599,0.0065113091158327625,0.0052318939913182545,0.0320424948594928,0.006557002513136852,0.023212245830477495,0.007962074480237606,0.011891706648389308,0.026799177518848527,0.034235777930089105,0.024206077221841444,0.021692940370116518,0.021875713959332875,0.0547978067169294,0.03261366232579392,0.050685400959561346,0.0636737491432488,0.03111720356408499,0.02228695453506968,0.01831162896961389,0.02002513136851725,0.020344985149645875,0.015592871830020562,0.012017363490975553,0.057973497829563625,0.04653872515421521,0.05956134338588074,0.02762165867032214,0.0258167694768106,0.016084075851039523,0.00903586931688371,0.029323737719899476,0.0158670322138451,0.013468128855380398,0.027690198766278273,0.021258853095727667,0.008042037925519762,0.005049120402101896,0.0078021475896732926,7.996344528215673e-05,0.006659812657071053,0.008076307973497829,0.03029472241261138,9.138679460817912e-05,0.0004455106237148732,0.003038610920721956,0.0010395247886680376,0.00020562028786840302,0.0,0.0,0.0,0.0,0.0,0.0,0.0,0.0,0.0,0.0,0.0,0.0,0.0,0.0,0.0,0.0,0.0,0.0,0.0,0.0,0.0,0.0,0.0,0.0,0.0,0.0,0.0,0.0,0.0,0.0,0.0,nan,nan,4.254075124025514,2.7969830445842185,nan,0.8848896409593808,0.03613862012693175,0.0,0.0,0.0,0.0,0.0,0.0,0.0,0.0,0.0,0.0,0.0,0.0,0.0,0.0,0.0,0.0,0.0,0.0,0.0,0.01340482573726542,0.0,0.01340482573726542,0.10723860589812335,0.3887399463806958,1.4611260053619306,6.179624664879358,12.493297587131371,7.131367292225202,1.6353887399463811,0.5764075067024129,0.884689708634368,0.03668702313075579,0.0,0.0,0.0,0.0,0.0,0.0,0.0,0.0,0.0,0.0,0.0,0.0,0.0,0.0,0.0,0.0,0.0,0.0,0.0,0.0,0.0420757363253857,0.02805049088359047,0.0841514726507714,0.19635343618513262,1.6970546984572235,6.437587657784013,12.356241234221603,6.774193548387099,1.7531556802244044,0.6311360448807856,0.4207,0.02208,0.0,0.0,0.0,0.0,0.0,0.0,0.0,0.0,0.0,0.0,0.3753351206434317,5.026809651474523,15.576407506702417,8.686327077747992,0.33512064343163545,0.0,0.0,0.0,0.0,0.0,0.0,0.0,0.0,0.0,0.0,0.0,0.0,0.0,0.0,0.0,0.4204,0.02206,0.0,0.0,0.0,0.0,0.0,0.0,0.0,0.0,0.0,0.0,0.23842917251051898,4.964936886395505,16.030855539971952,8.373071528751755,0.3927068723702666,0.0,0.0,0.0,0.0,0.0,0.0,0.0,0.0,0.0,0.0,0.0,0.0,0.0,0.0,0.0
21000,4290,2145,0.5,981,904,0.4393939393939394,1237,0.5766899766899767,0.44999999999999996,2.988344988344988,3.0748781790040036,6.5,2.0568072408610956,6649.800000000002,1.8189894035458565e-12,6649.8,6649.8,6649.800000000002,1.8189894035458565e-12,6649.800000000002,1.8189894035458565e-12,28.205361305361304,20.903196110165574,33.07381808128283,19.145899456904754,0.13636363636363635,0.10186480186480186,0.09137529137529138,0.09020979020979021,0.07365967365967366,0.07552447552447553,0.06573426573426573,0.06526806526806526,0.05897435897435897,0.05104895104895105,0.05314685314685315,0.04125874125874126,0.03682983682983683,0.026573426573426574,0.015151515151515152,0.01048951048951049,0.006526806526806527,0.8824486959786404,0.03449789118065413,0.0,0.0,0.0,0.0,0.0,0.0,0.0,0.0,0.0,0.0,0.0,0.0,0.0,0.0,0.0,0.0,0.0,0.0,0.0,0.0,0.0,0.0,0.08391608391608393,0.3916083916083904,1.5874125874125877,6.804195804195806,12.650349650349654,6.46853146853147,1.5944055944055948,0.4195804195804197,4.400361010830325,2.823125213438861,4.5,0.5,1.022643366970219,4.332361516034985,2.8033771736534074,4.467142857142857,2.8388237719455685,1.0311103633916554,0.4204,0.02187,0.0,0.0,0.0,0.0,0.0,0.0,0.0,0.0,0.0,0.0,0.23776223776223782,5.188811188811181,16.153846153846157,7.951048951048953,0.46853146853146865,0.0,0.0,0.0,0.0,0.0,0.0,0.0,0.0,0.0,0.0,0.0,0.0,0.0,0.0,0.0,nan,nan,4.4004329004329,2.8221398117510974,nan,0.4204,0.1054,0.0,0.0,0.0,0.0,0.0,0.0,0.0,0.00026806526806526807,0.0,3.4965034965034965e-05,0.00011655011655011655,0.0,0.0021328671328671328,0.00022144522144522145,0.004650349650349651,5.8275058275058275e-05,0.0017832167832167833,0.0017948717948717949,0.0021328671328671328,0.00016317016317016317,0.00022144522144522145,0.0004662004662004662,0.002086247086247086,0.007505827505827506,0.004871794871794872,0.03184149184149184,0.0061421911421911425,0.024976689976689975,0.007808857808857809,0.012575757575757575,0.02668997668997669,0.035081585081585084,0.024906759906759907,0.020326340326340328,0.02168997668997669,0.0512937062937063,0.030675990675990677,0.04871794871794872,0.06407925407925408,0.03203962703962704,0.021701631701631703,0.019277389277389277,0.021596736596736596,0.020745920745920746,0.014836829836829837,0.013484848484848485,0.05677156177156177,0.04705128205128205,0.05844988344988345,0.02684149184149184,0.027424242424242424,0.017237762237762237,0.008986013986013987,0.029160839160839162,0.016037296037296037,0.014417249417249417,0.02796037296037296,0.021270396270396272,0.007925407925407926,0.0052680652680652685,0.007925407925407926,3.4965034965034965e-05,0.006678321678321678,0.00682983682983683,0.030058275058275057,0.0002097902097902098,0.0005011655011655012,0.003286713286713287,0.0006060606060606061,6.993006993006993e-05,0.0,0.0,0.0,0.0,0.0,0.0,0.0,0.0,0.0,0.0,0.0,0.0,0.0,0.0,0.0,0.0,0.0,0.0,0.0,0.0,0.0,0.0,0.0,0.0,0.0,0.0,0.0,0.0,0.0,0.0,0.0,nan,nan,4.4004329004329,2.8221398117510974,nan,0.8824041733097086,0.0341005110342854,0.0,0.0,0.0,0.0,0.0,0.0,0.0,0.0,0.0,0.0,0.0,0.0,0.0,0.0,0.0,0.0,0.0,0.0,0.0,0.0,0.0,0.0,0.05594405594405596,0.43356643356643226,1.468531468531469,6.6713286713286735,13.00699300699301,6.5314685314685335,1.3846153846153848,0.44755244755244766,0.8824932186475722,0.0348906889368638,0.0,0.0,0.0,0.0,0.0,0.0,0.0,0.0,0.0,0.0,0.0,0.0,0.0,0.0,0.0,0.0,0.0,0.0,0.0,0.0,0.0,0.0,0.11188811188811192,0.3496503496503485,1.7062937062937067,6.937062937062938,12.293706293706297,6.405594405594408,1.8041958041958046,0.3916083916083917,0.4194,0.02135,0.0,0.0,0.0,0.0,0.0,0.0,0.0,0.0,0.0,0.0,0.18181818181818188,5.496503496503489,16.461538461538463,7.412587412587414,0.44755244755244766,0.0,0.0,0.0,0.0,0.0,0.0,0.0,0.0,0.0,0.0,0.0,0.0,0.0,0.0,0.0,0.4214,0.02234,0.0,0.0,0.0,0.0,0.0,0.0,0.0,0.0,0.0,0.0,0.29370629370629375,4.881118881118875,15.84615384615385,8.489510489510492,0.48951048951048964,0.0,0.0,0.0,0.0,0.0,0.0,0.0,0.0,0.0,0.0,0.0,0.0,0.0,0.0,0.0
21100,4189,2165,0.5168297923132013,969,846,0.43327763189305324,1174,0.5605156361900215,0.478,2.9930830039525693,3.0554738641677694,6.551126516464471,1.9829174136262495,6649.800000000003,2.7284841053187847e-12,6649.8,6649.8,6649.800000000002,1.8189894035458565e-12,6649.800000000002,1.8189894035458565e-12,27.798758653616616,21.144013652363725,32.981922525107606,19.41275491540967,0.14275483408928144,0.10814036762950585,0.09357841967056577,0.08498448317020768,0.07662926712819289,0.07233229887801385,0.06517068512771544,0.0620673191692528,0.060157555502506566,0.05299594175220816,0.04368584387682024,0.03771783241823824,0.03556934829314872,0.02649797087610408,0.01885891620911912,0.012174743375507282,0.0066841728336118405,0.8833660338937482,0.03497487206251119,0.0,0.0,0.0,0.0,0.0,0.0,0.0,0.0,0.0,0.0,0.0,0.0,0.0,0.0,0.0,0.0,0.0,0.0,0.0,0.0,0.0,0.014323227500596804,0.09310097875387924,0.3294342325137254,1.6973024588207213,6.739078539030797,12.46120792551922,6.502745285270949,1.7545953688231086,0.40821198376700896,4.425612052730696,2.829562687419964,4.666666666666667,2.6246692913372702,1.0544680851063832,4.415545590433482,2.861913793569411,4.4363636363636365,2.795918906984833,1.0047147165630579,0.4214,0.02197,0.0,0.0,0.0,0.0,0.0,0.0,0.0,0.0,0.0,0.0,0.22201002625925048,4.769634757698728,15.934590594413944,8.500835521604204,0.5657674862735738,0.007161613750298402,0.0,0.0,0.0,0.0,0.0,0.0,0.0,0.0,0.0,0.0,0.0,0.0,0.0,0.0,nan,nan,4.425884123401054,2.8293513716867627,nan,0.4214,0.1046,0.0,0.0,0.0,0.0,0.0,0.0,0.0,0.000453568870852232,1.1936022917164001e-05,3.5808068751492e-05,9.548818333731201e-05,0.0,0.0023394604917641444,0.000131296252088804,0.0045953688231081405,0.0,0.001480066841728336,0.001599427070899976,0.002554308904273096,3.5808068751492e-05,7.1616137502984e-05,0.00044163284793506804,0.001468130818811172,0.0064335163523513966,0.004559560754356648,0.03167820482215326,0.004666984960611124,0.02451659107185486,0.008510384339937933,0.011959894962998329,0.026295058486512295,0.03533062783480544,0.02628312246359513,0.017880162329911672,0.021102888517545954,0.05011936022917164,0.03284793506803533,0.046347576987347816,0.061506326092146096,0.03264502267844354,0.022511339221771304,0.020864168059202673,0.02377655765099069,0.021413225113392217,0.01583910241107663,0.013511577942229649,0.05828359990451182,0.04904511816662688,0.05940558605872523,0.02801384578658391,0.026116018142754834,0.01601814275483409,0.008999761279541657,0.0306039627596085,0.015206493196466938,0.013762234423490094,0.027440916686560037,0.022236810694676534,0.007579374552399141,0.005287658152303652,0.008271663881594653,2.3872045834328003e-05,0.006899021246120792,0.0066841728336118405,0.029350680353306277,0.00027452852709477203,0.0005968011458582001,0.0032346622105514445,0.000680353306278348,5.9680114585820004e-05,0.0,1.1936022917164001e-05,0.0,0.0,0.0,0.0,0.0,0.0,0.0,0.0,0.0,0.0,0.0,0.0,0.0,0.0,0.0,0.0,0.0,0.0,0.0,0.0,0.0,0.0,0.0,0.0,0.0,0.0,0.0,0.0,0.0,nan,nan,4.425884123401054,2.8293513716867627,nan,0.8840068503009805,0.03519675113695774,0.0,0.0,0.0,0.0,0.0,0.0,0.0,0.0,0.0,0.0,0.0,0.0,0.0,0.0,0.0,0.0,0.0,0.0,0.0,0.0,0.0,0.013856812933025408,0.11085450346420327,0.27713625866050723,1.6489607390300236,6.498845265588916,12.637413394919172,6.512702078521942,1.87066974595843,0.42956120092378763,0.8826805756320595,0.03472287881086097,0.0,0.0,0.0,0.0,0.0,0.0,0.0,0.0,0.0,0.0,0.0,0.0,0.0,0.0,0.0,0.0,0.0,0.0,0.0,0.0,0.0,0.014822134387351782,0.07411067193675891,0.3853754940711451,1.7490118577075102,6.996047430830041,12.272727272727277,6.492094861660081,1.630434782608696,0.38537549407114635,0.4214,0.02167,0.0,0.0,0.0,0.0,0.0,0.0,0.0,0.0,0.0,0.0,0.2078521939953811,4.7113163972286305,16.087759815242496,8.452655889145499,0.5404157043879909,0.0,0.0,0.0,0.0,0.0,0.0,0.0,0.0,0.0,0.0,0.0,0.0,0.0,0.0,0.0,0.4216,0.02231,0.0,0.0,0.0,0.0,0.0,0.0,0.0,0.0,0.0,0.0,0.2371541501976285,4.832015810276673,15.770750988142296,8.552371541501978,0.5928853754940713,0.014822134387351782,0.0,0.0,0.0,0.0,0.0,0.0,0.0,0.0,0.0,0.0,0.0,0.0,0.0,0.0
21200,4483,2303,0.5137184920811956,1069,926,0.44501449921927283,1252,0.558554539370957,0.45799999999999996,2.9073394495412845,3.0468273895405926,6.680483592400691,1.993898059713364,6649.800000000001,9.094947017729282e-13,6649.8,6649.8,6649.800000000001,9.094947017729282e-13,6649.800000000002,1.8189894035458565e-12,27.503234441222396,20.738456623242737,32.37158034528552,19.065798969127783,0.13896944010707116,0.10640196297122463,0.09301806825786303,0.08944902966763328,0.08565692616551417,0.07249609636404193,0.06870399286192282,0.060673656033905864,0.057773812179344186,0.0499665402632166,0.046843631496765556,0.03970555431630605,0.03279054204773589,0.02297568592460406,0.017399063127370065,0.01003792103502119,0.007138077180459514,0.8808859126684311,0.03508434593488326,0.0,0.0,0.0,0.0,0.0,0.0,0.0,0.0,0.0,0.0,0.0,0.0,0.0,0.0,0.0,0.0,0.0,0.0,0.0,0.0,0.0,0.006691947356680795,0.09368726299353114,0.4550524202542926,1.6930626812402414,7.294222618782067,12.627704662056662,5.781842516172207,1.639527102386795,0.40820878875752853,4.23500526131182,2.7966599858468166,4.25,3.2691742076555053,1.0035406658936559,4.258512856150104,2.791557959743533,4.207773851590106,2.8011752313577403,0.9880852761811624,0.4226,0.0221,0.0,0.0,0.0,0.0,0.0,0.0,0.0,0.0,0.0,0.0,0.20745036805710468,4.456836939549403,15.619005130492976,9.047512826232435,0.6691947356680795,0.0,0.0,0.0,0.0,0.0,0.0,0.0,0.0,0.0,0.0,0.0,0.0,0.0,0.0,0.0,nan,nan,4.235026269702277,2.797377892395854,nan,0.4226,0.10425,0.0,0.0,0.0,0.0,0.0,0.0,0.0,8.922596475574392e-05,0.00020075842070042382,0.0,4.461298237787196e-05,0.0,0.0015279946464421146,4.461298237787196e-05,0.004907428061565916,1.115324559446799e-05,0.0014610751728753068,0.002230649118893598,0.0027771581530225296,4.461298237787196e-05,7.807271916127593e-05,0.0006468882444791434,0.001104171313852331,0.006558108409547178,0.003167521748828909,0.029433415123801026,0.004807048851215703,0.02457060004461298,0.007807271916127593,0.012123577961186705,0.02592014276154361,0.034039705554316305,0.027760428284630826,0.017399063127370065,0.021280392594244926,0.05127146999776935,0.034363149676555876,0.044702208342627704,0.062134731206781174,0.031195627927726968,0.024492527325451707,0.021180013383894712,0.023221057327682357,0.019261655141646218,0.01436538032567477,0.012636627258532233,0.060305598929288426,0.051594914120008925,0.0601383002453714,0.027269685478474234,0.02709123354896275,0.015079188043720724,0.008465313406201205,0.03137407985723845,0.015268793218826678,0.016339504795895604,0.027102386794557218,0.022239571715369173,0.00699308498773143,0.005465090341289315,0.006680794111086326,0.00017845192951148784,0.006491188935980371,0.007784965424938657,0.030158376087441447,0.0005911220165068034,0.0004684363149676556,0.003435199643096141,0.0006245817532902075,0.0,0.0,0.0,0.0,0.0,0.0,0.0,0.0,0.0,0.0,0.0,0.0,0.0,0.0,0.0,0.0,0.0,0.0,0.0,0.0,0.0,0.0,0.0,0.0,0.0,0.0,0.0,0.0,0.0,0.0,0.0,0.0,nan,nan,4.235026269702277,2.797377892395854,nan,0.8798343917622651,0.035005108739740796,0.0,0.0,0.0,0.0,0.0,0.0,0.0,0.0,0.0,0.0,0.0,0.0,0.0,0.0,0.0,0.0,0.0,0.0,0.0,0.0,0.0,0.0,0.09118541033434653,0.5471124620060773,1.732522796352584,7.529309596178899,12.544507164567959,5.679548415110727,1.4980460269214073,0.37776812852800706,0.8819967625064588,0.035133691846795705,0.0,0.0,0.0,0.0,0.0,0.0,0.0,0.0,0.0,0.0,0.0,0.0,0.0,0.0,0.0,0.0,0.0,0.0,0.0,0.0,0.0,0.01376146788990826,0.09633027522935782,0.3577981651376136,1.6513761467889911,7.045871559633029,12.715596330275233,5.8899082568807355,1.7889908256880738,0.4403669724770643,0.4226,0.02168,0.0,0.0,0.0,0.0,0.0,0.0,0.0,0.0,0.0,0.0,0.18237082066869306,4.389926183239247,15.722970039079465,9.10551454624403,0.5992184107685629,0.0,0.0,0.0,0.0,0.0,0.0,0.0,0.0,0.0,0.0,0.0,0.0,0.0,0.0,0.0,0.4226,0.02254,0.0,0.0,0.0,0.0,0.0,0.0,0.0,0.0,0.0,0.0,0.2339449541284404,4.5275229357798095,15.509174311926609,8.986238532110093,0.7431192660550461,0.0,0.0,0.0,0.0,0.0,0.0,0.0,0.0,0.0,0.0,0.0,0.0,0.0,0.0,0.0
21300,4524,2310,0.5106100795755968,1088,952,0.4509283819628647,1313,0.5804597701149425,0.45799999999999996,3.0130984643179763,3.079100232296866,6.566246056782334,2.1096584506911964,6649.800000000002,1.8189894035458565e-12,6649.8,6649.8,6649.800000000002,1.8189894035458565e-12,6649.800000000001,9.094947017729282e-13,27.635278514588858,20.68889920460253,32.74264510999205,18.854255052406145,0.14610963748894784,0.09924845269672856,0.09129089301503095,0.08222811671087533,0.07692307692307693,0.07869142351900972,0.07736516357206012,0.0649867374005305,0.05592396109637489,0.05238726790450928,0.047082228116710874,0.03669319186560566,0.034924845269672856,0.022325375773651637,0.016578249336870028,0.012599469496021221,0.004641909814323607,0.8803246898476156,0.03460627648157511,0.0,0.0,0.0,0.0,0.0,0.0,0.0,0.0,0.0,0.0,0.0,0.0,0.0,0.0,0.0,0.0,0.0,0.0,0.0,0.0,0.0,0.0,0.08620689655172416,0.41777188328912335,1.9429708222811675,7.241379310344829,12.360742705570296,6.2798408488063675,1.3063660477453582,0.3647214854111407,4.356381148950808,2.904321604082522,4.5,2.5,1.0329674668351232,4.406653088934148,2.9530628696496612,4.305013927576602,2.852014376294681,0.9769350662949213,0.4233,0.02162,0.0,0.0,0.0,0.0,0.0,0.0,0.0,0.0,0.0,0.0,0.14588859416445626,4.031830238726785,15.94164456233422,9.210875331564988,0.6697612732095491,0.0,0.0,0.0,0.0,0.0,0.0,0.0,0.0,0.0,0.0,0.0,0.0,0.0,0.0,0.0,nan,nan,4.356479889996562,2.9040654019982717,nan,0.4233,0.10425,0.0,0.0,0.0,0.0,0.0,0.0,0.0,1.1052166224580018e-05,0.00011052166224580017,0.0,1.1052166224580018e-05,0.0,0.0017462422634836427,0.0,0.004630857648099027,6.63129973474801e-05,0.0008952254641909815,0.0017793987621573827,0.0027077807250221043,6.63129973474801e-05,2.2104332449160036e-05,0.0004199823165340407,0.0007294429708222811,0.0062997347480106105,0.003028293545534925,0.030415561450044207,0.0047855879752431475,0.027199381078691423,0.007648099027409372,0.01246684350132626,0.0246684350132626,0.03148762157382847,0.026989389920424402,0.017031388152077807,0.022281167108753316,0.05207780725022104,0.03369805481874447,0.046043324491600354,0.06273209549071618,0.029089301503094606,0.0245026525198939,0.022745358090185675,0.02344164456233422,0.016987179487179486,0.015660919540229884,0.013958885941644562,0.0621131741821397,0.0495026525198939,0.06170424403183024,0.027066755083996464,0.026149425287356323,0.015075154730327145,0.007791777188328912,0.029199823165340408,0.015517241379310345,0.017197170645446506,0.027740937223695843,0.021021220159151192,0.006719717064544651,0.0054487179487179484,0.007194960212201592,0.0004310344827586207,0.00622236958443855,0.007382847038019452,0.03281388152077807,0.0005857648099027409,0.0002541998231653404,0.0034482758620689655,0.0009836427939876216,0.0,0.0,0.0,0.0,0.0,0.0,0.0,0.0,0.0,0.0,0.0,0.0,0.0,0.0,0.0,0.0,0.0,0.0,0.0,0.0,0.0,0.0,0.0,0.0,0.0,0.0,0.0,0.0,0.0,0.0,0.0,0.0,nan,nan,4.356479889996562,2.9040654019982717,nan,0.8809708539541665,0.0344892478294303,0.0,0.0,0.0,0.0,0.0,0.0,0.0,0.0,0.0,0.0,0.0,0.0,0.0,0.0,0.0,0.0,0.0,0.0,0.0,0.0,0.0,0.0,0.05194805194805196,0.40259740259740134,1.9220779220779225,7.129870129870131,12.402597402597406,6.441558441558443,1.246753246753247,0.4025974025974027,0.8796505077852251,0.03471514069579903,0.0,0.0,0.0,0.0,0.0,0.0,0.0,0.0,0.0,0.0,0.0,0.0,0.0,0.0,0.0,0.0,0.0,0.0,0.0,0.0,0.0,0.0,0.12195121951219515,0.4336043360433591,1.9647696476964773,7.357723577235774,12.31707317073171,6.1111111111111125,1.3685636856368566,0.3252032520325204,0.423,0.0215,0.0,0.0,0.0,0.0,0.0,0.0,0.0,0.0,0.0,0.0,0.14285714285714288,4.142857142857136,15.922077922077925,9.194805194805197,0.5974025974025975,0.0,0.0,0.0,0.0,0.0,0.0,0.0,0.0,0.0,0.0,0.0,0.0,0.0,0.0,0.0,0.4236,0.02174,0.0,0.0,0.0,0.0,0.0,0.0,0.0,0.0,0.0,0.0,0.14905149051490518,3.915989159891593,15.962059620596209,9.227642276422765,0.7452574525745259,0.0,0.0,0.0,0.0,0.0,0.0,0.0,0.0,0.0,0.0,0.0,0.0,0.0,0.0,0.0
21400,4646,2400,0.5165733964700818,1141,973,0.4550150667240637,1337,0.5755488592337494,0.44599999999999995,2.989759572573464,3.0058391134051736,6.490909090909091,1.9176000841271956,6649.800000000002,1.8189894035458565e-12,6649.8,6649.8,6649.800000000002,1.8189894035458565e-12,6649.800000000002,1.8189894035458565e-12,28.1459319845028,20.921676387354587,32.980877103518615,19.181169890650143,0.13624623331898408,0.09578131726216099,0.09040034438226431,0.09018510546706844,0.08867843306069738,0.07339647008179079,0.06392595781317262,0.06564786913473956,0.06241928540680155,0.052518295307791646,0.04412397761515282,0.03745157124408093,0.03702109341368919,0.024537236332328884,0.018080068876452863,0.01248385708136031,0.007102884201463625,0.8801195529376542,0.035005867580433,0.0,0.0,0.0,0.0,0.0,0.0,0.0,0.0,0.0,0.0,0.0,0.0,0.0,0.0,0.0,0.0,0.0,0.0,0.0,0.0,0.0,0.025828669823504097,0.14205768402927252,0.39388721480843614,1.620749031424882,7.606543263021956,12.623762376237627,5.8824795523030575,1.2591476538958246,0.44554455445544566,4.215156507413509,2.789040850091492,2.1666666666666665,2.3392781412696997,0.514018082805701,4.21419185282523,2.822401175276881,4.208031599736669,2.756554462476162,0.998538212472593,0.4238,0.02156,0.0,0.0,0.0,0.0,0.0,0.0,0.0,0.0,0.0,0.0,0.1356005165733965,4.1003013344812675,15.658631080499358,9.517864829961258,0.5811450710288422,0.006457167455876024,0.0,0.0,0.0,0.0,0.0,0.0,0.0,0.0,0.0,0.0,0.0,0.0,0.0,0.0,nan,nan,4.211114764879974,2.7897062816889977,nan,0.4238,0.10443,0.0,0.0,0.0,0.0,0.0,0.0,0.0,8.609556607834697e-05,6.457167455876022e-05,0.0,1.076194575979337e-05,0.0,0.001506672406371072,2.152389151958674e-05,0.005251829530779165,6.457167455876022e-05,0.0012268618166164443,0.0015820060266896255,0.0022169608265174344,5.3809728798966854e-05,6.457167455876022e-05,0.0005165733964700818,0.0006780025828669824,0.006414119672836849,0.0024860094705122684,0.029961256995264744,0.004842875591907016,0.025462763667671116,0.006715454154111063,0.01449634093844167,0.02448342660352992,0.031554024967714166,0.027884201463624622,0.01538958243650452,0.022600086095566078,0.05289496340938442,0.03318984072320275,0.04603960396039604,0.06505596211795092,0.030187257856220406,0.022234179939733104,0.022406371071889798,0.020953508394317692,0.01810159276797245,0.015497201894102454,0.015884631941455014,0.06408738699956952,0.049031424881618595,0.06015927679724494,0.025333620318553594,0.027098579423159706,0.01636891950064572,0.008674128282393457,0.027324580284115368,0.014819199311235471,0.015820060266896255,0.02826086956521739,0.021653034868704263,0.007199741713301765,0.004972018941024537,0.007414980628497632,0.00034438226431338786,0.006941455015066724,0.006338786052518295,0.035094705122686184,0.0009900990099009901,0.0003336203185535945,0.0025721050365906154,0.0010869565217391304,0.0,0.0,0.0,0.0,0.0,0.0,0.0,0.0,0.0,0.0,0.0,0.0,0.0,0.0,0.0,0.0,0.0,0.0,0.0,0.0,0.0,0.0,0.0,0.0,0.0,0.0,0.0,0.0,0.0,0.0,0.0,0.0,nan,nan,4.211114764879974,2.7897062816889977,nan,0.8791135359307131,0.03498059504615199,0.0,0.0,0.0,0.0,0.0,0.0,0.0,0.0,0.0,0.0,0.0,0.0,0.0,0.0,0.0,0.0,0.0,0.0,0.0,0.0,0.0,0.012500000000000002,0.1375,0.43749999999999867,1.7750000000000004,7.700000000000002,12.575000000000003,5.787500000000001,1.1250000000000002,0.4500000000000001,0.8811945488489004,0.03500090992618663,0.0,0.0,0.0,0.0,0.0,0.0,0.0,0.0,0.0,0.0,0.0,0.0,0.0,0.0,0.0,0.0,0.0,0.0,0.0,0.0,0.0,0.040071237756010694,0.1469278717720392,0.34728406055209154,1.4559216384683886,7.506678539626003,12.675868210151384,5.983971504897597,1.4024933214603743,0.44078361531611765,0.423,0.02138,0.0,0.0,0.0,0.0,0.0,0.0,0.0,0.0,0.0,0.0,0.16250000000000006,4.299999999999994,15.950000000000003,9.125000000000002,0.4625000000000001,0.0,0.0,0.0,0.0,0.0,0.0,0.0,0.0,0.0,0.0,0.0,0.0,0.0,0.0,0.0,0.4246,0.02174,0.0,0.0,0.0,0.0,0.0,0.0,0.0,0.0,0.0,0.0,0.10685663401602852,3.886910062333031,15.347284060552095,9.937666963490651,0.707925200356189,0.013357079252003565,0.0,0.0,0.0,0.0,0.0,0.0,0.0,0.0,0.0,0.0,0.0,0.0,0.0,0.0
21500,4621,2354,0.5094135468513309,1134,942,0.4492534083531703,1309,0.5665440380869942,0.46599999999999997,2.9819144243493603,3.07574274341058,6.603531300160514,2.0752582972305285,6649.800000000001,9.094947017729282e-13,6649.8,6649.8,6649.800000000001,9.094947017729282e-13,6649.800000000001,9.094947017729282e-13,27.75286734473058,20.73685760844137,32.70459236326109,18.97318159342478,0.14131140445790955,0.1001947630383034,0.08980740099545553,0.08785977061242155,0.08591214022938758,0.07530837481064705,0.0707639039169011,0.06124215537762389,0.05864531486691192,0.05042198658299069,0.045011902185674094,0.041765851547284134,0.02921445574550963,0.02856524561783164,0.020341917333910407,0.009521748539277213,0.004111664141960614,0.8797887295284614,0.03541609349485905,0.0,0.0,0.0,0.0,0.0,0.0,0.0,0.0,0.0,0.0,0.0,0.0,0.0,0.0,0.0,0.0,0.0,0.0,0.0,0.0,0.0,0.006492101276779919,0.09088941787491887,0.376541874053234,2.1099329149534736,7.433455961913007,12.412897641203205,5.764985933780569,1.3438649642934433,0.4609391906513743,4.32468844728865,2.839064946996038,3.75,3.2691742076555053,0.8671144859813084,4.317056396148556,2.808764652480348,4.330480579328506,2.8691107353274963,1.0031095686384655,0.4246,0.02159,0.0,0.0,0.0,0.0,0.0,0.0,0.0,0.0,0.0,0.0,0.14931832936593814,3.804371348193026,15.457693140012987,9.945899156026835,0.642718026401212,0.0,0.0,0.0,0.0,0.0,0.0,0.0,0.0,0.0,0.0,0.0,0.0,0.0,0.0,0.0,nan,nan,4.323915237134208,2.8397655343633583,nan,0.4246,0.104,0.0,0.0,0.0,0.0,0.0,0.0,0.0,7.574118156243237e-05,1.0820168794633196e-05,0.0,0.0,1.0820168794633196e-05,0.0015364639688379138,0.0,0.004771694438433239,0.00011902185674096516,0.0006275697900887254,0.0011793983986150185,0.0016338454879896126,1.0820168794633196e-05,0.00020558320709803074,0.0004544470893745942,0.0004544470893745942,0.006935728197359879,0.003040467431291928,0.0317139147370699,0.004284786842674746,0.02261415278078338,0.007866262713698334,0.013817355550746592,0.0235014066219433,0.031129625622159707,0.0287816489937243,0.016089590997619564,0.0237286301666306,0.04952391257303614,0.03547933347760225,0.04720839645098464,0.06540792036355768,0.030350573468946117,0.022397749404890716,0.021737719108418093,0.020352737502705043,0.017831638173555507,0.015040034624540143,0.015862367452932267,0.062475654620212075,0.04989179831205367,0.0608526293010171,0.027905215321359013,0.025687080718459206,0.016847002813243885,0.008071845920796364,0.027093702661761525,0.015483661545120105,0.016435836399047825,0.026931400129842027,0.02218134602899805,0.007563297987448604,0.004988097814325903,0.008093486258385631,0.0004652672581692274,0.007054750054100844,0.006037654187405324,0.03483012334992426,0.0008872538411599221,0.0002596840510711967,0.003137848950443627,0.0010170958666955205,0.0,0.0,2.1640337589266393e-05,0.0,0.0,0.0,0.0,0.0,0.0,0.0,0.0,0.0,0.0,0.0,0.0,0.0,0.0,0.0,0.0,0.0,0.0,0.0,0.0,0.0,0.0,0.0,0.0,0.0,0.0,0.0,0.0,0.0,nan,nan,4.323915237134208,2.8397655343633583,nan,0.8801573749913335,0.03586783285780322,0.0,0.0,0.0,0.0,0.0,0.0,0.0,0.0,0.0,0.0,0.0,0.0,0.0,0.0,0.0,0.0,0.0,0.0,0.0,0.0,0.0,0.012744265080713682,0.08920985556499578,0.318606627017841,2.395921835174172,7.073067119796093,12.400169923534413,5.900594732370434,1.236193712829227,0.5734919286321156,0.8794059366658231,0.03493672108714514,0.0,0.0,0.0,0.0,0.0,0.0,0.0,0.0,0.0,0.0,0.0,0.0,0.0,0.0,0.0,0.0,0.0,0.0,0.0,0.0,0.0,0.0,0.09263343625937365,0.43670048522276,1.8129686810763128,7.807675341861493,12.426113806793122,5.624172915747685,1.4556682840758717,0.34406704896338786,0.4246,0.0213,0.0,0.0,0.0,0.0,0.0,0.0,0.0,0.0,0.0,0.0,0.10195412064570945,3.8997451146983804,15.076465590484284,10.361087510620223,0.5607476635514019,0.0,0.0,0.0,0.0,0.0,0.0,0.0,0.0,0.0,0.0,0.0,0.0,0.0,0.0,0.0,0.4246,0.02188,0.0,0.0,0.0,0.0,0.0,0.0,0.0,0.0,0.0,0.0,0.19850022055580066,3.7053374503749392,15.853550948389946,9.514777238641377,0.7278341420379358,0.0,0.0,0.0,0.0,0.0,0.0,0.0,0.0,0.0,0.0,0.0,0.0,0.0,0.0,0.0
21600,4885,2439,0.4992835209825998,1157,1016,0.44483111566018424,1403,0.5744114636642784,0.45799999999999996,2.9362224039247753,3.059511307701125,6.50354609929078,2.0875317587092024,6649.800000000001,9.094947017729282e-13,6649.8,6649.8,6649.800000000001,9.094947017729282e-13,6649.800000000002,1.8189894035458565e-12,27.599385875127943,20.757048589648893,32.64044117647059,19.000603236075825,0.1428863868986694,0.10358239508700103,0.08638689866939611,0.0902763561924258,0.08577277379733879,0.07942681678607984,0.06305015353121801,0.06079836233367451,0.054861821903787106,0.04994882292732856,0.04994882292732856,0.04524053224155578,0.03439099283520983,0.022313203684749233,0.012896622313203685,0.00962128966223132,0.008597748208802457,0.8793970472859018,0.03568896887135657,0.0,0.0,0.0,0.0,0.0,0.0,0.0,0.0,0.0,0.0,0.0,0.0,0.0,0.0,0.0,0.0,0.0,0.0,0.0,0.0,0.0,0.02456499488229274,0.08597748208802458,0.4421699078812678,1.9222108495394068,7.7748208802456515,12.202661207778918,5.705220061412489,1.3387922210849543,0.5035823950870011,4.3571884984025555,2.8363604034519785,4.5,2.8722813232690143,1.0327760668719754,4.3500954805856145,2.803726660411173,4.367477592829705,2.867660186193614,1.0039958001661498,0.424,0.02065,0.0,0.0,0.0,0.0,0.0,0.0,0.0,0.0,0.0,0.0,0.12896622313203687,3.4759467758444167,16.612077789150465,9.285568065506654,0.49744114636642794,0.0,0.0,0.0,0.0,0.0,0.0,0.0,0.0,0.0,0.0,0.0,0.0,0.0,0.0,0.0,nan,nan,4.357370772176132,2.8364111229586864,nan,0.424,0.10315,0.0,0.0,0.0,0.0,0.0,0.0,0.0,0.0,0.0,0.0,0.0,0.0,0.0011770726714431935,0.0,0.003848515864892528,0.00025588536335721597,0.0004912998976458546,0.0010235414534288639,0.00172978505629478,1.0235414534288639e-05,7.164790174002048e-05,0.0002865916069600819,0.00012282497441146365,0.0071443193449334695,0.0023336745138178095,0.03344933469805527,0.0039508700102354145,0.023428863868986693,0.007389969293756397,0.013510747185261003,0.023367451381780962,0.03166837256908905,0.02992835209825998,0.01615148413510747,0.0249539406345957,0.05030706243602866,0.03700102354145343,0.04655066530194473,0.06529170931422723,0.03044012282497441,0.02181166837256909,0.02171954964176049,0.019805527123848515,0.018444216990788128,0.014749232343909928,0.016049129989764585,0.06222108495394064,0.04948822927328557,0.06,0.027645854657113614,0.028372569089048106,0.01707267144319345,0.007993858751279427,0.026714431934493348,0.016663254861821904,0.015834186284544523,0.025230296827021496,0.019641760491299898,0.008607983623336745,0.004728761514841351,0.008311156601842375,0.000736949846468782,0.007850562947799386,0.0060593654042988745,0.03305015353121801,0.0009109518935516888,0.00025588536335721597,0.002753326509723644,0.0013715455475946776,2.0470829068577278e-05,0.0,0.0,0.0,0.0,0.0,0.0,0.0,0.0,0.0,0.0,0.0,0.0,0.0,0.0,0.0,0.0,0.0,0.0,0.0,0.0,0.0,0.0,0.0,0.0,0.0,0.0,0.0,0.0,0.0,0.0,0.0,nan,nan,4.357370772176132,2.8364111229586864,nan,0.8792950613618924,0.03573399999837597,0.0,0.0,0.0,0.0,0.0,0.0,0.0,0.0,0.0,0.0,0.0,0.0,0.0,0.0,0.0,0.0,0.0,0.0,0.0,0.0,0.0,0.012300123001230016,0.08610086100861011,0.516605166051659,1.8942189421894222,7.724477244772449,12.091020910209105,5.854858548585487,1.3407134071340716,0.4797047970479706,0.879498741345043,0.03564371941318283,0.0,0.0,0.0,0.0,0.0,0.0,0.0,0.0,0.0,0.0,0.0,0.0,0.0,0.0,0.0,0.0,0.0,0.0,0.0,0.0,0.0,0.036794766966475885,0.0858544562551104,0.3679476696647576,1.950122649223222,7.825020441537205,12.313982011447264,5.55600981193786,1.3368765331152905,0.527391659852821,0.4238,0.0207,0.0,0.0,0.0,0.0,0.0,0.0,0.0,0.0,0.0,0.0,0.15990159901599021,3.5301353013530083,16.53136531365314,9.372693726937271,0.4059040590405905,0.0,0.0,0.0,0.0,0.0,0.0,0.0,0.0,0.0,0.0,0.0,0.0,0.0,0.0,0.0,0.4243,0.02057,0.0,0.0,0.0,0.0,0.0,0.0,0.0,0.0,0.0,0.0,0.09811937857726903,3.4219133278822516,16.692559280457893,9.19869174161897,0.5887162714636142,0.0,0.0,0.0,0.0,0.0,0.0,0.0,0.0,0.0,0.0,0.0,0.0,0.0,0.0,0.0
21700,4817,2432,0.504878555117293,1197,977,0.45131824787211955,1359,0.5642516088851982,0.45399999999999996,3.0046121593291404,3.0372218676743037,6.389429763560501,2.0306961700150645,6649.800000000002,1.8189894035458565e-12,6649.8,6649.8,6649.800000000001,9.094947017729282e-13,6649.800000000002,1.8189894035458565e-12,28.302262819182065,20.882481586958473,33.149286768322675,19.11412628510131,0.13618434710400665,0.09902428897654142,0.08781399211127258,0.08760639402117501,0.08200124558854059,0.07515050861532074,0.07058335063317417,0.06331741747975919,0.057712269047124766,0.05812746522731991,0.0452563836412705,0.04068922565912394,0.034461282956196805,0.02615735935229396,0.017853435748391114,0.012040689225659124,0.006020344612829562,0.8784557986437643,0.03609699328139311,0.0,0.0,0.0,0.0,0.0,0.0,0.0,0.0,0.0,0.0,0.0,0.0,0.0,0.0,0.0,0.0,0.0,0.0,0.0,0.0,0.0,0.018683828108781404,0.12455885405854268,0.37990450487855393,2.142412289806934,8.071413742993567,11.970105875025952,5.486817521278806,1.3701473946439697,0.4359559892048994,4.222186904005086,2.8159076857658856,5.125,2.4717149916606487,1.2138259429345781,4.269911504424779,2.8210142202949964,4.178753180661578,2.8091057812452083,0.9786510039684109,0.424,0.02098,0.0,0.0,0.0,0.0,0.0,0.0,0.0,0.0,0.0,0.0,0.13701473946439696,3.6869420801328574,16.242474569233966,9.38550965331119,0.5480589578575878,0.0,0.0,0.0,0.0,0.0,0.0,0.0,0.0,0.0,0.0,0.0,0.0,0.0,0.0,0.0,nan,nan,4.2244768547875715,2.8154541351157754,nan,0.424,0.10254,0.0,0.0,0.0,0.0,0.0,0.0,0.0,0.0,0.0,1.0379904504878555e-05,0.0,0.0,0.0010379904504878555,0.0,0.0034876479136391947,0.00034253684866099234,0.0006746937928171061,0.0012040689225659123,0.001567365580236662,0.0,0.00010379904504878556,0.00015569856757317833,0.00014531866306829978,0.006632758978617397,0.0019099024288976542,0.03239568195972597,0.0030413120199294166,0.024527714345028026,0.006684658501141789,0.013057919867137223,0.024174797591862154,0.030039443637118537,0.03267593938135769,0.01665974673033008,0.025171268424330494,0.05167116462528545,0.036308905958065185,0.0479655387170438,0.06374299356445921,0.030475399626323438,0.022368694208013285,0.022607432011625492,0.01953498027818144,0.017791156321361842,0.01429312850321777,0.015559476852812955,0.05961179157151754,0.049190367448619474,0.06463566535187876,0.027766244550550136,0.03061033838488686,0.016908864438447167,0.0071206144903466885,0.027133070375752542,0.014895162964500726,0.015621756279842226,0.025410006227942702,0.020002075980900976,0.007816068092173552,0.004048162756902636,0.007867967614697945,0.0012559684450903052,0.00818974465434918,0.005885405854266141,0.033444052314718704,0.0006227942702927133,0.00018683828108781398,0.002605356030724517,0.0011521694000415196,0.0,0.0,0.0,0.0,0.0,0.0,0.0,0.0,0.0,0.0,0.0,0.0,0.0,0.0,0.0,0.0,0.0,0.0,0.0,0.0,0.0,0.0,0.0,0.0,0.0,0.0,0.0,0.0,0.0,0.0,0.0,0.0,nan,nan,4.2244768547875715,2.8154541351157754,nan,0.877757720281615,0.036449711622160666,0.0,0.0,0.0,0.0,0.0,0.0,0.0,0.0,0.0,0.0,0.0,0.0,0.0,0.0,0.0,0.0,0.0,0.0,0.0,0.0,0.0,0.012335526315789477,0.18503289473684215,0.3824013157894725,2.331414473684211,7.820723684210527,12.224506578947372,5.291940789473686,1.2952302631578951,0.4564144736842106,0.8791676336864256,0.0357196932238527,0.0,0.0,0.0,0.0,0.0,0.0,0.0,0.0,0.0,0.0,0.0,0.0,0.0,0.0,0.0,0.0,0.0,0.0,0.0,0.0,0.0,0.02515723270440252,0.0628930817610063,0.37735849056603654,1.9496855345911954,8.327044025157234,11.710691823899374,5.68553459119497,1.446540880503145,0.4150943396226416,0.4243,0.021,0.0,0.0,0.0,0.0,0.0,0.0,0.0,0.0,0.0,0.0,0.1480263157894737,3.6389802631578894,16.110197368421055,9.510690789473685,0.5921052631578948,0.0,0.0,0.0,0.0,0.0,0.0,0.0,0.0,0.0,0.0,0.0,0.0,0.0,0.0,0.0,0.4238,0.02097,0.0,0.0,0.0,0.0,0.0,0.0,0.0,0.0,0.0,0.0,0.1257861635220126,3.7358490566037683,16.377358490566042,9.257861635220127,0.5031446540880504,0.0,0.0,0.0,0.0,0.0,0.0,0.0,0.0,0.0,0.0,0.0,0.0,0.0,0.0,0.0
21800,4867,2424,0.49804807889870556,1116,1042,0.44339428806246145,1389,0.5707828230943086,0.44999999999999996,2.8882521489971347,3.007868847669303,6.484066767830045,2.01005918765566,6649.800000000002,1.8189894035458565e-12,6649.8,6649.8,6649.800000000001,9.094947017729282e-13,6649.800000000001,9.094947017729282e-13,27.599547976166015,20.83233388249847,32.65132874015748,19.090535778372374,0.14505855763303882,0.09636326279021985,0.0992397780973906,0.08876104376412575,0.07725498253544277,0.07355660571193753,0.07170741730018491,0.06431066365317444,0.05753030614341483,0.04807889870556811,0.044585987261146494,0.039038422025888635,0.036983768235052394,0.023833983973700432,0.017464557222108074,0.008013149784261353,0.008218615163344977,0.8785049015426871,0.03502565784662549,0.0,0.0,0.0,0.0,0.0,0.0,0.0,0.0,0.0,0.0,0.0,0.0,0.0,0.0,0.0,0.0,0.0,0.0,0.0,0.0,0.0,0.0,0.09245942058763101,0.48695294842818837,1.9971234846928296,7.6926237928909,12.555989315800291,5.584549003492913,1.1033490856790633,0.4869529484281899,4.314910025706941,2.788921123487671,5.0,0.0,1.1587727137324992,4.295103092783505,2.7377706973802125,4.335467349551856,2.837039528012433,1.009397738749547,0.4246,0.02112,0.0,0.0,0.0,0.0,0.0,0.0,0.0,0.0,0.0,0.0,0.1294431888226834,3.5381138278200073,15.946168070680093,9.788370659543869,0.5979042531333472,0.0,0.0,0.0,0.0,0.0,0.0,0.0,0.0,0.0,0.0,0.0,0.0,0.0,0.0,0.0,nan,nan,4.315350032113038,2.788079397576135,nan,0.4246,0.1025,0.0,0.0,0.0,0.0,0.0,0.0,0.0,0.0,1.027326895418122e-05,8.218615163344976e-05,0.0,0.0,0.0012636120813642902,0.0,0.0038832956646805013,0.00036983768235052393,0.0005547565235257859,0.0010992397780973907,0.0017361824532566262,4.109307581672488e-05,0.00030819806862543664,0.00016437230326689953,7.191288267926854e-05,0.006770084240805424,0.0022190260941031435,0.03114855146907746,0.0028148756934456543,0.025416067392644338,0.0066570782823094305,0.01129032258064516,0.020988288473392232,0.029145264023012124,0.032545716046846106,0.016221491678652146,0.026402301212245738,0.054006574892130677,0.039110334908567905,0.047945346209163756,0.06089993836038628,0.0301417711115677,0.022241627285802344,0.022447092664885968,0.018861721799876722,0.018224779124717486,0.01481405383192932,0.014526402301212245,0.05914320936922129,0.05021573864803781,0.0646599547976166,0.029751386891308816,0.0321656050955414,0.017300184918841176,0.006163961372508732,0.02802547770700637,0.014629134990754057,0.015040065748921307,0.025611259502773782,0.0195294842818985,0.008105609204848983,0.004551058146702281,0.00876309841791658,0.0010067803575097595,0.009071296486542018,0.005598931580028765,0.03158002876515307,0.00042120402712143005,0.00013355249640435588,0.0029073351140332855,0.0011095130470515717,1.027326895418122e-05,8.218615163344976e-05,0.0,0.0,0.0,0.0,0.0,0.0,0.0,0.0,0.0,0.0,0.0,0.0,0.0,0.0,0.0,0.0,0.0,0.0,0.0,0.0,0.0,0.0,0.0,0.0,0.0,0.0,0.0,0.0,0.0,0.0,nan,nan,4.315350032113038,2.788079397576135,nan,0.8783809807483512,0.035032273615528756,0.0,0.0,0.0,0.0,0.0,0.0,0.0,0.0,0.0,0.0,0.0,0.0,0.0,0.0,0.0,0.0,0.0,0.0,0.0,0.0,0.0,0.0,0.12376237623762379,0.4579207920792065,2.0173267326732676,7.636138613861387,12.400990099009904,5.8663366336633676,1.1262376237623763,0.3712871287128714,0.8786278585649835,0.03501865888111684,0.0,0.0,0.0,0.0,0.0,0.0,0.0,0.0,0.0,0.0,0.0,0.0,0.0,0.0,0.0,0.0,0.0,0.0,0.0,0.0,0.0,0.0,0.0613999181334425,0.5157593123209153,1.9770773638968484,7.748669668440444,12.709783053622598,5.304952926729433,1.080638559148588,0.6017191977077365,0.4246,0.0212,0.0,0.0,0.0,0.0,0.0,0.0,0.0,0.0,0.0,0.0,0.09900990099009903,3.663366336633658,15.792079207920795,9.88861386138614,0.556930693069307,0.0,0.0,0.0,0.0,0.0,0.0,0.0,0.0,0.0,0.0,0.0,0.0,0.0,0.0,0.0,0.4246,0.02104,0.0,0.0,0.0,0.0,0.0,0.0,0.0,0.0,0.0,0.0,0.1596397871469505,3.4138354482193973,16.099058534588625,9.688907081457225,0.638559148587802,0.0,0.0,0.0,0.0,0.0,0.0,0.0,0.0,0.0,0.0,0.0,0.0,0.0,0.0,0.0
21900,4750,2427,0.5109473684210526,1146,929,0.4368421052631579,1307,0.5503157894736842,0.46199999999999997,2.9306930693069306,3.0631073433215605,6.467958271236959,2.167041120360829,6649.800000000001,9.094947017729282e-13,6649.8,6649.8,6649.800000000001,9.094947017729282e-13,6649.800000000002,1.8189894035458565e-12,27.961263157894738,20.905898802018097,32.77664087846269,19.215738220393337,0.13431578947368422,0.1,0.09978947368421053,0.09242105263157895,0.07747368421052632,0.07431578947368421,0.0688421052631579,0.06084210526315789,0.05410526315789474,0.04989473684210526,0.05473684210526316,0.03831578947368421,0.03368421052631579,0.025894736842105262,0.01831578947368421,0.009894736842105263,0.007157894736842105,0.8789194981424432,0.03545549402865344,0.0,0.0,0.0,0.0,0.0,0.0,0.0,0.0,0.0,0.0,0.0,0.0,0.0,0.0,0.0,0.0,0.0,0.0,0.0,0.0,0.0,0.012631578947368424,0.1073684210526316,0.4484210526315775,2.021052631578948,7.81263157894737,12.126315789473688,5.703157894736844,1.395789473684211,0.37263157894736854,4.283832729667435,2.831181113168779,3.0,3.03315017762062,0.7003074558032283,4.282794990112063,2.847900028849152,4.280655737704918,2.8160988414404353,0.9995005008616838,0.425,0.02032,0.0,0.0,0.0,0.0,0.0,0.0,0.0,0.0,0.0,0.0,0.05684210526315791,3.075789473684206,16.440000000000005,9.89684210526316,0.5305263157894737,0.0,0.0,0.0,0.0,0.0,0.0,0.0,0.0,0.0,0.0,0.0,0.0,0.0,0.0,0.0,nan,nan,4.2817225509533205,2.8320024588560653,nan,0.425,0.10284,0.0,0.0,0.0,0.0,0.0,0.0,0.0,0.0,4.210526315789474e-05,3.157894736842105e-05,0.0,0.0,0.0014842105263157895,1.0526315789473684e-05,0.0029157894736842106,0.0004210526315789474,0.0007368421052631579,0.0012736842105263158,0.0016105263157894737,0.0,0.00022105263157894738,0.00014736842105263158,0.00015789473684210527,0.006905263157894737,0.002368421052631579,0.033021052631578944,0.002863157894736842,0.026326315789473684,0.006505263157894737,0.011378947368421053,0.01966315789473684,0.029347368421052632,0.031821052631578944,0.0166,0.026726315789473685,0.053442105263157895,0.03645263157894737,0.045873684210526317,0.06014736842105263,0.029852631578947367,0.022042105263157894,0.02185263157894737,0.020157894736842104,0.018757894736842105,0.01568421052631579,0.015147368421052632,0.05783157894736842,0.05001052631578947,0.06321052631578947,0.029326315789473683,0.03177894736842105,0.019694736842105265,0.006357894736842105,0.02943157894736842,0.01597894736842105,0.014936842105263158,0.026526315789473683,0.018578947368421053,0.007852631578947368,0.004778947368421053,0.008515789473684211,0.0016526315789473685,0.01048421052631579,0.005705263157894737,0.0308,6.31578947368421e-05,0.00011578947368421052,0.0032421052631578947,0.0010315789473684211,0.0,0.00010526315789473685,0.0,0.0,0.0,0.0,0.0,0.0,0.0,0.0,0.0,0.0,0.0,0.0,0.0,0.0,0.0,0.0,0.0,0.0,0.0,0.0,0.0,0.0,0.0,0.0,0.0,0.0,0.0,0.0,0.0,0.0,nan,nan,4.2817225509533205,2.8320024588560653,nan,0.8789399570774334,0.035388901582014964,0.0,0.0,0.0,0.0,0.0,0.0,0.0,0.0,0.0,0.0,0.0,0.0,0.0,0.0,0.0,0.0,0.0,0.0,0.0,0.0,0.0,0.02472187886279358,0.08652657601977752,0.4820766378244732,1.928306551297899,7.77503090234858,12.336217552533995,5.550061804697158,1.4462299134734244,0.3708281829419037,0.8788981232671865,0.03552492187631095,0.0,0.0,0.0,0.0,0.0,0.0,0.0,0.0,0.0,0.0,0.0,0.0,0.0,0.0,0.0,0.0,0.0,0.0,0.0,0.0,0.0,0.0,0.12914334911752048,0.41325871717606416,2.1179509255273357,7.851915626345245,11.907016788635389,5.8631080499354296,1.3430908308222131,0.3745157124408094,0.4255,0.02014,0.0,0.0,0.0,0.0,0.0,0.0,0.0,0.0,0.0,0.0,0.08652657601977752,2.7317676143386858,16.51421508034611,10.098887515451176,0.5686032138442523,0.0,0.0,0.0,0.0,0.0,0.0,0.0,0.0,0.0,0.0,0.0,0.0,0.0,0.0,0.0,0.4246,0.02051,0.0,0.0,0.0,0.0,0.0,0.0,0.0,0.0,0.0,0.0,0.025828669823504097,3.435213086526039,16.362462333189843,9.685751183814036,0.4907447266465778,0.0,0.0,0.0,0.0,0.0,0.0,0.0,0.0,0.0,0.0,0.0,0.0,0.0,0.0,0.0
22000,4789,2429,0.5072040091877219,1133,1010,0.4474838170808102,1380,0.576320735017749,0.474,2.9338983050847456,3.0740637361747924,6.6242138364779874,2.086640308767501,6649.800000000001,9.094947017729282e-13,6649.8,6649.8,6649.800000000002,1.8189894035458565e-12,6649.800000000001,9.094947017729282e-13,27.65003132177908,20.693093139357092,32.474075911684444,19.002728922651023,0.1380246397995406,0.10315305909375652,0.09542702025475047,0.09250365420755899,0.079557318855711,0.07016078513259554,0.07099603257465024,0.06619335978283566,0.05637920233869284,0.054499895594069744,0.04092712466068073,0.03549801628732512,0.04009187721862602,0.02568385884318229,0.015034453956984757,0.00960534558362915,0.006264355815410315,0.8804335353344113,0.03626415992003436,0.0,0.0,0.0,0.0,0.0,0.0,0.0,0.0,0.0,0.0,0.0,0.0,0.0,0.0,0.0,0.0,0.0,0.0,0.0,0.0,0.0,0.006264355815410317,0.10022969304656507,0.48235539778659275,1.7916057632073505,7.567341825015663,12.196700772603887,5.850908331593236,1.4470661933597833,0.5575276675715182,4.319308545335943,2.861695480343184,0.5,0.5,0.11575926904779883,4.37573385518591,2.8813883390159623,4.25619295958279,2.8422584266864934,0.9726809491712011,0.4258,0.02094,0.0,0.0,0.0,0.0,0.0,0.0,0.0,0.0,0.0,0.0,0.09396533723115476,3.3263729379828724,15.83002714554187,10.048026727918147,0.6953434955105452,0.006264355815410317,0.0,0.0,0.0,0.0,0.0,0.0,0.0,0.0,0.0,0.0,0.0,0.0,0.0,0.0,nan,nan,4.316818774445893,2.862451479365289,nan,0.4258,0.1024,0.0,0.0,0.0,0.0,0.0,0.0,0.0,0.0,8.352474420547087e-05,4.1762372102735435e-05,0.0,0.0,0.0011171434537481728,0.0,0.002286489872624765,0.0006264355815410315,0.0009083315932344957,0.0012424305700563792,0.0017435790352892044,0.0,0.0002296930465650449,7.308415117978701e-05,0.00029233660471914805,0.00635832115264147,0.0027771977448319066,0.03315932344957193,0.0037481728962205055,0.025214032157026518,0.00576320735017749,0.010670286072248904,0.02004593860931301,0.028022551680935478,0.031019001879306743,0.015598245980371685,0.027396116099394446,0.052850281896011694,0.037899352683232405,0.04737941115055335,0.06134892461891835,0.030883274169972854,0.02111087909793276,0.02210273543537273,0.020964710795573188,0.017164334934224264,0.014073919398621841,0.015535602422217581,0.05567968260597202,0.049384005011484655,0.06476299853831698,0.03180204635623304,0.03216746711213197,0.02038003758613489,0.006828147838797244,0.03109208603048653,0.015504280643140531,0.014428899561495094,0.024953017331384424,0.019064522864898726,0.008049697222802256,0.004729588640634788,0.007882647734391313,0.001994153267905617,0.00992900396742535,0.006013781582793903,0.030799749425767384,0.00020881186051367718,3.1321779077051577e-05,0.0035184798496554603,0.0009814157444142826,1.0440593025683859e-05,7.308415117978701e-05,0.0,0.0,0.0,0.0,0.0,0.0,0.0,0.0,0.0,0.0,0.0,0.0,0.0,0.0,0.0,0.0,0.0,0.0,0.0,0.0,0.0,0.0,0.0,0.0,0.0,0.0,0.0,0.0,0.0,0.0,nan,nan,4.316818774445893,2.862451479365289,nan,0.8797698871693821,0.03596790864197647,0.0,0.0,0.0,0.0,0.0,0.0,0.0,0.0,0.0,0.0,0.0,0.0,0.0,0.0,0.0,0.0,0.0,0.0,0.0,0.0,0.0,0.012350761630300537,0.08645533141210376,0.3952243721696159,2.025524907369288,7.768629065459038,11.980238781391522,5.841910251132155,1.3709345409633598,0.5187319884726226,0.8811165867720621,0.03655398632655656,0.0,0.0,0.0,0.0,0.0,0.0,0.0,0.0,0.0,0.0,0.0,0.0,0.0,0.0,0.0,0.0,0.0,0.0,0.0,0.0,0.0,0.0,0.11440677966101698,0.572033898305083,1.550847457627119,7.360169491525426,12.419491525423732,5.860169491525426,1.5254237288135597,0.5974576271186441,0.4253,0.0207,0.0,0.0,0.0,0.0,0.0,0.0,0.0,0.0,0.0,0.0,0.12350761630300537,3.2482503087690358,16.068340881020998,10.053519967064638,0.4940304652120215,0.012350761630300537,0.0,0.0,0.0,0.0,0.0,0.0,0.0,0.0,0.0,0.0,0.0,0.0,0.0,0.0,0.426,0.02116,0.0,0.0,0.0,0.0,0.0,0.0,0.0,0.0,0.0,0.0,0.06355932203389832,3.406779661016944,15.584745762711867,10.042372881355934,0.9025423728813561,0.0,0.0,0.0,0.0,0.0,0.0,0.0,0.0,0.0,0.0,0.0,0.0,0.0,0.0,0.0
22100,4872,2521,0.5174466338259441,1194,985,0.4472495894909688,1365,0.5603448275862069,0.45799999999999996,3.0497660569970226,3.1305887411404587,6.691265060240964,2.078181744573368,6649.800000000002,1.8189894035458565e-12,6649.8,6649.8,6649.800000000003,2.7284841053187847e-12,6649.800000000002,1.8189894035458565e-12,27.851395730706077,20.886472838692196,32.99114173228347,19.0545972782582,0.14614121510673234,0.09831691297208539,0.08908045977011494,0.0888752052545156,0.07758620689655173,0.0708128078817734,0.06896551724137931,0.06834975369458128,0.06280788177339902,0.05357142857142857,0.042487684729064036,0.038998357963875206,0.03633004926108374,0.022372742200328408,0.014983579638752053,0.01293103448275862,0.007389162561576354,0.8776051182244798,0.03574836350246175,0.0,0.0,0.0,0.0,0.0,0.0,0.0,0.0,0.0,0.0,0.0,0.0,0.0,0.0,0.0,0.0,0.0,0.0,0.0,0.0,0.0,0.006157635467980297,0.15394088669950742,0.5480295566502447,2.0874384236453207,7.900246305418721,12.241379310344831,5.455665024630544,1.225369458128079,0.3817733990147784,4.376240794108229,2.866934568883907,2.3333333333333335,2.6246692913372702,0.5331821175093291,4.248253968253969,2.83312970679073,4.502256608639588,2.8961993038109575,1.0597898906900838,0.4253,0.02017,0.0,0.0,0.0,0.0,0.0,0.0,0.0,0.0,0.0,0.0,0.06773399014778327,2.9802955665024586,16.490147783251235,9.858374384236456,0.6034482758620691,0.0,0.0,0.0,0.0,0.0,0.0,0.0,0.0,0.0,0.0,0.0,0.0,0.0,0.0,0.0,nan,nan,4.3742802303262955,2.8674097072913045,nan,0.4253,0.1016,0.0,0.0,0.0,0.0,0.0,0.0,0.0,0.0,3.0788177339901475e-05,0.0,0.0,0.0,0.001098111658456486,0.0,0.002401477832512315,0.0006773399014778325,0.0005439244663382594,0.0011802134646962234,0.001477832512315271,0.0,0.00026683087027914613,5.1313628899835795e-05,0.0004310344827586207,0.005665024630541872,0.002391215106732348,0.032543103448275865,0.0034072249589490967,0.02572865353037767,0.004854269293924466,0.010940065681444991,0.021449096880131364,0.027801724137931035,0.03137315270935961,0.015660919540229884,0.029690065681444992,0.050420771756978656,0.04128694581280788,0.04798850574712644,0.060652709359605914,0.030849753694581282,0.020207307060755336,0.024640804597701148,0.01954022988505747,0.016030377668308702,0.014542282430213464,0.01687192118226601,0.05681444991789819,0.051375205254515596,0.0632491789819376,0.028920361247947456,0.033877257799671594,0.018216338259441706,0.00744047619047619,0.03132183908045977,0.014655172413793103,0.013669950738916256,0.02636494252873563,0.019088669950738917,0.008302545155993431,0.004833743842364532,0.008015188834154351,0.002196223316912972,0.00884646962233169,0.00596264367816092,0.02998768472906404,6.157635467980295e-05,0.0001231527093596059,0.00270935960591133,0.001026272577996716,0.0,0.0002463054187192118,0.0,0.0,0.0,0.0,0.0,0.0,0.0,0.0,0.0,0.0,0.0,0.0,0.0,0.0,0.0,0.0,0.0,0.0,0.0,0.0,0.0,0.0,0.0,0.0,0.0,0.0,0.0,0.0,0.0,0.0,nan,nan,4.3742802303262955,2.8674097072913045,nan,0.8776462672958767,0.03582283766148077,0.0,0.0,0.0,0.0,0.0,0.0,0.0,0.0,0.0,0.0,0.0,0.0,0.0,0.0,0.0,0.0,0.0,0.0,0.0,0.0,0.0,0.0,0.20230067433558116,0.5593018643395461,1.9992066640222137,7.877826259420866,12.35224117413725,5.295517651725508,1.3090043633478783,0.4046013486711623,0.8775609936779076,0.0356682786259644,0.0,0.0,0.0,0.0,0.0,0.0,0.0,0.0,0.0,0.0,0.0,0.0,0.0,0.0,0.0,0.0,0.0,0.0,0.0,0.0,0.0,0.012760527435133989,0.10208421948107191,0.5359421522756257,2.182050191407912,7.9242875372182064,12.122501063377289,5.627392598894089,1.1356869417269249,0.35729476818375167,0.425,0.01978,0.0,0.0,0.0,0.0,0.0,0.0,0.0,0.0,0.0,0.0,0.08330027766759225,2.879809599365327,17.06465688218961,9.424831416104722,0.547401824672749,0.0,0.0,0.0,0.0,0.0,0.0,0.0,0.0,0.0,0.0,0.0,0.0,0.0,0.0,0.0,0.4255,0.0206,0.0,0.0,0.0,0.0,0.0,0.0,0.0,0.0,0.0,0.0,0.051042109740535954,3.08804763930242,15.87409612930668,10.323266695023396,0.6635474266269674,0.0,0.0,0.0,0.0,0.0,0.0,0.0,0.0,0.0,0.0,0.0,0.0,0.0,0.0,0.0
22200,4922,2472,0.502234863876473,1179,1041,0.4510361641609102,1421,0.5774075579032913,0.44599999999999995,2.9616326530612245,3.0488802540985005,6.545454545454546,1.9521741053681545,6649.800000000002,1.8189894035458565e-12,6649.8,6649.8,6649.800000000001,9.094947017729282e-13,6649.800000000001,9.094947017729282e-13,27.752539618041446,20.671432592041338,32.633881101981636,18.922831319846853,0.13876472978464038,0.0987403494514425,0.09670865501828525,0.08675335229581471,0.08208045509955303,0.07171881349045103,0.07232832182039821,0.06623323852092645,0.05688744412840309,0.05668427468508736,0.043478260869565216,0.035757822023567656,0.034741974806989026,0.02336448598130841,0.02031694433157253,0.010971149939049168,0.004469727752945957,0.8790311522476075,0.037297329017700456,0.0,0.0,0.0,0.0,0.0,0.0,0.0,0.0,0.0,0.0,0.0,0.0,0.0,0.0,0.0,0.0,0.0,0.0,0.0,0.0,0.0,0.05485574969524585,0.14628199918732224,0.4815115806582675,2.054043071921983,7.387240958959774,12.464445347419751,5.503860219423,1.3409183258837873,0.5668427468508738,4.356055802155993,2.817484888189111,5.0,2.6890089681459286,1.1478273527913239,4.360128617363344,2.7994404556065327,4.357320099255583,2.8343628330276673,0.9993558634723351,0.4253,0.02007,0.0,0.0,0.0,0.0,0.0,0.0,0.0,0.0,0.0,0.0,0.024380333197887044,3.175538399024782,16.389678992279563,9.819179195449006,0.5912230800487608,0.0,0.0,0.0,0.0,0.0,0.0,0.0,0.0,0.0,0.0,0.0,0.0,0.0,0.0,0.0,nan,nan,4.358699084306915,2.8172703569313327,nan,0.4253,0.10144,0.0,0.0,0.0,0.0,0.0,0.0,0.0,0.0,2.031694433157253e-05,0.0,0.0,0.0,0.0010056887444128402,0.0,0.0034640390085331164,0.00037586347013409186,0.00048760666395774075,0.0016659894351889475,0.0014323445753758634,0.0,0.0005180820804550995,0.00013206013815522145,0.00045713124746038194,0.005150345388053637,0.002184071515644047,0.030861438439658676,0.0034843559528646892,0.02647297846403901,0.004510361641609102,0.01104225924420967,0.022399431125558717,0.026777732629012597,0.032121088988216175,0.015065014221861033,0.028362454286875255,0.05068061763510768,0.041091019910605445,0.048466070702966275,0.061489232019504264,0.029835432750914263,0.02042868752539618,0.023405119869971555,0.019158878504672898,0.014872003250711092,0.014120276310442909,0.01694433157253149,0.05719219829337668,0.053474197480698905,0.06497358797236896,0.030881755383990246,0.033390898008939456,0.018295408370581065,0.007852498984152783,0.03441690369768387,0.013500609508329948,0.01199715562779358,0.025965054855749695,0.019809020723283218,0.008888663145062982,0.004073547338480293,0.0071312474603819585,0.0023466070702966276,0.008258837870784234,0.005546525802519301,0.029256399837464444,4.063388866314506e-05,2.031694433157253e-05,0.0028850060950832996,0.001219016659894352,0.0,0.00010158472165786265,0.0,0.0,0.0,0.0,0.0,0.0,0.0,0.0,0.0,0.0,0.0,0.0,0.0,0.0,0.0,0.0,0.0,0.0,0.0,0.0,0.0,0.0,0.0,0.0,0.0,0.0,0.0,0.0,0.0,0.0,nan,nan,4.358699084306915,2.8172703569313327,nan,0.8781390271381653,0.036036704501312,0.0,0.0,0.0,0.0,0.0,0.0,0.0,0.0,0.0,0.0,0.0,0.0,0.0,0.0,0.0,0.0,0.0,0.0,0.0,0.0,0.0,0.07281553398058253,0.1213592233009709,0.4126213592232997,2.0873786407766994,7.500000000000002,12.997572815533983,5.25485436893204,1.0800970873786409,0.4733009708737865,0.8799312882763999,0.03850654862524942,0.0,0.0,0.0,0.0,0.0,0.0,0.0,0.0,0.0,0.0,0.0,0.0,0.0,0.0,0.0,0.0,0.0,0.0,0.0,0.0,0.0,0.036734693877551024,0.17142857142857149,0.5510204081632636,2.0204081632653064,7.273469387755103,11.926530612244902,5.755102040816328,1.6040816326530616,0.6612244897959185,0.4255,0.02013,0.0,0.0,0.0,0.0,0.0,0.0,0.0,0.0,0.0,0.0,0.02427184466019418,3.118932038834947,16.286407766990294,9.963592233009711,0.6067961165048544,0.0,0.0,0.0,0.0,0.0,0.0,0.0,0.0,0.0,0.0,0.0,0.0,0.0,0.0,0.0,0.425,0.02,0.0,0.0,0.0,0.0,0.0,0.0,0.0,0.0,0.0,0.0,0.024489795918367353,3.232653061224485,16.49387755102041,9.673469387755103,0.5755102040816328,0.0,0.0,0.0,0.0,0.0,0.0,0.0,0.0,0.0,0.0,0.0,0.0,0.0,0.0,0.0
22300,4884,2497,0.5112612612612613,1176,1007,0.44696969696969696,1385,0.5671580671580672,0.47,2.997067448680352,3.0608258680645,6.529761904761905,2.128814769833918,6649.800000000001,9.094947017729282e-13,6649.8,6649.8,6649.800000000002,1.8189894035458565e-12,6649.800000000001,9.094947017729282e-13,27.982186732186733,20.877011299211578,32.99364924279433,19.08078008767857,0.14004914004914004,0.0988943488943489,0.08906633906633907,0.08312858312858312,0.09193284193284193,0.07432432432432433,0.07227682227682228,0.06265356265356266,0.05446355446355446,0.04668304668304668,0.04832104832104832,0.04054054054054054,0.03521703521703522,0.02723177723177723,0.02027027027027027,0.009623259623259623,0.005323505323505323,0.8782898479924643,0.0357347249167939,0.0,0.0,0.0,0.0,0.0,0.0,0.0,0.0,0.0,0.0,0.0,0.0,0.0,0.0,0.0,0.0,0.0,0.0,0.0,0.0,0.0,0.01842751842751843,0.09213759213759216,0.5282555282555266,2.088452088452089,7.659705159705161,12.432432432432435,5.436117936117937,1.3574938574938578,0.3869778869778871,4.3405199746353835,2.82384322067514,4.6,3.1368774282716245,1.059780861943024,4.405797101449275,2.8023154827200116,4.275445292620865,2.8449916026268482,0.9704135697067094,0.4263,0.02061,0.0,0.0,0.0,0.0,0.0,0.0,0.0,0.0,0.0,0.0,0.055282555282555296,2.8316953316953275,16.031941031941034,10.362407862407865,0.7186732186732189,0.0,0.0,0.0,0.0,0.0,0.0,0.0,0.0,0.0,0.0,0.0,0.0,0.0,0.0,0.0,nan,nan,4.3409306742640075,2.824384934391692,nan,0.4263,0.10144,0.0,0.0,0.0,0.0,0.0,0.0,0.0,0.0,0.0,0.0,0.0,0.0,0.0013513513513513514,0.0,0.003316953316953317,0.00042997542997542996,0.0001638001638001638,0.0021805896805896807,0.0010442260442260441,0.0,0.0005118755118755119,0.00020475020475020476,0.00038902538902538903,0.0045147420147420144,0.0019656019656019656,0.029801392301392303,0.0033476658476658478,0.025112612612612613,0.00472972972972973,0.011066748566748566,0.02254299754299754,0.02582923832923833,0.033364045864045865,0.01644144144144144,0.02759009009009009,0.05016380016380016,0.03895372645372645,0.05035831285831286,0.06018632268632269,0.03068181818181818,0.01983005733005733,0.02501023751023751,0.017506142506142505,0.015171990171990172,0.012807125307125307,0.016124078624078626,0.05874283374283374,0.05404381654381654,0.06501842751842751,0.030620393120393122,0.034295659295659295,0.01812039312039312,0.0082002457002457,0.03504299754299754,0.013196150696150696,0.012254299754299754,0.0264025389025389,0.02071048321048321,0.008691646191646191,0.0033067158067158066,0.008036445536445537,0.0020986895986895987,0.009131859131859132,0.005651105651105651,0.028757166257166258,0.00018427518427518427,0.0001433251433251433,0.0031633906633906634,0.0012694512694512695,5.118755118755119e-05,0.00011261261261261261,0.0,0.0,6.142506142506142e-05,0.0,0.0,0.0,0.0,0.0,0.0,0.0,0.0,0.0,0.0,0.0,0.0,0.0,0.0,0.0,0.0,0.0,0.0,0.0,0.0,0.0,0.0,0.0,0.0,0.0,0.0,0.0,nan,nan,4.3409306742640075,2.824384934391692,nan,0.8780627662914965,0.035424468565739047,0.0,0.0,0.0,0.0,0.0,0.0,0.0,0.0,0.0,0.0,0.0,0.0,0.0,0.0,0.0,0.0,0.0,0.0,0.0,0.0,0.0,0.02402883460152183,0.0720865038045655,0.5766920304365221,1.982378854625551,7.665198237885464,12.687224669603527,5.346415698838608,1.2615138165798963,0.3844613536243493,0.8785273942879468,0.03605489129748285,0.0,0.0,0.0,0.0,0.0,0.0,0.0,0.0,0.0,0.0,0.0,0.0,0.0,0.0,0.0,0.0,0.0,0.0,0.0,0.0,0.0,0.01256807708420612,0.11311269375785507,0.4775869291998309,2.1994134897360706,7.653958944281526,12.165898617511523,5.529953917050693,1.45789694176791,0.3896103896103897,0.4263,0.02032,0.0,0.0,0.0,0.0,0.0,0.0,0.0,0.0,0.0,0.0,0.03604325190228275,2.8113736483780496,16.003203844613537,10.464557468962758,0.6848217861433722,0.0,0.0,0.0,0.0,0.0,0.0,0.0,0.0,0.0,0.0,0.0,0.0,0.0,0.0,0.0,0.4265,0.0209,0.0,0.0,0.0,0.0,0.0,0.0,0.0,0.0,0.0,0.0,0.07540846250523671,2.8529534981147844,16.06200251361542,10.255550900712192,0.7540846250523672,0.0,0.0,0.0,0.0,0.0,0.0,0.0,0.0,0.0,0.0,0.0,0.0,0.0,0.0,0.0
22400,4787,2454,0.5126383956548987,1149,958,0.4401504073532484,1359,0.5677877585126384,0.44999999999999996,2.9532790398628377,2.999207454630808,6.286324786324786,2.120799423922061,6649.800000000002,1.8189894035458565e-12,6649.8,6649.8,6649.800000000001,9.094947017729282e-13,6649.800000000002,1.8189894035458565e-12,28.370795905577605,20.97203783259526,33.32382133995037,19.150134358360692,0.13975349905995404,0.09818257781491539,0.09087110925423021,0.08230624608314184,0.07896386045540005,0.07207019009818258,0.06684771255483601,0.06496762063923125,0.0624608314184249,0.05326927094213495,0.051806977229997914,0.04177982034677251,0.035930645498224355,0.026739085021934405,0.01817422185084604,0.009191560476289952,0.006684771255483601,0.8765311482083655,0.0354185974761293,0.0,0.0,0.0,0.0,0.0,0.0,0.0,0.0,0.0,0.0,0.0,0.0,0.0,0.0,0.0,0.0,0.0,0.0,0.0,0.0,0.0,0.018800919156047632,0.08773762272822229,0.5953624399415064,2.199707541257573,8.109463129308546,12.339669939419263,5.0825151451848765,1.2095257990390644,0.35721746396490506,4.280440414507772,2.7861576440384748,2.6666666666666665,1.2472191289246473,0.6229888535834973,4.2811893988364575,2.83078955360018,4.273609314359637,2.73911620906156,0.9982294442570375,0.426,0.02039,0.0,0.0,0.0,0.0,0.0,0.0,0.0,0.0,0.0,0.0,0.07520367662419053,3.064549822435759,15.905577606016298,10.25903488614999,0.6893670357217466,0.006266973052015878,0.0,0.0,0.0,0.0,0.0,0.0,0.0,0.0,0.0,0.0,0.0,0.0,0.0,0.0,nan,nan,4.277310924369748,2.7849017642900007,nan,0.426,0.1017,0.0,0.0,0.0,0.0,0.0,0.0,0.0,0.0,0.0,0.0,0.0,0.0,0.001389179026530186,0.0,0.002861917693753917,0.0004177982034677251,9.400459578023815e-05,0.002799247963233758,0.000908711092542302,1.0444955086693127e-05,0.0006684771255483601,0.0001462293712137038,0.0004804679339878839,0.004480885732191351,0.002120325882598705,0.02901608523083351,0.004627115103405056,0.02395028201378734,0.0048464591602256114,0.011040317526634636,0.024200960935867977,0.025266346354710676,0.033549195738458326,0.017860873198245246,0.026634635471067473,0.049676206392312516,0.03850010444955087,0.054836014205138915,0.05753081261750574,0.030937956966785043,0.01998119908084395,0.024127846250261122,0.01881136411113432,0.015844996866513476,0.012868184666805933,0.016691038228535616,0.0597242531857113,0.05277835805306037,0.0656360977647796,0.02896386045540004,0.03456235638186756,0.017181951117610193,0.008032170461667015,0.0328284938374765,0.012513056193858367,0.012095257990390641,0.025872153749738877,0.020628786296218928,0.007593482348025904,0.003091706705661166,0.00801128055149363,0.001796532274911218,0.009797367871318153,0.006904115312304157,0.029475663254648007,0.00043868811364111134,0.0002611238771673282,0.0028201378734071443,0.0015562983079172759,0.0001462293712137038,4.177982034677251e-05,0.0,0.0,7.31146856068519e-05,0.0,0.0,0.0,0.0,0.0,0.0,0.0,0.0,0.0,0.0,0.0,0.0,0.0,0.0,0.0,0.0,0.0,0.0,0.0,0.0,0.0,0.0,0.0,0.0,0.0,0.0,0.0,nan,nan,4.277310924369748,2.7849017642900007,nan,0.877557644124136,0.03431140987499111,0.0,0.0,0.0,0.0,0.0,0.0,0.0,0.0,0.0,0.0,0.0,0.0,0.0,0.0,0.0,0.0,0.0,0.0,0.0,0.0,0.0,0.012224938875305626,0.07334963325183375,0.4278728606356955,2.029339853300734,8.141809290953546,12.836185819070907,4.792176039119805,1.3325183374083134,0.35452322738386316,0.8754514135417129,0.03651590390221529,0.0,0.0,0.0,0.0,0.0,0.0,0.0,0.0,0.0,0.0,0.0,0.0,0.0,0.0,0.0,0.0,0.0,0.0,0.0,0.0,0.0,0.025717959708529796,0.10287183883411918,0.7715387912558913,2.378911273039006,8.075439348478355,11.817402486069442,5.387912558936993,1.0801543077582514,0.3600514359194172,0.426,0.02042,0.0,0.0,0.0,0.0,0.0,0.0,0.0,0.0,0.0,0.0,0.08557457212713938,2.9095354523227344,15.916870415647924,10.403422982885088,0.6723716381418094,0.012224938875305626,0.0,0.0,0.0,0.0,0.0,0.0,0.0,0.0,0.0,0.0,0.0,0.0,0.0,0.0,0.4258,0.02034,0.0,0.0,0.0,0.0,0.0,0.0,0.0,0.0,0.0,0.0,0.0642948992713245,3.227603943420484,15.893699099871414,10.107158165452208,0.7072438919845694,0.0,0.0,0.0,0.0,0.0,0.0,0.0,0.0,0.0,0.0,0.0,0.0,0.0,0.0,0.0
22500,4857,2464,0.5073090385011324,1123,1007,0.4385423100679432,1359,0.5596046942557134,0.46199999999999997,2.9908065190137902,3.1251776543513694,6.686567164179104,2.0690249720680542,6649.800000000001,9.094947017729282e-13,6649.8,6649.8,6649.800000000001,9.094947017729282e-13,6649.800000000001,9.094947017729282e-13,27.60778258184064,20.861405385912946,32.51914580265096,19.199166742086113,0.14062178299361747,0.09759110562075356,0.10541486514309244,0.08853201564751904,0.07864937204035413,0.07514926909614988,0.0677372863907762,0.06259007617871114,0.054354539839407044,0.047971999176446366,0.04406011941527692,0.04117768169652049,0.03705991352686844,0.02614782787729051,0.0168828494955734,0.009059089973234506,0.007000205888408483,0.8775027767606103,0.0346559212132083,0.0,0.0,0.0,0.0,0.0,0.0,0.0,0.0,0.0,0.0,0.0,0.0,0.0,0.0,0.0,0.0,0.0,0.0,0.0,0.0,0.006176652254478074,0.037059913526868445,0.06176652254478074,0.4014823965410735,1.9332921556516371,8.233477455219273,12.779493514515135,4.990735021618284,1.1241507103150095,0.4323656578134652,4.366861979166667,2.8932587410061656,3.8,2.4819347291981715,0.8701900857249347,4.3871382636655945,2.9041430395880954,4.342537804076265,2.880999192500786,0.9898338149133089,0.4255,0.02055,0.0,0.0,0.0,0.0,0.0,0.0,0.0,0.0,0.0,0.006176652254478074,0.06176652254478074,3.211859172328593,15.911056207535518,10.17294626312539,0.6361951822112417,0.0,0.0,0.0,0.0,0.0,0.0,0.0,0.0,0.0,0.0,0.0,0.0,0.0,0.0,0.0,nan,nan,4.3659408514787135,2.8927279077944146,nan,0.4255,0.1017,0.0,0.0,0.0,0.0,0.0,0.0,0.0,0.0,0.0,0.0,0.0,0.0,0.0012353304508956147,0.0,0.0029236154004529543,0.0003500102944204241,0.00010294420424130121,0.0024500720609429687,0.0006073708050236771,0.0,0.0007206094296891085,0.00016471072678608193,0.0006073708050236771,0.0049207329627341985,0.0026868437306979617,0.029009676755198683,0.004776611076796377,0.025025736051060326,0.004941321803582459,0.010634136298126415,0.023306567840230594,0.026569899114679843,0.033683343627753756,0.017912291537986413,0.026580193535103974,0.047971999176446366,0.0375952233889232,0.05853407453160387,0.05735021618282891,0.03142886555486926,0.020043236565781348,0.023460984146592548,0.019579987646695492,0.016491661519456455,0.012569487337862879,0.016306361951822113,0.05729874408070826,0.05138974675725757,0.06641960057648755,0.02782581840642372,0.0349289684990735,0.01701667696108709,0.009666460778258184,0.03227300802964793,0.011745933703932468,0.0126106650195594,0.025674284537780524,0.019775581634753965,0.008863495985176035,0.003942763022441837,0.008060531192093885,0.0018529956763434219,0.009439983528927321,0.00676343421865349,0.028433189211447395,0.0006279596458719374,0.00011323862466543134,0.003036854025118386,0.0013897467572575664,7.206094296891085e-05,4.117768169652048e-05,0.0,0.0,0.00019559398805847232,0.0,0.0,0.0,0.0,0.0,0.0,0.0,0.0,0.0,0.0,0.0,0.0,0.0,0.0,0.0,0.0,0.0,0.0,0.0,0.0,0.0,0.0,0.0,0.0,0.0,0.0,0.0,nan,nan,4.3659408514787135,2.8927279077944146,nan,0.8783223401609953,0.03462393307191197,0.0,0.0,0.0,0.0,0.0,0.0,0.0,0.0,0.0,0.0,0.0,0.0,0.0,0.0,0.0,0.0,0.0,0.0,0.0,0.0,0.012175324675324678,0.03652597402597403,0.03652597402597403,0.41396103896103764,1.7654220779220784,8.218344155844157,12.832792207792211,5.0405844155844175,1.1810064935064937,0.4626623376623378,0.8766588970203056,0.03466858830901815,0.0,0.0,0.0,0.0,0.0,0.0,0.0,0.0,0.0,0.0,0.0,0.0,0.0,0.0,0.0,0.0,0.0,0.0,0.0,0.0,0.0,0.037609694943585466,0.0877559548683661,0.3886335144170485,2.106142916840786,8.249059757626412,12.724613455913083,4.939406602590891,1.0656080234015881,0.40117007939824495,0.4253,0.02028,0.0,0.0,0.0,0.0,0.0,0.0,0.0,0.0,0.0,0.0,0.06087662337662339,3.141233766233762,16.156655844155846,9.995941558441562,0.645292207792208,0.0,0.0,0.0,0.0,0.0,0.0,0.0,0.0,0.0,0.0,0.0,0.0,0.0,0.0,0.0,0.4255,0.02081,0.0,0.0,0.0,0.0,0.0,0.0,0.0,0.0,0.0,0.012536564981195155,0.06268282490597578,3.2845800250731254,15.658169661512748,10.355202674467199,0.6268282490597578,0.0,0.0,0.0,0.0,0.0,0.0,0.0,0.0,0.0,0.0,0.0,0.0,0.0,0.0,0.0
22600,4937,2575,0.5215718047397204,1225,994,0.4494632367834717,1407,0.5699817703058537,0.42599999999999993,3.103302286198137,3.0728381937301212,6.457142857142857,1.9974132932234074,6649.800000000001,9.094947017729282e-13,6649.8,6649.8,6649.800000000003,2.7284841053187847e-12,6649.8,0.0,28.46668017014381,20.781046353850055,33.15518474374255,19.010918227561326,0.13125379785294713,0.0933765444601985,0.09459185740328134,0.09094591857403281,0.08547701033016002,0.06522179461211262,0.07048815069880494,0.06299372088312741,0.058537573425156975,0.06056309499696172,0.04820741340895281,0.04638444399432854,0.030382823577071096,0.027952197690905407,0.017622037674701236,0.010937816487745595,0.005063803929511849,0.8782628823418064,0.0352213723525713,0.0,0.0,0.0,0.0,0.0,0.0,0.0,0.0,0.0,0.0,0.0,0.0,0.0,0.0,0.0,0.0,0.0,0.0,0.0,0.0,0.0060765647154142205,0.024306258861656882,0.06684221186955643,0.5590439538181065,1.8655053676321656,7.887381000607658,12.43872797245291,5.505367632165284,1.1849301195057729,0.46181891837148076,4.274752475247524,2.831598783621148,3.6666666666666665,3.1446603773522015,0.8577494692144374,4.413192283758557,2.8454967012857706,4.136112814224402,2.8125346737005286,0.9372156362744802,0.4258,0.0212,0.0,0.0,0.0,0.0,0.0,0.0,0.0,0.0,0.0,0.0,0.10330160016204175,3.336034028762401,15.452704071298362,10.390925663358317,0.717034636418878,0.0,0.0,0.0,0.0,0.0,0.0,0.0,0.0,0.0,0.0,0.0,0.0,0.0,0.0,0.0,nan,nan,4.273625694873378,2.832331622444725,nan,0.4258,0.1014,0.0,0.0,0.0,0.0,0.0,0.0,0.0,0.0,0.0,0.0,0.0,0.0,0.0016609276888798865,0.0,0.0026331780433461616,0.00036459388292485315,0.00012153129430828438,0.0016710552967389102,0.000840591452298967,0.0,0.00038484909864290053,0.00010127607859023699,0.0005468908243872798,0.004638444399432854,0.002521774356896901,0.02905610694753899,0.005428397812436703,0.023536560664371077,0.005539801498885963,0.011920194450070894,0.02286813854567551,0.02888393761393559,0.03224630342313146,0.017925865910471947,0.02737492404294106,0.046080615758557826,0.03781648774559449,0.05691715616771319,0.05416244683005874,0.03387684828843427,0.02177435689690095,0.02253392748632773,0.020062791168725946,0.017318209438930525,0.012497468098035244,0.016386469515900344,0.05772736479643508,0.05100263317804335,0.06558638849503748,0.0272230099250557,0.036023901154547296,0.01840186347984606,0.009732631152521775,0.0322665586388495,0.01117075146850314,0.013327931942475188,0.024022685841604212,0.021480656268989266,0.009378164877455944,0.0032712173384646546,0.009165485112416447,0.0016001620417257444,0.008993315778813044,0.006501924245493214,0.027952197690905407,0.0006177840794004457,9.114847073121329e-05,0.002855985416244683,0.0014988859631355075,5.0638039295118495e-05,5.0638039295118495e-05,0.0,0.0,0.00031395584362973463,0.0,0.0,0.0,0.0,0.0,0.0,0.0,0.0,0.0,0.0,0.0,0.0,0.0,0.0,0.0,0.0,0.0,0.0,0.0,0.0,0.0,0.0,0.0,0.0,0.0,0.0,0.0,nan,nan,4.273625694873378,2.832331622444725,nan,0.8782561124875707,0.035470835068850404,0.0,0.0,0.0,0.0,0.0,0.0,0.0,0.0,0.0,0.0,0.0,0.0,0.0,0.0,0.0,0.0,0.0,0.0,0.0,0.0,0.011650485436893206,0.03495145631067962,0.08155339805825244,0.5126213592232994,1.8407766990291266,8.248543689320389,12.233009708737868,5.335922330097088,1.188349514563107,0.5126213592233011,0.8782702626867076,0.03494738336109444,0.0,0.0,0.0,0.0,0.0,0.0,0.0,0.0,0.0,0.0,0.0,0.0,0.0,0.0,0.0,0.0,0.0,0.0,0.0,0.0,0.0,0.012701100762066049,0.050804403048264196,0.6096528365791682,1.8924640135478412,7.493649449618968,12.66299745977985,5.69009314140559,1.1812023708721424,0.40643522438611357,0.4255,0.02129,0.0,0.0,0.0,0.0,0.0,0.0,0.0,0.0,0.0,0.0,0.09320388349514565,3.483495145631063,15.22718446601942,10.532038834951459,0.6640776699029128,0.0,0.0,0.0,0.0,0.0,0.0,0.0,0.0,0.0,0.0,0.0,0.0,0.0,0.0,0.0,0.426,0.02109,0.0,0.0,0.0,0.0,0.0,0.0,0.0,0.0,0.0,0.0,0.11430990685859443,3.1752751905165066,15.698560541913636,10.237087214225234,0.774767146486029,0.0,0.0,0.0,0.0,0.0,0.0,0.0,0.0,0.0,0.0,0.0,0.0,0.0,0.0,0.0
22700,4652,2372,0.5098882201203784,1110,956,0.44411006018916593,1295,0.556749785038693,0.47,3.0030701754385967,3.1270592168925426,6.782894736842105,1.9923133973173484,6649.800000000002,1.8189894035458565e-12,6649.8,6649.8,6649.8,0.0,6649.800000000002,1.8189894035458565e-12,26.710017196904555,20.48559154954281,32.02823529411765,18.725055393781673,0.15520206362854685,0.10533104041272572,0.09587274290627687,0.08276010318142735,0.0741616509028375,0.0793207222699914,0.07373172828890799,0.06470335339638865,0.06298366294067068,0.04170249355116079,0.04428202923473775,0.037403267411865865,0.02987962166809974,0.022141014617368875,0.015047291487532245,0.01053310404127257,0.004944110060189166,0.8786725489901553,0.03401532381934892,0.0,0.0,0.0,0.0,0.0,0.0,0.0,0.0,0.0,0.0,0.0,0.0,0.0,0.0,0.0,0.0,0.0,0.0,0.0,0.0,0.0,0.025795356835769567,0.09028374892519349,0.40627687016336933,1.7798796216681,8.177128116938952,12.484952708512472,5.423473774720552,1.2575236457437664,0.35468615649183155,4.467218771566598,2.8754563224921332,4.75,1.7853571071357126,1.0633014058396415,4.533333333333333,2.853361595389468,4.401520387007602,2.8936119446961626,0.9709236147810886,0.4253,0.02075,0.0,0.0,0.0,0.0,0.0,0.0,0.0,0.0,0.0,0.0,0.12252794496990545,3.2953568357695566,15.66423043852107,10.331040412725711,0.5803955288048153,0.006448839208942392,0.0,0.0,0.0,0.0,0.0,0.0,0.0,0.0,0.0,0.0,0.0,0.0,0.0,0.0,nan,nan,4.467608545830462,2.874257474803508,nan,0.4253,0.101,0.0,0.0,0.0,0.0,0.0,0.0,0.0,0.0,0.0,0.0,0.0,0.0,0.0013112639724849526,0.0,0.002740756663800516,0.00044067067927773003,0.0002472055030094583,0.0012897678417884782,0.0006986242476354256,0.0,0.00034393809114359415,0.0001827171109200344,0.0003546861564918315,0.006061908856405847,0.0023645743766122097,0.02921324161650903,0.0053632846087704215,0.021969045571797078,0.0054922613929492695,0.011049011177987962,0.023215821152192607,0.028880051590713673,0.03272785898538263,0.01675623387790198,0.028557609630266552,0.04635640584694755,0.038607050730868446,0.06003869303525365,0.05563198624247635,0.033286758383490975,0.02352751504729149,0.02032459157351677,0.019658211521926053,0.017046431642304384,0.011887360275150473,0.018411435941530524,0.05731943250214961,0.04852751504729149,0.06510103181427343,0.02692390369733448,0.03273860705073087,0.02066852966466036,0.01045786758383491,0.03286758383490972,0.011349957007738607,0.013585554600171969,0.02408641444539983,0.02120593293207223,0.009232588134135855,0.0029987102321582114,0.009006878761822872,0.0021173688736027515,0.009286328460877041,0.005159071367153913,0.027934221840068788,0.0008813413585554601,0.0001827171109200344,0.0026117798796216683,0.0013327601031814273,9.673258813413586e-05,4.299226139294927e-05,0.0,0.0,0.0002472055030094583,0.0,0.0,0.0,0.0,0.0,0.0,0.0,0.0,0.0,0.0,0.0,0.0,0.0,0.0,0.0,0.0,0.0,0.0,0.0,0.0,0.0,0.0,0.0,0.0,0.0,0.0,0.0,nan,nan,4.467608545830462,2.874257474803508,nan,0.878777445619062,0.03378147561602132,0.0,0.0,0.0,0.0,0.0,0.0,0.0,0.0,0.0,0.0,0.0,0.0,0.0,0.0,0.0,0.0,0.0,0.0,0.0,0.0,0.0,0.0,0.06323777403035415,0.417369308600336,1.8465430016863411,8.39797639123103,12.141652613827997,5.552276559865095,1.188870151770658,0.39207419898819573,0.8785634196902576,0.034256572902544684,0.0,0.0,0.0,0.0,0.0,0.0,0.0,0.0,0.0,0.0,0.0,0.0,0.0,0.0,0.0,0.0,0.0,0.0,0.0,0.0,0.0,0.05263157894736843,0.11842105263157897,0.3947368421052619,1.7105263157894741,7.947368421052633,12.842105263157897,5.289473684210527,1.3289473684210529,0.31578947368421056,0.425,0.02113,0.0,0.0,0.0,0.0,0.0,0.0,0.0,0.0,0.0,0.0,0.13912310286677912,3.5666104553119675,15.594435075885333,10.155986509274875,0.5438448566610457,0.0,0.0,0.0,0.0,0.0,0.0,0.0,0.0,0.0,0.0,0.0,0.0,0.0,0.0,0.0,0.4258,0.02036,0.0,0.0,0.0,0.0,0.0,0.0,0.0,0.0,0.0,0.0,0.10526315789473686,3.0131578947368376,15.736842105263161,10.513157894736844,0.6184210526315791,0.013157894736842108,0.0,0.0,0.0,0.0,0.0,0.0,0.0,0.0,0.0,0.0,0.0,0.0,0.0,0.0
22800,4896,2478,0.5061274509803921,1120,1004,0.4338235294117647,1389,0.5674019607843137,0.45399999999999996,2.937965260545906,2.983182444563603,6.333333333333333,2.023636226735039,6649.800000000001,9.094947017729282e-13,6649.8,6649.8,6649.800000000002,1.8189894035458565e-12,6649.800000000002,1.8189894035458565e-12,28.100081699346404,21.031852982146063,33.01359223300971,19.30621434509056,0.13786764705882354,0.10457516339869281,0.08782679738562091,0.08680555555555555,0.07945261437908496,0.0763888888888889,0.07332516339869281,0.058823529411764705,0.058823529411764705,0.05249183006535948,0.0428921568627451,0.044730392156862746,0.031862745098039214,0.025326797385620915,0.01940359477124183,0.01184640522875817,0.00755718954248366,0.8793525245357183,0.034949506590384136,0.0,0.0,0.0,0.0,0.0,0.0,0.0,0.0,0.0,0.0,0.0,0.0,0.0,0.0,0.0,0.0,0.0,0.0,0.0,0.0,0.012254901960784317,0.012254901960784317,0.09191176470588237,0.46568627450980243,1.6544117647058827,7.861519607843139,12.647058823529415,5.441176470588236,1.3725490196078436,0.4411764705882354,4.346984126984127,2.8133325631462696,4.333333333333333,1.9720265943665387,0.9968597093405388,4.371843434343434,2.854420660803261,4.321882951653944,2.768314819155081,0.9885722159451042,0.426,0.02042,0.0,0.0,0.0,0.0,0.0,0.0,0.0,0.0,0.0,0.0,0.06740196078431374,2.941176470588231,16.231617647058826,10.061274509803924,0.6985294117647061,0.0,0.0,0.0,0.0,0.0,0.0,0.0,0.0,0.0,0.0,0.0,0.0,0.0,0.0,0.0,nan,nan,4.346958174904943,2.8119720064023723,nan,0.426,0.1005,0.0,0.0,0.0,0.0,0.0,0.0,0.0,0.0,0.0,0.0,0.0,0.0,0.0012152777777777778,0.0,0.0030637254901960784,0.0007761437908496732,0.0002042483660130719,0.0011642156862745098,0.0006944444444444445,0.0,0.0006229575163398692,0.0002553104575163399,0.00028594771241830067,0.005841503267973856,0.0022773692810457518,0.025970179738562093,0.005647467320261438,0.023447712418300654,0.006321486928104575,0.010273692810457516,0.022834967320261437,0.0284109477124183,0.031117238562091504,0.016768790849673202,0.027236519607843138,0.0454656862745098,0.038419117647058826,0.06054942810457516,0.0552593954248366,0.03295547385620915,0.024591503267973856,0.020782271241830064,0.019240196078431374,0.01793300653594771,0.012408088235294117,0.018596813725490196,0.05949754901960784,0.0495812908496732,0.06521650326797386,0.02554125816993464,0.035212418300653595,0.02005718954248366,0.01002859477124183,0.03284313725490196,0.01042687908496732,0.013970588235294118,0.026715686274509803,0.02104779411764706,0.008333333333333333,0.002798202614379085,0.010324754901960784,0.002134395424836601,0.00730187908496732,0.005453431372549019,0.028359885620915033,0.0008782679738562092,0.0001838235294117647,0.0018075980392156864,0.0013684640522875816,0.00011233660130718954,6.127450980392157e-05,0.0,0.0,0.00011233660130718954,0.0,0.0,0.0,0.0,0.0,0.0,0.0,0.0,0.0,0.0,0.0,0.0,0.0,0.0,0.0,0.0,0.0,0.0,0.0,0.0,0.0,0.0,0.0,0.0,0.0,0.0,0.0,nan,nan,4.346958174904943,2.8119720064023723,nan,0.8798749767742973,0.034825051688399195,0.0,0.0,0.0,0.0,0.0,0.0,0.0,0.0,0.0,0.0,0.0,0.0,0.0,0.0,0.0,0.0,0.0,0.0,0.0,0.0,0.0,0.012106537530266347,0.07263922518159807,0.435835351089587,1.7191283292978212,7.7239709443099285,12.554479418886201,5.629539951573851,1.3801452784503636,0.4721549636803875,0.8788171082217403,0.03506851686624299,0.0,0.0,0.0,0.0,0.0,0.0,0.0,0.0,0.0,0.0,0.0,0.0,0.0,0.0,0.0,0.0,0.0,0.0,0.0,0.0,0.024813895781637722,0.012406947890818861,0.11166253101736975,0.49627791563275286,1.5880893300248142,8.002481389578165,12.741935483870972,5.248138957816379,1.3647642679900749,0.4094292803970224,0.4255,0.02042,0.0,0.0,0.0,0.0,0.0,0.0,0.0,0.0,0.0,0.0,0.06053268765133173,2.96610169491525,16.416464891041166,9.891041162227605,0.6658595641646491,0.0,0.0,0.0,0.0,0.0,0.0,0.0,0.0,0.0,0.0,0.0,0.0,0.0,0.0,0.0,0.4265,0.02037,0.0,0.0,0.0,0.0,0.0,0.0,0.0,0.0,0.0,0.0,0.07444168734491316,2.9156327543424276,16.042183622828787,10.235732009925561,0.7320099255583128,0.0,0.0,0.0,0.0,0.0,0.0,0.0,0.0,0.0,0.0,0.0,0.0,0.0,0.0,0.0
22900,4779,2402,0.5026156099602427,1089,1017,0.4406779661016949,1375,0.5754341912534003,0.42599999999999993,2.8615902397980646,2.894547060905564,6.076601671309192,1.9580513407552464,6649.800000000001,9.094947017729282e-13,6649.8,6649.8,6649.800000000001,9.094947017729282e-13,6649.8,0.0,28.42100857920067,20.99072090823628,33.25377568705125,19.232995498638513,0.13308223477715003,0.10232266164469554,0.0914417242100858,0.08453651391504499,0.07909604519774012,0.07386482527725466,0.06926135174722746,0.06528562460765851,0.060054404687173046,0.05168445281439632,0.04854572086210504,0.044569993722536096,0.03452605147520402,0.025319104415149615,0.01841389412010881,0.010671688637790333,0.00732370788867964,0.8802201748143731,0.03582755020173484,0.0,0.0,0.0,0.0,0.0,0.0,0.0,0.0,0.0,0.0,0.0,0.0,0.0,0.0,0.0,0.0,0.0,0.0,0.0,0.0,0.00627746390458255,0.018832391713747648,0.10671688637790334,0.40175768989328187,1.8644067796610173,7.60828625235405,12.45448838669178,5.561833019460139,1.5128688010043947,0.4645323289391087,4.165539452495974,2.666963312088267,3.25,2.8613807855648994,0.7802110715942477,4.209708737864077,2.697242313251841,4.120281509916826,2.6375635672764273,0.9787569084903901,0.4253,0.01976,0.0,0.0,0.0,0.0,0.0,0.0,0.0,0.0,0.0,0.0,0.06905210295040805,2.8813559322033857,16.829880728185817,9.711236660389204,0.502197112366604,0.00627746390458255,0.0,0.0,0.0,0.0,0.0,0.0,0.0,0.0,0.0,0.0,0.0,0.0,0.0,0.0,nan,nan,4.164361531038919,2.6674244481823157,nan,0.4253,0.10016,0.0,0.0,0.0,0.0,0.0,0.0,0.0,0.0,0.0,0.0,5.2312199204854574e-05,0.0,0.0012136430215526261,0.0,0.003055032433563507,0.0006172839506172839,4.1849759363883655e-05,0.0010253191044151497,0.0009102322661644696,2.0924879681941827e-05,0.000491734672525633,0.00018832391713747646,0.00047080979284369113,0.006549487340447792,0.0022808118853316593,0.02253609541745135,0.006089139987445072,0.02505754341912534,0.006601799539652647,0.010159029085582758,0.02279765641347562,0.030278300899769826,0.03018413894120109,0.016624816907302782,0.02689893283113622,0.04783427495291902,0.039966520192508896,0.06224105461393597,0.0558275789914208,0.031868591755597406,0.023749738439003975,0.020652856246076583,0.01987863569784474,0.016666666666666666,0.012962962962962963,0.01931366394643231,0.06046243984097092,0.04772965055450931,0.06286880100439422,0.025476041012764176,0.03610587989119063,0.020778405524168236,0.009196484620213434,0.030853735091023227,0.0098556183301946,0.014961288972588407,0.027484829462230593,0.02127014019669387,0.008118853316593429,0.0025946850805607866,0.010117179326218874,0.0028876333961079725,0.0060159029085582755,0.005733417032852061,0.02826951245030341,0.0009520820255283532,0.0001360117179326219,0.0015275162167817536,0.0012136430215526261,0.00017786147729650554,4.1849759363883655e-05,0.0,0.0,6.277463904582549e-05,0.0,0.0,0.0,0.0,0.0,0.0,0.0,0.0,0.0,0.0,0.0,0.0,0.0,0.0,0.0,0.0,0.0,0.0,0.0,0.0,0.0,0.0,0.0,0.0,0.0,0.0,0.0,nan,nan,4.164361531038919,2.6674244481823157,nan,0.879982257688373,0.03576027246539072,0.0,0.0,0.0,0.0,0.0,0.0,0.0,0.0,0.0,0.0,0.0,0.0,0.0,0.0,0.0,0.0,0.0,0.0,0.0,0.0,0.0,0.012489592006661119,0.09991673605328895,0.4995836802664431,1.8359700249791844,7.59367194004996,12.327227310574525,5.80766028309742,1.348875936719401,0.4746044962531225,0.8804605942239869,0.03589380550479733,0.0,0.0,0.0,0.0,0.0,0.0,0.0,0.0,0.0,0.0,0.0,0.0,0.0,0.0,0.0,0.0,0.0,0.0,0.0,0.0,0.012620950778291968,0.025241901556583936,0.11358855700462771,0.3029028186790062,1.893142616743795,7.623054270088348,12.583087925957091,5.313420277660919,1.6785864535128316,0.45435422801851083,0.4253,0.01973,0.0,0.0,0.0,0.0,0.0,0.0,0.0,0.0,0.0,0.0,0.0749375520399667,2.897585345545375,16.86094920899251,9.691923397169028,0.4621149042464614,0.012489592006661119,0.0,0.0,0.0,0.0,0.0,0.0,0.0,0.0,0.0,0.0,0.0,0.0,0.0,0.0,0.4255,0.01978,0.0,0.0,0.0,0.0,0.0,0.0,0.0,0.0,0.0,0.0,0.06310475389145984,2.8649558266722717,16.798485485906607,9.730753050063106,0.5427008834665545,0.0,0.0,0.0,0.0,0.0,0.0,0.0,0.0,0.0,0.0,0.0,0.0,0.0,0.0,0.0
23000,4525,2314,0.5113812154696132,1023,949,0.4358011049723757,1261,0.5573480662983425,0.44999999999999996,3.0483943916779737,3.065825534073631,6.572100313479623,2.039647529933429,6649.800000000002,1.8189894035458565e-12,6649.8,6649.8,6649.800000000001,9.094947017729282e-13,6649.800000000001,9.094947017729282e-13,27.646408839779006,20.71005976576017,32.6812053925456,18.916287709519906,0.143646408839779,0.10099447513812154,0.0954696132596685,0.08220994475138121,0.08220994475138121,0.07403314917127071,0.07138121546961326,0.061878453038674036,0.060552486187845304,0.049723756906077346,0.045082872928176795,0.03955801104972376,0.03624309392265193,0.027845303867403314,0.01569060773480663,0.008397790055248619,0.005082872928176795,0.8810557622804167,0.036953629451804325,0.0,0.0,0.0,0.0,0.0,0.0,0.0,0.0,0.0,0.0,0.0,0.0,0.0,0.0,0.0,0.0,0.0,0.0,0.0,0.0,0.0,0.026519337016574593,0.14585635359116025,0.49060773480662834,1.7966850828729286,7.040883977900554,12.43093922651934,5.953591160220996,1.5314917127071828,0.583425414364641,4.416578854935019,2.8117332489107554,3.5454545454545454,1.9708621262435273,0.8027603857888572,4.477961432506887,2.8432771664655743,4.345195729537367,2.773229943787668,0.9703513071805994,0.425,0.02016,0.0,0.0,0.0,0.0,0.0,0.0,0.0,0.0,0.0,0.0,0.03977900552486188,3.1292817679557965,16.461878453038675,9.911602209944753,0.45082872928176804,0.006629834254143648,0.0,0.0,0.0,0.0,0.0,0.0,0.0,0.0,0.0,0.0,0.0,0.0,0.0,0.0,nan,nan,4.413226032190343,2.809497292592217,nan,0.425,0.09955,0.0,0.0,0.0,0.0,0.0,0.0,0.0,0.0,0.0,0.0,0.0,0.0,0.000994475138121547,1.1049723756906077e-05,0.003569060773480663,0.0006850828729281768,5.524861878453039e-05,0.0010165745856353591,0.0009060773480662984,3.3149171270718233e-05,0.0005303867403314917,0.00032044198895027625,0.0005082872928176796,0.00625414364640884,0.002486187845303867,0.021988950276243095,0.005801104972375691,0.02483977900552486,0.006475138121546961,0.010530386740331492,0.022276243093922652,0.028994475138121548,0.02991160220994475,0.017535911602209946,0.025060773480662983,0.0483646408839779,0.043259668508287295,0.06239779005524862,0.055447513812154695,0.03133701657458564,0.025403314917127072,0.02104972375690608,0.019624309392265192,0.01647513812154696,0.011723756906077349,0.019370165745856354,0.06186740331491713,0.049447513812154696,0.0616353591160221,0.024994475138121548,0.035955801104972374,0.021458563535911603,0.009966850828729282,0.03155801104972376,0.010662983425414364,0.013348066298342542,0.0267292817679558,0.021535911602209946,0.008475138121546962,0.0023756906077348067,0.009613259668508288,0.0029834254143646407,0.005392265193370166,0.005779005524861878,0.02638674033149171,0.0011270718232044199,0.00015469613259668508,0.001701657458563536,0.0014475138121546962,0.00013259668508287293,3.3149171270718233e-05,0.0,0.0,0.0,0.0,0.0,0.0,0.0,0.0,0.0,0.0,0.0,0.0,0.0,0.0,0.0,0.0,0.0,0.0,0.0,0.0,0.0,0.0,0.0,0.0,0.0,0.0,0.0,0.0,0.0,0.0,nan,nan,4.413226032190343,2.809497292592217,nan,0.8803015734836163,0.03681499841976932,0.0,0.0,0.0,0.0,0.0,0.0,0.0,0.0,0.0,0.0,0.0,0.0,0.0,0.0,0.0,0.0,0.0,0.0,0.0,0.0,0.0,0.025929127052722566,0.1296456352636128,0.5834053586862558,1.8409680207433021,7.117545375972344,12.070008643042353,6.197061365600693,1.5816767502160765,0.45375972342264487,0.8818450851550419,0.03708173986423279,0.0,0.0,0.0,0.0,0.0,0.0,0.0,0.0,0.0,0.0,0.0,0.0,0.0,0.0,0.0,0.0,0.0,0.0,0.0,0.0,0.0,0.0271370420624152,0.16282225237449122,0.3934871099050191,1.7503392130257807,6.960651289009499,12.808683853459977,5.698778833107193,1.4789687924016286,0.7191316146540029,0.425,0.02008,0.0,0.0,0.0,0.0,0.0,0.0,0.0,0.0,0.0,0.0,0.038893690579083845,3.033707865168535,16.68539325842697,9.853068280034574,0.3759723422644772,0.012964563526361283,0.0,0.0,0.0,0.0,0.0,0.0,0.0,0.0,0.0,0.0,0.0,0.0,0.0,0.0,0.425,0.0202,0.0,0.0,0.0,0.0,0.0,0.0,0.0,0.0,0.0,0.0,0.040705563093622804,3.229308005427404,16.22795115332429,9.972862957937586,0.5291723202170965,0.0,0.0,0.0,0.0,0.0,0.0,0.0,0.0,0.0,0.0,0.0,0.0,0.0,0.0,0.0
23100,4324,2233,0.5164199814986123,1061,876,0.44796484736355224,1194,0.5522664199814986,0.46599999999999997,3.014347202295552,3.0721881953997667,6.475165562913907,2.120003859269459,6649.800000000002,1.8189894035458565e-12,6649.8,6649.8,6649.800000000001,9.094947017729282e-13,6649.800000000002,1.8189894035458565e-12,28.380897317298796,21.213659474876223,33.482749102953356,19.388603176983892,0.1408418131359852,0.09875115633672525,0.08765032377428307,0.08279370952821462,0.0841813135985199,0.0730804810360777,0.06799259944495838,0.06359851988899168,0.06128584643848289,0.05319148936170213,0.04486586493987049,0.038621646623496764,0.035615171137835334,0.028908418131359852,0.017807585568917667,0.012025901942645698,0.008788159111933395,0.8810854363810895,0.03496002826247356,0.0,0.0,0.0,0.0,0.0,0.0,0.0,0.0,0.0,0.0,0.0,0.0,0.0,0.0,0.0,0.0,0.0,0.0,0.0,0.0,0.0,0.006938020351526366,0.08325624421831639,0.32608695652173814,1.8524514338575397,7.284921369102684,12.4468085106383,6.174838112858466,1.3598519888991676,0.4648473635522665,4.379371877230549,2.8875997960083013,3.4,2.65329983228432,0.7763670442506724,4.385110952040086,2.869733239768454,4.370212765957447,2.9049662705003705,0.9966025520800773,0.4253,0.02013,0.0,0.0,0.0,0.0,0.0,0.0,0.0,0.0,0.0,0.0,0.06938020351526365,3.0319148936170173,16.35985198889917,10.018501387604072,0.5203515263644775,0.0,0.0,0.0,0.0,0.0,0.0,0.0,0.0,0.0,0.0,0.0,0.0,0.0,0.0,0.0,nan,nan,4.377627360171001,2.8874946888739537,nan,0.4253,0.09875,0.0,0.0,0.0,0.0,0.0,0.0,0.0,0.0,0.0,0.0,0.0,0.0,0.0008788159111933396,1.156336725254394e-05,0.0036424606845513415,0.00038159111933395003,8.094357076780758e-05,0.0008672525439407955,0.0007978723404255319,0.0,0.0005203515263644773,0.00024283071230342277,0.0006359851988899167,0.005561979648473636,0.002150786308973173,0.020698427382053654,0.00595513413506013,0.023762719703977798,0.007123034227567068,0.010696114708603145,0.021438482886216467,0.029417206290471787,0.03188020351526365,0.015263644773358002,0.0265263644773358,0.04536308973172988,0.04394079555966698,0.06546022201665125,0.05598982423681776,0.03206521739130435,0.025601295097132284,0.021288159111933394,0.018802035152636447,0.017125346901017576,0.010279833487511563,0.020444033302497687,0.06018732654949121,0.051503237742830714,0.06330943570767808,0.02523126734505088,0.0339731729879741,0.020987511563367253,0.010025439407955597,0.032227104532839966,0.010499537465309898,0.013679463459759482,0.02679232192414431,0.023693339500462533,0.008314061054579094,0.0016651248843663274,0.008961609620721555,0.0029602220166512487,0.004671600370027752,0.006036077705827937,0.026387604070305274,0.000982886216466235,8.094357076780758e-05,0.0012604070305272895,0.0015726179463459759,0.00010407030527289546,0.0,0.0,0.0,0.0,0.0,0.0,0.0,0.0,0.0,0.0,0.0,0.0,0.0,0.0,0.0,0.0,0.0,0.0,0.0,0.0,0.0,0.0,0.0,0.0,0.0,0.0,0.0,0.0,0.0,0.0,0.0,nan,nan,4.377627360171001,2.8874946888739537,nan,0.8816974671550039,0.03501623037068365,0.0,0.0,0.0,0.0,0.0,0.0,0.0,0.0,0.0,0.0,0.0,0.0,0.0,0.0,0.0,0.0,0.0,0.0,0.0,0.0,0.0,0.0,0.0671742051052396,0.322436184505149,1.8674429019256609,7.335423197492164,12.360053739364087,6.032243618450517,1.4912673533363192,0.5239587998208689,0.880431842541706,0.03488805641902476,0.0,0.0,0.0,0.0,0.0,0.0,0.0,0.0,0.0,0.0,0.0,0.0,0.0,0.0,0.0,0.0,0.0,0.0,0.0,0.0,0.0,0.01434720229555237,0.1004304160688666,0.3299856527977034,1.8364418938307034,7.230989956958394,12.539454806312772,6.327116212338596,1.2195121951219514,0.4017216642754664,0.425,0.01988,0.0,0.0,0.0,0.0,0.0,0.0,0.0,0.0,0.0,0.0,0.08060904612628751,2.995969547693681,16.60546350201523,9.914912673533365,0.40304523063143766,0.0,0.0,0.0,0.0,0.0,0.0,0.0,0.0,0.0,0.0,0.0,0.0,0.0,0.0,0.0,0.4255,0.02039,0.0,0.0,0.0,0.0,0.0,0.0,0.0,0.0,0.0,0.0,0.05738880918220948,3.070301291248202,16.09756097560976,10.129124820659973,0.6456241032998566,0.0,0.0,0.0,0.0,0.0,0.0,0.0,0.0,0.0,0.0,0.0,0.0,0.0,0.0,0.0
23200,4357,2252,0.5168694055542805,1057,900,0.4491622676153316,1232,0.5655267385815929,0.45799999999999996,3.0304038004750593,3.0868700685837265,6.575856443719413,2.0798586174213236,6649.8,0.0,6649.8,6649.8,6649.800000000001,9.094947017729282e-13,6649.800000000002,1.8189894035458565e-12,27.765893963736517,20.758462147035235,32.61702127659574,19.056440546844602,0.13839798026164793,0.09823272894193252,0.0945604773927014,0.0945604773927014,0.08308469130135414,0.07252696809731467,0.06564149644250632,0.0615102134496213,0.061739729171448245,0.054395226072986,0.04337847142529263,0.039017672710580674,0.03236171677759927,0.027541886619233416,0.015836584806059217,0.011016754647693368,0.006196924489327519,0.880685719842891,0.03394429850019829,0.0,0.0,0.0,0.0,0.0,0.0,0.0,0.0,0.0,0.0,0.0,0.0,0.0,0.0,0.0,0.0,0.0,0.0,0.0,0.0,0.0,0.006885471654808356,0.08262565985770026,0.2547624512279083,1.8866192334174896,7.436309387193025,12.724351618085842,5.811338076658253,1.4390635758549464,0.3580445260500345,4.337857142857143,2.8818636791677226,5.4,2.1540659228538015,1.2448542730116912,4.306810035842294,2.906263820443895,4.372340425531915,2.8555683162784167,1.0152155282318611,0.4253,0.01956,0.0,0.0,0.0,0.0,0.0,0.0,0.0,0.0,0.0,0.0,0.048198301583658495,2.823043378471421,16.855634610970856,9.777369749827864,0.49575395914620163,0.0,0.0,0.0,0.0,0.0,0.0,0.0,0.0,0.0,0.0,0.0,0.0,0.0,0.0,0.0,nan,nan,4.339750445632799,2.881078342468489,nan,0.4253,0.0982,0.0,0.0,0.0,0.0,0.0,0.0,0.0,0.0,0.0,0.0,0.0,1.1475786091347258e-05,0.0006196924489327519,0.0,0.00284599495065412,0.00033279779664907046,0.0,0.0005967408767500573,0.00034427358274041774,0.0,0.000803305026394308,0.00011475786091347258,0.0009524902455818223,0.0052444342437456964,0.0015836584806059215,0.022194170300665596,0.006690383291255451,0.02322699104888685,0.00853798485196236,0.012359421620380995,0.02054165710351159,0.029355060821666282,0.029297681891209546,0.01652513197154005,0.02572871241680055,0.04543263713564379,0.043837502868946526,0.06456277254991967,0.05862979114069314,0.031650218039935736,0.02417948129446867,0.021253155841175122,0.019095708056001835,0.01665136561854487,0.011624971310534771,0.018579297681891208,0.06146431030525591,0.050826256598577,0.06372504016525132,0.025086068395685106,0.036814321781042,0.019956392012852882,0.010133119118659628,0.03278632086297911,0.011705301813174203,0.012623364700481983,0.026302501721367912,0.02327289419325224,0.0081592839109479,0.001686940555428047,0.008813403718154693,0.002536148726187744,0.004050952490245582,0.006357585494606381,0.0267844847372045,0.0007229745237548772,1.1475786091347258e-05,0.0011705301813174202,0.001560706908423227,4.590314436538903e-05,0.0,0.0,0.0,0.0,0.0,0.0,0.0,0.0,0.0,0.0,0.0,0.0,0.0,0.0,0.0,0.0,0.0,0.0,0.0,0.0,0.0,0.0,0.0,0.0,0.0,0.0,0.0,0.0,0.0,0.0,0.0,nan,nan,4.339750445632799,2.881078342468489,nan,0.8813771576642143,0.03377451361526509,0.0,0.0,0.0,0.0,0.0,0.0,0.0,0.0,0.0,0.0,0.0,0.0,0.0,0.0,0.0,0.0,0.0,0.0,0.0,0.0,0.0,0.0,0.0932504440497336,0.18650088809946655,1.785079928952043,7.5133214920071065,12.735346358792189,5.768206039076378,1.585257548845471,0.33303730017761995,0.8799459963399837,0.034109489737548716,0.0,0.0,0.0,0.0,0.0,0.0,0.0,0.0,0.0,0.0,0.0,0.0,0.0,0.0,0.0,0.0,0.0,0.0,0.0,0.0,0.0,0.01425178147268409,0.07125890736342044,0.32779097387173295,1.9952494061757724,7.3539192399049895,12.712589073634208,5.8574821852731604,1.282660332541568,0.3847980997624704,0.4253,0.01968,0.0,0.0,0.0,0.0,0.0,0.0,0.0,0.0,0.0,0.0,0.0932504440497336,2.7708703374777937,16.678507992895206,9.937833037300178,0.5195381882770871,0.0,0.0,0.0,0.0,0.0,0.0,0.0,0.0,0.0,0.0,0.0,0.0,0.0,0.0,0.0,0.4253,0.01944,0.0,0.0,0.0,0.0,0.0,0.0,0.0,0.0,0.0,0.0,0.0,2.878859857482181,17.045130641330168,9.605700712589075,0.47030878859857495,0.0,0.0,0.0,0.0,0.0,0.0,0.0,0.0,0.0,0.0,0.0,0.0,0.0,0.0,0.0
23300,4488,2243,0.499777183600713,1065,928,0.44407308377896615,1285,0.5726381461675579,0.46599999999999997,3.0178173719376393,3.158844993812148,6.80064829821718,2.037126929653971,6649.800000000001,9.094947017729282e-13,6649.8,6649.8,6649.800000000002,1.8189894035458565e-12,6649.800000000002,1.8189894035458565e-12,27.42357397504456,20.596192872597612,32.227549668874175,18.932893236739023,0.13859180035650623,0.10271836007130125,0.10160427807486631,0.08845811051693404,0.08288770053475936,0.06706773618538324,0.06907308377896614,0.06461675579322639,0.061274509803921566,0.05392156862745098,0.04434046345811052,0.037210338680926915,0.030303030303030304,0.02428698752228164,0.019385026737967916,0.009135472370766489,0.005124777183600713,0.8795218924707907,0.03483366523673925,0.0,0.0,0.0,0.0,0.0,0.0,0.0,0.0,0.0,0.0,0.0,0.0,0.0,0.0,0.0,0.0,0.0,0.0,0.0,0.0,0.0,0.0,0.04010695187165776,0.44117647058823395,2.112299465240642,7.2927807486631036,12.56016042780749,5.835561497326204,1.343582887700535,0.37433155080213915,4.505281690140845,2.90312609402929,2.0,0.0,0.4439234075810864,4.527641707487754,2.939339856353909,4.480878186968838,2.865552430196328,0.989671550104864,0.4255,0.01947,0.0,0.0,0.0,0.0,0.0,0.0,0.0,0.0,0.0,0.0,0.02673796791443851,2.95454545454545,16.617647058823533,9.953208556149734,0.44786096256684504,0.0,0.0,0.0,0.0,0.0,0.0,0.0,0.0,0.0,0.0,0.0,0.0,0.0,0.0,0.0,nan,nan,4.504399859204505,2.902995515732782,nan,0.4255,0.0986,0.0,0.0,0.0,0.0,0.0,0.0,0.0,0.0,0.0,0.0,0.0,0.0,0.0007575757575757576,0.0,0.0027406417112299467,0.0002228163992869875,0.0,0.00041221033868092693,0.0004567736185383244,0.0,0.0007575757575757576,3.342245989304813e-05,0.0011475044563279857,0.005436720142602496,0.001983065953654189,0.02124554367201426,0.007520053475935829,0.024988859180035652,0.0076314616755793225,0.011731283422459894,0.020577094474153297,0.029133244206773618,0.03000222816399287,0.015942513368983956,0.025467914438502673,0.04534313725490196,0.04605614973262032,0.06722370766488414,0.05542557932263815,0.03150623885918004,0.021824866310160427,0.021813725490196077,0.018660873440285206,0.015040106951871657,0.012934491978609625,0.01889483065953654,0.05848930481283422,0.05077985739750446,0.06443850267379679,0.026927361853832443,0.03651960784313726,0.01928475935828877,0.010840017825311942,0.03453654188948307,0.011887254901960784,0.011285650623885918,0.026905080213903743,0.023729946524064172,0.006673351158645277,0.0021390374331550803,0.00819964349376114,0.0031305704099821746,0.004200089126559715,0.006361408199643493,0.02713903743315508,0.0005681818181818182,0.0,0.0015708556149732621,0.0013814616755793226,0.00010026737967914439,0.0,0.0,0.0,0.0,0.0,0.0,0.0,0.0,0.0,0.0,0.0,0.0,0.0,0.0,0.0,0.0,0.0,0.0,0.0,0.0,0.0,0.0,0.0,0.0,0.0,0.0,0.0,0.0,0.0,0.0,0.0,nan,nan,4.504399859204505,2.902995515732782,nan,0.8788056120349529,0.035205770323740004,0.0,0.0,0.0,0.0,0.0,0.0,0.0,0.0,0.0,0.0,0.0,0.0,0.0,0.0,0.0,0.0,0.0,0.0,0.0,0.0,0.0,0.0,0.0668747213553277,0.4413731609451614,2.233615693267945,7.28934462773072,12.652697280428,5.523851983950069,1.4177440927329474,0.37449843958983514,0.8802375347948818,0.034443006211348604,0.0,0.0,0.0,0.0,0.0,0.0,0.0,0.0,0.0,0.0,0.0,0.0,0.0,0.0,0.0,0.0,0.0,0.0,0.0,0.0,0.0,0.0,0.013363028953229402,0.44097995545656876,1.9910913140311808,7.2962138084632535,12.467706013363033,6.146993318485525,1.269487750556793,0.3741648106904233,0.4258,0.01929,0.0,0.0,0.0,0.0,0.0,0.0,0.0,0.0,0.0,0.0,0.0,2.8756130182790867,16.67855550601873,9.977708426214893,0.4681230494872939,0.0,0.0,0.0,0.0,0.0,0.0,0.0,0.0,0.0,0.0,0.0,0.0,0.0,0.0,0.0,0.4253,0.01965,0.0,0.0,0.0,0.0,0.0,0.0,0.0,0.0,0.0,0.0,0.05345211581291761,3.033407572383069,16.55679287305123,9.928730512249444,0.4276169265033409,0.0,0.0,0.0,0.0,0.0,0.0,0.0,0.0,0.0,0.0,0.0,0.0,0.0,0.0,0.0
23400,4528,2351,0.5192137809187279,1142,920,0.4553886925795053,1277,0.5640459363957597,0.46199999999999997,2.9885163068442813,3.0637622150349912,6.5008130081300814,2.126774569794622,6649.800000000001,9.094947017729282e-13,6649.8,6649.8,6649.800000000002,1.8189894035458565e-12,6649.800000000001,9.094947017729282e-13,27.927120141342755,20.7101929337478,32.941222983658406,18.873059656349678,0.1417844522968198,0.09562720848056537,0.09187279151943463,0.08193462897526502,0.08546819787985865,0.07464664310954064,0.07045053003533569,0.06780035335689046,0.06338339222614842,0.04527385159010601,0.04770318021201413,0.04196113074204947,0.032464664310954065,0.02517667844522968,0.020097173144876326,0.009054770318021202,0.00530035335689046,0.8795589163188589,0.03537804639065765,0.0,0.0,0.0,0.0,0.0,0.0,0.0,0.0,0.0,0.0,0.0,0.0,0.0,0.0,0.0,0.0,0.0,0.0,0.0,0.0,0.0,0.026501766784452305,0.09275618374558306,0.41077738515900936,1.8816254416961136,7.751766784452299,12.349823321554773,5.691254416961132,1.3582155477031805,0.437279151943463,4.268967874231032,2.8717947619584674,4.2,3.059411708155671,0.9838443679449204,4.261758691206544,2.8832644367546396,4.275956284153006,2.860904942668508,1.0033313929706429,0.426,0.01941,0.0,0.0,0.0,0.0,0.0,0.0,0.0,0.0,0.0,0.0,0.05962897526501768,2.7098056537102435,16.397968197879862,10.42844522968198,0.4041519434628976,0.0,0.0,0.0,0.0,0.0,0.0,0.0,0.0,0.0,0.0,0.0,0.0,0.0,0.0,0.0,nan,nan,4.268850221767315,2.872126664099675,nan,0.426,0.0978,0.0,0.0,0.0,0.0,0.0,0.0,0.0,0.0,0.0,0.0,0.0,0.0,0.00043065371024734984,1.1042402826855123e-05,0.0026060070671378092,0.0003202296819787986,0.0,0.00030918727915194347,0.00019876325088339223,0.0,0.000894434628975265,0.0,0.0014465547703180212,0.004162985865724381,0.002053886925795053,0.020803886925795052,0.0068131625441696115,0.0244589222614841,0.007906360424028269,0.012466872791519435,0.02103577738515901,0.02635821554770318,0.03194567137809187,0.015724381625441698,0.02568462897526502,0.04251325088339222,0.04642226148409894,0.07017446996466431,0.053125,0.03073100706713781,0.022548586572438162,0.023133833922261485,0.01920273851590106,0.015812720848056537,0.013151501766784453,0.01895980565371025,0.06221289752650177,0.050717756183745584,0.0625,0.027208480565371024,0.037698763250883394,0.01954505300353357,0.009584805653710247,0.03257508833922262,0.011859540636042403,0.011561395759717314,0.028610865724381627,0.023155918727915194,0.007332155477031802,0.0023630742049469966,0.007895318021201414,0.0034562720848056536,0.004328621908127208,0.005289310954063604,0.027164310954063603,0.00048586572438162547,2.2084805653710246e-05,0.0011704946996466431,0.0016894876325088339,0.00016563604240282687,0.0,0.0,0.0,0.0,0.0,0.0,0.0,0.0,0.0,0.0,0.0,0.0,0.0,0.0,0.0,0.0,0.0,0.0,0.0,0.0,0.0,0.0,0.0,0.0,0.0,0.0,0.0,0.0,0.0,0.0,0.0,nan,nan,4.268850221767315,2.872126664099675,nan,0.8810485709174954,0.03511152733727766,0.0,0.0,0.0,0.0,0.0,0.0,0.0,0.0,0.0,0.0,0.0,0.0,0.0,0.0,0.0,0.0,0.0,0.0,0.0,0.0,0.0,0.0,0.1148447469162059,0.3700552956188844,1.6078264568268825,7.566992769034455,12.479795831561042,5.984687367077841,1.4036580178647389,0.47213951509995755,0.8779501988354439,0.03559368118012382,0.0,0.0,0.0,0.0,0.0,0.0,0.0,0.0,0.0,0.0,0.0,0.0,0.0,0.0,0.0,0.0,0.0,0.0,0.0,0.0,0.0,0.05512172714745063,0.06890215893431328,0.4547542489664662,2.1773082223243,7.951309141019753,12.209462563160315,5.374368396876436,1.3091410197519524,0.3996325218190171,0.4255,0.01953,0.0,0.0,0.0,0.0,0.0,0.0,0.0,0.0,0.0,0.0,0.10208421948107191,2.730752871118669,16.614206720544452,10.157379838366655,0.3955763504891536,0.0,0.0,0.0,0.0,0.0,0.0,0.0,0.0,0.0,0.0,0.0,0.0,0.0,0.0,0.0,0.4268,0.01923,0.0,0.0,0.0,0.0,0.0,0.0,0.0,0.0,0.0,0.0,0.013780431786862658,2.687184198438214,16.1644464859899,10.721175930179147,0.41341295360587976,0.0,0.0,0.0,0.0,0.0,0.0,0.0,0.0,0.0,0.0,0.0,0.0,0.0,0.0,0.0
23500,4613,2335,0.5061781920659008,1064,980,0.44309559939301973,1326,0.574897030132235,0.46199999999999997,2.9732221246707637,3.046275129400769,6.5718901453958,2.036639701537078,6649.800000000001,9.094947017729282e-13,6649.8,6649.8,6649.800000000002,1.8189894035458565e-12,6649.800000000001,9.094947017729282e-13,27.7639280294819,20.81793694172054,32.757630625969995,19.040552877452974,0.14350747886407977,0.09668328636462171,0.09429872100585303,0.08671146759158899,0.07912421417732494,0.07413830479080859,0.07413830479080859,0.06980273141122914,0.05571211792759592,0.04747452850639497,0.042488619119878605,0.0409711684370258,0.03295035768480382,0.02709733362237156,0.018209408194233688,0.011055712117927595,0.0056362453934532845,0.8783304047977333,0.03552265733310193,0.0,0.0,0.0,0.0,0.0,0.0,0.0,0.0,0.0,0.0,0.0,0.0,0.0,0.0,0.0,0.0,0.0,0.0,0.0,0.006503360069369176,0.013006720138738352,0.013006720138738352,0.09104704097116846,0.3902016041621492,2.1265987426837203,7.836548883589856,12.382397572078911,5.397788857576416,1.3136787340125733,0.4292217645783656,4.38560760353021,2.825542367078702,4.333333333333333,2.309401076758503,0.9880804953560371,4.380243572395129,2.810706275077332,4.3906567366283005,2.837459917482754,1.002377302554314,0.425,0.01936,0.0,0.0,0.0,0.0,0.0,0.0,0.0,0.0,0.0,0.0,0.03251680034684588,2.887491870799909,16.915239540429226,9.70301322349881,0.4552352048558423,0.006503360069369176,0.0,0.0,0.0,0.0,0.0,0.0,0.0,0.0,0.0,0.0,0.0,0.0,0.0,0.0,nan,nan,4.385448392554991,2.8241150497408105,nan,0.425,0.0978,0.0,0.0,0.0,0.0,0.0,0.0,0.0,0.0,0.0,0.0,0.0,0.0,0.00034684587036635595,0.0,0.002698894428788207,9.755040104053761e-05,0.0,0.00020593973553002386,8.671146759158899e-05,0.0,0.0010838933448948623,1.0838933448948623e-05,0.0017775850856275742,0.0053435941903316716,0.0026880554953392587,0.020247127682636028,0.00646000433557338,0.02250162584001734,0.00724040754389768,0.012605679601127249,0.020995014090613485,0.028300455235204854,0.03337307608931281,0.01567309776717971,0.025482332538478213,0.04455885540862779,0.048157381313678735,0.07115759809234772,0.05277476696293085,0.03188814220680685,0.022371558638629958,0.02424669412529807,0.01999783221331021,0.0165402124430956,0.013039236939085194,0.019575113808801215,0.05729460221114242,0.046943420767396486,0.06200953826143508,0.029026663776284413,0.038304790808584434,0.01754823325384782,0.009061348363321049,0.03252763928029482,0.011402557988293953,0.010036852373726425,0.02834381096900065,0.023683069585952742,0.007955777151528289,0.0027205722956861046,0.008378495556037285,0.0037827877736830696,0.004617385649252114,0.004617385649252114,0.027053977888575765,0.0005419466724474311,5.419466724474312e-05,0.0008996314762627358,0.0015391285497507044,0.00013006720138738348,0.0,0.0,0.0,0.0,0.0,0.0,0.0,0.0,0.0,0.0,0.0,0.0,0.0,0.0,0.0,0.0,0.0,0.0,0.0,0.0,0.0,0.0,0.0,0.0,0.0,0.0,0.0,0.0,0.0,0.0,0.0,nan,nan,4.385448392554991,2.8241150497408105,nan,0.8789016646287171,0.035093682916435824,0.0,0.0,0.0,0.0,0.0,0.0,0.0,0.0,0.0,0.0,0.0,0.0,0.0,0.0,0.0,0.0,0.0,0.0,0.0,0.0,0.012847965738758033,0.025695931477516067,0.06423982869379016,0.33404710920770775,1.965738758029979,7.862955032119916,12.526766595289082,5.460385438972164,1.3104925053533192,0.4368308351177731,0.8777448509323482,0.035947634005843006,0.0,0.0,0.0,0.0,0.0,0.0,0.0,0.0,0.0,0.0,0.0,0.0,0.0,0.0,0.0,0.0,0.0,0.0,0.0,0.013169446883230908,0.013169446883230908,0.0,0.11852502194907816,0.4477611940298494,2.291483757682178,7.809482001755928,12.234416154521513,5.333625987708517,1.3169446883230906,0.42142230026338906,0.425,0.0196,0.0,0.0,0.0,0.0,0.0,0.0,0.0,0.0,0.0,0.0,0.05139186295503213,3.044967880085649,16.689507494646683,9.738758029978587,0.4625267665952892,0.012847965738758033,0.0,0.0,0.0,0.0,0.0,0.0,0.0,0.0,0.0,0.0,0.0,0.0,0.0,0.0,0.425,0.01909,0.0,0.0,0.0,0.0,0.0,0.0,0.0,0.0,0.0,0.0,0.013169446883230908,2.7260755048287932,17.14661984196664,9.666374012291485,0.4477611940298509,0.0,0.0,0.0,0.0,0.0,0.0,0.0,0.0,0.0,0.0,0.0,0.0,0.0,0.0,0.0
23600,4582,2375,0.5183326058489742,1080,933,0.43932780445220426,1293,0.5643823657791357,0.478,3.1073855913004076,3.15263065151281,6.730586370839936,2.1453519886901646,6649.800000000001,9.094947017729282e-13,6649.8,6649.8,6649.800000000002,1.8189894035458565e-12,6649.800000000001,9.094947017729282e-13,28.3330423395897,21.10843622215076,33.205068528575126,19.371882112097317,0.13727629855958096,0.10213880401571367,0.09231776516804889,0.08336970755128764,0.0759493670886076,0.07420340462680053,0.07158446093408992,0.06198166739415103,0.05608904408555216,0.054779572239196855,0.047359231776516804,0.04233958969882148,0.03644696639022261,0.027062418158009603,0.018550851156700132,0.010475774770842427,0.008075076385857704,0.8764762428716404,0.03552394125988938,0.0,0.0,0.0,0.0,0.0,0.0,0.0,0.0,0.0,0.0,0.0,0.0,0.0,0.0,0.0,0.0,0.0,0.0,0.0,0.0,0.0,0.026189436927106072,0.11130510694020081,0.5303360977738961,2.2522915757311224,8.177651680488871,12.0733304233959,5.329550414666086,1.1065037101702315,0.3928415539065911,4.4292946338170776,2.9204746530401255,4.75,3.960744879438715,1.0724055166107893,4.449265687583445,2.917952831433856,4.409802586793737,2.926289705108398,0.9911304238585174,0.4248,0.02002,0.0,0.0,0.0,0.0,0.0,0.0,0.0,0.0,0.0,0.0,0.06547359231776519,3.2474901789611477,16.538629419467483,9.650807507638588,0.49759930161501537,0.0,0.0,0.0,0.0,0.0,0.0,0.0,0.0,0.0,0.0,0.0,0.0,0.0,0.0,0.0,nan,nan,4.429726996966633,2.9221501102598504,nan,0.4248,0.0983,0.0,0.0,0.0,0.0,0.0,0.0,0.0,0.0,0.0,0.0,0.0,0.0,0.00028371890004364906,0.0,0.002848101265822785,0.0002291575731121781,0.0,0.0001855085115670013,0.00010912265386294194,0.0,0.0010475774770842426,0.0,0.002302487996508075,0.00528153644696639,0.002651680488869489,0.020744216499345262,0.007278481012658228,0.02078786556089044,0.0067437800087298124,0.012963771278917503,0.020744216499345262,0.028622872108249674,0.0342099519860323,0.015637276298559582,0.025665648188563945,0.04498035792230467,0.049465298996071584,0.07172632038411174,0.053710170231340025,0.030587079877782627,0.02211916193801833,0.025480139676996943,0.020678742907027498,0.01656481885639459,0.012767350501964208,0.01680488869489306,0.05345918812745526,0.04645351374945439,0.06094500218245308,0.028862941946748145,0.038127455259711916,0.01883457005674378,0.009395460497599302,0.033369707551287646,0.011501527717154082,0.009308162374508948,0.027684417285028372,0.025381929288520295,0.009188127455259713,0.0018987341772151898,0.008577040593627237,0.003546486250545613,0.004845045831514623,0.004703186381492798,0.027269751200349194,0.0006219991270187691,0.00015277171540811874,0.0007529463116542995,0.0018878219118288956,1.0912265386294195e-05,0.0,0.0,0.0,0.0,0.0,0.0,0.0,0.0,0.0,0.0,0.0,0.0,0.0,0.0,0.0,0.0,0.0,0.0,0.0,0.0,0.0,0.0,0.0,0.0,0.0,0.0,0.0,0.0,0.0,0.0,0.0,nan,nan,4.429726996966633,2.9221501102598504,nan,0.8766114009556017,0.03467953698719372,0.0,0.0,0.0,0.0,0.0,0.0,0.0,0.0,0.0,0.0,0.0,0.0,0.0,0.0,0.0,0.0,0.0,0.0,0.0,0.0,0.0,0.02526315789473685,0.07578947368421053,0.49263157894736687,2.210526315789474,8.210526315789474,12.26526315789474,5.267368421052633,1.1115789473684212,0.34105263157894744,0.8763307963608075,0.03641019354589838,0.0,0.0,0.0,0.0,0.0,0.0,0.0,0.0,0.0,0.0,0.0,0.0,0.0,0.0,0.0,0.0,0.0,0.0,0.0,0.0,0.0,0.027186225645672867,0.14952424105120074,0.5709107385591283,2.297236067059357,8.142274580879024,11.866787494336206,5.396465790666063,1.101042138649751,0.4485727231536023,0.4248,0.02014,0.0,0.0,0.0,0.0,0.0,0.0,0.0,0.0,0.0,0.0,0.06315789473684212,3.2336842105263113,16.926315789473687,9.258947368421055,0.5178947368421054,0.0,0.0,0.0,0.0,0.0,0.0,0.0,0.0,0.0,0.0,0.0,0.0,0.0,0.0,0.0,0.425,0.01987,0.0,0.0,0.0,0.0,0.0,0.0,0.0,0.0,0.0,0.0,0.06796556411418216,3.2623470774807384,16.121431807884008,10.072496601721795,0.47575894879927516,0.0,0.0,0.0,0.0,0.0,0.0,0.0,0.0,0.0,0.0,0.0,0.0,0.0,0.0,0.0
23700,4732,2446,0.5169061707523246,1173,960,0.4507607776838546,1325,0.5600169061707523,0.45399999999999996,3.040244969378828,3.1580070477942668,6.793478260869565,2.082734633570786,6649.8,0.0,6649.8,6649.8,6649.800000000002,1.8189894035458565e-12,6649.800000000002,1.8189894035458565e-12,27.755917159763314,20.686879288773074,32.62166918049271,18.970125571069957,0.13651732882502113,0.10714285714285714,0.0904480135249366,0.08579881656804733,0.08030431107354184,0.07628909551986475,0.07100591715976332,0.0621301775147929,0.06318681318681318,0.0507185122569738,0.044167371090448014,0.04184277261200338,0.032755705832628906,0.02345731191885038,0.017328825021132713,0.010566356720202874,0.006339814032121725,0.8765083020985983,0.03509874965029987,0.0,0.0,0.0,0.0,0.0,0.0,0.0,0.0,0.0,0.0,0.0,0.0,0.0,0.0,0.0,0.0,0.0,0.0,0.0,0.0,0.0,0.025359256128486905,0.07607776838546071,0.513524936601858,2.288672865595943,8.362214708368557,12.134404057480983,4.99577345731192,1.3123415046491973,0.2916314454775994,4.3668541184254055,2.922539440096069,5.25,3.307189138830738,1.2022384667828194,4.451763140385895,2.9308114757927894,4.287958115183246,2.9149482080883162,0.9632044607861933,0.4248,0.0203,0.0,0.0,0.0,0.0,0.0,0.0,0.0,0.0,0.0,0.0,0.06339814032121725,3.360101437024509,16.61031276415892,9.484361792054102,0.4691462383770077,0.012679628064243453,0.0,0.0,0.0,0.0,0.0,0.0,0.0,0.0,0.0,0.0,0.0,0.0,0.0,0.0,nan,nan,4.369185087429891,2.923972402640651,nan,0.4248,0.09814,0.0,0.0,0.0,0.0,0.0,0.0,0.0,0.0,0.0,0.0,0.0,0.0,0.0002430262045646661,5.283178360101437e-05,0.002863482671174979,0.00019019442096365174,0.0,0.00023245984784446322,0.0002958579881656805,0.0,0.0010355029585798817,2.113271344040575e-05,0.0022189349112426036,0.00606508875739645,0.0024513947590870666,0.02120667793744717,0.007882502113271343,0.019135672020287407,0.007195688926458157,0.012066779374471683,0.020815722738799662,0.025084530853761625,0.03523879966187658,0.01510989010989011,0.026299661876584952,0.04602704987320372,0.051521555367709214,0.07162933220625528,0.05360312764158918,0.03084319526627219,0.021048182586644124,0.027884615384615386,0.019209636517328824,0.016927303465765004,0.011718089602704988,0.018691885038038883,0.05252535925612849,0.04786559594251902,0.06091504649196957,0.03044167371090448,0.03618977176669484,0.019072273879966187,0.00878064243448859,0.03403423499577346,0.010196534234995773,0.009710481825866441,0.027028740490278952,0.02556001690617075,0.009234995773457311,0.0016166525781910396,0.00852704987320372,0.003592561284868977,0.004142011834319527,0.004913355874894336,0.027662721893491123,0.0007185122569737955,0.00013736263736263736,0.0005494505494505495,0.0017751479289940828,0.0,0.0,0.0,0.0,0.0,0.0,0.0,0.0,0.0,0.0,0.0,0.0,0.0,0.0,0.0,0.0,0.0,0.0,0.0,0.0,0.0,0.0,0.0,0.0,0.0,0.0,0.0,0.0,0.0,0.0,0.0,0.0,nan,nan,4.369185087429891,2.923972402640651,nan,0.8770554733149653,0.03454251856578945,0.0,0.0,0.0,0.0,0.0,0.0,0.0,0.0,0.0,0.0,0.0,0.0,0.0,0.0,0.0,0.0,0.0,0.0,0.0,0.0,0.0,0.036794766966475885,0.049059689288634516,0.44153720359770915,2.1340964840556014,8.475061324611612,12.264922322158629,5.028618152085039,1.25102207686018,0.31888798037612437,0.8759228336842354,0.03567501879746286,0.0,0.0,0.0,0.0,0.0,0.0,0.0,0.0,0.0,0.0,0.0,0.0,0.0,0.0,0.0,0.0,0.0,0.0,0.0,0.0,0.0,0.013123359580052497,0.10498687664041997,0.5905511811023604,2.4540682414698165,8.241469816272968,11.994750656167982,4.9606299212598435,1.3779527559055122,0.2624671916010499,0.4253,0.02051,0.0,0.0,0.0,0.0,0.0,0.0,0.0,0.0,0.0,0.0,0.061324611610793146,3.2992641046606654,16.336876533115294,9.73834832379395,0.5519215044971383,0.012264922322158629,0.0,0.0,0.0,0.0,0.0,0.0,0.0,0.0,0.0,0.0,0.0,0.0,0.0,0.0,0.424,0.02003,0.0,0.0,0.0,0.0,0.0,0.0,0.0,0.0,0.0,0.0,0.06561679790026248,3.425196850393696,16.902887139107616,9.212598425196852,0.38057742782152243,0.013123359580052497,0.0,0.0,0.0,0.0,0.0,0.0,0.0,0.0,0.0,0.0,0.0,0.0,0.0,0.0
23800,4584,2415,0.5268324607329843,1140,943,0.4544066317626527,1300,0.5671902268760908,0.474,3.083909635776856,3.0987086980447556,6.6298076923076925,2.19537887950035,6649.800000000001,9.094947017729282e-13,6649.8,6649.8,6649.800000000001,9.094947017729282e-13,6649.800000000001,9.094947017729282e-13,28.1064572425829,20.78115655834925,32.99015799015799,18.997632222068336,0.13721640488656195,0.09904013961605584,0.08704188481675393,0.09075043630017451,0.07831588132635253,0.0787521815008726,0.0700261780104712,0.0606457242582897,0.06391797556719023,0.051919720767888304,0.04799301919720768,0.03926701570680628,0.03534031413612566,0.028795811518324606,0.014616055846422338,0.009380453752181502,0.006980802792321117,0.8760265917964215,0.03545632582460899,0.0,0.0,0.0,0.0,0.0,0.0,0.0,0.0,0.0,0.0,0.0,0.0,0.0,0.0,0.0,0.0,0.0,0.0,0.0,0.0,0.0,0.0,0.10471204188481678,0.5235602094240822,2.3887434554973828,8.409685863874348,11.969895287958119,5.130890052356022,1.0471204188481678,0.42539267015706816,4.335347432024169,2.8919206548567677,3.3333333333333335,1.247219128924647,0.7688734030197446,4.325925925925926,2.8702880405266775,4.342685370741483,2.9111999427647106,1.0038741867296237,0.4253,0.01982,0.0,0.0,0.0,0.0,0.0,0.0,0.0,0.0,0.0,0.0,0.07853403141361258,2.9057591623036605,16.839005235602098,9.659685863874348,0.5170157068062828,0.0,0.0,0.0,0.0,0.0,0.0,0.0,0.0,0.0,0.0,0.0,0.0,0.0,0.0,0.0,nan,nan,4.334339369550637,2.890910826822203,nan,0.4253,0.09784,0.0,0.0,0.0,0.0,0.0,0.0,0.0,0.0,0.0,0.0,0.0,0.0,0.0004908376963350785,0.00020724258289703316,0.0022905759162303663,0.00013089005235602096,0.0,6.544502617801048e-05,0.00018542757417102968,8.726003490401397e-05,0.0003163176265270506,0.0001417975567190227,0.0016470331588132635,0.007046247818499127,0.002432373472949389,0.021782286212914486,0.007100785340314136,0.019917102966841186,0.0071553228621291445,0.012783595113438045,0.020091623036649214,0.024836387434554973,0.032220767888307154,0.01719022687609075,0.02720331588132635,0.04262652705061082,0.0525087260034904,0.07035340314136125,0.05141797556719023,0.03256980802792321,0.019895287958115182,0.02900305410122164,0.01875,0.018259162303664922,0.012609075043630017,0.01806282722513089,0.05389397905759162,0.0481348167539267,0.06087478184991274,0.02994109947643979,0.03692190226876091,0.020287958115183247,0.009096858638743455,0.03453315881326353,0.009642233856893542,0.011005671902268761,0.027661431064572427,0.027508726003490403,0.007853403141361256,0.0016470331588132635,0.007264397905759163,0.0035231239092495636,0.004177574171029669,0.005322862129144851,0.02493455497382199,0.0009598603839441536,6.544502617801048e-05,0.0011889179755671902,0.002181500872600349,0.0,0.0,0.0,0.0,0.0,0.0,0.0,0.0,0.0,0.0,0.0,0.0,0.0,0.0,0.0,0.0,0.0,0.0,0.0,0.0,0.0,0.0,0.0,0.0,0.0,0.0,0.0,0.0,0.0,0.0,0.0,0.0,nan,nan,4.334339369550637,2.890910826822203,nan,0.8760104813437531,0.034755851031901104,0.0,0.0,0.0,0.0,0.0,0.0,0.0,0.0,0.0,0.0,0.0,0.0,0.0,0.0,0.0,0.0,0.0,0.0,0.0,0.0,0.0,0.0,0.11180124223602486,0.4968944099378867,2.236024844720497,8.434782608695654,12.385093167701866,4.906832298136647,1.080745341614907,0.34782608695652184,0.8760445294373592,0.03622030253719984,0.0,0.0,0.0,0.0,0.0,0.0,0.0,0.0,0.0,0.0,0.0,0.0,0.0,0.0,0.0,0.0,0.0,0.0,0.0,0.0,0.0,0.0,0.0968188105117566,0.5532503457814645,2.558782849239281,8.381742738589214,11.507607192254499,5.380359612724758,1.0096818810511758,0.5117565698478562,0.4253,0.01974,0.0,0.0,0.0,0.0,0.0,0.0,0.0,0.0,0.0,0.0,0.07453416149068325,3.0310559006211135,16.559006211180126,9.937888198757765,0.39751552795031064,0.0,0.0,0.0,0.0,0.0,0.0,0.0,0.0,0.0,0.0,0.0,0.0,0.0,0.0,0.0,0.4253,0.0199,0.0,0.0,0.0,0.0,0.0,0.0,0.0,0.0,0.0,0.0,0.08298755186721993,2.7662517289073265,17.150760719225453,9.34993084370678,0.6500691562932228,0.0,0.0,0.0,0.0,0.0,0.0,0.0,0.0,0.0,0.0,0.0,0.0,0.0,0.0,0.0
23900,4829,2438,0.5048664319734935,1121,1050,0.44957548146614207,1360,0.5632636156554152,0.46199999999999997,2.9615223755750733,3.059732950637185,6.504385964912281,2.0974040074171048,6649.800000000002,1.8189894035458565e-12,6649.8,6649.8,6649.800000000001,9.094947017729282e-13,6649.800000000001,9.094947017729282e-13,27.69869538206668,20.70324299243957,32.73222690116423,18.911089687619477,0.14433630151170015,0.09815696831642162,0.0888382687927107,0.0867674466763305,0.08241872023193207,0.07910540484572376,0.07082211638020294,0.06626630772416649,0.0561192793539035,0.04949264858148685,0.04949264858148685,0.03686063367156761,0.030441085110788982,0.026506523089666598,0.019465727893973907,0.009318699523710913,0.005591219714226548,0.8753041466167685,0.03554910545620814,0.0,0.0,0.0,0.0,0.0,0.0,0.0,0.0,0.0,0.0,0.0,0.0,0.0,0.0,0.0,0.0,0.0,0.0,0.0,0.0,0.0,0.0,0.0621246634914061,0.5839718368192155,2.5036239387036656,8.566991095464902,11.90308552495341,4.827086353282254,1.1182439428453097,0.4348726444398427,4.291399229781772,2.848969449702749,nan,nan,nan,4.2836107554417415,2.843930171266385,4.2992277992278,2.8540042850435636,1.0036457663120344,0.4263,0.0198,0.0,0.0,0.0,0.0,0.0,0.0,0.0,0.0,0.0,0.0,0.06833712984054671,2.7334851936218643,16.26423690205012,10.436943466556226,0.4969973079312488,0.0,0.0,0.0,0.0,0.0,0.0,0.0,0.0,0.0,0.0,0.0,0.0,0.0,0.0,0.0,nan,nan,4.291399229781772,2.848969449702749,nan,0.4263,0.0981,0.0,0.0,0.0,0.0,0.0,0.0,0.0,0.0,0.0,0.0,0.0,0.0,0.0003727479809484365,0.0003002692068751294,0.0018740940153240836,0.00019672810105611927,0.0,0.0,3.106233174570305e-05,5.1770552909505074e-05,5.1770552909505074e-05,9.318699523710913e-05,0.0018223234624145787,0.006409194450196728,0.0023917995444191343,0.020035203975978463,0.007351418513149721,0.02053220128390971,0.0075999171671153444,0.012062538827914682,0.020573617726237316,0.026030234002899152,0.03348519362186788,0.016483744046386417,0.02530544626216608,0.04437771795402775,0.051408159039138535,0.07070822116380203,0.05039345620211224,0.03140401739490578,0.0204183060675088,0.02929177883619797,0.020066266307724165,0.01856492027334852,0.013636363636363636,0.017591633878649825,0.05334437771795403,0.046904120936011595,0.05936011596603852,0.028815489749430524,0.0398322634085732,0.019331124456409193,0.009442948850693725,0.033640505280596394,0.009349761855456617,0.010530130461793331,0.028463449989645888,0.02805963967695175,0.007900186373990474,0.002257196106854421,0.007061503416856492,0.003768896251811969,0.004348726444398426,0.0051667011803686064,0.025864568233588736,0.0010147028370262995,8.283288465520812e-05,0.0016048871401946573,0.002940567405259888,0.0,0.0,0.0,0.0,0.0,0.0,0.0,0.0,0.0,0.0,0.0,0.0,0.0,0.0,0.0,0.0,0.0,0.0,0.0,0.0,0.0,0.0,0.0,0.0,0.0,0.0,0.0,0.0,0.0,0.0,0.0,0.0,nan,nan,4.291399229781772,2.848969449702749,nan,0.8757148993073965,0.03564056066806998,0.0,0.0,0.0,0.0,0.0,0.0,0.0,0.0,0.0,0.0,0.0,0.0,0.0,0.0,0.0,0.0,0.0,0.0,0.0,0.0,0.0,0.0,0.07383100902379,0.5783429040196865,2.473338802296965,8.465955701394588,11.837571780147664,4.983593109105825,1.0705496308449551,0.5168170631665301,0.8748853197410883,0.03545070947176848,0.0,0.0,0.0,0.0,0.0,0.0,0.0,0.0,0.0,0.0,0.0,0.0,0.0,0.0,0.0,0.0,0.0,0.0,0.0,0.0,0.0,0.0,0.05018820577164367,0.5897114178168112,2.534504391468005,8.670012547051444,11.969887076537017,4.667503136762861,1.1668757841907154,0.35131744040150575,0.426,0.01976,0.0,0.0,0.0,0.0,0.0,0.0,0.0,0.0,0.0,0.0,0.036915504511895,2.854799015586542,16.341263330598853,10.225594749794917,0.5414273995077934,0.0,0.0,0.0,0.0,0.0,0.0,0.0,0.0,0.0,0.0,0.0,0.0,0.0,0.0,0.0,0.4265,0.01987,0.0,0.0,0.0,0.0,0.0,0.0,0.0,0.0,0.0,0.0,0.10037641154328734,2.6097867001254667,16.185696361355085,10.65244667503137,0.45169385194479306,0.0,0.0,0.0,0.0,0.0,0.0,0.0,0.0,0.0,0.0,0.0,0.0,0.0,0.0,0.0
24000,4862,2539,0.5222130810366105,1209,951,0.444261620732209,1329,0.5466886055121349,0.47,3.0563925957813174,3.15489169612389,6.748865355521937,2.152404857414573,6649.800000000001,9.094947017729282e-13,6649.8,6649.8,6649.800000000001,9.094947017729282e-13,6649.800000000002,1.8189894035458565e-12,27.8558206499383,20.798972828656513,33.01431745248087,18.9483256405035,0.14603044014808722,0.097696421225833,0.08576717400246812,0.08926367749897161,0.08083093377211024,0.07342657342657342,0.07363225010283833,0.06375976964212259,0.05738379267791033,0.05429864253393665,0.04607157548334019,0.0390785684903332,0.03311394487865076,0.02653229123817359,0.016042780748663103,0.010900863842040313,0.006170300287947347,0.8740440813639879,0.03537856700354107,0.0,0.0,0.0,0.0,0.0,0.0,0.0,0.0,0.0,0.0,0.0,0.0,0.0,0.0,0.0,0.0,0.0,0.0,0.0,0.012340600575894697,0.006170300287947348,0.012340600575894697,0.08638420403126287,0.5121349238996282,2.486631016042781,8.971616618675444,11.970382558617855,4.510489510489511,1.1106540518305226,0.32085561497326215,4.346363345081705,2.9392318757141176,3.25,2.5860201081971503,0.7477515665315149,4.330140485312899,2.9189036160830844,4.359846055163566,2.9591105188713307,1.0068601861651887,0.4265,0.01953,0.0,0.0,0.0,0.0,0.0,0.0,0.0,0.0,0.0,0.0,0.04319210201563144,2.6223776223776185,16.301933360756895,10.464829288358704,0.567667626491156,0.0,0.0,0.0,0.0,0.0,0.0,0.0,0.0,0.0,0.0,0.0,0.0,0.0,0.0,0.0,nan,nan,4.34496,2.939068321492374,nan,0.4265,0.09863,0.0,0.0,0.0,0.0,0.0,0.0,0.0,0.0,0.0,0.0,0.0,2.0567667626491154e-05,0.00045248868778280545,0.00030851501439736734,0.0022110242698477993,8.227067050596462e-05,0.0,0.0,0.0,2.0567667626491154e-05,8.227067050596462e-05,0.00011312217194570136,0.0021287535993418346,0.007075277663512958,0.0024064171122994654,0.021472645002056766,0.007712875359934183,0.01962155491567256,0.00783628136569313,0.010715754833401892,0.02171945701357466,0.02544220485396956,0.03164335664335664,0.01672151378033731,0.02416700946112711,0.04308926367749897,0.04995886466474702,0.07228506787330317,0.05016454134101193,0.03202385849444673,0.019436445907034142,0.02983340189222542,0.021338955162484574,0.021760592348827643,0.013523241464417935,0.01672151378033731,0.049454956807897986,0.04413821472645002,0.06165158371040724,0.029247223364870425,0.04250308515014398,0.019148498560263266,0.009584533113944879,0.03257918552036199,0.009039489921842864,0.009995886466474702,0.028414232825997532,0.029936240230357878,0.007527766351295763,0.0024784039489921844,0.005779514603044014,0.0031777046482928837,0.00488482106129165,0.005872069107363225,0.026614561908679557,0.0010695187165775401,0.00014397367338543808,0.0017482517482517483,0.0028589058000822705,3.085150143973673e-05,1.0283833813245577e-05,0.0,2.0567667626491154e-05,0.0,0.0,0.0,0.0,0.0,0.0,0.0,0.0,0.0,0.0,0.0,0.0,0.0,0.0,0.0,0.0,0.0,0.0,0.0,0.0,0.0,0.0,0.0,0.0,0.0,0.0,0.0,0.0,nan,nan,4.34496,2.939068321492374,nan,0.8745954748493989,0.0348500234996592,0.0,0.0,0.0,0.0,0.0,0.0,0.0,0.0,0.0,0.0,0.0,0.0,0.0,0.0,0.0,0.0,0.0,0.0,0.0,0.02363135092556125,0.011815675462780626,0.011815675462780626,0.094525403702245,0.4017329657345399,2.197715636077196,9.062623079952738,12.181961402126824,4.667191807798346,1.1106734935013787,0.23631350925561248,0.8734414175415778,0.03593769318181717,0.0,0.0,0.0,0.0,0.0,0.0,0.0,0.0,0.0,0.0,0.0,0.0,0.0,0.0,0.0,0.0,0.0,0.0,0.0,0.0,0.0,0.012914334911752048,0.07748600947051228,0.6328024106758482,2.8024106758501945,8.872148084373656,11.739130434782611,4.339216530348688,1.110632802410676,0.41325871717606555,0.4263,0.0198,0.0,0.0,0.0,0.0,0.0,0.0,0.0,0.0,0.0,0.0,0.05907837731390312,2.7530523828278812,16.152028357621113,10.433241433635292,0.6025994486018118,0.0,0.0,0.0,0.0,0.0,0.0,0.0,0.0,0.0,0.0,0.0,0.0,0.0,0.0,0.0,0.4268,0.01923,0.0,0.0,0.0,0.0,0.0,0.0,0.0,0.0,0.0,0.0,0.025828669823504097,2.479552303056389,16.46577701248386,10.499354283254414,0.5294877313818339,0.0,0.0,0.0,0.0,0.0,0.0,0.0,0.0,0.0,0.0,0.0,0.0,0.0,0.0,0.0
24100,5062,2526,0.49901224812327144,1176,1080,0.4456736467799289,1447,0.5717107862504939,0.46199999999999997,2.996845425867508,3.1663883661444787,6.855051244509517,2.1002161477015964,6649.800000000002,1.8189894035458565e-12,6649.8,6649.8,6649.800000000002,1.8189894035458565e-12,6649.800000000002,1.8189894035458565e-12,27.34887396286053,20.64454245712038,32.5134427789674,18.853530827640885,0.14598972738048202,0.10450414855788226,0.09205847491110233,0.08474911102331094,0.08316870802054524,0.07408139075464243,0.06835242986961675,0.06282101935993678,0.057092058474911105,0.05136309758988542,0.047214539707625444,0.04148557882259976,0.031015408929276966,0.024891347293559858,0.016791781904385617,0.009877518767285659,0.004543658632951403,0.8740657662412763,0.0344483534020102,0.0,0.0,0.0,0.0,0.0,0.0,0.0,0.0,0.0,0.0,0.0,0.0,0.0,0.0,0.0,0.0,0.0,0.0,0.0,0.0,0.0,0.0,0.07111813512445675,0.6045041485578804,2.4061635717107865,8.895693401817464,12.048597392335049,4.705649940734888,0.9600948241801661,0.3081785855393126,4.506046511627907,2.970664430834854,nan,nan,nan,4.472431077694235,2.986790778162723,4.538980969920196,2.9544085015223347,1.0148800263368778,0.4277,0.02016,0.0,0.0,0.0,0.0,0.0,0.0,0.0,0.0,0.0,0.0,0.035559067562228375,2.5424733306993246,15.385223231924144,11.29000395100751,0.7408139075464245,0.005926511260371396,0.0,0.0,0.0,0.0,0.0,0.0,0.0,0.0,0.0,0.0,0.0,0.0,0.0,0.0,nan,nan,4.506046511627907,2.970664430834854,nan,0.4277,0.09894,0.0,0.0,0.0,0.0,0.0,0.0,0.0,0.0,0.0,0.0,0.0,0.0,0.00031608060055314107,0.0003062030817858554,0.0028150928486764125,7.902015013828527e-05,0.0,9.877518767285658e-06,0.0,0.00010865270644014224,9.877518767285658e-06,0.00017779533781114184,0.0019261161596207032,0.007516791781904386,0.0022915843540102726,0.021483603318846307,0.0074674041880679574,0.01845120505728961,0.007329118925325958,0.010539312524693797,0.021740418806795732,0.02611615962070328,0.029197945476096405,0.01594231529039905,0.022718293164757014,0.043233899644409324,0.049061635717107865,0.06931054919004347,0.05265705254839984,0.031450019755037535,0.019636507309363886,0.030748715922560253,0.022066376926116158,0.022629395495851443,0.012070327933623073,0.016821414460687474,0.04885420782299486,0.04320426708810747,0.06332477281706836,0.02948439352034769,0.04193006716712762,0.020288423548004742,0.010904780719083367,0.03248715922560253,0.008761359146582378,0.009344132753852232,0.03112406163571711,0.031795732911892534,0.008069932832872382,0.002163176610035559,0.006647570130383248,0.0025582773607269855,0.004721453970762545,0.005146187277755828,0.025780323982615566,0.0016693006716712762,4.938759383642829e-05,0.0018075859344132753,0.0036250493875938363,2.9632556301856973e-05,0.0,0.0,0.0,0.0,0.0,0.0,0.0,0.0,0.0,0.0,0.0,0.0,0.0,0.0,0.0,0.0,0.0,0.0,0.0,0.0,0.0,0.0,0.0,0.0,0.0,0.0,0.0,0.0,0.0,0.0,0.0,nan,nan,4.506046511627907,2.970664430834854,nan,0.8743696442126095,0.03443255300890574,0.0,0.0,0.0,0.0,0.0,0.0,0.0,0.0,0.0,0.0,0.0,0.0,0.0,0.0,0.0,0.0,0.0,0.0,0.0,0.0,0.0,0.0,0.07125890736342044,0.6057007125890718,2.280285035629454,8.776722090261284,12.387173396674587,4.524940617577198,1.0451306413301664,0.30878859857482194,0.8737630865269279,0.034461420650034595,0.0,0.0,0.0,0.0,0.0,0.0,0.0,0.0,0.0,0.0,0.0,0.0,0.0,0.0,0.0,0.0,0.0,0.0,0.0,0.0,0.0,0.0,0.07097791798107257,0.6033123028391149,2.531545741324922,9.014195583596216,11.711356466876975,4.885646687697163,0.8753943217665617,0.30757097791798116,0.428,0.02014,0.0,0.0,0.0,0.0,0.0,0.0,0.0,0.0,0.0,0.0,0.03562945368171022,2.565320665083132,15.344418052256534,11.25890736342043,0.795724465558195,0.0,0.0,0.0,0.0,0.0,0.0,0.0,0.0,0.0,0.0,0.0,0.0,0.0,0.0,0.0,0.4277,0.02017,0.0,0.0,0.0,0.0,0.0,0.0,0.0,0.0,0.0,0.0,0.035488958990536286,2.5197160883280723,15.425867507886439,11.320977917981075,0.6861198738170349,0.011829652996845429,0.0,0.0,0.0,0.0,0.0,0.0,0.0,0.0,0.0,0.0,0.0,0.0,0.0,0.0
24200,4542,2251,0.495596653456627,1042,968,0.4425363276089828,1292,0.5689123734037869,0.44999999999999996,2.90615451767787,2.994890397773371,6.248888888888889,2.09344184668027,6649.800000000001,9.094947017729282e-13,6649.8,6649.8,6649.800000000002,1.8189894035458565e-12,6649.800000000001,9.094947017729282e-13,28.15962131219727,21.0549974642257,33.18923884514436,19.25953803852493,0.14244826067811536,0.09863496257155438,0.09092910612065169,0.08652575957727873,0.07397622192866579,0.07067371202113606,0.0726552179656539,0.06649053280493175,0.06142668428005284,0.05063848524878908,0.04711580801409071,0.040290620871862616,0.03500660501981506,0.025759577278731835,0.018494055482166448,0.011228533685601057,0.007705856450902686,0.8744490280491515,0.035436510725302975,0.0,0.0,0.0,0.0,0.0,0.0,0.0,0.0,0.0,0.0,0.0,0.0,0.0,0.0,0.0,0.0,0.0,0.0,0.0,0.0,0.0,0.026420079260237785,0.1122853368560106,0.46895640686921913,2.5561426684280057,8.923381770145312,11.69749009247028,4.821664464993396,1.036988110964333,0.35667107001321013,4.311301369863013,2.7913778116296615,2.125,1.964529205687714,0.49289061879418544,4.2648870636550305,2.783358277956172,4.34560327198364,2.799573823480661,1.0189257551545656,0.4272,0.01988,0.0,0.0,0.0,0.0,0.0,0.0,0.0,0.0,0.0,0.0,0.026420079260237785,2.5429326287978826,15.88507265521797,10.87186261558785,0.6671070013210041,0.006605019815059446,0.0,0.0,0.0,0.0,0.0,0.0,0.0,0.0,0.0,0.0,0.0,0.0,0.0,0.0,nan,nan,4.305327868852459,2.791786162024095,nan,0.4272,0.0987,0.0,0.0,0.0,0.0,0.0,0.0,0.0,0.0,0.0,0.0,0.0,0.0,0.00027520915896081023,0.00033025099075297226,0.0026530162923822107,1.1008366358432408e-05,0.0,0.0,0.0,0.0001321003963011889,0.0,0.0001210920299427565,0.0019815059445178335,0.007474680757375606,0.0023007485689123734,0.02225891677675033,0.007694848084544253,0.019451783355350066,0.007210479964773228,0.009478203434610304,0.022963452223690003,0.027179656538969615,0.028742844561867018,0.01732716864817261,0.020816820783795684,0.04225011008366358,0.04775429326287979,0.06972699251431087,0.05137604579480405,0.032419638925583444,0.020398502862175254,0.031836195508586525,0.022688243064729195,0.02253412593571114,0.012417437252311756,0.01596213121972699,0.0464002642007926,0.044374724790841036,0.06446499339498019,0.02993174812857772,0.04236019374724791,0.02115808014090709,0.010975341259357112,0.03244165565830031,0.00671510347864377,0.009202994275649494,0.03185821224130339,0.03098855129898723,0.008080140907089388,0.0017283135182738882,0.007188463232056363,0.002851166886833994,0.00566930867459269,0.004898723029502422,0.024119330691325408,0.0014090708938793483,4.403346543372963e-05,0.0018714222809335095,0.0034125935711140465,8.806693086745927e-05,0.0,0.0,0.0,0.0,0.0,0.0,0.0,0.0,0.0,0.0,0.0,0.0,0.0,0.0,0.0,0.0,0.0,0.0,0.0,0.0,0.0,0.0,0.0,0.0,0.0,0.0,0.0,0.0,0.0,0.0,0.0,nan,nan,4.305327868852459,2.791786162024095,nan,0.8744386668631047,0.0348246840885434,0.0,0.0,0.0,0.0,0.0,0.0,0.0,0.0,0.0,0.0,0.0,0.0,0.0,0.0,0.0,0.0,0.0,0.0,0.0,0.0,0.0,0.0399822301199467,0.09329187027987564,0.39982230119946566,2.518880497556642,9.12927587738783,11.528209684584633,5.064415815193248,0.919591292758774,0.30653043091959137,0.8744592083327795,0.03602753398712916,0.0,0.0,0.0,0.0,0.0,0.0,0.0,0.0,0.0,0.0,0.0,0.0,0.0,0.0,0.0,0.0,0.0,0.0,0.0,0.0,0.0,0.013094718463553036,0.13094718463553037,0.5368834570056726,2.5927542557835013,8.721082496726321,11.863814927979051,4.5831514622435625,1.1523352247926673,0.4059362723701441,0.427,0.02007,0.0,0.0,0.0,0.0,0.0,0.0,0.0,0.0,0.0,0.0,0.05330964015992894,2.4922256774766733,16.07285650821857,10.715237672145715,0.6663705019991116,0.0,0.0,0.0,0.0,0.0,0.0,0.0,0.0,0.0,0.0,0.0,0.0,0.0,0.0,0.0,0.4275,0.01971,0.0,0.0,0.0,0.0,0.0,0.0,0.0,0.0,0.0,0.0,0.0,2.5927542557834973,15.70056743780009,11.025752946311657,0.6678306416412048,0.013094718463553036,0.0,0.0,0.0,0.0,0.0,0.0,0.0,0.0,0.0,0.0,0.0,0.0,0.0,0.0
24300,4691,2382,0.5077808569601364,1113,971,0.4442549562992965,1340,0.5713067576209764,0.43399999999999994,2.936336076223473,2.960519879550383,6.302290076335878,2.0053921833360904,6649.800000000001,9.094947017729282e-13,6649.8,6649.8,6649.8,0.0,6649.800000000001,9.094947017729282e-13,28.104881688339372,20.724453255493778,32.951983826130906,18.932296790022743,0.1357919420166276,0.10253677254316777,0.09123854188872309,0.08782775527606054,0.07077382221274782,0.07311873800895331,0.07162651886591345,0.075037305478576,0.05435941163930932,0.054785759965892133,0.04839053506714986,0.04327435514815604,0.03304199531016841,0.027499467064591773,0.014069494777232999,0.01151140481773609,0.005116179918993818,0.8749513815674693,0.03521524360010831,0.0,0.0,0.0,0.0,0.0,0.0,0.0,0.0,0.0,0.0,0.0,0.0,0.0,0.0,0.0,0.0,0.0,0.0,0.0,0.0,0.0,0.04476657429119592,0.04476657429119592,0.5499893412918336,2.462161586015775,8.627158388403327,12.15092730761032,4.681304625879344,1.0807930078874441,0.35813259432956734,4.302356455360107,2.7341282780462457,5.571428571428571,1.9166296949998198,1.2949714021225245,4.30511811023622,2.7233702389669525,4.30548128342246,2.7431727421910486,1.0000843584721582,0.427,0.02,0.0,0.0,0.0,0.0,0.0,0.0,0.0,0.0,0.0,0.0,0.05116179918993819,2.692389682370493,15.591558303133663,11.01897250053294,0.6459177147729697,0.0,0.0,0.0,0.0,0.0,0.0,0.0,0.0,0.0,0.0,0.0,0.0,0.0,0.0,0.0,nan,nan,4.305298013245033,2.733197629526455,nan,0.427,0.0992,0.0,0.0,0.0,0.0,0.0,0.0,0.0,0.0,0.0,0.0,0.0,0.0,0.00030910253677254314,0.0007141334470262204,0.0021104242165849497,3.197612449371136e-05,0.0,0.0,0.0,5.329354082285227e-05,0.0,7.461095715199318e-05,0.0021743764655723728,0.0066510338946919635,0.002376891920699211,0.023896823704966957,0.008697505862289491,0.019366872735024514,0.007546365380515881,0.008942656150074611,0.024078021743764656,0.025900660839906203,0.031837561287571946,0.01617991899381795,0.020731187380089534,0.04122788318055852,0.045011724578981026,0.07153059049243232,0.05184395651247069,0.034043913877638034,0.0213920272862929,0.030377318269025795,0.02160520144958431,0.02325730121509273,0.012960989128117672,0.015572372628437433,0.04413771050948625,0.04217650820720529,0.06426135152419526,0.03100618205073545,0.04276273715625666,0.021498614367938606,0.010786612662545299,0.030856960136431466,0.007034747388616499,0.009560861223619698,0.031592410999786824,0.030899594969089745,0.007791515668301002,0.0019612023022809637,0.007247921551907909,0.0028778512044340225,0.0065977403538691115,0.004625879343423577,0.025527606054146237,0.0009592837348113409,0.00019185674696226818,0.0015881475165209977,0.0034640801534853976,8.526966531656363e-05,0.0,0.0,1.0658708164570453e-05,0.0,0.0,0.0,0.0,0.0,0.0,0.0,0.0,0.0,0.0,0.0,0.0,0.0,0.0,0.0,0.0,0.0,0.0,0.0,0.0,0.0,0.0,0.0,0.0,0.0,0.0,0.0,0.0,nan,nan,4.305298013245033,2.733197629526455,nan,0.8749145904726385,0.035303684233742375,0.0,0.0,0.0,0.0,0.0,0.0,0.0,0.0,0.0,0.0,0.0,0.0,0.0,0.0,0.0,0.0,0.0,0.0,0.0,0.0,0.0,0.06297229219143578,0.050377833753148624,0.49118387909319744,2.4685138539042826,8.627204030226702,12.141057934508819,4.785894206549119,0.9949622166246853,0.3778337531486147,0.8749893358281393,0.03512373313231611,0.0,0.0,0.0,0.0,0.0,0.0,0.0,0.0,0.0,0.0,0.0,0.0,0.0,0.0,0.0,0.0,0.0,0.0,0.0,0.0,0.0,0.025985275010827202,0.038977912516240804,0.6106539627544373,2.4556084885231706,8.627111303594631,12.161108705067132,4.573408401905588,1.169337375487224,0.3378085751407537,0.4272,0.0196,0.0,0.0,0.0,0.0,0.0,0.0,0.0,0.0,0.0,0.0,0.050377833753148624,2.481108312342566,15.831234256926955,11.03274559193955,0.6045340050377834,0.0,0.0,0.0,0.0,0.0,0.0,0.0,0.0,0.0,0.0,0.0,0.0,0.0,0.0,0.0,0.427,0.02042,0.0,0.0,0.0,0.0,0.0,0.0,0.0,0.0,0.0,0.0,0.051970550021654405,2.910350801212642,15.344304893893463,11.00476396708532,0.688609787786921,0.0,0.0,0.0,0.0,0.0,0.0,0.0,0.0,0.0,0.0,0.0,0.0,0.0,0.0,0.0
24400,4687,2369,0.5054405803285684,1083,988,0.4418604651162791,1340,0.571794324727971,0.45799999999999996,2.8955996548748923,3.0253983199187617,6.480421686746988,2.0636503662753727,6649.800000000002,1.8189894035458565e-12,6649.8,6649.8,6649.800000000001,9.094947017729282e-13,6649.800000000001,9.094947017729282e-13,27.592703221676977,20.916077192910407,32.93032258064516,19.08010405798888,0.15190953701728185,0.10027736291871132,0.09259654363132068,0.08256880733944955,0.07574141241732452,0.07659483678259014,0.07019415404309794,0.06229997866439087,0.05781950074674632,0.05184553018988692,0.048218476637508,0.03797738425432046,0.031149989332195434,0.02645615532323448,0.016428419031363346,0.012161297205035204,0.005760614465542991,0.8744741551449285,0.03498427413813847,0.0,0.0,0.0,0.0,0.0,0.0,0.0,0.0,0.0,0.0,0.0,0.0,0.0,0.0,0.0,0.0,0.0,0.0,0.0,0.0,0.0,0.006400682739492214,0.11521228931085985,0.4928525709408988,2.368252613612119,8.839342863238747,12.065286963942823,4.755707275442715,0.9729037764028164,0.38404096436953283,4.2980866062437055,2.8132723306373135,3.6666666666666665,3.197221015541813,0.8530927835051547,4.35752688172043,2.791090339192811,4.236472945891784,2.835773075543038,0.9722195779591262,0.4275,0.0198,0.0,0.0,0.0,0.0,0.0,0.0,0.0,0.0,0.0,0.0,0.025602730957968858,2.489865585662467,16.129720503520378,10.599530616599107,0.7552805632600813,0.0,0.0,0.0,0.0,0.0,0.0,0.0,0.0,0.0,0.0,0.0,0.0,0.0,0.0,0.0,nan,nan,4.296817420435511,2.8142387283119805,nan,0.4275,0.0994,0.0,0.0,0.0,0.0,0.0,0.0,0.0,0.0,0.0,0.0,0.0,0.0,0.0002773629187113292,0.00040537657350117346,0.0019308726264134842,0.0,0.0,0.0,0.0,0.00028803072327714954,0.0,0.0002773629187113292,0.0012588009387668017,0.007275442713889481,0.0029976530829955196,0.024205248559846383,0.008864945594196713,0.019084702368252614,0.008374226584168977,0.008096863665457648,0.02445060806486025,0.02560273095796885,0.029912524002560274,0.017036483891615106,0.021463622786430554,0.044068700661403885,0.044186046511627906,0.06834862385321101,0.05369106037977384,0.03169404736505227,0.0211222530403243,0.029059099637294646,0.020834222317047152,0.025144015361638575,0.013388094730104544,0.016065713676125453,0.04524215916364412,0.03962022615745679,0.06623639854917858,0.03135267761894602,0.04431406016641775,0.019394068700661404,0.008939620226157456,0.03078728397695754,0.00721143588649456,0.010294431406016642,0.03078728397695754,0.031683379560486453,0.008096863665457648,0.0019415404309793044,0.007126093449967997,0.0029976530829955196,0.00753147002346917,0.004757840836355878,0.02617879240452315,0.0009707702154896522,0.0002346917004480478,0.0014081502026882867,0.003456368679325795,3.2003413697461066e-05,0.0,0.0,0.0,0.0,0.0,0.0,0.0,0.0,0.0,0.0,0.0,0.0,0.0,0.0,0.0,0.0,0.0,0.0,0.0,0.0,0.0,0.0,0.0,0.0,0.0,0.0,0.0,0.0,0.0,0.0,0.0,nan,nan,4.296817420435511,2.8142387283119805,nan,0.8743070428660269,0.0339987779200204,0.0,0.0,0.0,0.0,0.0,0.0,0.0,0.0,0.0,0.0,0.0,0.0,0.0,0.0,0.0,0.0,0.0,0.0,0.0,0.0,0.0,0.0,0.1139721401435205,0.4685521317011383,2.266779231743352,8.851836217813425,12.321654706627273,4.7235120303925715,0.9497678345293374,0.303925707049388,0.8746449441823392,0.03596275847559551,0.0,0.0,0.0,0.0,0.0,0.0,0.0,0.0,0.0,0.0,0.0,0.0,0.0,0.0,0.0,0.0,0.0,0.0,0.0,0.0,0.0,0.01294219154443486,0.11647972389991375,0.5176876617773928,2.4719585849870582,8.826574633304574,11.803278688524593,4.788610871440898,0.9965487489214843,0.465918895599655,0.4272,0.01955,0.0,0.0,0.0,0.0,0.0,0.0,0.0,0.0,0.0,0.0,0.012663571127057833,2.444069227522158,16.399324609539892,10.434782608695656,0.7091599831152386,0.0,0.0,0.0,0.0,0.0,0.0,0.0,0.0,0.0,0.0,0.0,0.0,0.0,0.0,0.0,0.4277,0.02007,0.0,0.0,0.0,0.0,0.0,0.0,0.0,0.0,0.0,0.0,0.03882657463330458,2.5366695427092285,15.854184641932704,10.767903364969804,0.8024158757549613,0.0,0.0,0.0,0.0,0.0,0.0,0.0,0.0,0.0,0.0,0.0,0.0,0.0,0.0,0.0
24500,4695,2410,0.5133120340788072,1105,970,0.44195953141640043,1336,0.5691160809371671,0.46199999999999997,2.998687089715536,3.0673687439719965,6.431784107946027,2.1368636297810806,6649.800000000002,1.8189894035458565e-12,6649.8,6649.8,6649.800000000001,9.094947017729282e-13,6649.800000000002,1.8189894035458565e-12,28.192332268370606,21.158740387213903,33.28763987792472,19.344586879293544,0.14313099041533547,0.09989350372736955,0.08604898828541001,0.08945686900958466,0.08200212992545261,0.06645367412140575,0.06751863684771033,0.0645367412140575,0.0645367412140575,0.04898828541001065,0.04387646432374867,0.044941427050053245,0.03407880724174654,0.027476038338658148,0.0174653887113951,0.012140575079872205,0.007454739084132056,0.8744197033972532,0.03523617928236043,0.0,0.0,0.0,0.0,0.0,0.0,0.0,0.0,0.0,0.0,0.0,0.0,0.0,0.0,0.0,0.0,0.0,0.0,0.0,0.0,0.0,0.0063897763578274775,0.08945686900958469,0.5495207667731612,2.447284345047924,8.93929712460064,12.108626198083071,4.370607028753994,1.0479233226837064,0.44089456869009597,4.250738431243846,2.840494130370642,2.6666666666666665,1.247219128924647,0.6273419806464896,4.249507550886408,2.8285649132714616,4.2488539620170265,2.8509623938835578,0.9998461965624122,0.427,0.02026,0.0,0.0,0.0,0.0,0.0,0.0,0.0,0.0,0.0,0.0,0.03833865814696486,2.7987220447284304,15.699680511182112,10.773162939297128,0.6900958466453676,0.0,0.0,0.0,0.0,0.0,0.0,0.0,0.0,0.0,0.0,0.0,0.0,0.0,0.0,0.0,nan,nan,4.249180327868852,2.8398004403923087,nan,0.427,0.0992,0.0,0.0,0.0,0.0,0.0,0.0,0.0,0.0,0.0,0.0,0.0,0.0,0.0005218317358892439,0.0003514376996805112,0.0020553780617678383,0.0,0.0,0.0,0.0,0.00025559105431309905,0.0,0.0005218317358892439,0.0016187433439829606,0.007273695420660277,0.002609158679446219,0.023556975505857294,0.009818956336528222,0.01898828541001065,0.008775292864749734,0.008391906283280084,0.02382321618743344,0.026751863684771032,0.02799787007454739,0.017486687965921194,0.02179978700745474,0.04626198083067093,0.041458998935037274,0.0653248136315229,0.05596379126730564,0.030489882854100106,0.021235356762513313,0.029307774227902022,0.022257720979765708,0.024579339723109692,0.013525026624068157,0.016496272630457935,0.04233226837060703,0.04034078807241746,0.06722044728434505,0.03315228966986156,0.044952076677316294,0.019776357827476037,0.007965921192758253,0.03225772097976571,0.007912673056443024,0.010649627263045794,0.030489882854100106,0.03212992545260916,0.007507987220447284,0.0016080937167199149,0.005505857294994675,0.0030777422790202345,0.007231096911608094,0.005750798722044728,0.025399361022364217,0.000777422790202343,0.00021299254526091586,0.0010436634717784878,0.0031842385516506924,0.0,2.1299254526091586e-05,0.0,0.0,0.0,0.0,0.0,0.0,0.0,0.0,0.0,0.0,0.0,0.0,0.0,0.0,0.0,0.0,0.0,0.0,0.0,0.0,0.0,0.0,0.0,0.0,0.0,0.0,0.0,0.0,0.0,0.0,nan,nan,4.249180327868852,2.8398004403923087,nan,0.87323027510366,0.03514012051855958,0.0,0.0,0.0,0.0,0.0,0.0,0.0,0.0,0.0,0.0,0.0,0.0,0.0,0.0,0.0,0.0,0.0,0.0,0.0,0.0,0.0,0.01244813278008299,0.1120331950207469,0.6099585062240646,2.6016597510373454,8.912863070539421,12.211618257261414,4.195020746887968,0.8838174273858923,0.4605809128630706,0.8756741988841501,0.03529380280915884,0.0,0.0,0.0,0.0,0.0,0.0,0.0,0.0,0.0,0.0,0.0,0.0,0.0,0.0,0.0,0.0,0.0,0.0,0.0,0.0,0.0,0.0,0.06564551422319476,0.48577680525163963,2.284463894967178,8.967177242888404,12.000000000000004,4.555798687089716,1.2210065645514225,0.4201312910284465,0.427,0.02039,0.0,0.0,0.0,0.0,0.0,0.0,0.0,0.0,0.0,0.0,0.04979253112033196,2.999999999999996,15.497925311203323,10.78008298755187,0.6721991701244815,0.0,0.0,0.0,0.0,0.0,0.0,0.0,0.0,0.0,0.0,0.0,0.0,0.0,0.0,0.0,0.4272,0.02013,0.0,0.0,0.0,0.0,0.0,0.0,0.0,0.0,0.0,0.0,0.026258205689277905,2.5864332603938696,15.91247264770241,10.765864332603941,0.7089715536105035,0.0,0.0,0.0,0.0,0.0,0.0,0.0,0.0,0.0,0.0,0.0,0.0,0.0,0.0,0.0
24600,4792,2453,0.5118948247078464,1167,967,0.4453255425709516,1365,0.5696994991652755,0.45799999999999996,3.0282171868319794,3.043094894203927,6.456973293768546,2.0704406222364016,6649.800000000002,1.8189894035458565e-12,6649.8,6649.8,6649.800000000001,9.094947017729282e-13,6649.800000000001,9.094947017729282e-13,27.6809265442404,20.943247188874597,32.88978157167964,19.14056395665897,0.14774624373956594,0.09766277128547579,0.09620200333889817,0.08263772954924875,0.08159432387312186,0.06844741235392321,0.07470784641068448,0.06323038397328881,0.0590567612687813,0.05363105175292154,0.045075125208681135,0.03547579298831385,0.031302170283806344,0.025667779632721203,0.018781302170283808,0.011477462437395659,0.007303839732888147,0.8748255296795316,0.034732670084442405,0.0,0.0,0.0,0.0,0.0,0.0,0.0,0.0,0.0,0.0,0.0,0.0,0.0,0.0,0.0,0.0,0.0,0.0,0.0,0.0,0.0,0.018781302170283808,0.11894824707846413,0.5947412353923187,2.253756260434057,8.514190317195327,12.32679465776294,4.895659432387313,1.0267111853088482,0.2504173622704508,4.342913128674069,2.7863119055319854,6.4,3.7735924528226414,1.4736652128139571,4.375,2.7855419777751766,4.317738791423002,2.7930138561965427,0.9869117237538291,0.427,0.0201,0.0,0.0,0.0,0.0,0.0,0.0,0.0,0.0,0.0,0.0,0.06886477462437397,2.560517529215355,15.951585976627715,10.724123539232057,0.694908180300501,0.0,0.0,0.0,0.0,0.0,0.0,0.0,0.0,0.0,0.0,0.0,0.0,0.0,0.0,0.0,nan,nan,4.346266710140202,2.789440751215601,nan,0.427,0.0991,0.0,0.0,0.0,0.0,0.0,0.0,0.0,0.0,0.0,0.0,0.0,0.0,0.00036519198664440735,0.00037562604340567613,0.001815525876460768,0.0,0.0,0.0,0.0,9.390651085141903e-05,2.0868113522537563e-05,0.0002608514190317195,0.0019511686143572622,0.00667779632721202,0.003672787979966611,0.022391485809682806,0.010173205342237061,0.02046118530884808,0.009985392320534223,0.008336811352253757,0.022725375626043407,0.02731636060100167,0.0282762938230384,0.018426544240400668,0.021963689482470784,0.04283180300500835,0.040807595993322204,0.06328255425709516,0.05906719532554257,0.031041318864774625,0.021379382303839733,0.031187395659432387,0.022287145242070115,0.02356010016694491,0.013731218697829716,0.017581385642737896,0.04152754590984975,0.03896076794657763,0.06635016694490818,0.03475584307178631,0.04356218697829716,0.019668196994991654,0.0080550918196995,0.03373330550918197,0.005749165275459099,0.010340150250417362,0.029058848080133554,0.03482888146911519,0.008347245409015025,0.0014712020033388982,0.004497078464106845,0.003432804674457429,0.0062708681135225375,0.006145659432387312,0.026262520868113523,0.0006886477462437396,0.00041736227045075126,0.0008973288814691152,0.0029006677796327212,0.0,3.130217028380634e-05,0.0,0.0,0.0,0.0,0.0,0.0,0.0,0.0,0.0,0.0,0.0,0.0,0.0,0.0,0.0,0.0,0.0,0.0,0.0,0.0,0.0,0.0,0.0,0.0,0.0,0.0,0.0,0.0,0.0,0.0,nan,nan,4.346266710140202,2.789440751215601,nan,0.8744174856047119,0.03387744891471611,0.0,0.0,0.0,0.0,0.0,0.0,0.0,0.0,0.0,0.0,0.0,0.0,0.0,0.0,0.0,0.0,0.0,0.0,0.0,0.0,0.0,0.012229922543823893,0.08560945780676725,0.6237260497350164,2.3236852833265393,8.695474928658786,12.107623318385652,5.002038320423972,0.9417040358744396,0.20790868324500617,0.8752534613236244,0.03560248999325574,0.0,0.0,0.0,0.0,0.0,0.0,0.0,0.0,0.0,0.0,0.0,0.0,0.0,0.0,0.0,0.0,0.0,0.0,0.0,0.0,0.0,0.02565198802907226,0.15391192817443355,0.5643437366395878,2.1804189824711417,8.324070115433948,12.556648140230871,4.784095767421976,1.1158614792646433,0.29499786233433095,0.427,0.02026,0.0,0.0,0.0,0.0,0.0,0.0,0.0,0.0,0.0,0.0,0.09783938035059114,2.4826742763962457,16.18018752547901,10.529963310232372,0.7093355075417858,0.0,0.0,0.0,0.0,0.0,0.0,0.0,0.0,0.0,0.0,0.0,0.0,0.0,0.0,0.0,0.427,0.01991,0.0,0.0,0.0,0.0,0.0,0.0,0.0,0.0,0.0,0.0,0.03847798204360839,2.6421547669944383,15.711842667806758,10.927746900384783,0.679777682770415,0.0,0.0,0.0,0.0,0.0,0.0,0.0,0.0,0.0,0.0,0.0,0.0,0.0,0.0,0.0
24700,4761,2372,0.49821466078554927,1114,983,0.44045368620037806,1350,0.5671077504725898,0.45399999999999996,2.9460025115110926,3.07449263283308,6.562874251497006,2.0283762721824035,6649.800000000001,9.094947017729282e-13,6649.8,6649.8,6649.8,0.0,6649.800000000001,9.094947017729282e-13,27.30959882377652,20.65510607882328,32.31169811320755,18.94261978413289,0.14639781558496115,0.10186935517748372,0.09619827767275782,0.08695652173913043,0.0810754043268221,0.07456416719176644,0.06490233144297416,0.06889308968704054,0.05650073513967654,0.04914933837429111,0.04620877966813695,0.03780718336483932,0.032346145767695865,0.026254988447805085,0.014702793530770846,0.010922075194286915,0.005250997689561016,0.8761882818914516,0.035615136025519266,0.0,0.0,0.0,0.0,0.0,0.0,0.0,0.0,0.0,0.0,0.0,0.0,0.0,0.0,0.0,0.0,0.0,0.0,0.0,0.0,0.0,0.012602394454946443,0.08191556395715188,0.5040957781978561,2.3503465658475116,8.664146187775678,11.745431632010085,4.959042218021425,1.3169502205419032,0.3654694391934469,4.36936936936937,2.83008458320904,3.5,2.692582403567252,0.8010309278350515,4.332666666666666,2.8148415388594947,4.403730846102598,2.844790124234227,1.0164019494005074,0.4263,0.02011,0.0,0.0,0.0,0.0,0.0,0.0,0.0,0.0,0.0,0.0,0.05040957781978577,2.9615626969124094,15.822306238185257,10.567107750472593,0.598613736609956,0.0,0.0,0.0,0.0,0.0,0.0,0.0,0.0,0.0,0.0,0.0,0.0,0.0,0.0,0.0,nan,nan,4.368210596467844,2.830083503966129,nan,0.4263,0.0995,0.0,0.0,0.0,0.0,0.0,0.0,0.0,0.0,0.0,0.0,0.0,0.0,0.00014702793530770847,0.0004410838059231254,0.001942869145137576,0.0,0.0,1.0501995379122034e-05,0.0,6.30119722747322e-05,8.401596303297627e-05,0.00028355387523629487,0.0017853392144507457,0.007929006511237135,0.004074774207099349,0.021098508716656163,0.011268641041797941,0.021245536651963874,0.011405166981726528,0.008685150178533921,0.022579290065112372,0.027147658055030457,0.028502415458937197,0.01874606175173283,0.02401806343205209,0.04054820415879017,0.04181894559966393,0.06164671287544633,0.05770846460827557,0.0315059861373661,0.01952320940978786,0.03260869565217391,0.022484772106700274,0.023681999579920184,0.014734299516908212,0.017380802352446965,0.039477000630119725,0.039865574459147235,0.06717076244486453,0.0347931106910313,0.04025414828817475,0.020993488762864946,0.008485612266330603,0.03332283133795421,0.006332703213610586,0.010932577189666037,0.027588741860953583,0.03500315059861374,0.008013022474270111,0.0017958412098298677,0.004400336063852132,0.003161100609115732,0.005545053560176433,0.006406217181264441,0.026275992438563326,0.000651123713505566,0.000651123713505566,0.0010396975425330812,0.002625498844780508,0.0,7.351396765385423e-05,3.15059861373661e-05,0.0,1.0501995379122034e-05,0.0,0.0,0.0,0.0,0.0,0.0,0.0,0.0,0.0,0.0,0.0,0.0,0.0,0.0,0.0,0.0,0.0,0.0,0.0,0.0,0.0,0.0,0.0,0.0,0.0,0.0,0.0,nan,nan,4.368210596467844,2.830083503966129,nan,0.8768173979366006,0.03569972878722006,0.0,0.0,0.0,0.0,0.0,0.0,0.0,0.0,0.0,0.0,0.0,0.0,0.0,0.0,0.0,0.0,0.0,0.0,0.0,0.0,0.0,0.0,0.07588532883642497,0.5564924114671146,2.428330522765599,8.334738617200676,11.73693086003373,5.172849915682969,1.2647554806070829,0.4300168634064082,0.8755636426034259,0.03551992365482851,0.0,0.0,0.0,0.0,0.0,0.0,0.0,0.0,0.0,0.0,0.0,0.0,0.0,0.0,0.0,0.0,0.0,0.0,0.0,0.0,0.0,0.025115110925073257,0.08790288823775641,0.45207199665131714,2.27291753871913,8.991209711176225,11.753871912934285,4.7467559648388455,1.3687735454164927,0.30138133110087906,0.4258,0.02005,0.0,0.0,0.0,0.0,0.0,0.0,0.0,0.0,0.0,0.0,0.05059021922428332,3.073355817875206,15.771500843170324,10.49747048903879,0.6070826306913998,0.0,0.0,0.0,0.0,0.0,0.0,0.0,0.0,0.0,0.0,0.0,0.0,0.0,0.0,0.0,0.4265,0.02016,0.0,0.0,0.0,0.0,0.0,0.0,0.0,0.0,0.0,0.0,0.050230221850146514,2.85056508999581,15.872750104646299,10.636249476768526,0.5902051067392216,0.0,0.0,0.0,0.0,0.0,0.0,0.0,0.0,0.0,0.0,0.0,0.0,0.0,0.0,0.0
24800,4850,2458,0.5068041237113402,1101,988,0.43072164948453606,1384,0.5707216494845361,0.44999999999999996,2.9640468227424748,3.0462507815172715,6.447443181818182,2.0773588036361033,6649.800000000001,9.094947017729282e-13,6649.8,6649.8,6649.800000000001,9.094947017729282e-13,6649.800000000001,9.094947017729282e-13,28.017113402061856,21.056984930135766,33.06822660098522,19.29807732601027,0.1402061855670103,0.10350515463917526,0.09257731958762887,0.0865979381443299,0.07896907216494846,0.0736082474226804,0.06804123711340206,0.056288659793814436,0.05711340206185567,0.056082474226804124,0.04927835051546392,0.04288659793814433,0.03134020618556701,0.027628865979381443,0.01731958762886598,0.012371134020618556,0.006185567010309278,0.8755527238010131,0.03583519341032148,0.0,0.0,0.0,0.0,0.0,0.0,0.0,0.0,0.0,0.0,0.0,0.0,0.0,0.0,0.0,0.0,0.0,0.0,0.0,0.0,0.0,0.02474226804123712,0.09896907216494848,0.4948453608247408,2.4865979381443304,8.449484536082476,12.006185567010313,4.861855670103093,1.107216494845361,0.47010309278350526,4.3725299643666995,2.8024002011244153,5.8,2.3151673805580453,1.3264631797303303,4.491124260355029,2.8102529217546652,4.262253341820497,2.7899008128642486,0.9490392816438261,0.4253,0.01982,0.0,0.0,0.0,0.0,0.0,0.0,0.0,0.0,0.0,0.0,0.04329896907216496,2.9999999999999956,16.800000000000004,9.587628865979383,0.5690721649484537,0.0,0.0,0.0,0.0,0.0,0.0,0.0,0.0,0.0,0.0,0.0,0.0,0.0,0.0,0.0,nan,nan,4.3748382923674,2.8022677484505083,nan,0.4253,0.0987,0.0,0.0,0.0,0.0,0.0,0.0,0.0,0.0,0.0,0.0,0.0,0.0,0.00012371134020618558,0.000577319587628866,0.0017422680412371135,0.0,0.0,0.0,0.0,9.278350515463917e-05,4.1237113402061855e-05,0.00023711340206185568,0.0021443298969072164,0.008041237113402062,0.004855670103092784,0.021536082474226805,0.011051546391752577,0.01963917525773196,0.010773195876288659,0.0074948453608247425,0.023484536082474226,0.027237113402061856,0.02956701030927835,0.01871134020618557,0.023701030927835053,0.04124742268041237,0.042938144329896906,0.06162886597938144,0.057783505154639175,0.033,0.019391752577319586,0.03242268041237113,0.02236082474226804,0.02420618556701031,0.01336082474226804,0.01743298969072165,0.03909278350515464,0.03967010309278351,0.06855670103092784,0.03437113402061856,0.04180412371134021,0.02134020618556701,0.008701030927835052,0.033938144329896905,0.006381443298969072,0.01143298969072165,0.02745360824742268,0.03395876288659794,0.007783505154639175,0.0015463917525773195,0.004371134020618557,0.002824742268041237,0.005051546391752577,0.0059278350515463915,0.02456701030927835,0.0007010309278350516,0.000577319587628866,0.0009896907216494846,0.0020309278350515462,0.0,2.0618556701030927e-05,8.247422680412371e-05,0.0,0.0,0.0,0.0,0.0,0.0,0.0,0.0,0.0,0.0,0.0,0.0,0.0,0.0,0.0,0.0,0.0,0.0,0.0,0.0,0.0,0.0,0.0,0.0,0.0,0.0,0.0,0.0,0.0,nan,nan,4.3748382923674,2.8022677484505083,nan,0.8756844894104221,0.035536829583079924,0.0,0.0,0.0,0.0,0.0,0.0,0.0,0.0,0.0,0.0,0.0,0.0,0.0,0.0,0.0,0.0,0.0,0.0,0.0,0.0,0.0,0.024410089503661518,0.09764035801464607,0.46379170056956726,2.4043938161106593,8.543531326281531,11.973148901545976,4.97965825874695,1.0740439381611069,0.43938161106590734,0.8754173225184348,0.03613872311429237,0.0,0.0,0.0,0.0,0.0,0.0,0.0,0.0,0.0,0.0,0.0,0.0,0.0,0.0,0.0,0.0,0.0,0.0,0.0,0.0,0.0,0.025083612040133787,0.10033444816053515,0.5267558528428078,2.571070234113713,8.35284280936455,12.040133779264217,4.740802675585285,1.1413043478260871,0.5016722408026757,0.4253,0.01996,0.0,0.0,0.0,0.0,0.0,0.0,0.0,0.0,0.0,0.0,0.036615134255492274,3.1733116354759923,16.611065907241663,9.568755085435315,0.6102522375915379,0.0,0.0,0.0,0.0,0.0,0.0,0.0,0.0,0.0,0.0,0.0,0.0,0.0,0.0,0.0,0.4253,0.01967,0.0,0.0,0.0,0.0,0.0,0.0,0.0,0.0,0.0,0.0,0.050167224080267574,2.821906354515046,16.99414715719064,9.60702341137124,0.5267558528428095,0.0,0.0,0.0,0.0,0.0,0.0,0.0,0.0,0.0,0.0,0.0,0.0,0.0,0.0,0.0
24900,4881,2450,0.5019463224749027,1159,1000,0.4423273919278836,1401,0.5740626920712969,0.44999999999999996,3.0250925545043192,3.0820047588671327,6.533967391304348,2.07113666518972,6649.800000000002,1.8189894035458565e-12,6649.8,6649.8,6649.800000000001,9.094947017729282e-13,6649.800000000002,1.8189894035458565e-12,28.086662569145666,21.071192490880982,33.15687714145864,19.2858450253986,0.14341323499282935,0.09608686744519565,0.0860479409956976,0.09055521409547224,0.08707232124564639,0.07662364269616882,0.0692481048965376,0.054087277197295634,0.05265314484736734,0.05982380659700881,0.04363859864781807,0.04138496209793075,0.03380454824830977,0.028272894898586354,0.019872976849006352,0.010038926449498053,0.007375537799631223,0.8749543096632821,0.034162778450230365,0.0,0.0,0.0,0.0,0.0,0.0,0.0,0.0,0.0,0.0,0.0,0.0,0.0,0.0,0.0,0.0,0.0,0.0,0.0,0.0,0.0,0.0,0.07990165949600495,0.46711739397664265,2.298709280885065,8.881376767055933,12.200368776889984,4.665027658266749,1.1493546404425325,0.2581438229870929,4.341555977229602,2.859625353342209,5.0,0.0,1.1516608391608392,4.32844387755102,2.8798042604459986,4.3531994981179425,2.838849136211341,1.0057192887945976,0.4255,0.02011,0.0,0.0,0.0,0.0,0.0,0.0,0.0,0.0,0.0,0.0,0.07375537799631224,2.956361401352178,16.545789797172713,9.846342962507684,0.5777504609711126,0.0,0.0,0.0,0.0,0.0,0.0,0.0,0.0,0.0,0.0,0.0,0.0,0.0,0.0,0.0,nan,nan,4.341764147960797,2.859197236719025,nan,0.4255,0.0982,0.0,0.0,0.0,0.0,0.0,0.0,0.0,0.0,0.0,0.0,0.0,0.0,0.0,0.0006658471624667076,0.0017312026224134398,0.0,0.0,0.0,1.024380249948781e-05,0.0,4.097520999795124e-05,0.0001126818274943659,0.0022741241548862937,0.007867240319606637,0.004517516902274124,0.02188076213890596,0.012548658061872567,0.019145666871542715,0.009096496619545175,0.007232124564638394,0.02063101823396845,0.025988526941200574,0.033405039950829746,0.01834665027658267,0.02380659700880967,0.041835689407908216,0.04308543331284573,0.058717475927064125,0.05805162876459742,0.03475722188076214,0.0206719934439664,0.03212456463839377,0.020876869493956157,0.024646588813767672,0.013450112681827494,0.018408113091579595,0.040821552960458925,0.040985453800450725,0.06790616676910469,0.035361606228231916,0.03956156525302192,0.022474902683876256,0.008379430444581028,0.03356894079082155,0.006955541897152223,0.011565253021921738,0.027258758451137063,0.0348699037082565,0.0069145666871542714,0.0015877893874206106,0.0033599672198320017,0.0025711944273714405,0.004968244212251588,0.00603359967219832,0.02501536570374923,0.0005736529399713174,0.0003278016799836099,0.0009629174349518541,0.0019770538824011473,0.0,0.0,7.170661749641467e-05,0.0,0.0,0.0,0.0,0.0,0.0,0.0,0.0,0.0,0.0,0.0,0.0,0.0,0.0,0.0,0.0,0.0,0.0,0.0,0.0,0.0,0.0,0.0,0.0,0.0,0.0,0.0,0.0,0.0,nan,nan,4.341764147960797,2.859197236719025,nan,0.8753231562157067,0.033346900108798046,0.0,0.0,0.0,0.0,0.0,0.0,0.0,0.0,0.0,0.0,0.0,0.0,0.0,0.0,0.0,0.0,0.0,0.0,0.0,0.0,0.0,0.0,0.036734693877551024,0.4530612244897945,2.106122448979592,8.96326530612245,12.563265306122451,4.579591836734695,1.016326530612245,0.28163265306122454,0.8745825803118055,0.03496184075899927,0.0,0.0,0.0,0.0,0.0,0.0,0.0,0.0,0.0,0.0,0.0,0.0,0.0,0.0,0.0,0.0,0.0,0.0,0.0,0.0,0.0,0.0,0.12340600575894696,0.48128342245989153,2.4928013163307283,8.798848210612919,11.834635952283014,4.751131221719458,1.2834224598930486,0.23447141094199922,0.4255,0.02019,0.0,0.0,0.0,0.0,0.0,0.0,0.0,0.0,0.0,0.0,0.08571428571428574,2.9632653061224445,16.32244897959184,10.040816326530615,0.5877551020408164,0.0,0.0,0.0,0.0,0.0,0.0,0.0,0.0,0.0,0.0,0.0,0.0,0.0,0.0,0.0,0.4253,0.02002,0.0,0.0,0.0,0.0,0.0,0.0,0.0,0.0,0.0,0.0,0.06170300287947348,2.9494035376388275,16.77087618264089,9.650349650349652,0.567667626491156,0.0,0.0,0.0,0.0,0.0,0.0,0.0,0.0,0.0,0.0,0.0,0.0,0.0,0.0,0.0
25000,4945,2536,0.5128412537917088,1232,997,0.45075834175935287,1397,0.565015166835187,0.46599999999999997,3.0527189705271898,3.1396382974393138,6.698412698412699,2.079227383828595,6649.800000000001,9.094947017729282e-13,6649.8,6649.8,6649.800000000002,1.8189894035458565e-12,6649.800000000001,9.094947017729282e-13,28.42082912032356,21.01905945527414,33.29506232023011,19.26280238378738,0.1332659251769464,0.10030333670374116,0.09180990899898887,0.08493427704752275,0.07745197168857432,0.0833164812942366,0.06774519716885744,0.06450960566228514,0.055611729019211326,0.0525783619817998,0.047522750252780584,0.04125379170879676,0.03255813953488372,0.02770475227502528,0.017189079878665317,0.015975733063700707,0.006268958543983822,0.8766416291134663,0.035187438993344845,0.0,0.0,0.0,0.0,0.0,0.0,0.0,0.0,0.0,0.0,0.0,0.0,0.0,0.0,0.0,0.0,0.0,0.0,0.0,0.0,0.0,0.006066734074823055,0.09706774519716888,0.515672396359958,2.129423660262892,8.46309403437816,12.230535894843278,4.962588473205258,1.2072800808897879,0.3882709807886755,4.375890920359467,2.9490584713169636,2.6666666666666665,1.699673171197595,0.6093997120128414,4.387592137592137,2.982383716042765,4.36079900124844,2.9138116767714055,0.9938934304959345,0.425,0.02016,0.0,0.0,0.0,0.0,0.0,0.0,0.0,0.0,0.0,0.0,0.0667340748230536,3.1971688574317443,16.440849342770477,9.688574317492417,0.6066734074823055,0.0,0.0,0.0,0.0,0.0,0.0,0.0,0.0,0.0,0.0,0.0,0.0,0.0,0.0,0.0,nan,nan,4.374303405572755,2.948603446659797,nan,0.425,0.09845,0.0,0.0,0.0,0.0,0.0,0.0,0.0,0.0,0.0,0.0,0.0,0.0,0.0,0.0008897876643073812,0.0013447927199191103,0.0,0.0,0.0,0.0,0.00012133468149646107,0.00014155712841253793,4.044489383215369e-05,0.00320525783619818,0.008190091001011122,0.004266936299292214,0.022517694641051567,0.011587462082912033,0.018250758341759352,0.010910010111223459,0.00846309403437816,0.02116279069767442,0.026380182002022246,0.032578361981799794,0.01780586450960566,0.023771486349848332,0.04234580384226491,0.04046511627906977,0.055722952477249746,0.06137512639029322,0.03635995955510617,0.01858442871587462,0.033579373104145605,0.021496461071789687,0.024266936299292215,0.01332659251769464,0.017037411526794742,0.04031344792719919,0.03943377148634985,0.06900910010111223,0.036036400404448936,0.04005055611729019,0.023478260869565216,0.007613751263902932,0.03435793731041456,0.006592517694641051,0.010849342770475227,0.02782608695652174,0.03389282103134479,0.0068351870576339735,0.0017087967644084934,0.0030940343781597573,0.0026491405460060667,0.006177957532861476,0.005571284125379171,0.024448938321536905,0.0003640040444893832,0.0003538928210313448,0.0010819009100101113,0.0019716885743174925,2.0222446916076846e-05,0.0,8.088978766430739e-05,0.0,0.0,0.0,0.0,0.0,0.0,0.0,0.0,0.0,0.0,0.0,0.0,0.0,0.0,0.0,0.0,0.0,0.0,0.0,0.0,0.0,0.0,0.0,0.0,0.0,0.0,0.0,0.0,0.0,nan,nan,4.374303405572755,2.948603446659797,nan,0.8764412844500707,0.03438632279712242,0.0,0.0,0.0,0.0,0.0,0.0,0.0,0.0,0.0,0.0,0.0,0.0,0.0,0.0,0.0,0.0,0.0,0.0,0.0,0.0,0.0,0.011829652996845429,0.08280757097791801,0.49684542586750635,1.9164037854889593,8.836750788643535,12.00709779179811,5.169558359621453,1.1947949526813881,0.2839116719242903,0.8768525357412669,0.036010334272482104,0.0,0.0,0.0,0.0,0.0,0.0,0.0,0.0,0.0,0.0,0.0,0.0,0.0,0.0,0.0,0.0,0.0,0.0,0.0,0.0,0.0,0.0,0.11207970112079703,0.5354919053549173,2.3536737235367378,8.069738480697387,12.465753424657537,4.744707347447074,1.2204234122042343,0.49813200498132015,0.4255,0.02039,0.0,0.0,0.0,0.0,0.0,0.0,0.0,0.0,0.0,0.0,0.07097791798107257,3.1111987381703425,16.289432176656156,9.972397476340698,0.5559936908517351,0.0,0.0,0.0,0.0,0.0,0.0,0.0,0.0,0.0,0.0,0.0,0.0,0.0,0.0,0.0,0.4248,0.01991,0.0,0.0,0.0,0.0,0.0,0.0,0.0,0.0,0.0,0.0,0.06226650062266502,3.2876712328767073,16.600249066002494,9.389788293897885,0.6600249066002493,0.0,0.0,0.0,0.0,0.0,0.0,0.0,0.0,0.0,0.0,0.0,0.0,0.0,0.0,0.0
25100,5010,2519,0.5027944111776447,1178,1018,0.43832335329341315,1391,0.5552894211576846,0.47,2.9847450822962664,3.12816168847266,6.75036496350365,2.039862743614639,6649.800000000001,9.094947017729282e-13,6649.8,6649.8,6649.800000000002,1.8189894035458565e-12,6649.800000000002,1.8189894035458565e-12,27.1375249500998,20.786809907477796,32.08383090518271,19.169100151273994,0.14271457085828343,0.10878243512974052,0.09940119760479042,0.08742514970059881,0.07904191616766468,0.075249500998004,0.06766467065868263,0.06407185628742515,0.056686626746506985,0.053293413173652694,0.041916167664670656,0.03413173652694611,0.029141716566866267,0.02475049900199601,0.01716566866267465,0.010179640718562874,0.008383233532934131,0.8744385354533167,0.03531231780428426,0.0,0.0,0.0,0.0,0.0,0.0,0.0,0.0,0.0,0.0,0.0,0.0,0.0,0.0,0.0,0.0,0.0,0.0,0.0,0.0,0.0,0.00598802395209581,0.1317365269461078,0.5149700598802379,2.5688622754491024,8.65868263473054,11.970059880239523,4.838323353293414,0.8742514970059883,0.4371257485029941,4.4489470325462666,2.8683811757899,4.166666666666667,2.91070819942883,0.9365511965382869,4.420782552918538,2.863358870065846,4.475648323845667,2.8732789816789306,1.0124108730231276,0.4255,0.01996,0.0,0.0,0.0,0.0,0.0,0.0,0.0,0.0,0.0,0.0,0.08383233532934134,2.934131736526942,16.60479041916168,9.73053892215569,0.6467065868263475,0.0,0.0,0.0,0.0,0.0,0.0,0.0,0.0,0.0,0.0,0.0,0.0,0.0,0.0,0.0,nan,nan,4.448407643312102,2.8684891403797597,nan,0.4255,0.0974,0.0,0.0,0.0,0.0,0.0,0.0,0.0,0.0,0.0,0.0,0.0,0.0,0.0,0.0005089820359281438,0.0008582834331337325,0.0,0.0,0.0,0.0,0.0002095808383233533,0.00018962075848303394,7.984031936127745e-05,0.00312375249500998,0.008393213572854292,0.0035528942115768463,0.020059880239520957,0.0112375249500998,0.018882235528942116,0.011017964071856288,0.009640718562874252,0.020828343313373254,0.027455089820359282,0.032664670658682636,0.017295409181636728,0.02405189620758483,0.0411377245508982,0.03823353293413174,0.0556686626746507,0.06227544910179641,0.03754491017964072,0.018892215568862277,0.03312375249500998,0.020489021956087823,0.023692614770459083,0.014421157684630738,0.017445109780439123,0.04192614770459082,0.0387624750499002,0.0696806387225549,0.039910179640718565,0.041307385229540916,0.022435129740518964,0.007684630738522954,0.03369261477045908,0.007025948103792415,0.010778443113772455,0.028033932135728544,0.03220558882235529,0.007295409181636727,0.0017564870259481038,0.0026746506986027943,0.002624750499001996,0.005558882235528942,0.004560878243512974,0.025898203592814372,0.00034930139720558884,0.0001996007984031936,0.0009580838323353293,0.0016367265469061877,3.9920159680638724e-05,0.0,2.994011976047904e-05,0.0,0.0,0.0,0.0,0.0,0.0,0.0,0.0,0.0,0.0,0.0,0.0,0.0,0.0,0.0,0.0,0.0,0.0,0.0,0.0,0.0,0.0,0.0,0.0,0.0,0.0,0.0,0.0,0.0,nan,nan,4.448407643312102,2.8684891403797597,nan,0.875003872219652,0.03517140881941813,0.0,0.0,0.0,0.0,0.0,0.0,0.0,0.0,0.0,0.0,0.0,0.0,0.0,0.0,0.0,0.0,0.0,0.0,0.0,0.0,0.0,0.011909487892020646,0.11909487892020645,0.41683207622072127,2.4414450178642326,8.872568479555381,11.873759428344584,4.918618499404527,0.8693926161175072,0.4763795156808258,0.8738668440384637,0.035445072827940495,0.0,0.0,0.0,0.0,0.0,0.0,0.0,0.0,0.0,0.0,0.0,0.0,0.0,0.0,0.0,0.0,0.0,0.0,0.0,0.0,0.0,0.0,0.14452027298273787,0.614211160176634,2.697711762344441,8.442392613408272,12.067442794058614,4.7571256523484555,0.8791649939783222,0.3974307507025292,0.4255,0.02037,0.0,0.0,0.0,0.0,0.0,0.0,0.0,0.0,0.0,0.0,0.07145692735212388,3.025009924573239,16.518459706232633,9.670504168320763,0.7145692735212388,0.0,0.0,0.0,0.0,0.0,0.0,0.0,0.0,0.0,0.0,0.0,0.0,0.0,0.0,0.0,0.4258,0.01956,0.0,0.0,0.0,0.0,0.0,0.0,0.0,0.0,0.0,0.0,0.09634684865515859,2.8422320353271737,16.692091529506225,9.791248494580492,0.5780810919309515,0.0,0.0,0.0,0.0,0.0,0.0,0.0,0.0,0.0,0.0,0.0,0.0,0.0,0.0,0.0
25200,4550,2313,0.5083516483516484,1098,955,0.4512087912087912,1298,0.5705494505494505,0.42199999999999993,2.8426464014304873,2.903654190680061,6.129969418960244,2.011417182394942,6649.800000000002,1.8189894035458565e-12,6649.8,6649.8,6649.800000000001,9.094947017729282e-13,6649.800000000001,9.094947017729282e-13,28.470769230769232,20.990021764972,33.204145077720206,19.262497683717495,0.13340659340659342,0.09186813186813186,0.09472527472527473,0.08879120879120879,0.08417582417582417,0.07516483516483516,0.07296703296703297,0.05868131868131868,0.057362637362637366,0.05384615384615385,0.05032967032967033,0.036483516483516484,0.037802197802197804,0.023076923076923078,0.02241758241758242,0.012307692307692308,0.006593406593406593,0.8758957469201349,0.035622449956714236,0.0,0.0,0.0,0.0,0.0,0.0,0.0,0.0,0.0,0.0,0.0,0.0,0.0,0.0,0.0,0.0,0.0,0.0,0.0,0.0,0.0,0.039560439560439566,0.1186813186813187,0.5670329670329652,2.215384615384616,8.551648351648353,11.934065934065938,4.978021978021979,1.2725274725274727,0.32307692307692315,4.050573162508429,2.756737227865747,3.888888888888889,2.601044424604361,0.96008360616318,4.1171717171717175,2.804231065040131,3.9832214765100673,2.7060187126285373,0.9674654714781566,0.4248,0.01965,0.0,0.0,0.0,0.0,0.0,0.0,0.0,0.0,0.0,0.0,0.05934065934065935,3.151648351648347,16.61538461538462,9.71868131868132,0.45494505494505505,0.0,0.0,0.0,0.0,0.0,0.0,0.0,0.0,0.0,0.0,0.0,0.0,0.0,0.0,0.0,nan,nan,4.050084033613445,2.756293789697177,nan,0.4248,0.09705,0.0,0.0,0.0,0.0,0.0,0.0,0.0,0.0,0.0,0.0,3.2967032967032964e-05,0.0,0.0,0.00023076923076923076,0.0009230769230769231,0.0,0.0,0.0,0.0,0.0001978021978021978,0.00010989010989010989,9.89010989010989e-05,0.0032087912087912086,0.008637362637362637,0.0032967032967032967,0.01953846153846154,0.011142857142857144,0.019714285714285715,0.012087912087912088,0.009417582417582417,0.021604395604395605,0.0279010989010989,0.03174725274725275,0.019032967032967033,0.02246153846153846,0.04156043956043956,0.039538461538461536,0.055780219780219784,0.058824175824175824,0.03949450549450549,0.018824175824175823,0.03281318681318681,0.02135164835164835,0.02497802197802198,0.014241758241758242,0.0170989010989011,0.043318681318681315,0.040373626373626376,0.06831868131868132,0.03964835164835165,0.04110989010989011,0.020186813186813188,0.008,0.03306593406593407,0.007703296703296703,0.010142857142857143,0.02820879120879121,0.03223076923076923,0.0070549450549450545,0.0017582417582417582,0.0025934065934065933,0.0025274725274725277,0.005802197802197802,0.004395604395604396,0.024725274725274724,0.00042857142857142855,0.00017582417582417582,0.001032967032967033,0.0012527472527472528,5.4945054945054945e-05,0.0,0.0,0.0,0.0,0.0,0.0,0.0,0.0,0.0,0.0,0.0,0.0,0.0,0.0,0.0,0.0,0.0,0.0,0.0,0.0,0.0,0.0,0.0,0.0,0.0,0.0,0.0,0.0,0.0,0.0,0.0,nan,nan,4.050084033613445,2.756293789697177,nan,0.8758322467960633,0.03524207676744688,0.0,0.0,0.0,0.0,0.0,0.0,0.0,0.0,0.0,0.0,0.0,0.0,0.0,0.0,0.0,0.0,0.0,0.0,0.0,0.0,0.0,0.03891050583657588,0.1297016861219196,0.5706874189364444,2.101167315175098,8.612191958495462,12.127107652399484,4.863813229571985,1.2321660181582363,0.32425421530479903,0.8759614044020204,0.03601140370437634,0.0,0.0,0.0,0.0,0.0,0.0,0.0,0.0,0.0,0.0,0.0,0.0,0.0,0.0,0.0,0.0,0.0,0.0,0.0,0.0,0.0,0.04023245417970497,0.10728654447921326,0.5632543585158677,2.3334823424228883,8.489047831917748,11.73446580241395,5.09611086276263,1.3142601698703622,0.32185963343763974,0.4248,0.01968,0.0,0.0,0.0,0.0,0.0,0.0,0.0,0.0,0.0,0.0,0.03891050583657588,3.3463035019455205,16.26459143968872,9.883268482490275,0.4669260700389106,0.0,0.0,0.0,0.0,0.0,0.0,0.0,0.0,0.0,0.0,0.0,0.0,0.0,0.0,0.0,0.4248,0.01959,0.0,0.0,0.0,0.0,0.0,0.0,0.0,0.0,0.0,0.0,0.08046490835940993,2.95037997317836,16.978095663835497,9.54850245864998,0.4425569959767547,0.0,0.0,0.0,0.0,0.0,0.0,0.0,0.0,0.0,0.0,0.0,0.0,0.0,0.0,0.0
25300,4412,2247,0.5092928377153219,1043,873,0.4342701722574796,1236,0.5602901178603807,0.46199999999999997,2.99445727482679,3.0744370661275076,6.553291536050157,2.010040661395007,6649.8,0.0,6649.8,6649.8,6649.800000000001,9.094947017729282e-13,6649.800000000002,1.8189894035458565e-12,28.318676337262012,21.022135406115346,33.023516835916624,19.35780792230977,0.13213961922030826,0.10244786944696282,0.09111514052583862,0.08748866727107887,0.0843155031731641,0.07388939256572982,0.06799637352674524,0.0643699002719855,0.05757026291931097,0.04986400725294651,0.04669084315503173,0.04102447869446963,0.03603807796917498,0.028105167724388033,0.018359020852221214,0.01201269265639166,0.00657298277425204,0.8748846991107557,0.035614101084643725,0.0,0.0,0.0,0.0,0.0,0.0,0.0,0.0,0.0,0.0,0.0,0.0,0.0,0.0,0.0,0.0,0.0,0.0,0.0,0.0,0.0,0.027198549410698103,0.129193109700816,0.5507706255666347,2.549864007252947,8.45874886672711,12.04895738893926,4.9161378059836816,0.9791477787851317,0.33998186763372623,4.310900806168945,2.847153834606382,4.375,2.7810744326608736,1.0148690950483779,4.272349272349272,2.8837450067594763,4.35049365303244,2.808510722509449,1.0182907285200018,0.4253,0.02068,0.0,0.0,0.0,0.0,0.0,0.0,0.0,0.0,0.0,0.0,0.0815956482320943,3.2434270172257436,16.006346328195832,10.151858567543066,0.516772438803264,0.0,0.0,0.0,0.0,0.0,0.0,0.0,0.0,0.0,0.0,0.0,0.0,0.0,0.0,0.0,nan,nan,4.311080041943376,2.846973212149913,nan,0.425,0.0976,0.0,0.0,0.0,0.0,0.0,0.0,0.0,0.0,0.0,0.0,0.00010199456029011786,3.399818676337262e-05,0.0,0.0004986400725294651,0.0017905711695376247,0.0,0.0,0.0,0.0,0.0007479601087941976,0.00012466001813236628,5.666364460562103e-05,0.0037964641885766095,0.007887579329102447,0.0033544877606527653,0.01769038984587489,0.01085675430643699,0.019956935630099728,0.013089301903898459,0.008941523118767,0.021611514052583863,0.026042611060743428,0.0336582048957389,0.019730281051677245,0.022642792384406165,0.04050317316409791,0.038723934723481415,0.055394378966455125,0.059360834088848596,0.03742067089755213,0.01780371713508613,0.03125566636446056,0.021804170444242973,0.026597914777878512,0.014245240253853127,0.01668177697189483,0.04356300997280145,0.03842928377153219,0.06749773345421578,0.04306436990027199,0.042883046237534,0.020534904805077064,0.007762919310970081,0.032898912058023574,0.007320942883046237,0.009417497733454216,0.02828649138712602,0.034496826835902085,0.007910244786944695,0.0017339075249320037,0.002583862194016319,0.0019945602901178605,0.005655031731640979,0.004147778785131459,0.023878059836808702,0.00045330915684496827,0.0001926563916591115,0.0010879419764279238,0.001699909338168631,0.00010199456029011786,0.0,0.0,0.0,0.0,0.0,0.0,0.0,0.0,0.0,0.0,0.0,0.0,0.0,0.0,0.0,0.0,0.0,0.0,0.0,0.0,0.0,0.0,0.0,0.0,0.0,0.0,0.0,0.0,0.0,0.0,0.0,nan,nan,4.311080041943376,2.846973212149913,nan,0.874009391918785,0.03584530579742142,0.0,0.0,0.0,0.0,0.0,0.0,0.0,0.0,0.0,0.0,0.0,0.0,0.0,0.0,0.0,0.0,0.0,0.0,0.0,0.0,0.0,0.040053404539385856,0.18691588785046734,0.6008010680907859,2.510013351134847,8.264352469959949,12.630173564753008,4.552736982643525,0.8811748998664889,0.3337783711615488,0.8757931588153091,0.035349627974887186,0.0,0.0,0.0,0.0,0.0,0.0,0.0,0.0,0.0,0.0,0.0,0.0,0.0,0.0,0.0,0.0,0.0,0.0,0.0,0.0,0.0,0.013856812933025408,0.06928406466512703,0.49884526558891296,2.591224018475751,8.66050808314088,11.445727482678986,5.293302540415705,1.0808314087759818,0.34642032332563516,0.4258,0.0207,0.0,0.0,0.0,0.0,0.0,0.0,0.0,0.0,0.0,0.0,0.05340453938584781,3.3244325767690204,15.540720961281712,10.587449933244327,0.4939919893190922,0.0,0.0,0.0,0.0,0.0,0.0,0.0,0.0,0.0,0.0,0.0,0.0,0.0,0.0,0.0,0.4246,0.02065,0.0,0.0,0.0,0.0,0.0,0.0,0.0,0.0,0.0,0.0,0.11085450346420327,3.1593533487297876,16.489607390300236,9.699769053117784,0.5404157043879909,0.0,0.0,0.0,0.0,0.0,0.0,0.0,0.0,0.0,0.0,0.0,0.0,0.0,0.0,0.0
25400,4364,2322,0.5320806599450045,1087,848,0.4434005499541705,1188,0.5444546287809349,0.47,3.0871694417238,3.1258678590700018,6.70777027027027,2.0320257902125936,6649.800000000001,9.094947017729282e-13,6649.8,6649.8,6649.800000000001,9.094947017729282e-13,6649.800000000003,2.7284841053187847e-12,28.262832263978,21.013512802502124,33.2407306434024,19.21940724198683,0.14000916590284143,0.10151237396883593,0.08936755270394134,0.08157653528872594,0.07791017415215398,0.076076993583868,0.06966086159486709,0.06278643446379469,0.06370302474793767,0.05384967919340055,0.04537121906507791,0.04032997250229148,0.03276810265811182,0.02933088909257562,0.017186067827681027,0.011686526122823098,0.0068744271310724105,0.874690566720709,0.03507034421656816,0.0,0.0,0.0,0.0,0.0,0.0,0.0,0.0,0.0,0.0,0.0,0.0,0.0,0.0,0.0,0.0,0.0,0.0,0.0,0.0,0.0,0.0,0.13748854262144825,0.529330889092574,2.2685609532538957,9.23923006416132,11.583409715857016,4.84647112740605,1.0105407882676445,0.3849679193400551,4.333214540270848,2.8735183609633626,1.3333333333333333,0.9428090415820634,0.30770074293390354,4.295070422535211,2.9423289487968525,4.365730741540677,2.801599972690877,1.016451492537754,0.4253,0.02087,0.0,0.0,0.0,0.0,0.0,0.0,0.0,0.0,0.0,0.0,0.08249312557286895,3.3615948670944036,15.824931255728693,10.022914757103576,0.7080659945004585,0.0,0.0,0.0,0.0,0.0,0.0,0.0,0.0,0.0,0.0,0.0,0.0,0.0,0.0,0.0,nan,nan,4.33001067995728,2.8738196672943865,nan,0.4253,0.0978,0.0,0.0,0.0,0.0,0.0,0.0,0.0,0.0,0.0,0.0,0.0,0.0,0.0,0.0008249312557286893,0.0015811182401466544,0.0,1.1457378551787351e-05,3.4372135655362054e-05,0.0,0.000618698441796517,0.00013748854262144822,0.0,0.0036434463794683776,0.008375343721356553,0.002589367552703941,0.018389092575618698,0.010437671860678276,0.02066911090742438,0.011663611365719523,0.007813932172318974,0.023006416131989,0.02660403299725023,0.03465857011915674,0.019775435380384968,0.023120989917506874,0.03998625114573785,0.038817598533455545,0.054869385884509625,0.0576993583868011,0.03911549037580202,0.01817140238313474,0.03149633363886343,0.021448212648945923,0.026145737855178736,0.014562328139321724,0.018389092575618698,0.0443858845096242,0.0374083409715857,0.06261457378551788,0.04233501374885426,0.04053620531622365,0.021826306141154904,0.00847846012832264,0.0338794683776352,0.00730980751604033,0.010563703024747937,0.0279903758020165,0.036686526122823096,0.008386801099908341,0.0016498625114573786,0.0027956003666361135,0.00229147571035747,0.005740146654445463,0.004434005499541705,0.022433547204399634,0.0002520623281393217,6.874427131072411e-05,0.0010540788267644364,0.002085242896425298,0.00013748854262144822,0.0,0.0,0.0,0.0,0.0,0.0,0.0,0.0,0.0,0.0,0.0,0.0,0.0,0.0,0.0,0.0,0.0,0.0,0.0,0.0,0.0,0.0,0.0,0.0,0.0,0.0,0.0,0.0,0.0,0.0,0.0,nan,nan,4.33001067995728,2.8738196672943865,nan,0.8745064453817872,0.035683919325509884,0.0,0.0,0.0,0.0,0.0,0.0,0.0,0.0,0.0,0.0,0.0,0.0,0.0,0.0,0.0,0.0,0.0,0.0,0.0,0.0,0.0,0.0,0.19379844961240314,0.6330749354005148,2.170542635658915,9.211886304909562,11.434108527131785,4.987080103359174,0.9819121447028426,0.3875968992248063,0.8748999348641843,0.034358125470394074,0.0,0.0,0.0,0.0,0.0,0.0,0.0,0.0,0.0,0.0,0.0,0.0,0.0,0.0,0.0,0.0,0.0,0.0,0.0,0.0,0.0,0.0,0.07345739471106759,0.41136141038197716,2.38001958863859,9.27032321253673,11.753183153770815,4.686581782566113,1.04309500489716,0.3819784524975515,0.425,0.02087,0.0,0.0,0.0,0.0,0.0,0.0,0.0,0.0,0.0,0.0,0.10335917312661501,3.3591731266149822,15.968992248062019,9.857881136950907,0.7105943152454782,0.0,0.0,0.0,0.0,0.0,0.0,0.0,0.0,0.0,0.0,0.0,0.0,0.0,0.0,0.0,0.4255,0.02086,0.0,0.0,0.0,0.0,0.0,0.0,0.0,0.0,0.0,0.0,0.05876591576885408,3.3643486777668903,15.661116552399612,10.210577864838395,0.7051909892262489,0.0,0.0,0.0,0.0,0.0,0.0,0.0,0.0,0.0,0.0,0.0,0.0,0.0,0.0,0.0
25500,4467,2267,0.5074994403402732,1038,913,0.436758450861876,1271,0.569062010297739,0.47,3.1004545454545456,3.1738132746712338,6.786707882534776,2.162117889439856,6649.800000000002,1.8189894035458565e-12,6649.8,6649.8,6649.800000000001,9.094947017729282e-13,6649.800000000001,9.094947017729282e-13,27.980523841504365,20.883160770226812,32.86884809789838,19.154100872590373,0.13767629281396912,0.10230579807477054,0.0955898813521379,0.08417282292366242,0.08103872845310052,0.07745690620102977,0.06559211999104544,0.0577568838146407,0.05618983657935975,0.05999552272218491,0.04477277815088426,0.04208641146183121,0.03626595030221625,0.024848891873740765,0.018356839041862548,0.010745466756212223,0.00514886948735169,0.8751900417841546,0.03483690365336253,0.0,0.0,0.0,0.0,0.0,0.0,0.0,0.0,0.0,0.0,0.0,0.0,0.0,0.0,0.0,0.0,0.0,0.0,0.0,0.0,0.0,0.013431833445265282,0.10745466756212226,0.5842847548690377,2.075218267293486,9.026192075218269,12.142377434519815,4.640698455339154,1.0543989254533246,0.35594358629953,4.457692307692308,2.891988014248367,3.8333333333333335,2.6718699236468995,0.8599367270635605,4.408362369337979,2.909158870206833,4.504542278127184,2.8732507485191663,1.0218176049814274,0.4246,0.02036,0.0,0.0,0.0,0.0,0.0,0.0,0.0,0.0,0.0,0.0,0.05372733378106113,3.3848220282068455,16.534586971121563,9.50973807924782,0.5171255876427133,0.0,0.0,0.0,0.0,0.0,0.0,0.0,0.0,0.0,0.0,0.0,0.0,0.0,0.0,0.0,nan,nan,4.456385205861828,2.8916855176254272,nan,0.4246,0.0973,0.0,0.0,0.0,0.0,0.0,0.0,0.0,0.0,0.0,0.0,0.0,0.0,0.0,0.0004925005596597269,0.001701365569733602,0.0,0.0,8.954555630176852e-05,0.0,0.00043653458697112153,0.00022386389075442132,7.835236176404745e-05,0.0036489814192970675,0.008462055070517126,0.0027647190508171032,0.017528542646071187,0.011640922319229908,0.020875307812849787,0.011461831206626371,0.00756659950749944,0.023662413252742334,0.025643608685918962,0.03457577792702037,0.0189164987687486,0.02217371837922543,0.042500559659726884,0.03955674949630625,0.056738303111708084,0.058305350346989034,0.03938885157824043,0.019632863219162747,0.03110588762032684,0.021199910454443697,0.027479292590105217,0.012771434967539736,0.018524736959928362,0.04413476606223416,0.035594358629952985,0.05998432952764719,0.04370942466980076,0.04243340049250056,0.021882695321244684,0.008215804790687262,0.0351242444593687,0.007678531452876651,0.010129841056637565,0.027468099395567495,0.035157824042981865,0.007790463398253861,0.0014998880680546227,0.0031564808596373406,0.0019252294604880232,0.004398925453324379,0.004522050593239311,0.02312513991493172,7.835236176404745e-05,0.0001567047235280949,0.0005932393104992165,0.0019811954331766285,0.00011193194537721066,0.0,0.0,0.0,0.0,0.0,0.0,0.0,0.0,0.0,0.0,0.0,0.0,0.0,0.0,0.0,0.0,0.0,0.0,0.0,0.0,0.0,0.0,0.0,0.0,0.0,0.0,0.0,0.0,0.0,0.0,0.0,nan,nan,4.456385205861828,2.8916855176254272,nan,0.8744089516659481,0.03522847194839147,0.0,0.0,0.0,0.0,0.0,0.0,0.0,0.0,0.0,0.0,0.0,0.0,0.0,0.0,0.0,0.0,0.0,0.0,0.0,0.0,0.0,0.026466696074106757,0.10586678429642703,0.7013674459638266,2.0511689457432736,9.13101014556683,12.254080282311428,4.314071460079401,1.0586678429642702,0.3573003970004412,0.87599491964687,0.03441020828116033,0.0,0.0,0.0,0.0,0.0,0.0,0.0,0.0,0.0,0.0,0.0,0.0,0.0,0.0,0.0,0.0,0.0,0.0,0.0,0.0,0.0,0.0,0.10909090909090911,0.4636363636363622,2.1000000000000005,8.91818181818182,12.027272727272731,4.977272727272728,1.0500000000000003,0.35454545454545466,0.4246,0.02022,0.0,0.0,0.0,0.0,0.0,0.0,0.0,0.0,0.0,0.0,0.03970004411116013,3.387737097485659,16.594618438464934,9.44861049845611,0.5293339214821351,0.0,0.0,0.0,0.0,0.0,0.0,0.0,0.0,0.0,0.0,0.0,0.0,0.0,0.0,0.0,0.4243,0.0205,0.0,0.0,0.0,0.0,0.0,0.0,0.0,0.0,0.0,0.0,0.06818181818181819,3.381818181818177,16.472727272727276,9.572727272727274,0.5045454545454546,0.0,0.0,0.0,0.0,0.0,0.0,0.0,0.0,0.0,0.0,0.0,0.0,0.0,0.0,0.0
25600,4670,2405,0.5149892933618844,1117,965,0.4458244111349036,1360,0.582441113490364,0.45799999999999996,3.0030905077262693,3.012628194551639,6.394578313253012,2.0129926179724587,6649.800000000001,9.094947017729282e-13,6649.8,6649.8,6649.800000000002,1.8189894035458565e-12,6649.800000000002,1.8189894035458565e-12,28.00406852248394,20.905993949555693,33.044722719141326,19.085528330371478,0.14175588865096359,0.09657387580299785,0.09207708779443255,0.08565310492505353,0.07944325481798716,0.07708779443254818,0.07237687366167024,0.061241970021413274,0.059528907922912204,0.050963597430406855,0.049464668094218414,0.038115631691648826,0.032548179871520345,0.026980728051391862,0.019271948608137045,0.011349036402569594,0.00556745182012848,0.8748225658430022,0.034176164327779285,0.0,0.0,0.0,0.0,0.0,0.0,0.0,0.0,0.0,0.0,0.0,0.0,0.0,0.0,0.0,0.0,0.0,0.0,0.0,0.0,0.0,0.05139186295503213,0.08351177730192721,0.4304068522483927,2.1584582441113493,9.032119914346897,12.449678800856534,4.37473233404711,1.1306209850107067,0.28907922912205575,4.346013893483295,2.762519660580974,5.333333333333333,2.494438257849294,1.227178160044654,4.378024852844996,2.750290029899539,4.319361277445109,2.7741208034414657,0.9866004471487262,0.4238,0.01991,0.0,0.0,0.0,0.0,0.0,0.0,0.0,0.0,0.0,0.0,0.06423982869379016,3.481798715203421,16.85010706638116,9.237687366167025,0.36616702355460395,0.0,0.0,0.0,0.0,0.0,0.0,0.0,0.0,0.0,0.0,0.0,0.0,0.0,0.0,0.0,nan,nan,4.348944591029023,2.762284663862899,nan,0.4238,0.0975,0.0,0.0,0.0,0.0,0.0,0.0,0.0,0.0,1.0706638115631692e-05,0.0,0.0,0.0,0.0,0.0009635974304068523,0.0013597430406852248,0.0,0.0,4.282655246252677e-05,4.282655246252677e-05,0.0003104925053533191,0.00043897216274089935,0.0002462526766595289,0.0039828693790149895,0.008308351177730192,0.003051391862955032,0.018211991434689507,0.010460385438972163,0.02164882226980728,0.011541755888650964,0.0065203426124197,0.023361884368308352,0.025856531049250536,0.03532119914346895,0.01943254817987152,0.020224839400428265,0.04518201284796574,0.04019271948608137,0.057130620985010705,0.05929336188436831,0.04025695931477516,0.019357601713062098,0.030567451820128478,0.02024625267665953,0.027890792291220556,0.013843683083511778,0.01887580299785867,0.0437152034261242,0.034860813704496785,0.05782655246252676,0.042376873661670235,0.04334047109207709,0.022237687366167023,0.008297644539614561,0.03404710920770878,0.008083511777301928,0.011027837259100642,0.026691648822269806,0.03379014989293362,0.006970021413276232,0.0013490364025695932,0.0036402569593147753,0.002055674518201285,0.004132762312633833,0.004539614561027837,0.023565310492505355,9.635974304068523e-05,0.0001498929336188437,0.0008137044967880086,0.002119914346895075,9.635974304068523e-05,0.0,0.0,0.0,0.0,0.0,0.0,0.0,0.0,0.0,0.0,0.0,0.0,0.0,0.0,0.0,0.0,0.0,0.0,0.0,0.0,0.0,0.0,0.0,0.0,0.0,0.0,0.0,0.0,0.0,0.0,0.0,nan,nan,4.348944591029023,2.762284663862899,nan,0.8755147700498109,0.033860267728593504,0.0,0.0,0.0,0.0,0.0,0.0,0.0,0.0,0.0,0.0,0.0,0.0,0.0,0.0,0.0,0.0,0.0,0.0,0.0,0.0,0.0,0.049896049896049906,0.06237006237006238,0.4365904365904353,1.8960498960498964,9.056133056133058,12.760914760914764,4.390852390852392,1.0228690228690231,0.3243243243243244,0.8740875763872075,0.034493219141291914,0.0,0.0,0.0,0.0,0.0,0.0,0.0,0.0,0.0,0.0,0.0,0.0,0.0,0.0,0.0,0.0,0.0,0.0,0.0,0.0,0.0,0.05298013245033114,0.10596026490066228,0.4238410596026477,2.4370860927152322,9.006622516556293,12.119205298013249,4.357615894039736,1.2450331125827816,0.2516556291390729,0.4236,0.01991,0.0,0.0,0.0,0.0,0.0,0.0,0.0,0.0,0.0,0.0,0.03742203742203743,3.6049896049895995,16.902286902286907,9.043659043659046,0.4116424116424117,0.0,0.0,0.0,0.0,0.0,0.0,0.0,0.0,0.0,0.0,0.0,0.0,0.0,0.0,0.0,0.4238,0.01991,0.0,0.0,0.0,0.0,0.0,0.0,0.0,0.0,0.0,0.0,0.0927152317880795,3.350993377483439,16.79470198675497,9.443708609271525,0.3178807947019868,0.0,0.0,0.0,0.0,0.0,0.0,0.0,0.0,0.0,0.0,0.0,0.0,0.0,0.0,0.0
25700,4672,2324,0.4974315068493151,1084,984,0.4426369863013699,1314,0.5625,0.46199999999999997,2.9369676320272573,3.101812352122037,6.675883256528418,2.1583301871623886,6649.800000000001,9.094947017729282e-13,6649.8,6649.8,6649.800000000001,9.094947017729282e-13,6649.800000000001,9.094947017729282e-13,27.403681506849313,20.63873378715173,32.28983656792646,18.9744871683853,0.13998287671232876,0.10573630136986302,0.0939640410958904,0.08861301369863013,0.08347602739726027,0.0783390410958904,0.0646404109589041,0.061001712328767124,0.05971746575342466,0.05543664383561644,0.04323630136986301,0.03788527397260274,0.03125,0.02204623287671233,0.0175513698630137,0.010273972602739725,0.00684931506849315,0.8755333044961707,0.03471934623385838,0.0,0.0,0.0,0.0,0.0,0.0,0.0,0.0,0.0,0.0,0.0,0.0,0.0,0.0,0.0,0.0,0.0,0.0,0.0,0.0,0.0,0.01926369863013699,0.05779109589041097,0.49443493150684775,2.491438356164384,8.40539383561644,12.168236301369866,4.963613013698631,1.072345890410959,0.32748287671232884,4.401553529213103,2.859513285315797,2.2,1.469693845669907,0.4998235248983351,4.389819156061621,2.9026543100499924,4.405974202308214,2.8143782016509125,1.0036801165770772,0.4246,0.01979,0.0,0.0,0.0,0.0,0.0,0.0,0.0,0.0,0.0,0.0,0.02568493150684932,3.281249999999995,16.78510273972603,9.464897260273974,0.4430650684931508,0.0,0.0,0.0,0.0,0.0,0.0,0.0,0.0,0.0,0.0,0.0,0.0,0.0,0.0,0.0,nan,nan,4.397842211732974,2.8591659864872483,nan,0.4246,0.09717,0.0,0.0,0.0,0.0,0.0,0.0,0.0,0.0,0.0,0.0,0.0,0.0,0.0,0.0010809075342465752,0.0008775684931506849,0.0,0.0,2.1404109589041096e-05,7.491438356164384e-05,0.00040667808219178083,0.0002461472602739726,0.00017123287671232877,0.003595890410958904,0.007887414383561643,0.002461472602739726,0.01777611301369863,0.011932791095890412,0.022495719178082192,0.011879280821917809,0.006528253424657534,0.021939212328767124,0.024914383561643834,0.03383989726027397,0.02050513698630137,0.020440924657534245,0.04516267123287671,0.03805650684931507,0.05851883561643836,0.058690068493150685,0.03980094178082192,0.018642979452054793,0.03163527397260274,0.020633561643835615,0.026080907534246574,0.015057791095890411,0.018043664383561645,0.0433861301369863,0.033872003424657536,0.060509417808219175,0.04392123287671233,0.04571917808219178,0.02209974315068493,0.008090753424657534,0.03416095890410959,0.007919520547945206,0.01092679794520548,0.026808647260273974,0.03181720890410959,0.008422517123287671,0.0014340753424657534,0.0035637842465753426,0.00215111301369863,0.004280821917808219,0.004837328767123288,0.023726455479452055,0.00010702054794520547,0.00027825342465753424,0.0008775684931506849,0.001680222602739726,0.0,0.0,0.0,1.0702054794520548e-05,0.0,0.0,0.0,0.0,0.0,0.0,0.0,0.0,0.0,0.0,0.0,0.0,0.0,0.0,0.0,0.0,0.0,0.0,0.0,0.0,0.0,0.0,0.0,0.0,0.0,0.0,0.0,0.0,nan,nan,4.397842211732974,2.8591659864872483,nan,0.8752578414091761,0.0349397680855043,0.0,0.0,0.0,0.0,0.0,0.0,0.0,0.0,0.0,0.0,0.0,0.0,0.0,0.0,0.0,0.0,0.0,0.0,0.0,0.0,0.0,0.038726333907056806,0.06454388984509468,0.4647160068846801,2.568846815834768,8.532702237521516,11.953528399311535,4.944061962134252,1.1101549053356283,0.32271944922547335,0.8758059519468417,0.03449762477873602,0.0,0.0,0.0,0.0,0.0,0.0,0.0,0.0,0.0,0.0,0.0,0.0,0.0,0.0,0.0,0.0,0.0,0.0,0.0,0.0,0.0,0.0,0.05110732538330495,0.523850085178874,2.414821124361159,8.279386712095402,12.380749574105625,4.982964224872233,1.0349233390119252,0.3321976149914822,0.425,0.01976,0.0,0.0,0.0,0.0,0.0,0.0,0.0,0.0,0.0,0.0,0.038726333907056806,3.1110154905335583,16.755593803786578,9.591222030981069,0.5034423407917384,0.0,0.0,0.0,0.0,0.0,0.0,0.0,0.0,0.0,0.0,0.0,0.0,0.0,0.0,0.0,0.424,0.01982,0.0,0.0,0.0,0.0,0.0,0.0,0.0,0.0,0.0,0.0,0.012776831345826238,3.4497444633730785,16.814310051107327,9.33986371379898,0.38330494037478713,0.0,0.0,0.0,0.0,0.0,0.0,0.0,0.0,0.0,0.0,0.0,0.0,0.0,0.0,0.0
25800,4691,2412,0.5141760818588788,1092,985,0.44276273715625664,1322,0.5636324877424856,0.478,3.018867924528302,3.049265564416565,6.567092651757188,1.9910671551546872,6649.800000000001,9.094947017729282e-13,6649.8,6649.8,6649.800000000001,9.094947017729282e-13,6649.800000000001,9.094947017729282e-13,27.864634406309957,20.900047596167454,32.75747592498733,19.18272437534009,0.1409081219356214,0.10147090172671072,0.09379663184822,0.08612236196972926,0.08015348539756982,0.07183969302920486,0.06821573225325091,0.06842890641654231,0.061180984864634406,0.0492432317203155,0.045619270944361544,0.04092943935195054,0.029204860370923045,0.0257940737582605,0.01833297804306118,0.011298230654444682,0.007461095715199318,0.8751442334947238,0.03651868683919036,0.0,0.0,0.0,0.0,0.0,0.0,0.0,0.0,0.0,0.0,0.0,0.0,0.0,0.0,0.0,0.0,0.0,0.0,0.0,0.0,0.0,0.012790449797484548,0.10871882327861866,0.5499893412918336,2.3982093370283524,8.819015135365595,11.767213813685784,4.649328501385633,1.1575357066723515,0.537198891494351,4.424891267982603,2.79034252468029,3.125,2.2043990110685496,0.706232042945713,4.394160583941606,2.8154786653231167,4.449966420416387,2.763880349407972,1.0126999993306396,0.4248,0.02031,0.0,0.0,0.0,0.0,0.0,0.0,0.0,0.0,0.0,0.0,0.04476657429119592,3.427840545725853,16.39735664037519,9.586442123214669,0.5435941163930933,0.0,0.0,0.0,0.0,0.0,0.0,0.0,0.0,0.0,0.0,0.0,0.0,0.0,0.0,0.0,nan,nan,4.421421421421422,2.789748664759505,nan,0.4248,0.0969,0.0,0.0,0.0,0.0,0.0,0.0,0.0,0.0,0.0,0.0,0.0,1.0658708164570453e-05,0.0,0.0009592837348113409,0.0007567682796845022,0.0,0.0,2.1317416329140907e-05,0.000117245789810275,0.00040503091025367725,6.395224898742272e-05,0.000117245789810275,0.0042421658494990406,0.008281816243871244,0.003378810488168834,0.016851417608185888,0.01152206352590066,0.02273502451502878,0.012545299509699424,0.006075463653805159,0.02088040929439352,0.025719462801108504,0.03202941803453421,0.02115753570667235,0.019228309528885098,0.043487529311447455,0.036463440630995526,0.06123427840545726,0.055467917288424644,0.03902153059049243,0.019825197186101044,0.03143253037731827,0.022116819441483693,0.02769132381155404,0.01831166062673204,0.016616926028565338,0.04316776806651034,0.03401193775314432,0.06196972926881262,0.04335962481347261,0.04513962907695587,0.02348113408654871,0.0065977403538691115,0.03416115966744831,0.009582178639948839,0.010509486250266467,0.02751012577275634,0.03172031549776167,0.007461095715199318,0.0014602430185461522,0.003869111063739075,0.002302280963547218,0.003709230441270518,0.0050202515455126835,0.023161372841611596,0.00012790449797484544,0.0003730547857599659,0.0009806011511404819,0.0015135365593690045,0.0,0.0,0.0,4.2634832658281814e-05,0.0,0.0,0.0,0.0,0.0,0.0,0.0,0.0,0.0,0.0,0.0,0.0,0.0,0.0,0.0,0.0,0.0,0.0,0.0,0.0,0.0,0.0,0.0,0.0,0.0,0.0,0.0,0.0,nan,nan,4.421421421421422,2.789748664759505,nan,0.8737565358331547,0.03635572227611223,0.0,0.0,0.0,0.0,0.0,0.0,0.0,0.0,0.0,0.0,0.0,0.0,0.0,0.0,0.0,0.0,0.0,0.0,0.0,0.0,0.0,0.02487562189054727,0.13681592039800997,0.6840796019900476,2.350746268656717,9.079601990049753,11.716417910447765,4.465174129353235,1.0696517412935325,0.4726368159203981,0.8766129157060906,0.03663315967670991,0.0,0.0,0.0,0.0,0.0,0.0,0.0,0.0,0.0,0.0,0.0,0.0,0.0,0.0,0.0,0.0,0.0,0.0,0.0,0.0,0.0,0.0,0.07898200965335675,0.40807371654234187,2.4484422992540593,8.543220710838089,11.820974111452395,4.84422992540588,1.2505484861781484,0.605528740675735,0.4246,0.02016,0.0,0.0,0.0,0.0,0.0,0.0,0.0,0.0,0.0,0.0,0.04975124378109454,3.3706467661691493,16.74129353233831,9.303482587064678,0.5348258706467662,0.0,0.0,0.0,0.0,0.0,0.0,0.0,0.0,0.0,0.0,0.0,0.0,0.0,0.0,0.0,0.425,0.02046,0.0,0.0,0.0,0.0,0.0,0.0,0.0,0.0,0.0,0.0,0.039491004826678375,3.4883720930232505,16.03334795963142,9.885914874945152,0.5528740675734972,0.0,0.0,0.0,0.0,0.0,0.0,0.0,0.0,0.0,0.0,0.0,0.0,0.0,0.0,0.0
25900,5073,2547,0.5020697811945595,1165,1072,0.4409619554504238,1440,0.5677114133648729,0.43399999999999994,2.980997624703088,3.108813607330777,6.631136044880785,2.0333781300192193,6649.800000000001,9.094947017729282e-13,6649.8,6649.8,6649.8,0.0,6649.800000000002,1.8189894035458565e-12,27.38655627833629,20.648136662474084,32.34794908062235,18.946750533150563,0.1421249753597477,0.10506603587620737,0.09363295880149813,0.09126749457914449,0.07845456337472896,0.07431500098561009,0.06997831657796176,0.05933372757737039,0.06110782574413562,0.050463236743544256,0.04592943031736645,0.042184111965306526,0.03252513305736251,0.019515079834417505,0.019712201852946976,0.008476246796767199,0.0059136605558840925,0.8733330929441468,0.0354155963091306,0.0,0.0,0.0,0.0,0.0,0.0,0.0,0.0,0.0,0.0,0.0,0.0,0.0,0.0,0.0,0.0,0.0,0.0,0.0,0.0,0.0,0.011827321111768187,0.10644589000591369,0.6505026611472481,2.6079243051448855,8.92962743938498,12.016558249556478,4.328799526907156,0.9225310467179185,0.42578356002365475,4.3912503878374185,2.8929409662760777,2.25,1.479019945774904,0.51238253373843,4.332091868404717,2.8949463501431247,4.444925742574258,2.8891546083450566,1.0260460483288623,0.4253,0.02039,0.0,0.0,0.0,0.0,0.0,0.0,0.0,0.0,0.0,0.0,0.07687758722649322,3.2229450029568256,16.39858072146659,9.668835008870492,0.632761679479598,0.0,0.0,0.0,0.0,0.0,0.0,0.0,0.0,0.0,0.0,0.0,0.0,0.0,0.0,0.0,nan,nan,4.388596219398822,2.8925976683252554,nan,0.4253,0.0973,0.0,0.0,0.0,0.0,0.0,0.0,0.0,0.0,0.0,0.0,0.0,9.856100926473488e-06,0.0,0.000788488074117879,0.0008870490833826139,0.0,0.0,0.0,0.00024640252316183715,0.00027597082594125766,0.00013798541297062883,0.00011827321111768185,0.00494776266508969,0.008949339641237926,0.0030849595899862014,0.0174354425389316,0.012054011433077074,0.02320126158091859,0.01091070372560615,0.005154740784545634,0.02044155332150601,0.026374926079243053,0.03330376503055391,0.021634141533609305,0.020983638872462053,0.039818647742952885,0.03641829292331954,0.06004336684407648,0.054109994086339444,0.03750246402523162,0.01952493593534398,0.03294894539720087,0.021634141533609305,0.025675142913463435,0.01851961364084368,0.01656810565740193,0.04361324659964518,0.031884486497141734,0.06308890203035679,0.0434555489848216,0.04716144293317564,0.025369603784742754,0.005962941060516459,0.03493002168342204,0.010388330376503056,0.010950128129312044,0.028139168145081807,0.031046717918391486,0.008722649319929035,0.0011235955056179776,0.004405677114133649,0.0016952493593534398,0.0035974768381628226,0.005746106840134043,0.021545436625271044,5.913660555884092e-05,0.0002266903213088902,0.0009166173861620343,0.0022373349103094816,9.856100926473488e-06,0.0,0.0,1.9712201852946975e-05,0.0,0.0,0.0,0.0,0.0,0.0,0.0,0.0,0.0,0.0,0.0,0.0,0.0,0.0,0.0,0.0,0.0,0.0,0.0,0.0,0.0,0.0,0.0,0.0,0.0,0.0,0.0,0.0,nan,nan,4.388596219398822,2.8925976683252554,nan,0.8735609891651469,0.03565328526203701,0.0,0.0,0.0,0.0,0.0,0.0,0.0,0.0,0.0,0.0,0.0,0.0,0.0,0.0,0.0,0.0,0.0,0.0,0.0,0.0,0.0,0.011778563015312134,0.07067137809187281,0.6713780918727895,2.720848056537103,8.727915194346291,11.86101295641932,4.546525323910483,0.9305064782096586,0.45936395759717324,0.8731033020989818,0.03517281005108859,0.0,0.0,0.0,0.0,0.0,0.0,0.0,0.0,0.0,0.0,0.0,0.0,0.0,0.0,0.0,0.0,0.0,0.0,0.0,0.0,0.0,0.011876484560570074,0.14251781472684089,0.6294536817102118,2.4940617577197157,9.133016627078387,12.173396674584327,4.1092636579572455,0.9144893111638956,0.39192399049881244,0.4263,0.02098,0.0,0.0,0.0,0.0,0.0,0.0,0.0,0.0,0.0,0.0,0.1060070671378092,3.191990577149583,15.7243816254417,10.15312131919906,0.8244994110718494,0.0,0.0,0.0,0.0,0.0,0.0,0.0,0.0,0.0,0.0,0.0,0.0,0.0,0.0,0.0,0.4243,0.01973,0.0,0.0,0.0,0.0,0.0,0.0,0.0,0.0,0.0,0.0,0.0475059382422803,3.2541567695961944,17.078384798099766,9.180522565320667,0.4394299287410927,0.0,0.0,0.0,0.0,0.0,0.0,0.0,0.0,0.0,0.0,0.0,0.0,0.0,0.0,0.0
26000,4463,2295,0.5142280976921353,1029,929,0.4387183508850549,1277,0.5722608111136007,0.44199999999999995,2.9363468634686347,2.984370098257884,6.304075235109718,2.0712275086186938,6649.800000000001,9.094947017729282e-13,6649.8,6649.8,6649.800000000002,1.8189894035458565e-12,6649.800000000001,9.094947017729282e-13,28.106878781088955,21.149479302165503,33.41758834637173,19.27099749048665,0.14743446112480393,0.09858839345731571,0.09186645753977145,0.08133542460228546,0.07618194039883486,0.07237284337889312,0.069011875420121,0.06453058480842483,0.054223616401523636,0.05870490701321981,0.04615729330047053,0.04369258346403764,0.03383374411830607,0.024871162894913736,0.017925162446784673,0.012323549182164464,0.0069460004481290616,0.8723028543656273,0.03538188147883487,0.0,0.0,0.0,0.0,0.0,0.0,0.0,0.0,0.0,0.0,0.0,0.0,0.0,0.0,0.0,0.0,0.0,0.0,0.0,0.0,0.013443871835088508,0.020165807752632763,0.10082903876316382,0.5848084248263482,2.6618866233475247,9.585480618418107,11.481066547165588,4.154156397042349,1.055343939054448,0.3428187317947569,4.269083304287208,2.736879259784517,3.125,2.1469455046647083,0.7320072664924886,4.303363074811256,2.7381633350675383,4.226215644820296,2.7339621105118423,0.9820727582939667,0.4246,0.02037,0.0,0.0,0.0,0.0,0.0,0.0,0.0,0.0,0.0,0.0,0.09410710284561956,3.4080215101949314,16.44857719023079,9.54514900291284,0.504145193815819,0.0,0.0,0.0,0.0,0.0,0.0,0.0,0.0,0.0,0.0,0.0,0.0,0.0,0.0,0.0,nan,nan,4.265901981230448,2.736078611381681,nan,0.4246,0.0973,0.0,0.0,0.0,0.0,0.0,0.0,0.0,0.0,0.0,0.0,0.0,0.0,0.0,0.0009074613488684741,0.0006609903652251848,0.0,0.0,0.0,0.0004145193815818956,0.0003136903428187318,0.00011203226529240422,0.00017925162446784674,0.00559041003809097,0.008424826349988796,0.003954738964821868,0.016950481738740756,0.011740981402643961,0.023504369258346404,0.011102397490477258,0.005355142280976922,0.018530136679363658,0.026641272686533723,0.033127940846963924,0.024131749943983868,0.021308536858615282,0.03867353797893793,0.03683620882814251,0.06367913959220256,0.052957651803719474,0.038158189558592875,0.02045709164239301,0.032354918216446336,0.02155500784225857,0.0271342146538203,0.01885503024871163,0.015897378444992158,0.04228097692135335,0.03190678915527672,0.06196504593322877,0.04215774142953171,0.04365897378444992,0.02578982747031145,0.0052431100156845175,0.03604077974456644,0.008839345731570693,0.012379565314810666,0.03006946000448129,0.030181492269773694,0.010194936141608784,0.0009074613488684741,0.0036298453954738963,0.0016132646202106206,0.003909926058704907,0.0055568003585032485,0.021140488460676676,0.00016804839793860632,0.00016804839793860632,0.0008066323101053103,0.001803719471207708,4.4812906116961686e-05,3.3609679587721265e-05,0.0,0.0,0.0,0.0,0.0,0.0,0.0,0.0,0.0,0.0,0.0,0.0,0.0,0.0,0.0,0.0,0.0,0.0,0.0,0.0,0.0,0.0,0.0,0.0,0.0,0.0,0.0,0.0,0.0,0.0,nan,nan,4.265901981230448,2.736078611381681,nan,0.8724742042472939,0.0353125283641932,0.0,0.0,0.0,0.0,0.0,0.0,0.0,0.0,0.0,0.0,0.0,0.0,0.0,0.0,0.0,0.0,0.0,0.0,0.0,0.0,0.02614379084967321,0.013071895424836605,0.09150326797385623,0.6013071895424817,2.666666666666667,9.346405228758172,11.790849673202617,4.11764705882353,0.993464052287582,0.3529411764705883,0.8721214669217043,0.0354542471317451,0.0,0.0,0.0,0.0,0.0,0.0,0.0,0.0,0.0,0.0,0.0,0.0,0.0,0.0,0.0,0.0,0.0,0.0,0.0,0.0,0.0,0.027675276752767534,0.11070110701107014,0.5673431734317326,2.656826568265683,9.838560885608858,11.153136531365316,4.1928044280442816,1.120848708487085,0.3321033210332104,0.4246,0.02057,0.0,0.0,0.0,0.0,0.0,0.0,0.0,0.0,0.0,0.0,0.13071895424836605,3.4901960784313673,16.31372549019608,9.633986928104576,0.4313725490196079,0.0,0.0,0.0,0.0,0.0,0.0,0.0,0.0,0.0,0.0,0.0,0.0,0.0,0.0,0.0,0.4246,0.02017,0.0,0.0,0.0,0.0,0.0,0.0,0.0,0.0,0.0,0.0,0.05535055350553507,3.3210332103320988,16.591328413284135,9.451107011070112,0.5811808118081182,0.0,0.0,0.0,0.0,0.0,0.0,0.0,0.0,0.0,0.0,0.0,0.0,0.0,0.0,0.0
26100,4351,2252,0.5175821650195357,1063,905,0.4523098138358998,1240,0.5699839117444265,0.46599999999999997,3.0676512625059553,3.089300837868151,6.563218390804598,2.0804098733912544,6649.800000000001,9.094947017729282e-13,6649.8,6649.8,6649.800000000001,9.094947017729282e-13,6649.800000000001,9.094947017729282e-13,27.764881636405423,20.7164618984736,32.68628524500411,18.962989894402845,0.1413468168237187,0.09997701677775224,0.08963456676626062,0.08710641231900712,0.08572741898414157,0.07308664674787405,0.06871983452079981,0.06251436451390485,0.06251436451390485,0.056538726729487475,0.04573661227304068,0.03608365892898184,0.030337853367042058,0.026200873362445413,0.01700758446334176,0.010342450011491611,0.007124798896805332,0.8720006973571927,0.03442745844728925,0.0,0.0,0.0,0.0,0.0,0.0,0.0,0.0,0.0,0.0,0.0,0.0,0.0,0.0,0.0,0.0,0.0,0.0,0.0,0.0,0.006894966674327743,0.02757986669731097,0.11031946678924388,0.517122500574579,2.661457136290508,9.4943691105493,11.81797287979775,4.205929671339923,0.8825557343139511,0.2757986669731097,4.390947968638631,2.912854622561025,2.8,2.1354156504062622,0.637675513351189,4.342180774748924,2.9258874937114507,4.4357344632768365,2.898001434380432,1.0215453232790204,0.4246,0.02017,0.0,0.0,0.0,0.0,0.0,0.0,0.0,0.0,0.0,0.0,0.04136980004596645,3.4405883704895377,16.265226384739144,9.721903010802116,0.5309124339232362,0.0,0.0,0.0,0.0,0.0,0.0,0.0,0.0,0.0,0.0,0.0,0.0,0.0,0.0,0.0,nan,nan,4.388118107435076,2.9124277156939127,nan,0.4246,0.0974,0.0,0.0,0.0,0.0,0.0,0.0,0.0,0.0,0.0,0.0,0.0,0.0,0.0,0.0006780050563088945,0.0006090553895656171,0.0,0.0,0.0,0.0006320386118133762,0.0005171225005745806,9.193288899103655e-05,0.0001378993334865548,0.005389565617099517,0.008411859342679844,0.004837968283153298,0.01673178579636865,0.012169616180188463,0.023603769248448633,0.011537577568375087,0.005389565617099517,0.017846472075384968,0.024925304527694783,0.033222247759135834,0.0234543783038382,0.022512066191680072,0.03583084348425649,0.03928981843254424,0.06391634107101815,0.05576878878418754,0.037669501264077226,0.020397609744886233,0.03349804642610894,0.021914502413238335,0.02624683980694093,0.017834980464261088,0.01512296023902551,0.04074925304527695,0.03116524936796139,0.06267524706963916,0.04202482188002758,0.04116295104573661,0.02686738680763043,0.0051712250057458055,0.03727878648586532,0.008032636175591818,0.013537117903930132,0.02902780969891979,0.030682601700758445,0.010917030567685589,0.0007239715008044128,0.004309354171454838,0.002206389335784877,0.004562169616180188,0.004734543783038382,0.0217651114686279,0.00012640772236267525,0.00016088255573431395,0.0003907147782119053,0.001436451390484946,3.44748333716387e-05,6.89496667432774e-05,0.0,0.0,0.0,0.0,0.0,0.0,0.0,0.0,0.0,0.0,0.0,0.0,0.0,0.0,0.0,0.0,0.0,0.0,0.0,0.0,0.0,0.0,0.0,0.0,0.0,0.0,0.0,0.0,0.0,0.0,nan,nan,4.388118107435076,2.9124277156939127,nan,0.8721832468655775,0.0344997276595224,0.0,0.0,0.0,0.0,0.0,0.0,0.0,0.0,0.0,0.0,0.0,0.0,0.0,0.0,0.0,0.0,0.0,0.0,0.0,0.0,0.0,0.026642984014209597,0.133214920071048,0.5062166962699807,2.6642984014209596,9.524866785079931,11.62966252220249,4.316163410301955,0.9591474245115454,0.23978685612788636,0.8718048414768294,0.034348673505820625,0.0,0.0,0.0,0.0,0.0,0.0,0.0,0.0,0.0,0.0,0.0,0.0,0.0,0.0,0.0,0.0,0.0,0.0,0.0,0.0,0.014292520247737021,0.028585040495474043,0.08575512148642211,0.528823249166268,2.6584087660790856,9.461648404001908,12.020009528346835,4.087660790852788,0.8003811338732733,0.31443544545021446,0.425,0.01994,0.0,0.0,0.0,0.0,0.0,0.0,0.0,0.0,0.0,0.0,0.039964476021314393,3.143872113676727,16.452042628774425,9.83126110124334,0.532859680284192,0.0,0.0,0.0,0.0,0.0,0.0,0.0,0.0,0.0,0.0,0.0,0.0,0.0,0.0,0.0,0.4238,0.02042,0.0,0.0,0.0,0.0,0.0,0.0,0.0,0.0,0.0,0.0,0.04287756074321106,3.75893282515483,16.064792758456413,9.604573606479278,0.5288232491662698,0.0,0.0,0.0,0.0,0.0,0.0,0.0,0.0,0.0,0.0,0.0,0.0,0.0,0.0,0.0
26200,4236,2211,0.5219546742209632,1030,852,0.4442870632672332,1185,0.5594900849858357,0.498,3.0187654320987654,3.1339862923727613,6.829443447037702,1.9895585282384889,6649.800000000001,9.094947017729282e-13,6649.8,6649.8,6649.800000000001,9.094947017729282e-13,6649.800000000002,1.8189894035458565e-12,27.753305004721437,20.842042770978857,32.74513673526924,19.103693743214464,0.1421152030217186,0.10033050047214354,0.09324834749763929,0.08593012275731822,0.08144475920679886,0.07884796978281397,0.07058545797922569,0.06232294617563739,0.053824362606232294,0.053588290840415484,0.044381491973559964,0.03824362606232295,0.03186968838526912,0.026912181303116147,0.019830028328611898,0.011095372993389991,0.005429650613786591,0.8711683755077428,0.03484767911797547,0.0,0.0,0.0,0.0,0.0,0.0,0.0,0.0,0.0,0.0,0.0,0.0,0.0,0.0,0.0,0.0,0.0,0.0,0.0,0.0,0.0,0.02124645892351275,0.19121813031161478,0.5878186968838509,2.747875354107649,9.454674220963174,11.643059490084989,4.263456090651559,0.8640226628895187,0.22662889518413604,4.34453471196455,2.882455275834308,2.4285714285714284,1.9897697538834456,0.5589945965636572,4.353028064992614,2.842395408454132,4.326230712711242,2.921097290073057,0.9938439743825962,0.4246,0.01964,0.0,0.0,0.0,0.0,0.0,0.0,0.0,0.0,0.0,0.0,0.07082152974504251,3.02407932011331,16.898016997167144,9.504249291784705,0.5028328611898019,0.0,0.0,0.0,0.0,0.0,0.0,0.0,0.0,0.0,0.0,0.0,0.0,0.0,0.0,0.0,nan,nan,4.339594843462247,2.8821476002813706,nan,0.4246,0.09784,0.0,0.0,0.0,0.0,0.0,0.0,0.0,0.0,0.0,0.0,0.0,0.0,0.0,0.0008026440037771482,0.0005075542965061379,0.0,0.0,0.0,0.000625590179414542,0.0007908404154863078,7.082152974504249e-05,0.00025967894239848916,0.005323418319169027,0.008262511803588292,0.00482766761095373,0.017445703493862135,0.012098677998111425,0.023878659112370162,0.012075070821529746,0.005771954674220963,0.016005665722379603,0.024610481586402267,0.03260151085930123,0.02330028328611898,0.02069169027384325,0.03530453257790368,0.04080500472143531,0.06654863078375826,0.0562204910292729,0.03830264400377715,0.02016052880075543,0.033451369216241734,0.022261567516525024,0.027466949952785646,0.017481114258734654,0.014341359773371105,0.036343248347497636,0.03041784702549575,0.06362134088762984,0.04263456090651558,0.03945939565627951,0.026203966005665724,0.005712936732766761,0.03994334277620397,0.0085576015108593,0.012405571293673277,0.029131255901794145,0.030453257790368272,0.011272426817752597,0.0008616619452313503,0.0040250236071765816,0.002703021718602455,0.00512275731822474,0.0037889518413597736,0.022698300283286118,0.00014164305949008498,0.00010623229461756374,0.0005783758262511803,0.0014518413597733712,7.082152974504249e-05,0.0,0.0,0.0,0.0,0.0,0.0,0.0,0.0,0.0,0.0,0.0,0.0,0.0,0.0,0.0,0.0,0.0,0.0,0.0,0.0,0.0,0.0,0.0,0.0,0.0,0.0,0.0,0.0,0.0,0.0,0.0,nan,nan,4.339594843462247,2.8821476002813706,nan,0.8717716840099609,0.035289167079160945,0.0,0.0,0.0,0.0,0.0,0.0,0.0,0.0,0.0,0.0,0.0,0.0,0.0,0.0,0.0,0.0,0.0,0.0,0.0,0.0,0.0,0.0271370420624152,0.18995929443690643,0.61058344640434,2.6322930800542745,9.457259158751699,11.37042062415197,4.586160108548169,0.8819538670284941,0.24423337856173682,0.8705096520023582,0.034347062219886496,0.0,0.0,0.0,0.0,0.0,0.0,0.0,0.0,0.0,0.0,0.0,0.0,0.0,0.0,0.0,0.0,0.0,0.0,0.0,0.0,0.0,0.014814814814814819,0.19259259259259265,0.5629629629629611,2.8740740740740747,9.451851851851854,11.940740740740743,3.911111111111112,0.8444444444444447,0.20740740740740746,0.425,0.01999,0.0,0.0,0.0,0.0,0.0,0.0,0.0,0.0,0.0,0.0,0.1085481682496608,3.1071913161465354,16.45861601085482,9.755766621438266,0.5698778833107192,0.0,0.0,0.0,0.0,0.0,0.0,0.0,0.0,0.0,0.0,0.0,0.0,0.0,0.0,0.0,0.4243,0.01924,0.0,0.0,0.0,0.0,0.0,0.0,0.0,0.0,0.0,0.0,0.029629629629629638,2.933333333333329,17.37777777777778,9.229629629629631,0.42962962962962975,0.0,0.0,0.0,0.0,0.0,0.0,0.0,0.0,0.0,0.0,0.0,0.0,0.0,0.0,0.0
26300,4523,2278,0.5036480212248508,1055,952,0.44373203625912006,1305,0.577050630112757,0.45399999999999996,2.9719376391982184,3.129230824840375,6.7745098039215685,2.089063630244678,6649.800000000001,9.094947017729282e-13,6649.8,6649.8,6649.800000000001,9.094947017729282e-13,6649.800000000002,1.8189894035458565e-12,27.883705505195667,21.021402552291146,33.0021186440678,19.2372975854901,0.14348883484413,0.10037585673225735,0.09484855184611983,0.08091974353305328,0.07870882157859828,0.07959319036038028,0.07052841034711475,0.06279018350652223,0.054609772275038694,0.050187928366128676,0.04841919080256467,0.03802785761662613,0.032721644925934115,0.026531063453460093,0.01967720539464957,0.012823347335839045,0.00574839708158302,0.871137435842662,0.03509755463340695,0.0,0.0,0.0,0.0,0.0,0.0,0.0,0.0,0.0,0.0,0.0,0.0,0.0,0.0,0.0,0.0,0.0,0.0,0.0,0.0,0.0,0.01326553172673005,0.09285872208711035,0.5969489277028502,2.9316825116073413,9.823126243643602,11.242538138403718,4.118947601149681,0.8357284987839931,0.3449038248949813,4.505524861878453,2.903602710843989,4.0,2.160246899469287,0.8877988963825874,4.476641841570752,2.893557869690869,4.534458509142054,2.912436538614555,1.0129151872357551,0.4258,0.02016,0.0,0.0,0.0,0.0,0.0,0.0,0.0,0.0,0.0,0.0,0.06632765863365024,3.031173999557811,16.190581472474026,10.101702409904933,0.6102144594295822,0.0,0.0,0.0,0.0,0.0,0.0,0.0,0.0,0.0,0.0,0.0,0.0,0.0,0.0,0.0,nan,nan,4.505001724732667,2.9029773510758554,nan,0.4258,0.0969,0.0,0.0,0.0,0.0,0.0,0.0,0.0,0.0,0.0,0.0,0.0,4.421843908910016e-05,0.0,0.0008843687817820031,0.0002653106345346009,0.0,0.0,0.0,0.0004311297811187265,0.0008733141720097281,0.0,0.0002321468052177758,0.004665045323900066,0.008036701304443953,0.0041675878841476895,0.01586336502321468,0.01154101260225514,0.025724076940084016,0.01243643599380942,0.005184611983196993,0.015918638072076056,0.022009728056599603,0.03166040238779571,0.022009728056599603,0.019544550077382268,0.03473358390448817,0.040946274596506745,0.06920185717444174,0.05445500773822684,0.04148795047534822,0.01783108556267964,0.033230156975458766,0.022871987618837054,0.02707273933230157,0.017167808976343134,0.01592969268184833,0.04010612425381384,0.029692681848330755,0.06557594516913554,0.043831527747070526,0.039420738447932785,0.02652000884368782,0.005339376520008844,0.04200751713464515,0.007859827548087553,0.013000221092195445,0.02720539464956887,0.03030068538580588,0.010955118284324564,0.0013265531726730046,0.0043997346893654655,0.002553614857395534,0.0049966836170683175,0.004001768737563564,0.02203183727614415,0.0001437099270395755,5.5273048861375196e-05,0.0007738226840592527,0.00147026309971258,1.105460977227504e-05,0.0,0.0,0.0,0.0,0.0,0.0,0.0,0.0,0.0,0.0,0.0,0.0,0.0,0.0,0.0,0.0,0.0,0.0,0.0,0.0,0.0,0.0,0.0,0.0,0.0,0.0,0.0,0.0,0.0,0.0,0.0,nan,nan,4.505001724732667,2.9029773510758554,nan,0.8706460799220573,0.03533186574327895,0.0,0.0,0.0,0.0,0.0,0.0,0.0,0.0,0.0,0.0,0.0,0.0,0.0,0.0,0.0,0.0,0.0,0.0,0.0,0.0,0.0,0.026338893766461816,0.06584723441615453,0.6189640035118507,3.0158033362598777,9.969271290605796,11.00965759438104,4.227392449517121,0.7638279192273927,0.30289727831431085,0.8716360143669994,0.03485110918384216,0.0,0.0,0.0,0.0,0.0,0.0,0.0,0.0,0.0,0.0,0.0,0.0,0.0,0.0,0.0,0.0,0.0,0.0,0.0,0.0,0.0,0.0,0.12026726057906462,0.5746102449888624,2.846325167037863,9.674832962138087,11.478841870824057,4.00890868596882,0.9086859688195993,0.38752783964365267,0.4255,0.01976,0.0,0.0,0.0,0.0,0.0,0.0,0.0,0.0,0.0,0.0,0.06584723441615453,2.8972783143107947,16.55399473222125,10.03511852502195,0.4477611940298509,0.0,0.0,0.0,0.0,0.0,0.0,0.0,0.0,0.0,0.0,0.0,0.0,0.0,0.0,0.0,0.4263,0.02054,0.0,0.0,0.0,0.0,0.0,0.0,0.0,0.0,0.0,0.0,0.066815144766147,3.167037861915363,15.821826280623611,10.169265033407575,0.7750556792873053,0.0,0.0,0.0,0.0,0.0,0.0,0.0,0.0,0.0,0.0,0.0,0.0,0.0,0.0,0.0
26400,4708,2341,0.4972387425658454,1065,986,0.4356414613423959,1330,0.5649957519116398,0.45399999999999996,2.935361216730038,3.0469575415999,6.569093610698365,1.9522673780650406,6649.800000000001,9.094947017729282e-13,6649.8,6649.8,6649.800000000002,1.8189894035458565e-12,6649.8,0.0,27.786533559898047,20.786972599922873,32.62436932391524,19.091682813589795,0.13700084961767206,0.10301614273576891,0.10025488530161428,0.08517417162276976,0.07752761257434154,0.07264231096006797,0.06924384027187766,0.0632965165675446,0.05883602378929482,0.0514018691588785,0.04864061172472387,0.0437553101104503,0.03143585386576041,0.024426508071367883,0.017204757858963467,0.008920985556499575,0.007221750212404418,0.8715592617059827,0.035493220569511805,0.0,0.0,0.0,0.0,0.0,0.0,0.0,0.0,0.0,0.0,0.0,0.0,0.0,0.0,0.0,0.0,0.0,0.0,0.0,0.0,0.0,0.031860662701784205,0.09558198810535262,0.567119796091757,2.810110450297367,9.787595581988107,11.393372982158033,3.925233644859814,1.0195412064570946,0.3695836873406968,4.391507856904045,2.806387154290683,4.75,2.817356917396161,1.0816330414921964,4.413245033112583,2.7690502232054715,4.3713901947615845,2.8437743464352345,0.990516085547718,0.4253,0.02016,0.0,0.0,0.0,0.0,0.0,0.0,0.0,0.0,0.0,0.0,0.06372132540356841,3.198810535259129,16.287170773152084,9.857689039932032,0.5862361937128293,0.006372132540356841,0.0,0.0,0.0,0.0,0.0,0.0,0.0,0.0,0.0,0.0,0.0,0.0,0.0,0.0,nan,nan,4.3924641547182395,2.8064773890194155,nan,0.4253,0.0975,0.0,0.0,0.0,0.0,0.0,0.0,0.0,0.0,0.0,0.0,0.0,0.0,0.0,0.0006796941376380628,0.0005097706032285472,0.0,1.0620220900594732e-05,0.0,0.00027612574341546304,0.0009451996601529312,0.0,0.0003929481733220051,0.005756159728122345,0.006361512319456245,0.003897621070518267,0.01602591333899745,0.010662701784197112,0.028759558198810535,0.014358538657604078,0.004662276975361088,0.015218776550552251,0.023980458793542905,0.0332731520815633,0.022429906542056073,0.02019966015293118,0.031998725573491926,0.04062234494477485,0.06972175021240441,0.05528887000849618,0.042024214103653354,0.017374681393372983,0.03218988954970264,0.022769753610875108,0.02495751911639762,0.016599405267629565,0.014730246389124894,0.03752124044180119,0.029205607476635514,0.06724723874256584,0.04459430756159728,0.038540781648258284,0.025435429056924384,0.005809260832625319,0.04540144435004248,0.006520815632965166,0.01234069668649108,0.025477909940526764,0.031584536958368735,0.011045029736618521,0.0020072217502124044,0.004991503823279524,0.0027293967714528463,0.004279949022939677,0.0034409515717926933,0.022143160577740018,9.558198810535259e-05,8.496176720475786e-05,0.0011682242990654205,0.0016567544604927783,0.0,0.0,0.0,0.0,0.0,0.0,0.0,0.0,0.0,0.0,0.0,0.0,0.0,0.0,0.0,0.0,0.0,0.0,0.0,0.0,0.0,0.0,0.0,0.0,0.0,0.0,0.0,0.0,0.0,0.0,0.0,0.0,nan,nan,4.3924641547182395,2.8064773890194155,nan,0.8710033673855139,0.03507994752517807,0.0,0.0,0.0,0.0,0.0,0.0,0.0,0.0,0.0,0.0,0.0,0.0,0.0,0.0,0.0,0.0,0.0,0.0,0.0,0.0,0.0,0.038445108927808634,0.12815036309269545,0.5510465612985886,2.716787697565144,10.034173430158054,11.469457496796243,3.6779154207603595,1.1020931225971808,0.28193079880393,0.8721090498784447,0.03588880651830695,0.0,0.0,0.0,0.0,0.0,0.0,0.0,0.0,0.0,0.0,0.0,0.0,0.0,0.0,0.0,0.0,0.0,0.0,0.0,0.0,0.0,0.025348542458808625,0.06337135614702155,0.5830164765525964,2.9024081115335876,9.543726235741447,11.318124207858052,4.169835234474019,0.9378960709759191,0.4562737642585552,0.4253,0.01968,0.0,0.0,0.0,0.0,0.0,0.0,0.0,0.0,0.0,0.0,0.012815036309269546,3.0499786416061467,16.68517727466895,9.726612558735585,0.5254164886800513,0.0,0.0,0.0,0.0,0.0,0.0,0.0,0.0,0.0,0.0,0.0,0.0,0.0,0.0,0.0,0.4253,0.02061,0.0,0.0,0.0,0.0,0.0,0.0,0.0,0.0,0.0,0.0,0.1140684410646388,3.3460076045627325,15.893536121673007,9.987325728770598,0.6463878326996199,0.012674271229404312,0.0,0.0,0.0,0.0,0.0,0.0,0.0,0.0,0.0,0.0,0.0,0.0,0.0,0.0
26500,4673,2384,0.5101647763749197,1084,949,0.43505242884656536,1329,0.568799486411299,0.46199999999999997,2.9978156400174747,3.080469422775869,6.549253731343284,2.066749783346714,6649.800000000001,9.094947017729282e-13,6649.8,6649.8,6649.800000000001,9.094947017729282e-13,6649.800000000001,9.094947017729282e-13,28.121335330622728,21.017302049025552,33.044517934367846,19.28324673176984,0.13460303873314788,0.10507168842285469,0.09287395677295099,0.08902204151508666,0.07703830515728655,0.07661031457307939,0.06462657821527927,0.05756473357586133,0.058206719452172054,0.0577787288679649,0.05221485127327199,0.04108709608388615,0.029531350310293174,0.024395463299807404,0.022255510378771666,0.011127755189385833,0.005991868178900064,0.8723219499811482,0.03479302572641507,0.0,0.0,0.0,0.0,0.0,0.0,0.0,0.0,0.0,0.0,0.0,0.0,0.0,0.0,0.0,0.0,0.0,0.0,0.0,0.0,0.0,0.006419858763107213,0.13481703402525147,0.4814894072330394,2.7476995506098874,9.437192381767602,11.671303231328913,4.160068478493474,1.027177402097154,0.3338326556815751,4.323656990323657,2.837499305510186,3.0,2.516611478423583,0.6938570767093688,4.396073121191605,2.83288757518025,4.250491803278688,2.839800516100434,0.9668837815251228,0.4243,0.02016,0.0,0.0,0.0,0.0,0.0,0.0,0.0,0.0,0.0,0.0,0.05135887010485771,3.229188957842923,16.942007275839934,9.21249732505885,0.5649475711534347,0.0,0.0,0.0,0.0,0.0,0.0,0.0,0.0,0.0,0.0,0.0,0.0,0.0,0.0,0.0,nan,nan,4.321012321012321,2.837510043025476,nan,0.4243,0.09717,0.0,0.0,0.0,0.0,0.0,0.0,0.0,0.0,0.0,0.0,0.0,0.0,0.0,0.00047078964262786216,0.0006312861117055425,0.0,0.0,0.0,0.000374491761181254,0.0008345816392039375,0.0,0.0003851915257864327,0.006195163706398459,0.006633854055210785,0.003873314787074684,0.014198587631072117,0.01075326342820458,0.02988444254226407,0.014059490691204794,0.00505028889364434,0.01572865396961267,0.025358442114273485,0.03384335544618018,0.023197089664027393,0.020136956986946286,0.030612026535416222,0.04265996148084742,0.0676225123047293,0.0557243740637706,0.04148298737427777,0.019259576289321637,0.032441686282901776,0.022758399315215064,0.025037449176118127,0.017783008773806976,0.014476781510806763,0.03733147870746843,0.02898566231542906,0.06476567515514658,0.047624652257650335,0.036689492831157716,0.02482345388401455,0.007468435694414723,0.0451316071046437,0.0075540338112561525,0.01172694200727584,0.023667879306655253,0.03111491547185962,0.00984378343676439,0.0016370639845923389,0.00529638347956345,0.0027605392681361012,0.00415150866680933,0.003969612668521292,0.020179756045367002,0.0001497967044725016,4.2799058420714746e-05,0.0015942649261716242,0.002011555745773593,0.0,1.0699764605178687e-05,0.0,0.0,0.0,0.0,0.0,0.0,0.0,0.0,0.0,0.0,0.0,0.0,0.0,0.0,0.0,0.0,0.0,0.0,0.0,0.0,0.0,0.0,0.0,0.0,0.0,0.0,0.0,0.0,0.0,0.0,nan,nan,4.321012321012321,2.837510043025476,nan,0.871501848551651,0.03464587091908584,0.0,0.0,0.0,0.0,0.0,0.0,0.0,0.0,0.0,0.0,0.0,0.0,0.0,0.0,0.0,0.0,0.0,0.0,0.0,0.0,0.0,0.012583892617449667,0.17617449664429535,0.4656040268456362,2.793624161073826,9.82802013422819,11.287751677852352,4.190436241610739,0.981543624161074,0.264261744966443,0.8731760879487854,0.03492516230937161,0.0,0.0,0.0,0.0,0.0,0.0,0.0,0.0,0.0,0.0,0.0,0.0,0.0,0.0,0.0,0.0,0.0,0.0,0.0,0.0,0.0,0.0,0.09174311926605506,0.4980340760157258,2.6998689384010492,9.030144167758849,12.070773263433818,4.128440366972478,1.0747051114023594,0.40629095674967247,0.4243,0.02016,0.0,0.0,0.0,0.0,0.0,0.0,0.0,0.0,0.0,0.0,0.05033557046979867,3.246644295302009,16.9756711409396,9.223993288590606,0.5033557046979866,0.0,0.0,0.0,0.0,0.0,0.0,0.0,0.0,0.0,0.0,0.0,0.0,0.0,0.0,0.0,0.4243,0.02016,0.0,0.0,0.0,0.0,0.0,0.0,0.0,0.0,0.0,0.0,0.052424639580602894,3.211009174311922,16.906946264744434,9.200524246395808,0.6290956749672347,0.0,0.0,0.0,0.0,0.0,0.0,0.0,0.0,0.0,0.0,0.0,0.0,0.0,0.0,0.0
26600,4804,2513,0.5231057452123231,1138,960,0.4367194004995837,1344,0.559533721898418,0.45399999999999996,2.9842863378437365,3.056533692592195,6.48048048048048,2.071632455432133,6649.800000000001,9.094947017729282e-13,6649.8,6649.8,6649.800000000002,1.8189894035458565e-12,6649.800000000001,9.094947017729282e-13,27.970857618651124,21.14669590560443,33.16362727954034,19.34735681872519,0.14612822647793505,0.09637801831806828,0.09388009991673606,0.09200666111573688,0.07264779350541216,0.07597835137385513,0.07119067443796837,0.05995004163197336,0.054954204829308906,0.050374687760199835,0.04454621149042465,0.04184013322231474,0.034346378018318066,0.026436303080766027,0.02102414654454621,0.012281432139883431,0.006036636136552873,0.8713001279186746,0.03554975700984631,0.0,0.0,0.0,0.0,0.0,0.0,0.0,0.0,0.0,0.0,0.0,0.0,0.0,0.0,0.0,0.0,0.0,0.0,0.0,0.0,0.0,0.04371357202331392,0.1498751040799334,0.5807660283097401,2.8601165695253963,9.579517069109077,11.415487094088263,4.152789342214822,0.9304746044962533,0.2872606161532057,4.277994791666667,2.799192617965558,4.0,2.6666666666666665,0.9350175011413787,4.266887417218543,2.8029601631251984,4.287078294080204,2.7948674985439754,1.0047319919387099,0.4248,0.02034,0.0,0.0,0.0,0.0,0.0,0.0,0.0,0.0,0.0,0.0,0.05620316402997503,3.3597002497918353,16.39883430474605,9.635720233139052,0.5495420482930892,0.0,0.0,0.0,0.0,0.0,0.0,0.0,0.0,0.0,0.0,0.0,0.0,0.0,0.0,0.0,nan,nan,4.277182732878935,2.7988548422207584,nan,0.4248,0.09674,0.0,0.0,0.0,0.0,0.0,0.0,0.0,0.0,0.0,0.0,0.0,0.0,0.0,0.00041631973355537054,0.0006036636136552872,0.0,0.0,0.0,0.000197751873438801,0.001103247293921732,0.0,0.0004995836802664446,0.006609075770191507,0.006192756036636137,0.004267277268942548,0.012593671940049959,0.010179017485428809,0.02946502914238135,0.014685678601165696,0.004579517069109076,0.014748126561199,0.0251977518734388,0.0341278101582015,0.024604496253122398,0.0208992506244796,0.030141548709408827,0.04446294754371357,0.0658721898417985,0.05486053288925895,0.0389571190674438,0.018952955870108243,0.03317027477102415,0.023490840965861782,0.02566611157368859,0.019577435470441298,0.013582431307243964,0.03815570358034971,0.0298293089092423,0.06433180682764363,0.04753330557868443,0.03693796835970025,0.02529142381348876,0.007785179017485429,0.04421315570358035,0.00803497085761865,0.012656119900083264,0.02292880932556203,0.03198376353039134,0.009075770191507078,0.0016132389675270608,0.004850124895920066,0.0033721898417985014,0.0036532056619483764,0.004236053288925895,0.020732722731057453,2.0815986677768527e-05,4.1631973355537055e-05,0.0011552872606161533,0.0018109908409658618,5.203996669442132e-05,0.0,0.0,0.0,0.0,0.0,0.0,0.0,0.0,0.0,0.0,0.0,0.0,0.0,0.0,0.0,0.0,0.0,0.0,0.0,0.0,0.0,0.0,0.0,0.0,0.0,0.0,0.0,0.0,0.0,0.0,0.0,nan,nan,4.277182732878935,2.7988548422207584,nan,0.8718406066589036,0.03597054658847248,0.0,0.0,0.0,0.0,0.0,0.0,0.0,0.0,0.0,0.0,0.0,0.0,0.0,0.0,0.0,0.0,0.0,0.0,0.0,0.0,0.0,0.047751691205730216,0.1551929964186232,0.6088340628730582,2.8173497811380828,9.598089932351773,11.030640668523679,4.452845204934342,0.9908475925189019,0.2984480700358138,0.8707072762930981,0.03507281134101948,0.0,0.0,0.0,0.0,0.0,0.0,0.0,0.0,0.0,0.0,0.0,0.0,0.0,0.0,0.0,0.0,0.0,0.0,0.0,0.0,0.0,0.03928415539065911,0.1440419030990834,0.5499781754692257,2.907027498908774,9.559144478393716,11.837625491051945,3.8236577913574865,0.8642514185945004,0.2749890877346138,0.4248,0.02016,0.0,0.0,0.0,0.0,0.0,0.0,0.0,0.0,0.0,0.0,0.059689614007162765,3.4858734580183,16.104257859132513,9.884600079586155,0.46557898925586955,0.0,0.0,0.0,0.0,0.0,0.0,0.0,0.0,0.0,0.0,0.0,0.0,0.0,0.0,0.0,0.4248,0.02054,0.0,0.0,0.0,0.0,0.0,0.0,0.0,0.0,0.0,0.0,0.052378873854212145,3.2213007420340416,16.721955477957227,9.362723701440421,0.6416412047140988,0.0,0.0,0.0,0.0,0.0,0.0,0.0,0.0,0.0,0.0,0.0,0.0,0.0,0.0,0.0
26700,4838,2428,0.5018602728400166,1147,980,0.43964448119057464,1362,0.5630425795783381,0.44599999999999995,2.9153526970954355,3.0728858366739424,6.594074074074074,2.0601245184575783,6649.800000000002,1.8189894035458565e-12,6649.8,6649.8,6649.800000000002,1.8189894035458565e-12,6649.800000000001,9.094947017729282e-13,27.837536171971887,20.85384038570363,32.641981363413436,19.19351960681395,0.13497312939231088,0.10562215791649442,0.09694088466308391,0.08825961140967342,0.07544439851178172,0.07668458040512609,0.06924348904505995,0.06676312525837123,0.054981397271599834,0.05188094253823894,0.04505994212484498,0.03844563869367507,0.03245142620917735,0.027697395618023975,0.016329061595700703,0.013848697809011988,0.005374121537825548,0.8732677702817014,0.034820924913761785,0.0,0.0,0.0,0.0,0.0,0.0,0.0,0.0,0.0,0.0,0.0,0.0,0.0,0.0,0.0,0.0,0.0,0.0,0.0,0.0,0.006200909466721787,0.0,0.06200909466721787,0.477470028937576,2.598181066556429,9.654816039685823,11.62670525010335,4.154609342703598,1.0293509714758167,0.3906572964034726,4.382171799027553,2.8501425622705776,1.0,0.816496580927726,0.22819735187513868,4.408678756476684,2.8807386638038177,4.349093264248705,2.820267911906371,0.9864845012487146,0.425,0.02017,0.0,0.0,0.0,0.0,0.0,0.0,0.0,0.0,0.0,0.0,0.02480363786688715,3.3980983877635333,16.54402645721373,9.493592393551056,0.5394791236047954,0.0,0.0,0.0,0.0,0.0,0.0,0.0,0.0,0.0,0.0,0.0,0.0,0.0,0.0,0.0,nan,nan,4.378886010362694,2.8508193172757332,nan,0.425,0.0966,0.0,0.0,0.0,0.0,0.0,0.0,0.0,0.0,0.0,0.0,0.0,0.0,0.0,0.0002583712277800744,0.0006924348904505995,0.0,0.0,0.0,7.234394377842083e-05,0.0016742455560148821,0.0,0.000434063662670525,0.005777180653162464,0.006376601901612236,0.0038548987184787104,0.01343530384456387,0.009280694501860273,0.027356345597354278,0.015988011575031005,0.004609342703596527,0.013766019016122365,0.023491112029764366,0.03560355518809425,0.025682100041339397,0.02246796196775527,0.03168664737494833,0.04692021496486151,0.06713517982637454,0.05204630012401819,0.03639933856965688,0.01871641174038859,0.03116990491938818,0.025671765192228194,0.027521703183133527,0.019067796610169493,0.013218272013228607,0.037546506821000414,0.02833815626291856,0.06439644481190575,0.05014468788755684,0.03586192641587433,0.023274080198429102,0.007038032244729227,0.045742042166184375,0.00885696568830095,0.01149235221165771,0.023036378668871434,0.03497312939231087,0.008515915667631253,0.0019119470855725506,0.004505994212484498,0.003131459280694502,0.0034105002066969823,0.0032554774700289378,0.02066969822240595,7.234394377842083e-05,0.00010334849111202976,0.0009198015708970649,0.0023460107482430755,8.267879288962381e-05,0.0,0.0,0.0,0.0,0.0,0.0,0.0,0.0,0.0,0.0,0.0,0.0,0.0,0.0,0.0,0.0,0.0,0.0,0.0,0.0,0.0,0.0,0.0,0.0,0.0,0.0,0.0,0.0,0.0,0.0,0.0,nan,nan,4.378886010362694,2.8508193172757332,nan,0.8725162868493864,0.03448981109198517,0.0,0.0,0.0,0.0,0.0,0.0,0.0,0.0,0.0,0.0,0.0,0.0,0.0,0.0,0.0,0.0,0.0,0.0,0.0,0.0,0.0,0.0,0.04942339373970347,0.4818780889621072,2.78006589785832,9.859967051070841,11.490939044481058,4.015650741350907,0.9390444810543659,0.3830313014827019,0.8740248664533449,0.03513510813364076,0.0,0.0,0.0,0.0,0.0,0.0,0.0,0.0,0.0,0.0,0.0,0.0,0.0,0.0,0.0,0.0,0.0,0.0,0.0,0.0,0.01244813278008299,0.0,0.07468879668049794,0.473029045643152,2.4149377593361,9.44813278008299,11.763485477178426,4.294605809128631,1.1203319502074691,0.3983402489626557,0.425,0.02028,0.0,0.0,0.0,0.0,0.0,0.0,0.0,0.0,0.0,0.0,0.04942339373970347,3.2619439868204236,16.705107084019772,9.489291598023065,0.4942339373970347,0.0,0.0,0.0,0.0,0.0,0.0,0.0,0.0,0.0,0.0,0.0,0.0,0.0,0.0,0.0,0.4248,0.02005,0.0,0.0,0.0,0.0,0.0,0.0,0.0,0.0,0.0,0.0,0.0,3.535269709543563,16.381742738589214,9.497925311203321,0.5850622406639006,0.0,0.0,0.0,0.0,0.0,0.0,0.0,0.0,0.0,0.0,0.0,0.0,0.0,0.0,0.0
26800,4994,2509,0.5024028834601522,1182,1041,0.4451341609931918,1434,0.5742891469763717,0.44599999999999995,2.942857142857143,3.0608770139095696,6.520923520923521,2.1357084346793394,6649.800000000002,1.8189894035458565e-12,6649.8,6649.8,6649.800000000002,1.8189894035458565e-12,6649.800000000001,9.094947017729282e-13,27.542050460552662,20.65908253311334,32.4440200525185,18.95085502953671,0.14036844213055666,0.10152182619142971,0.0947136563876652,0.09110933119743693,0.08009611533840609,0.0736884261113336,0.07028434120945135,0.06668001601922306,0.053864637565078095,0.05286343612334802,0.04785742891469764,0.03864637565078094,0.030436523828594315,0.024028834601521828,0.018221866239487385,0.00841009211053264,0.007208650380456548,0.8742802941565233,0.03497061729535928,0.0,0.0,0.0,0.0,0.0,0.0,0.0,0.0,0.0,0.0,0.0,0.0,0.0,0.0,0.0,0.0,0.0,0.0,0.0,0.006007208650380458,0.012014417300760916,0.012014417300760916,0.07809371245494595,0.5526631958350002,2.517020424509412,8.716459751702043,12.110532639167003,4.511413696435723,1.2374849819783744,0.24629555466559877,4.370775969962453,2.8708991799173025,3.6,3.3226495451672298,0.8236523731118908,4.438330170777989,2.8501736236216644,4.302469135802469,2.8912159562781756,0.9693891554373242,0.4248,0.01988,0.0,0.0,0.0,0.0,0.0,0.0,0.0,0.0,0.0,0.0,0.02402883460152183,3.183820584701637,16.91029235082099,9.251101321585905,0.6307569082899481,0.0,0.0,0.0,0.0,0.0,0.0,0.0,0.0,0.0,0.0,0.0,0.0,0.0,0.0,0.0,nan,nan,4.369572008747267,2.871821555792359,nan,0.4248,0.09686,0.0,0.0,0.0,0.0,0.0,0.0,0.0,0.0,0.0,0.0,0.0,0.0,0.0,0.00014016820184221065,0.00045054064877853424,0.0,0.0,0.0,0.00014016820184221065,0.0020324389267120544,0.0,0.0002803364036844213,0.00604725670804966,0.006758109731678013,0.003764517420905086,0.01394673608329996,0.00857028434120945,0.02669203043652383,0.017040448538245895,0.004685622747296756,0.013956748097717261,0.023648378053664397,0.03695434521425711,0.02549058870644774,0.023037645174209052,0.031758109731678016,0.048708450140168204,0.06495794953944733,0.05144173007609131,0.03374048858630357,0.01791149379255106,0.030306367641169403,0.02986583900680817,0.02881457749299159,0.01818181818181818,0.01432719263115739,0.03574289146976372,0.0263215859030837,0.06346615939126952,0.050620744893872645,0.035482579094913896,0.02161593912695234,0.006297557068482179,0.048187825390468564,0.009421305566680017,0.012825390468562275,0.02418902683219864,0.035162194633560274,0.007789347216659992,0.0015018021625951142,0.004004805766920304,0.0031237484981978376,0.0028534241089307167,0.0029835802963556267,0.020314377252703245,0.00012014417300760913,0.00031037244693632356,0.0007509010812975571,0.0032338806567881457,3.0036043251902282e-05,0.0,0.0,0.0,0.0,0.0,0.0,0.0,0.0,0.0,0.0,0.0,0.0,0.0,0.0,0.0,0.0,0.0,0.0,0.0,0.0,0.0,0.0,0.0,0.0,0.0,0.0,0.0,0.0,0.0,0.0,0.0,nan,nan,4.369572008747267,2.871821555792359,nan,0.8742654637874194,0.034887602652742544,0.0,0.0,0.0,0.0,0.0,0.0,0.0,0.0,0.0,0.0,0.0,0.0,0.0,0.0,0.0,0.0,0.0,0.0,0.0,0.0,0.0,0.023913909924272624,0.08369868473495419,0.5858907931446773,2.4392188122758074,8.812275807094462,11.921084097249903,4.69908330011957,1.1598246313272222,0.27500996412913514,0.8742952677565561,0.0350542278735616,0.0,0.0,0.0,0.0,0.0,0.0,0.0,0.0,0.0,0.0,0.0,0.0,0.0,0.0,0.0,0.0,0.0,0.0,0.0,0.012072434607645878,0.024144869215291756,0.0,0.07243460764587527,0.519114688128771,2.595573440643864,8.619718309859156,12.30181086519115,4.321931589537224,1.3158953722334008,0.2173038229376258,0.4248,0.01991,0.0,0.0,0.0,0.0,0.0,0.0,0.0,0.0,0.0,0.0,0.023913909924272624,3.1327222000797086,17.038660821044243,9.087285771223597,0.7174172977281787,0.0,0.0,0.0,0.0,0.0,0.0,0.0,0.0,0.0,0.0,0.0,0.0,0.0,0.0,0.0,0.4248,0.01987,0.0,0.0,0.0,0.0,0.0,0.0,0.0,0.0,0.0,0.0,0.024144869215291756,3.23541247484909,16.78068410462777,9.416498993963785,0.5432595573440645,0.0,0.0,0.0,0.0,0.0,0.0,0.0,0.0,0.0,0.0,0.0,0.0,0.0,0.0,0.0
26900,4746,2439,0.5139064475347661,1126,990,0.44584913611462285,1356,0.5714285714285714,0.46599999999999997,2.978760294755093,3.017788559734211,6.48062015503876,2.00812603141421,6649.800000000001,9.094947017729282e-13,6649.8,6649.8,6649.800000000001,9.094947017729282e-13,6649.800000000001,9.094947017729282e-13,27.655288664138222,20.823076542605964,32.730507191521575,19.040497510981535,0.146228402865571,0.0979772439949431,0.09292035398230089,0.08364938895912347,0.08112094395280237,0.07648546144121365,0.0762747576906869,0.06152549515381374,0.056890012642225034,0.04698693636746734,0.0482511588706279,0.03982300884955752,0.0326590813316477,0.024863042562157607,0.017277707543194267,0.010113780025284451,0.00695322376738306,0.8748799353976116,0.03413766485561135,0.0,0.0,0.0,0.0,0.0,0.0,0.0,0.0,0.0,0.0,0.0,0.0,0.0,0.0,0.0,0.0,0.0,0.0,0.0,0.0,0.0,0.0,0.05689001264222504,0.48672566371681264,2.4209860935524654,9.152970922882428,11.67509481668774,4.753476611883692,1.1251580278128952,0.32869785082174474,4.33344327176781,2.79947041096602,2.0,0.0,0.46152675241647007,4.337071240105541,2.7982698900410945,4.328279499011206,2.800380990358594,0.9979728852472987,0.4243,0.02026,0.0,0.0,0.0,0.0,0.0,0.0,0.0,0.0,0.0,0.0,0.05056890012642226,3.457648546144116,16.542351453855883,9.412136536030342,0.5309734513274337,0.006321112515802783,0.0,0.0,0.0,0.0,0.0,0.0,0.0,0.0,0.0,0.0,0.0,0.0,0.0,0.0,nan,nan,4.332673920211012,2.7993294387164553,nan,0.4243,0.0972,0.0,0.0,0.0,0.0,0.0,0.0,0.0,0.0,0.0,0.0,0.0,0.0,0.0,0.000347661188369153,0.0004424778761061947,0.0,0.0,7.374631268436578e-05,0.00017909818794774546,0.0015381373788453435,0.0,0.00011588706278971766,0.0051411715128529285,0.00762747576906869,0.003813737884534345,0.016266329540665824,0.010050568900126422,0.025442477876106196,0.01731984829329962,0.0044774546986936364,0.01380109565950274,0.023841129372102823,0.038400758533501896,0.025895490939738728,0.02309313105773283,0.031289506953223765,0.048735777496839446,0.0620417193426043,0.05248630425621576,0.032901390644753475,0.016866835229667088,0.029435313948588285,0.03034134007585335,0.028645174884112938,0.01944795617361989,0.014917825537294564,0.03714707121786768,0.024441635061104087,0.06217867678044669,0.05207543194268858,0.03430257058575643,0.019110830172777076,0.006110408765276022,0.05075853350189633,0.010071639275179099,0.01270543615676359,0.024030762747576907,0.03570375052675938,0.007964601769911504,0.001369574378423936,0.0033396544458491363,0.0039190897597977245,0.0021281078803202695,0.0033396544458491363,0.019700800674252002,0.00017909818794774546,0.0003055204382638011,0.0012852928782132321,0.0028445006321112516,1.0535187526337969e-05,0.0,0.0,0.0,0.0,0.0,0.0,0.0,0.0,0.0,0.0,0.0,0.0,0.0,0.0,0.0,0.0,0.0,0.0,0.0,0.0,0.0,0.0,0.0,0.0,0.0,0.0,0.0,0.0,0.0,0.0,0.0,nan,nan,4.332673920211012,2.7993294387164553,nan,0.874219782897907,0.034052634564645815,0.0,0.0,0.0,0.0,0.0,0.0,0.0,0.0,0.0,0.0,0.0,0.0,0.0,0.0,0.0,0.0,0.0,0.0,0.0,0.0,0.0,0.0,0.07380073800738009,0.479704797047969,2.386223862238623,9.458794587945881,11.734317343173435,4.403444034440345,1.1562115621156213,0.30750307503075036,0.8755778599519155,0.03421348164664129,0.0,0.0,0.0,0.0,0.0,0.0,0.0,0.0,0.0,0.0,0.0,0.0,0.0,0.0,0.0,0.0,0.0,0.0,0.0,0.0,0.0,0.0,0.03901170351105332,0.49414824447334044,2.457737321196359,8.829648894668402,11.61248374512354,5.123537061118336,1.092327698309493,0.35110533159947993,0.424,0.02014,0.0,0.0,0.0,0.0,0.0,0.0,0.0,0.0,0.0,0.0,0.061500615006150075,3.5547355473554685,16.39606396063961,9.520295202952031,0.45510455104551056,0.012300123001230016,0.0,0.0,0.0,0.0,0.0,0.0,0.0,0.0,0.0,0.0,0.0,0.0,0.0,0.0,0.4246,0.02039,0.0,0.0,0.0,0.0,0.0,0.0,0.0,0.0,0.0,0.0,0.03901170351105332,3.3550065019505806,16.69700910273082,9.297789336801042,0.611183355006502,0.0,0.0,0.0,0.0,0.0,0.0,0.0,0.0,0.0,0.0,0.0,0.0,0.0,0.0,0.0
27000,5027,2530,0.5032822757111597,1224,1053,0.45295404814004375,1450,0.5768848219614084,0.42199999999999993,2.947937525030036,3.057140507238547,6.554929577464788,2.07512353152698,6649.800000000002,1.8189894035458565e-12,6649.8,6649.8,6649.800000000003,2.7284841053187847e-12,6649.800000000002,1.8189894035458565e-12,27.875870300377958,20.631633994392757,32.59557959087703,18.91824327816384,0.13606524766262185,0.10185000994629004,0.09309727471653073,0.08593594589218222,0.08414561368609509,0.07678535906107022,0.06743584642928188,0.06286055301372588,0.06107022080763875,0.05072607917246867,0.0483389695643525,0.04217226974338572,0.031231350706186593,0.02605927988860155,0.016311915655460512,0.01054306743584643,0.0053709966182613885,0.8750256245549356,0.03392942164394269,0.0,0.0,0.0,0.0,0.0,0.0,0.0,0.0,0.0,0.0,0.0,0.0,0.0,0.0,0.0,0.0,0.0,0.0,0.0,0.0,0.0,0.005967774020290433,0.06564551422319476,0.41774418142032893,2.3632385120350112,8.927789934354488,12.186194549433065,4.69067037994828,0.9727471653073405,0.37000198925800687,4.314706785385324,2.879870188253508,5.5,0.5,1.2747100263288977,4.302937576499388,2.8335122834108897,4.3263546798029555,2.9244417617802894,1.0054421201533252,0.4238,0.02016,0.0,0.0,0.0,0.0,0.0,0.0,0.0,0.0,0.0,0.0,0.11338770638551822,3.550825542072802,16.363636363636367,9.488760692261788,0.4833896956435251,0.0,0.0,0.0,0.0,0.0,0.0,0.0,0.0,0.0,0.0,0.0,0.0,0.0,0.0,0.0,nan,nan,4.315434182264498,2.8791626700247375,nan,0.4238,0.0972,0.0,0.0,0.0,0.0,0.0,0.0,0.0,0.0,0.0,0.0,0.0,0.0,0.0,0.00029838870101452157,0.00047742192162323455,0.0,0.0,9.946290033817386e-05,0.00039785160135269546,0.0016013526954445992,9.946290033817386e-06,0.00019892580067634773,0.004575293415555998,0.007201113984483787,0.0032822757111597373,0.015854386313904914,0.01194549433061468,0.025293415555997612,0.017366222399045155,0.004804058086333798,0.014402227968967575,0.024776208474239107,0.03687089715536105,0.02846628207678536,0.0232842649691665,0.031758504077978915,0.04813009747364233,0.06160732046946489,0.054774219216232344,0.03224587228963596,0.01656057290630595,0.02751143823353889,0.030346130893176844,0.028446389496717725,0.01967376168689079,0.01465088521981301,0.03693057489556396,0.02510443604535508,0.061468072408991443,0.049333598567734234,0.03522975929978118,0.020081559578277303,0.00635567933160931,0.049631987268748755,0.011368609508653272,0.012771036403421523,0.025711159737417943,0.03407598965585836,0.0074895563954644915,0.0012532325442609906,0.00262582056892779,0.0035209866719713547,0.0019992042967972947,0.00372985876268152,0.01975333200716133,0.000437636761487965,0.00024865725084543465,0.0013029639944300776,0.0026656057290630596,0.0,0.0,0.0,0.0,0.0,0.0,0.0,0.0,0.0,0.0,0.0,0.0,0.0,0.0,0.0,0.0,0.0,0.0,0.0,0.0,0.0,0.0,0.0,0.0,0.0,0.0,0.0,0.0,0.0,0.0,0.0,0.0,nan,nan,4.315434182264498,2.8791626700247375,nan,0.8759735378823261,0.034104750691043045,0.0,0.0,0.0,0.0,0.0,0.0,0.0,0.0,0.0,0.0,0.0,0.0,0.0,0.0,0.0,0.0,0.0,0.0,0.0,0.0,0.0,0.011857707509881426,0.03557312252964427,0.39130434782608575,2.3596837944664033,8.715415019762847,12.106719367588935,4.980237154150199,0.9723320158102768,0.4268774703557313,0.8740651837386367,0.033723682801017,0.0,0.0,0.0,0.0,0.0,0.0,0.0,0.0,0.0,0.0,0.0,0.0,0.0,0.0,0.0,0.0,0.0,0.0,0.0,0.0,0.0,0.0,0.09611533840608733,0.44453344012815244,2.3668402082499003,9.142971565879057,12.266720064076894,4.397276732078495,0.9731678013616342,0.3123748498197838,0.4238,0.02025,0.0,0.0,0.0,0.0,0.0,0.0,0.0,0.0,0.0,0.0,0.0948616600790514,3.4387351778656075,16.30434782608696,9.687747035573125,0.474308300395257,0.0,0.0,0.0,0.0,0.0,0.0,0.0,0.0,0.0,0.0,0.0,0.0,0.0,0.0,0.0,0.4238,0.02007,0.0,0.0,0.0,0.0,0.0,0.0,0.0,0.0,0.0,0.0,0.13215859030837007,3.6643972767320734,16.423708450140172,9.287144573488188,0.49259110933119754,0.0,0.0,0.0,0.0,0.0,0.0,0.0,0.0,0.0,0.0,0.0,0.0,0.0,0.0,0.0
27100,4676,2408,0.5149700598802395,1118,931,0.4381950384944397,1303,0.5573139435414884,0.46599999999999997,2.9770723104056436,3.1113100673444958,6.681020733652312,2.1230879930809214,6649.800000000001,9.094947017729282e-13,6649.8,6649.8,6649.800000000002,1.8189894035458565e-12,6649.800000000002,1.8189894035458565e-12,27.363558597091533,20.847597371506502,32.33955987717503,19.200208465761705,0.14178785286569717,0.10992301112061591,0.09602224123182207,0.08468776732249786,0.07976903336184774,0.07399486740804107,0.0718562874251497,0.0611633875106929,0.05303678357570573,0.05089820359281437,0.048331907613344736,0.036783575705731396,0.031009409751924722,0.026090675791274595,0.019461077844311378,0.00855431993156544,0.006629597946963216,0.8780056573418697,0.03516105442105669,0.0,0.0,0.0,0.0,0.0,0.0,0.0,0.0,0.0,0.0,0.0,0.0,0.0,0.0,0.0,0.0,0.0,0.0,0.0,0.0,0.0,0.0,0.06415739948674082,0.5325064157399471,2.0722840034217285,8.083832335329342,12.30538922155689,5.1775021385799835,1.3601368691189055,0.40419161676646714,4.41001353179973,2.891770297435843,3.3333333333333335,1.247219128924647,0.7558555794210903,4.364604125083167,2.939419034058835,4.454670329670329,2.8389713643855217,1.020635595349772,0.423,0.02002,0.0,0.0,0.0,0.0,0.0,0.0,0.0,0.0,0.0,0.0,0.04491017964071858,3.6890504704875906,17.027373823781012,8.776732249786143,0.4619332763045339,0.0,0.0,0.0,0.0,0.0,0.0,0.0,0.0,0.0,0.0,0.0,0.0,0.0,0.0,0.0,nan,nan,4.408921933085502,2.890779906773263,nan,0.423,0.09735,0.0,0.0,0.0,0.0,0.0,0.0,0.0,0.0,0.0,0.0,0.0,0.0,0.0,0.0005453378956372969,0.0007378100940975193,0.0,0.0,9.623609923011121e-05,0.0002459366980325064,0.0019995722840034217,1.0692899914456802e-05,6.415739948674081e-05,0.0053464499572284,0.006287425149700598,0.003646278870829769,0.015622326775021386,0.011719418306244653,0.025866124893071,0.01674508126603935,0.0058704020530367836,0.015953806672369546,0.02412318220701454,0.03673011120615911,0.02844311377245509,0.02462574850299401,0.02957656116338751,0.0473267750213858,0.062093669803250644,0.05678999144568007,0.03274165953806672,0.01647775876817793,0.026636013686911892,0.030175363558597092,0.026881950384944397,0.01995295124037639,0.013943541488451668,0.03636655260906758,0.025919589392643286,0.059046193327630454,0.04961505560307956,0.03727544910179641,0.021246792130025664,0.006554747647562018,0.05146492728828058,0.010810521813515826,0.013109495295124037,0.023642001710863985,0.0324743370402053,0.008276304533789565,0.0009837467921300256,0.002512831479897348,0.0045337895637296835,0.0019140290846877672,0.0034644995722840034,0.01844525235243798,0.0002994011976047904,0.0002459366980325064,0.001347305389221557,0.003165098374679213,0.0,0.0,0.0,1.0692899914456802e-05,0.0,0.0,0.0,0.0,0.0,0.0,0.0,0.0,0.0,0.0,0.0,0.0,0.0,0.0,0.0,0.0,0.0,0.0,0.0,0.0,0.0,0.0,0.0,0.0,0.0,0.0,0.0,0.0,nan,nan,4.408921933085502,2.890779906773263,nan,0.8789604949545227,0.03483981793633419,0.0,0.0,0.0,0.0,0.0,0.0,0.0,0.0,0.0,0.0,0.0,0.0,0.0,0.0,0.0,0.0,0.0,0.0,0.0,0.0,0.0,0.0,0.037375415282392035,0.46096345514950027,1.9559800664451832,8.02325581395349,12.383720930232561,5.332225913621264,1.3455149501661134,0.46096345514950177,0.8769918791358433,0.035470817844166315,0.0,0.0,0.0,0.0,0.0,0.0,0.0,0.0,0.0,0.0,0.0,0.0,0.0,0.0,0.0,0.0,0.0,0.0,0.0,0.0,0.0,0.0,0.09259259259259262,0.6084656084656066,2.1957671957671963,8.14814814814815,12.222222222222225,5.013227513227514,1.375661375661376,0.343915343915344,0.4236,0.01999,0.0,0.0,0.0,0.0,0.0,0.0,0.0,0.0,0.0,0.0,0.02491694352159469,3.7001661129568055,16.669435215946848,9.14451827242525,0.46096345514950177,0.0,0.0,0.0,0.0,0.0,0.0,0.0,0.0,0.0,0.0,0.0,0.0,0.0,0.0,0.0,0.4229,0.02003,0.0,0.0,0.0,0.0,0.0,0.0,0.0,0.0,0.0,0.0,0.06613756613756615,3.6772486772486714,17.407407407407412,8.386243386243388,0.4629629629629631,0.0,0.0,0.0,0.0,0.0,0.0,0.0,0.0,0.0,0.0,0.0,0.0,0.0,0.0,0.0
27200,4954,2540,0.5127169963665724,1213,994,0.44549858700040373,1403,0.566410981025434,0.42199999999999993,2.8674399337199667,2.9544723221020823,6.273894436519258,2.033041006000695,6649.800000000001,9.094947017729282e-13,6649.8,6649.8,6649.800000000003,2.7284841053187847e-12,6649.800000000001,9.094947017729282e-13,28.519781994348,20.96016061331404,33.44731800766284,19.130014993455415,0.13504238998788856,0.09668954380298748,0.0922486879289463,0.08578926120306823,0.07791683488090433,0.07105369398465886,0.0702462656439241,0.06802583770690351,0.06035526846992329,0.05147355672184094,0.04844570044408559,0.047840129188534516,0.03229713362939039,0.025433992733144933,0.018772708922083166,0.012515139281388777,0.005853855470327008,0.8785281192645172,0.03483687209007479,0.0,0.0,0.0,0.0,0.0,0.0,0.0,0.0,0.0,0.0,0.0,0.0,0.0,0.0,0.0,0.0,0.0,0.0,0.0,0.0,0.0,0.012111425111021399,0.07266855066612839,0.3936213161081942,2.095276544206702,7.993540573274124,12.329430763019785,5.389584174404523,1.2959224868792898,0.4178441663302383,4.123181677499226,2.7521676942244206,4.0,3.082207001484488,0.9701246059150278,4.12781954887218,2.7824103806474403,4.11836485661989,2.723257257437597,0.9977095189989899,0.4236,0.02034,0.0,0.0,0.0,0.0,0.0,0.0,0.0,0.0,0.0,0.0,0.048445700444085596,3.712151796528053,16.71982236576504,8.962454582155836,0.5571255551069844,0.0,0.0,0.0,0.0,0.0,0.0,0.0,0.0,0.0,0.0,0.0,0.0,0.0,0.0,0.0,nan,nan,4.123029366306028,2.752603618530107,nan,0.4236,0.09705,0.0,0.0,0.0,0.0,0.0,0.0,0.0,0.0,0.0,0.0,0.0,0.0,0.0,0.00026241421073879695,0.0009487283003633427,0.0,0.0,9.083568833266048e-05,0.0004440855874041179,0.0023112636253532497,4.037141703673799e-05,3.0278562777553492e-05,0.005076705692369802,0.0068429551877270895,0.002937020589422689,0.013827210335082761,0.010496568429551878,0.028643520387565603,0.016794509487283005,0.00641905530884134,0.017450545014129997,0.02497981429148163,0.03433589018974566,0.027260799354057327,0.02468712151796528,0.0274727492935002,0.048566814695195804,0.060476382721033506,0.05352240613645539,0.033387161889382316,0.01858094469115866,0.02794711344368187,0.031721840936616875,0.025979006863140898,0.019963665724666936,0.013827210335082761,0.03805006055712556,0.02641299959628583,0.05850827614049253,0.049364150181671375,0.036980218005651995,0.022496972143722243,0.006550262414210739,0.05010092854259184,0.010153411384739604,0.014301574485264432,0.02502018570851837,0.03166128381106177,0.010203875656035527,0.0008679854662898668,0.002169963665724667,0.004592248687928947,0.0016249495357287041,0.003673798950343157,0.017127573677836093,0.00033306419055308844,3.0278562777553492e-05,0.0013524424707307226,0.0030985062575696405,0.0,0.0,0.0,0.0,0.0,0.0,0.0,0.0,0.0,0.0,0.0,0.0,0.0,0.0,0.0,0.0,0.0,0.0,0.0,0.0,0.0,0.0,0.0,0.0,0.0,0.0,0.0,0.0,0.0,0.0,0.0,0.0,nan,nan,4.123029366306028,2.752603618530107,nan,0.8790114748196339,0.03442546195787152,0.0,0.0,0.0,0.0,0.0,0.0,0.0,0.0,0.0,0.0,0.0,0.0,0.0,0.0,0.0,0.0,0.0,0.0,0.0,0.0,0.0,0.0,0.08267716535433073,0.3543307086614162,1.9015748031496067,8.01968503937008,12.472440944881892,5.480314960629923,1.1929133858267718,0.4960629921259843,0.8780195347119089,0.03525742079228757,0.0,0.0,0.0,0.0,0.0,0.0,0.0,0.0,0.0,0.0,0.0,0.0,0.0,0.0,0.0,0.0,0.0,0.0,0.0,0.0,0.0,0.02485501242750622,0.062137531068765545,0.4349627174813574,2.2990886495443252,7.966031483015743,12.178956089478048,5.294117647058825,1.4043082021541013,0.33554266777133396,0.424,0.02043,0.0,0.0,0.0,0.0,0.0,0.0,0.0,0.0,0.0,0.0,0.04724409448818899,3.70866141732283,16.33464566929134,9.295275590551183,0.6141732283464568,0.0,0.0,0.0,0.0,0.0,0.0,0.0,0.0,0.0,0.0,0.0,0.0,0.0,0.0,0.0,0.423,0.02023,0.0,0.0,0.0,0.0,0.0,0.0,0.0,0.0,0.0,0.0,0.04971002485501244,3.7158243579121737,17.125103562551786,8.612261806130904,0.49710024855012436,0.0,0.0,0.0,0.0,0.0,0.0,0.0,0.0,0.0,0.0,0.0,0.0,0.0,0.0,0.0
27300,4765,2387,0.5009443861490032,1111,1001,0.44323189926547746,1356,0.5691500524658971,0.44999999999999996,2.9524810765349034,3.022597146138081,6.470588235294118,1.8994626812624276,6649.800000000002,1.8189894035458565e-12,6649.8,6649.8,6649.800000000001,9.094947017729282e-13,6649.800000000001,9.094947017729282e-13,27.659181532004197,20.75564379590708,32.6187374749499,19.02549259141298,0.14081846799580272,0.10115424973767051,0.0963273871983211,0.08814270724029381,0.07848898216159496,0.07177334732423925,0.07261280167890871,0.06694648478488982,0.05162644281217209,0.05015739769150052,0.050577124868835255,0.040713536201469044,0.03147953830010493,0.027911857292759707,0.0161594963273872,0.008184679958027283,0.006925498426023085,0.876603274280352,0.03369772627479527,0.0,0.0,0.0,0.0,0.0,0.0,0.0,0.0,0.0,0.0,0.0,0.0,0.0,0.0,0.0,0.0,0.0,0.0,0.0,0.0,0.0,0.025183630640083953,0.044071353620146914,0.3651626442812161,2.335781741867786,8.222455403987409,12.472193074501577,5.131164742917105,1.1206715634837359,0.28331584470094445,4.329388560157791,2.787684988405816,4.285714285714286,1.8294640678379568,0.9899121379759193,4.304292120435618,2.84631562682869,4.355510752688172,2.7207554013886392,1.0118994321991719,0.4238,0.02051,0.0,0.0,0.0,0.0,0.0,0.0,0.0,0.0,0.0,0.0,0.07555089192025184,3.6831059811122717,16.38195173137461,9.30535152151102,0.5540398740818469,0.0,0.0,0.0,0.0,0.0,0.0,0.0,0.0,0.0,0.0,0.0,0.0,0.0,0.0,0.0,nan,nan,4.329288291243031,2.785863352668532,nan,0.4238,0.0977,0.0,0.0,0.0,0.0,0.0,0.0,0.0,0.0,0.0,0.0,0.0,0.0,0.0,0.00032528856243441764,0.00080797481636936,5.246589716684155e-05,1.0493179433368311e-05,9.44386149003148e-05,0.0004197271773347324,0.002339979013641133,2.0986358866736622e-05,3.147953830010493e-05,0.005173137460650577,0.008289611752360966,0.0027177334732423923,0.015624344176285415,0.010409233997901364,0.02857292759706191,0.015792235047219307,0.006222455403987408,0.016998950682056663,0.022654774396642183,0.033955928646379856,0.02708289611752361,0.024480587618048267,0.029359916054564533,0.04977964323189926,0.06145855194123819,0.05138509968520462,0.03455403987408185,0.01739769150052466,0.028100734522560337,0.030902413431269676,0.026505771248688352,0.019286463798530953,0.014501573976915006,0.035424973767051414,0.0259601259181532,0.05756558237145855,0.05232948583420777,0.03625393494228751,0.023756558237145856,0.006694648478488982,0.046904512067156345,0.0110598111227702,0.012455403987408185,0.024994753410283316,0.03323189926547744,0.011038824763903462,0.0009233997901364114,0.0024868835257082895,0.005571878279118573,0.0019517313746065057,0.003546694648478489,0.017869884575026234,0.00040923399790136414,0.0,0.0012381951731374606,0.003001049317943337,0.0,2.0986358866736622e-05,0.0,0.0,0.0,0.0,0.0,0.0,0.0,0.0,0.0,0.0,0.0,0.0,0.0,0.0,0.0,0.0,0.0,0.0,0.0,0.0,0.0,0.0,0.0,0.0,0.0,0.0,0.0,0.0,0.0,0.0,nan,nan,4.329288291243031,2.785863352668532,nan,0.8761155344623874,0.03447977606963381,0.0,0.0,0.0,0.0,0.0,0.0,0.0,0.0,0.0,0.0,0.0,0.0,0.0,0.0,0.0,0.0,0.0,0.0,0.0,0.0,0.0,0.037704231252618355,0.05027230833682448,0.32677000418935803,2.551319648093842,8.470883954754925,12.203602848764142,4.788437369082531,1.2442396313364057,0.32677000418935914,0.8770928600438008,0.03288674925639794,0.0,0.0,0.0,0.0,0.0,0.0,0.0,0.0,0.0,0.0,0.0,0.0,0.0,0.0,0.0,0.0,0.0,0.0,0.0,0.0,0.0,0.012615643397813292,0.03784693019343987,0.403700588730024,2.119428090832633,7.973086627418,12.741799831791424,5.475189234650968,0.99663582842725,0.23969722455845252,0.424,0.0202,0.0,0.0,0.0,0.0,0.0,0.0,0.0,0.0,0.0,0.0,0.07540846250523671,3.5441977377461193,16.57729367406787,9.32551319648094,0.47758692919983253,0.0,0.0,0.0,0.0,0.0,0.0,0.0,0.0,0.0,0.0,0.0,0.0,0.0,0.0,0.0,0.4236,0.02081,0.0,0.0,0.0,0.0,0.0,0.0,0.0,0.0,0.0,0.0,0.07569386038687974,3.822539949537421,16.185870479394453,9.285113540790581,0.6307821698906645,0.0,0.0,0.0,0.0,0.0,0.0,0.0,0.0,0.0,0.0,0.0,0.0,0.0,0.0,0.0
27400,4832,2439,0.5047599337748344,1117,1009,0.43998344370860926,1392,0.5761589403973509,0.45799999999999996,2.963643961554534,3.0280646496091865,6.491899852724595,1.9784201940430468,6649.800000000002,1.8189894035458565e-12,6649.8,6649.8,6649.800000000001,9.094947017729282e-13,6649.800000000001,9.094947017729282e-13,27.848509933774835,20.954574357915853,32.99081885856079,19.14503000183489,0.1450745033112583,0.1005794701986755,0.09085264900662252,0.08567880794701986,0.07822847682119205,0.076158940397351,0.07098509933774834,0.05856788079470199,0.05836092715231788,0.05173841059602649,0.045736754966887415,0.043874172185430466,0.03269867549668874,0.024420529801324503,0.020695364238410598,0.01179635761589404,0.004552980132450331,0.8757691140354469,0.03469026096407713,0.0,0.0,0.0,0.0,0.0,0.0,0.0,0.0,0.0,0.0,0.0,0.0,0.0,0.0,0.0,0.0,0.0,0.0,0.0,0.0,0.0,0.0310430463576159,0.043460264900662265,0.5091059602648991,2.2661423841059607,8.735513245033115,11.963990066225168,4.954470198675497,1.2230960264900663,0.27317880794701993,4.369593285990962,2.8271609699964477,4.4,1.7435595774162693,1.006958705769373,4.411274823830878,2.8503078228292913,4.327496757457847,2.800038694549634,0.9810081961068398,0.423,0.0206,0.0,0.0,0.0,0.0,0.0,0.0,0.0,0.0,0.0,0.0,0.1552152317880795,3.6134105960264846,16.881208609271525,8.890728476821193,0.45943708609271533,0.0,0.0,0.0,0.0,0.0,0.0,0.0,0.0,0.0,0.0,0.0,0.0,0.0,0.0,0.0,nan,nan,4.369642281662907,2.825749442309039,nan,0.423,0.09674,0.0,0.0,0.0,0.0,0.0,0.0,0.0,0.0,0.0,0.0,0.0,0.0,0.0,0.00036216887417218544,0.0009623344370860927,0.0,0.0,0.0,0.0005587748344370861,0.0026490066225165563,0.00015521523178807948,7.243377483443709e-05,0.004304635761589404,0.0078125,0.002814569536423841,0.016049254966887416,0.010927152317880795,0.027628311258278145,0.014735099337748345,0.0065914735099337745,0.01639072847682119,0.022992549668874172,0.033899006622516555,0.02920115894039735,0.02425496688741722,0.02751448675496689,0.050827814569536424,0.060689155629139076,0.050475993377483444,0.034871688741721855,0.018253311258278147,0.02913907284768212,0.03266763245033113,0.026945364238410596,0.0203125,0.014476407284768213,0.036144453642384104,0.02746274834437086,0.05969577814569536,0.05172806291390728,0.037603476821192056,0.022568294701986756,0.0063327814569536425,0.043739652317880795,0.010347682119205299,0.012944950331125828,0.02482408940397351,0.03305049668874172,0.01062706953642384,0.0011899834437086093,0.0019350165562913907,0.005111754966887417,0.001976407284768212,0.003580298013245033,0.015593956953642385,0.0007036423841059602,2.0695364238410596e-05,0.0009519867549668874,0.0033216059602649006,0.0,1.0347682119205298e-05,0.0,0.0,0.0,0.0,0.0,0.0,0.0,0.0,0.0,0.0,0.0,0.0,0.0,0.0,0.0,0.0,0.0,0.0,0.0,0.0,0.0,0.0,0.0,0.0,0.0,0.0,0.0,0.0,0.0,0.0,nan,nan,4.369642281662907,2.825749442309039,nan,0.8758189796228397,0.034760549697698234,0.0,0.0,0.0,0.0,0.0,0.0,0.0,0.0,0.0,0.0,0.0,0.0,0.0,0.0,0.0,0.0,0.0,0.0,0.0,0.0,0.0,0.04920049200492006,0.036900369003690044,0.479704797047969,2.1894218942189427,8.80688806888069,12.066420664206644,4.809348093480936,1.2792127921279217,0.28290282902829034,0.8757182898951832,0.034618400322373136,0.0,0.0,0.0,0.0,0.0,0.0,0.0,0.0,0.0,0.0,0.0,0.0,0.0,0.0,0.0,0.0,0.0,0.0,0.0,0.0,0.0,0.012536564981195155,0.05014625992478062,0.5390722941913898,2.3443376514834937,8.662766402005852,11.859590472210618,5.102381947346428,1.1659005432511493,0.26326786460509827,0.423,0.0207,0.0,0.0,0.0,0.0,0.0,0.0,0.0,0.0,0.0,0.0,0.11070110701107014,3.6285362853628484,16.83886838868389,8.92988929889299,0.4920049200492006,0.0,0.0,0.0,0.0,0.0,0.0,0.0,0.0,0.0,0.0,0.0,0.0,0.0,0.0,0.0,0.423,0.02051,0.0,0.0,0.0,0.0,0.0,0.0,0.0,0.0,0.0,0.0,0.20058503969912247,3.5979941496030032,16.92436272461346,8.85081487672378,0.42624320936063526,0.0,0.0,0.0,0.0,0.0,0.0,0.0,0.0,0.0,0.0,0.0,0.0,0.0,0.0,0.0
27500,4808,2467,0.5131031613976705,1148,1041,0.4552828618968386,1405,0.5844425956738769,0.44999999999999996,3.0803075608714225,3.056418249422359,6.59941089837997,2.096016196142326,6649.800000000001,9.094947017729282e-13,6649.8,6649.8,6649.800000000001,9.094947017729282e-13,6649.800000000002,1.8189894035458565e-12,28.158277870216306,20.820315930286245,33.077816205533594,19.00465727125433,0.13976705490848584,0.09484193011647254,0.09172212978369385,0.08693843594009984,0.07778702163061564,0.07757903494176373,0.07113144758735442,0.06468386023294509,0.060524126455906824,0.05178868552412646,0.047628951747088186,0.04263727121464226,0.03119800332778702,0.0262063227953411,0.018718801996672214,0.010399334442595673,0.006447587354409318,0.8783422960293868,0.03623160105844481,0.0,0.0,0.0,0.0,0.0,0.0,0.0,0.0,0.0,0.0,0.0,0.0,0.0,0.0,0.0,0.0,0.0,0.0,0.0,0.006239600665557406,0.006239600665557406,0.024958402662229623,0.03119800332778703,0.4554908485856891,2.371048252911814,7.899334442595675,11.93011647254576,5.478369384359403,1.3103161397670553,0.4866888519134776,4.373324824505424,2.8437960754041307,3.3333333333333335,2.2852182001336816,0.7621966048932342,4.313479623824452,2.8040790024699107,4.4310679611650485,2.8818041743998495,1.0272606683224204,0.4236,0.02057,0.0,0.0,0.0,0.0,0.0,0.0,0.0,0.0,0.0,0.0,0.10607321131447589,3.73752079866888,16.447587354409322,9.097337770382698,0.6114808652246257,0.0,0.0,0.0,0.0,0.0,0.0,0.0,0.0,0.0,0.0,0.0,0.0,0.0,0.0,0.0,nan,nan,4.371337579617834,2.84319616856083,nan,0.4236,0.09705,0.0,0.0,0.0,0.0,0.0,0.0,0.0,0.0,0.0,0.0,0.0,0.0,5.199667221297837e-05,0.0004263727121464226,0.00146630615640599,0.0,0.0,0.0,0.0008423460898502496,0.0025998336106489183,0.00017678868552412647,0.00013519134775374377,0.0036085690515806988,0.007206738768718802,0.002807820299500832,0.01350873544093178,0.011012895174708819,0.02807820299500832,0.01557820299500832,0.00740432612312812,0.015879783693843595,0.022868136439267887,0.03357945091514143,0.027131863560732113,0.024948003327787023,0.02944051580698835,0.05059276206322795,0.059463394342762065,0.05010399334442596,0.03805116472545757,0.019342762063227954,0.02937811980033278,0.03287229617304493,0.02608153078202995,0.01887479201331115,0.01343594009983361,0.03462978369384359,0.028213394342762065,0.060024958402662226,0.05146630615640599,0.038851913477537435,0.022972129783693843,0.005823627287853577,0.042418885191347754,0.009712978369384359,0.012229617304492513,0.02529118136439268,0.034837770382695504,0.01096089850249584,0.001050332778702163,0.0020382695507487523,0.005709234608985025,0.0021630615640599003,0.0032029950083194677,0.01651414309484193,0.0005615640599001664,2.0798668885191348e-05,0.001112728785357737,0.0032341930116472546,1.0399334442595674e-05,0.0,0.0,0.0,0.0,0.0,0.0,0.0,0.0,0.0,0.0,0.0,0.0,0.0,0.0,0.0,0.0,0.0,0.0,0.0,0.0,0.0,0.0,0.0,0.0,0.0,0.0,0.0,0.0,0.0,0.0,0.0,nan,nan,4.371337579617834,2.84319616856083,nan,0.8780356051953737,0.03499564422896683,0.0,0.0,0.0,0.0,0.0,0.0,0.0,0.0,0.0,0.0,0.0,0.0,0.0,0.0,0.0,0.0,0.0,0.0,0.0,0.0,0.0,0.012160518848804218,0.024321037697608437,0.4499391974057546,2.3713011755168223,8.001621402513175,12.051074179164981,5.472233481961898,1.228212403729226,0.389136603161735,0.8786654939309291,0.03748729642765643,0.0,0.0,0.0,0.0,0.0,0.0,0.0,0.0,0.0,0.0,0.0,0.0,0.0,0.0,0.0,0.0,0.0,0.0,0.0,0.012815036309269546,0.012815036309269546,0.038445108927808634,0.038445108927808634,0.4613413071337021,2.3707817172148657,7.791542076035884,11.802648440837253,5.484835540367366,1.3968389577103806,0.589491670226399,0.4238,0.02074,0.0,0.0,0.0,0.0,0.0,0.0,0.0,0.0,0.0,0.0,0.1459262261856506,3.502229428455609,16.769355492501017,8.901499797324687,0.6809890555330362,0.0,0.0,0.0,0.0,0.0,0.0,0.0,0.0,0.0,0.0,0.0,0.0,0.0,0.0,0.0,0.4233,0.02042,0.0,0.0,0.0,0.0,0.0,0.0,0.0,0.0,0.0,0.0,0.06407518154634773,3.9854762921828226,16.108500640751817,9.30371636052969,0.5382315249893209,0.0,0.0,0.0,0.0,0.0,0.0,0.0,0.0,0.0,0.0,0.0,0.0,0.0,0.0,0.0
27600,4603,2323,0.504670866825983,1079,942,0.4390614816424071,1310,0.5691940039104931,0.46199999999999997,2.982456140350877,3.0550000894143925,6.524024024024024,2.037971233892568,6649.800000000001,9.094947017729282e-13,6649.8,6649.8,6649.800000000002,1.8189894035458565e-12,6649.800000000002,1.8189894035458565e-12,27.73647621116663,20.852280100996534,32.771250324928516,19.112847403473207,0.14142950249837064,0.10189007169237453,0.09059309146208994,0.09124484032152944,0.08233760590918966,0.07799261351292636,0.06539213556376276,0.058874646969367804,0.059743645448620465,0.04757766673908321,0.04670866825983055,0.04040842928524875,0.036497936128611776,0.024331957419074516,0.01716271996524006,0.012383228329350423,0.005431240495329133,0.8765761700630602,0.036417179553116935,0.0,0.0,0.0,0.0,0.0,0.0,0.0,0.0,0.0,0.0,0.0,0.0,0.0,0.0,0.0,0.0,0.0,0.0,0.0,0.0,0.03258744297197481,0.04562242016076473,0.13686726048229417,0.5996089506843344,1.9747990441016732,8.38149033239192,11.84879426461004,5.389963067564634,1.2383228329350426,0.3519443840973279,4.385008517887564,2.836302772201931,3.6,1.9595917942265426,0.820979020979021,4.380693405846363,2.868380766347434,4.383989145183175,2.7995762113661358,1.0007523328001942,0.4233,0.01978,0.0,0.0,0.0,0.0,0.0,0.0,0.0,0.0,0.0,0.0,0.06517488594394961,3.6172061698891973,17.167064957636327,8.811644579621987,0.338909406908538,0.0,0.0,0.0,0.0,0.0,0.0,0.0,0.0,0.0,0.0,0.0,0.0,0.0,0.0,0.0,nan,nan,4.382342954159593,2.834152726169095,nan,0.4233,0.09686,0.0,0.0,0.0,0.0,0.0,0.0,0.0,0.0,0.0,0.0,1.0862480990658266e-05,0.0,4.3449923962633065e-05,0.00033673691071040625,0.0016510971105800564,0.0,0.0,0.0,0.0007712361503367369,0.0029980447534216814,3.25874429719748e-05,0.00020638713882250705,0.003063219639365631,0.006006951987834021,0.003269606778188138,0.013599826200304149,0.010460569194003911,0.028850749511188354,0.015044536172061699,0.008179448185965674,0.016467521181837932,0.022018248968064306,0.035368238105583316,0.025157505974364544,0.02512491853139257,0.030675646317618946,0.04775146643493374,0.06281772756897676,0.05320443189224419,0.03865956984575277,0.01893330436671736,0.02875298718227243,0.03321746686943298,0.026145991744514447,0.017749293938735606,0.014305887464696937,0.03168585704975016,0.029437323484683902,0.05701716271996524,0.051227460351944386,0.03833369541603302,0.023767108407560286,0.006495763632413643,0.041950901585922226,0.010199869650228111,0.01134043015424723,0.02688464045187921,0.03492287638496633,0.01159026721703237,0.0008689984792526613,0.0018574842494025634,0.005648490115142298,0.0028676949815337823,0.0036932435368238104,0.01434933738865957,0.0005757114925048881,1.0862480990658266e-05,0.000858135998262003,0.00350858135998262,0.0,3.25874429719748e-05,0.0,0.0,0.0,0.0,0.0,0.0,0.0,0.0,0.0,0.0,0.0,0.0,0.0,0.0,0.0,0.0,0.0,0.0,0.0,0.0,0.0,0.0,0.0,0.0,0.0,0.0,0.0,0.0,0.0,0.0,nan,nan,4.382342954159593,2.834152726169095,nan,0.8767529630065735,0.03669274757702309,0.0,0.0,0.0,0.0,0.0,0.0,0.0,0.0,0.0,0.0,0.0,0.0,0.0,0.0,0.0,0.0,0.0,0.0,0.0,0.0,0.012914334911752048,0.06457167455876024,0.14205768402927252,0.5682307361170882,2.0662935858803277,8.562204046491606,11.455015066724068,5.501506672406372,1.2139474817046925,0.41325871717606555,0.8763960428666651,0.03613336348367013,0.0,0.0,0.0,0.0,0.0,0.0,0.0,0.0,0.0,0.0,0.0,0.0,0.0,0.0,0.0,0.0,0.0,0.0,0.0,0.0,0.05263157894736843,0.026315789473684216,0.13157894736842107,0.631578947368419,1.8815789473684215,8.197368421052634,12.250000000000004,5.276315789473685,1.2631578947368423,0.2894736842105264,0.4238,0.01979,0.0,0.0,0.0,0.0,0.0,0.0,0.0,0.0,0.0,0.0,0.051657339647008194,3.564356435643559,17.03400774860095,8.975462763667673,0.3745157124408094,0.0,0.0,0.0,0.0,0.0,0.0,0.0,0.0,0.0,0.0,0.0,0.0,0.0,0.0,0.0,0.4229,0.01976,0.0,0.0,0.0,0.0,0.0,0.0,0.0,0.0,0.0,0.0,0.07894736842105264,3.6710526315789416,17.30263157894737,8.644736842105265,0.3026315789473685,0.0,0.0,0.0,0.0,0.0,0.0,0.0,0.0,0.0,0.0,0.0,0.0,0.0,0.0,0.0
27700,4966,2570,0.5175191300845751,1181,1009,0.4409987917841321,1385,0.5577929923479662,0.45399999999999996,2.984974958263773,3.0639714684768236,6.671091445427729,1.9193370107824388,6649.800000000002,1.8189894035458565e-12,6649.8,6649.8,6649.800000000003,2.7284841053187847e-12,6649.800000000002,1.8189894035458565e-12,27.53826016915022,20.770683932614414,32.441430628900626,19.089960671341828,0.1405557792992348,0.09887233185662506,0.09645590012082159,0.09484494563028595,0.08417237213048731,0.07128473620620218,0.06685461135722916,0.0644381796214257,0.052758759565042286,0.05235602094240838,0.046314941602899715,0.03946838501812324,0.030004027386226338,0.02617801047120419,0.017720499395892066,0.011478050745066451,0.006242448650825614,0.8773629247086019,0.03463512684947284,0.0,0.0,0.0,0.0,0.0,0.0,0.0,0.0,0.0,0.0,0.0,0.0,0.0,0.0,0.0,0.0,0.0,0.0,0.0,0.00604107933950866,0.00604107933950866,0.00604107933950866,0.07853403141361259,0.40475231574707893,1.9210632299637538,8.481675392670159,12.281514297221106,5.2557390253725345,1.153846153846154,0.40475231574708026,4.360228716645489,2.874851558806613,3.3333333333333335,1.9720265943665387,0.7644858905240663,4.341309823677582,2.8764449961450818,4.375478927203065,2.8709157663850995,1.007870689933053,0.4233,0.02005,0.0,0.0,0.0,0.0,0.0,0.0,0.0,0.0,0.0,0.0,0.054369714055577945,3.7273459524768375,16.745871929118007,9.043495771244464,0.42891663310511485,0.0,0.0,0.0,0.0,0.0,0.0,0.0,0.0,0.0,0.0,0.0,0.0,0.0,0.0,0.0,nan,nan,4.358275206087508,2.8737517770669863,nan,0.4233,0.0969,0.0,0.0,0.0,0.0,0.0,0.0,0.0,0.0,0.0,0.0,0.0,0.0,0.0,0.00018123238018525977,0.0012283527990334274,0.0,0.0,1.0068465565847765e-05,0.0006343133306484092,0.0027788964961739833,0.0,0.00016109544905356423,0.00455094643576319,0.005537656061216271,0.0037958115183246073,0.013713250100684655,0.009846959323399114,0.027768828030608136,0.01473016512283528,0.010239629480467177,0.015283930728956906,0.021053161498187676,0.03860249697946033,0.024738219895287957,0.02441602899718083,0.03070881997583568,0.046143777688280305,0.06528393072895691,0.055396697543294404,0.038320579943616595,0.019220700765203384,0.027305678614579137,0.032088199758356827,0.027929923479661698,0.016492146596858638,0.013028594442207008,0.03090012082158679,0.03277285541683447,0.05212444623439388,0.05238622633910592,0.03972009665726943,0.021737817156665323,0.005950463149416029,0.041250503423278295,0.011135722915827628,0.012384212645992751,0.02728554168344744,0.03518928715263794,0.01112565445026178,0.0013089005235602095,0.0019230769230769232,0.0049536850583971,0.0023258155457108335,0.00324204591220298,0.015968586387434557,0.0005638340716874748,0.0,0.000976641159887233,0.003523962948046718,0.0,6.041079339508659e-05,0.0,0.0,0.0,0.0,0.0,0.0,0.0,0.0,0.0,0.0,0.0,0.0,0.0,0.0,0.0,0.0,0.0,0.0,0.0,0.0,0.0,0.0,0.0,0.0,0.0,0.0,0.0,0.0,0.0,0.0,nan,nan,4.358275206087508,2.8737517770669863,nan,0.8778920656744145,0.035042229391723266,0.0,0.0,0.0,0.0,0.0,0.0,0.0,0.0,0.0,0.0,0.0,0.0,0.0,0.0,0.0,0.0,0.0,0.0,0.0,0.011673151750972766,0.011673151750972766,0.0,0.08171206225680937,0.42023346303501813,1.8093385214007787,8.392996108949418,12.186770428015567,5.498054474708173,1.1789883268482493,0.4085603112840468,0.8767953569781601,0.0341839694988452,0.0,0.0,0.0,0.0,0.0,0.0,0.0,0.0,0.0,0.0,0.0,0.0,0.0,0.0,0.0,0.0,0.0,0.0,0.0,0.0,0.0,0.012520868113522541,0.07512520868113523,0.3881469115191975,2.040901502504174,8.57679465776294,12.383138564273793,4.995826377295494,1.1268781302170285,0.4006677796327213,0.4236,0.02023,0.0,0.0,0.0,0.0,0.0,0.0,0.0,0.0,0.0,0.0,0.035019455252918295,3.8754863813229514,16.47081712062257,9.198443579766538,0.4202334630350195,0.0,0.0,0.0,0.0,0.0,0.0,0.0,0.0,0.0,0.0,0.0,0.0,0.0,0.0,0.0,0.423,0.01985,0.0,0.0,0.0,0.0,0.0,0.0,0.0,0.0,0.0,0.0,0.07512520868113523,3.568447412353918,17.040901502504177,8.87729549248748,0.4382303839732889,0.0,0.0,0.0,0.0,0.0,0.0,0.0,0.0,0.0,0.0,0.0,0.0,0.0,0.0,0.0
27800,4849,2440,0.5031965353681171,1130,1048,0.4491647762425242,1368,0.5642400494947412,0.47,2.887505188875052,3.0465132201270593,6.564648117839607,2.092851366001035,6649.800000000001,9.094947017729282e-13,6649.8,6649.8,6649.800000000001,9.094947017729282e-13,6649.800000000001,9.094947017729282e-13,27.461950917714994,20.76097771042454,32.43001478560868,19.05644274008502,0.14415343369766961,0.10661992163332645,0.09259641163126418,0.08558465663023304,0.08290369148277996,0.07053000618684264,0.06640544442153021,0.06289956692101464,0.06454939162713962,0.04702000412456177,0.04660754794803052,0.040420705300061865,0.03196535368117138,0.02660342338626521,0.01629201897298412,0.007836667354093628,0.00701175500103114,0.8765961189052695,0.03404433901947849,0.0,0.0,0.0,0.0,0.0,0.0,0.0,0.0,0.0,0.0,0.0,0.0,0.0,0.0,0.0,0.0,0.0,0.0,0.0,0.0,0.0,0.006186842647968655,0.09898948236749848,0.37121055887811805,2.276758094452465,8.296555990925965,12.305630026809654,5.128892555166015,1.2311816869457621,0.2845947618065581,4.221717990275526,2.7432749592992254,11.0,0.0,2.6055743243243246,4.205844155844156,2.7333614007557014,4.2407766990291265,2.7580339918678467,1.008305715069454,0.4226,0.02007,0.0,0.0,0.0,0.0,0.0,0.0,0.0,0.0,0.0,0.0,0.07424211177562386,3.8049082285007167,17.06949886574552,8.680140235100023,0.37121055887811927,0.0,0.0,0.0,0.0,0.0,0.0,0.0,0.0,0.0,0.0,0.0,0.0,0.0,0.0,0.0,nan,nan,4.223914452365522,2.74554226065819,nan,0.4226,0.09705,0.0,0.0,0.0,0.0,0.0,0.0,0.0,0.0,0.0,0.0,0.0,0.0,0.0,8.249123530624871e-05,0.0013301711693132605,0.0,1.0311404413281089e-05,0.0,0.0005774386471437409,0.0028871932357187047,0.0,7.217983089296762e-05,0.005269127655186636,0.006021860177356156,0.0037739740152608783,0.013971952979995875,0.009507114869045164,0.028088265621777686,0.014714374097752114,0.011198185192823262,0.013497628376984946,0.020519694782429366,0.03950299030727985,0.02492266446690039,0.024891730253660548,0.02985151577644875,0.04827799546298206,0.0648896679727779,0.05638275933182099,0.0388739946380697,0.019529799958754382,0.026995256753969892,0.031521963291400286,0.027448958548154257,0.017178799752526293,0.01287894411218808,0.031326046607547946,0.033553309960816666,0.05103114044132811,0.04957723241905548,0.039905135079397816,0.021262115900185605,0.005423798721385853,0.04107032377809858,0.01268302742833574,0.01279645287688183,0.02613941018766756,0.032779954629820585,0.011394101876675604,0.0013611053825531038,0.0021447721179624667,0.004939162713961642,0.002454114250360899,0.0035161889049288514,0.01759125592905754,0.0005155702206640544,3.093421323984327e-05,0.0007321097133429573,0.0030934213239843266,0.0,1.0311404413281089e-05,0.0,0.0,0.0,0.0,0.0,0.0,0.0,0.0,0.0,0.0,0.0,0.0,0.0,0.0,0.0,0.0,0.0,0.0,0.0,0.0,0.0,0.0,0.0,0.0,0.0,0.0,0.0,0.0,0.0,0.0,nan,nan,4.223914452365522,2.74554226065819,nan,0.8756838012669907,0.034313874422248154,0.0,0.0,0.0,0.0,0.0,0.0,0.0,0.0,0.0,0.0,0.0,0.0,0.0,0.0,0.0,0.0,0.0,0.0,0.0,0.0,0.0,0.0,0.13524590163934427,0.4303278688524577,2.2008196721311477,8.766393442622952,12.098360655737707,4.8196721311475414,1.2418032786885247,0.30737704918032793,0.8775201766210852,0.03374400752639935,0.0,0.0,0.0,0.0,0.0,0.0,0.0,0.0,0.0,0.0,0.0,0.0,0.0,0.0,0.0,0.0,0.0,0.0,0.0,0.0,0.0,0.012453300124533004,0.06226650062266502,0.31133250311332406,2.3536737235367378,7.820672478206727,12.51556662515567,5.442092154420923,1.2204234122042343,0.26151930261519307,0.4224,0.02039,0.0,0.0,0.0,0.0,0.0,0.0,0.0,0.0,0.0,0.0,0.09836065573770494,3.934426229508191,17.016393442622952,8.532786885245903,0.418032786885246,0.0,0.0,0.0,0.0,0.0,0.0,0.0,0.0,0.0,0.0,0.0,0.0,0.0,0.0,0.0,0.423,0.01974,0.0,0.0,0.0,0.0,0.0,0.0,0.0,0.0,0.0,0.0,0.04981320049813202,3.67372353673723,17.12328767123288,8.829389788293899,0.3237858032378581,0.0,0.0,0.0,0.0,0.0,0.0,0.0,0.0,0.0,0.0,0.0,0.0,0.0,0.0,0.0
27900,4921,2559,0.5200162568583622,1229,976,0.4480796586059744,1346,0.5470432838853891,0.47,3.0029635901778153,3.102331704476732,6.6461538461538465,2.0496211224424212,6649.800000000001,9.094947017729282e-13,6649.8,6649.8,6649.800000000001,9.094947017729282e-13,6649.8,0.0,28.345864661654137,21.215001126068376,33.30265700483092,19.4827668851401,0.13838650680755943,0.10241820768136557,0.09103840682788052,0.0812842918106076,0.08270676691729323,0.07417191627717944,0.06888843730948994,0.059743954480796585,0.06177606177606178,0.04877057508636456,0.051209103840682786,0.04226783174151595,0.029668766510871775,0.024791709002235318,0.021337126600284494,0.011786222312538102,0.009754115017272911,0.875021837828872,0.035171477434465255,0.0,0.0,0.0,0.0,0.0,0.0,0.0,0.0,0.0,0.0,0.0,0.0,0.0,0.0,0.0,0.0,0.0,0.0,0.0,0.0,0.0,0.0,0.07315586262954685,0.6279211542369417,2.511684616947776,8.522657996342208,12.003657793131481,4.864864864864866,1.0851452956716117,0.31091241617557414,4.37593984962406,2.907021584478267,5.0,2.160246899469287,1.1426116838487974,4.402709359605911,2.9325996048935417,4.349458943348186,2.8789659541327124,0.9879050802793642,0.4236,0.0201,0.0,0.0,0.0,0.0,0.0,0.0,0.0,0.0,0.0,0.0,0.09144482828693358,3.627311522048359,16.868522657996344,8.937207884576306,0.4755131070920546,0.0,0.0,0.0,0.0,0.0,0.0,0.0,0.0,0.0,0.0,0.0,0.0,0.0,0.0,0.0,nan,nan,4.376525821596244,2.9064732371257502,nan,0.4236,0.098,0.0,0.0,0.0,0.0,0.0,0.0,0.0,0.0,0.0,0.0,0.0,0.0,0.0,0.0002641739483844747,0.0013310302783986995,0.0,6.09632188579557e-05,0.0,0.0003657793131477342,0.00331233489128226,1.016053647632595e-05,2.03210729526519e-05,0.006208087787035155,0.0074781548465758995,0.004236943710627921,0.01379800853485064,0.00993700467384678,0.02571631782158098,0.014560048770575087,0.010180857549278602,0.012985165616744563,0.02027027027027027,0.03956512903881325,0.024629140418614102,0.024273521641942696,0.029811014021540336,0.047978053241211134,0.06725259093680146,0.05549685023369234,0.03772607193659825,0.01801463117252591,0.02556390977443609,0.030918512497459867,0.027687461897988215,0.018309286730339363,0.01209103840682788,0.029963422068685228,0.03397683397683398,0.051635846372688476,0.04938020727494412,0.03864052021946759,0.022343019711440763,0.0049176996545417595,0.04349725665515139,0.012182483235114814,0.013940256045519203,0.028012599065230643,0.03193456614509246,0.012385693964641334,0.0012599065230644178,0.001991465149359886,0.005354602723023775,0.0027636659215606583,0.003810201178622231,0.01661247713879293,0.0006807559439138387,3.048160942897785e-05,0.0005689900426742532,0.0039524486892907945,1.016053647632595e-05,0.0,0.0001016053647632595,0.0,0.0,0.0,0.0,0.0,0.0,0.0,0.0,0.0,0.0,0.0,0.0,0.0,0.0,0.0,0.0,0.0,0.0,0.0,0.0,0.0,0.0,0.0,0.0,0.0,0.0,0.0,0.0,0.0,nan,nan,4.376525821596244,2.9064732371257502,nan,0.8756214888732198,0.03488989703036413,0.0,0.0,0.0,0.0,0.0,0.0,0.0,0.0,0.0,0.0,0.0,0.0,0.0,0.0,0.0,0.0,0.0,0.0,0.0,0.0,0.0,0.0,0.058616647127784305,0.6213364595545116,2.4853458382180547,8.171160609613132,12.415005861664715,4.7831184056271985,1.1606096131301291,0.3048065650644784,0.8743721735517823,0.03546257864379112,0.0,0.0,0.0,0.0,0.0,0.0,0.0,0.0,0.0,0.0,0.0,0.0,0.0,0.0,0.0,0.0,0.0,0.0,0.0,0.0,0.0,0.0,0.08890770533446235,0.6350550381033002,2.5402201524132093,8.9034716342083,11.558001693480104,4.9534292972057585,1.0033869602032177,0.31752751905165116,0.4238,0.02025,0.0,0.0,0.0,0.0,0.0,0.0,0.0,0.0,0.0,0.0,0.07033997655334116,3.774912075029303,16.4947245017585,9.226260257913248,0.4337631887456038,0.0,0.0,0.0,0.0,0.0,0.0,0.0,0.0,0.0,0.0,0.0,0.0,0.0,0.0,0.0,0.423,0.01993,0.0,0.0,0.0,0.0,0.0,0.0,0.0,0.0,0.0,0.0,0.11430990685859443,3.4674005080440256,17.273497036409825,8.624047417442847,0.520745131244708,0.0,0.0,0.0,0.0,0.0,0.0,0.0,0.0,0.0,0.0,0.0,0.0,0.0,0.0,0.0
28000,5003,2533,0.5062962222666401,1192,1046,0.44733160103937636,1414,0.5652608434939037,0.46199999999999997,2.9813765182186236,3.0883838337207825,6.688821752265861,2.1073519992137726,6649.800000000002,1.8189894035458565e-12,6649.8,6649.8,6649.800000000002,1.8189894035458565e-12,6649.800000000001,9.094947017729282e-13,27.35398760743554,20.72312594229341,32.440019193857964,18.970283135106843,0.1483110133919648,0.09774135518688787,0.09534279432340596,0.08614831101339196,0.08195082950229862,0.07975214871077353,0.0701579052568459,0.06276234259444334,0.052368578852688384,0.0501698980611633,0.04797121726963822,0.03717769338396962,0.03018189086548071,0.02438536877873276,0.019188486907855285,0.01019388366979812,0.006196282230661603,0.8756287872684066,0.036934769065628995,0.0,0.0,0.0,0.0,0.0,0.0,0.0,0.0,0.0,0.0,0.0,0.0,0.0,0.0,0.0,0.0,0.0,0.0,0.0,0.0,0.005996402158704778,0.023985608634819112,0.1678992604437338,0.5696582050769521,2.380571657005797,8.26903857685389,12.07075754547272,4.839096542074756,1.1752948231061364,0.49770137917249657,4.373383790602333,2.823177129581337,3.5555555555555554,3.095197394929804,0.8129987501201807,4.331303288672351,2.805702715714201,4.411841249186727,2.8436032940146845,1.0185943941457545,0.423,0.02016,0.0,0.0,0.0,0.0,0.0,0.0,0.0,0.0,0.0,0.0,0.059964021587047785,3.675794523286023,17.089746152308617,8.77273635818509,0.40175894463322015,0.0,0.0,0.0,0.0,0.0,0.0,0.0,0.0,0.0,0.0,0.0,0.0,0.0,0.0,0.0,nan,nan,4.371069182389937,2.8243181603150687,nan,0.423,0.0979,0.0,0.0,0.0,0.0,0.0,0.0,0.0,0.0,0.0,0.0,0.0,0.0,0.0,9.994003597841295e-05,0.0010893463921647013,0.0,5.996402158704777e-05,9.994003597841295e-06,0.00043973615830501697,0.0040975414751149315,0.0,6.995802518488907e-05,0.006745952428542874,0.007475514691185289,0.004717169698181091,0.013361982810313812,0.010093943633819708,0.025444733160103938,0.014841095342794323,0.008904657205676594,0.013292024785128923,0.018618828702778333,0.03964621227263642,0.02377573455926444,0.02538476913851689,0.028183090145912453,0.046032380571657004,0.0703777733359984,0.056486108334999,0.03929642214671197,0.018179092544473315,0.027253647811313213,0.029432340595642613,0.028303018189086548,0.018179092544473315,0.012752348590845492,0.029652208674795122,0.03412952228662802,0.0528083150109934,0.04946032380571657,0.038916650009994,0.02191684989006596,0.004757145712572457,0.04283429942034779,0.011123326004397362,0.013182090745552669,0.026264241455126923,0.03251049370377773,0.0109634219468319,0.0011193284029582251,0.0026584049570257846,0.005586648011193284,0.003258045172896262,0.003997601439136518,0.017249650209874075,0.0006895862482510493,0.0,0.0002098740755546672,0.003957625424745153,9.994003597841295e-06,9.994003597841295e-06,7.995202878273036e-05,0.0,9.994003597841295e-06,0.0,0.0,0.0,0.0,0.0,0.0,0.0,0.0,0.0,0.0,0.0,0.0,0.0,0.0,0.0,0.0,0.0,0.0,0.0,0.0,0.0,0.0,0.0,0.0,0.0,0.0,0.0,nan,nan,4.371069182389937,2.8243181603150687,nan,0.8757075645261916,0.03621425364447181,0.0,0.0,0.0,0.0,0.0,0.0,0.0,0.0,0.0,0.0,0.0,0.0,0.0,0.0,0.0,0.0,0.0,0.0,0.0,0.0,0.011843663639952628,0.03553099091985788,0.18949861823924205,0.402684563758388,2.34504540071062,8.266877220686935,12.447690485590211,4.6782471377812875,1.2198973549151209,0.40268456375838935,0.8755480007121438,0.037659176461633276,0.0,0.0,0.0,0.0,0.0,0.0,0.0,0.0,0.0,0.0,0.0,0.0,0.0,0.0,0.0,0.0,0.0,0.0,0.0,0.0,0.0,0.012145748987854255,0.14574898785425103,0.740890688259107,2.4170040485829962,8.271255060728746,11.684210526315793,5.004048582995953,1.1295546558704455,0.5951417004048584,0.4229,0.02013,0.0,0.0,0.0,0.0,0.0,0.0,0.0,0.0,0.0,0.0,0.07106198183971577,3.742597710225024,17.232530596131074,8.622187129885512,0.3316225819186736,0.0,0.0,0.0,0.0,0.0,0.0,0.0,0.0,0.0,0.0,0.0,0.0,0.0,0.0,0.0,0.4236,0.02017,0.0,0.0,0.0,0.0,0.0,0.0,0.0,0.0,0.0,0.0,0.04858299595141702,3.6072874493927074,16.943319838056684,8.927125506072876,0.4736842105263159,0.0,0.0,0.0,0.0,0.0,0.0,0.0,0.0,0.0,0.0,0.0,0.0,0.0,0.0,0.0
28100,4754,2418,0.5086243163651661,1124,998,0.44636095919225915,1385,0.5826672275978124,0.46599999999999997,2.945633561643836,3.0251581713380444,6.4279346210995545,1.9980506209771352,6649.8,0.0,6649.8,6649.8,6649.800000000002,1.8189894035458565e-12,6649.800000000001,9.094947017729282e-13,27.890828775767776,20.861526043282876,32.83287396642446,19.12127175580667,0.14030290281867902,0.09928481278923013,0.09234328986116955,0.09213294068153134,0.08266722759781236,0.07509465713083718,0.062473706352545226,0.05721497686159024,0.06184265881363063,0.05553218342448465,0.045435422801851075,0.04080774084981069,0.034707614640302906,0.026714345814051327,0.01724863273033235,0.009465713083718973,0.006731173748422381,0.8786876961921111,0.035092855224009935,0.0,0.0,0.0,0.0,0.0,0.0,0.0,0.0,0.0,0.0,0.0,0.0,0.0,0.0,0.0,0.0,0.0,0.0,0.0,0.0,0.0,0.006310475389145984,0.11358855700462771,0.3533866217921739,1.9310054690786709,8.197307530500632,12.419015565839297,5.092553639040808,1.4892721918384522,0.397559949516197,4.326583932070542,2.8548271236487843,4.3,2.3259406699226015,0.9938556763285025,4.289456450556647,2.85401866844381,4.363106796116504,2.852047137073603,1.0171700881938783,0.4236,0.01974,0.0,0.0,0.0,0.0,0.0,0.0,0.0,0.0,0.0,0.0,0.025241901556583936,3.483382414808577,17.271771140092557,8.796802692469502,0.4164913756836349,0.006310475389145984,0.0,0.0,0.0,0.0,0.0,0.0,0.0,0.0,0.0,0.0,0.0,0.0,0.0,0.0,nan,nan,4.326497395833333,2.8532649376951866,nan,0.4236,0.0977,0.0,0.0,0.0,0.0,0.0,0.0,0.0,0.0,0.0,0.0,0.0,0.0,0.0,7.362221287336979e-05,0.0005784602440050484,0.0,9.465713083718974e-05,6.310475389145982e-05,0.0006415649978965082,0.004438367690366008,0.0,0.0,0.006783761043331931,0.007456878418174169,0.005605805637358015,0.013241480858224653,0.01057004627681952,0.025652082456878417,0.013441312578880942,0.008108960875052588,0.013136306268405553,0.016806899453092133,0.038567522086663864,0.02178165755153555,0.027050904501472444,0.02800799326882625,0.04585612116112747,0.06978334034497266,0.05785654185948675,0.0421960454354228,0.01833193100546908,0.026945729911653345,0.029596129575094658,0.028901977282288598,0.01833193100546908,0.01391459823306689,0.029985275557425327,0.03515986537652503,0.051640723601177954,0.04755994951619689,0.04006100126209508,0.023075305006310474,0.004259570887673538,0.04292175010517459,0.010822465292385359,0.013157341186369373,0.026419856962557844,0.029427850231384098,0.011274716028607489,0.0008939840134623475,0.002808161548169962,0.005816154816996213,0.003944047118216239,0.0037757677745056794,0.017353807320151453,0.000694152292806058,1.051745898190997e-05,0.00018931426167437948,0.0048695835086243165,0.0,0.0,6.310475389145982e-05,0.0,0.0,0.0,0.0,0.0,0.0,0.0,0.0,0.0,0.0,0.0,0.0,0.0,0.0,0.0,0.0,0.0,0.0,0.0,0.0,0.0,0.0,0.0,0.0,0.0,0.0,0.0,0.0,0.0,nan,nan,4.326497395833333,2.8532649376951866,nan,0.8787265703686019,0.034954618888176116,0.0,0.0,0.0,0.0,0.0,0.0,0.0,0.0,0.0,0.0,0.0,0.0,0.0,0.0,0.0,0.0,0.0,0.0,0.0,0.0,0.0,0.0,0.09925558312655089,0.3722084367245646,1.8114143920595538,8.49875930521092,12.245657568238217,5.062034739454095,1.5508684863523576,0.359801488833747,0.8786474574255209,0.0352353276425362,0.0,0.0,0.0,0.0,0.0,0.0,0.0,0.0,0.0,0.0,0.0,0.0,0.0,0.0,0.0,0.0,0.0,0.0,0.0,0.0,0.0,0.01284246575342466,0.1284246575342466,0.3339041095890401,2.0547945205479454,7.885273972602741,12.598458904109592,5.124143835616439,1.4255136986301373,0.43664383561643844,0.423,0.02017,0.0,0.0,0.0,0.0,0.0,0.0,0.0,0.0,0.0,0.0,0.024813895781637722,3.833746898263022,16.947890818858564,8.722084367245658,0.4590570719602979,0.012406947890818861,0.0,0.0,0.0,0.0,0.0,0.0,0.0,0.0,0.0,0.0,0.0,0.0,0.0,0.0,0.424,0.01929,0.0,0.0,0.0,0.0,0.0,0.0,0.0,0.0,0.0,0.0,0.02568493150684932,3.120719178082187,17.607020547945208,8.87414383561644,0.37243150684931514,0.0,0.0,0.0,0.0,0.0,0.0,0.0,0.0,0.0,0.0,0.0,0.0,0.0,0.0,0.0
28200,4860,2407,0.4952674897119342,1165,1061,0.4580246913580247,1403,0.577366255144033,0.46199999999999997,2.9673868732164697,3.054298058238562,6.526618705035971,1.9685504121352206,6649.800000000001,9.094947017729282e-13,6649.8,6649.8,6649.800000000001,9.094947017729282e-13,6649.800000000001,9.094947017729282e-13,27.79567901234568,20.666507910876,32.675966715614294,18.916702924088714,0.13806584362139918,0.1,0.09032921810699589,0.08724279835390947,0.08456790123456791,0.07880658436213991,0.07366255144032922,0.06296296296296296,0.0588477366255144,0.04835390946502058,0.046502057613168724,0.03662551440329218,0.03497942386831276,0.025102880658436213,0.018930041152263374,0.008847736625514403,0.006172839506172839,0.8763654720513419,0.03408584269242549,0.0,0.0,0.0,0.0,0.0,0.0,0.0,0.0,0.0,0.0,0.0,0.0,0.0,0.0,0.0,0.0,0.0,0.0,0.0,0.0,0.0,0.030864197530864203,0.09259259259259262,0.3950617283950605,1.9876543209876547,8.796296296296298,12.302469135802472,4.981481481481482,1.123456790123457,0.2901234567901235,4.312063492063492,2.8505773064584203,4.7,2.6851443164195103,1.0899653979238755,4.346471710108074,2.827322523114097,4.280403276622558,2.872223246547992,0.9847995252489812,0.423,0.02017,0.0,0.0,0.0,0.0,0.0,0.0,0.0,0.0,0.0,0.0,0.055555555555555566,3.7407407407407356,17.154320987654323,8.56172839506173,0.48765432098765443,0.0,0.0,0.0,0.0,0.0,0.0,0.0,0.0,0.0,0.0,0.0,0.0,0.0,0.0,0.0,nan,nan,4.313291139240507,2.8501522151308265,nan,0.423,0.0976,0.0,0.0,0.0,0.0,0.0,0.0,0.0,0.0,0.0,0.0,0.0,0.0,0.0,1.02880658436214e-05,0.0008847736625514403,0.0,3.08641975308642e-05,0.00022633744855967078,0.0007407407407407407,0.0058127572016460904,0.00010288065843621399,1.02880658436214e-05,0.005606995884773662,0.0073868312757201645,0.006327160493827161,0.012592592592592593,0.011419753086419753,0.024578189300411522,0.014948559670781894,0.007880658436213992,0.011882716049382716,0.01779835390946502,0.03751028806584362,0.022160493827160493,0.02715020576131687,0.029125514403292183,0.04429012345679012,0.06808641975308642,0.05906378600823045,0.04042181069958848,0.01912551440329218,0.02711934156378601,0.029002057613168725,0.02925925925925926,0.018117283950617284,0.012201646090534979,0.030617283950617285,0.03882716049382716,0.05191358024691358,0.04763374485596708,0.03883744855967078,0.024639917695473253,0.004660493827160494,0.04404320987654321,0.010884773662551441,0.012777777777777779,0.02661522633744856,0.0292798353909465,0.01132716049382716,0.0005967078189300411,0.0031893004115226336,0.004958847736625515,0.0033333333333333335,0.0030349794238683126,0.015771604938271604,0.0009567901234567902,1.02880658436214e-05,0.00010288065843621399,0.0050411522633744855,0.0,0.0,7.20164609053498e-05,0.0,0.0,0.0,0.0,0.0,0.0,0.0,0.0,0.0,0.0,0.0,0.0,0.0,0.0,0.0,0.0,0.0,0.0,0.0,0.0,0.0,0.0,0.0,0.0,0.0,0.0,0.0,0.0,0.0,nan,nan,4.313291139240507,2.8501522151308265,nan,0.8767329833296557,0.03483980927507231,0.0,0.0,0.0,0.0,0.0,0.0,0.0,0.0,0.0,0.0,0.0,0.0,0.0,0.0,0.0,0.0,0.0,0.0,0.0,0.0,0.0,0.02492729538845036,0.09970918155380144,0.43622766929787987,2.0066472787702536,8.749480681346075,12.363938512671378,4.736186123805568,1.2089738263398424,0.3739094308267554,0.8760048525458786,0.03332550046503318,0.0,0.0,0.0,0.0,0.0,0.0,0.0,0.0,0.0,0.0,0.0,0.0,0.0,0.0,0.0,0.0,0.0,0.0,0.0,0.0,0.0,0.03668976763147167,0.08560945780676725,0.35466775377089166,1.9690175295556465,8.842233999184673,12.242152466367717,5.222176926212802,1.0395434162250308,0.20790868324500617,0.4233,0.0201,0.0,0.0,0.0,0.0,0.0,0.0,0.0,0.0,0.0,0.0,0.01246364769422518,3.689239717490647,16.913169921063567,8.899044453676778,0.486082260074782,0.0,0.0,0.0,0.0,0.0,0.0,0.0,0.0,0.0,0.0,0.0,0.0,0.0,0.0,0.0,0.4229,0.02026,0.0,0.0,0.0,0.0,0.0,0.0,0.0,0.0,0.0,0.0,0.09783938035059114,3.7912759885854004,17.390949857317572,8.23073787199348,0.48919690175295566,0.0,0.0,0.0,0.0,0.0,0.0,0.0,0.0,0.0,0.0,0.0,0.0,0.0,0.0,0.0
28300,4956,2517,0.5078692493946732,1173,1045,0.44753833736884585,1447,0.5839386602098466,0.42599999999999993,3.0,3.06027999587236,6.549435028248587,2.060960013678592,6649.800000000001,9.094947017729282e-13,6649.8,6649.8,6649.800000000002,1.8189894035458565e-12,6649.800000000001,9.094947017729282e-13,27.8135593220339,20.444977877768157,32.6325748502994,18.660704300398535,0.137409200968523,0.10149313962873285,0.08999192897497982,0.08757062146892655,0.07990314769975787,0.07707828894269572,0.07062146892655367,0.06275221953188055,0.06234866828087167,0.056295399515738496,0.04741727199354318,0.037933817594834544,0.035108958837772396,0.025020177562550445,0.016142050040355124,0.009483454398708636,0.003430185633575464,0.8760875030522196,0.03487154530948651,0.0,0.0,0.0,0.0,0.0,0.0,0.0,0.0,0.0,0.0,0.0,0.0,0.0,0.0,0.0,0.0,0.0,0.0,0.0,0.0,0.030266343825665867,0.0,0.06053268765133173,0.42372881355932074,2.239709443099274,8.498789346246975,12.227602905569011,4.963680387409203,1.2469733656174338,0.3087167070217918,4.417765222849969,2.842206913779601,5.5,1.707825127659933,1.2449733570159858,4.451349654739485,2.8235934949785735,4.3883677298311445,2.8576640245412883,0.9858510497279669,0.4233,0.01953,0.0,0.0,0.0,0.0,0.0,0.0,0.0,0.0,0.0,0.0060532687651331735,0.0665859564164649,3.2869249394673075,17.524213075060537,8.746973365617436,0.36924939467312357,0.0,0.0,0.0,0.0,0.0,0.0,0.0,0.0,0.0,0.0,0.0,0.0,0.0,0.0,0.0,nan,nan,4.419799498746867,2.840886401947758,nan,0.4233,0.0964,0.0,0.0,0.0,0.0,0.0,0.0,0.0,0.0,0.0,0.0,0.0,0.0,0.0,0.0,0.0006860371267150929,0.0,0.0,0.00022195318805488297,0.0008071025020177562,0.00547820823244552,9.079903147699757e-05,0.0,0.006325665859564165,0.006709039548022599,0.004993946731234867,0.010088781275221953,0.011349878934624698,0.025968523002421307,0.013710653753026634,0.006658595641646489,0.01219733656174334,0.017786521388216302,0.03682405165456013,0.024858757062146894,0.026624293785310733,0.030700161420500402,0.04514729620661824,0.06806900726392252,0.05933212267958031,0.04107142857142857,0.017645278450363195,0.02816787732041969,0.028026634382566584,0.02887409200968523,0.018573446327683617,0.01115819209039548,0.029580306698950766,0.04043583535108959,0.05316787732041969,0.049414850686037126,0.03919491525423729,0.024596448748991123,0.004196933010492333,0.04561138014527845,0.01183414043583535,0.01352905569007264,0.026634382566585957,0.02767352703793382,0.011289346246973366,0.0005044390637610976,0.002794592413236481,0.00465092816787732,0.003288942695722357,0.0029257465698143666,0.015072639225181598,0.0010088781275221952,6.053268765133172e-05,8.071025020177563e-05,0.004297820823244552,0.0,0.0,1.0088781275221954e-05,0.0,0.0,0.0,0.0,0.0,0.0,0.0,0.0,0.0,0.0,0.0,0.0,0.0,0.0,0.0,0.0,0.0,0.0,0.0,0.0,0.0,0.0,0.0,0.0,0.0,0.0,0.0,0.0,0.0,nan,nan,4.419799498746867,2.840886401947758,nan,0.8759253402053718,0.0340544748571209,0.0,0.0,0.0,0.0,0.0,0.0,0.0,0.0,0.0,0.0,0.0,0.0,0.0,0.0,0.0,0.0,0.0,0.0,0.0,0.0,0.02383790226460072,0.0,0.02383790226460072,0.41716328963051125,2.1334922526817643,8.784266984505365,12.22884386174017,4.839094159713946,1.251489868891538,0.297973778307509,0.8762548519187698,0.0356943691954709,0.0,0.0,0.0,0.0,0.0,0.0,0.0,0.0,0.0,0.0,0.0,0.0,0.0,0.0,0.0,0.0,0.0,0.0,0.0,0.0,0.036900369003690044,0.0,0.09840098400984013,0.43050430504304915,2.3493234932349325,8.20418204182042,12.226322263222634,5.092250922509226,1.2423124231242315,0.31980319803198043,0.4233,0.01956,0.0,0.0,0.0,0.0,0.0,0.0,0.0,0.0,0.0,0.0,0.08343265792610252,3.444576877234798,17.365911799761623,8.712753277711563,0.3933253873659119,0.0,0.0,0.0,0.0,0.0,0.0,0.0,0.0,0.0,0.0,0.0,0.0,0.0,0.0,0.0,0.4236,0.0195,0.0,0.0,0.0,0.0,0.0,0.0,0.0,0.0,0.0,0.012300123001230016,0.04920049200492006,3.1242312423124186,17.687576875768762,8.78228782287823,0.34440344403444045,0.0,0.0,0.0,0.0,0.0,0.0,0.0,0.0,0.0,0.0,0.0,0.0,0.0,0.0,0.0
28400,4624,2348,0.5077854671280276,1141,948,0.4517733564013841,1326,0.5735294117647058,0.46199999999999997,2.9938488576449913,3.0743506239903415,6.489296636085627,2.1221941635887926,6649.800000000001,9.094947017729282e-13,6649.8,6649.8,6649.800000000001,9.094947017729282e-13,6649.800000000002,1.8189894035458565e-12,28.07590830449827,20.77387085373468,32.95787310557411,19.005394148169707,0.1355968858131488,0.10142733564013841,0.08650519031141868,0.09104671280276816,0.08044982698961937,0.0759083044982699,0.07244809688581315,0.0657439446366782,0.05860726643598616,0.045847750865051905,0.05190311418685121,0.04195501730103806,0.03373702422145329,0.023356401384083045,0.01903114186851211,0.010380622837370242,0.006055363321799308,0.8727179186283305,0.035895857026549995,0.0,0.0,0.0,0.0,0.0,0.0,0.0,0.0,0.0,0.0,0.0,0.0,0.0,0.0,0.0,0.0,0.0,0.0,0.0,0.0,0.03243944636678201,0.02595155709342561,0.08434256055363325,0.6877162629757764,2.5562283737024227,9.115484429065745,11.833910034602079,4.320934256055364,1.012110726643599,0.3308823529411765,4.272485009993337,2.8638379915620007,2.857142857142857,2.6418917155581325,0.6687309260208061,4.239101717305152,2.8446623378886415,4.299665551839465,2.883437867367211,1.0142869500599796,0.425,0.01974,0.0,0.0,0.0,0.0,0.0,0.0,0.0,0.0,0.0,0.0,0.05190311418685122,3.1141868512110684,16.505190311418687,9.822664359861593,0.499567474048443,0.006487889273356403,0.0,0.0,0.0,0.0,0.0,0.0,0.0,0.0,0.0,0.0,0.0,0.0,0.0,0.0,nan,nan,4.2691924227318045,2.86415338080257,nan,0.425,0.09705,0.0,0.0,0.0,0.0,0.0,0.0,0.0,0.0,0.0,0.0,0.0,0.0,0.0,1.0813148788927335e-05,0.0004541522491349481,3.243944636678201e-05,0.0,0.00028114186851211075,0.00037846020761245675,0.005536332179930796,0.00014057093425605538,2.162629757785467e-05,0.0050821799307958476,0.0065203287197231835,0.004822664359861592,0.010596885813148788,0.012002595155709343,0.024091695501730105,0.014057093425605537,0.007612456747404845,0.012229671280276817,0.016652249134948095,0.03620242214532872,0.026384083044982697,0.02536764705882353,0.031606833910034604,0.04426903114186851,0.06747404844290658,0.05782871972318339,0.04280925605536332,0.019301470588235295,0.025237889273356403,0.027249134948096887,0.030871539792387544,0.01810121107266436,0.011083477508650519,0.02930363321799308,0.038278546712802765,0.05219506920415225,0.05001081314878893,0.03716479238754325,0.0248810553633218,0.003795415224913495,0.04742647058823529,0.011905276816608997,0.016089965397923876,0.026438148788927335,0.028179065743944638,0.01124567474048443,0.0004974048442906575,0.0026167820069204154,0.004195501730103806,0.004887543252595156,0.003871107266435986,0.017019896193771627,0.0012759515570934256,2.162629757785467e-05,0.0001513840830449827,0.004206314878892734,2.162629757785467e-05,0.0,0.0,1.0813148788927335e-05,0.0,0.0,0.0,0.0,0.0,0.0,0.0,0.0,0.0,0.0,0.0,0.0,0.0,0.0,0.0,0.0,0.0,0.0,0.0,0.0,0.0,0.0,0.0,0.0,0.0,0.0,0.0,0.0,nan,nan,4.2691924227318045,2.86415338080257,nan,0.8720018235392221,0.035800755753059674,0.0,0.0,0.0,0.0,0.0,0.0,0.0,0.0,0.0,0.0,0.0,0.0,0.0,0.0,0.0,0.0,0.0,0.0,0.0,0.0,0.025553662691652476,0.025553662691652476,0.08943781942078367,0.7538330494037455,2.619250425894379,9.23764906303237,11.741908006814313,4.203577512776832,0.9710391822827941,0.3321976149914822,0.8734566669891505,0.03597877047907111,0.0,0.0,0.0,0.0,0.0,0.0,0.0,0.0,0.0,0.0,0.0,0.0,0.0,0.0,0.0,0.0,0.0,0.0,0.0,0.0,0.03954305799648507,0.026362038664323382,0.07908611599297014,0.6195079086115974,2.4912126537785593,8.989455184534272,11.92882249560633,4.44200351493849,1.0544815465729351,0.32952548330404224,0.425,0.01974,0.0,0.0,0.0,0.0,0.0,0.0,0.0,0.0,0.0,0.0,0.05110732538330495,3.334752981260643,16.213798977853497,9.876490630323682,0.5110732538330495,0.012776831345826238,0.0,0.0,0.0,0.0,0.0,0.0,0.0,0.0,0.0,0.0,0.0,0.0,0.0,0.0,0.425,0.01974,0.0,0.0,0.0,0.0,0.0,0.0,0.0,0.0,0.0,0.0,0.052724077328646764,2.8866432337434054,16.805799648506156,9.767135325131811,0.4876977152899825,0.0,0.0,0.0,0.0,0.0,0.0,0.0,0.0,0.0,0.0,0.0,0.0,0.0,0.0,0.0
28500,4700,2416,0.5140425531914894,1106,966,0.4408510638297872,1338,0.5693617021276596,0.45399999999999996,2.9986865148861646,3.0511543607708087,6.553459119496855,1.9949552689367107,6649.800000000002,1.8189894035458565e-12,6649.8,6649.8,6649.800000000002,1.8189894035458565e-12,6649.800000000001,9.094947017729282e-13,27.81382978723404,20.942718742117822,32.84697508896797,19.182053173635154,0.14212765957446807,0.10319148936170212,0.09595744680851064,0.08446808510638298,0.07404255319148936,0.07404255319148936,0.07297872340425532,0.06127659574468085,0.0574468085106383,0.054680851063829784,0.043191489361702126,0.042340425531914895,0.03361702127659574,0.0274468085106383,0.015531914893617021,0.011063829787234043,0.006595744680851064,0.8726246129578732,0.03557641764131193,0.0,0.0,0.0,0.0,0.0,0.0,0.0,0.0,0.0,0.0,0.0,0.0,0.0,0.0,0.0,0.0,0.0,0.0,0.0,0.006382978723404257,0.006382978723404257,0.03191489361702128,0.11489361702127662,0.5936170212765939,2.6617021276595754,9.191489361702128,11.795744680851067,4.359574468085107,0.8617021276595747,0.37659574468085116,4.345448482827609,2.7692227529547035,2.2222222222222223,2.042752923427804,0.5113907646136008,4.3164556962025316,2.7448314392294977,4.361645653616456,2.7941904750040227,1.0104692276706746,0.4258,0.02008,0.0,0.0,0.0,0.0,0.0,0.0,0.0,0.0,0.0,0.0,0.07659574468085108,2.955319148936166,16.385106382978726,10.021276595744682,0.5617021276595746,0.0,0.0,0.0,0.0,0.0,0.0,0.0,0.0,0.0,0.0,0.0,0.0,0.0,0.0,0.0,nan,nan,4.339095744680851,2.7697623047610977,nan,0.4258,0.09784,0.0,0.0,0.0,0.0,0.0,0.0,0.0,0.0,0.0,0.0,0.0,0.0,0.0,0.0,0.0002446808510638298,2.1276595744680852e-05,0.0,0.0006808510638297873,0.0002553191489361702,0.00575531914893617,5.319148936170213e-05,2.1276595744680852e-05,0.005159574468085106,0.008563829787234042,0.004468085106382979,0.010393617021276596,0.011914893617021277,0.024031914893617022,0.013234042553191489,0.007723404255319149,0.01177659574468085,0.016074468085106382,0.03682978723404255,0.028127659574468084,0.024244680851063828,0.03280851063829787,0.042659574468085104,0.06457446808510638,0.057882978723404255,0.04128723404255319,0.020595744680851062,0.024617021276595746,0.026680851063829787,0.0309468085106383,0.018840425531914895,0.010670212765957447,0.028819148936170214,0.037936170212765956,0.05219148936170213,0.04772340425531915,0.03945744680851064,0.0239468085106383,0.0027659574468085106,0.049872340425531916,0.01251063829787234,0.016159574468085105,0.028765957446808512,0.026414893617021276,0.010691489361702129,0.0003723404255319149,0.003180851063829787,0.004989361702127659,0.005574468085106383,0.0042340425531914895,0.017968085106382977,0.001148936170212766,1.0638297872340426e-05,0.00018085106382978723,0.003925531914893617,0.0,0.0,2.1276595744680852e-05,0.0,0.0,0.0,0.0,0.0,0.0,0.0,0.0,0.0,0.0,0.0,0.0,0.0,0.0,0.0,0.0,0.0,0.0,0.0,0.0,0.0,0.0,0.0,0.0,0.0,0.0,0.0,0.0,0.0,nan,nan,4.339095744680851,2.7697623047610977,nan,0.8726385410702386,0.03454650885620778,0.0,0.0,0.0,0.0,0.0,0.0,0.0,0.0,0.0,0.0,0.0,0.0,0.0,0.0,0.0,0.0,0.0,0.0,0.0,0.01241721854304636,0.01241721854304636,0.0,0.08692052980132453,0.583609271523177,2.483443708609272,9.362582781456956,11.821192052980136,4.606788079470199,0.6829470198675499,0.3476821192052981,0.8726098798933046,0.036634343667339114,0.0,0.0,0.0,0.0,0.0,0.0,0.0,0.0,0.0,0.0,0.0,0.0,0.0,0.0,0.0,0.0,0.0,0.0,0.0,0.0,0.0,0.06567425569176884,0.14448336252189145,0.6042031523642714,2.850262697022768,9.010507880910685,11.768826619964976,4.098073555166375,1.0507880910683014,0.40718038528896683,0.4255,0.01996,0.0,0.0,0.0,0.0,0.0,0.0,0.0,0.0,0.0,0.0,0.09933774834437088,2.880794701986751,16.61423841059603,9.809602649006624,0.5960264900662252,0.0,0.0,0.0,0.0,0.0,0.0,0.0,0.0,0.0,0.0,0.0,0.0,0.0,0.0,0.0,0.4258,0.02019,0.0,0.0,0.0,0.0,0.0,0.0,0.0,0.0,0.0,0.0,0.052539404553415076,3.0341506129597153,16.14273204903678,10.245183887915939,0.5253940455341507,0.0,0.0,0.0,0.0,0.0,0.0,0.0,0.0,0.0,0.0,0.0,0.0,0.0,0.0,0.0
28600,4618,2349,0.5086617583369424,1132,927,0.44586401039411,1293,0.5599826764833261,0.482,3.0669898633759365,3.161846809911313,6.7859281437125745,2.00910641074259,6649.800000000001,9.094947017729282e-13,6649.8,6649.8,6649.800000000001,9.094947017729282e-13,6649.800000000001,9.094947017729282e-13,28.222390645300997,21.085148811221483,33.2354306343476,19.287128061961546,0.14010394110004332,0.097444781290602,0.09051537462104807,0.08640103941100043,0.08250324815937635,0.07600692940666956,0.06756171502815071,0.058899956691208316,0.058683412732784754,0.056734517106972714,0.0454742312689476,0.04352533564313556,0.029449978345604158,0.02663490688609788,0.021004763967085317,0.012126461671719359,0.006929406669553919,0.8738869852888579,0.03574499899200434,0.0,0.0,0.0,0.0,0.0,0.0,0.0,0.0,0.0,0.0,0.0,0.0,0.0,0.0,0.0,0.0,0.0,0.0,0.0,0.0,0.0,0.019488956258120402,0.1429190125595496,0.5716760502381966,2.6440017323516676,8.653096578605458,12.057167605023823,4.4824599393676925,1.039411000433088,0.3897791251624081,4.3438127090301,2.9260998581111024,4.666666666666667,2.8087165910587863,1.0743250179653014,4.339038841342989,2.9349312753429873,4.350033852403521,2.9165825823359137,1.0025339738736077,0.4258,0.01967,0.0,0.0,0.0,0.0,0.0,0.0,0.0,0.0,0.0,0.0,0.012992637505413601,2.845387613685574,16.44867908185362,10.15374621048073,0.5391944564746645,0.0,0.0,0.0,0.0,0.0,0.0,0.0,0.0,0.0,0.0,0.0,0.0,0.0,0.0,0.0,nan,nan,4.344459279038718,2.9259050853999073,nan,0.4258,0.0976,0.0,0.0,0.0,0.0,0.0,0.0,0.0,0.0,0.0,0.0,0.0,0.0,0.0,0.0,0.000194889562581204,0.0,0.0,0.00046556951061065395,0.000389779125162408,0.0046448679081853616,0.000151580770896492,0.0,0.004807275877003032,0.009170636639237765,0.004309224772628843,0.009224772628843655,0.011455175400606324,0.024761801645734084,0.01314421827631009,0.007698137721957557,0.012906019922044175,0.015742745777392812,0.03529666522304028,0.030121264616717193,0.025281507145950628,0.03529666522304028,0.04129493287137289,0.06317669987007363,0.06025335643135556,0.03860978778692074,0.020279341706366392,0.025584668687743613,0.028378085751407534,0.03052187093980078,0.01769164140320485,0.0102858380251191,0.03015374621048073,0.03828497184928541,0.04903637938501516,0.047975313988739714,0.04166305760069294,0.024101342572542227,0.003280640970116934,0.04759636206149848,0.011141186660892161,0.017226071892594196,0.02829146816803811,0.025822867042009527,0.010524036379385015,0.0008661758336942399,0.002566045907319186,0.0065504547423126894,0.005900822867042009,0.004341706366392377,0.018687743611953227,0.0015049805110437418,0.0,0.00032481593763534,0.003020788220008662,0.0,0.0,0.0,0.0,0.0,0.0,0.0,0.0,0.0,0.0,0.0,0.0,0.0,0.0,0.0,0.0,0.0,0.0,0.0,0.0,0.0,0.0,0.0,0.0,0.0,0.0,0.0,0.0,0.0,0.0,0.0,0.0,nan,nan,4.344459279038718,2.9259050853999073,nan,0.8740352689331773,0.03608918106539557,0.0,0.0,0.0,0.0,0.0,0.0,0.0,0.0,0.0,0.0,0.0,0.0,0.0,0.0,0.0,0.0,0.0,0.0,0.0,0.0,0.0,0.025542784163473824,0.1021711366538953,0.5491698595146853,2.8224776500638575,8.531289910600258,12.145593869731805,4.291187739463602,1.03448275862069,0.49808429118773956,0.8737334734860787,0.0353845004348712,0.0,0.0,0.0,0.0,0.0,0.0,0.0,0.0,0.0,0.0,0.0,0.0,0.0,0.0,0.0,0.0,0.0,0.0,0.0,0.0,0.0,0.013221683561040108,0.18510356985456153,0.594975760246803,2.45923314235346,8.779197884530632,11.9656236227413,4.680475980608199,1.0445130013221686,0.2776553547818423,0.426,0.01984,0.0,0.0,0.0,0.0,0.0,0.0,0.0,0.0,0.0,0.0,0.0,2.8607918263090633,16.24521072796935,10.370370370370372,0.5236270753512133,0.0,0.0,0.0,0.0,0.0,0.0,0.0,0.0,0.0,0.0,0.0,0.0,0.0,0.0,0.0,0.4255,0.01947,0.0,0.0,0.0,0.0,0.0,0.0,0.0,0.0,0.0,0.0,0.026443367122080216,2.8294402820625786,16.659321286910536,9.92948435434112,0.5553107095636846,0.0,0.0,0.0,0.0,0.0,0.0,0.0,0.0,0.0,0.0,0.0,0.0,0.0,0.0,0.0
28700,4790,2408,0.502713987473904,1120,1005,0.44363256784968685,1373,0.5732776617954071,0.44999999999999996,2.968094038623006,3.085649399970167,6.712556732223903,2.017092535859144,6649.800000000002,1.8189894035458565e-12,6649.8,6649.8,6649.800000000002,1.8189894035458565e-12,6649.8,0.0,27.45365344467641,20.834636785714174,32.724798387096776,19.011903899365446,0.1498956158663883,0.09979123173277661,0.08893528183716075,0.09436325678496868,0.07849686847599165,0.07620041753653445,0.06450939457202505,0.062004175365344465,0.056784968684759914,0.05762004175365344,0.03903966597077244,0.03987473903966597,0.03382045929018789,0.02630480167014614,0.016075156576200417,0.009603340292275574,0.006680584551148226,0.874341362615219,0.03582075250451297,0.0,0.0,0.0,0.0,0.0,0.0,0.0,0.0,0.0,0.0,0.0,0.0,0.0,0.0,0.0,0.0,0.0,0.0,0.0,0.0,0.0,0.018789144050104387,0.06263048016701463,0.5636743215031298,2.636743215031316,9.175365344467643,11.38622129436326,4.534446764091859,1.2087682672233822,0.41336116910229653,4.355060596134949,2.8594728712024957,4.0,0.0,0.9184717208182912,4.423898531375167,2.884494762536063,4.288560411311054,2.8326770672233526,0.9694074990408871,0.4258,0.01982,0.0,0.0,0.0,0.0,0.0,0.0,0.0,0.0,0.0,0.0,0.02505219206680585,3.0501043841336073,16.133611691022967,10.215031315240084,0.5762004175365345,0.0,0.0,0.0,0.0,0.0,0.0,0.0,0.0,0.0,0.0,0.0,0.0,0.0,0.0,0.0,nan,nan,4.3549443352979695,2.8590118976588994,nan,0.4258,0.0974,0.0,0.0,0.0,0.0,0.0,0.0,0.0,0.0,0.0,0.0,0.0,0.0,0.0,0.0,8.350730688935282e-05,0.0,0.0,0.0003235908141962422,0.0004697286012526096,0.005407098121085595,8.350730688935282e-05,4.175365344467641e-05,0.00454070981210856,0.010375782881002087,0.003872651356993737,0.010083507306889353,0.010511482254697287,0.02546972860125261,0.012860125260960333,0.006638830897703549,0.012286012526096034,0.015594989561586638,0.03536534446764092,0.030636743215031317,0.02673277661795407,0.03626304801670146,0.04012526096033403,0.06081419624217119,0.05887265135699374,0.0377348643006263,0.020177453027139875,0.026096033402922755,0.029133611691022965,0.029718162839248434,0.017526096033402924,0.011169102296450939,0.030709812108559498,0.038413361169102295,0.050041753653444675,0.04782881002087683,0.04204592901878915,0.025751565762004176,0.004050104384133612,0.04776617954070981,0.010762004175365344,0.0172964509394572,0.02927974947807933,0.02593945720250522,0.009467640918580376,0.0005219206680584551,0.0025887265135699374,0.006691022964509395,0.005720250521920668,0.0036221294363256787,0.017254697286012526,0.0016701461377870565,5.2192066805845514e-05,0.00013569937369519832,0.003382045929018789,0.0,0.0,0.0,0.0,0.0,0.0,0.0,0.0,0.0,0.0,0.0,0.0,0.0,0.0,0.0,0.0,0.0,0.0,0.0,0.0,0.0,0.0,0.0,0.0,0.0,0.0,0.0,0.0,0.0,0.0,0.0,0.0,nan,nan,4.3549443352979695,2.8590118976588994,nan,0.8738546373440181,0.03637922409595025,0.0,0.0,0.0,0.0,0.0,0.0,0.0,0.0,0.0,0.0,0.0,0.0,0.0,0.0,0.0,0.0,0.0,0.0,0.0,0.0,0.0,0.037375415282392035,0.08720930232558143,0.6353820598006624,2.6785714285714293,9.206810631229237,11.063122923588043,4.759136212624585,1.1461794019933558,0.3862126245847177,0.8748334005887923,0.03524035991389836,0.0,0.0,0.0,0.0,0.0,0.0,0.0,0.0,0.0,0.0,0.0,0.0,0.0,0.0,0.0,0.0,0.0,0.0,0.0,0.0,0.0,0.0,0.037783375314861464,0.49118387909319744,2.5944584382871545,9.143576826196474,11.712846347607057,4.307304785894208,1.2720403022670028,0.44080604534005047,0.4255,0.02008,0.0,0.0,0.0,0.0,0.0,0.0,0.0,0.0,0.0,0.0,0.02491694352159469,3.2890365448504935,15.959302325581397,10.166112956810633,0.5606312292358805,0.0,0.0,0.0,0.0,0.0,0.0,0.0,0.0,0.0,0.0,0.0,0.0,0.0,0.0,0.0,0.426,0.01953,0.0,0.0,0.0,0.0,0.0,0.0,0.0,0.0,0.0,0.0,0.025188916876574312,2.808564231738031,16.309823677581868,10.264483627204031,0.5919395465994963,0.0,0.0,0.0,0.0,0.0,0.0,0.0,0.0,0.0,0.0,0.0,0.0,0.0,0.0,0.0
28800,4758,2423,0.5092475830180748,1117,972,0.4390500210172341,1341,0.5636822194199244,0.44599999999999995,2.9850107066381155,3.081232502830981,6.469476744186046,2.097672787055262,6649.800000000001,9.094947017729282e-13,6649.8,6649.8,6649.800000000002,1.8189894035458565e-12,6649.800000000002,1.8189894035458565e-12,28.066204287515763,21.128881250012746,33.09982442939553,19.385766512700787,0.14186633039092056,0.10004203446826397,0.0926860025220681,0.08532997057587222,0.07713324926439681,0.07902480033627575,0.07061790668348046,0.06073980664144599,0.0533837746952501,0.054434636401849514,0.051492223623371164,0.03488860865910046,0.032997057587221525,0.02459016393442623,0.0201765447667087,0.013030685161832704,0.007566204287515763,0.8742976944929615,0.035887618425324445,0.0,0.0,0.0,0.0,0.0,0.0,0.0,0.0,0.0,0.0,0.0,0.0,0.0,0.0,0.0,0.0,0.0,0.0,0.0,0.0,0.0,0.006305170239596471,0.11979823455233293,0.6052963430012591,2.4779319041614127,8.91551071878941,11.834804539722576,4.501891551071879,1.153846153846154,0.3846153846153847,4.343586387434555,2.8698442442043275,3.75,2.384848003542364,0.863341871327407,4.348226018396846,2.882663779675927,4.337451235370612,2.856091385643791,0.9975220278383304,0.4263,0.02036,0.0,0.0,0.0,0.0,0.0,0.0,0.0,0.0,0.0,0.0,0.025220680958385883,2.906683480453968,16.26733921815889,10.025220680958387,0.7692307692307694,0.006305170239596471,0.0,0.0,0.0,0.0,0.0,0.0,0.0,0.0,0.0,0.0,0.0,0.0,0.0,0.0,nan,nan,4.3428104575163395,2.8693439293658543,nan,0.4263,0.0973,0.0,0.0,0.0,0.0,0.0,0.0,0.0,0.0,0.0,0.0,0.0,0.0,0.0,0.0,7.35603194619588e-05,0.0,0.0,0.0003467843631778058,0.0004728877679697352,0.00451870533837747,0.00018915510718789407,5.2543085329970576e-05,0.004308532997057587,0.010266918873476251,0.0036990332072299285,0.011601513240857503,0.009836065573770493,0.025189155107187895,0.012725935266918873,0.006263135771332493,0.011969314838167298,0.015636822194199245,0.03490962589323245,0.031862126944094155,0.028047498949138293,0.03288146279949559,0.03934426229508197,0.06021437578814628,0.0601828499369483,0.037915090374106765,0.01992433795712484,0.024243379571248422,0.027049180327868853,0.031189575451870535,0.018652795292139555,0.012000840689365279,0.03162042875157629,0.04190836485918453,0.04872845733501471,0.049474569146700294,0.042034468263976464,0.026061370323665407,0.004014291719209752,0.04619588062211013,0.011170659941151745,0.01937788986969315,0.02912988650693569,0.023738965952080707,0.008438419503993275,0.0006515342580916351,0.0027742749054224464,0.0069041614123581336,0.004728877679697352,0.003572929802437999,0.017728036990332072,0.0017759562841530056,1.0508617065994115e-05,0.00022068095838587642,0.004140395124001681,1.0508617065994115e-05,0.0,2.101723413198823e-05,0.0,0.0,0.0,0.0,0.0,0.0,0.0,0.0,0.0,0.0,0.0,0.0,0.0,0.0,0.0,0.0,0.0,0.0,0.0,0.0,0.0,0.0,0.0,0.0,0.0,0.0,0.0,0.0,0.0,nan,nan,4.3428104575163395,2.8693439293658543,nan,0.8738615753923228,0.03555679605979452,0.0,0.0,0.0,0.0,0.0,0.0,0.0,0.0,0.0,0.0,0.0,0.0,0.0,0.0,0.0,0.0,0.0,0.0,0.0,0.0,0.0,0.012381345439537766,0.07428807263722659,0.6562113082954993,2.612463887742469,8.629797771357822,12.158481221626086,4.395377631035907,1.1762278167560878,0.2847709451093686,0.8747502497738383,0.0362221637746847,0.0,0.0,0.0,0.0,0.0,0.0,0.0,0.0,0.0,0.0,0.0,0.0,0.0,0.0,0.0,0.0,0.0,0.0,0.0,0.0,0.0,0.0,0.16702355460385443,0.5524625267665936,2.338329764453962,9.211991434689509,11.49892933618844,4.612419700214134,1.1306209850107067,0.4882226980728052,0.4268,0.01994,0.0,0.0,0.0,0.0,0.0,0.0,0.0,0.0,0.0,0.0,0.037144036318613294,2.6124638877424644,16.23194387123401,10.449855550969875,0.6685926537350394,0.0,0.0,0.0,0.0,0.0,0.0,0.0,0.0,0.0,0.0,0.0,0.0,0.0,0.0,0.0,0.426,0.02077,0.0,0.0,0.0,0.0,0.0,0.0,0.0,0.0,0.0,0.0,0.012847965738758033,3.211991434689503,16.30406852248394,9.584582441113492,0.8736616702355462,0.012847965738758033,0.0,0.0,0.0,0.0,0.0,0.0,0.0,0.0,0.0,0.0,0.0,0.0,0.0,0.0
28900,4648,2369,0.5096815834767642,1096,962,0.4427710843373494,1310,0.5636833046471601,0.44599999999999995,2.8982009653356737,3.0397673336490016,6.557165861513687,2.077104935846753,6649.800000000001,9.094947017729282e-13,6649.8,6649.8,6649.800000000001,9.094947017729282e-13,6649.800000000001,9.094947017729282e-13,27.500430292598967,20.72597005166442,32.34810450819672,19.079481659167804,0.1404905335628227,0.1060671256454389,0.09272805507745267,0.08971600688468158,0.08111015490533563,0.07422547332185886,0.07401032702237521,0.06002581755593804,0.050989672977624786,0.05378657487091222,0.048838209982788296,0.039586919104991396,0.029044750430292598,0.023666092943201378,0.018502581755593803,0.010757314974182444,0.006454388984509466,0.8737216728407626,0.0347226098578908,0.0,0.0,0.0,0.0,0.0,0.0,0.0,0.0,0.0,0.0,0.0,0.0,0.0,0.0,0.0,0.0,0.0,0.0,0.0,0.0,0.0,0.006454388984509468,0.1419965576592083,0.5744406196213407,2.259036144578314,9.32013769363167,11.953528399311535,4.421256454388986,1.0391566265060244,0.2839931153184166,4.278096523793453,2.853188496783128,5.0,1.4142135623730951,1.1687440833070368,4.348238482384824,2.9375853121503352,4.21006711409396,2.7632838398160104,0.9682235993148465,0.4265,0.02026,0.0,0.0,0.0,0.0,0.0,0.0,0.0,0.0,0.0,0.0,0.03227194492254734,2.9302925989672937,15.942340791738385,10.385111876075733,0.7099827882960416,0.0,0.0,0.0,0.0,0.0,0.0,0.0,0.0,0.0,0.0,0.0,0.0,0.0,0.0,0.0,nan,nan,4.278826702629805,2.8521921581220147,nan,0.4265,0.09705,0.0,0.0,0.0,0.0,0.0,0.0,0.0,0.0,0.0,0.0,0.0,0.0,0.0,0.0,2.151462994836489e-05,0.0,1.0757314974182445e-05,0.0003549913941480207,0.00016135972461273667,0.003969449225473322,4.302925989672978e-05,3.227194492254733e-05,0.004528829604130809,0.011058519793459553,0.003227194492254733,0.011209122203098106,0.009283562822719449,0.025290447504302926,0.013285283993115318,0.00783132530120482,0.013564974182444062,0.01500645438898451,0.03502581755593804,0.031110154905335627,0.03036790017211704,0.03113166953528399,0.0398881239242685,0.05985370051635112,0.0596815834767642,0.03598321858864027,0.020578743545611015,0.022256884681583478,0.02759251290877797,0.030292598967297763,0.017200946643717727,0.012091222030981067,0.03194922547332186,0.041824440619621345,0.04929001721170396,0.04967728055077453,0.043298192771084335,0.025806798623063683,0.004259896729776248,0.04746127366609294,0.011585628227194493,0.020051635111876076,0.02699010327022375,0.025602409638554216,0.009251290877796902,0.0006561962134251291,0.003410068846815835,0.006809380378657487,0.00427065404475043,0.0034315834767641995,0.01708261617900172,0.001118760757314974,0.0,0.0005701376936316695,0.0036359724612736663,0.0,3.227194492254733e-05,0.0,0.0,0.0,0.0,0.0,0.0,0.0,0.0,0.0,0.0,0.0,0.0,0.0,0.0,0.0,0.0,0.0,0.0,0.0,0.0,0.0,0.0,0.0,0.0,0.0,0.0,0.0,0.0,0.0,0.0,nan,nan,4.278826702629805,2.8521921581220147,nan,0.8739518125935817,0.034741591904688104,0.0,0.0,0.0,0.0,0.0,0.0,0.0,0.0,0.0,0.0,0.0,0.0,0.0,0.0,0.0,0.0,0.0,0.0,0.0,0.0,0.0,0.0,0.151962853524694,0.5698607007176006,2.317433516251583,9.16842549598987,11.916420430561422,4.520894892359646,1.0510764035458,0.303925707049388,0.8734824446378543,0.034701249326215336,0.0,0.0,0.0,0.0,0.0,0.0,0.0,0.0,0.0,0.0,0.0,0.0,0.0,0.0,0.0,0.0,0.0,0.0,0.0,0.0,0.0,0.013163668275559459,0.1316366827555946,0.5792014041246143,2.1983326020184295,9.47784115840281,11.992101799034668,4.317683194383502,1.0267661254936378,0.2632733655111892,0.4268,0.02061,0.0,0.0,0.0,0.0,0.0,0.0,0.0,0.0,0.0,0.0,0.0379907133811735,2.988602785985644,15.538201772899962,10.63739974672858,0.7978049810046435,0.0,0.0,0.0,0.0,0.0,0.0,0.0,0.0,0.0,0.0,0.0,0.0,0.0,0.0,0.0,0.426,0.0199,0.0,0.0,0.0,0.0,0.0,0.0,0.0,0.0,0.0,0.0,0.026327336551118918,2.8696796840719574,16.362439666520405,10.122860903905224,0.6186924089512945,0.0,0.0,0.0,0.0,0.0,0.0,0.0,0.0,0.0,0.0,0.0,0.0,0.0,0.0,0.0
29000,4417,2332,0.5279601539506452,1094,889,0.4489472492642065,1226,0.5551279148743491,0.46199999999999997,2.964028776978417,2.9978651203393767,6.4190800681431,1.9884274659781314,6649.800000000001,9.094947017729282e-13,6649.8,6649.8,6649.800000000001,9.094947017729282e-13,6649.800000000002,1.8189894035458565e-12,28.430835408648402,20.99234484391956,33.41280947255113,19.152458620871485,0.13855558071088975,0.098256735340729,0.0905592030790129,0.07833371066334616,0.08082408874801902,0.07493774054788317,0.06927779035544487,0.06814580031695722,0.059542676024450986,0.05365632782431515,0.050486755716549696,0.03848766130858049,0.035997283223907627,0.027620556939098935,0.016300656554222324,0.013357482454154404,0.005659950192438306,0.8718002037762355,0.035893866417164265,0.0,0.0,0.0,0.0,0.0,0.0,0.0,0.0,0.0,0.0,0.0,0.0,0.0,0.0,0.0,0.0,0.0,0.0,0.0,0.0,0.0,0.040751641385555815,0.13583880461851938,0.6927779035544466,2.852614896988907,8.938193343898575,11.79760018111841,4.306090106407065,0.9644555127914877,0.27167760923703876,4.2212543554006965,2.7900085224802433,5.142857142857143,2.166535841157586,1.2183243912505162,4.182070882557332,2.764097409349724,4.267223382045929,2.8128082413684132,1.0203613238225475,0.4265,0.01967,0.0,0.0,0.0,0.0,0.0,0.0,0.0,0.0,0.0,0.0,0.033959701154629846,2.7439438532940867,16.36178401630066,10.303373330314695,0.5569390989359295,0.0,0.0,0.0,0.0,0.0,0.0,0.0,0.0,0.0,0.0,0.0,0.0,0.0,0.0,0.0,nan,nan,4.223496697949253,2.7890303281669504,nan,0.4265,0.0969,0.0,0.0,0.0,0.0,0.0,0.0,0.0,0.0,0.0,0.0,0.0,0.0,0.0,0.0,2.2639800769753225e-05,0.0,0.0,0.0002490378084672855,0.00010187910346388952,0.003803486529318542,0.0001811184061580258,5.659950192438306e-05,0.0041657233416345935,0.010402988453701608,0.003531808920081503,0.01032374915100747,0.009938872537921667,0.024552863934797373,0.013210323749151008,0.007516413855558071,0.014115915779941136,0.0168440117726964,0.033371066334616256,0.03343898573692552,0.030337333031469325,0.03176364047996378,0.036574598143536335,0.061636857595653155,0.0598256735340729,0.03407290015847861,0.02377179080824089,0.023817070409780393,0.02620556939098936,0.03177496038034865,0.017760923703871407,0.011421779488340503,0.0321371971926647,0.04165723341634594,0.04693230699569844,0.04964908308806883,0.04407969209870953,0.025220738057505094,0.004075164138555581,0.04413629160063391,0.012417930722209645,0.020975775413176363,0.029714738510301108,0.02393026941362916,0.008965361104822277,0.0010414308354086484,0.0037582069277790355,0.007165496943626896,0.0034186099162327372,0.0022073805750509397,0.01717228888385782,0.0012225492415666743,2.2639800769753225e-05,0.0006791940230925968,0.004607199456644781,0.0,2.2639800769753225e-05,0.0,0.0,0.0,0.0,0.0,0.0,0.0,0.0,0.0,0.0,0.0,0.0,0.0,0.0,0.0,0.0,0.0,0.0,0.0,0.0,0.0,0.0,0.0,0.0,0.0,0.0,0.0,0.0,0.0,0.0,nan,nan,4.223496697949253,2.7890303281669504,nan,0.8718225453975474,0.036616557500279305,0.0,0.0,0.0,0.0,0.0,0.0,0.0,0.0,0.0,0.0,0.0,0.0,0.0,0.0,0.0,0.0,0.0,0.0,0.0,0.0,0.0,0.03859348198970841,0.14150943396226418,0.6818181818181797,2.9716981132075477,8.96655231560892,11.603773584905664,4.1295025728988,1.1449399656946828,0.32161234991423676,0.8717752154496649,0.03506790465044185,0.0,0.0,0.0,0.0,0.0,0.0,0.0,0.0,0.0,0.0,0.0,0.0,0.0,0.0,0.0,0.0,0.0,0.0,0.0,0.0,0.0,0.04316546762589929,0.12949640287769787,0.7050359712230194,2.719424460431655,8.906474820143886,12.014388489208637,4.50359712230216,0.7625899280575542,0.21582733812949645,0.4265,0.0198,0.0,0.0,0.0,0.0,0.0,0.0,0.0,0.0,0.0,0.0,0.03859348198970841,2.714408233276154,16.31217838765009,10.291595197255576,0.6432246998284735,0.0,0.0,0.0,0.0,0.0,0.0,0.0,0.0,0.0,0.0,0.0,0.0,0.0,0.0,0.0,0.4263,0.0195,0.0,0.0,0.0,0.0,0.0,0.0,0.0,0.0,0.0,0.0,0.028776978417266195,2.776978417266183,16.417266187050362,10.31654676258993,0.46043165467625913,0.0,0.0,0.0,0.0,0.0,0.0,0.0,0.0,0.0,0.0,0.0,0.0,0.0,0.0,0.0
29100,4465,2275,0.509518477043673,1066,953,0.45218365061590143,1292,0.5787234042553191,0.46599999999999997,3.0579908675799086,3.1877072076848165,6.892026578073089,2.1326374292432413,6649.800000000002,1.8189894035458565e-12,6649.8,6649.8,6649.800000000002,1.8189894035458565e-12,6649.800000000002,1.8189894035458565e-12,27.600895856662934,20.677694060804868,32.572994652406415,18.910817098463042,0.14490481522956328,0.0954087346024636,0.09249720044792833,0.09070548712206047,0.07905935050391938,0.08197088465845465,0.06338185890257558,0.0671892497200448,0.05979843225083987,0.05039193729003359,0.04703247480403135,0.03986562150055991,0.029115341545352745,0.02374020156774916,0.01769316909294513,0.01187010078387458,0.005375139977603583,0.8729812539571611,0.03569212524911543,0.0,0.0,0.0,0.0,0.0,0.0,0.0,0.0,0.0,0.0,0.0,0.0,0.0,0.0,0.0,0.0,0.0,0.0,0.0,0.0,0.0,0.026875699888017923,0.12094064949608065,0.5778275475923834,2.647256438969765,9.225083986562153,11.522956326987686,4.326987681970886,1.3437849944008962,0.20828667413213892,4.450245269796777,2.9506828654090125,5.666666666666667,2.70801280154532,1.2733380573708106,4.591359773371105,3.0013234320297673,4.320689655172414,2.895404124058872,0.9410479397043727,0.4268,0.01965,0.0,0.0,0.0,0.0,0.0,0.0,0.0,0.0,0.0,0.0,0.013437849944008961,2.5666293393057074,16.326987681970888,10.454647256438971,0.6382978723404257,0.0,0.0,0.0,0.0,0.0,0.0,0.0,0.0,0.0,0.0,0.0,0.0,0.0,0.0,0.0,nan,nan,4.4540691582256375,2.9507371098675765,nan,0.4268,0.09674,0.0,0.0,0.0,0.0,0.0,0.0,0.0,0.0,0.0,0.0,0.0,0.0,0.0,0.0,0.0,0.0,0.0,0.00019036954087346024,0.0002463605823068309,0.0034266517357222845,0.0004143337066069429,0.0002127659574468085,0.0045352743561030235,0.009384098544232923,0.004053751399776036,0.009238521836506159,0.011422172452407614,0.0216013437849944,0.012597984322508398,0.006360582306830907,0.014244120940649497,0.017793952967525197,0.03362821948488242,0.034882418812989924,0.031713325867861145,0.030750279955207165,0.03715565509518477,0.06139977603583427,0.06013437849944009,0.03513997760358343,0.02526315789473684,0.024624860022396416,0.025587905935050392,0.029529675251959688,0.01688689809630459,0.009272116461366182,0.03258678611422172,0.042351623740201565,0.046024636058230685,0.04987681970884658,0.0457558790593505,0.026483762597984323,0.0043896976483762595,0.04412094064949608,0.011231802911534155,0.021858902575587907,0.03119820828667413,0.022239641657334826,0.009585666293393058,0.0011758118701007839,0.0035946248600223964,0.006573348264277716,0.003572228443449048,0.0019148936170212765,0.016662933930571108,0.0013997760358342665,0.00011198208286674133,0.0005375139977603584,0.004972004479283315,0.0,8.958566629339306e-05,0.0,0.0,0.0,0.0,0.0,0.0,0.0,0.0,0.0,0.0,0.0,0.0,0.0,0.0,0.0,0.0,0.0,0.0,0.0,0.0,0.0,0.0,0.0,0.0,0.0,0.0,0.0,0.0,0.0,0.0,nan,nan,4.4540691582256375,2.9507371098675765,nan,0.8730204044593559,0.035789051857615765,0.0,0.0,0.0,0.0,0.0,0.0,0.0,0.0,0.0,0.0,0.0,0.0,0.0,0.0,0.0,0.0,0.0,0.0,0.0,0.0,0.0,0.0,0.09230769230769233,0.6065934065934047,2.531868131868132,9.665934065934067,11.103296703296706,4.3780219780219785,1.4109890109890113,0.21098901098901104,0.8729405839149266,0.03559111151444079,0.0,0.0,0.0,0.0,0.0,0.0,0.0,0.0,0.0,0.0,0.0,0.0,0.0,0.0,0.0,0.0,0.0,0.0,0.0,0.0,0.0,0.054794520547945216,0.15068493150684933,0.5479452054794504,2.7671232876712333,8.767123287671234,11.958904109589044,4.273972602739727,1.2739726027397262,0.20547945205479456,0.4268,0.01991,0.0,0.0,0.0,0.0,0.0,0.0,0.0,0.0,0.0,0.0,0.0,2.6241758241758206,16.219780219780223,10.443956043956046,0.7120879120879123,0.0,0.0,0.0,0.0,0.0,0.0,0.0,0.0,0.0,0.0,0.0,0.0,0.0,0.0,0.0,0.4265,0.0194,0.0,0.0,0.0,0.0,0.0,0.0,0.0,0.0,0.0,0.0,0.027397260273972608,2.5068493150684894,16.438356164383563,10.465753424657535,0.5616438356164385,0.0,0.0,0.0,0.0,0.0,0.0,0.0,0.0,0.0,0.0,0.0,0.0,0.0,0.0,0.0
29200,4305,2231,0.5182346109175378,1048,873,0.4462253193960511,1215,0.5644599303135889,0.46199999999999997,2.991321118611379,3.0239994543917375,6.505922165820643,1.942371634766607,6649.800000000002,1.8189894035458565e-12,6649.8,6649.8,6649.800000000001,9.094947017729282e-13,6649.800000000001,9.094947017729282e-13,28.375377468060396,20.937323591291726,33.26501377410468,19.15172892632879,0.13449477351916375,0.10174216027874565,0.09477351916376307,0.07874564459930314,0.07549361207897794,0.07386759581881533,0.07479674796747968,0.06643437862950058,0.06225319396051104,0.051800232288037165,0.046689895470383276,0.039953542392566786,0.033449477351916376,0.030662020905923345,0.01904761904761905,0.010685249709639954,0.005110336817653891,0.872211557633647,0.03542809977363937,0.0,0.0,0.0,0.0,0.0,0.0,0.0,0.0,0.0,0.0,0.0,0.0,0.0,0.0,0.0,0.0,0.0,0.0,0.0,0.0,0.0,0.02787456445993032,0.12543554006968644,0.5017421602787441,2.738675958188154,9.770034843205577,11.435540069686414,4.020905923344949,1.010452961672474,0.3693379790940768,4.273830774723313,2.8014743272440503,4.2,1.7204650534085255,0.9827249185531701,4.205547652916074,2.759903508155581,4.342142857142857,2.8378957963639904,1.032479766132734,0.4265,0.01965,0.0,0.0,0.0,0.0,0.0,0.0,0.0,0.0,0.0,0.0,0.020905923344947737,2.8571428571428528,16.104529616724744,10.397212543554009,0.613240418118467,0.00696864111498258,0.0,0.0,0.0,0.0,0.0,0.0,0.0,0.0,0.0,0.0,0.0,0.0,0.0,0.0,nan,nan,4.273699215965787,2.7999210228487525,nan,0.4265,0.0964,0.0,0.0,0.0,0.0,0.0,0.0,0.0,0.0,0.0,0.0,0.0,0.0,0.0,0.0,0.0,0.0,0.0,0.00012775842044134727,0.00027874564459930314,0.002613240418118467,0.0005226480836236934,0.00026713124274099884,0.0035307781649245064,0.010360046457607434,0.0048083623693379795,0.009175377468060394,0.011707317073170732,0.0216260162601626,0.01175377468060395,0.006109175377468061,0.013577235772357723,0.020441347270615563,0.03386759581881533,0.033797909407665506,0.032439024390243903,0.03087108013937282,0.038037166085946574,0.06146341463414634,0.06005807200929152,0.03419279907084785,0.024099883855981417,0.023182346109175377,0.0254123112659698,0.032067363530778166,0.016283391405342625,0.007816492450638791,0.03210220673635308,0.04285714285714286,0.04610917537746806,0.052253193960511035,0.04639953542392567,0.025249709639953544,0.004692218350754936,0.04439024390243902,0.0121602787456446,0.020685249709639954,0.03111498257839721,0.023205574912891987,0.009268292682926829,0.0009872241579558653,0.003472706155632985,0.006469221835075494,0.003832752613240418,0.0019396051103368177,0.015284552845528456,0.002102206736353078,1.1614401858304297e-05,0.0006504065040650406,0.004274099883855981,0.0,0.0,0.0,0.0,0.0,0.0,0.0,0.0,0.0,0.0,0.0,0.0,0.0,0.0,0.0,0.0,0.0,0.0,0.0,0.0,0.0,0.0,0.0,0.0,0.0,0.0,0.0,0.0,0.0,0.0,0.0,0.0,nan,nan,4.273699215965787,2.7999210228487525,nan,0.8716969680807506,0.035347746305486226,0.0,0.0,0.0,0.0,0.0,0.0,0.0,0.0,0.0,0.0,0.0,0.0,0.0,0.0,0.0,0.0,0.0,0.0,0.0,0.0,0.0,0.0,0.13446884805020173,0.4840878529807246,2.9179740026893777,9.910354101299868,11.389511429852087,3.738233975795608,1.0354101299865532,0.389959659345585,0.8727651011690915,0.03550600776593179,0.0,0.0,0.0,0.0,0.0,0.0,0.0,0.0,0.0,0.0,0.0,0.0,0.0,0.0,0.0,0.0,0.0,0.0,0.0,0.0,0.0,0.057859209257473496,0.11571841851494699,0.5207328833172596,2.5458052073288338,9.619093539054967,11.485053037608488,4.324975891996144,0.9836065573770494,0.34715525554484095,0.4268,0.01965,0.0,0.0,0.0,0.0,0.0,0.0,0.0,0.0,0.0,0.0,0.013446884805020173,2.7431645002241107,15.988346033168986,10.636485880770957,0.618556701030928,0.0,0.0,0.0,0.0,0.0,0.0,0.0,0.0,0.0,0.0,0.0,0.0,0.0,0.0,0.0,0.4263,0.01965,0.0,0.0,0.0,0.0,0.0,0.0,0.0,0.0,0.0,0.0,0.028929604628736748,2.97974927675988,16.229508196721316,10.139826422372229,0.6075216972034717,0.014464802314368374,0.0,0.0,0.0,0.0,0.0,0.0,0.0,0.0,0.0,0.0,0.0,0.0,0.0,0.0
29300,4196,2099,0.5002383222116301,983,884,0.44494756911344135,1206,0.5748331744518589,0.46599999999999997,2.9899856938483547,3.0474540997395616,6.4608,2.0124769216068046,6649.800000000002,1.8189894035458565e-12,6649.8,6649.8,6649.800000000001,9.094947017729282e-13,6649.800000000003,2.7284841053187847e-12,27.858198284080075,20.73969720205995,32.805563440249784,18.95038722491042,0.14227836034318397,0.10176358436606292,0.08794089609151573,0.08579599618684461,0.0786463298379409,0.07244995233555768,0.07268827454718779,0.0667302192564347,0.06196377502383222,0.0548141086749285,0.0438512869399428,0.04194470924690181,0.03026692087702574,0.026453765490943755,0.015967588179218305,0.00905624404194471,0.007387988560533841,0.8729034761398378,0.03465634270712654,0.0,0.0,0.0,0.0,0.0,0.0,0.0,0.0,0.0,0.0,0.0,0.0,0.0,0.0,0.0,0.0,0.0,0.0,0.0,0.0,0.0,0.014299332697807438,0.07864632983794091,0.5505243088655846,2.5595805529075313,9.451858913250717,11.83984747378456,4.096758817921831,1.0581506196377504,0.35033365109628223,4.364985163204747,2.8411750113084775,3.5,1.118033988749895,0.8018354860639022,4.341409691629956,2.8383057982276365,4.386397608370703,2.8407182975075127,1.010362513546575,0.427,0.02002,0.0,0.0,0.0,0.0,0.0,0.0,0.0,0.0,0.0,0.0,0.021448999046711156,2.6239275500476604,16.10819828408008,10.474261201143948,0.7578646329837944,0.014299332697807438,0.0,0.0,0.0,0.0,0.0,0.0,0.0,0.0,0.0,0.0,0.0,0.0,0.0,0.0,nan,nan,4.363703703703703,2.8395906697036044,nan,0.427,0.09607,0.0,0.0,0.0,0.0,0.0,0.0,0.0,0.0,0.0,0.0,0.0,0.0,0.0,0.0,0.0,0.0,0.0,8.341277407054337e-05,0.00019065776930409913,0.0025023832221163014,0.0005243088655862726,0.0003336510962821735,0.004146806482364157,0.009282650142993327,0.004802192564346997,0.00742373689227836,0.010176358436606291,0.02274785510009533,0.01130838894184938,0.006101048617731172,0.015312202097235463,0.019125357483317444,0.03500953288846521,0.033937082936129646,0.03179218303145853,0.03225691134413727,0.03887035271687321,0.06277407054337464,0.05842469018112488,0.033841754051477595,0.02352240228789323,0.02324833174451859,0.025202573879885604,0.032411820781696854,0.0150023832221163,0.008257864632983794,0.032697807435653,0.044196854146806484,0.04700905624404195,0.05132268827454719,0.04498331744518589,0.02688274547187798,0.0049690181124880835,0.03971639656816015,0.011606291706387035,0.02234270734032412,0.03251906577693041,0.023951382268827454,0.010784080076263108,0.0007030505243088656,0.002859866539561487,0.007209246901811249,0.004194470924690181,0.0017993326978074356,0.01569351763584366,0.0017278360343183986,1.1916110581506196e-05,0.00045281220209723546,0.0037416587225929457,1.1916110581506196e-05,0.0,0.0,0.0,0.0,0.0,0.0,0.0,0.0,0.0,0.0,0.0,0.0,0.0,0.0,0.0,0.0,0.0,0.0,0.0,0.0,0.0,0.0,0.0,0.0,0.0,0.0,0.0,0.0,0.0,0.0,0.0,nan,nan,4.363703703703703,2.8395906697036044,nan,0.8719445653845436,0.03493856999173854,0.0,0.0,0.0,0.0,0.0,0.0,0.0,0.0,0.0,0.0,0.0,0.0,0.0,0.0,0.0,0.0,0.0,0.0,0.0,0.0,0.0,0.014292520247737021,0.11434016198189617,0.571700809909479,2.7584564078132447,9.44735588375417,11.691281562648882,4.073368270605051,0.9433063363506434,0.3858980466888996,0.8738633014499771,0.03434472480788996,0.0,0.0,0.0,0.0,0.0,0.0,0.0,0.0,0.0,0.0,0.0,0.0,0.0,0.0,0.0,0.0,0.0,0.0,0.0,0.0,0.0,0.014306151645207443,0.042918454935622324,0.5293276108726737,2.360515021459228,9.456366237482118,11.988555078683838,4.120171673819743,1.1731044349070103,0.31473533619456373,0.4268,0.01999,0.0,0.0,0.0,0.0,0.0,0.0,0.0,0.0,0.0,0.0,0.028585040495474043,2.7012863268222924,16.107670319199624,10.4621248213435,0.6717484516436399,0.028585040495474043,0.0,0.0,0.0,0.0,0.0,0.0,0.0,0.0,0.0,0.0,0.0,0.0,0.0,0.0,0.4272,0.02003,0.0,0.0,0.0,0.0,0.0,0.0,0.0,0.0,0.0,0.0,0.014306151645207443,2.5464949928469207,16.10872675250358,10.486409155937055,0.8440629470672392,0.0,0.0,0.0,0.0,0.0,0.0,0.0,0.0,0.0,0.0,0.0,0.0,0.0,0.0,0.0
29400,4341,2186,0.5035706058511864,983,917,0.4376871688551025,1228,0.5657682561621746,0.46599999999999997,3.008816705336427,3.1411373117733437,6.813242784380305,2.030939258600649,6649.800000000001,9.094947017729282e-13,6649.8,6649.8,6649.800000000001,9.094947017729282e-13,6649.800000000002,1.8189894035458565e-12,27.445289103893113,20.916978397804307,32.45311638168781,19.259230563088657,0.14351531905090992,0.1050449205252246,0.0949090071412117,0.08730707210320203,0.08339092375028795,0.07947477539737388,0.0635798203178991,0.06404054365353605,0.0516010135913384,0.048145588574061274,0.04284727021423635,0.03916148352914075,0.03432388850495278,0.026952315134761574,0.0202718267680258,0.009214466712739,0.006219765031098825,0.8716232855318329,0.03492104765343049,0.0,0.0,0.0,0.0,0.0,0.0,0.0,0.0,0.0,0.0,0.0,0.0,0.0,0.0,0.0,0.0,0.0,0.0,0.0,0.0,0.0069108500345542515,0.06910850034554251,0.06910850034554251,0.5321354526606756,2.6744989633724954,9.765031098825157,11.561852107809264,4.029025570145128,1.0228058051140292,0.2695231513476158,4.36525208560029,2.879340639935408,4.461538461538462,2.4997041245033724,1.0220574606116775,4.3794835007173605,2.8086070351418497,4.354181818181818,2.9456301631147177,0.9942226788772242,0.427,0.02051,0.0,0.0,0.0,0.0,0.0,0.0,0.0,0.0,0.0,0.0,0.04837595024187977,2.7366966136834794,15.646164478230826,10.822391154111957,0.739460953697305,0.0069108500345542515,0.0,0.0,0.0,0.0,0.0,0.0,0.0,0.0,0.0,0.0,0.0,0.0,0.0,0.0,nan,nan,4.365703971119133,2.877683451936821,nan,0.427,0.0957,0.0,0.0,0.0,0.0,0.0,0.0,0.0,0.0,0.0,0.0,0.0,0.0,0.0,0.0,0.0,0.0,0.0,9.214466712739e-05,1.151808339092375e-05,0.002441833678875835,0.00033402441833678875,0.00036857866850956,0.004756968440451509,0.010251094217922137,0.004584197189587653,0.00672656070029947,0.00949090071412117,0.023231974199493206,0.010573600552868002,0.006058511863625893,0.015952545496429393,0.020375489518544114,0.03299930891499654,0.035130154342317435,0.030119788067265608,0.033897719419488596,0.03934577286339553,0.05919143054595715,0.05788988712278277,0.035210780926053904,0.02404975812024879,0.02281732319741995,0.026053904630269523,0.03303386316516931,0.014316977654918222,0.008523381709283575,0.03287260999769638,0.04456346463948399,0.04664823773324119,0.053466943100668046,0.045150886892421103,0.026272748214697075,0.005931812946325731,0.038378253858557934,0.012692927896797972,0.02383091453582124,0.028818244644091225,0.022679106196728863,0.013061506565307532,0.0006334945865008062,0.002821930430776319,0.00792444137295554,0.0047800046072333565,0.0014397604238654688,0.014501266989173001,0.0021884358442755126,0.0,0.0005528680027643401,0.00294862934807648,1.151808339092375e-05,0.0,0.0,0.0,0.0,0.0,0.0,0.0,0.0,0.0,0.0,0.0,0.0,0.0,0.0,0.0,0.0,0.0,0.0,0.0,0.0,0.0,0.0,0.0,0.0,0.0,0.0,0.0,0.0,0.0,0.0,0.0,nan,nan,4.365703971119133,2.877683451936821,nan,0.8707575524005995,0.03506006211112345,0.0,0.0,0.0,0.0,0.0,0.0,0.0,0.0,0.0,0.0,0.0,0.0,0.0,0.0,0.0,0.0,0.0,0.0,0.0,0.0,0.013723696248856361,0.09606587374199453,0.08234217749313817,0.6038426349496779,2.6075022872827085,9.743824336688016,11.623970722781339,3.938700823421776,1.0704483074107962,0.21957913998170178,0.8725014723647222,0.034757441668516,0.0,0.0,0.0,0.0,0.0,0.0,0.0,0.0,0.0,0.0,0.0,0.0,0.0,0.0,0.0,0.0,0.0,0.0,0.0,0.0,0.0,0.04176334106728539,0.05568445475638052,0.4593967517401378,2.7424593967517406,9.786542923433876,11.498839907192579,4.120649651972158,0.9744779582366592,0.320185614849188,0.4275,0.02045,0.0,0.0,0.0,0.0,0.0,0.0,0.0,0.0,0.0,0.0,0.027447392497712723,2.5251601097895664,15.617566331198539,10.992680695333945,0.8371454711802381,0.0,0.0,0.0,0.0,0.0,0.0,0.0,0.0,0.0,0.0,0.0,0.0,0.0,0.0,0.0,0.4263,0.02055,0.0,0.0,0.0,0.0,0.0,0.0,0.0,0.0,0.0,0.0,0.06960556844547565,2.951276102088163,15.675174013921117,10.649651972157775,0.640371229698376,0.01392111368909513,0.0,0.0,0.0,0.0,0.0,0.0,0.0,0.0,0.0,0.0,0.0,0.0,0.0,0.0
29500,4543,2281,0.5020911292097733,1065,953,0.4441998679286815,1288,0.5670261941448382,0.44999999999999996,2.9407603890362513,3.0528835705851223,6.512539184952978,2.0976923006667234,6649.800000000001,9.094947017729282e-13,6649.8,6649.8,6649.800000000002,1.8189894035458565e-12,6649.800000000001,9.094947017729282e-13,27.87607307946291,20.90226109424055,32.815368476265405,19.186484032443783,0.13999559762271627,0.1038961038961039,0.09311027955095752,0.08408540611930443,0.0825445740699978,0.07373981950253136,0.06933744221879815,0.06053268765133172,0.0550297160466652,0.05899185560202509,0.047545674664318735,0.03940127668941228,0.028835571208452565,0.025974025974025976,0.01848998459167951,0.011666299801893022,0.0068236847897864845,0.8707775417178206,0.03441937698723966,0.0,0.0,0.0,0.0,0.0,0.0,0.0,0.0,0.0,0.0,0.0,0.0,0.0,0.0,0.0,0.0,0.0,0.0,0.0,0.0,0.0,0.0066035659255998256,0.0792427911071979,0.5282852740479843,2.9319832709663225,10.090248734316532,11.318511996478101,3.889500330178297,0.7858243451463792,0.36979969183359024,4.380349195480999,2.8422180370297645,6.5,0.5,1.4838999609222354,4.380727762803234,2.8248379499375047,4.382904794996525,2.8592193224883915,1.0004969567412465,0.4263,0.02003,0.0,0.0,0.0,0.0,0.0,0.0,0.0,0.0,0.0,0.0,0.03962139555359895,2.733876293198323,16.25797930882677,10.301562843935727,0.6669601584855823,0.0,0.0,0.0,0.0,0.0,0.0,0.0,0.0,0.0,0.0,0.0,0.0,0.0,0.0,0.0,nan,nan,4.381799521040027,2.84181617459829,nan,0.4263,0.0953,0.0,0.0,0.0,0.0,0.0,0.0,0.0,0.0,0.0,0.0,0.0,0.0,0.0,0.0,0.0,0.0,0.0,5.5029716046665196e-05,0.0,0.0029385868368919216,0.00039621395553598944,0.00023112480739599384,0.004655513977547876,0.01042262821923839,0.004369359454105217,0.006801672903367819,0.009002861545234426,0.023959938366718028,0.011237068016729034,0.005954215276249174,0.015705480959718247,0.021054369359454105,0.03225841954655514,0.035890380805635044,0.03027734976887519,0.03450363196125908,0.0362425709883337,0.057043803653973144,0.058529605987233106,0.035384107418005725,0.024675324675324677,0.024499229583975348,0.02727272727272727,0.03460268545014308,0.014021571648690292,0.00963020030816641,0.032104336341624476,0.04515738498789346,0.04535549196566146,0.054589478318291876,0.04468412942989214,0.02613911512216597,0.00575610829848118,0.037090028615452346,0.012205591019150341,0.024422187981510017,0.028373321593660576,0.023442659035879373,0.012733876293198327,0.000550297160466652,0.0031587057010785823,0.007274928461369139,0.004160246533127889,0.0017829627999119523,0.015023112480739599,0.0020250935505172793,0.0,0.00035219018269865726,0.002003081664098613,0.0,0.0,0.0,0.0,0.0,0.0,0.0,0.0,0.0,0.0,0.0,0.0,0.0,0.0,0.0,0.0,0.0,0.0,0.0,0.0,0.0,0.0,0.0,0.0,0.0,0.0,0.0,0.0,0.0,0.0,0.0,0.0,nan,nan,4.381799521040027,2.84181617459829,nan,0.8710920804428041,0.03428097667708994,0.0,0.0,0.0,0.0,0.0,0.0,0.0,0.0,0.0,0.0,0.0,0.0,0.0,0.0,0.0,0.0,0.0,0.0,0.0,0.0,0.0,0.013152126260412103,0.09206488382288472,0.4734765453748341,2.8540113985094266,9.916703200350725,11.547566856641827,3.958790004384043,0.7891275756247262,0.3551074090311268,0.8704603609787901,0.0345554794250811,0.0,0.0,0.0,0.0,0.0,0.0,0.0,0.0,0.0,0.0,0.0,0.0,0.0,0.0,0.0,0.0,0.0,0.0,0.0,0.0,0.0,0.0,0.06631299734748011,0.5835543766578232,3.0106100795755975,10.265251989389922,11.087533156498678,3.819628647214855,0.7824933687002654,0.3846153846153847,0.4265,0.0202,0.0,0.0,0.0,0.0,0.0,0.0,0.0,0.0,0.0,0.0,0.039456378781236305,2.880315651030246,15.651030249890402,10.863656291100398,0.5655414291977204,0.0,0.0,0.0,0.0,0.0,0.0,0.0,0.0,0.0,0.0,0.0,0.0,0.0,0.0,0.0,0.4263,0.01985,0.0,0.0,0.0,0.0,0.0,0.0,0.0,0.0,0.0,0.0,0.03978779840848807,2.5862068965517206,16.87002652519894,9.734748010610081,0.7692307692307694,0.0,0.0,0.0,0.0,0.0,0.0,0.0,0.0,0.0,0.0,0.0,0.0,0.0,0.0,0.0
29600,4538,2280,0.502423975319524,1065,958,0.44579109739973555,1294,0.5702952842661966,0.45799999999999996,3.0358724534986714,3.0772526318983813,6.665610142630745,2.031621548769569,6649.800000000001,9.094947017729282e-13,6649.8,6649.8,6649.800000000002,1.8189894035458565e-12,6649.800000000002,1.8189894035458565e-12,27.74768620537682,20.817906088411966,32.69590336134454,19.06980663862008,0.14147201410312912,0.10268840899074483,0.09365359189070074,0.0870427501101807,0.07668576465403261,0.06963420008814455,0.07338034376377259,0.06676950198325253,0.06015866020273248,0.05509034817100044,0.04275011018069634,0.03922432789775231,0.03261348611723226,0.024239753195240195,0.015645658880564125,0.011679153812252093,0.007271925958572058,0.8704297750360801,0.03425389462556308,0.0,0.0,0.0,0.0,0.0,0.0,0.0,0.0,0.0,0.0,0.0,0.0,0.0,0.0,0.0,0.0,0.0,0.0,0.0,0.0,0.0,0.006610841780520054,0.11899515204936098,0.5883649184662829,3.0938739532833854,9.559277214631997,11.522697223446455,4.065667695019833,0.7999118554429266,0.244601145879242,4.3993115318416525,2.7895056979544552,2.25,1.299038105676658,0.511443661971831,4.430144528561597,2.852192702781204,4.362637362637362,2.7243468156222046,0.9847618592375466,0.4263,0.01982,0.0,0.0,0.0,0.0,0.0,0.0,0.0,0.0,0.0,0.0,0.033054208902600274,2.6840017628911377,16.322168356104015,10.299691494050244,0.6610841780520054,0.0,0.0,0.0,0.0,0.0,0.0,0.0,0.0,0.0,0.0,0.0,0.0,0.0,0.0,0.0,nan,nan,4.3963561361292545,2.789140741516264,nan,0.4263,0.0957,0.0,0.0,0.0,0.0,0.0,0.0,0.0,0.0,0.0,0.0,0.0,0.0,0.0,0.0,0.0,0.0,0.0,0.00014323490524460115,0.0,0.0026994270603790216,0.00015425297487880123,0.00020934332304980166,0.005674305861613046,0.012097840458351697,0.004616571176729837,0.0059387395328338475,0.008583076245041869,0.023336271485235788,0.012957249889819304,0.005387836051123843,0.015579550462758924,0.02119876597620097,0.03195240193918025,0.0371308946672543,0.029858968708682238,0.03342882327016307,0.036557955046275896,0.05944248567650948,0.05730498016747466,0.03391361833406787,0.02249889819303658,0.022179374173644777,0.02638827677390921,0.03525782282944028,0.012780960775672102,0.008781401498457471,0.03384750991626267,0.04660643455266637,0.04354341119435875,0.05442926399294844,0.04925077126487439,0.02408550022036139,0.006544733362714853,0.0377919788453063,0.013287791978845307,0.023215072719259586,0.030575143234905244,0.02388717496694579,0.012836051123843104,0.0004517408550022036,0.002578228294402821,0.0061370647862494495,0.0038563243719700307,0.0015535478184222123,0.014907448215072719,0.001740855002203614,2.2036139268400178e-05,0.0005178492728074042,0.002225650066108418,0.0,5.509034817100044e-05,0.0,0.0,0.0,0.0,0.0,0.0,0.0,0.0,0.0,0.0,0.0,0.0,0.0,0.0,0.0,0.0,0.0,0.0,0.0,0.0,0.0,0.0,0.0,0.0,0.0,0.0,0.0,0.0,0.0,0.0,nan,nan,4.3963561361292545,2.789140741516264,nan,0.8708763128309919,0.03428087631968583,0.0,0.0,0.0,0.0,0.0,0.0,0.0,0.0,0.0,0.0,0.0,0.0,0.0,0.0,0.0,0.0,0.0,0.0,0.0,0.0,0.0,0.013157894736842108,0.07894736842105264,0.5526315789473667,3.026315789473685,9.671052631578949,11.42105263157895,4.11842105263158,0.8684210526315791,0.25000000000000006,0.8699788865629184,0.034220716777713156,0.0,0.0,0.0,0.0,0.0,0.0,0.0,0.0,0.0,0.0,0.0,0.0,0.0,0.0,0.0,0.0,0.0,0.0,0.0,0.0,0.0,0.0,0.15943312666076176,0.6244464127546482,3.162090345438442,9.446412754650135,11.625332152347212,4.0124003542958375,0.7307351638618248,0.23914968999114267,0.4263,0.01991,0.0,0.0,0.0,0.0,0.0,0.0,0.0,0.0,0.0,0.0,0.013157894736842108,2.749999999999996,16.328947368421055,10.263157894736844,0.6447368421052633,0.0,0.0,0.0,0.0,0.0,0.0,0.0,0.0,0.0,0.0,0.0,0.0,0.0,0.0,0.0,0.4263,0.01974,0.0,0.0,0.0,0.0,0.0,0.0,0.0,0.0,0.0,0.0,0.05314437555358726,2.617360496014168,16.315323294951288,10.336581045172721,0.6775907883082375,0.0,0.0,0.0,0.0,0.0,0.0,0.0,0.0,0.0,0.0,0.0,0.0,0.0,0.0,0.0
29700,4590,2345,0.5108932461873639,1096,936,0.44270152505446625,1297,0.5651416122004357,0.45799999999999996,3.01826280623608,3.07835689439029,6.616923076923077,2.0537447396454365,6649.800000000001,9.094947017729282e-13,6649.8,6649.8,6649.800000000002,1.8189894035458565e-12,6649.800000000002,1.8189894035458565e-12,27.88409586056645,20.783657580888224,32.52105803800719,19.15206746133091,0.13311546840958605,0.10544662309368191,0.0962962962962963,0.08954248366013072,0.08148148148148149,0.06840958605664488,0.07145969498910676,0.06100217864923747,0.06252723311546841,0.04814814814814815,0.049019607843137254,0.038779956427015254,0.03398692810457516,0.024183006535947713,0.02091503267973856,0.010675381263616559,0.005010893246187364,0.870671395655551,0.03461606689006791,0.0,0.0,0.0,0.0,0.0,0.0,0.0,0.0,0.0,0.0,0.0,0.0,0.0,0.0,0.0,0.0,0.0,0.0,0.0,0.0,0.006535947712418303,0.02614379084967321,0.14379084967320263,0.5163398692810441,2.81045751633987,10.058823529411766,11.522875816993468,3.869281045751635,0.7647058823529413,0.281045751633987,4.366609294320138,2.7965162186095607,4.176470588235294,2.306902535426774,0.9564562127570777,4.428084526244035,2.7870529029405224,4.302405498281787,2.799477317532454,0.9716177441470722,0.426,0.02034,0.0,0.0,0.0,0.0,0.0,0.0,0.0,0.0,0.0,0.0,0.02614379084967321,3.1503267973856164,15.928104575163403,10.254901960784315,0.6405228758169935,0.0,0.0,0.0,0.0,0.0,0.0,0.0,0.0,0.0,0.0,0.0,0.0,0.0,0.0,0.0,nan,nan,4.365503080082136,2.793953253211937,nan,0.426,0.0955,0.0,0.0,0.0,0.0,0.0,0.0,0.0,0.0,0.0,0.0,0.0,0.0,0.0,0.0,0.0,0.0,0.0,0.00013071895424836603,0.0,0.0024400871459694987,6.535947712418301e-05,0.0002941176470588235,0.006187363834422658,0.012135076252723311,0.004128540305010893,0.005435729847494553,0.008420479302832243,0.02326797385620915,0.015359477124183006,0.005381263616557734,0.01485838779956427,0.020751633986928104,0.03250544662309368,0.036546840958605664,0.029422657952069716,0.03601307189542484,0.03684095860566449,0.060446623093681914,0.055326797385620914,0.03454248366013072,0.02273420479302832,0.020413943355119826,0.026677559912854032,0.03287581699346405,0.012320261437908497,0.008801742919389979,0.030751633986928106,0.05157952069716776,0.042559912854030504,0.05687363834422658,0.04766884531590414,0.024335511982570807,0.0075490196078431375,0.03742919389978214,0.014324618736383443,0.022821350762527233,0.028932461873638345,0.022625272331154685,0.015599128540305011,0.0005119825708061002,0.002429193899782135,0.0060893246187363834,0.0034531590413943354,0.001710239651416122,0.014030501089324618,0.002058823529411765,0.00018518518518518518,0.0004901960784313725,0.001644880174291939,0.0,2.1786492374727668e-05,0.0,0.0,0.0,0.0,0.0,0.0,0.0,0.0,0.0,0.0,0.0,0.0,0.0,0.0,0.0,0.0,0.0,0.0,0.0,0.0,0.0,0.0,0.0,0.0,0.0,0.0,0.0,0.0,0.0,0.0,nan,nan,4.365503080082136,2.793953253211937,nan,0.8700957051472369,0.035405877968801625,0.0,0.0,0.0,0.0,0.0,0.0,0.0,0.0,0.0,0.0,0.0,0.0,0.0,0.0,0.0,0.0,0.0,0.0,0.0,0.0,0.012793176972281453,0.05117270788912581,0.12793176972281453,0.5117270788912565,3.044776119402986,10.13219616204691,11.488272921108745,3.4541577825159924,0.8059701492537316,0.3710021321961621,0.8712727293936341,0.0337608761749111,0.0,0.0,0.0,0.0,0.0,0.0,0.0,0.0,0.0,0.0,0.0,0.0,0.0,0.0,0.0,0.0,0.0,0.0,0.0,0.0,0.0,0.0,0.16035634743875282,0.521158129175945,2.565701559020045,9.982182628062363,11.559020044543432,4.302895322939867,0.7216035634743877,0.18708240534521164,0.426,0.02031,0.0,0.0,0.0,0.0,0.0,0.0,0.0,0.0,0.0,0.0,0.025586353944562906,3.2494669509594836,15.812366737739875,10.260127931769725,0.6524520255863541,0.0,0.0,0.0,0.0,0.0,0.0,0.0,0.0,0.0,0.0,0.0,0.0,0.0,0.0,0.0,0.4263,0.02037,0.0,0.0,0.0,0.0,0.0,0.0,0.0,0.0,0.0,0.0,0.026726057906458805,3.0467706013362985,16.04899777282851,10.24944320712695,0.6280623608017818,0.0,0.0,0.0,0.0,0.0,0.0,0.0,0.0,0.0,0.0,0.0,0.0,0.0,0.0,0.0
29800,4835,2476,0.5120992761116856,1156,973,0.44033092037228544,1354,0.5600827300930713,0.45799999999999996,2.996184824077999,3.124583272827411,6.651975683890577,2.168895349924105,6649.800000000001,9.094947017729282e-13,6649.8,6649.8,6649.800000000002,1.8189894035458565e-12,6649.800000000001,9.094947017729282e-13,27.822337125129266,20.714528808099136,32.700688637481555,18.97415034270828,0.13774560496380558,0.10113753877973113,0.09741468459152017,0.08335056876938987,0.08438469493278179,0.07569803516028956,0.06452947259565667,0.06349534643226473,0.056463288521199584,0.051913133402275075,0.050051706308169595,0.04343329886246122,0.03329886246122027,0.027300930713547052,0.01592554291623578,0.007445708376421924,0.006411582213029989,0.8724640227892776,0.03562908671527275,0.0,0.0,0.0,0.0,0.0,0.0,0.0,0.0,0.0,0.0,0.0,0.0,0.0,0.0,0.0,0.0,0.0,0.0,0.0,0.0,0.0,0.018614270941054813,0.11168562564632888,0.6080661840744552,2.761116856256464,9.418821096173735,11.491209927611171,4.144777662874872,1.0610134436401242,0.38469493278179945,4.439206762028609,2.913335982842859,3.6666666666666665,1.699673171197595,0.8259733919199316,4.445083014048532,2.964323533238482,4.430079155672823,2.856228253382953,0.9966246168343112,0.4265,0.01971,0.0,0.0,0.0,0.0,0.0,0.0,0.0,0.0,0.0,0.0,0.018614270941054813,2.6804550155118885,16.256463288521203,10.380558428128234,0.6639089968976217,0.0,0.0,0.0,0.0,0.0,0.0,0.0,0.0,0.0,0.0,0.0,0.0,0.0,0.0,0.0,nan,nan,4.437702790395847,2.9116639239257993,nan,0.4265,0.0954,0.0,0.0,0.0,0.0,0.0,0.0,0.0,0.0,0.0,0.0,0.0,0.0,0.0,0.0,0.0,0.0,0.0,0.00022750775594622543,0.0,0.002202688728024819,0.00012409513960703205,0.00031023784901758014,0.005708376421923475,0.010889348500517064,0.00407445708376422,0.005263702171664943,0.007766287487073423,0.02356773526370217,0.016546018614270942,0.006277145811789038,0.015491209927611169,0.019958634953464324,0.032430196483971045,0.03674250258531541,0.0290899689762151,0.035687693898655636,0.03675284384694933,0.06027921406411582,0.056473629782833504,0.034436401240951396,0.02294725956566701,0.01997931747673216,0.026907962771458117,0.03109617373319545,0.014167528438469494,0.007611168562564633,0.028686659772492244,0.05223371251292658,0.045356773526370214,0.05517063081695967,0.048045501551189244,0.024601861427094106,0.009079627714581179,0.03525336091003103,0.013619441571871768,0.02422957600827301,0.030827300930713546,0.02140641158221303,0.015832471561530507,0.00038262668045501553,0.0024715615305067216,0.006235780765253361,0.0034953464322647365,0.0015201654601861426,0.013826266804550156,0.002295760082730093,0.00031023784901758014,0.0002481902792140641,0.0018200620475698035,4.136504653567735e-05,0.0,0.0,0.0,0.0,0.0,0.0,0.0,0.0,0.0,0.0,0.0,0.0,0.0,0.0,0.0,0.0,0.0,0.0,0.0,0.0,0.0,0.0,0.0,0.0,0.0,0.0,0.0,0.0,0.0,0.0,0.0,nan,nan,4.437702790395847,2.9116639239257993,nan,0.8721057990496687,0.03582475197664463,0.0,0.0,0.0,0.0,0.0,0.0,0.0,0.0,0.0,0.0,0.0,0.0,0.0,0.0,0.0,0.0,0.0,0.0,0.0,0.0,0.0,0.012116316639741522,0.14539579967689825,0.6906300484652644,2.738287560581584,9.317447495961229,11.510500807754445,4.180129240710825,1.0177705977382878,0.3877221324717287,0.8728400134545051,0.03541865761179295,0.0,0.0,0.0,0.0,0.0,0.0,0.0,0.0,0.0,0.0,0.0,0.0,0.0,0.0,0.0,0.0,0.0,0.0,0.0,0.0,0.0,0.025434506146672326,0.07630351844001697,0.5214073760067809,2.78507842306062,9.525222551928785,11.470962272149219,4.10767274268758,1.106401017380246,0.38151759220008485,0.4258,0.01953,0.0,0.0,0.0,0.0,0.0,0.0,0.0,0.0,0.0,0.0,0.024232633279483044,2.6898222940226133,16.841680129240714,9.765751211631665,0.6785137318255252,0.0,0.0,0.0,0.0,0.0,0.0,0.0,0.0,0.0,0.0,0.0,0.0,0.0,0.0,0.0,0.427,0.01987,0.0,0.0,0.0,0.0,0.0,0.0,0.0,0.0,0.0,0.0,0.012717253073336163,2.6706231454005898,15.64222128020348,11.025858414582453,0.6485799067401442,0.0,0.0,0.0,0.0,0.0,0.0,0.0,0.0,0.0,0.0,0.0,0.0,0.0,0.0,0.0
29900,4895,2477,0.5060265577119509,1147,1038,0.4463738508682329,1412,0.5769152196118488,0.45399999999999996,3.011166253101737,3.0959763710837045,6.611271676300578,2.1519019954143563,6649.800000000001,9.094947017729282e-13,6649.8,6649.8,6649.800000000001,9.094947017729282e-13,6649.800000000002,1.8189894035458565e-12,27.86067415730337,21.074269076636085,33.03015444962001,19.288135914502263,0.1452502553626149,0.0982635342185904,0.09417773237997958,0.08212461695607763,0.08478038815117467,0.07538304392236976,0.07007150153217569,0.058426966292134834,0.05638406537282942,0.05209397344228805,0.04616956077630235,0.03758937691521961,0.03329928498467824,0.027783452502553627,0.01920326864147089,0.012053115423901941,0.006945863125638407,0.8718183210604769,0.03355595701416427,0.0,0.0,0.0,0.0,0.0,0.0,0.0,0.0,0.0,0.0,0.0,0.0,0.0,0.0,0.0,0.0,0.0,0.0,0.0,0.0,0.0061287027579162425,0.0429009193054137,0.10418794688457612,0.39223697650663825,2.7211440245148117,9.824310520939736,11.724208375893772,4.020429009193055,0.9622063329928501,0.202247191011236,4.360608943862988,2.853822539369333,6.0,3.4226138716316967,1.3759546148810822,4.338235294117647,2.8370125773556274,4.38871473354232,2.8753625220755366,1.0116359385792466,0.427,0.01988,0.0,0.0,0.0,0.0,0.0,0.0,0.0,0.0,0.0,0.0,0.03064351378958121,2.6475995914198123,15.910112359550565,10.70071501532176,0.7109295199182841,0.0,0.0,0.0,0.0,0.0,0.0,0.0,0.0,0.0,0.0,0.0,0.0,0.0,0.0,0.0,nan,nan,4.364240506329114,2.856247825094881,nan,0.427,0.0955,0.0,0.0,0.0,0.0,0.0,0.0,0.0,0.0,0.0,0.0,0.0,0.0,0.0,0.0,0.0,0.0,2.0429009193054138e-05,0.00037793667007150153,0.0,0.0018488253319713995,7.150153217568948e-05,0.00048008171603677223,0.005740551583248213,0.010633299284984679,0.004371807967313585,0.004443309499489275,0.008161389172625128,0.023534218590398365,0.015873340143003064,0.006179775280898876,0.014187946884576098,0.020204290091930543,0.03226762002042901,0.03763023493360572,0.029244126659856998,0.037068437180796734,0.03657814096016343,0.06286006128702758,0.05466802860061287,0.034310520939734426,0.02219611848825332,0.0206026557711951,0.025526046986721142,0.03112359550561798,0.014433094994892749,0.008283963227783452,0.02721144024514811,0.05152196118488253,0.04325842696629213,0.05551583248212462,0.04856996935648621,0.02498467824310521,0.009448416751787538,0.03856996935648621,0.013360572012257406,0.02316649642492339,0.03187946884576098,0.020234933605720123,0.016087844739530132,0.00037793667007150153,0.001624106230847804,0.006281920326864147,0.003840653728294178,0.0017262512768130745,0.01452502553626149,0.0027681307456588356,0.00030643513789581204,0.0002655771195097038,0.0015526046986721145,0.0,0.0,0.0,0.0,0.0,0.0,0.0,0.0,0.0,0.0,0.0,0.0,0.0,0.0,0.0,0.0,0.0,0.0,0.0,0.0,0.0,0.0,0.0,0.0,0.0,0.0,0.0,0.0,0.0,0.0,0.0,0.0,nan,nan,4.364240506329114,2.856247825094881,nan,0.8718859577881601,0.033647679586908175,0.0,0.0,0.0,0.0,0.0,0.0,0.0,0.0,0.0,0.0,0.0,0.0,0.0,0.0,0.0,0.0,0.0,0.0,0.0,0.0,0.012111425111021399,0.036334275333064193,0.09689140088817119,0.3512313282196194,2.8219620508679863,9.761808639483247,11.735970932579736,3.996770286637062,0.9568025837706905,0.2301170771094066,0.8717490339742602,0.033461593921856776,0.0,0.0,0.0,0.0,0.0,0.0,0.0,0.0,0.0,0.0,0.0,0.0,0.0,0.0,0.0,0.0,0.0,0.0,0.0,0.0,0.0,0.049627791563275445,0.11166253101736975,0.4342431761786587,2.6178660049627798,9.888337468982632,11.712158808933005,4.0446650124069485,0.9677419354838711,0.17369727047146408,0.4265,0.01987,0.0,0.0,0.0,0.0,0.0,0.0,0.0,0.0,0.0,0.0,0.024222850222042798,2.6766249495357246,16.410981025433994,10.234154218813083,0.6540169559951556,0.0,0.0,0.0,0.0,0.0,0.0,0.0,0.0,0.0,0.0,0.0,0.0,0.0,0.0,0.0,0.4272,0.01988,0.0,0.0,0.0,0.0,0.0,0.0,0.0,0.0,0.0,0.0,0.03722084367245658,2.6178660049627753,15.397022332506207,11.178660049627794,0.7692307692307694,0.0,0.0,0.0,0.0,0.0,0.0,0.0,0.0,0.0,0.0,0.0,0.0,0.0,0.0,0.0
30000,4665,2395,0.5133976420150054,1112,965,0.4452304394426581,1346,0.5770632368703108,0.43799999999999994,2.9709251101321588,2.9468179700443886,6.226415094339623,2.0743366734123243,6649.800000000001,9.094947017729282e-13,6649.8,6649.8,6649.800000000002,1.8189894035458565e-12,6649.800000000002,1.8189894035458565e-12,28.87288317256163,21.293164317950463,33.73284375791339,19.522828513409387,0.13311897106109324,0.09346195069667738,0.0917470525187567,0.08445873526259379,0.08167202572347267,0.08060021436227224,0.06495176848874598,0.06623794212218649,0.05637727759914255,0.05316184351554126,0.04501607717041801,0.03987138263665595,0.03536977491961415,0.028510182207931403,0.023794212218649517,0.013290460878885316,0.008360128617363344,0.8738645411381001,0.033707917105271434,0.0,0.0,0.0,0.0,0.0,0.0,0.0,0.0,0.0,0.0,0.0,0.0,0.0,0.0,0.0,0.0,0.0,0.0,0.0,0.0,0.0,0.012861736334405148,0.05144694533762059,0.4051446945337608,2.4951768488745985,9.254019292604504,12.225080385852094,4.270096463022509,0.9389067524115757,0.347266881028939,4.212052117263844,2.717955381636567,4.2,3.4871191548325386,0.9971386590364241,4.176892950391645,2.7411216770863347,4.244487678339818,2.6963524558781797,1.0161830165989376,0.425,0.01962,0.0,0.0,0.0,0.0,0.0,0.0,0.0,0.0,0.0,0.0,0.03858520900321544,3.0225080385852046,16.59163987138264,9.813504823151128,0.527331189710611,0.006430868167202574,0.0,0.0,0.0,0.0,0.0,0.0,0.0,0.0,0.0,0.0,0.0,0.0,0.0,0.0,nan,nan,4.212032520325203,2.7193826892007205,nan,0.425,0.0948,0.0,0.0,0.0,0.0,0.0,0.0,0.0,0.0,0.0,0.0,0.0,0.0,0.0,0.0,0.0,0.0,0.0,0.0003108252947481243,0.0,0.0018113612004287244,0.0001607717041800643,0.0004823151125401929,0.006066452304394426,0.009356913183279744,0.004169346195069668,0.004587352625937835,0.008317256162915327,0.02472668810289389,0.016066452304394428,0.007116827438370847,0.013922829581993569,0.01997856377277599,0.03414790996784566,0.038831725616291536,0.027813504823151126,0.03585209003215434,0.039839228295819935,0.06359056806002143,0.05635584137191854,0.03354769560557342,0.023890675241157556,0.020021436227224007,0.024040728831725616,0.032036441586280814,0.0164951768488746,0.00864951768488746,0.028317256162915326,0.05304394426580922,0.040643086816720256,0.056966773847802785,0.045766345123258306,0.02304394426580922,0.009817792068595926,0.037931404072883174,0.012529474812433012,0.022229367631296893,0.03198285101822079,0.01972132904608789,0.015048231511254019,0.00043944265809217576,0.0015112540192926045,0.0054769560557341905,0.0034405144694533763,0.0017792068595927117,0.013118971061093247,0.00255091103965702,0.0005466237942122187,0.00034297963558413717,0.0015648445873526259,0.0,0.0,0.0,0.0,0.0,0.0,0.0,0.0,0.0,0.0,0.0,0.0,0.0,0.0,0.0,0.0,0.0,0.0,0.0,0.0,0.0,0.0,0.0,0.0,0.0,0.0,0.0,0.0,0.0,0.0,0.0,0.0,nan,nan,4.212032520325203,2.7193826892007205,nan,0.874047623173429,0.03477505659210963,0.0,0.0,0.0,0.0,0.0,0.0,0.0,0.0,0.0,0.0,0.0,0.0,0.0,0.0,0.0,0.0,0.0,0.0,0.0,0.0,0.0,0.02505219206680585,0.08768267223382048,0.41336116910229515,2.3924843423799587,9.482254697286015,11.849686847599168,4.2463465553235915,1.0647181628392486,0.4384133611691024,0.8736713774928963,0.03254298442597515,0.0,0.0,0.0,0.0,0.0,0.0,0.0,0.0,0.0,0.0,0.0,0.0,0.0,0.0,0.0,0.0,0.0,0.0,0.0,0.0,0.0,0.0,0.013215859030837008,0.3964757709251089,2.6035242290748903,9.013215859030838,12.621145374449343,4.295154185022027,0.8061674008810574,0.25110132158590315,0.4253,0.01953,0.0,0.0,0.0,0.0,0.0,0.0,0.0,0.0,0.0,0.0,0.03757828810020877,3.043841336116906,16.421711899791234,9.970772442588729,0.5260960334029229,0.0,0.0,0.0,0.0,0.0,0.0,0.0,0.0,0.0,0.0,0.0,0.0,0.0,0.0,0.0,0.425,0.01974,0.0,0.0,0.0,0.0,0.0,0.0,0.0,0.0,0.0,0.0,0.039647577092511016,2.9999999999999956,16.77092511013216,9.647577092511014,0.5286343612334803,0.013215859030837008,0.0,0.0,0.0,0.0,0.0,0.0,0.0,0.0,0.0,0.0,0.0,0.0,0.0,0.0
30100,4383,2206,0.5033082363677847,1054,925,0.4515172256445357,1270,0.5795117499429614,0.46599999999999997,2.9898943500229676,3.120882417328962,6.696223316912972,2.1383976144193846,6649.800000000001,9.094947017729282e-13,6649.8,6649.8,6649.8,0.0,6649.800000000001,9.094947017729282e-13,27.345653661875428,20.609884983833137,32.37004646078164,18.851666755546468,0.14715947980835045,0.09970339949806069,0.0917180013689254,0.0917180013689254,0.08167921514944103,0.07049965776865161,0.07049965776865161,0.06228610540725531,0.06137348847821127,0.05635409536846909,0.04152407027150354,0.038558065252110425,0.029888204426192107,0.023956194387405885,0.01779603011635866,0.010723248916267396,0.004563084645220169,0.8738651816333072,0.0345533002238379,0.0,0.0,0.0,0.0,0.0,0.0,0.0,0.0,0.0,0.0,0.0,0.0,0.0,0.0,0.0,0.0,0.0,0.0,0.0,0.0,0.0,0.01368925393566051,0.13004791238877483,0.5681040383299093,2.3066392881587956,9.021218343600275,12.142368240930873,4.6064339493497615,0.8761122518822726,0.3353867214236825,4.366010733452594,2.8828386812547833,5.0,2.160246899469287,1.1452101942145374,4.413027916964925,2.8717121677586848,4.320714285714286,2.892971690853824,0.9790815664465299,0.4246,0.01985,0.0,0.0,0.0,0.0,0.0,0.0,0.0,0.0,0.0,0.0,0.05475701574264204,3.175906913073233,16.789869952087614,9.527720739219713,0.4380561259411363,0.01368925393566051,0.0,0.0,0.0,0.0,0.0,0.0,0.0,0.0,0.0,0.0,0.0,0.0,0.0,0.0,nan,nan,4.366690493209435,2.8822356227623875,nan,0.4246,0.0943,0.0,0.0,0.0,0.0,0.0,0.0,0.0,0.0,0.0,0.0,0.0,0.0,0.0,0.0,0.0,0.0,0.0,0.00029660050193931097,0.0,0.0013004791238877482,0.0001597079625827059,0.000730093543235227,0.00568104038329911,0.007677389915582934,0.0029545973077800595,0.005007985398129135,0.00836185261236596,0.025302304357745838,0.018206707734428472,0.007255304585900069,0.014499201460187086,0.019826602783481632,0.03575176819530002,0.037177732146931326,0.02947752680812229,0.03677846224047456,0.03999543691535478,0.06503536390600045,0.05928587725302304,0.03301391740816792,0.022541638147387633,0.018788501026694045,0.02402464065708419,0.03266027834816336,0.017693360711841206,0.008133698380104951,0.026169290440337667,0.054928131416837785,0.04013232945471139,0.05618297969427333,0.041204654346338125,0.02323750855578371,0.010483686972393338,0.03747433264887064,0.012822267853068675,0.023385808806753366,0.03329911019849418,0.018742870180241844,0.014122746976956422,0.0005589778690394707,0.0014487793748574037,0.005030800821355236,0.004357745836185261,0.0016313027606662104,0.012274697695642255,0.0021788729180926307,0.0005247547342003195,0.00023956194387405886,0.0019393109742185718,1.1407711613050422e-05,0.0,0.0,0.0,0.0,0.0,0.0,0.0,0.0,0.0,0.0,0.0,0.0,0.0,0.0,0.0,0.0,0.0,0.0,0.0,0.0,0.0,0.0,0.0,0.0,0.0,0.0,0.0,0.0,0.0,0.0,0.0,nan,nan,4.366690493209435,2.8822356227623875,nan,0.8746067557352192,0.03476520942652676,0.0,0.0,0.0,0.0,0.0,0.0,0.0,0.0,0.0,0.0,0.0,0.0,0.0,0.0,0.0,0.0,0.0,0.0,0.0,0.0,0.0,0.0,0.0815956482320943,0.5303717135086112,2.366273798730735,9.097914777878515,11.654578422484137,4.9365367180417055,0.9383499546690846,0.3943789664551225,0.8731137289604464,0.03432089321124131,0.0,0.0,0.0,0.0,0.0,0.0,0.0,0.0,0.0,0.0,0.0,0.0,0.0,0.0,0.0,0.0,0.0,0.0,0.0,0.0,0.0,0.027560863573725315,0.17914561322921457,0.606338998621955,2.246210381258613,8.943500229673864,12.636655948553058,4.271933853927424,0.8130454754248968,0.27560863573725314,0.4253,0.01923,0.0,0.0,0.0,0.0,0.0,0.0,0.0,0.0,0.0,0.0,0.054397098821396206,2.7470534904805035,17.067089755213058,9.73708068902992,0.3943789664551225,0.0,0.0,0.0,0.0,0.0,0.0,0.0,0.0,0.0,0.0,0.0,0.0,0.0,0.0,0.0,0.4238,0.02043,0.0,0.0,0.0,0.0,0.0,0.0,0.0,0.0,0.0,0.0,0.05512172714745063,3.6104731281580107,16.508957280661463,9.315571887919157,0.48231511254019305,0.027560863573725315,0.0,0.0,0.0,0.0,0.0,0.0,0.0,0.0,0.0,0.0,0.0,0.0,0.0,0.0
30200,4419,2262,0.5118805159538357,1048,905,0.4419551934826884,1257,0.5689069925322471,0.47,3.069077422345851,3.133167673152868,6.6900958466453675,2.0713620845670877,6649.800000000001,9.094947017729282e-13,6649.8,6649.8,6649.800000000001,9.094947017729282e-13,6649.800000000001,9.094947017729282e-13,28.130119936637247,21.124348602451594,33.22895805142084,19.34852553003283,0.1423398959040507,0.10024892509617561,0.09074451233310704,0.08486082824168364,0.07807196198234895,0.07920343969223806,0.06653088934147998,0.06313645621181263,0.056800181036433584,0.05091649694501019,0.04729576827336501,0.039149128762163386,0.034849513464584744,0.028513238289205704,0.01787734781624802,0.01199366372482462,0.00746775288526816,0.8747882639209889,0.03576963800466825,0.0,0.0,0.0,0.0,0.0,0.0,0.0,0.0,0.0,0.0,0.0,0.0,0.0,0.0,0.0,0.0,0.0,0.0,0.0,0.0,0.0,0.020366598778004077,0.14256619144602853,0.597420230821451,2.376103190767142,8.560760353021047,11.907671418873052,4.96266123557366,1.0658520027155467,0.3665987780040734,4.399577910657756,2.8445528035087744,6.2,3.1874754901018454,1.4092260952990086,4.419986023759608,2.8927471896259935,4.387711864406779,2.7978182311992654,0.9926981309037315,0.4246,0.01907,0.0,0.0,0.0,0.0,0.0,0.0,0.0,0.0,0.0,0.0,0.02715546503733877,2.946367956551252,17.393075356415483,9.226069246435847,0.4005431093007469,0.006788866259334693,0.0,0.0,0.0,0.0,0.0,0.0,0.0,0.0,0.0,0.0,0.0,0.0,0.0,0.0,nan,nan,4.402738764044944,2.846189217351731,nan,0.4246,0.0938,0.0,0.0,0.0,0.0,0.0,0.0,0.0,0.0,0.0,0.0,0.0,0.0,0.0,0.0,0.0,0.0,0.0,0.0003054989816700611,0.0,0.0013238289205702647,7.920343969223806e-05,0.00022629554197782303,0.005080334917402127,0.007286716451685902,0.0030889341479972843,0.0054763521158633175,0.007422493776872595,0.026171079429735233,0.018714641321565965,0.007976917854718261,0.0135551029644716,0.01967639737497171,0.03440823715772799,0.037553745191219734,0.028343516632722335,0.035709436524100475,0.042090970807875085,0.06371350984385607,0.06284227200724146,0.03479293957909029,0.02279927585426567,0.018318624123104775,0.023240552161122426,0.03249603982801539,0.017232405521611226,0.007083050463905861,0.02643131930300973,0.05405069020140303,0.03854944557592215,0.05764878931885042,0.03971486761710794,0.023025571396243494,0.010873500792034398,0.03959040506902014,0.013645621181262729,0.022550350758090067,0.037169042769857434,0.01836388323150034,0.013023308440823715,0.0004978501923512107,0.0011541072640868975,0.005216112242588821,0.004412763068567549,0.0015501244625480879,0.011224258882100022,0.00216112242588821,0.000520479746548993,0.00014709210228558498,0.0014709210228558498,0.0,0.0,0.0,0.0,0.0,0.0,0.0,0.0,0.0,0.0,0.0,0.0,0.0,0.0,0.0,0.0,0.0,0.0,0.0,0.0,0.0,0.0,0.0,0.0,0.0,0.0,0.0,0.0,0.0,0.0,0.0,0.0,nan,nan,4.402738764044944,2.846189217351731,nan,0.8750072585651033,0.03556656273236674,0.0,0.0,0.0,0.0,0.0,0.0,0.0,0.0,0.0,0.0,0.0,0.0,0.0,0.0,0.0,0.0,0.0,0.0,0.0,0.0,0.0,0.013262599469496024,0.13262599469496023,0.5437665782493352,2.3872679045092844,8.40848806366048,12.04244031830239,5.039787798408489,1.0610079575596818,0.3713527851458887,0.8745586088978144,0.03597993575274532,0.0,0.0,0.0,0.0,0.0,0.0,0.0,0.0,0.0,0.0,0.0,0.0,0.0,0.0,0.0,0.0,0.0,0.0,0.0,0.0,0.0,0.027816411682892915,0.152990264255911,0.6536856745479813,2.3643949930458974,8.720445062586927,11.766342141863703,4.881780250347706,1.0709318497913771,0.3616133518776079,0.425,0.01927,0.0,0.0,0.0,0.0,0.0,0.0,0.0,0.0,0.0,0.0,0.026525198938992047,2.9442970822281125,17.400530503978782,9.217506631299736,0.39787798408488073,0.013262599469496024,0.0,0.0,0.0,0.0,0.0,0.0,0.0,0.0,0.0,0.0,0.0,0.0,0.0,0.0,0.4243,0.01886,0.0,0.0,0.0,0.0,0.0,0.0,0.0,0.0,0.0,0.0,0.027816411682892915,2.948539638386644,17.38525730180807,9.235048678720446,0.40333796940194727,0.0,0.0,0.0,0.0,0.0,0.0,0.0,0.0,0.0,0.0,0.0,0.0,0.0,0.0,0.0
30300,4714,2439,0.517394993635978,1145,980,0.4507848960543063,1331,0.5647008909630886,0.45799999999999996,3.034725274725275,3.107753982321624,6.763578274760383,2.041506047103139,6649.8,0.0,6649.8,6649.8,6649.800000000001,9.094947017729282e-13,6649.800000000002,1.8189894035458565e-12,27.431268561731013,20.50474779201151,32.21849798387097,18.817108147488288,0.1391599490878235,0.09970301230377598,0.0992787441663131,0.08845990666100975,0.08145948239287229,0.07488332626219771,0.0714891811624947,0.0659736953754773,0.057064064488756894,0.04900296987696224,0.0487908358082308,0.03797199830292745,0.03245651251591006,0.02206194314806958,0.01675859142978362,0.009333899024183284,0.00615188799321171,0.87609477637681,0.03556268985248558,0.0,0.0,0.0,0.0,0.0,0.0,0.0,0.0,0.0,0.0,0.0,0.0,0.0,0.0,0.0,0.0,0.0,0.0,0.0,0.0,0.019092066185829447,0.00636402206194315,0.1018243529910904,0.394569367840474,2.4056003394145105,8.775986423419603,11.506151887993214,5.084853627492576,1.3046245226983457,0.40093338990241845,4.387666666666667,2.890452309856635,2.6,1.3564659966250538,0.5925700828078705,4.409925220938137,2.9014887633823774,4.360495436766623,2.8777397266716433,0.9887912420970715,0.4236,0.01978,0.0,0.0,0.0,0.0,0.0,0.0,0.0,0.0,0.0,0.0,0.038184132371658894,3.4620280016970675,17.201951633432333,8.85235468816292,0.44548154433602044,0.0,0.0,0.0,0.0,0.0,0.0,0.0,0.0,0.0,0.0,0.0,0.0,0.0,0.0,0.0,nan,nan,4.384692179700499,2.889495337928216,nan,0.4236,0.0939,0.0,0.0,0.0,0.0,0.0,0.0,0.0,0.0,0.0,0.0,0.0,0.0,0.0,0.0,0.0,0.0,0.0,0.00045608824777259227,2.1213406873143828e-05,0.001124310564276623,6.364022061943148e-05,0.00047730165464573613,0.0055685193042002545,0.007520152736529486,0.0031714043275350022,0.005144251166737378,0.007721680101824353,0.027068307170131523,0.018148069579974543,0.009153585065761562,0.015220619431480696,0.02077853203224438,0.03624310564276623,0.03796139159949088,0.02776834959694527,0.03507636826474332,0.040835808230801865,0.06335383962664404,0.06054306321595248,0.03638099278744166,0.021701315231226134,0.019654221467967754,0.022221043699618158,0.03048366567670768,0.015220619431480696,0.007244378447178617,0.027142554094187525,0.05439117522274077,0.04217225286380993,0.056268561731014,0.0401039456936784,0.022369537547730165,0.010574883326262198,0.04042214679677556,0.014403903266864658,0.021924056003394143,0.03529910903691133,0.017925328807806534,0.014117522274077216,0.0003924480271531608,0.0015591854051760713,0.004486635553669919,0.0051230377598642345,0.0016016122189223588,0.009588459906661009,0.0017819261773440816,0.0005727619855748833,0.00011667373780229105,0.0013364446330080611,0.0,0.0,0.0,0.0,0.0,0.0,0.0,0.0,0.0,0.0,0.0,0.0,0.0,0.0,0.0,0.0,0.0,0.0,0.0,0.0,0.0,0.0,0.0,0.0,0.0,0.0,0.0,0.0,0.0,0.0,0.0,0.0,nan,nan,4.384692179700499,2.889495337928216,nan,0.8759614331842496,0.03592774839499872,0.0,0.0,0.0,0.0,0.0,0.0,0.0,0.0,0.0,0.0,0.0,0.0,0.0,0.0,0.0,0.0,0.0,0.0,0.0,0.0,0.02460024600246003,0.012300123001230016,0.11070110701107014,0.3444034440344393,2.4477244772447726,8.85608856088561,11.549815498154985,4.846248462484626,1.3530135301353017,0.45510455104551056,0.8762377320017134,0.035166544491649875,0.0,0.0,0.0,0.0,0.0,0.0,0.0,0.0,0.0,0.0,0.0,0.0,0.0,0.0,0.0,0.0,0.0,0.0,0.0,0.0,0.01318681318681319,0.0,0.09230769230769233,0.4483516483516469,2.360439560439561,8.690109890109891,11.459340659340663,5.340659340659341,1.252747252747253,0.34285714285714297,0.423,0.02005,0.0,0.0,0.0,0.0,0.0,0.0,0.0,0.0,0.0,0.0,0.061500615006150075,3.6285362853628484,17.18327183271833,8.65928659286593,0.4674046740467406,0.0,0.0,0.0,0.0,0.0,0.0,0.0,0.0,0.0,0.0,0.0,0.0,0.0,0.0,0.0,0.424,0.01947,0.0,0.0,0.0,0.0,0.0,0.0,0.0,0.0,0.0,0.0,0.01318681318681319,3.2835164835164785,17.221978021978025,9.059340659340661,0.4219780219780221,0.0,0.0,0.0,0.0,0.0,0.0,0.0,0.0,0.0,0.0,0.0,0.0,0.0,0.0,0.0
30400,4715,2340,0.49628844114528103,1069,999,0.4386002120890774,1333,0.5654294803817603,0.47,2.957894736842105,3.120444602173776,6.754573170731708,2.059883329223259,6649.800000000001,9.094947017729282e-13,6649.8,6649.8,6649.800000000002,1.8189894035458565e-12,6649.800000000002,1.8189894035458565e-12,27.280381760339342,20.56762549537739,32.22419477555161,18.86687220518009,0.1420996818663839,0.10816542948038176,0.09501590668080594,0.088016967126193,0.07656415694591728,0.07444326617179216,0.06956521739130435,0.0672322375397667,0.05217391304347826,0.05344644750795334,0.049204665959703076,0.04029692470837752,0.029480381760339344,0.024178154825026513,0.014422057264050901,0.010392364793213149,0.005302226935312832,0.877038861243874,0.03525816051448573,0.0,0.0,0.0,0.0,0.0,0.0,0.0,0.0,0.0,0.0,0.0,0.0,0.0,0.0,0.0,0.0,0.0,0.0,0.0,0.0,0.0063626723223754,0.0063626723223754,0.09544008483563099,0.5090137857900303,2.0360551431601275,8.316012725344645,12.413573700954403,4.905620360551432,1.304347826086957,0.4072110286320256,4.419959812458138,2.9034110707359893,5.0,1.632993161855452,1.1312320048492197,4.402013422818792,2.9006125203322863,4.438959306204136,2.9042037550154003,1.0083929510968386,0.424,0.0202,0.0,0.0,0.0,0.0,0.0,0.0,0.0,0.0,0.0,0.0,0.0254506892895016,3.626723223753971,16.657476139978794,9.130434782608697,0.5599151643690351,0.0,0.0,0.0,0.0,0.0,0.0,0.0,0.0,0.0,0.0,0.0,0.0,0.0,0.0,0.0,nan,nan,4.420541987286718,2.9024728858546887,nan,0.424,0.09393,0.0,0.0,0.0,0.0,0.0,0.0,0.0,0.0,0.0,0.0,0.0,0.0,0.0,0.0,0.0,0.0,0.0,0.0005832449628844114,0.0,0.0008589607635206787,2.1208907741251324e-05,0.00024390243902439024,0.005058324496288441,0.008525980911983033,0.0035630965005302227,0.005970307529162248,0.006426299045599152,0.026861081654294804,0.01679745493107105,0.00904559915164369,0.015291622481442205,0.020625662778366916,0.03477200424178155,0.03906680805938494,0.027741251325556732,0.03739130434782609,0.039088016967126195,0.06692470837751856,0.05436903499469777,0.03715800636267232,0.02357370095440085,0.02043478260869565,0.022142099681866385,0.029745493107104982,0.013446447507953341,0.007444326617179215,0.025323435843054083,0.05466595970307529,0.0447932131495228,0.05462354188759279,0.04062566277836691,0.020784729586426298,0.010933191940615058,0.04178154825026511,0.014708377518557794,0.023011664899257687,0.03525980911983033,0.01956521739130435,0.01408271474019088,0.00046659597030752914,0.0018027571580063627,0.0052067868504772005,0.005546129374337221,0.0013467656415694592,0.00904559915164369,0.0014528101802757157,0.0005302226935312832,8.48356309650053e-05,0.0011876988335100742,0.0,0.0,0.0,0.0,0.0,0.0,0.0,0.0,0.0,0.0,0.0,0.0,0.0,0.0,0.0,0.0,0.0,0.0,0.0,0.0,0.0,0.0,0.0,0.0,0.0,0.0,0.0,0.0,0.0,0.0,0.0,0.0,nan,nan,4.420541987286718,2.9024728858546887,nan,0.8772114958518591,0.03506434942720017,0.0,0.0,0.0,0.0,0.0,0.0,0.0,0.0,0.0,0.0,0.0,0.0,0.0,0.0,0.0,0.0,0.0,0.0,0.0,0.0,0.0,0.012820512820512824,0.1153846153846154,0.525641025641024,1.9358974358974363,8.256410256410257,12.602564102564106,4.833333333333334,1.320512820512821,0.3974358974358975,0.8768687707248487,0.03544725684879512,0.0,0.0,0.0,0.0,0.0,0.0,0.0,0.0,0.0,0.0,0.0,0.0,0.0,0.0,0.0,0.0,0.0,0.0,0.0,0.0,0.012631578947368424,0.0,0.07578947368421053,0.49263157894736687,2.1347368421052635,8.374736842105264,12.227368421052635,4.976842105263159,1.2884210526315791,0.416842105263158,0.424,0.02031,0.0,0.0,0.0,0.0,0.0,0.0,0.0,0.0,0.0,0.0,0.03846153846153847,3.628205128205123,16.564102564102566,9.217948717948719,0.5512820512820514,0.0,0.0,0.0,0.0,0.0,0.0,0.0,0.0,0.0,0.0,0.0,0.0,0.0,0.0,0.0,0.4243,0.0201,0.0,0.0,0.0,0.0,0.0,0.0,0.0,0.0,0.0,0.0,0.012631578947368424,3.6252631578947314,16.74947368421053,9.04421052631579,0.568421052631579,0.0,0.0,0.0,0.0,0.0,0.0,0.0,0.0,0.0,0.0,0.0,0.0,0.0,0.0,0.0
30500,4662,2369,0.5081510081510081,1127,979,0.4517374517374517,1363,0.5847275847275847,0.45799999999999996,3.0104666375926734,3.062351667025332,6.516616314199395,2.059286394359382,6649.800000000001,9.094947017729282e-13,6649.8,6649.8,6649.800000000001,9.094947017729282e-13,6649.800000000001,9.094947017729282e-13,28.126340626340625,20.827397277206174,33.08167432363451,19.017387225919627,0.13728013728013727,0.09502359502359502,0.09180609180609181,0.08944658944658945,0.08451308451308451,0.07314457314457315,0.07228657228657229,0.06263406263406264,0.0577005577005577,0.05448305448305448,0.04247104247104247,0.038824538824538825,0.038824538824538825,0.028314028314028315,0.018018018018018018,0.00858000858000858,0.006649506649506649,0.8769734893449639,0.034842775310149635,0.0,0.0,0.0,0.0,0.0,0.0,0.0,0.0,0.0,0.0,0.0,0.0,0.0,0.0,0.0,0.0,0.0,0.0,0.0,0.0,0.006435006435006436,0.019305019305019308,0.07722007722007723,0.34105534105533997,2.2779922779922783,8.481338481338483,12.084942084942089,5.173745173745175,1.164736164736165,0.37323037323037334,4.2240419259744515,2.8261538416019394,4.25,3.112474899497183,1.0061453163771712,4.24803664921466,2.8518151322263257,4.200130804447351,2.800864107278714,0.9887228268672859,0.424,0.01955,0.0,0.0,0.0,0.0,0.0,0.0,0.0,0.0,0.0,0.0,0.012870012870012873,3.2046332046332,16.981981981981985,9.362934362934364,0.4375804375804377,0.0,0.0,0.0,0.0,0.0,0.0,0.0,0.0,0.0,0.0,0.0,0.0,0.0,0.0,0.0,nan,nan,4.224075891396795,2.8265475909207693,nan,0.424,0.0937,0.0,0.0,0.0,0.0,0.0,0.0,0.0,0.0,0.0,0.0,0.0,0.0,0.0,0.0,0.0,0.0,0.0,0.0009652509652509653,0.0,0.001018876018876019,3.217503217503217e-05,0.0005362505362505362,0.004204204204204204,0.007217932217932218,0.0037752037752037753,0.006327756327756328,0.006177606177606178,0.02665165165165165,0.016023166023166023,0.009545259545259544,0.015143715143715144,0.018018018018018018,0.03618618618618619,0.0416988416988417,0.026962676962676964,0.03834191334191334,0.03863148863148863,0.06933719433719433,0.056906906906906904,0.03500643500643501,0.022458172458172457,0.021117546117546116,0.021814671814671813,0.030405405405405407,0.012955812955812955,0.0070999570999571,0.025643500643500645,0.057207207207207206,0.04284641784641784,0.05322822822822823,0.03963963963963964,0.020752895752895753,0.012558987558987558,0.040948090948090946,0.013888888888888888,0.02252252252252252,0.03733376233376234,0.017685542685542687,0.013985413985413985,0.0005362505362505362,0.001951951951951952,0.005855855855855856,0.0050622050622050625,0.001565851565851566,0.008494208494208495,0.0018554268554268555,0.0004719004719004719,3.217503217503217e-05,0.0013728013728013728,0.0,0.0,0.0,0.0,0.0,0.0,0.0,0.0,0.0,0.0,0.0,0.0,0.0,0.0,0.0,0.0,0.0,0.0,0.0,0.0,0.0,0.0,0.0,0.0,0.0,0.0,0.0,0.0,0.0,0.0,0.0,0.0,nan,nan,4.224075891396795,2.8265475909207693,nan,0.8767889149584515,0.0352463077329443,0.0,0.0,0.0,0.0,0.0,0.0,0.0,0.0,0.0,0.0,0.0,0.0,0.0,0.0,0.0,0.0,0.0,0.0,0.0,0.0,0.012663571127057833,0.0,0.08864499788940483,0.39257070493879154,2.266779231743352,8.687209793161673,11.675812579147323,5.369354157872522,1.1397214014352048,0.36724356268467717,0.8771641813299825,0.03441986032228398,0.0,0.0,0.0,0.0,0.0,0.0,0.0,0.0,0.0,0.0,0.0,0.0,0.0,0.0,0.0,0.0,0.0,0.0,0.0,0.0,0.0,0.039249890972525084,0.06541648495420847,0.2878325337985163,2.2895769733972964,8.268643698211951,12.507631923244661,4.971652856519844,1.1905800261665942,0.37941561273440916,0.4243,0.01929,0.0,0.0,0.0,0.0,0.0,0.0,0.0,0.0,0.0,0.0,0.012663571127057833,3.1912199240185686,16.779231743351627,9.63697762769101,0.379907133811735,0.0,0.0,0.0,0.0,0.0,0.0,0.0,0.0,0.0,0.0,0.0,0.0,0.0,0.0,0.0,0.4238,0.01979,0.0,0.0,0.0,0.0,0.0,0.0,0.0,0.0,0.0,0.0,0.013083296990841695,3.2184910597470515,17.191452245965987,9.079808111644136,0.4971652856519844,0.0,0.0,0.0,0.0,0.0,0.0,0.0,0.0,0.0,0.0,0.0,0.0,0.0,0.0,0.0
30600,4559,2336,0.5123930686554069,1111,915,0.4443957008115815,1310,0.5746874314542663,0.43799999999999994,2.9635627530364372,3.015035689386658,6.4830246913580245,1.9968390420572621,6649.800000000001,9.094947017729282e-13,6649.8,6649.8,6649.800000000001,9.094947017729282e-13,6649.800000000001,9.094947017729282e-13,28.366527747313008,20.87044470518537,33.114648033126294,19.11710811556513,0.1333625795130511,0.09826716385172186,0.0962930467207721,0.08357095854354026,0.07545514367185786,0.08050010967317395,0.06624259706075894,0.06602325071287563,0.0594428602763764,0.05483658697082693,0.05023031366527747,0.0368501864443957,0.03487606931344593,0.02917306426847993,0.017986400526431235,0.012064049133581925,0.00482561965343277,0.8762170075585796,0.036591226721200666,0.0,0.0,0.0,0.0,0.0,0.0,0.0,0.0,0.0,0.0,0.0,0.0,0.0,0.0,0.0,0.0,0.0,0.0,0.0,0.0,0.006580390436499234,0.006580390436499234,0.14476858960298314,0.5132704540469385,2.2504935292827377,8.580829129195001,12.048694889230097,4.71813994296995,1.1318271550778682,0.5988155297214303,4.242240215924427,2.7826137193270766,5.5,3.4034296427770228,1.2964848099252426,4.261600537995965,2.7986976256726823,4.227395411605938,2.7711117908792127,0.991973643215722,0.4233,0.02017,0.0,0.0,0.0,0.0,0.0,0.0,0.0,0.0,0.0,0.0,0.0789646852379908,3.6455363018205693,17.08269357315201,8.640052643123493,0.5527527966659356,0.0,0.0,0.0,0.0,0.0,0.0,0.0,0.0,0.0,0.0,0.0,0.0,0.0,0.0,0.0,nan,nan,4.244781144781145,2.784580202645337,nan,0.4233,0.0934,0.0,0.0,0.0,0.0,0.0,0.0,0.0,0.0,0.0,0.0,0.0,0.0,0.0,0.0,0.0,0.0,0.0,0.0007348102654090809,0.0,0.0011954375959640272,3.290195218249616e-05,0.00037288879140162315,0.004672077209914455,0.007644220223733275,0.003761789866198728,0.005439789427506032,0.00694231191050669,0.024314542662864664,0.017438034656722966,0.010155735906997148,0.014959420925641589,0.01816187760473788,0.03611537617898662,0.03989910067997368,0.02960078964685238,0.036619872779118226,0.04028295678876947,0.07240622943627989,0.0605834612853696,0.0334283834174161,0.021134020618556702,0.02080500109673174,0.021463040140381664,0.030160122833954816,0.01374204869488923,0.006503619214740074,0.023831980697521387,0.0579842070629524,0.044286027637639835,0.0517438034656723,0.03880236894055714,0.021221759157710025,0.013182715507786795,0.04135775389339767,0.013434963807852598,0.020223733274840974,0.03882430357534547,0.018216714191708706,0.013654310155735906,0.00048256196534327705,0.0015792937047598157,0.005198508444834393,0.004025005483658697,0.0013818819916648387,0.008170651458653214,0.0016560649265189734,0.00030708488703663084,4.386926957666155e-05,0.0018205746874314544,0.0,0.0,0.0,0.0,0.0,0.0,0.0,0.0,0.0,0.0,0.0,0.0,0.0,0.0,0.0,0.0,0.0,0.0,0.0,0.0,0.0,0.0,0.0,0.0,0.0,0.0,0.0,0.0,0.0,0.0,0.0,0.0,nan,nan,4.244781144781145,2.784580202645337,nan,0.8763087741928558,0.03672178274197823,0.0,0.0,0.0,0.0,0.0,0.0,0.0,0.0,0.0,0.0,0.0,0.0,0.0,0.0,0.0,0.0,0.0,0.0,0.0,0.0,0.01284246575342466,0.0,0.15410958904109592,0.47517123287671087,2.234589041095891,8.398972602739727,12.341609589041099,4.6104452054794525,1.1172945205479454,0.6549657534246577,0.8761205762235956,0.036453281495725624,0.0,0.0,0.0,0.0,0.0,0.0,0.0,0.0,0.0,0.0,0.0,0.0,0.0,0.0,0.0,0.0,0.0,0.0,0.0,0.0,0.0,0.013495276653171392,0.13495276653171392,0.5533063427800252,2.267206477732794,8.771929824561406,11.740890688259112,4.831309041835358,1.1470985155195683,0.5398110661268557,0.4233,0.01996,0.0,0.0,0.0,0.0,0.0,0.0,0.0,0.0,0.0,0.0,0.02568493150684932,3.6472602739725972,17.234589041095894,8.578767123287673,0.5136986301369864,0.0,0.0,0.0,0.0,0.0,0.0,0.0,0.0,0.0,0.0,0.0,0.0,0.0,0.0,0.0,0.4233,0.02039,0.0,0.0,0.0,0.0,0.0,0.0,0.0,0.0,0.0,0.0,0.13495276653171392,3.64372469635627,16.923076923076927,8.704453441295549,0.5937921727395412,0.0,0.0,0.0,0.0,0.0,0.0,0.0,0.0,0.0,0.0,0.0,0.0,0.0,0.0,0.0
30700,4327,2205,0.5095909406055004,1016,882,0.438641090825052,1229,0.5680610122486711,0.47,2.994344957587182,3.1163377316076617,6.660377358490566,2.1185915241687847,6649.800000000002,1.8189894035458565e-12,6649.8,6649.8,6649.800000000001,9.094947017729282e-13,6649.800000000001,9.094947017729282e-13,27.61058470071643,20.96048664230184,32.65200553250346,19.256226906580142,0.14374855558123412,0.10030043910330483,0.09475387104229258,0.0905939449965334,0.08389184192281027,0.07510977582620754,0.0603189276635082,0.06771435174485788,0.05523457360758031,0.04876357753639935,0.04414143748555581,0.03928819043217009,0.030506124335567368,0.02565287728218165,0.023110700254217704,0.012017564132193206,0.0048532470533857175,0.8764951904761701,0.035745542927491145,0.0,0.0,0.0,0.0,0.0,0.0,0.0,0.0,0.0,0.0,0.0,0.0,0.0,0.0,0.0,0.0,0.0,0.0,0.0,0.0,0.006933210076265312,0.03466605038132656,0.04853247053385719,0.5130575456436314,2.1492951236422466,8.458516293043681,12.521377397735154,4.65911717125029,1.1162468222787152,0.49225791541483715,4.383102694828842,2.8726918259137273,4.0,2.8284271247461903,0.9125955466932536,4.432944606413995,2.863619051099124,4.331884057971014,2.8807201572243364,0.9772023886116789,0.4226,0.01991,0.0,0.0,0.0,0.0,0.0,0.0,0.0,0.0,0.0,0.0,0.04159926045759187,3.7439334411832625,17.229027039519302,8.590247284492722,0.3951929743471228,0.0,0.0,0.0,0.0,0.0,0.0,0.0,0.0,0.0,0.0,0.0,0.0,0.0,0.0,0.0,nan,nan,4.382267441860465,2.872651635135549,nan,0.4226,0.09296,0.0,0.0,0.0,0.0,0.0,0.0,0.0,0.0,0.0,0.0,0.0,0.0,0.0,0.0,0.0,0.0,0.0,0.000855095909406055,0.0,0.0010399815114397967,1.1555350127108852e-05,0.0004044372544488098,0.004703027501733303,0.007591865033510515,0.0042870348971573834,0.005095909406055004,0.007938525537323781,0.022972036052692397,0.016235266928587937,0.009440721053847932,0.014709960711809567,0.019077883059856714,0.03702334180725676,0.0396926276866189,0.030009244280101686,0.03741622371157846,0.042500577767506355,0.07346891610815807,0.05956782990524613,0.0331638548648024,0.021273399584007396,0.02122717818349896,0.02073029812803328,0.032967413912641554,0.014478853709267391,0.006632770972960481,0.022394268546336953,0.05621677836838456,0.041784146059625604,0.05110931361220245,0.038606424774670675,0.02352669285879362,0.014247746706725213,0.04184192281026115,0.012629997688929974,0.019551652415068177,0.038756644326323086,0.018245897850704875,0.0135775363993529,0.00020799630228795932,0.0015253062167783684,0.0054772359602495956,0.0031777212849549343,0.001086202911948232,0.007869193436561128,0.0011902010630922117,0.0002657730529235036,2.3110700254217703e-05,0.002172405823896464,0.0,0.0,0.0,0.0,0.0,0.0,0.0,0.0,0.0,0.0,0.0,0.0,0.0,0.0,0.0,0.0,0.0,0.0,0.0,0.0,0.0,0.0,0.0,0.0,0.0,0.0,0.0,0.0,0.0,0.0,0.0,0.0,nan,nan,4.382267441860465,2.872651635135549,nan,0.8764217296965808,0.036241655203410945,0.0,0.0,0.0,0.0,0.0,0.0,0.0,0.0,0.0,0.0,0.0,0.0,0.0,0.0,0.0,0.0,0.0,0.0,0.0,0.0,0.013605442176870751,0.054421768707483005,0.06802721088435375,0.5170068027210868,2.1632653061224496,8.14965986394558,12.707482993197281,4.775510204081633,1.0340136054421771,0.5170068027210886,0.876571524603877,0.03522246106572393,0.0,0.0,0.0,0.0,0.0,0.0,0.0,0.0,0.0,0.0,0.0,0.0,0.0,0.0,0.0,0.0,0.0,0.0,0.0,0.0,0.0,0.014137606032045244,0.028275212064090487,0.5089538171536271,2.1347785108388315,8.779453345900096,12.327992459943452,4.538171536286523,1.2016965127238457,0.466540999057493,0.4224,0.01967,0.0,0.0,0.0,0.0,0.0,0.0,0.0,0.0,0.0,0.0,0.04081632653061225,3.7278911564625794,17.455782312925173,8.435374149659866,0.34013605442176875,0.0,0.0,0.0,0.0,0.0,0.0,0.0,0.0,0.0,0.0,0.0,0.0,0.0,0.0,0.0,0.423,0.02016,0.0,0.0,0.0,0.0,0.0,0.0,0.0,0.0,0.0,0.0,0.04241281809613573,3.7606032045240285,16.99340245051838,8.751178133836005,0.4524033930254478,0.0,0.0,0.0,0.0,0.0,0.0,0.0,0.0,0.0,0.0,0.0,0.0,0.0,0.0,0.0
30800,4512,2266,0.5022163120567376,1047,990,0.45146276595744683,1280,0.5673758865248227,0.44999999999999996,2.9496883348174534,3.093764358868924,6.583067092651757,2.1119546051666256,6649.800000000002,1.8189894035458565e-12,6649.8,6649.8,6649.800000000002,1.8189894035458565e-12,6649.800000000002,1.8189894035458565e-12,27.72650709219858,20.749041408216403,32.548709847288045,19.076165128451922,0.13541666666666666,0.10283687943262411,0.09796099290780141,0.0888741134751773,0.08244680851063829,0.07070035460992907,0.06848404255319149,0.06671099290780141,0.059175531914893616,0.04964539007092199,0.04920212765957447,0.03834219858156029,0.030141843971631204,0.024601063829787235,0.01773049645390071,0.010195035460992909,0.007535460992907801,0.8762986585894164,0.03471990661214583,0.0,0.0,0.0,0.0,0.0,0.0,0.0,0.0,0.0,0.0,0.0,0.0,0.0,0.0,0.0,0.0,0.0,0.0,0.0,0.0,0.0,0.013297872340425535,0.05319148936170214,0.4255319148936157,2.2938829787234045,8.410904255319151,12.49335106382979,4.747340425531916,1.1635638297872342,0.39893617021276606,4.364075993091537,2.897933508457525,4.333333333333333,0.9428090415820634,0.9929555168592686,4.344375431331953,2.8786303223267993,4.383712905452036,2.914310568575268,1.0090548054011121,0.423,0.01996,0.0,0.0,0.0,0.0,0.0,0.0,0.0,0.0,0.0,0.0,0.059840425531914904,3.783244680851058,16.928191489361705,8.776595744680852,0.44547872340425543,0.006648936170212768,0.0,0.0,0.0,0.0,0.0,0.0,0.0,0.0,0.0,0.0,0.0,0.0,0.0,0.0,nan,nan,4.364044168391994,2.896592165041868,nan,0.423,0.0932,0.0,0.0,0.0,0.0,0.0,0.0,0.0,0.0,0.0,0.0,0.0,0.0,0.0,0.0,0.0,0.0,0.0,0.0010638297872340426,0.0,0.0006538120567375886,3.324468085106383e-05,0.0005429964539007092,0.005285904255319149,0.007568705673758865,0.004044769503546099,0.004643173758865248,0.00775709219858156,0.023570478723404256,0.01671099290780142,0.00954122340425532,0.015625,0.016744237588652483,0.03631427304964539,0.04192154255319149,0.028324468085106382,0.0368572695035461,0.044835992907801415,0.07145390070921986,0.059230939716312055,0.036447251773049645,0.021675531914893617,0.01940381205673759,0.020024379432624112,0.03027482269503546,0.015492021276595744,0.0056072695035461,0.021420656028368793,0.05301418439716312,0.04557845744680851,0.050720301418439716,0.03885195035460993,0.025387854609929077,0.01460549645390071,0.04295212765957447,0.011779698581560284,0.02024601063829787,0.03892952127659575,0.018838652482269503,0.01287677304964539,0.00014406028368794325,0.0015846631205673758,0.005452127659574468,0.002947695035460993,0.0009419326241134751,0.007956560283687943,0.0018062943262411348,0.0001551418439716312,0.0,0.002160904255319149,0.0,0.0,0.0,0.0,0.0,0.0,0.0,0.0,0.0,0.0,0.0,0.0,0.0,0.0,0.0,0.0,0.0,0.0,0.0,0.0,0.0,0.0,0.0,0.0,0.0,0.0,0.0,0.0,0.0,0.0,0.0,0.0,nan,nan,4.364044168391994,2.896592165041868,nan,0.8759006464891694,0.03527160204484589,0.0,0.0,0.0,0.0,0.0,0.0,0.0,0.0,0.0,0.0,0.0,0.0,0.0,0.0,0.0,0.0,0.0,0.0,0.0,0.0,0.0,0.013239187996469552,0.05295675198587821,0.4368932038834938,2.541924095322154,8.27449249779347,12.113857016769641,5.004413062665491,1.2180052956751988,0.34421888790820837,0.8767002148757741,0.03414956809375693,0.0,0.0,0.0,0.0,0.0,0.0,0.0,0.0,0.0,0.0,0.0,0.0,0.0,0.0,0.0,0.0,0.0,0.0,0.0,0.0,0.0,0.013357079252003565,0.05342831700801426,0.41406945681210916,2.0436331255565454,8.548530721282281,12.876224398931438,4.487978628673198,1.1086375779162958,0.45414069456812123,0.4226,0.0198,0.0,0.0,0.0,0.0,0.0,0.0,0.0,0.0,0.0,0.0,0.03971756398940866,3.8526037069726335,17.065313327449253,8.60547219770521,0.43689320388349523,0.0,0.0,0.0,0.0,0.0,0.0,0.0,0.0,0.0,0.0,0.0,0.0,0.0,0.0,0.0,0.4233,0.0201,0.0,0.0,0.0,0.0,0.0,0.0,0.0,0.0,0.0,0.0,0.08014247551202139,3.7132680320569844,16.78984861976848,8.949243098842388,0.45414069456812123,0.013357079252003565,0.0,0.0,0.0,0.0,0.0,0.0,0.0,0.0,0.0,0.0,0.0,0.0,0.0,0.0
30900,4718,2390,0.506570580754557,1112,973,0.44192454429843153,1352,0.5731242051716829,0.474,3.01159793814433,3.1321609949266778,6.775229357798165,1.9068357299232201,6649.800000000001,9.094947017729282e-13,6649.8,6649.8,6649.800000000002,1.8189894035458565e-12,6649.800000000001,9.094947017729282e-13,27.43832132259432,20.743940168912644,32.47155916708989,19.01742882043344,0.1420093259855871,0.10703688003391268,0.09453158117846545,0.08859686307757525,0.07969478592623994,0.06803730394234846,0.07036880033912675,0.06189063162356931,0.057863501483679525,0.057863501483679525,0.04345061466723188,0.037727850784230604,0.03391267486222976,0.026706231454005934,0.01377702416278084,0.010809665112335736,0.0057227638830012716,0.8759159125630863,0.03502089297026413,0.0,0.0,0.0,0.0,0.0,0.0,0.0,0.0,0.0,0.0,0.0,0.0,0.0,0.0,0.0,0.0,0.0,0.0,0.0,0.0,0.0,0.0,0.05086901229334465,0.6167867740568018,2.3526918185671897,8.196269605765156,12.367528613819418,5.03603221704112,0.9601526070368802,0.4196693514200934,4.546488294314381,2.897527381311221,2.0,0.0,0.4398999558628807,4.612010796221322,2.858317196929691,4.480450629555997,2.933849127821508,0.9714744452087766,0.4207,0.01967,0.0,0.0,0.0,0.0,0.0,0.0,0.0,0.0,0.0,0.0,0.12717253073336163,4.272997032640943,17.79779567613396,7.496820686731668,0.30521407376006787,0.0,0.0,0.0,0.0,0.0,0.0,0.0,0.0,0.0,0.0,0.0,0.0,0.0,0.0,0.0,nan,nan,4.545636910732196,2.897416998469051,nan,0.4207,0.0927,0.0,0.0,0.0,0.0,0.0,0.0,0.0,0.0,0.0,0.0,0.0,0.0,0.0,0.0,0.0,0.0,0.0,0.0016108520559559136,0.0,0.0009537939805002119,2.11954217888936e-05,0.0004980924120389996,0.0057227638830012716,0.00900805426027978,0.004133107248834251,0.004917337855023315,0.00718524798643493,0.021566341670199236,0.01519711742263671,0.01042814752013565,0.015472657905892327,0.017634590928359475,0.036636286562102584,0.04279355659177617,0.031273844849512504,0.03889359898261975,0.044351420093259854,0.07609156422212802,0.060989826197541334,0.036901229334463756,0.02211742263671047,0.0175498092412039,0.019118270453582026,0.02847604917337855,0.0149003815175922,0.006973293768545994,0.021873675286138195,0.055320050869012295,0.0447011445527766,0.04957609156422213,0.04019711742263671,0.0228486646884273,0.012272149215769393,0.04244383213225943,0.011668079694785926,0.02046417973717677,0.03598982619754133,0.016596015260703686,0.013268334039847392,0.0002543450614667232,0.0017804154302670622,0.0048007630351844,0.002744807121661721,0.0010915642221280204,0.006962696057651548,0.0018863925392115302,5.2988554472234e-05,0.0,0.001791013141161509,0.0,0.0,0.0,0.0,0.0,0.0,0.0,0.0,0.0,0.0,0.0,0.0,0.0,0.0,0.0,0.0,0.0,0.0,0.0,0.0,0.0,0.0,0.0,0.0,0.0,0.0,0.0,0.0,0.0,0.0,0.0,0.0,nan,nan,4.545636910732196,2.897416998469051,nan,0.8762576600497737,0.03534039872941328,0.0,0.0,0.0,0.0,0.0,0.0,0.0,0.0,0.0,0.0,0.0,0.0,0.0,0.0,0.0,0.0,0.0,0.0,0.0,0.0,0.0,0.0,0.07531380753138077,0.6401673640167344,2.322175732217574,7.970711297071131,12.313807531380757,5.309623430962344,0.878661087866109,0.489539748953975,0.8755650635539871,0.034686314206721774,0.0,0.0,0.0,0.0,0.0,0.0,0.0,0.0,0.0,0.0,0.0,0.0,0.0,0.0,0.0,0.0,0.0,0.0,0.0,0.0,0.0,0.0,0.025773195876288665,0.5927835051546373,2.3840206185567014,8.427835051546394,12.422680412371138,4.755154639175259,1.043814432989691,0.347938144329897,0.4211,0.01936,0.0,0.0,0.0,0.0,0.0,0.0,0.0,0.0,0.0,0.0,0.037656903765690385,4.029288702928864,17.962343096234314,7.682008368200838,0.2887029288702929,0.0,0.0,0.0,0.0,0.0,0.0,0.0,0.0,0.0,0.0,0.0,0.0,0.0,0.0,0.0,0.4202,0.01999,0.0,0.0,0.0,0.0,0.0,0.0,0.0,0.0,0.0,0.0,0.21907216494845366,4.5231958762886535,17.628865979381448,7.306701030927837,0.32216494845360827,0.0,0.0,0.0,0.0,0.0,0.0,0.0,0.0,0.0,0.0,0.0,0.0,0.0,0.0,0.0
31000,4724,2369,0.5014817950889077,1119,999,0.4483488569009314,1375,0.5821337849280271,0.44599999999999995,2.946072186836518,3.0660216598335137,6.479351032448378,2.2172596345051065,6649.8,0.0,6649.8,6649.8,6649.800000000001,9.094947017729282e-13,6649.800000000001,9.094947017729282e-13,27.766299745977985,20.594940286236348,32.73712121212121,18.777736005449597,0.14225232853513972,0.09525825571549534,0.09419983065198984,0.0867908552074513,0.0829805249788315,0.07324301439458086,0.06795088907705335,0.06498729889923793,0.060330228619813714,0.0565198983911939,0.04720575783234547,0.04233700254022015,0.03154106689246401,0.02201524132091448,0.017569856054191365,0.00846740050804403,0.006350550381033023,0.8744282491069846,0.03592383918262168,0.0,0.0,0.0,0.0,0.0,0.0,0.0,0.0,0.0,0.0,0.0,0.0,0.0,0.0,0.0,0.0,0.0,0.0,0.0,0.0,0.0,0.012701100762066049,0.15241320914479256,0.5588484335309043,2.5211685012701106,8.846316680779003,11.513547840812874,4.883573243014395,1.2066045723962746,0.3048264182895851,4.31387340111512,2.8486832247835627,4.25,2.7726341266023544,0.9851934919790162,4.253114754098361,2.8533900120036146,4.37434554973822,2.8424919872093404,1.02850400298347,0.42,0.01988,0.0,0.0,0.0,0.0,0.0,0.0,0.0,0.0,0.0,0.0,0.08890770533446235,4.69940728196443,17.483065198983915,7.493649449618968,0.2349703640982219,0.0,0.0,0.0,0.0,0.0,0.0,0.0,0.0,0.0,0.0,0.0,0.0,0.0,0.0,0.0,nan,nan,4.3137897150343925,2.8485858515673077,nan,0.42,0.09283,0.0,0.0,0.0,0.0,0.0,0.0,0.0,0.0,0.0,0.0,0.0,0.0,0.0,0.0,0.0,0.0,0.0,0.001968670618120237,0.0,0.0012277730736663843,0.0,0.00034928027095681627,0.005958933107535987,0.009123624047417444,0.004900508044030483,0.004328958509737511,0.008350973751058425,0.021517781541066892,0.0150190516511431,0.011272226926333615,0.015580016934801016,0.01777095681625741,0.037171888230313296,0.04394580863674852,0.02949830651989839,0.03841024555461473,0.04073878069432684,0.07487298899237933,0.06004445385266723,0.03933107535986452,0.024005080440304825,0.018628281117696866,0.02011007620660457,0.02980524978831499,0.014235817104149026,0.007229043183742591,0.0209038950042337,0.057218458933107536,0.04327900084674005,0.047480948348856904,0.038145639288738355,0.026047840812870447,0.012552921253175276,0.04210414902624894,0.011737933954276037,0.018585944115156648,0.03587002540220152,0.016818374259102455,0.01254233700254022,0.0003175275190516511,0.0013653683319220999,0.005006350550381033,0.0026672311600338698,0.0010160880609652837,0.007546570702794242,0.0016299745977984758,3.1752751905165114e-05,0.0,0.001693480101608806,1.0584250635055039e-05,0.0,0.0,0.0,3.1752751905165114e-05,0.0,0.0,0.0,0.0,0.0,0.0,0.0,0.0,0.0,0.0,0.0,0.0,0.0,0.0,0.0,0.0,0.0,0.0,0.0,0.0,0.0,0.0,0.0,0.0,0.0,0.0,0.0,nan,nan,4.3137897150343925,2.8485858515673077,nan,0.8749650919070069,0.03591181469318927,0.0,0.0,0.0,0.0,0.0,0.0,0.0,0.0,0.0,0.0,0.0,0.0,0.0,0.0,0.0,0.0,0.0,0.0,0.0,0.0,0.0,0.025327142254115666,0.13929928239763617,0.4178978471929071,2.684677078936261,8.649219079780499,11.384550443224992,5.065428450823133,1.3550021105951882,0.27859856479527234,0.8738882148847965,0.035927838694729965,0.0,0.0,0.0,0.0,0.0,0.0,0.0,0.0,0.0,0.0,0.0,0.0,0.0,0.0,0.0,0.0,0.0,0.0,0.0,0.0,0.0,0.0,0.16560509554140132,0.700636942675157,2.3566878980891723,9.044585987261149,11.643312101910832,4.70063694267516,1.0573248407643314,0.33121019108280264,0.4202,0.01984,0.0,0.0,0.0,0.0,0.0,0.0,0.0,0.0,0.0,0.0,0.1139721401435205,4.660194174757275,17.399746728577462,7.610806247361758,0.21528070915998315,0.0,0.0,0.0,0.0,0.0,0.0,0.0,0.0,0.0,0.0,0.0,0.0,0.0,0.0,0.0,0.4197,0.01991,0.0,0.0,0.0,0.0,0.0,0.0,0.0,0.0,0.0,0.0,0.06369426751592358,4.738853503184706,17.566878980891723,7.3757961783439505,0.2547770700636943,0.0,0.0,0.0,0.0,0.0,0.0,0.0,0.0,0.0,0.0,0.0,0.0,0.0,0.0,0.0
31100,4641,2314,0.49859943977591037,1083,957,0.43956043956043955,1313,0.5658263305322129,0.46199999999999997,3.0133218736570693,3.1088674360313138,6.682852807283763,2.00406121681247,6649.800000000002,1.8189894035458565e-12,6649.8,6649.8,6649.800000000001,9.094947017729282e-13,6649.800000000001,9.094947017729282e-13,27.51303598362422,20.891731354380905,32.58057851239669,19.172167835172793,0.14695108812755872,0.10191769015298427,0.09265244559362207,0.08705020469726352,0.07821590174531351,0.0784313725490196,0.0695970695970696,0.06248653307476837,0.056884292178409825,0.048265460030165915,0.04675716440422323,0.03813833225597932,0.031243266537384184,0.02564102564102564,0.01766860590390002,0.010558069381598794,0.007541478129713424,0.8738374750410218,0.03646565456388764,0.0,0.0,0.0,0.0,0.0,0.0,0.0,0.0,0.0,0.0,0.0,0.0,0.0,0.0,0.0,0.0,0.0,0.0,0.0,0.0,0.006464124111182936,0.038784744667097616,0.1292824822236587,0.6464124111182914,2.236586942469296,9.392372333548806,11.428571428571432,4.376212023270847,1.4027149321266972,0.34259857789269565,4.455320600272851,2.8584826849410314,5.2,2.7129319932501077,1.1671438413840618,4.482130815913688,2.7852172704916063,4.433173406442769,2.930569003824037,0.989077202009121,0.4187,0.01987,0.0,0.0,0.0,0.0,0.0,0.0,0.0,0.0,0.0,0.0,0.1616031027795734,4.893341952165475,18.131868131868135,6.606334841628961,0.20685197155785395,0.0,0.0,0.0,0.0,0.0,0.0,0.0,0.0,0.0,0.0,0.0,0.0,0.0,0.0,0.0,nan,nan,4.457851801495581,2.8583291306694667,nan,0.4187,0.0923,0.0,0.0,0.0,0.0,0.0,0.0,0.0,0.0,0.0,0.0,0.0,0.0,0.0,0.0,0.0,0.0,1.0773540185304892e-05,0.0016483516483516484,0.0,0.0012712777418659772,3.2320620555914674e-05,0.00038784744667097606,0.005591467356173239,0.009706959706959707,0.004654169360051713,0.004664942900237018,0.008985132514544279,0.021266968325791856,0.014878258995906054,0.010482654600301658,0.014695108812755871,0.01973712561947856,0.037588881706528764,0.04315880198233139,0.030801551389786685,0.0389894419306184,0.039398836457659986,0.0786252962723551,0.0618939883645766,0.039086403792286145,0.02564102564102564,0.019500107735401853,0.019823313940961,0.029444085326438267,0.014522732169790994,0.005936220642102995,0.023130790777849602,0.05734755440637793,0.043406593406593405,0.04299719887955182,0.0359082094376212,0.0259857789269554,0.013100624865330748,0.041445809092867915,0.01198017668605904,0.019553975436328377,0.034324499030381386,0.014479638009049774,0.01326222796811032,0.0004740357681534152,0.0012497306614953673,0.004718810601163542,0.002564102564102564,0.0007541478129713424,0.008004740357681533,0.001282051282051282,0.00015082956259426848,6.464124111182935e-05,0.001389786683904331,0.0,0.0,0.0,0.0,0.0,0.0,0.0,0.0,0.0,0.0,0.0,0.0,0.0,0.0,0.0,0.0,0.0,0.0,0.0,0.0,0.0,0.0,0.0,0.0,0.0,0.0,0.0,0.0,0.0,0.0,0.0,0.0,nan,nan,4.457851801495581,2.8583291306694667,nan,0.8743050723572486,0.037018006733560815,0.0,0.0,0.0,0.0,0.0,0.0,0.0,0.0,0.0,0.0,0.0,0.0,0.0,0.0,0.0,0.0,0.0,0.0,0.0,0.0,0.012964563526361283,0.05185825410544513,0.1296456352636128,0.6093344857389783,2.307692307692308,9.075194468452898,11.538461538461542,4.44684528954192,1.4520311149524636,0.3759723422644772,0.8733724900003047,0.035901925012188855,0.0,0.0,0.0,0.0,0.0,0.0,0.0,0.0,0.0,0.0,0.0,0.0,0.0,0.0,0.0,0.0,0.0,0.0,0.0,0.0,0.0,0.025784271594327467,0.1289213579716373,0.6832831972496756,2.165878813923507,9.70777825526429,11.319295229909757,4.305973356252687,1.3536742587021922,0.3094112591319296,0.419,0.01978,0.0,0.0,0.0,0.0,0.0,0.0,0.0,0.0,0.0,0.0,0.10371650821089026,4.861711322385473,18.241140881590322,6.611927398444254,0.18150388936905795,0.0,0.0,0.0,0.0,0.0,0.0,0.0,0.0,0.0,0.0,0.0,0.0,0.0,0.0,0.0,0.4182,0.01994,0.0,0.0,0.0,0.0,0.0,0.0,0.0,0.0,0.0,0.0,0.21916630855178346,4.924795874516538,18.023205844434898,6.6007735281478315,0.23205844434894718,0.0,0.0,0.0,0.0,0.0,0.0,0.0,0.0,0.0,0.0,0.0,0.0,0.0,0.0,0.0
31200,4596,2376,0.5169712793733682,1104,944,0.4456048738033072,1309,0.5696257615317668,0.46199999999999997,3.0013513513513512,3.0765749607582844,6.585055643879174,1.9955034998439494,6649.800000000001,9.094947017729282e-13,6649.8,6649.8,6649.800000000001,9.094947017729282e-13,6649.800000000001,9.094947017729282e-13,27.912750217580506,20.76143038133329,32.6780010303967,19.067841012227706,0.13685813751087902,0.10356832027850305,0.09442993907745866,0.08877284595300261,0.07441253263707572,0.07201914708442124,0.06940818102697999,0.06375108790252393,0.06505657093124456,0.05113141862489121,0.04569190600522193,0.04286335944299391,0.034377719756309835,0.023933855526544822,0.017406440382941687,0.010226283724978242,0.006092254134029591,0.8737479143421789,0.036348994536006214,0.0,0.0,0.0,0.0,0.0,0.0,0.0,0.0,0.0,0.0,0.0,0.0,0.0,0.0,0.0,0.0,0.0,0.0,0.0,0.0,0.013054830287206269,0.03263707571801567,0.18276762402088778,0.5678851174934708,2.389033942558747,9.210182767624023,11.442558746736296,4.712793733681463,1.077023498694517,0.3720626631853787,4.323479442745498,2.8746639254889854,5.333333333333333,2.3213980461973533,1.2335743476894057,4.329234972677596,2.848318066539589,4.325955734406438,2.8977182347252937,0.9992425363160343,0.4185,0.01904,0.0,0.0,0.0,0.0,0.0,0.0,0.0,0.0,0.0,0.0,0.06527415143603134,5.065274151436024,18.178851174934728,6.566579634464754,0.12402088772845955,0.0,0.0,0.0,0.0,0.0,0.0,0.0,0.0,0.0,0.0,0.0,0.0,0.0,0.0,0.0,nan,nan,4.327580372250423,2.8733504618069166,nan,0.4185,0.09204,0.0,0.0,0.0,0.0,0.0,0.0,0.0,0.0,0.0,0.0,0.0,0.0,0.0,0.0,0.0,2.175805047867711e-05,0.0,0.0018276762402088772,0.0,0.0006636205395996518,0.0001414273281114012,0.00025021758050478677,0.005809399477806789,0.008996953872932985,0.004395126196692777,0.0037532637075718017,0.008703220191470844,0.020060922541340297,0.016982158398607484,0.009693211488250652,0.015306788511749348,0.02031114012184508,0.039882506527415144,0.04145996518711923,0.03263707571801567,0.039153611836379464,0.041525239338555266,0.07713228894691036,0.06181462140992167,0.03841383812010444,0.02544604003481288,0.019593124456048737,0.018940382941688424,0.031146649260226283,0.01482811140121845,0.005635335073977372,0.023781549173194083,0.05710400348128808,0.04302654482158399,0.04165578764142733,0.037859007832898174,0.0224325500435161,0.01197780678851175,0.04240644038294169,0.011433855526544821,0.02154046997389034,0.03504134029590949,0.013946910356832027,0.012304177545691906,0.00042428198433420365,0.0014142732811140122,0.004427763272410792,0.0027959094865100086,0.0007941688424717145,0.00827893820713664,0.0014033942558746735,0.00025021758050478677,4.351610095735422e-05,0.0011314186248912097,0.0,0.0,0.0,0.0,0.0,0.0,0.0,0.0,0.0,0.0,0.0,0.0,0.0,0.0,0.0,0.0,0.0,0.0,0.0,0.0,0.0,0.0,0.0,0.0,0.0,0.0,0.0,0.0,0.0,0.0,0.0,0.0,nan,nan,4.327580372250423,2.8733504618069166,nan,0.8733236339407336,0.03679501790263203,0.0,0.0,0.0,0.0,0.0,0.0,0.0,0.0,0.0,0.0,0.0,0.0,0.0,0.0,0.0,0.0,0.0,0.0,0.0,0.0,0.01262626262626263,0.06313131313131315,0.17676767676767682,0.5303030303030287,2.3611111111111116,9.570707070707073,11.439393939393943,4.280303030303031,1.1742424242424245,0.3914141414141415,0.8742020090421041,0.03585992340532893,0.0,0.0,0.0,0.0,0.0,0.0,0.0,0.0,0.0,0.0,0.0,0.0,0.0,0.0,0.0,0.0,0.0,0.0,0.0,0.0,0.013513513513513516,0.0,0.18918918918918923,0.6081081081081062,2.4189189189189193,8.824324324324326,11.44594594594595,5.175675675675676,0.9729729729729731,0.3513513513513514,0.4187,0.01897,0.0,0.0,0.0,0.0,0.0,0.0,0.0,0.0,0.0,0.0,0.06313131313131315,4.999999999999993,18.219696969696972,6.666666666666668,0.05050505050505052,0.0,0.0,0.0,0.0,0.0,0.0,0.0,0.0,0.0,0.0,0.0,0.0,0.0,0.0,0.0,0.4185,0.01912,0.0,0.0,0.0,0.0,0.0,0.0,0.0,0.0,0.0,0.0,0.06756756756756759,5.135135135135128,18.135135135135137,6.459459459459461,0.20270270270270274,0.0,0.0,0.0,0.0,0.0,0.0,0.0,0.0,0.0,0.0,0.0,0.0,0.0,0.0,0.0
31300,4407,2253,0.5112321307011573,1061,913,0.4479237576582709,1254,0.5690946221919673,0.46599999999999997,3.052924791086351,3.1167298421456344,6.713128038897893,2.025055239811189,6649.8,0.0,6649.8,6649.8,6649.800000000002,1.8189894035458565e-12,6649.800000000001,9.094947017729282e-13,28.376219650555935,20.91327694720772,33.158713136729226,19.164478156445124,0.1345586566825505,0.09303380984796913,0.09530292716133425,0.08894939868391195,0.07896528250510551,0.07987292943045156,0.0696619015203086,0.06262763784887679,0.056727932834127526,0.054912638983435444,0.04334014068527343,0.042659405491263895,0.03721352393918766,0.0247333787156796,0.02042205582028591,0.009757204447469935,0.007261175402768323,0.8748277472832967,0.035203789912614414,0.0,0.0,0.0,0.0,0.0,0.0,0.0,0.0,0.0,0.0,0.0,0.0,0.0,0.0,0.0,0.0,0.0,0.0,0.0,0.0,0.0,0.013614703880190608,0.08849557522123896,0.4492852280462886,2.5799863852961202,8.835942818243705,11.783526208304973,4.81279782164738,1.0211027910142956,0.4152484683458136,4.2899965144649705,2.8513003827056296,4.0,2.0,0.932401689957751,4.279472954230235,2.900137784216077,4.298319327731092,2.8001745601832733,1.0044039005976724,0.419,0.01952,0.0,0.0,0.0,0.0,0.0,0.0,0.0,0.0,0.0,0.006807351940095304,0.08168822328114365,4.894486044928516,17.978216473791697,6.841388699795781,0.19741320626276385,0.0,0.0,0.0,0.0,0.0,0.0,0.0,0.0,0.0,0.0,0.0,0.0,0.0,0.0,0.0,nan,nan,4.289794496691049,2.850806101741993,nan,0.419,0.09186,0.0,0.0,0.0,0.0,0.0,0.0,0.0,0.0,0.0,0.0,0.0,0.0,0.0,0.0,0.0,0.00017018379850238256,0.0,0.00123666893578398,0.0,0.0006126616746085772,0.00015883821193555706,0.0002155661447696846,0.005808940322214659,0.00886090310869072,0.004526889040163376,0.004299977308826866,0.008350351713183572,0.020297254368050827,0.01640571817562968,0.008611300204220558,0.013648740639891082,0.021295665985931474,0.03955071477195371,0.04167233945995008,0.03378715679600636,0.038654413433174495,0.040197413206262765,0.0788745178125709,0.06157249829816201,0.03822328114363512,0.02594735647832993,0.019230769230769232,0.019718629453142726,0.0314953483095076,0.01494213750850919,0.00494667574313592,0.023088268663489904,0.05643294758339006,0.042625368731563425,0.0437258906285455,0.03909689130928069,0.02100068073519401,0.013762196505559337,0.041252552756977534,0.012525527569775357,0.02258906285454958,0.03505786249149081,0.01213977762650329,0.012083049693669162,0.0005105513955071477,0.0014976174268209667,0.004061719990923531,0.002938506920807806,0.0007147719537100068,0.007760381211708646,0.002201043793964148,5.672793283412752e-05,0.0,0.0015656909462219196,0.0,0.0,0.0,0.0,0.0,0.0,0.0,0.0,0.0,0.0,0.0,0.0,0.0,0.0,0.0,0.0,0.0,0.0,0.0,0.0,0.0,0.0,0.0,0.0,0.0,0.0,0.0,0.0,0.0,0.0,0.0,0.0,nan,nan,4.289794496691049,2.850806101741993,nan,0.8743692163462328,0.0352379716003479,0.0,0.0,0.0,0.0,0.0,0.0,0.0,0.0,0.0,0.0,0.0,0.0,0.0,0.0,0.0,0.0,0.0,0.0,0.0,0.0,0.0,0.026631158455392816,0.07989347536617844,0.46604527296937276,2.716378162450067,8.774966711051933,11.770972037283626,4.766977363515314,0.9986684420772306,0.39946737683089223,0.8753073527620363,0.03516160412734111,0.0,0.0,0.0,0.0,0.0,0.0,0.0,0.0,0.0,0.0,0.0,0.0,0.0,0.0,0.0,0.0,0.0,0.0,0.0,0.0,0.0,0.0,0.09749303621169919,0.4317548746518093,2.4373259052924796,8.899721448467968,11.796657381615603,4.860724233983288,1.0445682451253484,0.43175487465181067,0.4192,0.01944,0.0,0.0,0.0,0.0,0.0,0.0,0.0,0.0,0.0,0.013315579227696408,0.03994673768308922,4.806924101198395,18.175765645805594,6.7776298268974715,0.18641810918774973,0.0,0.0,0.0,0.0,0.0,0.0,0.0,0.0,0.0,0.0,0.0,0.0,0.0,0.0,0.0,0.4187,0.01959,0.0,0.0,0.0,0.0,0.0,0.0,0.0,0.0,0.0,0.0,0.1253481894150418,4.986072423398321,17.771587743732592,6.908077994428971,0.2089136490250697,0.0,0.0,0.0,0.0,0.0,0.0,0.0,0.0,0.0,0.0,0.0,0.0,0.0,0.0,0.0
31400,4650,2386,0.5131182795698924,1127,948,0.44623655913978494,1323,0.5690322580645162,0.43799999999999994,2.972614840989399,3.0502492309788662,6.417168674698795,2.201944744605512,6649.800000000002,1.8189894035458565e-12,6649.8,6649.8,6649.800000000001,9.094947017729282e-13,6649.800000000001,9.094947017729282e-13,27.802150537634407,20.778255686021446,32.751922091235265,19.01569302944642,0.14129032258064517,0.09698924731182795,0.09440860215053763,0.08494623655913978,0.0821505376344086,0.07935483870967742,0.07075268817204301,0.061505376344086024,0.06,0.051182795698924734,0.04709677419354839,0.03913978494623656,0.02989247311827957,0.024516129032258065,0.01763440860215054,0.013763440860215054,0.005376344086021506,0.8745622176124204,0.035100431076842076,0.0,0.0,0.0,0.0,0.0,0.0,0.0,0.0,0.0,0.0,0.0,0.0,0.0,0.0,0.0,0.0,0.0,0.0,0.0,0.0,0.0,0.0,0.0838709677419355,0.47741935483870823,2.5548387096774197,8.896774193548389,11.954838709677423,4.490322580645162,1.1483870967741938,0.3935483870967743,4.2733644859813085,2.8454349688949225,5.0,1.8708286933869707,1.1700382722799343,4.2664015904572565,2.8273616436365803,4.282360831656606,2.8616812149804662,1.0037406795541812,0.4192,0.01985,0.0,0.0,0.0,0.0,0.0,0.0,0.0,0.0,0.0,0.0,0.12258064516129034,4.806451612903219,17.658064516129034,7.200000000000002,0.21290322580645166,0.0,0.0,0.0,0.0,0.0,0.0,0.0,0.0,0.0,0.0,0.0,0.0,0.0,0.0,0.0,nan,nan,4.274333333333334,2.84448142120063,nan,0.4192,0.09174,0.0,0.0,0.0,0.0,0.0,0.0,0.0,0.0,0.0,0.0,0.0,0.0,0.0,0.0,0.0,0.00020430107526881721,0.0,0.0012473118279569893,0.0,0.0009139784946236559,5.3763440860215054e-05,0.0005698924731182796,0.005021505376344086,0.008655913978494623,0.003860215053763441,0.003956989247311828,0.00843010752688172,0.01858064516129032,0.017075268817204302,0.008387096774193548,0.013731182795698925,0.023268817204301077,0.04040860215053763,0.041161290322580646,0.034193548387096775,0.03825806451612903,0.03813978494623656,0.07867741935483871,0.06306451612903226,0.037688172043010754,0.02674193548387097,0.01956989247311828,0.019,0.02947311827956989,0.017204301075268817,0.00521505376344086,0.022698924731182797,0.05709677419354839,0.04036559139784946,0.045989247311827956,0.03904301075268817,0.021956989247311827,0.013655913978494624,0.04203225806451613,0.011913978494623657,0.02256989247311828,0.03512903225806452,0.011494623655913978,0.011247311827956989,0.00043010752688172043,0.0013010752688172042,0.003623655913978495,0.0032688172043010754,0.0007956989247311828,0.008451612903225806,0.0023440860215053765,7.526881720430108e-05,0.0,0.0017634408602150537,0.0,0.0,0.0,0.0,0.0,0.0,0.0,0.0,0.0,0.0,0.0,0.0,0.0,0.0,0.0,0.0,0.0,0.0,0.0,0.0,0.0,0.0,0.0,0.0,0.0,0.0,0.0,0.0,0.0,0.0,0.0,0.0,nan,nan,4.274333333333334,2.84448142120063,nan,0.8749308150701931,0.034886561556136196,0.0,0.0,0.0,0.0,0.0,0.0,0.0,0.0,0.0,0.0,0.0,0.0,0.0,0.0,0.0,0.0,0.0,0.0,0.0,0.0,0.0,0.0,0.025146689019279134,0.45264040234702285,2.6026823134953907,9.165968147527243,11.517183570829843,4.664710813076279,1.1441743503772006,0.4274937133277453,0.8741737575707924,0.03532026109508523,0.0,0.0,0.0,0.0,0.0,0.0,0.0,0.0,0.0,0.0,0.0,0.0,0.0,0.0,0.0,0.0,0.0,0.0,0.0,0.0,0.0,0.0,0.14575971731448767,0.503533568904592,2.5044169611307425,8.613074204946997,12.416077738515904,4.306537102473499,1.152826855123675,0.3577738515901061,0.4192,0.01968,0.0,0.0,0.0,0.0,0.0,0.0,0.0,0.0,0.0,0.0,0.13830678960603524,4.740150880134109,17.92958927074602,6.953059513830681,0.23889354568315177,0.0,0.0,0.0,0.0,0.0,0.0,0.0,0.0,0.0,0.0,0.0,0.0,0.0,0.0,0.0,0.4194,0.02005,0.0,0.0,0.0,0.0,0.0,0.0,0.0,0.0,0.0,0.0,0.10600706713780922,4.8763250883392155,17.371908127208485,7.460247349823323,0.18551236749116612,0.0,0.0,0.0,0.0,0.0,0.0,0.0,0.0,0.0,0.0,0.0,0.0,0.0,0.0,0.0
31500,4294,2128,0.49557522123893805,976,971,0.4534233814625058,1196,0.5570563577084303,0.482,2.888734995383195,3.115815043598208,6.717391304347826,2.1264010911641518,6649.800000000002,1.8189894035458565e-12,6649.8,6649.8,6649.800000000001,9.094947017729282e-13,6649.800000000002,1.8189894035458565e-12,27.127387051700047,20.52816416097446,32.14253773057574,18.821194671257814,0.14368886818816953,0.09944108057755006,0.09222170470423847,0.0952491849091756,0.08360503027480205,0.07987890079180252,0.07382394038192827,0.06357708430367956,0.055426176059618075,0.047741034000931534,0.04145319049836982,0.03400093153237075,0.02864462040055892,0.023986958546809503,0.02026082906380997,0.011877037727061016,0.005123428039124359,0.8754861542914266,0.034912203026233,0.0,0.0,0.0,0.0,0.0,0.0,0.0,0.0,0.0,0.0,0.0,0.0,0.0,0.0,0.0,0.0,0.0,0.0,0.0,0.0,0.0,0.03493246390312064,0.13972985561248255,0.4611085235211909,2.1588262692128555,8.879832324173266,11.849091755938522,5.023288309268748,1.1248253376804846,0.328365160689334,4.320630267497251,2.947348431401765,4.625,2.595067436503337,1.0704456789076415,4.256521739130434,2.980029095318987,4.38761974944731,2.9103672099624136,1.0307993282664776,0.4202,0.01973,0.0,0.0,0.0,0.0,0.0,0.0,0.0,0.0,0.0,0.0,0.08383791336748954,4.387517466231945,18.33255705635771,6.825803446669774,0.3702841173730788,0.0,0.0,0.0,0.0,0.0,0.0,0.0,0.0,0.0,0.0,0.0,0.0,0.0,0.0,0.0,nan,nan,4.321519912312751,2.9464259405012863,nan,0.4202,0.0917,0.0,0.0,0.0,0.0,0.0,0.0,0.0,0.0,0.0,0.0,0.0,0.0,0.0,0.0,0.0,9.315323707498835e-05,4.6576618537494175e-05,0.001047973917093619,0.0,0.0008383791336748953,5.8220773171867724e-05,0.0002095947834187238,0.00496040987424313,0.008733115975780158,0.004191895668374476,0.0038775034932463904,0.007894736842105263,0.01882859804378202,0.0158011178388449,0.0077084303679552865,0.014205868653935725,0.020621797857475546,0.03985794131346064,0.0420353982300885,0.034245458779692595,0.039217512808570096,0.038285980437820215,0.08303446669771775,0.05989753143921751,0.039625058220773175,0.027468560782487193,0.01764089427107592,0.017652538425710292,0.027026082906380998,0.015591523055426175,0.006415929203539823,0.022752678155565906,0.056532370749883556,0.043176525384257106,0.04535398230088496,0.04076618537494178,0.022810898928737774,0.013344201210992081,0.04391010712622263,0.012738705170004657,0.0209944108057755,0.03410572892408011,0.01183046110852352,0.011050302748020494,0.0008616674429436423,0.001047973917093619,0.004028877503493246,0.003330228225430834,0.0010130414531904983,0.0091988821611551,0.002456916627852818,5.8220773171867724e-05,1.1644154634373544e-05,0.0015020959478341872,0.0,0.0,0.0,1.1644154634373544e-05,0.0,0.0,0.0,0.0,0.0,0.0,0.0,0.0,0.0,0.0,0.0,0.0,0.0,0.0,0.0,0.0,0.0,0.0,0.0,0.0,0.0,0.0,0.0,0.0,0.0,0.0,0.0,0.0,nan,nan,4.321519912312751,2.9464259405012863,nan,0.8754238333357008,0.03512058802381392,0.0,0.0,0.0,0.0,0.0,0.0,0.0,0.0,0.0,0.0,0.0,0.0,0.0,0.0,0.0,0.0,0.0,0.0,0.0,0.0,0.0,0.05639097744360903,0.12687969924812031,0.4088345864661641,2.1428571428571432,9.022556390977446,11.813909774436093,4.990601503759399,1.085526315789474,0.35244360902255645,0.875547381897052,0.034706146485159683,0.0,0.0,0.0,0.0,0.0,0.0,0.0,0.0,0.0,0.0,0.0,0.0,0.0,0.0,0.0,0.0,0.0,0.0,0.0,0.0,0.0,0.013850415512465377,0.15235457063711913,0.5124653739612173,2.174515235457064,8.739612188365653,11.883656509695294,5.055401662049863,1.1634349030470916,0.30470914127423826,0.42,0.01974,0.0,0.0,0.0,0.0,0.0,0.0,0.0,0.0,0.0,0.0,0.0704887218045113,4.48308270676691,18.22838345864662,6.809210526315791,0.4088345864661655,0.0,0.0,0.0,0.0,0.0,0.0,0.0,0.0,0.0,0.0,0.0,0.0,0.0,0.0,0.0,0.4204,0.01971,0.0,0.0,0.0,0.0,0.0,0.0,0.0,0.0,0.0,0.0,0.09695290858725765,4.29362880886426,18.434903047091417,6.8421052631578965,0.332409972299169,0.0,0.0,0.0,0.0,0.0,0.0,0.0,0.0,0.0,0.0,0.0,0.0,0.0,0.0,0.0
31600,4531,2379,0.5250496579121606,1162,900,0.45508717722357095,1239,0.5468991392628558,0.45799999999999996,2.966078066914498,3.046001378100894,6.4812925170068025,2.1216386851563978,6649.800000000001,9.094947017729282e-13,6649.8,6649.8,6649.800000000001,9.094947017729282e-13,6649.800000000002,1.8189894035458565e-12,28.065107040388437,20.806078775676625,32.98556809236421,19.018712258343015,0.138380048554403,0.09755020966674023,0.09335687486206136,0.0801147649525491,0.0798940631207239,0.07901125579342308,0.07415581549326859,0.07239020083866696,0.05429265062900022,0.05429265062900022,0.04480247186051644,0.036857205914809094,0.03133966011917899,0.025822114323548886,0.018759655705142354,0.013021408077687044,0.005958949459280512,0.8768351468206426,0.03440370917250325,0.0,0.0,0.0,0.0,0.0,0.0,0.0,0.0,0.0,0.0,0.0,0.0,0.0,0.0,0.0,0.0,0.0,0.0,0.0,0.006621054954756126,0.019863164864268378,0.0,0.05958949459280513,0.3707790774663418,2.11873758552196,8.567645111454427,12.229088501434566,4.998896490840875,1.3440741558154934,0.2847053630545134,4.2585382513661205,2.84703892670546,6.5,2.0615528128088303,1.526345336434357,4.311340206185567,2.8713495140832426,4.212593094109682,2.8225858785171276,0.9770959591789554,0.4197,0.01955,0.0,0.0,0.0,0.0,0.0,0.0,0.0,0.0,0.0,0.0,0.05958949459280513,4.581770028691231,17.903332597660565,7.230192010593689,0.21849481350695216,0.006621054954756126,0.0,0.0,0.0,0.0,0.0,0.0,0.0,0.0,0.0,0.0,0.0,0.0,0.0,0.0,nan,nan,4.261596180081855,2.847317239155954,nan,0.4197,0.09174,0.0,0.0,0.0,0.0,0.0,0.0,0.0,0.0,0.0,0.0,0.0,0.0,0.0,0.0,0.0,3.310527477378062e-05,0.0,0.0010262635179871993,0.0,0.0010483337011697198,0.0001434561906863827,0.00017656146546016332,0.004965791216067094,0.009898477157360405,0.004116089163540057,0.0043257559037740015,0.007415581549326859,0.01868241006400353,0.015592584418450673,0.0077024939306996245,0.013242109909512249,0.01975281394835577,0.04144780401677334,0.04269476936658574,0.03340322224674465,0.0412381372765394,0.03807106598984772,0.08033546678437431,0.06180754800264842,0.04188920768042375,0.02763186934451556,0.016177444272787465,0.016640918119620395,0.02769807989406312,0.014764952549106158,0.006069300375193114,0.023857868020304568,0.0556278967115427,0.0444272787464136,0.044239682189362174,0.04146987419995586,0.022434341205032002,0.012745530787905539,0.043136173030236154,0.013220039726329728,0.021043919664533214,0.032233502538071064,0.012977267711322004,0.010814389759435003,0.0007945265945707349,0.0006841756786581328,0.004149194438313838,0.003829176782167292,0.0011586846170823218,0.009490178768483779,0.002549106157581108,6.621054954756124e-05,0.0,0.00105936879276098,0.0,0.0,0.0,0.0,0.0,0.0,0.0,0.0,0.0,0.0,0.0,0.0,0.0,0.0,0.0,0.0,0.0,0.0,0.0,0.0,0.0,0.0,0.0,0.0,0.0,0.0,0.0,0.0,0.0,0.0,0.0,0.0,nan,nan,4.261596180081855,2.847317239155954,nan,0.8774085419175003,0.03486954152904353,0.0,0.0,0.0,0.0,0.0,0.0,0.0,0.0,0.0,0.0,0.0,0.0,0.0,0.0,0.0,0.0,0.0,0.0,0.0,0.0,0.012610340479192942,0.0,0.05044136191677177,0.41614123581336565,2.1437578814628,8.411097099621692,12.21941992433796,4.968474148802018,1.4375788146279953,0.34047919293820944,0.8762012681331777,0.03386999117629143,0.0,0.0,0.0,0.0,0.0,0.0,0.0,0.0,0.0,0.0,0.0,0.0,0.0,0.0,0.0,0.0,0.0,0.0,0.0,0.013940520446096658,0.027881040892193315,0.0,0.06970260223048329,0.32063197026022205,2.0910780669144984,8.740706319702603,12.239776951672866,5.032527881040893,1.2407063197026025,0.22304832713754652,0.4202,0.01945,0.0,0.0,0.0,0.0,0.0,0.0,0.0,0.0,0.0,0.0,0.0630517023959647,4.451450189155101,17.868852459016395,7.3644388398486775,0.23959646910466587,0.012610340479192942,0.0,0.0,0.0,0.0,0.0,0.0,0.0,0.0,0.0,0.0,0.0,0.0,0.0,0.0,0.4192,0.01962,0.0,0.0,0.0,0.0,0.0,0.0,0.0,0.0,0.0,0.0,0.05576208178438663,4.725836431226759,17.941449814126397,7.081784386617102,0.1951672862453532,0.0,0.0,0.0,0.0,0.0,0.0,0.0,0.0,0.0,0.0,0.0,0.0,0.0,0.0,0.0
31700,4434,2285,0.5153360396932792,1121,896,0.45489400090211995,1232,0.5557059088858818,0.45799999999999996,2.9827826896230807,3.0787978593112917,6.631490787269682,2.0589828412027593,6649.800000000001,9.094947017729282e-13,6649.8,6649.8,6649.800000000002,1.8189894035458565e-12,6649.800000000001,9.094947017729282e-13,27.95895354082093,20.807072467540213,32.90359828141783,19.031563977746334,0.14050518718989627,0.09878213802435724,0.09314388813712224,0.08051420838971583,0.08728010825439783,0.07329724853405503,0.06991429860171403,0.06292286874154263,0.05367613892647722,0.061795218764095626,0.04510599909788002,0.03721244925575101,0.033152909336941816,0.02931889941362201,0.019170049616599006,0.008570139828597204,0.005638249887235002,0.8776001383793692,0.03599554405195482,0.0,0.0,0.0,0.0,0.0,0.0,0.0,0.0,0.0,0.0,0.0,0.0,0.0,0.0,0.0,0.0,0.0,0.0,0.0,0.020297699594046013,0.0,0.013531799729364009,0.08795669824086606,0.385656292286873,2.2259810554803794,8.234100135317998,12.300405953991884,4.898511502029771,1.407307171853857,0.4262516914749663,4.290006988120195,2.873363429914576,4.0,3.2071349029490928,0.9323994135852746,4.232167832167832,2.894040208268904,4.3460736622654625,2.8533358695686215,1.0269142989159967,0.42,0.01936,0.0,0.0,0.0,0.0,0.0,0.0,0.0,0.0,0.0,0.0,0.027063599458728018,4.763193504736123,17.61840324763194,7.408660351826795,0.1826792963464141,0.0,0.0,0.0,0.0,0.0,0.0,0.0,0.0,0.0,0.0,0.0,0.0,0.0,0.0,0.0,nan,nan,4.289299407459045,2.8742605693946617,nan,0.42,0.0914,0.0,0.0,0.0,0.0,0.0,0.0,0.0,0.0,0.0,0.0,0.0,0.0,0.0,0.0,0.0,0.0,0.0,0.0012065854758682906,0.0,0.0013757329724853405,0.0002255299954894001,4.510599909788002e-05,0.0038565629228687415,0.011005863779882724,0.004578258908434822,0.004488046910239062,0.008073973838520524,0.016779431664411367,0.014783491204330175,0.007104194857916103,0.015313486693730265,0.018200270635994588,0.04144113667117727,0.04106901217861976,0.03371673432566531,0.040133062697338746,0.03784393324312133,0.08072846188543076,0.06385881822282363,0.043234100135318,0.02589084348218313,0.014975191700496167,0.016204330175913398,0.03025484889490302,0.014614343707713126,0.006044203879115922,0.02562020748759585,0.05601037437979251,0.04333558863328823,0.04268155164636897,0.04446323861073523,0.02192151556156969,0.012776274244474516,0.043651330626973385,0.013870094722598106,0.02103067207938656,0.030976544880469102,0.012020748759585025,0.011513306269733875,0.0007104194857916103,0.0006202074875958502,0.005074424898511502,0.0031348669373026613,0.0009585024808299504,0.009021199819576003,0.0028078484438430313,9.021199819576004e-05,0.0,0.0006427604871447903,0.0,0.0,2.255299954894001e-05,0.0,0.0,0.0,0.0,0.0,0.0,0.0,0.0,0.0,0.0,0.0,0.0,0.0,0.0,0.0,0.0,0.0,0.0,0.0,0.0,0.0,0.0,0.0,0.0,0.0,0.0,0.0,0.0,0.0,nan,nan,4.289299407459045,2.8742605693946617,nan,0.8778734715031847,0.035619102655864314,0.0,0.0,0.0,0.0,0.0,0.0,0.0,0.0,0.0,0.0,0.0,0.0,0.0,0.0,0.0,0.0,0.0,0.0,0.0,0.013129102844638953,0.0,0.013129102844638953,0.07877461706783372,0.32822757111597267,2.415754923413567,7.798687089715537,12.617067833698034,4.910284463894968,1.4310722100656459,0.3938730853391686,0.8773095073007661,0.03638928541223306,0.0,0.0,0.0,0.0,0.0,0.0,0.0,0.0,0.0,0.0,0.0,0.0,0.0,0.0,0.0,0.0,0.0,0.0,0.0,0.027919962773382975,0.0,0.013959981386691488,0.09771986970684042,0.4467194043741261,2.0241973010702656,8.697068403908796,11.963704048394606,4.885993485342021,1.3820381572824572,0.46067938576081907,0.4204,0.01947,0.0,0.0,0.0,0.0,0.0,0.0,0.0,0.0,0.0,0.0,0.026258205689277905,4.647702407002182,17.356673960612696,7.77242888402626,0.1969365426695843,0.0,0.0,0.0,0.0,0.0,0.0,0.0,0.0,0.0,0.0,0.0,0.0,0.0,0.0,0.0,0.4192,0.01924,0.0,0.0,0.0,0.0,0.0,0.0,0.0,0.0,0.0,0.0,0.027919962773382975,4.885993485342013,17.896696137738488,7.021870637505819,0.16751977664029785,0.0,0.0,0.0,0.0,0.0,0.0,0.0,0.0,0.0,0.0,0.0,0.0,0.0,0.0,0.0
31800,4397,2285,0.5196725039799863,1048,890,0.4407550602683648,1219,0.5544689561064362,0.46599999999999997,3.0359848484848486,3.0727653520666594,6.619601328903655,1.964759588278539,6649.8,0.0,6649.8,6649.8,6649.800000000002,1.8189894035458565e-12,6649.800000000002,1.8189894035458565e-12,28.340004548555832,21.31390679744533,33.49986401958118,19.49469952948502,0.1444166477143507,0.09483738912895155,0.09256311121219013,0.0823288605867637,0.07937229929497384,0.07073004321128042,0.07391403229474641,0.06481692062770071,0.060723220377530134,0.04912440300204685,0.043893563793495564,0.04002729133500114,0.032294746418012284,0.02911075733454628,0.02092335683420514,0.012508528542187855,0.008414828292017285,0.8763392923744207,0.03579901826105527,0.0,0.0,0.0,0.0,0.0,0.0,0.0,0.0,0.0,0.0,0.0,0.0,0.0,0.0,0.0,0.0,0.0,0.0,0.0,0.0,0.0,0.0068228337502842865,0.13645667500568573,0.5799408687741624,2.1628382988401187,8.535365021605642,11.885376392995227,5.144416647714351,1.125767568796907,0.4230156925176258,4.421836228287841,2.81120554209523,4.6,3.826225293941798,1.0402918069584737,4.355366027007818,2.755922354072144,4.489421720733428,2.8683307173753643,1.0307794322898063,0.4211,0.01932,0.0,0.0,0.0,0.0,0.0,0.0,0.0,0.0,0.0,0.0,0.06822833750284286,3.9299522401637423,18.176029110757337,7.532408460313852,0.29338185126222427,0.0,0.0,0.0,0.0,0.0,0.0,0.0,0.0,0.0,0.0,0.0,0.0,0.0,0.0,0.0,nan,nan,4.422151450813871,2.8133347747037396,nan,0.4211,0.09204,0.0,0.0,0.0,0.0,0.0,0.0,0.0,0.0,0.0,0.0,0.0,0.0,0.0,0.0,0.0,0.0,0.0,0.0015806231521491927,0.0,0.0018876506709119855,0.00015919945417329997,3.4114168751421425e-05,0.0037411871730725493,0.010916534000454855,0.005060268364794178,0.004798726404366614,0.007027518762792813,0.016568114623607005,0.013918580850579941,0.006822833750284285,0.01452126449852172,0.018705935865362747,0.041357743916306575,0.042517625653854904,0.033500113713895836,0.03743461450989311,0.037480100068228335,0.08098703661587446,0.06063224926085968,0.04276779622469866,0.025085285421878555,0.012895155788037299,0.01627245849442802,0.032203775301341823,0.01468046395269502,0.0049351830793723,0.02355014782806459,0.055583352285649305,0.0476120081874005,0.04323402319763475,0.047395951785308164,0.02382306117807596,0.011428246531726177,0.044769160791448714,0.013929952240163747,0.020070502615419605,0.030532181032522174,0.012826927450534455,0.011087104844211963,0.0006595405958608142,0.0007618831021150784,0.005583352285649306,0.00421878553559245,0.0010006822833750284,0.010166022287923585,0.002558562656356607,0.00023879918125994996,0.0,0.0004775983625198999,0.0,0.0,0.0,0.0,0.0,0.0,0.0,0.0,0.0,0.0,0.0,0.0,0.0,0.0,0.0,0.0,0.0,0.0,0.0,0.0,0.0,0.0,0.0,0.0,0.0,0.0,0.0,0.0,0.0,0.0,0.0,0.0,nan,nan,4.422151450813871,2.8133347747037396,nan,0.8782040373762535,0.035661578319797854,0.0,0.0,0.0,0.0,0.0,0.0,0.0,0.0,0.0,0.0,0.0,0.0,0.0,0.0,0.0,0.0,0.0,0.0,0.0,0.0,0.0,0.013129102844638953,0.11816192560175057,0.4726477024070007,1.9956236323851206,8.153172866520789,12.013129102844642,5.553610503282277,1.1816192560175056,0.49890590809628016,0.8743218007412824,0.03583801584008736,0.0,0.0,0.0,0.0,0.0,0.0,0.0,0.0,0.0,0.0,0.0,0.0,0.0,0.0,0.0,0.0,0.0,0.0,0.0,0.0,0.0,0.0,0.15625000000000003,0.6960227272727251,2.3437500000000004,8.948863636363638,11.747159090909093,4.701704545454547,1.0653409090909094,0.34090909090909094,0.4216,0.01944,0.0,0.0,0.0,0.0,0.0,0.0,0.0,0.0,0.0,0.0,0.05251641137855581,3.8993435448577625,18.02625820568928,7.667396061269148,0.35448577680525173,0.0,0.0,0.0,0.0,0.0,0.0,0.0,0.0,0.0,0.0,0.0,0.0,0.0,0.0,0.0,0.4207,0.01918,0.0,0.0,0.0,0.0,0.0,0.0,0.0,0.0,0.0,0.0,0.08522727272727273,3.963068181818176,18.338068181818187,7.3863636363636385,0.22727272727272732,0.0,0.0,0.0,0.0,0.0,0.0,0.0,0.0,0.0,0.0,0.0,0.0,0.0,0.0,0.0
31900,4409,2260,0.5125878884100703,1054,920,0.44772057155817646,1265,0.573826264459061,0.46599999999999997,2.975802698929735,3.048296043206523,6.502423263327948,2.0371137859496984,6649.800000000001,9.094947017729282e-13,6649.8,6649.8,6649.800000000002,1.8189894035458565e-12,6649.800000000001,9.094947017729282e-13,27.937854388750285,20.782639767261042,32.647547574376844,19.11998204752828,0.13313676570650942,0.10387843048310275,0.09231118167384894,0.08958947607167159,0.07938308006350646,0.08074393286459515,0.06963030165570425,0.06055794964844636,0.06055794964844636,0.054887729643910185,0.039464731231571785,0.04150601043320481,0.031072805624858243,0.027443864821955093,0.017917895214334317,0.010886822408709458,0.007031072805624858,0.876998807478719,0.03535526956587482,0.0,0.0,0.0,0.0,0.0,0.0,0.0,0.0,0.0,0.0,0.0,0.0,0.0,0.0,0.0,0.0,0.0,0.0,0.0,0.0,0.0,0.013608528010886826,0.08845543207076437,0.47629848038103734,2.1161261056929015,8.31481061465185,12.193241097754596,5.178044908142437,1.2315717849852577,0.38784304831027455,4.369306236860546,2.8614803521968755,3.75,2.5860201081971503,0.8582598235765839,4.336164189667374,2.846798528386392,4.4,2.8748762573039013,1.014721723518851,0.4207,0.01974,0.0,0.0,0.0,0.0,0.0,0.0,0.0,0.0,0.0,0.0,0.08165116806532095,4.375141755500107,17.711499206169204,7.511907462009527,0.3198004082558404,0.0,0.0,0.0,0.0,0.0,0.0,0.0,0.0,0.0,0.0,0.0,0.0,0.0,0.0,0.0,nan,nan,4.368439468159552,2.8612070324087187,nan,0.4204,0.0918,0.0,0.0,0.0,0.0,0.0,0.0,0.0,0.0,0.0,0.0,0.0,0.0,0.0,0.0,1.1340440009072351e-05,0.0,0.0,0.0015649807212519847,0.0,0.001712406441369925,0.0003061918802449535,0.00010206396008165117,0.0036516216829212975,0.011056929008845542,0.004127920163302336,0.00539804944431844,0.008108414606486732,0.01644363801315491,0.014186890451349512,0.006384667725107734,0.014277613971422092,0.01902925833522341,0.04222045815377637,0.0415513721932411,0.03216148786572919,0.040201859832161485,0.03834202767067362,0.08066454978453164,0.06024041732819233,0.04317305511453844,0.02401905193921524,0.013086867770469494,0.015899296892719437,0.03394193694715355,0.014924019051939215,0.004706282603765026,0.02531186210024949,0.05430936720344749,0.04734633703787707,0.04312769335450215,0.046371059197096845,0.02328192333862554,0.0121002494896802,0.04349058743479247,0.015082785212066229,0.02073032433658426,0.02937173962349739,0.0126332501701066,0.010932184168745748,0.0007598094806078475,0.0009072352007257881,0.004649580403719664,0.004275345883420277,0.0011680653209344522,0.009616693127693355,0.0021433431617146744,0.0002721705602177364,4.5361760036289406e-05,0.00057836244046269,0.0,0.0,0.0,0.0,0.0,0.0,0.0,0.0,0.0,0.0,0.0,0.0,0.0,0.0,0.0,0.0,0.0,0.0,0.0,0.0,0.0,0.0,0.0,0.0,0.0,0.0,0.0,0.0,0.0,0.0,0.0,0.0,nan,nan,4.368439468159552,2.8612070324087187,nan,0.8760065706957758,0.03547845279380138,0.0,0.0,0.0,0.0,0.0,0.0,0.0,0.0,0.0,0.0,0.0,0.0,0.0,0.0,0.0,0.0,0.0,0.0,0.0,0.0,0.0,0.013274336283185844,0.10619469026548675,0.4911504424778746,2.20353982300885,8.561946902654869,12.225663716814163,4.805309734513275,1.2079646017699117,0.3849557522123895,0.87804229520764,0.03519509363056843,0.0,0.0,0.0,0.0,0.0,0.0,0.0,0.0,0.0,0.0,0.0,0.0,0.0,0.0,0.0,0.0,0.0,0.0,0.0,0.0,0.0,0.013959981386691488,0.06979990693345743,0.4606793857608176,2.0241973010702656,8.054909260120988,12.159143787808286,5.570032573289903,1.256398324802234,0.3908794788273617,0.42,0.01976,0.0,0.0,0.0,0.0,0.0,0.0,0.0,0.0,0.0,0.0,0.053097345132743376,4.76548672566371,17.641592920353986,7.2610619469026565,0.2787610619469027,0.0,0.0,0.0,0.0,0.0,0.0,0.0,0.0,0.0,0.0,0.0,0.0,0.0,0.0,0.0,0.4211,0.01971,0.0,0.0,0.0,0.0,0.0,0.0,0.0,0.0,0.0,0.0,0.1116798510935319,3.9646347138203755,17.785016286644954,7.775709632387159,0.3629595160539787,0.0,0.0,0.0,0.0,0.0,0.0,0.0,0.0,0.0,0.0,0.0,0.0,0.0,0.0,0.0
32000,4310,2235,0.5185614849187935,1030,879,0.44292343387471,1221,0.5665893271461717,0.482,3.116144578313253,3.142480729570767,6.603896103896104,2.101850857736257,6649.800000000002,1.8189894035458565e-12,6649.8,6649.8,6649.800000000002,1.8189894035458565e-12,6649.800000000002,1.8189894035458565e-12,28.18167053364269,20.9842099070414,33.02336448598131,19.254273595279656,0.13642691415313224,0.1037122969837587,0.08955916473317865,0.0863109048723898,0.08352668213457076,0.0765661252900232,0.06194895591647332,0.062180974477958235,0.0568445475638051,0.05846867749419954,0.047099767981438515,0.04269141531322506,0.029698375870069606,0.029698375870069606,0.016705336426914155,0.011368909512761021,0.0071925754060324825,0.8770375558920637,0.035240959411856634,0.0,0.0,0.0,0.0,0.0,0.0,0.0,0.0,0.0,0.0,0.0,0.0,0.0,0.0,0.0,0.0,0.0,0.0,0.0,0.0,0.0,0.0,0.10440835266821348,0.6125290023201837,1.9628770301624134,8.310904872389793,12.083526682134574,5.269141531322506,1.3225058004640373,0.3341067285382831,4.417776178481468,2.8808635065970556,5.333333333333333,0.4714045207910317,1.2072438978034807,4.426784400294334,2.910040097408935,4.411103302881237,2.850023063093486,0.9964576776289231,0.4204,0.0201,0.0,0.0,0.0,0.0,0.0,0.0,0.0,0.0,0.0,0.0,0.09744779582366592,4.698375870069599,17.310904872389795,7.5382830626450135,0.3549883990719258,0.0,0.0,0.0,0.0,0.0,0.0,0.0,0.0,0.0,0.0,0.0,0.0,0.0,0.0,0.0,nan,nan,4.418763479511143,2.8795081896433996,nan,0.4204,0.0919,0.0,0.0,0.0,0.0,0.0,0.0,0.0,0.0,0.0,0.0,0.0,0.0,0.0,0.0,0.0,0.0,0.0,0.001194895591647332,0.0,0.0014269141531322506,0.00020881670533642692,6.960556844547564e-05,0.0035382830626450117,0.011519721577726218,0.0038747099767981437,0.006044083526682135,0.008445475638051043,0.017436194895591648,0.014791183294663572,0.00697215777262181,0.013839907192575406,0.01822505800464037,0.04219257540603248,0.04047563805104409,0.03345707656612529,0.04155452436194896,0.03977958236658933,0.07756380510440836,0.056879350348027845,0.04551044083526682,0.025185614849187934,0.013364269141531323,0.01660092807424594,0.03319025522041763,0.014222737819025522,0.004605568445475638,0.025951276102088167,0.05598607888631091,0.0454292343387471,0.041229698375870066,0.045893271461716935,0.023816705336426915,0.012041763341067286,0.04382830626450116,0.015846867749419954,0.019988399071925754,0.02908352668213457,0.011960556844547564,0.011473317865429234,0.0013109048723897912,0.0009396751740139211,0.004419953596287703,0.005278422273781902,0.0010788863109048724,0.008932714617169374,0.0024129930394431553,0.00034802784222737816,0.0,0.000580046403712297,0.0,0.0,0.0,0.0,0.0,0.0,0.0,0.0,0.0,0.0,0.0,0.0,0.0,0.0,0.0,0.0,0.0,0.0,0.0,0.0,0.0,0.0,0.0,0.0,0.0,0.0,0.0,0.0,0.0,0.0,0.0,0.0,nan,nan,4.418763479511143,2.8795081896433996,nan,0.8768013016222841,0.03604828127116297,0.0,0.0,0.0,0.0,0.0,0.0,0.0,0.0,0.0,0.0,0.0,0.0,0.0,0.0,0.0,0.0,0.0,0.0,0.0,0.0,0.0,0.0,0.16107382550335572,0.5637583892617433,2.1342281879194633,8.161073825503358,12.12080536912752,5.100671140939598,1.3557046979865774,0.40268456375838935,0.8772920273585492,0.03434834977997717,0.0,0.0,0.0,0.0,0.0,0.0,0.0,0.0,0.0,0.0,0.0,0.0,0.0,0.0,0.0,0.0,0.0,0.0,0.0,0.0,0.0,0.0,0.04337349397590362,0.6650602409638533,1.7783132530120487,8.472289156626507,12.043373493975906,5.450602409638555,1.2867469879518074,0.2602409638554217,0.4204,0.02025,0.0,0.0,0.0,0.0,0.0,0.0,0.0,0.0,0.0,0.0,0.09395973154362419,4.805369127516771,17.234899328859065,7.463087248322149,0.40268456375838935,0.0,0.0,0.0,0.0,0.0,0.0,0.0,0.0,0.0,0.0,0.0,0.0,0.0,0.0,0.0,0.4204,0.01993,0.0,0.0,0.0,0.0,0.0,0.0,0.0,0.0,0.0,0.0,0.10120481927710846,4.583132530120475,17.392771084337355,7.619277108433737,0.30361445783132535,0.0,0.0,0.0,0.0,0.0,0.0,0.0,0.0,0.0,0.0,0.0,0.0,0.0,0.0,0.0
32100,4582,2345,0.5117852466171977,1104,942,0.44652989960715844,1320,0.5761676123963335,0.43799999999999994,2.958873491282968,3.01643659733302,6.513097072419106,1.9206680089870911,6649.800000000001,9.094947017729282e-13,6649.8,6649.8,6649.800000000002,1.8189894035458565e-12,6649.800000000001,9.094947017729282e-13,28.672632038411173,21.096941903341936,33.52746969306165,19.294243091556122,0.13640331732867744,0.09406372762985596,0.08882584024443474,0.09035355739851593,0.07769532955041467,0.07420340462680053,0.06852902662592754,0.06460061108686163,0.056962025316455694,0.055216062854648626,0.04910519423832388,0.0447402880838062,0.03208206023570493,0.028153644696639023,0.01920558707987778,0.012658227848101266,0.007202095154954169,0.8776025210390545,0.03587987482995738,0.0,0.0,0.0,0.0,0.0,0.0,0.0,0.0,0.0,0.0,0.0,0.0,0.0,0.0,0.0,0.0,0.0,0.0,0.0,0.0,0.0,0.019642077695329555,0.0720209515495417,0.4648625054561312,2.3374072457442168,7.804452204277609,12.400698384984725,5.224792666957661,1.1392405063291142,0.5368834570056745,4.206644518272426,2.8011309480134012,3.4,2.4979991993593593,0.8082451429474016,4.160904255319149,2.7438351075120995,4.249503639973527,2.855780897043617,1.0212933004985913,0.4197,0.01959,0.0,0.0,0.0,0.0,0.0,0.0,0.0,0.0,0.0,0.0,0.052378873854212145,4.694456569183755,17.835006547359235,7.123526844172852,0.2815364469663903,0.013094718463553036,0.0,0.0,0.0,0.0,0.0,0.0,0.0,0.0,0.0,0.0,0.0,0.0,0.0,0.0,nan,nan,4.20530679933665,2.8008477211879597,nan,0.4197,0.0922,0.0,0.0,0.0,0.0,0.0,0.0,0.0,0.0,0.0,0.0,0.0,0.0,0.0,0.0,0.0,0.0,0.0,0.0010475774770842426,0.0,0.0015822784810126582,0.00028371890004364906,0.00015277171540811874,0.003360977738978612,0.012636403317328678,0.004092099519860323,0.0054670449585333914,0.007627673505019642,0.018048886948930597,0.01595373199476211,0.006612832824094282,0.014884329986905281,0.016914011348756003,0.041968572675687474,0.04346355303360978,0.0368507202095155,0.04101920558707988,0.04037538192928852,0.07434526407682235,0.05727848101265823,0.04592972501091227,0.02564382365779136,0.011588825840244435,0.017132256656481885,0.03381711043212571,0.013018332605848974,0.004244871235268442,0.026003928415539068,0.05559799214316892,0.0454932343954605,0.03942601484068092,0.045111305106940204,0.02135530336097774,0.01456787429070275,0.042601484068092534,0.017252291575731122,0.019238323876036665,0.028699257965953733,0.010857704059362724,0.012036228721082497,0.0013312963771278917,0.0011457878655608904,0.005139676996944566,0.005892623308598865,0.0013094718463553033,0.008697075512876472,0.002018769096464426,0.00034919249236141424,1.0912265386294195e-05,0.0005237887385421213,0.0,0.0,0.0,0.0,0.0,0.0,0.0,0.0,0.0,0.0,0.0,0.0,0.0,0.0,0.0,0.0,0.0,0.0,0.0,0.0,0.0,0.0,0.0,0.0,0.0,0.0,0.0,0.0,0.0,0.0,0.0,0.0,nan,nan,4.20530679933665,2.8008477211879597,nan,0.8781113434956273,0.035748168841061974,0.0,0.0,0.0,0.0,0.0,0.0,0.0,0.0,0.0,0.0,0.0,0.0,0.0,0.0,0.0,0.0,0.0,0.0,0.0,0.0,0.0,0.012793176972281453,0.08955223880597017,0.42217484008528655,2.2004264392324098,7.867803837953093,12.24307036247335,5.501066098081025,1.1513859275053306,0.5117270788912581,0.8770691331710782,0.03600970443852065,0.0,0.0,0.0,0.0,0.0,0.0,0.0,0.0,0.0,0.0,0.0,0.0,0.0,0.0,0.0,0.0,0.0,0.0,0.0,0.0,0.0,0.026821636119803316,0.05364327223960663,0.5096110862762612,2.4810013410818064,7.738042020563256,12.565936522127853,4.93518104604381,1.1265087170317392,0.5632543585158696,0.4192,0.01955,0.0,0.0,0.0,0.0,0.0,0.0,0.0,0.0,0.0,0.0,0.05117270788912581,4.91257995735607,17.961620469083158,6.805970149253733,0.2686567164179105,0.0,0.0,0.0,0.0,0.0,0.0,0.0,0.0,0.0,0.0,0.0,0.0,0.0,0.0,0.0,0.42,0.01962,0.0,0.0,0.0,0.0,0.0,0.0,0.0,0.0,0.0,0.0,0.05364327223960663,4.4658024139472445,17.702279839070187,7.456414841305321,0.2950379973178364,0.026821636119803316,0.0,0.0,0.0,0.0,0.0,0.0,0.0,0.0,0.0,0.0,0.0,0.0,0.0,0.0
32200,4515,2304,0.5102990033222591,1046,941,0.44008859357696567,1273,0.5638981173864894,0.46199999999999997,2.9746720940750793,3.0808920478676782,6.626016260162602,2.0576977188534356,6649.800000000002,1.8189894035458565e-12,6649.8,6649.8,6649.800000000001,9.094947017729282e-13,6649.800000000001,9.094947017729282e-13,27.3171650055371,20.76719994397882,32.43488681757656,19.03479769412232,0.1450719822812846,0.10786267995570321,0.09147286821705426,0.09058693244739756,0.07574750830564785,0.07308970099667775,0.06998892580287928,0.06445182724252492,0.058028792912513845,0.05271317829457364,0.046954595791805095,0.036544850498338874,0.029235880398671095,0.023255813953488372,0.01838316722037652,0.009302325581395349,0.007308970099667774,0.8769606907370346,0.03432311586050961,0.0,0.0,0.0,0.0,0.0,0.0,0.0,0.0,0.0,0.0,0.0,0.0,0.0,0.0,0.0,0.0,0.0,0.0,0.0,0.0,0.0,0.013289036544850502,0.09966777408637877,0.4385382059800651,2.0531561461794023,8.372093023255816,12.279069767441865,5.275747508305648,1.1495016611295683,0.318936877076412,4.409766454352441,2.8296460611734577,2.8,2.1354156504062622,0.634954260953298,4.438559322033898,2.85856017708722,4.367864693446089,2.7991208010101563,0.9840726182847513,0.4197,0.0195,0.0,0.0,0.0,0.0,0.0,0.0,0.0,0.0,0.0,0.0,0.05315614617940201,4.684385382059794,18.000000000000004,7.016611295681065,0.24584717607973428,0.0,0.0,0.0,0.0,0.0,0.0,0.0,0.0,0.0,0.0,0.0,0.0,0.0,0.0,0.0,nan,nan,4.404090267983075,2.829107256314828,nan,0.4197,0.0924,0.0,0.0,0.0,0.0,0.0,0.0,0.0,0.0,0.0,0.0,0.0,0.0,0.0,0.0,0.0,0.0,0.0,0.0009080841638981174,5.5370985603543746e-05,0.0017718715393133999,0.0003765227021040975,0.0002879291251384275,0.0026245847176079736,0.012812846068660021,0.003953488372093023,0.004784053156146179,0.005902547065337763,0.017918050941306756,0.016854928017718717,0.006035437430786268,0.01522702104097453,0.016821705426356588,0.04305647840531562,0.04539313399778516,0.037331118493909195,0.04184939091915836,0.040033222591362126,0.0758139534883721,0.05621262458471761,0.04705426356589147,0.02540420819490587,0.012115171650055372,0.0164562569213732,0.03473975636766335,0.011982281284606867,0.004839424141749723,0.025116279069767444,0.05688815060908084,0.04477297895902547,0.03548172757475083,0.04420819490586932,0.021572535991140642,0.014617940199335547,0.043067552602436325,0.016677740863787375,0.019867109634551496,0.029069767441860465,0.011251384274640088,0.010642303433001108,0.0016611295681063123,0.00106312292358804,0.004662236987818383,0.0064008859357696565,0.0012956810631229237,0.009036544850498339,0.0028903654485049834,0.0004872646733111849,5.5370985603543746e-05,0.0005980066445182724,0.0,0.0,0.0,0.0,0.0,0.0,0.0,0.0,0.0,0.0,0.0,0.0,0.0,0.0,0.0,0.0,0.0,0.0,0.0,0.0,0.0,0.0,0.0,0.0,0.0,0.0,0.0,0.0,0.0,0.0,0.0,0.0,nan,nan,4.404090267983075,2.829107256314828,nan,0.8774091021364762,0.03473554922455088,0.0,0.0,0.0,0.0,0.0,0.0,0.0,0.0,0.0,0.0,0.0,0.0,0.0,0.0,0.0,0.0,0.0,0.0,0.0,0.0,0.0,0.02604166666666667,0.13020833333333337,0.37760416666666546,2.057291666666667,8.216145833333336,12.05729166666667,5.664062500000002,1.1458333333333335,0.32552083333333337,0.8764934180711309,0.03388168066771878,0.0,0.0,0.0,0.0,0.0,0.0,0.0,0.0,0.0,0.0,0.0,0.0,0.0,0.0,0.0,0.0,0.0,0.0,0.0,0.0,0.0,0.0,0.067842605156038,0.5020352781546796,2.0488466757123476,8.534599728629582,12.51017639077341,4.8710990502035285,1.1533242876526462,0.31207598371777484,0.42,0.01924,0.0,0.0,0.0,0.0,0.0,0.0,0.0,0.0,0.0,0.0,0.03906250000000001,4.440104166666661,18.38541666666667,6.875000000000002,0.26041666666666674,0.0,0.0,0.0,0.0,0.0,0.0,0.0,0.0,0.0,0.0,0.0,0.0,0.0,0.0,0.0,0.4194,0.01978,0.0,0.0,0.0,0.0,0.0,0.0,0.0,0.0,0.0,0.0,0.067842605156038,4.938941655359558,17.59837177747626,7.164179104477614,0.23066485753052923,0.0,0.0,0.0,0.0,0.0,0.0,0.0,0.0,0.0,0.0,0.0,0.0,0.0,0.0,0.0
32300,4490,2240,0.49888641425389757,1062,957,0.44966592427616925,1287,0.5732739420935412,0.46599999999999997,2.951111111111111,3.0233625299745848,6.501597444089457,1.9962018257988197,6649.800000000002,1.8189894035458565e-12,6649.8,6649.8,6649.800000000002,1.8189894035458565e-12,6649.800000000002,1.8189894035458565e-12,27.810913140311804,20.990158184052937,32.90824219791944,19.22535859902641,0.14498886414253898,0.09866369710467705,0.0930957683741648,0.08730512249443208,0.07839643652561247,0.07461024498886415,0.07371937639198219,0.06146993318485523,0.057015590200445436,0.0532293986636971,0.04432071269487751,0.038530066815144766,0.03229398663697105,0.022271714922048998,0.0200445434298441,0.012917594654788419,0.0071269487750556795,0.8770425628447586,0.03538158350133172,0.0,0.0,0.0,0.0,0.0,0.0,0.0,0.0,0.0,0.0,0.0,0.0,0.0,0.0,0.0,0.0,0.0,0.0,0.0,0.0,0.0,0.026726057906458805,0.11358574610244991,0.48106904231625686,2.2182628062360807,8.14476614699332,11.85300668151448,5.605790645879734,1.2828507795100226,0.27394209354120275,4.267082899757197,2.7369560204326455,3.3333333333333335,1.699673171197595,0.7811737928792067,4.238095238095238,2.7050622409289615,4.29036729036729,2.7641572968200423,1.0123338550304841,0.4202,0.0196,0.0,0.0,0.0,0.0,0.0,0.0,0.0,0.0,0.0,0.0,0.05345211581291761,4.476614699331842,17.859688195991094,7.302895322939868,0.3073496659242762,0.0,0.0,0.0,0.0,0.0,0.0,0.0,0.0,0.0,0.0,0.0,0.0,0.0,0.0,0.0,nan,nan,4.26417704011065,2.7348329856988487,nan,0.4202,0.0921,0.0,0.0,0.0,0.0,0.0,0.0,0.0,0.0,0.0,0.0,0.0,0.0,0.0,0.0,0.0,0.0,0.0,0.0007349665924276169,6.681514476614699e-05,0.0014365256124721604,0.0006570155902004454,0.00030066815144766146,0.0024387527839643654,0.011770601336302896,0.004342984409799555,0.0037639198218262808,0.00611358574610245,0.018674832962138083,0.01737193763919822,0.004799554565701559,0.015367483296213808,0.017216035634743877,0.04239420935412027,0.04628062360801782,0.03636971046770601,0.04360801781737194,0.037951002227171494,0.07522271714922049,0.05396436525612472,0.04785077951002227,0.02685968819599109,0.012026726057906459,0.016815144766146994,0.03596881959910913,0.012149220489977729,0.006224944320712695,0.024910913140311804,0.05497772828507795,0.047516703786191536,0.03467706013363029,0.04169265033407572,0.021247216035634744,0.015456570155902004,0.04126948775055679,0.017472160356347438,0.021469933184855235,0.029955456570155903,0.010378619153674834,0.01244988864142539,0.0019487750556792874,0.0011469933184855233,0.004075723830734967,0.007594654788418708,0.0009465478841870824,0.0083184855233853,0.0028953229398663697,0.00045657015590200447,0.00010022271714922049,0.00030066815144766146,0.0,0.0,0.0,0.0,0.0,0.0,0.0,0.0,0.0,0.0,0.0,0.0,0.0,0.0,0.0,0.0,0.0,0.0,0.0,0.0,0.0,0.0,0.0,0.0,0.0,0.0,0.0,0.0,0.0,0.0,0.0,0.0,nan,nan,4.26417704011065,2.7348329856988487,nan,0.8764689985396606,0.036287265976629846,0.0,0.0,0.0,0.0,0.0,0.0,0.0,0.0,0.0,0.0,0.0,0.0,0.0,0.0,0.0,0.0,0.0,0.0,0.0,0.0,0.0,0.04017857142857143,0.13392857142857145,0.6026785714285696,2.2901785714285716,8.26339285714286,11.450892857142861,5.5446428571428585,1.4196428571428577,0.25446428571428575,0.8776135779751671,0.03444680164131011,0.0,0.0,0.0,0.0,0.0,0.0,0.0,0.0,0.0,0.0,0.0,0.0,0.0,0.0,0.0,0.0,0.0,0.0,0.0,0.0,0.0,0.013333333333333336,0.09333333333333337,0.3599999999999989,2.146666666666667,8.026666666666669,12.253333333333337,5.666666666666668,1.146666666666667,0.2933333333333334,0.42,0.0193,0.0,0.0,0.0,0.0,0.0,0.0,0.0,0.0,0.0,0.0,0.02678571428571429,4.486607142857136,18.14732142857143,7.058035714285716,0.28125000000000006,0.0,0.0,0.0,0.0,0.0,0.0,0.0,0.0,0.0,0.0,0.0,0.0,0.0,0.0,0.0,0.4204,0.01991,0.0,0.0,0.0,0.0,0.0,0.0,0.0,0.0,0.0,0.0,0.08000000000000002,4.466666666666661,17.573333333333338,7.546666666666669,0.33333333333333337,0.0,0.0,0.0,0.0,0.0,0.0,0.0,0.0,0.0,0.0,0.0,0.0,0.0,0.0,0.0
32400,4716,2357,0.4997879558948261,1102,970,0.4393553859202714,1362,0.5776081424936387,0.45799999999999996,2.9682068673166597,3.058606264749942,6.6390532544378695,1.9368464708390891,6649.800000000001,9.094947017729282e-13,6649.8,6649.8,6649.8,0.0,6649.800000000001,9.094947017729282e-13,27.804071246819337,20.74963319536438,32.61896378269618,19.03562614967412,0.13825275657336725,0.09881255301102629,0.09923664122137404,0.08672603901611535,0.07866836301950805,0.07803223070398643,0.07145886344359627,0.05619168787107719,0.05640373197625106,0.05534351145038168,0.04664970313825276,0.043469041560644614,0.032230703986429174,0.024597116200169637,0.019508057675996608,0.009329940627650551,0.005089058524173028,0.8756290497518981,0.03389330090092589,0.0,0.0,0.0,0.0,0.0,0.0,0.0,0.0,0.0,0.0,0.0,0.0,0.0,0.0,0.0,0.0,0.0,0.0,0.0,0.0,0.0,0.006361323155216286,0.07633587786259544,0.4007633587786247,2.2328244274809164,8.937659033078882,12.048346055979646,4.910941475826973,1.0496183206106873,0.3371501272264632,4.4395895398874545,2.841401082138198,3.5,1.5,0.7883611691022965,4.483377659574468,2.8587752689262422,4.394996708360764,2.8222526329656357,0.9802869715815793,0.42,0.01962,0.0,0.0,0.0,0.0,0.0,0.0,0.0,0.0,0.0,0.0,0.07633587786259544,4.599236641221367,17.881679389312982,7.124681933842241,0.3180661577608143,0.0,0.0,0.0,0.0,0.0,0.0,0.0,0.0,0.0,0.0,0.0,0.0,0.0,0.0,0.0,nan,nan,4.438967912669534,2.8408257536467647,nan,0.42,0.09216,0.0,0.0,0.0,0.0,0.0,0.0,0.0,0.0,0.0,0.0,0.0,0.0,0.0,0.0,0.0,0.0,1.0602205258693808e-05,0.0008375742154368109,0.00010602205258693808,0.0011450381679389313,0.0005619168787107719,0.0001272264631043257,0.002830788804071247,0.011588210347752332,0.005120865139949109,0.004071246819338422,0.006594571670907549,0.017493638676844784,0.01823579304495335,0.004866412213740458,0.01583969465648855,0.01957167090754877,0.04210135708227311,0.04560008481764207,0.03675784563189143,0.04127438507209499,0.0383587786259542,0.07065309584393553,0.0577078032230704,0.04660729431721798,0.026706955046649702,0.01361323155216285,0.016963528413910092,0.03604749787955895,0.013252756573367261,0.006562765055131467,0.02644189991518236,0.05585241730279898,0.0465754877014419,0.031499151823579305,0.04186810856658185,0.0203774385072095,0.014472010178117048,0.04068066157760814,0.018924936386768447,0.022794741306191687,0.0297921967769296,0.010114503816793893,0.01253180661577608,0.0016751484308736217,0.0010920271416454623,0.003435114503816794,0.0071458863443596265,0.0009223918575063613,0.008460559796437658,0.0035093299406276507,0.00041348600508905853,4.240882103477523e-05,0.00016963528413910093,0.0,0.0,0.0,0.0,0.0,0.0,0.0,0.0,0.0,0.0,0.0,0.0,0.0,0.0,0.0,0.0,0.0,0.0,0.0,0.0,0.0,0.0,0.0,0.0,0.0,0.0,0.0,0.0,0.0,0.0,0.0,0.0,nan,nan,4.438967912669534,2.8408257536467647,nan,0.8752675707885458,0.03370914264436501,0.0,0.0,0.0,0.0,0.0,0.0,0.0,0.0,0.0,0.0,0.0,0.0,0.0,0.0,0.0,0.0,0.0,0.0,0.0,0.0,0.0,0.0127280441238863,0.0890963088672041,0.4072974119643602,2.214679677556216,8.998727195587612,11.938905388205349,4.989393296563429,1.0946117946542218,0.25456088247772596,0.8759902222472866,0.03407247917800599,0.0,0.0,0.0,0.0,0.0,0.0,0.0,0.0,0.0,0.0,0.0,0.0,0.0,0.0,0.0,0.0,0.0,0.0,0.0,0.0,0.0,0.0,0.06358626536668081,0.39423484527341973,2.2509537939805004,8.87664264518864,12.157693938109372,4.832556167867741,1.0046629927935569,0.4196693514200934,0.4197,0.01952,0.0,0.0,0.0,0.0,0.0,0.0,0.0,0.0,0.0,0.0,0.0890963088672041,4.607551972846832,17.94654221467968,7.05133644463301,0.30547305897327115,0.0,0.0,0.0,0.0,0.0,0.0,0.0,0.0,0.0,0.0,0.0,0.0,0.0,0.0,0.0,0.42,0.01973,0.0,0.0,0.0,0.0,0.0,0.0,0.0,0.0,0.0,0.0,0.06358626536668081,4.590928359474346,17.816871555743962,7.197965239508267,0.33064857990674024,0.0,0.0,0.0,0.0,0.0,0.0,0.0,0.0,0.0,0.0,0.0,0.0,0.0,0.0,0.0
32500,4681,2360,0.5041657765434736,1124,992,0.4520401623584704,1357,0.5797906430249946,0.45399999999999996,2.924601464885825,2.9855176254297024,6.366412213740458,2.0114409664162514,6649.800000000001,9.094947017729282e-13,6649.8,6649.8,6649.800000000001,9.094947017729282e-13,6649.800000000002,1.8189894035458565e-12,28.030976287118136,20.906586206610456,33.11159346271706,19.076684088334815,0.14526810510574664,0.09442426831873531,0.09015167699209571,0.08352916043580431,0.08267464217047639,0.07754753257850887,0.07156590472121342,0.06024353770561846,0.06109805597094638,0.054048280281991025,0.045075838496047856,0.03738517410809656,0.035248878444776754,0.02478102969450972,0.01944029053621021,0.011108737449262978,0.00640888698995941,0.8746311198923991,0.034525925543619364,0.0,0.0,0.0,0.0,0.0,0.0,0.0,0.0,0.0,0.0,0.0,0.0,0.0,0.0,0.0,0.0,0.0,0.0,0.0,0.0,0.0,0.0,0.038453321939756466,0.4614398632770761,2.672505874813075,8.972441785943175,11.805169835505238,4.620807519760736,1.0318308053834653,0.39735099337748353,4.214566929133858,2.783862926124821,nan,nan,nan,4.150065530799476,2.7512221749128014,4.279237844940868,2.8147261423051746,1.0311253673424543,0.4192,0.01991,0.0,0.0,0.0,0.0,0.0,0.0,0.0,0.0,0.0,0.0,0.08331553086947235,4.91561632129886,17.76543473616749,6.960051271095921,0.2755821405682547,0.0,0.0,0.0,0.0,0.0,0.0,0.0,0.0,0.0,0.0,0.0,0.0,0.0,0.0,0.0,nan,nan,4.214566929133858,2.783862926124821,nan,0.4192,0.09247,0.0,0.0,0.0,0.0,0.0,0.0,0.0,0.0,0.0,0.0,0.0,0.0,0.0,0.0,0.0,0.0,0.0,0.0009079256569109165,3.204443494979705e-05,0.0009506515701773125,0.0008438367870113224,0.00013885921811578722,0.0027985473189489425,0.012155522324289682,0.0063341166417432175,0.004219183935056612,0.00587481307412946,0.017101046784875028,0.017421491134372996,0.005052339243751335,0.014815210425122837,0.020166631061738945,0.03993804742576373,0.04683828241828669,0.037641529587694934,0.04253364665669729,0.04030121768852809,0.07081820123905148,0.0587481307412946,0.048013245033112585,0.02781456953642384,0.012550737022003846,0.01781670583208716,0.03511001922666097,0.013725699636829737,0.006505020294808802,0.026757103183080538,0.05392010254219184,0.04555650502029481,0.02858363597521897,0.040247810296945095,0.020177312540055545,0.014099551377910703,0.041326639606921595,0.01914120914334544,0.023648792992950224,0.028241828669087803,0.009154026917325357,0.013095492416150396,0.0017303994872890408,0.0011429181798760949,0.004048280281991027,0.007562486648152104,0.000630207220679342,0.009559923093356121,0.003952146977141637,9.613330484939116e-05,0.00010681478316599017,5.3407391582995086e-05,0.0,0.0,0.0,0.0,0.0,0.0,0.0,0.0,0.0,0.0,0.0,0.0,0.0,0.0,0.0,0.0,0.0,0.0,0.0,0.0,0.0,0.0,0.0,0.0,0.0,0.0,0.0,0.0,0.0,0.0,0.0,0.0,nan,nan,4.214566929133858,2.783862926124821,nan,0.8754826140605797,0.03387696319096442,0.0,0.0,0.0,0.0,0.0,0.0,0.0,0.0,0.0,0.0,0.0,0.0,0.0,0.0,0.0,0.0,0.0,0.0,0.0,0.0,0.0,0.0,0.012711864406779664,0.4067796610169479,2.5550847457627124,8.834745762711865,12.012711864406782,4.741525423728814,1.0677966101694918,0.36864406779661024,0.8737653179807634,0.035152375465040776,0.0,0.0,0.0,0.0,0.0,0.0,0.0,0.0,0.0,0.0,0.0,0.0,0.0,0.0,0.0,0.0,0.0,0.0,0.0,0.0,0.0,0.0,0.06462731581214995,0.5170185264971979,2.791900043084878,9.112451529513143,11.594140456699702,4.498061180525636,0.9952606635071092,0.42654028436018965,0.4202,0.01985,0.0,0.0,0.0,0.0,0.0,0.0,0.0,0.0,0.0,0.0,0.07627118644067798,4.665254237288129,17.72033898305085,7.19491525423729,0.34322033898305093,0.0,0.0,0.0,0.0,0.0,0.0,0.0,0.0,0.0,0.0,0.0,0.0,0.0,0.0,0.0,0.4185,0.01994,0.0,0.0,0.0,0.0,0.0,0.0,0.0,0.0,0.0,0.0,0.09047824213700993,5.170185264971987,17.811288237828524,6.721240844463595,0.20680741059887983,0.0,0.0,0.0,0.0,0.0,0.0,0.0,0.0,0.0,0.0,0.0,0.0,0.0,0.0,0.0
32600,4562,2258,0.4949583516001754,1043,981,0.44366505918456817,1315,0.5765015344147304,0.46599999999999997,2.9105902777777777,3.080769034837988,6.642054574638844,2.1067719939712988,6649.800000000002,1.8189894035458565e-12,6649.8,6649.8,6649.800000000002,1.8189894035458565e-12,6649.800000000001,9.094947017729282e-13,27.836256028057868,20.786026458523754,32.90761154855643,18.99154031356202,0.14248136782113108,0.10127137220517317,0.08768084173608066,0.08614642700569926,0.08680403331871986,0.08176238491889522,0.06137658921525647,0.06006137658921526,0.053485313459009205,0.05392371766768961,0.043621218763700134,0.04625164401578255,0.0387987724682157,0.026742656729504603,0.015563349408154318,0.00920648838228847,0.004822446295484437,0.8748719757818851,0.034440554829818316,0.0,0.0,0.0,0.0,0.0,0.0,0.0,0.0,0.0,0.0,0.0,0.0,0.0,0.0,0.0,0.0,0.0,0.0,0.0,0.0,0.0,0.006576063130206052,0.039456378781236305,0.4866286716352462,2.5186321788689177,8.844804910127138,11.909250328803159,4.826830337571241,1.0455940377027622,0.3222270933800965,4.343834688346884,2.865433169066205,6.0,0.0,1.3812680340014036,4.408843537414966,2.898426154449751,4.280512474713419,2.8302511403663435,0.970892352696918,0.4207,0.01953,0.0,0.0,0.0,0.0,0.0,0.0,0.0,0.0,0.0,0.0,0.052608505041648414,4.261288908373514,17.965804471722933,7.41122314774222,0.3090749671196844,0.0,0.0,0.0,0.0,0.0,0.0,0.0,0.0,0.0,0.0,0.0,0.0,0.0,0.0,0.0,nan,nan,4.344395529969523,2.865110000554903,nan,0.4207,0.09235,0.0,0.0,0.0,0.0,0.0,0.0,0.0,0.0,0.0,0.0,0.0,0.0,0.0,0.0,0.0,0.0,0.0,0.0006028057869355546,3.288031565103025e-05,0.0008220078912757562,0.0007672073651907058,3.288031565103025e-05,0.003014028934677773,0.01177115300306883,0.00520604997807979,0.004690925032880316,0.006247259973695747,0.016527838667251205,0.016231915826391934,0.003682595352915388,0.014248136782113108,0.019191144234984657,0.04317185444980272,0.04622972380534853,0.03822884699693117,0.0404318281455502,0.0406510302498904,0.06888426128890837,0.06258220078912757,0.04660236738272688,0.02788250767207365,0.011562911003945638,0.016648399824638317,0.03453529153879877,0.012932924156071899,0.00528277071459886,0.02733450241122315,0.055063568610258656,0.045648838228846994,0.0276085050416484,0.04174704077159141,0.021240683910565543,0.014565979833406401,0.04208680403331872,0.01983779044278825,0.025394563787812362,0.03035949145111793,0.00906400701446734,0.012615081104778606,0.002498903989478299,0.0011617711530030688,0.0047018851380973255,0.007419991231915827,0.0004603244191144235,0.008417360806663743,0.0039127575624726,0.00015344147303814117,1.0960105217010084e-05,0.0,0.0,0.0,0.0,0.0,0.0,0.0,0.0,0.0,0.0,0.0,0.0,0.0,0.0,0.0,0.0,0.0,0.0,0.0,0.0,0.0,0.0,0.0,0.0,0.0,0.0,0.0,0.0,0.0,0.0,0.0,0.0,0.0,nan,nan,4.344395529969523,2.865110000554903,nan,0.8750310308432769,0.03385229802936158,0.0,0.0,0.0,0.0,0.0,0.0,0.0,0.0,0.0,0.0,0.0,0.0,0.0,0.0,0.0,0.0,0.0,0.0,0.0,0.0,0.0,0.013286093888396815,0.02657218777679363,0.4517271922054902,2.4579273693534107,8.808680248007088,11.89105403011515,5.035429583702392,1.0230292294065546,0.2922940655447299,0.8747160962989761,0.035006776208154726,0.0,0.0,0.0,0.0,0.0,0.0,0.0,0.0,0.0,0.0,0.0,0.0,0.0,0.0,0.0,0.0,0.0,0.0,0.0,0.0,0.0,0.0,0.05208333333333334,0.5208333333333317,2.5781250000000004,8.880208333333336,11.927083333333336,4.622395833333334,1.0677083333333335,0.3515625000000001,0.421,0.01926,0.0,0.0,0.0,0.0,0.0,0.0,0.0,0.0,0.0,0.0,0.0,4.238263950398577,18.108945969884857,7.360496014171835,0.2922940655447299,0.0,0.0,0.0,0.0,0.0,0.0,0.0,0.0,0.0,0.0,0.0,0.0,0.0,0.0,0.0,0.4204,0.01979,0.0,0.0,0.0,0.0,0.0,0.0,0.0,0.0,0.0,0.0,0.10416666666666669,4.283854166666661,17.825520833333336,7.460937500000002,0.32552083333333337,0.0,0.0,0.0,0.0,0.0,0.0,0.0,0.0,0.0,0.0,0.0,0.0,0.0,0.0,0.0
32700,4587,2300,0.5014170481796381,1097,937,0.4434270765206017,1314,0.5729234793982996,0.46599999999999997,2.9602098819414078,3.0838294341105805,6.556414219474497,2.0068240924803242,6649.800000000001,9.094947017729282e-13,6649.8,6649.8,6649.800000000002,1.8189894035458565e-12,6649.800000000001,9.094947017729282e-13,27.864399389579244,20.831817201010043,32.847113884555384,19.060104886243458,0.14126880313930673,0.10180946152169174,0.09156311314584696,0.08981905384783083,0.07608458687595378,0.0763025942882058,0.06474820143884892,0.0632221495530848,0.05668192718552431,0.057771964246784394,0.047961630695443645,0.0420754305646392,0.02986701547852627,0.028558971005014172,0.014824504033137127,0.011336385437104862,0.006104207543056464,0.875043597672535,0.03549724719313717,0.0,0.0,0.0,0.0,0.0,0.0,0.0,0.0,0.0,0.0,0.0,0.0,0.0,0.0,0.0,0.0,0.0,0.0,0.0,0.0,0.0,0.006540222367560499,0.08502289077828648,0.5297580117723986,2.4983649444081104,8.907782864617399,11.478090255068675,5.101373446697188,0.9679529103989538,0.42511445389143243,4.439455782312925,2.850839662039421,3.0,0.0,0.6757585044437634,4.456624075319435,2.8199682176208056,4.420907840440165,2.8812351682343293,0.9919858093759659,0.422,0.01935,0.0,0.0,0.0,0.0,0.0,0.0,0.0,0.0,0.0,0.0,0.05232177894048399,3.6886854153041146,17.97907128842381,7.913669064748203,0.36625245258338796,0.0,0.0,0.0,0.0,0.0,0.0,0.0,0.0,0.0,0.0,0.0,0.0,0.0,0.0,0.0,nan,nan,4.438966337980279,2.8504784912825936,nan,0.422,0.0923,0.0,0.0,0.0,0.0,0.0,0.0,0.0,0.0,0.0,0.0,0.0,0.0,0.0,0.0,0.0,0.0,0.0,0.0005341181600174406,3.2701111837802485e-05,0.0006758229779812514,0.0006867233485938522,3.2701111837802485e-05,0.003629823413996076,0.010769566165249619,0.00368432526705908,0.005101373446697188,0.007117942010028341,0.015151515151515152,0.01526051885764116,0.004240244168301722,0.014933507739263135,0.018639633747547416,0.043372574667538695,0.04426640505777196,0.039404839764551995,0.037453673424896444,0.03909962938739917,0.06808371484630478,0.06361456289513844,0.047492914759101806,0.028591672116851975,0.011597994331807282,0.015565729234793983,0.03407455853499019,0.012786134728580771,0.005166775670372793,0.026695007630259428,0.055602790494876826,0.04645737955090473,0.02825376062786135,0.04329627207325049,0.02247656420318291,0.01408327883148027,0.043764988009592325,0.019391759319816872,0.02647700021800741,0.032417702201874864,0.008785698713756267,0.011347285807717463,0.0031393067364290385,0.0012644429910616962,0.005373882712012209,0.00709614126880314,0.00046871593634183564,0.008371484630477436,0.004044037497274907,0.00013080444735120994,0.0,0.0,0.0,0.0,0.0,0.0,0.0,0.0,0.0,0.0,0.0,0.0,0.0,0.0,0.0,0.0,0.0,0.0,0.0,0.0,0.0,0.0,0.0,0.0,0.0,0.0,0.0,0.0,0.0,0.0,0.0,0.0,0.0,0.0,nan,nan,4.438966337980279,2.8504784912825936,nan,0.8754485551688982,0.03496809054202456,0.0,0.0,0.0,0.0,0.0,0.0,0.0,0.0,0.0,0.0,0.0,0.0,0.0,0.0,0.0,0.0,0.0,0.0,0.0,0.0,0.0,0.013043478260869568,0.0782608695652174,0.3913043478260857,2.347826086956522,8.921739130434784,11.76521739130435,5.1000000000000005,1.0173913043478262,0.36521739130434794,0.8746363382752306,0.036016981122837584,0.0,0.0,0.0,0.0,0.0,0.0,0.0,0.0,0.0,0.0,0.0,0.0,0.0,0.0,0.0,0.0,0.0,0.0,0.0,0.0,0.0,0.0,0.09182334936598166,0.6689986882378641,2.6497595102754703,8.893747267162222,11.189331001311766,5.10275470048098,0.9182334936598165,0.485351989505903,0.4219,0.01947,0.0,0.0,0.0,0.0,0.0,0.0,0.0,0.0,0.0,0.0,0.06521739130434784,3.9391304347826033,17.869565217391308,7.813043478260871,0.3130434782608696,0.0,0.0,0.0,0.0,0.0,0.0,0.0,0.0,0.0,0.0,0.0,0.0,0.0,0.0,0.0,0.4226,0.01921,0.0,0.0,0.0,0.0,0.0,0.0,0.0,0.0,0.0,0.0,0.039352864013992135,3.4368167905553078,18.089199825098387,8.014866637516398,0.41976388281591615,0.0,0.0,0.0,0.0,0.0,0.0,0.0,0.0,0.0,0.0,0.0,0.0,0.0,0.0,0.0
32800,4517,2376,0.5260128403807837,1137,933,0.4582687624529555,1266,0.5605490369714412,0.47,3.0149462867818775,3.1019965936907514,6.638613861386139,2.096616965275677,6649.800000000002,1.8189894035458565e-12,6649.8,6649.8,6649.800000000001,9.094947017729282e-13,6649.800000000001,9.094947017729282e-13,28.42970998450299,20.878751847443468,33.43782929399368,19.000030001871536,0.13991587336727918,0.08634049147664379,0.09364622537082135,0.0870046491033872,0.08368386096967013,0.0781492140801417,0.06818684967899048,0.06088111578481293,0.05977418640690724,0.052689838388310824,0.047376577374363515,0.04804073500110693,0.032765109586008416,0.028337392074385653,0.01505423953951738,0.009962364401151207,0.008191277396502104,0.8751071830463009,0.032728068571464805,0.0,0.0,0.0,0.0,0.0,0.0,0.0,0.0,0.0,0.0,0.0,0.0,0.0,0.0,0.0,0.0,0.0,0.0,0.0,0.0,0.0,0.0,0.019924728802302415,0.39185299977861293,2.39096745627629,8.700464910338722,12.552579145450524,4.7952180650874485,0.8766880673013063,0.2723046269647997,4.254026845637584,2.933531078731456,nan,nan,nan,4.181575433911883,2.9450476049085434,4.327260458839406,2.9200177792175546,1.0348397457441618,0.423,0.01932,0.0,0.0,0.0,0.0,0.0,0.0,0.0,0.0,0.0,0.0,0.019924728802302415,3.526676998007522,17.22160726145672,8.886429045826878,0.34536196590657525,0.0,0.0,0.0,0.0,0.0,0.0,0.0,0.0,0.0,0.0,0.0,0.0,0.0,0.0,0.0,nan,nan,4.254026845637584,2.933531078731456,nan,0.423,0.0923,0.0,0.0,0.0,0.0,0.0,0.0,0.0,0.0,0.0,0.0,0.0,0.0,0.0,0.0,0.0,0.0,0.0,0.0007084348018596414,0.0,0.0004981182200575604,0.0008080584458711534,0.0,0.0033872038963914104,0.010460482621208767,0.003841044941332743,0.005069736550808058,0.007427496125747177,0.014102280274518486,0.014611467788355103,0.00467124197476201,0.014390081912773965,0.020666371485499224,0.04262785034314811,0.04239539517378791,0.038189063537746294,0.03578702678769095,0.038565419526234226,0.06715740535753818,0.0659729909231791,0.04768651760017711,0.028547708656187734,0.010881115784812928,0.016559663493469115,0.034713305291122425,0.013261013947310161,0.0051361523134823995,0.02685410670799203,0.05471551914987824,0.04636927164046934,0.028935133938454725,0.043889749833960594,0.022880230241310605,0.015065308833296437,0.04268319681204339,0.019426610582244853,0.027197254815142794,0.032222714190834625,0.007992030108479079,0.012630064201903919,0.0032765109586008413,0.0009298206774407793,0.006851892849236219,0.006940447199468674,0.0009740978525570068,0.007936683639583794,0.003741421297321231,0.00025459375691830864,0.0,0.0,0.00011069293779056896,0.0,0.0,0.0,0.0,0.0,0.0,0.0,0.0,0.0,0.0,0.0,0.0,0.0,0.0,0.0,0.0,0.0,0.0,0.0,0.0,0.0,0.0,0.0,0.0,0.0,0.0,0.0,0.0,0.0,0.0,0.0,nan,nan,4.254026845637584,2.933531078731456,nan,0.874428210384918,0.032712315531731644,0.0,0.0,0.0,0.0,0.0,0.0,0.0,0.0,0.0,0.0,0.0,0.0,0.0,0.0,0.0,0.0,0.0,0.0,0.0,0.0,0.0,0.0,0.02525252525252526,0.3282828282828273,2.6388888888888897,8.813131313131315,12.260101010101014,4.7979797979797985,0.883838383838384,0.2525252525252526,0.8758606809647714,0.03272905659460109,0.0,0.0,0.0,0.0,0.0,0.0,0.0,0.0,0.0,0.0,0.0,0.0,0.0,0.0,0.0,0.0,0.0,0.0,0.0,0.0,0.0,0.0,0.014012143858010279,0.46240074731433767,2.115833722559552,8.57543204110229,12.877160205511446,4.7921531994395155,0.8687529191966373,0.2942550210182158,0.4229,0.01923,0.0,0.0,0.0,0.0,0.0,0.0,0.0,0.0,0.0,0.0,0.01262626262626263,3.5606060606060552,17.260101010101014,8.800505050505052,0.36616161616161624,0.0,0.0,0.0,0.0,0.0,0.0,0.0,0.0,0.0,0.0,0.0,0.0,0.0,0.0,0.0,0.4233,0.01942,0.0,0.0,0.0,0.0,0.0,0.0,0.0,0.0,0.0,0.0,0.028024287716020557,3.4890238206445536,17.1788883699206,8.981784212984588,0.3222793087342364,0.0,0.0,0.0,0.0,0.0,0.0,0.0,0.0,0.0,0.0,0.0,0.0,0.0,0.0,0.0
32900,4627,2326,0.5027015344715798,1140,936,0.4486708450399827,1317,0.5692673438513075,0.46199999999999997,3.0343328987396783,3.116894543514926,6.682852807283763,2.0769404648595553,6649.800000000002,1.8189894035458565e-12,6649.8,6649.8,6649.800000000002,1.8189894035458565e-12,6649.800000000001,9.094947017729282e-13,27.930624594769828,20.730420158999316,32.87075180226571,18.95629640460342,0.1363734601253512,0.09855197752323319,0.09314890858007348,0.08990706721417766,0.08212664793602767,0.07585908796196239,0.06894315971471796,0.06462070456019019,0.05835314458612492,0.05467905770477631,0.043440674303004106,0.043440674303004106,0.03479576399394856,0.01945104819537497,0.017722066133563863,0.011670628917224984,0.006915928247244435,0.8756747161154359,0.033970068125123654,0.0,0.0,0.0,0.0,0.0,0.0,0.0,0.0,0.0,0.0,0.0,0.0,0.0,0.0,0.0,0.0,0.0,0.0,0.0,0.0,0.0,0.0,0.05835314458612493,0.518694618543331,2.217419494272747,8.63626539874649,12.241192997622653,4.972984655284202,1.063323968013832,0.29176572293062464,4.4586541680616,2.8751293643334317,1.0,0.0,0.2242829253641688,4.523319615912208,2.909907763383314,4.393464052287582,2.84169868195672,0.9712919769879144,0.4233,0.0196,0.0,0.0,0.0,0.0,0.0,0.0,0.0,0.0,0.0,0.0,0.025934730927166638,3.520639723362865,17.12988977739356,8.966933218067863,0.35660255024854126,0.0,0.0,0.0,0.0,0.0,0.0,0.0,0.0,0.0,0.0,0.0,0.0,0.0,0.0,0.0,nan,nan,4.456339913014386,2.8755584709971114,nan,0.4233,0.0921,0.0,0.0,0.0,0.0,0.0,0.0,0.0,0.0,0.0,0.0,0.0,0.0,0.0,0.0,0.0,0.0,0.0,0.0006807866868381241,1.0806137886319429e-05,0.0004322455154527772,0.0009617462718824292,1.0806137886319429e-05,0.0030041063323968014,0.010071320510049709,0.0037605359844391614,0.005478711908363951,0.00851523665441971,0.014869245731575534,0.013918305597579426,0.004895180462502702,0.014998919386211368,0.021244867084503998,0.041700886103306675,0.0412686405878539,0.0393235357683164,0.034806570131834885,0.0355413875081046,0.06620920682947914,0.06565809379727686,0.04663929111735466,0.030062675599740653,0.01118435271234061,0.016220012967365464,0.035303652474605575,0.015658093797276854,0.004711476118435271,0.02766371298897774,0.05574886535552194,0.046369137670196674,0.026269721201642532,0.04700669980548952,0.022206613356386427,0.014620704560190188,0.04351631726820834,0.01855413875081046,0.026410200994164686,0.03425545709963259,0.007931705208558461,0.012243354225199914,0.0038145666738707584,0.0004322455154527772,0.006980765074562352,0.006721417765290685,0.0007780419278149989,0.007607521071968879,0.003447157985735898,0.0002593473092716663,0.0,0.0,2.1612275772638858e-05,0.0,0.0,0.0,0.0,0.0,0.0,0.0,0.0,0.0,0.0,0.0,0.0,0.0,0.0,0.0,0.0,0.0,0.0,0.0,0.0,0.0,0.0,0.0,0.0,0.0,0.0,0.0,0.0,0.0,0.0,0.0,nan,nan,4.456339913014386,2.8755584709971114,nan,0.8758911885840054,0.03422882016974968,0.0,0.0,0.0,0.0,0.0,0.0,0.0,0.0,0.0,0.0,0.0,0.0,0.0,0.0,0.0,0.0,0.0,0.0,0.0,0.0,0.0,0.0,0.06448839208942392,0.5932932072226981,2.0894239036973348,8.422184006878764,12.484952708512472,4.901117798796218,1.134995700773861,0.3095442820292348,0.8754558917078336,0.033705072993953936,0.0,0.0,0.0,0.0,0.0,0.0,0.0,0.0,0.0,0.0,0.0,0.0,0.0,0.0,0.0,0.0,0.0,0.0,0.0,0.0,0.0,0.0,0.05215123859191657,0.44328552803128934,2.3468057366362456,8.852672750977836,11.99478487614081,5.045632333767927,0.9908735332464148,0.273794002607562,0.423,0.01955,0.0,0.0,0.0,0.0,0.0,0.0,0.0,0.0,0.0,0.0,0.025795356835769567,3.4952708512467705,17.07652622527945,9.092863284608772,0.3095442820292348,0.0,0.0,0.0,0.0,0.0,0.0,0.0,0.0,0.0,0.0,0.0,0.0,0.0,0.0,0.0,0.4233,0.01965,0.0,0.0,0.0,0.0,0.0,0.0,0.0,0.0,0.0,0.0,0.026075619295958283,3.546284224250321,17.18383311603651,8.839634941329859,0.4041720990873534,0.0,0.0,0.0,0.0,0.0,0.0,0.0,0.0,0.0,0.0,0.0,0.0,0.0,0.0,0.0
33000,4672,2278,0.4875856164383562,1038,1040,0.444777397260274,1271,0.5440924657534246,0.46599999999999997,2.8776106934001673,3.0710834988314124,6.505109489051095,2.025109573241059,6649.800000000001,9.094947017729282e-13,6649.8,6649.8,6649.800000000001,9.094947017729282e-13,6649.800000000001,9.094947017729282e-13,27.992508561643834,20.78915443605205,32.6673402374337,19.137666712981257,0.13420376712328766,0.0976027397260274,0.09931506849315068,0.08946917808219178,0.08497431506849315,0.07363013698630137,0.06378424657534247,0.06528253424657535,0.05565068493150685,0.05843321917808219,0.04601883561643835,0.03724315068493151,0.032748287671232876,0.027183219178082193,0.017337328767123288,0.009203767123287672,0.007919520547945206,0.8741597595611867,0.03484746139666925,0.0,0.0,0.0,0.0,0.0,0.0,0.0,0.0,0.0,0.0,0.0,0.0,0.0,0.0,0.0,0.0,0.0,0.0,0.0,0.0,0.0,0.01926369863013699,0.12200342465753428,0.49443493150684775,2.3244863013698636,9.06678082191781,12.148972602739729,4.5077054794520555,0.9567636986301372,0.3595890410958905,4.304679721208098,2.909082793644037,4.666666666666667,1.5986105077709065,1.0840914931894117,4.272063702720637,2.9164947329733923,4.338624338624339,2.8973423713034827,1.015580440867797,0.4233,0.01952,0.0,0.0,0.0,0.0,0.0,0.0,0.0,0.0,0.0,0.0,0.05779109589041097,3.5573630136986245,16.939212328767127,9.143835616438357,0.3017979452054795,0.0,0.0,0.0,0.0,0.0,0.0,0.0,0.0,0.0,0.0,0.0,0.0,0.0,0.0,0.0,nan,nan,4.305399138787678,2.907108966295175,nan,0.4233,0.0921,0.0,0.0,0.0,0.0,0.0,0.0,0.0,0.0,0.0,0.0,0.0,0.0,0.0,0.0,0.0,0.0,0.0,0.0007705479452054794,0.00010702054794520547,0.000663527397260274,0.0007919520547945205,0.00012842465753424656,0.003574486301369863,0.00916095890410959,0.0031142979452054792,0.0055115582191780825,0.007908818493150685,0.014811643835616438,0.014672517123287671,0.004088184931506849,0.014683219178082192,0.023116438356164382,0.042872431506849315,0.03885916095890411,0.039961472602739724,0.03421446917808219,0.03608732876712329,0.0659888698630137,0.06487585616438356,0.04575128424657534,0.03232020547945205,0.012478595890410959,0.017829623287671233,0.03394691780821918,0.014704623287671232,0.004377140410958904,0.027654109589041097,0.05675299657534247,0.04580479452054795,0.025845462328767124,0.04762414383561644,0.022345890410958903,0.01425513698630137,0.04236943493150685,0.019317208904109588,0.02618792808219178,0.03270547945205479,0.008518835616438356,0.012136130136986301,0.00410958904109589,0.0007491438356164383,0.006688784246575342,0.007159674657534246,0.0007170376712328767,0.006892123287671233,0.004323630136986301,0.000449486301369863,0.0,0.0,2.1404109589041096e-05,0.0,0.0,0.0,0.0,0.0,0.0,0.0,0.0,0.0,0.0,0.0,0.0,0.0,0.0,0.0,0.0,0.0,0.0,0.0,0.0,0.0,0.0,0.0,0.0,0.0,0.0,0.0,0.0,0.0,0.0,0.0,nan,nan,4.305399138787678,2.907108966295175,nan,0.8738050354584149,0.03513652446400722,0.0,0.0,0.0,0.0,0.0,0.0,0.0,0.0,0.0,0.0,0.0,0.0,0.0,0.0,0.0,0.0,0.0,0.0,0.0,0.0,0.0,0.013169446883230908,0.10535557506584727,0.5662862159789271,2.4495171202809485,9.100087796312556,11.90517998244074,4.556628621597894,0.9745390693590871,0.32923617208077266,0.8744972956957375,0.03456678088657744,0.0,0.0,0.0,0.0,0.0,0.0,0.0,0.0,0.0,0.0,0.0,0.0,0.0,0.0,0.0,0.0,0.0,0.0,0.0,0.0,0.0,0.025062656641604016,0.13784461152882208,0.4260651629072668,2.205513784461153,9.035087719298247,12.380952380952383,4.461152882205514,0.9398496240601506,0.38847117794486224,0.423,0.01979,0.0,0.0,0.0,0.0,0.0,0.0,0.0,0.0,0.0,0.0,0.06584723441615453,3.56892010535557,17.093942054433718,8.942054433713785,0.32923617208077266,0.0,0.0,0.0,0.0,0.0,0.0,0.0,0.0,0.0,0.0,0.0,0.0,0.0,0.0,0.0,0.4236,0.01924,0.0,0.0,0.0,0.0,0.0,0.0,0.0,0.0,0.0,0.0,0.05012531328320803,3.546365914786962,16.79197994987469,9.335839598997495,0.27568922305764415,0.0,0.0,0.0,0.0,0.0,0.0,0.0,0.0,0.0,0.0,0.0,0.0,0.0,0.0,0.0
33100,4614,2383,0.5164716081491114,1141,905,0.4434330299089727,1294,0.5609016038144776,0.47,3.147467503361721,3.173065940639415,6.721556886227545,2.1129092739768476,6649.800000000001,9.094947017729282e-13,6649.8,6649.8,6649.800000000001,9.094947017729282e-13,6649.800000000001,9.094947017729282e-13,28.081491114000865,20.80411749106301,33.00695517774343,18.997903923333663,0.14044213263979194,0.09514521022973559,0.09254442999566537,0.08842652795838751,0.07282184655396619,0.08040745557000434,0.06935413957520589,0.06740355439965323,0.05808409189423494,0.054616384915474644,0.045513654096228866,0.04204594711746858,0.03229302123970525,0.026657997399219768,0.017988729952319028,0.011053315994798439,0.005201560468140442,0.8744054030793335,0.03497072100889195,0.0,0.0,0.0,0.0,0.0,0.0,0.0,0.0,0.0,0.0,0.0,0.0,0.0,0.0,0.0,0.0,0.0,0.0,0.0,0.0,0.01950585175552666,0.0,0.058517555266579986,0.48114434330298944,2.574772431729519,9.08322496749025,11.71651495448635,4.603381014304292,1.1443433029908974,0.3185955786736021,4.474553420963937,2.913876056300361,4.0,2.449489742783178,0.8939439590238023,4.46082337317397,2.926749437561027,4.487704918032787,2.8997101193592805,1.006026139707856,0.4219,0.01984,0.0,0.0,0.0,0.0,0.0,0.0,0.0,0.0,0.0,0.0,0.04551365409622888,3.8946684005201506,17.750325097529263,7.880364109232771,0.422626788036411,0.006501950585175554,0.0,0.0,0.0,0.0,0.0,0.0,0.0,0.0,0.0,0.0,0.0,0.0,0.0,0.0,nan,nan,4.474074074074074,2.913483325063338,nan,0.4219,0.0918,0.0,0.0,0.0,0.0,0.0,0.0,0.0,0.0,0.0,0.0,0.0,0.0,0.0,0.0,0.0,0.0,0.0,0.0008452535760728218,0.0001950585175552666,0.0005093194625054183,0.0008452535760728218,0.00013003901170351105,0.0034677069787602947,0.008972691807542262,0.003608582574772432,0.005873428695275249,0.007423060251408756,0.015485478977026441,0.01482444733420026,0.004432162982228002,0.012798006068487213,0.02545513654096229,0.04277199826614651,0.041883398352839184,0.04052882531426095,0.0355765062852189,0.0358257477243173,0.06589726918075423,0.06405504984828782,0.04231686172518422,0.03392934547030776,0.013404854789770264,0.018812310359774598,0.03624837451235371,0.015658864325964455,0.004096228868660598,0.027850021673168617,0.0582791504117902,0.04395318595578673,0.02489163415691374,0.04394234937147811,0.02393801473775466,0.013025574338968357,0.04133073255309926,0.018476376246207196,0.025379280450801907,0.033138274815778065,0.0077373211963589076,0.011703511053315995,0.004009536194191591,0.0008344169917641959,0.007293021239705245,0.007087126137841352,0.0006068487212830516,0.005754226267880364,0.004540528825314261,0.00029258777633289984,1.0836584308625921e-05,0.0,4.3346337234503684e-05,0.0,1.0836584308625921e-05,0.0,0.0,0.0,0.0,0.0,0.0,0.0,0.0,0.0,0.0,0.0,0.0,0.0,0.0,0.0,0.0,0.0,0.0,0.0,0.0,0.0,0.0,0.0,0.0,0.0,0.0,0.0,0.0,0.0,nan,nan,4.474074074074074,2.913483325063338,nan,0.8739197258433024,0.03529333338994316,0.0,0.0,0.0,0.0,0.0,0.0,0.0,0.0,0.0,0.0,0.0,0.0,0.0,0.0,0.0,0.0,0.0,0.0,0.0,0.0,0.03776751993285775,0.0,0.08812421317666809,0.5161561057490542,2.668904741921948,8.950902224087287,11.707931179185904,4.708350818296266,1.0197230381871591,0.302140159462862,0.8749241699343142,0.0346152828554082,0.0,0.0,0.0,0.0,0.0,0.0,0.0,0.0,0.0,0.0,0.0,0.0,0.0,0.0,0.0,0.0,0.0,0.0,0.0,0.0,0.0,0.0,0.026893769610040346,0.44374719856566425,2.474226804123712,9.224562976243838,11.725683549977592,4.491259524876738,1.2774540564769163,0.3361721201255043,0.4216,0.01968,0.0,0.0,0.0,0.0,0.0,0.0,0.0,0.0,0.0,0.0,0.03776751993285775,3.902643726395295,17.83885858161981,7.855644146034412,0.36508602601762496,0.0,0.0,0.0,0.0,0.0,0.0,0.0,0.0,0.0,0.0,0.0,0.0,0.0,0.0,0.0,0.422,0.02,0.0,0.0,0.0,0.0,0.0,0.0,0.0,0.0,0.0,0.0,0.05378753922008069,3.8861497086508234,17.655759748991485,7.906768265351862,0.4840878529807262,0.013446884805020173,0.0,0.0,0.0,0.0,0.0,0.0,0.0,0.0,0.0,0.0,0.0,0.0,0.0,0.0
33200,4823,2513,0.521044992743106,1199,989,0.45365954799917063,1366,0.5664524155090193,0.43799999999999994,2.9675324675324677,2.990067608080779,6.440366972477064,1.9383362107598416,6649.800000000001,9.094947017729282e-13,6649.8,6649.8,6649.800000000002,1.8189894035458565e-12,6649.800000000002,1.8189894035458565e-12,27.79286750984864,20.624150971246014,32.716720177821685,18.841162367771354,0.13912502591747875,0.09931577856106158,0.08957080655193862,0.08832676757205059,0.07899647522289031,0.08065519386274103,0.07775243624300228,0.06614140576404727,0.05266431681526021,0.052456976985278875,0.04478540327596931,0.04043126684636118,0.032552353307070285,0.022807381297947335,0.018867924528301886,0.009537632179141614,0.006012855069458843,0.8742976104746017,0.035580522575310504,0.0,0.0,0.0,0.0,0.0,0.0,0.0,0.0,0.0,0.0,0.0,0.0,0.0,0.0,0.0,0.0,0.0,0.0,0.0,0.0,0.0,0.012440389798880368,0.09952311839104294,0.4976155919552131,2.606261662865437,8.913539290897782,11.955214596724034,4.422558573501971,1.0138917686087499,0.47895500725689416,4.156869009584664,2.782991318012373,4.5,0.5,1.0825455383905926,4.124681933842239,2.8001229458838894,4.190506735086594,2.764247540325312,1.01595875810551,0.422,0.01921,0.0,0.0,0.0,0.0,0.0,0.0,0.0,0.0,0.0,0.0,0.0373211693966411,3.694795770267463,17.94526228488493,7.992950445780636,0.3296703296703298,0.0,0.0,0.0,0.0,0.0,0.0,0.0,0.0,0.0,0.0,0.0,0.0,0.0,0.0,0.0,nan,nan,4.157088122605364,2.782144803462315,nan,0.422,0.0919,0.0,0.0,0.0,0.0,0.0,0.0,0.0,0.0,0.0,0.0,0.0,0.0,0.0,0.0,0.0,0.0,0.0,0.0009848641924113622,0.0002591747874766743,0.0005079825834542816,0.0008708272859216256,0.00022807381297947337,0.0034418411776902342,0.008335061165249845,0.0037010159651669084,0.006427534729421522,0.008449098071739582,0.015591955214596723,0.015654157163591125,0.0045511092680904,0.01314534522081692,0.024994816504250467,0.04149906697076508,0.040327596931370516,0.038523740410532865,0.035237404105328635,0.03551731287580344,0.06534314741861912,0.06372589674476467,0.04276383993365125,0.03602529545925772,0.013010574331329048,0.01756168359941945,0.03706199460916442,0.01628654364503421,0.0037735849056603774,0.02943188886585113,0.058065519386274106,0.045645863570391874,0.02347086875388762,0.04186191167323243,0.024828944640265395,0.012004976155919552,0.04339622641509434,0.018639850715322412,0.02635289239062824,0.032158407630105745,0.007381297947335683,0.013207547169811321,0.003649181007671574,0.0010159651669085631,0.007443499896330085,0.006966618287373005,0.0007567903794318888,0.00499688990255028,0.004685880157578271,0.00016587186398507153,5.1834957495334856e-05,0.0,2.073398299813394e-05,0.0,0.0,0.0,0.0,0.0,0.0,0.0,0.0,0.0,0.0,0.0,0.0,0.0,0.0,0.0,0.0,0.0,0.0,0.0,0.0,0.0,0.0,0.0,0.0,0.0,0.0,0.0,0.0,0.0,0.0,0.0,nan,nan,4.157088122605364,2.782144803462315,nan,0.8742949076492,0.03576209708081999,0.0,0.0,0.0,0.0,0.0,0.0,0.0,0.0,0.0,0.0,0.0,0.0,0.0,0.0,0.0,0.0,0.0,0.0,0.0,0.0,0.0,0.0,0.10744130521289298,0.46557898925586805,2.566653402307999,9.060883406287308,11.914046955829688,4.452845204934342,0.907282132908874,0.5252686032630324,0.8743005508210235,0.03538193306417077,0.0,0.0,0.0,0.0,0.0,0.0,0.0,0.0,0.0,0.0,0.0,0.0,0.0,0.0,0.0,0.0,0.0,0.0,0.0,0.0,0.0,0.02597402597402598,0.09090909090909094,0.5324675324675308,2.64935064935065,8.753246753246755,12.000000000000004,4.38961038961039,1.1298701298701301,0.42857142857142866,0.422,0.01912,0.0,0.0,0.0,0.0,0.0,0.0,0.0,0.0,0.0,0.0,0.047751691205730216,3.6530043772383554,17.799442896935936,8.201352964584164,0.2984480700358138,0.0,0.0,0.0,0.0,0.0,0.0,0.0,0.0,0.0,0.0,0.0,0.0,0.0,0.0,0.0,0.422,0.0193,0.0,0.0,0.0,0.0,0.0,0.0,0.0,0.0,0.0,0.0,0.02597402597402598,3.740259740259735,18.10389610389611,7.766233766233768,0.36363636363636376,0.0,0.0,0.0,0.0,0.0,0.0,0.0,0.0,0.0,0.0,0.0,0.0,0.0,0.0,0.0
33300,4588,2353,0.5128596338273758,1126,924,0.44681778552746293,1288,0.5614646904969486,0.46599999999999997,3.0049217002237136,3.077009055139872,6.61014263074485,1.9881164732464025,6649.800000000001,9.094947017729282e-13,6649.8,6649.8,6649.800000000001,9.094947017729282e-13,6649.800000000002,1.8189894035458565e-12,27.40431560592851,20.667674970808836,32.395931142410014,18.94520953020596,0.14298169136878813,0.10701830863121185,0.0919790758500436,0.08587619877942458,0.07999128160418482,0.07672188317349608,0.06604184829991282,0.06604184829991282,0.06320836965998257,0.05448997384481256,0.03792502179598954,0.04163034001743679,0.02898866608544028,0.02070619006102877,0.02005231037489102,0.009372275501307759,0.006974716652136007,0.8763072243205547,0.035342082552562104,0.0,0.0,0.0,0.0,0.0,0.0,0.0,0.0,0.0,0.0,0.0,0.0,0.0,0.0,0.0,0.0,0.0,0.0,0.0,0.0,0.013077593722755016,0.02615518744551003,0.06538796861377508,0.4642545771578015,2.112031386224935,8.905841325196166,11.776373147340893,4.989102005231039,1.2685265911072365,0.3792502179598955,4.343975283213182,2.819390996452163,2.2,2.039607805437114,0.506448553816975,4.370624571036376,2.785128505189467,4.310061601642711,2.853308668716104,0.986143177385903,0.4214,0.01978,0.0,0.0,0.0,0.0,0.0,0.0,0.0,0.0,0.0,0.0,0.09808195292066263,4.008282476024406,17.589363557105496,7.977332170880559,0.32693984306887536,0.0,0.0,0.0,0.0,0.0,0.0,0.0,0.0,0.0,0.0,0.0,0.0,0.0,0.0,0.0,nan,nan,4.340301576422207,2.8196340240680584,nan,0.4214,0.0918,0.0,0.0,0.0,0.0,0.0,0.0,0.0,0.0,0.0,0.0,0.0,0.0,0.0,0.0,0.0,0.0,0.0,0.0009372275501307759,0.0006647776809067131,0.00044681778552746297,0.0010135135135135136,0.00011987794245858762,0.0036181342632955536,0.009219703574542285,0.003683522231909329,0.0068548387096774195,0.008860069747166521,0.014788578901482127,0.016870095902353967,0.003945074106364429,0.012380122057541413,0.0243897122929381,0.043428509154315606,0.04135789014821273,0.039298169136878815,0.03352223190932868,0.03432868352223191,0.06376416739319965,0.0639276373147341,0.038698779424585876,0.03785963382737576,0.014853966870095903,0.01636878814298169,0.0379359197907585,0.017731037489102004,0.004914995640802092,0.03126634699215344,0.05846774193548387,0.04702484742807323,0.022406277244986922,0.04010462074978204,0.026939843068875327,0.012914123801220576,0.041434176111595465,0.017818221447253705,0.02616608544027899,0.031560592850915434,0.006026591107236269,0.013230165649520488,0.004173931996512642,0.0011769834350479512,0.0067458587619877945,0.006789450741063644,0.0005448997384481255,0.005089363557105492,0.0041957279860505665,6.538796861377506e-05,7.628596338273758e-05,0.0,0.0,0.0,0.0,0.0,0.0,0.0,0.0,0.0,0.0,0.0,0.0,0.0,0.0,0.0,0.0,0.0,0.0,0.0,0.0,0.0,0.0,0.0,0.0,0.0,0.0,0.0,0.0,0.0,0.0,0.0,0.0,0.0,nan,nan,4.340301576422207,2.8196340240680584,nan,0.8767346423887162,0.035228119978915104,0.0,0.0,0.0,0.0,0.0,0.0,0.0,0.0,0.0,0.0,0.0,0.0,0.0,0.0,0.0,0.0,0.0,0.0,0.0,0.0,0.012749681257968553,0.03824904377390566,0.05099872503187421,0.4079898002549924,2.052698682532937,8.924776880577987,11.742456438589038,5.087122821929452,1.3259668508287297,0.3569910752231195,0.8758572401083022,0.035456098936613514,0.0,0.0,0.0,0.0,0.0,0.0,0.0,0.0,0.0,0.0,0.0,0.0,0.0,0.0,0.0,0.0,0.0,0.0,0.0,0.0,0.013422818791946312,0.013422818791946312,0.08053691275167786,0.5234899328859044,2.1744966442953024,8.885906040268457,11.812080536912754,4.885906040268457,1.208053691275168,0.40268456375838935,0.4216,0.01967,0.0,0.0,0.0,0.0,0.0,0.0,0.0,0.0,0.0,0.0,0.08924776880577988,4.016149596260088,17.569060773480665,7.9940501487462825,0.3314917127071824,0.0,0.0,0.0,0.0,0.0,0.0,0.0,0.0,0.0,0.0,0.0,0.0,0.0,0.0,0.0,0.4211,0.01988,0.0,0.0,0.0,0.0,0.0,0.0,0.0,0.0,0.0,0.0,0.1073825503355705,3.9999999999999942,17.61073825503356,7.959731543624163,0.32214765100671144,0.0,0.0,0.0,0.0,0.0,0.0,0.0,0.0,0.0,0.0,0.0,0.0,0.0,0.0,0.0
33400,4715,2418,0.512831389183457,1109,931,0.432661717921527,1298,0.5505832449628845,0.478,2.95254680017414,3.140577160742406,6.746456692913386,2.0180990227061035,6649.800000000001,9.094947017729282e-13,6649.8,6649.8,6649.800000000002,1.8189894035458565e-12,6649.800000000001,9.094947017729282e-13,27.774125132555675,20.912525197371153,32.758166624461886,19.19976714115542,0.1395546129374337,0.10307529162248144,0.09671261930010605,0.08865323435843055,0.07804878048780488,0.07295864262990456,0.06808059384941675,0.062354188759278895,0.054931071049840935,0.053022269353128315,0.046447507953340406,0.04369034994697773,0.03138918345705196,0.02545068928950159,0.018451749734888653,0.012513255567338281,0.0046659597030752915,0.8766351137029783,0.0356405883605181,0.0,0.0,0.0,0.0,0.0,0.0,0.0,0.0,0.0,0.0,0.0,0.0,0.0,0.0,0.0,0.0,0.0,0.0,0.0,0.0,0.0,0.0254506892895016,0.13361611876988339,0.5535524920466579,2.1633085896076354,8.016967126193002,12.305408271474022,5.242841993637329,1.1770943796394489,0.38176033934252396,4.3345575959933225,2.9177239333408864,6.5,0.5,1.4995763364658758,4.243297587131368,2.874343726923341,4.424202127659575,2.953919034312225,1.0426330081295347,0.4204,0.01955,0.0,0.0,0.0,0.0,0.0,0.0,0.0,0.0,0.0,0.0,0.07635206786850478,4.250265111346759,18.07635206786851,7.227995758218453,0.36267232237539776,0.0063626723223754,0.0,0.0,0.0,0.0,0.0,0.0,0.0,0.0,0.0,0.0,0.0,0.0,0.0,0.0,nan,nan,4.336002669336002,2.9173148321397715,nan,0.4204,0.09155,0.0,0.0,0.0,0.0,0.0,0.0,0.0,0.0,0.0,0.0,0.0,0.0,0.0,0.0,0.0,0.0,0.0,0.001102863202545069,0.0005514316012725345,0.0003181336161187699,0.0011664899257688229,3.1813361611876987e-05,0.0035100742311770946,0.008769883351007424,0.003647932131495228,0.007094379639448568,0.008865323435843054,0.013404029692470837,0.01694591728525981,0.003732767762460233,0.012460233297985153,0.024559915164369034,0.04523860021208908,0.04145281018027572,0.039554612937433724,0.03457051961823966,0.03399787910922587,0.06777306468716861,0.06419936373276776,0.03992576882290562,0.03733828207847296,0.015641569459172854,0.017815482502651112,0.038865323435843056,0.016224814422057265,0.0046659597030752915,0.031230116648992577,0.05724284199363733,0.04717921527041358,0.019597030752916224,0.03942735949098621,0.025270413573700953,0.012364793213149523,0.04112407211028632,0.018441145281018027,0.027539766702014846,0.0296288441145281,0.005408271474019088,0.012195121951219513,0.003488865323435843,0.0016118769883351008,0.007497348886532343,0.006277836691410393,0.0006256627783669141,0.005800636267232238,0.004485683987274655,1.0604453870625662e-05,0.00012725344644750795,0.0,0.0,0.0,0.0,0.0,0.0,0.0,0.0,0.0,0.0,0.0,0.0,0.0,0.0,0.0,0.0,0.0,0.0,0.0,0.0,0.0,0.0,0.0,0.0,0.0,0.0,0.0,0.0,0.0,0.0,0.0,0.0,0.0,nan,nan,4.336002669336002,2.9173148321397715,nan,0.8765909378690302,0.03546773145200708,0.0,0.0,0.0,0.0,0.0,0.0,0.0,0.0,0.0,0.0,0.0,0.0,0.0,0.0,0.0,0.0,0.0,0.0,0.0,0.0,0.0,0.024813895781637722,0.17369727047146408,0.5334987593052092,2.133995037220844,7.965260545905709,12.468982630272956,5.186104218362284,1.2282878411910672,0.2853598014888338,0.8766816166052364,0.03582159089024292,0.0,0.0,0.0,0.0,0.0,0.0,0.0,0.0,0.0,0.0,0.0,0.0,0.0,0.0,0.0,0.0,0.0,0.0,0.0,0.0,0.0,0.026121027427078804,0.09142359599477581,0.5746626033957318,2.1941663038746193,8.07139747496735,12.133217239878105,5.302568567696997,1.1232041793643885,0.4832390074009579,0.4202,0.01964,0.0,0.0,0.0,0.0,0.0,0.0,0.0,0.0,0.0,0.0,0.08684863523573204,4.39205955334987,17.940446650124073,7.245657568238215,0.3349875930521093,0.0,0.0,0.0,0.0,0.0,0.0,0.0,0.0,0.0,0.0,0.0,0.0,0.0,0.0,0.0,0.421,0.01944,0.0,0.0,0.0,0.0,0.0,0.0,0.0,0.0,0.0,0.0,0.065302568567697,4.101001306051366,18.219416630387464,7.20940356987375,0.3918154114061821,0.013060513713539402,0.0,0.0,0.0,0.0,0.0,0.0,0.0,0.0,0.0,0.0,0.0,0.0,0.0,0.0
33500,4897,2440,0.4982642434143353,1117,1032,0.4388401061874617,1384,0.5652440269552788,0.43399999999999994,2.8408628408628407,2.961067232912071,6.272992700729927,2.0425940159060816,6649.800000000001,9.094947017729282e-13,6649.8,6649.8,6649.800000000001,9.094947017729282e-13,6649.8,0.0,27.963038595058197,20.961979789345595,32.9878137947843,19.187044426423014,0.14437410659587502,0.09720236879722279,0.09128037574024914,0.09148458239738616,0.07678170308352052,0.06820502348376557,0.07065550336940984,0.06861343679803962,0.058403103941188486,0.052481110884214824,0.0459464978558301,0.039616091484582394,0.031039411884827447,0.02593424545640188,0.019603839085154177,0.011027159485399224,0.007351439656932816,0.8766645968556769,0.03581725611092977,0.0,0.0,0.0,0.0,0.0,0.0,0.0,0.0,0.0,0.0,0.0,0.0,0.0,0.0,0.0,0.0,0.0,0.0,0.0,0.0,0.0,0.024504798856442727,0.153154992852767,0.44108637941596757,2.205431897079845,8.3745150091893,12.148254033081482,4.962221768429652,1.3171329385337966,0.37369818256075155,4.243442098528471,2.721195952112823,5.0,2.3804761428476167,1.1782887297399172,4.282732447817837,2.737355912447984,4.205161290322581,2.7037320335915878,0.9818874612317234,0.4211,0.02002,0.0,0.0,0.0,0.0,0.0,0.0,0.0,0.0,0.0,0.0,0.09189299571166022,4.312844598733912,17.404533387788444,7.810904635491118,0.37982438227486226,0.0,0.0,0.0,0.0,0.0,0.0,0.0,0.0,0.0,0.0,0.0,0.0,0.0,0.0,0.0,nan,nan,4.2448914431673055,2.7207851549184023,nan,0.4211,0.09106,0.0,0.0,0.0,0.0,0.0,0.0,0.0,0.0,0.0,0.0,0.0,0.0,0.0,0.0,0.0,0.0,0.0,0.0009699816214008577,0.0004084133142740453,0.0005105166428425567,0.001072084949969369,4.0841331427404534e-05,0.0026546865427812946,0.008934041249744742,0.003379620175617725,0.00603430671839902,0.008903410251174188,0.013998366346742903,0.01737798652236063,0.0031856238513375537,0.011874617112517869,0.022820093935062284,0.0440882172758832,0.040504390443128445,0.04068817643455177,0.035797426996120076,0.0342046150704513,0.06450888298958546,0.06550949560955688,0.04034102511741883,0.039983663467429036,0.017694506840923014,0.01710230753522565,0.03948335715744333,0.014988768633857464,0.005197059424137227,0.03010006126199714,0.05749438431692873,0.04833571574433326,0.018899326118031447,0.04065754543598121,0.025781090463549112,0.01242597508678783,0.04151521339595671,0.01819481315090872,0.028507249336328363,0.028057994690626916,0.004227077802736369,0.012844598733918727,0.0037676128241780683,0.001766387584235246,0.008280579946906268,0.006156830712681234,0.0007249336328364305,0.005340004084133143,0.004543598121298754,4.0841331427404534e-05,7.147232999795794e-05,1.0210332856851133e-05,0.0,0.0,0.0,0.0,0.0,0.0,0.0,0.0,0.0,0.0,0.0,0.0,0.0,0.0,0.0,0.0,0.0,0.0,0.0,0.0,0.0,0.0,0.0,0.0,0.0,0.0,0.0,0.0,0.0,0.0,0.0,0.0,nan,nan,4.2448914431673055,2.7207851549184023,nan,0.8765273673124001,0.035838008428841134,0.0,0.0,0.0,0.0,0.0,0.0,0.0,0.0,0.0,0.0,0.0,0.0,0.0,0.0,0.0,0.0,0.0,0.0,0.0,0.0,0.0,0.03688524590163935,0.17213114754098366,0.3688524590163923,2.3606557377049184,8.213114754098362,12.061475409836069,5.040983606557378,1.4262295081967218,0.31967213114754106,0.8768008769067943,0.035796114834388625,0.0,0.0,0.0,0.0,0.0,0.0,0.0,0.0,0.0,0.0,0.0,0.0,0.0,0.0,0.0,0.0,0.0,0.0,0.0,0.0,0.0,0.012210012210012213,0.13431013431013433,0.5128205128205112,2.0512820512820515,8.534798534798536,12.234432234432237,4.884004884004884,1.208791208791209,0.42735042735042744,0.421,0.01984,0.0,0.0,0.0,0.0,0.0,0.0,0.0,0.0,0.0,0.0,0.09836065573770494,4.377049180327863,17.52049180327869,7.598360655737706,0.4057377049180329,0.0,0.0,0.0,0.0,0.0,0.0,0.0,0.0,0.0,0.0,0.0,0.0,0.0,0.0,0.0,0.4216,0.02017,0.0,0.0,0.0,0.0,0.0,0.0,0.0,0.0,0.0,0.0,0.0854700854700855,4.249084249084243,17.289377289377292,8.021978021978024,0.35409035409035416,0.0,0.0,0.0,0.0,0.0,0.0,0.0,0.0,0.0,0.0,0.0,0.0,0.0,0.0,0.0
33600,4898,2466,0.5034708044099633,1186,988,0.44385463454471213,1409,0.5753368721927318,0.45799999999999996,2.976151315789474,3.063783080862158,6.535112359550562,2.0115963638850505,6649.800000000001,9.094947017729282e-13,6649.8,6649.8,6649.800000000002,1.8189894035458565e-12,6649.800000000001,9.094947017729282e-13,28.2817476521029,20.997662610007993,33.186576205476136,19.231682326773985,0.13862801143323805,0.0986116782360147,0.0902409146590445,0.09064924458962842,0.08023683135973866,0.06839526337280523,0.07186606778276848,0.05451204573295223,0.05982033483054308,0.060432829726418946,0.045937117190690074,0.04042466312780727,0.03777051857901184,0.027970600244997958,0.01837484687627603,0.009391588403429971,0.006737443854634545,0.8754486673678511,0.03574116762717024,0.0,0.0,0.0,0.0,0.0,0.0,0.0,0.0,0.0,0.0,0.0,0.0,0.0,0.0,0.0,0.0,0.0,0.0,0.0,0.0,0.0,0.018374846876276035,0.12862392813393225,0.5022458146182099,2.3091057574520217,8.630053082890978,12.09677419354839,4.777460187831768,1.0841159657002861,0.4532462229481422,4.300503461296413,2.806762668166444,3.8,1.7204650534085253,0.8836174727445673,4.237223974763407,2.7821880259365934,4.361702127659575,2.826981585983953,1.0293772889131068,0.4202,0.01929,0.0,0.0,0.0,0.0,0.0,0.0,0.0,0.0,0.0,0.0,0.09799918334013885,4.14046549612086,18.276847692935895,7.245814618211516,0.23887300939158845,0.0,0.0,0.0,0.0,0.0,0.0,0.0,0.0,0.0,0.0,0.0,0.0,0.0,0.0,0.0,nan,nan,4.299717247879359,2.8054561615598086,nan,0.4202,0.0905,0.0,0.0,0.0,0.0,0.0,0.0,0.0,0.0,0.0,0.0,0.0,0.0,0.0,0.0,0.0,0.0,0.0,0.0006022866476112699,0.0004083299305839118,0.0005002041649652919,0.0008881175990200082,0.0,0.0017762351980400164,0.008952633728052266,0.0030522662311147407,0.005318497345855451,0.010146998775010208,0.015128623928133932,0.01647611269906084,0.0024601878317680684,0.011463862801143324,0.024663127807268273,0.045355247039608006,0.039924458962841976,0.0430583911800735,0.03597386688444263,0.03486116782360147,0.06643527970600245,0.06506737443854635,0.03999591670069416,0.04176194365046958,0.018354430379746836,0.016455696202531647,0.04106778276847693,0.015720702327480605,0.0050428746427113105,0.03065536953858718,0.05506329113924051,0.04687627603103307,0.017384646794610045,0.039710085749285425,0.02417313189056758,0.013158432013066558,0.04012862392813393,0.018058391180073498,0.027419354838709678,0.030532870559412006,0.0046957942017149855,0.011565945283789302,0.0032462229481420987,0.001888525928950592,0.007972641894650878,0.00597182523478971,0.0010718660677827684,0.005675786035116374,0.0037260106165781953,0.0,0.00011229073091057574,0.0,0.0,0.0,0.0,0.0,0.0,0.0,0.0,0.0,0.0,0.0,0.0,0.0,0.0,0.0,0.0,0.0,0.0,0.0,0.0,0.0,0.0,0.0,0.0,0.0,0.0,0.0,0.0,0.0,0.0,0.0,0.0,0.0,nan,nan,4.299717247879359,2.8054561615598086,nan,0.8754114512254432,0.036511475953485334,0.0,0.0,0.0,0.0,0.0,0.0,0.0,0.0,0.0,0.0,0.0,0.0,0.0,0.0,0.0,0.0,0.0,0.0,0.0,0.0,0.0,0.024330900243309007,0.15815085158150857,0.5231143552311419,2.3844282238442824,8.552311435523116,11.995133819951342,4.744525547445257,1.0827250608272507,0.5352798053527982,0.8754864038017235,0.0349427149069808,0.0,0.0,0.0,0.0,0.0,0.0,0.0,0.0,0.0,0.0,0.0,0.0,0.0,0.0,0.0,0.0,0.0,0.0,0.0,0.0,0.0,0.012335526315789477,0.09868421052631582,0.481085526315788,2.232730263157895,8.70888157894737,12.199835526315793,4.810855263157896,1.085526315789474,0.3700657894736843,0.4202,0.01958,0.0,0.0,0.0,0.0,0.0,0.0,0.0,0.0,0.0,0.0,0.10948905109489053,4.282238442822378,17.968369829683702,7.372262773722629,0.2676399026763991,0.0,0.0,0.0,0.0,0.0,0.0,0.0,0.0,0.0,0.0,0.0,0.0,0.0,0.0,0.0,0.4204,0.019,0.0,0.0,0.0,0.0,0.0,0.0,0.0,0.0,0.0,0.0,0.08634868421052634,3.9967105263157836,18.58963815789474,7.117598684210527,0.2097039473684211,0.0,0.0,0.0,0.0,0.0,0.0,0.0,0.0,0.0,0.0,0.0,0.0,0.0,0.0,0.0
33700,4974,2554,0.513470044229996,1210,1038,0.4519501407318054,1402,0.5637314032971451,0.46599999999999997,3.018181818181818,3.099533422632595,6.688622754491018,1.9922129591116242,6649.800000000002,1.8189894035458565e-12,6649.8,6649.8,6649.800000000001,9.094947017729282e-13,6649.800000000001,9.094947017729282e-13,27.575392038600725,20.643172638802426,32.36220472440945,18.963226373184394,0.13751507840772015,0.10494571773220748,0.09187776437474869,0.08785685564937676,0.0848411741053478,0.0792119018898271,0.06272617611580217,0.06936067551266586,0.057700040209087256,0.050864495375954964,0.04322476879774829,0.03558504221954162,0.0367913148371532,0.025130679533574587,0.018094089264173704,0.007639726578206675,0.0066344993968636915,0.8768138183759406,0.03470250563700824,0.0,0.0,0.0,0.0,0.0,0.0,0.0,0.0,0.0,0.0,0.0,0.0,0.0,0.0,0.0,0.0,0.0,0.0,0.0,0.0,0.0,0.018094089264173704,0.07237635705669482,0.4161640530759939,2.2617611580217134,8.552472858866105,11.899879372738242,5.319662243667071,1.0796139927623645,0.37997587454764786,4.330197554092192,2.8304941399083448,2.25,2.48746859276655,0.5196067781881382,4.313725490196078,2.791102715535051,4.341191066997519,2.8696176193199103,1.0063670200766976,0.4204,0.01877,0.0,0.0,0.0,0.0,0.0,0.0,0.0,0.0,0.0,0.0,0.03015681544028951,4.2521109770808145,18.34137515078408,7.104945717732209,0.2714113389626056,0.0,0.0,0.0,0.0,0.0,0.0,0.0,0.0,0.0,0.0,0.0,0.0,0.0,0.0,0.0,nan,nan,4.327591606639524,2.8310467896683167,nan,0.4204,0.09,0.0,0.0,0.0,0.0,0.0,0.0,0.0,0.0,0.0,0.0,0.0,0.0,0.0,0.0,0.0,0.0,0.0,0.0007438681141938078,0.0003618817852834741,0.0003920386007237636,0.0006332931242460796,8.041817450743868e-05,0.0019601930036188178,0.008112183353437876,0.00364897466827503,0.005579010856453559,0.009278246883795738,0.014575794129473262,0.016103739445114597,0.003126256533976679,0.011731001206272618,0.022949336550060314,0.04302372336147969,0.0410735826296743,0.04246079613992763,0.0345697627663852,0.037484921592279855,0.06843586650583032,0.06403297145154804,0.04039002814636108,0.04264173703256936,0.019672295938882187,0.016224366706875753,0.041244471250502616,0.014455166867712104,0.006111781262565339,0.028307197426618417,0.056604342581423404,0.048009650180940895,0.018023723361479695,0.040530759951749096,0.025381986328910335,0.013359469240048251,0.03938480096501809,0.016405307599517492,0.026497788500201045,0.030890631282669882,0.004553679131483715,0.011147969441093687,0.003588661037394451,0.002261761158021713,0.00794129473260957,0.005367913148371532,0.0011158021712907118,0.004955770004020909,0.004382790510655408,0.0,0.00015078407720144752,0.0,4.020908725371934e-05,0.0,0.0,0.0,0.0,0.0,0.0,0.0,0.0,0.0,0.0,0.0,0.0,0.0,0.0,0.0,0.0,0.0,0.0,0.0,0.0,0.0,0.0,0.0,0.0,0.0,0.0,0.0,0.0,0.0,0.0,0.0,nan,nan,4.327591606639524,2.8310467896683167,nan,0.8768529760809549,0.034344854877000945,0.0,0.0,0.0,0.0,0.0,0.0,0.0,0.0,0.0,0.0,0.0,0.0,0.0,0.0,0.0,0.0,0.0,0.0,0.0,0.0,0.0,0.035238841033672676,0.10571652310101803,0.30540328895849556,2.231793265465936,8.492560689115114,12.110415035238844,5.274079874706344,1.0806577916992954,0.36413469068128435,0.8767724924343676,0.03507595775845968,0.0,0.0,0.0,0.0,0.0,0.0,0.0,0.0,0.0,0.0,0.0,0.0,0.0,0.0,0.0,0.0,0.0,0.0,0.0,0.0,0.0,0.0,0.03719008264462811,0.5330578512396678,2.2933884297520666,8.615702479338845,11.677685950413226,5.367768595041324,1.0785123966942152,0.3966942148760331,0.4207,0.019,0.0,0.0,0.0,0.0,0.0,0.0,0.0,0.0,0.0,0.0,0.035238841033672676,4.193422083007042,18.418167580266253,7.000783085356305,0.3523884103367268,0.0,0.0,0.0,0.0,0.0,0.0,0.0,0.0,0.0,0.0,0.0,0.0,0.0,0.0,0.0,0.4204,0.01852,0.0,0.0,0.0,0.0,0.0,0.0,0.0,0.0,0.0,0.0,0.02479338842975207,4.314049586776854,18.2603305785124,7.214876033057853,0.18595041322314054,0.0,0.0,0.0,0.0,0.0,0.0,0.0,0.0,0.0,0.0,0.0,0.0,0.0,0.0,0.0
33800,4986,2570,0.51544324107501,1173,1052,0.446249498596069,1433,0.5748094665062174,0.43799999999999994,2.956953642384106,3.0526236665377873,6.481203007518797,2.2154668333367153,6649.800000000002,1.8189894035458565e-12,6649.8,6649.8,6649.800000000003,2.7284841053187847e-12,6649.800000000002,1.8189894035458565e-12,27.558363417569193,20.76075935050943,32.66939364773821,18.961777995553184,0.14560770156438027,0.09787404733253109,0.09326113116726835,0.08844765342960288,0.08162855996791014,0.07902125952667469,0.0623746490172483,0.06658644203770557,0.062174087444845566,0.047332531087043724,0.048134777376654635,0.03710389089450461,0.029883674288006416,0.026474127557160047,0.017047733654231848,0.009225832330525471,0.007821901323706379,0.8763918875332966,0.034062221675033685,0.0,0.0,0.0,0.0,0.0,0.0,0.0,0.0,0.0,0.0,0.0,0.0,0.0,0.0,0.0,0.0,0.0,0.0,0.0,0.0,0.0,0.03008423586040915,0.12635379061371843,0.4332129963898903,2.0818291215403133,8.098676293622143,12.599277978339353,5.306859205776175,1.0770156438026477,0.24669073405535505,4.3262099308610935,2.8353848627392884,5.2,3.1874754901018454,1.2019758826093274,4.374287523749208,2.8635637784545493,4.281716417910448,2.8082791669953693,0.9788374437354275,0.4197,0.01918,0.0,0.0,0.0,0.0,0.0,0.0,0.0,0.0,0.0,0.0,0.03008423586040915,4.590854392298429,18.2129963898917,6.925391095066187,0.2406738868832732,0.0,0.0,0.0,0.0,0.0,0.0,0.0,0.0,0.0,0.0,0.0,0.0,0.0,0.0,0.0,nan,nan,4.327580796987763,2.836182333974388,nan,0.4197,0.0897,0.0,0.0,0.0,0.0,0.0,0.0,0.0,0.0,0.0,0.0,0.0,0.0,0.0,0.0,0.0,1.0028078620136381e-05,0.0,0.0007420778178900923,0.0004412354592860008,0.00021058965102286402,0.00042117930204572804,0.00018050541516245486,0.0015443241075010028,0.008574007220216607,0.003229041315683915,0.00620738066586442,0.00815282791817088,0.014961893301243482,0.016255515443241074,0.003128760529482551,0.011632571199358203,0.021961492178098677,0.04339149618933012,0.04116526273565985,0.044805455274769354,0.03580024067388688,0.03921981548335339,0.06883273164861613,0.0639189731247493,0.042428800641797035,0.0421179302045728,0.020467308463698354,0.014821500200561572,0.04193742478941035,0.01327717609306057,0.007099879663056558,0.02829923786602487,0.0543822703569996,0.04700160449257922,0.01768953068592058,0.04074408343361412,0.025842358604091457,0.013648215002005616,0.038487765744083434,0.01598475732049739,0.02649418371440032,0.029883674288006416,0.004322101885278781,0.01066987565182511,0.0035900521460088246,0.0023164861612515043,0.0068592057761732855,0.005615724027276374,0.0013537906137184115,0.005034095467308463,0.004512635379061372,1.0028078620136381e-05,0.00019053349378259126,0.0,0.00013036502206177297,0.0,0.0,0.0,0.0,0.0,0.0,0.0,0.0,0.0,0.0,0.0,0.0,0.0,0.0,0.0,0.0,0.0,0.0,0.0,0.0,0.0,0.0,0.0,0.0,0.0,0.0,0.0,0.0,0.0,0.0,0.0,nan,nan,4.327580796987763,2.836182333974388,nan,0.8765994031141704,0.03445749217750305,0.0,0.0,0.0,0.0,0.0,0.0,0.0,0.0,0.0,0.0,0.0,0.0,0.0,0.0,0.0,0.0,0.0,0.0,0.0,0.0,0.0,0.035019455252918295,0.16342412451361873,0.40856031128404546,2.101167315175098,8.007782101167317,12.607003891050587,5.287937743190663,1.1322957198443582,0.2568093385214008,0.8761711445519861,0.03363525262596883,0.0,0.0,0.0,0.0,0.0,0.0,0.0,0.0,0.0,0.0,0.0,0.0,0.0,0.0,0.0,0.0,0.0,0.0,0.0,0.0,0.0,0.02483443708609272,0.08692052980132453,0.45943708609271383,2.061258278145696,8.195364238410598,12.59105960264901,5.326986754966889,1.0182119205298015,0.23592715231788083,0.4197,0.0193,0.0,0.0,0.0,0.0,0.0,0.0,0.0,0.0,0.0,0.0,0.011673151750972766,4.750972762645907,18.03501945525292,6.898832684824904,0.3035019455252919,0.0,0.0,0.0,0.0,0.0,0.0,0.0,0.0,0.0,0.0,0.0,0.0,0.0,0.0,0.0,0.4197,0.01904,0.0,0.0,0.0,0.0,0.0,0.0,0.0,0.0,0.0,0.0,0.04966887417218544,4.420529801324498,18.402317880794705,6.953642384105962,0.17384105960264906,0.0,0.0,0.0,0.0,0.0,0.0,0.0,0.0,0.0,0.0,0.0,0.0,0.0,0.0,0.0
33900,4873,2460,0.5048224912784732,1181,1004,0.44838908270059513,1400,0.5745947055202134,0.44599999999999995,2.9208454206382095,3.027288616523687,6.477678571428571,2.0736675220299343,6649.800000000001,9.094947017729282e-13,6649.8,6649.8,6649.800000000001,9.094947017729282e-13,6649.800000000002,1.8189894035458565e-12,27.917094192489227,20.637890724666118,32.83321123321123,18.83768521324942,0.13974964087830904,0.09706546275395034,0.08803611738148984,0.09378206443669197,0.08105889595731582,0.0753129489021137,0.0693617894520829,0.06402626718653806,0.05910116971065053,0.05089267391750462,0.04678842602093167,0.04535193925713113,0.034270469936384156,0.02359942540529448,0.016827416375949106,0.009850194951775087,0.004925097475887544,0.8762326835974418,0.033490233139838115,0.0,0.0,0.0,0.0,0.0,0.0,0.0,0.0,0.0,0.0,0.0,0.0,0.0,0.0,0.0,0.0,0.0,0.0,0.0,0.0,0.0,0.018469115534578293,0.11697106505232918,0.3078185922429705,2.16088651754566,8.409603940077982,12.694438744100147,4.955879335111842,1.0527395854709627,0.28319310486353383,4.2735368956743,2.7957823486013123,8.8,1.3266499161421599,2.059184281036023,4.275418275418275,2.7837227948438845,4.2858934169279,2.8155003789068074,1.0024500857775371,0.4197,0.0187,0.0,0.0,0.0,0.0,0.0,0.0,0.0,0.0,0.0,0.0,0.030781859224297152,4.3156166632464545,18.826185101580137,6.59347424584445,0.23394213010465836,0.0,0.0,0.0,0.0,0.0,0.0,0.0,0.0,0.0,0.0,0.0,0.0,0.0,0.0,0.0,nan,nan,4.2807240393775805,2.7998684329878767,nan,0.4197,0.08984,0.0,0.0,0.0,0.0,0.0,0.0,0.0,0.0,0.0,0.0,0.0,0.0,0.0,0.0,0.0,7.182433819002668e-05,0.0,0.0007900677200902935,0.0005027703673301867,0.0004001641699158629,0.00042068540939872766,0.0002359942540529448,0.0020829058075107734,0.008978042273753335,0.003909296121485738,0.005704904576236404,0.006464190437102401,0.016222039811204597,0.01550379642930433,0.002872973527601067,0.011851015801354402,0.02209111430330392,0.042520008208495795,0.039913810794171965,0.04670634106300021,0.03515288323414734,0.036815103632259386,0.06792530268828237,0.0654319720911143,0.04487995074902524,0.04264313564539298,0.02136261030166222,0.013410630002052124,0.041791504206854097,0.014354607018263903,0.007818592242971475,0.028175661809973322,0.05405294479786579,0.04431561666324646,0.01818181818181818,0.041586291812025444,0.02660578698953417,0.01416991586291812,0.03804637800123128,0.01571926944387441,0.024635747999179152,0.029786579109378205,0.0038990355017443053,0.011635542786784322,0.002934537246049661,0.0035296531910527394,0.006956700184691155,0.005602298378822081,0.001262056228196183,0.005951159450030782,0.003991381079417197,0.0,6.15637184485943e-05,0.0,6.15637184485943e-05,1.0260619741432382e-05,0.0,0.0,0.0,0.0,0.0,0.0,0.0,0.0,0.0,0.0,0.0,0.0,0.0,0.0,0.0,0.0,0.0,0.0,0.0,0.0,0.0,0.0,0.0,0.0,0.0,0.0,0.0,0.0,0.0,0.0,nan,nan,4.2807240393775805,2.7998684329878767,nan,0.87668933982287,0.03381738739235948,0.0,0.0,0.0,0.0,0.0,0.0,0.0,0.0,0.0,0.0,0.0,0.0,0.0,0.0,0.0,0.0,0.0,0.0,0.0,0.0,0.0,0.012195121951219514,0.15853658536585372,0.2804878048780479,2.207317073170732,8.085365853658539,12.719512195121954,5.207317073170733,1.0853658536585367,0.2439024390243903,0.8757671327004035,0.03314690793787957,0.0,0.0,0.0,0.0,0.0,0.0,0.0,0.0,0.0,0.0,0.0,0.0,0.0,0.0,0.0,0.0,0.0,0.0,0.0,0.0,0.0,0.024865312888520518,0.07459593866556155,0.3356817239950259,2.113551595524244,8.740157480314963,12.668876916701205,4.699544135930378,1.0194778284293413,0.32324906755076677,0.42,0.01839,0.0,0.0,0.0,0.0,0.0,0.0,0.0,0.0,0.0,0.0,0.012195121951219514,4.121951219512189,18.987804878048784,6.634146341463416,0.2439024390243903,0.0,0.0,0.0,0.0,0.0,0.0,0.0,0.0,0.0,0.0,0.0,0.0,0.0,0.0,0.0,0.4194,0.01904,0.0,0.0,0.0,0.0,0.0,0.0,0.0,0.0,0.0,0.0,0.049730625777041036,4.513054289266466,18.661417322834648,6.552009946125157,0.22378781599668468,0.0,0.0,0.0,0.0,0.0,0.0,0.0,0.0,0.0,0.0,0.0,0.0,0.0,0.0,0.0
34000,4813,2448,0.5086224807812175,1167,984,0.4469146062746728,1382,0.5742779970912113,0.44199999999999995,2.9792811839323465,3.032452016740249,6.471014492753623,2.0500690302464126,6649.800000000001,9.094947017729282e-13,6649.8,6649.8,6649.800000000001,9.094947017729282e-13,6649.800000000001,9.094947017729282e-13,28.0085185954706,20.75920664303631,32.903727474697604,18.975256099516667,0.1387907749844172,0.09578225638894661,0.09578225638894661,0.08809474340328277,0.07500519426553086,0.07604404737170165,0.07126532308331601,0.06607105755246208,0.05713692083939331,0.058591315188032414,0.04508622480781217,0.04196966548929981,0.029503428215250364,0.028672345730313735,0.0166216496987326,0.009765219198005402,0.00581757739455641,0.8750952149586744,0.033460391107616005,0.0,0.0,0.0,0.0,0.0,0.0,0.0,0.0,0.0,0.0,0.0,0.0,0.0,0.0,0.0,0.0,0.0,0.0,0.0,0.0,0.0,0.0,0.04986494909619781,0.38022023685850703,2.2750883025140247,9.075420735508,12.123415749013093,4.743403282775816,1.022231456472055,0.3303552877623105,4.330870542884677,2.795825633045007,nan,nan,nan,4.253512132822478,2.777895286779185,4.40917905623788,2.8116929246261306,1.0365972679880677,0.42,0.01935,0.0,0.0,0.0,0.0,0.0,0.0,0.0,0.0,0.0,0.0,0.07479742364429671,4.406814876376474,18.231872013297323,6.981092873467693,0.30542281321421155,0.0,0.0,0.0,0.0,0.0,0.0,0.0,0.0,0.0,0.0,0.0,0.0,0.0,0.0,0.0,nan,nan,4.330870542884677,2.795825633045007,nan,0.42,0.0898,0.0,0.0,0.0,0.0,0.0,0.0,0.0,0.0,0.0,0.0,0.0,0.0,0.0,0.0,0.0,0.0,0.0,0.00025971327654269685,0.0005298150841471016,0.0004259297735300229,0.000498649490961978,0.00011427384167878663,0.0029191772283399127,0.009225015582796592,0.003407438188240183,0.005921462705173489,0.0068356534386037815,0.016528152919177228,0.014793268231872013,0.002898400166216497,0.013089549137751922,0.02199252025763557,0.0443278620403075,0.036536463744026595,0.04594847288593393,0.03320174527321837,0.037731144816123,0.06658009557448577,0.06626843964263453,0.045616039891959274,0.0416891751506337,0.021473093704550177,0.013234988572615833,0.04178267193018907,0.016486598794930397,0.008539372532723874,0.029596924994805734,0.05570330355287762,0.04609391232079784,0.016652815291917724,0.0375960939123208,0.025680448784541867,0.01383752337419489,0.04097236650737586,0.014917930604612507,0.025202576355703304,0.030490338666112612,0.004009972989819239,0.010450862248078122,0.00312694784957407,0.002877623104093081,0.006700602534801579,0.005100768751298566,0.0009661333887388323,0.007760232703095782,0.003241221691252857,0.0,0.0,0.0,0.000166216496987326,0.0,0.0,0.0,0.0,0.0,0.0,0.0,0.0,0.0,0.0,0.0,0.0,0.0,0.0,0.0,0.0,0.0,0.0,0.0,0.0,0.0,0.0,0.0,0.0,0.0,0.0,0.0,0.0,0.0,0.0,0.0,nan,nan,4.330870542884677,2.795825633045007,nan,0.8749362096141756,0.03328924221981922,0.0,0.0,0.0,0.0,0.0,0.0,0.0,0.0,0.0,0.0,0.0,0.0,0.0,0.0,0.0,0.0,0.0,0.0,0.0,0.0,0.0,0.0,0.06127450980392158,0.4044117647058811,2.058823529411765,9.325980392156865,12.144607843137258,4.730392156862746,0.9068627450980394,0.3676470588235295,0.875259800617589,0.03363583760508202,0.0,0.0,0.0,0.0,0.0,0.0,0.0,0.0,0.0,0.0,0.0,0.0,0.0,0.0,0.0,0.0,0.0,0.0,0.0,0.0,0.0,0.0,0.038054968287526435,0.35517970401691223,2.498942917547569,8.816067653276956,12.101479915433407,4.756871035940804,1.141649048625793,0.29175475687103597,0.42,0.01932,0.0,0.0,0.0,0.0,0.0,0.0,0.0,0.0,0.0,0.0,0.03676470588235295,4.387254901960778,18.247549019607845,6.9975490196078445,0.33088235294117657,0.0,0.0,0.0,0.0,0.0,0.0,0.0,0.0,0.0,0.0,0.0,0.0,0.0,0.0,0.0,0.4197,0.01936,0.0,0.0,0.0,0.0,0.0,0.0,0.0,0.0,0.0,0.0,0.11416490486257931,4.427061310782235,18.215644820295985,6.964059196617337,0.2790697674418605,0.0,0.0,0.0,0.0,0.0,0.0,0.0,0.0,0.0,0.0,0.0,0.0,0.0,0.0,0.0
34100,4582,2331,0.5087298123090354,1088,943,0.4432562199912702,1328,0.5796595373199476,0.47,3.051532652154598,3.0915271071822255,6.591397849462366,2.0632516609024147,6649.800000000001,9.094947017729282e-13,6649.8,6649.8,6649.800000000002,1.8189894035458565e-12,6649.800000000002,1.8189894035458565e-12,28.470755128764733,21.14070001481456,33.35142118863049,19.372201421178325,0.1368398079441292,0.09930161501527718,0.09144478393714535,0.08489742470536883,0.07638585770405937,0.07398515931907464,0.07223919685726757,0.06285464862505456,0.05543430816237451,0.05434308162374509,0.04932343954604976,0.04124836316019206,0.033391532082060235,0.03142732431252728,0.018769096464426014,0.010257529463116543,0.00785683107813182,0.8754031564121629,0.03439767586583899,0.0,0.0,0.0,0.0,0.0,0.0,0.0,0.0,0.0,0.0,0.0,0.0,0.0,0.0,0.0,0.0,0.0,0.0,0.0,0.0,0.0,0.006547359231776518,0.11130510694020081,0.4975993016150137,2.06896551724138,8.982976865997383,12.027498908773465,4.930161501527718,1.0017459624618072,0.37319947621126154,4.468990948709353,2.887828136369623,0.3333333333333333,0.4714045207910317,0.07458805290925913,4.460910944935418,2.8993426643532634,4.468646864686469,2.879684242645651,1.0017341569572988,0.4202,0.01886,0.0,0.0,0.0,0.0,0.0,0.0,0.0,0.0,0.0,0.0,0.03273679615888259,4.21649934526407,18.437363596682676,7.136621562636405,0.17023134002618948,0.006547359231776518,0.0,0.0,0.0,0.0,0.0,0.0,0.0,0.0,0.0,0.0,0.0,0.0,0.0,0.0,nan,nan,4.46483590087073,2.8893879193391663,nan,0.4202,0.08966,0.0,0.0,0.0,0.0,0.0,0.0,0.0,0.0,0.0,0.0,0.0,0.0,0.0,0.0,0.0,0.0,0.0,0.0002291575731121781,0.0005892623308598865,0.0005674378000872981,0.0007747708424268878,0.00010912265386294194,0.003273679615888258,0.008369707551287648,0.0037210824967263204,0.005543430816237451,0.006634657354866871,0.0159755565255347,0.015015277171540812,0.002509821038847665,0.013312963771278918,0.020896988214753384,0.046158882584024445,0.03621780881711043,0.04346355303360978,0.034591881274552594,0.03805106940200786,0.06670667830641641,0.06712134439109559,0.04385639458751637,0.038225665648188564,0.021300742034046267,0.014371453513749454,0.042034046268005235,0.016717590571802707,0.008304233958969882,0.03149279790484505,0.055739851593190747,0.04701003928415539,0.017961588825840244,0.03943692710606722,0.025458315146224358,0.013934962898297687,0.04065910082933217,0.01482976865997381,0.02598210388476648,0.028710170231340027,0.003830205150589262,0.009428197293758184,0.0033173286774334353,0.003961152335224792,0.006656481885639459,0.004899607158446093,0.0009711916193801834,0.007256656481885639,0.0036665211697948495,2.182453077258839e-05,0.0,0.0,0.00013094718463553033,0.0,0.0,0.0,0.0,0.0,0.0,0.0,0.0,0.0,0.0,0.0,0.0,0.0,0.0,0.0,0.0,0.0,0.0,0.0,0.0,0.0,0.0,0.0,0.0,0.0,0.0,0.0,0.0,0.0,0.0,0.0,nan,nan,4.46483590087073,2.8893879193391663,nan,0.8758820373835046,0.035129788523188196,0.0,0.0,0.0,0.0,0.0,0.0,0.0,0.0,0.0,0.0,0.0,0.0,0.0,0.0,0.0,0.0,0.0,0.0,0.0,0.0,0.0,0.012870012870012873,0.09009009009009011,0.527670527670526,2.2651222651222653,8.46846846846847,11.981981981981985,5.160875160875162,1.0682110682110684,0.4247104247104248,0.8749072561259802,0.03361555787629323,0.0,0.0,0.0,0.0,0.0,0.0,0.0,0.0,0.0,0.0,0.0,0.0,0.0,0.0,0.0,0.0,0.0,0.0,0.0,0.0,0.0,0.0,0.13327410039982232,0.46645935139937666,1.8658374055975127,9.515770768547315,12.074633496223903,4.691248334073745,0.9329187027987563,0.3198578409595736,0.4204,0.01881,0.0,0.0,0.0,0.0,0.0,0.0,0.0,0.0,0.0,0.0,0.05148005148005149,4.131274131274125,18.314028314028317,7.361647361647363,0.14157014157014158,0.0,0.0,0.0,0.0,0.0,0.0,0.0,0.0,0.0,0.0,0.0,0.0,0.0,0.0,0.0,0.42,0.0189,0.0,0.0,0.0,0.0,0.0,0.0,0.0,0.0,0.0,0.0,0.013327410039982234,4.3047534429142535,18.56508218569525,6.903598400710797,0.1999111505997335,0.013327410039982234,0.0,0.0,0.0,0.0,0.0,0.0,0.0,0.0,0.0,0.0,0.0,0.0,0.0,0.0
34200,4475,2253,0.503463687150838,1070,931,0.4471508379888268,1284,0.573854748603352,0.45799999999999996,2.897839783978398,3.056901830090929,6.480327868852459,2.151729740489863,6649.800000000002,1.8189894035458565e-12,6649.8,6649.8,6649.800000000002,1.8189894035458565e-12,6649.800000000001,9.094947017729282e-13,27.79217877094972,20.901208038953015,32.84919786096257,19.14134693427234,0.143463687150838,0.103463687150838,0.08826815642458101,0.08715083798882682,0.08357541899441341,0.071731843575419,0.07083798882681565,0.06256983240223464,0.05966480446927374,0.04983240223463687,0.042905027932960894,0.04089385474860335,0.0335195530726257,0.027486033519553074,0.018324022346368714,0.01005586592178771,0.006256983240223463,0.8756131363714208,0.035673622760407725,0.0,0.0,0.0,0.0,0.0,0.0,0.0,0.0,0.0,0.0,0.0,0.0,0.0,0.0,0.0,0.0,0.0,0.0,0.0,0.0,0.0,0.013407821229050283,0.12737430167597769,0.5564245810055849,2.198882681564246,8.634636871508382,12.181005586592182,4.793296089385476,1.0726256983240225,0.4223463687150839,4.1902286902286905,2.8664284044805006,3.5,2.0615528128088303,0.835276606301166,4.124128312412831,2.8770608598613703,4.256357388316151,2.851584077063528,1.0320623089018195,0.4211,0.01875,0.0,0.0,0.0,0.0,0.0,0.0,0.0,0.0,0.0,0.0,0.033519553072625705,3.774301675977648,18.596648044692742,7.320670391061454,0.27486033519553077,0.0,0.0,0.0,0.0,0.0,0.0,0.0,0.0,0.0,0.0,0.0,0.0,0.0,0.0,0.0,nan,nan,4.189273356401384,2.8655855319370964,nan,0.4211,0.08966,0.0,0.0,0.0,0.0,0.0,0.0,0.0,0.0,0.0,0.0,0.0,0.0,0.0,0.0,0.0,0.0,0.0,1.11731843575419e-05,0.0003687150837988827,0.000994413407821229,0.0007597765363128491,0.0001340782122905028,0.0033631284916201118,0.00829050279329609,0.0032625698324022347,0.0045698324022346365,0.006189944134078212,0.017184357541899443,0.013955307262569832,0.003184357541899441,0.012927374301675978,0.022189944134078213,0.04769832402234637,0.03493854748603352,0.04097206703910614,0.03572067039106145,0.03603351955307262,0.06478212290502794,0.06795530726256983,0.04132960893854749,0.03916201117318436,0.02212290502793296,0.013731843575418994,0.04136312849162011,0.018067039106145252,0.008122905027932961,0.03053631284916201,0.05618994413407821,0.04886033519553073,0.01646927374301676,0.04280446927374302,0.026592178770949722,0.013541899441340783,0.041541899441340784,0.014960893854748603,0.02507262569832402,0.028480446927374302,0.004513966480446927,0.01070391061452514,0.002659217877094972,0.00394413407821229,0.006424581005586592,0.004145251396648045,0.0005921787709497207,0.009016759776536314,0.0035195530726256983,0.0,0.0,0.0,4.46927374301676e-05,0.0,0.0,0.0,0.0,0.0,0.0,0.0,0.0,0.0,0.0,0.0,0.0,0.0,0.0,0.0,0.0,0.0,0.0,0.0,0.0,0.0,0.0,0.0,0.0,0.0,0.0,0.0,0.0,0.0,0.0,0.0,nan,nan,4.189273356401384,2.8655855319370964,nan,0.875630873259152,0.03540562477740753,0.0,0.0,0.0,0.0,0.0,0.0,0.0,0.0,0.0,0.0,0.0,0.0,0.0,0.0,0.0,0.0,0.0,0.0,0.0,0.0,0.0,0.026631158455392816,0.06657789613848204,0.5459387483355509,2.2237017310253,8.814913448735021,11.944074567243678,4.9134487350199745,1.0252996005326234,0.43941411451398144,0.8755951520293602,0.035943310571695995,0.0,0.0,0.0,0.0,0.0,0.0,0.0,0.0,0.0,0.0,0.0,0.0,0.0,0.0,0.0,0.0,0.0,0.0,0.0,0.0,0.0,0.0,0.18901890189018908,0.5670567056705653,2.1737173717371743,8.451845184518454,12.421242124212425,4.671467146714672,1.1206120612061208,0.40504050405040515,0.4211,0.01842,0.0,0.0,0.0,0.0,0.0,0.0,0.0,0.0,0.0,0.0,0.026631158455392816,3.7150466045272914,18.57523302263649,7.52330226364847,0.15978695073235688,0.0,0.0,0.0,0.0,0.0,0.0,0.0,0.0,0.0,0.0,0.0,0.0,0.0,0.0,0.0,0.4211,0.01909,0.0,0.0,0.0,0.0,0.0,0.0,0.0,0.0,0.0,0.0,0.04050405040504051,3.8343834383438287,18.61836183618362,7.1152115211521165,0.3915391539153916,0.0,0.0,0.0,0.0,0.0,0.0,0.0,0.0,0.0,0.0,0.0,0.0,0.0,0.0,0.0
34300,4343,2181,0.5021874280451301,1000,922,0.4425512318673728,1239,0.5705733364034078,0.45799999999999996,2.876040703052729,3.04914865875856,6.4485049833887045,2.139993966553519,6649.800000000001,9.094947017729282e-13,6649.8,6649.8,6649.8,0.0,6649.800000000002,1.8189894035458565e-12,27.658070458208613,20.765176322221308,32.595166163142,19.050470520691306,0.14114667280681556,0.09947041215749482,0.09555606723463043,0.08979967764218283,0.08266175454754777,0.07460280911812112,0.06815565277457979,0.06147824084734055,0.058024407091871975,0.04720239465807046,0.051346995164632744,0.039143449228643795,0.0345383375546857,0.020032235781717707,0.01865070227953028,0.012664057103384757,0.005526134008749712,0.873660835779512,0.034871146497351936,0.0,0.0,0.0,0.0,0.0,0.0,0.0,0.0,0.0,0.0,0.0,0.0,0.0,0.0,0.0,0.0,0.0,0.0,0.0,0.0,0.0,0.027630670043748567,0.14506101772967997,0.47662905825466123,2.3486069537186283,9.394427814874513,11.936449458899382,4.379461201934148,0.9532581165093256,0.3384757080359199,4.3227436823104695,2.905084994625457,5.555555555555555,3.402976184691901,1.285191990052521,4.300942712110225,2.855996169845353,4.352142857142857,2.9574836760120164,1.0119044006069802,0.4202,0.01868,0.0,0.0,0.0,0.0,0.0,0.0,0.0,0.0,0.0,0.0,0.03453833755468571,4.289661524291958,18.353672576559983,7.0872668662215075,0.23486069537186283,0.0,0.0,0.0,0.0,0.0,0.0,0.0,0.0,0.0,0.0,0.0,0.0,0.0,0.0,0.0,nan,nan,4.326736236056135,2.907678874416123,nan,0.4202,0.0892,0.0,0.0,0.0,0.0,0.0,0.0,0.0,0.0,0.0,0.0,0.0,0.0,0.0,0.0,0.0,0.0,0.0,3.45383375546857e-05,0.0005871517384296569,0.001024637347455676,0.000840432880497352,0.00014966612940363805,0.00369560211835137,0.007713562053879806,0.003292654846880037,0.004754777803361731,0.0074027170158876355,0.017959935528436565,0.01297490214137693,0.0028321436794842276,0.012479852636426434,0.022035459359889476,0.05021874280451301,0.033824545245222194,0.04148054340317753,0.03322588072760765,0.036875431729219435,0.06493207460280911,0.06999769744416302,0.038072760764448536,0.04017959935528437,0.022231176606032695,0.013377849412848261,0.04381763757771126,0.01847801059175685,0.008243149896384987,0.03278839511858163,0.05546857011282524,0.051323969606262954,0.016094865300483537,0.040950955560672346,0.02646787934607414,0.013516002763067005,0.04038682938061248,0.014448537877043519,0.02338245452452222,0.028125719548699055,0.005341929541791388,0.01132857471793691,0.0022219663826847803,0.0039603960396039604,0.005468570112825236,0.004144600506562284,0.00035689615473175225,0.008876352751554226,0.0025903753166014276,2.302555836979047e-05,0.0,0.0,0.0,0.0,0.0,0.0,0.0,0.0,0.0,0.0,0.0,0.0,0.0,0.0,0.0,0.0,0.0,0.0,0.0,0.0,0.0,0.0,0.0,0.0,0.0,0.0,0.0,0.0,0.0,0.0,0.0,0.0,0.0,0.0,nan,nan,4.326736236056135,2.907678874416123,nan,0.8738031006635519,0.034267624848849425,0.0,0.0,0.0,0.0,0.0,0.0,0.0,0.0,0.0,0.0,0.0,0.0,0.0,0.0,0.0,0.0,0.0,0.0,0.0,0.0,0.0,0.027510316368638245,0.13755158184319122,0.46767537826684863,2.159559834938102,9.353507565337003,12.255845942228339,4.374140302613481,0.9353507565337004,0.28885832187070154,0.873517320649035,0.035468990552573666,0.0,0.0,0.0,0.0,0.0,0.0,0.0,0.0,0.0,0.0,0.0,0.0,0.0,0.0,0.0,0.0,0.0,0.0,0.0,0.0,0.0,0.027752081406105463,0.15263644773358004,0.485661424606844,2.53931544865865,9.435707678075858,11.614246068455138,4.384828862164663,0.9713228492136913,0.38852913968547653,0.4202,0.01819,0.0,0.0,0.0,0.0,0.0,0.0,0.0,0.0,0.0,0.0,0.027510316368638245,4.236588720770283,18.720770288858326,6.822558459422285,0.19257221458046772,0.0,0.0,0.0,0.0,0.0,0.0,0.0,0.0,0.0,0.0,0.0,0.0,0.0,0.0,0.0,0.4202,0.01913,0.0,0.0,0.0,0.0,0.0,0.0,0.0,0.0,0.0,0.0,0.04162812210915819,4.343200740055498,17.98334875115634,7.354301572617948,0.2775208140610546,0.0,0.0,0.0,0.0,0.0,0.0,0.0,0.0,0.0,0.0,0.0,0.0,0.0,0.0,0.0
34400,4403,2238,0.5082898024074495,1094,896,0.45196456961162845,1266,0.5750624574153986,0.45799999999999996,2.984295612009238,3.0355450865799587,6.458528951486698,2.008063174011379,6649.800000000001,9.094947017729282e-13,6649.8,6649.8,6649.800000000001,9.094947017729282e-13,6649.800000000002,1.8189894035458565e-12,27.91891891891892,20.65759735363052,32.800377663879146,18.855721848232996,0.1394503747444924,0.09788780377015671,0.09379968203497616,0.08516920281626164,0.08176243470361118,0.0792641380876675,0.06631841925959572,0.06018623665682489,0.06018623665682489,0.057233704292527825,0.04860322507381331,0.041108335225982284,0.031115148762207587,0.024301612536906655,0.019077901430842606,0.009766068589598002,0.0047694753577106515,0.8723843286937945,0.033928561361653925,0.0,0.0,0.0,0.0,0.0,0.0,0.0,0.0,0.0,0.0,0.0,0.0,0.0,0.0,0.0,0.0,0.0,0.0,0.0,0.006813536225300933,0.006813536225300933,0.03406768112650466,0.061321826027708394,0.49738814444696644,2.7322280263456737,9.123325005677948,12.19622984328867,4.217578923461277,0.913013854190325,0.21121962298432892,4.29027729027729,2.831338234031105,2.111111111111111,2.9228769862146455,0.49206868653812946,4.289343683839097,2.853685491059135,4.278472222222222,2.815795308869346,0.9974654720119921,0.4194,0.01927,0.0,0.0,0.0,0.0,0.0,0.0,0.0,0.0,0.0,0.0,0.04769475357710653,4.817170111287751,18.233022938905297,6.636384283443109,0.25891437656143546,0.006813536225300933,0.0,0.0,0.0,0.0,0.0,0.0,0.0,0.0,0.0,0.0,0.0,0.0,0.0,0.0,nan,nan,4.283414975507347,2.8342621512240376,nan,0.4194,0.08936,0.0,0.0,0.0,0.0,0.0,0.0,0.0,0.0,0.0,0.0,0.0,0.0,0.0,0.0,0.0,0.0,0.0,0.0,0.0004542357483533954,0.0010220304337951397,0.0006813536225300931,0.0002384737678855326,0.004701339995457642,0.007937769702475585,0.0032932091755621166,0.004576425164660459,0.007358619123325006,0.016534181240063592,0.014978423801953213,0.0017147399500340678,0.012934362934362934,0.021144674085850558,0.05363388598682716,0.035203270497388146,0.041891891891891894,0.03352259822848058,0.035021576198046786,0.06827163297751533,0.06672723143311379,0.038996138996139,0.038905291846468314,0.02368839427662957,0.013059277765160119,0.0434249375425846,0.017033840563252328,0.008426073131955486,0.03277310924369748,0.057017942312059956,0.05077220077220077,0.016057233704292528,0.038598682716329775,0.026277538042243923,0.014092664092664093,0.03982511923688394,0.014660458778105836,0.02306382012264365,0.027140585964115376,0.005314558255734726,0.011537588008176244,0.0024528730411083354,0.003792868498750852,0.004621848739495798,0.003656597774244833,0.0002384737678855326,0.010254372019077902,0.00246422893481717,0.0,0.0,1.1355893708834885e-05,0.0,0.0,0.0,0.0,0.0,0.0,0.0,0.0,0.0,0.0,0.0,0.0,0.0,0.0,0.0,0.0,0.0,0.0,0.0,0.0,0.0,0.0,0.0,0.0,0.0,0.0,0.0,0.0,0.0,0.0,0.0,0.0,nan,nan,4.283414975507347,2.8342621512240376,nan,0.8725262336213212,0.03408869128566867,0.0,0.0,0.0,0.0,0.0,0.0,0.0,0.0,0.0,0.0,0.0,0.0,0.0,0.0,0.0,0.0,0.0,0.0,0.0,0.01340482573726542,0.01340482573726542,0.02680965147453084,0.04021447721179625,0.44235924932975734,2.7882037533512074,9.048257372654158,12.29222520107239,4.168900804289545,0.9249329758713138,0.24128686327077753,0.8722376389811827,0.0337616068805654,0.0,0.0,0.0,0.0,0.0,0.0,0.0,0.0,0.0,0.0,0.0,0.0,0.0,0.0,0.0,0.0,0.0,0.0,0.0,0.0,0.0,0.041570438799076216,0.08314087759815243,0.5542725173210145,2.6743648960739033,9.20092378752887,12.09699769053118,4.267898383371826,0.9006928406466514,0.1801385681293303,0.4197,0.01915,0.0,0.0,0.0,0.0,0.0,0.0,0.0,0.0,0.0,0.0,0.04021447721179625,4.611260053619296,18.52546916890081,6.595174262734586,0.2278820375335121,0.0,0.0,0.0,0.0,0.0,0.0,0.0,0.0,0.0,0.0,0.0,0.0,0.0,0.0,0.0,0.4192,0.01941,0.0,0.0,0.0,0.0,0.0,0.0,0.0,0.0,0.0,0.0,0.05542725173210163,5.0300230946882145,17.930715935334877,6.678983833718246,0.29099307159353355,0.013856812933025408,0.0,0.0,0.0,0.0,0.0,0.0,0.0,0.0,0.0,0.0,0.0,0.0,0.0,0.0
34500,4466,2266,0.5073891625615764,1036,923,0.4386475593372145,1271,0.5691894312583968,0.44999999999999996,2.9063636363636363,2.9830361980166593,6.279752704791345,2.0193671099197403,6649.800000000001,9.094947017729282e-13,6649.8,6649.8,6649.800000000002,1.8189894035458565e-12,6649.800000000001,9.094947017729282e-13,28.0974025974026,20.893684294787256,32.73377308707124,19.281872336559843,0.12897447380206,0.10501567398119123,0.0960591133004926,0.09046126287505597,0.08620689655172414,0.06672637707120466,0.06717420510523958,0.06471115091804747,0.05620241827138379,0.05620241827138379,0.04455888938647559,0.04187192118226601,0.031124048365427676,0.027989252127183162,0.01903269144648455,0.010076130765785939,0.00761307657859382,0.873269729146069,0.03560233537597071,0.0,0.0,0.0,0.0,0.0,0.0,0.0,0.0,0.0,0.0,0.0,0.0,0.0,0.0,0.0,0.0,0.0,0.0,0.0,0.0,0.0,0.013434841021047922,0.08732646663681148,0.5844155844155826,2.7742946708463956,8.81997313031796,11.802507836990598,4.601433049708913,1.0210479175996419,0.2955665024630542,4.274694589877836,2.7993277276819493,3.5,2.5,0.8187719441495878,4.380985426786953,2.8129075694441013,4.166199158485274,2.7811238608663866,0.9509730694404055,0.4194,0.0184,0.0,0.0,0.0,0.0,0.0,0.0,0.0,0.0,0.0,0.0,0.026869682042095843,4.238692342140611,19.090909090909093,6.4487236901030025,0.19480519480519484,0.0,0.0,0.0,0.0,0.0,0.0,0.0,0.0,0.0,0.0,0.0,0.0,0.0,0.0,0.0,nan,nan,4.274154168119986,2.799204806602241,nan,0.4194,0.0896,0.0,0.0,0.0,0.0,0.0,0.0,0.0,0.0,0.0,0.0,0.0,0.0,0.0,0.0,0.0,0.0,0.0,0.0,0.00035826242722794446,0.0010859829825347067,0.0006829377519032691,0.0004702194357366771,0.004635020152261532,0.00816166592028661,0.004030452306314375,0.00483654276757725,0.007400358262427228,0.016021047917599642,0.014285714285714285,0.0016233766233766235,0.011576354679802956,0.021618898343036274,0.0527205553067622,0.03587102552619794,0.0434281236005374,0.03301612180922526,0.035479175996417374,0.07105911330049261,0.06290864308105687,0.040237348858038514,0.04079713390058218,0.023533363188535602,0.013804299149126736,0.04189431258396776,0.01717420510523959,0.009135691894312584,0.031739811912225704,0.05535154500671742,0.04849977608598298,0.01731974921630094,0.038222122704881324,0.026332288401253918,0.013300492610837438,0.03997984773846843,0.01570756829377519,0.022044334975369458,0.026074787281683835,0.005765785938199731,0.0130653828929691,0.0025190326914464847,0.004914912673533363,0.005250783699059561,0.003605015673981191,0.0005038065382892969,0.009516345723242276,0.002418271383788625,0.0,2.239140170174653e-05,0.0,0.0,0.0,0.0,0.0,0.0,0.0,0.0,0.0,0.0,0.0,0.0,0.0,0.0,0.0,0.0,0.0,0.0,0.0,0.0,0.0,0.0,0.0,0.0,0.0,0.0,0.0,0.0,0.0,0.0,0.0,0.0,0.0,nan,nan,4.274154168119986,2.799204806602241,nan,0.8722439957001729,0.03591379924697291,0.0,0.0,0.0,0.0,0.0,0.0,0.0,0.0,0.0,0.0,0.0,0.0,0.0,0.0,0.0,0.0,0.0,0.0,0.0,0.0,0.0,0.026478375992939104,0.10591350397175642,0.7016769638128839,2.819947043248015,8.804060017652253,11.769638128861432,4.554280670785526,0.9532215357458078,0.26478375992939107,0.8743262345953421,0.03524746025731529,0.0,0.0,0.0,0.0,0.0,0.0,0.0,0.0,0.0,0.0,0.0,0.0,0.0,0.0,0.0,0.0,0.0,0.0,0.0,0.0,0.0,0.0,0.06818181818181819,0.4636363636363622,2.7272727272727275,8.836363636363638,11.83636363636364,4.650000000000001,1.090909090909091,0.3272727272727273,0.42,0.01845,0.0,0.0,0.0,0.0,0.0,0.0,0.0,0.0,0.0,0.0,0.05295675198587821,4.157105030891433,18.9585172109444,6.725507502206533,0.10591350397175642,0.0,0.0,0.0,0.0,0.0,0.0,0.0,0.0,0.0,0.0,0.0,0.0,0.0,0.0,0.0,0.419,0.01836,0.0,0.0,0.0,0.0,0.0,0.0,0.0,0.0,0.0,0.0,0.0,4.322727272727266,19.22727272727273,6.163636363636365,0.28636363636363643,0.0,0.0,0.0,0.0,0.0,0.0,0.0,0.0,0.0,0.0,0.0,0.0,0.0,0.0,0.0
34600,4394,2267,0.5159308147473828,1081,882,0.4467455621301775,1197,0.5448338643604915,0.478,3.000940291490362,3.0979919880427342,6.659898477157361,2.0044956215888616,6649.800000000001,9.094947017729282e-13,6649.8,6649.8,6649.800000000001,9.094947017729282e-13,6649.800000000001,9.094947017729282e-13,27.94560764679108,20.938223286796184,32.89780428300352,19.202438910947684,0.13950842057350932,0.10036413290851161,0.09353664087391898,0.08602639963586708,0.07919890760127446,0.07715065999089668,0.06531634046426946,0.07237141556668183,0.0541647701411015,0.053937187073281746,0.04551661356395084,0.03868912152935822,0.03322712790168411,0.02116522530723714,0.01775147928994083,0.014792899408284023,0.007282658170232135,0.8707768690955058,0.0359867624280183,0.0,0.0,0.0,0.0,0.0,0.0,0.0,0.0,0.0,0.0,0.0,0.0,0.0,0.0,0.0,0.0,0.0,0.0,0.0,0.0,0.0,0.013654984069185257,0.23213472917614936,0.7305416477014087,2.67637687756031,9.51069640418753,11.40191169776969,4.171597633136096,0.989986345015931,0.2730996813837051,4.345947875758657,2.8311885994290913,5.142857142857143,3.719776161797582,1.1833683444625696,4.372452565003513,2.863073372446845,4.3227436823104695,2.8036507368352495,0.9886313500366118,0.4194,0.01834,0.0,0.0,0.0,0.0,0.0,0.0,0.0,0.0,0.0,0.0,0.027309968138370513,4.41055985434683,18.659535730541652,6.7796995903504795,0.1228948566226673,0.0,0.0,0.0,0.0,0.0,0.0,0.0,0.0,0.0,0.0,0.0,0.0,0.0,0.0,0.0,nan,nan,4.347934472934473,2.834028824892504,nan,0.4194,0.08923,0.0,0.0,0.0,0.0,0.0,0.0,0.0,0.0,0.0,0.0,0.0,0.0,0.0,0.0,0.0,0.0,0.0,0.0,0.00012517068730086482,0.0010810195721438324,0.0009786071916249432,0.0006144742831133363,0.004585798816568047,0.007646791078743742,0.004244424214838416,0.004847519344560764,0.007385070550751024,0.016112881201638597,0.015168411470186619,0.0017410104688211198,0.011458807464724625,0.020562130177514792,0.053891670459717794,0.03442193900773782,0.04155666818388712,0.03336367774237597,0.035980883022303144,0.06852526172052799,0.06249431042330451,0.039895311788802915,0.03984979517523896,0.024931725079654073,0.013654984069185253,0.044151115157032315,0.017125625853436504,0.010685025034137461,0.03383022303140646,0.055871643149749656,0.04860036413290851,0.01847974510696404,0.03912152935821575,0.02560309512972235,0.01406463359126081,0.039792899408284024,0.015350477924442421,0.01973145197997269,0.02585343650432408,0.005974055530268548,0.012084660901228948,0.0026513427401001367,0.0046882111970869365,0.004802002730996814,0.0040851160673645885,0.0008079198907601275,0.009228493400091034,0.0022416932180245788,3.413746017296313e-05,2.275830678197542e-05,0.0,0.0,0.0,0.0,0.0,0.0,0.0,0.0,0.0,0.0,0.0,0.0,0.0,0.0,0.0,0.0,0.0,0.0,0.0,0.0,0.0,0.0,0.0,0.0,0.0,0.0,0.0,0.0,0.0,0.0,0.0,0.0,0.0,nan,nan,4.347934472934473,2.834028824892504,nan,0.8702026492549187,0.036045482583538214,0.0,0.0,0.0,0.0,0.0,0.0,0.0,0.0,0.0,0.0,0.0,0.0,0.0,0.0,0.0,0.0,0.0,0.0,0.0,0.0,0.0,0.0,0.3043670048522277,0.7807675341861466,2.6202029113365684,9.461843846493164,11.618879576532866,4.049404499338333,0.8866343184825763,0.27790030877812094,0.871388884318172,0.03591396564016598,0.0,0.0,0.0,0.0,0.0,0.0,0.0,0.0,0.0,0.0,0.0,0.0,0.0,0.0,0.0,0.0,0.0,0.0,0.0,0.0,0.0,0.028208744710860375,0.15514809590973205,0.6770098730606466,2.736248236953456,9.562764456981666,11.170662905500707,4.301833568406207,1.1001410437235546,0.2679830747531735,0.4194,0.01817,0.0,0.0,0.0,0.0,0.0,0.0,0.0,0.0,0.0,0.0,0.052933392148213514,4.353771504190553,18.936921041023382,6.5240405822673155,0.13233348037053377,0.0,0.0,0.0,0.0,0.0,0.0,0.0,0.0,0.0,0.0,0.0,0.0,0.0,0.0,0.0,0.4197,0.01854,0.0,0.0,0.0,0.0,0.0,0.0,0.0,0.0,0.0,0.0,0.0,4.471086036671362,18.363892806770103,7.052186177715093,0.1128349788434415,0.0,0.0,0.0,0.0,0.0,0.0,0.0,0.0,0.0,0.0,0.0,0.0,0.0,0.0,0.0
34700,4746,2406,0.506953223767383,1093,1001,0.44121365360303416,1330,0.56047197640118,0.44999999999999996,3.0346153846153845,3.118746471408939,6.6852409638554215,2.07945173549416,6649.800000000001,9.094947017729282e-13,6649.8,6649.8,6649.800000000002,1.8189894035458565e-12,6649.800000000002,1.8189894035458565e-12,27.442477876106196,20.65895481187582,32.39123867069486,18.95223773018121,0.1426464391066161,0.11146228402865571,0.08849557522123894,0.08428150021070376,0.07711757269279393,0.07943531394858828,0.0695322376738306,0.061946902654867256,0.05520438263801096,0.05541508638853772,0.04593341761483354,0.04108723135271808,0.03181626632954067,0.024863042562157607,0.014959966287399916,0.011378002528445006,0.004424778761061947,0.8697261440442475,0.035758450895443314,0.0,0.0,0.0,0.0,0.0,0.0,0.0,0.0,0.0,0.0,0.0,0.0,0.0,0.0,0.0,0.0,0.0,0.0,0.0,0.0,0.012642225031605565,0.04424778761061948,0.07585335018963339,0.6890012642225011,3.141592920353983,9.79140328697851,11.125158027812898,3.9633375474083445,0.903919089759798,0.2528445006321113,4.403942532576011,2.843191848217774,4.090909090909091,2.8108408788618737,0.9289197260519618,4.449020931802836,2.7671753357028215,4.35784635587656,2.914403037733031,0.9795068224393967,0.4197,0.0189,0.0,0.0,0.0,0.0,0.0,0.0,0.0,0.0,0.0,0.0,0.03160556257901391,4.627054361567629,18.42604298356511,6.65613147914033,0.2591656131479141,0.0,0.0,0.0,0.0,0.0,0.0,0.0,0.0,0.0,0.0,0.0,0.0,0.0,0.0,0.0,nan,nan,4.402796271637817,2.8431369295736837,nan,0.4197,0.08936,0.0,0.0,0.0,0.0,0.0,0.0,0.0,0.0,0.0,0.0,0.0,0.0,0.0,0.0,0.0,0.0,0.0,0.0,4.2140750105351876e-05,0.0013168984407922462,0.0006005056890012642,0.0004003371260008428,0.004624947324062368,0.007258744205646861,0.004593341761483355,0.005604719764011799,0.00731142014327855,0.016793088916982724,0.015592077538980193,0.001980615254951538,0.010366624525916562,0.02018541930046355,0.05222292456805731,0.0331015592077539,0.040686894226717236,0.03266961651917404,0.03736831015592078,0.0696165191740413,0.06638221660345554,0.037895069532237674,0.04233038348082596,0.023367045933417614,0.013442899283607248,0.042172355667930886,0.0162873999157185,0.011757269279393173,0.03536662452591656,0.05396123050990308,0.046512852928782135,0.02099662873999157,0.04016013485040034,0.029066582385166455,0.014348925410872314,0.036399072903497684,0.016150442477876108,0.019363674673409187,0.023830594184576486,0.0053413400758533505,0.011641382216603456,0.0020543615676359038,0.005193847450484619,0.004751369574378424,0.0043931731984829326,0.000705857564264644,0.01146228402865571,0.002317741255794353,1.0535187526337969e-05,0.0,0.0,0.0,0.0,0.0,0.0,0.0,0.0,0.0,0.0,0.0,0.0,0.0,0.0,0.0,0.0,0.0,0.0,0.0,0.0,0.0,0.0,0.0,0.0,0.0,0.0,0.0,0.0,0.0,0.0,0.0,0.0,0.0,0.0,nan,nan,4.402796271637817,2.8431369295736837,nan,0.8695382816734061,0.03577796576453796,0.0,0.0,0.0,0.0,0.0,0.0,0.0,0.0,0.0,0.0,0.0,0.0,0.0,0.0,0.0,0.0,0.0,0.0,0.0,0.0,0.024937655860349132,0.0374064837905237,0.0748129675810474,0.7481296758104714,2.9800498753117215,10.0498753117207,10.94763092269327,3.9775561097256866,0.9850374064837907,0.17456359102244393,0.8699193050973436,0.03573734479111376,0.0,0.0,0.0,0.0,0.0,0.0,0.0,0.0,0.0,0.0,0.0,0.0,0.0,0.0,0.0,0.0,0.0,0.0,0.0,0.0,0.0,0.051282051282051294,0.07692307692307694,0.6282051282051263,3.3076923076923084,9.525641025641027,11.30769230769231,3.9487179487179493,0.8205128205128207,0.3333333333333334,0.4194,0.01878,0.0,0.0,0.0,0.0,0.0,0.0,0.0,0.0,0.0,0.0,0.049875311720698264,4.700748129675803,18.56608478802993,6.408977556109727,0.27431421446384047,0.0,0.0,0.0,0.0,0.0,0.0,0.0,0.0,0.0,0.0,0.0,0.0,0.0,0.0,0.0,0.42,0.01904,0.0,0.0,0.0,0.0,0.0,0.0,0.0,0.0,0.0,0.0,0.012820512820512824,4.551282051282045,18.282051282051285,6.9102564102564115,0.24358974358974364,0.0,0.0,0.0,0.0,0.0,0.0,0.0,0.0,0.0,0.0,0.0,0.0,0.0,0.0,0.0
34800,4742,2387,0.5033741037536904,1103,1008,0.44517081400253056,1356,0.5719105862505272,0.44999999999999996,2.9473460721868365,3.0398255979244393,6.5212121212121215,1.9316749798379294,6649.800000000001,9.094947017729282e-13,6649.8,6649.8,6649.800000000001,9.094947017729282e-13,6649.800000000001,9.094947017729282e-13,27.71530999578237,20.789213801382896,32.84886075949367,18.984555814177604,0.1433994095318431,0.10164487557992408,0.08519611978068325,0.0915225643188528,0.08266554196541544,0.07317587515816111,0.07169970476592155,0.061999156474061574,0.05609447490510333,0.05567271193589203,0.04555040067482075,0.04006748207507381,0.0322648671446647,0.02593842260649515,0.016237874314635175,0.010122311261071278,0.006748207507380852,0.8703551928562637,0.0343068640541401,0.0,0.0,0.0,0.0,0.0,0.0,0.0,0.0,0.0,0.0,0.0,0.0,0.0,0.0,0.0,0.0,0.0,0.0,0.0,0.0,0.0,0.0253057781526782,0.08224377899620415,0.6073386756642748,2.9354702657106713,9.97680303669338,11.374947279628852,3.8844369464361037,0.8730493462673979,0.2404048924504429,4.337052838857893,2.8099667154740207,3.7142857142857144,1.979486637221574,0.8564077617426085,4.370860927152318,2.7724183003858514,4.301165803108808,2.842925714853929,0.9840546004082272,0.418,0.01859,0.0,0.0,0.0,0.0,0.0,0.0,0.0,0.0,0.0,0.0,0.05693800084352595,5.061155630535631,18.757908055672715,5.934204976803038,0.1897933361450865,0.0,0.0,0.0,0.0,0.0,0.0,0.0,0.0,0.0,0.0,0.0,0.0,0.0,0.0,0.0,nan,nan,4.335625409299279,2.808501918115136,nan,0.418,0.0897,0.0,0.0,0.0,0.0,0.0,0.0,0.0,0.0,0.0,0.0,0.0,0.0,0.0,0.0,0.0,0.0,0.0,0.0,0.00014761703922395615,0.001760860396457191,0.0003901307465204555,0.0003479544495993252,0.004143821172501054,0.0075495571488823285,0.005261493040911008,0.0049029945170814,0.007623365668494306,0.018156895824546604,0.016670181358076762,0.0021509911429776468,0.012083509067903838,0.021183045128637706,0.05373260227752003,0.0326233656684943,0.04319907212146774,0.03329818641923239,0.040299451708140026,0.06850485027414593,0.06517292281737663,0.0371045972163644,0.040795023196963306,0.022827920708561787,0.014002530577815267,0.0438844369464361,0.01449810206663855,0.011345423871784057,0.034226064951497256,0.05424926191480388,0.04349430619991565,0.021499367355546185,0.0409215520877267,0.02769928300295234,0.013433150569380008,0.03599746942218473,0.01588991986503585,0.01911640657950232,0.02278574441164066,0.005461830451286377,0.011872627583298186,0.00130746520455504,0.005008435259384226,0.005272037115141291,0.004038380430198229,0.0005693800084352594,0.01135596794601434,0.002108814846056516,3.163222269084774e-05,0.0,0.0,0.0,0.0,0.0,0.0,0.0,0.0,0.0,0.0,0.0,0.0,0.0,0.0,0.0,0.0,0.0,0.0,0.0,0.0,0.0,0.0,0.0,0.0,0.0,0.0,0.0,0.0,0.0,0.0,0.0,0.0,0.0,0.0,nan,nan,4.335625409299279,2.808501918115136,nan,0.8705830313842767,0.03448426359750994,0.0,0.0,0.0,0.0,0.0,0.0,0.0,0.0,0.0,0.0,0.0,0.0,0.0,0.0,0.0,0.0,0.0,0.0,0.0,0.0,0.0,0.02513615416841224,0.07540846250523671,0.6535400083787161,2.91579388353582,10.041893590280688,11.361541684122333,3.657310431503981,0.9803100125680773,0.28906577293674074,0.870124258433178,0.03412456061878329,0.0,0.0,0.0,0.0,0.0,0.0,0.0,0.0,0.0,0.0,0.0,0.0,0.0,0.0,0.0,0.0,0.0,0.0,0.0,0.0,0.0,0.02547770700636943,0.08917197452229302,0.5605095541401256,2.955414012738854,9.91082802547771,11.388535031847137,4.114649681528663,0.764331210191083,0.19108280254777074,0.418,0.01863,0.0,0.0,0.0,0.0,0.0,0.0,0.0,0.0,0.0,0.0,0.02513615416841224,5.077503142019263,18.701298701298704,6.032677000418937,0.16338500209467957,0.0,0.0,0.0,0.0,0.0,0.0,0.0,0.0,0.0,0.0,0.0,0.0,0.0,0.0,0.0,0.4177,0.01854,0.0,0.0,0.0,0.0,0.0,0.0,0.0,0.0,0.0,0.0,0.08917197452229302,5.044585987261139,18.815286624203825,5.8343949044586,0.21656050955414016,0.0,0.0,0.0,0.0,0.0,0.0,0.0,0.0,0.0,0.0,0.0,0.0,0.0,0.0,0.0
34900,4684,2356,0.5029888983774552,1114,970,0.4449188727583262,1354,0.578138343296328,0.43799999999999994,2.906357388316151,3.0413520227966253,6.523076923076923,2.0822154791892094,6649.8,0.0,6649.8,6649.8,6649.800000000001,9.094947017729282e-13,6649.800000000001,9.094947017729282e-13,27.790777113578137,20.89920792473126,32.913188220230474,19.118027978965873,0.1432536293766012,0.10311699402220324,0.09116140051238258,0.08603757472245943,0.07707087959009394,0.07835183603757473,0.06660973526900085,0.06575576430401367,0.05294619982920581,0.05657557643040137,0.046327924850555084,0.039709649871904354,0.028181041844577284,0.02860802732707088,0.020281810418445772,0.008753202391118702,0.007258753202391118,0.8697877180540694,0.0344330528059513,0.0,0.0,0.0,0.0,0.0,0.0,0.0,0.0,0.0,0.0,0.0,0.0,0.0,0.0,0.0,0.0,0.0,0.0,0.0,0.0,0.0,0.019214346712211786,0.10247651579846288,0.698121263877026,2.9526046114432116,9.946626814688303,11.560631938514094,3.727583262169087,0.6981212638770283,0.2946199829205807,4.307359307359308,2.820723188674964,4.333333333333333,2.0548046676563256,1.0060301507537688,4.1855533465871435,2.7529182134294166,4.430193720774883,2.8809552760300914,1.0584487531110354,0.4182,0.01808,0.0,0.0,0.0,0.0,0.0,0.0,0.0,0.0,0.0,0.0,0.03842869342442357,4.809991460290343,19.02220324508967,6.0012809564474825,0.12809564474807858,0.0,0.0,0.0,0.0,0.0,0.0,0.0,0.0,0.0,0.0,0.0,0.0,0.0,0.0,0.0,nan,nan,4.307385229540918,2.820062619212943,nan,0.4182,0.0893,0.0,0.0,0.0,0.0,0.0,0.0,0.0,0.0,0.0,0.0,0.0,0.0,0.0,0.0,0.0,0.0,0.0,0.0,6.404782237403929e-05,0.0015691716481639625,0.0007045260461144321,0.00023484201537147736,0.004643467122117848,0.00629803586678053,0.005401366353543979,0.004408625106746371,0.007643040136635354,0.017634500426985483,0.0158198121263877,0.002145602049530316,0.012393253629376601,0.02137062339880444,0.05121690862510675,0.033411614005123824,0.04355251921434671,0.03556789069171648,0.03899444918872758,0.06823228010247652,0.06399444918872758,0.03742527754056362,0.041652433817250215,0.02592869342442357,0.015061912894961572,0.04357386848847139,0.01347139197267293,0.012585397096498719,0.03568531169940222,0.05366140051238258,0.04195132365499573,0.02073014517506405,0.04099060631938514,0.02849060631938514,0.01337532023911187,0.03451110162254483,0.01594790777113578,0.020078992314261315,0.023003842869342442,0.0055935098206660976,0.011646029035012809,0.0010994876174210077,0.004269854824935952,0.004696840307429547,0.005038428693424424,0.0008859948761742101,0.011208368915456875,0.0020922288642186166,4.269854824935952e-05,0.0,0.0,0.0,0.0,0.0,0.0,0.0,0.0,0.0,0.0,0.0,0.0,0.0,0.0,0.0,0.0,0.0,0.0,0.0,0.0,0.0,0.0,0.0,0.0,0.0,0.0,0.0,0.0,0.0,0.0,0.0,0.0,0.0,0.0,nan,nan,4.307385229540918,2.820062619212943,nan,0.8701619569382967,0.03531483764528077,0.0,0.0,0.0,0.0,0.0,0.0,0.0,0.0,0.0,0.0,0.0,0.0,0.0,0.0,0.0,0.0,0.0,0.0,0.0,0.0,0.0,0.02546689303904924,0.10186757215619696,0.7767402376909993,2.9796264855687613,9.575551782682513,11.651103565365029,3.781833616298812,0.7894736842105265,0.3183361629881155,0.8694089780148772,0.033512797369256365,0.0,0.0,0.0,0.0,0.0,0.0,0.0,0.0,0.0,0.0,0.0,0.0,0.0,0.0,0.0,0.0,0.0,0.0,0.0,0.0,0.0,0.012886597938144333,0.10309278350515466,0.6185567010309259,2.9252577319587636,10.32216494845361,11.469072164948457,3.6726804123711347,0.6056701030927836,0.27061855670103097,0.4185,0.01787,0.0,0.0,0.0,0.0,0.0,0.0,0.0,0.0,0.0,0.0,0.06366723259762311,4.507640067911709,19.227504244482176,6.073853989813244,0.12733446519524622,0.0,0.0,0.0,0.0,0.0,0.0,0.0,0.0,0.0,0.0,0.0,0.0,0.0,0.0,0.0,0.4177,0.0183,0.0,0.0,0.0,0.0,0.0,0.0,0.0,0.0,0.0,0.0,0.012886597938144333,5.115979381443292,18.814432989690726,5.927835051546393,0.1288659793814433,0.0,0.0,0.0,0.0,0.0,0.0,0.0,0.0,0.0,0.0,0.0,0.0,0.0,0.0,0.0
35000,4651,2370,0.5095678348742206,1078,978,0.44205547194151795,1344,0.5779402279079768,0.45799999999999996,3.0135905304690924,3.069027487817604,6.493087557603687,2.151239736168871,6649.800000000002,1.8189894035458565e-12,6649.8,6649.8,6649.800000000001,9.094947017729282e-13,6649.800000000002,1.8189894035458565e-12,28.00322511287895,20.910838309584083,32.996923076923075,19.14153734868247,0.13824983874435606,0.09696839389378628,0.09159320576220167,0.09374328101483552,0.07933777682218877,0.07331756611481402,0.07826273919587186,0.06106213717480112,0.05160180606321221,0.05568694904321651,0.04321651257794023,0.03977639217372608,0.033971188991614706,0.02752096323371318,0.017415609546334122,0.010535368737905827,0.0077402709094818315,0.8667499431997852,0.03592229698441814,0.0,0.0,0.0,0.0,0.0,0.0,0.0,0.0,0.0,0.0,0.0,0.0,0.0,0.0,0.0,0.0,0.0,0.0,0.0,0.0,0.0,0.025800903031606114,0.24510857880025805,0.8062782197376883,3.1799612986454533,10.662223177811226,10.662223177811226,3.3412169425929914,0.8127284454955925,0.26445925607396265,4.425553319919517,2.8886658897740043,4.222222222222222,2.1487866228681907,0.9540552145689677,4.383534136546185,2.8584681188447476,4.468582887700535,2.913701198867981,1.0194018681057564,0.4187,0.01772,0.0,0.0,0.0,0.0,0.0,0.0,0.0,0.0,0.0,0.0,0.03225112878950764,4.411954418404638,19.266824338851862,6.159965598795959,0.12900451515803055,0.0,0.0,0.0,0.0,0.0,0.0,0.0,0.0,0.0,0.0,0.0,0.0,0.0,0.0,0.0,nan,nan,4.424941491140087,2.8867455182810273,nan,0.4187,0.0888,0.0,0.0,0.0,0.0,0.0,0.0,0.0,0.0,0.0,0.0,0.0,0.0,0.0,0.0,0.0,2.150075252633842e-05,0.0,0.0,6.450225757901526e-05,0.0012040421414749515,0.0007310255858955063,0.00023650827778972264,0.004472156525478391,0.005676198666953344,0.005633197161900667,0.004472156525478391,0.007858525048376693,0.01771662008170286,0.016695334336701784,0.001838314341001935,0.012835949258224039,0.020092453235863256,0.04833369167920877,0.032648892711244895,0.0438185336486777,0.03420769726940443,0.03854009890346162,0.06587830574070093,0.06751236293270264,0.03766931842614492,0.043141259944098044,0.02600516018060632,0.014437755321436251,0.04376478176736186,0.013007955278434746,0.012964953773382068,0.03733605676198667,0.054826918942162975,0.04399053966888841,0.019834444205547194,0.04180821328746506,0.028305740700924533,0.013255213932487638,0.03596000860030101,0.014201247043646528,0.02072672543539024,0.022414534508707805,0.0054719415179531284,0.011502902601591055,0.0015695549344227047,0.0043646527628467,0.003934637712319931,0.004966673833584175,0.0010427864975274136,0.011234143195011825,0.0017093098258439045,3.225112878950763e-05,2.150075252633842e-05,1.075037626316921e-05,0.0,0.0,0.0,0.0,0.0,0.0,0.0,0.0,0.0,0.0,0.0,0.0,0.0,0.0,0.0,0.0,0.0,0.0,0.0,0.0,0.0,0.0,0.0,0.0,0.0,0.0,0.0,0.0,0.0,0.0,0.0,0.0,nan,nan,4.424941491140087,2.8867455182810273,nan,0.8667372291852653,0.03638123754285773,0.0,0.0,0.0,0.0,0.0,0.0,0.0,0.0,0.0,0.0,0.0,0.0,0.0,0.0,0.0,0.0,0.0,0.0,0.0,0.0,0.0,0.037974683544303806,0.2531645569620254,0.8227848101265797,3.3164556962025324,10.544303797468357,10.506329113924053,3.4050632911392413,0.848101265822785,0.2658227848101266,0.8667631532894002,0.03543914952784845,0.0,0.0,0.0,0.0,0.0,0.0,0.0,0.0,0.0,0.0,0.0,0.0,0.0,0.0,0.0,0.0,0.0,0.0,0.0,0.0,0.0,0.013152126260412103,0.23673827268741784,0.7891275756247235,3.038141166155196,10.784743533537926,10.82419991231916,3.2748794388426137,0.7759754493643141,0.26304252520824206,0.419,0.01778,0.0,0.0,0.0,0.0,0.0,0.0,0.0,0.0,0.0,0.0,0.037974683544303806,4.367088607594931,19.202531645569625,6.278481012658229,0.11392405063291142,0.0,0.0,0.0,0.0,0.0,0.0,0.0,0.0,0.0,0.0,0.0,0.0,0.0,0.0,0.0,0.4185,0.01767,0.0,0.0,0.0,0.0,0.0,0.0,0.0,0.0,0.0,0.0,0.026304252520824207,4.458570802279696,19.33362560280579,6.0368259535291555,0.14467338886453313,0.0,0.0,0.0,0.0,0.0,0.0,0.0,0.0,0.0,0.0,0.0,0.0,0.0,0.0,0.0
35100,4729,2378,0.5028547261577501,1103,997,0.444068513427786,1385,0.5857475153309367,0.45799999999999996,3.0085070182900893,3.1212441391935535,6.710166919575114,2.0692274887162476,6649.8,0.0,6649.8,6649.8,6649.800000000001,9.094947017729282e-13,6649.800000000002,1.8189894035458565e-12,27.76252907591457,20.77102468113055,32.77449494949495,18.976777568020765,0.1414675407062804,0.10086699090716854,0.0953689997885388,0.08691055191372384,0.07887502643264961,0.07358849651089025,0.06957073377035314,0.05899767392683443,0.05899767392683443,0.05032776485514908,0.049693381264537956,0.043561006555297106,0.035102558680482135,0.025586804821315288,0.01733981814337069,0.009304292662296468,0.00444068513427786,0.8674599157879079,0.03637648492902978,0.0,0.0,0.0,0.0,0.0,0.0,0.0,0.0,0.0,0.0,0.0,0.0,0.0,0.0,0.0,0.0,0.0,0.0,0.0,0.0,0.01268767181222246,0.038063015436667375,0.17128356946500323,0.8056671600761235,3.3432015225206184,10.37217170649186,10.606893635017977,3.451046732924509,0.8881370268555722,0.31084795939945026,4.413509060955519,2.8781999527837803,4.545454545454546,2.0610516452281153,1.0298958227289694,4.434551495016612,2.883312431834985,4.393900064892927,2.8680593122242217,0.9908330233239219,0.4187,0.01822,0.0,0.0,0.0,0.0,0.0,0.0,0.0,0.0,0.0,0.0,0.019031507718333687,4.548530344681744,19.101289913300914,6.166208500740115,0.164939733558892,0.0,0.0,0.0,0.0,0.0,0.0,0.0,0.0,0.0,0.0,0.0,0.0,0.0,0.0,0.0,nan,nan,4.413985554826001,2.8756776708741913,nan,0.4187,0.08826,0.0,0.0,0.0,0.0,0.0,0.0,0.0,0.0,0.0,0.0,0.0,0.0,0.0,0.0,0.0,0.0,0.0,2.114611968703743e-05,6.343835906111229e-05,0.0009092831465426094,0.0009092831465426094,0.00019031507718333685,0.004070628039754705,0.0060795094100232604,0.005307676041446395,0.0047895961091139775,0.0072636921124973565,0.01816451681116515,0.015563544089659547,0.0017657009938676254,0.011852400084584479,0.019126665256925354,0.04798054556988793,0.03437301755127934,0.043561006555297106,0.03617043772467752,0.03812645379572848,0.0679636286741383,0.06398815817297526,0.037978430957919224,0.04431169380418693,0.024064284203848593,0.014781137661239162,0.04471347007824064,0.013723831676887292,0.014580249524212307,0.03772467752167477,0.056026644110805664,0.04245083527172764,0.01930640727426517,0.044385705223091564,0.026274053711144003,0.01250792979488264,0.03869739902727849,0.01349122436032988,0.020955804609854092,0.020342567138930005,0.006153520828927892,0.010816240219919645,0.0015225206174666948,0.004229223937407486,0.0036477056460139565,0.004631000211461197,0.0013533516599703954,0.011440050750687249,0.0016388242757454008,1.0573059843518714e-05,0.0,0.0,0.0,0.0,0.0,0.0,0.0,0.0,0.0,0.0,0.0,0.0,0.0,0.0,0.0,0.0,0.0,0.0,0.0,0.0,0.0,0.0,0.0,0.0,0.0,0.0,0.0,0.0,0.0,0.0,0.0,0.0,0.0,0.0,nan,nan,4.413985554826001,2.8756776708741913,nan,0.8676699354831063,0.0360651361565107,0.0,0.0,0.0,0.0,0.0,0.0,0.0,0.0,0.0,0.0,0.0,0.0,0.0,0.0,0.0,0.0,0.0,0.0,0.0,0.0,0.0,0.05046257359125317,0.15138772077375948,0.6686291000841021,3.4440706476030285,10.470984020185032,10.609756097560979,3.3809924306139623,0.9209419680403702,0.30277544154751895,0.8672474841268354,0.03668749857101664,0.0,0.0,0.0,0.0,0.0,0.0,0.0,0.0,0.0,0.0,0.0,0.0,0.0,0.0,0.0,0.0,0.0,0.0,0.0,0.0,0.025521054870267977,0.025521054870267977,0.19140791152700984,0.944279030199912,3.2411739685240333,10.27222458528286,10.603998298596345,3.5219055720969807,0.8549553381539772,0.3190131858783497,0.4192,0.018,0.0,0.0,0.0,0.0,0.0,0.0,0.0,0.0,0.0,0.0,0.025231286795626584,4.276703111858699,19.51640033641716,6.05550883095038,0.12615643397813292,0.0,0.0,0.0,0.0,0.0,0.0,0.0,0.0,0.0,0.0,0.0,0.0,0.0,0.0,0.0,0.4185,0.01843,0.0,0.0,0.0,0.0,0.0,0.0,0.0,0.0,0.0,0.0,0.012760527435133989,4.82347937048064,18.681412165036157,6.2781794980859225,0.20416843896214382,0.0,0.0,0.0,0.0,0.0,0.0,0.0,0.0,0.0,0.0,0.0,0.0,0.0,0.0,0.0
35200,4805,2385,0.4963579604578564,1095,1022,0.440582726326743,1366,0.5685744016649323,0.45399999999999996,2.971487603305785,3.0891059342448615,6.548621190130624,2.1014271155134385,6649.800000000002,1.8189894035458565e-12,6649.8,6649.8,6649.800000000002,1.8189894035458565e-12,6649.800000000001,9.094947017729282e-13,27.944016649323622,20.912243875494365,32.932985852568876,19.152494503683446,0.1404786680541103,0.09802289281997918,0.0963579604578564,0.0882414151925078,0.07304890738813735,0.07721123829344433,0.06971904266389178,0.06701352757544225,0.05723204994797086,0.05286160249739855,0.04328824141519251,0.04183142559833507,0.03537981269510926,0.024349635796045786,0.01748178980228928,0.009365244536940686,0.008116545265348595,0.8679847037258803,0.03527127021596545,0.0,0.0,0.0,0.0,0.0,0.0,0.0,0.0,0.0,0.0,0.0,0.0,0.0,0.0,0.0,0.0,0.0,0.0,0.0,0.0,0.006243496357960459,0.018730489073881376,0.20603537981269515,0.5744016649323603,3.234131113423518,10.707596253902189,10.657648283038505,3.53381893860562,0.7617065556711761,0.299687825182102,4.361688311688312,2.8365128136166486,3.888888888888889,2.1314806770278754,0.8916017401948622,4.365633074935401,2.896698164830236,4.353896103896104,2.771858421003626,0.9973115076696017,0.4204,0.01839,0.0,0.0,0.0,0.0,0.0,0.0,0.0,0.0,0.0,0.0,0.031217481789802295,3.9458896982310034,18.924037460978152,6.8428720083246635,0.25598335067637884,0.0,0.0,0.0,0.0,0.0,0.0,0.0,0.0,0.0,0.0,0.0,0.0,0.0,0.0,0.0,nan,nan,4.360310780187763,2.8348279144449586,nan,0.4204,0.0888,0.0,0.0,0.0,0.0,0.0,0.0,0.0,0.0,0.0,0.0,0.0,0.0,0.0,0.0,0.0,0.0,0.0,0.0,0.0001040582726326743,0.0006243496357960458,0.0006139438085327783,9.365244536940687e-05,0.004214360041623309,0.005931321540062435,0.004464099895941727,0.004360041623309053,0.006368366285119667,0.018272632674297608,0.017596253902185225,0.0016129032258064516,0.012382934443288241,0.018449531737773153,0.04664932362122789,0.03304890738813736,0.04343392299687825,0.03566077003121748,0.04070759625390218,0.06881373569198751,0.06199791883454735,0.03760665972944849,0.04422476586888657,0.022018730489073882,0.013371488033298648,0.04194588969823101,0.014193548387096775,0.01404786680541103,0.037585848074921956,0.05636836628511967,0.04293444328824141,0.02099895941727367,0.04437044745057232,0.027263267429760665,0.013246618106139437,0.039927159209157126,0.013527575442247659,0.022247658688865767,0.020551508844953173,0.006118626430801249,0.01125910509885536,0.0014360041623309053,0.005660770031217482,0.0034131113423517168,0.0046514047866805415,0.001352757544224766,0.012060353798126951,0.002154006243496358,1.040582726326743e-05,0.0,5.202913631633715e-05,0.0,0.0,0.0,0.0,0.0,0.0,0.0,0.0,0.0,0.0,0.0,0.0,0.0,0.0,0.0,0.0,0.0,0.0,0.0,0.0,0.0,0.0,0.0,0.0,0.0,0.0,0.0,0.0,0.0,0.0,0.0,0.0,nan,nan,4.360310780187763,2.8348279144449586,nan,0.8675240323228656,0.03565903496193351,0.0,0.0,0.0,0.0,0.0,0.0,0.0,0.0,0.0,0.0,0.0,0.0,0.0,0.0,0.0,0.0,0.0,0.0,0.0,0.0,0.0,0.02515723270440252,0.2515723270440252,0.6289308176100609,3.2704402515723277,10.754716981132079,10.327044025157235,3.6855345911949695,0.7547169811320756,0.30188679245283023,0.8684387125259588,0.034878944179432256,0.0,0.0,0.0,0.0,0.0,0.0,0.0,0.0,0.0,0.0,0.0,0.0,0.0,0.0,0.0,0.0,0.0,0.0,0.0,0.0,0.012396694214876035,0.012396694214876035,0.16115702479338848,0.5206611570247918,3.198347107438017,10.661157024793392,10.983471074380168,3.384297520661158,0.7685950413223143,0.29752066115702486,0.4202,0.01839,0.0,0.0,0.0,0.0,0.0,0.0,0.0,0.0,0.0,0.0,0.02515723270440252,4.1132075471698055,19.006289308176104,6.4779874213836495,0.3773584905660378,0.0,0.0,0.0,0.0,0.0,0.0,0.0,0.0,0.0,0.0,0.0,0.0,0.0,0.0,0.0,0.4207,0.01839,0.0,0.0,0.0,0.0,0.0,0.0,0.0,0.0,0.0,0.0,0.03719008264462811,3.7809917355371847,18.842975206611573,7.202479338842977,0.13636363636363638,0.0,0.0,0.0,0.0,0.0,0.0,0.0,0.0,0.0,0.0,0.0,0.0,0.0,0.0,0.0
35300,4591,2329,0.5072968852101939,1104,934,0.44391200174253975,1303,0.5676323241123938,0.474,2.916445623342175,3.0902436404288856,6.6477272727272725,2.0123630945535482,6649.800000000001,9.094947017729282e-13,6649.8,6649.8,6649.800000000001,9.094947017729282e-13,6649.800000000001,9.094947017729282e-13,27.381180570681767,20.719180853469926,32.3635652853792,19.02247430407459,0.14267044216946198,0.10847309954258331,0.09562186887388369,0.07928555870180788,0.08320627314310608,0.07362230450882161,0.07100849488128948,0.0631670659986931,0.055543454585057724,0.05793944674362884,0.04225658897843607,0.03964277935090394,0.029840993247658463,0.023742104116750165,0.01698976257895883,0.00980178610324548,0.007187976475713352,0.8672445821128518,0.0349209218106025,0.0,0.0,0.0,0.0,0.0,0.0,0.0,0.0,0.0,0.0,0.0,0.0,0.0,0.0,0.0,0.0,0.0,0.0,0.0,0.0,0.0065345240688303215,0.0065345240688303215,0.1502940535830974,0.8233500326726177,3.201916793726858,10.73622304508822,10.605532563711611,3.502504900893052,0.751470267915487,0.2156392942714006,4.3263770099213135,2.9014274644891227,5.5,0.5,1.271271548315673,4.3209621993127145,2.8791358302718715,4.333333333333333,2.921730298386204,1.0028630507396215,0.4207,0.01775,0.0,0.0,0.0,0.0,0.0,0.0,0.0,0.0,0.0,0.0,0.0065345240688303215,3.79002395992158,18.950119799607933,7.10302766281856,0.1502940535830974,0.0,0.0,0.0,0.0,0.0,0.0,0.0,0.0,0.0,0.0,0.0,0.0,0.0,0.0,0.0,nan,nan,4.327179487179487,2.9006270604565363,nan,0.4207,0.08826,0.0,0.0,0.0,0.0,0.0,0.0,0.0,0.0,0.0,0.0,0.0,0.0,0.0,0.0,0.0,0.0,0.0,0.0,0.0001960357220649096,0.0010890873448050533,0.00021781746896101068,0.00010890873448050534,0.004051404922674798,0.0054454367240252665,0.0035722064909605752,0.004312785885428012,0.004824656937486386,0.018274885645828794,0.017447179263776955,0.0017643214985841864,0.012437377477673709,0.01855804835547811,0.04670006534524069,0.032324112393813983,0.04544761489871488,0.0367458070137225,0.04367240252668264,0.06691352646482247,0.061337399259420604,0.03628839032890438,0.04531692441733827,0.020932258767153124,0.012339359616641255,0.04357438466565019,0.01366804617730342,0.015791766499673274,0.03721411457198867,0.057384012197778264,0.04272489653670224,0.022119363972990636,0.0449357438466565,0.0275212372032237,0.01181659769113483,0.040742757569157045,0.011500762361141363,0.022315399695055544,0.020877804399912873,0.005968198649531692,0.010945327815290786,0.0020474842082335003,0.004748420823350033,0.0032563711609671095,0.003964277935090394,0.0016227401437595296,0.011903724678719233,0.002918754084077543,0.0,0.0,0.00011979960792855587,0.0,0.0,0.0,0.0,0.0,0.0,0.0,0.0,0.0,0.0,0.0,0.0,0.0,0.0,0.0,0.0,0.0,0.0,0.0,0.0,0.0,0.0,0.0,0.0,0.0,0.0,0.0,0.0,0.0,0.0,0.0,0.0,nan,nan,4.327179487179487,2.9006270604565363,nan,0.8666252554512269,0.034502965218214984,0.0,0.0,0.0,0.0,0.0,0.0,0.0,0.0,0.0,0.0,0.0,0.0,0.0,0.0,0.0,0.0,0.0,0.0,0.0,0.0,0.012881064834693005,0.0,0.18033490768570207,0.8630313439244285,3.117217689995707,10.729927007299274,10.858737655646204,3.361957921854874,0.7213396307428083,0.15457277801631605,0.8678822531097237,0.03533475419121313,0.0,0.0,0.0,0.0,0.0,0.0,0.0,0.0,0.0,0.0,0.0,0.0,0.0,0.0,0.0,0.0,0.0,0.0,0.0,0.0,0.0,0.013262599469496024,0.11936339522546421,0.7824933687002629,3.289124668435014,10.742705570291779,10.344827586206899,3.6472148541114064,0.7824933687002654,0.2785145888594165,0.4207,0.0178,0.0,0.0,0.0,0.0,0.0,0.0,0.0,0.0,0.0,0.0,0.0,3.864319450407895,18.79347359381709,7.2133963074280825,0.12881064834693004,0.0,0.0,0.0,0.0,0.0,0.0,0.0,0.0,0.0,0.0,0.0,0.0,0.0,0.0,0.0,0.4204,0.01765,0.0,0.0,0.0,0.0,0.0,0.0,0.0,0.0,0.0,0.0,0.013262599469496024,3.7135278514588803,19.11140583554377,6.989389920424405,0.17241379310344832,0.0,0.0,0.0,0.0,0.0,0.0,0.0,0.0,0.0,0.0,0.0,0.0,0.0,0.0,0.0
35400,4736,2401,0.5069679054054054,1119,977,0.44256756756756754,1338,0.5650337837837838,0.46199999999999997,3.0376873661670234,3.1623239436417476,6.740181268882175,2.156039496751502,6649.800000000001,9.094947017729282e-13,6649.8,6649.8,6649.800000000002,1.8189894035458565e-12,6649.800000000002,1.8189894035458565e-12,28.14717060810811,21.101630395283113,33.15119496855346,19.3417210073981,0.14125844594594594,0.09607263513513513,0.09966216216216216,0.08572635135135136,0.078125,0.06883445945945946,0.0707347972972973,0.060177364864864864,0.056798986486486486,0.05595439189189189,0.049197635135135136,0.03990709459459459,0.03441722972972973,0.02660472972972973,0.017947635135135136,0.01097972972972973,0.007601351351351352,0.8675353927915362,0.034920512695823164,0.0,0.0,0.0,0.0,0.0,0.0,0.0,0.0,0.0,0.0,0.0,0.0,0.0,0.0,0.0,0.0,0.0,0.0,0.0,0.0,0.006334459459459461,0.019003378378378382,0.1140202702702703,0.6271114864864845,3.4332770270270276,10.80025337837838,10.432854729729733,3.4966216216216224,0.8044763513513515,0.26604729729729737,4.427014531043593,2.8861527812878305,5.4,2.939387691339814,1.2197836628123835,4.417105263157895,2.937457196010412,4.440185062789161,2.834360592047484,1.0052250961333817,0.4204,0.0183,0.0,0.0,0.0,0.0,0.0,0.0,0.0,0.0,0.0,0.0,0.019003378378378382,3.756334459459454,19.180743243243246,6.80954391891892,0.23437500000000006,0.0,0.0,0.0,0.0,0.0,0.0,0.0,0.0,0.0,0.0,0.0,0.0,0.0,0.0,0.0,nan,nan,4.4286185295087375,2.8865112537138833,nan,0.4204,0.0882,0.0,0.0,0.0,0.0,0.0,0.0,0.0,0.0,0.0,0.0,0.0,0.0,0.0,0.0,0.0,0.0,0.0,0.0,0.00046452702702702705,0.001002956081081081,0.0003272804054054054,0.0001583614864864865,0.004286317567567567,0.005352618243243243,0.0031144425675675674,0.004782516891891892,0.0052259290540540545,0.018581081081081082,0.018306587837837836,0.0017103040540540541,0.012320523648648649,0.01892947635135135,0.04494298986486486,0.031608952702702704,0.0445945945945946,0.03691934121621621,0.048469172297297296,0.06320734797297298,0.05786528716216216,0.038175675675675674,0.04666385135135135,0.01983741554054054,0.011697635135135135,0.04430954391891892,0.013122888513513514,0.016606841216216216,0.0362964527027027,0.05613386824324324,0.04139569256756757,0.02387035472972973,0.04646326013513514,0.02652027027027027,0.012869510135135135,0.043232685810810814,0.010515202702702703,0.023764780405405406,0.02018581081081081,0.006503378378378379,0.011190878378378379,0.002417652027027027,0.0045396959459459455,0.003610641891891892,0.0036951013513513513,0.0007706925675675676,0.010705236486486486,0.0026182432432432434,1.0557432432432433e-05,0.0,0.00010557432432432433,0.0,0.0,0.0,0.0,0.0,0.0,0.0,0.0,0.0,0.0,0.0,0.0,0.0,0.0,0.0,0.0,0.0,0.0,0.0,0.0,0.0,0.0,0.0,0.0,0.0,0.0,0.0,0.0,0.0,0.0,0.0,0.0,nan,nan,4.4286185295087375,2.8865112537138833,nan,0.8671179997677706,0.034878658239305776,0.0,0.0,0.0,0.0,0.0,0.0,0.0,0.0,0.0,0.0,0.0,0.0,0.0,0.0,0.0,0.0,0.0,0.0,0.0,0.0,0.012494793835901711,0.024989587671803423,0.14993752603082053,0.5747605164514767,3.4860474802165773,10.720533111203668,10.58309037900875,3.4735526863806756,0.6997084548104958,0.27488546438983763,0.8679645836480935,0.03495830147943123,0.0,0.0,0.0,0.0,0.0,0.0,0.0,0.0,0.0,0.0,0.0,0.0,0.0,0.0,0.0,0.0,0.0,0.0,0.0,0.0,0.0,0.012847965738758033,0.07708779443254819,0.6809421841541734,3.3790149892933625,10.882226980728054,10.278372591006425,3.520342612419701,0.9122055674518204,0.25695931477516065,0.4207,0.01851,0.0,0.0,0.0,0.0,0.0,0.0,0.0,0.0,0.0,0.0,0.012494793835901711,3.710953769262802,19.192003331945028,6.79716784673053,0.2873802582257393,0.0,0.0,0.0,0.0,0.0,0.0,0.0,0.0,0.0,0.0,0.0,0.0,0.0,0.0,0.0,0.4204,0.01807,0.0,0.0,0.0,0.0,0.0,0.0,0.0,0.0,0.0,0.0,0.025695931477516067,3.8029978586723714,19.169164882226983,6.822269807280516,0.17987152034261247,0.0,0.0,0.0,0.0,0.0,0.0,0.0,0.0,0.0,0.0,0.0,0.0,0.0,0.0,0.0
35500,4922,2541,0.516253555465258,1202,1009,0.44920763917106865,1374,0.5583096302316132,0.45399999999999996,3.0512389752204956,3.0925625678464423,6.619186046511628,2.0763853403609276,6649.800000000002,1.8189894035458565e-12,6649.8,6649.8,6649.800000000002,1.8189894035458565e-12,6649.800000000001,9.094947017729282e-13,28.22714343762698,21.176326999753147,33.15572187349107,19.46788859835429,0.1379520520113775,0.0979276716781796,0.09406745225518082,0.09488013002844373,0.07293783015034538,0.07253149126371394,0.07049979683055668,0.06623323852092645,0.053636733035351485,0.052620885818772854,0.04632263307598537,0.041040227549776515,0.0321007720438846,0.026208858187728567,0.018488419341731004,0.011377488825680617,0.011174319382364892,0.867712562268752,0.035382923101946975,0.0,0.0,0.0,0.0,0.0,0.0,0.0,0.0,0.0,0.0,0.0,0.0,0.0,0.0,0.0,0.0,0.0,0.0,0.0,0.0,0.0,0.024380333197887044,0.1219016659894352,0.7070296627387219,3.3096302316131663,10.446972775294599,10.849248273059734,3.455912230800488,0.7984559122308007,0.28646891507517275,4.378625472887768,2.907260924033204,2.625,2.2325713874364688,0.5995032039743683,4.282442748091603,2.885935383998635,4.463930348258707,2.924836598765304,1.042379457436525,0.4204,0.01854,0.0,0.0,0.0,0.0,0.0,0.0,0.0,0.0,0.0,0.0,0.03657049979683056,4.00446972775294,18.565623730190982,7.198293376676149,0.19504266558309635,0.0,0.0,0.0,0.0,0.0,0.0,0.0,0.0,0.0,0.0,0.0,0.0,0.0,0.0,0.0,nan,nan,4.3742138364779874,2.9070877133553927,nan,0.4204,0.088,0.0,0.0,0.0,0.0,0.0,0.0,0.0,0.0,0.0,0.0,0.0,0.0,0.0,0.0,0.0,0.0,0.0,0.0,0.000497765136123527,0.001107273466070703,0.00048760666395774075,0.00022348638764729784,0.0033116619260463226,0.004916700528240552,0.0033421373425436816,0.005150345388053637,0.005455099553027224,0.01966680211296221,0.019798862251117433,0.0013409183258837872,0.012555871596911825,0.017757009345794394,0.04338683462007314,0.03164364079642422,0.044626168224299066,0.03840918325883787,0.049583502641202766,0.058675335229581474,0.057476635514018694,0.03944534741974807,0.046251523770824865,0.01942299878098334,0.011844778545306786,0.04517472572125152,0.014658675335229581,0.016121495327102803,0.03569687119057294,0.05538399024786672,0.042421779764323445,0.02393336042259244,0.045936611133685495,0.0271434376269809,0.012870784234051198,0.04281796017878911,0.010422592442096708,0.025264120276310444,0.019869971556277937,0.0067553839902478666,0.011489232019504267,0.002824055262088582,0.0047338480292564,0.003433563592035758,0.0047135310849248276,0.0005688744412840308,0.008715969118244616,0.0023669240146282,1.0158472165786265e-05,0.0,0.00027427874847622916,0.0,2.031694433157253e-05,0.0,0.0,0.0,0.0,0.0,0.0,0.0,0.0,0.0,0.0,0.0,0.0,0.0,0.0,0.0,0.0,0.0,0.0,0.0,0.0,0.0,0.0,0.0,0.0,0.0,0.0,0.0,0.0,0.0,0.0,nan,nan,4.3742138364779874,2.9070877133553927,nan,0.8684248178786811,0.0357157749429454,0.0,0.0,0.0,0.0,0.0,0.0,0.0,0.0,0.0,0.0,0.0,0.0,0.0,0.0,0.0,0.0,0.0,0.0,0.0,0.0,0.0,0.03541912632821724,0.12987012987012989,0.6139315230224303,3.2349468713105085,10.28335301062574,11.015348288075563,3.4828807556080292,0.8854781582054311,0.31877213695395523,0.866952444039088,0.03500823414518647,0.0,0.0,0.0,0.0,0.0,0.0,0.0,0.0,0.0,0.0,0.0,0.0,0.0,0.0,0.0,0.0,0.0,0.0,0.0,0.0,0.0,0.012599748005039902,0.11339773204535912,0.806383872322551,3.3893322133557335,10.621587568248637,10.671986560268797,3.4271314573708533,0.7055858882822346,0.251994960100798,0.421,0.01855,0.0,0.0,0.0,0.0,0.0,0.0,0.0,0.0,0.0,0.0,0.04722550177095633,3.9433293978748467,18.63046044864227,7.154663518299883,0.22432113341204254,0.0,0.0,0.0,0.0,0.0,0.0,0.0,0.0,0.0,0.0,0.0,0.0,0.0,0.0,0.0,0.4202,0.01852,0.0,0.0,0.0,0.0,0.0,0.0,0.0,0.0,0.0,0.0,0.025199496010079803,4.069718605627881,18.496430071398574,7.244855102897944,0.16379672406551873,0.0,0.0,0.0,0.0,0.0,0.0,0.0,0.0,0.0,0.0,0.0,0.0,0.0,0.0,0.0
35600,4843,2467,0.5093950030972537,1161,993,0.44476564113153005,1390,0.5740243650629775,0.42599999999999993,2.9452861952861955,2.9213085144521753,6.202185792349726,1.9191572684954477,6649.800000000001,9.094947017729282e-13,6649.8,6649.8,6649.800000000001,9.094947017729282e-13,6649.800000000001,9.094947017729282e-13,28.662605822837083,21.113845847160913,33.726647000983284,19.232227435736483,0.1399958703283089,0.09209167871154243,0.09167871154243237,0.08341936816023127,0.07867024571546562,0.07474705760892009,0.06772661573404914,0.06194507536650836,0.05843485442907289,0.05905430518273797,0.04728474086310138,0.04439397067933099,0.03613462729712988,0.027875283914928762,0.01755110468717737,0.013008465826966756,0.005988023952095809,0.8688038412313089,0.035811006042996085,0.0,0.0,0.0,0.0,0.0,0.0,0.0,0.0,0.0,0.0,0.0,0.0,0.0,0.0,0.0,0.0,0.0,0.0,0.0,0.0,0.0,0.03716704521990502,0.16725170348957263,0.8052859797646061,2.9176130497625445,10.326244063596947,10.995250877555238,3.6361759240140414,0.7681189345447039,0.3468924220524469,4.215549936788875,2.722001182428048,2.8333333333333335,3.287180487219336,0.6721147598340581,4.15952080706179,2.733270936071029,4.265950726468731,2.7141140125508487,1.0255870626314094,0.421,0.01845,0.0,0.0,0.0,0.0,0.0,0.0,0.0,0.0,0.0,0.0,0.006194507536650838,4.082180466652895,18.459632459219495,7.216601280198225,0.23539128639273182,0.0,0.0,0.0,0.0,0.0,0.0,0.0,0.0,0.0,0.0,0.0,0.0,0.0,0.0,0.0,nan,nan,4.212933753943218,2.723844339559024,nan,0.421,0.0888,0.0,0.0,0.0,0.0,0.0,0.0,0.0,0.0,0.0,0.0,0.0,0.0,0.0,0.0,0.0,0.0,0.0,0.0,0.000681395829031592,0.0010427421020028909,0.0006400991121205865,0.00024778030146603347,0.0031798472021474294,0.005389221556886228,0.0037683254181292585,0.005172413793103448,0.004718149907082387,0.01978112740037167,0.020472847408631013,0.001600247780301466,0.013018790006194507,0.019079083212884575,0.043516415444972124,0.030858971711748916,0.04397067933099318,0.03771422671897584,0.05125954986578567,0.05591575469750155,0.05408837497418955,0.041296716911005574,0.046303943836465,0.017447862894899857,0.012998141647739004,0.04598389428040471,0.014639686144951477,0.016632252735907495,0.03455502787528392,0.05589510633904605,0.04123477183563907,0.02438571133594879,0.044435267396242,0.02606855255007227,0.013710510014453852,0.044559157546975016,0.010768118934544704,0.025067107164980385,0.021598182944455917,0.005285979764608714,0.011470163122031798,0.00296303943836465,0.006091265744373323,0.00296303943836465,0.004707825727854636,0.0004749122444765641,0.00963245921949205,0.002302291967788561,0.0,0.0,0.000392318810654553,2.0648358455502788e-05,0.0,0.0,0.0,0.0,0.0,0.0,0.0,0.0,0.0,0.0,0.0,0.0,0.0,0.0,0.0,0.0,0.0,0.0,0.0,0.0,0.0,0.0,0.0,0.0,0.0,0.0,0.0,0.0,0.0,0.0,0.0,nan,nan,4.212933753943218,2.723844339559024,nan,0.868755213587111,0.03533527249963986,0.0,0.0,0.0,0.0,0.0,0.0,0.0,0.0,0.0,0.0,0.0,0.0,0.0,0.0,0.0,0.0,0.0,0.0,0.0,0.0,0.0,0.03648155654641265,0.15808674503445486,0.8390758005674883,2.7604377786785577,10.421564653425216,11.029590595865427,3.7211187677340907,0.7053100932306446,0.3283340089177139,0.8688543312979066,0.03629829385315079,0.0,0.0,0.0,0.0,0.0,0.0,0.0,0.0,0.0,0.0,0.0,0.0,0.0,0.0,0.0,0.0,0.0,0.0,0.0,0.0,0.0,0.03787878787878789,0.17676767676767682,0.7702020202020178,3.0808080808080818,10.227272727272728,10.959595959595962,3.547979797979799,0.8333333333333335,0.36616161616161624,0.4207,0.0184,0.0,0.0,0.0,0.0,0.0,0.0,0.0,0.0,0.0,0.0,0.0,4.304823672476687,18.167815160113502,7.332792865828943,0.1945683015808675,0.0,0.0,0.0,0.0,0.0,0.0,0.0,0.0,0.0,0.0,0.0,0.0,0.0,0.0,0.0,0.421,0.01851,0.0,0.0,0.0,0.0,0.0,0.0,0.0,0.0,0.0,0.0,0.01262626262626263,3.8510101010100954,18.762626262626267,7.095959595959598,0.27777777777777785,0.0,0.0,0.0,0.0,0.0,0.0,0.0,0.0,0.0,0.0,0.0,0.0,0.0,0.0,0.0
35700,4931,2503,0.5076049482863516,1172,1015,0.44352058406002837,1385,0.5617521800851755,0.43799999999999994,2.9987644151565074,3.1039776450984284,6.668128654970761,1.9807794277361213,6649.800000000001,9.094947017729282e-13,6649.8,6649.8,6649.800000000002,1.8189894035458565e-12,6649.800000000002,1.8189894035458565e-12,27.963699046846482,20.966983065144667,32.95741592063876,19.230380288986613,0.1417562360575948,0.1013993104846887,0.09572094909754614,0.08456702494423038,0.07564388562157777,0.073615899411884,0.06408436422632326,0.06448996146826201,0.06611235043601703,0.05191644696816062,0.04826607179071182,0.041168120056783615,0.030825390387345365,0.022105049685662136,0.018860271750152098,0.012370715879132022,0.007097951733928209,0.8680237051657841,0.03471611454368041,0.0,0.0,0.0,0.0,0.0,0.0,0.0,0.0,0.0,0.0,0.0,0.0,0.0,0.0,0.0,0.0,0.0,0.0,0.0,0.0,0.006083958629081324,0.01825187588724397,0.14601500709795176,0.7179071182315938,3.084567024944231,10.446156966132634,11.188399918880554,3.340093287365647,0.809166497667816,0.24335834516325294,4.394393118827652,2.8180312626303405,4.090909090909091,2.644189013136179,0.9309383526434419,4.363695090439276,2.8293679118162016,4.42473454091193,2.8043845068612607,1.0139880191460648,0.42,0.01862,0.0,0.0,0.0,0.0,0.0,0.0,0.0,0.0,0.0,0.0,0.03650375177448794,4.173595619549781,18.732508618941395,6.820117623200164,0.23727438653417163,0.0,0.0,0.0,0.0,0.0,0.0,0.0,0.0,0.0,0.0,0.0,0.0,0.0,0.0,0.0,nan,nan,4.3933333333333335,2.8174997359192,nan,0.42,0.0893,0.0,0.0,0.0,0.0,0.0,0.0,0.0,0.0,0.0,0.0,0.0,0.0,0.0,0.0,0.0,0.0,1.0139931048468871e-05,0.0,0.0006185357939566011,0.0008720340701683228,0.0005678361387142567,3.0419793145406613e-05,0.0038531737984181707,0.005962279456499696,0.003194078280267694,0.005840600283918069,0.0048266071790711825,0.02011762320016224,0.02161833299533563,0.001723788278239708,0.011174204015412696,0.019357128371527074,0.04469681606165078,0.03386736970188603,0.04559926992496451,0.038186980328533765,0.050588116000811194,0.05412695193672683,0.05347799634962482,0.04313526668018657,0.04651186371932671,0.017004664368282296,0.013749746501723788,0.04472723585479619,0.013982964915838572,0.016031230987629284,0.03525654025552626,0.05296085986615291,0.04006286757250051,0.02620158182924356,0.04264854998986007,0.02637396065706753,0.012735753396876902,0.043003447576556476,0.012350436017035085,0.02542080713851146,0.01994524437233827,0.005627661731900223,0.010697627256134658,0.003204218211316163,0.006966132630298114,0.0028797404177651593,0.004339890488744677,0.0003751774487933482,0.010606367876698438,0.0024133035895355912,3.0419793145406613e-05,0.0,0.0004360170350841614,1.0139931048468871e-05,0.0,0.0,0.0,0.0,0.0,0.0,0.0,0.0,0.0,0.0,0.0,0.0,0.0,0.0,0.0,0.0,0.0,0.0,0.0,0.0,0.0,0.0,0.0,0.0,0.0,0.0,0.0,0.0,0.0,0.0,0.0,nan,nan,4.3933333333333335,2.8174997359192,nan,0.8682529731983668,0.034444940114931294,0.0,0.0,0.0,0.0,0.0,0.0,0.0,0.0,0.0,0.0,0.0,0.0,0.0,0.0,0.0,0.0,0.0,0.0,0.0,0.0,0.0,0.011985617259288857,0.1917698761486217,0.6472233320015961,3.0683180183779473,10.295645225729128,11.566120655213746,3.2121454254894135,0.7670795045944868,0.2397123451857771,0.8677873551305475,0.03499189328289695,0.0,0.0,0.0,0.0,0.0,0.0,0.0,0.0,0.0,0.0,0.0,0.0,0.0,0.0,0.0,0.0,0.0,0.0,0.0,0.0,0.012355848434925867,0.024711696869851734,0.09884678747940694,0.7907742998352529,3.1013179571663927,10.601317957166396,10.79901153212521,3.4719934102141687,0.8525535420098849,0.24711696869851735,0.4197,0.01837,0.0,0.0,0.0,0.0,0.0,0.0,0.0,0.0,0.0,0.0,0.03595685177786657,4.182980423491804,18.84139033160208,6.759888134238914,0.17978425888933286,0.0,0.0,0.0,0.0,0.0,0.0,0.0,0.0,0.0,0.0,0.0,0.0,0.0,0.0,0.0,0.4202,0.01889,0.0,0.0,0.0,0.0,0.0,0.0,0.0,0.0,0.0,0.0,0.0370675453047776,4.163920922570011,18.620263591433282,6.882207578253708,0.2965403624382208,0.0,0.0,0.0,0.0,0.0,0.0,0.0,0.0,0.0,0.0,0.0,0.0,0.0,0.0,0.0
35800,4945,2542,0.5140546006066734,1214,984,0.44448938321536907,1370,0.5540950455005056,0.46599999999999997,2.9737827715355807,3.10486364299907,6.617302052785924,2.128949955188394,6649.800000000001,9.094947017729282e-13,6649.8,6649.8,6649.800000000002,1.8189894035458565e-12,6649.800000000002,1.8189894035458565e-12,27.740748230535896,20.88146351552887,32.74486590964001,19.14930703682188,0.14196157735085946,0.10798786653185036,0.08816986855409505,0.0865520728008089,0.07704752275025278,0.0762386248736097,0.06916076845298282,0.06329625884732053,0.059453993933265926,0.051365015166835185,0.04772497472194136,0.03538928210313448,0.03276036400404449,0.028109201213346816,0.01840242669362993,0.009706774519716885,0.006673407482305359,0.8686357385227484,0.034879156056888794,0.0,0.0,0.0,0.0,0.0,0.0,0.0,0.0,0.0,0.0,0.0,0.0,0.0,0.0,0.0,0.0,0.0,0.0,0.0,0.0,0.030333670374115274,0.03640040444893833,0.1456016177957533,0.5945399393326574,3.0576339737108196,10.179979777553086,11.205257836198182,3.749241658240648,0.8008088978766432,0.2002022244691608,4.342029907731467,2.8938873694880436,3.5384615384615383,1.9851519847021446,0.8149325577331732,4.4137071651090345,2.924948911060886,4.26258064516129,2.8541005788976848,0.965759731152438,0.42,0.01823,0.0,0.0,0.0,0.0,0.0,0.0,0.0,0.0,0.0,0.0,0.03640040444893833,4.058645096056617,18.76440849342771,6.940343781597575,0.2002022244691608,0.0,0.0,0.0,0.0,0.0,0.0,0.0,0.0,0.0,0.0,0.0,0.0,0.0,0.0,0.0,nan,nan,4.33871989860583,2.8911882881416497,nan,0.42,0.089,0.0,0.0,0.0,0.0,0.0,0.0,0.0,0.0,0.0,0.0,0.0,0.0,0.0,0.0,0.0,0.0,7.077856420626896e-05,0.0,0.0002730030333670374,0.0009706774519716886,0.0008998988877654197,0.0,0.004236602628918099,0.006056622851365015,0.002901921132457027,0.005369059656218402,0.0051466127401415575,0.019585439838220423,0.020566228513650153,0.0018099089989888776,0.010637007077856421,0.020202224469160767,0.0461577350859454,0.033225480283114256,0.04622851365015167,0.0379474216380182,0.05179979777553084,0.0520525783619818,0.0533670374115268,0.042467138523761376,0.0472901921132457,0.018109201213346814,0.012780586450960566,0.0428412537917088,0.013033367037411528,0.016147623862487363,0.035166835187057634,0.05639029322548028,0.04006066734074823,0.025348837209302325,0.043174924165824066,0.02469160768452983,0.01308392315470172,0.0441051567239636,0.013447927199191101,0.02621840242669363,0.019504550050556117,0.005096056622851365,0.011729019211324571,0.0034175935288169867,0.0076238624873609705,0.0025379170879676442,0.004256825075834176,0.0003134479271991911,0.009595551061678463,0.0015369059656218402,0.00021233569261880686,2.0222446916076846e-05,0.00029322548028311426,0.0,0.0,0.0,0.0,0.0,0.0,0.0,0.0,0.0,0.0,0.0,0.0,0.0,0.0,0.0,0.0,0.0,0.0,0.0,0.0,0.0,0.0,0.0,0.0,0.0,0.0,0.0,0.0,0.0,0.0,0.0,0.0,nan,nan,4.33871989860583,2.8911882881416497,nan,0.8685944671709644,0.03428597425461415,0.0,0.0,0.0,0.0,0.0,0.0,0.0,0.0,0.0,0.0,0.0,0.0,0.0,0.0,0.0,0.0,0.0,0.0,0.0,0.0,0.0,0.05900865460267507,0.18882769472856023,0.5782848151062138,2.8914240755310785,10.267505900865464,11.400472069236825,3.6939417781274595,0.7199055861526359,0.20062942564909525,0.8686793971895129,0.0354958099681962,0.0,0.0,0.0,0.0,0.0,0.0,0.0,0.0,0.0,0.0,0.0,0.0,0.0,0.0,0.0,0.0,0.0,0.0,0.0,0.0,0.0624219725343321,0.01248439450686642,0.09987515605493136,0.6117353308364525,3.233458177278403,10.087390761548066,10.998751560549316,3.807740324594258,0.8863920099875158,0.19975031210986272,0.4204,0.0182,0.0,0.0,0.0,0.0,0.0,0.0,0.0,0.0,0.0,0.0,0.02360346184107003,3.953579858379223,18.611329661683715,7.1400472069236836,0.2714398111723053,0.0,0.0,0.0,0.0,0.0,0.0,0.0,0.0,0.0,0.0,0.0,0.0,0.0,0.0,0.0,0.4197,0.01825,0.0,0.0,0.0,0.0,0.0,0.0,0.0,0.0,0.0,0.0,0.04993757802746568,4.1697877652933775,18.92634207240949,6.7290886392010005,0.1248439450686642,0.0,0.0,0.0,0.0,0.0,0.0,0.0,0.0,0.0,0.0,0.0,0.0,0.0,0.0,0.0
35900,5015,2545,0.5074775672981057,1191,1026,0.442073778664008,1446,0.5766699900299103,0.4179999999999999,3.057894736842105,3.0641403185483655,6.502631578947368,2.0416694461699287,6649.800000000001,9.094947017729282e-13,6649.8,6649.8,6649.800000000001,9.094947017729282e-13,6649.800000000001,9.094947017729282e-13,28.24825523429711,21.01258191300412,33.070365997638724,19.30673935183499,0.1333998005982054,0.10309072781655035,0.08953140578265205,0.08873379860418744,0.08155533399800598,0.07497507477567299,0.0711864406779661,0.06061814556331007,0.060219341974077766,0.05443668993020937,0.04247258225324028,0.04147557328015952,0.03310069790628116,0.027916251246261216,0.017746759720837488,0.010568295114656031,0.00897308075772682,0.8662293847631719,0.03469948560821602,0.0,0.0,0.0,0.0,0.0,0.0,0.0,0.0,0.0,0.0,0.0,0.0,0.0,0.0,0.0,0.0,0.0,0.0,0.0,0.0,0.0,0.03589232303090728,0.14955134596211367,0.7238285144566279,3.4277168494516457,10.77367896311067,10.827517447657032,3.176470588235295,0.6161515453639085,0.26919242273180466,4.341991341991342,2.797303983866668,5.277777777777778,3.3300910156990464,1.2155201063476238,4.358548585485855,2.796277416332447,4.33723076923077,2.806716947550757,0.9951089644093736,0.4197,0.01779,0.0,0.0,0.0,0.0,0.0,0.0,0.0,0.0,0.0,0.0,0.03589232303090728,3.918245264207372,19.238285144566305,6.699900299102693,0.10767696909272186,0.0,0.0,0.0,0.0,0.0,0.0,0.0,0.0,0.0,0.0,0.0,0.0,0.0,0.0,0.0,nan,nan,4.347170971709717,2.8013924215778774,nan,0.4197,0.0884,0.0,0.0,0.0,0.0,0.0,0.0,0.0,0.0,0.0,0.0,0.0,0.0,0.0,0.0,0.0,0.0,8.97308075772682e-05,0.0,0.0003489531405782652,0.0009970089730807576,0.0009970089730807576,2.991026919242273e-05,0.0045862412761714854,0.005663010967098704,0.0028015952143569294,0.004955134596211366,0.005024925224327019,0.019361914257228316,0.019690927218344964,0.0015952143569292123,0.009551345962113659,0.02161515453639083,0.04436689930209372,0.033978065802592224,0.04557328015952144,0.037826520438683946,0.052153539381854436,0.05270189431704885,0.054187437686939184,0.04195413758723829,0.049471585244267195,0.01744765702891326,0.014137587238285145,0.04639082751744766,0.013479561316051844,0.016231306081754736,0.03441674975074776,0.057537387836490525,0.03959122632103689,0.025174476570289133,0.04247258225324028,0.022372881355932205,0.012991026919242274,0.042731804586241276,0.012771684945164506,0.026510468594217348,0.020019940179461616,0.005523429710867398,0.012342971086739781,0.0034695912263210367,0.007178464606181456,0.002283150548354935,0.0032801595214356927,8.97308075772682e-05,0.009950149551345962,0.0017547357926221336,0.0002791625124626122,0.0,4.9850448654037884e-05,0.0,0.0,0.0,0.0,0.0,0.0,0.0,0.0,0.0,0.0,0.0,0.0,0.0,0.0,0.0,0.0,0.0,0.0,0.0,0.0,0.0,0.0,0.0,0.0,0.0,0.0,0.0,0.0,0.0,0.0,0.0,0.0,nan,nan,4.347170971709717,2.8013924215778774,nan,0.8653106076309863,0.034674123748861974,0.0,0.0,0.0,0.0,0.0,0.0,0.0,0.0,0.0,0.0,0.0,0.0,0.0,0.0,0.0,0.0,0.0,0.0,0.0,0.0,0.0,0.023575638506876235,0.17681728880157174,0.7897838899803512,3.5717092337917493,10.58546168958743,10.986247544204325,3.029469548133596,0.6011787819253439,0.23575638506876231,0.8671760599864157,0.034700161268756635,0.0,0.0,0.0,0.0,0.0,0.0,0.0,0.0,0.0,0.0,0.0,0.0,0.0,0.0,0.0,0.0,0.0,0.0,0.0,0.0,0.0,0.04858299595141702,0.12145748987854253,0.6558704453441275,3.2793522267206483,10.967611336032391,10.663967611336036,3.3279352226720653,0.6315789473684212,0.3036437246963563,0.4197,0.01791,0.0,0.0,0.0,0.0,0.0,0.0,0.0,0.0,0.0,0.0,0.04715127701375247,3.996070726915515,19.108055009823186,6.742632612966602,0.10609037328094305,0.0,0.0,0.0,0.0,0.0,0.0,0.0,0.0,0.0,0.0,0.0,0.0,0.0,0.0,0.0,0.42,0.01764,0.0,0.0,0.0,0.0,0.0,0.0,0.0,0.0,0.0,0.0,0.02429149797570851,3.8380566801619374,19.37246963562753,6.655870445344131,0.10931174089068828,0.0,0.0,0.0,0.0,0.0,0.0,0.0,0.0,0.0,0.0,0.0,0.0,0.0,0.0,0.0
36000,4584,2333,0.5089441535776614,1070,941,0.4386998254799302,1304,0.568935427574171,0.43399999999999994,2.957352287872057,3.0161644938476835,6.332826747720365,2.136707314845661,6649.800000000001,9.094947017729282e-13,6649.8,6649.8,6649.800000000002,1.8189894035458565e-12,6649.800000000002,1.8189894035458565e-12,28.11365619546248,21.08388146989124,33.102157525344424,19.346920034331074,0.13896160558464224,0.10340314136125654,0.08965968586387435,0.08900523560209424,0.08136998254799302,0.07220767888307156,0.0650087260034904,0.06195462478184991,0.058900523560209424,0.05410122164048865,0.04493891797556719,0.04384816753926701,0.03446771378708551,0.025523560209424083,0.01614310645724258,0.011343804537521814,0.009162303664921465,0.8634281467392807,0.03663308186246211,0.0,0.0,0.0,0.0,0.0,0.0,0.0,0.0,0.0,0.0,0.0,0.0,0.0,0.0,0.0,0.0,0.0,0.0,0.0,0.0,0.013089005235602098,0.07853403141361258,0.268324607329843,0.9816753926701541,3.789267015706807,10.831151832460737,10.157068062827227,2.9777486910994773,0.6806282722513091,0.22251308900523564,4.270740867190168,2.765088807270437,5.2,2.6882460204874605,1.2175873371172754,4.310046573519627,2.7445607366605675,4.23941707147814,2.7867039709572334,0.9836128216164935,0.421,0.01775,0.0,0.0,0.0,0.0,0.0,0.0,0.0,0.0,0.0,0.0,0.006544502617801049,3.6060209424083713,19.12303664921466,7.04842931937173,0.2159685863874346,0.0,0.0,0.0,0.0,0.0,0.0,0.0,0.0,0.0,0.0,0.0,0.0,0.0,0.0,0.0,nan,nan,4.275475543478261,2.765494229543972,nan,0.421,0.0888,0.0,0.0,0.0,0.0,0.0,0.0,0.0,0.0,0.0,0.0,0.0,0.0,0.0,0.0,0.0,0.0,0.0,0.0,0.0003272251308900524,0.0008726003490401396,0.0008726003490401396,0.0001199825479930192,0.004886561954624782,0.005224694589877836,0.002868673647469459,0.005224694589877836,0.005551919720767889,0.019458987783595113,0.01763743455497382,0.001156195462478185,0.010842059336823735,0.02087696335078534,0.041415794066317624,0.03472949389179756,0.04608420593368237,0.03775087260034904,0.05275959860383944,0.051865183246073296,0.05461387434554974,0.04255017452006981,0.04740401396160558,0.016350349040139617,0.01400523560209424,0.044524432809773126,0.013492582897033159,0.016852094240837695,0.035176701570680625,0.059664048865619546,0.04035776614310646,0.02582897033158813,0.04095767888307155,0.022393106457242584,0.012609075043630017,0.042408376963350786,0.012412739965095987,0.028152268760907505,0.020146160558464223,0.005802792321116928,0.012925392670157068,0.004930191972076788,0.0076134380453752185,0.002465095986038394,0.0034031413612565444,6.544502617801048e-05,0.009991273996509599,0.0019960732984293196,0.00037085514834205935,1.0907504363001746e-05,0.0,0.0,0.0,0.0,0.0,0.0,0.0,0.0,0.0,0.0,0.0,0.0,0.0,0.0,0.0,0.0,0.0,0.0,0.0,0.0,0.0,0.0,0.0,0.0,0.0,0.0,0.0,0.0,0.0,0.0,0.0,0.0,0.0,nan,nan,4.275475543478261,2.765494229543972,nan,0.8634244015019593,0.03651214771737443,0.0,0.0,0.0,0.0,0.0,0.0,0.0,0.0,0.0,0.0,0.0,0.0,0.0,0.0,0.0,0.0,0.0,0.0,0.0,0.0,0.025717959708529796,0.03857693956279469,0.29575653664809265,0.8872696099442751,3.9477068152593233,10.81440205743678,10.042863266180884,2.9961423060437213,0.758679811401629,0.19288469781397347,0.8634320284090589,0.036758001147824966,0.0,0.0,0.0,0.0,0.0,0.0,0.0,0.0,0.0,0.0,0.0,0.0,0.0,0.0,0.0,0.0,0.0,0.0,0.0,0.0,0.0,0.1199466903598401,0.2398933807196802,1.0795202132385573,3.6250555308751675,10.848511772545537,10.275433140826301,2.958685028876056,0.5997334517992005,0.2532207907596624,0.421,0.0177,0.0,0.0,0.0,0.0,0.0,0.0,0.0,0.0,0.0,0.0,0.012858979854264898,3.6390912987569597,18.992713244749254,7.188169738534078,0.1671667381054437,0.0,0.0,0.0,0.0,0.0,0.0,0.0,0.0,0.0,0.0,0.0,0.0,0.0,0.0,0.0,0.4211,0.01778,0.0,0.0,0.0,0.0,0.0,0.0,0.0,0.0,0.0,0.0,0.0,3.5717458907152326,19.258107507774326,6.903598400710797,0.26654820079964464,0.0,0.0,0.0,0.0,0.0,0.0,0.0,0.0,0.0,0.0,0.0,0.0,0.0,0.0,0.0
36100,4377,2169,0.49554489376285127,1010,966,0.45145076536440487,1236,0.564770390678547,0.45399999999999996,2.9270833333333335,3.0709647448432307,6.605863192182411,2.0469325952965645,6649.800000000001,9.094947017729282e-13,6649.8,6649.8,6649.800000000001,9.094947017729282e-13,6649.800000000001,9.094947017729282e-13,27.533698880511768,20.635767061242895,32.62236229103864,18.828222165521552,0.1462188713730866,0.09618460132510852,0.0941283984464245,0.08818825679689285,0.0788211103495545,0.07813570938999315,0.07242403472698195,0.05985835046835732,0.06100068540095956,0.0568882796435915,0.040210189627598814,0.039753255654557916,0.027416038382453736,0.02878684030157642,0.015307288096870002,0.010966415352981495,0.0057116746630111945,0.8622164654628256,0.035126233861895846,0.0,0.0,0.0,0.0,0.0,0.0,0.0,0.0,0.0,0.0,0.0,0.0,0.0,0.0,0.0,0.0,0.0,0.0,0.0,0.0,0.020562028786840304,0.07539410555174779,0.19876627827278964,0.897875257025357,3.9616175462645655,11.343385880740236,10.061686086360522,2.7347498286497607,0.5346127484578479,0.17135023989033588,4.300641940085592,2.852755934356899,4.705882352941177,2.8648930969143342,1.0942278893479607,4.2993006993007,2.8449316115883865,4.306973400431344,2.8612689615735674,1.0017846393325995,0.4216,0.01836,0.0,0.0,0.0,0.0,0.0,0.0,0.0,0.0,0.0,0.0,0.013708019191226871,3.4818368745716195,18.704592186429064,7.532556545579165,0.26730637422892395,0.0,0.0,0.0,0.0,0.0,0.0,0.0,0.0,0.0,0.0,0.0,0.0,0.0,0.0,0.0,nan,nan,4.303084012761432,2.8530016264328633,nan,0.4216,0.08923,0.0,0.0,0.0,0.0,0.0,0.0,0.0,0.0,0.0,0.0,0.0,0.0,0.0,0.0,0.0,0.0,0.0,0.0,0.00039981722641078363,0.0008224811514736121,0.0005483207676490747,0.00010281014393420151,0.004774960018277359,0.005883024902901531,0.0032442312085903587,0.00697966643819968,0.005174777244688142,0.017146447338359606,0.017866118345899018,0.001085218185972127,0.012234407128169979,0.021338816541009824,0.039924605894448253,0.034053004340872745,0.04479095270733379,0.03859949737262965,0.04794379712131597,0.05575736806031528,0.055094813799405985,0.0402558830249029,0.04905186200594014,0.014896047521133196,0.014541923692026502,0.04388850811057802,0.01232579392277816,0.017900388393877083,0.03379026730637423,0.061434772675348415,0.04040438656614119,0.025462645647703907,0.04000456933973041,0.023726296550148504,0.012931231437057345,0.04415124514507654,0.01310258167694768,0.02805574594471099,0.019088416723783412,0.005323280785926434,0.013411012108750285,0.004089559058716015,0.00875028558373315,0.002924377427461732,0.003895362120173635,9.138679460817912e-05,0.010109664153529815,0.0022618231665524333,0.0003427004797806717,1.142334932602239e-05,1.142334932602239e-05,0.0,0.0,0.0,0.0,0.0,0.0,0.0,0.0,0.0,0.0,0.0,0.0,0.0,0.0,0.0,0.0,0.0,0.0,0.0,0.0,0.0,0.0,0.0,0.0,0.0,0.0,0.0,0.0,0.0,0.0,0.0,0.0,nan,nan,4.303084012761432,2.8530016264328633,nan,0.8616190480163648,0.03617219109896757,0.0,0.0,0.0,0.0,0.0,0.0,0.0,0.0,0.0,0.0,0.0,0.0,0.0,0.0,0.0,0.0,0.0,0.0,0.0,0.0,0.041493775933609964,0.1244813278008299,0.1936376210235132,0.8713692946058064,4.09405255878285,11.272475795297373,9.972337482710929,2.6694329183955743,0.5670816044260029,0.1936376210235132,0.8628033306989549,0.03405729599809311,0.0,0.0,0.0,0.0,0.0,0.0,0.0,0.0,0.0,0.0,0.0,0.0,0.0,0.0,0.0,0.0,0.0,0.0,0.0,0.0,0.0,0.027173913043478267,0.203804347826087,0.923913043478258,3.8315217391304355,11.413043478260873,10.149456521739133,2.7989130434782616,0.5027173913043479,0.14945652173913046,0.4214,0.01839,0.0,0.0,0.0,0.0,0.0,0.0,0.0,0.0,0.0,0.0,0.013831258644536656,3.679114799446744,18.561549100968193,7.455048409405258,0.2904564315352698,0.0,0.0,0.0,0.0,0.0,0.0,0.0,0.0,0.0,0.0,0.0,0.0,0.0,0.0,0.0,0.4219,0.01831,0.0,0.0,0.0,0.0,0.0,0.0,0.0,0.0,0.0,0.0,0.013586956521739134,3.2880434782608647,18.845108695652176,7.608695652173915,0.2445652173913044,0.0,0.0,0.0,0.0,0.0,0.0,0.0,0.0,0.0,0.0,0.0,0.0,0.0,0.0,0.0
36200,4417,2253,0.5100747113425402,1042,905,0.44079692098709533,1266,0.5732397554901517,0.44999999999999996,2.9537892791127542,3.068185303605422,6.618657937806874,2.0228430752819264,6649.800000000001,9.094947017729282e-13,6649.8,6649.8,6649.800000000002,1.8189894035458565e-12,6649.800000000001,9.094947017729282e-13,27.438080144894727,20.608093759364404,32.38571814985123,18.884083042342773,0.14036676477247,0.10618066561014262,0.09712474530224134,0.08467285487887706,0.07493774054788317,0.07810731265564863,0.07199456644781525,0.0638442381707041,0.05592030790129047,0.04935476567806203,0.051165949739642294,0.038261263300882954,0.03350690513923477,0.022866198777450757,0.017206248585012452,0.008603124292506226,0.005886348200135839,0.8614643878167049,0.03430374686854539,0.0,0.0,0.0,0.0,0.0,0.0,0.0,0.0,0.0,0.0,0.0,0.0,0.0,0.0,0.0,0.0,0.0,0.0,0.0,0.0,0.006791940230925969,0.033959701154629846,0.12225492415666744,0.8693683495585212,4.3128820466379905,12.042110029431745,9.379669458908763,2.431514602671497,0.5908988000905593,0.21055014715870504,4.334768568353068,2.8242796901354232,4.333333333333333,2.5473297566057065,0.9996689015809949,4.402404526166903,2.8286811297765704,4.265850144092219,2.81526577704675,0.9689818640556462,0.422,0.01886,0.0,0.0,0.0,0.0,0.0,0.0,0.0,0.0,0.0,0.0,0.027167760923703876,3.708399366085573,18.032601313108447,7.939778129952458,0.29205342992981664,0.0,0.0,0.0,0.0,0.0,0.0,0.0,0.0,0.0,0.0,0.0,0.0,0.0,0.0,0.0,nan,nan,4.334760885082084,2.822869430849306,nan,0.422,0.09015,0.0,0.0,0.0,0.0,0.0,0.0,0.0,0.0,0.0,0.0,0.0,0.0,0.0,0.0,0.0,0.0,0.0,0.0,0.00029431741000679197,0.0007584333257867331,0.0004867557165496944,0.00013583880461851935,0.004539280054335522,0.006973058637083994,0.0025016979850577313,0.007222096445551279,0.0057391894951324424,0.01800996151233869,0.01701381027846955,0.0012338691419515508,0.013017885442608105,0.022187004754358162,0.04034412497170025,0.033303146932306994,0.043060901064070636,0.037106633461625536,0.04676250848992529,0.05709757754131763,0.05466379895856917,0.039619651347068144,0.04913968757074938,0.014930948607652253,0.016515734661534977,0.043106180665610144,0.013776318768394838,0.016606293864613993,0.03205795788997057,0.060640706361784015,0.039891328956305185,0.025752773375594295,0.04001584786053883,0.021371971926647044,0.01557618292959022,0.04323069956984379,0.012372651120670139,0.02867330767489246,0.019628707267376047,0.005365632782431515,0.01430835408648404,0.004075164138555581,0.009667194928684628,0.003214851709304958,0.0034978492189268735,7.92393026941363e-05,0.01052750735793525,0.003101652705456192,0.0006905139234774734,3.395970115462984e-05,7.92393026941363e-05,0.0,0.0,0.0,0.0,0.0,0.0,0.0,0.0,0.0,0.0,0.0,0.0,0.0,0.0,0.0,0.0,0.0,0.0,0.0,0.0,0.0,0.0,0.0,0.0,0.0,0.0,0.0,0.0,0.0,0.0,0.0,0.0,nan,nan,4.334760885082084,2.822869430849306,nan,0.8617124925493612,0.03305006540018011,0.0,0.0,0.0,0.0,0.0,0.0,0.0,0.0,0.0,0.0,0.0,0.0,0.0,0.0,0.0,0.0,0.0,0.0,0.0,0.0,0.0,0.0,0.13315579227696409,0.7856191744340855,4.367509986684421,11.810918774966714,9.866844207723037,2.3701731025299604,0.5193075898801599,0.14647137150466047,0.8612060791463376,0.03556022052000041,0.0,0.0,0.0,0.0,0.0,0.0,0.0,0.0,0.0,0.0,0.0,0.0,0.0,0.0,0.0,0.0,0.0,0.0,0.0,0.0,0.013863216266173756,0.06931608133086878,0.11090573012939005,0.9565619223659859,4.256007393715342,12.282809611829949,8.872458410351204,2.495378927911276,0.6654343807763402,0.2772643253234751,0.4219,0.01889,0.0,0.0,0.0,0.0,0.0,0.0,0.0,0.0,0.0,0.0,0.026631158455392816,3.861517976031952,17.962716378162455,7.882822902796273,0.26631158455392817,0.0,0.0,0.0,0.0,0.0,0.0,0.0,0.0,0.0,0.0,0.0,0.0,0.0,0.0,0.0,0.4224,0.01881,0.0,0.0,0.0,0.0,0.0,0.0,0.0,0.0,0.0,0.0,0.027726432532347512,3.5489833641404753,18.105360443622924,7.9990757855822565,0.31885397412199634,0.0,0.0,0.0,0.0,0.0,0.0,0.0,0.0,0.0,0.0,0.0,0.0,0.0,0.0,0.0
36300,4473,2252,0.503465235859602,1044,968,0.4498099709367315,1279,0.571875698636262,0.45399999999999996,2.936515083295813,3.009967579508366,6.481832543443918,1.9657578459126517,6649.800000000001,9.094947017729282e-13,6649.8,6649.8,6649.800000000001,9.094947017729282e-13,6649.800000000001,9.094947017729282e-13,27.76861167002012,20.77894853525613,32.614445034519385,19.07009858829573,0.13883299798792756,0.09970936731500112,0.09456740442655935,0.09121395036887994,0.0782472613458529,0.07645875251509054,0.07109322602280349,0.060362173038229376,0.06595126313436173,0.04940755644980997,0.0409121395036888,0.03420523138832998,0.03532304940755645,0.030181086519114688,0.015873015873015872,0.012072434607645875,0.00558909009613235,0.8632030185639339,0.033833698090877606,0.0,0.0,0.0,0.0,0.0,0.0,0.0,0.0,0.0,0.0,0.0,0.0,0.0,0.0,0.0,0.0,0.0,0.0,0.0,0.0,0.0,0.013413816230717643,0.15425888665325288,0.8048289738430559,3.9570757880617045,11.475519785378944,10.160965794768613,2.6827632461435282,0.5499664654594233,0.20120724346076463,4.303484320557491,2.790268376985951,3.0,1.632993161855452,0.6971095457857664,4.288394718554552,2.7208964348488056,4.315899581589958,2.856871318505948,1.006413789970499,0.421,0.01828,0.0,0.0,0.0,0.0,0.0,0.0,0.0,0.0,0.0,0.0,0.020120724346076462,3.809523809523804,18.799463447350774,7.149564050972503,0.2213279678068411,0.0,0.0,0.0,0.0,0.0,0.0,0.0,0.0,0.0,0.0,0.0,0.0,0.0,0.0,0.0,nan,nan,4.302123216150365,2.789628062965343,nan,0.421,0.09045,0.0,0.0,0.0,0.0,0.0,0.0,0.0,0.0,0.0,0.0,0.0,0.0,0.0,0.0,0.0,0.0,0.0,0.0,0.0001453163424994411,0.0006818689917281466,0.0006147999105745584,0.00010060362173038229,0.0049742901855577915,0.006986362620165437,0.0029957522915269393,0.007321708025933378,0.006371562709590879,0.019628884417616812,0.017069081153588198,0.0011401743796109994,0.013078470824949699,0.02209926224010731,0.040800357701766155,0.03347864967583278,0.04381846635367762,0.037312765481779565,0.04713838587078024,0.05847306058573664,0.05675162083612788,0.03734630002235636,0.04939637826961771,0.015448245025709814,0.01505700871898055,0.04314777554214174,0.014598703331097697,0.016879052090319695,0.03253968253968254,0.0587078023697742,0.040364408674267827,0.024591996422982338,0.03884417616811983,0.0200760116253074,0.013793874357254638,0.04295774647887324,0.011994187346300022,0.029242119382964452,0.018779342723004695,0.005488486474401967,0.013078470824949699,0.004694835680751174,0.009613234965347642,0.004415381175944556,0.003945897607869439,0.00010060362173038229,0.010518667560921083,0.002638050525374469,0.0005700871898054997,0.0,0.0001788508830762352,1.11781801922647e-05,0.0,0.0,0.0,0.0,0.0,0.0,0.0,0.0,0.0,0.0,0.0,0.0,0.0,0.0,0.0,0.0,0.0,0.0,0.0,0.0,0.0,0.0,0.0,0.0,0.0,0.0,0.0,0.0,0.0,0.0,0.0,nan,nan,4.302123216150365,2.789628062965343,nan,0.8627760721036427,0.03439086202284241,0.0,0.0,0.0,0.0,0.0,0.0,0.0,0.0,0.0,0.0,0.0,0.0,0.0,0.0,0.0,0.0,0.0,0.0,0.0,0.0,0.0,0.013321492007104798,0.15985790408525757,0.9058614564831233,4.182948490230907,11.283303730017765,9.88454706927176,2.7708703374777985,0.5994671403197159,0.199822380106572,0.8636359242048954,0.03325363235220091,0.0,0.0,0.0,0.0,0.0,0.0,0.0,0.0,0.0,0.0,0.0,0.0,0.0,0.0,0.0,0.0,0.0,0.0,0.0,0.0,0.0,0.013507429085997301,0.1485817199459703,0.7023863124718573,3.7280504277352553,11.67041873030167,10.441242683475913,2.5934263845114818,0.49977487618190014,0.20261143628995953,0.421,0.01834,0.0,0.0,0.0,0.0,0.0,0.0,0.0,0.0,0.0,0.0,0.013321492007104798,3.7699822380106514,18.863232682060396,7.113676731793962,0.23978685612788636,0.0,0.0,0.0,0.0,0.0,0.0,0.0,0.0,0.0,0.0,0.0,0.0,0.0,0.0,0.0,0.421,0.0182,0.0,0.0,0.0,0.0,0.0,0.0,0.0,0.0,0.0,0.0,0.027014858171994602,3.8496172895092244,18.734804142278257,7.185952273750565,0.20261143628995953,0.0,0.0,0.0,0.0,0.0,0.0,0.0,0.0,0.0,0.0,0.0,0.0,0.0,0.0,0.0
36400,4486,2303,0.5133749442710656,1099,899,0.4453856442264824,1246,0.555506018724922,0.46599999999999997,3.038479157123225,3.1218033765666657,6.6424050632911396,2.0279625712409266,6649.800000000002,1.8189894035458565e-12,6649.8,6649.8,6649.800000000001,9.094947017729282e-13,6649.800000000001,9.094947017729282e-13,27.674543022737407,20.62024655940308,32.47275132275132,18.914120822927433,0.13909942041908158,0.09696834596522515,0.09875167186803388,0.08872046366473473,0.08649130628622381,0.07400802496656264,0.06798930004458315,0.05728934462773072,0.05439144003566652,0.058849754792688364,0.049487293802942485,0.03901025412394115,0.03143111903700401,0.0260811413285778,0.01939366919304503,0.007133303611234953,0.00490414623272403,0.864660830288873,0.03431450457307123,0.0,0.0,0.0,0.0,0.0,0.0,0.0,0.0,0.0,0.0,0.0,0.0,0.0,0.0,0.0,0.0,0.0,0.0,0.0,0.0,0.0,0.02674988854213108,0.14712438698172092,0.715559518502004,3.8921087828800722,11.275078020508252,10.078020508247883,3.002674988854214,0.6553722692822114,0.20731163620151588,4.285217391304347,2.8990026314387585,5.5,1.5,1.283482142857143,4.333333333333333,2.8898693792695487,4.2414030261348,2.904991144106312,0.9787853137234155,0.42,0.01788,0.0,0.0,0.0,0.0,0.0,0.0,0.0,0.0,0.0,0.0,0.00668747213553277,4.079358002674983,18.985733392777533,6.7744092732946966,0.1538118591172537,0.0,0.0,0.0,0.0,0.0,0.0,0.0,0.0,0.0,0.0,0.0,0.0,0.0,0.0,0.0,nan,nan,4.286905175408128,2.8978808132409832,nan,0.42,0.08984,0.0,0.0,0.0,0.0,0.0,0.0,0.0,0.0,0.0,0.0,0.0,0.0,0.0,0.0,0.0,0.0,0.0,0.0,1.1145786892554615e-05,0.0009473918858671422,0.00032322781988408384,8.916629514043692e-05,0.004993312527864467,0.006999554168524298,0.0028979045920642,0.007333927775300936,0.007311636201515827,0.020575122603655818,0.016529201961658493,0.001649576460098083,0.012015158270173874,0.022113241194828354,0.04015827017387428,0.03350423539901917,0.045497102095407936,0.0361234953187695,0.04398127507802051,0.059184128399465005,0.061836825679893,0.03841952741863575,0.04929781542576906,0.015983058403923316,0.014890771288452965,0.042521176995095854,0.015135978600089165,0.017275969683459652,0.03367142220240749,0.06076683013820776,0.0401025412394115,0.024576460098082925,0.0414288898796255,0.017030762371823452,0.01343067320552831,0.03984618814088275,0.012494427106553723,0.02682790905037896,0.018970129291127954,0.005650913954525189,0.013196611680784663,0.0038564422648238966,0.008537672759696835,0.003934462773071779,0.004268836379848417,8.916629514043692e-05,0.011067766384306732,0.0021288452964779315,0.0003789567543468569,0.0,0.00014489522960320998,0.0,0.0,0.0,0.0,0.0,0.0,0.0,0.0,0.0,0.0,0.0,0.0,0.0,0.0,0.0,0.0,0.0,0.0,0.0,0.0,0.0,0.0,0.0,0.0,0.0,0.0,0.0,0.0,0.0,0.0,0.0,0.0,nan,nan,4.286905175408128,2.8978808132409832,nan,0.8640148491896705,0.034493631527477316,0.0,0.0,0.0,0.0,0.0,0.0,0.0,0.0,0.0,0.0,0.0,0.0,0.0,0.0,0.0,0.0,0.0,0.0,0.0,0.0,0.0,0.039079461571862796,0.14329135909683025,0.7294832826747698,4.090316977854973,11.098567086409036,10.199739470256189,2.943986105080331,0.5861919235779419,0.16934433347807212,0.8653423211140967,0.034111253901652774,0.0,0.0,0.0,0.0,0.0,0.0,0.0,0.0,0.0,0.0,0.0,0.0,0.0,0.0,0.0,0.0,0.0,0.0,0.0,0.0,0.0,0.013742556115437475,0.15116811726981222,0.7008703618873089,3.6830050389372433,11.461291800274854,9.949610627576732,3.064590013742557,0.7283554741181862,0.24736601007787454,0.4204,0.01802,0.0,0.0,0.0,0.0,0.0,0.0,0.0,0.0,0.0,0.0,0.0,3.8688666956144107,19.01867129830656,6.904038211029094,0.2084237950499349,0.0,0.0,0.0,0.0,0.0,0.0,0.0,0.0,0.0,0.0,0.0,0.0,0.0,0.0,0.0,0.4194,0.01775,0.0,0.0,0.0,0.0,0.0,0.0,0.0,0.0,0.0,0.0,0.013742556115437475,4.301420064131923,18.950984883188276,6.6376546037563005,0.09619789280806233,0.0,0.0,0.0,0.0,0.0,0.0,0.0,0.0,0.0,0.0,0.0,0.0,0.0,0.0,0.0
36500,4707,2426,0.5154025918844275,1156,959,0.44933078393881454,1325,0.5629912895687275,0.45399999999999996,3.0854888206926785,3.0512450423755193,6.532751091703057,1.9262278831920265,6649.8,0.0,6649.8,6649.8,6649.800000000002,1.8189894035458565e-12,6649.800000000002,1.8189894035458565e-12,27.884214998937754,20.71695549523093,32.78580449608487,18.934755649629054,0.14042914807733164,0.09857658806033567,0.09432759719566602,0.08497981729339282,0.0769067346505205,0.07839388145315487,0.07074569789674952,0.060973018908009345,0.06288506479711069,0.05162523900573614,0.05013809220310177,0.04227745910346293,0.027618440620352666,0.0271935415338857,0.017208413001912046,0.01041002761844062,0.0053112385808370514,0.8660716018480228,0.03465399762422662,0.0,0.0,0.0,0.0,0.0,0.0,0.0,0.0,0.0,0.0,0.0,0.0,0.0,0.0,0.0,0.0,0.0,0.0,0.0,0.0,0.0,0.0,0.09560229445506695,0.6883365200764797,3.7922243467176555,10.80943275971957,10.528999362651373,3.0592734225621423,0.7265774378585088,0.29955385595920975,4.330148270181219,2.7935670650110533,6.333333333333333,0.4714045207910317,1.4626135037792318,4.348454963839579,2.8122628609694456,4.315963060686016,2.7742280884530985,0.9925279430455747,0.42,0.0179,0.0,0.0,0.0,0.0,0.0,0.0,0.0,0.0,0.0,0.0,0.025493945188017852,4.059910771191836,19.126832377310393,6.6602931803696634,0.12746972594008926,0.0,0.0,0.0,0.0,0.0,0.0,0.0,0.0,0.0,0.0,0.0,0.0,0.0,0.0,0.0,nan,nan,4.332126398946675,2.7929354865119795,nan,0.42,0.0891,0.0,0.0,0.0,0.0,0.0,0.0,0.0,0.0,0.0,0.0,0.0,0.0,0.0,0.0,0.0,0.0,0.0,0.0,0.0,0.0007329509241555131,0.0002443169747185044,8.497981729339282e-05,0.004525175270873168,0.006809007860633099,0.0028362014021669855,0.008168684937327385,0.007159549606968345,0.019396643297216912,0.01613554280858296,0.0012215848735925218,0.011950286806883365,0.02281708094327597,0.041895049925642656,0.03317399617590822,0.045400467388995114,0.036084554918206925,0.04137454854472063,0.059645209262800085,0.05975143403441682,0.04029105587422987,0.04899086466964096,0.01758019970257064,0.016284257488846397,0.044444444444444446,0.015243254727002336,0.01806883365200765,0.03216486084554918,0.060091353303590396,0.042585510941151476,0.025281495644784362,0.04020607605693648,0.017495219885277247,0.013947312513278097,0.039048226046314,0.01278946250265562,0.02620565115785001,0.018504355215636287,0.005183768854896962,0.011259825791374549,0.0044401954535797745,0.009507117059698322,0.0033567027830890164,0.003972806458466115,0.00016995963458678564,0.011196090928404503,0.0018058211174845973,0.00030805183768854895,0.0,0.00016995963458678564,0.0,0.0,0.0,0.0,0.0,0.0,0.0,0.0,0.0,0.0,0.0,0.0,0.0,0.0,0.0,0.0,0.0,0.0,0.0,0.0,0.0,0.0,0.0,0.0,0.0,0.0,0.0,0.0,0.0,0.0,0.0,0.0,nan,nan,4.332126398946675,2.7929354865119795,nan,0.865219867878086,0.03401555613018807,0.0,0.0,0.0,0.0,0.0,0.0,0.0,0.0,0.0,0.0,0.0,0.0,0.0,0.0,0.0,0.0,0.0,0.0,0.0,0.0,0.0,0.0,0.09892827699917563,0.6430338004946394,4.0807914262159946,10.820280296784833,10.548227535037102,2.893652102225887,0.6183017312448476,0.29678483099752684,0.8669774793627386,0.03529781587945329,0.0,0.0,0.0,0.0,0.0,0.0,0.0,0.0,0.0,0.0,0.0,0.0,0.0,0.0,0.0,0.0,0.0,0.0,0.0,0.0,0.0,0.0,0.09206488382288472,0.7365190705830753,3.485313459009207,10.797895659798337,10.50854888206927,3.2354230600613776,0.8417360806663746,0.3024989039894784,0.42,0.01828,0.0,0.0,0.0,0.0,0.0,0.0,0.0,0.0,0.0,0.0,0.037098103874690855,4.19208573784006,18.62324814509481,7.0362737015663654,0.11129431162407256,0.0,0.0,0.0,0.0,0.0,0.0,0.0,0.0,0.0,0.0,0.0,0.0,0.0,0.0,0.0,0.4197,0.01746,0.0,0.0,0.0,0.0,0.0,0.0,0.0,0.0,0.0,0.0,0.013152126260412103,3.9193336256028,19.662428759316093,6.260412099956161,0.14467338886453313,0.0,0.0,0.0,0.0,0.0,0.0,0.0,0.0,0.0,0.0,0.0,0.0,0.0,0.0,0.0
36600,4732,2385,0.5040152155536771,1113,1007,0.44801352493660185,1349,0.5701606086221471,0.46199999999999997,3.0046868342564976,3.119611567051463,6.739329268292683,2.1128329240034867,6649.8,0.0,6649.8,6649.8,6649.800000000002,1.8189894035458565e-12,6649.8,0.0,27.50633981403212,20.74542189363023,32.54303797468354,19.011097249207136,0.14243448858833474,0.09847844463229079,0.09573119188503804,0.09129332206255283,0.08284023668639054,0.07840236686390532,0.06825866441251056,0.06403212172442942,0.05409974640743871,0.04712595097210482,0.042899408284023666,0.040997464074387154,0.032755705832628906,0.02578191039729501,0.018808114961961116,0.010355029585798817,0.005705832628909552,0.8659843858630599,0.03568514045057279,0.0,0.0,0.0,0.0,0.0,0.0,0.0,0.0,0.0,0.0,0.0,0.0,0.0,0.0,0.0,0.0,0.0,0.0,0.0,0.0,0.0,0.031699070160608626,0.13313609467455623,0.8431952662721868,3.6644125105663576,10.955198647506343,10.18174133558749,3.1318681318681327,0.7417582417582419,0.3169907016060863,4.299373557533795,2.8805296346075084,4.833333333333333,3.6704525909242065,1.1241947852760734,4.373697916666667,2.929899008568781,4.225548902195609,2.8310768191964364,0.9661272869563047,0.421,0.01857,0.0,0.0,0.0,0.0,0.0,0.0,0.0,0.0,0.0,0.0,0.038038884192730354,3.8736263736263683,18.562975486052412,7.278106508875741,0.2472527472527473,0.0,0.0,0.0,0.0,0.0,0.0,0.0,0.0,0.0,0.0,0.0,0.0,0.0,0.0,0.0,nan,nan,4.300427772293518,2.882399954521739,nan,0.421,0.0896,0.0,0.0,0.0,0.0,0.0,0.0,0.0,0.0,0.0,0.0,0.0,0.0,0.0,0.0,0.0,0.0,0.0,3.169907016060862e-05,0.0,0.0008347421808960271,0.00047548605240912934,8.4530853761623e-05,0.004332206255283178,0.006783601014370245,0.0028212172442941674,0.007924767540152155,0.0069315300084530854,0.018956043956043955,0.01703296703296703,0.001437024513947591,0.012003381234150465,0.023436179205409975,0.03924344885883348,0.03556635672020288,0.04599535080304311,0.0360101437024514,0.03937024513947591,0.054976754015215554,0.05894970414201183,0.03907438715131023,0.045815722738799664,0.017677514792899408,0.01591293322062553,0.0459530853761623,0.016472950126796282,0.01826923076923077,0.0341927303465765,0.05842138630600169,0.043396027049873206,0.026384192730346576,0.043121301775147926,0.01687447168216399,0.013683431952662722,0.04028951817413356,0.013144547759932375,0.027557058326289095,0.018374894336432798,0.004828825021132714,0.011686390532544378,0.00444843617920541,0.010450126796280643,0.0034763313609467456,0.003265004226542688,0.00019019442096365174,0.011718089602704988,0.0017011834319526626,0.000169061707523246,0.0,0.00025359256128486897,0.0,0.0,0.0,0.0,0.0,0.0,0.0,0.0,0.0,0.0,0.0,0.0,0.0,0.0,0.0,0.0,0.0,0.0,0.0,0.0,0.0,0.0,0.0,0.0,0.0,0.0,0.0,0.0,0.0,0.0,0.0,0.0,nan,nan,4.300427772293518,2.882399954521739,nan,0.8655397050035825,0.03512357526263718,0.0,0.0,0.0,0.0,0.0,0.0,0.0,0.0,0.0,0.0,0.0,0.0,0.0,0.0,0.0,0.0,0.0,0.0,0.0,0.0,0.0,0.03773584905660378,0.11320754716981135,0.805031446540878,3.5974842767295607,11.18238993710692,10.251572327044027,3.044025157232705,0.628930817610063,0.33962264150943405,0.8664362664978505,0.03624129729298326,0.0,0.0,0.0,0.0,0.0,0.0,0.0,0.0,0.0,0.0,0.0,0.0,0.0,0.0,0.0,0.0,0.0,0.0,0.0,0.0,0.0,0.025564550489987223,0.15338730293992334,0.8819769919045563,3.7324243715381344,10.72432893054964,10.110779718789946,3.2211333617383904,0.856412441414572,0.293992330634853,0.421,0.01855,0.0,0.0,0.0,0.0,0.0,0.0,0.0,0.0,0.0,0.0,0.05031446540880504,3.7358490566037683,18.591194968553463,7.3962264150943415,0.2264150943396227,0.0,0.0,0.0,0.0,0.0,0.0,0.0,0.0,0.0,0.0,0.0,0.0,0.0,0.0,0.0,0.421,0.01859,0.0,0.0,0.0,0.0,0.0,0.0,0.0,0.0,0.0,0.0,0.025564550489987223,4.013634426927988,18.534299105240734,7.158074137196422,0.26842778014486585,0.0,0.0,0.0,0.0,0.0,0.0,0.0,0.0,0.0,0.0,0.0,0.0,0.0,0.0,0.0
36700,4669,2403,0.5146712358106661,1136,949,0.4465624330691797,1343,0.5752837866780895,0.46199999999999997,2.969991173874669,2.9839197906076493,6.244897959183674,2.0485567496048334,6649.800000000001,9.094947017729282e-13,6649.8,6649.8,6649.800000000002,1.8189894035458565e-12,6649.800000000002,1.8189894035458565e-12,28.469265367316343,20.956220311729393,33.266194331983804,19.19370391905313,0.13364746198329408,0.09937888198757763,0.0920968087384879,0.08224459198971942,0.08310130648961234,0.07132148211608481,0.0704647676161919,0.06639537374170058,0.06125508674234311,0.05054615549368173,0.046476761619190406,0.04283572499464553,0.03833797387020775,0.02655814949668023,0.01756264724780467,0.011351467123581066,0.00642535874919683,0.8652070320170858,0.033989863358886666,0.0,0.0,0.0,0.0,0.0,0.0,0.0,0.0,0.0,0.0,0.0,0.0,0.0,0.0,0.0,0.0,0.0,0.0,0.0,0.0,0.0,0.03212679374598416,0.1413578924823303,0.8224459198971917,3.399014778325124,11.289355322338833,10.460484043692441,3.007067894624117,0.6425358749196831,0.2056114799742986,4.287265547877591,2.7767791640787975,3.1666666666666665,2.1147629234082532,0.7386215365722619,4.308707124010554,2.7051115820756064,4.263743455497382,2.8441995013175263,0.9895644639519338,0.4214,0.01811,0.0,0.0,0.0,0.0,0.0,0.0,0.0,0.0,0.0,0.0,0.03212679374598416,3.5018205183122673,18.87770400514029,7.408438637823947,0.17991004497751129,0.0,0.0,0.0,0.0,0.0,0.0,0.0,0.0,0.0,0.0,0.0,0.0,0.0,0.0,0.0,nan,nan,4.285057471264368,2.7760747775866705,nan,0.4214,0.08905,0.0,0.0,0.0,0.0,0.0,0.0,0.0,0.0,0.0,0.0,0.0,0.0,0.0,0.0,0.0,3.212679374598415e-05,0.0,8.567144998929107e-05,0.0,0.0006746626686656671,0.0005782822874277147,2.1417862497322767e-05,0.004733347611908332,0.007078603555365174,0.0025273077746840863,0.007689012636538873,0.005579353180552581,0.01795887770400514,0.01548511458556436,0.0008138787748982651,0.012143928035982009,0.022863568215892055,0.04014778325123153,0.03671021632041122,0.04635896337545513,0.03493253373313343,0.04081173698864853,0.0551295780681088,0.05923109873634611,0.04045834225744271,0.047076461769115445,0.017209252516598845,0.01548511458556436,0.044292139644463484,0.015549368173056329,0.018387234953951597,0.0339151852645106,0.059895052473763116,0.044088669950738915,0.02637609766545299,0.04064039408866995,0.016202612979224672,0.013814521310773185,0.044292139644463484,0.012347397729706576,0.02856071964017991,0.017819661597772544,0.004433497536945813,0.013107731848361533,0.004701220818162348,0.010644677661169416,0.0033411865495823517,0.003127007924609124,0.00014992503748125936,0.010205611479974298,0.002066823730991647,7.496251874062968e-05,0.0,0.000139216106232598,0.0,1.0708931248661384e-05,0.0,0.0,0.0,0.0,0.0,0.0,0.0,0.0,0.0,0.0,0.0,0.0,0.0,0.0,0.0,0.0,0.0,0.0,0.0,0.0,0.0,0.0,0.0,0.0,0.0,0.0,0.0,0.0,0.0,0.0,nan,nan,4.285057471264368,2.7760747775866705,nan,0.8645642540428076,0.034612546443029885,0.0,0.0,0.0,0.0,0.0,0.0,0.0,0.0,0.0,0.0,0.0,0.0,0.0,0.0,0.0,0.0,0.0,0.0,0.0,0.0,0.0,0.03745318352059926,0.13732833957553062,0.923845193508112,3.420724094881399,11.423220973782774,10.36204744069913,2.7840199750312116,0.6491885143570538,0.2621722846441948,0.8658886716782468,0.033303270353787474,0.0,0.0,0.0,0.0,0.0,0.0,0.0,0.0,0.0,0.0,0.0,0.0,0.0,0.0,0.0,0.0,0.0,0.0,0.0,0.0,0.0,0.026478375992939104,0.14563106796116507,0.7149161518093535,3.375992939099736,11.147396293027365,10.564872021182703,3.2436010591350404,0.6354810238305385,0.14563106796116507,0.4211,0.01825,0.0,0.0,0.0,0.0,0.0,0.0,0.0,0.0,0.0,0.0,0.02496878901373284,3.7702871410736525,18.764044943820227,7.290886392009989,0.14981273408239704,0.0,0.0,0.0,0.0,0.0,0.0,0.0,0.0,0.0,0.0,0.0,0.0,0.0,0.0,0.0,0.4219,0.01794,0.0,0.0,0.0,0.0,0.0,0.0,0.0,0.0,0.0,0.0,0.03971756398940866,3.2171226831420956,18.998234774933806,7.533097969991175,0.21182700794351284,0.0,0.0,0.0,0.0,0.0,0.0,0.0,0.0,0.0,0.0,0.0,0.0,0.0,0.0,0.0
36800,4944,2568,0.5194174757281553,1218,1022,0.45307443365695793,1383,0.5594660194174758,0.44599999999999995,2.9987373737373737,3.0603495137836236,6.643625192012289,1.981993071481893,6649.800000000001,9.094947017729282e-13,6649.8,6649.8,6649.800000000002,1.8189894035458565e-12,6649.800000000001,9.094947017729282e-13,27.442961165048544,20.491019004430107,32.40826686004351,18.711784436240862,0.14259708737864077,0.10538025889967638,0.08960355987055016,0.08596278317152103,0.08090614886731391,0.07301779935275081,0.06957928802588997,0.07099514563106796,0.058859223300970875,0.05279126213592233,0.04591423948220065,0.040453074433656956,0.030137540453074433,0.02447411003236246,0.015372168284789644,0.008292880258899677,0.0056634304207119745,0.8638756229967168,0.03410668329640194,0.0,0.0,0.0,0.0,0.0,0.0,0.0,0.0,0.0,0.0,0.0,0.0,0.0,0.0,0.0,0.0,0.0,0.0,0.0,0.0,0.0,0.01213592233009709,0.1516990291262136,0.8919902912621331,3.83495145631068,11.250000000000004,10.0121359223301,3.106796116504855,0.5643203883495147,0.1759708737864078,4.34934775692014,2.8433721047646743,4.25,4.02336923485777,0.9771580102414046,4.28499369482976,2.8771814849891344,4.414477898782832,2.8108001646034406,1.0302180617230094,0.422,0.01822,0.0,0.0,0.0,0.0,0.0,0.0,0.0,0.0,0.0,0.0,0.018203883495145633,3.27063106796116,18.75606796116505,7.700242718446604,0.2548543689320389,0.0,0.0,0.0,0.0,0.0,0.0,0.0,0.0,0.0,0.0,0.0,0.0,0.0,0.0,0.0,nan,nan,4.349221480775341,2.845184783352904,nan,0.422,0.08954,0.0,0.0,0.0,0.0,0.0,0.0,0.0,0.0,0.0,0.0,0.0,0.0,0.0,0.0,0.0,9.101941747572816e-05,2.022653721682848e-05,5.05663430420712e-05,2.022653721682848e-05,0.0008596278317152103,0.0006067961165048543,4.045307443365696e-05,0.00465210355987055,0.0063915857605178,0.003418284789644013,0.007230987055016181,0.00551173139158576,0.0159789644012945,0.015766585760517798,0.0011630258899676376,0.01335962783171521,0.023745954692556633,0.03932038834951456,0.03413228155339806,0.04647046925566343,0.03589199029126214,0.04007888349514563,0.05703883495145631,0.05935477346278317,0.04042273462783171,0.04455906148867314,0.0191747572815534,0.016858818770226536,0.04267799352750809,0.01516990291262136,0.017495954692556635,0.03502224919093851,0.059364886731391585,0.04384101941747573,0.026547330097087377,0.03956310679611651,0.014391181229773464,0.01429004854368932,0.04601537216828479,0.01288430420711974,0.028114886731391585,0.017324029126213593,0.0045509708737864075,0.012985436893203884,0.005400485436893204,0.012651699029126214,0.0037317961165048543,0.0025182038834951456,0.0002326051779935275,0.01058859223300971,0.00219457928802589,3.0339805825242717e-05,0.0,0.0002022653721682848,0.0,0.0,0.0,0.0,0.0,0.0,0.0,0.0,0.0,0.0,0.0,0.0,0.0,0.0,0.0,0.0,0.0,0.0,0.0,0.0,0.0,0.0,0.0,0.0,0.0,0.0,0.0,0.0,0.0,0.0,0.0,0.0,nan,nan,4.349221480775341,2.845184783352904,nan,0.8638404357795403,0.034031880597637565,0.0,0.0,0.0,0.0,0.0,0.0,0.0,0.0,0.0,0.0,0.0,0.0,0.0,0.0,0.0,0.0,0.0,0.0,0.0,0.0,0.0,0.011682242990654209,0.19859813084112155,0.8060747663551378,3.936915887850468,10.957943925233648,10.315420560747667,3.0373831775700944,0.5490654205607477,0.18691588785046734,0.8639136536253823,0.03418730589053974,0.0,0.0,0.0,0.0,0.0,0.0,0.0,0.0,0.0,0.0,0.0,0.0,0.0,0.0,0.0,0.0,0.0,0.0,0.0,0.0,0.0,0.01262626262626263,0.10101010101010104,0.9848484848484818,3.7247474747474754,11.56565656565657,9.684343434343436,3.1818181818181825,0.5808080808080809,0.1641414141414142,0.422,0.01839,0.0,0.0,0.0,0.0,0.0,0.0,0.0,0.0,0.0,0.0,0.011682242990654209,3.352803738317752,18.563084112149536,7.815420560747665,0.25700934579439255,0.0,0.0,0.0,0.0,0.0,0.0,0.0,0.0,0.0,0.0,0.0,0.0,0.0,0.0,0.0,0.422,0.01804,0.0,0.0,0.0,0.0,0.0,0.0,0.0,0.0,0.0,0.0,0.02525252525252526,3.181818181818177,18.964646464646467,7.575757575757577,0.2525252525252526,0.0,0.0,0.0,0.0,0.0,0.0,0.0,0.0,0.0,0.0,0.0,0.0,0.0,0.0,0.0
36900,4573,2332,0.5099497047889788,1092,952,0.44697135359720097,1307,0.5716160069975946,0.474,3.029004908522981,3.108416887589743,6.6931637519872815,2.086286743333965,6649.800000000001,9.094947017729282e-13,6649.8,6649.8,6649.800000000001,9.094947017729282e-13,6649.800000000002,1.8189894035458565e-12,28.008528318390553,20.91396613061222,32.99348619072433,19.13013793668226,0.14235731467308113,0.09424885195713974,0.09359282746555872,0.08812595670238356,0.08003498797288432,0.07478679204023617,0.07063197026022305,0.06472774983599387,0.06166630220861579,0.04745243822436038,0.04592171441067133,0.03914279466433414,0.033238574240104964,0.027990378307456813,0.020118084408484584,0.009184342882134267,0.0067789197463371965,0.8630649476898021,0.03363022842857185,0.0,0.0,0.0,0.0,0.0,0.0,0.0,0.0,0.0,0.0,0.0,0.0,0.0,0.0,0.0,0.0,0.0,0.0,0.0,0.0,0.006560244915810191,0.013120489831620383,0.170566367811065,0.7937896348130306,4.021430133391648,11.329542969604201,10.122457905095125,2.8537065383774336,0.5576208178438663,0.13120489831620383,4.327668252889191,2.8870728429232506,6.0,2.23606797749979,1.3864278982092364,4.223841059602649,2.88526075374862,4.4455239417071475,2.883340555947413,1.0524837177763864,0.4224,0.01884,0.0,0.0,0.0,0.0,0.0,0.0,0.0,0.0,0.0,0.0,0.03280122457905096,3.437568335884535,18.342444784605295,7.88541438880385,0.2952110212114586,0.006560244915810191,0.0,0.0,0.0,0.0,0.0,0.0,0.0,0.0,0.0,0.0,0.0,0.0,0.0,0.0,nan,nan,4.333333333333333,2.886751345948129,nan,0.4224,0.0896,0.0,0.0,0.0,0.0,0.0,0.0,0.0,0.0,0.0,0.0,0.0,0.0,0.0,0.0,0.0,0.0001202711567898535,0.0,3.280122457905095e-05,0.0,0.0008200306144762738,0.0004592171441067133,0.0,0.0034550623223267,0.005773015525912967,0.0032035862672206428,0.006396238792914935,0.00654931117428384,0.016728624535315983,0.015678985348786353,0.0014760551060572927,0.0137546468401487,0.023310736934178875,0.041865296304395366,0.03346818281215832,0.045298491143669364,0.034966105401268315,0.04142794664334135,0.05484364749617319,0.05924994533129237,0.044292586923245135,0.04272906188497704,0.020916247539908155,0.01726437787010715,0.043024272906188495,0.014257598950360814,0.018018806035425324,0.032451344850207745,0.05561994314454406,0.045090750054668706,0.029105619943144544,0.03722938989722283,0.013732779357095999,0.015482178001312049,0.04610758801661929,0.012486332823092063,0.027815438443035207,0.019101246446534003,0.005412202055543407,0.013492237043516292,0.004548436474961732,0.013197026022304832,0.002591296741745025,0.002930242729061885,0.0002733435381587579,0.011546031051825934,0.0022960857205335666,0.0,0.0,0.00010933741526350318,0.0,0.0,0.0,0.0,0.0,0.0,0.0,0.0,0.0,0.0,0.0,0.0,0.0,0.0,0.0,0.0,0.0,0.0,0.0,0.0,0.0,0.0,0.0,0.0,0.0,0.0,0.0,0.0,0.0,0.0,0.0,0.0,nan,nan,4.333333333333333,2.886751345948129,nan,0.8636164449500383,0.03361231264066267,0.0,0.0,0.0,0.0,0.0,0.0,0.0,0.0,0.0,0.0,0.0,0.0,0.0,0.0,0.0,0.0,0.0,0.0,0.0,0.0,0.0,0.02572898799313894,0.16723842195540314,0.7461406518010268,3.795025728987994,11.42367066895369,10.227272727272728,2.8687821612349924,0.5789022298456261,0.16723842195540314,0.8624910558509487,0.03363926329257765,0.0,0.0,0.0,0.0,0.0,0.0,0.0,0.0,0.0,0.0,0.0,0.0,0.0,0.0,0.0,0.0,0.0,0.0,0.0,0.0,0.013386880856760378,0.0,0.17402945113788493,0.843373493975901,4.2570281124498,11.231593038821957,10.013386880856762,2.8380187416332,0.5354752342704151,0.09370816599732265,0.4226,0.01889,0.0,0.0,0.0,0.0,0.0,0.0,0.0,0.0,0.0,0.0,0.03859348198970841,3.434819897084043,18.164665523156092,8.091766723842197,0.2701543739279589,0.0,0.0,0.0,0.0,0.0,0.0,0.0,0.0,0.0,0.0,0.0,0.0,0.0,0.0,0.0,0.422,0.01878,0.0,0.0,0.0,0.0,0.0,0.0,0.0,0.0,0.0,0.0,0.026773761713520756,3.4404283801874116,18.52744310575636,7.670682730923696,0.32128514056224905,0.013386880856760378,0.0,0.0,0.0,0.0,0.0,0.0,0.0,0.0,0.0,0.0,0.0,0.0,0.0,0.0
37000,4942,2483,0.5024281667341157,1162,1061,0.44981788749494134,1427,0.5774989882638608,0.45399999999999996,2.922732818218788,3.075524813985451,6.622222222222222,2.097853105992168,6649.800000000002,1.8189894035458565e-12,6649.8,6649.8,6649.800000000002,1.8189894035458565e-12,6649.800000000001,9.094947017729282e-13,27.687778227438283,20.841198934031574,32.79718583212033,19.046920074566952,0.14346418454067178,0.10036422501011737,0.08741400242816673,0.08741400242816673,0.08883043302306759,0.07588021044111695,0.06920275192229866,0.0584783488466208,0.057061918251719954,0.05503844597329017,0.04593282072035613,0.039862403885066774,0.029745042492917848,0.024281667341157425,0.019222986645082964,0.010926750303520841,0.006879805746661271,0.8637187084848704,0.03474131645598893,0.0,0.0,0.0,0.0,0.0,0.0,0.0,0.0,0.0,0.0,0.0,0.0,0.0,0.0,0.0,0.0,0.0,0.0,0.0,0.0,0.012140833670578716,0.006070416835289358,0.15176042088223393,0.8195062727640605,3.9275596924322143,11.400242816673414,10.101173613921492,2.664912990692028,0.6556050182112507,0.2610279239174424,4.325244248345414,2.87003647014538,4.285714285714286,3.1493439550069433,0.9908606403797311,4.258511979823456,2.860348801060433,4.391468005018821,2.879395495954946,1.031221240148038,0.4229,0.01834,0.0,0.0,0.0,0.0,0.0,0.0,0.0,0.0,0.0,0.0,0.012140833670578716,3.126264670174014,18.23553217320923,8.352893565358157,0.2731687575880211,0.0,0.0,0.0,0.0,0.0,0.0,0.0,0.0,0.0,0.0,0.0,0.0,0.0,0.0,0.0,nan,nan,4.325157232704402,2.8706817403751255,nan,0.4229,0.08936,0.0,0.0,0.0,0.0,0.0,0.0,0.0,0.0,0.0,0.0,0.0,0.0,0.0,0.0,0.0,0.0001821125050586807,0.0,4.046944556859571e-05,1.0117361392148928e-05,0.0011938486442735735,0.0007588021044111695,0.0,0.002772157021448806,0.006343585592877378,0.004117766086604613,0.005594900849858357,0.006121003642250101,0.016369890732496964,0.014832051800890329,0.0008700930797248078,0.012312828814245246,0.023553217320922703,0.041936462970457306,0.03332658842573857,0.04473897207608256,0.036007689194658035,0.03875961149332254,0.05726426547956293,0.05989477944152165,0.041764467826790774,0.04132942128692837,0.02180291380008094,0.017715499797652773,0.045993524888709024,0.014407122622420073,0.018646297045730474,0.034095507891541886,0.05507891541885876,0.04593282072035613,0.028450020234722786,0.04073249696479158,0.013820315661675435,0.013688789963577499,0.04512343180898422,0.01046135167948199,0.028166734115742616,0.018211250505868068,0.004471873735329826,0.012919870497774181,0.006556050182112505,0.013779846216106839,0.003045325779036827,0.003065560501821125,0.0003237555645487657,0.011068393363010926,0.0022055847834884664,0.0,0.0,0.00014164305949008498,0.0,0.0,0.0,0.0,0.0,0.0,0.0,0.0,0.0,0.0,0.0,0.0,0.0,0.0,0.0,0.0,0.0,0.0,0.0,0.0,0.0,0.0,0.0,0.0,0.0,0.0,0.0,0.0,0.0,0.0,0.0,0.0,nan,nan,4.325157232704402,2.8706817403751255,nan,0.8636466772912541,0.034684878500410445,0.0,0.0,0.0,0.0,0.0,0.0,0.0,0.0,0.0,0.0,0.0,0.0,0.0,0.0,0.0,0.0,0.0,0.0,0.0,0.0,0.01208215867901732,0.0,0.15706806282722519,0.7974224728151404,4.035440998791785,11.417639951671369,9.786548530004028,2.9238824003221917,0.6041079339508659,0.265807490938381,0.8637914427076233,0.03479806107812153,0.0,0.0,0.0,0.0,0.0,0.0,0.0,0.0,0.0,0.0,0.0,0.0,0.0,0.0,0.0,0.0,0.0,0.0,0.0,0.0,0.012200081333875562,0.012200081333875562,0.14640097600650673,0.841805612037411,3.818625457503051,11.3826758845059,10.41886945912973,2.4034160227734853,0.7076047173647826,0.2562017080113868,0.4229,0.01865,0.0,0.0,0.0,0.0,0.0,0.0,0.0,0.0,0.0,0.0,0.01208215867901732,3.298429319371723,18.147402335884014,8.240032219089812,0.30205396697543296,0.0,0.0,0.0,0.0,0.0,0.0,0.0,0.0,0.0,0.0,0.0,0.0,0.0,0.0,0.0,0.4226,0.018,0.0,0.0,0.0,0.0,0.0,0.0,0.0,0.0,0.0,0.0,0.012200081333875562,2.952419682797881,18.32452216348109,8.46685644570964,0.24400162667751124,0.0,0.0,0.0,0.0,0.0,0.0,0.0,0.0,0.0,0.0,0.0,0.0,0.0,0.0,0.0
37100,4956,2520,0.5084745762711864,1156,1050,0.44511702986279256,1424,0.5746569814366425,0.43799999999999994,2.9614121510673237,3.0522524417325863,6.506474820143885,2.071985411225186,6649.800000000001,9.094947017729282e-13,6649.8,6649.8,6649.800000000002,1.8189894035458565e-12,6649.800000000002,1.8189894035458565e-12,27.659402744148508,20.654343639652446,32.68605212355212,18.851370464534018,0.14326069410815173,0.09644874899112187,0.09059725585149314,0.09261501210653753,0.08292978208232446,0.07728006456820016,0.06658595641646489,0.060129136400322844,0.06033091202582728,0.053268765133171914,0.046811945117029866,0.03853914447134786,0.031275221953188055,0.027037933817594836,0.01977401129943503,0.00867635189669088,0.00443906376109766,0.8649903432412721,0.03579280934036583,0.0,0.0,0.0,0.0,0.0,0.0,0.0,0.0,0.0,0.0,0.0,0.0,0.0,0.0,0.0,0.0,0.0,0.0,0.0,0.0,0.0060532687651331735,0.012106537530266347,0.19370460048426155,0.7990314769975763,3.880145278450364,10.847457627118647,10.236077481840196,3.002421307506054,0.7203389830508476,0.30266343825665865,4.283107895564643,2.8164574366755777,4.0,2.0,0.9339012925969448,4.305785123966942,2.8148996627746454,4.260248447204969,2.8160979016522374,0.9894243034775456,0.423,0.01843,0.0,0.0,0.0,0.0,0.0,0.0,0.0,0.0,0.0,0.0,0.012106537530266347,3.0205811138014482,18.383777239709445,8.232445520581114,0.3510895883777241,0.0,0.0,0.0,0.0,0.0,0.0,0.0,0.0,0.0,0.0,0.0,0.0,0.0,0.0,0.0,nan,nan,4.282752120640905,2.815597857440493,nan,0.423,0.08936,0.0,0.0,0.0,0.0,0.0,0.0,0.0,0.0,0.0,0.0,0.0,0.0,0.0,0.0,0.0,0.00020177562550443906,0.0,7.062146892655367e-05,0.0,0.001109765940274415,0.0008979015334947538,0.0,0.002623083131557708,0.005831315577078289,0.0031376109765940273,0.006073446327683616,0.007122679580306699,0.01647497982243745,0.014537933817594835,0.001261097659402744,0.012368845843422115,0.023930589184826472,0.041253026634382566,0.03429176755447942,0.045308716707021794,0.0385088781275222,0.036410411622276026,0.055135189669087974,0.059533898305084744,0.04095036319612591,0.04210048426150121,0.021307506053268765,0.0171408393866021,0.046731234866828085,0.015405569007263923,0.01854317998385795,0.03303066989507668,0.054499596448748994,0.04709443099273608,0.025887812752219533,0.04032485875706215,0.015234059725585149,0.014477401129943503,0.045631557707828896,0.009876916868442292,0.028066989507667475,0.01933010492332526,0.004277643260694108,0.014174737691686845,0.007909604519774011,0.013771186440677966,0.002986279257465698,0.0033494753833736885,0.00023204196933010492,0.009251412429378532,0.0021287328490718323,1.0088781275221954e-05,0.0,0.0001916868442292171,0.0,0.0,0.0,0.0,0.0,0.0,0.0,0.0,0.0,0.0,0.0,0.0,0.0,0.0,0.0,0.0,0.0,0.0,0.0,0.0,0.0,0.0,0.0,0.0,0.0,0.0,0.0,0.0,0.0,0.0,0.0,0.0,nan,nan,4.282752120640905,2.815597857440493,nan,0.8650961173195687,0.03574585077259202,0.0,0.0,0.0,0.0,0.0,0.0,0.0,0.0,0.0,0.0,0.0,0.0,0.0,0.0,0.0,0.0,0.0,0.0,0.0,0.0,0.0,0.011904761904761908,0.1785714285714286,0.7738095238095214,3.964285714285715,10.773809523809527,10.214285714285717,3.000000000000001,0.7976190476190478,0.28571428571428575,0.8648809217809652,0.035840993934939135,0.0,0.0,0.0,0.0,0.0,0.0,0.0,0.0,0.0,0.0,0.0,0.0,0.0,0.0,0.0,0.0,0.0,0.0,0.0,0.0,0.012315270935960593,0.012315270935960593,0.2093596059113301,0.8251231527093571,3.793103448275863,10.923645320197048,10.258620689655176,3.004926108374385,0.640394088669951,0.3201970443349755,0.423,0.01846,0.0,0.0,0.0,0.0,0.0,0.0,0.0,0.0,0.0,0.0,0.011904761904761908,3.0595238095238053,18.202380952380956,8.35714285714286,0.3690476190476191,0.0,0.0,0.0,0.0,0.0,0.0,0.0,0.0,0.0,0.0,0.0,0.0,0.0,0.0,0.0,0.4229,0.01842,0.0,0.0,0.0,0.0,0.0,0.0,0.0,0.0,0.0,0.0,0.012315270935960593,2.9802955665024586,18.571428571428573,8.103448275862071,0.33251231527093605,0.0,0.0,0.0,0.0,0.0,0.0,0.0,0.0,0.0,0.0,0.0,0.0,0.0,0.0,0.0
37200,4801,2440,0.5082274526140388,1136,1016,0.4482399500104145,1400,0.5832118308685691,0.46599999999999997,2.9479034307496823,3.0577244809274617,6.517503805175038,2.121158433333208,6649.800000000002,1.8189894035458565e-12,6649.8,6649.8,6649.800000000001,9.094947017729282e-13,6649.800000000001,9.094947017729282e-13,27.753801291397625,20.840378834011187,32.61961367013373,19.152768998926295,0.13934596958966883,0.09685482191210165,0.10164549052280775,0.08664861487190169,0.08102478650281192,0.07352634867735888,0.06998541970422828,0.06519475109352219,0.05873776296604874,0.04728181628827328,0.04707352634867736,0.03832534888564882,0.031451780878983544,0.02624453238908561,0.01687148510726932,0.012497396375755051,0.007290147885857113,0.8651560010623991,0.03563085379986163,0.0,0.0,0.0,0.0,0.0,0.0,0.0,0.0,0.0,0.0,0.0,0.0,0.0,0.0,0.0,0.0,0.0,0.0,0.0,0.0,0.006248698187877527,0.03749218912726516,0.16871485107269324,0.8498229535513409,3.8117058946052915,10.622786919391796,10.379087690064573,3.1118516975630084,0.7873359716725684,0.22495313476359097,4.371698728399087,2.8556320345590427,5.0,3.2192602199319587,1.143720167064439,4.399073461283918,2.8626579475578198,4.347381864623244,2.851253255137628,0.9882494354514398,0.424,0.0187,0.0,0.0,0.0,0.0,0.0,0.0,0.0,0.0,0.0,0.0,0.006248698187877527,2.930639450114555,17.621328889814624,9.154342845240576,0.28744011664236624,0.0,0.0,0.0,0.0,0.0,0.0,0.0,0.0,0.0,0.0,0.0,0.0,0.0,0.0,0.0,nan,nan,4.373944119558154,2.857259959543328,nan,0.424,0.0898,0.0,0.0,0.0,0.0,0.0,0.0,0.0,0.0,0.0,0.0,0.0,0.0,0.0,0.0,0.0,0.00014580295771714227,0.0,0.0001249739637575505,0.0,0.001333055613413872,0.0009373047281816288,3.1243490939387625e-05,0.002905644657363049,0.004853155592584878,0.003363882524474068,0.006040408248281608,0.006883982503645074,0.017111018537804622,0.014184544886481984,0.0014580295771714226,0.011757967090189544,0.023047281816288272,0.038752343261820456,0.03426369506352843,0.04475109352218288,0.03898146219537596,0.03531555925848782,0.05367631743386794,0.05963340970631119,0.041939179337637994,0.045667569256404916,0.021537179754217872,0.015892522391168507,0.045677983753384714,0.01619454280358259,0.018673193084774005,0.03138929389710477,0.05344719850031243,0.04793792959800042,0.02757758800249948,0.0411580920641533,0.014965632159966673,0.013830451989168923,0.04465736304936471,0.010747760883149344,0.027681732972297438,0.02093313892938971,0.0036034159550093732,0.015569672984794834,0.00772755675900854,0.013215996667360966,0.0033118100395750885,0.003280566548635701,0.0003436784003332639,0.011383045198916893,0.001999583420120808,0.0,0.0,0.00010414496979795876,0.0,0.0,0.0,0.0,0.0,0.0,0.0,0.0,0.0,0.0,0.0,0.0,0.0,0.0,0.0,0.0,0.0,0.0,0.0,0.0,0.0,0.0,0.0,0.0,0.0,0.0,0.0,0.0,0.0,0.0,0.0,0.0,nan,nan,4.373944119558154,2.857259959543328,nan,0.8652576782908596,0.035847659626192185,0.0,0.0,0.0,0.0,0.0,0.0,0.0,0.0,0.0,0.0,0.0,0.0,0.0,0.0,0.0,0.0,0.0,0.0,0.0,0.0,0.012295081967213118,0.03688524590163935,0.209016393442623,0.7499999999999977,3.8237704918032795,10.709016393442626,10.25409836065574,3.122950819672132,0.8483606557377051,0.23360655737704922,0.865050921673393,0.03540509178196904,0.0,0.0,0.0,0.0,0.0,0.0,0.0,0.0,0.0,0.0,0.0,0.0,0.0,0.0,0.0,0.0,0.0,0.0,0.0,0.0,0.0,0.03811944091486659,0.1270648030495553,0.9529860228716617,3.7992376111817032,10.533672172808135,10.508259212198224,3.1003811944091493,0.7242693773824652,0.216010165184244,0.4243,0.01842,0.0,0.0,0.0,0.0,0.0,0.0,0.0,0.0,0.0,0.0,0.0,2.6803278688524554,17.803278688524593,9.30737704918033,0.209016393442623,0.0,0.0,0.0,0.0,0.0,0.0,0.0,0.0,0.0,0.0,0.0,0.0,0.0,0.0,0.0,0.4238,0.01898,0.0,0.0,0.0,0.0,0.0,0.0,0.0,0.0,0.0,0.0,0.01270648030495553,3.1893265565438327,17.433290978398986,8.996188055908515,0.3684879288437104,0.0,0.0,0.0,0.0,0.0,0.0,0.0,0.0,0.0,0.0,0.0,0.0,0.0,0.0,0.0
37300,4904,2484,0.5065252854812398,1186,1020,0.449836867862969,1400,0.5709624796084829,0.45799999999999996,3.0140495867768595,3.0537554656229666,6.5821114369501466,1.9366437695717564,6649.8,0.0,6649.8,6649.8,6649.800000000001,9.094947017729282e-13,6649.800000000001,9.094947017729282e-13,27.958809135399672,20.78519676247012,32.98539079620161,18.967563738595683,0.13947797716150082,0.09726753670473083,0.09074225122349103,0.09074225122349103,0.07809951060358891,0.07381729200652529,0.07463295269168026,0.06729200652528548,0.0566884176182708,0.05077487765089723,0.046900489396411095,0.04241435562805873,0.029771615008156605,0.026508972267536703,0.016517128874388255,0.012438825448613376,0.0059135399673735725,0.8632373991399566,0.03485276640690491,0.0,0.0,0.0,0.0,0.0,0.0,0.0,0.0,0.0,0.0,0.0,0.0,0.0,0.0,0.0,0.0,0.0,0.0,0.0,0.0,0.0,0.0672920065252855,0.2018760195758565,0.8503262642740594,3.5909461663947804,11.696574225122353,10.093800978792824,2.752854812398043,0.538336052202284,0.20799347471451882,4.351282863477985,2.8341008713975837,4.647058823529412,2.588235294117647,1.0679744271589398,4.306482064191315,2.854974045365347,4.399369085173501,2.8098743608412535,1.0215691182727888,0.424,0.01857,0.0,0.0,0.0,0.0,0.0,0.0,0.0,0.0,0.0,0.0,0.006117455138662318,3.1260195758564393,17.624388254486135,8.937601957585645,0.3058727569331159,0.0,0.0,0.0,0.0,0.0,0.0,0.0,0.0,0.0,0.0,0.0,0.0,0.0,0.0,0.0,nan,nan,4.352867044738501,2.832923109219765,nan,0.424,0.0898,0.0,0.0,0.0,0.0,0.0,0.0,0.0,0.0,0.0,0.0,0.0,0.0,0.0,0.0,0.0,8.156606851549755e-05,0.0,0.00013254486133768353,0.0,0.0011317292006525286,0.0008564437194127243,4.078303425774878e-05,0.003843800978792822,0.0054853181076672105,0.004159869494290375,0.007320554649265906,0.006209216965742251,0.01554853181076672,0.015130505709624795,0.0013764274061990212,0.010103996737357259,0.021757748776508972,0.038876427406199024,0.035002039151712884,0.04574836867862969,0.03684747145187602,0.036969820554649264,0.05329323001631321,0.060481239804241436,0.038937601957585645,0.045177406199021206,0.022338907014681893,0.01599714518760196,0.047950652528548125,0.01530383360522023,0.017771207177814028,0.03278955954323002,0.0530689233278956,0.048888662316476345,0.02862969004893964,0.04127243066884176,0.014335236541598694,0.01221451876019576,0.04689029363784666,0.009492251223491028,0.028221859706362155,0.021298939641109297,0.0035583197389885807,0.015059135399673736,0.0074734910277324635,0.013019983686786297,0.003578711256117455,0.0033340130505709626,0.00023450244698205547,0.010491435562805873,0.0020391517128874386,0.0,0.0,0.00023450244698205547,0.0,0.0,0.0,0.0,0.0,0.0,0.0,0.0,0.0,0.0,0.0,0.0,0.0,0.0,0.0,0.0,0.0,0.0,0.0,0.0,0.0,0.0,0.0,0.0,0.0,0.0,0.0,0.0,0.0,0.0,0.0,0.0,nan,nan,4.352867044738501,2.832923109219765,nan,0.863100257328743,0.03447069693916871,0.0,0.0,0.0,0.0,0.0,0.0,0.0,0.0,0.0,0.0,0.0,0.0,0.0,0.0,0.0,0.0,0.0,0.0,0.0,0.0,0.0,0.07246376811594205,0.19323671497584546,0.7850241545893695,3.623188405797102,11.69082125603865,10.338164251207733,2.548309178743962,0.531400966183575,0.21739130434782614,0.8633781678420454,0.035240077327794855,0.0,0.0,0.0,0.0,0.0,0.0,0.0,0.0,0.0,0.0,0.0,0.0,0.0,0.0,0.0,0.0,0.0,0.0,0.0,0.0,0.0,0.061983471074380174,0.2107438016528926,0.9173553719008236,3.5578512396694224,11.702479338842979,9.842975206611571,2.9628099173553726,0.5454545454545455,0.19834710743801656,0.4243,0.01878,0.0,0.0,0.0,0.0,0.0,0.0,0.0,0.0,0.0,0.0,0.012077294685990341,2.9951690821255994,17.572463768115945,9.021739130434785,0.39855072463768126,0.0,0.0,0.0,0.0,0.0,0.0,0.0,0.0,0.0,0.0,0.0,0.0,0.0,0.0,0.0,0.4236,0.01836,0.0,0.0,0.0,0.0,0.0,0.0,0.0,0.0,0.0,0.0,0.0,3.260330578512392,17.677685950413228,8.851239669421489,0.2107438016528926,0.0,0.0,0.0,0.0,0.0,0.0,0.0,0.0,0.0,0.0,0.0,0.0,0.0,0.0,0.0
37400,4747,2426,0.5110596165999579,1119,988,0.4438592795449758,1341,0.5649884137349905,0.46199999999999997,2.959069366652305,3.008612625611978,6.395672333848531,2.0408153212573614,6649.800000000001,9.094947017729282e-13,6649.8,6649.8,6649.800000000002,1.8189894035458565e-12,6649.800000000002,1.8189894035458565e-12,28.424689277438382,21.208912130109795,33.38913913913914,19.441075782663027,0.13692858647566886,0.10006319780914262,0.09184748262060248,0.0920581419844112,0.07436275542447862,0.06720033705498209,0.06930693069306931,0.06614704023593848,0.06088055614072046,0.04866231303981462,0.05013692858647567,0.04192121339793554,0.03244154202654308,0.030334948388455865,0.016852749104697702,0.01306088055614072,0.007794396460922688,0.8641064893277741,0.034841335205624775,0.0,0.0,0.0,0.0,0.0,0.0,0.0,0.0,0.0,0.0,0.0,0.0,0.0,0.0,0.0,0.0,0.0,0.0,0.0,0.0,0.0315989045713082,0.06951759005687803,0.11375605645670953,0.6572572150832084,4.0067410996418795,11.40720455024226,9.991573625447653,2.8059827259321684,0.7520539287971352,0.16431430377080267,4.211519687601692,2.761274683781068,4.916666666666667,2.4650332429581736,1.1674329057847834,4.281853281853282,2.780071138612345,4.145656433703461,2.7388535000312917,0.9681920796476072,0.4238,0.01808,0.0,0.0,0.0,0.0,0.0,0.0,0.0,0.0,0.0,0.0,0.01263956182852328,2.7301453549610244,18.15673056667369,8.721297661681064,0.3791868548556984,0.0,0.0,0.0,0.0,0.0,0.0,0.0,0.0,0.0,0.0,0.0,0.0,0.0,0.0,0.0,nan,nan,4.214262560777958,2.760532941717923,nan,0.4238,0.0895,0.0,0.0,0.0,0.0,0.0,0.0,0.0,0.0,0.0,0.0,0.0,0.0,0.0,0.0,0.0,0.0,0.0,6.319780914261639e-05,0.0,0.0010427638508531704,0.000800505582473141,4.213187276174426e-05,0.0037602696439856752,0.0051084895723614914,0.0035390773119865176,0.0073625447651148096,0.005635137981883294,0.015999578681272383,0.015599325890035811,0.0017590056878028228,0.009721929639772487,0.021087002317253002,0.03922477354118391,0.036043817147672214,0.046755845797345694,0.03497998736043817,0.0365072677480514,0.0521908573836107,0.062081314514430164,0.044048872972403626,0.04503897198230462,0.022087634295344428,0.014366968611754792,0.047630082157151886,0.016157573204128924,0.017568990941647357,0.03294712449968401,0.050895302296187064,0.04904149989467032,0.02745944807246682,0.041721087002317254,0.015504529176321887,0.011280808931957025,0.047198230461344005,0.009237413103012428,0.028007162418369497,0.021487255108489572,0.0033916157573204127,0.01523067200337055,0.008921424057299347,0.01172319359595534,0.0036654729302717506,0.0023277859700863704,0.00030545607752264587,0.010764693490625659,0.0026543079839898885,0.0,0.0,3.1598904571308196e-05,0.0,0.0,0.0,0.0,0.0,0.0,0.0,0.0,0.0,0.0,0.0,0.0,0.0,0.0,0.0,0.0,0.0,0.0,0.0,0.0,0.0,0.0,0.0,0.0,0.0,0.0,0.0,0.0,0.0,0.0,0.0,0.0,nan,nan,4.214262560777958,2.760532941717923,nan,0.8641893112600488,0.0350710313827567,0.0,0.0,0.0,0.0,0.0,0.0,0.0,0.0,0.0,0.0,0.0,0.0,0.0,0.0,0.0,0.0,0.0,0.0,0.0,0.0,0.024732069249793907,0.06183017312448476,0.11129431162407256,0.6801319043693301,4.192085737840067,11.253091508656228,9.917559769167354,2.7699917559769176,0.791426215993405,0.19785655399835125,0.864019920604078,0.03459940598532794,0.0,0.0,0.0,0.0,0.0,0.0,0.0,0.0,0.0,0.0,0.0,0.0,0.0,0.0,0.0,0.0,0.0,0.0,0.0,0.0,0.03877638948728997,0.07755277897457993,0.11632916846186991,0.6333476949590674,3.813011632916847,11.568289530374841,10.06893580353296,2.843601895734598,0.7109004739336495,0.1292546316242999,0.4243,0.01787,0.0,0.0,0.0,0.0,0.0,0.0,0.0,0.0,0.0,0.0,0.012366034624896953,2.671063478977737,18.04204451772465,8.9282769991756,0.3462489694971147,0.0,0.0,0.0,0.0,0.0,0.0,0.0,0.0,0.0,0.0,0.0,0.0,0.0,0.0,0.0,0.4236,0.0183,0.0,0.0,0.0,0.0,0.0,0.0,0.0,0.0,0.0,0.0,0.01292546316242999,2.7919000430848735,18.276604911676007,8.504954760878933,0.41361482119775966,0.0,0.0,0.0,0.0,0.0,0.0,0.0,0.0,0.0,0.0,0.0,0.0,0.0,0.0,0.0
37500,4878,2515,0.515580155801558,1203,999,0.45141451414514144,1382,0.5666256662566626,0.45799999999999996,3.0376639864578925,3.078164117042056,6.624242424242424,2.0489509959134526,6649.800000000001,9.094947017729282e-13,6649.8,6649.8,6649.800000000001,9.094947017729282e-13,6649.800000000001,9.094947017729282e-13,27.952644526445265,20.61929688509262,32.48784596871239,18.969378936523082,0.13181631816318162,0.0984009840098401,0.0953259532595326,0.0943009430094301,0.07913079130791308,0.07482574825748257,0.06683066830668306,0.07134071340713408,0.055965559655596554,0.056580565805658053,0.042435424354243544,0.03956539565395654,0.03403034030340303,0.026240262402624025,0.017220172201722016,0.01066010660106601,0.005330053300533005,0.8628454120030116,0.0350054179171943,0.0,0.0,0.0,0.0,0.0,0.0,0.0,0.0,0.0,0.0,0.0,0.0,0.0,0.0,0.0,0.0,0.0,0.0,0.0,0.0,0.012300123001230016,0.0,0.2644526445264453,0.8056580565805633,3.9606396063960645,11.635916359163595,9.747847478474787,2.6937269372693735,0.6703567035670358,0.20910209102091026,4.368137099333545,2.8990724484730874,5.875,2.521780125229002,1.3449669427492008,4.369024856596559,2.8991256685127618,4.374842767295598,2.899207624419423,1.0013316268252068,0.4246,0.01807,0.0,0.0,0.0,0.0,0.0,0.0,0.0,0.0,0.0,0.0,0.006150061500615008,2.816728167281669,17.56457564575646,9.372693726937271,0.2398523985239853,0.0,0.0,0.0,0.0,0.0,0.0,0.0,0.0,0.0,0.0,0.0,0.0,0.0,0.0,0.0,nan,nan,4.371953149730928,2.89916837848728,nan,0.4246,0.08936,0.0,0.0,0.0,0.0,0.0,0.0,0.0,0.0,0.0,0.0,0.0,0.0,0.0,0.0,0.0,0.0,0.0,0.0001025010250102501,3.075030750307503e-05,0.0008302583025830259,0.0006662566625666256,0.00013325133251332514,0.0031262812628126283,0.005268552685526855,0.003146781467814678,0.008077080770807708,0.004530545305453055,0.01647191471914719,0.016133661336613366,0.0018245182451824518,0.009030340303403035,0.019239442394423944,0.03752562525625256,0.03780237802378024,0.04488519885198852,0.03479909799097991,0.03582410824108241,0.053116031160311605,0.06252562525625256,0.0459409594095941,0.04583845838458384,0.022878228782287822,0.014790897908979089,0.04789872898728987,0.015990159901599015,0.01727142271422714,0.034235342353423535,0.05043050430504305,0.05001025010250103,0.027152521525215252,0.041246412464124645,0.013232882328823288,0.010967609676096762,0.04824723247232472,0.009952849528495285,0.026998769987699876,0.02107421074210742,0.004182041820418204,0.015108651086510865,0.00891758917589176,0.011490364903649037,0.004510045100451004,0.0026855268552685527,0.0006150061500615006,0.010721607216072161,0.0025112751127511273,0.0,0.0,1.025010250102501e-05,0.0,0.0,0.0,0.0,0.0,0.0,0.0,0.0,0.0,0.0,0.0,0.0,0.0,0.0,0.0,0.0,0.0,0.0,0.0,0.0,0.0,0.0,0.0,0.0,0.0,0.0,0.0,0.0,0.0,0.0,0.0,0.0,nan,nan,4.371953149730928,2.89916837848728,nan,0.8632266391105727,0.03508413997889785,0.0,0.0,0.0,0.0,0.0,0.0,0.0,0.0,0.0,0.0,0.0,0.0,0.0,0.0,0.0,0.0,0.0,0.0,0.0,0.0,0.0,0.0,0.31013916500994043,0.75149105367793,3.7932405566600407,11.833001988071574,9.673956262425449,2.8151093439363826,0.5844930417495031,0.23856858846918494,0.8624396624577232,0.03491686489810085,0.0,0.0,0.0,0.0,0.0,0.0,0.0,0.0,0.0,0.0,0.0,0.0,0.0,0.0,0.0,0.0,0.0,0.0,0.0,0.0,0.025391451544646643,0.0,0.21582733812949645,0.8633093525179829,4.138806601777403,11.42615319509099,9.826491747778249,2.5645366060093107,0.7617435463393992,0.1777401608125265,0.4246,0.01804,0.0,0.0,0.0,0.0,0.0,0.0,0.0,0.0,0.0,0.0,0.011928429423459248,2.8151093439363777,17.43936381709742,9.542743538767397,0.19085487077534796,0.0,0.0,0.0,0.0,0.0,0.0,0.0,0.0,0.0,0.0,0.0,0.0,0.0,0.0,0.0,0.4246,0.01811,0.0,0.0,0.0,0.0,0.0,0.0,0.0,0.0,0.0,0.0,0.0,2.818451121455772,17.69784172661871,9.191705459162083,0.29200169276343635,0.0,0.0,0.0,0.0,0.0,0.0,0.0,0.0,0.0,0.0,0.0,0.0,0.0,0.0,0.0
37600,4921,2508,0.5096525096525096,1170,1034,0.44787644787644787,1421,0.577524893314367,0.45799999999999996,3.043928719436386,3.0952113031393407,6.727802037845706,1.9431883721355565,6649.800000000001,9.094947017729282e-13,6649.8,6649.8,6649.800000000002,1.8189894035458565e-12,6649.800000000002,1.8189894035458565e-12,28.23633407843934,20.92050612199625,33.12177477694719,19.156932545733035,0.13411908148750254,0.09896362527941475,0.09124161755740703,0.090835196098354,0.07965860597439545,0.07173338752286121,0.07234301971144076,0.06340174761227393,0.06157285104653526,0.05080268238162975,0.04470636049583418,0.0406421459053038,0.034139402560455195,0.028246291404186143,0.020727494411704937,0.011379800853485065,0.005486689697216013,0.8612761336040555,0.035271931969246675,0.0,0.0,0.0,0.0,0.0,0.0,0.0,0.0,0.0,0.0,0.0,0.0,0.0,0.0,0.0,0.0,0.0,0.0,0.0,0.0,0.0,0.036577931314773424,0.21946758788864057,0.8473887421255817,4.651493598862021,11.509855720382038,9.284698232066654,2.578744157691527,0.6401137980085351,0.2316602316602317,4.409305249921409,2.850629329006733,4.636363636363637,2.603240193322973,1.05149527500875,4.352536005009393,2.828484931261659,4.467711598746082,2.8699160744160253,1.0264617210757434,0.425,0.01816,0.0,0.0,0.0,0.0,0.0,0.0,0.0,0.0,0.0,0.0,0.012192643771591143,2.5787441576915224,17.56350335297704,9.552936395041659,0.2926234505181874,0.0,0.0,0.0,0.0,0.0,0.0,0.0,0.0,0.0,0.0,0.0,0.0,0.0,0.0,0.0,nan,nan,4.410087719298246,2.849844737858417,nan,0.425,0.0886,0.0,0.0,0.0,0.0,0.0,0.0,0.0,0.0,0.0,0.0,0.0,0.0,0.0,0.0,0.0,0.0,0.0,8.12842918106076e-05,3.048160942897785e-05,0.0008941272099166836,0.0005385084332452753,0.00035561877667140827,0.0024893314366998577,0.004084535663483032,0.0028855923592765696,0.009124161755740703,0.004399512294249137,0.01620605567973989,0.01610445031497663,0.0023267628530786425,0.008819345661450925,0.020930705141231458,0.03550091444828287,0.036364560048770575,0.04187157081893924,0.03356025198130461,0.03529770371875635,0.05295671611461085,0.06420442999390368,0.045824019508230035,0.04700264173948385,0.024649461491566754,0.014783580573054258,0.04754115017272912,0.01572851046535257,0.01896972160130055,0.03529770371875635,0.05003048160942898,0.04962406015037594,0.028561268034952247,0.04338549075391181,0.013350944929892299,0.011430603535866694,0.048689290794553954,0.009276569802885593,0.02649867913025808,0.02102214996951839,0.004714488925015241,0.014763259500101605,0.008199552936395042,0.01076000812842918,0.0039321276163381425,0.0029567161146108515,0.0004470636049583418,0.011461085145295672,0.002062588904694168,0.0,1.016053647632595e-05,0.0,0.0,0.0,0.0,0.0,0.0,0.0,0.0,0.0,0.0,0.0,0.0,0.0,0.0,0.0,0.0,0.0,0.0,0.0,0.0,0.0,0.0,0.0,0.0,0.0,0.0,0.0,0.0,0.0,0.0,0.0,0.0,0.0,nan,nan,4.410087719298246,2.849844737858417,nan,0.8612508021140592,0.035692492428155746,0.0,0.0,0.0,0.0,0.0,0.0,0.0,0.0,0.0,0.0,0.0,0.0,0.0,0.0,0.0,0.0,0.0,0.0,0.0,0.0,0.0,0.011961722488038281,0.26315789473684215,0.8014354066985622,4.964114832535887,11.136363636363638,9.401913875598087,2.500000000000001,0.6698564593301437,0.25119617224880386,0.8613024623968074,0.03482941286409147,0.0,0.0,0.0,0.0,0.0,0.0,0.0,0.0,0.0,0.0,0.0,0.0,0.0,0.0,0.0,0.0,0.0,0.0,0.0,0.0,0.0,0.0621632822213013,0.17405719021964364,0.8951512639867357,4.32656444260257,11.898052217157069,9.16286779941981,2.660588479071696,0.6092001657687527,0.21135515955242443,0.4248,0.01797,0.0,0.0,0.0,0.0,0.0,0.0,0.0,0.0,0.0,0.0,0.011961722488038281,2.6794258373205704,17.822966507177036,9.24641148325359,0.2392344497607656,0.0,0.0,0.0,0.0,0.0,0.0,0.0,0.0,0.0,0.0,0.0,0.0,0.0,0.0,0.0,0.4255,0.01836,0.0,0.0,0.0,0.0,0.0,0.0,0.0,0.0,0.0,0.0,0.012432656444260259,2.4740986324077876,17.29382511396602,9.871529216742646,0.3481143804392873,0.0,0.0,0.0,0.0,0.0,0.0,0.0,0.0,0.0,0.0,0.0,0.0,0.0,0.0,0.0
37700,4906,2554,0.5205870362821036,1174,1009,0.4449653485527925,1387,0.5654300856094578,0.46599999999999997,3.0714285714285716,3.1048842365616434,6.68141592920354,2.0297150361289273,6649.800000000001,9.094947017729282e-13,6649.8,6649.8,6649.800000000001,9.094947017729282e-13,6649.8,0.0,28.28353037097432,21.101779104633643,33.06817634304987,19.41525145191787,0.13554830819404812,0.09518956379942926,0.0962087240114146,0.09172441907867916,0.0776600081532817,0.07969832857725234,0.06869139828781085,0.05951895637994293,0.05727680391357522,0.0515695067264574,0.04626987362413371,0.03913575214023644,0.036485935589074606,0.026294333469221363,0.017733387688544638,0.012433754586220954,0.008560945780676722,0.85891441972315,0.03507109456261187,0.0,0.0,0.0,0.0,0.0,0.0,0.0,0.0,0.0,0.0,0.0,0.0,0.0,0.0,0.0,0.0,0.0,0.0,0.0,0.0,0.0,0.03057480635955973,0.18956379942927032,1.1863024867509135,4.598450876477783,12.41337138198125,8.432531593966573,2.4398695474928664,0.5197717081125154,0.18956379942927032,4.285579047017987,2.859083996819152,4.857142857142857,3.0438965360946453,1.133369097583809,4.306340238543628,2.8829984090326977,4.267214150347441,2.8357843773811076,0.9909143063416144,0.426,0.01822,0.0,0.0,0.0,0.0,0.0,0.0,0.0,0.0,0.0,0.0,0.018344883815735836,2.1891561353444726,17.543823889115373,9.845087647778232,0.40358744394618845,0.0,0.0,0.0,0.0,0.0,0.0,0.0,0.0,0.0,0.0,0.0,0.0,0.0,0.0,0.0,nan,nan,4.28683879093199,2.859630083298598,nan,0.426,0.08936,0.0,0.0,0.0,0.0,0.0,0.0,0.0,0.0,0.0,0.0,0.0,0.0,0.0,0.0,0.0,0.0,0.0,7.134121483897268e-05,0.0,0.0008662861801875255,0.000295556461475744,0.0005707297187117815,0.0026701997554015493,0.004168365267019976,0.00330207908683245,0.008876885446392173,0.004769669792091317,0.015195678760701182,0.015868324500611496,0.0022217692621280065,0.009039951080309824,0.022034243783122708,0.03792295148797391,0.03562984101100693,0.04160211985324093,0.03324500611496127,0.03210354667753771,0.050907052588666936,0.06325927435792907,0.04474113330615573,0.04978597635548308,0.023848348960456584,0.01606196494088871,0.047951487973909496,0.01330004076640848,0.01827354260089686,0.03490623726049735,0.04721769262128007,0.05100896860986547,0.030075417855686914,0.042998369343660824,0.012963717896453323,0.012056665307786384,0.05094781899714635,0.009641255605381167,0.028088055442315532,0.020383204239706482,0.005004076640847941,0.014737056665307786,0.008887077048512026,0.010171218915613534,0.004229514879739095,0.003719934773746433,0.0004586220953933958,0.011119037912759885,0.0027823073787199347,0.0,0.0,2.038320423970648e-05,0.0,0.0,0.0,0.0,0.0,0.0,0.0,0.0,0.0,0.0,0.0,0.0,0.0,0.0,0.0,0.0,0.0,0.0,0.0,0.0,0.0,0.0,0.0,0.0,0.0,0.0,0.0,0.0,0.0,0.0,0.0,0.0,nan,nan,4.28683879093199,2.859630083298598,nan,0.8585269097107504,0.03483025714716845,0.0,0.0,0.0,0.0,0.0,0.0,0.0,0.0,0.0,0.0,0.0,0.0,0.0,0.0,0.0,0.0,0.0,0.0,0.0,0.0,0.0,0.04698512137823024,0.1409553641346907,1.3155833985904422,4.628034455755678,12.27486296006265,8.480814408770557,2.478465152701645,0.4698512137823024,0.16444792482380585,0.8593352107825328,0.035325943157746176,0.0,0.0,0.0,0.0,0.0,0.0,0.0,0.0,0.0,0.0,0.0,0.0,0.0,0.0,0.0,0.0,0.0,0.0,0.0,0.0,0.0,0.01275510204081633,0.24234693877551025,1.0459183673469354,4.566326530612246,12.563775510204085,8.380102040816329,2.39795918367347,0.5739795918367347,0.2168367346938776,0.426,0.01828,0.0,0.0,0.0,0.0,0.0,0.0,0.0,0.0,0.0,0.0,0.0,2.325763508222393,17.431480031323417,9.808144087705562,0.4346123727486297,0.0,0.0,0.0,0.0,0.0,0.0,0.0,0.0,0.0,0.0,0.0,0.0,0.0,0.0,0.0,0.4258,0.01816,0.0,0.0,0.0,0.0,0.0,0.0,0.0,0.0,0.0,0.0,0.03826530612244899,2.040816326530609,17.665816326530614,9.885204081632654,0.3698979591836736,0.0,0.0,0.0,0.0,0.0,0.0,0.0,0.0,0.0,0.0,0.0,0.0,0.0,0.0,0.0
37800,4866,2493,0.5123304562268804,1162,996,0.4434854089601315,1394,0.5729551993423757,0.44199999999999995,3.023598820058997,3.047086472994335,6.473396998635743,2.0593947512405446,6649.800000000001,9.094947017729282e-13,6649.8,6649.8,6649.800000000002,1.8189894035458565e-12,6649.800000000001,9.094947017729282e-13,28.621660501438555,21.16977968530136,33.353995157384986,19.477797996419483,0.13090834360871353,0.09864364981504316,0.09350595972050967,0.08692971639950678,0.08692971639950678,0.07131113851212495,0.06617344841759146,0.05959720509658857,0.05877517468146321,0.05219893136046034,0.04952733251130292,0.041512535963830664,0.036991368680641186,0.029593094944512947,0.01829017673653925,0.010275380189066995,0.008836826962597617,0.8604748080504857,0.034344741408250404,0.0,0.0,0.0,0.0,0.0,0.0,0.0,0.0,0.0,0.0,0.0,0.0,0.0,0.0,0.0,0.0,0.0,0.0,0.0,0.0,0.0,0.030826140567200993,0.19112207151664617,0.8384710234278642,4.519112207151665,12.330456226880397,8.816276202219484,2.546239210850802,0.5302096177558571,0.19728729963008637,4.2096875,2.8398008120894236,6.4,1.4966629547095764,1.5203028728379482,4.238393977415307,2.842963345269935,4.194925742574258,2.835375714086299,0.9897441731295689,0.4268,0.01773,0.0,0.0,0.0,0.0,0.0,0.0,0.0,0.0,0.0,0.0,0.006165228113440199,1.8803945745992576,17.311960542540078,10.357583230579534,0.4438964241676943,0.0,0.0,0.0,0.0,0.0,0.0,0.0,0.0,0.0,0.0,0.0,0.0,0.0,0.0,0.0,nan,nan,4.216510903426792,2.83922924702653,nan,0.4268,0.09033,0.0,0.0,0.0,0.0,0.0,0.0,0.0,0.0,0.0,0.0,0.0,0.0,0.0,0.0,0.0,0.0,0.0,2.055076037813399e-05,0.0,0.0010069872585285655,5.1376900945334976e-05,0.0005754212905877518,0.002887381833127826,0.004007398273736128,0.0036272092067406495,0.008621043978627209,0.004541718043567612,0.014734895191122071,0.017149609535552817,0.002897657213316893,0.009330045211672832,0.023345663789560215,0.03705302096177559,0.03439169749280723,0.04155363748458693,0.0363029182079737,0.030404849979449238,0.04920879572544184,0.06175503493629264,0.04367036580353473,0.050349362926428276,0.022646937936703658,0.01757090012330456,0.04414303329223181,0.012566789971228936,0.017324290998766954,0.03545006165228114,0.04822235922729141,0.052589395807644886,0.026787916152897658,0.04324907521578299,0.011600904233456638,0.014118372379778052,0.0510891903000411,0.009874640361693382,0.029531442663378545,0.02213316892725031,0.005086313193588163,0.014960953555281545,0.00854911631730374,0.011775585696670776,0.0040587751746814634,0.004305384299219071,0.0005754212905877518,0.010511713933415536,0.0035963830661734485,0.0,4.110152075626798e-05,0.00013357994245787093,2.055076037813399e-05,0.0,0.0,0.0,0.0,0.0,0.0,0.0,0.0,0.0,0.0,0.0,0.0,0.0,0.0,0.0,0.0,0.0,0.0,0.0,0.0,0.0,0.0,0.0,0.0,0.0,0.0,0.0,0.0,0.0,0.0,0.0,nan,nan,4.216510903426792,2.83922924702653,nan,0.8600077721377334,0.03489216871088095,0.0,0.0,0.0,0.0,0.0,0.0,0.0,0.0,0.0,0.0,0.0,0.0,0.0,0.0,0.0,0.0,0.0,0.0,0.0,0.0,0.0,0.03610108303249098,0.19253910950661857,0.9145607701564351,4.620938628158846,12.322503008423588,8.543922984356199,2.5992779783393507,0.5535499398315283,0.2166064981949459,0.8609654614556654,0.033753111302901886,0.0,0.0,0.0,0.0,0.0,0.0,0.0,0.0,0.0,0.0,0.0,0.0,0.0,0.0,0.0,0.0,0.0,0.0,0.0,0.0,0.0,0.02528445006321113,0.1896333754740835,0.7585335018963314,4.412136536030342,12.338811630847033,9.102402022756007,2.4905183312262964,0.5056890012642226,0.17699115044247793,0.4268,0.01782,0.0,0.0,0.0,0.0,0.0,0.0,0.0,0.0,0.0,0.0,0.0,1.8892900120336917,17.184115523465707,10.469314079422386,0.4572803850782191,0.0,0.0,0.0,0.0,0.0,0.0,0.0,0.0,0.0,0.0,0.0,0.0,0.0,0.0,0.0,0.4268,0.01764,0.0,0.0,0.0,0.0,0.0,0.0,0.0,0.0,0.0,0.0,0.012642225031605565,1.8710493046776207,17.44627054361568,10.240202275600508,0.4298356510745892,0.0,0.0,0.0,0.0,0.0,0.0,0.0,0.0,0.0,0.0,0.0,0.0,0.0,0.0,0.0
37900,4758,2433,0.5113493064312736,1108,972,0.4371584699453552,1324,0.5565363598150483,0.47,3.0219354838709678,3.092125363670573,6.55786350148368,2.143322846446173,6649.800000000001,9.094947017729282e-13,6649.8,6649.8,6649.800000000001,9.094947017729282e-13,6649.800000000002,1.8189894035458565e-12,28.12274064733081,21.08733176689431,33.15872617853561,19.31826123733574,0.13892391761244222,0.10298444724674233,0.09163514081546868,0.08154686843211434,0.0842791088692728,0.0748213535098781,0.06977721731820093,0.057587221521647754,0.058638083228247165,0.052122740647330815,0.04623791509037411,0.043085329970575875,0.031525851197982346,0.028793610760823877,0.020596889449348465,0.011349306431273645,0.006094997898276587,0.8602964142231743,0.033889724926829116,0.0,0.0,0.0,0.0,0.0,0.0,0.0,0.0,0.0,0.0,0.0,0.0,0.0,0.0,0.0,0.0,0.0,0.0,0.0,0.0,0.006305170239596471,0.01891551071878941,0.1261034047919294,0.8511979823455207,4.615384615384616,12.383354350567469,8.833543505674655,2.414880201765448,0.5737704918032788,0.17654476670870117,4.31168407310705,2.830119480899934,4.75,1.6393596310755,1.1016577094845204,4.411263916175508,2.818421748604538,4.214146658014276,2.8359117738628377,0.9553150158532957,0.4277,0.01814,0.0,0.0,0.0,0.0,0.0,0.0,0.0,0.0,0.0,0.0,0.01891551071878941,1.8663303909205522,16.929382093316523,10.636822194199246,0.548549810844893,0.0,0.0,0.0,0.0,0.0,0.0,0.0,0.0,0.0,0.0,0.0,0.0,0.0,0.0,0.0,nan,nan,4.3122555410691,2.828937541085183,nan,0.4277,0.09045,0.0,0.0,0.0,0.0,0.0,0.0,0.0,0.0,0.0,0.0,0.0,0.0,0.0,0.0,0.0,0.0,4.203446826397646e-05,0.0,0.0,0.001282051282051282,8.406893652795292e-05,0.0005569567044976881,0.0025220680958385876,0.004970575872215216,0.004087852038671711,0.008806221101303068,0.004234972677595628,0.01355611601513241,0.01460697772173182,0.003278688524590164,0.009709962168978563,0.02305590584279109,0.03564522908785204,0.03509878100042035,0.03941782261454393,0.03788356452290879,0.031883144178226144,0.04608028583438419,0.0651639344262295,0.042118537200504416,0.049495586380832284,0.02265657839428331,0.016813787305590584,0.0444619588062211,0.011591004623791508,0.017454812946616226,0.03847204707860446,0.04794031105506515,0.0532051282051282,0.026261034047919293,0.04440941572089113,0.010834384195039933,0.014712063892391762,0.048224043715846994,0.010193358554014292,0.030832282471626733,0.02257250945775536,0.005926860025220681,0.01435477091214796,0.008974358974358974,0.012084909625893233,0.0048234552332912985,0.0058848255569567045,0.0005779739386296763,0.009815048339638503,0.0029529213955443463,3.1525851197982345e-05,8.406893652795292e-05,0.00022068095838587642,4.203446826397646e-05,1.0508617065994115e-05,0.0,0.0,0.0,0.0,0.0,0.0,0.0,0.0,0.0,0.0,0.0,0.0,0.0,0.0,0.0,0.0,0.0,0.0,0.0,0.0,0.0,0.0,0.0,0.0,0.0,0.0,0.0,0.0,0.0,0.0,nan,nan,4.3122555410691,2.828937541085183,nan,0.8598951040302046,0.03371917403481335,0.0,0.0,0.0,0.0,0.0,0.0,0.0,0.0,0.0,0.0,0.0,0.0,0.0,0.0,0.0,0.0,0.0,0.0,0.0,0.0,0.0,0.012330456226880398,0.16029593094944516,0.7768187422934625,4.586929716399507,12.72503082614057,8.557336621454995,2.429099876695438,0.5918618988902591,0.16029593094944516,0.8607163659218819,0.03406222167774836,0.0,0.0,0.0,0.0,0.0,0.0,0.0,0.0,0.0,0.0,0.0,0.0,0.0,0.0,0.0,0.0,0.0,0.0,0.0,0.0,0.012903225806451616,0.025806451612903233,0.09032258064516131,0.9290322580645132,4.645161290322582,12.025806451612906,9.122580645161293,2.4000000000000004,0.5548387096774194,0.19354838709677424,0.4275,0.018,0.0,0.0,0.0,0.0,0.0,0.0,0.0,0.0,0.0,0.0,0.024660912453760796,1.738594327990133,17.237977805178794,10.468557336621458,0.5302096177558571,0.0,0.0,0.0,0.0,0.0,0.0,0.0,0.0,0.0,0.0,0.0,0.0,0.0,0.0,0.0,0.4277,0.0183,0.0,0.0,0.0,0.0,0.0,0.0,0.0,0.0,0.0,0.0,0.012903225806451616,1.9999999999999973,16.60645161290323,10.812903225806455,0.5677419354838711,0.0,0.0,0.0,0.0,0.0,0.0,0.0,0.0,0.0,0.0,0.0,0.0,0.0,0.0,0.0
38000,4938,2503,0.5068853786958283,1193,1024,0.4489671931956258,1433,0.5803969218307007,0.45399999999999996,3.013141683778234,3.088002847752667,6.5596072931276295,2.128322562143779,6649.800000000001,9.094947017729282e-13,6649.8,6649.8,6649.800000000002,1.8189894035458565e-12,6649.800000000001,9.094947017729282e-13,27.673754556500608,20.662985626675695,32.55327868852459,18.942836567810335,0.1381125961927906,0.10145808019441069,0.0955852571891454,0.08849736735520454,0.08525718914540299,0.07249898744430944,0.06520858647225597,0.06541109761036858,0.056500607533414335,0.05629809639530174,0.04495747266099635,0.03948967193195626,0.03321182665046578,0.02551640340218712,0.016808424463345482,0.009315512353179425,0.005872823005265289,0.8608714972927098,0.034208431126859944,0.0,0.0,0.0,0.0,0.0,0.0,0.0,0.0,0.0,0.0,0.0,0.0,0.0,0.0,0.0,0.0,0.0,0.0,0.0,0.0,0.0,0.02430133657351155,0.14580801944106928,0.8262454434993899,4.635479951397327,12.029161603888216,9.131227217496964,2.454434993924666,0.5589307411907656,0.1944106925880924,4.300252047889099,2.8575097996879104,3.0,2.5071326821120348,0.6976335262656604,4.310956301456618,2.889600542591862,4.284019975031211,2.825310398176269,0.9937516586711155,0.4277,0.01811,0.0,0.0,0.0,0.0,0.0,0.0,0.0,0.0,0.0,0.0,0.02430133657351155,1.7922235722964737,16.859052247873635,10.905224787363307,0.4191980558930742,0.0,0.0,0.0,0.0,0.0,0.0,0.0,0.0,0.0,0.0,0.0,0.0,0.0,0.0,0.0,nan,nan,4.297390757623389,2.8574355946736096,nan,0.4277,0.08997,0.0,0.0,0.0,0.0,0.0,0.0,0.0,0.0,0.0,0.0,0.0,0.0,0.0,0.0,0.0,0.0,5.062778452814905e-05,0.0,2.025111381125962e-05,0.0015188335358444715,5.062778452814905e-05,0.0004961522883758607,0.002571891454029972,0.005032401782098015,0.004424868367760227,0.007260024301336573,0.0036452004860267314,0.013537869582827055,0.014763061968408263,0.003614823815309842,0.009730660186310247,0.021516808424463345,0.03715066828675577,0.03321182665046578,0.04018833535844472,0.04024908869987849,0.03097407857432159,0.043448764682057515,0.06556298096395302,0.04247671121911705,0.04951397326852977,0.02288375860672337,0.016160388821385176,0.04792426083434589,0.01067233697853382,0.018803159173754556,0.03779870392871608,0.048825435398946945,0.053938841636289994,0.02493924665856622,0.04675982179019846,0.00954840016200891,0.015492102065613609,0.04739773187525314,0.009214256784123126,0.03185500202511138,0.02235722964763062,0.006571486431753746,0.014428918590522479,0.009781287970838395,0.009771162413932766,0.005113406237343054,0.004981773997569866,0.0007189145402997165,0.009315512353179425,0.003300931551235318,6.075334143377886e-05,0.0,0.00024301336573511544,5.062778452814905e-05,8.100445524503848e-05,0.0,0.0,0.0,0.0,0.0,0.0,0.0,0.0,0.0,0.0,0.0,0.0,0.0,0.0,0.0,0.0,0.0,0.0,0.0,0.0,0.0,0.0,0.0,0.0,0.0,0.0,0.0,0.0,0.0,0.0,nan,nan,4.297390757623389,2.8574355946736096,nan,0.8606888990472709,0.0344991404365373,0.0,0.0,0.0,0.0,0.0,0.0,0.0,0.0,0.0,0.0,0.0,0.0,0.0,0.0,0.0,0.0,0.0,0.0,0.0,0.0,0.0,0.03595685177786657,0.14382740711146627,0.8270075908909283,4.866160607271275,11.865761086695969,8.977227327207352,2.4810227726727936,0.6232520974830206,0.17978425888933286,0.8610591947909988,0.03390598077523133,0.0,0.0,0.0,0.0,0.0,0.0,0.0,0.0,0.0,0.0,0.0,0.0,0.0,0.0,0.0,0.0,0.0,0.0,0.0,0.0,0.0,0.012320328542094458,0.1478439425051335,0.825462012320326,4.398357289527722,12.197125256673514,9.28952772073922,2.4271047227926084,0.4928131416837783,0.2094455852156058,0.4277,0.01816,0.0,0.0,0.0,0.0,0.0,0.0,0.0,0.0,0.0,0.0,0.023971234518577713,1.8218138234119032,16.707950459448664,11.01478226128646,0.4314822213343988,0.0,0.0,0.0,0.0,0.0,0.0,0.0,0.0,0.0,0.0,0.0,0.0,0.0,0.0,0.0,0.4277,0.01807,0.0,0.0,0.0,0.0,0.0,0.0,0.0,0.0,0.0,0.0,0.024640657084188916,1.7618069815195045,17.014373716632445,10.792607802874747,0.40657084188911713,0.0,0.0,0.0,0.0,0.0,0.0,0.0,0.0,0.0,0.0,0.0,0.0,0.0,0.0,0.0
38100,4838,2524,0.5217031831335263,1160,1002,0.4468788755684167,1378,0.569656883009508,0.44999999999999996,3.0164217804667244,3.025487808432296,6.414670658682635,2.0378661742687885,6649.800000000002,1.8189894035458565e-12,6649.8,6649.8,6649.800000000001,9.094947017729282e-13,6649.800000000001,9.094947017729282e-13,27.662670525010334,20.71320072389495,32.686851211072664,18.92659703316122,0.1430343116990492,0.10148821827201322,0.09404712691194708,0.08495245969408846,0.07978503513848698,0.0725506407606449,0.0704836709384043,0.06717651922281935,0.059528730880529145,0.049607275733774284,0.04361306324927656,0.0434063662670525,0.033484911120297646,0.025010334849111204,0.016742455560148823,0.00826787928896238,0.006821000413393965,0.8613598628594098,0.03399002519128923,0.0,0.0,0.0,0.0,0.0,0.0,0.0,0.0,0.0,0.0,0.0,0.0,0.0,0.0,0.0,0.0,0.0,0.0,0.0,0.0,0.0,0.012401818933443574,0.15502273666804467,0.8557255064076038,4.266225713104589,11.973956180239771,9.667217858619265,2.3377428689541135,0.48987184787102117,0.24183546920214968,4.290468497576737,2.789888783643188,2.125,1.2686114456365274,0.49528390692070184,4.290897517504774,2.7901413047795156,4.278720626631854,2.788214928682894,0.9971621576084619,0.4285,0.01898,0.0,0.0,0.0,0.0,0.0,0.0,0.0,0.0,0.0,0.0,0.01860272840016536,1.9904919388176903,16.196775527077307,11.037618850764781,0.756510954940058,0.0,0.0,0.0,0.0,0.0,0.0,0.0,0.0,0.0,0.0,0.0,0.0,0.0,0.0,0.0,nan,nan,4.284885594585885,2.7891970329157574,nan,0.4285,0.0904,0.0,0.0,0.0,0.0,0.0,0.0,0.0,0.0,0.0,0.0,0.0,0.0,0.0,0.0,0.0,0.0,8.267879288962381e-05,0.0,4.133939644481191e-05,0.0019016122364613477,0.0,0.0006097560975609756,0.0023253410500206698,0.005146754857379083,0.00531211244315833,0.007058701942951633,0.0028834229020256305,0.013786688714344771,0.01565729640347251,0.0028317486564696155,0.009363373294749896,0.021775527077304672,0.035913600661430345,0.034880115750310046,0.03871434477056635,0.03978916907813146,0.032699462587846215,0.040863993385696566,0.06038652335675899,0.0427035965274907,0.050423728813559325,0.025640760644894584,0.01659776767259198,0.04744729226953286,0.009952459694088466,0.019295163290615956,0.038032244729226956,0.04892517569243489,0.05565316246382803,0.02315006200909467,0.04689954526663911,0.010810252170318313,0.017445225299710623,0.04630012401818934,0.009466721785861927,0.03166597767672592,0.02173418768085986,0.006583298883836296,0.014913187267465895,0.00996279454319967,0.009353038445638694,0.0050434063662670526,0.005126085159156676,0.0007027697395618024,0.009456386936750723,0.004195948739148409,8.267879288962381e-05,0.0,0.0002480363786688714,5.167424555601488e-05,0.00011368334022323274,0.0,0.0,0.0,0.0,0.0,0.0,0.0,0.0,0.0,0.0,0.0,0.0,0.0,0.0,0.0,0.0,0.0,0.0,0.0,0.0,0.0,0.0,0.0,0.0,0.0,0.0,0.0,0.0,0.0,0.0,nan,nan,4.284885594585885,2.7891970329157574,nan,0.8609166329759048,0.03395840095584032,0.0,0.0,0.0,0.0,0.0,0.0,0.0,0.0,0.0,0.0,0.0,0.0,0.0,0.0,0.0,0.0,0.0,0.0,0.0,0.0,0.0,0.011885895404120446,0.14263074484944535,0.8914421553090306,4.397781299524565,11.885895404120447,9.627575277337561,2.3296354992076074,0.4992076069730587,0.21394611727416804,0.8618433167167852,0.03401790161115465,0.0,0.0,0.0,0.0,0.0,0.0,0.0,0.0,0.0,0.0,0.0,0.0,0.0,0.0,0.0,0.0,0.0,0.0,0.0,0.0,0.0,0.012964563526361283,0.16853932584269668,0.816767502160758,4.122731201382887,12.070008643042353,9.7104580812446,2.346585998271392,0.4796888504753674,0.2722558340535869,0.4282,0.01898,0.0,0.0,0.0,0.0,0.0,0.0,0.0,0.0,0.0,0.0,0.03565768621236134,2.056259904912834,16.093502377179085,11.137083993660859,0.6774960380348655,0.0,0.0,0.0,0.0,0.0,0.0,0.0,0.0,0.0,0.0,0.0,0.0,0.0,0.0,0.0,0.4285,0.01898,0.0,0.0,0.0,0.0,0.0,0.0,0.0,0.0,0.0,0.0,0.0,1.9187554019014665,16.30942091616249,10.929127052722562,0.8426966292134833,0.0,0.0,0.0,0.0,0.0,0.0,0.0,0.0,0.0,0.0,0.0,0.0,0.0,0.0,0.0
38200,4516,2307,0.5108503100088574,1036,926,0.4344552701505757,1252,0.5544729849424269,0.486,2.972838388411046,3.077273276924115,6.67001675041876,1.9670626605696107,6649.800000000002,1.8189894035458565e-12,6649.8,6649.8,6649.800000000001,9.094947017729282e-13,6649.800000000001,9.094947017729282e-13,27.5715234720992,20.836237223816255,32.51282051282051,19.163218746788846,0.14105403011514614,0.10606731620903455,0.09610274579273693,0.08879539415411869,0.07617360496014172,0.07440212577502214,0.06997342781222321,0.05868024800708592,0.0566873339238264,0.05115146147032772,0.047829937998228524,0.04052258635961027,0.0316651904340124,0.02590788308237378,0.01904340124003543,0.010850310008857396,0.005093002657218778,0.8591627149823706,0.034386753030988065,0.0,0.0,0.0,0.0,0.0,0.0,0.0,0.0,0.0,0.0,0.0,0.0,0.0,0.0,0.0,0.0,0.0,0.0,0.0,0.0,0.0,0.01992914083259522,0.23914968999114267,1.0163861824623528,4.7497785651018605,11.964127546501333,9.054472984942429,2.318423383525244,0.5048715677590789,0.13286093888396813,4.387244538407329,2.827394072608526,2.3636363636363638,2.267266166061805,0.538751907477311,4.405536332179931,2.777113049963683,4.352564102564102,2.879646717958617,0.9879759862087852,0.4268,0.01816,0.0,0.0,0.0,0.0,0.0,0.0,0.0,0.0,0.0,0.0,0.0066430469441984075,2.099202834366693,16.853410097431357,10.655447298494245,0.3852967227635076,0.0,0.0,0.0,0.0,0.0,0.0,0.0,0.0,0.0,0.0,0.0,0.0,0.0,0.0,0.0,nan,nan,4.379431379431379,2.828230713919914,nan,0.4268,0.0902,0.0,0.0,0.0,0.0,0.0,0.0,0.0,0.0,0.0,0.0,0.0,0.0,0.0,0.0,0.0,0.0,1.1071744906997343e-05,0.0,0.0,0.0017604074402125774,0.0,0.0005757307351638619,0.0025686448184233835,0.005403011514614703,0.006631975199291408,0.00866917626217892,0.0020925597874224978,0.013064658990256864,0.016054030115146146,0.0028565101860053145,0.00975420726306466,0.021313108945969887,0.037057130203720104,0.03608281665190434,0.04088795394154119,0.03572852081488043,0.033071302037201065,0.04366696191319752,0.06226749335695306,0.04193976970770594,0.048461027457927366,0.026339681133746677,0.017847652790079716,0.0470881310894597,0.010385296722763507,0.018268379096545617,0.03896147032772365,0.04993356953055802,0.05529229406554473,0.02171169176262179,0.04413197519929141,0.012599645704162976,0.018855181576616475,0.04429805137289637,0.00933348095659876,0.03054694419840567,0.020017714791851195,0.006687333923826395,0.014758635961027458,0.009986713906111604,0.008492028343666962,0.004949069973427812,0.005336581045172719,0.0009743135518157661,0.00933348095659876,0.0037643932683790967,7.75022143489814e-05,0.0,7.75022143489814e-05,2.2143489813994687e-05,1.1071744906997343e-05,0.0,0.0,0.0,0.0,0.0,0.0,0.0,0.0,0.0,0.0,0.0,0.0,0.0,0.0,0.0,0.0,0.0,0.0,0.0,0.0,0.0,0.0,0.0,0.0,0.0,0.0,0.0,0.0,0.0,0.0,nan,nan,4.379431379431379,2.828230713919914,nan,0.8584786816029824,0.03404696002073068,0.0,0.0,0.0,0.0,0.0,0.0,0.0,0.0,0.0,0.0,0.0,0.0,0.0,0.0,0.0,0.0,0.0,0.0,0.0,0.0,0.0,0.013003901170351108,0.26007802340702213,1.170351105331596,4.421326397919376,12.32769830949285,8.907672301690509,2.4057217165149547,0.42912873862158657,0.06501950585175553,0.8598770947950681,0.03472369064061252,0.0,0.0,0.0,0.0,0.0,0.0,0.0,0.0,0.0,0.0,0.0,0.0,0.0,0.0,0.0,0.0,0.0,0.0,0.0,0.0,0.0,0.027161611588954283,0.21729289271163427,0.8555907650520571,5.092802172928928,11.584427342689002,9.207786328655502,2.2272521502942513,0.5839746491625171,0.20371208691715714,0.427,0.01808,0.0,0.0,0.0,0.0,0.0,0.0,0.0,0.0,0.0,0.0,0.0,1.950585175552663,17.087126137841356,10.57217165149545,0.39011703511053325,0.0,0.0,0.0,0.0,0.0,0.0,0.0,0.0,0.0,0.0,0.0,0.0,0.0,0.0,0.0,0.4265,0.01822,0.0,0.0,0.0,0.0,0.0,0.0,0.0,0.0,0.0,0.0,0.013580805794477142,2.254413761883202,16.609325486645545,10.742417383431418,0.38026256224536,0.0,0.0,0.0,0.0,0.0,0.0,0.0,0.0,0.0,0.0,0.0,0.0,0.0,0.0,0.0
38300,4820,2431,0.504356846473029,1122,1023,0.4450207468879668,1384,0.5742738589211618,0.45799999999999996,2.887400586019255,3.044301799094144,6.521472392638037,2.01097425740902,6649.800000000001,9.094947017729282e-13,6649.8,6649.8,6649.800000000002,1.8189894035458565e-12,6649.800000000001,9.094947017729282e-13,27.52365145228216,20.831722058637087,32.47783007183552,19.142913659411132,0.14315352697095435,0.0979253112033195,0.0954356846473029,0.0946058091286307,0.08464730290456432,0.07219917012448132,0.06784232365145228,0.05892116182572614,0.06037344398340249,0.046473029045643155,0.04253112033195021,0.04024896265560166,0.03609958506224066,0.025933609958506226,0.017634854771784232,0.009128630705394191,0.006846473029045643,0.8594021089591426,0.03461422800965837,0.0,0.0,0.0,0.0,0.0,0.0,0.0,0.0,0.0,0.0,0.0,0.0,0.0,0.0,0.0,0.0,0.0,0.0,0.0,0.0,0.0,0.02489626556016598,0.2240663900414938,0.958506224066387,4.87344398340249,11.975103734439838,8.86929460580913,2.3464730290456437,0.5539419087136931,0.17427385892116187,4.324113244386593,2.847186381748636,4.666666666666667,2.6874192494328497,1.0792193457756372,4.4509043927648575,2.8967223674462472,4.197256694970608,2.7898795918897465,0.9430120992473877,0.4268,0.01797,0.0,0.0,0.0,0.0,0.0,0.0,0.0,0.0,0.0,0.0,0.0,1.9605809128630678,17.40248962655602,10.201244813278011,0.4356846473029047,0.0,0.0,0.0,0.0,0.0,0.0,0.0,0.0,0.0,0.0,0.0,0.0,0.0,0.0,0.0,nan,nan,4.324780772978239,2.846923846960708,nan,0.4268,0.0899,0.0,0.0,0.0,0.0,0.0,0.0,0.0,0.0,0.0,0.0,0.0,0.0,0.0,0.0,0.0,0.0,0.0,0.0,0.0,0.002396265560165975,3.112033195020747e-05,0.0007883817427385892,0.0018464730290456432,0.0047199170124481325,0.005964730290456431,0.009356846473029045,0.0015871369294605808,0.01362033195020747,0.014325726141078838,0.0029149377593360995,0.00900414937759336,0.021773858921161824,0.034813278008298754,0.03858921161825726,0.04351659751037344,0.035404564315352695,0.03317427385892116,0.046618257261410785,0.06308091286307053,0.03981327800829876,0.04551867219917013,0.025394190871369293,0.020155601659751037,0.04929460580912863,0.010881742738589212,0.017188796680497925,0.03822614107883818,0.04943983402489627,0.05612033195020747,0.019885892116182573,0.044346473029045645,0.011504149377593361,0.019771784232365145,0.04636929460580913,0.0091701244813278,0.030446058091286306,0.019107883817427385,0.007894190871369295,0.013184647302904565,0.010072614107883817,0.007593360995850623,0.005020746887966805,0.005726141078838174,0.0010269709543568465,0.009771784232365145,0.0033402489626556016,9.336099585062241e-05,1.037344398340249e-05,0.0001037344398340249,0.0,0.0,0.0,0.0,0.0,0.0,0.0,0.0,0.0,0.0,0.0,0.0,0.0,0.0,0.0,0.0,0.0,0.0,0.0,0.0,0.0,0.0,0.0,0.0,0.0,0.0,0.0,0.0,0.0,0.0,0.0,0.0,nan,nan,4.324780772978239,2.846923846960708,nan,0.860378848873799,0.03495202402618051,0.0,0.0,0.0,0.0,0.0,0.0,0.0,0.0,0.0,0.0,0.0,0.0,0.0,0.0,0.0,0.0,0.0,0.0,0.0,0.0,0.0,0.03702180172768409,0.19744960921431515,0.9625668449197831,4.689428218839985,11.871657754010698,9.020979020979022,2.4187577128753603,0.6293706293706295,0.17276840806252575,0.858408197392575,0.03423848412272082,0.0,0.0,0.0,0.0,0.0,0.0,0.0,0.0,0.0,0.0,0.0,0.0,0.0,0.0,0.0,0.0,0.0,0.0,0.0,0.0,0.0,0.012557555462536629,0.2511511092507326,0.9543742151527805,5.060694851402261,12.080368354960237,8.71494349100042,2.27291753871913,0.4771871075763919,0.17580577647551282,0.4263,0.01784,0.0,0.0,0.0,0.0,0.0,0.0,0.0,0.0,0.0,0.0,0.0,2.023858494446727,17.77046482928836,9.773755656108598,0.4319210201563144,0.0,0.0,0.0,0.0,0.0,0.0,0.0,0.0,0.0,0.0,0.0,0.0,0.0,0.0,0.0,0.4272,0.01811,0.0,0.0,0.0,0.0,0.0,0.0,0.0,0.0,0.0,0.0,0.0,1.8961908748430278,17.028045207199668,10.636249476768526,0.439514441188782,0.0,0.0,0.0,0.0,0.0,0.0,0.0,0.0,0.0,0.0,0.0,0.0,0.0,0.0,0.0
38400,4901,2483,0.506631299734748,1161,1033,0.44766374209345033,1412,0.5762089369516425,0.45799999999999996,2.9710504549214227,3.040665489977045,6.537404580152672,2.041864732152084,6649.800000000001,9.094947017729282e-13,6649.8,6649.8,6649.800000000002,1.8189894035458565e-12,6649.800000000002,1.8189894035458565e-12,28.035502958579883,21.02767689910975,33.173796137863604,19.217161566976234,0.14058355437665782,0.10242807590287696,0.09202203631911855,0.08365639665374414,0.07916751683329933,0.07345439706182412,0.07141399714344011,0.0624362375025505,0.0595796776168129,0.04958171801673128,0.048765558049377676,0.03713527851458886,0.034686798612528054,0.03060599877576005,0.01754743929810243,0.010406039583758417,0.0065292797388288104,0.8581650770700505,0.03294456931875639,0.0,0.0,0.0,0.0,0.0,0.0,0.0,0.0,0.0,0.0,0.0,0.0,0.0,0.0,0.0,0.0,0.0,0.0,0.0,0.0,0.006121199755152011,0.018363599265456033,0.22648439094062442,0.9426647622934066,4.701081411956745,12.585186696592535,8.912466843501328,2.1424199143032037,0.3611507855539687,0.1040603958375842,4.315372424722662,2.746627636138713,4.714285714285714,2.3123448651769496,1.0924400608572478,4.340764331210191,2.7262221688422557,4.289126335637963,2.7631181756395575,0.9881039393912843,0.4272,0.01782,0.0,0.0,0.0,0.0,0.0,0.0,0.0,0.0,0.0,0.0,0.006121199755152011,1.8608447255662084,17.096510916139568,10.595796776168132,0.4407263823709448,0.0,0.0,0.0,0.0,0.0,0.0,0.0,0.0,0.0,0.0,0.0,0.0,0.0,0.0,0.0,nan,nan,4.316255534471853,2.745806097964314,nan,0.4272,0.0896,0.0,0.0,0.0,0.0,0.0,0.0,0.0,0.0,0.0,0.0,0.0,0.0,0.0,0.0,0.0,0.0,0.0,0.0,0.0,0.0023260559069577637,0.0,0.0009181799632728015,0.0014486839420526424,0.0047235258110589675,0.005825341766986329,0.009661293613548255,0.0010508059579677617,0.01323199347072026,0.013905325443786982,0.0028565598857376046,0.009712303611507855,0.021026321158947155,0.03323811467047541,0.03862477045500918,0.04224648031014079,0.036033462558661494,0.03089165476433381,0.04628647214854111,0.06431340542746378,0.040379514384819425,0.04777596408896144,0.026525198938992044,0.020761069169557233,0.05100999795960008,0.010365231585390737,0.017425015302999388,0.03590083656396654,0.0495919200163232,0.05907977963680881,0.020383595184656194,0.04321567027137319,0.010946745562130178,0.01947561722097531,0.046164048153438074,0.007926953682921853,0.029075698836972048,0.020057131197714753,0.009355233625790655,0.013150377473984901,0.010518261579269536,0.0067333197306672105,0.005498877780044889,0.005672311773107529,0.0010099979596000816,0.010344827586206896,0.003142215874311365,0.00010201999591920016,0.0,9.181799632728015e-05,0.0,0.0,0.0,0.0,0.0,0.0,0.0,0.0,0.0,0.0,0.0,0.0,0.0,0.0,0.0,0.0,0.0,0.0,0.0,0.0,0.0,0.0,0.0,0.0,0.0,0.0,0.0,0.0,0.0,0.0,0.0,0.0,nan,nan,4.316255534471853,2.745806097964314,nan,0.8582384557048016,0.03264316131318902,0.0,0.0,0.0,0.0,0.0,0.0,0.0,0.0,0.0,0.0,0.0,0.0,0.0,0.0,0.0,0.0,0.0,0.0,0.0,0.0,0.01208215867901732,0.01208215867901732,0.21747885622231178,0.9544905356423652,4.68787756745872,12.420459122029806,9.206604913411198,2.0660491341119616,0.33830044301248496,0.08457511075312124,0.8580897258913547,0.033251068005295176,0.0,0.0,0.0,0.0,0.0,0.0,0.0,0.0,0.0,0.0,0.0,0.0,0.0,0.0,0.0,0.0,0.0,0.0,0.0,0.0,0.0,0.024813895781637722,0.23573200992555837,0.9305210918114115,4.714640198511167,12.75434243176179,8.610421836228289,2.220843672456576,0.3846153846153847,0.1240694789081886,0.4272,0.01772,0.0,0.0,0.0,0.0,0.0,0.0,0.0,0.0,0.0,0.0,0.01208215867901732,1.8123238018525951,17.26540475231575,10.523560209424087,0.38662907772855426,0.0,0.0,0.0,0.0,0.0,0.0,0.0,0.0,0.0,0.0,0.0,0.0,0.0,0.0,0.0,0.4272,0.01794,0.0,0.0,0.0,0.0,0.0,0.0,0.0,0.0,0.0,0.0,0.0,1.9106699751861016,16.923076923076927,10.669975186104221,0.4962779156327544,0.0,0.0,0.0,0.0,0.0,0.0,0.0,0.0,0.0,0.0,0.0,0.0,0.0,0.0,0.0
38500,5022,2603,0.5183193946634806,1244,1021,0.45101553166069297,1421,0.5659099960175229,0.44999999999999996,2.9040926002480365,2.9859634061903217,6.33925925925926,2.0831989750913555,6649.800000000002,1.8189894035458565e-12,6649.8,6649.8,6649.800000000001,9.094947017729282e-13,6649.800000000001,9.094947017729282e-13,27.917960971724412,20.76941065463175,32.8446394686907,19.025844046012416,0.13739545997610514,0.1039426523297491,0.08900836320191159,0.08641975308641975,0.08323377140581442,0.07029072082835523,0.07726005575467941,0.0641178813221824,0.053763440860215055,0.05854241338112306,0.039824771007566706,0.04400637196336121,0.03345280764635603,0.026682596575069693,0.014336917562724014,0.011549183592194345,0.006172839506172839,0.8589678758859919,0.03439188524191416,0.0,0.0,0.0,0.0,0.0,0.0,0.0,0.0,0.0,0.0,0.0,0.0,0.0,0.0,0.0,0.0,0.0,0.0,0.0,0.005973715651135007,0.01792114695340502,0.011947431302270014,0.19713261648745525,0.943847072879328,4.946236559139787,12.270011947431305,8.64994026284349,2.2580645161290325,0.5436081242532856,0.1553166069295102,4.259659969088099,2.7995299686055986,4.714285714285714,1.5779087167410373,1.1067281774828945,4.24472049689441,2.794357682861343,4.276348039215686,2.8006003201775345,1.0074510306024662,0.426,0.01811,0.0,0.0,0.0,0.0,0.0,0.0,0.0,0.0,0.0,0.0,0.01792114695340502,2.258064516129029,17.401433691756274,10.011947431302273,0.3106332138590204,0.0,0.0,0.0,0.0,0.0,0.0,0.0,0.0,0.0,0.0,0.0,0.0,0.0,0.0,0.0,nan,nan,4.260641579272054,2.797546617588388,nan,0.426,0.0895,0.0,0.0,0.0,0.0,0.0,0.0,0.0,0.0,0.0,0.0,0.0,0.0,0.0,0.0,0.0,0.0,0.0,9.956192751891677e-06,0.0,0.0024790919952210277,9.956192751891677e-06,0.0010553564317005177,0.00172242134607726,0.0047789725209080045,0.006471525288729589,0.01062325766626842,0.001294305057745918,0.012017124651533253,0.012992831541218637,0.002578653922739944,0.009866587017124652,0.02114695340501792,0.03375149342891278,0.03985463958582238,0.04261250497809638,0.03855037833532457,0.028365193150139387,0.049024293110314615,0.06538231780167264,0.04008363201911589,0.0484468339307049,0.025796495420151333,0.019344882516925527,0.05157307845479889,0.010872162485065711,0.01685583432895261,0.0344484269215452,0.05000995619275189,0.0594484269215452,0.020718837116686577,0.04362803663878933,0.009936280366387893,0.017264038231780167,0.047301871764237356,0.008403026682596576,0.028295499800876145,0.018787335722819595,0.009956192751891677,0.014187574671445638,0.009099960175228992,0.006262445240939865,0.004360812425328554,0.0054559936280366384,0.0012046993229788928,0.010593389088012745,0.0028972520908004777,8.960573476702509e-05,0.0,8.960573476702509e-05,0.0,0.0,0.0,0.0,0.0,0.0,0.0,0.0,0.0,0.0,0.0,0.0,0.0,0.0,0.0,0.0,0.0,0.0,0.0,0.0,0.0,0.0,0.0,0.0,0.0,0.0,0.0,0.0,0.0,0.0,0.0,0.0,nan,nan,4.260641579272054,2.797546617588388,nan,0.859570459865214,0.035125783525852355,0.0,0.0,0.0,0.0,0.0,0.0,0.0,0.0,0.0,0.0,0.0,0.0,0.0,0.0,0.0,0.0,0.0,0.0,0.0,0.011525163273146372,0.011525163273146372,0.011525163273146372,0.23050326546292743,1.03726469458317,4.66769112562428,12.26277372262774,8.678447944679217,2.2819823280829814,0.6338839800230505,0.17287744909719557,0.8583194566640345,0.033572175558693906,0.0,0.0,0.0,0.0,0.0,0.0,0.0,0.0,0.0,0.0,0.0,0.0,0.0,0.0,0.0,0.0,0.0,0.0,0.0,0.0,0.02480363786688715,0.012401818933443574,0.16122364613476647,0.8433236874741602,5.245969408846633,12.27780074410914,8.619264158743285,2.2323274080198434,0.44646548160396865,0.1364200082678793,0.4263,0.01788,0.0,0.0,0.0,0.0,0.0,0.0,0.0,0.0,0.0,0.0,0.011525163273146372,2.1321552055320754,17.54129850172878,9.94621590472532,0.3688052247406839,0.0,0.0,0.0,0.0,0.0,0.0,0.0,0.0,0.0,0.0,0.0,0.0,0.0,0.0,0.0,0.4258,0.01836,0.0,0.0,0.0,0.0,0.0,0.0,0.0,0.0,0.0,0.0,0.02480363786688715,2.393551054154606,17.25093013642001,10.082678792889626,0.2480363786688715,0.0,0.0,0.0,0.0,0.0,0.0,0.0,0.0,0.0,0.0,0.0,0.0,0.0,0.0,0.0
38600,4823,2418,0.5013477088948787,1147,1012,0.4476466929297118,1379,0.5718432510885341,0.45799999999999996,2.894802494802495,3.034821132473221,6.539755351681957,2.0123724192114287,6649.800000000001,9.094947017729282e-13,6649.8,6649.8,6649.800000000002,1.8189894035458565e-12,6649.800000000002,1.8189894035458565e-12,27.563964337549244,20.699502914327237,32.437916563811406,19.003040825252686,0.13974704540742278,0.10615799295044578,0.09371760315156541,0.08708272859216255,0.07464233879328219,0.07816711590296496,0.06987352270371139,0.06427534729421522,0.05722579307484968,0.05722579307484968,0.046858801575782705,0.03897988803649181,0.0273688575575368,0.02550279908770475,0.01451378809869376,0.012233049968899026,0.006427534729421522,0.8579013915000653,0.035390529001181475,0.0,0.0,0.0,0.0,0.0,0.0,0.0,0.0,0.0,0.0,0.0,0.0,0.0,0.0,0.0,0.0,0.0,0.0,0.0,0.01866058469832055,0.012440389798880368,0.024880779597760735,0.18038565208376534,1.0449927431059474,5.224963715529754,12.241343562098281,8.179556292763841,2.338793282189509,0.5349367613518557,0.19904623678208588,4.349170191994793,2.829021900774775,5.0,2.9104275004359956,1.1496445940890385,4.349413298565841,2.810939060910375,4.356041131105399,2.8484372224315253,1.0015238451911994,0.4265,0.01775,0.0,0.0,0.0,0.0,0.0,0.0,0.0,0.0,0.0,0.0,0.006220194899440184,1.9593613933236549,17.59693137051628,10.138917686087499,0.2985693551731288,0.0,0.0,0.0,0.0,0.0,0.0,0.0,0.0,0.0,0.0,0.0,0.0,0.0,0.0,0.0,nan,nan,4.352750809061488,2.829885678052889,nan,0.4265,0.08966,0.0,0.0,0.0,0.0,0.0,0.0,0.0,0.0,0.0,0.0,0.0,1.036699149906697e-05,0.0,0.0,0.0,0.0,0.0,4.146796599626788e-05,0.0,0.002508811942774207,1.036699149906697e-05,0.0012129380053908356,0.002446609993779805,0.004395604395604396,0.007287995023844081,0.010076715737093095,0.0012647729628861705,0.011745801368442877,0.01194277420692515,0.002560646900269542,0.009216255442670537,0.02012233049968899,0.0352166701223305,0.04003732116939664,0.04283640887414472,0.04015135807588638,0.029255650010366993,0.04928467758656438,0.061528094546962474,0.040120257101389174,0.04588430437487041,0.025523533070702882,0.01879535558780842,0.05087082728592163,0.010760937176031516,0.01789342732738959,0.03480199046236782,0.051047066141405764,0.05971387103462575,0.02091022185361808,0.04326145552560647,0.010159651669085631,0.018950860460294424,0.04622641509433962,0.009029649595687332,0.029317851959361395,0.019303338171262698,0.009807173958117355,0.015830396019075266,0.00862533692722372,0.007122123159859009,0.003597346050176239,0.004520008293593199,0.0008086253369272237,0.01125855276798673,0.0025917478747667427,6.220194899440183e-05,0.0,5.1834957495334856e-05,0.0,0.0,0.0,0.0,0.0,0.0,0.0,0.0,0.0,0.0,0.0,0.0,0.0,0.0,0.0,0.0,0.0,0.0,0.0,0.0,0.0,0.0,0.0,0.0,0.0,0.0,0.0,0.0,0.0,0.0,0.0,0.0,nan,nan,4.352750809061488,2.829885678052889,nan,0.8580504860436255,0.03478668711679146,0.0,0.0,0.0,0.0,0.0,0.0,0.0,0.0,0.0,0.0,0.0,0.0,0.0,0.0,0.0,0.0,0.0,0.0,0.0,0.012406947890818861,0.012406947890818861,0.03722084367245658,0.14888337468982632,1.029776674937962,5.223325062034741,12.33250620347395,8.374689826302731,2.121588089330025,0.47146401985111674,0.23573200992555837,0.8577514910400533,0.03598679931676391,0.0,0.0,0.0,0.0,0.0,0.0,0.0,0.0,0.0,0.0,0.0,0.0,0.0,0.0,0.0,0.0,0.0,0.0,0.0,0.024948024948024953,0.012474012474012476,0.012474012474012476,0.2120582120582121,1.0602910602910571,5.226611226611229,12.149688149688153,7.983367983367985,2.557172557172558,0.5987525987525989,0.1621621621621622,0.4265,0.0179,0.0,0.0,0.0,0.0,0.0,0.0,0.0,0.0,0.0,0.0,0.012406947890818861,1.9602977667493766,17.568238213399507,10.062034739454095,0.39702233250620356,0.0,0.0,0.0,0.0,0.0,0.0,0.0,0.0,0.0,0.0,0.0,0.0,0.0,0.0,0.0,0.4265,0.0176,0.0,0.0,0.0,0.0,0.0,0.0,0.0,0.0,0.0,0.0,0.0,1.9584199584199558,17.62577962577963,10.216216216216218,0.19958419958419962,0.0,0.0,0.0,0.0,0.0,0.0,0.0,0.0,0.0,0.0,0.0,0.0,0.0,0.0,0.0
38700,4900,2517,0.5136734693877552,1194,1009,0.4495918367346939,1408,0.5746938775510204,0.45799999999999996,2.9336970205623163,3.00883606616208,6.49016641452345,2.001960492103458,6649.800000000001,9.094947017729282e-13,6649.8,6649.8,6649.800000000002,1.8189894035458565e-12,6649.800000000001,9.094947017729282e-13,27.768367346938774,20.83315693664042,32.97571148184495,18.970605040502104,0.14653061224489797,0.09285714285714286,0.0946938775510204,0.08653061224489796,0.08326530612244898,0.07408163265306122,0.06938775510204082,0.06448979591836734,0.06061224489795918,0.04795918367346939,0.04510204081632653,0.03918367346938775,0.03428571428571429,0.02816326530612245,0.017959183673469388,0.00816326530612245,0.0067346938775510205,0.8592004314125801,0.03570517100723668,0.0,0.0,0.0,0.0,0.0,0.0,0.0,0.0,0.0,0.0,0.0,0.0,0.0,0.0,0.0,0.0,0.0,0.0,0.006122448979591838,0.012244897959183676,0.0,0.018367346938775512,0.2081632653061225,1.1326530612244863,4.714285714285715,11.98775510204082,8.767346938775512,2.302040816326531,0.6734693877551022,0.1775510204081633,4.328144853875476,2.81818982506005,3.4545454545454546,2.3496087242400154,0.7981584653878233,4.372122762148337,2.8584939330864625,4.278996865203761,2.775265402314112,0.9787000727082017,0.4268,0.01767,0.0,0.0,0.0,0.0,0.0,0.0,0.0,0.0,0.0,0.0,0.006122448979591838,1.9836734693877522,17.246938775510205,10.408163265306126,0.3551020408163266,0.0,0.0,0.0,0.0,0.0,0.0,0.0,0.0,0.0,0.0,0.0,0.0,0.0,0.0,0.0,nan,nan,4.325102880658436,2.8171634755509674,nan,0.4268,0.08923,0.0,0.0,0.0,0.0,0.0,0.0,0.0,0.0,0.0,0.0,0.0,3.061224489795918e-05,0.0,0.0,0.0,0.0,0.0,2.0408163265306123e-05,0.0,0.0021020408163265306,0.0,0.0009387755102040817,0.0023979591836734695,0.004,0.005693877551020408,0.009591836734693878,0.001489795918367347,0.013051020408163265,0.012234693877551021,0.0023163265306122447,0.00939795918367347,0.02016326530612245,0.035081632653061225,0.0411734693877551,0.04240816326530612,0.03903061224489796,0.02890816326530612,0.04883673469387755,0.06243877551020408,0.04023469387755102,0.04570408163265306,0.026612244897959183,0.019602040816326532,0.05129591836734694,0.011061224489795919,0.017826530612244897,0.03478571428571429,0.05097959183673469,0.05960204081632653,0.020836734693877552,0.041755102040816325,0.01136734693877551,0.01969387755102041,0.04590816326530612,0.00820408163265306,0.031244897959183674,0.019346938775510206,0.00973469387755102,0.01416326530612245,0.008040816326530613,0.00789795918367347,0.0028877551020408164,0.004795918367346939,0.0007755102040816326,0.011469387755102041,0.0027448979591836735,0.0,0.0,0.00012244897959183673,0.0,0.0,0.0,0.0,0.0,0.0,0.0,0.0,0.0,0.0,0.0,0.0,0.0,0.0,0.0,0.0,0.0,0.0,0.0,0.0,0.0,0.0,0.0,0.0,0.0,0.0,0.0,0.0,0.0,0.0,0.0,0.0,nan,nan,4.325102880658436,2.8171634755509674,nan,0.8591591984116468,0.03603518397157763,0.0,0.0,0.0,0.0,0.0,0.0,0.0,0.0,0.0,0.0,0.0,0.0,0.0,0.0,0.0,0.0,0.0,0.0,0.0,0.02383790226460072,0.0,0.01191895113230036,0.2622169249106079,1.0131108462455274,4.874851013110847,11.859356376638859,8.820023837902266,2.1811680572109657,0.7985697258641241,0.1549463647199047,0.8592439830128105,0.03535320351743049,0.0,0.0,0.0,0.0,0.0,0.0,0.0,0.0,0.0,0.0,0.0,0.0,0.0,0.0,0.0,0.0,0.0,0.0,0.012589173310952584,0.0,0.0,0.025178346621905167,0.151070079731431,1.2589173310952542,4.544691565253882,12.123373898447339,8.711707931179188,2.4297104490138484,0.5413344523709611,0.20142677297524134,0.4272,0.01752,0.0,0.0,0.0,0.0,0.0,0.0,0.0,0.0,0.0,0.0,0.0,1.6686531585220474,17.425506555423127,10.524433849821218,0.38140643623361153,0.0,0.0,0.0,0.0,0.0,0.0,0.0,0.0,0.0,0.0,0.0,0.0,0.0,0.0,0.0,0.4265,0.01782,0.0,0.0,0.0,0.0,0.0,0.0,0.0,0.0,0.0,0.0,0.012589173310952584,2.3164078892152715,17.05832983634075,10.28535459504826,0.3273185060847672,0.0,0.0,0.0,0.0,0.0,0.0,0.0,0.0,0.0,0.0,0.0,0.0,0.0,0.0,0.0
38800,4993,2565,0.5137192068896455,1231,1021,0.45103144402163026,1451,0.5812136991788504,0.45799999999999996,3.0267710049423395,3.1172356515611024,6.726346433770015,2.050509621587366,6649.800000000002,1.8189894035458565e-12,6649.8,6649.8,6649.800000000003,2.7284841053187847e-12,6649.800000000002,1.8189894035458565e-12,28.0226316843581,20.741117618586244,32.75857988165681,19.02669411925057,0.1359903865411576,0.09653514920889245,0.09373122371319847,0.08872421389945924,0.08351692369317044,0.07891047466453034,0.06929701582215102,0.0634888844382135,0.05968355697977168,0.04866813538954536,0.04606449028640096,0.040857200080112156,0.036050470658922494,0.02323252553575005,0.018425796114560383,0.009212898057280192,0.007610654916883637,0.8565267997849998,0.03512919518139428,0.0,0.0,0.0,0.0,0.0,0.0,0.0,0.0,0.0,0.0,0.0,0.0,0.0,0.0,0.0,0.0,0.0,0.0,0.0,0.012016823552974166,0.012016823552974166,0.02403364710594833,0.2463448828359704,1.147606649309029,5.569797716803526,12.100941317844987,8.093330662928102,2.187061886641298,0.4926897656719408,0.11415982375325458,4.347530864197531,2.9143472389703864,4.642857142857143,2.7152254012497448,1.0679296565992575,4.361453201970443,2.94937028538674,4.336196319018405,2.8774311584968095,0.9942090670741056,0.4277,0.01733,0.0,0.0,0.0,0.0,0.0,0.0,0.0,0.0,0.0,0.0,0.0,1.7784898858401736,16.973763268576008,10.91728419787703,0.33046264770678957,0.0,0.0,0.0,0.0,0.0,0.0,0.0,0.0,0.0,0.0,0.0,0.0,0.0,0.0,0.0,nan,nan,4.34880147510756,2.9135838065786364,nan,0.4277,0.08984,0.0,0.0,0.0,0.0,0.0,0.0,0.0,0.0,0.0,0.0,0.0,4.005607850991388e-05,0.0,0.0,0.0,0.0,0.0,5.007009813739235e-05,0.0,0.002153014219907871,0.0,0.0006108551972761867,0.0025235329461245743,0.0039955938313639095,0.005848187462447426,0.009282996194672542,0.0012417384338073302,0.012467454436210695,0.013589024634488283,0.0026837572601642297,0.008912477468455839,0.020238333667133988,0.03573002203084318,0.03900460644902864,0.04073703184458242,0.0387442419387142,0.031123573002203083,0.04763669136791508,0.06364910875225316,0.040937312237131984,0.04377127979170839,0.02763869417184058,0.021029441217704788,0.05117164029641498,0.011756459042659723,0.015671940717003806,0.03290606849589425,0.050360504706589225,0.0564189865812137,0.019617464450230323,0.043430803124374126,0.012487482475465652,0.019837772882034848,0.04602443420789105,0.009002603645103144,0.03252553575005007,0.019727618666132585,0.009893851391948729,0.01525135189264971,0.008301622271179651,0.007750851191668335,0.0027438413779291007,0.004986981774484278,0.0007911075505707991,0.011466052473462848,0.004165832165031043,0.0,0.0,7.00981373923493e-05,0.0,0.0,0.0,0.0,0.0,0.0,0.0,0.0,0.0,0.0,0.0,0.0,0.0,0.0,0.0,0.0,0.0,0.0,0.0,0.0,0.0,0.0,0.0,0.0,0.0,0.0,0.0,0.0,0.0,0.0,0.0,0.0,nan,nan,4.34880147510756,2.9135838065786364,nan,0.8560461736329582,0.03484512192668554,0.0,0.0,0.0,0.0,0.0,0.0,0.0,0.0,0.0,0.0,0.0,0.0,0.0,0.0,0.0,0.0,0.0,0.0,0.0,0.02339181286549708,0.0,0.02339181286549708,0.2690058479532164,1.3099415204678322,5.298245614035089,12.280701754385968,8.269005847953217,1.9883040935672518,0.3976608187134504,0.14035087719298248,0.8570345452874654,0.03541973958581216,0.0,0.0,0.0,0.0,0.0,0.0,0.0,0.0,0.0,0.0,0.0,0.0,0.0,0.0,0.0,0.0,0.0,0.0,0.0,0.0,0.024711696869851734,0.024711696869851734,0.22240527182866562,0.9761120263591403,5.856672158154861,11.911037891268537,7.907742998352555,2.3970345963756183,0.5930807248764416,0.08649093904448107,0.4275,0.01747,0.0,0.0,0.0,0.0,0.0,0.0,0.0,0.0,0.0,0.0,0.0,1.7426900584795297,17.076023391812868,10.8187134502924,0.36257309941520477,0.0,0.0,0.0,0.0,0.0,0.0,0.0,0.0,0.0,0.0,0.0,0.0,0.0,0.0,0.0,0.4277,0.0172,0.0,0.0,0.0,0.0,0.0,0.0,0.0,0.0,0.0,0.0,0.0,1.8163097199340996,16.86573311367381,11.021416803953874,0.2965403624382208,0.0,0.0,0.0,0.0,0.0,0.0,0.0,0.0,0.0,0.0,0.0,0.0,0.0,0.0,0.0
38900,4852,2491,0.513396537510305,1184,1020,0.4542456718878813,1385,0.5708985985160758,0.47,3.009741634900466,3.046774698268068,6.603395061728395,2.076868685132562,6649.800000000002,1.8189894035458565e-12,6649.8,6649.8,6649.800000000002,1.8189894035458565e-12,6649.800000000001,9.094947017729282e-13,27.16941467436109,20.322364624823702,32.141446556405825,18.55470173795161,0.1420032976092333,0.10511129431162407,0.08965375103050288,0.09192085737840065,0.08058532563891178,0.07481450948062654,0.0717230008244023,0.06615828524319868,0.05873866446826051,0.05090684253915911,0.050494641384995875,0.03751030502885408,0.0325638911788953,0.01916735366859027,0.014014839241549877,0.009274525968672712,0.0053586150041220115,0.8559372065264826,0.03373751165831612,0.0,0.0,0.0,0.0,0.0,0.0,0.0,0.0,0.0,0.0,0.0,0.0,0.0,0.0,0.0,0.0,0.0,0.0,0.0,0.0,0.0,0.03091508656224238,0.19785655399835125,1.2118713932398972,5.335943940643035,12.563891178895304,8.15539983511954,2.015663643858203,0.3833470733718055,0.1051112943116241,4.358527131782946,2.837663977419996,5.2,2.2715633383201097,1.193063583815029,4.327084680025856,2.8758512583555964,4.395125080179603,2.796337170641458,1.015724305204339,0.4277,0.01736,0.0,0.0,0.0,0.0,0.0,0.0,0.0,0.0,0.0,0.0,0.012366034624896953,1.5828524319868074,17.16405605935697,10.814097279472385,0.42662819455894485,0.0,0.0,0.0,0.0,0.0,0.0,0.0,0.0,0.0,0.0,0.0,0.0,0.0,0.0,0.0,nan,nan,4.361236316806181,2.8364232969180123,nan,0.4277,0.0896,0.0,0.0,0.0,0.0,0.0,0.0,0.0,0.0,0.0,0.0,0.0,2.0610057708161584e-05,0.0,0.0,0.0,0.0,0.0,1.0305028854080792e-05,0.0,0.0016178895300906842,2.0610057708161584e-05,0.00039159109645507006,0.0025041220115416324,0.004616652926628195,0.006821929101401484,0.008532563891178895,0.0013705688375927453,0.011861088211046991,0.014911376751854905,0.002906018136850783,0.00886232481450948,0.019672300082440232,0.03623248145094806,0.03726298433635614,0.03832440230832646,0.04017930750206101,0.031141797197032153,0.04568219291014015,0.06372629843363561,0.04273495465787304,0.04305441055234955,0.028276999175597693,0.02098103874690849,0.04988664468260511,0.011026380873866447,0.016199505358615005,0.03368713932399011,0.05083470733718055,0.05728565539983512,0.01988870568837593,0.046042868920032974,0.01288128606760099,0.02137262984336356,0.044682605111294314,0.008697444352844188,0.033419208573784005,0.01923948887056884,0.009326051112943117,0.015251442704039572,0.007471145919208574,0.0069765045342126955,0.0026793075020610057,0.004523907666941467,0.000989282769991756,0.01158285243198681,0.004266281945589447,1.0305028854080792e-05,0.0,2.0610057708161584e-05,2.0610057708161584e-05,0.0,0.0,2.0610057708161584e-05,0.0,0.0,0.0,0.0,0.0,0.0,0.0,0.0,0.0,0.0,0.0,0.0,0.0,0.0,0.0,0.0,0.0,0.0,0.0,0.0,0.0,0.0,0.0,0.0,0.0,0.0,0.0,0.0,nan,nan,4.361236316806181,2.8364232969180123,nan,0.8559964600455469,0.034460664717137886,0.0,0.0,0.0,0.0,0.0,0.0,0.0,0.0,0.0,0.0,0.0,0.0,0.0,0.0,0.0,0.0,0.0,0.0,0.0,0.0,0.0,0.024086712163789648,0.26495383380168613,1.2645523885989522,5.274989963869933,12.452830188679249,8.117221999197112,2.04737053392212,0.4576475311120033,0.09634684865515859,0.8558746904248355,0.032957227690727495,0.0,0.0,0.0,0.0,0.0,0.0,0.0,0.0,0.0,0.0,0.0,0.0,0.0,0.0,0.0,0.0,0.0,0.0,0.0,0.0,0.0,0.03811944091486659,0.1270648030495553,1.1562897077509493,5.4002541296061,12.68106734434562,8.195679796696316,1.9822109275730626,0.3049555273189327,0.11435832274459977,0.4277,0.01727,0.0,0.0,0.0,0.0,0.0,0.0,0.0,0.0,0.0,0.0,0.012043356081894824,1.5054195102368504,17.390606182256125,10.68245684464071,0.40947410678442403,0.0,0.0,0.0,0.0,0.0,0.0,0.0,0.0,0.0,0.0,0.0,0.0,0.0,0.0,0.0,0.428,0.01744,0.0,0.0,0.0,0.0,0.0,0.0,0.0,0.0,0.0,0.0,0.01270648030495553,1.6645489199491719,16.925031766200764,10.952986022871668,0.44472681067344355,0.0,0.0,0.0,0.0,0.0,0.0,0.0,0.0,0.0,0.0,0.0,0.0,0.0,0.0,0.0
39000,4990,2487,0.49839679358717437,1201,1084,0.45791583166332667,1473,0.5903807615230461,0.4139999999999999,2.9133040351578106,2.9796343609814824,6.372413793103449,2.054246493574097,6649.800000000001,9.094947017729282e-13,6649.8,6649.8,6649.800000000001,9.094947017729282e-13,6649.800000000002,1.8189894035458565e-12,28.255310621242486,20.853120921291936,33.271186440677965,18.991296848313354,0.13987975951903808,0.09318637274549098,0.0845691382765531,0.08977955911823647,0.08156312625250502,0.0813627254509018,0.06953907815631262,0.06212424849699399,0.06292585170340681,0.05490981963927856,0.0438877755511022,0.042685370741482966,0.030661322645290583,0.02745490981963928,0.016633266533066134,0.011022044088176353,0.00781563126252505,0.8560908776724745,0.03458993916646635,0.0,0.0,0.0,0.0,0.0,0.0,0.0,0.0,0.0,0.0,0.0,0.0,0.0,0.0,0.0,0.0,0.0,0.0,0.0,0.0,0.0,0.03607214428857716,0.22845691382765534,1.3406813627254468,5.344689378757517,12.096192384769543,8.344689378757517,2.0621242484969944,0.43887775551102215,0.10821643286573149,4.21084704448507,2.792002040587075,4.333333333333333,1.8856180831641267,1.0290882778581765,4.279686558167571,2.8036213382345134,4.141544117647059,2.7742141738458765,0.9677213649544325,0.4275,0.01758,0.0,0.0,0.0,0.0,0.0,0.0,0.0,0.0,0.0,0.0,0.0,1.605210420841681,17.446893787575153,10.557114228456916,0.3907815631262526,0.0,0.0,0.0,0.0,0.0,0.0,0.0,0.0,0.0,0.0,0.0,0.0,0.0,0.0,0.0,nan,nan,4.211182011546643,2.7899322245669382,nan,0.4275,0.08936,0.0,0.0,0.0,0.0,0.0,0.0,0.0,0.0,0.0,0.0,0.0,0.0,0.0,0.0,0.0,0.0,0.0,0.0,1.002004008016032e-05,0.00156312625250501,0.00012024048096192385,0.0003907815631262525,0.002134268537074148,0.006122244488977956,0.006533066132264529,0.007865731462925851,0.0016432865731462927,0.011983967935871743,0.014458917835671343,0.003156312625250501,0.008967935871743486,0.020531062124248496,0.03654308617234469,0.03589178356713427,0.03623246492985972,0.04044088176352705,0.032014028056112226,0.046382765531062124,0.06261523046092185,0.041092184368737475,0.045681362725450904,0.02740480961923848,0.020110220440881763,0.050981963927855714,0.011392785571142285,0.01598196392785571,0.03590180360721443,0.0531062124248497,0.057254509018036075,0.019218436873747496,0.04526052104208417,0.01374749498997996,0.020420841683366733,0.042424849699398796,0.009128256513026052,0.03443887775551102,0.019448897795591183,0.007665330661322646,0.01503006012024048,0.008286573146292586,0.006993987975951904,0.002715430861723447,0.0051903807615230465,0.0012324649298597193,0.010110220440881763,0.003987975951903808,0.0,6.0120240480961926e-05,7.014028056112224e-05,6.0120240480961926e-05,0.0,0.0,0.0,0.0,0.0,0.0,0.0,0.0,0.0,0.0,0.0,0.0,0.0,0.0,0.0,0.0,0.0,0.0,0.0,0.0,0.0,0.0,0.0,0.0,0.0,0.0,0.0,0.0,0.0,0.0,0.0,nan,nan,4.211182011546643,2.7899322245669382,nan,0.8560871059606006,0.034925862238925146,0.0,0.0,0.0,0.0,0.0,0.0,0.0,0.0,0.0,0.0,0.0,0.0,0.0,0.0,0.0,0.0,0.0,0.0,0.0,0.0,0.0,0.02412545235223161,0.2653799758745477,1.3027744270205026,5.3558504221954175,12.171290711700847,8.323281061519905,1.8938480096501813,0.554885404101327,0.10856453558504224,0.8560946252743245,0.03425290024500107,0.0,0.0,0.0,0.0,0.0,0.0,0.0,0.0,0.0,0.0,0.0,0.0,0.0,0.0,0.0,0.0,0.0,0.0,0.0,0.0,0.0,0.047942469037155426,0.1917698761486217,1.3783459848182138,5.333599680383541,12.021574111066723,8.36596084698362,2.229324810227727,0.32361166600079916,0.1078705553335997,0.4277,0.01791,0.0,0.0,0.0,0.0,0.0,0.0,0.0,0.0,0.0,0.0,0.0,1.8214716525934835,17.06875753920386,10.651387213510256,0.4583835946924006,0.0,0.0,0.0,0.0,0.0,0.0,0.0,0.0,0.0,0.0,0.0,0.0,0.0,0.0,0.0,0.4275,0.01723,0.0,0.0,0.0,0.0,0.0,0.0,0.0,0.0,0.0,0.0,0.0,1.390331602077505,17.82261286456253,10.463443867359173,0.32361166600079916,0.0,0.0,0.0,0.0,0.0,0.0,0.0,0.0,0.0,0.0,0.0,0.0,0.0,0.0,0.0
39100,4684,2369,0.5057643040136636,1098,982,0.444064901793339,1338,0.5713065755764304,0.44199999999999995,2.860475161987041,2.937354084594086,6.179216867469879,2.0423502558146907,6649.8,0.0,6649.8,6649.8,6649.800000000001,9.094947017729282e-13,6649.800000000002,1.8189894035458565e-12,27.737617421007684,20.88664728893403,32.6856851757514,19.19727687740139,0.13599487617421008,0.11122971818958155,0.08838599487617421,0.09265584970111017,0.07621690862510674,0.07472245943637916,0.06447480785653288,0.06532877882152006,0.0629803586678053,0.04910333048676345,0.04654141759180188,0.038855678906917164,0.03116994022203245,0.025619128949615714,0.019427839453458582,0.010247651579846286,0.007045260461144321,0.855571221518883,0.03410543990573992,0.0,0.0,0.0,0.0,0.0,0.0,0.0,0.0,0.0,0.0,0.0,0.0,0.0,0.0,0.0,0.0,0.0,0.0,0.0,0.0,0.0,0.02561912894961572,0.2369769427839454,1.2361229718189544,5.322374039282666,12.546968403074299,8.127668659265586,1.902220324508967,0.4675491033304869,0.1345004269854825,4.223785594639866,2.751975761865707,4.083333333333333,3.817903729651769,0.9667473032994924,4.163624070317782,2.7195238535167485,4.2812911725955205,2.791962002662183,1.0282607411933704,0.4282,0.01767,0.0,0.0,0.0,0.0,0.0,0.0,0.0,0.0,0.0,0.0,0.00640478223740393,1.6908625106746344,16.626814688300602,11.150725875320243,0.5251921434671222,0.0,0.0,0.0,0.0,0.0,0.0,0.0,0.0,0.0,0.0,0.0,0.0,0.0,0.0,0.0,nan,nan,4.223223223223223,2.7570798641434298,nan,0.4282,0.0895,0.0,0.0,0.0,0.0,0.0,0.0,0.0,0.0,0.0,0.0,0.0,0.0,0.0,0.0,0.0,0.0,0.0,0.0,0.0,0.0017613151152860802,0.00013877028181041845,0.00019214346712211785,0.0021883005977796754,0.006180614859094791,0.005753629376601195,0.008134073441502989,0.001974807856532878,0.011795473953885569,0.013930401366353543,0.003277113578138343,0.007984628522630231,0.021850982066609737,0.037115713065755764,0.03527967549103331,0.03448975234842015,0.04125747224594364,0.033240819812126385,0.04479077711357814,0.05737617421007686,0.041449615713065754,0.04850555081127242,0.02747651579846285,0.021861656703672076,0.05183603757472246,0.011870196413321947,0.015424850555081127,0.0355999146029035,0.05083262169086251,0.056522203245089664,0.020836891545687446,0.0447801024765158,0.014784372331340735,0.020783518360375747,0.0428800170794193,0.009009393680614859,0.034329632792485056,0.018168232280102475,0.007525619128949616,0.01594790777113578,0.009564474807856533,0.007066609735269001,0.0033731853116994023,0.005689581554227156,0.0013129803586678054,0.009383005977796755,0.004408625106746371,0.0,0.0,3.2023911187019644e-05,3.2023911187019644e-05,0.0,0.0,0.0,0.0,0.0,0.0,0.0,0.0,0.0,0.0,0.0,0.0,0.0,0.0,0.0,0.0,0.0,0.0,0.0,0.0,0.0,0.0,0.0,0.0,0.0,0.0,0.0,0.0,0.0,0.0,0.0,nan,nan,4.223223223223223,2.7570798641434298,nan,0.8562655108746923,0.033901847161040354,0.0,0.0,0.0,0.0,0.0,0.0,0.0,0.0,0.0,0.0,0.0,0.0,0.0,0.0,0.0,0.0,0.0,0.0,0.0,0.0,0.0,0.025327142254115666,0.21528070915998315,1.2790206838328368,5.065428450823133,12.498944702406082,8.307302659349938,2.0008442380751377,0.48121570282819764,0.12663571127057832,0.8548607370765884,0.03429798420062182,0.0,0.0,0.0,0.0,0.0,0.0,0.0,0.0,0.0,0.0,0.0,0.0,0.0,0.0,0.0,0.0,0.0,0.0,0.0,0.0,0.0,0.025917926565874737,0.2591792656587473,1.192224622030234,5.585313174946006,12.596112311015123,7.943844492440606,1.8012958963282941,0.4535637149028079,0.14254859611231105,0.4285,0.0178,0.0,0.0,0.0,0.0,0.0,0.0,0.0,0.0,0.0,0.0,0.012663571127057833,1.7222456732798623,16.411988180666953,11.245251160827356,0.607851414098776,0.0,0.0,0.0,0.0,0.0,0.0,0.0,0.0,0.0,0.0,0.0,0.0,0.0,0.0,0.0,0.428,0.01752,0.0,0.0,0.0,0.0,0.0,0.0,0.0,0.0,0.0,0.0,0.0,1.6587473002159803,16.846652267818577,11.053995680345576,0.4406047516198705,0.0,0.0,0.0,0.0,0.0,0.0,0.0,0.0,0.0,0.0,0.0,0.0,0.0,0.0,0.0
39200,4625,2344,0.5068108108108108,1097,939,0.4402162162162162,1306,0.5647567567567567,0.45799999999999996,2.969311705392372,3.0573827981584176,6.579937304075235,1.9238737687802916,6649.800000000002,1.8189894035458565e-12,6649.8,6649.8,6649.800000000001,9.094947017729282e-13,6649.800000000002,1.8189894035458565e-12,27.804324324324323,20.865789476782524,32.887881926462974,19.082301870038766,0.14291891891891892,0.10270270270270271,0.08843243243243243,0.09102702702702703,0.07891891891891892,0.07437837837837838,0.06789189189189189,0.06032432432432432,0.06140540540540541,0.049945945945945945,0.04454054054054054,0.041297297297297295,0.03762162162162162,0.025945945945945945,0.01708108108108108,0.010810810810810811,0.004756756756756757,0.8579955047143473,0.034552316440429054,0.0,0.0,0.0,0.0,0.0,0.0,0.0,0.0,0.0,0.0,0.0,0.0,0.0,0.0,0.0,0.0,0.0,0.0,0.0,0.0,0.0,0.03243243243243244,0.2075675675675676,1.0248648648648617,5.091891891891892,12.434594594594598,8.205405405405408,2.4000000000000004,0.4345945945945947,0.1686486486486487,4.336590296495957,2.780778889279921,5.166666666666667,4.2196629670573875,1.191412218682827,4.2745625841184385,2.7990070419792765,4.403496973772697,2.7690650882873347,1.0301631774285622,0.4285,0.01805,0.0,0.0,0.0,0.0,0.0,0.0,0.0,0.0,0.0,0.0,0.019459459459459462,1.7772972972972945,16.274594594594596,11.532972972972976,0.3956756756756758,0.0,0.0,0.0,0.0,0.0,0.0,0.0,0.0,0.0,0.0,0.0,0.0,0.0,0.0,0.0,nan,nan,4.338264963012778,2.7846795683384897,nan,0.4285,0.08966,0.0,0.0,0.0,0.0,0.0,0.0,0.0,0.0,0.0,0.0,0.0,0.0,0.0,0.0,0.0,0.0,0.0,0.0,0.0,0.0020216216216216217,0.00017297297297297297,4.324324324324324e-05,0.0019243243243243244,0.005708108108108108,0.00532972972972973,0.008205405405405406,0.0019567567567567567,0.010562162162162162,0.014021621621621622,0.003210810810810811,0.0075675675675675675,0.024086486486486487,0.0368972972972973,0.035351351351351354,0.0356972972972973,0.03988108108108108,0.03471351351351351,0.04704864864864865,0.056875675675675676,0.042518918918918916,0.047967567567567565,0.026724324324324325,0.022951351351351353,0.0508,0.011881081081081081,0.0152,0.03410810810810811,0.04821621621621622,0.05584864864864865,0.020886486486486486,0.04274594594594595,0.0164,0.022454054054054054,0.041783783783783786,0.009221621621621622,0.032843243243243246,0.019135135135135137,0.008313513513513513,0.01655135135135135,0.010918918918918918,0.006724324324324325,0.0035675675675675674,0.006064864864864865,0.0009189189189189189,0.009102702702702702,0.004778378378378379,0.0,0.0,5.4054054054054054e-05,4.324324324324324e-05,0.0,0.0,0.0,0.0,0.0,0.0,0.0,0.0,0.0,0.0,0.0,0.0,0.0,0.0,0.0,0.0,0.0,0.0,0.0,0.0,0.0,0.0,0.0,0.0,0.0,0.0,0.0,0.0,0.0,0.0,0.0,nan,nan,4.338264963012778,2.7846795683384897,nan,0.8581145153263323,0.03459163397648172,0.0,0.0,0.0,0.0,0.0,0.0,0.0,0.0,0.0,0.0,0.0,0.0,0.0,0.0,0.0,0.0,0.0,0.0,0.0,0.0,0.0,0.05119453924914677,0.23037542662116045,1.062286689419792,4.850682593856656,12.542662116040958,8.203924914675769,2.482935153583618,0.43515358361774753,0.1407849829351536,0.8578732070929123,0.03451143875254109,0.0,0.0,0.0,0.0,0.0,0.0,0.0,0.0,0.0,0.0,0.0,0.0,0.0,0.0,0.0,0.0,0.0,0.0,0.0,0.0,0.0,0.013152126260412103,0.18412976764576944,0.9864094695309045,5.339763261727313,12.323542306006141,8.206926786497151,2.31477422183253,0.4340201665935994,0.19728189390618156,0.429,0.01805,0.0,0.0,0.0,0.0,0.0,0.0,0.0,0.0,0.0,0.0,0.0,1.6638225255972674,15.959897610921505,11.992320819112631,0.3839590443686008,0.0,0.0,0.0,0.0,0.0,0.0,0.0,0.0,0.0,0.0,0.0,0.0,0.0,0.0,0.0,0.4277,0.01804,0.0,0.0,0.0,0.0,0.0,0.0,0.0,0.0,0.0,0.0,0.039456378781236305,1.8939061814993396,16.597983340640074,11.060938185006579,0.4077159140727752,0.0,0.0,0.0,0.0,0.0,0.0,0.0,0.0,0.0,0.0,0.0,0.0,0.0,0.0,0.0
39300,4705,2392,0.5083953241232732,1106,968,0.440807651434644,1348,0.5730074388947928,0.45399999999999996,2.9701686121919586,3.010497675377765,6.435483870967742,1.9410903647156805,6649.800000000001,9.094947017729282e-13,6649.8,6649.8,6649.800000000001,9.094947017729282e-13,6649.800000000001,9.094947017729282e-13,28.13134962805526,21.006445172223113,32.97229916897507,19.28784305404073,0.1343251859723698,0.10350690754516471,0.0924548352816153,0.08777895855472902,0.08076514346439957,0.07545164718384698,0.06822529224229543,0.0563230605738576,0.06078639744952179,0.05334750265674814,0.04760892667375133,0.03825717321997875,0.039319872476089264,0.023379383634431455,0.02104144527098831,0.010626992561105207,0.006801275239107333,0.8572041159988589,0.03520106815988434,0.0,0.0,0.0,0.0,0.0,0.0,0.0,0.0,0.0,0.0,0.0,0.0,0.0,0.0,0.0,0.0,0.0,0.0,0.0,0.0,0.006376195536663126,0.025504782146652503,0.22954303931987252,1.1413390010626958,5.043570669500532,12.714133900106273,8.034006376195538,2.014877789585548,0.5738575982996813,0.21679064824654629,4.329829172141919,2.7981157724807404,6.111111111111111,2.960647243216495,1.4113977406845388,4.360966057441253,2.7890809301415467,4.309210526315789,2.8121764202902644,0.9881320949432405,0.429,0.01787,0.0,0.0,0.0,0.0,0.0,0.0,0.0,0.0,0.0,0.0,0.025504782146652503,1.4155154091392115,16.52072263549416,11.528161530286932,0.5100956429330501,0.0,0.0,0.0,0.0,0.0,0.0,0.0,0.0,0.0,0.0,0.0,0.0,0.0,0.0,0.0,nan,nan,4.335080248935474,2.8002744768221857,nan,0.429,0.08954,0.0,0.0,0.0,0.0,0.0,0.0,0.0,0.0,0.0,0.0,0.0,0.0,0.0,0.0,0.0,0.0,0.0,0.0,0.0,0.0030605738575982997,0.0001594048884165781,0.00020191285866099894,0.0019234856535600424,0.005483528161530287,0.004941551540913921,0.008480340063761955,0.0022954303931987247,0.009436769394261423,0.012954303931987248,0.002391073326248672,0.007438894792773645,0.02394261424017003,0.035270988310308185,0.03716259298618491,0.03528161530286929,0.040361317747077574,0.03434643995749203,0.047502656748140276,0.05645058448459086,0.04380446333687566,0.048374070138150906,0.025929861849096705,0.022826780021253986,0.04876726886291179,0.012614240170031881,0.014070138150903294,0.03193411264612115,0.04990435706695005,0.05412327311370882,0.02177470775770457,0.044112646121147715,0.017258235919234855,0.02206163655685441,0.04319872476089267,0.008809776833156216,0.03555791710945802,0.020138150903294367,0.008820403825717322,0.015982996811902232,0.011349628055260361,0.007396386822529224,0.0030074388947927736,0.005037194473963868,0.0008289054197662062,0.009362380446333687,0.0038257173219978747,0.0,0.0,3.188097768331562e-05,1.0626992561105207e-05,0.0,0.0,0.0,0.0,0.0,0.0,0.0,0.0,0.0,0.0,0.0,0.0,0.0,0.0,0.0,0.0,0.0,0.0,0.0,0.0,0.0,0.0,0.0,0.0,0.0,0.0,0.0,0.0,0.0,0.0,0.0,nan,nan,4.335080248935474,2.8002744768221857,nan,0.8567008777057447,0.03494508289005823,0.0,0.0,0.0,0.0,0.0,0.0,0.0,0.0,0.0,0.0,0.0,0.0,0.0,0.0,0.0,0.0,0.0,0.0,0.0,0.0,0.0,0.03762541806020067,0.25083612040133785,1.1162207357859497,5.267558528428095,12.654682274247495,7.938963210702343,1.9565217391304353,0.6521739130434785,0.12541806020066892,0.8577245422838263,0.03545634125591581,0.0,0.0,0.0,0.0,0.0,0.0,0.0,0.0,0.0,0.0,0.0,0.0,0.0,0.0,0.0,0.0,0.0,0.0,0.0,0.0,0.012970168612191961,0.012970168612191961,0.20752269779507138,1.1673151750972728,4.811932555123217,12.775616083009082,8.13229571984436,2.0752269779507135,0.4928664072632945,0.31128404669260706,0.4294,0.01765,0.0,0.0,0.0,0.0,0.0,0.0,0.0,0.0,0.0,0.0,0.025083612040133787,1.1287625418060183,16.605351170568564,11.651337792642144,0.5894648829431439,0.0,0.0,0.0,0.0,0.0,0.0,0.0,0.0,0.0,0.0,0.0,0.0,0.0,0.0,0.0,0.4285,0.01807,0.0,0.0,0.0,0.0,0.0,0.0,0.0,0.0,0.0,0.0,0.025940337224383922,1.712062256809336,16.433203631647213,11.400778210116735,0.4280155642023347,0.0,0.0,0.0,0.0,0.0,0.0,0.0,0.0,0.0,0.0,0.0,0.0,0.0,0.0,0.0
39400,4833,2507,0.5187254293399545,1166,983,0.4446513552658804,1366,0.5652803641630457,0.44999999999999996,2.9402407566638007,3.0206151441673175,6.434782608695652,2.068509173322017,6649.800000000002,1.8189894035458565e-12,6649.8,6649.8,6649.800000000002,1.8189894035458565e-12,6649.800000000002,1.8189894035458565e-12,27.740533829919304,20.8381515442526,32.695952615992105,19.114164556132184,0.14111318021932548,0.09911028346782537,0.0978688185392096,0.08855783157459135,0.07738464721704945,0.0765570039313056,0.07159114421684254,0.055865921787709494,0.05917649493068487,0.05255534864473412,0.04386509414442375,0.04241671839437203,0.03558866128698531,0.025036209393751292,0.01675977653631285,0.009724808607490172,0.006828057107386716,0.8569661407226019,0.03363971440831917,0.0,0.0,0.0,0.0,0.0,0.0,0.0,0.0,0.0,0.0,0.0,0.0,0.0,0.0,0.0,0.0,0.0,0.0,0.0,0.0,0.03103662321539417,0.024829298572315337,0.1986343885785227,1.1173184357541865,4.9534450651769095,12.582247051520797,8.67783985102421,1.8808193668528868,0.42209807572936076,0.11173184357541902,4.281534460338102,2.826943510051191,3.875,1.7633419974582356,0.9050493545937737,4.217335058214748,2.8811040067700695,4.342875731945348,2.7661284878857377,1.0297677732496178,0.428,0.01808,0.0,0.0,0.0,0.0,0.0,0.0,0.0,0.0,0.0,0.0,0.012414649286157669,1.8435754189944107,16.530105524518934,11.067659838609563,0.5462445685909374,0.0,0.0,0.0,0.0,0.0,0.0,0.0,0.0,0.0,0.0,0.0,0.0,0.0,0.0,0.0,nan,nan,4.280479896238651,2.824778315610893,nan,0.428,0.08966,0.0,0.0,0.0,0.0,0.0,0.0,0.0,0.0,0.0,0.0,0.0,0.0,0.0,0.0,0.0,0.0,0.0,0.0,0.0,0.0037450858679908957,0.00026898406786674944,0.00018621973929236498,0.0016449410304158908,0.0065280364163045725,0.005183116076970825,0.0079867577074281,0.0020173805090006208,0.0095696254914132,0.01334574798261949,0.0025346575625905233,0.007614318228843369,0.024487895716945995,0.03441961514587213,0.039602731222842955,0.03391268363335402,0.03993378853714049,0.034336850817297745,0.04962756052141527,0.05661080074487896,0.04182702255327954,0.04903786468032278,0.027115663149182703,0.024022346368715083,0.048272294641009725,0.012693978895096214,0.01286985309331678,0.02947444651355266,0.05043451272501552,0.05271053176081109,0.022884336850817297,0.044289261328367475,0.017639147527415685,0.02192220153114008,0.04552038071591144,0.007852265673494724,0.03517483964411339,0.01898406786674943,0.008152286364576867,0.015518311607697082,0.010997310159321332,0.008038485412787089,0.002679495137595696,0.004438237119801365,0.00045520380715911445,0.009766190771777363,0.003569211669770329,0.0,0.0,5.172770535899027e-05,4.138216428719222e-05,0.0,1.0345541071798055e-05,0.0,0.0,0.0,0.0,0.0,0.0,0.0,0.0,0.0,0.0,0.0,0.0,0.0,0.0,0.0,0.0,0.0,0.0,0.0,0.0,0.0,0.0,0.0,0.0,0.0,0.0,0.0,0.0,0.0,nan,nan,4.280479896238651,2.824778315610893,nan,0.8562797159848101,0.03426126157014534,0.0,0.0,0.0,0.0,0.0,0.0,0.0,0.0,0.0,0.0,0.0,0.0,0.0,0.0,0.0,0.0,0.0,0.0,0.0,0.0,0.047865975269246124,0.023932987634623062,0.26326286398085363,1.1846828879138376,5.025927403270843,12.50498603909055,8.460311128839251,1.9266055045871564,0.4906262465097727,0.07179896290386918,0.8577059802830681,0.032940664841288325,0.0,0.0,0.0,0.0,0.0,0.0,0.0,0.0,0.0,0.0,0.0,0.0,0.0,0.0,0.0,0.0,0.0,0.0,0.0,0.0,0.012897678417884783,0.025795356835769567,0.12897678417884784,1.0447119518486638,4.8753224419604475,12.665520206362858,8.912295786758385,1.8314703353396393,0.3482373172828892,0.1547721410146174,0.4282,0.01799,0.0,0.0,0.0,0.0,0.0,0.0,0.0,0.0,0.0,0.0,0.011966493817311531,1.8189070602313497,16.310331072995616,11.33226964499402,0.5265257279617073,0.0,0.0,0.0,0.0,0.0,0.0,0.0,0.0,0.0,0.0,0.0,0.0,0.0,0.0,0.0,0.4277,0.01819,0.0,0.0,0.0,0.0,0.0,0.0,0.0,0.0,0.0,0.0,0.012897678417884783,1.8701633705932905,16.76698194325022,10.78245915735168,0.5674978503869305,0.0,0.0,0.0,0.0,0.0,0.0,0.0,0.0,0.0,0.0,0.0,0.0,0.0,0.0,0.0
39500,4542,2271,0.5,1069,945,0.4434169969176574,1311,0.5772787318361955,0.46599999999999997,3.0215763980625274,3.0560551062104624,6.558245083207262,1.9981108946192017,6649.800000000001,9.094947017729282e-13,6649.8,6649.8,6649.800000000002,1.8189894035458565e-12,6649.800000000002,1.8189894035458565e-12,28.009247027741083,20.742670776314558,32.80756192959583,19.002147553812325,0.13606340819022458,0.09929546455306032,0.09092910612065169,0.0891677675033025,0.07881990312637605,0.08124174372523117,0.06693086745926904,0.06560986349625715,0.05746367239101717,0.05328049317481286,0.04909731395860854,0.04095112285336856,0.030603258476442095,0.027080581241743725,0.01805372082782915,0.009247027741083224,0.006164685160722149,0.8571932073969613,0.034576022554908645,0.0,0.0,0.0,0.0,0.0,0.0,0.0,0.0,0.0,0.0,0.0,0.0,0.0,0.0,0.0,0.0,0.0,0.0,0.0,0.0,0.0,0.07265521796565391,0.3170409511228534,1.0766182298546862,4.900924702774109,12.285336856010572,8.685601056803172,2.02774108322325,0.5217965653896963,0.1122853368560106,4.411481608800275,2.7864560040151645,4.538461538461538,2.4997041245033724,1.028783964418656,4.425633995887594,2.819286520185888,4.398496240601504,2.7508374033193173,0.9938680525069837,0.4277,0.01791,0.0,0.0,0.0,0.0,0.0,0.0,0.0,0.0,0.0,0.0,0.0,1.895640686922058,16.684280052840162,10.99075297225892,0.429326287978864,0.0,0.0,0.0,0.0,0.0,0.0,0.0,0.0,0.0,0.0,0.0,0.0,0.0,0.0,0.0,nan,nan,4.412046543463381,2.785258444051625,nan,0.4277,0.08966,0.0,0.0,0.0,0.0,0.0,0.0,0.0,0.0,0.0,0.0,0.0,0.0,0.0,0.0,0.0,3.3025099075297225e-05,0.0,0.0,1.1008366358432408e-05,0.0037208278291501543,0.0001431087626596213,0.00020915896081021576,0.0017393218846323206,0.0067921620431527965,0.004920739762219286,0.009037868780273007,0.0013540290620871862,0.010645090268604138,0.013760457948040511,0.003313518273888155,0.008036107441655659,0.0218405988551299,0.036096433289299866,0.038738441215323646,0.034225011008366356,0.03883751651254954,0.031373844121532365,0.05313738441215324,0.0547225891677675,0.04199691765741964,0.04743505063848525,0.02765301629238221,0.02549537648612946,0.04892118009687362,0.012307353588727433,0.013320123293703214,0.027807133421400263,0.052763099955966536,0.054634522236900046,0.02120211360634082,0.04549757815940114,0.016193306913254074,0.021917657419638924,0.04525539409951563,0.008146191105239982,0.03655878467635403,0.019275649493615148,0.007650814619110524,0.015389696169088507,0.009621312197269926,0.008718626155878468,0.0024328489652135623,0.0033025099075297227,0.0006274768824306473,0.009269044473800088,0.003742844561867019,1.1008366358432408e-05,0.0,8.806693086745927e-05,4.403346543372963e-05,0.0,3.3025099075297225e-05,0.0,0.0,0.0,0.0,0.0,0.0,0.0,0.0,0.0,0.0,0.0,0.0,0.0,0.0,0.0,0.0,0.0,0.0,0.0,0.0,0.0,0.0,0.0,0.0,0.0,0.0,0.0,0.0,0.0,nan,nan,4.412046543463381,2.785258444051625,nan,0.8569012541752038,0.033680564657166054,0.0,0.0,0.0,0.0,0.0,0.0,0.0,0.0,0.0,0.0,0.0,0.0,0.0,0.0,0.0,0.0,0.0,0.0,0.0,0.0,0.0,0.07926023778071335,0.26420079260237783,1.0303830911492702,4.914134742404228,12.391017173051523,8.877146631439896,1.9022457067371206,0.4359313077939235,0.10568031704095114,0.8574851606187186,0.035446463327702675,0.0,0.0,0.0,0.0,0.0,0.0,0.0,0.0,0.0,0.0,0.0,0.0,0.0,0.0,0.0,0.0,0.0,0.0,0.0,0.0,0.0,0.06605019815059446,0.36988110964332904,1.1228533685601023,4.88771466314399,12.17965653896962,8.494055482166448,2.1532364597093796,0.607661822985469,0.11889035667107004,0.4277,0.01791,0.0,0.0,0.0,0.0,0.0,0.0,0.0,0.0,0.0,0.0,0.0,1.9682959048877118,16.631439894319687,10.898282694848088,0.501981505944518,0.0,0.0,0.0,0.0,0.0,0.0,0.0,0.0,0.0,0.0,0.0,0.0,0.0,0.0,0.0,0.4277,0.01788,0.0,0.0,0.0,0.0,0.0,0.0,0.0,0.0,0.0,0.0,0.0,1.822985468956404,16.737120211360637,11.083223249669752,0.35667107001321013,0.0,0.0,0.0,0.0,0.0,0.0,0.0,0.0,0.0,0.0,0.0,0.0,0.0,0.0,0.0
39600,4530,2298,0.5072847682119205,1068,938,0.44282560706401763,1274,0.5624724061810155,0.478,2.9789426523297493,3.106099496015625,6.578352180936995,2.091968609787662,6649.800000000002,1.8189894035458565e-12,6649.8,6649.8,6649.800000000001,9.094947017729282e-13,6649.800000000001,9.094947017729282e-13,27.606622516556293,21.01675459728068,32.83882978723404,19.246389070358713,0.14481236203090508,0.10375275938189846,0.09381898454746136,0.08322295805739514,0.08211920529801324,0.07704194260485651,0.06777041942604857,0.06269315673289183,0.055408388520971304,0.05055187637969095,0.04481236203090508,0.04105960264900662,0.03200883002207505,0.024503311258278145,0.015894039735099338,0.011037527593818985,0.009492273730684326,0.8566583110270385,0.033490748728923936,0.0,0.0,0.0,0.0,0.0,0.0,0.0,0.0,0.0,0.0,0.0,0.0,0.0,0.0,0.0,0.0,0.0,0.0,0.0,0.0,0.0066225165562913925,0.02649006622516557,0.13907284768211922,1.1589403973509897,5.2450331125827825,12.410596026490069,8.536423841059603,1.894039735099338,0.4966887417218544,0.0860927152317881,4.348022206800833,2.8532177269089343,3.5,2.362907813126304,0.8049636900486793,4.338366506520247,2.818726635151063,4.354297693920335,2.886554177024735,1.003672162639128,0.4277,0.01773,0.0,0.0,0.0,0.0,0.0,0.0,0.0,0.0,0.0,0.0,0.0066225165562913925,1.6821192052980107,16.867549668874176,11.006622516556295,0.4370860927152319,0.0,0.0,0.0,0.0,0.0,0.0,0.0,0.0,0.0,0.0,0.0,0.0,0.0,0.0,0.0,nan,nan,4.346260387811634,2.8525478000532734,nan,0.4277,0.0896,0.0,0.0,0.0,0.0,0.0,0.0,0.0,0.0,0.0,0.0,0.0,0.0,0.0,0.0,0.0,0.0,0.0,0.0,0.0,0.0032229580573951435,4.415011037527594e-05,0.00046357615894039735,0.001556291390728477,0.006015452538631346,0.005905077262693157,0.008675496688741721,0.0012803532008830022,0.010772626931567329,0.013620309050772626,0.003520971302428256,0.008443708609271523,0.02377483443708609,0.03687637969094923,0.038123620309050775,0.03305739514348786,0.04068432671081678,0.030364238410596028,0.053311258278145694,0.052538631346578366,0.04306843267108168,0.0465121412803532,0.025066225165562915,0.025176600441501103,0.051026490066225165,0.011832229580573951,0.012770419426048564,0.02467991169977925,0.053653421633554084,0.055353200883002204,0.02345474613686534,0.044105960264900664,0.01729580573951435,0.022130242825607063,0.04790286975717439,0.00804635761589404,0.03541942604856512,0.019415011037527595,0.00760485651214128,0.017141280353200884,0.008741721854304637,0.008024282560706402,0.002726269315673289,0.0029911699779249447,0.000739514348785872,0.008785871964679911,0.003730684326710817,4.415011037527594e-05,0.0,0.00017660044150110375,0.00013245033112582781,0.0,0.0,0.0,0.0,0.0,0.0,0.0,0.0,0.0,0.0,0.0,0.0,0.0,0.0,0.0,0.0,0.0,0.0,0.0,0.0,0.0,0.0,0.0,0.0,0.0,0.0,0.0,0.0,0.0,0.0,0.0,nan,nan,4.346260387811634,2.8525478000532734,nan,0.8563217120236993,0.03399683730134246,0.0,0.0,0.0,0.0,0.0,0.0,0.0,0.0,0.0,0.0,0.0,0.0,0.0,0.0,0.0,0.0,0.0,0.0,0.0,0.0,0.013054830287206269,0.052219321148825076,0.09138381201044389,1.2402088772845916,5.404699738903396,12.101827676240212,8.563968668407313,1.9712793733681466,0.46997389033942566,0.09138381201044389,0.8570048632267128,0.03295798622658146,0.0,0.0,0.0,0.0,0.0,0.0,0.0,0.0,0.0,0.0,0.0,0.0,0.0,0.0,0.0,0.0,0.0,0.0,0.0,0.0,0.0,0.0,0.18817204301075274,1.075268817204298,5.080645161290323,12.728494623655918,8.508064516129034,1.8145161290322585,0.5241935483870969,0.08064516129032259,0.4277,0.01768,0.0,0.0,0.0,0.0,0.0,0.0,0.0,0.0,0.0,0.0,0.0,1.684073107049606,16.919060052219326,11.018276762402092,0.37859007832898184,0.0,0.0,0.0,0.0,0.0,0.0,0.0,0.0,0.0,0.0,0.0,0.0,0.0,0.0,0.0,0.428,0.01779,0.0,0.0,0.0,0.0,0.0,0.0,0.0,0.0,0.0,0.0,0.013440860215053767,1.680107526881718,16.81451612903226,10.99462365591398,0.49731182795698936,0.0,0.0,0.0,0.0,0.0,0.0,0.0,0.0,0.0,0.0,0.0,0.0,0.0,0.0,0.0
39700,4987,2585,0.5183477040304793,1187,1031,0.4447563665530379,1436,0.5758973330659716,0.44599999999999995,3.066194837635304,3.0559911687787342,6.502890173410405,2.0894014892580706,6649.800000000002,1.8189894035458565e-12,6649.8,6649.8,6649.800000000001,9.094947017729282e-13,6649.800000000001,9.094947017729282e-13,27.990174453579307,20.78580845856526,33.022732711174925,18.93886867487075,0.1433727691999198,0.09464607980749949,0.09344295167435332,0.08060958492079406,0.08141167034289151,0.07720072187687989,0.06797673952275918,0.06657309003408864,0.06376579105674754,0.04912773210346902,0.04772408261479848,0.043312612793262484,0.03208341688389813,0.02526569079606978,0.01664327250852216,0.010026067776218167,0.006817726087828354,0.8566990301464181,0.03423949354663365,0.0,0.0,0.0,0.0,0.0,0.0,0.0,0.0,0.0,0.0,0.0,0.0,0.0,0.0,0.0,0.0,0.0,0.0,0.0,0.0,0.006015640665730902,0.04210948466011631,0.16242229797473434,1.215159414477638,5.185482253860037,12.392219771405658,8.283537196711452,2.1475837176659316,0.4451574092640867,0.12031281331461803,4.365739293529228,2.827215844253893,4.8,3.0594117081556713,1.099470141772877,4.3164794007490634,2.8147712018455806,4.417548226509023,2.840373116327847,1.0234146433647802,0.4275,0.01772,0.0,0.0,0.0,0.0,0.0,0.0,0.0,0.0,0.0,0.0,0.012031281331461804,1.8046921997192675,16.753559254060562,11.07479446561059,0.3549227992781232,0.0,0.0,0.0,0.0,0.0,0.0,0.0,0.0,0.0,0.0,0.0,0.0,0.0,0.0,0.0,nan,nan,4.367092552196946,2.8280726111868515,nan,0.4275,0.0902,0.0,0.0,0.0,0.0,0.0,0.0,0.0,0.0,0.0,0.0,0.0,0.0,0.0,0.0,0.0,0.0,0.0,2.0052135552436335e-05,0.0,0.00360938439943854,1.0026067776218167e-05,0.0008421896932023261,0.00262682975736916,0.004802486464808502,0.006476839783436936,0.008271505915379987,0.0014136755564467616,0.011038700621616201,0.015610587527571686,0.0036795668738720676,0.008792861439743333,0.02276919991979146,0.0358732705033086,0.0378584319229998,0.03517144575897333,0.03871064768397835,0.031341487868457994,0.05374974934830559,0.05207539602967716,0.04200922398235412,0.046400641668337676,0.023801884900741928,0.02668939242029276,0.05186484860637658,0.012281933025867255,0.012572688991377581,0.023821937036294365,0.05348907158612392,0.05542410266693403,0.023380790054140767,0.041979145779025465,0.01679366352516543,0.020312813314618008,0.048095047122518546,0.0071185081211148984,0.03666532985762984,0.02073390816121917,0.007539602967716062,0.017696009625025065,0.00892320032083417,0.007820332865450171,0.002817325045117305,0.0027070382995789052,0.0005614597954682174,0.009183878083015842,0.004220974533787849,9.02346099859635e-05,0.0,0.0001904952877481452,7.018247443352717e-05,0.0,0.0,0.0,0.0,0.0,0.0,0.0,0.0,0.0,0.0,0.0,0.0,0.0,0.0,0.0,0.0,0.0,0.0,0.0,0.0,0.0,0.0,0.0,0.0,0.0,0.0,0.0,0.0,0.0,0.0,0.0,nan,nan,4.367092552196946,2.8280726111868515,nan,0.8571494328675925,0.03398913296708002,0.0,0.0,0.0,0.0,0.0,0.0,0.0,0.0,0.0,0.0,0.0,0.0,0.0,0.0,0.0,0.0,0.0,0.0,0.0,0.0,0.0,0.023210831721470024,0.15087040618955516,1.2533849129593773,5.106382978723405,12.162475822050293,8.49516441005803,2.170212765957447,0.5454545454545455,0.0928433268858801,0.8562143128132641,0.03450033054176912,0.0,0.0,0.0,0.0,0.0,0.0,0.0,0.0,0.0,0.0,0.0,0.0,0.0,0.0,0.0,0.0,0.0,0.0,0.0,0.0,0.012489592006661119,0.06244796003330559,0.17485428809325568,1.1740216486261412,5.270607826810992,12.639467110741052,8.05578684429642,2.1232306411323902,0.33721898417985025,0.1498751040799334,0.4275,0.01767,0.0,0.0,0.0,0.0,0.0,0.0,0.0,0.0,0.0,0.0,0.011605415860735012,1.798839458413924,16.560928433268863,11.292069632495167,0.33655705996131535,0.0,0.0,0.0,0.0,0.0,0.0,0.0,0.0,0.0,0.0,0.0,0.0,0.0,0.0,0.0,0.4275,0.01776,0.0,0.0,0.0,0.0,0.0,0.0,0.0,0.0,0.0,0.0,0.012489592006661119,1.810990840965859,16.9608659450458,10.840965861781852,0.3746877601998336,0.0,0.0,0.0,0.0,0.0,0.0,0.0,0.0,0.0,0.0,0.0,0.0,0.0,0.0,0.0
39800,4755,2406,0.5059936908517351,1161,953,0.44458464773922185,1365,0.5741324921135647,0.45799999999999996,3.0063856960408684,3.0652687284184266,6.4950071326676175,2.002577698697719,6649.800000000002,1.8189894035458565e-12,6649.8,6649.8,6649.800000000002,1.8189894035458565e-12,6649.800000000001,9.094947017729282e-13,28.426077812828602,20.97945901589513,33.422211105552776,19.132939178136063,0.1366982124079916,0.09905362776025237,0.08916929547844374,0.0832807570977918,0.08033648790746582,0.0694006309148265,0.07360672975814932,0.06561514195583597,0.06393270241850683,0.05383806519453207,0.04647739221871714,0.04311251314405889,0.03301787592008412,0.024605678233438486,0.01892744479495268,0.011146161934805467,0.0077812828601472135,0.8578391554353114,0.03475391716685096,0.0,0.0,0.0,0.0,0.0,0.0,0.0,0.0,0.0,0.0,0.0,0.0,0.0,0.0,0.0,0.0,0.0,0.0,0.0,0.0,0.0,0.025236593059936915,0.1577287066246057,1.2555205047318574,4.895899053627761,12.403785488958993,8.47318611987382,2.0883280757097795,0.47949526813880133,0.220820189274448,4.35971456373662,2.8276286527520633,5.25,2.6339134382131846,1.204207276244327,4.359447004608295,2.831421309690878,4.365372374283895,2.8244044518132827,1.0013592021348892,0.4277,0.01743,0.0,0.0,0.0,0.0,0.0,0.0,0.0,0.0,0.0,0.0,0.006309148264984229,1.5772870662460545,17.186119873817038,10.870662460567827,0.3533123028391168,0.006309148264984229,0.0,0.0,0.0,0.0,0.0,0.0,0.0,0.0,0.0,0.0,0.0,0.0,0.0,0.0,nan,nan,4.362018764153995,2.8275062606701082,nan,0.4277,0.09,0.0,0.0,0.0,0.0,0.0,0.0,0.0,0.0,0.0,0.0,0.0,0.0,0.0,0.0,0.0,0.0,0.0,8.412197686645637e-05,0.0,0.00305993690851735,0.0,0.0008412197686645636,0.0021766561514195582,0.0052050473186119875,0.006719242902208202,0.0085068349106204,0.0008937960042060989,0.010368033648790747,0.016603575184016825,0.004511041009463723,0.008748685594111462,0.023459516298633017,0.03561514195583596,0.036267087276551,0.03446898002103049,0.039484752891692954,0.03317560462670873,0.05155625657202944,0.04953732912723449,0.0403049421661409,0.04822292323869611,0.02156677181913775,0.027896950578338593,0.052103049421661406,0.012723449001051525,0.012355415352260778,0.025047318611987383,0.05565720294426919,0.056487907465825445,0.023196635120925343,0.04411146161934806,0.015972660357518403,0.017802313354363827,0.04911671924290221,0.008065194532071504,0.037665615141955835,0.019589905362776026,0.007549947423764459,0.01758149316508938,0.009032597266035752,0.006950578338590957,0.0024710830704521556,0.0032281808622502627,0.0008307045215562566,0.008727655099894847,0.003974763406940063,9.46372239747634e-05,1.0515247108307046e-05,0.00023133543638275498,0.00014721345951629864,0.0,0.0,0.0,0.0,0.0,0.0,0.0,0.0,0.0,0.0,0.0,0.0,0.0,0.0,0.0,0.0,0.0,0.0,0.0,0.0,0.0,0.0,0.0,0.0,0.0,0.0,0.0,0.0,0.0,0.0,0.0,nan,nan,4.362018764153995,2.8275062606701082,nan,0.8580946142933117,0.03419923426071856,0.0,0.0,0.0,0.0,0.0,0.0,0.0,0.0,0.0,0.0,0.0,0.0,0.0,0.0,0.0,0.0,0.0,0.0,0.0,0.0,0.0,0.024937655860349132,0.13715710723192023,1.1346633416458818,5.000000000000001,12.543640897755614,8.391521197007483,2.094763092269327,0.4114713216957607,0.2618453865336659,0.8575774977033622,0.035311112651564856,0.0,0.0,0.0,0.0,0.0,0.0,0.0,0.0,0.0,0.0,0.0,0.0,0.0,0.0,0.0,0.0,0.0,0.0,0.0,0.0,0.0,0.025542784163473824,0.1787994891443168,1.3793103448275819,4.789272030651341,12.260536398467437,8.556832694763731,2.0817369093231166,0.5491698595146872,0.1787994891443168,0.4277,0.01743,0.0,0.0,0.0,0.0,0.0,0.0,0.0,0.0,0.0,0.0,0.0,1.5211970074812944,17.443890274314217,10.64837905236908,0.38653366583541154,0.0,0.0,0.0,0.0,0.0,0.0,0.0,0.0,0.0,0.0,0.0,0.0,0.0,0.0,0.0,0.4277,0.01743,0.0,0.0,0.0,0.0,0.0,0.0,0.0,0.0,0.0,0.0,0.012771392081736912,1.634738186462322,16.92209450830141,11.098339719029378,0.3192848020434228,0.012771392081736912,0.0,0.0,0.0,0.0,0.0,0.0,0.0,0.0,0.0,0.0,0.0,0.0,0.0,0.0
39900,4892,2459,0.5026573998364677,1139,1024,0.4421504497138185,1381,0.5645952575633688,0.46599999999999997,2.9375256884504726,3.1376493373245755,6.783004552352049,2.118625277567297,6649.800000000002,1.8189894035458565e-12,6649.8,6649.8,6649.800000000001,9.094947017729282e-13,6649.800000000001,9.094947017729282e-13,27.170891251022077,20.739266081197325,32.20240431795878,19.073614021069808,0.1439084219133279,0.11079313164349959,0.0946443172526574,0.0866721177432543,0.07788225674570727,0.07461161079313164,0.06623058053965658,0.06398201144726083,0.05825838103025348,0.053556827473426,0.044971381847914965,0.03740801308258381,0.030049059689288636,0.024938675388389207,0.014717906786590351,0.010425183973834832,0.006950122649223222,0.858671705411383,0.03449992143454583,0.0,0.0,0.0,0.0,0.0,0.0,0.0,0.0,0.0,0.0,0.0,0.0,0.0,0.0,0.0,0.0,0.0,0.0,0.0,0.0,0.0,0.030662305805396573,0.15944399018806218,1.0118560915780834,5.053147996729355,12.093213409648408,8.787816843826658,2.1586263286999188,0.527391659852821,0.17784137367130012,4.474317295188556,2.9371931716644495,5.0,1.2909944487358056,1.1174889195669548,4.428753993610224,2.88161585730394,4.523401450230718,2.9882674609664384,1.0213711253226192,0.4282,0.01755,0.0,0.0,0.0,0.0,0.0,0.0,0.0,0.0,0.0,0.0,0.0,1.6864268192968086,16.64349959116926,11.345053147996733,0.32502044153720366,0.0,0.0,0.0,0.0,0.0,0.0,0.0,0.0,0.0,0.0,0.0,0.0,0.0,0.0,0.0,nan,nan,4.475340687865023,2.934977029929878,nan,0.4282,0.08984,0.0,0.0,0.0,0.0,0.0,0.0,0.0,0.0,0.0,0.0,0.0,0.0,0.0,0.0,0.0,0.0,0.0,0.00012264922322158627,0.0,0.0032808667211774323,1.0220768601798855e-05,0.000848323793949305,0.00169664758789861,0.005744071954210957,0.006347097301717089,0.008105069501226492,0.0007869991823385118,0.010404742436631234,0.017058462796402288,0.00410874897792314,0.007471381847914963,0.02224039247751431,0.03710139002452984,0.03451553556827473,0.03535363859362224,0.03960547833197056,0.0348426001635323,0.05008176614881439,0.05022485690923958,0.03901267375306623,0.04859975470155356,0.020339329517579722,0.026778413736713,0.05403720359771055,0.012275143090760426,0.012367130008176614,0.027820932134096484,0.05650040883074407,0.05865699100572363,0.022465249386753885,0.04384709730171709,0.016312346688470973,0.01742641046606705,0.047097301717089125,0.008176614881439084,0.037653311529026984,0.019071954210956664,0.007440719542109567,0.017927228127555192,0.009607522485690924,0.0070523303352412105,0.0025143090760425184,0.002636958299264105,0.0009096484055600981,0.00901471790678659,0.004180294358135732,5.110384300899428e-05,1.0220768601798855e-05,0.00017375306623058055,9.19869174161897e-05,0.0,0.0,0.0,0.0,0.0,0.0,0.0,0.0,0.0,0.0,0.0,0.0,0.0,0.0,0.0,0.0,0.0,0.0,0.0,0.0,0.0,0.0,0.0,0.0,0.0,0.0,0.0,0.0,0.0,0.0,0.0,nan,nan,4.475340687865023,2.934977029929878,nan,0.8584317147804499,0.03426260776008105,0.0,0.0,0.0,0.0,0.0,0.0,0.0,0.0,0.0,0.0,0.0,0.0,0.0,0.0,0.0,0.0,0.0,0.0,0.0,0.0,0.0,0.03660024400162668,0.13420089467263116,0.9760065067100417,5.282635217568118,11.73647824318829,9.003660024400164,2.2082147214314767,0.500203334688898,0.12200081333875562,0.8589142606770899,0.03473643918269547,0.0,0.0,0.0,0.0,0.0,0.0,0.0,0.0,0.0,0.0,0.0,0.0,0.0,0.0,0.0,0.0,0.0,0.0,0.0,0.0,0.0,0.024660912453760796,0.18495684340320598,1.0480887792848304,4.821208384710235,12.453760789149202,8.569667077681876,2.108508014796548,0.5548705302096179,0.23427866831072755,0.428,0.0177,0.0,0.0,0.0,0.0,0.0,0.0,0.0,0.0,0.0,0.0,0.0,1.6836112240748247,16.775111834078896,11.211874745831642,0.3294021960146402,0.0,0.0,0.0,0.0,0.0,0.0,0.0,0.0,0.0,0.0,0.0,0.0,0.0,0.0,0.0,0.4282,0.01738,0.0,0.0,0.0,0.0,0.0,0.0,0.0,0.0,0.0,0.0,0.0,1.6892725030826115,16.510480887792852,11.47965474722565,0.32059186189889033,0.0,0.0,0.0,0.0,0.0,0.0,0.0,0.0,0.0,0.0,0.0,0.0,0.0,0.0,0.0
40000,4779,2432,0.5088930738648253,1150,972,0.4440259468508056,1339,0.5603682778824022,0.46199999999999997,2.9135066041755433,3.0472379413873485,6.4694485842026825,2.0742993703317754,6649.800000000001,9.094947017729282e-13,6649.8,6649.8,6649.800000000001,9.094947017729282e-13,6649.8,0.0,28.11822557020297,21.145705635523175,33.295961876097316,19.327460545107833,0.1441724210085792,0.09771918811466834,0.08997698263234986,0.08662900188323917,0.0788867964009207,0.07616656204226825,0.0696798493408663,0.06110064867127014,0.05628792634442352,0.05293994559531283,0.04980121364302155,0.03787403222431471,0.030131826741996232,0.030131826741996232,0.020297133291483575,0.010043942247332079,0.008160703075957313,0.8593700252010323,0.03392761420836317,0.0,0.0,0.0,0.0,0.0,0.0,0.0,0.0,0.0,0.0,0.0,0.0,0.0,0.0,0.0,0.0,0.0,0.0,0.0,0.0,0.0125549278091651,0.037664783427495296,0.21971123666038925,0.8600125549278065,4.576271186440679,12.435655994978031,8.844946641556813,2.4042686754551164,0.44569993722536105,0.1632140615191463,4.247227658186563,2.812271672842149,4.1,2.071231517720798,0.9653355859315004,4.197636244254761,2.800843073817106,4.294913071474565,2.818498572010988,1.023174191749689,0.428,0.01784,0.0,0.0,0.0,0.0,0.0,0.0,0.0,0.0,0.0,0.0,0.0,1.676082862523538,16.785938480853737,11.016949152542376,0.5210295040803516,0.0,0.0,0.0,0.0,0.0,0.0,0.0,0.0,0.0,0.0,0.0,0.0,0.0,0.0,0.0,nan,nan,4.2467490247074124,2.81019169053137,nan,0.428,0.08997,0.0,0.0,0.0,0.0,0.0,0.0,0.0,0.0,0.0,0.0,0.0,0.0,0.0,0.0,0.0,0.0,2.0924879681941827e-05,0.0001360117179326219,0.0,0.0037141661435446745,1.0462439840970914e-05,0.0007219083490269931,0.002082025528353212,0.005220757480644486,0.005178907721280603,0.008505963590709353,0.0009102322661644696,0.011184348189997908,0.01797447164678803,0.003787403222431471,0.0074806444862942035,0.02244193345888261,0.03563507009834693,0.03478761247122829,0.034254028039338774,0.04062565390249006,0.03483992467043315,0.05060682151077631,0.05053358443188952,0.038135593220338986,0.04783427495291902,0.018937016112157354,0.03044569993722536,0.052793471437539236,0.012439840970914417,0.01304666248169073,0.026501360117179327,0.057145846411383136,0.062439840970914415,0.0211864406779661,0.04373299853525842,0.01576689684034317,0.017064239380623562,0.04531282695124503,0.006737811257585269,0.03766478342749529,0.018801004394224732,0.00789914207993304,0.016049382716049384,0.010912324754132664,0.00720862105042896,0.002814396317221176,0.003808328102113413,0.0012868801004394224,0.009363883657668968,0.003902490060682151,0.0,0.0,0.00011508683825068005,0.0,0.0,0.0,0.0,0.0,0.0,0.0,0.0,0.0,0.0,0.0,0.0,0.0,0.0,0.0,0.0,0.0,0.0,0.0,0.0,0.0,0.0,0.0,0.0,0.0,0.0,0.0,0.0,0.0,0.0,0.0,0.0,nan,nan,4.2467490247074124,2.81019169053137,nan,0.8592923253431524,0.03410524430226688,0.0,0.0,0.0,0.0,0.0,0.0,0.0,0.0,0.0,0.0,0.0,0.0,0.0,0.0,0.0,0.0,0.0,0.0,0.0,0.0,0.012335526315789477,0.04934210526315791,0.23437500000000006,0.8511513157894711,4.613486842105264,12.24917763157895,8.869243421052634,2.615131578947369,0.3824013157894738,0.12335526315789476,0.8594505390716605,0.033742375733619386,0.0,0.0,0.0,0.0,0.0,0.0,0.0,0.0,0.0,0.0,0.0,0.0,0.0,0.0,0.0,0.0,0.0,0.0,0.0,0.0,0.012782275244993611,0.025564550489987223,0.20451640391989778,0.8691947166595627,4.537707711972732,12.628887942053689,8.819769919045592,2.1857690668939074,0.5112910097997444,0.20451640391989778,0.4282,0.01752,0.0,0.0,0.0,0.0,0.0,0.0,0.0,0.0,0.0,0.0,0.0,1.6652960526315765,17.047697368421055,10.830592105263161,0.4564144736842106,0.0,0.0,0.0,0.0,0.0,0.0,0.0,0.0,0.0,0.0,0.0,0.0,0.0,0.0,0.0,0.428,0.01817,0.0,0.0,0.0,0.0,0.0,0.0,0.0,0.0,0.0,0.0,0.0,1.687260332339154,16.514699616531747,11.210055389859399,0.587984661269706,0.0,0.0,0.0,0.0,0.0,0.0,0.0,0.0,0.0,0.0,0.0,0.0,0.0,0.0,0.0
40100,4739,2400,0.5064359569529436,1138,991,0.44925089681367375,1366,0.5764929309981008,0.45799999999999996,3.0713980333475845,3.1316473740011106,6.693452380952381,2.107544268329973,6649.8,0.0,6649.8,6649.8,6649.800000000002,1.8189894035458565e-12,6649.800000000001,9.094947017729282e-13,27.898501793627347,20.873366819081795,32.92817540322581,19.085153316502204,0.1415910529647605,0.1002321164802701,0.0930576070901034,0.08651614264612788,0.0795526482380249,0.06942392909896603,0.07069001899134839,0.06351550960118169,0.060350284870225784,0.05465288035450517,0.04874446085672083,0.03924878666385313,0.030808187381304072,0.025743827811774637,0.018569318421607934,0.011816838995568686,0.00548638953365689,0.8602971702744926,0.033743877541213,0.0,0.0,0.0,0.0,0.0,0.0,0.0,0.0,0.0,0.0,0.0,0.0,0.0,0.0,0.0,0.0,0.0,0.0,0.0,0.0,0.0,0.01899134838573539,0.16459168600970675,0.9115847225152957,4.583245410424141,12.034184427094326,9.172821270310193,2.4372230428360417,0.5190968558767673,0.15826123654779492,4.400196656833825,2.8516447945158108,3.6666666666666665,2.211083193570267,0.8332960893854748,4.280495759947815,2.773392686751477,4.520682862770847,2.920268843457976,1.0561119824181207,0.4272,0.0182,0.0,0.0,0.0,0.0,0.0,0.0,0.0,0.0,0.0,0.0,0.006330449461911797,1.9814306815783893,16.623760286980378,10.970668917493144,0.4178096644861786,0.0,0.0,0.0,0.0,0.0,0.0,0.0,0.0,0.0,0.0,0.0,0.0,0.0,0.0,0.0,nan,nan,4.398756951259404,2.8507134170360944,nan,0.4272,0.0908,0.0,0.0,0.0,0.0,0.0,0.0,0.0,0.0,0.0,0.0,0.0,0.0,0.0,0.0,0.0,0.0,0.0,0.0002004642329605402,0.0,0.0035345009495674194,9.495674192867693e-05,0.0007807554336357881,0.002036294576914961,0.006224941970879932,0.005222620806077232,0.009970457902511078,0.0006752479426039248,0.011468664275163536,0.018168389955686853,0.0036400084405992825,0.007860308081873813,0.02510023211648027,0.03422663009073644,0.03781388478581979,0.03376239713019624,0.042371808398396285,0.034469297320109726,0.05010550749103186,0.04974678202152353,0.036600548638953366,0.04669761553070268,0.018780333403671662,0.03093479637054231,0.05018991348385735,0.011669128508124077,0.011964549483013294,0.02616585777590209,0.05559189702468875,0.06487655623549272,0.019170711120489556,0.046961384258282335,0.014106351550960117,0.01817894070479004,0.04535767039459802,0.00660476893859464,0.035935851445452624,0.01918126186959274,0.00812407680945347,0.015288035450516987,0.010645705845115002,0.007280016881198565,0.003196876978265457,0.004093690652036294,0.0014138003798269676,0.00947457269466132,0.003872124920869382,0.0,0.0,0.0001688119856509812,0.0,0.0,0.0,0.0,0.0,0.0,0.0,0.0,0.0,0.0,0.0,0.0,0.0,0.0,0.0,0.0,0.0,0.0,0.0,0.0,0.0,0.0,0.0,0.0,0.0,0.0,0.0,0.0,0.0,0.0,0.0,0.0,nan,nan,4.398756951259404,2.8507134170360944,nan,0.8603965228050947,0.03326992426052119,0.0,0.0,0.0,0.0,0.0,0.0,0.0,0.0,0.0,0.0,0.0,0.0,0.0,0.0,0.0,0.0,0.0,0.0,0.0,0.0,0.0,0.012500000000000002,0.18750000000000006,0.8374999999999975,4.425000000000001,12.262500000000003,9.287500000000001,2.325,0.5125000000000001,0.15000000000000002,0.8601952266774661,0.034223069474794095,0.0,0.0,0.0,0.0,0.0,0.0,0.0,0.0,0.0,0.0,0.0,0.0,0.0,0.0,0.0,0.0,0.0,0.0,0.0,0.0,0.0,0.02565198802907226,0.14108593415989742,0.9876015391192786,4.745617785378368,11.79991449337324,9.055151774262507,2.5523728088926894,0.5258657545959813,0.16673792218896968,0.4275,0.01842,0.0,0.0,0.0,0.0,0.0,0.0,0.0,0.0,0.0,0.0,0.0,2.012499999999997,16.250000000000004,11.325000000000003,0.4125000000000001,0.0,0.0,0.0,0.0,0.0,0.0,0.0,0.0,0.0,0.0,0.0,0.0,0.0,0.0,0.0,0.427,0.01797,0.0,0.0,0.0,0.0,0.0,0.0,0.0,0.0,0.0,0.0,0.01282599401453613,1.9495510902094886,17.007268063274907,10.60709705002138,0.42325780247969225,0.0,0.0,0.0,0.0,0.0,0.0,0.0,0.0,0.0,0.0,0.0,0.0,0.0,0.0,0.0
40200,4590,2331,0.5078431372549019,1069,942,0.4381263616557734,1322,0.5760348583877996,0.47,3.066843736166445,3.1111123708540243,6.659476117103236,2.0991392402344005,6649.800000000001,9.094947017729282e-13,6649.8,6649.8,6649.800000000002,1.8189894035458565e-12,6649.800000000001,9.094947017729282e-13,27.787799564270152,20.8909676867284,32.7132104853361,19.18915701907185,0.14008714596949892,0.10196078431372549,0.09607843137254903,0.08758169934640522,0.07755991285403051,0.07320261437908497,0.0718954248366013,0.0664488017429194,0.05315904139433551,0.05337690631808279,0.044880174291938996,0.038562091503267976,0.0318082788671024,0.02832244008714597,0.016775599128540306,0.013071895424836602,0.00522875816993464,0.861720976149075,0.03450614741393559,0.0,0.0,0.0,0.0,0.0,0.0,0.0,0.0,0.0,0.0,0.0,0.0,0.0,0.0,0.0,0.0,0.0,0.0,0.0,0.0,0.0,0.019607843137254905,0.13725490196078433,0.8627450980392131,4.496732026143792,11.90196078431373,9.124183006535949,2.6078431372549025,0.5947712418300655,0.25490196078431376,4.465163934426229,2.8818045349220145,3.6666666666666665,2.6246692913372702,0.821171791341594,4.437669376693767,2.9274499366992837,4.491408934707904,2.8342096011080327,1.012109860706697,0.4282,0.01743,0.0,0.0,0.0,0.0,0.0,0.0,0.0,0.0,0.0,0.0,0.0,1.660130718954246,16.70588235294118,11.20261437908497,0.4313725490196079,0.0,0.0,0.0,0.0,0.0,0.0,0.0,0.0,0.0,0.0,0.0,0.0,0.0,0.0,0.0,nan,nan,4.464346639372228,2.881666197941931,nan,0.4282,0.09064,0.0,0.0,0.0,0.0,0.0,0.0,0.0,0.0,0.0,0.0,0.0,0.0,0.0,0.0,0.0,0.0,0.0,0.00018518518518518518,0.0,0.0031917211328976033,7.625272331154683e-05,0.0007625272331154684,0.0020152505446623093,0.006034858387799564,0.005838779956427015,0.008660130718954249,0.0006209150326797386,0.011928104575163398,0.018583877995642702,0.004172113289760348,0.007037037037037037,0.025043572984749456,0.033104575163398695,0.036830065359477124,0.03233115468409586,0.04055555555555555,0.034575163398692814,0.04809368191721133,0.05057734204793028,0.0360239651416122,0.049640522875816995,0.020403050108932463,0.030490196078431373,0.050697167755991285,0.012233115468409586,0.01159041394335512,0.024422657952069715,0.05655773420479303,0.0668082788671024,0.01977124183006536,0.04868191721132897,0.011721132897603485,0.01923747276688453,0.045294117647058825,0.006459694989106754,0.037886710239651414,0.017854030501089326,0.008115468409586057,0.01443355119825708,0.01047930283224401,0.007603485838779956,0.0021895424836601307,0.005697167755991286,0.0011546840958605665,0.00991285403050109,0.004357298474945534,0.0,0.0,6.535947712418301e-05,0.0,0.0,0.0,0.0,0.0,0.0,0.0,0.0,0.0,0.0,0.0,0.0,0.0,0.0,0.0,0.0,0.0,0.0,0.0,0.0,0.0,0.0,0.0,0.0,0.0,0.0,0.0,0.0,0.0,0.0,0.0,0.0,nan,nan,4.464346639372228,2.881666197941931,nan,0.8624587987994289,0.034779483009938064,0.0,0.0,0.0,0.0,0.0,0.0,0.0,0.0,0.0,0.0,0.0,0.0,0.0,0.0,0.0,0.0,0.0,0.0,0.0,0.0,0.0,0.012870012870012873,0.11583011583011585,0.836550836550834,4.337194337194338,11.994851994851999,9.086229086229087,2.7155727155727165,0.5920205920205921,0.30888030888030893,0.8609596372389487,0.03420513121363805,0.0,0.0,0.0,0.0,0.0,0.0,0.0,0.0,0.0,0.0,0.0,0.0,0.0,0.0,0.0,0.0,0.0,0.0,0.0,0.0,0.0,0.026560424966799476,0.15936254980079684,0.8897742363877795,4.661354581673308,11.806108897742368,9.163346613545817,2.4966799468791505,0.5976095617529882,0.19920318725099606,0.4282,0.01724,0.0,0.0,0.0,0.0,0.0,0.0,0.0,0.0,0.0,0.0,0.0,1.724581724581722,16.692406692406696,11.158301158301162,0.4247104247104248,0.0,0.0,0.0,0.0,0.0,0.0,0.0,0.0,0.0,0.0,0.0,0.0,0.0,0.0,0.0,0.4282,0.01761,0.0,0.0,0.0,0.0,0.0,0.0,0.0,0.0,0.0,0.0,0.0,1.5936254980079658,16.71978751660027,11.248339973439577,0.43824701195219135,0.0,0.0,0.0,0.0,0.0,0.0,0.0,0.0,0.0,0.0,0.0,0.0,0.0,0.0,0.0
40300,4890,2536,0.5186094069529652,1184,1004,0.4474437627811861,1406,0.5750511247443763,0.43399999999999994,2.9507221750212405,2.993215478498536,6.373352855051245,2.015240257925198,6649.800000000001,9.094947017729282e-13,6649.8,6649.8,6649.800000000002,1.8189894035458565e-12,6649.800000000001,9.094947017729282e-13,28.10920245398773,20.794169417820186,32.982285852948316,19.012848354204635,0.13803680981595093,0.09713701431492842,0.09529652351738241,0.08650306748466258,0.0803680981595092,0.07321063394683026,0.06257668711656442,0.06666666666666667,0.06053169734151329,0.06114519427402863,0.04314928425357873,0.041104294478527606,0.03251533742331288,0.028425357873210634,0.020040899795501024,0.008384458077709612,0.0049079754601227,0.8629836800761506,0.03525009562155202,0.0,0.0,0.0,0.0,0.0,0.0,0.0,0.0,0.0,0.0,0.0,0.0,0.0,0.0,0.0,0.0,0.0,0.0,0.0,0.0,0.006134969325153376,0.0736196319018405,0.19631901840490804,0.8343558282208563,3.975460122699387,11.355828220858898,9.926380368098162,2.8220858895705527,0.6073619631901841,0.2024539877300614,4.2835773392743475,2.797102972437216,4.0,2.806243040080456,0.9337989449439037,4.285984848484849,2.815165556567063,4.278271918678526,2.779041741048013,0.9982004299877427,0.4282,0.01788,0.0,0.0,0.0,0.0,0.0,0.0,0.0,0.0,0.0,0.0,0.0,1.6319018404907952,17.018404907975462,10.803680981595095,0.5460122699386504,0.0,0.0,0.0,0.0,0.0,0.0,0.0,0.0,0.0,0.0,0.0,0.0,0.0,0.0,0.0,nan,nan,4.282140595313489,2.7972218150698875,nan,0.4282,0.09076,0.0,0.0,0.0,0.0,0.0,0.0,0.0,0.0,0.0,0.0,0.0,0.0,0.0,0.0,0.0,0.0,1.0224948875255623e-05,0.00010224948875255624,2.0449897750511246e-05,0.002965235173824131,0.0,0.0009304703476482617,0.0017791411042944786,0.006165644171779141,0.005071574642126789,0.008844580777096114,0.00044989775051124743,0.011329243353783231,0.01911042944785276,0.004498977505112475,0.006932515337423313,0.02616564417177914,0.03193251533742331,0.03881390593047035,0.031860940695296526,0.04159509202453988,0.03503067484662577,0.04705521472392638,0.052597137014314926,0.036523517382413086,0.05032719836400818,0.020613496932515338,0.02885480572597137,0.048844580777096115,0.012505112474437629,0.011513292433537832,0.025991820040899796,0.05381390593047035,0.06568507157464212,0.02074642126789366,0.04946830265848671,0.01263803680981595,0.018844580777096113,0.0431799591002045,0.005797546012269938,0.03823108384458078,0.01745398773006135,0.008343558282208589,0.01378323108384458,0.009867075664621677,0.00803680981595092,0.0021063394683026584,0.007750511247443762,0.0015337423312883436,0.009427402862985684,0.004734151329243354,4.089979550102249e-05,8.179959100204499e-05,0.0,0.0,0.0,0.0,0.0,0.0,0.0,0.0,0.0,0.0,0.0,0.0,0.0,0.0,0.0,0.0,0.0,0.0,0.0,0.0,0.0,0.0,0.0,0.0,0.0,0.0,0.0,0.0,0.0,0.0,0.0,0.0,0.0,nan,nan,4.282140595313489,2.7972218150698875,nan,0.8626195091272378,0.03415552176037173,0.0,0.0,0.0,0.0,0.0,0.0,0.0,0.0,0.0,0.0,0.0,0.0,0.0,0.0,0.0,0.0,0.0,0.0,0.0,0.0,0.0,0.05914826498422714,0.2129337539432177,0.7689274447949502,3.9747634069400637,11.770504731861202,9.818611987381706,2.6971608832807576,0.5678233438485806,0.1301261829652997,0.8633760069777829,0.03638839959314313,0.0,0.0,0.0,0.0,0.0,0.0,0.0,0.0,0.0,0.0,0.0,0.0,0.0,0.0,0.0,0.0,0.0,0.0,0.0,0.0,0.012744265080713682,0.08920985556499578,0.17841971112999155,0.9048428207306684,3.9762107051826687,10.909090909090912,10.04248088360238,2.9566694987255744,0.6499575191163978,0.28037383177570097,0.4277,0.01775,0.0,0.0,0.0,0.0,0.0,0.0,0.0,0.0,0.0,0.0,0.0,1.6088328075709757,17.330441640378552,10.599369085173505,0.4613564668769717,0.0,0.0,0.0,0.0,0.0,0.0,0.0,0.0,0.0,0.0,0.0,0.0,0.0,0.0,0.0,0.4287,0.01802,0.0,0.0,0.0,0.0,0.0,0.0,0.0,0.0,0.0,0.0,0.0,1.656754460492776,16.68224299065421,11.023789294817336,0.6372132540356841,0.0,0.0,0.0,0.0,0.0,0.0,0.0,0.0,0.0,0.0,0.0,0.0,0.0,0.0,0.0
40400,4609,2351,0.5100889563896723,1128,964,0.4538945541332176,1317,0.5714905619440226,0.45399999999999996,2.9658990256864484,3.05285402956869,6.620472440944882,2.0495952580159438,6649.800000000001,9.094947017729282e-13,6649.8,6649.8,6649.800000000002,1.8189894035458565e-12,6649.800000000002,1.8189894035458565e-12,28.121718377088307,20.996061765832376,33.09475858507617,19.212767827970126,0.13994358863093947,0.09850292905185506,0.09090909090909091,0.08765458884790626,0.07572141462356259,0.07485354740724669,0.07485354740724669,0.06270340637882404,0.05923193751356043,0.054024734215665005,0.049685398134085484,0.03710132349750488,0.030375352571056627,0.02386634844868735,0.019310045563028858,0.01388587546105446,0.007376871338685182,0.8619742455309708,0.0351443632840536,0.0,0.0,0.0,0.0,0.0,0.0,0.0,0.0,0.0,0.0,0.0,0.0,0.0,0.0,0.0,0.0,0.0,0.0,0.0,0.0,0.026036016489477117,0.052072032978954234,0.1497070948144934,0.8526795400303727,4.14623562594923,11.970058581037105,9.268821870253852,2.6947277066608817,0.6378824039921893,0.20177912779344764,4.2600536193029495,2.817160549704013,4.642857142857143,2.4671308627386495,1.0898588510293985,4.193396226415095,2.7933661406205372,4.32892998678996,2.8359124661339092,1.0323207617541863,0.4294,0.01773,0.0,0.0,0.0,0.0,0.0,0.0,0.0,0.0,0.0,0.0,0.0,1.4449989151659774,16.135821219353442,11.865914515079195,0.5532653504013887,0.0,0.0,0.0,0.0,0.0,0.0,0.0,0.0,0.0,0.0,0.0,0.0,0.0,0.0,0.0,nan,nan,4.26184122748499,2.8157480658352463,nan,0.4294,0.0909,0.0,0.0,0.0,0.0,0.0,0.0,0.0,0.0,0.0,0.0,0.0,0.0,0.0,0.0,0.0,0.0,0.0,0.0,4.3393360815795186e-05,0.0026903883705793013,0.0,0.0006725970926448253,0.0019093078758949881,0.007539596441744413,0.004013885875461054,0.009307875894988066,0.0004447819483619006,0.011499240616185723,0.017954003037535256,0.0038403124321978736,0.007995226730310263,0.025178997613365155,0.02891082664352354,0.03813191581688002,0.03295725753959644,0.04134302451724886,0.033347797786938596,0.0481557821653287,0.05251681492731612,0.03637448470384031,0.04854632241267086,0.019657192449555216,0.027467997396398353,0.0522022130614016,0.012280321110870037,0.011944022564547624,0.027413755695378607,0.052625298329355606,0.0652961596875678,0.022195704057279237,0.04981557821653287,0.01360381861575179,0.017444131047949663,0.045291820351486226,0.005934042091559991,0.03990019527012367,0.016966804078975918,0.008873942286830114,0.013278368409633326,0.008776307224994576,0.008613582121935344,0.0025276632675200693,0.008082013451941853,0.0015079192883488827,0.010631373399869819,0.004209155999132133,4.3393360815795186e-05,4.3393360815795186e-05,0.0,0.0,0.0,0.0,0.0,0.0,0.0,0.0,0.0,0.0,0.0,0.0,0.0,0.0,0.0,0.0,0.0,0.0,0.0,0.0,0.0,0.0,0.0,0.0,0.0,0.0,0.0,0.0,0.0,0.0,0.0,0.0,0.0,nan,nan,4.26184122748499,2.8157480658352463,nan,0.8628085185141829,0.03499308539971207,0.0,0.0,0.0,0.0,0.0,0.0,0.0,0.0,0.0,0.0,0.0,0.0,0.0,0.0,0.0,0.0,0.0,0.0,0.0,0.0,0.0,0.051042109740535954,0.15312632922160785,0.7911527009783047,4.15993194385368,11.841769459804341,9.31518502764781,2.7690344534240756,0.6890684814972354,0.2296894938324118,0.8611056114372899,0.03528022555688753,0.0,0.0,0.0,0.0,0.0,0.0,0.0,0.0,0.0,0.0,0.0,0.0,0.0,0.0,0.0,0.0,0.0,0.0,0.0,0.0,0.05314437555358726,0.05314437555358726,0.14614703277236496,0.9167404782993772,4.131975199291409,12.103631532329498,9.220549158547389,2.617360496014172,0.5845881310894598,0.1727192205491586,0.4297,0.01758,0.0,0.0,0.0,0.0,0.0,0.0,0.0,0.0,0.0,0.0,0.0,1.3653764355593345,16.02722245852829,12.020416843896218,0.5869842620161634,0.0,0.0,0.0,0.0,0.0,0.0,0.0,0.0,0.0,0.0,0.0,0.0,0.0,0.0,0.0,0.4292,0.01788,0.0,0.0,0.0,0.0,0.0,0.0,0.0,0.0,0.0,0.0,0.0,1.527900797165631,16.248892825509305,11.705048715677593,0.5181576616474758,0.0,0.0,0.0,0.0,0.0,0.0,0.0,0.0,0.0,0.0,0.0,0.0,0.0,0.0,0.0
40500,4562,2323,0.5092064883822884,1073,913,0.4353353792196405,1305,0.5721174923279263,0.45799999999999996,3.028137561411344,3.0608848765700896,6.546783625730995,1.9599435052637233,6649.800000000002,1.8189894035458565e-12,6649.8,6649.8,6649.800000000002,1.8189894035458565e-12,6649.800000000001,9.094947017729282e-13,28.042086804033318,20.92435342542672,32.8684689368339,19.234515411755048,0.13480929416922402,0.10631302060499781,0.08987286277948268,0.08833844804910126,0.08044717229285402,0.07650153441473038,0.07145988601490574,0.054581323980710215,0.06137658921525647,0.052170100832968,0.04603244191144235,0.042525208241999124,0.02915387987724682,0.031126698816308637,0.020166593599298552,0.009644892590968873,0.0054800526085050415,0.862755810088204,0.035369726974816315,0.0,0.0,0.0,0.0,0.0,0.0,0.0,0.0,0.0,0.0,0.0,0.0,0.0,0.0,0.0,0.0,0.0,0.0,0.0,0.0,0.0,0.04603244191144236,0.19728189390618156,0.9798334064006985,4.090311266988164,11.199035510740906,9.778605874616398,2.9526523454625173,0.5786935554581325,0.1775537045155634,4.3933584388907905,2.811615216906573,5.0,2.138089935299395,1.1380815086106133,4.388283378746594,2.8227229102664952,4.401369863013699,2.797846194656664,1.0029821420217495,0.429,0.01772,0.0,0.0,0.0,0.0,0.0,0.0,0.0,0.0,0.0,0.0,0.0,1.6111354669004798,16.13765892152565,11.817185444980275,0.4340201665935994,0.0,0.0,0.0,0.0,0.0,0.0,0.0,0.0,0.0,0.0,0.0,0.0,0.0,0.0,0.0,nan,nan,4.394808743169399,2.8103536796906683,nan,0.429,0.09064,0.0,0.0,0.0,0.0,0.0,0.0,0.0,0.0,0.0,0.0,0.0,0.0,0.0,0.0,0.0,0.0,0.0,0.0,5.480052608505042e-05,0.0029701885138097325,0.0,0.0007781674704077159,0.001720736519070583,0.006378781236299869,0.0033757124068391057,0.009601052170100833,0.000526085050416484,0.01303156510302499,0.01852257781674704,0.0035291538798772467,0.00797895659798334,0.025383603682595353,0.03028277071459886,0.038711091626479614,0.033779044278825075,0.041001753616834724,0.030666374397194215,0.048224462954844366,0.049495835160017536,0.03611354669004822,0.050361683472161335,0.021646207803594913,0.027389302937308197,0.052235861464270054,0.013393248575186322,0.01194651468654099,0.027137220517316967,0.05123849188952214,0.06560718982902236,0.0225010960105217,0.051808417360806665,0.01446733888645331,0.01865409907935116,0.04009206488382289,0.006696624287593161,0.0404318281455502,0.015201665935992986,0.009447610697062691,0.013798772468215694,0.009348969750109602,0.008417360806663743,0.001972818939061815,0.007737834283209119,0.0012056115738711091,0.011639631740464708,0.0034853134590092064,0.0,1.0960105217010084e-05,0.0,0.0,0.0,0.0,0.0,0.0,0.0,0.0,0.0,0.0,0.0,0.0,0.0,0.0,0.0,0.0,0.0,0.0,0.0,0.0,0.0,0.0,0.0,0.0,0.0,0.0,0.0,0.0,0.0,0.0,0.0,0.0,0.0,nan,nan,4.394808743169399,2.8103536796906683,nan,0.8625324128826681,0.03607776301934984,0.0,0.0,0.0,0.0,0.0,0.0,0.0,0.0,0.0,0.0,0.0,0.0,0.0,0.0,0.0,0.0,0.0,0.0,0.0,0.0,0.0,0.03874300473525614,0.23245802841153684,1.0977184674989204,4.171330176495911,10.886784330606977,9.827808867843308,2.970297029702971,0.542402066293586,0.23245802841153684,0.8629875884305265,0.034618301713595326,0.0,0.0,0.0,0.0,0.0,0.0,0.0,0.0,0.0,0.0,0.0,0.0,0.0,0.0,0.0,0.0,0.0,0.0,0.0,0.0,0.0,0.05359535506922734,0.16078606520768202,0.8575256811076347,4.006252791424744,11.52300133988388,9.727556945064762,2.9343456900401974,0.6163465832961145,0.12058954890576153,0.429,0.01773,0.0,0.0,0.0,0.0,0.0,0.0,0.0,0.0,0.0,0.0,0.0,1.6659492036160115,16.02668962548429,11.91993112354714,0.3874300473525614,0.0,0.0,0.0,0.0,0.0,0.0,0.0,0.0,0.0,0.0,0.0,0.0,0.0,0.0,0.0,0.429,0.01772,0.0,0.0,0.0,0.0,0.0,0.0,0.0,0.0,0.0,0.0,0.0,1.5542652970075905,16.252791424743194,11.710585082626176,0.4823581956230461,0.0,0.0,0.0,0.0,0.0,0.0,0.0,0.0,0.0,0.0,0.0,0.0,0.0,0.0,0.0
40600,4455,2308,0.5180695847362514,1098,893,0.4469135802469136,1253,0.5625140291806958,0.44199999999999995,2.9543549138332557,2.995535163920457,6.432216905901116,1.9152161705836415,6649.800000000002,1.8189894035458565e-12,6649.8,6649.8,6649.800000000001,9.094947017729282e-13,6649.800000000002,1.8189894035458565e-12,28.218406285072952,20.865689302121446,33.1006925945658,19.09505662694865,0.13872053872053872,0.09696969696969697,0.09068462401795735,0.08821548821548822,0.07833894500561167,0.08058361391694725,0.06801346801346801,0.06015712682379349,0.0574635241301908,0.05634118967452301,0.04781144781144781,0.04152637485970819,0.03569023569023569,0.022222222222222223,0.01840628507295174,0.012345679012345678,0.006509539842873177,0.8623106379969219,0.03518002750804413,0.0,0.0,0.0,0.0,0.0,0.0,0.0,0.0,0.0,0.0,0.0,0.0,0.0,0.0,0.0,0.0,0.0,0.0,0.0,0.0067340067340067354,0.0067340067340067354,0.033670033670033676,0.20202020202020207,0.9090909090909063,4.141414141414142,11.42760942760943,9.54882154882155,3.0168350168350178,0.5521885521885523,0.1548821548821549,4.274428274428274,2.8136050031726754,5.0,2.660248687044705,1.1697470817120623,4.348122866894198,2.830653434359247,4.204466154919749,2.794308268544654,0.9669612114532861,0.429,0.0186,0.0,0.0,0.0,0.0,0.0,0.0,0.0,0.0,0.0,0.0,0.0,1.8855218855218827,15.824915824915829,11.663299663299666,0.6195286195286196,0.0067340067340067354,0.0,0.0,0.0,0.0,0.0,0.0,0.0,0.0,0.0,0.0,0.0,0.0,0.0,0.0,nan,nan,4.277681959296309,2.8133536854110175,nan,0.429,0.0906,0.0,0.0,0.0,0.0,0.0,0.0,0.0,0.0,0.0,0.0,0.0,0.0,0.0,0.0,0.0,1.122334455667789e-05,0.0,1.122334455667789e-05,4.489337822671156e-05,0.00265993265993266,0.0,0.0006734006734006734,0.00143658810325477,0.006711560044893378,0.0032323232323232323,0.010123456790123457,0.00017957351290684624,0.013557800224466891,0.017676767676767676,0.0036026936026936026,0.008058361391694725,0.024713804713804712,0.027890011223344557,0.040123456790123455,0.03326599326599326,0.04354657687991021,0.03005611672278339,0.05063973063973064,0.047901234567901234,0.03775533108866442,0.051032547699214365,0.022042648709315375,0.02665544332210999,0.04980920314253648,0.01430976430976431,0.009304152637485972,0.03112233445566779,0.051043771043771044,0.0665432098765432,0.022356902356902356,0.0512682379349046,0.014163860830527498,0.017934904601571267,0.039685746352413016,0.007272727272727273,0.037463524130190794,0.016498316498316498,0.008529741863075197,0.014107744107744107,0.009326599326599327,0.008855218855218856,0.0015039281705948372,0.008843995510662178,0.0013692480359147026,0.011021324354657688,0.003984287317620651,0.0,4.489337822671156e-05,0.0,0.0,0.0,0.0,3.367003367003367e-05,0.0,0.0,0.0,0.0,0.0,0.0,0.0,0.0,0.0,0.0,0.0,0.0,0.0,0.0,0.0,0.0,0.0,0.0,0.0,0.0,0.0,0.0,0.0,0.0,0.0,0.0,0.0,0.0,nan,nan,4.277681959296309,2.8133536854110175,nan,0.8621482701400743,0.03523088525342758,0.0,0.0,0.0,0.0,0.0,0.0,0.0,0.0,0.0,0.0,0.0,0.0,0.0,0.0,0.0,0.0,0.0,0.0,0.0,0.01299826689774697,0.01299826689774697,0.02599653379549394,0.18197573656845759,0.8578856152512971,4.3934142114384755,11.178509532062394,9.618717504332757,3.0415944540727913,0.5589254766031196,0.11698440207972273,0.8624851815523966,0.035124436801947864,0.0,0.0,0.0,0.0,0.0,0.0,0.0,0.0,0.0,0.0,0.0,0.0,0.0,0.0,0.0,0.0,0.0,0.0,0.0,0.0,0.0,0.04191895668374477,0.2235677689799721,0.9641360037261265,3.870517000465767,11.695388914764791,9.473684210526317,2.990218910107127,0.5449464368886819,0.1956217978574756,0.4294,0.01836,0.0,0.0,0.0,0.0,0.0,0.0,0.0,0.0,0.0,0.0,0.0,1.6767764298093564,15.857885615251304,11.776429809358754,0.6759098786828425,0.01299826689774697,0.0,0.0,0.0,0.0,0.0,0.0,0.0,0.0,0.0,0.0,0.0,0.0,0.0,0.0,0.4287,0.01886,0.0,0.0,0.0,0.0,0.0,0.0,0.0,0.0,0.0,0.0,0.0,2.109920819748483,15.78947368421053,11.54168607359106,0.5589194224499302,0.0,0.0,0.0,0.0,0.0,0.0,0.0,0.0,0.0,0.0,0.0,0.0,0.0,0.0,0.0
40700,4508,2301,0.5104259094942325,1093,926,0.4478704525288376,1275,0.5656610470275066,0.43799999999999994,2.9370185772541912,3.090556349766521,6.590909090909091,2.1437424381408756,6649.800000000001,9.094947017729282e-13,6649.8,6649.8,6649.800000000001,9.094947017729282e-13,6649.800000000001,9.094947017729282e-13,27.482031943212068,20.59344461445433,32.45661979304855,18.85854647357067,0.14063886424134872,0.10070984915705412,0.0956078083407276,0.08961845607808341,0.0865128660159716,0.07275953859804792,0.0663265306122449,0.06344276841171251,0.05944986690328305,0.05235137533274179,0.04414374445430346,0.03970718722271517,0.032830523513753325,0.023957409050576754,0.01663708961845608,0.008873114463176575,0.006433007985803017,0.8646389495617749,0.034892166067317695,0.0,0.0,0.0,0.0,0.0,0.0,0.0,0.0,0.0,0.0,0.0,0.0,0.0,0.0,0.0,0.0,0.0,0.0,0.0,0.0,0.0,0.006654835847382433,0.199645075421473,0.7852706299911245,3.7267080745341623,11.35314995563443,10.108695652173914,2.9015084294587408,0.6588287488908607,0.25953859804791485,4.269940787182167,2.8852304019412816,3.2222222222222223,2.779999111821512,0.7546292519781385,4.210898796886058,2.8665965723084947,4.320381731424677,2.9025786652789476,1.025999896891272,0.4297,0.01869,0.0,0.0,0.0,0.0,0.0,0.0,0.0,0.0,0.0,0.0,0.006654835847382433,1.6903283052351352,15.572315882874893,11.998669032830527,0.7320319432120677,0.0,0.0,0.0,0.0,0.0,0.0,0.0,0.0,0.0,0.0,0.0,0.0,0.0,0.0,0.0,nan,nan,4.266666666666667,2.8855001492134966,nan,0.4297,0.0909,0.0,0.0,0.0,0.0,0.0,0.0,0.0,0.0,0.0,0.0,0.0,0.0,0.0,0.0,0.0,6.654835847382431e-05,0.0,0.0,0.0,0.0025732031943212067,0.0,0.0004991126885536823,0.0014862466725820763,0.007486690328305235,0.0029835847382431234,0.011357586512866016,0.00048802129547471164,0.013298580301685892,0.017768411712511093,0.003227595385980479,0.008817657497781722,0.024578527062999112,0.0281055900621118,0.03855368234250222,0.03365128660159716,0.042025288376220056,0.029103815439219166,0.047116237799467615,0.04538598047914818,0.038675687666370896,0.050798580301685894,0.021162377994676133,0.027196095829636203,0.05370452528837622,0.01498447204968944,0.009338952972493346,0.031089174800354925,0.049622892635315,0.06866681455190772,0.022892635314995562,0.05073203194321207,0.015805235137533274,0.016171251109139306,0.03978482697426797,0.006466282165039929,0.03772182786157941,0.01775732031943212,0.009017302573203195,0.013941881100266193,0.009438775510204082,0.00941659272404614,0.0014086069210292812,0.009594055013309672,0.0013864241348713398,0.010725377107364684,0.0038376220053238687,0.0,5.5456965394853596e-05,0.0,3.327417923691216e-05,0.0,0.0,0.0,0.0,0.0,0.0,0.0,0.0,0.0,0.0,0.0,0.0,0.0,0.0,0.0,0.0,0.0,0.0,0.0,0.0,0.0,0.0,0.0,0.0,0.0,0.0,0.0,0.0,0.0,0.0,0.0,nan,nan,4.266666666666667,2.8855001492134966,nan,0.8653214455997876,0.03471595245663871,0.0,0.0,0.0,0.0,0.0,0.0,0.0,0.0,0.0,0.0,0.0,0.0,0.0,0.0,0.0,0.0,0.0,0.0,0.0,0.0,0.0,0.013037809647979142,0.16949152542372886,0.7301173402868295,3.5984354628422435,11.342894393741854,10.247718383311605,2.9465449804432864,0.7301173402868321,0.22164276401564542,0.8639273848207385,0.035060798798224435,0.0,0.0,0.0,0.0,0.0,0.0,0.0,0.0,0.0,0.0,0.0,0.0,0.0,0.0,0.0,0.0,0.0,0.0,0.0,0.0,0.0,0.0,0.23108291798821937,0.842772995015856,3.860444041685547,11.363842319891258,9.963751699139104,2.854553692795651,0.5845038513819666,0.2990484821024015,0.4297,0.01842,0.0,0.0,0.0,0.0,0.0,0.0,0.0,0.0,0.0,0.0,0.0,1.499348109517599,15.8148631029987,11.929595827900917,0.7561929595827903,0.0,0.0,0.0,0.0,0.0,0.0,0.0,0.0,0.0,0.0,0.0,0.0,0.0,0.0,0.0,0.4294,0.01897,0.0,0.0,0.0,0.0,0.0,0.0,0.0,0.0,0.0,0.0,0.013593112822836434,1.8894426823742607,15.319438151336659,12.070684186678752,0.7068418667874945,0.0,0.0,0.0,0.0,0.0,0.0,0.0,0.0,0.0,0.0,0.0,0.0,0.0,0.0,0.0
40800,4637,2381,0.5134785421608798,1120,965,0.44964416648695277,1348,0.5814103946517145,0.46199999999999997,2.9499113475177303,3.0507919549560283,6.5362776025236595,2.050492598791872,6649.800000000002,1.8189894035458565e-12,6649.8,6649.8,6649.800000000001,9.094947017729282e-13,6649.800000000002,1.8189894035458565e-12,27.719215009704552,20.782567728804274,32.705200823892895,19.025387227366092,0.14384300194091007,0.10222126374811301,0.08647832650420531,0.0894975199482424,0.08302781971102005,0.07828337287039033,0.06706922579253828,0.062109122277334484,0.05499245201638991,0.051541945223204655,0.04809143843001941,0.040759111494500753,0.03428941125727841,0.025447487599741213,0.017468190640500324,0.007979296959240888,0.006901013586370498,0.8630563763932522,0.03441184556004904,0.0,0.0,0.0,0.0,0.0,0.0,0.0,0.0,0.0,0.0,0.0,0.0,0.0,0.0,0.0,0.0,0.0,0.0,0.0,0.0,0.0,0.03881820142333406,0.16174250593055858,0.8345913306016796,4.037092948026742,11.541945223204662,9.568686650851845,3.0278197110200566,0.6469700237222343,0.14233340521889154,4.2911519198664445,2.888473178710921,3.6,2.727636339397171,0.8389355742296918,4.283422459893048,2.8838742227700545,4.296419098143236,2.892240219991977,1.0030341714766358,0.4314,0.01775,0.0,0.0,0.0,0.0,0.0,0.0,0.0,0.0,0.0,0.0,0.0064697002372223434,1.0545611386672402,15.126159154625839,13.19171878369636,0.6210912227733449,0.0,0.0,0.0,0.0,0.0,0.0,0.0,0.0,0.0,0.0,0.0,0.0,0.0,0.0,0.0,nan,nan,4.288851913477537,2.8882270951995372,nan,0.4314,0.0912,0.0,0.0,0.0,0.0,0.0,0.0,0.0,0.0,0.0,0.0,0.0,0.0,0.0,0.0,0.0,1.0782833728703903e-05,0.0,0.0,0.0,0.0024908345913306016,0.0,0.0003234850118611171,0.0012615915462583567,0.007041190424843649,0.0025124002587880094,0.0102221263748113,0.0005930558550787146,0.012810006469700238,0.01807202932930774,0.0032995471209833946,0.008938969161095536,0.023797714039249514,0.02718352383006254,0.04052188915246927,0.035044209618287685,0.04233340521889153,0.02748544317446625,0.04233340521889153,0.04609661419020919,0.03818201423334052,0.05102436920422687,0.020886348932499462,0.02549061893465603,0.053083890446409314,0.01616346775932715,0.00845374164330386,0.031388828984257065,0.048123786931205524,0.0684925598447272,0.024455466896700452,0.051940910071166704,0.016314427431529006,0.016821220616778088,0.04185896053482855,0.0060815182229890016,0.0386780245848609,0.01924735820573647,0.009607504852275179,0.013888289842570628,0.008442958809575156,0.009068363165839984,0.002005607073538926,0.01016821220616778,0.0015958593918481776,0.011634677593271511,0.004420961828768601,0.0,7.547983610092733e-05,0.0,3.234850118611171e-05,0.0,0.0,0.0,0.0,0.0,0.0,0.0,0.0,0.0,0.0,0.0,0.0,0.0,0.0,0.0,0.0,0.0,0.0,0.0,0.0,0.0,0.0,0.0,0.0,0.0,0.0,0.0,0.0,0.0,0.0,0.0,nan,nan,4.288851913477537,2.8882270951995372,nan,0.8629067862349266,0.03369240292093848,0.0,0.0,0.0,0.0,0.0,0.0,0.0,0.0,0.0,0.0,0.0,0.0,0.0,0.0,0.0,0.0,0.0,0.0,0.0,0.0,0.0,0.0629987400251995,0.13859722805543892,0.8567828643427104,3.84292314153717,11.75556488870223,9.651406971860565,3.049139017219656,0.5669886602267955,0.07559848803023941,0.8632142550133645,0.03515449464812982,0.0,0.0,0.0,0.0,0.0,0.0,0.0,0.0,0.0,0.0,0.0,0.0,0.0,0.0,0.0,0.0,0.0,0.0,0.0,0.0,0.0,0.013297872340425535,0.1861702127659575,0.8111702127659549,4.242021276595746,11.31648936170213,9.481382978723406,3.005319148936171,0.7313829787234044,0.21276595744680857,0.4312,0.01778,0.0,0.0,0.0,0.0,0.0,0.0,0.0,0.0,0.0,0.0,0.012599748005039902,1.1339773204535892,15.207895842083161,13.078538429231418,0.5669886602267955,0.0,0.0,0.0,0.0,0.0,0.0,0.0,0.0,0.0,0.0,0.0,0.0,0.0,0.0,0.0,0.4316,0.0177,0.0,0.0,0.0,0.0,0.0,0.0,0.0,0.0,0.0,0.0,0.0,0.9707446808510625,15.03989361702128,13.31117021276596,0.6781914893617023,0.0,0.0,0.0,0.0,0.0,0.0,0.0,0.0,0.0,0.0,0.0,0.0,0.0,0.0,0.0
40900,4654,2422,0.5204125483455092,1154,895,0.44026643747314137,1250,0.5371723248818221,0.482,3.059587813620072,3.13846203037792,6.642967542503864,2.009454277927847,6649.800000000001,9.094947017729282e-13,6649.8,6649.8,6649.800000000002,1.8189894035458565e-12,6649.800000000001,9.094947017729282e-13,28.009669101847873,20.999000144462325,33.02794871794872,19.23915581061348,0.1392350666093683,0.10335195530726257,0.09518693596905888,0.07928663515255693,0.0812204555221315,0.07842715943274603,0.06295659647614955,0.06532015470562956,0.05908895573700043,0.050494198538891276,0.05006446067898582,0.03738719381177482,0.034808766652342074,0.028362698753760206,0.018048990116029222,0.00923936398796734,0.007520412548345509,0.8646747866284453,0.03564595732006516,0.0,0.0,0.0,0.0,0.0,0.0,0.0,0.0,0.0,0.0,0.0,0.0,0.0,0.0,0.0,0.0,0.0,0.0,0.0,0.0,0.006446067898581867,0.025784271594327467,0.1353674258702192,0.8895573700042947,3.8547486033519562,11.125913192952302,10.023635582294801,2.9007305543618402,0.7477438762354965,0.290073055436184,4.3772313910407545,2.9074358416774473,3.25,2.6180463454008347,0.7424784549092028,4.429344151453685,2.932456511626513,4.316910785619174,2.881035662519973,0.9746162497222957,0.4324,0.01842,0.0,0.0,0.0,0.0,0.0,0.0,0.0,0.0,0.0,0.0,0.0193382036957456,1.1216158143532429,14.484314568113454,13.523850451224757,0.8508809626128064,0.0,0.0,0.0,0.0,0.0,0.0,0.0,0.0,0.0,0.0,0.0,0.0,0.0,0.0,0.0,nan,nan,4.372693726937269,2.907204971765954,nan,0.4324,0.0902,0.0,0.0,0.0,0.0,0.0,0.0,0.0,0.0,0.0,0.0,0.0,0.0,0.0,0.0,0.0,0.0,0.0,0.0,0.0,0.0017726686721100129,0.0,0.00024709926944563814,0.0011710356682423722,0.007531155994843146,0.0024495058014611087,0.009862483884830254,0.0005801461108723678,0.011710356682423722,0.016351525569402666,0.003459389772238934,0.008960034379028793,0.02348517404383326,0.026590030081650194,0.04249033089815213,0.0343467984529437,0.03877309840996992,0.027932960893854747,0.0444563816072196,0.045938977223893424,0.03695745595186936,0.04954877524709927,0.0198109153416416,0.024860335195530728,0.053642028362698754,0.016018478727975936,0.008992264718521702,0.032434464976364416,0.05112806188225183,0.0699290932531156,0.026396648044692737,0.053996562097120754,0.014256553502363559,0.017017619252256123,0.04327460249247959,0.007219596046411689,0.038386334336055004,0.019187795444778687,0.009368285345938978,0.01464331757627847,0.00830468414267297,0.00845509239363988,0.0021379458530296517,0.010646755479157714,0.0018371293510958315,0.009400515685431887,0.0040073055436183926,0.0,1.0743446497636441e-05,0.0,2.1486892995272882e-05,0.0,0.0,0.0,0.0,0.0,0.0,0.0,0.0,0.0,0.0,0.0,0.0,0.0,0.0,0.0,0.0,0.0,0.0,0.0,0.0,0.0,0.0,0.0,0.0,0.0,0.0,0.0,0.0,0.0,0.0,0.0,nan,nan,4.372693726937269,2.907204971765954,nan,0.8652343981084895,0.03640186496828426,0.0,0.0,0.0,0.0,0.0,0.0,0.0,0.0,0.0,0.0,0.0,0.0,0.0,0.0,0.0,0.0,0.0,0.0,0.0,0.0,0.0,0.02477291494632536,0.13625103220478946,0.9165978530140352,3.8521882741535927,11.09826589595376,9.710982658959539,3.1461601981833205,0.730800990916598,0.38398018166804304,0.8640675379704403,0.03479695589453123,0.0,0.0,0.0,0.0,0.0,0.0,0.0,0.0,0.0,0.0,0.0,0.0,0.0,0.0,0.0,0.0,0.0,0.0,0.0,0.0,0.013440860215053767,0.026881720430107534,0.13440860215053765,0.8602150537634382,3.857526881720431,11.155913978494628,10.362903225806454,2.634408602150538,0.7661290322580647,0.18817204301075274,0.4324,0.0184,0.0,0.0,0.0,0.0,0.0,0.0,0.0,0.0,0.0,0.0,0.01238645747316268,1.0528488852188258,14.405450041288194,13.699421965317923,0.8298926507018994,0.0,0.0,0.0,0.0,0.0,0.0,0.0,0.0,0.0,0.0,0.0,0.0,0.0,0.0,0.0,0.4321,0.01845,0.0,0.0,0.0,0.0,0.0,0.0,0.0,0.0,0.0,0.0,0.026881720430107534,1.1962365591397832,14.569892473118284,13.333333333333337,0.8736559139784948,0.0,0.0,0.0,0.0,0.0,0.0,0.0,0.0,0.0,0.0,0.0,0.0,0.0,0.0,0.0
41000,4897,2522,0.5150091892995712,1119,1051,0.4431284459873392,1393,0.5689197467837451,0.46199999999999997,2.9957894736842103,3.0534851801101563,6.528273809523809,2.1765329838507497,6649.800000000001,9.094947017729282e-13,6649.8,6649.8,6649.800000000002,1.8189894035458565e-12,6649.800000000002,1.8189894035458565e-12,27.756177251378396,20.91367593354472,32.84250427977501,19.14141790393268,0.14478251991014907,0.09761078211149683,0.09454768225444149,0.08801306922605677,0.07759852971206861,0.07719011639779456,0.06963447008372473,0.06044517051255871,0.06309985705534,0.04819277108433735,0.04676332448437819,0.037778231570349194,0.031039411884827447,0.02593424545640188,0.018174392485195017,0.012660812742495406,0.006534613028384725,0.8643148079048937,0.03590952825417056,0.0,0.0,0.0,0.0,0.0,0.0,0.0,0.0,0.0,0.0,0.0,0.0,0.0,0.0,0.0,0.0,0.0,0.0,0.0,0.0,0.012252399428221364,0.012252399428221364,0.17765979170920976,0.992444353685927,3.8350010210332863,10.95977128854401,10.004084133142742,3.1427404533387797,0.5697365734122933,0.2940575862773127,4.285851165761738,2.8146831329900515,4.0,1.5811388300841898,0.9333035248528205,4.311557788944723,2.817464751074068,4.258587167854828,2.8090936167243803,0.9877142731970989,0.433,0.01808,0.0,0.0,0.0,0.0,0.0,0.0,0.0,0.0,0.0,0.0,0.0,1.0169491525423715,14.053502144169903,13.9371043496018,0.9924443536859303,0.0,0.0,0.0,0.0,0.0,0.0,0.0,0.0,0.0,0.0,0.0,0.0,0.0,0.0,0.0,nan,nan,4.28548644338118,2.813472352316339,nan,0.433,0.0895,0.0,0.0,0.0,0.0,0.0,0.0,0.0,0.0,0.0,0.0,0.0,0.0,0.0,0.0,0.0,0.0,0.0,0.0,0.0,0.002266693894220952,2.0420665713702267e-05,0.00016336532570961814,0.000847457627118644,0.007075760669797836,0.00207269756994078,0.009505819889728406,0.0009495609556871554,0.011404941801102715,0.015162344292423934,0.004012660812742495,0.008678782928323463,0.022850724933632837,0.02601592811925669,0.04059628343884011,0.03333673677761895,0.041025117418827854,0.027629160710639165,0.04196446804165816,0.045834184194404735,0.03811517255462528,0.04759036144578313,0.018511333469471106,0.025321625484990812,0.05614662037982438,0.014713089646722483,0.009179089238309169,0.0337859914233204,0.052838472534204615,0.07289156626506024,0.02576066979783541,0.058964672248315295,0.013661425362466817,0.01809270982234021,0.042577088013069225,0.0056054727384112725,0.039840718807433124,0.019399632428017153,0.008658362262609761,0.01358995303246886,0.009393506228303043,0.007249336328364305,0.0015723912599550746,0.009495609556871554,0.0019603839085154174,0.009873391872575046,0.003685930161323259,7.147232999795794e-05,2.0420665713702267e-05,0.0,2.0420665713702267e-05,0.0,0.0,0.0,0.0,0.0,0.0,0.0,0.0,0.0,0.0,0.0,0.0,0.0,0.0,0.0,0.0,0.0,0.0,0.0,0.0,0.0,0.0,0.0,0.0,0.0,0.0,0.0,0.0,0.0,0.0,0.0,nan,nan,4.28548644338118,2.813472352316339,nan,0.864434803482278,0.03608870328545929,0.0,0.0,0.0,0.0,0.0,0.0,0.0,0.0,0.0,0.0,0.0,0.0,0.0,0.0,0.0,0.0,0.0,0.0,0.0,0.0,0.011895321173671692,0.011895321173671692,0.1427438540840603,1.094369547977792,3.8302934179222845,10.884218873909598,10.05154639175258,3.080888183980968,0.5590800951625695,0.3330689928628074,0.864187385232825,0.03571783794666795,0.0,0.0,0.0,0.0,0.0,0.0,0.0,0.0,0.0,0.0,0.0,0.0,0.0,0.0,0.0,0.0,0.0,0.0,0.0,0.0,0.012631578947368424,0.012631578947368424,0.2147368421052632,0.8842105263157868,3.8400000000000007,11.040000000000003,9.953684210526317,3.2084210526315795,0.5810526315789475,0.2526315789473685,0.433,0.01805,0.0,0.0,0.0,0.0,0.0,0.0,0.0,0.0,0.0,0.0,0.0,0.9159397303727188,14.286280729579701,13.78667724028549,1.0111022997620938,0.0,0.0,0.0,0.0,0.0,0.0,0.0,0.0,0.0,0.0,0.0,0.0,0.0,0.0,0.0,0.433,0.0181,0.0,0.0,0.0,0.0,0.0,0.0,0.0,0.0,0.0,0.0,0.0,1.124210526315788,13.806315789473688,14.09684210526316,0.9726315789473686,0.0,0.0,0.0,0.0,0.0,0.0,0.0,0.0,0.0,0.0,0.0,0.0,0.0,0.0,0.0
41100,4898,2442,0.4985708452429563,1128,1027,0.439975500204165,1375,0.5614536545528788,0.46199999999999997,2.8884364820846904,3.130146029786722,6.79304897314376,2.0452578432341855,6649.800000000001,9.094947017729282e-13,6649.8,6649.8,6649.800000000002,1.8189894035458565e-12,6649.800000000001,9.094947017729282e-13,27.005716619028174,20.723784967024404,32.035801863658655,19.0807168368826,0.14597795018374846,0.11004491629236424,0.09616169865251123,0.08432013066557778,0.0847284605961617,0.07309105757452021,0.06696610861576154,0.06472029399755003,0.05287872601061658,0.05389955083707636,0.04450796243364639,0.03389138423846468,0.03307472437729685,0.02041649652919559,0.017762351980400163,0.010616578195181707,0.006941608819926501,0.8645631917012667,0.03483990939603653,0.0,0.0,0.0,0.0,0.0,0.0,0.0,0.0,0.0,0.0,0.0,0.0,0.0,0.0,0.0,0.0,0.0,0.0,0.0,0.0,0.012249897917517356,0.012249897917517356,0.13474887709269093,0.9126173948550401,3.497345855451205,11.35565536953859,10.351163740302168,2.8113515720702336,0.6737443854634546,0.23887300939158845,4.452139823587063,2.9296576564022407,2.8,2.7129319932501077,0.6289110654534781,4.371020142949967,2.9287785275882228,4.528487229862476,2.929258809754757,1.0360252485146946,0.4333,0.01797,0.0,0.0,0.0,0.0,0.0,0.0,0.0,0.0,0.0,0.0,0.0,0.8819926500612482,14.350755410371583,13.775010208248268,0.9922417313189058,0.0,0.0,0.0,0.0,0.0,0.0,0.0,0.0,0.0,0.0,0.0,0.0,0.0,0.0,0.0,nan,nan,4.449445531637313,2.930075730950919,nan,0.4333,0.08905,0.0,0.0,0.0,0.0,0.0,0.0,0.0,0.0,0.0,0.0,0.0,0.0,0.0,0.0,0.0,0.0,2.041649652919559e-05,0.0,0.0,0.002307064107799102,3.062474479379339e-05,0.00012249897917517355,0.0008064516129032258,0.005920783993466721,0.0018272764393630053,0.010534912209064924,0.0007758268681094324,0.012484687627603103,0.014107799101674152,0.00388934258881176,0.009697835851367905,0.021590445079624338,0.027735810534912208,0.041159657002858306,0.032319314005716616,0.04061861984483463,0.0263883217639853,0.04207839934667211,0.0425990200081666,0.038178848509595756,0.04857084524295631,0.019150673744385463,0.026459779501837484,0.054226214781543484,0.015353205389955084,0.009299714169048592,0.03551449571253573,0.05374642711310739,0.07284605961616987,0.026347488770926908,0.06009595753368722,0.013576970191915068,0.01723152307064108,0.04236423029808085,0.00569620253164557,0.04249693752552062,0.019201714985708454,0.007166190281747652,0.012484687627603103,0.009136382196815026,0.007288689260922826,0.0015108207431604737,0.009881584320130666,0.0021947733768885257,0.009064924458962842,0.0037464271131073907,9.187423438138016e-05,6.124948958758678e-05,0.0,0.0,0.0,0.0,0.0,0.0,0.0,0.0,0.0,0.0,0.0,0.0,0.0,0.0,0.0,0.0,0.0,0.0,0.0,0.0,0.0,0.0,0.0,0.0,0.0,0.0,0.0,0.0,0.0,0.0,0.0,0.0,0.0,nan,nan,4.449445531637313,2.930075730950919,nan,0.8643673710604363,0.03579931407702291,0.0,0.0,0.0,0.0,0.0,0.0,0.0,0.0,0.0,0.0,0.0,0.0,0.0,0.0,0.0,0.0,0.0,0.0,0.0,0.0,0.024570024570024575,0.012285012285012288,0.15970515970515975,1.0319410319410287,3.513513513513514,11.253071253071257,10.159705159705164,2.850122850122851,0.7493857493857495,0.24570024570024573,0.8647578961006593,0.03385790850487142,0.0,0.0,0.0,0.0,0.0,0.0,0.0,0.0,0.0,0.0,0.0,0.0,0.0,0.0,0.0,0.0,0.0,0.0,0.0,0.0,0.0,0.012214983713355053,0.10993485342019546,0.7939739413680756,3.4812703583061895,11.457654723127039,10.54153094462541,2.772801302931597,0.5985342019543974,0.23208469055374598,0.4336,0.01805,0.0,0.0,0.0,0.0,0.0,0.0,0.0,0.0,0.0,0.0,0.0,0.7985257985257974,14.398034398034401,13.771498771498775,1.031941031941032,0.0,0.0,0.0,0.0,0.0,0.0,0.0,0.0,0.0,0.0,0.0,0.0,0.0,0.0,0.0,0.4329,0.01788,0.0,0.0,0.0,0.0,0.0,0.0,0.0,0.0,0.0,0.0,0.0,0.9649837133550474,14.303745928338765,13.778501628664499,0.952768729641694,0.0,0.0,0.0,0.0,0.0,0.0,0.0,0.0,0.0,0.0,0.0,0.0,0.0,0.0,0.0
41200,4789,2448,0.5111714345374817,1116,1002,0.44226352056796825,1377,0.5750678638546669,0.47,3.042716787697565,3.0571746917348306,6.536873156342183,2.074774100470093,6649.800000000001,9.094947017729282e-13,6649.8,6649.8,6649.800000000001,9.094947017729282e-13,6649.800000000002,1.8189894035458565e-12,27.86949258717895,20.88699938080233,32.84793429566949,19.116837638527542,0.14220087700981415,0.10169137607016078,0.08895385257882647,0.08811860513677176,0.07663395280851952,0.07913969513468365,0.06932553769054083,0.06097306326999374,0.05888494466485696,0.051158905825850906,0.04740029233660472,0.04155356024222176,0.03027771977448319,0.028398413029860094,0.019419503027771977,0.010231781165170182,0.005637920233869284,0.8651766513553435,0.03402128994352282,0.0,0.0,0.0,0.0,0.0,0.0,0.0,0.0,0.0,0.0,0.0,0.0,0.0,0.0,0.0,0.0,0.0,0.0,0.0,0.0,0.0,0.006264355815410317,0.10022969304656507,0.7329296304030046,3.8525788264773446,11.100438504907082,10.179578200041764,3.1509709751513895,0.6765504280643142,0.20045938609313013,4.440169546788392,2.8216043825743053,nan,nan,nan,4.446780551905388,2.8374940852403907,4.433937823834197,2.806734782841415,0.9971119042369455,0.4336,0.01788,0.0,0.0,0.0,0.0,0.0,0.0,0.0,0.0,0.0,0.0,0.0,0.9584464397577769,13.775318438087286,14.295259970766342,0.970975151388599,0.0,0.0,0.0,0.0,0.0,0.0,0.0,0.0,0.0,0.0,0.0,0.0,0.0,0.0,0.0,nan,nan,4.440169546788392,2.8216043825743053,nan,0.4336,0.0889,0.0,0.0,0.0,0.0,0.0,0.0,0.0,0.0,0.0,0.0,0.0,0.0,0.0,0.0,0.0,0.0,2.0881186051367718e-05,0.0,0.0,0.0020254750469826687,0.0,3.1321779077051577e-05,0.0008665692211317602,0.005815410315305909,0.0017853414073919398,0.010586761328043433,0.0007204009187721862,0.012455627479640843,0.012800167049488411,0.0035080392566297766,0.009229484234704531,0.021497181039883066,0.026915848820212987,0.0423679264982251,0.03345166005429109,0.040279807893088326,0.02562121528502819,0.04320317394027981,0.04365211944038421,0.03994570891626644,0.05011484652328252,0.0208289830862393,0.02402380455209856,0.05318438087283358,0.015410315305909375,0.009657548548757569,0.03565462518271038,0.055637920233869285,0.0663604092712466,0.025767383587387765,0.06003340989768219,0.014575067863854667,0.01836500313217791,0.04499895594069743,0.00603466276884527,0.04126122363750261,0.018866151597410733,0.006233034036333264,0.012466068072666528,0.009480058467320944,0.006942994362079766,0.0014303612445186887,0.010294424723324284,0.0019628314888285653,0.009208603048653164,0.004291083733556066,9.396533723115473e-05,4.1762372102735435e-05,0.0,0.0,0.0,0.0,0.0,0.0,0.0,0.0,0.0,0.0,0.0,0.0,0.0,0.0,0.0,0.0,0.0,0.0,0.0,0.0,0.0,0.0,0.0,0.0,0.0,0.0,0.0,0.0,0.0,0.0,0.0,0.0,0.0,nan,nan,4.440169546788392,2.8216043825743053,nan,0.8662112575097412,0.034108439210750824,0.0,0.0,0.0,0.0,0.0,0.0,0.0,0.0,0.0,0.0,0.0,0.0,0.0,0.0,0.0,0.0,0.0,0.0,0.0,0.0,0.0,0.012254901960784317,0.08578431372549022,0.6617647058823509,3.7867647058823537,10.698529411764708,10.50245098039216,3.345588235294118,0.7107843137254903,0.19607843137254907,0.8640947564958966,0.03389615758168839,0.0,0.0,0.0,0.0,0.0,0.0,0.0,0.0,0.0,0.0,0.0,0.0,0.0,0.0,0.0,0.0,0.0,0.0,0.0,0.0,0.0,0.0,0.11533532678342591,0.8073472874839787,3.921401110636481,11.520717642033322,9.84194788551901,2.9474583511319956,0.6407518154634773,0.20504058094831273,0.4333,0.01794,0.0,0.0,0.0,0.0,0.0,0.0,0.0,0.0,0.0,0.0,0.0,0.9436274509803908,13.995098039215689,14.044117647058826,1.0171568627450982,0.0,0.0,0.0,0.0,0.0,0.0,0.0,0.0,0.0,0.0,0.0,0.0,0.0,0.0,0.0,0.4336,0.0178,0.0,0.0,0.0,0.0,0.0,0.0,0.0,0.0,0.0,0.0,0.0,0.973942759504484,13.54549337889791,14.557881247330204,0.9226826142674073,0.0,0.0,0.0,0.0,0.0,0.0,0.0,0.0,0.0,0.0,0.0,0.0,0.0,0.0,0.0
41300,4822,2434,0.504769805060141,1165,1016,0.4523019493985898,1437,0.5960182496889258,0.3779999999999999,2.8174204355108876,2.8717998218658662,6.001412429378531,2.0360447517262363,6649.800000000002,1.8189894035458565e-12,6649.8,6649.8,6649.800000000001,9.094947017729282e-13,6649.800000000001,9.094947017729282e-13,28.85130651182082,20.78966970390698,33.49136463147653,18.983749361777818,0.12733305682289506,0.09788469514724181,0.08606387391124015,0.08564910825383658,0.08191621733720449,0.07486520116134385,0.06802156781418499,0.07030277892990461,0.061385317295727916,0.054956449605972624,0.048942347573620905,0.04500207382828702,0.03836582330982995,0.023849025300705103,0.018664454583160513,0.010783907092492741,0.0060141020323517215,0.8646018288532069,0.03467459101654261,0.0,0.0,0.0,0.0,0.0,0.0,0.0,0.0,0.0,0.0,0.0,0.0,0.0,0.0,0.0,0.0,0.0,0.0,0.0,0.0,0.0,0.04977187888842805,0.14931563666528413,0.7465781833264182,3.7702198257984247,11.466196598921613,9.805060141020325,3.1169639153878066,0.6905848195769392,0.2053090004147657,4.025986224170319,2.6715905562039404,3.5,2.1213203435596424,0.8693522046815461,4.02605459057072,2.6768590287960934,4.023270440251572,2.6640087768887057,0.999308466823657,0.4336,0.01816,0.0,0.0,0.0,0.0,0.0,0.0,0.0,0.0,0.0,0.0,0.012442969722107013,0.9083367897138104,13.9299046038988,14.060555785980924,1.0887598506843634,0.0,0.0,0.0,0.0,0.0,0.0,0.0,0.0,0.0,0.0,0.0,0.0,0.0,0.0,0.0,nan,nan,4.024672079950031,2.6704861398043107,nan,0.4336,0.08844,0.0,0.0,0.0,0.0,0.0,0.0,0.0,0.0,0.0,0.0,0.0,0.0,0.0,0.0,0.0,0.0,0.0,0.0,1.0369141435089174e-05,0.0016383243467440896,0.0,8.295313148071339e-05,0.0006843633347158855,0.005111986727498963,0.001731646619659892,0.009518871837411862,0.0008295313148071339,0.012743674823724595,0.013666528411447533,0.004251347988386562,0.009218166735794276,0.02096640398175031,0.028753629199502282,0.04120696806304438,0.03461219411032766,0.04007673164661966,0.02510369141435089,0.04336374948154293,0.04231646619659892,0.04192243882206553,0.04977187888842804,0.0213604313562837,0.02297801742015761,0.05368104520945666,0.014858979676482788,0.009124844462878473,0.03532766486934882,0.05668809622563252,0.06154085441725425,0.02740564081294069,0.061209041891331396,0.015097469929489838,0.018954790543343012,0.045696806304437995,0.006667357942762339,0.04252384902530071,0.019867274989630857,0.005785980920779759,0.01193488179178764,0.008710078805474907,0.006262961426793862,0.0015761094981335546,0.011768975528826213,0.0011717129821650768,0.008201990875155538,0.004002488593944422,0.0,2.0738282870178348e-05,0.0,0.0,0.0,0.0,0.0,0.0,0.0,0.0,0.0,0.0,0.0,0.0,0.0,0.0,0.0,0.0,0.0,0.0,0.0,0.0,0.0,0.0,0.0,0.0,0.0,0.0,0.0,0.0,0.0,0.0,0.0,0.0,0.0,nan,nan,4.024672079950031,2.6704861398043107,nan,0.8645945597889978,0.033883559035060164,0.0,0.0,0.0,0.0,0.0,0.0,0.0,0.0,0.0,0.0,0.0,0.0,0.0,0.0,0.0,0.0,0.0,0.0,0.0,0.0,0.0,0.04930156121610519,0.08627773212818408,0.6532456861133915,3.833196384552178,11.844700082169272,9.564502875924406,3.1429745275267056,0.6162695152013148,0.20953163516844706,0.8646092379412659,0.03546270585736884,0.0,0.0,0.0,0.0,0.0,0.0,0.0,0.0,0.0,0.0,0.0,0.0,0.0,0.0,0.0,0.0,0.0,0.0,0.0,0.0,0.0,0.050251256281407045,0.21356783919597994,0.8417085427135653,3.7060301507537696,11.080402010050255,10.050251256281408,3.0904522613065333,0.7663316582914574,0.20100502512562818,0.4338,0.01836,0.0,0.0,0.0,0.0,0.0,0.0,0.0,0.0,0.0,0.0,0.012325390304026297,0.8874281018898919,13.705834018077242,14.30977814297453,1.084634346754314,0.0,0.0,0.0,0.0,0.0,0.0,0.0,0.0,0.0,0.0,0.0,0.0,0.0,0.0,0.0,0.4333,0.01796,0.0,0.0,0.0,0.0,0.0,0.0,0.0,0.0,0.0,0.0,0.012562814070351761,0.9296482412060288,14.158291457286435,13.806532663316586,1.0929648241206031,0.0,0.0,0.0,0.0,0.0,0.0,0.0,0.0,0.0,0.0,0.0,0.0,0.0,0.0,0.0
41400,4288,2164,0.5046641791044776,1049,905,0.4556902985074627,1208,0.5634328358208955,0.45799999999999996,2.865348399246704,3.001058322599287,6.451048951048951,2.0609715657443197,6649.800000000001,9.094947017729282e-13,6649.8,6649.8,6649.800000000001,9.094947017729282e-13,6649.800000000001,9.094947017729282e-13,28.046641791044777,21.017720133686122,33.011379406050516,19.258114512824232,0.14249067164179105,0.09375,0.09514925373134328,0.09025186567164178,0.07555970149253731,0.07719216417910447,0.07392723880597014,0.05480410447761194,0.05970149253731343,0.05480410447761194,0.04827425373134328,0.03941231343283582,0.028684701492537313,0.02658582089552239,0.018656716417910446,0.013992537313432836,0.006763059701492537,0.8668488966745894,0.03348464730410186,0.0,0.0,0.0,0.0,0.0,0.0,0.0,0.0,0.0,0.0,0.0,0.0,0.0,0.0,0.0,0.0,0.0,0.0,0.0,0.0,0.0,0.0,0.1539179104477612,0.6156716417910428,3.3582089552238816,10.928171641791046,10.851212686567166,3.183302238805971,0.6716417910447762,0.23787313432835827,4.2445005409304,2.822059606581235,3.5,3.5,0.8245964316057773,4.183866279069767,2.862203807083189,4.303073624017155,2.7819875009825448,1.0284921498432527,0.4348,0.01749,0.0,0.0,0.0,0.0,0.0,0.0,0.0,0.0,0.0,0.0,0.0,0.7625932835820884,12.824160447761198,15.517723880597018,0.8885261194029853,0.00699626865671642,0.0,0.0,0.0,0.0,0.0,0.0,0.0,0.0,0.0,0.0,0.0,0.0,0.0,0.0,nan,nan,4.243963963963964,2.8226775606352947,nan,0.4348,0.0883,0.0,0.0,0.0,0.0,0.0,0.0,0.0,0.0,0.0,0.0,0.0,0.0,0.0,0.0,0.0,0.0,0.0,0.0,0.0,0.0010144589552238807,0.0,5.830223880597015e-05,0.0008162313432835821,0.005095615671641791,0.0018190298507462686,0.007590951492537313,0.0006296641791044776,0.012838152985074626,0.01490205223880597,0.004652518656716418,0.007905783582089551,0.01912313432835821,0.026492537313432835,0.045347481343283584,0.03315065298507463,0.039995335820895525,0.024778451492537313,0.04173274253731343,0.043143656716417914,0.04147621268656716,0.048798973880597014,0.022434701492537314,0.02273787313432836,0.05514225746268657,0.014680503731343284,0.010517723880597015,0.03380363805970149,0.059573227611940296,0.057964085820895524,0.02827658582089552,0.061975279850746266,0.01513526119402985,0.020417444029850747,0.045592350746268655,0.007019589552238806,0.04172108208955224,0.019344682835820897,0.005608675373134329,0.012465018656716419,0.00871035447761194,0.006401585820895522,0.002040578358208955,0.012161847014925373,0.0011310634328358209,0.010016324626865672,0.0037663246268656715,0.0,0.0,0.0,0.0,0.0,0.0,0.0,0.0,0.0,0.0,0.0,0.0,0.0,0.0,0.0,0.0,0.0,0.0,0.0,0.0,0.0,0.0,0.0,0.0,0.0,0.0,0.0,0.0,0.0,0.0,0.0,0.0,0.0,0.0,0.0,nan,nan,4.243963963963964,2.8226775606352947,nan,0.8663800401189631,0.03403414810444404,0.0,0.0,0.0,0.0,0.0,0.0,0.0,0.0,0.0,0.0,0.0,0.0,0.0,0.0,0.0,0.0,0.0,0.0,0.0,0.0,0.0,0.0,0.19408502772643257,0.623844731977817,3.4935304990757863,10.938077634011092,10.716266173752313,3.1192236598890952,0.6377079482439927,0.2772643253234751,0.8673265829205289,0.03290849601574414,0.0,0.0,0.0,0.0,0.0,0.0,0.0,0.0,0.0,0.0,0.0,0.0,0.0,0.0,0.0,0.0,0.0,0.0,0.0,0.0,0.0,0.0,0.1129943502824859,0.6073446327683597,3.220338983050848,10.918079096045199,10.988700564971753,3.2485875706214697,0.7062146892655369,0.19774011299435035,0.4346,0.01778,0.0,0.0,0.0,0.0,0.0,0.0,0.0,0.0,0.0,0.0,0.0,0.8456561922365976,12.823475046210724,15.36044362292052,0.9704251386321628,0.0,0.0,0.0,0.0,0.0,0.0,0.0,0.0,0.0,0.0,0.0,0.0,0.0,0.0,0.0,0.4348,0.01717,0.0,0.0,0.0,0.0,0.0,0.0,0.0,0.0,0.0,0.0,0.0,0.6779661016949143,12.82485875706215,15.677966101694919,0.805084745762712,0.014124293785310738,0.0,0.0,0.0,0.0,0.0,0.0,0.0,0.0,0.0,0.0,0.0,0.0,0.0,0.0
41500,4367,2195,0.5026333867643691,1048,890,0.4437829173345546,1247,0.5711014426379666,0.43799999999999994,2.9373848987108655,2.980251477689289,6.228971962616822,2.0694112220792387,6649.800000000001,9.094947017729282e-13,6649.8,6649.8,6649.800000000001,9.094947017729282e-13,6649.800000000001,9.094947017729282e-13,28.454774444698877,21.155864477144895,33.423788786064236,19.38445213173422,0.13464621021296083,0.10167162811999084,0.0904511106022441,0.08587130753377605,0.0819784749255782,0.07075795740783146,0.06938401648729105,0.0652621937256698,0.06022441035035493,0.05106480421341882,0.04671399129837417,0.03938630638882528,0.03572246393405083,0.025646897183421113,0.020151133501259445,0.01305243874513396,0.008014655369819098,0.8672542748228483,0.03630379047662562,0.0,0.0,0.0,0.0,0.0,0.0,0.0,0.0,0.0,0.0,0.0,0.0,0.0,0.0,0.0,0.0,0.0,0.0,0.0,0.0,0.0,0.006869704602702085,0.21983054728646673,0.8106251431188434,3.537897870391574,10.174032516601788,10.661781543393635,3.4142431875429367,0.9342798259674836,0.240439661094573,4.261560183551006,2.784480203725243,5.0,2.0,1.173279218089953,4.173389950460014,2.7914690917361775,4.351578947368421,2.772655823203225,1.0426964647501407,0.4329,0.01785,0.0,0.0,0.0,0.0,0.0,0.0,0.0,0.0,0.0,0.0,0.0,0.8655827799404613,14.39890084726357,13.856194183650107,0.8793221891458669,0.0,0.0,0.0,0.0,0.0,0.0,0.0,0.0,0.0,0.0,0.0,0.0,0.0,0.0,0.0,nan,nan,4.262861169837914,2.7834648157114095,nan,0.4329,0.08795,0.0,0.0,0.0,0.0,0.0,0.0,0.0,0.0,0.0,0.0,0.0,0.0,0.0,0.0,0.0,0.0,0.0,0.0,0.0,0.0007785665216395695,0.0,1.1449507671170139e-05,0.00044653079917563544,0.006228532173116556,0.0026562857797114725,0.005885046942981452,0.0007327684909548889,0.01393405083581406,0.01314403480650332,0.003938630638882528,0.008346691092283032,0.020803755438516144,0.02609342798259675,0.04926723150904511,0.03542477673460041,0.039157316235401876,0.026608655827799404,0.04411495305701855,0.04338218456606366,0.04357682619647355,0.04720632012823449,0.0220861002976872,0.02142202885275933,0.05634302724982826,0.015273643233340966,0.009525990382413555,0.03178383329516831,0.0592397526906343,0.05634302724982826,0.02855507213189833,0.061128921456377376,0.015525532402106709,0.02049461873139455,0.04503091367071216,0.006411724295855278,0.04103503549347378,0.01947561254866041,0.005324021067094115,0.01237691779253492,0.00818639798488665,0.006136936111747195,0.00243874513395924,0.009617586443782918,0.0009388596290359515,0.00975498053583696,0.003766888023814976,4.5798030684680556e-05,0.0,0.0,0.0,0.0,0.0,0.0,0.0,0.0,0.0,0.0,0.0,0.0,0.0,0.0,0.0,0.0,0.0,0.0,0.0,0.0,0.0,0.0,0.0,0.0,0.0,0.0,0.0,0.0,0.0,0.0,0.0,0.0,0.0,0.0,nan,nan,4.262861169837914,2.7834648157114095,nan,0.8670481509934254,0.0367483509481228,0.0,0.0,0.0,0.0,0.0,0.0,0.0,0.0,0.0,0.0,0.0,0.0,0.0,0.0,0.0,0.0,0.0,0.0,0.0,0.0,0.0,0.013667425968109343,0.24601366742596817,0.8747152619589951,3.498861047835992,10.086560364464694,10.687927107061505,3.3211845102505704,1.0660592255125287,0.20501138952164014,0.8674625813631721,0.035847717922730685,0.0,0.0,0.0,0.0,0.0,0.0,0.0,0.0,0.0,0.0,0.0,0.0,0.0,0.0,0.0,0.0,0.0,0.0,0.0,0.0,0.0,0.0,0.19337016574585641,0.7458563535911579,3.5773480662983435,10.26243093922652,10.635359116022101,3.5082872928176805,0.8011049723756908,0.276243093922652,0.4329,0.01749,0.0,0.0,0.0,0.0,0.0,0.0,0.0,0.0,0.0,0.0,0.0,0.8063781321184499,14.610478359908887,13.790432801822327,0.7927107061503419,0.0,0.0,0.0,0.0,0.0,0.0,0.0,0.0,0.0,0.0,0.0,0.0,0.0,0.0,0.0,0.4329,0.01822,0.0,0.0,0.0,0.0,0.0,0.0,0.0,0.0,0.0,0.0,0.0,0.9254143646408827,14.18508287292818,13.92265193370166,0.966850828729282,0.0,0.0,0.0,0.0,0.0,0.0,0.0,0.0,0.0,0.0,0.0,0.0,0.0,0.0,0.0
41600,4176,2124,0.5086206896551724,977,860,0.4398946360153257,1173,0.5617816091954023,0.478,3.0253411306042883,3.119507435159576,6.718260869565217,2.0985950832048132,6649.800000000002,1.8189894035458565e-12,6649.8,6649.8,6649.800000000001,9.094947017729282e-13,6649.800000000003,2.7284841053187847e-12,27.574473180076627,20.871946049814543,32.56124785346308,19.177778182166875,0.14272030651340997,0.10632183908045977,0.09075670498084291,0.09051724137931035,0.08141762452107279,0.06824712643678162,0.06992337164750957,0.06513409961685823,0.05316091954022988,0.05387931034482758,0.0428639846743295,0.038314176245210725,0.035201149425287355,0.028017241379310345,0.018199233716475097,0.010775862068965518,0.004549808429118774,0.8661559296493557,0.03531681978106302,0.0,0.0,0.0,0.0,0.0,0.0,0.0,0.0,0.0,0.0,0.0,0.0,0.0,0.0,0.0,0.0,0.0,0.0,0.0,0.0,0.0,0.014367816091954026,0.1795977011494253,0.7543103448275839,3.5272988505747134,11.005747126436784,10.071839080459771,3.3692528735632195,0.8045977011494255,0.27298850574712646,4.402804092459265,2.875779825682703,4.0,2.7386127875258306,0.9085119201308202,4.4168564920273345,2.868167102060687,4.386466165413534,2.882584000429461,0.9931194670533995,0.4333,0.01744,0.0,0.0,0.0,0.0,0.0,0.0,0.0,0.0,0.0,0.0,0.0,0.8261494252873551,14.145114942528739,14.16666666666667,0.8548850574712645,0.007183908045977013,0.0,0.0,0.0,0.0,0.0,0.0,0.0,0.0,0.0,0.0,0.0,0.0,0.0,0.0,nan,nan,4.40158670192671,2.875460137015686,nan,0.4333,0.088,0.0,0.0,0.0,0.0,0.0,0.0,0.0,0.0,0.0,0.0,0.0,0.0,0.0,0.0,0.0,0.0,0.0,0.0,0.0,0.0008022030651340996,0.0,4.789272030651341e-05,0.00021551724137931034,0.006309865900383142,0.00225095785440613,0.005244252873563219,0.0007543103448275862,0.01373323754789272,0.01396072796934866,0.0036398467432950193,0.009770114942528735,0.019731800766283523,0.02667624521072797,0.047976532567049805,0.035440613026819924,0.03879310344827586,0.02673611111111111,0.04500718390804598,0.04420498084291188,0.04403735632183908,0.043426724137931035,0.02289272030651341,0.020917145593869733,0.0545617816091954,0.015241858237547893,0.009554597701149425,0.03338122605363985,0.060943486590038315,0.05741139846743295,0.029322318007662836,0.06069204980842912,0.01691810344827586,0.019097222222222224,0.04633620689655173,0.0056752873563218394,0.03903256704980843,0.01933668582375479,0.005483716475095785,0.01264367816091954,0.007734674329501916,0.006082375478927203,0.002382662835249042,0.010488505747126438,0.0018917624521072797,0.009698275862068966,0.003364463601532567,2.3946360153256706e-05,0.0,0.0,0.00010775862068965517,2.3946360153256706e-05,0.0,0.0,0.0,0.0,0.0,0.0,0.0,0.0,0.0,0.0,0.0,0.0,0.0,0.0,0.0,0.0,0.0,0.0,0.0,0.0,0.0,0.0,0.0,0.0,0.0,0.0,0.0,0.0,0.0,0.0,nan,nan,4.40158670192671,2.875460137015686,nan,0.8665388142602367,0.035686132367063,0.0,0.0,0.0,0.0,0.0,0.0,0.0,0.0,0.0,0.0,0.0,0.0,0.0,0.0,0.0,0.0,0.0,0.0,0.0,0.0,0.0,0.014124293785310738,0.21186440677966106,0.734463276836156,3.4180790960451986,10.833333333333336,10.296610169491528,3.290960451977402,0.9463276836158194,0.25423728813559326,0.8657596104907246,0.034926015834309675,0.0,0.0,0.0,0.0,0.0,0.0,0.0,0.0,0.0,0.0,0.0,0.0,0.0,0.0,0.0,0.0,0.0,0.0,0.0,0.0,0.0,0.014619883040935675,0.14619883040935674,0.7748538011695882,3.6403508771929833,11.184210526315791,9.83918128654971,3.4502923976608195,0.6578947368421054,0.2923976608187135,0.4333,0.01775,0.0,0.0,0.0,0.0,0.0,0.0,0.0,0.0,0.0,0.0,0.0,0.8615819209039535,14.067796610169495,14.15254237288136,0.918079096045198,0.0,0.0,0.0,0.0,0.0,0.0,0.0,0.0,0.0,0.0,0.0,0.0,0.0,0.0,0.0,0.4333,0.01712,0.0,0.0,0.0,0.0,0.0,0.0,0.0,0.0,0.0,0.0,0.0,0.7894736842105252,14.225146198830412,14.181286549707606,0.7894736842105265,0.014619883040935675,0.0,0.0,0.0,0.0,0.0,0.0,0.0,0.0,0.0,0.0,0.0,0.0,0.0,0.0
41700,4528,2245,0.4958038869257951,1039,982,0.4463339222614841,1278,0.5644876325088339,0.42199999999999993,2.911519929916776,3.0214684482569347,6.458860759493671,1.9780961869726856,6649.800000000001,9.094947017729282e-13,6649.8,6649.8,6649.800000000002,1.8189894035458565e-12,6649.800000000001,9.094947017729282e-13,28.151280918727917,20.88596082699256,33.190036900369,19.06277939048664,0.14045936395759717,0.09231448763250884,0.09386042402826855,0.08745583038869258,0.08237632508833923,0.0719964664310954,0.07265901060070672,0.0627208480565371,0.05874558303886926,0.05499116607773852,0.04814487632508834,0.036219081272084806,0.03820671378091873,0.024514134275618375,0.017226148409893994,0.00993816254416961,0.008171378091872792,0.8647932963636654,0.03582823052330701,0.0,0.0,0.0,0.0,0.0,0.0,0.0,0.0,0.0,0.0,0.0,0.0,0.0,0.0,0.0,0.0,0.0,0.0,0.0,0.0,0.006625441696113076,0.019876325088339225,0.2981448763250884,0.8149293286219056,3.5512367491166086,11.018109540636045,10.421819787985868,2.8158127208480574,0.788427561837456,0.265017667844523,4.288804945054945,2.781791451876612,6.75,2.1262251370288454,1.5738650012010569,4.2961198093941455,2.7681190802208775,4.301718213058419,2.799674220673177,1.0013031302460493,0.4336,0.01767,0.0,0.0,0.0,0.0,0.0,0.0,0.0,0.0,0.0,0.0,0.0,0.9076855123674897,13.65503533568905,14.609098939929332,0.8281802120141345,0.0,0.0,0.0,0.0,0.0,0.0,0.0,0.0,0.0,0.0,0.0,0.0,0.0,0.0,0.0,nan,nan,4.29890560875513,2.783867224377707,nan,0.4336,0.0887,0.0,0.0,0.0,0.0,0.0,0.0,0.0,0.0,0.0,0.0,0.0,0.0,0.0,0.0,0.0,0.0,0.0,0.0,0.0,0.0011704946996466431,0.0,0.00012146643109540637,0.0005962897526501767,0.00620583038869258,0.0023520318021201412,0.005565371024734983,0.0011815371024734983,0.014432420494699647,0.013571113074204947,0.00357773851590106,0.009816696113074204,0.01845185512367491,0.026755742049469965,0.047935070671378095,0.03443021201413428,0.03746687279151943,0.026888250883392226,0.04444567137809187,0.04562720848056537,0.04577075971731449,0.04263471731448763,0.022813604240282684,0.019534010600706714,0.05443904593639576,0.014366166077738517,0.010214222614840989,0.03572217314487632,0.061384717314487636,0.05483657243816254,0.030200971731448763,0.059253533568904594,0.017270318021201412,0.018418727915194347,0.04615724381625442,0.006150618374558304,0.03911219081272085,0.019644434628975267,0.006139575971731449,0.012444787985865725,0.006824204946996466,0.0060954063604240286,0.0022195229681978798,0.010037544169611307,0.0021090989399293286,0.011020318021201413,0.0042513250883392225,3.312720848056537e-05,1.1042402826855123e-05,0.0,0.00029814487632508837,0.0,0.0,0.0,0.0,0.0,0.0,0.0,0.0,0.0,0.0,0.0,0.0,0.0,0.0,0.0,0.0,0.0,0.0,0.0,0.0,0.0,0.0,0.0,0.0,0.0,0.0,0.0,0.0,0.0,0.0,0.0,nan,nan,4.29890560875513,2.783867224377707,nan,0.8653164598883393,0.03630993443757942,0.0,0.0,0.0,0.0,0.0,0.0,0.0,0.0,0.0,0.0,0.0,0.0,0.0,0.0,0.0,0.0,0.0,0.0,0.0,0.0,0.0,0.0,0.3741648106904233,0.8418708240534495,3.3808463251670386,10.797327394209356,10.396436525612474,3.153674832962139,0.7750556792873053,0.28062360801781744,0.8642788407732612,0.03534059209950923,0.0,0.0,0.0,0.0,0.0,0.0,0.0,0.0,0.0,0.0,0.0,0.0,0.0,0.0,0.0,0.0,0.0,0.0,0.0,0.0,0.013140604467805522,0.039421813403416564,0.22339027595269387,0.7884362680683287,3.7187910643889626,11.235216819973722,10.44678055190539,2.4835742444152435,0.8015768725361369,0.2496714848883049,0.433,0.01813,0.0,0.0,0.0,0.0,0.0,0.0,0.0,0.0,0.0,0.0,0.0,0.9755011135857447,13.777282850779514,14.258351893095771,0.9888641425389757,0.0,0.0,0.0,0.0,0.0,0.0,0.0,0.0,0.0,0.0,0.0,0.0,0.0,0.0,0.0,0.4338,0.0172,0.0,0.0,0.0,0.0,0.0,0.0,0.0,0.0,0.0,0.0,0.0,0.8409986859395521,13.534822601839688,14.954007884362683,0.6701708278580816,0.0,0.0,0.0,0.0,0.0,0.0,0.0,0.0,0.0,0.0,0.0,0.0,0.0,0.0,0.0
41800,4119,2098,0.5093469288662297,993,815,0.43894149065307114,1145,0.5559601845108036,0.44599999999999995,2.8891637803067787,2.989936335583173,6.396521739130435,1.990234001307935,6649.800000000002,1.8189894035458565e-12,6649.8,6649.8,6649.800000000002,1.8189894035458565e-12,6649.800000000002,1.8189894035458565e-12,27.758193736343774,20.88570011465478,32.889082969432316,19.077401070875084,0.14712308812818645,0.10002427773731488,0.09395484340859432,0.08400097110949259,0.07938820101966497,0.0721048798252003,0.06554989075018208,0.06385044913814032,0.05583879582422918,0.05778101480941976,0.04928380674921097,0.04005826656955572,0.030104394270453992,0.029376062151007527,0.01529497450837582,0.011410536537994658,0.004855547462976451,0.8669391836058489,0.035856322025444455,0.0,0.0,0.0,0.0,0.0,0.0,0.0,0.0,0.0,0.0,0.0,0.0,0.0,0.0,0.0,0.0,0.0,0.0,0.0,0.0,0.0,0.014566642388929355,0.17479970866715225,0.6045156591405663,3.7363437727603794,10.538965768390387,10.495265841223599,3.2847778587035696,0.8084486525855793,0.3423160961398398,4.226149752945648,2.760862992080632,4.0,1.224744871391589,0.9464879935245974,4.213636363636364,2.73026729536363,4.236681887366819,2.7885108835201975,1.0054692720827403,0.4336,0.01701,0.0,0.0,0.0,0.0,0.0,0.0,0.0,0.0,0.0,0.0,0.0,0.7793153678077193,13.838310269482887,14.661325564457396,0.7137654770575383,0.007283321194464678,0.0,0.0,0.0,0.0,0.0,0.0,0.0,0.0,0.0,0.0,0.0,0.0,0.0,0.0,nan,nan,4.225806451612903,2.7591933728539004,nan,0.4336,0.08844,0.0,0.0,0.0,0.0,0.0,0.0,0.0,0.0,0.0,0.0,0.0,0.0,0.0,0.0,0.0,0.0,0.0,0.0,0.0,0.00172371934935664,1.2138868657441126e-05,9.711094925952901e-05,0.000570526826899733,0.004454964797280894,0.0023549405195435785,0.006057295460063122,0.0009953872299101724,0.014396698227725177,0.011908230152949745,0.0035324107793153676,0.009759650400582666,0.018281136198106337,0.026341344986647246,0.049587278465647,0.03690216071862103,0.037885409079873755,0.030189366351056082,0.04280165088613741,0.04612770089827628,0.043129400339888324,0.041794124787569796,0.02186210245205147,0.02168001942218985,0.05484340859431901,0.013947560087399854,0.011604758436513717,0.03563971837824715,0.06131342558873513,0.052197135226996844,0.028283563971837823,0.06023306627822287,0.019130857004127217,0.018815246419033746,0.0450716193250789,0.007768875940762321,0.03918426802621996,0.01926438455935907,0.006639961155620296,0.011653313911143482,0.0052075746540422435,0.0057902403495994174,0.0028526341344986645,0.010961398397669337,0.0018815246419033745,0.010512260257344015,0.004539936877882981,0.0,0.0,0.0,0.00019422189851905802,2.4277737314882253e-05,0.0,0.0,0.0,0.0,0.0,0.0,0.0,0.0,0.0,0.0,0.0,0.0,0.0,0.0,0.0,0.0,0.0,0.0,0.0,0.0,0.0,0.0,0.0,0.0,0.0,0.0,0.0,0.0,0.0,0.0,nan,nan,4.225806451612903,2.7591933728539004,nan,0.8668334253409343,0.03580957985280113,0.0,0.0,0.0,0.0,0.0,0.0,0.0,0.0,0.0,0.0,0.0,0.0,0.0,0.0,0.0,0.0,0.0,0.0,0.0,0.0,0.0,0.028598665395614876,0.18589132507149672,0.5433746425166808,3.546234509056245,11.05338417540515,10.109628217349858,3.4032411820781707,0.8007626310772166,0.32888465204957107,0.8670489712554237,0.03590445115645046,0.0,0.0,0.0,0.0,0.0,0.0,0.0,0.0,0.0,0.0,0.0,0.0,0.0,0.0,0.0,0.0,0.0,0.0,0.0,0.0,0.0,0.0,0.1632855022266205,0.6679861454725363,3.933696190004949,10.00494804552202,10.895596239485405,3.161801088570016,0.8164275111331026,0.35625927758535386,0.4333,0.017,0.0,0.0,0.0,0.0,0.0,0.0,0.0,0.0,0.0,0.0,0.0,0.8436606291706376,13.827454718779794,14.714013346043854,0.6148713060057198,0.0,0.0,0.0,0.0,0.0,0.0,0.0,0.0,0.0,0.0,0.0,0.0,0.0,0.0,0.0,0.4336,0.01703,0.0,0.0,0.0,0.0,0.0,0.0,0.0,0.0,0.0,0.0,0.0,0.7125185551707066,13.849579416130632,14.606630380999508,0.8164275111331026,0.014844136566056411,0.0,0.0,0.0,0.0,0.0,0.0,0.0,0.0,0.0,0.0,0.0,0.0,0.0,0.0
41900,4104,2087,0.5085282651072125,987,829,0.442495126705653,1181,0.5755360623781677,0.44599999999999995,3.003966286564204,2.9934624081069354,6.35236541598695,1.9310669823412259,6649.800000000003,2.7284841053187847e-12,6649.8,6649.8,6649.800000000002,1.8189894035458565e-12,6649.800000000003,2.7284841053187847e-12,28.176169590643276,21.122228698033233,33.2651338766007,19.317437873758625,0.14205653021442496,0.10087719298245613,0.08893762183235868,0.08430799220272904,0.07894736842105263,0.07115009746588694,0.07090643274853801,0.06627680311890838,0.05482456140350877,0.0594541910331384,0.04800194931773879,0.038011695906432746,0.02850877192982456,0.026559454191033137,0.021929824561403508,0.011208576998050682,0.00804093567251462,0.8671124303027203,0.03533716397100515,0.0,0.0,0.0,0.0,0.0,0.0,0.0,0.0,0.0,0.0,0.0,0.0,0.0,0.0,0.0,0.0,0.0,0.0,0.0,0.0,0.007309941520467838,0.02923976608187135,0.1754385964912281,0.6578947368421033,3.3991228070175445,10.833333333333336,10.38011695906433,3.4283625730994163,0.8187134502923978,0.27046783625731,4.357277882797732,2.7501759628018045,6.0,3.5118845842842465,1.377006507592191,4.408527131782946,2.7494476121112923,4.3159441587068335,2.756082580691573,0.978999114600284,0.434,0.01692,0.0,0.0,0.0,0.0,0.0,0.0,0.0,0.0,0.0,0.0,0.007309941520467838,0.6652046783625721,13.662280701754389,14.912280701754389,0.7529239766081873,0.0,0.0,0.0,0.0,0.0,0.0,0.0,0.0,0.0,0.0,0.0,0.0,0.0,0.0,0.0,nan,nan,4.360995850622406,2.7532448515765338,nan,0.434,0.08813,0.0,0.0,0.0,0.0,0.0,0.0,0.0,0.0,0.0,0.0,0.0,0.0,0.0,0.0,0.0,0.0,0.0,0.0,0.0,0.0016325536062378168,0.0,2.4366471734892787e-05,0.00029239766081871346,0.0031798245614035087,0.0027412280701754384,0.006932261208576998,0.000986842105263158,0.014705165692007797,0.012536549707602339,0.00419103313840156,0.009234892787524367,0.01732456140350877,0.027351364522417154,0.046600877192982455,0.03782894736842105,0.03570906432748538,0.03117690058479532,0.04028996101364522,0.04696637426900585,0.041288986354775827,0.041971247563352826,0.021308479532163742,0.02210038986354776,0.05565302144249513,0.013170077972709552,0.01259746588693957,0.03946150097465887,0.06286549707602339,0.0518640350877193,0.028386939571150096,0.06168372319688109,0.0206140350877193,0.01779970760233918,0.04311647173489279,0.006664230019493177,0.04111842105263158,0.018737816764132553,0.006262183235867446,0.013133528265107212,0.004690545808966861,0.004812378167641325,0.002570662768031189,0.011464424951267057,0.0022417153996101362,0.010148635477582846,0.004203216374269006,0.0,0.0,0.0,0.0003654970760233918,0.0,0.0,0.0,0.0,0.0,0.0,0.0,0.0,0.0,0.0,0.0,0.0,0.0,0.0,0.0,0.0,0.0,0.0,0.0,0.0,0.0,0.0,0.0,0.0,0.0,0.0,0.0,0.0,0.0,0.0,0.0,nan,nan,4.360995850622406,2.7532448515765338,nan,0.8672969620594524,0.0360684044347108,0.0,0.0,0.0,0.0,0.0,0.0,0.0,0.0,0.0,0.0,0.0,0.0,0.0,0.0,0.0,0.0,0.0,0.0,0.0,0.0,0.014374700527072357,0.014374700527072357,0.201245807379013,0.6612362242453261,3.421178725443221,10.781025395304265,10.507906085289891,3.133684714901774,0.8768567321514137,0.3881169142309536,0.8669214943699985,0.034563227812018614,0.0,0.0,0.0,0.0,0.0,0.0,0.0,0.0,0.0,0.0,0.0,0.0,0.0,0.0,0.0,0.0,0.0,0.0,0.0,0.0,0.0,0.044620723847297976,0.14873574615765991,0.6544372830937015,3.3763014377788805,10.887456618740705,10.247892910262768,3.7332672285572643,0.7585523054040656,0.14873574615765991,0.434,0.01675,0.0,0.0,0.0,0.0,0.0,0.0,0.0,0.0,0.0,0.0,0.014374700527072357,0.5749880210828933,13.655965500718738,14.935313847628178,0.8193579300431243,0.0,0.0,0.0,0.0,0.0,0.0,0.0,0.0,0.0,0.0,0.0,0.0,0.0,0.0,0.0,0.4338,0.01709,0.0,0.0,0.0,0.0,0.0,0.0,0.0,0.0,0.0,0.0,0.0,0.7585523054040643,13.668815071888947,14.888448190381759,0.6841844323252356,0.0,0.0,0.0,0.0,0.0,0.0,0.0,0.0,0.0,0.0,0.0,0.0,0.0,0.0,0.0
42000,3971,2007,0.505414253336691,935,847,0.4487534626038781,1150,0.5791991941576429,0.47,3.016293279022403,3.070744170925768,6.518965517241379,2.1362194205193537,6649.800000000001,9.094947017729282e-13,6649.8,6649.8,6649.800000000002,1.8189894035458565e-12,6649.800000000001,9.094947017729282e-13,27.942331906320828,20.812650118075624,32.95733173076923,18.998354726223432,0.14202971543691764,0.09519012843112566,0.08914631075295895,0.09015361369932007,0.07806597834298665,0.08234701586502141,0.07328128934777134,0.0627046084109796,0.05338705615713926,0.05212792747418786,0.0430622009569378,0.04281037522034752,0.03727020901536137,0.023923444976076555,0.017879627297909845,0.009569377990430622,0.007051120624527827,0.8690431401700164,0.03648563633677719,0.0,0.0,0.0,0.0,0.0,0.0,0.0,0.0,0.0,0.0,0.0,0.0,0.0,0.0,0.0,0.0,0.0,0.0,0.0,0.0,0.007554772097708388,0.037773860488541935,0.1662049861495845,0.8385797028456282,2.8783681692268956,10.372702090153615,10.803324099722994,3.6791740115839846,0.8385797028456311,0.3777386048854193,4.345975232198143,2.884428820698749,4.6,2.33238075793812,1.0584505788067675,4.312796208530806,2.900963055950893,4.379518072289157,2.864500588788099,1.015470673904409,0.4333,0.01767,0.0,0.0,0.0,0.0,0.0,0.0,0.0,0.0,0.0,0.0,0.0,0.9216821959204217,14.270964492571144,13.893225887685725,0.914127423822715,0.0,0.0,0.0,0.0,0.0,0.0,0.0,0.0,0.0,0.0,0.0,0.0,0.0,0.0,0.0,nan,nan,4.346954510408636,2.8825466432636753,nan,0.4333,0.08746,0.0,0.0,0.0,0.0,0.0,0.0,0.0,0.0,0.0,0.0,0.0,0.0,0.0,0.0,0.0,0.0,0.0,0.0,0.0,0.0013094938302694536,0.0,0.0,0.00039032989171493325,0.0024678922185847395,0.0029463611181062706,0.0069503903298917145,0.0013472676907579954,0.01580206497104004,0.012515739108536893,0.004621002266431629,0.00965751699823722,0.01583983883152858,0.025547720977083858,0.048400906572651725,0.038768572148073534,0.034688995215311005,0.03145303450012591,0.041236464366658274,0.05123394610929237,0.03772349534122387,0.039146310752958956,0.021329639889196676,0.023482749937043565,0.05815915386552506,0.01352304205489801,0.01241500881390078,0.03795013850415512,0.06406446738856711,0.05251825736590279,0.02697053638881894,0.0621631830773105,0.02255099471165953,0.018735834802316796,0.04317552253840343,0.0067363384537899775,0.03861747670611936,0.017577436414001512,0.007202216066481994,0.011936539914379249,0.005049106018635104,0.0044447242508184335,0.003122639133719466,0.011344749433392093,0.0024678922185847395,0.008335431881138252,0.0038907076303198187,1.2591286829513976e-05,0.0,0.0,0.00017627801561319567,0.0,0.0,0.0,0.0,0.0,0.0,0.0,0.0,0.0,0.0,0.0,0.0,0.0,0.0,0.0,0.0,0.0,0.0,0.0,0.0,0.0,0.0,0.0,0.0,0.0,0.0,0.0,0.0,0.0,0.0,0.0,nan,nan,4.346954510408636,2.8825466432636753,nan,0.8695987361428984,0.03602594562672137,0.0,0.0,0.0,0.0,0.0,0.0,0.0,0.0,0.0,0.0,0.0,0.0,0.0,0.0,0.0,0.0,0.0,0.0,0.0,0.0,0.0,0.044843049327354265,0.1345291479820628,0.7772795216741382,2.869955156950673,10.08968609865471,11.18086696562033,3.7369207772795225,0.7922272047832588,0.3736920777279522,0.8684753799268524,0.03694085213080258,0.0,0.0,0.0,0.0,0.0,0.0,0.0,0.0,0.0,0.0,0.0,0.0,0.0,0.0,0.0,0.0,0.0,0.0,0.0,0.0,0.015274949083503058,0.030549898167006116,0.1985743380855398,0.9012219959266775,2.886965376782078,10.661914460285134,10.417515274949086,3.620162932790225,0.8859470468431774,0.38187372708757644,0.4336,0.0174,0.0,0.0,0.0,0.0,0.0,0.0,0.0,0.0,0.0,0.0,0.0,0.8221225710014937,14.155455904334831,14.095665171898359,0.9267563527653216,0.0,0.0,0.0,0.0,0.0,0.0,0.0,0.0,0.0,0.0,0.0,0.0,0.0,0.0,0.0,0.433,0.01794,0.0,0.0,0.0,0.0,0.0,0.0,0.0,0.0,0.0,0.0,0.0,1.0234215885947031,14.389002036659882,13.686354378818741,0.9012219959266805,0.0,0.0,0.0,0.0,0.0,0.0,0.0,0.0,0.0,0.0,0.0,0.0,0.0,0.0,0.0
42100,4166,2106,0.5055208833413346,991,851,0.442150744119059,1209,0.5804128660585693,0.47,3.042718446601942,3.089933607284583,6.59375,2.021535474420893,6649.800000000002,1.8189894035458565e-12,6649.8,6649.8,6649.800000000002,1.8189894035458565e-12,6649.800000000002,1.8189894035458565e-12,28.116418626980316,20.939231148635685,33.11734401831711,19.159528880533824,0.13634181469035045,0.1027364378300528,0.08833413346135381,0.08665386461833893,0.0801728276524244,0.07513202112337974,0.07513202112337974,0.0600096015362458,0.05880940950552088,0.051608257321171386,0.05064810369659146,0.04272683629380701,0.031925108017282766,0.02400384061449832,0.01584253480556889,0.01056168987037926,0.009361497839654344,0.870845926391695,0.03485189529392058,0.0,0.0,0.0,0.0,0.0,0.0,0.0,0.0,0.0,0.0,0.0,0.0,0.0,0.0,0.0,0.0,0.0,0.0,0.0,0.0,0.007201152184349497,0.021603456553048492,0.12962073931829096,0.5832933269323073,2.765242438790207,10.045607297167548,11.320211233797409,3.910225636101777,0.9145463274123862,0.3024483917426789,4.363197026022305,2.833689813205262,4.833333333333333,2.266911751455907,1.1077504189031837,4.391176470588236,2.8519722429821237,4.336826347305389,2.8125611295702164,0.9876228788237322,0.434,0.01662,0.0,0.0,0.0,0.0,0.0,0.0,0.0,0.0,0.0,0.0,0.0,0.6120979356697063,14.071051368218919,14.517522803648587,0.7993278924627942,0.0,0.0,0.0,0.0,0.0,0.0,0.0,0.0,0.0,0.0,0.0,0.0,0.0,0.0,0.0,nan,nan,4.364243323442136,2.832640992296554,nan,0.434,0.087,0.0,0.0,0.0,0.0,0.0,0.0,0.0,0.0,0.0,0.0,0.0,0.0,0.0,0.0,0.0,0.0,0.0,0.0,0.0,0.0015242438790206434,7.201152184349496e-05,0.0,0.00039606337013922227,0.0023043686989918386,0.002784445511281805,0.007201152184349496,0.0016082573211713873,0.016478636581853095,0.009901584253480557,0.004536725876140182,0.010213634181469035,0.01457033125300048,0.02590014402304369,0.0493158905424868,0.03900624099855977,0.03292126740278445,0.030676908305328852,0.04139462313970235,0.04867978876620259,0.03572971675468075,0.03755400864138262,0.023019683149303888,0.02329572731637062,0.06084973595775324,0.012493999039846375,0.011101776284205472,0.039042246759481515,0.06919107057129141,0.05255640902544407,0.026800288046087375,0.0635021603456553,0.02331973115698512,0.017318771003360538,0.04297887662025924,0.007741238598175708,0.03881421027364378,0.018650984157465196,0.007597215554488718,0.012962073931829092,0.003948631781084974,0.0042726836293807005,0.0021243398943831013,0.012734037445991359,0.002196351416226596,0.007273163706192991,0.0030124819971195393,0.0001440230436869899,1.200192030724916e-05,0.0,0.00024003840614498319,3.600576092174748e-05,0.0,0.0,0.0,0.0,0.0,0.0,0.0,0.0,0.0,0.0,0.0,0.0,0.0,0.0,0.0,0.0,0.0,0.0,0.0,0.0,0.0,0.0,0.0,0.0,0.0,0.0,0.0,0.0,0.0,0.0,nan,nan,4.364243323442136,2.832640992296554,nan,0.8708857607524506,0.034563193161686816,0.0,0.0,0.0,0.0,0.0,0.0,0.0,0.0,0.0,0.0,0.0,0.0,0.0,0.0,0.0,0.0,0.0,0.0,0.0,0.0,0.014245014245014249,0.028490028490028498,0.11396011396011399,0.5982905982905965,2.7350427350427355,10.085470085470087,11.210826210826212,4.102564102564103,0.8689458689458691,0.2421652421652422,0.8708052025257963,0.035144545956246574,0.0,0.0,0.0,0.0,0.0,0.0,0.0,0.0,0.0,0.0,0.0,0.0,0.0,0.0,0.0,0.0,0.0,0.0,0.0,0.0,0.0,0.014563106796116509,0.14563106796116507,0.5679611650485419,2.7961165048543695,10.00485436893204,11.432038834951458,3.7135922330097095,0.9611650485436896,0.3640776699029127,0.4338,0.01637,0.0,0.0,0.0,0.0,0.0,0.0,0.0,0.0,0.0,0.0,0.0,0.6125356125356116,14.173789173789178,14.48717948717949,0.7264957264957266,0.0,0.0,0.0,0.0,0.0,0.0,0.0,0.0,0.0,0.0,0.0,0.0,0.0,0.0,0.0,0.4343,0.01686,0.0,0.0,0.0,0.0,0.0,0.0,0.0,0.0,0.0,0.0,0.0,0.6116504854368923,13.966019417475732,14.548543689320391,0.8737864077669905,0.0,0.0,0.0,0.0,0.0,0.0,0.0,0.0,0.0,0.0,0.0,0.0,0.0,0.0,0.0
42200,4327,2222,0.5135197596487173,1008,925,0.4467298359140282,1254,0.57961636237578,0.46199999999999997,3.0171021377672207,3.116836840039932,6.6650082918739635,2.1688017321776445,6649.800000000002,1.8189894035458565e-12,6649.8,6649.8,6649.800000000001,9.094947017729282e-13,6649.800000000002,1.8189894035458565e-12,27.734226947076497,20.801139287372653,32.78229598893499,19.037036530764524,0.1418996995608967,0.09706494106771435,0.09683383406517218,0.08735844696094291,0.08319852091518373,0.07326091980587011,0.06910099376011093,0.061012248671134736,0.06147446267621909,0.05199907557198983,0.03998151143979663,0.04206147446267622,0.03304830136353132,0.027732840305061242,0.01733302519066328,0.011786457129651028,0.0048532470533857175,0.8702783120237765,0.03563110902148524,0.0,0.0,0.0,0.0,0.0,0.0,0.0,0.0,0.0,0.0,0.0,0.0,0.0,0.0,0.0,0.0,0.0,0.0,0.0,0.0,0.0,0.04853247053385719,0.1178645712965103,0.6170556967876107,3.2170094753871052,9.436098913797089,11.49526230644789,3.8964640628611056,0.8181187889993069,0.3535937138895309,4.365273775216139,2.9097627328286357,4.222222222222222,3.424674446093876,0.9672296491903688,4.38205499276411,2.882939859140081,4.3478260869565215,2.9394290189826595,0.9921888461317557,0.4343,0.01665,0.0,0.0,0.0,0.0,0.0,0.0,0.0,0.0,0.0,0.0,0.0,0.5893228564825506,13.741622371157849,14.906401663970422,0.7626531083891844,0.0,0.0,0.0,0.0,0.0,0.0,0.0,0.0,0.0,0.0,0.0,0.0,0.0,0.0,0.0,nan,nan,4.364811490125673,2.911584706489521,nan,0.434,0.087,0.0,0.0,0.0,0.0,0.0,0.0,0.0,0.0,0.0,0.0,0.0,0.0,0.0,0.0,0.0,0.0,0.0,0.0,0.0,0.0014906401663970419,1.1555350127108852e-05,0.0,0.0005315461058470072,0.0020568523226253757,0.002091518373006702,0.007291425930205685,0.0014675294661428242,0.016535706031892767,0.008805176796856945,0.0038248208920730296,0.010619366766813035,0.014363300207996301,0.027293737000231105,0.05030043910330483,0.04054772359602496,0.03326785301594638,0.03286341576149757,0.04133348740466836,0.04753871042292582,0.033325629766581925,0.03750866651259533,0.02173561358909175,0.02151606193667668,0.06082736306910099,0.012757106540328172,0.011717125028888376,0.040882828749711116,0.06688236653570603,0.05327016408597181,0.024474231569216548,0.06492951236422463,0.02435867806794546,0.018973884908712733,0.04253524381788768,0.008308296741391264,0.03825976427085741,0.02034897157383869,0.006228333718511671,0.012826438641090825,0.003732378091056159,0.0044834758493182345,0.0015021955165241507,0.013646868500115553,0.0018604113704645251,0.007210538479315924,0.003027501733302519,5.777675063554426e-05,0.0,0.0,0.0004391033048301364,0.00013866420152530622,0.0,0.0,0.0,0.0,0.0,0.0,0.0,0.0,0.0,0.0,0.0,0.0,0.0,0.0,0.0,0.0,0.0,0.0,0.0,0.0,0.0,0.0,0.0,0.0,0.0,0.0,0.0,0.0,0.0,0.0,nan,nan,4.364811490125673,2.911584706489521,nan,0.8695621327920393,0.036368932959782795,0.0,0.0,0.0,0.0,0.0,0.0,0.0,0.0,0.0,0.0,0.0,0.0,0.0,0.0,0.0,0.0,0.0,0.0,0.0,0.0,0.0,0.06750675067506752,0.14851485148514854,0.6210621062106191,3.402340234023403,9.707470747074709,10.86858685868587,3.9693969396939703,0.8505850585058508,0.36453645364536463,0.8710342978921469,0.03481934720872294,0.0,0.0,0.0,0.0,0.0,0.0,0.0,0.0,0.0,0.0,0.0,0.0,0.0,0.0,0.0,0.0,0.0,0.0,0.0,0.0,0.0,0.02850356294536818,0.08551068883610452,0.6128266033254137,3.021377672209027,9.149643705463184,12.156769596199528,3.8194774346793356,0.7838479809976249,0.3420427553444181,0.4343,0.01666,0.0,0.0,0.0,0.0,0.0,0.0,0.0,0.0,0.0,0.0,0.0,0.5940594059405933,13.771377137713774,14.851485148514854,0.7830783078307832,0.0,0.0,0.0,0.0,0.0,0.0,0.0,0.0,0.0,0.0,0.0,0.0,0.0,0.0,0.0,0.434,0.01662,0.0,0.0,0.0,0.0,0.0,0.0,0.0,0.0,0.0,0.0,0.0,0.5843230403800467,13.710213776722094,14.964370546318293,0.7410926365795727,0.0,0.0,0.0,0.0,0.0,0.0,0.0,0.0,0.0,0.0,0.0,0.0,0.0,0.0,0.0
42300,4288,2167,0.5053638059701493,1008,893,0.443330223880597,1249,0.5825559701492538,0.45799999999999996,2.968882602545969,3.051803730935035,6.509708737864078,2.0354629998858327,6649.800000000001,9.094947017729282e-13,6649.8,6649.8,6649.800000000002,1.8189894035458565e-12,6649.800000000002,1.8189894035458565e-12,28.23740671641791,20.966103595835307,33.07486187845304,19.23218636515977,0.13432835820895522,0.09958022388059702,0.09771455223880597,0.08815298507462686,0.07229477611940298,0.08208955223880597,0.06413246268656717,0.06063432835820896,0.05923507462686567,0.055270522388059705,0.04757462686567164,0.04337686567164179,0.034281716417910446,0.024486940298507464,0.01912313432835821,0.01189365671641791,0.005830223880597015,0.8713398018518268,0.03496613684211795,0.0,0.0,0.0,0.0,0.0,0.0,0.0,0.0,0.0,0.0,0.0,0.0,0.0,0.0,0.0,0.0,0.0,0.0,0.0,0.0,0.0,0.0,0.09095149253731345,0.671641791044774,3.0083955223880605,9.270055970149256,11.50886194029851,4.148787313432837,1.084421641791045,0.216884328358209,4.308908045977011,2.8446574168308327,3.0,0.0,0.6962320773591197,4.251256281407035,2.8456412811796947,4.36566091954023,2.8417149427869997,1.0269107836743567,0.4338,0.01688,0.0,0.0,0.0,0.0,0.0,0.0,0.0,0.0,0.0,0.0,0.0,0.6576492537313423,13.845615671641795,14.720149253731346,0.7765858208955226,0.0,0.0,0.0,0.0,0.0,0.0,0.0,0.0,0.0,0.0,0.0,0.0,0.0,0.0,0.0,nan,nan,4.308438061041293,2.8442547657611383,nan,0.4338,0.0868,0.0,0.0,0.0,0.0,0.0,0.0,0.0,0.0,0.0,0.0,0.0,0.0,0.0,0.0,0.0,0.0,0.0,0.0,0.0,0.0016791044776119403,0.0,0.0,0.0004897388059701492,0.0020988805970149254,0.0018423507462686567,0.007742537313432836,0.0013176305970149253,0.016849347014925374,0.009794776119402986,0.004256063432835821,0.010902518656716417,0.014190764925373134,0.027483675373134328,0.049696828358208954,0.04075326492537314,0.03430503731343284,0.03206623134328358,0.038992537313432836,0.04637360074626866,0.03389692164179105,0.03604244402985075,0.021490205223880596,0.02144356343283582,0.06266324626865671,0.012569962686567165,0.012138526119402986,0.04015858208955224,0.06638292910447761,0.05399953358208955,0.024312033582089554,0.0638642723880597,0.025967817164179105,0.02170009328358209,0.04305037313432836,0.008208955223880597,0.03881763059701492,0.020545708955223882,0.006319962686567164,0.012873134328358208,0.0033931902985074626,0.0036613805970149254,0.0013526119402985076,0.01238339552238806,0.001609141791044776,0.0071944962686567165,0.002845149253731343,1.166044776119403e-05,0.0,0.0,0.00013992537313432837,2.332089552238806e-05,0.00010494402985074627,0.0,0.0,0.0,0.0,0.0,0.0,0.0,0.0,0.0,0.0,0.0,0.0,0.0,0.0,0.0,0.0,0.0,0.0,0.0,0.0,0.0,0.0,0.0,0.0,0.0,0.0,0.0,0.0,0.0,nan,nan,4.308438061041293,2.8442547657611383,nan,0.8713352610067008,0.034006076614823154,0.0,0.0,0.0,0.0,0.0,0.0,0.0,0.0,0.0,0.0,0.0,0.0,0.0,0.0,0.0,0.0,0.0,0.0,0.0,0.0,0.0,0.0,0.12459621596677437,0.5952930318412533,2.7688047992616527,9.413936317489618,11.808952468850949,4.097831102907246,1.0383017997231196,0.15228426395939088,0.871344441178271,0.0359205272642379,0.0,0.0,0.0,0.0,0.0,0.0,0.0,0.0,0.0,0.0,0.0,0.0,0.0,0.0,0.0,0.0,0.0,0.0,0.0,0.0,0.0,0.0,0.05657708628005659,0.7496463932107473,3.253182461103254,9.123055162659124,11.202263083451204,4.200848656294202,1.1315417256011318,0.28288543140028294,0.4336,0.01704,0.0,0.0,0.0,0.0,0.0,0.0,0.0,0.0,0.0,0.0,0.0,0.6645131518227956,14.051684356252888,14.480849100138444,0.8029533917858793,0.0,0.0,0.0,0.0,0.0,0.0,0.0,0.0,0.0,0.0,0.0,0.0,0.0,0.0,0.0,0.434,0.01668,0.0,0.0,0.0,0.0,0.0,0.0,0.0,0.0,0.0,0.0,0.0,0.6506364922206497,13.635077793493638,14.964639321074968,0.7496463932107499,0.0,0.0,0.0,0.0,0.0,0.0,0.0,0.0,0.0,0.0,0.0,0.0,0.0,0.0,0.0
42400,4527,2302,0.5085045283852441,1062,938,0.4417936823503424,1276,0.563728738679037,0.45399999999999996,2.959550561797753,3.098267696528758,6.744186046511628,1.9608310035602017,6649.800000000002,1.8189894035458565e-12,6649.8,6649.8,6649.800000000001,9.094947017729282e-13,6649.800000000002,1.8189894035458565e-12,27.3878948531036,20.7714527332555,32.22567069963177,19.156875931638996,0.13872321625800751,0.10912303954053457,0.10117075325822841,0.0828363154406892,0.07775568809366026,0.07797658493483543,0.06891981444665342,0.06428098078197482,0.056770488182019,0.050585376629114207,0.040203225093881155,0.03887784404683013,0.02982107355864811,0.026507620941020542,0.01833443781753921,0.012149326264634415,0.005964214711729622,0.8711581142606497,0.03440950421751404,0.0,0.0,0.0,0.0,0.0,0.0,0.0,0.0,0.0,0.0,0.0,0.0,0.0,0.0,0.0,0.0,0.0,0.0,0.0,0.0,0.006626905235255137,0.01988071570576541,0.11265738899933733,0.576540755467195,2.6905235255135858,10.053015241882044,11.444665341285623,3.923127899271041,0.9211398277004641,0.2518223989396952,4.398180545836249,2.86876902832418,3.3333333333333335,2.0548046676563256,0.7578891540705384,4.494060097833683,2.866917680837962,4.3009097270818755,2.867082162078918,0.9570209639953606,0.4338,0.01714,0.0,0.0,0.0,0.0,0.0,0.0,0.0,0.0,0.0,0.0,0.0,0.7157057654075537,13.711066931742879,14.698475811795895,0.8747514910536781,0.0,0.0,0.0,0.0,0.0,0.0,0.0,0.0,0.0,0.0,0.0,0.0,0.0,0.0,0.0,nan,nan,4.397063963649074,2.868243566974015,nan,0.4338,0.08624,0.0,0.0,0.0,0.0,0.0,0.0,0.0,0.0,0.0,0.0,0.0,0.0,0.0,0.0,0.0,0.0,0.0,0.0,0.0,0.0014358294676386127,0.0,1.104484205875856e-05,0.0002429865252926883,0.002032250938811575,0.0012812016788159928,0.008073779544952506,0.0013695604152860613,0.01742876076872101,0.010216478904351668,0.004517340402032251,0.010238568588469185,0.01219350563286945,0.026872100728959576,0.04825491495471615,0.04185995140269494,0.034481996907444225,0.031477799867461895,0.039165009940357855,0.04609012591119947,0.03584051248067153,0.0381930638391871,0.02376850011044842,0.023138944113099184,0.061298873426110005,0.011608129003755246,0.011784846476695383,0.03780649436713055,0.07002429865252927,0.051546277888226195,0.023834769162800973,0.061939474265518005,0.026971504307488403,0.021592666224872985,0.043461453501214935,0.008802739120830572,0.03823724320742213,0.020653854649878508,0.007024519549370444,0.01480008835873647,0.0022421029379279876,0.0034239010382151537,0.0013474707311685442,0.012999779103158825,0.0013585155732273029,0.006118842500552242,0.0027170311464546058,5.52242102937928e-05,0.0,0.0,7.731389441130992e-05,0.0,8.835873647006848e-05,0.0,0.0,0.0,0.0,0.0,0.0,0.0,0.0,0.0,0.0,0.0,0.0,0.0,0.0,0.0,0.0,0.0,0.0,0.0,0.0,0.0,0.0,0.0,0.0,0.0,0.0,0.0,0.0,0.0,nan,nan,4.397063963649074,2.868243566974015,nan,0.8717604511256429,0.03422264334116931,0.0,0.0,0.0,0.0,0.0,0.0,0.0,0.0,0.0,0.0,0.0,0.0,0.0,0.0,0.0,0.0,0.0,0.0,0.0,0.0,0.0,0.0,0.07819287576020853,0.6385751520417009,2.5803649000868814,9.761077324066031,11.872284969591663,3.818418766290183,0.9643788010425719,0.2867072111207646,0.8705349324794298,0.034590732033984696,0.0,0.0,0.0,0.0,0.0,0.0,0.0,0.0,0.0,0.0,0.0,0.0,0.0,0.0,0.0,0.0,0.0,0.0,0.0,0.0,0.013483146067415734,0.040449438202247195,0.14831460674157307,0.5123595505617962,2.804494382022473,10.355056179775282,11.002247191011238,4.031460674157304,0.8764044943820227,0.21573033707865175,0.4338,0.01706,0.0,0.0,0.0,0.0,0.0,0.0,0.0,0.0,0.0,0.0,0.0,0.7428323197219798,13.774978279756736,14.648132059079066,0.8340573414422243,0.0,0.0,0.0,0.0,0.0,0.0,0.0,0.0,0.0,0.0,0.0,0.0,0.0,0.0,0.0,0.434,0.01721,0.0,0.0,0.0,0.0,0.0,0.0,0.0,0.0,0.0,0.0,0.0,0.6876404494382012,13.644943820224722,14.750561797752813,0.9168539325842698,0.0,0.0,0.0,0.0,0.0,0.0,0.0,0.0,0.0,0.0,0.0,0.0,0.0,0.0,0.0
42500,4063,2117,0.5210435638690623,958,811,0.43539256706866847,1112,0.5473787841496431,0.506,3.050359712230216,3.1441118353841344,6.704379562043796,2.1419129390370673,6649.800000000002,1.8189894035458565e-12,6649.8,6649.8,6649.800000000001,9.094947017729282e-13,6649.800000000002,1.8189894035458565e-12,27.74600049224711,21.16556786932753,33.07278669043375,19.35745289415088,0.1518582328328821,0.100418410041841,0.09081959143490032,0.08245139059808024,0.08245139059808024,0.07236032488309131,0.06940684223480187,0.06226925916810239,0.051193699237016985,0.053408811223234064,0.04824021658872754,0.03716465665764214,0.034457297563376815,0.02412010829436377,0.01895151365985725,0.012552301255230125,0.007875953728771843,0.8725995488598697,0.03533978177931177,0.0,0.0,0.0,0.0,0.0,0.0,0.0,0.0,0.0,0.0,0.0,0.0,0.0,0.0,0.0,0.0,0.0,0.0,0.0,0.007383706620723605,0.0,0.0,0.08122077282795966,0.5537779965542685,2.8501107555993115,9.118877676593652,11.570268274673888,4.474526212158504,1.0706374600049227,0.2731971449667734,4.333979077876792,2.8645050877018967,4.333333333333333,1.247219128924647,0.9998510042314797,4.437984496124031,2.829733978195924,4.232791956689868,2.8920952112228786,0.9537644758305556,0.4343,0.0167,0.0,0.0,0.0,0.0,0.0,0.0,0.0,0.0,0.0,0.0,0.0,0.6571498892443998,13.733694314545906,14.870785134137341,0.7383706620723605,0.0,0.0,0.0,0.0,0.0,0.0,0.0,0.0,0.0,0.0,0.0,0.0,0.0,0.0,0.0,nan,nan,4.333978328173375,2.86315717392991,nan,0.4343,0.08563,0.0,0.0,0.0,0.0,0.0,0.0,0.0,0.0,0.0,0.0,0.0,0.0,0.0,0.0,0.0,0.0,0.0,0.0,0.0,0.0015013536795471327,0.0,0.0,0.0002461235540241201,0.0015382722126507508,0.0010952498154073345,0.008183608171301994,0.0012798424809254245,0.019308392813192223,0.009463450652227418,0.0037287718434654196,0.009168102387398474,0.010583312823037165,0.027910411026335222,0.04828944129953237,0.04000738370662072,0.03302978095003692,0.030826975141521044,0.04069652965788826,0.04779719419148413,0.03737386167856264,0.03797686438592173,0.02181885306423825,0.021757322175732216,0.06165395028304209,0.011149396997292641,0.013475264582820575,0.036746246615801136,0.07398474033965051,0.052288949052424316,0.023886290918040856,0.06341373369431455,0.0264336697021905,0.021240462712281565,0.045311346295840514,0.007999015505783904,0.036930839281319225,0.020452867339404383,0.006891459512675363,0.01583805070145213,0.0015013536795471327,0.0029288702928870294,0.0011936992370169825,0.014225941422594143,0.0012429239478218064,0.005906965296578882,0.0017105587004676347,1.2306177701206005e-05,0.0,0.0,0.0,0.0,0.0,0.0,0.0,0.0,0.0,0.0,0.0,0.0,0.0,0.0,0.0,0.0,0.0,0.0,0.0,0.0,0.0,0.0,0.0,0.0,0.0,0.0,0.0,0.0,0.0,0.0,0.0,0.0,0.0,0.0,nan,nan,4.333978328173375,2.86315717392991,nan,0.8720558013452018,0.03549902941639109,0.0,0.0,0.0,0.0,0.0,0.0,0.0,0.0,0.0,0.0,0.0,0.0,0.0,0.0,0.0,0.0,0.0,0.0,0.0,0.0,0.0,0.0,0.08502598016060464,0.6660368445914009,2.9333963155408607,9.21114785073217,11.549362305148797,4.180444024563061,1.1053377420878603,0.26924893717524806,0.8731910768601534,0.035156172046136205,0.0,0.0,0.0,0.0,0.0,0.0,0.0,0.0,0.0,0.0,0.0,0.0,0.0,0.0,0.0,0.0,0.0,0.0,0.0,0.015416238437821176,0.0,0.0,0.07708119218910588,0.43165467625899145,2.75950668036999,9.018499486125387,11.593011305241523,4.794450154162385,1.0328879753340188,0.2774922918807812,0.434,0.01668,0.0,0.0,0.0,0.0,0.0,0.0,0.0,0.0,0.0,0.0,0.0,0.7227208313651383,13.83089277279169,14.709494567784605,0.7368918280585737,0.0,0.0,0.0,0.0,0.0,0.0,0.0,0.0,0.0,0.0,0.0,0.0,0.0,0.0,0.0,0.4346,0.01671,0.0,0.0,0.0,0.0,0.0,0.0,0.0,0.0,0.0,0.0,0.0,0.5858170606372037,13.627954779033919,15.046248715313467,0.7399794450154163,0.0,0.0,0.0,0.0,0.0,0.0,0.0,0.0,0.0,0.0,0.0,0.0,0.0,0.0,0.0
42600,4618,2368,0.51277609354699,1148,954,0.4551754006063231,1316,0.5699436985708098,0.44599999999999995,2.969777777777778,3.0650680535413084,6.605055292259084,1.9790625316173742,6649.800000000001,9.094947017729282e-13,6649.8,6649.8,6649.800000000001,9.094947017729282e-13,6649.800000000002,1.8189894035458565e-12,27.823300129926373,20.5773730936602,32.524967989756725,18.893391968680533,0.1325249025552187,0.10848852317020355,0.0887830229536596,0.08531831961888263,0.08618449545257688,0.07622347336509311,0.06691208315288004,0.061931572109138154,0.06409701169337376,0.056084885231702034,0.04699003897791252,0.036812472932005194,0.03161541792983976,0.02468601126028584,0.01645734084019056,0.01104374187960156,0.00584668687743612,0.8748519055225881,0.035181108774924134,0.0,0.0,0.0,0.0,0.0,0.0,0.0,0.0,0.0,0.0,0.0,0.0,0.0,0.0,0.0,0.0,0.0,0.0,0.0,0.0,0.0,0.0,0.11043741879601561,0.48072758770030166,2.4231268947596365,8.945430922477264,12.011693373754875,4.560415764400174,1.0848852317020357,0.38328280640970125,4.285475792988314,2.8744989080334458,1.0,0.0,0.2333463186599143,4.2331778814123915,2.8477216884953878,4.335785953177258,2.9005172473215954,1.0242390172677154,0.4346,0.01636,0.0,0.0,0.0,0.0,0.0,0.0,0.0,0.0,0.0,0.0,0.0,0.5911650064963179,13.226504980511047,15.480727587700306,0.7016024252923345,0.0,0.0,0.0,0.0,0.0,0.0,0.0,0.0,0.0,0.0,0.0,0.0,0.0,0.0,0.0,nan,nan,4.28437917222964,2.8746456765035764,nan,0.4346,0.08466,0.0,0.0,0.0,0.0,0.0,0.0,0.0,0.0,0.0,0.0,0.0,0.0,0.0,0.0,0.0,0.0,0.0,0.0,0.0,0.0011585101775660458,0.0,4.3308791684711995e-05,0.00020571676050238198,0.0018297964486790818,0.0008661758336942399,0.008326115201385882,0.001277609354699004,0.017161108705067128,0.009213945430922478,0.0033889129493287137,0.008456041576440016,0.010588999566912083,0.027511909917713295,0.04516024252923343,0.04080770896491988,0.031366392377652666,0.030933304460805545,0.045257687310524035,0.04855998267648333,0.037841056734517105,0.03680164573408402,0.023300129926375056,0.022964486790818535,0.06447596362061499,0.011704200952793417,0.013837158943265484,0.034863577306193154,0.07248809008228671,0.05351883932438285,0.02315937635339974,0.06700952793417064,0.02758770030316154,0.02084235599826765,0.0422260718925942,0.00848852317020355,0.03689909051537462,0.017897358163707234,0.007026851450844521,0.01652230402771763,0.001234300563014292,0.0023819835426591596,0.0016349068860978778,0.014724989172802079,0.0010827197921178,0.00563014291901256,0.0017323516673884798,0.0,1.0827197921177999e-05,0.0,0.0,0.0,0.0,0.0,0.0,0.0,0.0,0.0,0.0,0.0,0.0,0.0,0.0,0.0,0.0,0.0,0.0,0.0,0.0,0.0,0.0,0.0,0.0,0.0,0.0,0.0,0.0,0.0,0.0,0.0,0.0,0.0,nan,nan,4.28437917222964,2.8746456765035764,nan,0.87567461229156,0.03469606757814155,0.0,0.0,0.0,0.0,0.0,0.0,0.0,0.0,0.0,0.0,0.0,0.0,0.0,0.0,0.0,0.0,0.0,0.0,0.0,0.0,0.0,0.0,0.08868243243243246,0.44341216216216084,2.2804054054054057,8.994932432432433,12.048141891891895,4.624155405405406,1.1782094594594597,0.3420608108108109,0.8739860523541768,0.03566397614794347,0.0,0.0,0.0,0.0,0.0,0.0,0.0,0.0,0.0,0.0,0.0,0.0,0.0,0.0,0.0,0.0,0.0,0.0,0.0,0.0,0.0,0.0,0.13333333333333336,0.5199999999999984,2.5733333333333337,8.893333333333334,11.973333333333336,4.493333333333334,0.9866666666666669,0.42666666666666675,0.4348,0.0165,0.0,0.0,0.0,0.0,0.0,0.0,0.0,0.0,0.0,0.0,0.0,0.5574324324324317,13.27702702702703,15.342060810810814,0.8234797297297299,0.0,0.0,0.0,0.0,0.0,0.0,0.0,0.0,0.0,0.0,0.0,0.0,0.0,0.0,0.0,0.4343,0.0162,0.0,0.0,0.0,0.0,0.0,0.0,0.0,0.0,0.0,0.0,0.0,0.6266666666666657,13.173333333333337,15.62666666666667,0.5733333333333335,0.0,0.0,0.0,0.0,0.0,0.0,0.0,0.0,0.0,0.0,0.0,0.0,0.0,0.0,0.0
42700,4484,2402,0.5356824264049955,1100,898,0.4455842997323818,1217,0.5428189116859946,0.49,3.0403458213256482,3.111952952285362,6.713787085514834,2.087551854086058,6649.800000000001,9.094947017729282e-13,6649.8,6649.8,6649.800000000001,9.094947017729282e-13,6649.800000000002,1.8189894035458565e-12,27.845673505798395,20.791557195038596,32.735809018567636,19.063045379648813,0.1411685994647636,0.0987957181088314,0.09545049063336307,0.08630686886708296,0.07426404995539697,0.07760927743086529,0.07537912578055307,0.06779661016949153,0.05173951828724353,0.0463871543264942,0.05173951828724353,0.03858162355040143,0.03389830508474576,0.025646743978590545,0.019402319357716323,0.01048171275646744,0.0053523639607493305,0.8745179964855885,0.03553927513861981,0.0,0.0,0.0,0.0,0.0,0.0,0.0,0.0,0.0,0.0,0.0,0.0,0.0,0.0,0.0,0.0,0.0,0.0,0.0,0.0,0.0,0.026761819803746662,0.12042818911685997,0.5017841213202483,2.5089206066012495,8.951828724353257,11.808652988403214,4.616413916146299,1.0704727921498665,0.3947368421052633,4.286112077967282,2.9215771260663455,3.6666666666666665,3.248931448269655,0.8554761518055329,4.327477160927618,2.908223207178952,4.243131868131868,2.9356574556471178,0.9805093615381045,0.4353,0.01657,0.0,0.0,0.0,0.0,0.0,0.0,0.0,0.0,0.0,0.0,0.0,0.43487957181088255,13.28055307760928,15.414808206958076,0.8697591436217664,0.0,0.0,0.0,0.0,0.0,0.0,0.0,0.0,0.0,0.0,0.0,0.0,0.0,0.0,0.0,nan,nan,4.2848211184439045,2.922434018328175,nan,0.4353,0.08453,0.0,0.0,0.0,0.0,0.0,0.0,0.0,0.0,0.0,0.0,0.0,0.0,0.0,0.0,0.0,0.0,0.0,0.0,0.0,0.0013380909901873326,0.0,0.00012265834076717217,0.00031222123104371097,0.0013938447814451382,0.0009032114183764496,0.00847457627118644,0.0017952720785013381,0.014696699375557539,0.008519179304192685,0.0036128456735057984,0.006378233719892953,0.011351471900089206,0.02643844781445138,0.04732381801962533,0.04082292595896521,0.03171275646743978,0.03022970561998216,0.04863960749330955,0.04691123996431757,0.03576048171275647,0.036050401427297055,0.025546387154326493,0.023048617305976807,0.063414362176628,0.011641391614629794,0.014607493309545048,0.03559322033898305,0.06956958073148974,0.05535236396074933,0.02311552185548617,0.06658117752007137,0.028300624442462088,0.021933541480820697,0.04202720785013381,0.008686440677966102,0.03638492417484389,0.018978590544157004,0.0071810883140053525,0.016347011596788582,0.0014384478144513827,0.0011931311329170383,0.0015165031222123104,0.015298840321141838,0.0013046387154326494,0.006590098126672613,0.0015388046387154327,0.0,2.2301516503122213e-05,0.0,0.0,0.0,0.0,0.0,0.0,0.0,0.0,0.0,0.0,0.0,0.0,0.0,0.0,0.0,0.0,0.0,0.0,0.0,0.0,0.0,0.0,0.0,0.0,0.0,0.0,0.0,0.0,0.0,0.0,0.0,0.0,0.0,nan,nan,4.2848211184439045,2.922434018328175,nan,0.8751613464730665,0.035992137744784054,0.0,0.0,0.0,0.0,0.0,0.0,0.0,0.0,0.0,0.0,0.0,0.0,0.0,0.0,0.0,0.0,0.0,0.0,0.0,0.0,0.0,0.024979184013322237,0.09991673605328895,0.5245628642797653,2.447960033305579,9.017485428809326,11.50291423813489,4.783513738551208,1.1865112406328062,0.4121565362198169,0.8737757646556547,0.034994840513189955,0.0,0.0,0.0,0.0,0.0,0.0,0.0,0.0,0.0,0.0,0.0,0.0,0.0,0.0,0.0,0.0,0.0,0.0,0.0,0.0,0.0,0.028818443804034588,0.14409221902017294,0.4755043227665691,2.5792507204610957,8.876080691642652,12.161383285302596,4.423631123919309,0.9365994236311241,0.3746397694524497,0.435,0.01643,0.0,0.0,0.0,0.0,0.0,0.0,0.0,0.0,0.0,0.0,0.0,0.4621149042464606,13.463780183180686,15.224812656119903,0.849292256452956,0.0,0.0,0.0,0.0,0.0,0.0,0.0,0.0,0.0,0.0,0.0,0.0,0.0,0.0,0.0,0.4358,0.01671,0.0,0.0,0.0,0.0,0.0,0.0,0.0,0.0,0.0,0.0,0.0,0.40345821325648357,13.069164265129686,15.634005763688764,0.8933717579250723,0.0,0.0,0.0,0.0,0.0,0.0,0.0,0.0,0.0,0.0,0.0,0.0,0.0,0.0,0.0
42800,4404,2287,0.5193006357856494,1087,900,0.451180744777475,1249,0.567211625794732,0.482,3.0231459612659424,3.1023986825058394,6.684908789386402,2.0645200976990616,6649.800000000001,9.094947017729282e-13,6649.8,6649.8,6649.800000000001,9.094947017729282e-13,6649.800000000001,9.094947017729282e-13,27.464123524069027,20.64950870358776,32.56146088852548,18.854649022023736,0.14600363306085376,0.0958219800181653,0.09241598546775659,0.08628519527702089,0.08878292461398729,0.07629427792915532,0.06857402361489555,0.062216167120799276,0.06108083560399637,0.04927338782924614,0.046094459582198,0.037693006357856496,0.03201634877384196,0.025204359673024524,0.013623978201634877,0.012488646684831971,0.006130790190735695,0.8735462104213119,0.03457738598292646,0.0,0.0,0.0,0.0,0.0,0.0,0.0,0.0,0.0,0.0,0.0,0.0,0.0,0.0,0.0,0.0,0.0,0.0,0.0,0.0,0.0,0.00681198910081744,0.08174386920980928,0.5722070844686631,2.506811989100818,9.134877384196187,11.989100817438695,4.346049046321527,1.0149863760217985,0.34741144414168945,4.331795599716111,2.833113728310106,1.5,0.5,0.3462767264684197,4.2969525159461375,2.8601438828048944,4.362668559261888,2.805459086450336,1.0152936396369,0.4348,0.01666,0.0,0.0,0.0,0.0,0.0,0.0,0.0,0.0,0.0,0.0,0.0,0.5653950953678466,13.38555858310627,15.183923705722075,0.8651226158038149,0.0,0.0,0.0,0.0,0.0,0.0,0.0,0.0,0.0,0.0,0.0,0.0,0.0,0.0,0.0,nan,nan,4.329787234042553,2.8331433732111697,nan,0.4348,0.08466,0.0,0.0,0.0,0.0,0.0,0.0,0.0,0.0,0.0,0.0,0.0,0.0,0.0,0.0,0.0,0.0,0.0,0.0,0.0,0.00157811080835604,3.4059945504087195e-05,0.00023841961852861035,0.00032924613987284285,0.0010217983651226157,0.0006017257039055404,0.008163033605812898,0.0014986376021798365,0.014827429609445959,0.008231153496821072,0.0037693006357856496,0.00814032697547684,0.011194368755676658,0.02766802906448683,0.048342415985467756,0.039009990917347866,0.034445958219800184,0.03109673024523161,0.04729791099000908,0.047388737511353314,0.03508174386920981,0.03646684831970935,0.025726612170753862,0.024420980926430517,0.059990917347865574,0.011625794732061762,0.01395322434150772,0.036864214350590375,0.07051544050862851,0.056221616712079925,0.023580835603996368,0.06349909173478656,0.029995458673932787,0.020708446866485014,0.041973206176203454,0.009139418710263397,0.03505903723887375,0.0178133514986376,0.0063692098092643055,0.015747048138056313,0.001964123524069028,0.0012602179836512261,0.001737057220708447,0.015349682107175295,0.002316076294277929,0.00678928247048138,0.0009536784741144414,0.0,0.0,0.0,0.0,0.0,0.0,0.0,0.0,0.0,0.0,0.0,0.0,0.0,0.0,0.0,0.0,0.0,0.0,0.0,0.0,0.0,0.0,0.0,0.0,0.0,0.0,0.0,0.0,0.0,0.0,0.0,0.0,0.0,0.0,0.0,nan,nan,4.329787234042553,2.8331433732111697,nan,0.8736332238997546,0.03444219428484004,0.0,0.0,0.0,0.0,0.0,0.0,0.0,0.0,0.0,0.0,0.0,0.0,0.0,0.0,0.0,0.0,0.0,0.0,0.0,0.0,0.0,0.0,0.0655881066899869,0.6034105815478774,2.426759947529515,9.182334936598165,11.989505902929606,4.381285526891125,0.9838216003498035,0.36729339746392664,0.8734522095591492,0.034722597410993046,0.0,0.0,0.0,0.0,0.0,0.0,0.0,0.0,0.0,0.0,0.0,0.0,0.0,0.0,0.0,0.0,0.0,0.0,0.0,0.0,0.0,0.014170996693434109,0.09919697685403876,0.5384978743504942,2.5932923948984414,9.083608880491264,11.988663202645256,4.307982994803969,1.048653755314124,0.3259329239489845,0.4348,0.01648,0.0,0.0,0.0,0.0,0.0,0.0,0.0,0.0,0.0,0.0,0.0,0.550940096195889,13.353738522081333,15.255793616090951,0.8395277656318323,0.0,0.0,0.0,0.0,0.0,0.0,0.0,0.0,0.0,0.0,0.0,0.0,0.0,0.0,0.0,0.4348,0.01685,0.0,0.0,0.0,0.0,0.0,0.0,0.0,0.0,0.0,0.0,0.0,0.5810108644307974,13.4199338686821,15.106282475200759,0.8927727916863488,0.0,0.0,0.0,0.0,0.0,0.0,0.0,0.0,0.0,0.0,0.0,0.0,0.0,0.0,0.0
42900,4288,2193,0.5114272388059702,1028,900,0.4496268656716418,1236,0.5764925373134329,0.486,3.0248210023866346,3.0685648700580868,6.586956521739131,2.0368586299439633,6649.800000000001,9.094947017729282e-13,6649.8,6649.8,6649.800000000001,9.094947017729282e-13,6649.800000000002,1.8189894035458565e-12,27.963619402985074,20.974155230811817,33.12472035794183,19.142731685314377,0.14458955223880596,0.09538246268656717,0.08908582089552239,0.08955223880597014,0.08162313432835822,0.07439365671641791,0.06669776119402986,0.06669776119402986,0.059468283582089554,0.05107276119402985,0.04617537313432836,0.041744402985074626,0.02751865671641791,0.030083955223880597,0.017957089552238806,0.010960820895522388,0.006996268656716418,0.8739186508108431,0.032689601002482756,0.0,0.0,0.0,0.0,0.0,0.0,0.0,0.0,0.0,0.0,0.0,0.0,0.0,0.0,0.0,0.0,0.0,0.0,0.0,0.0,0.0,0.0,0.04197761194029851,0.36380597014925264,2.567630597014926,9.060167910447763,12.50932835820896,4.302705223880598,0.867537313432836,0.2868470149253732,4.273448773448774,2.8109457918091976,8.0,0.0,1.8720243120040518,4.404624277456647,2.8613694734264654,4.145428365730742,2.7544875970558182,0.9411536840832262,0.436,0.01651,0.0,0.0,0.0,0.0,0.0,0.0,0.0,0.0,0.0,0.0,0.0,0.42677238805970086,12.558302238805974,16.14039179104478,0.8745335820895525,0.0,0.0,0.0,0.0,0.0,0.0,0.0,0.0,0.0,0.0,0.0,0.0,0.0,0.0,0.0,nan,nan,4.274792643346556,2.811329405758918,nan,0.436,0.0842,0.0,0.0,0.0,0.0,0.0,0.0,0.0,0.0,0.0,0.0,0.0,0.0,0.0,0.0,0.0,0.0,0.0,0.0,1.166044776119403e-05,0.0014575559701492538,0.0,0.0003148320895522388,0.00012826492537313432,0.0012826492537313433,0.00037313432835820896,0.008861940298507462,0.0016208022388059702,0.013351212686567164,0.00703125,0.0032882462686567165,0.008138992537313433,0.0115205223880597,0.02925606343283582,0.04812266791044776,0.035680970149253734,0.03401352611940298,0.029489272388059703,0.04418143656716418,0.04471781716417911,0.03590251865671642,0.03786147388059701,0.027973414179104476,0.025979477611940298,0.06124067164179105,0.012639925373134329,0.014692164179104478,0.03760494402985075,0.06982276119402984,0.05517723880597015,0.021968283582089552,0.06638292910447761,0.02937266791044776,0.02025419776119403,0.044799440298507465,0.009270055970149254,0.03781483208955224,0.017140858208955223,0.00630830223880597,0.015053638059701493,0.0022154850746268656,0.0012593283582089552,0.0017257462686567165,0.014808768656716417,0.0024836753731343284,0.005865205223880597,0.0015275186567164179,1.166044776119403e-05,0.0,0.0,0.0,0.0,0.0,0.0,0.0,0.0,0.0,0.0,0.0,0.0,0.0,0.0,0.0,0.0,0.0,0.0,0.0,0.0,0.0,0.0,0.0,0.0,0.0,0.0,0.0,0.0,0.0,0.0,0.0,0.0,0.0,0.0,nan,nan,4.274792643346556,2.811329405758918,nan,0.8750661664557033,0.03304743264988126,0.0,0.0,0.0,0.0,0.0,0.0,0.0,0.0,0.0,0.0,0.0,0.0,0.0,0.0,0.0,0.0,0.0,0.0,0.0,0.0,0.0,0.0,0.041039671682626545,0.3693570451436377,2.4076607387140907,8.87824897400821,12.503419972640222,4.6374829001368,0.7934336525307799,0.36935704514363893,0.872717456629851,0.03226709804040075,0.0,0.0,0.0,0.0,0.0,0.0,0.0,0.0,0.0,0.0,0.0,0.0,0.0,0.0,0.0,0.0,0.0,0.0,0.0,0.0,0.0,0.0,0.042959427207637235,0.35799522673030915,2.735083532219571,9.250596658711219,12.51551312649165,3.952267303102626,0.9451073985680193,0.2004773269689738,0.4358,0.01675,0.0,0.0,0.0,0.0,0.0,0.0,0.0,0.0,0.0,0.0,0.0,0.5061559507523933,12.366621067031467,16.210670314637486,0.9165526675786596,0.0,0.0,0.0,0.0,0.0,0.0,0.0,0.0,0.0,0.0,0.0,0.0,0.0,0.0,0.0,0.436,0.01627,0.0,0.0,0.0,0.0,0.0,0.0,0.0,0.0,0.0,0.0,0.0,0.3436754176610974,12.758949880668261,16.066825775656326,0.8305489260143201,0.0,0.0,0.0,0.0,0.0,0.0,0.0,0.0,0.0,0.0,0.0,0.0,0.0,0.0,0.0
43000,4290,2135,0.4976689976689977,1030,880,0.44522144522144524,1221,0.5692307692307692,0.486,2.980974477958237,3.1163233105932333,6.6743421052631575,2.0693247281015155,6649.800000000002,1.8189894035458565e-12,6649.8,6649.8,6649.800000000001,9.094947017729282e-13,6649.800000000002,1.8189894035458565e-12,27.268531468531467,20.615430049321642,32.32951048951049,18.85919735660043,0.14475524475524476,0.10745920745920746,0.08787878787878788,0.08671328671328671,0.08275058275058275,0.075990675990676,0.0703962703962704,0.0675990675990676,0.051515151515151514,0.05524475524475524,0.045454545454545456,0.03752913752913753,0.03076923076923077,0.025407925407925407,0.01351981351981352,0.010722610722610723,0.006293706293706294,0.8726735191189604,0.034927284486261936,0.0,0.0,0.0,0.0,0.0,0.0,0.0,0.0,0.0,0.0,0.0,0.0,0.0,0.0,0.0,0.0,0.0,0.0,0.0,0.0,0.0,0.006993006993006995,0.1328671328671329,0.5244755244755229,2.902097902097903,9.11888111888112,11.559440559440564,4.398601398601399,1.111888111888112,0.24475524475524482,4.400221320545924,2.900333861091521,3.857142857142857,2.8499910490371434,0.8765792845766021,4.373546511627907,2.8929541880028413,4.424739195230998,2.907657122054187,1.0117050735523185,0.4355,0.01642,0.0,0.0,0.0,0.0,0.0,0.0,0.0,0.0,0.0,0.0,0.0,0.405594405594405,12.84615384615385,15.811188811188815,0.9300699300699303,0.006993006993006995,0.0,0.0,0.0,0.0,0.0,0.0,0.0,0.0,0.0,0.0,0.0,0.0,0.0,0.0,nan,nan,4.398822663723326,2.900335942108695,nan,0.4355,0.0836,0.0,0.0,0.0,0.0,0.0,0.0,0.0,0.0,0.0,0.0,0.0,0.0,0.0,0.0,0.0,0.0,1.1655011655011655e-05,0.0,0.0,0.0010023310023310023,0.0,0.00037296037296037296,0.0,0.0017715617715617716,0.0004079254079254079,0.009102564102564102,0.001958041958041958,0.012622377622377622,0.0069696969696969695,0.003286713286713287,0.006713286713286713,0.010594405594405594,0.028356643356643358,0.04666666666666667,0.037202797202797205,0.03441724941724942,0.030233100233100232,0.04710955710955711,0.0432983682983683,0.039522144522144524,0.03752913752913753,0.03162004662004662,0.024685314685314687,0.0598951048951049,0.012762237762237762,0.013904428904428905,0.03834498834498835,0.07047785547785548,0.05581585081585082,0.021002331002331003,0.0651981351981352,0.03057109557109557,0.018706293706293706,0.04462703962703963,0.009335664335664335,0.037750582750582753,0.01677156177156177,0.006212121212121212,0.013344988344988346,0.0027855477855477854,0.0013286713286713287,0.001282051282051282,0.013601398601398602,0.002470862470862471,0.006386946386946387,0.0019230769230769232,0.0,0.0,3.4965034965034965e-05,1.1655011655011655e-05,0.0,0.0,0.0,0.0,0.0,0.0,0.0,0.0,0.0,0.0,0.0,0.0,0.0,0.0,0.0,0.0,0.0,0.0,0.0,0.0,0.0,0.0,0.0,0.0,0.0,0.0,0.0,0.0,0.0,0.0,0.0,nan,nan,4.398822663723326,2.900335942108695,nan,0.8727624802734589,0.03490675204568771,0.0,0.0,0.0,0.0,0.0,0.0,0.0,0.0,0.0,0.0,0.0,0.0,0.0,0.0,0.0,0.0,0.0,0.0,0.0,0.0,0.0,0.0,0.12646370023419207,0.435597189695549,3.049180327868853,9.161592505854802,11.423887587822016,4.426229508196722,1.1100702576112413,0.2669789227166277,0.8725853835900256,0.03494739116106419,0.0,0.0,0.0,0.0,0.0,0.0,0.0,0.0,0.0,0.0,0.0,0.0,0.0,0.0,0.0,0.0,0.0,0.0,0.0,0.0,0.0,0.01392111368909513,0.1392111368909513,0.6125290023201837,2.756380510440836,9.076566125290025,11.69373549883991,4.3712296983758705,1.1136890951276104,0.2227378190255221,0.4355,0.01622,0.0,0.0,0.0,0.0,0.0,0.0,0.0,0.0,0.0,0.0,0.0,0.4355971896955497,12.674473067915693,15.990632318501174,0.899297423887588,0.0,0.0,0.0,0.0,0.0,0.0,0.0,0.0,0.0,0.0,0.0,0.0,0.0,0.0,0.0,0.4355,0.01662,0.0,0.0,0.0,0.0,0.0,0.0,0.0,0.0,0.0,0.0,0.0,0.3758700696055679,13.016241299303948,15.633410672853831,0.9605568445475641,0.01392111368909513,0.0,0.0,0.0,0.0,0.0,0.0,0.0,0.0,0.0,0.0,0.0,0.0,0.0,0.0
43100,4510,2365,0.524390243902439,1077,910,0.4405764966740576,1268,0.5623059866962306,0.478,3.075990675990676,3.1377551638782353,6.71594684385382,2.0727735564801884,6649.800000000002,1.8189894035458565e-12,6649.8,6649.8,6649.800000000001,9.094947017729282e-13,6649.800000000002,1.8189894035458565e-12,27.742128603104213,20.917730814582992,32.783819628647215,19.179833110393126,0.13946784922394678,0.10399113082039911,0.09201773835920177,0.09046563192904657,0.08381374722838138,0.07006651884700665,0.07095343680709534,0.06341463414634146,0.05055432372505543,0.0541019955654102,0.04944567627494457,0.03725055432372506,0.03414634146341464,0.02483370288248337,0.01662971175166297,0.011086474501108648,0.007760532150776054,0.8723234978853467,0.03370274975374783,0.0,0.0,0.0,0.0,0.0,0.0,0.0,0.0,0.0,0.0,0.0,0.0,0.0,0.0,0.0,0.0,0.0,0.0,0.0,0.0,0.0,0.0,0.10643015521064304,0.6186252771618607,2.5410199556541024,9.286031042128604,11.986696230598673,4.343680709534369,0.9778270509977829,0.13968957871396898,4.283882149046794,2.869338326731711,2.5,3.2015621187164243,0.5835828141435391,4.185416666666667,2.8452560114747727,4.3768115942028984,2.892395120036469,1.045729002099249,0.4348,0.017,0.0,0.0,0.0,0.0,0.0,0.0,0.0,0.0,0.0,0.0,0.0,0.6186252771618617,13.270509977827054,15.192904656319294,0.9179600886917962,0.0,0.0,0.0,0.0,0.0,0.0,0.0,0.0,0.0,0.0,0.0,0.0,0.0,0.0,0.0,nan,nan,4.28141225337487,2.870591377340487,nan,0.4348,0.0832,0.0,0.0,0.0,0.0,0.0,0.0,0.0,0.0,0.0,0.0,0.0,0.0,0.0,0.0,0.0,0.0,0.0,0.0,0.0,0.0011751662971175166,0.0,0.00047671840354767184,0.0,0.0014966740576496675,0.000376940133037694,0.009002217294900222,0.001286031042128603,0.013015521064301552,0.007849223946784922,0.003902439024390244,0.005044345898004434,0.011108647450110865,0.027073170731707317,0.0492350332594235,0.03736141906873614,0.03563192904656319,0.02916851441241685,0.0460310421286031,0.042516629711751665,0.04233924611973392,0.036829268292682925,0.0315410199556541,0.02620842572062084,0.06156319290465632,0.01253880266075388,0.01344789356984479,0.03870288248337029,0.0691130820399113,0.056286031042128606,0.0211529933481153,0.06379157427937916,0.033337028824833706,0.01917960088691796,0.041008869179600886,0.010698447893569845,0.035022172949002214,0.01768292682926829,0.0066518847006651885,0.013015521064301552,0.0030709534368070952,0.0013192904656319292,0.0016297117516629713,0.011906873614190688,0.002827050997782705,0.006119733924611973,0.001164079822616408,0.0,0.0,9.977827050997783e-05,0.0,0.0,0.0,0.0,0.0,0.0,0.0,0.0,0.0,0.0,0.0,0.0,0.0,0.0,0.0,0.0,0.0,0.0,0.0,0.0,0.0,0.0,0.0,0.0,0.0,0.0,0.0,0.0,0.0,0.0,0.0,0.0,nan,nan,4.28141225337487,2.870591377340487,nan,0.8728489206658862,0.033233993096172657,0.0,0.0,0.0,0.0,0.0,0.0,0.0,0.0,0.0,0.0,0.0,0.0,0.0,0.0,0.0,0.0,0.0,0.0,0.0,0.0,0.0,0.0,0.11416490486257931,0.6596194503171228,2.448202959830867,8.676532769556028,12.532769556025373,4.528541226215646,0.9640591966173363,0.07610993657505287,0.8717441855888545,0.03420278580086524,0.0,0.0,0.0,0.0,0.0,0.0,0.0,0.0,0.0,0.0,0.0,0.0,0.0,0.0,0.0,0.0,0.0,0.0,0.0,0.0,0.0,0.0,0.09790209790209793,0.5734265734265717,2.6433566433566438,9.95804195804196,11.384615384615387,4.139860139860141,0.9930069930069932,0.20979020979020985,0.4348,0.01674,0.0,0.0,0.0,0.0,0.0,0.0,0.0,0.0,0.0,0.0,0.0,0.608879492600422,12.900634249471462,15.640591966173364,0.8498942917547571,0.0,0.0,0.0,0.0,0.0,0.0,0.0,0.0,0.0,0.0,0.0,0.0,0.0,0.0,0.0,0.4348,0.01726,0.0,0.0,0.0,0.0,0.0,0.0,0.0,0.0,0.0,0.0,0.0,0.6293706293706284,13.678321678321682,14.699300699300702,0.9930069930069932,0.0,0.0,0.0,0.0,0.0,0.0,0.0,0.0,0.0,0.0,0.0,0.0,0.0,0.0,0.0
43200,4867,2525,0.5188000821861516,1152,985,0.43907951510170534,1335,0.5485925621532771,0.45799999999999996,2.990606319385141,3.082816022422835,6.482035928143713,2.1786884311774126,6649.800000000002,1.8189894035458565e-12,6649.8,6649.8,6649.800000000003,2.7284841053187847e-12,6649.8,0.0,27.571604684610644,20.81865596912242,32.540991654393714,19.121139635252877,0.14382576535853708,0.09965070885555784,0.09985617423464146,0.08300801314978426,0.0774604479145264,0.0782823094308609,0.07191288267926854,0.06636531744401068,0.05547565235257859,0.04890076022190261,0.042736798849393874,0.03821656050955414,0.03287446065337991,0.025683172385453052,0.018286418738442573,0.011711526607766592,0.005753030614341483,0.8738328043332403,0.03444835849551886,0.0,0.0,0.0,0.0,0.0,0.0,0.0,0.0,0.0,0.0,0.0,0.0,0.0,0.0,0.0,0.0,0.0,0.0,0.0,0.0,0.0,0.012327922745017468,0.10478734333264847,0.4746250256831709,2.440928703513458,9.29525374974317,11.896445448941856,4.388740497226218,1.0725292788165195,0.3143620299979454,4.343516412089698,2.8486866533800552,5.333333333333333,3.6817870057290873,1.2278837760319241,4.356254092992796,2.877571487264375,4.335051546391752,2.8217871516650104,0.9951328489687621,0.4348,0.0171,0.0,0.0,0.0,0.0,0.0,0.0,0.0,0.0,0.0,0.0,0.0,0.6410519827409072,13.166221491678655,15.200328744606537,0.9923977809739061,0.0,0.0,0.0,0.0,0.0,0.0,0.0,0.0,0.0,0.0,0.0,0.0,0.0,0.0,0.0,nan,nan,4.34448051948052,2.8497838929703945,nan,0.4348,0.0835,0.0,0.0,0.0,0.0,0.0,0.0,0.0,0.0,0.0,0.0,0.0,0.0,0.0,0.0,0.0,0.0,0.0,0.0,0.0,0.0013355249640435586,0.0,0.000606122868296692,0.0,0.0016129032258064516,0.0004006574892130676,0.008608999383603863,0.0016129032258064516,0.014588041914937334,0.007910417094719539,0.003975755085268132,0.0049208958290528045,0.010756112595027737,0.025878364495582493,0.04836655023628519,0.0363776453667557,0.03601808095335936,0.027296075611259504,0.047832340250667765,0.04182247791247175,0.04199712348469283,0.03771317033079926,0.03367577563180604,0.027316622149167864,0.06293404561331416,0.013108691185535237,0.012143003903842202,0.03739469899321964,0.06735155126361209,0.05288678857612492,0.022426546126977604,0.06231764947606328,0.03209369221286213,0.021419765769467844,0.04276761865625642,0.012081364290117115,0.03581261557427574,0.016118758989110336,0.006544072323813438,0.012666940620505445,0.00403739469899322,0.001304705157181015,0.0023012122457365934,0.01135196219437025,0.0024142182042325867,0.00664680501335525,0.0011814259297308403,0.0,0.0,7.191288267926854e-05,0.0,0.0,0.0,0.0,0.0,0.0,0.0,0.0,0.0,0.0,0.0,0.0,0.0,0.0,0.0,0.0,0.0,0.0,0.0,0.0,0.0,0.0,0.0,0.0,0.0,0.0,0.0,0.0,0.0,0.0,0.0,0.0,nan,nan,4.34448051948052,2.8497838929703945,nan,0.8725433733203624,0.03399471747853677,0.0,0.0,0.0,0.0,0.0,0.0,0.0,0.0,0.0,0.0,0.0,0.0,0.0,0.0,0.0,0.0,0.0,0.0,0.0,0.0,0.0,0.011881188118811885,0.1425742574257426,0.4871287128712856,2.5425742574257435,9.445544554455447,11.928712871287132,4.241584158415843,0.9623762376237626,0.23762376237623767,0.8752229893492594,0.03487748432286705,0.0,0.0,0.0,0.0,0.0,0.0,0.0,0.0,0.0,0.0,0.0,0.0,0.0,0.0,0.0,0.0,0.0,0.0,0.0,0.0,0.0,0.01280956447480786,0.06404782237403929,0.4611443210930814,2.33134073441503,9.133219470538004,11.861656703672079,4.54739538855679,1.1912894961571308,0.3970964987190436,0.4348,0.01714,0.0,0.0,0.0,0.0,0.0,0.0,0.0,0.0,0.0,0.0,0.0,0.6415841584158407,13.211881188118815,15.07722772277228,1.0693069306930696,0.0,0.0,0.0,0.0,0.0,0.0,0.0,0.0,0.0,0.0,0.0,0.0,0.0,0.0,0.0,0.435,0.01707,0.0,0.0,0.0,0.0,0.0,0.0,0.0,0.0,0.0,0.0,0.0,0.6404782237403919,13.116994022203249,15.333048676345008,0.909479077711358,0.0,0.0,0.0,0.0,0.0,0.0,0.0,0.0,0.0,0.0,0.0,0.0,0.0,0.0,0.0
43300,4908,2458,0.5008149959250203,1131,1038,0.4419315403422983,1400,0.5704971475142624,0.44999999999999996,2.927755102040816,3.0630258917440405,6.559766763848397,2.067043057363461,6649.800000000001,9.094947017729282e-13,6649.8,6649.8,6649.800000000001,9.094947017729282e-13,6649.800000000001,9.094947017729282e-13,27.635696821515893,20.861101099962745,32.7860988742046,19.07131071575961,0.145680521597392,0.10126324368378158,0.09311328443357783,0.08394458027709861,0.08251833740831296,0.0713121434392828,0.06907090464547677,0.06458842705786472,0.05969845150774246,0.049511002444987774,0.0486960065199674,0.03606356968215159,0.03484107579462103,0.02628361858190709,0.016299918500407497,0.01039119804400978,0.006723716381418093,0.8745887995907807,0.03542186112793993,0.0,0.0,0.0,0.0,0.0,0.0,0.0,0.0,0.0,0.0,0.0,0.0,0.0,0.0,0.0,0.0,0.0,0.0,0.0,0.0,0.018337408312958436,0.024449877750611252,0.12224938875305626,0.5378973105134458,2.414425427872861,8.710268948655258,12.121026894865528,4.663814180929096,1.0391198044009782,0.34841075794621035,4.370322993284298,2.8343661703090937,4.285714285714286,3.1943828249996997,0.9806401706006564,4.376134889753567,2.813005021837195,4.364321608040201,2.856568454239141,0.9973005215764654,0.435,0.0168,0.0,0.0,0.0,0.0,0.0,0.0,0.0,0.0,0.0,0.0,0.0,0.6356968215158915,13.068459657701714,15.519559902200491,0.7762836185819073,0.0,0.0,0.0,0.0,0.0,0.0,0.0,0.0,0.0,0.0,0.0,0.0,0.0,0.0,0.0,nan,nan,4.370134014039566,2.8352240453398325,nan,0.435,0.08325,0.0,0.0,0.0,0.0,0.0,0.0,0.0,0.0,0.0,0.0,0.0,0.0,0.0,0.0,0.0,0.0,0.0,0.0,0.0,0.0012734311328443358,0.0,0.0006621841890790546,0.0,0.0013243683781581092,0.00040749796251018743,0.007334963325183374,0.001263243683781581,0.014058679706601468,0.008037897310513447,0.004482477587612062,0.005144661776691117,0.010289323553382234,0.026202118989405054,0.05023431132844336,0.03656275468622657,0.03686837815810921,0.026731866340668296,0.04776894865525672,0.04178891605541972,0.03961898940505298,0.03964955175224124,0.033363895680521595,0.027424612876935615,0.06448655256723716,0.013080684596577017,0.013202933985330073,0.03544213528932355,0.06738997555012224,0.052577424612876934,0.021923390383048084,0.06291768541157294,0.03069478402607987,0.023115321923390383,0.04405052974735126,0.012550937245313773,0.034810513447432766,0.01545436022819886,0.005664221678891606,0.011379380603096985,0.004258353708231459,0.001232681336593317,0.0024246128769356153,0.012265688671556642,0.0021801140994295027,0.006784841075794621,0.0014873675631621843,1.0187449062754686e-05,2.0374898125509373e-05,0.00010187449062754686,0.0,0.0,0.0,0.0,0.0,0.0,0.0,0.0,0.0,0.0,0.0,0.0,0.0,0.0,0.0,0.0,0.0,0.0,0.0,0.0,0.0,0.0,0.0,0.0,0.0,0.0,0.0,0.0,0.0,0.0,0.0,0.0,nan,nan,4.370134014039566,2.8352240453398325,nan,0.873999038248939,0.0361738483573152,0.0,0.0,0.0,0.0,0.0,0.0,0.0,0.0,0.0,0.0,0.0,0.0,0.0,0.0,0.0,0.0,0.0,0.0,0.0,0.0,0.024410089503661518,0.036615134255492274,0.15866558177379989,0.5614320585842131,2.550854353132629,8.494711147274208,12.241659886086252,4.589096826688365,0.9886086248982915,0.35394629780309206,0.8751804866839429,0.03464093442383145,0.0,0.0,0.0,0.0,0.0,0.0,0.0,0.0,0.0,0.0,0.0,0.0,0.0,0.0,0.0,0.0,0.0,0.0,0.0,0.0,0.012244897959183676,0.012244897959183676,0.08571428571428574,0.5142857142857127,2.2775510204081635,8.9265306122449,12.000000000000004,4.738775510204082,1.0897959183673471,0.34285714285714297,0.435,0.01677,0.0,0.0,0.0,0.0,0.0,0.0,0.0,0.0,0.0,0.0,0.0,0.6224572823433676,12.986167615947927,15.732302685109849,0.6590724165988611,0.0,0.0,0.0,0.0,0.0,0.0,0.0,0.0,0.0,0.0,0.0,0.0,0.0,0.0,0.0,0.435,0.01682,0.0,0.0,0.0,0.0,0.0,0.0,0.0,0.0,0.0,0.0,0.0,0.6489795918367338,13.151020408163268,15.306122448979595,0.8938775510204083,0.0,0.0,0.0,0.0,0.0,0.0,0.0,0.0,0.0,0.0,0.0,0.0,0.0,0.0,0.0
43400,4765,2482,0.5208814270724029,1143,973,0.4440713536201469,1338,0.5615949632738719,0.44199999999999995,2.932544897065265,2.9438914173664763,6.252212389380531,1.9984771788881575,6649.800000000002,1.8189894035458565e-12,6649.8,6649.8,6649.800000000001,9.094947017729282e-13,6649.800000000001,9.094947017729282e-13,28.32339979013641,20.948097760275534,33.15119165839126,19.179837535671325,0.13704092339979013,0.09548793284365163,0.09213011542497376,0.08646379853095489,0.08268625393494229,0.07618048268625394,0.07051416579223505,0.05981112277019937,0.055823714585519414,0.05645330535152151,0.050786988457502624,0.03966421825813221,0.03315844700944386,0.026862539349422874,0.017838405036726127,0.013221406086044071,0.005876180482686254,0.8744245789483862,0.035294826196137434,0.0,0.0,0.0,0.0,0.0,0.0,0.0,0.0,0.0,0.0,0.0,0.0,0.0,0.0,0.0,0.0,0.0,0.0,0.0,0.0,0.006295907660020988,0.031479538300104935,0.16369359916054568,0.5099685204616983,2.1594963273871985,9.022035676810075,12.144805876180486,4.5141657922350475,1.089192025183631,0.35886673662119634,4.174180992539734,2.709138366099234,4.153846153846154,1.7473564140923918,0.9951284242993002,4.145994832041343,2.7128992719822116,4.202973497091144,2.6991183795997777,1.0137430622463528,0.436,0.01703,0.0,0.0,0.0,0.0,0.0,0.0,0.0,0.0,0.0,0.0,0.0,0.5477439664218251,12.207764952780696,16.24973767051417,0.994753410283316,0.0,0.0,0.0,0.0,0.0,0.0,0.0,0.0,0.0,0.0,0.0,0.0,0.0,0.0,0.0,nan,nan,4.1740956072351425,2.705815016882702,nan,0.436,0.08405,0.0,0.0,0.0,0.0,0.0,0.0,0.0,0.0,0.0,0.0,0.0,0.0,0.0,0.0,0.0,0.0,0.0,1.0493179433368311e-05,0.0,0.0012906610703043021,0.0,0.0005981112277019937,0.0,0.0009233997901364114,0.0006295907660020986,0.006453305351521511,0.0016369359916054566,0.01304302203567681,0.008363064008394544,0.004774396642182582,0.0047429171038824765,0.009748163693599161,0.027911857292759707,0.05290661070304302,0.036044071353620144,0.03826862539349423,0.024879328436516263,0.04586568730325288,0.041133263378803776,0.04052465897166842,0.039223504721930744,0.03279118572927597,0.025267576075550892,0.06268625393494229,0.011993704092339979,0.013368310598111229,0.03546694648478489,0.06921301154249737,0.047859391395592865,0.02013641133263379,0.06518363064008395,0.03061909758656873,0.023756558237145856,0.04518363064008395,0.014176285414480587,0.03746065057712487,0.016054564533053515,0.006694648478488982,0.010839454354669464,0.004018887722980063,0.0010283315844700945,0.002308499475341028,0.012077649527806926,0.0021825813221406087,0.008604407135362015,0.0018677859391395594,1.0493179433368311e-05,0.0,0.00017838405036726127,0.0,0.0,0.0,0.0,0.0,0.0,0.0,0.0,0.0,0.0,0.0,0.0,0.0,0.0,0.0,0.0,0.0,0.0,0.0,0.0,0.0,0.0,0.0,0.0,0.0,0.0,0.0,0.0,0.0,0.0,0.0,0.0,nan,nan,4.1740956072351425,2.705815016882702,nan,0.8738347018658394,0.0353791662707165,0.0,0.0,0.0,0.0,0.0,0.0,0.0,0.0,0.0,0.0,0.0,0.0,0.0,0.0,0.0,0.0,0.0,0.0,0.0,0.0,0.012087026591458504,0.03626107977437551,0.24174053182917007,0.495568090249797,2.0064464141821117,8.908138597904918,12.667203867848512,4.254633360193393,1.0153102336825144,0.36261079774375515,0.8750658732623945,0.03519168931930383,0.0,0.0,0.0,0.0,0.0,0.0,0.0,0.0,0.0,0.0,0.0,0.0,0.0,0.0,0.0,0.0,0.0,0.0,0.0,0.0,0.0,0.026281208935611044,0.07884362680683313,0.5256241787122191,2.3258869908015773,9.145860709592643,11.576872536136666,4.796320630749015,1.1695137976346914,0.3547963206307491,0.4355,0.01706,0.0,0.0,0.0,0.0,0.0,0.0,0.0,0.0,0.0,0.0,0.0,0.6043513295729241,12.727639000805805,15.725221595487513,0.9427880741337633,0.0,0.0,0.0,0.0,0.0,0.0,0.0,0.0,0.0,0.0,0.0,0.0,0.0,0.0,0.0,0.4368,0.01698,0.0,0.0,0.0,0.0,0.0,0.0,0.0,0.0,0.0,0.0,0.0,0.4862023653088035,11.642575558475693,16.81997371879107,1.0512483574244418,0.0,0.0,0.0,0.0,0.0,0.0,0.0,0.0,0.0,0.0,0.0,0.0,0.0,0.0,0.0
43500,4572,2341,0.5120297462817148,1126,929,0.4494750656167979,1285,0.5621172353455818,0.474,3.025997310623039,3.0810428124556477,6.526073619631902,2.0717782100493682,6649.800000000002,1.8189894035458565e-12,6649.8,6649.8,6649.800000000002,1.8189894035458565e-12,6649.800000000001,9.094947017729282e-13,28.207786526684163,20.858439480225496,32.981902792140644,19.122629444607313,0.13604549431321084,0.09689413823272092,0.09623797025371829,0.08377077865266842,0.0752405949256343,0.08114610673665791,0.06846019247594051,0.06561679790026247,0.0610236220472441,0.049650043744531934,0.050087489063867015,0.03783902012248469,0.03827646544181977,0.024496937882764653,0.018810148731408575,0.009623797025371828,0.006780402449693788,0.8735839742661983,0.03486340544581388,0.0,0.0,0.0,0.0,0.0,0.0,0.0,0.0,0.0,0.0,0.0,0.0,0.0,0.0,0.0,0.0,0.0,0.0,0.0,0.0,0.0,0.05249343832020999,0.14435695538057744,0.47244094488188826,2.539370078740158,8.91732283464567,11.797900262467195,4.875328083989502,0.9645669291338584,0.23622047244094493,4.331530922608989,2.905272977358719,5.466666666666667,2.895206766747795,1.2620634053730724,4.3618984838497035,2.915229229131506,4.3115991763898425,2.8968226237729184,0.9884684827842513,0.4353,0.01733,0.0,0.0,0.0,0.0,0.0,0.0,0.0,0.0,0.0,0.0,0.0,0.6692913385826762,12.841207349081367,15.452755905511815,1.0367454068241473,0.0,0.0,0.0,0.0,0.0,0.0,0.0,0.0,0.0,0.0,0.0,0.0,0.0,0.0,0.0,nan,nan,4.337256220578346,2.90633494073672,nan,0.4353,0.0843,0.0,0.0,0.0,0.0,0.0,0.0,0.0,0.0,0.0,0.0,0.0,0.0,0.0,0.0,0.0,0.0,0.0,0.0,0.0,0.001126421697287839,0.0,0.0002952755905511811,0.0,0.0006780402449693789,0.0006124234470691164,0.006375765529308837,0.001563867016622922,0.01515748031496063,0.009339457567804025,0.004232283464566929,0.005030621172353456,0.010061242344706912,0.029779090113735782,0.05333552055993001,0.03535651793525809,0.03916229221347332,0.02413604549431321,0.04461942257217848,0.04063867016622922,0.04215879265091863,0.038724846894138236,0.03333333333333333,0.025098425196850394,0.06245625546806649,0.012642169728783901,0.014129483814523185,0.033978565179352584,0.069750656167979,0.046194225721784776,0.019192913385826772,0.06253280839895013,0.02983377077865267,0.025678040244969377,0.045931758530183726,0.014752843394575678,0.03810148731408574,0.015255905511811024,0.006386701662292213,0.010651793525809274,0.0038385826771653543,0.0013232720909886265,0.0023075240594925633,0.01107830271216098,0.0015857392825896763,0.008595800524934383,0.0027121609798775154,0.0,6.561679790026247e-05,0.00020778652668416447,0.0,0.0,0.0,0.0,0.0,0.0,0.0,0.0,0.0,0.0,0.0,0.0,0.0,0.0,0.0,0.0,0.0,0.0,0.0,0.0,0.0,0.0,0.0,0.0,0.0,0.0,0.0,0.0,0.0,0.0,0.0,0.0,nan,nan,4.337256220578346,2.90633494073672,nan,0.8730246149184917,0.035122204078661755,0.0,0.0,0.0,0.0,0.0,0.0,0.0,0.0,0.0,0.0,0.0,0.0,0.0,0.0,0.0,0.0,0.0,0.0,0.0,0.0,0.0,0.10252029047415637,0.11533532678342591,0.4357112345151631,2.627082443400257,8.99615548910722,11.777018368218712,4.805638615976079,0.8970525416488682,0.24348568987612138,0.8741709129631866,0.03458003798540341,0.0,0.0,0.0,0.0,0.0,0.0,0.0,0.0,0.0,0.0,0.0,0.0,0.0,0.0,0.0,0.0,0.0,0.0,0.0,0.0,0.0,0.0,0.17480950246526228,0.5109816225907649,2.4473330345136715,8.834603316898253,11.819811743612734,4.948453608247424,1.0354101299865532,0.22859704168534295,0.4355,0.01758,0.0,0.0,0.0,0.0,0.0,0.0,0.0,0.0,0.0,0.0,0.0,0.6791969243912848,12.99444681759932,15.108927808628794,1.2174284493806067,0.0,0.0,0.0,0.0,0.0,0.0,0.0,0.0,0.0,0.0,0.0,0.0,0.0,0.0,0.0,0.4353,0.01709,0.0,0.0,0.0,0.0,0.0,0.0,0.0,0.0,0.0,0.0,0.0,0.6588973554459874,12.680412371134024,15.813536530703724,0.847153742716271,0.0,0.0,0.0,0.0,0.0,0.0,0.0,0.0,0.0,0.0,0.0,0.0,0.0,0.0,0.0
43600,4509,2335,0.5178531825238412,1094,916,0.4457751164337991,1274,0.5650920381459303,0.478,3.0487580496780127,3.1213447175510542,6.634768740031898,2.1717932386759795,6649.800000000002,1.8189894035458565e-12,6649.8,6649.8,6649.800000000002,1.8189894035458565e-12,6649.800000000001,9.094947017729282e-13,28.281437125748504,20.997448631499825,33.07791185729276,19.28942223396667,0.13351075626524728,0.09891328454202705,0.09314703925482369,0.08915502328675981,0.08627190064315812,0.06963850077622533,0.06498114881348414,0.06742071412730095,0.05611000221778665,0.054557551563539586,0.05012197826569084,0.039476602350853846,0.029940119760479042,0.02772233311155467,0.020625415834996674,0.010645375914836993,0.007762253271235307,0.8722499960884336,0.03410727863496194,0.0,0.0,0.0,0.0,0.0,0.0,0.0,0.0,0.0,0.0,0.0,0.0,0.0,0.0,0.0,0.0,0.0,0.0,0.0,0.0,0.006653359946773122,0.013306719893546244,0.0598802395209581,0.5721889554224865,2.634730538922156,9.660678642714572,11.650033266799737,4.1916167664670665,0.931470392548237,0.2794411177644711,4.34599589322382,2.907612218492146,3.6666666666666665,2.3570226039551585,0.8436884794078273,4.328071379547015,2.911080042666102,4.364689843217451,2.9028687282341394,1.0084606884820528,0.4346,0.01736,0.0,0.0,0.0,0.0,0.0,0.0,0.0,0.0,0.0,0.0,0.0,0.6986027944111767,13.459747172322025,14.876912840984701,0.9647371922821026,0.0,0.0,0.0,0.0,0.0,0.0,0.0,0.0,0.0,0.0,0.0,0.0,0.0,0.0,0.0,nan,nan,4.345299145299145,2.907182256274252,nan,0.4346,0.08417,0.0,0.0,0.0,0.0,0.0,0.0,0.0,0.0,0.0,0.0,0.0,0.0,0.0,0.0,0.0,0.0,0.0,0.0,0.0,0.0007984031936127744,0.0,0.00014415613218008428,0.0,0.0004546462630294966,0.0006986027944111777,0.006797516078953205,0.002062541583499667,0.015369261477045908,0.009458860057662452,0.004014193834553116,0.005378132623641605,0.010722998447549346,0.03092703481925039,0.05569971168773564,0.03571745398092704,0.03948769128409847,0.02320913728099357,0.041594588600576625,0.04079618540696385,0.043402084719449986,0.039177201153249054,0.034575293856730985,0.02564870259481038,0.05995786205367044,0.012563761366156575,0.013960966954978931,0.03227988467509425,0.07011532490574407,0.04782656908405412,0.019139498780217343,0.059880239520958084,0.030084275892659128,0.0254047460634287,0.04727212242182302,0.01668884453315591,0.03741406076735418,0.01484808161454868,0.005965846085606565,0.009935684187181193,0.004535373697050344,0.001752051452650255,0.0021290751829673984,0.010368152583721446,0.0011754269239299178,0.008139277001552451,0.0020292747837658016,4.435573297848747e-05,5.5444666223109334e-05,0.0002994011976047904,0.0,0.0,0.0,0.0,0.0,0.0,0.0,0.0,0.0,0.0,0.0,0.0,0.0,0.0,0.0,0.0,0.0,0.0,0.0,0.0,0.0,0.0,0.0,0.0,0.0,0.0,0.0,0.0,0.0,0.0,0.0,0.0,nan,nan,4.345299145299145,2.907182256274252,nan,0.8731085693555419,0.03464589711874032,0.0,0.0,0.0,0.0,0.0,0.0,0.0,0.0,0.0,0.0,0.0,0.0,0.0,0.0,0.0,0.0,0.0,0.0,0.0,0.0,0.012847965738758033,0.012847965738758033,0.06423982869379016,0.5653104925053516,2.5952890792291226,9.173447537473235,12.038543897216277,4.278372591006425,0.9250535331905784,0.33404710920770886,0.871327839428499,0.03349462870852007,0.0,0.0,0.0,0.0,0.0,0.0,0.0,0.0,0.0,0.0,0.0,0.0,0.0,0.0,0.0,0.0,0.0,0.0,0.0,0.0,0.0,0.01379944802207912,0.05519779208831648,0.5795768169273211,2.6770929162833492,10.18399264029439,11.232750689972402,4.098436062557498,0.9383624655013801,0.22079116835326593,0.4348,0.01724,0.0,0.0,0.0,0.0,0.0,0.0,0.0,0.0,0.0,0.0,0.0,0.5781584582441105,13.683083511777305,14.710920770877948,1.0278372591006426,0.0,0.0,0.0,0.0,0.0,0.0,0.0,0.0,0.0,0.0,0.0,0.0,0.0,0.0,0.0,0.4343,0.01747,0.0,0.0,0.0,0.0,0.0,0.0,0.0,0.0,0.0,0.0,0.0,0.8279668813247458,13.219871205151797,15.05519779208832,0.8969641214351428,0.0,0.0,0.0,0.0,0.0,0.0,0.0,0.0,0.0,0.0,0.0,0.0,0.0,0.0,0.0
43700,4807,2416,0.5026003744539214,1127,999,0.4422716871229457,1369,0.5695860203869357,0.47,2.932245922208281,3.10482038032156,6.693623639191291,2.1055521128010883,6649.800000000002,1.8189894035458565e-12,6649.8,6649.8,6649.800000000002,1.8189894035458565e-12,6649.800000000001,9.094947017729282e-13,27.390056168088204,20.951744237149157,32.57650889055848,19.20872003160741,0.14915747867692947,0.10339088828791346,0.0907010609527772,0.0884127314333264,0.08196380278760142,0.07634699396713127,0.06698564593301436,0.05783232785521115,0.0611608071562305,0.0499271895152902,0.04493447056376118,0.03453297274807572,0.03266070314125234,0.024339504888703973,0.018930726024547536,0.011233617640940295,0.00748907842729353,0.8703376648454327,0.03424144055994888,0.0,0.0,0.0,0.0,0.0,0.0,0.0,0.0,0.0,0.0,0.0,0.0,0.0,0.0,0.0,0.0,0.0,0.0,0.0,0.0,0.0,0.012481797378822554,0.08737258165175787,0.6740170584564157,2.614936550863325,10.372373621801543,11.352194716039113,3.8131890992302897,0.7801123361764096,0.29332223840232996,4.452576304561864,2.8859116657372237,2.0,1.632993161855452,0.4491781528709368,4.485488126649076,2.8930679521885403,4.415525114155251,2.8794331659202257,0.9844023636852002,0.4343,0.01646,0.0,0.0,0.0,0.0,0.0,0.0,0.0,0.0,0.0,0.0,0.0,0.5117536925317238,13.811108799667155,14.96567505720824,0.7114624505928856,0.0,0.0,0.0,0.0,0.0,0.0,0.0,0.0,0.0,0.0,0.0,0.0,0.0,0.0,0.0,nan,nan,4.45016393442623,2.8859708664465002,nan,0.4343,0.0839,0.0,0.0,0.0,0.0,0.0,0.0,0.0,0.0,0.0,0.0,0.0,0.0,0.0,0.0,0.0,0.0,0.0,0.0,0.0,0.0010089452881214896,2.080299563137092e-05,0.0003328479301019347,0.0,0.0005824838776783857,0.0005824838776783857,0.006781776575826919,0.0015290201789057625,0.013990014562096942,0.009018098606199293,0.003630122737674225,0.005731225296442688,0.01069273975452465,0.03255668816309549,0.05581443727896817,0.03696692323694612,0.04011857707509881,0.020813397129186603,0.04185562721031828,0.043166215935094655,0.04108591637195756,0.03965050967339297,0.03517786561264822,0.02517162471395881,0.06305387975868525,0.013459538173496984,0.013022675265238193,0.03294154358227585,0.06827543166215935,0.04890784272935303,0.018296234657790723,0.05931974204285417,0.02972748075722904,0.023965050967339297,0.046317869773247346,0.01789057624297899,0.03786145204909507,0.014270855003120449,0.0068129810692739755,0.010318285833159975,0.005148741418764302,0.0017162471395881006,0.0017786561264822134,0.00840441023507385,0.0012897857291449969,0.008331599750364052,0.0021635115456625754,0.0,6.240898689411275e-05,0.000384855419180362,0.0,0.0,0.0,0.0,0.0,0.0,0.0,0.0,0.0,0.0,0.0,0.0,0.0,0.0,0.0,0.0,0.0,0.0,0.0,0.0,0.0,0.0,0.0,0.0,0.0,0.0,0.0,0.0,0.0,0.0,0.0,0.0,nan,nan,4.45016393442623,2.8859708664465002,nan,0.8697665077664994,0.03431659276460657,0.0,0.0,0.0,0.0,0.0,0.0,0.0,0.0,0.0,0.0,0.0,0.0,0.0,0.0,0.0,0.0,0.0,0.0,0.0,0.0,0.0,0.02483443708609272,0.08692052980132453,0.7450331125827792,2.7069536423841067,10.26903973509934,11.349337748344373,3.78725165562914,0.7947019867549671,0.23592715231788083,0.8709147938720754,0.03415563472324958,0.0,0.0,0.0,0.0,0.0,0.0,0.0,0.0,0.0,0.0,0.0,0.0,0.0,0.0,0.0,0.0,0.0,0.0,0.0,0.0,0.0,0.0,0.08782936010037644,0.602258469259722,2.5219573400250943,10.476787954830618,11.355081555834381,3.839397741530741,0.765370138017566,0.35131744040150575,0.4343,0.01643,0.0,0.0,0.0,0.0,0.0,0.0,0.0,0.0,0.0,0.0,0.0,0.546357615894039,13.745860927152322,15.024834437086096,0.6829470198675499,0.0,0.0,0.0,0.0,0.0,0.0,0.0,0.0,0.0,0.0,0.0,0.0,0.0,0.0,0.0,0.4343,0.0165,0.0,0.0,0.0,0.0,0.0,0.0,0.0,0.0,0.0,0.0,0.0,0.47678795483061415,13.877038895859476,14.90589711417817,0.7402760351317442,0.0,0.0,0.0,0.0,0.0,0.0,0.0,0.0,0.0,0.0,0.0,0.0,0.0,0.0,0.0
43800,5033,2538,0.5042718060798729,1223,1044,0.4504271806079873,1479,0.5877210411285516,0.42199999999999993,3.0160320641282565,3.080311693194117,6.629986244841816,2.0005041661179717,6649.800000000003,2.7284841053187847e-12,6649.8,6649.8,6649.800000000002,1.8189894035458565e-12,6649.800000000001,9.094947017729282e-13,27.984899662229285,20.66511217465333,32.60187134502924,18.991339269738237,0.1317305781839857,0.10629843035962647,0.0892112060401351,0.0892112060401351,0.08205841446453407,0.07411086826942181,0.06834889727796543,0.06556725610967613,0.06278561494138685,0.05285118219749652,0.04530101331213988,0.038545599046294454,0.034571825948738324,0.025630836479237036,0.018875422213391616,0.009139678124379097,0.005761970991456387,0.8689584178287894,0.03507542321634846,0.0,0.0,0.0,0.0,0.0,0.0,0.0,0.0,0.0,0.0,0.0,0.0,0.0,0.0,0.0,0.0,0.0,0.0,0.0,0.0059606596463341955,0.017881978939002587,0.017881978939002587,0.08940989469501294,0.4828134313530682,3.326048082654481,10.66958076693821,10.60997417047487,3.6002384263858542,0.8702563083647925,0.3099543016093782,4.3372164316370325,2.8418924190616917,3.4166666666666665,2.253084305765962,0.7877556309490151,4.358834244080145,2.835173404610888,4.30750307503075,2.846227997642879,0.9882236473848233,0.433,0.0165,0.0,0.0,0.0,0.0,0.0,0.0,0.0,0.0,0.0,0.0,0.0,0.7331611364991049,14.168487979336383,14.472481621299426,0.6258692628650906,0.0,0.0,0.0,0.0,0.0,0.0,0.0,0.0,0.0,0.0,0.0,0.0,0.0,0.0,0.0,nan,nan,4.3338423946243125,2.8405019830627887,nan,0.433,0.08405,0.0,0.0,0.0,0.0,0.0,0.0,0.0,0.0,0.0,0.0,0.0,0.0,0.0,0.0,0.0,0.0,0.0,0.0,0.0,0.0011722630637790582,0.0,0.0005563282336578582,0.0,0.0007947546195112259,0.0009040333796940194,0.007341545797734949,0.0015497715080468905,0.01383866481223922,0.009457579972183588,0.0032286906417643554,0.00582157758791973,0.010659646334194318,0.03493939996026227,0.05699384065169879,0.036697794555930856,0.039638386648122394,0.01962050466918339,0.042847208424398965,0.04202265050665607,0.040403337969401945,0.039439697993244587,0.03767136896483211,0.02696205046691834,0.060778859527121004,0.013133320087423008,0.013918140274190343,0.03393602225312935,0.07040532485595072,0.04752632624677131,0.01655076495132128,0.05644744685078482,0.030151003377707132,0.023494933439300616,0.04571825948738327,0.018825750049672164,0.037850188754222136,0.013570435128154182,0.007132922710113253,0.00916948142261077,0.004877806477250149,0.0015696403735346713,0.0013610172859129745,0.009696006358036956,0.0012716073912179614,0.007411086826942181,0.0022253129346314327,3.973773097556129e-05,3.973773097556129e-05,0.000337770713292271,0.0,0.0,0.0,0.0,0.0,0.0,0.0,0.0,0.0,0.0,0.0,0.0,0.0,0.0,0.0,0.0,0.0,0.0,0.0,0.0,0.0,0.0,0.0,0.0,0.0,0.0,0.0,0.0,0.0,0.0,0.0,0.0,nan,nan,4.3338423946243125,2.8405019830627887,nan,0.8683814854251766,0.03542833294208888,0.0,0.0,0.0,0.0,0.0,0.0,0.0,0.0,0.0,0.0,0.0,0.0,0.0,0.0,0.0,0.0,0.0,0.0,0.0,0.011820330969267143,0.03546099290780142,0.023640661938534285,0.08274231678487,0.47281323877068415,3.5342789598108753,10.567375886524825,10.555555555555559,3.55791962174941,0.8392434988179671,0.31914893617021284,0.8695452933559915,0.03470291087779842,0.0,0.0,0.0,0.0,0.0,0.0,0.0,0.0,0.0,0.0,0.0,0.0,0.0,0.0,0.0,0.0,0.0,0.0,0.0,0.0,0.0,0.012024048096192388,0.0961923847695391,0.4929859719438862,3.1142284569138283,10.77354709418838,10.665330661322649,3.6432865731462933,0.9018036072144291,0.30060120240480964,0.433,0.01648,0.0,0.0,0.0,0.0,0.0,0.0,0.0,0.0,0.0,0.0,0.0,0.78014184397163,14.113475177304968,14.527186761229316,0.5791962174940899,0.0,0.0,0.0,0.0,0.0,0.0,0.0,0.0,0.0,0.0,0.0,0.0,0.0,0.0,0.0,0.4333,0.01651,0.0,0.0,0.0,0.0,0.0,0.0,0.0,0.0,0.0,0.0,0.0,0.685370741482965,14.224448897795595,14.416833667334672,0.6733466933867738,0.0,0.0,0.0,0.0,0.0,0.0,0.0,0.0,0.0,0.0,0.0,0.0,0.0,0.0,0.0
43900,4452,2326,0.522461814914645,1081,902,0.4454177897574124,1265,0.5682839173405211,0.46599999999999997,3.083725305738476,3.0940948289789496,6.596091205211726,2.104683244983478,6649.800000000001,9.094947017729282e-13,6649.8,6649.8,6649.800000000002,1.8189894035458565e-12,6649.800000000002,1.8189894035458565e-12,28.076145552560646,20.982425296108097,32.985855350947425,19.242793321955414,0.139937106918239,0.10040431266846361,0.09007187780772687,0.0853548966756514,0.08557951482479785,0.07255166217430369,0.0664869721473495,0.06693620844564241,0.05390835579514825,0.05390835579514825,0.04514824797843666,0.042902066486972146,0.032794249775381853,0.027178796046720573,0.018643306379155435,0.011904761904761904,0.006289308176100629,0.8665613383322499,0.03486837609528772,0.0,0.0,0.0,0.0,0.0,0.0,0.0,0.0,0.0,0.0,0.0,0.0,0.0,0.0,0.0,0.0,0.0,0.0,0.0,0.0,0.02695417789757413,0.013477088948787064,0.19541778975741245,0.7681940700808602,3.126684636118599,10.936657681940703,10.619946091644206,3.3827493261455532,0.7547169811320756,0.17520215633423186,4.409313725490196,2.841180777863437,3.9,2.662705391138869,0.884491384102279,4.396539792387543,2.8403643582933036,4.41871921182266,2.8410708139955947,1.0050447443859192,0.433,0.0166,0.0,0.0,0.0,0.0,0.0,0.0,0.0,0.0,0.0,0.0,0.0,0.774932614555255,14.427223719676553,14.13746630727763,0.6603773584905661,0.0,0.0,0.0,0.0,0.0,0.0,0.0,0.0,0.0,0.0,0.0,0.0,0.0,0.0,0.0,nan,nan,4.407536636427076,2.8407362948131842,nan,0.433,0.08405,0.0,0.0,0.0,0.0,0.0,0.0,0.0,0.0,0.0,0.0,0.0,0.0,0.0,0.0,0.0,0.0,0.0,0.0,0.0,0.0011792452830188679,0.0,0.0005615453728661276,0.0,0.000876010781671159,0.0007637017070979335,0.00796271338724169,0.0019317160826594789,0.013870170709793352,0.009658580413297395,0.0033692722371967657,0.005514375561545373,0.011051212938005392,0.03518643306379155,0.05576145552560647,0.03603998203054807,0.03940925426774483,0.018789308176100628,0.04325022461814915,0.04238544474393531,0.03912848158131177,0.03808400718778077,0.03983602875112309,0.027706648697214734,0.05850179694519317,0.01328616352201258,0.015352650494159929,0.037848158131177,0.06987870619946092,0.04757412398921833,0.016520664869721473,0.05418912848158131,0.029548517520215634,0.023865678346810422,0.04628256963162623,0.018149146451033243,0.038173854447439357,0.013903863432165318,0.007277628032345013,0.009568733153638815,0.005188679245283019,0.001078167115902965,0.0007300089847259659,0.009175651392632525,0.0014263252470799641,0.0077044025157232705,0.0022686433063791554,0.0,3.369272237196766e-05,0.00010107816711590297,5.615453728661276e-05,0.0,0.0,0.0,0.0,0.0,0.0,0.0,0.0,0.0,0.0,0.0,0.0,0.0,0.0,0.0,0.0,0.0,0.0,0.0,0.0,0.0,0.0,0.0,0.0,0.0,0.0,0.0,0.0,0.0,0.0,0.0,nan,nan,4.407536636427076,2.8407362948131842,nan,0.8669762889937092,0.03534117796267121,0.0,0.0,0.0,0.0,0.0,0.0,0.0,0.0,0.0,0.0,0.0,0.0,0.0,0.0,0.0,0.0,0.0,0.0,0.0,0.0,0.012897678417884783,0.012897678417884783,0.20636285468615653,0.8125537403267387,3.056749785038694,11.066208082545145,10.35683576956148,3.4178847807394677,0.8512467755803957,0.20636285468615653,0.8661073518606816,0.034337897026506754,0.0,0.0,0.0,0.0,0.0,0.0,0.0,0.0,0.0,0.0,0.0,0.0,0.0,0.0,0.0,0.0,0.0,0.0,0.0,0.0,0.04233301975540923,0.01411100658513641,0.18344308560677333,0.7196613358419545,3.203198494825965,10.794920037629353,10.907808090310445,3.3443085606773293,0.6491063029162748,0.1411100658513641,0.4329,0.01653,0.0,0.0,0.0,0.0,0.0,0.0,0.0,0.0,0.0,0.0,0.0,0.7222699914015467,14.445399828030958,14.2390369733448,0.5932932072227,0.0,0.0,0.0,0.0,0.0,0.0,0.0,0.0,0.0,0.0,0.0,0.0,0.0,0.0,0.0,0.4333,0.01668,0.0,0.0,0.0,0.0,0.0,0.0,0.0,0.0,0.0,0.0,0.0,0.8325493885230468,14.407337723424275,14.026340545625592,0.7337723424270933,0.0,0.0,0.0,0.0,0.0,0.0,0.0,0.0,0.0,0.0,0.0,0.0,0.0,0.0,0.0
44000,4634,2436,0.525679758308157,1111,962,0.4473457056538628,1323,0.5709969788519638,0.46599999999999997,3.0414012738853504,3.0935690496581656,6.65742251223491,2.0846908485539495,6649.800000000001,9.094947017729282e-13,6649.8,6649.8,6649.800000000002,1.8189894035458565e-12,6649.800000000001,9.094947017729282e-13,27.50215796288304,20.764169356142723,32.64539559014267,18.98107635524288,0.14652567975830816,0.0943029779887786,0.09559775571860164,0.08696590418644799,0.09041864479930946,0.073370738023306,0.06732844195079844,0.06301251618472162,0.05891238670694864,0.044885627967198964,0.048554164868364266,0.038411739318083726,0.03129046180405697,0.02740612861458783,0.015968925334484248,0.01078981441519206,0.0062580923608113945,0.8666426672290305,0.034106982826462844,0.0,0.0,0.0,0.0,0.0,0.0,0.0,0.0,0.0,0.0,0.0,0.0,0.0,0.0,0.0,0.0,0.0,0.0,0.0,0.0,0.0,0.03236944324557618,0.11005610703495902,0.7056538627535585,3.2628398791540794,10.83081570996979,10.863185153215367,3.3211048769961167,0.6927060854553304,0.18126888217522663,4.381114130434782,2.8826923288934596,4.142857142857143,2.099562636671296,0.9456172607048714,4.446621621621621,2.898016925429016,4.31407205982325,2.8624599372141657,0.9701909510011261,0.434,0.01698,0.0,0.0,0.0,0.0,0.0,0.0,0.0,0.0,0.0,0.0,0.0,0.6344410876132922,13.841173931808376,14.689253344842472,0.8351316357358656,0.0,0.0,0.0,0.0,0.0,0.0,0.0,0.0,0.0,0.0,0.0,0.0,0.0,0.0,0.0,nan,nan,4.38054896645205,2.88110988009789,nan,0.434,0.08435,0.0,0.0,0.0,0.0,0.0,0.0,0.0,0.0,0.0,0.0,0.0,0.0,0.0,0.0,0.0,0.0,0.0,0.0,0.0,0.0008739749676305568,0.0,0.00032369443245576176,0.0,0.0009602934829520932,0.0004423823910228744,0.00907423392317652,0.002244281398359948,0.012904618040569702,0.008405265429434613,0.0033772119119551145,0.00550280535174795,0.011825636599050497,0.035541648683642645,0.05490936555891238,0.035401381096245146,0.03809883470004316,0.019583513163573586,0.04175658178679327,0.043914544669831676,0.040548122572291755,0.03820673284419508,0.03774277082434182,0.028193785066896848,0.059214501510574016,0.012127751402675874,0.014598618903754855,0.03689037548554165,0.07107250755287009,0.04727017695295641,0.016594734570565386,0.05334484246870954,0.029067760034527407,0.023154941735002158,0.048554164868364266,0.017911091929218817,0.03941519205869659,0.014695727233491584,0.0073370738023306,0.010164005179110919,0.004661199827362969,0.0017263703064307294,0.000550280535174795,0.00907423392317652,0.001629261976694001,0.008308157099697885,0.0024277082434182133,7.552870090634441e-05,4.3159257660768235e-05,0.00014026758739749676,0.00011868795856711265,0.0,0.0,0.0,0.0,0.0,0.0,0.0,0.0,0.0,0.0,0.0,0.0,0.0,0.0,0.0,0.0,0.0,0.0,0.0,0.0,0.0,0.0,0.0,0.0,0.0,0.0,0.0,0.0,0.0,0.0,0.0,nan,nan,4.38054896645205,2.88110988009789,nan,0.8659705027864484,0.03446622184481529,0.0,0.0,0.0,0.0,0.0,0.0,0.0,0.0,0.0,0.0,0.0,0.0,0.0,0.0,0.0,0.0,0.0,0.0,0.0,0.0,0.0,0.03694581280788178,0.11083743842364534,0.7635467980295543,3.399014778325124,11.009852216748772,10.504926108374388,3.2881773399014786,0.7389162561576357,0.1477832512315271,0.8673876138087074,0.033688707907860896,0.0,0.0,0.0,0.0,0.0,0.0,0.0,0.0,0.0,0.0,0.0,0.0,0.0,0.0,0.0,0.0,0.0,0.0,0.0,0.0,0.0,0.027297543221110106,0.10919017288444043,0.6414922656960854,3.1119199272065523,10.632393084622386,11.26023657870792,3.357597816196543,0.6414922656960874,0.21838034576888085,0.4333,0.01677,0.0,0.0,0.0,0.0,0.0,0.0,0.0,0.0,0.0,0.0,0.0,0.6773399014778316,14.11330049261084,14.458128078817737,0.7512315270935962,0.0,0.0,0.0,0.0,0.0,0.0,0.0,0.0,0.0,0.0,0.0,0.0,0.0,0.0,0.0,0.4346,0.01718,0.0,0.0,0.0,0.0,0.0,0.0,0.0,0.0,0.0,0.0,0.0,0.5868971792538663,13.539581437670613,14.945404913557782,0.9281164695177436,0.0,0.0,0.0,0.0,0.0,0.0,0.0,0.0,0.0,0.0,0.0,0.0,0.0,0.0,0.0
44100,4722,2425,0.5135535789919525,1132,977,0.44663278271918677,1339,0.5671325709445151,0.474,3.019155420113191,3.0819002812032017,6.5800933125972,2.115860712400219,6649.8,0.0,6649.8,6649.8,6649.800000000001,9.094947017729282e-13,6649.800000000001,9.094947017729282e-13,27.601651842439644,20.61276311417534,32.47907211296016,18.8862465399419,0.13955950868276154,0.09974587039390088,0.09275730622617535,0.09635747564591275,0.08005082592121983,0.07136806437950022,0.07073274036425244,0.06713257094451504,0.053155442609063956,0.051884794578568406,0.04616687844133842,0.04404913172384583,0.03176620076238882,0.023930537907666243,0.013130029648454045,0.012918254976704785,0.0052943667937314694,0.8668688820585867,0.03401362723356007,0.0,0.0,0.0,0.0,0.0,0.0,0.0,0.0,0.0,0.0,0.0,0.0,0.0,0.0,0.0,0.0,0.0,0.0,0.0,0.0,0.0,0.02541296060991106,0.09529860228716648,0.667090216010163,3.252858958068616,11.334180432020334,10.165184243964424,3.538754764930115,0.7179161372299875,0.2033036848792885,4.350563286944997,2.8712777524787554,4.142857142857143,2.356060357495806,0.9522576433467523,4.317763157894737,2.881602304038963,4.382724252491695,2.8582864125769687,1.0150450805709852,0.4336,0.01675,0.0,0.0,0.0,0.0,0.0,0.0,0.0,0.0,0.0,0.0,0.0,0.6607369758576864,14.161372299872939,14.421855146124527,0.7560355781448541,0.0,0.0,0.0,0.0,0.0,0.0,0.0,0.0,0.0,0.0,0.0,0.0,0.0,0.0,0.0,nan,nan,4.350082644628099,2.8702096263086756,nan,0.4336,0.08405,0.0,0.0,0.0,0.0,0.0,0.0,0.0,0.0,0.0,0.0,0.0,0.0,0.0,0.0,0.0,0.0,0.0,0.0,0.0,0.0007094451503600169,0.0,0.0005929690808979246,0.0,0.0009529860228716646,0.00026471833968657346,0.00950868276154172,0.002467174925878865,0.012770012706480306,0.008566285472257518,0.0034307496823379924,0.005326132994493859,0.011732316814908937,0.035419313850063534,0.05624735281660313,0.03430749682337993,0.03656289707750953,0.020330368487928845,0.04097839898348157,0.04462092333756883,0.040936044049131724,0.037590004235493434,0.03835239305379077,0.029881406183820416,0.05828038966539602,0.011255823803473104,0.01441126641253706,0.03907242693773825,0.06819144430326134,0.04736340533672173,0.018890300720033885,0.05401313002964846,0.0288860652265989,0.022681067344345617,0.04917407878017789,0.018392630241423125,0.03813002964845404,0.01487717069038543,0.007253282507412114,0.010451080050825921,0.005156713257094452,0.0014824227022448115,0.0004553155442609064,0.00865099534095722,0.0014718339686573486,0.007052096569250318,0.00259423972892842,3.176620076238882e-05,0.00011647606946209233,7.412113511224057e-05,4.2354934349851756e-05,0.0,0.0,0.0,0.0,0.0,0.0,0.0,0.0,0.0,0.0,0.0,0.0,0.0,0.0,0.0,0.0,0.0,0.0,0.0,0.0,0.0,0.0,0.0,0.0,0.0,0.0,0.0,0.0,0.0,0.0,0.0,nan,nan,4.350082644628099,2.8702096263086756,nan,0.8669847541248675,0.03433087372502468,0.0,0.0,0.0,0.0,0.0,0.0,0.0,0.0,0.0,0.0,0.0,0.0,0.0,0.0,0.0,0.0,0.0,0.0,0.0,0.0,0.0,0.03711340206185568,0.06185567010309279,0.7670103092783481,3.315463917525774,11.059793814432993,10.255670103092786,3.587628865979382,0.7175257731958765,0.19793814432989695,0.866746553037807,0.03367502659530327,0.0,0.0,0.0,0.0,0.0,0.0,0.0,0.0,0.0,0.0,0.0,0.0,0.0,0.0,0.0,0.0,0.0,0.0,0.0,0.0,0.0,0.013060513713539402,0.130605137135394,0.5616020896821924,3.186765346103614,11.623857205050069,10.069656073138878,3.4871571615150203,0.7183282542446672,0.20896821941663044,0.4343,0.01683,0.0,0.0,0.0,0.0,0.0,0.0,0.0,0.0,0.0,0.0,0.0,0.6680412371134011,13.74432989690722,14.75876288659794,0.8288659793814435,0.0,0.0,0.0,0.0,0.0,0.0,0.0,0.0,0.0,0.0,0.0,0.0,0.0,0.0,0.0,0.433,0.01666,0.0,0.0,0.0,0.0,0.0,0.0,0.0,0.0,0.0,0.0,0.0,0.653025685676969,14.601654331737052,14.066173269481936,0.679146713104049,0.0,0.0,0.0,0.0,0.0,0.0,0.0,0.0,0.0,0.0,0.0,0.0,0.0,0.0,0.0
44200,5008,2550,0.509185303514377,1181,1058,0.4470846645367412,1436,0.5734824281150159,0.474,2.946297803091945,3.098919160511964,6.741301059001513,2.06430746908319,6649.800000000002,1.8189894035458565e-12,6649.8,6649.8,6649.800000000001,9.094947017729282e-13,6649.800000000001,9.094947017729282e-13,27.4073482428115,20.724916560763567,32.471490177287976,18.992471381411043,0.14476837060702874,0.09864217252396167,0.09644568690095846,0.09365015974440895,0.08007188498402557,0.07288338658146964,0.07068690095846646,0.06090255591054313,0.058506389776357824,0.050119808306709264,0.04293130990415336,0.03893769968051118,0.033346645367412144,0.02156549520766773,0.019369009584664535,0.01178115015974441,0.005391373801916933,0.865930087864399,0.034517604579170094,0.0,0.0,0.0,0.0,0.0,0.0,0.0,0.0,0.0,0.0,0.0,0.0,0.0,0.0,0.0,0.0,0.0,0.0,0.0,0.0,0.01198083067092652,0.04193290734824282,0.11980830670926519,0.7008785942491991,3.636182108626199,10.998402555910546,10.273562300319492,3.2408146964856237,0.7967252396166136,0.17971246006389782,4.387086614173229,2.9061580315442255,3.5,3.0413812651491097,0.7977959652523511,4.346516007532957,2.896490415239713,4.419799498746867,2.9177031100672304,1.0168602832905487,0.4346,0.01718,0.0,0.0,0.0,0.0,0.0,0.0,0.0,0.0,0.0,0.0,0.01198083067092652,0.6469648562300311,13.592252396166137,14.808306709265178,0.9404952076677318,0.0,0.0,0.0,0.0,0.0,0.0,0.0,0.0,0.0,0.0,0.0,0.0,0.0,0.0,0.0,nan,nan,4.383192223267482,2.9073569975036717,nan,0.4346,0.0848,0.0,0.0,0.0,0.0,0.0,0.0,0.0,0.0,0.0,0.0,0.0,0.0,0.0,0.0,0.0,0.0,0.0,0.0,0.0,0.0004792332268370607,0.0,0.00020966453674121406,0.0,0.0005890575079872205,0.0004692492012779553,0.009994009584664537,0.002985223642172524,0.01226038338658147,0.007647763578274761,0.004682507987220448,0.005051916932907349,0.011052316293929712,0.03588258785942492,0.05720846645367412,0.03432507987220447,0.03725039936102236,0.019938099041533545,0.04376996805111821,0.04294129392971246,0.03819888178913738,0.035613019169329074,0.03909744408945687,0.02882388178913738,0.06141174121405751,0.009954073482428116,0.014406948881789138,0.0385982428115016,0.0661641373801917,0.044129392971246004,0.017951277955271565,0.05399361022364217,0.02819488817891374,0.022693690095846646,0.05019968051118211,0.0202176517571885,0.03963658146964856,0.015195686900958466,0.009305111821086263,0.012210463258785942,0.004542731629392971,0.00150758785942492,0.0004093450479233227,0.008256789137380191,0.001437699680511182,0.007897364217252395,0.002985223642172524,0.0,5.990415335463259e-05,0.0001597444089456869,9.984025559105432e-06,0.0,0.0,0.0,0.0,0.0,0.0,0.0,0.0,0.0,0.0,0.0,0.0,0.0,0.0,0.0,0.0,0.0,0.0,0.0,0.0,0.0,0.0,0.0,0.0,0.0,0.0,0.0,0.0,0.0,0.0,0.0,nan,nan,4.383192223267482,2.9073569975036717,nan,0.8670846728016348,0.03455261021163482,0.0,0.0,0.0,0.0,0.0,0.0,0.0,0.0,0.0,0.0,0.0,0.0,0.0,0.0,0.0,0.0,0.0,0.0,0.0,0.0,0.0,0.04705882352941178,0.08235294117647061,0.5882352941176452,3.611764705882354,11.011764705882356,10.082352941176474,3.4588235294117653,0.9176470588235296,0.20000000000000004,0.8647322881939549,0.03444036870764258,0.0,0.0,0.0,0.0,0.0,0.0,0.0,0.0,0.0,0.0,0.0,0.0,0.0,0.0,0.0,0.0,0.0,0.0,0.0,0.0,0.024410089503661518,0.036615134255492274,0.15866558177379989,0.8177379983726581,3.6615134255492277,10.984540276647683,10.471928397070792,3.0146460537021977,0.6712774613506918,0.15866558177379989,0.4343,0.01707,0.0,0.0,0.0,0.0,0.0,0.0,0.0,0.0,0.0,0.0,0.0,0.5999999999999991,13.682352941176473,14.811764705882355,0.9058823529411767,0.0,0.0,0.0,0.0,0.0,0.0,0.0,0.0,0.0,0.0,0.0,0.0,0.0,0.0,0.0,0.4346,0.0173,0.0,0.0,0.0,0.0,0.0,0.0,0.0,0.0,0.0,0.0,0.024410089503661518,0.6956875508543521,13.49877949552482,14.80471928397071,0.9764035801464607,0.0,0.0,0.0,0.0,0.0,0.0,0.0,0.0,0.0,0.0,0.0,0.0,0.0,0.0,0.0
44300,4480,2262,0.5049107142857143,1076,919,0.4453125,1271,0.5674107142857143,0.42999999999999994,2.8462578899909827,2.859229115754496,5.9491778774289985,2.0015957937912563,6649.800000000002,1.8189894035458565e-12,6649.8,6649.8,6649.800000000001,9.094947017729282e-13,6649.800000000001,9.094947017729282e-13,28.99308035714286,21.3453260267903,33.978324081416865,19.475112204908648,0.13950892857142858,0.08861607142857143,0.09084821428571428,0.0828125,0.07991071428571428,0.07254464285714286,0.06741071428571428,0.06629464285714286,0.060714285714285714,0.05357142857142857,0.05044642857142857,0.039732142857142855,0.03459821428571429,0.0296875,0.022767857142857142,0.013392857142857142,0.007142857142857143,0.8655068611327027,0.034795205043073436,0.0,0.0,0.0,0.0,0.0,0.0,0.0,0.0,0.0,0.0,0.0,0.0,0.0,0.0,0.0,0.0,0.0,0.0,0.0,0.0,0.0,0.0,0.19419642857142863,0.7299107142857121,3.669642857142858,11.343750000000004,9.930803571428573,3.1941964285714293,0.6763392857142858,0.26116071428571436,4.098032564450475,2.669915601250309,5.571428571428571,2.770102775666474,1.3595374082088758,4.065319865319865,2.648761094435777,4.1380952380952385,2.6930202889402803,1.0179015121039305,0.434,0.01706,0.0,0.0,0.0,0.0,0.0,0.0,0.0,0.0,0.0,0.0,0.006696428571428573,0.703124999999999,13.727678571428575,14.665178571428575,0.8973214285714288,0.0,0.0,0.0,0.0,0.0,0.0,0.0,0.0,0.0,0.0,0.0,0.0,0.0,0.0,0.0,nan,nan,4.101522842639594,2.671117889086327,nan,0.434,0.0848,0.0,0.0,0.0,0.0,0.0,0.0,0.0,0.0,0.0,0.0,0.0,0.0,0.0,0.0,0.0,0.0,0.0,0.0,0.0,0.0003013392857142857,0.0,0.00015625,0.0,0.0006919642857142857,0.0009709821428571429,0.010848214285714286,0.002700892857142857,0.011350446428571428,0.007678571428571429,0.004419642857142857,0.005758928571428571,0.010234375,0.034375,0.05996651785714286,0.03400669642857143,0.03728794642857143,0.020479910714285714,0.04424107142857143,0.04347098214285714,0.036495535714285716,0.035881696428571426,0.040223214285714286,0.030580357142857142,0.05866071428571429,0.010848214285714286,0.014910714285714286,0.042555803571428574,0.06436383928571429,0.04511160714285714,0.017745535714285714,0.05369419642857143,0.02755580357142857,0.02200892857142857,0.04611607142857143,0.02122767857142857,0.038515625,0.015044642857142857,0.009966517857142858,0.012265625,0.003638392857142857,0.0013504464285714285,0.000234375,0.008571428571428572,0.001361607142857143,0.008861607142857143,0.0030133928571428573,4.464285714285714e-05,7.8125e-05,0.00010044642857142857,0.0,0.0,1.1160714285714286e-05,2.232142857142857e-05,0.0,0.0,0.0,0.0,0.0,0.0,0.0,0.0,0.0,0.0,0.0,0.0,0.0,0.0,0.0,0.0,0.0,0.0,0.0,0.0,0.0,0.0,0.0,0.0,0.0,0.0,0.0,0.0,nan,nan,4.101522842639594,2.671117889086327,nan,0.8662997952981084,0.03418372655433534,0.0,0.0,0.0,0.0,0.0,0.0,0.0,0.0,0.0,0.0,0.0,0.0,0.0,0.0,0.0,0.0,0.0,0.0,0.0,0.0,0.0,0.0,0.15915119363395228,0.610079575596815,3.5013262599469503,11.472148541114061,10.092838196286474,3.222811671087534,0.7029177718832893,0.23872679045092843,0.8646981969838534,0.03538964549596203,0.0,0.0,0.0,0.0,0.0,0.0,0.0,0.0,0.0,0.0,0.0,0.0,0.0,0.0,0.0,0.0,0.0,0.0,0.0,0.0,0.0,0.0,0.2299368800721371,0.8521190261496817,3.841298467087467,11.212804328223628,9.76555455365194,3.1650135256988285,0.6492335437330929,0.28403967538322816,0.4338,0.01718,0.0,0.0,0.0,0.0,0.0,0.0,0.0,0.0,0.0,0.0,0.013262599469496024,0.7029177718832881,13.793103448275865,14.57559681697613,0.9151193633952257,0.0,0.0,0.0,0.0,0.0,0.0,0.0,0.0,0.0,0.0,0.0,0.0,0.0,0.0,0.0,0.4343,0.01692,0.0,0.0,0.0,0.0,0.0,0.0,0.0,0.0,0.0,0.0,0.0,0.7033363390441829,13.6609558160505,14.756537421100093,0.8791704238052301,0.0,0.0,0.0,0.0,0.0,0.0,0.0,0.0,0.0,0.0,0.0,0.0,0.0,0.0,0.0
44400,4242,2162,0.5096652522395096,1013,890,0.44860914662894863,1218,0.5742574257425742,0.44599999999999995,3.026923076923077,3.076781246731182,6.589700996677741,2.0900238224410503,6649.800000000001,9.094947017729282e-13,6649.8,6649.8,6649.800000000002,1.8189894035458565e-12,6649.800000000002,1.8189894035458565e-12,27.852899575671852,20.868564511150808,32.85730368702505,19.108638506438652,0.14214992927864215,0.10160301744460161,0.09005186232909006,0.08345120226308345,0.08533710513908534,0.07425742574257425,0.07284299858557285,0.058462989156058465,0.06152758132956153,0.04809052333804809,0.04997642621404998,0.040075436115040074,0.0297029702970297,0.026638378123526638,0.0165016501650165,0.012022630834512023,0.007307873644507308,0.8647554082473681,0.03337753831821952,0.0,0.0,0.0,0.0,0.0,0.0,0.0,0.0,0.0,0.0,0.0,0.0,0.0,0.0,0.0,0.0,0.0,0.0,0.0,0.0,0.0,0.014144271570014147,0.1626591230551627,0.7850070721357826,3.4016973125884027,11.350777934936353,10.700141442715703,2.94908062234795,0.4667609618104669,0.16973125884016976,4.328330893118594,2.830916380049374,3.5,1.8027756377319946,0.8086257928118393,4.2428044280442805,2.831962711511221,4.40984793627806,2.8253566438851565,1.0393710129860447,0.4348,0.01692,0.0,0.0,0.0,0.0,0.0,0.0,0.0,0.0,0.0,0.0,0.0,0.6364922206506355,12.984441301272987,15.56577086280057,0.8062234794908064,0.0070721357850070735,0.0,0.0,0.0,0.0,0.0,0.0,0.0,0.0,0.0,0.0,0.0,0.0,0.0,0.0,nan,nan,4.327119883040936,2.829862922663685,nan,0.4348,0.08484,0.0,0.0,0.0,0.0,0.0,0.0,0.0,0.0,0.0,0.0,0.0,0.0,0.0,0.0,0.0,0.0,0.0,0.0,0.0,0.00014144271570014144,0.0,7.072135785007072e-05,2.3573785950023575e-05,0.0007661480433757661,0.0010136727958510137,0.009783121169259784,0.0022395096652522394,0.010655351249410656,0.00797972654408298,0.004372937293729373,0.0061999057048562,0.010808580858085809,0.03567892503536068,0.06067892503536068,0.03303866100895804,0.03541961338991042,0.020992456388495992,0.041324846770391326,0.04343470061291844,0.03854314002828854,0.03524280999528524,0.039992927864214996,0.03195426685525696,0.058592644978783595,0.010761433286185762,0.016336633663366337,0.041643092880716645,0.06383781235266384,0.048031588873173034,0.01760961810466761,0.05368929750117869,0.026991984912776993,0.02136963696369637,0.0438000942951438,0.021275341819896276,0.038814238566713816,0.015594059405940594,0.009323432343234324,0.012376237623762377,0.004019330504479019,0.0015676567656765677,0.0004596888260254597,0.008203677510608205,0.0011197548326261197,0.010855728429985856,0.003041018387553041,2.3573785950023575e-05,0.00010608203677510608,0.00016501650165016502,0.0,0.0,0.0,3.536067892503536e-05,0.0,0.0,0.0,0.0,0.0,0.0,0.0,0.0,0.0,0.0,0.0,0.0,0.0,0.0,0.0,0.0,0.0,0.0,0.0,0.0,0.0,0.0,0.0,0.0,0.0,0.0,0.0,0.0,nan,nan,4.327119883040936,2.829862922663685,nan,0.8642250872617734,0.033976903841088535,0.0,0.0,0.0,0.0,0.0,0.0,0.0,0.0,0.0,0.0,0.0,0.0,0.0,0.0,0.0,0.0,0.0,0.0,0.0,0.0,0.0,0.027752081406105463,0.208140610545791,0.8603145235892665,3.2886216466234974,11.4199814986124,10.809435707678077,2.733580018501388,0.4440333024976874,0.208140610545791,0.8653066361179719,0.03273381198387506,0.0,0.0,0.0,0.0,0.0,0.0,0.0,0.0,0.0,0.0,0.0,0.0,0.0,0.0,0.0,0.0,0.0,0.0,0.0,0.0,0.0,0.0,0.11538461538461542,0.706730769230767,3.51923076923077,11.278846153846155,10.586538461538463,3.173076923076924,0.4903846153846155,0.12980769230769235,0.4348,0.017,0.0,0.0,0.0,0.0,0.0,0.0,0.0,0.0,0.0,0.0,0.0,0.5966697502312664,13.25161887141536,15.263644773358005,0.8741905642923221,0.013876040703052732,0.0,0.0,0.0,0.0,0.0,0.0,0.0,0.0,0.0,0.0,0.0,0.0,0.0,0.0,0.4348,0.01685,0.0,0.0,0.0,0.0,0.0,0.0,0.0,0.0,0.0,0.0,0.0,0.6778846153846144,12.706730769230774,15.879807692307695,0.7355769230769232,0.0,0.0,0.0,0.0,0.0,0.0,0.0,0.0,0.0,0.0,0.0,0.0,0.0,0.0,0.0
44500,4018,2086,0.519163763066202,989,834,0.45370831259333,1130,0.5624688899950224,0.478,3.008281573498965,3.1242280615790152,6.628205128205129,2.1995360987029766,6649.800000000001,9.094947017729282e-13,6649.8,6649.8,6649.800000000002,1.8189894035458565e-12,6649.800000000002,1.8189894035458565e-12,28.047287207565955,20.78067587096716,32.650570676031606,19.12058971233302,0.13414634146341464,0.09258337481333997,0.09930313588850175,0.09133897461423594,0.08437033349925337,0.07964161274265803,0.06421105027376804,0.06072672971627675,0.05973120955699353,0.05276256844201095,0.046540567446490794,0.039820806371329016,0.0313588850174216,0.0273768043802887,0.019910403185664508,0.009457441513190641,0.006719761075161772,0.8646531500823466,0.03419784319242578,0.0,0.0,0.0,0.0,0.0,0.0,0.0,0.0,0.0,0.0,0.0,0.0,0.0,0.0,0.0,0.0,0.0,0.0,0.0,0.0,0.0,0.02986560477849677,0.08959681433549031,0.7765057242409135,3.8153310104529625,11.229467396714785,10.199104031856647,3.023892483822798,0.6346441015430564,0.20159283225485322,4.26648773006135,2.894740247335277,3.7142857142857144,1.577908716741037,0.8705722245759993,4.26827430293896,2.8958945484920946,4.261645962732919,2.888296327577877,0.9984470678931114,0.4336,0.01662,0.0,0.0,0.0,0.0,0.0,0.0,0.0,0.0,0.0,0.0,0.0,0.5823792931806862,14.24589347934296,14.402687904430069,0.769039323046292,0.0,0.0,0.0,0.0,0.0,0.0,0.0,0.0,0.0,0.0,0.0,0.0,0.0,0.0,0.0,nan,nan,4.265009560229445,2.892156490954222,nan,0.4336,0.0846,0.0,0.0,0.0,0.0,0.0,0.0,0.0,0.0,0.0,0.0,0.0,0.0,0.0,0.0,0.0,0.0,0.0,0.0,0.0,0.0001368840219014435,0.0,0.0,1.2444001991040318e-05,0.0005973120955699353,0.0009955201592832255,0.008499253359880537,0.0025261324041811846,0.010415629666500746,0.008872573419611746,0.004181184668989547,0.007267297162767546,0.011100049776007963,0.03520408163265306,0.06566699850671977,0.03505475360876058,0.03470632155301145,0.020271279243404678,0.04187406669985067,0.04351667496266799,0.03634892981582877,0.03649825783972126,0.03943504230960677,0.03272772523643604,0.056856645097063216,0.011000497760079641,0.015928322548531607,0.04264559482329517,0.06368840219014435,0.050111996017919366,0.017010950721752117,0.051804380288700845,0.02685415629666501,0.020582379293180686,0.044375311100049775,0.019636635141861623,0.03699601791936287,0.017098058735689398,0.00858636137381782,0.012307117969138874,0.0037207565953210554,0.001207068193130911,0.0005350920856147337,0.009320557491289199,0.0009333001493280239,0.0101543056246889,0.002613240418118467,0.0,0.0,0.00012444001991040318,0.0,0.0,0.0,0.0,0.0,0.0,0.0,0.0,0.0,0.0,0.0,0.0,0.0,0.0,0.0,0.0,0.0,0.0,0.0,0.0,0.0,0.0,0.0,0.0,0.0,0.0,0.0,0.0,0.0,0.0,0.0,0.0,nan,nan,4.265009560229445,2.892156490954222,nan,0.8640252375191262,0.034467839406315,0.0,0.0,0.0,0.0,0.0,0.0,0.0,0.0,0.0,0.0,0.0,0.0,0.0,0.0,0.0,0.0,0.0,0.0,0.0,0.0,0.0,0.043144774688398856,0.08628954937679771,0.7909875359539764,3.969319271332695,11.3039309683605,10.081495685522533,2.8906999041227235,0.604026845637584,0.23010546500479392,0.8653311136469831,0.03389085251314815,0.0,0.0,0.0,0.0,0.0,0.0,0.0,0.0,0.0,0.0,0.0,0.0,0.0,0.0,0.0,0.0,0.0,0.0,0.0,0.0,0.0,0.01552795031055901,0.09316770186335405,0.7608695652173889,3.649068322981367,11.149068322981368,10.32608695652174,3.1677018633540377,0.6677018633540374,0.17080745341614909,0.4336,0.01688,0.0,0.0,0.0,0.0,0.0,0.0,0.0,0.0,0.0,0.0,0.0,0.6615532118887814,14.223394055608825,14.410354745925218,0.7046979865771813,0.0,0.0,0.0,0.0,0.0,0.0,0.0,0.0,0.0,0.0,0.0,0.0,0.0,0.0,0.0,0.4336,0.01634,0.0,0.0,0.0,0.0,0.0,0.0,0.0,0.0,0.0,0.0,0.0,0.49689440993788747,14.27018633540373,14.394409937888202,0.8385093167701866,0.0,0.0,0.0,0.0,0.0,0.0,0.0,0.0,0.0,0.0,0.0,0.0,0.0,0.0,0.0
44600,4055,2059,0.5077681874229346,975,828,0.44463625154130704,1133,0.5588162762022195,0.486,2.9559118236472948,3.1273984976280866,6.761384335154827,2.1132513420793444,6649.800000000002,1.8189894035458565e-12,6649.8,6649.8,6649.800000000001,9.094947017729282e-13,6649.800000000001,9.094947017729282e-13,27.32059186189889,20.697726070945556,32.35205438959503,18.976015971550115,0.1437731196054254,0.10061652281134402,0.09839704069050555,0.08877928483353884,0.08606658446362515,0.07422934648581997,0.06510480887792848,0.05696670776818742,0.05795314426633785,0.05425400739827373,0.04562268803945746,0.04192355117139334,0.028606658446362516,0.023181257706535143,0.01997533908754624,0.009617755856966708,0.004932182490752158,0.8659619040171698,0.03467335793475636,0.0,0.0,0.0,0.0,0.0,0.0,0.0,0.0,0.0,0.0,0.0,0.0,0.0,0.0,0.0,0.0,0.0,0.0,0.0,0.0,0.0,0.05918618988902591,0.14796547472256477,0.7916152897657188,3.440197287299631,10.771886559802715,10.66831072749692,3.2108508014796557,0.7842170160295934,0.12577065351418004,4.337763878029711,2.88576972937114,3.25,2.832107577994405,0.749233958183129,4.323185011709602,2.8812296529703287,4.337732919254658,2.888465788597416,1.0033650902067925,0.4338,0.01651,0.0,0.0,0.0,0.0,0.0,0.0,0.0,0.0,0.0,0.0,0.0,0.554870530209617,14.204685573366218,14.434032059186194,0.806411837237978,0.0,0.0,0.0,0.0,0.0,0.0,0.0,0.0,0.0,0.0,0.0,0.0,0.0,0.0,0.0,nan,nan,4.332684824902723,2.8864741915772107,nan,0.4338,0.0835,0.0,0.0,0.0,0.0,0.0,0.0,0.0,0.0,0.0,0.0,0.0,0.0,0.0,0.0,0.0,0.0,0.0,0.0,0.0,0.0002219482120838471,0.0,0.0,0.0,0.000752157829839704,0.0006535141800246609,0.007274969173859433,0.0020715166461159062,0.009223181257706535,0.009321824907521578,0.00500616522811344,0.007225647348951912,0.009519112207151665,0.03664611590628853,0.06617755856966707,0.034192355117139334,0.0349691738594328,0.02027127003699137,0.04229346485819975,0.04151664611590629,0.03456226880394574,0.03623921085080148,0.0407521578298397,0.03092478421701603,0.05599260172626387,0.01246609124537608,0.018766954377311962,0.0449691738594328,0.0649691738594328,0.05464858199753391,0.018249075215782985,0.05035758323057953,0.026424167694204685,0.02038224414303329,0.04388409371146732,0.019790382244143034,0.03688039457459926,0.016041923551171393,0.008964241676942047,0.011701602959309495,0.0034278668310727496,0.000875462392108508,0.00035758323057953146,0.008643649815043156,0.0008508014796547472,0.008224414303329224,0.0025524044389642416,0.00013563501849568434,0.0,0.0005795314426633785,3.6991368680641184e-05,1.2330456226880395e-05,0.0,0.0,0.0,0.0,0.0,0.0,0.0,0.0,0.0,0.0,0.0,0.0,0.0,0.0,0.0,0.0,0.0,0.0,0.0,0.0,0.0,0.0,0.0,0.0,0.0,0.0,0.0,0.0,0.0,0.0,nan,nan,4.332684824902723,2.8864741915772107,nan,0.8659576831250703,0.03549801745160664,0.0,0.0,0.0,0.0,0.0,0.0,0.0,0.0,0.0,0.0,0.0,0.0,0.0,0.0,0.0,0.0,0.0,0.0,0.0,0.0,0.0,0.05828071879553182,0.17484215638659545,0.786789703739677,3.671685284118505,10.665371539582324,10.228266148615834,3.336571151044197,0.9324915007285092,0.14570179698882957,0.8659662581338194,0.033801593773665324,0.0,0.0,0.0,0.0,0.0,0.0,0.0,0.0,0.0,0.0,0.0,0.0,0.0,0.0,0.0,0.0,0.0,0.0,0.0,0.0,0.0,0.060120240480961935,0.12024048096192387,0.796593186372743,3.2014028056112234,10.88176352705411,11.122244488977957,3.0811623246492994,0.6312625250501003,0.10521042084168339,0.4338,0.01653,0.0,0.0,0.0,0.0,0.0,0.0,0.0,0.0,0.0,0.0,0.0,0.4953861097620197,13.972802331228756,14.832442933462849,0.6993686255463818,0.0,0.0,0.0,0.0,0.0,0.0,0.0,0.0,0.0,0.0,0.0,0.0,0.0,0.0,0.0,0.4336,0.01651,0.0,0.0,0.0,0.0,0.0,0.0,0.0,0.0,0.0,0.0,0.0,0.6162324649298588,14.443887775551106,14.023046092184373,0.9168336673346695,0.0,0.0,0.0,0.0,0.0,0.0,0.0,0.0,0.0,0.0,0.0,0.0,0.0,0.0,0.0
44700,4478,2298,0.5131755247878517,1085,923,0.4484144707458687,1273,0.56855739169272,0.44599999999999995,2.943577981651376,3.0364800429540635,6.491114701130856,2.0591813902986336,6649.800000000001,9.094947017729282e-13,6649.8,6649.8,6649.800000000001,9.094947017729282e-13,6649.800000000002,1.8189894035458565e-12,27.720857525681108,20.772137692388466,32.81896089983931,18.983541045571407,0.14292094685127288,0.10160786065207682,0.08910227780259045,0.09021884769986602,0.07615006699419384,0.07637338097364894,0.07257704332291201,0.06342117016525234,0.058061634658329614,0.05203215721304154,0.04801250558284949,0.03841000446627959,0.03171058508262617,0.0241179097811523,0.01719517641804377,0.011612326931665922,0.006476105404198303,0.8659621254707778,0.03580532784331886,0.0,0.0,0.0,0.0,0.0,0.0,0.0,0.0,0.0,0.0,0.0,0.0,0.0,0.0,0.0,0.0,0.0,0.0,0.0,0.0,0.0,0.05359535506922734,0.13398838767306837,0.6699419383653396,3.818669048682448,10.926753014738724,10.17641804376954,3.1286288521661465,0.7101384546672623,0.38186690486824487,4.232273838630807,2.8273487169935962,4.857142857142857,2.531435020952764,1.1476438062226624,4.258356545961003,2.8582029876405612,4.21235253296322,2.7939932750769203,0.9891967681660154,0.4333,0.01625,0.0,0.0,0.0,0.0,0.0,0.0,0.0,0.0,0.0,0.0,0.0,0.5962483251451532,14.517641804376957,14.289861545332741,0.5962483251451541,0.0,0.0,0.0,0.0,0.0,0.0,0.0,0.0,0.0,0.0,0.0,0.0,0.0,0.0,0.0,nan,nan,4.235314563781717,2.8263182928008987,nan,0.4333,0.0834,0.0,0.0,0.0,0.0,0.0,0.0,0.0,0.0,0.0,0.0,0.0,0.0,0.0,0.0,0.0,3.349709691826708e-05,0.0,0.0,0.0,0.00014515408664582402,0.0,1.1165698972755695e-05,0.0,0.0010384100044662796,0.00048012505582849485,0.007146047342563644,0.002221974095578383,0.009758820902188476,0.009948637784725324,0.004008485931219294,0.006922733363108531,0.009211701652523448,0.03689146940598481,0.06476105404198303,0.03555158552925413,0.034446181330951314,0.020209915140687807,0.04326708351942832,0.04395935685573917,0.035719071013845465,0.03776239392585976,0.03950424296560965,0.02819338990620813,0.05439928539526574,0.012460920053595356,0.019595801697186242,0.04506476105404198,0.06713934792317999,0.053383206788744975,0.01799910674408218,0.048794104510942383,0.027735596248325146,0.019316659222867353,0.04234033050468959,0.02056721750781599,0.03870031263957124,0.016860205448861097,0.009423849933005806,0.011288521661456007,0.0028025904421616794,0.0009714158106297454,0.00027914247431889234,0.008095131755247878,0.0007369361322018759,0.007414024117909781,0.002713264850379634,6.699419383653416e-05,0.0,0.0006476105404198303,0.0,0.0,0.0,1.1165698972755695e-05,0.0,0.0,0.0,0.0,0.0,0.0,0.0,0.0,0.0,0.0,0.0,0.0,0.0,0.0,0.0,0.0,0.0,0.0,0.0,0.0,0.0,0.0,0.0,0.0,0.0,0.0,0.0,0.0,nan,nan,4.235314563781717,2.8263182928008987,nan,0.8651453731265454,0.03589824240092684,0.0,0.0,0.0,0.0,0.0,0.0,0.0,0.0,0.0,0.0,0.0,0.0,0.0,0.0,0.0,0.0,0.0,0.0,0.0,0.0,0.0,0.06527415143603134,0.18276762402088778,0.6266318537858988,3.916449086161881,11.083550913838124,10.052219321148826,3.0287206266318547,0.7310704960835511,0.31331592689295046,0.8668230873455695,0.03568689014573288,0.0,0.0,0.0,0.0,0.0,0.0,0.0,0.0,0.0,0.0,0.0,0.0,0.0,0.0,0.0,0.0,0.0,0.0,0.0,0.0,0.0,0.04128440366972478,0.08256880733944956,0.7155963302752272,3.7155963302752304,10.761467889908259,10.307339449541287,3.2339449541284413,0.6880733944954129,0.4541284403669726,0.4333,0.01622,0.0,0.0,0.0,0.0,0.0,0.0,0.0,0.0,0.0,0.0,0.0,0.6135770234986936,14.438642297650134,14.295039164490865,0.6527415143603135,0.0,0.0,0.0,0.0,0.0,0.0,0.0,0.0,0.0,0.0,0.0,0.0,0.0,0.0,0.0,0.4333,0.01628,0.0,0.0,0.0,0.0,0.0,0.0,0.0,0.0,0.0,0.0,0.0,0.577981651376146,14.600917431192665,14.284403669724774,0.5366972477064221,0.0,0.0,0.0,0.0,0.0,0.0,0.0,0.0,0.0,0.0,0.0,0.0,0.0,0.0,0.0
44800,4482,2325,0.5187416331994645,1100,914,0.4493529674252566,1256,0.5604640785363677,0.474,3.0774223458507186,3.1132294669046776,6.698697068403908,2.038417249282839,6649.800000000002,1.8189894035458565e-12,6649.8,6649.8,6649.800000000002,1.8189894035458565e-12,6649.800000000001,9.094947017729282e-13,27.727130745203034,20.67979718960211,32.73846974140229,18.878545419526073,0.14301651048639,0.09593931280678268,0.09526996876394467,0.08723784024988844,0.08076751450245426,0.07228915662650602,0.06938866577420794,0.06671128960285587,0.06046407853636769,0.05533244087460955,0.04261490406068719,0.04216867469879518,0.03145917001338688,0.023873270861222668,0.01717983043284248,0.010263275323516287,0.006024096385542169,0.8674899011730669,0.03523001923376297,0.0,0.0,0.0,0.0,0.0,0.0,0.0,0.0,0.0,0.0,0.0,0.0,0.0,0.0,0.0,0.0,0.0,0.0,0.0,0.0,0.0,0.013386880856760378,0.14056224899598396,0.6760374832663968,3.467202141900938,10.555555555555557,10.696117804551541,3.3801874163319954,0.8099062918340029,0.26104417670682734,4.378793163585629,2.8608363447914678,3.6666666666666665,2.494438257849294,0.8373692315862142,4.353920888272033,2.9132138529118565,4.402379286214136,2.8062750726476904,1.0111298296835463,0.4338,0.0163,0.0,0.0,0.0,0.0,0.0,0.0,0.0,0.0,0.0,0.0,0.0,0.4685408299866124,14.21017402945114,14.685408299866134,0.6358768406961179,0.0,0.0,0.0,0.0,0.0,0.0,0.0,0.0,0.0,0.0,0.0,0.0,0.0,0.0,0.0,nan,nan,4.378048780487805,2.8605704136932406,nan,0.4338,0.083,0.0,0.0,0.0,0.0,0.0,0.0,0.0,0.0,0.0,0.0,0.0,0.0,0.0,0.0,0.0,1.1155734047300312e-05,0.0,0.0,0.0,0.00010040160642570282,0.0,0.00011155734047300312,0.0,0.0011936635430611334,0.00047969656403391343,0.007028112449799197,0.0020861222668451585,0.00932619366354306,0.010676037483266398,0.0037594823739402054,0.0071173583221775995,0.00785363676929942,0.035631414547077196,0.064190093708166,0.036010709504685406,0.03536367692994199,0.01925479696564034,0.0429718875502008,0.04416555109326194,0.03432619366354306,0.037795626952253455,0.03814145470771977,0.028313253012048192,0.05305667112896029,0.01212628290941544,0.020894689870593484,0.04460062472110665,0.07011378848728246,0.05506470325747434,0.020247657295850065,0.04872824631860776,0.027945113788487283,0.01924364123159304,0.042793395805444,0.02005800981704596,0.03977019187862561,0.015908076751450246,0.008801874163319947,0.010977242302543508,0.0034805890227576973,0.0011713520749665328,0.0003123605533244087,0.007697456492637216,0.0006470325747434181,0.006827309236947791,0.0024765729585006693,0.00022311468094600624,2.2311468094600625e-05,0.0008813029897367247,0.0,2.2311468094600625e-05,0.0,0.0,0.0,0.0,0.0,0.0,0.0,0.0,0.0,0.0,0.0,0.0,0.0,0.0,0.0,0.0,0.0,0.0,0.0,0.0,0.0,0.0,0.0,0.0,0.0,0.0,0.0,0.0,0.0,0.0,nan,nan,4.378048780487805,2.8605704136932406,nan,0.8668217003217308,0.036181714183062354,0.0,0.0,0.0,0.0,0.0,0.0,0.0,0.0,0.0,0.0,0.0,0.0,0.0,0.0,0.0,0.0,0.0,0.0,0.0,0.0,0.0,0.025806451612903233,0.167741935483871,0.7999999999999976,3.5354838709677425,10.606451612903228,10.412903225806453,3.3419354838709685,0.8258064516129034,0.28387096774193554,0.8682101454843124,0.03415989973436568,0.0,0.0,0.0,0.0,0.0,0.0,0.0,0.0,0.0,0.0,0.0,0.0,0.0,0.0,0.0,0.0,0.0,0.0,0.0,0.0,0.0,0.0,0.11126564673157166,0.54242002781641,3.3936022253129354,10.500695410292074,11.001390820584147,3.4214186369958286,0.7927677329624481,0.23643949930458977,0.4338,0.0164,0.0,0.0,0.0,0.0,0.0,0.0,0.0,0.0,0.0,0.0,0.0,0.5419354838709669,14.05161290322581,14.825806451612907,0.5806451612903227,0.0,0.0,0.0,0.0,0.0,0.0,0.0,0.0,0.0,0.0,0.0,0.0,0.0,0.0,0.0,0.434,0.01616,0.0,0.0,0.0,0.0,0.0,0.0,0.0,0.0,0.0,0.0,0.0,0.38942976356050013,14.381084840055637,14.534075104311547,0.6954102920723227,0.0,0.0,0.0,0.0,0.0,0.0,0.0,0.0,0.0,0.0,0.0,0.0,0.0,0.0,0.0
44900,4993,2564,0.513518926497096,1207,1081,0.4582415381534148,1458,0.5840176246745443,0.43399999999999994,2.913544668587896,2.9861657404982718,6.494704992435704,1.9343348305612522,6649.800000000002,1.8189894035458565e-12,6649.8,6649.8,6649.800000000001,9.094947017729282e-13,6649.800000000002,1.8189894035458565e-12,27.816342880032046,20.713724895413137,32.79254302103251,18.936014374154038,0.14119767674744643,0.09993991588223512,0.09252954135790106,0.08431804526336871,0.0759062687762868,0.08231524133787302,0.06969757660725015,0.06829561385940316,0.05928299619467254,0.05287402363308632,0.04406168636090527,0.04005607850991388,0.03064290006008412,0.02303224514320048,0.018826356899659523,0.010815141197676747,0.006208692169036651,0.8656847776235905,0.03357739157938966,0.0,0.0,0.0,0.0,0.0,0.0,0.0,0.0,0.0,0.0,0.0,0.0,0.0,0.0,0.0,0.0,0.0,0.0,0.0,0.0,0.0,0.006008411776487083,0.12016823552974167,0.7029841778489864,3.617063889445224,11.073502904065695,10.490686961746448,3.1904666533146413,0.6368916483076309,0.16222711796515127,4.248992248062016,2.7875169815483685,5.833333333333333,2.9107081994288304,1.3728745530175872,4.328834355828221,2.792600299485178,4.175625,2.782046164134413,0.9646072491496599,0.4336,0.01695,0.0,0.0,0.0,0.0,0.0,0.0,0.0,0.0,0.0,0.0,0.0,0.654916883637091,14.155818145403568,14.456238734227922,0.7330262367314242,0.0,0.0,0.0,0.0,0.0,0.0,0.0,0.0,0.0,0.0,0.0,0.0,0.0,0.0,0.0,nan,nan,4.251934385639121,2.7885851580258922,nan,0.4336,0.08307,0.0,0.0,0.0,0.0,0.0,0.0,0.0,0.0,0.0,0.0,0.0,0.0,0.0,0.0,0.0,0.0,0.0,0.0,0.0,0.00011015421590226317,0.0,0.00019026637292209094,0.0,0.0013919487282195073,0.0005307430402563589,0.007280192269176848,0.0025635890246344883,0.009913879431203684,0.011295814139795714,0.0038453835369517326,0.006829561385940317,0.007730823152413378,0.036741438013218504,0.060985379531343885,0.03696174644502303,0.035439615461646305,0.01792509513318646,0.043210494692569594,0.04333066292809934,0.03474864810735029,0.03479871820548768,0.03886441017424394,0.02839975966352894,0.05445623873422792,0.01217704786701382,0.020889244942920087,0.04503304626477068,0.07351291808531944,0.05681954736631284,0.01970759062687763,0.048678149409172845,0.026707390346485078,0.01989785699979972,0.041678349689565394,0.01877628680152213,0.040326457039855795,0.015531744442219107,0.009052673743240537,0.009773683156418987,0.003474864810735029,0.0016322851992789907,0.00035049068696174645,0.006939715601842579,0.0006308832365311436,0.007009813739234929,0.002493490887242139,0.00021029441217704787,0.0,0.001151612257160024,0.0,0.0,0.0,0.0,0.0,0.0,0.0,0.0,0.0,0.0,0.0,0.0,0.0,0.0,0.0,0.0,0.0,0.0,0.0,0.0,0.0,0.0,0.0,0.0,0.0,0.0,0.0,0.0,0.0,0.0,0.0,0.0,nan,nan,4.251934385639121,2.7885851580258922,nan,0.8650122275822992,0.033507223938712784,0.0,0.0,0.0,0.0,0.0,0.0,0.0,0.0,0.0,0.0,0.0,0.0,0.0,0.0,0.0,0.0,0.0,0.0,0.0,0.0,0.0,0.0,0.140405616224649,0.7605304212168463,3.709048361934478,11.127145085803434,10.44851794071763,3.053822152886116,0.6084243369734791,0.15210608424336977,0.8663947069384818,0.03363671430016993,0.0,0.0,0.0,0.0,0.0,0.0,0.0,0.0,0.0,0.0,0.0,0.0,0.0,0.0,0.0,0.0,0.0,0.0,0.0,0.0,0.0,0.012350761630300537,0.0988060930424043,0.6422396047756259,3.519967064635653,11.01687937422808,10.53519967064636,3.3347056401811455,0.6669411280362291,0.17291066282420753,0.4336,0.01688,0.0,0.0,0.0,0.0,0.0,0.0,0.0,0.0,0.0,0.0,0.0,0.5967238689547573,14.391575663026524,14.274570982839316,0.7371294851794074,0.0,0.0,0.0,0.0,0.0,0.0,0.0,0.0,0.0,0.0,0.0,0.0,0.0,0.0,0.0,0.4336,0.01703,0.0,0.0,0.0,0.0,0.0,0.0,0.0,0.0,0.0,0.0,0.0,0.71634417455743,13.906957595718406,14.648003293536437,0.7286949361877317,0.0,0.0,0.0,0.0,0.0,0.0,0.0,0.0,0.0,0.0,0.0,0.0,0.0,0.0,0.0
45000,4504,2330,0.5173179396092362,1078,913,0.44205150976909413,1254,0.5568383658969804,0.46199999999999997,2.9581416743330267,3.0452876480577666,6.508169934640523,1.969937107223562,6649.800000000002,1.8189894035458565e-12,6649.8,6649.8,6649.800000000002,1.8189894035458565e-12,6649.800000000001,9.094947017729282e-13,28.063721136767317,20.92316948556982,32.98732840549103,19.168302216514608,0.13765541740674955,0.10435168738898756,0.08903197158081705,0.08747779751332149,0.08081705150976909,0.0730461811722913,0.0652753108348135,0.06727353463587922,0.058170515097690945,0.05039964476021314,0.04840142095914742,0.04462699822380107,0.03530195381882771,0.023090586145648313,0.018206039076376555,0.009547069271758437,0.007326820603907638,0.8655378924381669,0.03646138818877293,0.0,0.0,0.0,0.0,0.0,0.0,0.0,0.0,0.0,0.0,0.0,0.0,0.0,0.0,0.0,0.0,0.0,0.0,0.0,0.0,0.039964476021314393,0.053285968028419194,0.0865896980461812,0.8059502664298376,3.936500888099468,10.617229129662524,10.064387211367675,3.4169626998223808,0.6793960923623447,0.29973357015985796,4.2046945115636865,2.7985903149618965,3.9375,3.151760420780742,0.9364532879073968,4.295687885010267,2.818276961782963,4.110192837465565,2.779842973993116,0.956818313501783,0.434,0.0166,0.0,0.0,0.0,0.0,0.0,0.0,0.0,0.0,0.0,0.0,0.0,0.6127886323268197,13.76776198934281,14.96003552397869,0.6594138543516875,0.0,0.0,0.0,0.0,0.0,0.0,0.0,0.0,0.0,0.0,0.0,0.0,0.0,0.0,0.0,nan,nan,4.203226913834535,2.80072140595161,nan,0.434,0.0834,0.0,0.0,0.0,0.0,0.0,0.0,0.0,0.0,0.0,0.0,0.0,0.0,0.0,0.0,0.0,0.0,0.0,0.0,0.0,0.00011101243339253997,0.0,0.00023312611012433392,0.0,0.0014653641207815276,0.0004995559502664298,0.006616341030195382,0.002475577264653641,0.00950266429840142,0.011756216696269983,0.004018650088809947,0.00663854351687389,0.00885879218472469,0.03664520426287744,0.06396536412078153,0.03631216696269982,0.03374777975133215,0.018328152753108347,0.044127442273534635,0.04257326820603908,0.03339253996447602,0.034524866785079926,0.03702264653641208,0.028763321492007103,0.05488454706927176,0.011067939609236235,0.020825932504440498,0.043061722912966255,0.07251332149200711,0.057171403197158084,0.020537300177619892,0.049711367673179394,0.026787300177619894,0.021003552397868563,0.04043072824156305,0.0204151865008881,0.04214031971580817,0.014831261101243338,0.009558170515097691,0.009813499111900532,0.0038410301953818826,0.0009436056838365897,0.00011101243339253997,0.007460035523978685,0.0009769094138543516,0.006616341030195382,0.0018539076376554173,8.880994671403197e-05,0.0,0.0017761989342806395,0.0,0.0,0.0,0.0,0.0,0.0,0.0,0.0,0.0,0.0,0.0,0.0,0.0,0.0,0.0,0.0,0.0,0.0,0.0,0.0,0.0,0.0,0.0,0.0,0.0,0.0,0.0,0.0,0.0,0.0,0.0,0.0,nan,nan,4.203226913834535,2.80072140595161,nan,0.8661464100487755,0.036864732453072584,0.0,0.0,0.0,0.0,0.0,0.0,0.0,0.0,0.0,0.0,0.0,0.0,0.0,0.0,0.0,0.0,0.0,0.0,0.0,0.0,0.06437768240343349,0.025751072961373397,0.12875536480686697,0.708154506437766,3.9914163090128763,10.377682403433479,10.197424892703864,3.527896995708155,0.6180257510729614,0.3605150214592276,0.8648857093504403,0.03601267395781942,0.0,0.0,0.0,0.0,0.0,0.0,0.0,0.0,0.0,0.0,0.0,0.0,0.0,0.0,0.0,0.0,0.0,0.0,0.0,0.0,0.01379944802207912,0.08279668813247472,0.04139834406623736,0.9107635694572189,3.8776448942042325,10.873965041398346,9.921803127874886,3.29806807727691,0.7451701931922725,0.23459061637534503,0.434,0.01657,0.0,0.0,0.0,0.0,0.0,0.0,0.0,0.0,0.0,0.0,0.0,0.6566523605150205,13.68669527896996,14.961373390557943,0.6952789699570817,0.0,0.0,0.0,0.0,0.0,0.0,0.0,0.0,0.0,0.0,0.0,0.0,0.0,0.0,0.0,0.434,0.01666,0.0,0.0,0.0,0.0,0.0,0.0,0.0,0.0,0.0,0.0,0.0,0.565777368905243,13.854645814167437,14.958601655933766,0.6209751609935603,0.0,0.0,0.0,0.0,0.0,0.0,0.0,0.0,0.0,0.0,0.0,0.0,0.0,0.0,0.0
45100,4698,2419,0.5148999574286931,1147,953,0.44699872286079184,1312,0.5585355470412942,0.46599999999999997,3.0390522158841597,3.102146092398147,6.640791476407915,1.9905510386553857,6649.800000000001,9.094947017729282e-13,6649.8,6649.8,6649.800000000001,9.094947017729282e-13,6649.800000000001,9.094947017729282e-13,27.608131119625373,20.65539371097309,32.51053032225324,18.942900974601987,0.14091102596849722,0.10451255853554704,0.08897403150276713,0.09088974031502767,0.08365261813537675,0.07343550446998723,0.06683695189442315,0.05981268624946786,0.06364410387398893,0.05087271179225202,0.04469987228607918,0.04129416773094934,0.031928480204342274,0.02767134951042997,0.016815666240953597,0.008939974457215836,0.005108556832694764,0.8664695542256545,0.03557378613309266,0.0,0.0,0.0,0.0,0.0,0.0,0.0,0.0,0.0,0.0,0.0,0.0,0.0,0.0,0.0,0.0,0.0,0.0,0.0,0.0,0.012771392081736912,0.025542784163473824,0.16602809706257987,0.7662835249042121,3.4099616858237556,10.823754789272034,10.574712643678165,3.2950191570881233,0.574712643678161,0.3512132822477651,4.401937854994988,2.8622144492983885,4.666666666666667,2.494438257849294,1.0601391524351678,4.446153846153846,2.826465391930859,4.35904255319149,2.8953508474974354,0.9804074946624457,0.434,0.01671,0.0,0.0,0.0,0.0,0.0,0.0,0.0,0.0,0.0,0.0,0.0,0.5810983397190285,13.965517241379313,14.71902937420179,0.7343550446998725,0.0,0.0,0.0,0.0,0.0,0.0,0.0,0.0,0.0,0.0,0.0,0.0,0.0,0.0,0.0,nan,nan,4.402467489163055,2.8615502914009396,nan,0.434,0.08344,0.0,0.0,0.0,0.0,0.0,0.0,0.0,0.0,0.0,0.0,0.0,0.0,0.0,0.0,0.0,0.0,0.0,0.0,0.0,4.257130693912303e-05,0.0,0.0002022137079608344,0.0,0.0013409961685823754,0.0006279267773520647,0.005512984248616432,0.0018944231587909748,0.009301830566198382,0.012633035334184759,0.004033631332481907,0.008482332907620264,0.009067688378033206,0.03748403575989783,0.06609195402298851,0.03487654320987654,0.03323754789272031,0.01796509152830992,0.042198808003405704,0.04032567049808429,0.03469561515538527,0.035174542358450404,0.03790974882928906,0.029044274159216687,0.0548105576841209,0.010472541507024266,0.021604938271604937,0.046008939974457215,0.07342486164325245,0.05497020008514261,0.019976585781183484,0.04841421881651767,0.025744997871434652,0.02012558535547041,0.04024052788420605,0.021871008939974457,0.04071945508727118,0.016091954022988506,0.010664112388250319,0.009365687526607066,0.0032354193273733504,0.0007237122179650916,9.578544061302682e-05,0.0074286930608769685,0.001096211153682418,0.006289910600255428,0.002288207747977863,4.257130693912303e-05,0.0,0.002149851000425713,0.0,0.0,0.0,0.0,0.0,0.0,0.0,0.0,0.0,0.0,0.0,0.0,0.0,0.0,0.0,0.0,0.0,0.0,0.0,0.0,0.0,0.0,0.0,0.0,0.0,0.0,0.0,0.0,0.0,0.0,0.0,0.0,nan,nan,4.402467489163055,2.8615502914009396,nan,0.8659264589942847,0.035610091484619556,0.0,0.0,0.0,0.0,0.0,0.0,0.0,0.0,0.0,0.0,0.0,0.0,0.0,0.0,0.0,0.0,0.0,0.0,0.0,0.0,0.0,0.012401818933443574,0.2356345597354279,0.8433236874741602,3.43530384456387,10.752377015295579,10.392724266225716,3.4849111202976446,0.582885489871848,0.26043819760231507,0.8670460120425406,0.0355261280031798,0.0,0.0,0.0,0.0,0.0,0.0,0.0,0.0,0.0,0.0,0.0,0.0,0.0,0.0,0.0,0.0,0.0,0.0,0.0,0.0,0.026327336551118918,0.039491004826678375,0.09214567792891622,0.6845107503290896,3.383062746818781,10.899517332163233,10.767880649407637,3.093462044756473,0.5660377358490567,0.4475647213690216,0.434,0.01657,0.0,0.0,0.0,0.0,0.0,0.0,0.0,0.0,0.0,0.0,0.0,0.5704836709384035,13.91484084332369,14.770566349731297,0.7441091360066145,0.0,0.0,0.0,0.0,0.0,0.0,0.0,0.0,0.0,0.0,0.0,0.0,0.0,0.0,0.0,0.434,0.01685,0.0,0.0,0.0,0.0,0.0,0.0,0.0,0.0,0.0,0.0,0.0,0.5923650724001747,14.019306713470824,14.664326458973237,0.7240017551557703,0.0,0.0,0.0,0.0,0.0,0.0,0.0,0.0,0.0,0.0,0.0,0.0,0.0,0.0,0.0
45200,4529,2294,0.5065135791565467,1075,925,0.44159858688452197,1293,0.5709869728416869,0.494,3.0241610738255034,3.1611947520531998,6.842443729903537,2.065860722159412,6649.800000000001,9.094947017729282e-13,6649.8,6649.8,6649.800000000001,9.094947017729282e-13,6649.800000000002,1.8189894035458565e-12,27.807463016118348,21.042870726768847,32.82568565400844,19.32613293152152,0.14285714285714285,0.100684477809671,0.08876131596378892,0.09361890041951866,0.08235813645396335,0.07794215058511812,0.070214175314639,0.05387502759991168,0.053212629719584896,0.050121439611393245,0.043497460808125415,0.045043055862221244,0.03267829542945463,0.028924707440936188,0.019430337822918968,0.009494369618017221,0.007286376683594612,0.8669088408762216,0.035215731613271434,0.0,0.0,0.0,0.0,0.0,0.0,0.0,0.0,0.0,0.0,0.0,0.0,0.0,0.0,0.0,0.0,0.0,0.0,0.0,0.0,0.019871936409803493,0.019871936409803493,0.14572753367189228,0.6557739015235131,3.616692426584236,10.677853830867743,10.545374254802386,3.258997571207773,0.8081254139986754,0.25171119452417756,4.289655172413793,2.8903340491328495,4.125,3.059309562630104,0.9616157556270096,4.288631722260041,2.8938116350722636,4.292072322670376,2.887473500468862,1.0008022606353624,0.433,0.01663,0.0,0.0,0.0,0.0,0.0,0.0,0.0,0.0,0.0,0.0,0.0,0.7418856259659958,14.65886509163171,13.93022742327225,0.6690218591300509,0.0,0.0,0.0,0.0,0.0,0.0,0.0,0.0,0.0,0.0,0.0,0.0,0.0,0.0,0.0,nan,nan,4.28920220082531,2.8908253195049016,nan,0.433,0.0831,0.0,0.0,0.0,0.0,0.0,0.0,0.0,0.0,0.0,0.0,0.0,0.0,0.0,0.0,0.0,0.0,0.0,0.0,0.0,0.0,0.0,5.5199823360565245e-05,0.0,0.0010929565025391919,0.0004195186575402959,0.005773901523515125,0.0018988739236034445,0.00951644954736145,0.012475160079487745,0.0046809450209759325,0.009218370501214396,0.008876131596378891,0.03914771472731287,0.06603002870390814,0.03540516670346655,0.03389269154338706,0.016780746301611835,0.04268050342238905,0.04016339147714727,0.035670125855597264,0.03606756458379333,0.04006403179509826,0.029377345992492823,0.05283727092073305,0.010079487745639213,0.02125193199381762,0.04461249724000883,0.0731839258114374,0.05734157650695518,0.01893353941267388,0.04901744314418194,0.02573415765069552,0.018403621108412455,0.039258114374034,0.0225877677191433,0.039821152572311766,0.014694192978582469,0.010940604990064032,0.009682049017443144,0.0036983881651578717,0.0007838374917200265,1.103996467211305e-05,0.006844778096710091,0.0009383969971296092,0.00571870170015456,0.002296312651799514,5.5199823360565245e-05,0.0,0.001987193640980349,0.0,0.0,0.0,0.0,0.0,0.0,0.0,0.0,0.0,0.0,0.0,0.0,0.0,0.0,0.0,0.0,0.0,0.0,0.0,0.0,0.0,0.0,0.0,0.0,0.0,0.0,0.0,0.0,0.0,0.0,0.0,0.0,nan,nan,4.28920220082531,2.8908253195049016,nan,0.8670112145082163,0.036309719848431475,0.0,0.0,0.0,0.0,0.0,0.0,0.0,0.0,0.0,0.0,0.0,0.0,0.0,0.0,0.0,0.0,0.0,0.0,0.0,0.0,0.02615518744551003,0.02615518744551003,0.17000871839581522,0.7061900610287686,3.5440278988666094,10.514385353095031,10.592850915431562,3.204010462074979,0.9677419354838712,0.2484742807323453,0.8668037647635611,0.03405601775617723,0.0,0.0,0.0,0.0,0.0,0.0,0.0,0.0,0.0,0.0,0.0,0.0,0.0,0.0,0.0,0.0,0.0,0.0,0.0,0.0,0.013422818791946312,0.013422818791946312,0.1208053691275168,0.604026845637582,3.6912751677852356,10.84563758389262,10.496644295302016,3.315436241610739,0.6442953020134229,0.25503355704697994,0.4329,0.01643,0.0,0.0,0.0,0.0,0.0,0.0,0.0,0.0,0.0,0.0,0.0,0.7323452484742796,14.777680906713169,13.914559721011337,0.5754141238012207,0.0,0.0,0.0,0.0,0.0,0.0,0.0,0.0,0.0,0.0,0.0,0.0,0.0,0.0,0.0,0.4333,0.01683,0.0,0.0,0.0,0.0,0.0,0.0,0.0,0.0,0.0,0.0,0.0,0.7516778523489922,14.536912751677855,13.946308724832218,0.7651006711409398,0.0,0.0,0.0,0.0,0.0,0.0,0.0,0.0,0.0,0.0,0.0,0.0,0.0,0.0,0.0
45300,4929,2543,0.5159261513491581,1191,1015,0.447555285047677,1387,0.562791641306553,0.46599999999999997,2.9752724224643754,3.045033681713291,6.552036199095022,1.9871209575783482,6649.800000000001,9.094947017729282e-13,6649.8,6649.8,6649.800000000002,1.8189894035458565e-12,6649.800000000001,9.094947017729282e-13,27.77358490566038,20.802744372159506,32.71041817742325,19.061248055087734,0.14140799350781091,0.10265773990667479,0.09657131263948063,0.0801379590180564,0.08034083992696288,0.0750659362953946,0.07060255629945222,0.06512477175897748,0.058226820856157435,0.05153175086224386,0.04666260904848854,0.0375329681476973,0.03205518360722256,0.028606208155812538,0.018056400892676,0.010752688172043012,0.004666260904848854,0.8688657708839413,0.03570748484363227,0.0,0.0,0.0,0.0,0.0,0.0,0.0,0.0,0.0,0.0,0.0,0.0,0.0,0.0,0.0,0.0,0.0,0.0,0.0,0.0,0.0,0.06695069993913574,0.14607425441265978,0.7608034083992672,2.958003651856361,10.401704199634818,10.998174071819845,3.530127814972612,0.8338405356055997,0.3043213633597079,4.349080532656943,2.8628921843715442,4.909090909090909,2.7453943400984544,1.1287652349108936,4.334810126582278,2.8502593089936656,4.36489898989899,2.8743783236332545,1.00694121828594,0.4326,0.01697,0.0,0.0,0.0,0.0,0.0,0.0,0.0,0.0,0.0,0.0,0.0,0.8094948265368217,14.473524041387709,14.120511259890447,0.5903834449178333,0.0060864272671941584,0.0,0.0,0.0,0.0,0.0,0.0,0.0,0.0,0.0,0.0,0.0,0.0,0.0,0.0,nan,nan,4.351026856240126,2.862681889898746,nan,0.4326,0.08295,0.0,0.0,0.0,0.0,0.0,0.0,0.0,0.0,0.0,0.0,0.0,0.0,0.0,0.0,0.0,0.0,0.0,0.0,0.0,0.0,0.0,6.086427267194157e-05,0.0,0.000699939135727328,0.00013187259078920673,0.005224183404341652,0.0019476567255021302,0.010843984581050924,0.013765469669304118,0.004219922905254615,0.008936904037330088,0.008835463582876851,0.03907486305538649,0.06695069993913573,0.036204098194359914,0.031781294380198825,0.017397037938729966,0.04184418746195983,0.04141813755325624,0.0357273280584297,0.03679245283018868,0.04048488537228647,0.027165753702576588,0.05293162913369852,0.01111787380807466,0.021008318117265164,0.04399472509636843,0.07414282815987015,0.05855143031040779,0.019192533982552242,0.049614526273077705,0.025583282613106106,0.019172245891661596,0.03872996551024548,0.020775005072022724,0.03646784337593832,0.01613917630350984,0.01103672144451207,0.010062893081761006,0.004118482450801379,0.0007202272266179753,0.0,0.007080543720835869,0.0005274903631568269,0.0047169811320754715,0.0025968756340028405,2.028809089064719e-05,0.0,0.002180969770744573,1.0144045445323596e-05,0.0,0.0,0.0,0.0,0.0,0.0,0.0,0.0,0.0,0.0,0.0,0.0,0.0,0.0,0.0,0.0,0.0,0.0,0.0,0.0,0.0,0.0,0.0,0.0,0.0,0.0,0.0,0.0,0.0,0.0,0.0,nan,nan,4.351026856240126,2.862681889898746,nan,0.8679211217964253,0.035731576782589286,0.0,0.0,0.0,0.0,0.0,0.0,0.0,0.0,0.0,0.0,0.0,0.0,0.0,0.0,0.0,0.0,0.0,0.0,0.0,0.0,0.0,0.04718836020448291,0.18875344081793163,0.8257963035784481,3.020055053086906,10.322453794730636,11.230829728666931,3.385764844671648,0.6252457727093985,0.3539127015336218,0.8698725783565119,0.035654247680900655,0.0,0.0,0.0,0.0,0.0,0.0,0.0,0.0,0.0,0.0,0.0,0.0,0.0,0.0,0.0,0.0,0.0,0.0,0.0,0.0,0.0,0.08801341156747697,0.10058675607711653,0.6915339480301739,2.8918692372171004,10.4861693210394,10.750209555741831,3.683989941324393,1.0561609388097235,0.25146689019279134,0.4326,0.01682,0.0,0.0,0.0,0.0,0.0,0.0,0.0,0.0,0.0,0.0,0.0,0.6606370428627595,14.805348014156511,13.896972080220214,0.6252457727093985,0.011797090051120727,0.0,0.0,0.0,0.0,0.0,0.0,0.0,0.0,0.0,0.0,0.0,0.0,0.0,0.0,0.4326,0.01712,0.0,0.0,0.0,0.0,0.0,0.0,0.0,0.0,0.0,0.0,0.0,0.9681475272422451,14.119865884325234,14.358759430008385,0.5532271584241409,0.0,0.0,0.0,0.0,0.0,0.0,0.0,0.0,0.0,0.0,0.0,0.0,0.0,0.0,0.0
45400,4923,2547,0.5173674588665448,1179,967,0.43591306114158035,1362,0.5533211456429007,0.486,3.133417508417508,3.21223897456698,6.813235294117647,2.2026991738589796,6649.800000000001,9.094947017729282e-13,6649.8,6649.8,6649.8,0.0,6649.800000000001,9.094947017729282e-13,27.531992687385742,20.954181907613933,32.723648813890925,19.206474380952166,0.1472679260613447,0.1013609587649807,0.09222019094048345,0.08572008937639651,0.08815762746292911,0.07292301442210035,0.06236034938045907,0.06540727198862482,0.058907170424537886,0.04692260816575259,0.04468819825309771,0.03757871216737761,0.03717245581962218,0.023359739995937438,0.018078407475116798,0.009343895998374974,0.008531383302864107,0.8695020270546157,0.03550244368354329,0.0,0.0,0.0,0.0,0.0,0.0,0.0,0.0,0.0,0.0,0.0,0.0,0.0,0.0,0.0,0.0,0.0,0.0,0.0,0.0,0.0,0.04265691651432055,0.20109689213893972,0.6337599024984746,3.1687995124923836,9.609993906154784,11.535648994515542,3.6502132845825725,0.9018890920170629,0.2559414990859233,4.56233850129199,2.9417234149856366,5.0,3.5456210417116734,1.095929203539823,4.547157622739018,2.9844079626116424,4.581724581724582,2.9012180660004026,1.0076018827261901,0.4329,0.0174,0.0,0.0,0.0,0.0,0.0,0.0,0.0,0.0,0.0,0.0,0.0,0.8531383302864094,14.223034734917736,14.07678244972578,0.8470444850700795,0.0,0.0,0.0,0.0,0.0,0.0,0.0,0.0,0.0,0.0,0.0,0.0,0.0,0.0,0.0,nan,nan,4.56332581372865,2.9432984273575524,nan,0.4329,0.0825,0.0,0.0,0.0,0.0,0.0,0.0,0.0,0.0,0.0,0.0,0.0,0.0,0.0,0.0,0.0,0.0,0.0,0.0,0.0,0.0,0.0,5.078204346942921e-05,0.0,0.0005382896607759496,0.00018281535648994517,0.00537274019906561,0.001868779199674995,0.011527523867560431,0.014107251675807434,0.004316473694901483,0.00933373958968109,0.007810278285598212,0.03795449928905139,0.06444241316270567,0.03704042250660167,0.030154377412147066,0.017641681901279706,0.037791996749949215,0.043560836888076375,0.03704042250660167,0.03699979687182612,0.03994515539305302,0.029473898029656713,0.054814137720901886,0.011547836684948203,0.021602681291895187,0.04313426772293317,0.07224253503960999,0.0581759089985781,0.019530773918342473,0.05090392037375584,0.026173065204143815,0.020150314848669512,0.04050375787121674,0.019378427787934187,0.03739589681088767,0.016473694901482837,0.010928295754621165,0.009343895998374974,0.00422506601665651,0.0007414178346536665,7.10948608572009e-05,0.006489945155393053,0.000710948608572009,0.004438350599228113,0.0020922201909404836,0.0,0.0,0.0017672151127361365,1.0156408693885841e-05,0.0,0.0,0.0,0.0,0.0,0.0,0.0,0.0,0.0,0.0,0.0,0.0,0.0,0.0,0.0,0.0,0.0,0.0,0.0,0.0,0.0,0.0,0.0,0.0,0.0,0.0,0.0,0.0,0.0,0.0,0.0,nan,nan,4.56332581372865,2.9432984273575524,nan,0.8700212331720554,0.034580262856924095,0.0,0.0,0.0,0.0,0.0,0.0,0.0,0.0,0.0,0.0,0.0,0.0,0.0,0.0,0.0,0.0,0.0,0.0,0.0,0.0,0.0,0.011778563015312134,0.15312131919905775,0.5300353356890444,3.227326266195525,9.623085983510013,11.719670200235575,3.592461719670201,0.8480565371024736,0.29446407538280334,0.8689454538302389,0.036456892491776374,0.0,0.0,0.0,0.0,0.0,0.0,0.0,0.0,0.0,0.0,0.0,0.0,0.0,0.0,0.0,0.0,0.0,0.0,0.0,0.0,0.0,0.07575757575757577,0.2525252525252526,0.7449494949494927,3.106060606060607,9.595959595959597,11.338383838383841,3.712121212121213,0.9595959595959598,0.2146464646464647,0.433,0.01746,0.0,0.0,0.0,0.0,0.0,0.0,0.0,0.0,0.0,0.0,0.0,0.8716136631330965,14.075382803298,14.157832744405185,0.8951707891637222,0.0,0.0,0.0,0.0,0.0,0.0,0.0,0.0,0.0,0.0,0.0,0.0,0.0,0.0,0.0,0.4329,0.01732,0.0,0.0,0.0,0.0,0.0,0.0,0.0,0.0,0.0,0.0,0.0,0.833333333333332,14.381313131313135,13.989898989898993,0.7954545454545456,0.0,0.0,0.0,0.0,0.0,0.0,0.0,0.0,0.0,0.0,0.0,0.0,0.0,0.0,0.0
45500,5034,2525,0.5015891934843068,1145,1083,0.44259038537941997,1463,0.5812475168851807,0.4059999999999999,2.9003587086488642,3.0087615964091254,6.39221140472879,2.086914120848678,6649.800000000002,1.8189894035458565e-12,6649.8,6649.8,6649.800000000003,2.7284841053187847e-12,6649.800000000002,1.8189894035458565e-12,28.30274135876043,20.956567370761984,33.159566956931045,19.19552816737963,0.1360746920937624,0.09992054032578467,0.08839888756456099,0.09098132697655939,0.07965832340087406,0.07151370679380215,0.07012316249503377,0.06595152959872864,0.05860150973381009,0.04747715534366309,0.04986094557012316,0.041716328963051254,0.03853794199443782,0.02800953516090584,0.015097338100913786,0.011124354390147001,0.006952721493841876,0.8720056360611899,0.034236489113701515,0.0,0.0,0.0,0.0,0.0,0.0,0.0,0.0,0.0,0.0,0.0,0.0,0.0,0.0,0.0,0.0,0.0,0.0,0.0,0.0,0.0,0.01191895113230036,0.08939213349225271,0.5065554231227637,2.8545887961859364,9.60071513706794,11.358760429082244,4.368295589988082,0.9654350417163291,0.24433849821215736,4.228658536585366,2.7914561556235467,5.0,3.0983866769659336,1.1824080749819754,4.197910264290105,2.7881866095543106,4.261158021712907,2.795602114052621,1.0150664862850511,0.4326,0.01666,0.0,0.0,0.0,0.0,0.0,0.0,0.0,0.0,0.0,0.0,0.0,0.6376638855780682,14.880810488677,13.724672228843865,0.7568533969010729,0.0,0.0,0.0,0.0,0.0,0.0,0.0,0.0,0.0,0.0,0.0,0.0,0.0,0.0,0.0,nan,nan,4.229832572298326,2.7921108912788184,nan,0.4326,0.0824,0.0,0.0,0.0,0.0,0.0,0.0,0.0,0.0,0.0,0.0,0.0,0.0,0.0,0.0,0.0,0.0,0.0,0.0,0.0,0.0,0.0,0.0,0.0,0.000288041319030592,0.000278108859753675,0.005125148986889154,0.002026221692491061,0.011670639650377434,0.01384584823202225,0.005264203416765991,0.009574890742947954,0.007181168057210965,0.03980929678188319,0.06505760826380612,0.03461462058005562,0.031078665077473182,0.018235995232419547,0.03853794199443782,0.042411601112435436,0.03854787445371474,0.034833134684147796,0.03880611839491458,0.029082240762812874,0.05372467222884386,0.011889153754469606,0.022457290425109258,0.041338895510528405,0.07372864521255462,0.0606575288041319,0.018464441795788638,0.05368494239173619,0.025605880015891935,0.02071911005164879,0.03951132300357568,0.019616607071911006,0.036501787842669844,0.015266189908621376,0.010399284862932063,0.009902661899086214,0.004211362733412793,0.0007250695272149384,5.959475566150179e-05,0.006406436233611442,0.0006058800158919348,0.004578863726658721,0.0014600715137067938,0.0,0.0,0.002195073500198649,1.986491855383393e-05,0.0,0.0,0.0,0.0,0.0,0.0,0.0,0.0,0.0,0.0,0.0,0.0,0.0,0.0,0.0,0.0,0.0,0.0,0.0,0.0,0.0,0.0,0.0,0.0,0.0,0.0,0.0,0.0,0.0,0.0,0.0,nan,nan,4.229832572298326,2.7921108912788184,nan,0.8720018663500795,0.034576512532555455,0.0,0.0,0.0,0.0,0.0,0.0,0.0,0.0,0.0,0.0,0.0,0.0,0.0,0.0,0.0,0.0,0.0,0.0,0.0,0.0,0.0,0.011881188118811885,0.10693069306930696,0.46336633663366195,2.994059405940595,9.516831683168318,11.215841584158419,4.431683168316832,1.021782178217822,0.23762376237623767,0.8720094298119087,0.03389085298143033,0.0,0.0,0.0,0.0,0.0,0.0,0.0,0.0,0.0,0.0,0.0,0.0,0.0,0.0,0.0,0.0,0.0,0.0,0.0,0.0,0.0,0.011956954962136312,0.07174172977281787,0.5500199282582685,2.714228776404943,9.685133519330412,11.502590673575133,4.3045037863690725,0.9087285771223597,0.25109605420486253,0.4326,0.0168,0.0,0.0,0.0,0.0,0.0,0.0,0.0,0.0,0.0,0.0,0.0,0.6415841584158407,14.708910891089111,13.853465346534657,0.7960396039603962,0.0,0.0,0.0,0.0,0.0,0.0,0.0,0.0,0.0,0.0,0.0,0.0,0.0,0.0,0.0,0.4329,0.01653,0.0,0.0,0.0,0.0,0.0,0.0,0.0,0.0,0.0,0.0,0.0,0.6337186129932235,15.053806297329617,13.595057791948987,0.7174172977281787,0.0,0.0,0.0,0.0,0.0,0.0,0.0,0.0,0.0,0.0,0.0,0.0,0.0,0.0,0.0
45600,4542,2296,0.5055041831792162,1038,975,0.4431968295904888,1268,0.5583443416996917,0.45799999999999996,2.8998219056099734,3.0496383103617273,6.596059113300493,2.098021016811273,6649.800000000001,9.094947017729282e-13,6649.8,6649.8,6649.800000000001,9.094947017729282e-13,6649.800000000002,1.8189894035458565e-12,27.16094231616028,20.609607268204915,32.16068601583113,18.90609443849377,0.14729194187582562,0.0964332892998679,0.09753412593571115,0.09158960810215765,0.08520475561426684,0.07507705856450902,0.06759136944077498,0.06274768824306473,0.05790400704535447,0.04953764861294584,0.04227212681638045,0.03786878027300748,0.03236459709379128,0.025979744605900485,0.016072214883311318,0.008146191105239982,0.006384852487890797,0.8714670758056304,0.03541181401441706,0.0,0.0,0.0,0.0,0.0,0.0,0.0,0.0,0.0,0.0,0.0,0.0,0.0,0.0,0.0,0.0,0.0,0.0,0.0,0.0,0.0,0.006605019815059446,0.11889035667107004,0.6340819022457047,2.7146631439894326,9.881109643328932,11.21532364597094,4.147952443857332,0.9643328929986792,0.3170409511228534,4.323816155988858,2.8666298148608744,2.75,2.947456530637899,0.636012240296344,4.284827586206896,2.834195891180394,4.359046283309958,2.900182359085446,1.0173212797037565,0.4316,0.0166,0.0,0.0,0.0,0.0,0.0,0.0,0.0,0.0,0.0,0.0,0.0,0.8454425363276078,15.178335535006608,13.428005284015855,0.548216644649934,0.0,0.0,0.0,0.0,0.0,0.0,0.0,0.0,0.0,0.0,0.0,0.0,0.0,0.0,0.0,nan,nan,4.321627260083449,2.8673437563562243,nan,0.4316,0.08185,0.0,0.0,0.0,0.0,0.0,0.0,0.0,0.0,0.0,0.0,0.0,0.0,0.0,0.0,0.0,0.0,0.0,0.0,0.0,0.0,0.0,0.0,0.0,0.00017613386173491853,0.0001321003963011889,0.0052179656538969615,0.0022236900044033466,0.012461470717745487,0.013650374284456186,0.005823425803610744,0.009830471158080141,0.00900484368119771,0.03802289740202554,0.06236239542051959,0.03626155878467635,0.030977542932628797,0.018174812857771908,0.039464993394980184,0.044815059445178336,0.04064288859533245,0.03436811977102598,0.03870541611624835,0.027443857331571994,0.05415015411712902,0.011955085865257595,0.0206516952884192,0.03961911052399824,0.07279832672831352,0.06319903126376046,0.02006825187142228,0.05627476882430647,0.026574196389255834,0.020948921180096874,0.040565830030823424,0.018758256274768823,0.03500660501981506,0.01257155438132981,0.0099185380889476,0.008421400264200792,0.0037098194627917217,0.0006494936151475121,7.705856450902686e-05,0.005350066050198151,0.0004073095552619991,0.004348304711580801,0.0020915896081021576,0.0,0.0,0.0021136063408190224,1.1008366358432408e-05,0.0,0.0,0.0,0.0,0.0,0.0,0.0,0.0,0.0,0.0,0.0,0.0,0.0,0.0,0.0,0.0,0.0,0.0,0.0,0.0,0.0,0.0,0.0,0.0,0.0,0.0,0.0,0.0,0.0,0.0,0.0,nan,nan,4.321627260083449,2.8673437563562243,nan,0.8708948247939452,0.034908113619548875,0.0,0.0,0.0,0.0,0.0,0.0,0.0,0.0,0.0,0.0,0.0,0.0,0.0,0.0,0.0,0.0,0.0,0.0,0.0,0.0,0.0,0.0,0.1045296167247387,0.7447735191637608,2.613240418118467,10.074041811846692,11.210801393728227,3.945993031358886,1.0714285714285716,0.23519163763066206,0.8720520661541743,0.035910002630131145,0.0,0.0,0.0,0.0,0.0,0.0,0.0,0.0,0.0,0.0,0.0,0.0,0.0,0.0,0.0,0.0,0.0,0.0,0.0,0.0,0.0,0.013357079252003565,0.13357079252003565,0.5209260908281373,2.8183437221727523,9.683882457702584,11.219946571682994,4.354407836153162,0.8548530721282281,0.40071237756010697,0.4316,0.01657,0.0,0.0,0.0,0.0,0.0,0.0,0.0,0.0,0.0,0.0,0.0,0.9015679442508697,15.013066202090595,13.57578397212544,0.5095818815331011,0.0,0.0,0.0,0.0,0.0,0.0,0.0,0.0,0.0,0.0,0.0,0.0,0.0,0.0,0.0,0.4316,0.01663,0.0,0.0,0.0,0.0,0.0,0.0,0.0,0.0,0.0,0.0,0.0,0.788067675868209,15.347284060552095,13.276936776491544,0.5877114870881568,0.0,0.0,0.0,0.0,0.0,0.0,0.0,0.0,0.0,0.0,0.0,0.0,0.0,0.0,0.0
45700,4518,2335,0.516821602478973,1109,941,0.4537405931828243,1287,0.5697211155378487,0.46199999999999997,3.0352725606962894,3.0431530659930552,6.469096671949287,2.0326757774736404,6649.800000000001,9.094947017729282e-13,6649.8,6649.8,6649.800000000002,1.8189894035458565e-12,6649.800000000001,9.094947017729282e-13,28.21336874723329,20.732514686696852,32.98692468619247,18.94633846340923,0.13789287295263392,0.08942009738822487,0.0934041611332448,0.08875608676405489,0.0796812749003984,0.07746790615316512,0.07326250553342187,0.06750774679061532,0.06529437804338203,0.04869411243913236,0.043824701195219126,0.0398406374501992,0.03275785745905268,0.02633908809207614,0.017485613103142984,0.010624169986719787,0.007746790615316512,0.8709876526109198,0.03441006082713863,0.0,0.0,0.0,0.0,0.0,0.0,0.0,0.0,0.0,0.0,0.0,0.0,0.0,0.0,0.0,0.0,0.0,0.0,0.0,0.0,0.0,0.006640106241699869,0.11288180610889777,0.4847277556440888,2.948207171314742,9.734395750332007,11.440903054448874,4.010624169986721,0.9760956175298807,0.2855245683930943,4.2611940298507465,2.8203130568204338,2.25,1.299038105676658,0.5280210157618214,4.280845262440354,2.8445635435251577,4.236363636363636,2.7949011250391353,0.9896091488129706,0.431,0.01633,0.0,0.0,0.0,0.0,0.0,0.0,0.0,0.0,0.0,0.0,0.0,0.7503320053120839,16.08897742363878,12.67596281540505,0.48472775564409043,0.0,0.0,0.0,0.0,0.0,0.0,0.0,0.0,0.0,0.0,0.0,0.0,0.0,0.0,0.0,nan,nan,4.258468834688347,2.8197779683929274,nan,0.431,0.08167,0.0,0.0,0.0,0.0,0.0,0.0,0.0,0.0,0.0,0.0,0.0,0.0,0.0,0.0,0.0,0.0,0.0,0.0,0.0,0.0,0.0,0.0,0.0,4.4267374944665784e-05,0.0001217352810978309,0.004769809650287738,0.0025785745905267817,0.011697653829127934,0.014209827357237716,0.006363435148295706,0.009274015050907481,0.008964143426294821,0.041821602478973,0.059074811863656485,0.03914342629482072,0.030633023461708722,0.01914563966356795,0.040294378043382026,0.04442231075697211,0.04065958388667552,0.03581230633023462,0.03810314298362107,0.02932713590084108,0.05080787959274015,0.011841522797698097,0.01909030544488712,0.03652058432934927,0.0761509517485613,0.0629592740150509,0.0201195219123506,0.05853253652058433,0.024125719344842853,0.021491810535635238,0.04019477644975653,0.017950420540061976,0.0346945551128818,0.012903939796370075,0.009672421425409474,0.00787959274015051,0.004338202744577246,0.0006861443116423196,0.00017706949977866314,0.005677290836653386,0.0003541389995573263,0.003972996901283754,0.0019477644975652944,0.0,0.0,0.001416555998229305,0.0,0.0,0.0,3.3200531208499335e-05,0.0,0.0,0.0,0.0,0.0,0.0,0.0,0.0,0.0,0.0,0.0,0.0,0.0,0.0,0.0,0.0,0.0,0.0,0.0,0.0,0.0,0.0,0.0,0.0,0.0,0.0,0.0,0.0,nan,nan,4.258468834688347,2.8197779683929274,nan,0.8707244371448901,0.03409838443701976,0.0,0.0,0.0,0.0,0.0,0.0,0.0,0.0,0.0,0.0,0.0,0.0,0.0,0.0,0.0,0.0,0.0,0.0,0.0,0.0,0.0,0.0,0.16702355460385443,0.3982869379014977,2.9164882226980735,9.85438972162741,11.511777301927198,3.9186295503212,0.9635974304068524,0.26980728051391867,0.8712691954937322,0.03473813650639316,0.0,0.0,0.0,0.0,0.0,0.0,0.0,0.0,0.0,0.0,0.0,0.0,0.0,0.0,0.0,0.0,0.0,0.0,0.0,0.0,0.0,0.013742556115437475,0.0549702244617499,0.5771873568483721,2.982134677049932,9.606046724690794,11.365093907466791,4.109024278515805,0.9894640403114981,0.30233623453962444,0.4312,0.01637,0.0,0.0,0.0,0.0,0.0,0.0,0.0,0.0,0.0,0.0,0.0,0.7965738758029967,15.751605995717348,13.002141327623129,0.44967880085653117,0.0,0.0,0.0,0.0,0.0,0.0,0.0,0.0,0.0,0.0,0.0,0.0,0.0,0.0,0.0,0.4307,0.01628,0.0,0.0,0.0,0.0,0.0,0.0,0.0,0.0,0.0,0.0,0.0,0.70087036188731,16.44983967017866,12.327072835547416,0.522217132386624,0.0,0.0,0.0,0.0,0.0,0.0,0.0,0.0,0.0,0.0,0.0,0.0,0.0,0.0,0.0
45800,4685,2425,0.5176093916755603,1150,979,0.4544290288153682,1369,0.584418356456777,0.44199999999999995,3.05,3.0498331595162633,6.517397881996974,2.001909045148771,6649.800000000002,1.8189894035458565e-12,6649.8,6649.8,6649.800000000001,9.094947017729282e-13,6649.800000000002,1.8189894035458565e-12,27.71889007470651,20.899621757099755,33.02498068503734,19.02374308994122,0.15026680896478123,0.09498399146211313,0.08815368196371398,0.08708644610458911,0.08409818569903948,0.07427961579509071,0.06894343649946638,0.06339381003201708,0.06510138740661686,0.04994663820704376,0.04226254002134472,0.037139807897545354,0.031163287086446105,0.025400213447171825,0.018996798292422627,0.011739594450373533,0.007043756670224119,0.8726539845527681,0.035718617035905884,0.0,0.0,0.0,0.0,0.0,0.0,0.0,0.0,0.0,0.0,0.0,0.0,0.0,0.0,0.0,0.0,0.0,0.0,0.0,0.0,0.0,0.012806830309498403,0.17929562433297763,0.569903948772677,2.4781216648879405,9.598719316969051,11.487726787620067,4.347918890074707,0.9605122732123801,0.36499466382070445,4.319894249834765,2.8186156716987014,5.111111111111111,3.177855476905576,1.183156534747722,4.36914963744232,2.8192384796542167,4.276203032300593,2.820874132212647,0.9787266143633071,0.4304,0.01598,0.0,0.0,0.0,0.0,0.0,0.0,0.0,0.0,0.0,0.0,0.0,0.8260405549626456,16.17502668089648,12.672358591248669,0.32657417289220925,0.0,0.0,0.0,0.0,0.0,0.0,0.0,0.0,0.0,0.0,0.0,0.0,0.0,0.0,0.0,nan,nan,4.322240527182867,2.8200768076057376,nan,0.4304,0.08124,0.0,0.0,0.0,0.0,0.0,0.0,0.0,0.0,0.0,0.0,0.0,0.0,0.0,0.0,0.0,0.0,0.0,0.0,0.0,0.0,0.0,0.0,1.0672358591248667e-05,0.0,0.00018143009605122733,0.004749199573105657,0.0029455709711846316,0.013127001067235858,0.013585912486659552,0.005955176093916756,0.008143009605122733,0.008601921024546424,0.04299893276414087,0.05701173959445038,0.04303094983991462,0.02953041622198506,0.016125933831376733,0.03937033084311633,0.047620064034151546,0.04022411953041622,0.03695837780149413,0.038623265741728925,0.028452508004268944,0.051099252934898615,0.011771611526147278,0.019786552828175027,0.0387940234791889,0.07417289220917823,0.06247598719316969,0.02184631803628602,0.057694770544290286,0.02263607257203842,0.02023479188900747,0.04272145144076841,0.018537886872998934,0.03465314834578442,0.01152614727854856,0.00927427961579509,0.008911419423692637,0.004354322305229455,0.00045891141942369266,6.4034151547492e-05,0.005250800426894344,0.0003735325506937033,0.0032977588046958378,0.0016542155816435431,0.00011739594450373532,0.0,0.0009711846318036286,0.0,0.0,0.0,7.470651013874066e-05,0.0,0.0,0.0,0.0,0.0,0.0,0.0,0.0,0.0,0.0,0.0,0.0,0.0,0.0,0.0,0.0,0.0,0.0,0.0,0.0,0.0,0.0,0.0,0.0,0.0,0.0,0.0,0.0,nan,nan,4.322240527182867,2.8200768076057376,nan,0.8733130412740806,0.03593162808326093,0.0,0.0,0.0,0.0,0.0,0.0,0.0,0.0,0.0,0.0,0.0,0.0,0.0,0.0,0.0,0.0,0.0,0.0,0.0,0.0,0.0,0.0,0.13608247422680414,0.6680412371134,2.2515463917525778,9.797938144329898,11.393814432989693,4.268041237113403,1.0391752577319588,0.4453608247422681,0.8719468108584395,0.035475017469799114,0.0,0.0,0.0,0.0,0.0,0.0,0.0,0.0,0.0,0.0,0.0,0.0,0.0,0.0,0.0,0.0,0.0,0.0,0.0,0.0,0.0,0.026548672566371688,0.22566371681415934,0.46460176991150304,2.7212389380530984,9.384955752212392,11.588495575221241,4.433628318584072,0.8761061946902657,0.2787610619469027,0.4304,0.01619,0.0,0.0,0.0,0.0,0.0,0.0,0.0,0.0,0.0,0.0,0.0,0.8907216494845348,16.280412371134023,12.420618556701035,0.4082474226804125,0.0,0.0,0.0,0.0,0.0,0.0,0.0,0.0,0.0,0.0,0.0,0.0,0.0,0.0,0.0,0.4307,0.01575,0.0,0.0,0.0,0.0,0.0,0.0,0.0,0.0,0.0,0.0,0.0,0.7566371681415918,16.06194690265487,12.942477876106198,0.23893805309734517,0.0,0.0,0.0,0.0,0.0,0.0,0.0,0.0,0.0,0.0,0.0,0.0,0.0,0.0,0.0
45900,4628,2398,0.5181503889369058,1081,959,0.4407951598962835,1314,0.567847882454624,0.46599999999999997,2.9417040358744395,3.0455747154490918,6.598319327731092,1.999579081474853,6649.800000000001,9.094947017729282e-13,6649.8,6649.8,6649.800000000001,9.094947017729282e-13,6649.800000000002,1.8189894035458565e-12,27.26923076923077,20.607846778508577,32.23003360041354,18.90282908869409,0.1441227312013829,0.09939498703543648,0.09420916162489196,0.09615384615384616,0.0847018150388937,0.07476231633535005,0.06417458945548833,0.06439066551426102,0.056179775280898875,0.04948141745894555,0.044727744165946416,0.035004321521175455,0.032411408815903195,0.028522039757994815,0.01901469317199654,0.008210890233362144,0.004537597234226448,0.8731383526876453,0.03513609072669554,0.0,0.0,0.0,0.0,0.0,0.0,0.0,0.0,0.0,0.0,0.0,0.0,0.0,0.0,0.0,0.0,0.0,0.0,0.0,0.0,0.0,0.025929127052722566,0.07778738115816769,0.4407951598962821,2.761452031114953,9.392826274848748,11.616248919619709,4.304235090751946,1.0242005185825414,0.3565254969749353,4.365635738831615,2.8511144245392046,3.0,2.23606797749979,0.6871851385390428,4.410540915395284,2.940340656253441,4.316146540027137,2.7593034576628916,0.9785980048300521,0.4302,0.01648,0.0,0.0,0.0,0.0,0.0,0.0,0.0,0.0,0.0,0.0,0.0,0.9658599827139139,16.19273984442524,12.491356957649096,0.35004321521175463,0.0,0.0,0.0,0.0,0.0,0.0,0.0,0.0,0.0,0.0,0.0,0.0,0.0,0.0,0.0,nan,nan,4.362825788751715,2.8506569355437126,nan,0.4302,0.0816,0.0,0.0,0.0,0.0,0.0,0.0,0.0,0.0,0.0,0.0,0.0,0.0,0.0,0.0,0.0,0.0,0.0,0.0,0.0,0.0,0.0,0.0,7.562662057044079e-05,0.0,0.0002052722558340536,0.0050561797752808986,0.002895419187554019,0.014185393258426967,0.013764044943820225,0.006979256698357822,0.008653846153846154,0.007681503889369058,0.04400388936905791,0.05692523768366465,0.040265773552290406,0.03273552290406223,0.015676318063958514,0.038202247191011236,0.04985955056179775,0.037067847882454624,0.03727312013828868,0.036840968020743305,0.02964563526361279,0.05109118409680207,0.011970613656006915,0.020149092480553153,0.039250216076058775,0.07273120138288677,0.059118409680207436,0.022353068280034572,0.05897796024200518,0.021650821089023334,0.020937770095073464,0.045019446845289544,0.018528522039757994,0.034496542783059636,0.011235955056179775,0.00874027657735523,0.00962618841832325,0.004051426101987899,0.00048617113223854794,0.0,0.005110198789974071,0.0002592912705272256,0.0032843560933448574,0.0017610198789974071,0.00030250648228176316,0.0,0.0008751080380293864,0.0,0.0,0.0,0.0,0.0,0.0,0.0,0.0,0.0,0.0,0.0,0.0,0.0,0.0,0.0,0.0,0.0,0.0,0.0,0.0,0.0,0.0,0.0,0.0,0.0,0.0,0.0,0.0,0.0,0.0,0.0,0.0,nan,nan,4.362825788751715,2.8506569355437126,nan,0.8729320825190222,0.03429009718360976,0.0,0.0,0.0,0.0,0.0,0.0,0.0,0.0,0.0,0.0,0.0,0.0,0.0,0.0,0.0,0.0,0.0,0.0,0.0,0.0,0.0,0.025020850708924108,0.1376146788990826,0.33778148457047436,2.7022518765638037,9.25771476230192,12.010008340283573,4.303586321934946,0.9633027522935782,0.26271893244370315,0.8733601624922902,0.036022338035416726,0.0,0.0,0.0,0.0,0.0,0.0,0.0,0.0,0.0,0.0,0.0,0.0,0.0,0.0,0.0,0.0,0.0,0.0,0.0,0.0,0.0,0.02690582959641256,0.01345291479820628,0.5515695067264557,2.825112107623319,9.538116591928253,11.192825112107627,4.30493273542601,1.0896860986547088,0.45739910313901355,0.4302,0.01616,0.0,0.0,0.0,0.0,0.0,0.0,0.0,0.0,0.0,0.0,0.0,0.9883236030025006,16.113427856547126,12.648040033361138,0.2502085070892411,0.0,0.0,0.0,0.0,0.0,0.0,0.0,0.0,0.0,0.0,0.0,0.0,0.0,0.0,0.0,0.4302,0.01682,0.0,0.0,0.0,0.0,0.0,0.0,0.0,0.0,0.0,0.0,0.0,0.9417040358744381,16.2780269058296,12.322869955156953,0.45739910313901355,0.0,0.0,0.0,0.0,0.0,0.0,0.0,0.0,0.0,0.0,0.0,0.0,0.0,0.0,0.0
46000,4674,2423,0.5183996576807873,1109,974,0.44565682498930254,1327,0.5678219940094138,0.46599999999999997,3.08751665926255,3.1144152036093784,6.675925925925926,2.012286505984511,6649.800000000001,9.094947017729282e-13,6649.8,6649.8,6649.800000000002,1.8189894035458565e-12,6649.800000000002,1.8189894035458565e-12,27.99550706033376,21.0217855987037,32.977295918367346,19.2985075248824,0.1386392811296534,0.09991442019683355,0.09135643988018828,0.08664955070603338,0.08557980316645272,0.07466837826273,0.07274283269148481,0.06332905434317501,0.05926401369276851,0.04535729567821994,0.043645699614890884,0.04150620453572957,0.0329482242190843,0.024818142918271287,0.01775780915703894,0.012409071459135643,0.009413778348309799,0.8726955696615236,0.0359074995427068,0.0,0.0,0.0,0.0,0.0,0.0,0.0,0.0,0.0,0.0,0.0,0.0,0.0,0.0,0.0,0.0,0.0,0.0,0.0,0.0,0.0,0.006418485237483955,0.0706033376123235,0.680359435173297,2.9717586649550713,8.889602053915278,11.681643132220799,4.358151476251606,0.9627727856225933,0.37869062901155337,4.332670642809807,2.8790506471922988,5.25,2.48746859276655,1.211723768736617,4.336218375499334,2.8768798891136744,4.331578947368421,2.8806162775531483,0.9989300750725271,0.43,0.01648,0.0,0.0,0.0,0.0,0.0,0.0,0.0,0.0,0.0,0.0,0.0,1.0012836970474954,16.360718870346602,12.246469833119386,0.39152759948652127,0.0,0.0,0.0,0.0,0.0,0.0,0.0,0.0,0.0,0.0,0.0,0.0,0.0,0.0,0.0,nan,nan,4.333884844473858,2.8787607516482283,nan,0.43,0.08136,0.0,0.0,0.0,0.0,0.0,0.0,0.0,0.0,0.0,0.0,0.0,0.0,0.0,0.0,0.0,0.0,0.0,0.0,0.0,0.0,0.0,0.0,1.0697475395806589e-05,0.0,0.0006846384253316217,0.004771074026529739,0.0028776208814719727,0.012259306803594352,0.015201112537441164,0.0075738125802310655,0.007798459563543004,0.00787334189131365,0.04278990158322636,0.05553059477963201,0.042233632862644414,0.03576166024818143,0.016099700470688916,0.03739837398373984,0.05160462130937099,0.03725930680359435,0.03868207103123663,0.036253744116388535,0.028187847667950364,0.04807445442875481,0.01292255027813436,0.018260590500641848,0.03903508771929825,0.07371630295250321,0.06053701326486949,0.02064612751390672,0.05885750962772786,0.022528883183568677,0.02079589216944801,0.04531450577663671,0.01800385109114249,0.03724860932819855,0.010579803166452717,0.008258451005562687,0.009830979888746256,0.003744116388532306,0.00033162173727000426,1.0697475395806589e-05,0.005124090714591356,0.00025673940949935817,0.0024390243902439024,0.0017115960633290544,0.0002460419341035516,0.0,0.0006739409499358152,0.0,0.0,0.0,0.0,0.0,0.0,0.0,0.0,0.0,0.0,0.0,0.0,0.0,0.0,0.0,0.0,0.0,0.0,0.0,0.0,0.0,0.0,0.0,0.0,0.0,0.0,0.0,0.0,0.0,0.0,0.0,0.0,nan,nan,4.333884844473858,2.8787607516482283,nan,0.8721056189657094,0.036061325079648196,0.0,0.0,0.0,0.0,0.0,0.0,0.0,0.0,0.0,0.0,0.0,0.0,0.0,0.0,0.0,0.0,0.0,0.0,0.0,0.0,0.0,0.012381345439537766,0.1114321089558399,0.7057366900536504,3.144861741642593,8.81551795295089,11.601320676846887,4.333470903838218,0.9781262897234835,0.29715229054890635,0.8733305987756764,0.03573029623829133,0.0,0.0,0.0,0.0,0.0,0.0,0.0,0.0,0.0,0.0,0.0,0.0,0.0,0.0,0.0,0.0,0.0,0.0,0.0,0.0,0.0,0.0,0.02665482007996447,0.6530430919591272,2.785428698356287,8.969346956908042,11.768103065304313,4.384717903154154,0.9462461128387385,0.46645935139937816,0.43,0.01656,0.0,0.0,0.0,0.0,0.0,0.0,0.0,0.0,0.0,0.0,0.0,1.0028889806025574,16.45480808914569,12.108955839867935,0.4333470903838218,0.0,0.0,0.0,0.0,0.0,0.0,0.0,0.0,0.0,0.0,0.0,0.0,0.0,0.0,0.0,0.43,0.0164,0.0,0.0,0.0,0.0,0.0,0.0,0.0,0.0,0.0,0.0,0.0,0.9995557529986658,16.259440248778326,12.394491337183478,0.3465126610395381,0.0,0.0,0.0,0.0,0.0,0.0,0.0,0.0,0.0,0.0,0.0,0.0,0.0,0.0,0.0
46100,4888,2556,0.5229132569558101,1225,969,0.4488543371522095,1347,0.5511456628477905,0.44999999999999996,3.0047169811320753,3.1241429777278524,6.629850746268657,2.0501921952404403,6649.800000000001,9.094947017729282e-13,6649.8,6649.8,6649.800000000002,1.8189894035458565e-12,6649.800000000001,9.094947017729282e-13,28.349427168576106,21.064972255777505,33.10214923931417,19.37560581425386,0.13400163666121112,0.10065466448445172,0.09083469721767594,0.08715220949263502,0.07999181669394435,0.07876432078559738,0.07017184942716857,0.061170212765957445,0.057692307692307696,0.05482815057283143,0.04582651391162029,0.038461538461538464,0.03273322422258593,0.028027823240589198,0.019844517184942716,0.010433715220949264,0.009410801963993453,0.8733653597619061,0.03466403828015436,0.0,0.0,0.0,0.0,0.0,0.0,0.0,0.0,0.0,0.0,0.0,0.0,0.0,0.0,0.0,0.0,0.0,0.0,0.0,0.0,0.0,0.006137479541734862,0.07978723404255321,0.58306055646481,2.4672667757774143,9.35351882160393,11.912847790507367,4.1427986906710315,1.1047463175122751,0.3498363338788872,4.247477931904162,2.9144338923394555,8.5,1.5,2.0011875603057967,4.106531388712746,2.8925047704343685,4.397123202001251,2.93379382294973,1.070763324514511,0.4302,0.01642,0.0,0.0,0.0,0.0,0.0,0.0,0.0,0.0,0.0,0.0,0.0,0.9390343698854324,16.571194762684126,12.017184942716861,0.4725859247135844,0.0,0.0,0.0,0.0,0.0,0.0,0.0,0.0,0.0,0.0,0.0,0.0,0.0,0.0,0.0,nan,nan,4.2528337531486144,2.91698613139485,nan,0.4302,0.08154,0.0,0.0,0.0,0.0,0.0,0.0,0.0,0.0,0.0,0.0,0.0,0.0,0.0,0.0,0.0,0.0,0.0,0.0,0.0,0.0,0.0,0.0,0.0,0.0,0.0006239770867430442,0.0045621931260229134,0.0029562193126022912,0.011221358428805237,0.015752864157119476,0.009881342062193125,0.008040098199672668,0.00786620294599018,0.03999590834697218,0.054265548281505725,0.04242021276595745,0.0368657937806874,0.01675531914893617,0.036231587561374796,0.051738952536824874,0.03866612111292962,0.03699877250409165,0.03689648117839607,0.028743862520458265,0.04579582651391162,0.012510229132569559,0.018422667757774142,0.04077332242225859,0.07429418985270049,0.05909369885433715,0.021460720130932896,0.05838788870703764,0.021573240589198035,0.021204991816693945,0.045979950900163664,0.01939443535188216,0.03600654664484452,0.011159983633387889,0.008428805237315876,0.010045008183306055,0.0037643207855973812,0.0004091653027823241,3.06873977086743e-05,0.004991816693944354,0.00034779050736497545,0.002843698854337152,0.001800327332242226,0.00021481178396072013,0.0,0.0005830605564648118,0.0,0.0,0.0,0.0,0.0,0.0,0.0,0.0,0.0,0.0,0.0,0.0,0.0,0.0,0.0,0.0,0.0,0.0,0.0,0.0,0.0,0.0,0.0,0.0,0.0,0.0,0.0,0.0,0.0,0.0,0.0,0.0,nan,nan,4.2528337531486144,2.91698613139485,nan,0.8728083349496173,0.034297849289693066,0.0,0.0,0.0,0.0,0.0,0.0,0.0,0.0,0.0,0.0,0.0,0.0,0.0,0.0,0.0,0.0,0.0,0.0,0.0,0.0,0.0,0.011737089201877937,0.058685446009389686,0.6455399061032844,2.488262910798123,9.683098591549298,11.514084507042256,4.237089201877935,1.0680751173708922,0.29342723004694843,0.8739758895304355,0.03505084149084913,0.0,0.0,0.0,0.0,0.0,0.0,0.0,0.0,0.0,0.0,0.0,0.0,0.0,0.0,0.0,0.0,0.0,0.0,0.0,0.0,0.0,0.0,0.10291595197255576,0.5145797598627772,2.4442538593481995,8.99228130360206,12.349914236706693,4.039451114922814,1.1449399656946828,0.41166380789022305,0.4302,0.01611,0.0,0.0,0.0,0.0,0.0,0.0,0.0,0.0,0.0,0.0,0.0,0.84507042253521,16.784037558685448,11.936619718309862,0.4342723004694837,0.0,0.0,0.0,0.0,0.0,0.0,0.0,0.0,0.0,0.0,0.0,0.0,0.0,0.0,0.0,0.4302,0.01675,0.0,0.0,0.0,0.0,0.0,0.0,0.0,0.0,0.0,0.0,0.0,1.0420240137221253,16.337907375643226,12.105488850771874,0.5145797598627788,0.0,0.0,0.0,0.0,0.0,0.0,0.0,0.0,0.0,0.0,0.0,0.0,0.0,0.0,0.0
46200,4657,2320,0.4981747906377496,1084,980,0.4432037792570324,1332,0.5720420871805884,0.474,2.974326059050064,3.155129054588662,6.8083067092651754,2.1167960618045565,6649.800000000001,9.094947017729282e-13,6649.8,6649.8,6649.800000000002,1.8189894035458565e-12,6649.800000000001,9.094947017729282e-13,27.46489156109083,20.729069762351124,32.474049331963,18.9946602207564,0.14408417436117674,0.10328537685205068,0.09147519862572472,0.08610693579557654,0.08353016963710544,0.08159759501825209,0.06592226755421945,0.0646338844749839,0.05024694009018681,0.053467897788275716,0.04487867726003865,0.036504187245007515,0.03671891775821344,0.024694009018681556,0.018896285162121537,0.007945028988619283,0.006012454369765944,0.8739458268897483,0.03421300259500256,0.0,0.0,0.0,0.0,0.0,0.0,0.0,0.0,0.0,0.0,0.0,0.0,0.0,0.0,0.0,0.0,0.0,0.0,0.0,0.0,0.0,0.012883830792355597,0.07086106935795577,0.5217951470903999,2.3384152888125405,9.21838093193043,12.155894352587506,4.432037792570325,0.8696585784840027,0.3800730083744901,4.396632996632997,2.8390474958144583,3.6,2.244994432064365,0.8188083933221013,4.373812754409769,2.8450520227983374,4.4163890739506995,2.8315765929694785,1.0097343718013543,0.4304,0.01637,0.0,0.0,0.0,0.0,0.0,0.0,0.0,0.0,0.0,0.0,0.0,0.972729224822846,15.94374060554005,12.72922482284733,0.35430534678977893,0.0,0.0,0.0,0.0,0.0,0.0,0.0,0.0,0.0,0.0,0.0,0.0,0.0,0.0,0.0,nan,nan,4.395294117647059,2.838340982923572,nan,0.4304,0.08185,0.0,0.0,0.0,0.0,0.0,0.0,0.0,0.0,0.0,0.0,0.0,0.0,0.0,0.0,0.0,0.0,0.0,0.0,0.0,0.0,0.0,0.0,2.1473051320592655e-05,0.0,0.00045093407773244575,0.004788490444492162,0.0032961133777109726,0.009598453940304917,0.016351728580631306,0.010242645479922697,0.008234915181447283,0.00800944814258106,0.04080953403478634,0.05506764011165987,0.04072364182950397,0.038211294824994635,0.017994417006656646,0.033497960060124544,0.052383508696585784,0.03970367189177582,0.03628945673180159,0.03495812754992485,0.027206356023190895,0.04682198840455229,0.014741249731586858,0.017296542838737383,0.03861928280008589,0.07420012883830793,0.058761004938801806,0.02166630878247799,0.05784840025767662,0.02114021902512347,0.021483787846252954,0.048797509126046815,0.01769379428816835,0.037975091260468115,0.011724286021043591,0.008514064848614989,0.009791711402190251,0.003628945673180159,0.00044019755207214947,1.0736525660296328e-05,0.0055829933433540905,0.00022546703886622288,0.0026948679407343785,0.0020077302984754133,4.294610264118531e-05,0.0,0.00045093407773244575,0.0,0.0,0.0,0.0,0.0,0.0,0.0,0.0,0.0,0.0,0.0,0.0,0.0,0.0,0.0,0.0,0.0,0.0,0.0,0.0,0.0,0.0,0.0,0.0,0.0,0.0,0.0,0.0,0.0,0.0,0.0,0.0,nan,nan,4.395294117647059,2.838340982923572,nan,0.874218937009573,0.03452612136931178,0.0,0.0,0.0,0.0,0.0,0.0,0.0,0.0,0.0,0.0,0.0,0.0,0.0,0.0,0.0,0.0,0.0,0.0,0.0,0.0,0.0,0.012931034482758624,0.07758620689655174,0.5301724137931018,2.224137931034483,9.375000000000002,11.896551724137934,4.668103448275863,0.788793103448276,0.4267241379310346,0.8736747034502989,0.03389712450870803,0.0,0.0,0.0,0.0,0.0,0.0,0.0,0.0,0.0,0.0,0.0,0.0,0.0,0.0,0.0,0.0,0.0,0.0,0.0,0.0,0.0,0.01283697047496791,0.06418485237483955,0.5134788189987147,2.451861360718871,9.062901155327344,12.41335044929397,4.197689345314506,0.9499358151476254,0.3337612323491657,0.4304,0.01631,0.0,0.0,0.0,0.0,0.0,0.0,0.0,0.0,0.0,0.0,0.0,1.0603448275862053,15.827586206896555,12.762931034482762,0.3491379310344829,0.0,0.0,0.0,0.0,0.0,0.0,0.0,0.0,0.0,0.0,0.0,0.0,0.0,0.0,0.0,0.4307,0.01645,0.0,0.0,0.0,0.0,0.0,0.0,0.0,0.0,0.0,0.0,0.0,0.8857509627727843,16.059050064184856,12.695763799743263,0.3594351732991015,0.0,0.0,0.0,0.0,0.0,0.0,0.0,0.0,0.0,0.0,0.0,0.0,0.0,0.0,0.0
46300,4668,2355,0.5044987146529563,1110,967,0.4449443016281063,1325,0.5676949443016281,0.474,2.922611327280588,3.0633283744332673,6.636792452830188,1.9607384761916904,6649.800000000001,9.094947017729282e-13,6649.8,6649.8,6649.800000000001,9.094947017729282e-13,6649.800000000001,9.094947017729282e-13,27.742073693230505,20.89190288084292,32.841889117043124,19.10676398835767,0.1437446443873179,0.09961439588688946,0.09040274207369323,0.09040274207369323,0.0824764353041988,0.0760497000856898,0.06362467866323908,0.0631962296486718,0.05976863753213368,0.05419880034275921,0.04284490145672665,0.03898886032562125,0.03320479862896315,0.026563838903170524,0.015852613538988862,0.012210796915167094,0.006855184233076264,0.8729153756617274,0.03476206690338656,0.0,0.0,0.0,0.0,0.0,0.0,0.0,0.0,0.0,0.0,0.0,0.0,0.0,0.0,0.0,0.0,0.0,0.0,0.0,0.0,0.0,0.03213367609254499,0.12210796915167098,0.5269922879177361,2.6992287917737796,9.164524421593832,11.658097686375324,4.6015424164524426,0.9318766066838048,0.26349614395886894,4.326407506702413,2.8791614647505455,4.777777777777778,2.042752923427804,1.1043291161029347,4.3127930341594105,2.869210371062795,4.342666666666666,2.8848881357091747,1.0069267484599056,0.4307,0.01633,0.0,0.0,0.0,0.0,0.0,0.0,0.0,0.0,0.0,0.0,0.0,0.8611825192802044,16.16323907455013,12.51928020565553,0.45629820051413894,0.0,0.0,0.0,0.0,0.0,0.0,0.0,0.0,0.0,0.0,0.0,0.0,0.0,0.0,0.0,nan,nan,4.32776478449716,2.87711703872644,nan,0.4307,0.08167,0.0,0.0,0.0,0.0,0.0,0.0,0.0,0.0,0.0,0.0,0.0,0.0,0.0,0.0,0.0,0.0,0.0,0.0,0.0,0.0,0.0,1.0711225364181662e-05,4.2844901456726646e-05,0.0,0.0002784918594687232,0.005355612682090831,0.0033847472150814054,0.009050985432733505,0.016913024850042844,0.010582690659811482,0.00863324764353042,0.007615681233933162,0.038999571550985435,0.05520565552699229,0.041805912596401026,0.037146529562982006,0.018798200514138816,0.03447943444730077,0.04855398457583548,0.04054198800342759,0.03588260497000857,0.033858183376178234,0.026017566409597258,0.046251071122536416,0.015499143101970866,0.01811268209083119,0.04004927163667524,0.07280419880034276,0.060529134532990574,0.023221936589545845,0.058119108826049704,0.020715509854327335,0.021358183376178234,0.050267780634104545,0.01901242502142245,0.037382176520994,0.010689802913453299,0.008611825192802057,0.009383033419023136,0.00360968294772922,0.0007819194515852613,2.1422450728363323e-05,0.005623393316195373,7.497857754927163e-05,0.0022386461011139674,0.0018851756640959727,0.0,0.0,0.000599828620394173,0.0,0.0,0.0,0.0,0.0,0.0,0.0,0.0,0.0,0.0,0.0,0.0,0.0,0.0,0.0,0.0,0.0,0.0,0.0,0.0,0.0,0.0,0.0,0.0,0.0,0.0,0.0,0.0,0.0,0.0,0.0,0.0,nan,nan,4.32776478449716,2.87711703872644,nan,0.872235515441611,0.03458165472421855,0.0,0.0,0.0,0.0,0.0,0.0,0.0,0.0,0.0,0.0,0.0,0.0,0.0,0.0,0.0,0.0,0.0,0.0,0.0,0.0,0.0,0.02547770700636943,0.15286624203821658,0.6114649681528643,2.611464968152867,9.286624203821658,11.770700636942678,4.407643312101912,0.8789808917197454,0.2547770700636943,0.8736075809442064,0.03493120616406639,0.0,0.0,0.0,0.0,0.0,0.0,0.0,0.0,0.0,0.0,0.0,0.0,0.0,0.0,0.0,0.0,0.0,0.0,0.0,0.0,0.0,0.03891050583657588,0.09079118028534373,0.4409857328145252,2.788586251621272,9.040207522697797,11.543450064850846,4.798962386511025,0.985732814526589,0.27237354085603116,0.4304,0.01624,0.0,0.0,0.0,0.0,0.0,0.0,0.0,0.0,0.0,0.0,0.0,0.917197452229298,16.5859872611465,12.063694267515926,0.4331210191082803,0.0,0.0,0.0,0.0,0.0,0.0,0.0,0.0,0.0,0.0,0.0,0.0,0.0,0.0,0.0,0.4312,0.01643,0.0,0.0,0.0,0.0,0.0,0.0,0.0,0.0,0.0,0.0,0.0,0.8041504539559002,15.732814526588848,12.983138780804154,0.47989623865110254,0.0,0.0,0.0,0.0,0.0,0.0,0.0,0.0,0.0,0.0,0.0,0.0,0.0,0.0,0.0
46400,4859,2471,0.508540852027166,1129,1004,0.43897921383000615,1369,0.5634904301296563,0.47,2.940536013400335,3.106131890966628,6.684049079754601,2.0548140805354236,6649.800000000001,9.094947017729282e-13,6649.8,6649.8,6649.800000000002,1.8189894035458565e-12,6649.800000000001,9.094947017729282e-13,27.564931055772792,20.845437454208465,32.58128078817734,19.141077081949142,0.14179872401728752,0.10825272689853879,0.09466968512039514,0.08684914591479728,0.0753241407697057,0.07511833710640049,0.06606297592097139,0.06297592097139329,0.05577279275571105,0.05309734513274336,0.04795225355011319,0.0421897509775674,0.03045894216917061,0.026342868903066474,0.017081704054332167,0.009261164848734307,0.006791520889071825,0.8755532803420644,0.034950065372740896,0.0,0.0,0.0,0.0,0.0,0.0,0.0,0.0,0.0,0.0,0.0,0.0,0.0,0.0,0.0,0.0,0.0,0.0,0.0,0.0,0.0,0.03087054949578103,0.037044659394937236,0.4939287919324949,2.284420662687796,8.841325375591687,12.107429512245321,4.65527886396378,1.136036221444742,0.4136653632434658,4.388798436991208,2.868425597332947,3.8333333333333335,2.544056253745625,0.8734357224118316,4.384265279583875,2.8674555241891397,4.391163092917479,2.8684069039073163,1.001573311123696,0.4302,0.01636,0.0,0.0,0.0,0.0,0.0,0.0,0.0,0.0,0.0,0.0,0.0,0.9693352541675229,16.169993825890103,12.447005556698912,0.4136653632434658,0.0,0.0,0.0,0.0,0.0,0.0,0.0,0.0,0.0,0.0,0.0,0.0,0.0,0.0,0.0,nan,nan,4.387715307117322,2.867933481879683,nan,0.4302,0.08136,0.0,0.0,0.0,0.0,0.0,0.0,0.0,0.0,0.0,0.0,0.0,0.0,0.0,0.0,0.0,0.0,0.0,0.0,0.0,0.0,0.0,0.0,1.0290183165260341e-05,5.145091582630171e-05,0.000391026960279893,0.0037147561226589833,0.0034575015435274747,0.009178843383412225,0.01600123482197983,0.010146120600946697,0.009384647046717431,0.007635315908623173,0.04168553200246965,0.05550524799341428,0.04301296563078823,0.03768265075118337,0.018614941345955958,0.03578925704877547,0.047674418604651166,0.04141798724017288,0.03474994854908418,0.03341222473760033,0.02557110516567195,0.0451739040954929,0.01661864581189545,0.01715373533648899,0.04427865816011525,0.0720004116073266,0.06230705906565137,0.023615970364272484,0.0548260959045071,0.020631817246346985,0.020950812924470055,0.04971187487137271,0.019160321053714756,0.035943609796254376,0.010712080675036015,0.007100226384029636,0.009302325581395349,0.0034883720930232558,0.0013480139946491047,0.0,0.005844824037867874,3.0870549495781024e-05,0.0021197777320436303,0.0019242642519036839,0.0,0.0,0.0006688619057419222,0.0,0.0,0.0,0.0,0.0,0.0,0.0,0.0,0.0,0.0,0.0,0.0,0.0,0.0,0.0,0.0,0.0,0.0,0.0,0.0,0.0,0.0,0.0,0.0,0.0,0.0,0.0,0.0,0.0,0.0,0.0,0.0,nan,nan,4.387715307117322,2.867933481879683,nan,0.8748631405473383,0.034111763952281916,0.0,0.0,0.0,0.0,0.0,0.0,0.0,0.0,0.0,0.0,0.0,0.0,0.0,0.0,0.0,0.0,0.0,0.0,0.0,0.0,0.0,0.03642250101173614,0.024281667341157432,0.48563334682314707,2.185350060704169,8.911371914204777,12.541481181707814,4.516390125455282,0.983407527316876,0.31566167543504664,0.8762674074077127,0.03578283282156716,0.0,0.0,0.0,0.0,0.0,0.0,0.0,0.0,0.0,0.0,0.0,0.0,0.0,0.0,0.0,0.0,0.0,0.0,0.0,0.0,0.0,0.025125628140703522,0.050251256281407045,0.5025125628140689,2.3869346733668344,8.76884422110553,11.658291457286435,4.798994974874373,1.2939698492462315,0.5150753768844222,0.4302,0.01639,0.0,0.0,0.0,0.0,0.0,0.0,0.0,0.0,0.0,0.0,0.0,0.9591258599757169,16.208012950222585,12.444354512343184,0.3885066774585189,0.0,0.0,0.0,0.0,0.0,0.0,0.0,0.0,0.0,0.0,0.0,0.0,0.0,0.0,0.0,0.4302,0.01631,0.0,0.0,0.0,0.0,0.0,0.0,0.0,0.0,0.0,0.0,0.0,0.9798994974874359,16.130653266331663,12.449748743718596,0.43969849246231163,0.0,0.0,0.0,0.0,0.0,0.0,0.0,0.0,0.0,0.0,0.0,0.0,0.0,0.0,0.0
46500,4680,2449,0.5232905982905983,1140,960,0.44871794871794873,1345,0.5747863247863247,0.46199999999999997,3.0349619004930526,3.016113380592739,6.4296636085626915,1.993975837915917,6649.800000000002,1.8189894035458565e-12,6649.8,6649.8,6649.800000000001,9.094947017729282e-13,6649.800000000001,9.094947017729282e-13,29.163888888888888,21.297743235559615,34.10098459984852,19.4087017637845,0.1346153846153846,0.08867521367521368,0.09337606837606838,0.08226495726495726,0.07884615384615384,0.072008547008547,0.06581196581196581,0.06495726495726496,0.06388888888888888,0.05534188034188034,0.046794871794871795,0.04722222222222222,0.03547008547008547,0.03076923076923077,0.01987179487179487,0.013034188034188035,0.007051282051282051,0.8752384554117154,0.03567801377712496,0.0,0.0,0.0,0.0,0.0,0.0,0.0,0.0,0.0,0.0,0.0,0.0,0.0,0.0,0.0,0.0,0.0,0.0,0.0,0.0,0.0,0.025641025641025647,0.09615384615384617,0.5833333333333315,2.134615384615385,9.025641025641027,11.820512820512823,4.7435897435897445,1.1602564102564104,0.41025641025641035,4.192468619246862,2.7669310129942843,3.6666666666666665,2.6246692913372702,0.8745841650033267,4.132522407170295,2.701728931637757,4.251937984496124,2.829767955768207,1.028896534745615,0.43,0.01624,0.0,0.0,0.0,0.0,0.0,0.0,0.0,0.0,0.0,0.0,0.0,0.9871794871794858,16.53846153846154,12.153846153846157,0.32051282051282054,0.0,0.0,0.0,0.0,0.0,0.0,0.0,0.0,0.0,0.0,0.0,0.0,0.0,0.0,0.0,nan,nan,4.191961414790997,2.7668454552849164,nan,0.43,0.08167,0.0,0.0,0.0,0.0,0.0,0.0,0.0,0.0,0.0,0.0,0.0,0.0,0.0,0.0,0.0,0.0,0.0,0.0,0.0,0.0,0.0,0.0,0.0,6.41025641025641e-05,0.0005555555555555556,0.0037393162393162395,0.0037713675213675215,0.008664529914529914,0.016591880341880343,0.010833333333333334,0.008525641025641026,0.008557692307692308,0.04022435897435898,0.059027777777777776,0.0434508547008547,0.03889957264957265,0.01919871794871795,0.03485042735042735,0.04612179487179487,0.04108974358974359,0.03240384615384615,0.03307692307692308,0.02433760683760684,0.04746794871794872,0.018226495726495727,0.017553418803418805,0.045085470085470085,0.06820512820512821,0.05979700854700855,0.02346153846153846,0.05639957264957265,0.0194017094017094,0.021239316239316238,0.05028846153846154,0.01986111111111111,0.0356517094017094,0.010982905982905983,0.006474358974358974,0.010523504273504274,0.00375,0.0014423076923076924,1.0683760683760684e-05,0.005331196581196581,9.615384615384615e-05,0.002564102564102564,0.001858974358974359,0.0,0.0,0.0003418803418803419,0.0,0.0,0.0,0.0,0.0,0.0,0.0,0.0,0.0,0.0,0.0,0.0,0.0,0.0,0.0,0.0,0.0,0.0,0.0,0.0,0.0,0.0,0.0,0.0,0.0,0.0,0.0,0.0,0.0,0.0,0.0,0.0,nan,nan,4.191961414790997,2.7668454552849164,nan,0.8751193267708167,0.03591526509065489,0.0,0.0,0.0,0.0,0.0,0.0,0.0,0.0,0.0,0.0,0.0,0.0,0.0,0.0,0.0,0.0,0.0,0.0,0.0,0.0,0.0,0.024499795835034713,0.09799918334013885,0.6614944875459351,2.155982033483055,8.966925275622705,11.735402204981629,4.887709269089425,1.0044916292364232,0.46549612086565956,0.875369224592155,0.035415288468807676,0.0,0.0,0.0,0.0,0.0,0.0,0.0,0.0,0.0,0.0,0.0,0.0,0.0,0.0,0.0,0.0,0.0,0.0,0.0,0.0,0.0,0.026893769610040346,0.09412819363514122,0.49753473778574475,2.1111609143881673,9.090094128193638,11.913939937247875,4.585387718511879,1.331241595696997,0.34961900493052456,0.4297,0.01622,0.0,0.0,0.0,0.0,0.0,0.0,0.0,0.0,0.0,0.0,0.0,0.9677419354838694,16.904859126173953,11.82115149040425,0.3062474479379339,0.0,0.0,0.0,0.0,0.0,0.0,0.0,0.0,0.0,0.0,0.0,0.0,0.0,0.0,0.0,0.4302,0.01627,0.0,0.0,0.0,0.0,0.0,0.0,0.0,0.0,0.0,0.0,0.0,1.0085163603765113,16.13626176602421,12.519049753473782,0.3361721201255043,0.0,0.0,0.0,0.0,0.0,0.0,0.0,0.0,0.0,0.0,0.0,0.0,0.0,0.0,0.0
46600,4657,2384,0.511917543482929,1144,956,0.45093407773244576,1335,0.5733304702598239,0.45399999999999996,2.952485701715794,3.081876435722517,6.675895765472313,2.0721918942183306,6649.800000000001,9.094947017729282e-13,6649.8,6649.8,6649.800000000001,9.094947017729282e-13,6649.800000000001,9.094947017729282e-13,27.57096843461456,20.58652946443967,32.400408580183864,18.88936229745901,0.13850118101782263,0.09856130556152029,0.09641400042946102,0.09190465965213657,0.08202705604466394,0.08073867296542839,0.06721065063345501,0.06441915396177797,0.05196478419583423,0.05432681984109942,0.04681125187889199,0.03886622289027271,0.02855915825638823,0.02619712261112304,0.018896285162121537,0.008159759501825209,0.006441915396177797,0.8767251452842648,0.03434959413040344,0.0,0.0,0.0,0.0,0.0,0.0,0.0,0.0,0.0,0.0,0.0,0.0,0.0,0.0,0.0,0.0,0.0,0.0,0.0,0.0,0.0,0.0,0.03865149237706679,0.4638179085247999,2.3448572042087186,8.174790637749625,12.381361391453728,5.159974232338416,1.0757998711616923,0.3607472621859567,4.3438959306204135,2.907309649505683,nan,nan,nan,4.390781563126253,2.929634911009283,4.293333333333333,2.881311429810314,0.9778061767838124,0.429,0.01668,0.0,0.0,0.0,0.0,0.0,0.0,0.0,0.0,0.0,0.0,0.0,1.1724286021043573,16.96800515353232,11.505260897573548,0.35430534678977893,0.0,0.0,0.0,0.0,0.0,0.0,0.0,0.0,0.0,0.0,0.0,0.0,0.0,0.0,0.0,nan,nan,4.3438959306204135,2.907309649505683,nan,0.429,0.08203,0.0,0.0,0.0,0.0,0.0,0.0,0.0,0.0,0.0,0.0,0.0,0.0,0.0,0.0,0.0,0.0,0.0,0.0,0.0,0.0,0.0,0.0,0.0,6.441915396177797e-05,0.00047240712905303843,0.0038866222890272706,0.003403478634313936,0.008739531887481212,0.016802662658363752,0.011327034571612627,0.008041657719561949,0.010242645479922697,0.04405196478419583,0.06130556152029203,0.043171569680051536,0.03719132488726648,0.020184668241357097,0.03399184024049817,0.04783122181662014,0.041743611767232125,0.03138286450504617,0.030362894567318017,0.023695512132273996,0.047176293751342066,0.01642688426025338,0.018284303199484646,0.04499677904230191,0.0681447283659008,0.05640970581919691,0.025359673609619927,0.05648486149881898,0.021236847756066136,0.022299763796435473,0.048754563023405625,0.01809104573759931,0.03701954047670174,0.008557010951256173,0.007268627872020614,0.010188962851621216,0.0034786343139360104,0.001599742323384153,4.294610264118531e-05,0.005325316727506978,0.0,0.0025660296328108225,0.0022117242860210436,0.0,0.0,0.00018252093622503758,0.0,0.0,0.0,0.0,0.0,0.0,0.0,0.0,0.0,0.0,0.0,0.0,0.0,0.0,0.0,0.0,0.0,0.0,0.0,0.0,0.0,0.0,0.0,0.0,0.0,0.0,0.0,0.0,0.0,0.0,0.0,0.0,nan,nan,4.3438959306204135,2.907309649505683,nan,0.8776573768298098,0.03446417248131934,0.0,0.0,0.0,0.0,0.0,0.0,0.0,0.0,0.0,0.0,0.0,0.0,0.0,0.0,0.0,0.0,0.0,0.0,0.0,0.0,0.0,0.0,0.025167785234899334,0.4656040268456362,2.302852348993289,7.676174496644297,12.885906040268459,5.083892617449665,1.13255033557047,0.42785234899328867,0.8757473890130025,0.03420171794467356,0.0,0.0,0.0,0.0,0.0,0.0,0.0,0.0,0.0,0.0,0.0,0.0,0.0,0.0,0.0,0.0,0.0,0.0,0.0,0.0,0.0,0.0,0.05279366476022879,0.46194456665200034,2.3889133304003525,8.697756269247693,11.852177738671363,5.239771227452707,1.0162780466344041,0.2903651561812583,0.429,0.0164,0.0,0.0,0.0,0.0,0.0,0.0,0.0,0.0,0.0,0.0,0.0,1.170302013422817,17.0008389261745,11.526845637583895,0.302013422818792,0.0,0.0,0.0,0.0,0.0,0.0,0.0,0.0,0.0,0.0,0.0,0.0,0.0,0.0,0.0,0.429,0.01695,0.0,0.0,0.0,0.0,0.0,0.0,0.0,0.0,0.0,0.0,0.0,1.1746590409150885,16.93356797184338,11.482622085349762,0.4091509018917731,0.0,0.0,0.0,0.0,0.0,0.0,0.0,0.0,0.0,0.0,0.0,0.0,0.0,0.0,0.0
46700,4807,2431,0.505720823798627,1102,996,0.4364468483461618,1335,0.5554399833576035,0.486,2.912037037037037,3.0894776168077676,6.65210355987055,2.025805311671482,6649.800000000002,1.8189894035458565e-12,6649.8,6649.8,6649.800000000002,1.8189894035458565e-12,6649.800000000001,9.094947017729282e-13,26.882047014770126,20.72365712830776,32.09786163522013,19.01401622586504,0.15123777824006657,0.10630330767630539,0.09694195964218848,0.09028500104014978,0.07905138339920949,0.06719367588932806,0.07197836488454337,0.05928853754940711,0.0611608071562305,0.049303099646349074,0.043478260869565216,0.03786145204909507,0.03037237362180154,0.022051175369253172,0.01747451633035157,0.009153318077803204,0.006864988558352402,0.8757065152065506,0.033895354371358884,0.0,0.0,0.0,0.0,0.0,0.0,0.0,0.0,0.0,0.0,0.0,0.0,0.0,0.0,0.0,0.0,0.0,0.0,0.0,0.0,0.0,0.0,0.04992718951529022,0.5179945912211342,2.2217599334304143,8.743499063865197,12.169752444351989,4.936550863324319,1.0547118785105056,0.3058040357811525,4.514897890860395,2.9097625550034847,nan,nan,nan,4.450600801068091,2.905825425139624,4.577956989247312,2.9125881994637437,1.0286155047086356,0.4292,0.01627,0.0,0.0,0.0,0.0,0.0,0.0,0.0,0.0,0.0,0.0,0.0,0.9985437903058025,17.12502600374454,11.458289993759104,0.4181402121905555,0.0,0.0,0.0,0.0,0.0,0.0,0.0,0.0,0.0,0.0,0.0,0.0,0.0,0.0,0.0,nan,nan,4.514897890860395,2.9097625550034847,nan,0.4292,0.08234,0.0,0.0,0.0,0.0,0.0,0.0,0.0,0.0,0.0,0.0,0.0,0.0,0.0,0.0,0.0,0.0,0.0,0.0,0.0,0.0,0.0,0.0,1.040149781568546e-05,0.0,0.00034324942791762013,0.0038381526939879345,0.0031204493447056377,0.008758061160807157,0.017786561264822136,0.012970667776159767,0.007967547326815061,0.009912627418348242,0.040753068441855625,0.06543582275847722,0.04152277928021635,0.03698772623257749,0.02052215519034741,0.03300395256916996,0.04617224880382775,0.04271895152902018,0.03241106719367589,0.030902850010401498,0.022810484709798212,0.04425837320574163,0.017058456417724153,0.01836904514250052,0.047358019554815896,0.06551903474100271,0.055013521947160395,0.026253380486790098,0.05690659454961514,0.022165591845225714,0.023757021011025586,0.04862700228832952,0.017328895360931976,0.03785105055127939,0.008789265654254213,0.0071354275015602245,0.009122113584356148,0.003806948200540878,0.001539421676721448,0.0,0.006168088204701477,0.0,0.002080299563137092,0.0028396089036821304,0.0,1.040149781568546e-05,9.361348034116913e-05,0.0,0.0,0.0,0.0,0.0,0.0,0.0,0.0,0.0,0.0,0.0,0.0,0.0,0.0,0.0,0.0,0.0,0.0,0.0,0.0,0.0,0.0,0.0,0.0,0.0,0.0,0.0,0.0,0.0,0.0,0.0,0.0,nan,nan,4.514897890860395,2.9097625550034847,nan,0.8756934270501774,0.033945170692853556,0.0,0.0,0.0,0.0,0.0,0.0,0.0,0.0,0.0,0.0,0.0,0.0,0.0,0.0,0.0,0.0,0.0,0.0,0.0,0.0,0.0,0.0,0.03702180172768409,0.5059646236116808,2.3323735088440976,8.650761003702181,12.204853969559855,4.948580830933773,0.9872480460715757,0.3331962155491568,0.8757199063295066,0.03384430376422345,0.0,0.0,0.0,0.0,0.0,0.0,0.0,0.0,0.0,0.0,0.0,0.0,0.0,0.0,0.0,0.0,0.0,0.0,0.0,0.0,0.0,0.0,0.06313131313131315,0.5303030303030287,2.108585858585859,8.83838383838384,12.133838383838388,4.924242424242425,1.123737373737374,0.27777777777777785,0.4292,0.01631,0.0,0.0,0.0,0.0,0.0,0.0,0.0,0.0,0.0,0.0,0.0,0.9625668449197848,16.918963389551628,11.748251748251752,0.3702180172768409,0.0,0.0,0.0,0.0,0.0,0.0,0.0,0.0,0.0,0.0,0.0,0.0,0.0,0.0,0.0,0.429,0.0162,0.0,0.0,0.0,0.0,0.0,0.0,0.0,0.0,0.0,0.0,0.0,1.035353535353534,17.33585858585859,11.161616161616164,0.4671717171717173,0.0,0.0,0.0,0.0,0.0,0.0,0.0,0.0,0.0,0.0,0.0,0.0,0.0,0.0,0.0
46800,4876,2494,0.5114848236259228,1216,1004,0.4552912223133716,1414,0.5799835931091059,0.43399999999999994,3.029806884970613,3.056347657556071,6.482142857142857,2.017018205453361,6649.800000000001,9.094947017729282e-13,6649.8,6649.8,6649.800000000002,1.8189894035458565e-12,6649.8,0.0,28.562961443806397,20.929418041315536,33.335268505079824,19.142144666456094,0.1320754716981132,0.09536505332239541,0.0918785890073831,0.08367514356029532,0.08264971287940935,0.07875307629204266,0.06870385561936013,0.06378178835110747,0.06296144380639869,0.05332239540607055,0.049835931091058244,0.043888433141919606,0.03158326497128794,0.02317473338802297,0.018457752255947497,0.010869565217391304,0.009023789991796555,0.8769299556257492,0.03448173487691258,0.0,0.0,0.0,0.0,0.0,0.0,0.0,0.0,0.0,0.0,0.0,0.0,0.0,0.0,0.0,0.0,0.0,0.0,0.0,0.0,0.0,0.012305168170631669,0.07998359310910584,0.37530762920426464,2.1349466776045944,8.681296144380642,11.929860541427402,5.22969647251846,1.1936013125512717,0.3630024610336342,4.183648188293589,2.8248168364140525,4.333333333333333,2.0548046676563256,1.0357786167246525,4.181931464174455,2.848498102647377,4.185617701290719,2.800028915274594,1.0008814676060198,0.43,0.01717,0.0,0.0,0.0,0.0,0.0,0.0,0.0,0.0,0.0,0.0,0.0,1.113617719442164,16.07054963084496,12.323625922887615,0.4922067268252667,0.0,0.0,0.0,0.0,0.0,0.0,0.0,0.0,0.0,0.0,0.0,0.0,0.0,0.0,0.0,nan,nan,4.183787128712871,2.8242031232576896,nan,0.43,0.0826,0.0,0.0,0.0,0.0,0.0,0.0,0.0,0.0,0.0,0.0,0.0,0.0,0.0,0.0,0.0,0.0,0.0,0.0,0.0,0.0,0.0,0.0,0.0,0.0,0.00036915504511894994,0.0042247744052502055,0.00331214109926169,0.008408531583264971,0.01731952420016407,0.013422887612797375,0.007916324856439705,0.010418375717801477,0.0411402789171452,0.06292042657916325,0.042145200984413454,0.03599261689909762,0.019534454470877767,0.032239540607054966,0.046482772764561114,0.04138638228055783,0.031173092698933553,0.02941960623461854,0.022918375717801476,0.04147867104183757,0.01768867924528302,0.01869360131255127,0.04886177194421657,0.06642739950779328,0.057936833470057424,0.025943396226415096,0.05737284659557014,0.02275430680885972,0.02606644790812141,0.0493129614438064,0.018119360131255126,0.037264150943396225,0.00843929450369155,0.006901148482362592,0.008275225594749795,0.004450369155045119,0.001322805578342904,0.0,0.007085726004922068,0.0,0.0018970467596390484,0.002727645611156686,5.127153404429861e-05,2.0508613617719442e-05,0.00016406890894175554,0.0,0.0,0.0,0.0,0.0,0.0,0.0,0.0,0.0,0.0,0.0,0.0,0.0,0.0,0.0,0.0,0.0,0.0,0.0,0.0,0.0,0.0,0.0,0.0,0.0,0.0,0.0,0.0,0.0,0.0,0.0,0.0,nan,nan,4.183787128712871,2.8242031232576896,nan,0.8767547701823778,0.034834946010066384,0.0,0.0,0.0,0.0,0.0,0.0,0.0,0.0,0.0,0.0,0.0,0.0,0.0,0.0,0.0,0.0,0.0,0.0,0.0,0.0,0.0,0.012028869286287092,0.10825982357658383,0.3849238171611857,2.129109863672815,8.696872493985566,11.812349639133924,5.220529270248598,1.2870890136327189,0.34883720930232565,0.8771133781680532,0.03410703221066138,0.0,0.0,0.0,0.0,0.0,0.0,0.0,0.0,0.0,0.0,0.0,0.0,0.0,0.0,0.0,0.0,0.0,0.0,0.0,0.0,0.0,0.012594458438287156,0.050377833753148624,0.3652392947103263,2.1410579345088165,8.664987405541563,12.052896725440808,5.239294710327457,1.0957178841309825,0.3778337531486147,0.4304,0.01697,0.0,0.0,0.0,0.0,0.0,0.0,0.0,0.0,0.0,0.0,0.0,1.022453889334401,15.938251804330395,12.594226142742585,0.4450681635926224,0.0,0.0,0.0,0.0,0.0,0.0,0.0,0.0,0.0,0.0,0.0,0.0,0.0,0.0,0.0,0.4297,0.01738,0.0,0.0,0.0,0.0,0.0,0.0,0.0,0.0,0.0,0.0,0.0,1.209068010075565,16.20906801007557,12.040302267002522,0.5415617128463477,0.0,0.0,0.0,0.0,0.0,0.0,0.0,0.0,0.0,0.0,0.0,0.0,0.0,0.0,0.0
46900,4689,2391,0.5099168266154831,1157,965,0.4525485178076349,1311,0.5591810620601407,0.474,3.012619669277633,3.136483012448241,6.807874015748031,2.0484527019965446,6649.800000000001,9.094947017729282e-13,6649.8,6649.8,6649.800000000001,9.094947017729282e-13,6649.800000000001,9.094947017729282e-13,27.26466197483472,20.593738343620377,32.30051150895141,18.85077962105225,0.14672638089144807,0.09788867562380038,0.09404990403071017,0.08743868628705481,0.08701215611004479,0.07613563659628919,0.06845809341010876,0.06355299637449349,0.05864789933887823,0.050117295798677755,0.048837705267647684,0.03390914907229686,0.02836425677116656,0.025165280443591384,0.016847941991895928,0.011729579867775645,0.005118362124120281,0.8799979329541386,0.03428778108450967,0.0,0.0,0.0,0.0,0.0,0.0,0.0,0.0,0.0,0.0,0.0,0.0,0.0,0.0,0.0,0.0,0.0,0.0,0.0,0.0,0.0,0.006397952655150353,0.05118362124120283,0.35188739603326824,1.8618042226487528,7.664747280870123,12.706333973128602,5.527831094049906,1.4331413947536793,0.3966730646193219,4.386622073578596,2.9390158798688812,3.6666666666666665,2.494438257849294,0.8358747585646029,4.388625592417061,2.9141320861983653,4.3834983498349835,2.963383520059625,0.9988316974246021,0.4304,0.01675,0.0,0.0,0.0,0.0,0.0,0.0,0.0,0.0,0.0,0.0,0.0,1.0236724248240547,15.815738963531674,12.731925783749203,0.42866282789507365,0.0,0.0,0.0,0.0,0.0,0.0,0.0,0.0,0.0,0.0,0.0,0.0,0.0,0.0,0.0,nan,nan,4.3859004343468095,2.938692247878503,nan,0.4307,0.08276,0.0,0.0,0.0,0.0,0.0,0.0,0.0,0.0,0.0,0.0,0.0,0.0,0.0,0.0,0.0,0.0,0.0,0.0,0.0,0.0,0.0,0.0,1.0663254425250586e-05,1.0663254425250586e-05,0.0005438259756877799,0.004307954787801237,0.0032629558541266796,0.008338664960545958,0.01804222648752399,0.013680955427596503,0.007698869695030923,0.010972488803582854,0.04143740669652378,0.06134570270846662,0.038590317764981875,0.033024098955001066,0.018809980806142036,0.03506078055022393,0.04745148219236511,0.04220516101514182,0.030944764342077203,0.031211345702708466,0.020761356365962894,0.04239709959479633,0.01727447216890595,0.0199829387929196,0.05076775431861804,0.06636809554275964,0.05700575815738963,0.0245361484325016,0.05859458306675197,0.022851354233312006,0.027543186180422265,0.048144593730006395,0.018170185540627,0.03515674984005118,0.0076029004052036685,0.007400298571123907,0.009170398805715504,0.003838771593090211,0.0022606099381531244,1.0663254425250586e-05,0.007848155256984431,1.0663254425250586e-05,0.001620814672638089,0.0034762209426316914,0.0,6.397952655150352e-05,0.00019193857965451057,0.0,0.0,0.0,0.0,0.0,0.0,0.0,0.0,0.0,0.0,0.0,0.0,0.0,0.0,0.0,0.0,0.0,0.0,0.0,0.0,0.0,0.0,0.0,0.0,0.0,0.0,0.0,0.0,0.0,0.0,0.0,0.0,nan,nan,4.3859004343468095,2.938692247878503,nan,0.880262405241149,0.03436573983474958,0.0,0.0,0.0,0.0,0.0,0.0,0.0,0.0,0.0,0.0,0.0,0.0,0.0,0.0,0.0,0.0,0.0,0.0,0.0,0.0,0.0,0.012547051442910918,0.05018820577164367,0.4015056461731481,1.7565872020075286,7.603513174404017,12.735257214554583,5.5583437892095375,1.4930991217063994,0.38895859473023847,0.8797227574805782,0.034204308063543895,0.0,0.0,0.0,0.0,0.0,0.0,0.0,0.0,0.0,0.0,0.0,0.0,0.0,0.0,0.0,0.0,0.0,0.0,0.0,0.0,0.0,0.0,0.052219321148825076,0.3002610966057432,1.9712793733681466,7.728459530026111,12.676240208877287,5.4960835509138395,1.3707571801566583,0.40469973890339433,0.4304,0.01639,0.0,0.0,0.0,0.0,0.0,0.0,0.0,0.0,0.0,0.0,0.0,0.9284818067754065,15.934755332496866,12.747804265997493,0.38895859473023847,0.0,0.0,0.0,0.0,0.0,0.0,0.0,0.0,0.0,0.0,0.0,0.0,0.0,0.0,0.0,0.4307,0.01715,0.0,0.0,0.0,0.0,0.0,0.0,0.0,0.0,0.0,0.0,0.0,1.1227154046997374,15.691906005221936,12.715404699738906,0.46997389033942566,0.0,0.0,0.0,0.0,0.0,0.0,0.0,0.0,0.0,0.0,0.0,0.0,0.0,0.0,0.0
47000,4842,2461,0.5082610491532424,1179,1017,0.45353159851301117,1387,0.5729037587773648,0.43399999999999994,2.859722805543889,2.946046220172907,6.325757575757576,2.0139521379510885,6649.800000000002,1.8189894035458565e-12,6649.8,6649.8,6649.800000000001,9.094947017729282e-13,6649.800000000001,9.094947017729282e-13,28.24700536968195,20.975382305503082,33.19371470660447,19.192514289109177,0.1369268897149938,0.09892606361007848,0.08570838496489054,0.09334985543163982,0.0848822800495663,0.06939281288723669,0.07042544403139199,0.061957868649318466,0.05885997521685254,0.055762081784386616,0.04543577034283354,0.03738124741842214,0.03510945890128046,0.02932672449401074,0.0187938868236266,0.011358942585708385,0.006402313093762908,0.878899706476043,0.03539129240155428,0.0,0.0,0.0,0.0,0.0,0.0,0.0,0.0,0.0,0.0,0.0,0.0,0.0,0.0,0.0,0.0,0.0,0.0,0.0,0.0,0.0,0.0061957868649318475,0.04956629491945478,0.359355638166046,2.106567534076828,8.054522924411401,12.075588599752171,5.477075588599754,1.3692688971499385,0.5018587360594796,4.174668351231838,2.7569706292349085,0.0,0.0,0.0,4.171646535282899,2.775752726953738,4.175031367628607,2.7394334750795117,1.0008113900152087,0.4312,0.01677,0.0,0.0,0.0,0.0,0.0,0.0,0.0,0.0,0.0,0.0,0.0,1.0099132589838895,15.563816604708801,12.949194547707561,0.47707558859975224,0.0,0.0,0.0,0.0,0.0,0.0,0.0,0.0,0.0,0.0,0.0,0.0,0.0,0.0,0.0,nan,nan,4.17335017366593,2.7575329988144848,nan,0.4312,0.083,0.0,0.0,0.0,0.0,0.0,0.0,0.0,0.0,0.0,0.0,0.0,0.0,0.0,0.0,0.0,0.0,0.0,0.0,0.0,0.0,0.0,0.0,0.0,0.0,0.00053696819496076,0.003769103676166873,0.0037897562990499793,0.008581164807930607,0.01748244527054936,0.015417182982238745,0.007465923172242875,0.01137959520859149,0.04037587773647253,0.06205080545229244,0.03635894258570838,0.032982238744320526,0.017792234613795952,0.03411813300289137,0.04694341181330029,0.04200743494423792,0.030493597686906238,0.03063816604708798,0.020363486162742667,0.04230689797604296,0.01767864518793887,0.021427096241222635,0.05122883106154481,0.06698678232135481,0.056226765799256506,0.025650557620817842,0.054812061131763734,0.024793473771168938,0.026941346551011977,0.05122883106154481,0.01831887649731516,0.03664807930607187,0.008374638579099546,0.0067327550598926065,0.008612143742255267,0.0035522511358942587,0.0025919041718298224,1.0326311441553078e-05,0.007166460140437835,1.0326311441553078e-05,0.0015076414704667492,0.004399008674101611,3.0978934324659233e-05,1.0326311441553078e-05,0.00016522098306484924,2.0652622883106156e-05,0.0,2.0652622883106156e-05,0.0,0.0,0.0,0.0,0.0,0.0,0.0,0.0,0.0,0.0,0.0,0.0,0.0,0.0,0.0,0.0,0.0,0.0,0.0,0.0,0.0,0.0,0.0,0.0,0.0,0.0,0.0,0.0,0.0,nan,nan,4.17335017366593,2.7575329988144848,nan,0.8787456083375232,0.03589139769928493,0.0,0.0,0.0,0.0,0.0,0.0,0.0,0.0,0.0,0.0,0.0,0.0,0.0,0.0,0.0,0.0,0.0,0.0,0.0,0.0,0.0,0.0,0.07314099959366112,0.42665583096302184,2.1698496546119466,7.887037789516458,11.934173100365708,5.692807801706625,1.328728159284844,0.4876066639577408,0.879058982208465,0.03486613022127644,0.0,0.0,0.0,0.0,0.0,0.0,0.0,0.0,0.0,0.0,0.0,0.0,0.0,0.0,0.0,0.0,0.0,0.0,0.0,0.0,0.0,0.012599748005039902,0.025199496010079803,0.2897942041159168,2.041159176816464,8.227635447291055,12.221755564888705,5.254094918101639,1.4111717765644691,0.516589668206636,0.4316,0.01663,0.0,0.0,0.0,0.0,0.0,0.0,0.0,0.0,0.0,0.0,0.0,0.9142624949207626,15.323039414872007,13.275091426249496,0.4876066639577408,0.0,0.0,0.0,0.0,0.0,0.0,0.0,0.0,0.0,0.0,0.0,0.0,0.0,0.0,0.0,0.4307,0.01689,0.0,0.0,0.0,0.0,0.0,0.0,0.0,0.0,0.0,0.0,0.0,1.1087778244435096,15.812683746325076,12.612347753044942,0.46619067618647636,0.0,0.0,0.0,0.0,0.0,0.0,0.0,0.0,0.0,0.0,0.0,0.0,0.0,0.0,0.0
47100,4968,2508,0.5048309178743962,1184,1055,0.4506843800322061,1461,0.5881642512077294,0.44599999999999995,2.9434959349593495,3.0257127047911694,6.454672245467225,2.0248721391448883,6649.800000000001,9.094947017729282e-13,6649.8,6649.8,6649.800000000002,1.8189894035458565e-12,6649.800000000001,9.094947017729282e-13,27.82487922705314,20.480862030844225,32.579022646007154,18.73258621789023,0.1358695652173913,0.09903381642512077,0.09198872785829308,0.08997584541062802,0.07749597423510467,0.07971014492753623,0.07105475040257649,0.06642512077294686,0.06038647342995169,0.05032206119162641,0.048107890499194846,0.04468599033816425,0.03280998389694042,0.022946859903381644,0.01469404186795491,0.008454106280193236,0.006038647342995169,0.8785969009937872,0.0351151216704235,0.0,0.0,0.0,0.0,0.0,0.0,0.0,0.0,0.0,0.0,0.0,0.0,0.0,0.0,0.0,0.0,0.0,0.0,0.0,0.0,0.0,0.006038647342995171,0.09661835748792273,0.44685990338164117,2.1678743961352662,7.475845410628021,12.681159420289857,5.47705314009662,1.1896135265700485,0.45893719806763295,4.284031007751938,2.786447133348396,3.8,2.993325909419153,0.8870150550086855,4.3351851851851855,2.784990019757861,4.231055900621118,2.787733468480274,0.9759804298741578,0.4316,0.01688,0.0,0.0,0.0,0.0,0.0,0.0,0.0,0.0,0.0,0.0,0.0,0.9118357487922693,15.205314009661839,13.363526570048313,0.5193236714975846,0.0,0.0,0.0,0.0,0.0,0.0,0.0,0.0,0.0,0.0,0.0,0.0,0.0,0.0,0.0,nan,nan,4.28328173374613,2.786844216193646,nan,0.4316,0.08295,0.0,0.0,0.0,0.0,0.0,0.0,0.0,0.0,0.0,0.0,0.0,0.0,0.0,0.0,0.0,0.0,0.0,0.0,0.0,0.0,0.0,0.0,1.0064412238325282e-05,1.0064412238325282e-05,0.000503220611916264,0.004106280193236715,0.004629629629629629,0.008031400966183575,0.01749194847020934,0.01465378421900161,0.007799919484702093,0.010446859903381643,0.038244766505636074,0.06298309178743962,0.03501409017713365,0.0319645732689211,0.017310789049919485,0.032105475040257646,0.04772544283413849,0.04334742351046699,0.03148148148148148,0.0329609500805153,0.02214170692431562,0.041676731078904995,0.019585346215780997,0.02048107890499195,0.050724637681159424,0.06638486312399355,0.057014895330112725,0.025281803542673106,0.05556561996779388,0.025805152979066024,0.026076892109500805,0.05125805152979066,0.017270531400966183,0.03528582930756844,0.008222624798711756,0.007135668276972625,0.009027777777777777,0.0034420289855072463,0.0024154589371980675,5.032206119162641e-05,0.007437600644122383,0.0,0.0015901771336553946,0.0051529790660225444,2.0128824476650564e-05,0.0,5.032206119162641e-05,6.038647342995169e-05,0.0,0.0,2.0128824476650564e-05,0.0,0.0,0.0,0.0,0.0,0.0,0.0,0.0,0.0,0.0,0.0,0.0,0.0,0.0,0.0,0.0,0.0,0.0,0.0,0.0,0.0,0.0,0.0,0.0,0.0,0.0,0.0,0.0,nan,nan,4.28328173374613,2.786844216193646,nan,0.878468732989766,0.035592295144612436,0.0,0.0,0.0,0.0,0.0,0.0,0.0,0.0,0.0,0.0,0.0,0.0,0.0,0.0,0.0,0.0,0.0,0.0,0.0,0.0,0.0,0.011961722488038281,0.10765550239234452,0.4425837320574149,2.141148325358852,7.703349282296652,12.476076555023926,5.4665071770334945,1.1004784688995217,0.5502392344497609,0.8787275698369111,0.03462137935730074,0.0,0.0,0.0,0.0,0.0,0.0,0.0,0.0,0.0,0.0,0.0,0.0,0.0,0.0,0.0,0.0,0.0,0.0,0.0,0.0,0.0,0.0,0.0853658536585366,0.4512195121951206,2.1951219512195124,7.243902439024391,12.890243902439027,5.487804878048782,1.2804878048780493,0.36585365853658547,0.4314,0.0167,0.0,0.0,0.0,0.0,0.0,0.0,0.0,0.0,0.0,0.0,0.0,0.9090909090909078,15.29904306220096,13.337320574162682,0.45454545454545464,0.0,0.0,0.0,0.0,0.0,0.0,0.0,0.0,0.0,0.0,0.0,0.0,0.0,0.0,0.0,0.432,0.01706,0.0,0.0,0.0,0.0,0.0,0.0,0.0,0.0,0.0,0.0,0.0,0.9146341463414621,15.109756097560979,13.390243902439027,0.5853658536585367,0.0,0.0,0.0,0.0,0.0,0.0,0.0,0.0,0.0,0.0,0.0,0.0,0.0,0.0,0.0
47200,4807,2487,0.5173705013521948,1169,955,0.4418556272103183,1339,0.5571042230081131,0.45799999999999996,2.931896551724138,3.0551849410111354,6.537267080745342,2.0308588238004748,6649.800000000002,1.8189894035458565e-12,6649.8,6649.8,6649.800000000001,9.094947017729282e-13,6649.800000000002,1.8189894035458565e-12,27.955481589348867,20.871238248673553,32.88140628868532,19.13002766097195,0.13896401081755771,0.10235073850634491,0.0950696900353651,0.08321198252548367,0.08113168296234657,0.07197836488454337,0.06740170584564177,0.0680257957145829,0.057208237986270026,0.05055127938423133,0.049303099646349074,0.03869357187434991,0.03494903266070314,0.026627834408154773,0.018930726024547536,0.01019346785937175,0.005408778864156439,0.8774900143771949,0.03484899523096961,0.0,0.0,0.0,0.0,0.0,0.0,0.0,0.0,0.0,0.0,0.0,0.0,0.0,0.0,0.0,0.0,0.0,0.0,0.0,0.0,0.0,0.0,0.09985437903058043,0.43686290825878793,2.0220511753692536,8.425213230705223,12.057416267942587,5.273559392552529,1.372997711670481,0.3120449344705638,4.288636363636364,2.8477835008596766,4.666666666666667,1.8856180831641267,1.0881469704999116,4.340579710144928,2.8600331094685436,4.241048593350383,2.8331844166617812,0.9770696258469997,0.4314,0.01639,0.0,0.0,0.0,0.0,0.0,0.0,0.0,0.0,0.0,0.0,0.0,0.8300395256916984,15.614728520907013,13.043478260869568,0.5117536925317246,0.0,0.0,0.0,0.0,0.0,0.0,0.0,0.0,0.0,0.0,0.0,0.0,0.0,0.0,0.0,nan,nan,4.2890042166720725,2.847029695530922,nan,0.4314,0.0825,0.0,0.0,0.0,0.0,0.0,0.0,0.0,0.0,0.0,0.0,0.0,0.0,0.0,0.0,0.0,0.0,0.0,0.0,0.0,0.0,0.0,3.1204493447056376e-05,1.040149781568546e-05,5.200748907842729e-05,0.00043686290825878924,0.0037237362180153944,0.004597462034532973,0.008258789265654255,0.01701685042646141,0.0145204909506969,0.007426669440399418,0.009569377990430622,0.03843353442895777,0.06211774495527356,0.03683170376534221,0.03351362596213855,0.017776159767006448,0.03169336384439359,0.04851258581235698,0.04482005408778864,0.030954857499479925,0.030674017058456418,0.021427085500312044,0.039286457249843976,0.020168504264614105,0.02175993343041398,0.05105055127938423,0.07118785105055128,0.05848762221759934,0.02698148533388808,0.05138339920948617,0.024017058456417724,0.026867068857915538,0.050696900353650924,0.017557728312877056,0.034252132307052215,0.008706053671728728,0.0069065945496151445,0.009132515082171833,0.003016434366548783,0.0018514666111920117,4.160599126274184e-05,0.00771791137923861,2.080299563137092e-05,0.0011961722488038277,0.005055127938423133,7.281048470979821e-05,0.0,0.00010401497815685458,7.281048470979821e-05,0.0,0.0,1.040149781568546e-05,0.0,0.0,0.0,0.0,0.0,0.0,0.0,0.0,0.0,0.0,0.0,0.0,0.0,0.0,0.0,0.0,0.0,0.0,0.0,0.0,0.0,0.0,0.0,0.0,0.0,0.0,0.0,0.0,nan,nan,4.2890042166720725,2.847029695530922,nan,0.8783221136004176,0.03577840369561508,0.0,0.0,0.0,0.0,0.0,0.0,0.0,0.0,0.0,0.0,0.0,0.0,0.0,0.0,0.0,0.0,0.0,0.0,0.0,0.0,0.0,0.0,0.14475271411338964,0.4221954161640518,2.0627261761158024,8.130277442702052,11.893848009650183,5.488540410132692,1.4354644149577809,0.42219541616405315,0.8765980183564384,0.03380159477441358,0.0,0.0,0.0,0.0,0.0,0.0,0.0,0.0,0.0,0.0,0.0,0.0,0.0,0.0,0.0,0.0,0.0,0.0,0.0,0.0,0.0,0.0,0.051724137931034496,0.4525862068965503,1.9784482758620694,8.74137931034483,12.232758620689658,5.043103448275863,1.306034482758621,0.19396551724137936,0.4316,0.0162,0.0,0.0,0.0,0.0,0.0,0.0,0.0,0.0,0.0,0.0,0.0,0.7599517490952944,15.765983112183356,12.991556091676722,0.48250904704463216,0.0,0.0,0.0,0.0,0.0,0.0,0.0,0.0,0.0,0.0,0.0,0.0,0.0,0.0,0.0,0.4312,0.01659,0.0,0.0,0.0,0.0,0.0,0.0,0.0,0.0,0.0,0.0,0.0,0.9051724137931021,15.452586206896555,13.099137931034486,0.5431034482758622,0.0,0.0,0.0,0.0,0.0,0.0,0.0,0.0,0.0,0.0,0.0,0.0,0.0,0.0,0.0
47300,4755,2409,0.5066246056782334,1108,984,0.43995793901156677,1371,0.5766561514195584,0.45799999999999996,3.0068201193520885,3.086552722038111,6.638426626323752,2.059105442892406,6649.800000000002,1.8189894035458565e-12,6649.8,6649.8,6649.800000000001,9.094947017729282e-13,6649.800000000001,9.094947017729282e-13,28.44563617245005,21.41656687936056,33.80166961801164,19.519231074262716,0.1470031545741325,0.09253417455310199,0.09022082018927445,0.08580441640378549,0.07907465825446898,0.07570977917981073,0.06267087276550999,0.0601472134595163,0.06077812828601472,0.05573080967402734,0.044794952681388014,0.03995793901156677,0.03722397476340694,0.025026288117770766,0.022082018927444796,0.011987381703470032,0.0092534174553102,0.8774649683860073,0.034529223352801855,0.0,0.0,0.0,0.0,0.0,0.0,0.0,0.0,0.0,0.0,0.0,0.0,0.0,0.0,0.0,0.0,0.0,0.0,0.0,0.0,0.0,0.006309148264984229,0.07570977917981074,0.4984227129337524,2.0630914826498428,8.113564668769717,12.441640378548898,5.205047318611989,1.2050473186119877,0.3911671924290222,4.377431906614786,2.841504350109768,nan,nan,nan,4.3979193758127435,2.858208963642379,4.357928802588996,2.8253436222745885,0.990906933527776,0.4304,0.0167,0.0,0.0,0.0,0.0,0.0,0.0,0.0,0.0,0.0,0.0,0.0,1.1671924290220803,15.621451104100949,12.776025236593062,0.42902208201892755,0.006309148264984229,0.0,0.0,0.0,0.0,0.0,0.0,0.0,0.0,0.0,0.0,0.0,0.0,0.0,0.0,nan,nan,4.377431906614786,2.841504350109768,nan,0.4304,0.0827,0.0,0.0,0.0,0.0,0.0,0.0,0.0,0.0,0.0,0.0,0.0,0.0,0.0,0.0,0.0,0.0,0.0,0.0,0.0,0.0,0.0,0.0,0.0,0.0,0.0002628811777076761,0.00426919032597266,0.0034279705573080966,0.008811777076761304,0.016719242902208203,0.015920084121976867,0.007097791798107256,0.010946372239747634,0.04,0.06177707676130389,0.03777076761303891,0.034458464773922184,0.017360672975814933,0.03176656151419558,0.04878023133543638,0.044143007360672976,0.03145110410094637,0.03293375394321767,0.022534174553102,0.03838065194532071,0.019726603575184017,0.01934805467928496,0.04853838065194532,0.07216614090431125,0.05886435331230284,0.025646687697160882,0.05213459516298633,0.024216614090431125,0.026182965299684544,0.05023133543638276,0.01801261829652997,0.0307465825446898,0.009211356466876972,0.00658254468980021,0.010094637223974764,0.002618296529968454,0.002103049421661409,7.360672975814932e-05,0.008864353312302838,0.00016824395373291274,0.0008307045215562566,0.0046267087276551,7.360672975814932e-05,0.0,1.0515247108307046e-05,0.00011566771819137749,0.0,0.0,0.0,0.0,0.0,0.0,0.0,0.0,0.0,0.0,0.0,0.0,0.0,0.0,0.0,0.0,0.0,0.0,0.0,0.0,0.0,0.0,0.0,0.0,0.0,0.0,0.0,0.0,0.0,0.0,0.0,nan,nan,4.377431906614786,2.841504350109768,nan,0.8778305408765588,0.035149793287663274,0.0,0.0,0.0,0.0,0.0,0.0,0.0,0.0,0.0,0.0,0.0,0.0,0.0,0.0,0.0,0.0,0.0,0.0,0.0,0.0,0.0,0.012453300124533004,0.06226650062266502,0.5728518057285162,2.1170610211706107,7.808219178082194,12.35367372353674,5.292652552926527,1.4072229140722294,0.37359900373599014,0.8770895787313873,0.033876056701775695,0.0,0.0,0.0,0.0,0.0,0.0,0.0,0.0,0.0,0.0,0.0,0.0,0.0,0.0,0.0,0.0,0.0,0.0,0.0,0.0,0.0,0.0,0.08951406649616371,0.42199488491048465,2.0076726342711,8.427109974424553,12.53196930946292,5.115089514066497,0.9974424552429669,0.4092071611253198,0.4304,0.01672,0.0,0.0,0.0,0.0,0.0,0.0,0.0,0.0,0.0,0.0,0.0,1.1332503113325014,15.890410958904113,12.540473225404735,0.4234122042341221,0.012453300124533004,0.0,0.0,0.0,0.0,0.0,0.0,0.0,0.0,0.0,0.0,0.0,0.0,0.0,0.0,0.4307,0.01666,0.0,0.0,0.0,0.0,0.0,0.0,0.0,0.0,0.0,0.0,0.0,1.2020460358056249,15.345268542199491,13.017902813299235,0.4347826086956523,0.0,0.0,0.0,0.0,0.0,0.0,0.0,0.0,0.0,0.0,0.0,0.0,0.0,0.0,0.0
47400,5034,2536,0.5037743345252285,1205,1041,0.4461660707191101,1430,0.5681366706396503,0.42199999999999993,2.9503602882305846,3.0444955300874423,6.4950911640953715,2.078485537726697,6649.800000000002,1.8189894035458565e-12,6649.8,6649.8,6649.800000000002,1.8189894035458565e-12,6649.800000000002,1.8189894035458565e-12,27.829558998808103,20.748985842983068,32.72796029307492,19.00571436476635,0.13885578069129917,0.10290027810885975,0.09296781883194279,0.08522050059594756,0.07906237584425904,0.0768772348033373,0.06992451330949544,0.0657528804131903,0.05601907032181168,0.05343663090981327,0.04926499801350814,0.03873659117997616,0.03317441398490266,0.02264600715137068,0.018871672626142234,0.009932459276916964,0.006356773937226857,0.8791026087758274,0.03549505791537255,0.0,0.0,0.0,0.0,0.0,0.0,0.0,0.0,0.0,0.0,0.0,0.0,0.0,0.0,0.0,0.0,0.0,0.0,0.0,0.0,0.0,0.02383790226460072,0.10131108462455306,0.3873659117997604,1.9010727056019074,8.170441001191897,12.085816448152565,5.488676996424316,1.3706793802145414,0.4707985697258642,4.290202177293935,2.8212833280225778,4.5,1.118033988749895,1.0489016167621257,4.29993738259236,2.8475489019049873,4.281134401972873,2.792208058174724,0.9956271501311605,0.4302,0.01659,0.0,0.0,0.0,0.0,0.0,0.0,0.0,0.0,0.0,0.0,0.0,0.9952324195470784,16.209773539928488,12.359952324195474,0.43504171632896316,0.0,0.0,0.0,0.0,0.0,0.0,0.0,0.0,0.0,0.0,0.0,0.0,0.0,0.0,0.0,nan,nan,4.290462876669773,2.8198150112781666,nan,0.4302,0.0832,0.0,0.0,0.0,0.0,0.0,0.0,0.0,0.0,0.0,0.0,0.0,0.0,0.0,0.0,0.0,0.0,0.0,0.0,0.0,0.0,0.0,0.0,9.932459276916964e-06,1.986491855383393e-05,0.00048669050456893125,0.004201430274135876,0.0037544696066746128,0.008283671036948749,0.01692491060786651,0.015305919745729042,0.008800158919348431,0.012495033770361541,0.038915375446960665,0.06130313865713151,0.039024632499006756,0.035508541914978146,0.018633293603496227,0.03322407628128725,0.04883790226460071,0.04082240762812873,0.03131704410011919,0.032389749702026224,0.023122765196662693,0.03648192292411601,0.020272149384187525,0.02006356773937227,0.04682161303138657,0.06966626936829559,0.06060786650774732,0.022924116011124353,0.052731426301152164,0.025665474771553436,0.026261422328168454,0.05367500993245928,0.017520858164481526,0.027334127930075485,0.008462455303933254,0.007359952324195471,0.010260230433055224,0.0027214938418752485,0.0020957489074294794,5.959475566150179e-05,0.00925705204608661,0.00012912197059992053,0.0014700039729837109,0.00432061978545888,0.0001688518077075884,1.986491855383393e-05,9.932459276916965e-05,0.0001688518077075884,0.0,0.0,0.0,0.0,0.0,0.0,0.0,0.0,0.0,0.0,0.0,0.0,0.0,0.0,0.0,0.0,0.0,0.0,0.0,0.0,0.0,0.0,0.0,0.0,0.0,0.0,0.0,0.0,0.0,0.0,0.0,nan,nan,4.290462876669773,2.8198150112781666,nan,0.8792052707085474,0.035536224939794206,0.0,0.0,0.0,0.0,0.0,0.0,0.0,0.0,0.0,0.0,0.0,0.0,0.0,0.0,0.0,0.0,0.0,0.0,0.0,0.0,0.0,0.035488958990536286,0.10646687697160885,0.3194006309148255,1.798107255520505,8.4108832807571,12.101735015772874,5.276025236593061,1.4787066246056786,0.47318611987381715,0.8789983851323613,0.03545291165584822,0.0,0.0,0.0,0.0,0.0,0.0,0.0,0.0,0.0,0.0,0.0,0.0,0.0,0.0,0.0,0.0,0.0,0.0,0.0,0.0,0.0,0.012009607686148923,0.09607686148919138,0.4563650920736575,2.00560448358687,7.926341072858288,12.069655724579667,5.704563650920738,1.261008807045637,0.46837469975980794,0.43,0.01672,0.0,0.0,0.0,0.0,0.0,0.0,0.0,0.0,0.0,0.0,0.0,1.100157728706623,16.348580441640383,12.042586750788647,0.5086750788643534,0.0,0.0,0.0,0.0,0.0,0.0,0.0,0.0,0.0,0.0,0.0,0.0,0.0,0.0,0.0,0.4304,0.01643,0.0,0.0,0.0,0.0,0.0,0.0,0.0,0.0,0.0,0.0,0.0,0.8887109687750188,16.068855084067255,12.682145716573261,0.3602882305844677,0.0,0.0,0.0,0.0,0.0,0.0,0.0,0.0,0.0,0.0,0.0,0.0,0.0,0.0,0.0
47500,4552,2367,0.5199912126537786,1102,930,0.44639718804920914,1312,0.5764499121265377,0.45799999999999996,3.0503432494279177,3.0346935381909956,6.4316109422492405,2.038915653018395,6649.800000000002,1.8189894035458565e-12,6649.8,6649.8,6649.8,0.0,6649.800000000002,1.8189894035458565e-12,28.352152899824254,21.048037465035105,33.44729942317777,19.18364664720607,0.14147627416520211,0.09556239015817224,0.09292618629173989,0.08391915641476275,0.07403339191564147,0.07447275922671354,0.07183655536028119,0.06612478031634446,0.059973637961335674,0.05162565905096661,0.046133567662565905,0.03954305799648506,0.03646748681898067,0.034050966608084356,0.014499121265377855,0.011203866432337435,0.006151142355008787,0.8788399544457769,0.03520612921176652,0.0,0.0,0.0,0.0,0.0,0.0,0.0,0.0,0.0,0.0,0.0,0.0,0.0,0.0,0.0,0.0,0.0,0.0,0.0,0.0,0.0065905096660808455,0.013181019332161691,0.0724956063268893,0.36247803163444525,2.0562390158172237,7.9547451669595794,12.376977152899828,5.443760984182778,1.2192442882249563,0.4942882249560634,4.329288843950118,2.79698937761967,1.75,2.0463381929681126,0.4042234332425068,4.3123745819398,2.729146664903015,4.3394308943089435,2.8654262207909347,1.0062741099723702,0.43,0.01656,0.0,0.0,0.0,0.0,0.0,0.0,0.0,0.0,0.0,0.0,0.0,1.153339191564146,16.107205623901585,12.39674868189807,0.34270650263620395,0.0,0.0,0.0,0.0,0.0,0.0,0.0,0.0,0.0,0.0,0.0,0.0,0.0,0.0,0.0,nan,nan,4.325816223493773,2.7977132735459933,nan,0.43,0.08386,0.0,0.0,0.0,0.0,0.0,0.0,0.0,0.0,0.0,0.0,0.0,0.0,0.0,0.0,0.0,0.0,0.0,0.0,0.0,0.0,0.0,0.0,0.0,1.0984182776801407e-05,0.0011423550087873461,0.0034929701230228473,0.0038224956063268893,0.008380931458699472,0.01733304042179262,0.016157732864674867,0.008875219683655537,0.014565026362038665,0.03710456942003515,0.06007249560632689,0.04306898066783831,0.03382029876977153,0.018145869947275923,0.03396309314586995,0.04978031634446397,0.04165202108963093,0.03029437609841828,0.03219463971880492,0.025648066783831282,0.037708699472759226,0.0195188927943761,0.01835456942003515,0.04702328646748682,0.06291739894551845,0.05831502636203866,0.022056239015817224,0.05438268892794376,0.026548769771528997,0.02523066783831283,0.05330623901581722,0.019266256590509664,0.028339191564147628,0.008886203866432338,0.007612038664323375,0.009644112478031635,0.002515377855887522,0.0018233743409490333,6.590509666080844e-05,0.009490333919156414,0.0001757469244288225,0.0015048330404217926,0.005448154657293498,0.00015377855887521968,3.295254833040422e-05,0.00012082601054481547,3.295254833040422e-05,0.0,0.0,0.0,0.0,0.0,0.0,0.0,0.0,0.0,0.0,0.0,0.0,0.0,0.0,0.0,0.0,0.0,0.0,0.0,0.0,0.0,0.0,0.0,0.0,0.0,0.0,0.0,0.0,0.0,0.0,0.0,nan,nan,4.325816223493773,2.7977132735459933,nan,0.8788558332085056,0.035967770089252143,0.0,0.0,0.0,0.0,0.0,0.0,0.0,0.0,0.0,0.0,0.0,0.0,0.0,0.0,0.0,0.0,0.0,0.0,0.0,0.0,0.0,0.012674271229404312,0.1140684410646388,0.4182509505703409,2.0659062103929027,7.908745247148291,12.19264892268695,5.449936628643854,1.2927756653992397,0.5449936628643854,0.8788227530584183,0.03436199454056761,0.0,0.0,0.0,0.0,0.0,0.0,0.0,0.0,0.0,0.0,0.0,0.0,0.0,0.0,0.0,0.0,0.0,0.0,0.0,0.0,0.013729977116704808,0.013729977116704808,0.027459954233409616,0.3020594965675048,2.0457665903890163,8.004576659038904,12.576659038901605,5.437070938215104,1.139588100686499,0.43935926773455386,0.4294,0.01675,0.0,0.0,0.0,0.0,0.0,0.0,0.0,0.0,0.0,0.0,0.0,1.2801013941698334,16.235741444866925,12.040557667934097,0.4435994930291509,0.0,0.0,0.0,0.0,0.0,0.0,0.0,0.0,0.0,0.0,0.0,0.0,0.0,0.0,0.0,0.4302,0.01634,0.0,0.0,0.0,0.0,0.0,0.0,0.0,0.0,0.0,0.0,0.0,1.0160183066361541,15.967963386727693,12.782608695652177,0.23340961098398175,0.0,0.0,0.0,0.0,0.0,0.0,0.0,0.0,0.0,0.0,0.0,0.0,0.0,0.0,0.0
47600,4485,2223,0.4956521739130435,1017,959,0.4405797101449275,1290,0.5752508361204013,0.46199999999999997,2.891688770999116,3.0494352906575193,6.5888,2.071259172580776,6649.800000000002,1.8189894035458565e-12,6649.8,6649.8,6649.800000000001,9.094947017729282e-13,6649.800000000001,9.094947017729282e-13,27.868004459308807,20.950149775514245,32.925866666666664,19.188964821364273,0.14202898550724638,0.09921962095875139,0.09319955406911928,0.08717948717948718,0.08405797101449275,0.07647714604236343,0.06644370122630992,0.05975473801560758,0.055741360089186176,0.050836120401337795,0.04771460423634337,0.04169453734671126,0.03411371237458194,0.025418060200668897,0.018060200668896322,0.01181716833890747,0.006243032329988852,0.8792971927319615,0.03442540948475883,0.0,0.0,0.0,0.0,0.0,0.0,0.0,0.0,0.0,0.0,0.0,0.0,0.0,0.0,0.0,0.0,0.0,0.0,0.0,0.0,0.0,0.0,0.020066889632107027,0.4280936454849485,1.953177257525084,7.719063545150504,12.58862876254181,5.785953177257527,1.076923076923077,0.42809364548494994,4.346246973365617,2.8469799141367513,nan,nan,nan,4.293379790940767,2.823678761428946,4.398351648351649,2.8688067603085066,1.0244497022211678,0.4297,0.01619,0.0,0.0,0.0,0.0,0.0,0.0,0.0,0.0,0.0,0.0,0.0,0.9030100334448148,16.949832775919734,11.79264214046823,0.3545150501672242,0.0,0.0,0.0,0.0,0.0,0.0,0.0,0.0,0.0,0.0,0.0,0.0,0.0,0.0,0.0,nan,nan,4.346246973365617,2.8469799141367513,nan,0.4297,0.08405,0.0,0.0,0.0,0.0,0.0,0.0,0.0,0.0,0.0,0.0,0.0,0.0,0.0,0.0,0.0,0.0,0.0,0.0,0.0,0.0,0.0,0.0,0.0,0.0,0.0014158305462653288,0.0034894091415830545,0.004035674470457079,0.009821627647714604,0.015696767001114827,0.015663322185061314,0.008784838350055741,0.014403567447045709,0.037201783723522855,0.06433667781493868,0.044370122630992194,0.0327536231884058,0.018461538461538463,0.03369007803790412,0.04652173913043478,0.03966555183946488,0.02910813823857302,0.032842809364548496,0.0273355629877369,0.03672240802675585,0.020813823857302117,0.018060200668896322,0.046833890746934226,0.06234113712374582,0.05928651059085842,0.02189520624303233,0.0573355629877369,0.02604236343366778,0.02346711259754738,0.05217391304347826,0.020022296544035676,0.02713489409141583,0.0084726867335563,0.0070457079152731325,0.010735785953177257,0.0026867335562987737,0.0020624303232998887,1.1148272017837235e-05,0.010434782608695653,0.00021181716833890748,0.0013377926421404682,0.005128205128205128,7.803790412486064e-05,0.0,6.688963210702341e-05,0.0,0.0,0.0,0.0,0.0,0.0,0.0,0.0,0.0,0.0,0.0,0.0,0.0,0.0,0.0,0.0,0.0,0.0,0.0,0.0,0.0,0.0,0.0,0.0,0.0,0.0,0.0,0.0,0.0,0.0,0.0,0.0,nan,nan,4.346246973365617,2.8469799141367513,nan,0.879755090256827,0.034458612811468434,0.0,0.0,0.0,0.0,0.0,0.0,0.0,0.0,0.0,0.0,0.0,0.0,0.0,0.0,0.0,0.0,0.0,0.0,0.0,0.0,0.0,0.0,0.013495276653171392,0.37786774628879777,1.9028340080971664,7.800269905533065,12.375168690958168,5.9379217273954135,1.1875843454790824,0.4048582995951418,0.8788471899920075,0.034386807295889624,0.0,0.0,0.0,0.0,0.0,0.0,0.0,0.0,0.0,0.0,0.0,0.0,0.0,0.0,0.0,0.0,0.0,0.0,0.0,0.0,0.0,0.0,0.026525198938992047,0.47745358090185525,2.0026525198939,7.63925729442971,12.798408488063664,5.636604774535811,0.9681697612732098,0.45092838196286483,0.4294,0.01598,0.0,0.0,0.0,0.0,0.0,0.0,0.0,0.0,0.0,0.0,0.0,0.8636977058029678,17.044534412955468,11.767881241565455,0.3238866396761134,0.0,0.0,0.0,0.0,0.0,0.0,0.0,0.0,0.0,0.0,0.0,0.0,0.0,0.0,0.0,0.43,0.01637,0.0,0.0,0.0,0.0,0.0,0.0,0.0,0.0,0.0,0.0,0.0,0.9416445623342161,16.856763925729446,11.816976127320958,0.3846153846153847,0.0,0.0,0.0,0.0,0.0,0.0,0.0,0.0,0.0,0.0,0.0,0.0,0.0,0.0,0.0
47700,4727,2373,0.5020097313306537,1117,994,0.44658345673788874,1364,0.5771102178971864,0.43799999999999994,2.9124893797790996,2.9655321569258812,6.348733233979136,1.9288369441587943,6649.8,0.0,6649.8,6649.8,6649.800000000001,9.094947017729282e-13,6649.800000000001,9.094947017729282e-13,27.847471969536706,20.784564027595763,32.773551637279596,19.032462146174637,0.1396234398138354,0.0977364078696848,0.09308229320922361,0.08906283054791622,0.08377406388830125,0.07446583456737889,0.07340808123545589,0.06177279458430294,0.05394541992807277,0.05606092659191877,0.044637190607150413,0.03765601861645864,0.03511741061984345,0.02602073196530569,0.014385445314152739,0.01184683731753755,0.007404273323460969,0.8806743547682886,0.03441166044654395,0.0,0.0,0.0,0.0,0.0,0.0,0.0,0.0,0.0,0.0,0.0,0.0,0.0,0.0,0.0,0.0,0.0,0.0,0.0,0.0,0.0,0.0,0.03173259995768987,0.4696424793738086,1.8214512375713987,7.546012269938652,12.356674423524437,5.965728792045696,1.4533530780621964,0.3554051195261266,4.301707156927118,2.7435671267021955,nan,nan,nan,4.328947368421052,2.7486272070882416,4.274574049803408,2.738248269713212,0.9874395981308786,0.4294,0.0163,0.0,0.0,0.0,0.0,0.0,0.0,0.0,0.0,0.0,0.0,0.0,1.05986883858684,16.723080177702563,11.8489528242014,0.36809815950920255,0.0,0.0,0.0,0.0,0.0,0.0,0.0,0.0,0.0,0.0,0.0,0.0,0.0,0.0,0.0,nan,nan,4.301707156927118,2.7435671267021955,nan,0.4294,0.08356,0.0,0.0,0.0,0.0,0.0,0.0,0.0,0.0,0.0,0.0,0.0,0.0,0.0,0.0,0.0,0.0,0.0,0.0,0.0,0.0,0.0,0.0,0.0,0.0,0.0013116141315845146,0.0029828643960228473,0.003606938861857415,0.010450602919399195,0.014544108313941189,0.015612439179183415,0.009318806854241591,0.015041252379944997,0.037116564417177915,0.06657499471123333,0.043304421408927436,0.031002750158663,0.019430928707425427,0.0352760736196319,0.046213243071715676,0.037825259149566325,0.029437275227416966,0.03130949862492067,0.027702559763063253,0.03823778294901629,0.02183202877089063,0.01634228897821028,0.04769409773640787,0.0622170509837106,0.05980537338692617,0.021377194838163742,0.0579437275227417,0.026898667230801778,0.023979268034694308,0.05323672519568436,0.019557859107256187,0.024867780833509625,0.009043790987941612,0.006579225724561032,0.01175163951766448,0.002834778929553628,0.0015760524645652633,5.2887666596149776e-05,0.010154431986460757,0.00012693039983075946,0.0014808546646921938,0.004262745927649672,6.346519991537973e-05,0.0,2.115506663845991e-05,0.0,0.0,0.0,0.0,0.0,0.0,0.0,0.0,0.0,0.0,0.0,0.0,0.0,0.0,0.0,0.0,0.0,0.0,0.0,0.0,0.0,0.0,0.0,0.0,0.0,0.0,0.0,0.0,0.0,0.0,0.0,0.0,nan,nan,4.301707156927118,2.7435671267021955,nan,0.8799834931343856,0.03429358686475554,0.0,0.0,0.0,0.0,0.0,0.0,0.0,0.0,0.0,0.0,0.0,0.0,0.0,0.0,0.0,0.0,0.0,0.0,0.0,0.0,0.0,0.0,0.02528445006321113,0.48040455120100983,1.9595448798988626,7.509481668773706,12.616940581542355,5.651074589127688,1.428571428571429,0.32869785082174474,0.881370792600596,0.03451628541204735,0.0,0.0,0.0,0.0,0.0,0.0,0.0,0.0,0.0,0.0,0.0,0.0,0.0,0.0,0.0,0.0,0.0,0.0,0.0,0.0,0.0,0.0,0.03823279524214104,0.45879354290569097,1.682242990654206,7.582837723024641,12.094307561597285,6.282922684791846,1.4783347493627872,0.3823279524214105,0.4294,0.01648,0.0,0.0,0.0,0.0,0.0,0.0,0.0,0.0,0.0,0.0,0.0,1.0745891276864712,16.776232616940586,11.769911504424782,0.379266750948167,0.0,0.0,0.0,0.0,0.0,0.0,0.0,0.0,0.0,0.0,0.0,0.0,0.0,0.0,0.0,0.4294,0.0161,0.0,0.0,0.0,0.0,0.0,0.0,0.0,0.0,0.0,0.0,0.0,1.0450297366185202,16.669498725573494,11.928632115548007,0.3568394222599831,0.0,0.0,0.0,0.0,0.0,0.0,0.0,0.0,0.0,0.0,0.0,0.0,0.0,0.0,0.0
47800,4575,2317,0.506448087431694,1131,945,0.45377049180327866,1312,0.5735519125683061,0.44599999999999995,2.8799822852081487,2.9781069476623117,6.400309119010819,2.0311788927232652,6649.800000000002,1.8189894035458565e-12,6649.8,6649.8,6649.800000000001,9.094947017729282e-13,6649.800000000002,1.8189894035458565e-12,28.24306010928962,20.86322734182335,33.04084798345398,19.11277656515744,0.1346448087431694,0.09836065573770492,0.08721311475409836,0.09267759562841531,0.08218579234972678,0.073224043715847,0.07125683060109289,0.06448087431693988,0.056612021857923495,0.05923497267759563,0.04546448087431694,0.03846994535519126,0.033224043715846995,0.0253551912568306,0.020765027322404372,0.009617486338797814,0.007213114754098361,0.8809745487098486,0.03413769956065071,0.0,0.0,0.0,0.0,0.0,0.0,0.0,0.0,0.0,0.0,0.0,0.0,0.0,0.0,0.0,0.0,0.0,0.0,0.0,0.0,0.0,0.0,0.05245901639344264,0.2688524590163926,1.934426229508197,7.37049180327869,12.544262295081971,6.013114754098362,1.429508196721312,0.3868852459016394,4.1791194129419615,2.781023855982136,nan,nan,nan,4.167549668874172,2.745328353897182,4.192333557498319,2.8171098672945876,1.0059468730053174,0.429,0.01619,0.0,0.0,0.0,0.0,0.0,0.0,0.0,0.0,0.0,0.0,0.0,1.0819672131147524,17.186885245901642,11.514754098360658,0.21639344262295088,0.0,0.0,0.0,0.0,0.0,0.0,0.0,0.0,0.0,0.0,0.0,0.0,0.0,0.0,0.0,nan,nan,4.1791194129419615,2.781023855982136,nan,0.429,0.0839,0.0,0.0,0.0,0.0,0.0,0.0,0.0,0.0,0.0,0.0,0.0,0.0,0.0,0.0,0.0,0.0,0.0,0.0,0.0,0.0,0.0,0.0,2.185792349726776e-05,2.185792349726776e-05,0.0015956284153005465,0.00273224043715847,0.0028633879781420767,0.011486338797814208,0.014786885245901639,0.01563934426229508,0.009049180327868852,0.01641530054644809,0.03853551912568306,0.06561748633879781,0.04557377049180328,0.03115846994535519,0.018852459016393444,0.03493989071038251,0.04547540983606557,0.0366120218579235,0.031311475409836066,0.02855737704918033,0.029650273224043715,0.037060109289617484,0.023672131147540982,0.017005464480874317,0.0460655737704918,0.06139890710382514,0.06093989071038251,0.02230601092896175,0.05784699453551913,0.025333333333333333,0.02478688524590164,0.05413114754098361,0.018459016393442624,0.021989071038251366,0.009398907103825137,0.006021857923497268,0.01160655737704918,0.002109289617486339,0.0018032786885245902,0.0003060109289617486,0.008808743169398907,9.836065573770491e-05,0.002360655737704918,0.005169398907103825,0.00026229508196721314,2.185792349726776e-05,0.00014207650273224043,0.0,0.0,0.0,0.0,0.0,0.0,0.0,0.0,0.0,0.0,0.0,0.0,0.0,0.0,0.0,0.0,0.0,0.0,0.0,0.0,0.0,0.0,0.0,0.0,0.0,0.0,0.0,0.0,0.0,0.0,0.0,0.0,nan,nan,4.1791194129419615,2.781023855982136,nan,0.8812068404439302,0.03303507535049379,0.0,0.0,0.0,0.0,0.0,0.0,0.0,0.0,0.0,0.0,0.0,0.0,0.0,0.0,0.0,0.0,0.0,0.0,0.0,0.0,0.0,0.0,0.051791109192921896,0.22011221406991732,1.7997410444540358,7.354337505394909,12.8312473025464,6.150194216659475,1.178247734138973,0.41432887354337516,0.8807361873511829,0.03523168994379762,0.0,0.0,0.0,0.0,0.0,0.0,0.0,0.0,0.0,0.0,0.0,0.0,0.0,0.0,0.0,0.0,0.0,0.0,0.0,0.0,0.0,0.0,0.05314437555358726,0.31886625332152246,2.072630646589903,7.387068201948629,12.249778565101863,5.872453498671392,1.6873339238263954,0.358724534986714,0.4287,0.01599,0.0,0.0,0.0,0.0,0.0,0.0,0.0,0.0,0.0,0.0,0.0,1.113508847647819,17.375917134225293,11.381096245144587,0.12947777298230473,0.0,0.0,0.0,0.0,0.0,0.0,0.0,0.0,0.0,0.0,0.0,0.0,0.0,0.0,0.0,0.4292,0.0164,0.0,0.0,0.0,0.0,0.0,0.0,0.0,0.0,0.0,0.0,0.0,1.0496014171833465,16.992914083259524,11.651904340124007,0.3055801594331267,0.0,0.0,0.0,0.0,0.0,0.0,0.0,0.0,0.0,0.0,0.0,0.0,0.0,0.0,0.0
47900,4362,2132,0.48876662081613936,978,973,0.4472718936267767,1214,0.5566254011921137,0.45799999999999996,2.8986547085201795,3.0006797409386468,6.367088607594937,2.007436902171355,6649.800000000001,9.094947017729282e-13,6649.8,6649.8,6649.800000000002,1.8189894035458565e-12,6649.800000000002,1.8189894035458565e-12,28.30651077487391,20.997571938264958,33.09896963123644,19.29387185989762,0.1350298028427327,0.09261806510774874,0.09812012838147639,0.09330582301696469,0.07748739110499771,0.07427785419532325,0.07038055937643282,0.060751948647409446,0.05800091701054562,0.052269601100412656,0.048143053645116916,0.04401650618982118,0.030949105914718018,0.026593305823016965,0.018340210912425492,0.011004126547455296,0.00871160018340211,0.8819410683418949,0.03635954431558144,0.0,0.0,0.0,0.0,0.0,0.0,0.0,0.0,0.0,0.0,0.0,0.0,0.0,0.0,0.0,0.0,0.0,0.0,0.0,0.006877579092159561,0.006877579092159561,0.05502063273727649,0.09628610729023386,0.28198074277854107,1.753782668500688,7.173314993122423,12.489683631361764,5.935350756533702,1.629986244841816,0.5708390646492436,4.314781992201347,2.8060597813039196,4.7272727272727275,2.2998382983042758,1.0955994383532999,4.299503193754436,2.8236064667779743,4.333099086437104,2.7851265230042643,1.0078139010877978,0.428,0.01634,0.0,0.0,0.0,0.0,0.0,0.0,0.0,0.0,0.0,0.0,0.0,1.2035763411279212,17.5171939477304,11.059147180192573,0.22008253094910596,0.0,0.0,0.0,0.0,0.0,0.0,0.0,0.0,0.0,0.0,0.0,0.0,0.0,0.0,0.0,nan,nan,4.31638418079096,2.8043876899747575,nan,0.428,0.083,0.0,0.0,0.0,0.0,0.0,0.0,0.0,0.0,0.0,0.0,0.0,0.0,0.0,0.0,0.0,0.0,0.0,0.0,0.0,0.0,0.0,0.0,0.00014901421366345712,0.0,0.0021320495185694634,0.0022925263640531865,0.0028198074277854196,0.009938101788170565,0.013858321870701512,0.014167812929848693,0.008952315451627694,0.017640990371389272,0.03925951398441082,0.06643741403026135,0.046859238881247135,0.030341586428243923,0.02063273727647868,0.03623337918386062,0.046435121503897295,0.03695552498853737,0.029470426409903713,0.028576341127922972,0.031831728564878495,0.04039431453461715,0.024931224209078406,0.017342961944062357,0.04494497936726272,0.0638583218707015,0.05923888124713434,0.020816139385602936,0.056659789087574505,0.02525217790004585,0.021595598349381018,0.05324392480513526,0.018729940394314533,0.023200366804218248,0.007783127005960569,0.006361760660247593,0.01006419073819349,0.0013869784502521779,0.0020976616231086656,0.0004928931682714351,0.008745988078862907,0.000171939477303989,0.0026822558459422283,0.004768454837230628,0.0001031636863823934,6.87757909215956e-05,8.023842274186154e-05,0.0,0.0,0.0,0.0,0.0,0.0,0.0,0.0,0.0,0.0,0.0,0.0,0.0,0.0,0.0,0.0,0.0,0.0,0.0,0.0,0.0,0.0,0.0,0.0,0.0,0.0,0.0,0.0,0.0,0.0,0.0,0.0,nan,nan,4.31638418079096,2.8043876899747575,nan,0.8810989538288027,0.03673020916813923,0.0,0.0,0.0,0.0,0.0,0.0,0.0,0.0,0.0,0.0,0.0,0.0,0.0,0.0,0.0,0.0,0.0,0.0,0.0,0.01407129455909944,0.01407129455909944,0.05628517823639776,0.11257035647279552,0.2532833020637891,1.9277673545966234,6.979362101313322,12.889305816135089,5.642589118198875,1.5478424015009384,0.5628517823639776,0.8827461751319903,0.03598317735478757,0.0,0.0,0.0,0.0,0.0,0.0,0.0,0.0,0.0,0.0,0.0,0.0,0.0,0.0,0.0,0.0,0.0,0.0,0.0,0.0,0.0,0.05381165919282512,0.08071748878923768,0.3094170403587434,1.5874439461883412,7.358744394618836,12.107623318385654,6.215246636771302,1.7085201793721978,0.5784753363228701,0.428,0.0165,0.0,0.0,0.0,0.0,0.0,0.0,0.0,0.0,0.0,0.0,0.0,1.2523452157598483,17.743902439024392,10.736397748592871,0.26735459662288935,0.0,0.0,0.0,0.0,0.0,0.0,0.0,0.0,0.0,0.0,0.0,0.0,0.0,0.0,0.0,0.4282,0.01619,0.0,0.0,0.0,0.0,0.0,0.0,0.0,0.0,0.0,0.0,0.0,1.1569506726457384,17.300448430493276,11.367713004484308,0.17488789237668168,0.0,0.0,0.0,0.0,0.0,0.0,0.0,0.0,0.0,0.0,0.0,0.0,0.0,0.0,0.0
48000,4455,2214,0.49696969696969695,998,927,0.43209876543209874,1247,0.5598204264870932,0.47,2.995983935742972,3.099348858176058,6.726415094339623,1.860038304541967,6649.800000000002,1.8189894035458565e-12,6649.8,6649.8,6649.800000000001,9.094947017729282e-13,6649.800000000002,1.8189894035458565e-12,27.574410774410776,20.92367125033767,32.65222072678331,19.21299939296375,0.143658810325477,0.10347923681257015,0.09741863075196408,0.08529741863075196,0.07789001122334456,0.07564534231200898,0.06936026936026936,0.06621773288439955,0.05207631874298541,0.04915824915824916,0.046464646464646465,0.03950617283950617,0.030976430976430977,0.026262626262626262,0.019304152637485972,0.010774410774410775,0.006509539842873177,0.8809219337205426,0.03484376007579559,0.0,0.0,0.0,0.0,0.0,0.0,0.0,0.0,0.0,0.0,0.0,0.0,0.0,0.0,0.0,0.0,0.0,0.0,0.0,0.0,0.0,0.06060606060606062,0.033670033670033676,0.43771043771043633,1.6026936026936032,7.407407407407409,12.700336700336704,5.878787878787881,1.4882154882154885,0.3905723905723907,4.487535612535613,2.8249980300549535,3.857142857142857,3.1815796359028696,0.8595236205743308,4.466383581033263,2.871345268663243,4.505353319057816,2.780606059329241,1.0087251211897788,0.4275,0.01611,0.0,0.0,0.0,0.0,0.0,0.0,0.0,0.0,0.0,0.0,0.0,1.3333333333333315,18.02693602693603,10.417508417508419,0.22222222222222227,0.0,0.0,0.0,0.0,0.0,0.0,0.0,0.0,0.0,0.0,0.0,0.0,0.0,0.0,0.0,nan,nan,4.485968028419183,2.826114941310778,nan,0.4275,0.08276,0.0,0.0,0.0,0.0,0.0,0.0,0.0,0.0,0.0,0.0,0.0,0.0,0.0,0.0,0.0,0.0,0.0,0.0,0.0,0.0,0.0,0.0,0.00029180695847362515,2.244668911335578e-05,0.0018855218855218854,0.0024691358024691358,0.0025028058361391695,0.009438832772166105,0.013928170594837261,0.012884399551066218,0.009068462401795735,0.018922558922558924,0.04093153759820427,0.06768799102132435,0.044399551066217735,0.030347923681257015,0.02287317620650954,0.03739618406285073,0.046891133557800224,0.037643097643097645,0.027081930415263748,0.02860830527497194,0.030336700336700335,0.041784511784511785,0.02647586980920314,0.015645342312008977,0.0447699214365881,0.06583613916947251,0.05961840628507295,0.019820426487093153,0.05655443322109989,0.02430976430976431,0.019562289562289562,0.05301907968574635,0.0189337822671156,0.025757575757575757,0.006453423120089787,0.007048260381593715,0.00904601571268238,0.0011447811447811449,0.002132435465768799,0.0005274971941638608,0.008911335578002244,5.611672278338945e-05,0.0030303030303030303,0.00367003367003367,0.00015712682379349045,8.978675645342312e-05,3.367003367003367e-05,0.0,0.0,0.0,0.0,0.0,0.0,0.0,0.0,0.0,0.0,0.0,0.0,0.0,0.0,0.0,0.0,0.0,0.0,0.0,0.0,0.0,0.0,0.0,0.0,0.0,0.0,0.0,0.0,0.0,0.0,0.0,0.0,nan,nan,4.485968028419183,2.826114941310778,nan,0.8806379196497375,0.0345435212081627,0.0,0.0,0.0,0.0,0.0,0.0,0.0,0.0,0.0,0.0,0.0,0.0,0.0,0.0,0.0,0.0,0.0,0.0,0.0,0.0,0.0,0.054200542005420065,0.04065040650406505,0.4878048780487789,1.571815718157182,7.425474254742549,12.791327913279137,5.867208672086723,1.436314363143632,0.3252032520325204,0.881202525935073,0.03513560806018567,0.0,0.0,0.0,0.0,0.0,0.0,0.0,0.0,0.0,0.0,0.0,0.0,0.0,0.0,0.0,0.0,0.0,0.0,0.0,0.0,0.0,0.06693440428380189,0.026773761713520756,0.38821954484604965,1.633199464524766,7.389558232931728,12.610441767068277,5.890227576974566,1.5394912985274436,0.45515394912985285,0.4275,0.01602,0.0,0.0,0.0,0.0,0.0,0.0,0.0,0.0,0.0,0.0,0.0,1.1517615176151745,18.292682926829272,10.271002710027101,0.28455284552845533,0.0,0.0,0.0,0.0,0.0,0.0,0.0,0.0,0.0,0.0,0.0,0.0,0.0,0.0,0.0,0.4275,0.0162,0.0,0.0,0.0,0.0,0.0,0.0,0.0,0.0,0.0,0.0,0.0,1.51271753681392,17.76439089692102,10.562248995983937,0.16064257028112452,0.0,0.0,0.0,0.0,0.0,0.0,0.0,0.0,0.0,0.0,0.0,0.0,0.0,0.0,0.0
48100,4377,2239,0.5115375828192826,1048,921,0.4498514964587617,1216,0.555631711217729,0.46599999999999997,2.9462114125350793,3.080523195546203,6.588028169014085,2.169571334124415,6649.800000000001,9.094947017729282e-13,6649.8,6649.8,6649.800000000001,9.094947017729282e-13,6649.800000000001,9.094947017729282e-13,27.44391135480923,20.789459290721094,32.505753424657534,19.063314688115096,0.1457619374000457,0.0975554032442312,0.09915467214987435,0.08955905871601554,0.07607950651130911,0.07539410555174778,0.07128169979437972,0.06191455334704135,0.059401416495316425,0.049577336074937174,0.04340872743888508,0.040895590587160156,0.031528444139821796,0.02467443454420836,0.016906557002513138,0.010052547406899703,0.006854009595613434,0.8782895369047113,0.03536380550829102,0.0,0.0,0.0,0.0,0.0,0.0,0.0,0.0,0.0,0.0,0.0,0.0,0.0,0.0,0.0,0.0,0.0,0.0,0.0,0.0,0.0,0.04112405757368061,0.10281014393420153,0.3906785469499645,2.0082248115147365,7.7930089102124755,12.68677176148047,5.366689513365319,1.151473612063057,0.45921864290610015,4.293525179856115,2.840893785618275,4.333333333333333,3.496029493900505,1.0092716711349419,4.362204724409449,2.843662585488392,4.223342939481268,2.8402170038203427,0.9681670637439006,0.4277,0.01634,0.0,0.0,0.0,0.0,0.0,0.0,0.0,0.0,0.0,0.0,0.0,1.3708019191226848,17.950651130911588,10.3564084989719,0.3221384509938314,0.0,0.0,0.0,0.0,0.0,0.0,0.0,0.0,0.0,0.0,0.0,0.0,0.0,0.0,0.0,nan,nan,4.293610911701364,2.8424675509596478,nan,0.4277,0.08325,0.0,0.0,0.0,0.0,0.0,0.0,0.0,0.0,0.0,0.0,0.0,0.0,0.0,0.0,0.0,0.0,0.0,0.0,0.0,0.0,0.0,0.0,0.0004912040210189628,0.0,0.002318939913182545,0.002467443454420836,0.0024560201050948137,0.008544665295864748,0.012942654786383368,0.013708019191226868,0.008727438885081106,0.02011651816312543,0.03933059172949509,0.06936257710760795,0.0426547863833676,0.03327621658670322,0.021978524103267078,0.037651359378569796,0.04962302947224126,0.03814256339958876,0.02496001827735892,0.02810143934201508,0.028981037240118804,0.043911354809230065,0.026604980580306147,0.015798492117888967,0.04351153758281928,0.06313685172492575,0.05954992003655472,0.020059401416495315,0.053564084989718985,0.023771989947452592,0.020093671464473384,0.05508339045007996,0.019385423806259995,0.025268448709161527,0.005837331505597441,0.0075508339045008,0.009824080420379255,0.0009595613433858808,0.002170436371944254,0.0007425177061914553,0.009481379940598583,1.142334932602239e-05,0.003232807859264336,0.004340872743888508,0.00017135023989033586,0.00010281014393420151,0.0,0.0,0.0,0.0,0.0,0.0,0.0,0.0,0.0,0.0,0.0,0.0,0.0,0.0,0.0,0.0,0.0,0.0,0.0,0.0,0.0,0.0,0.0,0.0,0.0,0.0,0.0,0.0,0.0,0.0,0.0,0.0,0.0,nan,nan,4.293610911701364,2.8424675509596478,nan,0.8782521748233981,0.03517822092746579,0.0,0.0,0.0,0.0,0.0,0.0,0.0,0.0,0.0,0.0,0.0,0.0,0.0,0.0,0.0,0.0,0.0,0.0,0.0,0.0,0.0,0.040196516301920504,0.1473872264403752,0.42876284055381736,1.9294327824921844,7.664135774899511,12.702099151406882,5.654309959803485,1.0049129075480128,0.42876284055381875,0.878328663986124,0.03555707676499477,0.0,0.0,0.0,0.0,0.0,0.0,0.0,0.0,0.0,0.0,0.0,0.0,0.0,0.0,0.0,0.0,0.0,0.0,0.0,0.0,0.0,0.0420954162768943,0.05612722170252574,0.3507951356407847,2.0907390084190838,7.927970065481761,12.670720299345186,5.065481758652948,1.3049579045837234,0.4911131898971002,0.4277,0.0164,0.0,0.0,0.0,0.0,0.0,0.0,0.0,0.0,0.0,0.0,0.0,1.4336757481018292,17.78025904421617,10.464493077266638,0.32157213041536403,0.0,0.0,0.0,0.0,0.0,0.0,0.0,0.0,0.0,0.0,0.0,0.0,0.0,0.0,0.0,0.4275,0.0163,0.0,0.0,0.0,0.0,0.0,0.0,0.0,0.0,0.0,0.0,0.0,1.3049579045837212,18.129092609915812,10.243217960710947,0.322731524789523,0.0,0.0,0.0,0.0,0.0,0.0,0.0,0.0,0.0,0.0,0.0,0.0,0.0,0.0,0.0
48200,4375,2167,0.4953142857142857,1030,950,0.45257142857142857,1241,0.5673142857142857,0.45799999999999996,2.864130434782609,2.9711199831042268,6.338095238095238,1.9546386481644016,6649.800000000002,1.8189894035458565e-12,6649.8,6649.8,6649.800000000002,1.8189894035458565e-12,6649.800000000001,9.094947017729282e-13,27.634285714285713,20.728618489658107,32.65718972115911,18.956095253745975,0.1430857142857143,0.09874285714285715,0.09417142857142857,0.08022857142857143,0.09188571428571428,0.07634285714285714,0.0656,0.0624,0.0608,0.05051428571428571,0.05142857142857143,0.03611428571428572,0.028342857142857142,0.02422857142857143,0.019885714285714284,0.008457142857142858,0.0077714285714285715,0.8792253980772836,0.035044557997831086,0.0,0.0,0.0,0.0,0.0,0.0,0.0,0.0,0.0,0.0,0.0,0.0,0.0,0.0,0.0,0.0,0.0,0.0,0.0,0.0,0.0,0.0,0.06171428571428573,0.5622857142857125,2.0914285714285716,7.344000000000002,12.336000000000004,5.910857142857145,1.350857142857143,0.3428571428571429,4.276156583629893,2.8059229735487548,7.0,0.0,1.6369840213049267,4.212078651685394,2.8256887704631906,4.343907714491709,2.7838441131424556,1.0312978635272079,0.4272,0.01672,0.0,0.0,0.0,0.0,0.0,0.0,0.0,0.0,0.0,0.0,0.0,1.5085714285714265,17.691428571428574,10.546285714285716,0.2537142857142858,0.0,0.0,0.0,0.0,0.0,0.0,0.0,0.0,0.0,0.0,0.0,0.0,0.0,0.0,0.0,nan,nan,4.27712557808609,2.8058940337424687,nan,0.4272,0.0833,0.0,0.0,0.0,0.0,0.0,0.0,0.0,0.0,0.0,0.0,0.0,0.0,0.0,0.0,0.0,0.0,0.0,0.0,0.0,1.1428571428571429e-05,0.0,0.0,0.00056,1.1428571428571429e-05,0.002102857142857143,0.0025714285714285713,0.00208,0.007394285714285714,0.01328,0.014514285714285714,0.009634285714285715,0.02224,0.039645714285714284,0.06938285714285715,0.04115428571428571,0.032388571428571426,0.023314285714285714,0.03580571428571429,0.05227428571428572,0.039028571428571426,0.02489142857142857,0.02824,0.029177142857142856,0.04352,0.02737142857142857,0.015405714285714286,0.040811428571428575,0.06248,0.06028571428571428,0.01936,0.053965714285714284,0.02217142857142857,0.02264,0.05382857142857143,0.019245714285714286,0.023931428571428572,0.005405714285714285,0.008057142857142856,0.010434285714285714,0.00144,0.002822857142857143,0.0009714285714285714,0.00904,1.1428571428571429e-05,0.002605714285714286,0.004354285714285714,1.1428571428571429e-05,0.00010285714285714286,0.0,2.2857142857142858e-05,0.0,0.0,0.0,0.0,0.0,0.0,0.0,0.0,0.0,0.0,0.0,0.0,0.0,0.0,0.0,0.0,0.0,0.0,0.0,0.0,0.0,0.0,0.0,0.0,0.0,0.0,0.0,0.0,0.0,0.0,0.0,nan,nan,4.27712557808609,2.8058940337424687,nan,0.877754503617817,0.035983983221350824,0.0,0.0,0.0,0.0,0.0,0.0,0.0,0.0,0.0,0.0,0.0,0.0,0.0,0.0,0.0,0.0,0.0,0.0,0.0,0.0,0.0,0.0,0.08306414397784957,0.6506691278264862,2.4088601753576375,7.392708814028612,12.168897092754964,5.648361790493771,1.3290263036455932,0.31841255191509005,0.8806689797320227,0.03403566926500406,0.0,0.0,0.0,0.0,0.0,0.0,0.0,0.0,0.0,0.0,0.0,0.0,0.0,0.0,0.0,0.0,0.0,0.0,0.0,0.0,0.0,0.0,0.0407608695652174,0.4755434782608681,1.7798913043478266,7.296195652173915,12.500000000000004,6.168478260869567,1.3722826086956523,0.36684782608695665,0.4272,0.01657,0.0,0.0,0.0,0.0,0.0,0.0,0.0,0.0,0.0,0.0,0.0,1.4674665436086736,17.84494693124135,10.466082141209046,0.22150438394093222,0.0,0.0,0.0,0.0,0.0,0.0,0.0,0.0,0.0,0.0,0.0,0.0,0.0,0.0,0.0,0.427,0.01688,0.0,0.0,0.0,0.0,0.0,0.0,0.0,0.0,0.0,0.0,0.0,1.5489130434782585,17.540760869565222,10.625000000000002,0.2853260869565218,0.0,0.0,0.0,0.0,0.0,0.0,0.0,0.0,0.0,0.0,0.0,0.0,0.0,0.0,0.0
48300,4476,2345,0.52390527256479,1103,894,0.44615728328865056,1250,0.5585344057193923,0.44999999999999996,3.050680431722196,3.0381993569240797,6.4770206022187,2.0013532659127597,6649.800000000001,9.094947017729282e-13,6649.8,6649.8,6649.800000000002,1.8189894035458565e-12,6649.800000000001,9.094947017729282e-13,28.237488829311886,20.999290114041102,33.11605723370429,19.25307129665044,0.13829311885612153,0.09897229669347632,0.0918230563002681,0.08556747095621091,0.07975871313672922,0.07797140303842717,0.06590705987488829,0.0632260947274352,0.05607685433422699,0.05294906166219839,0.05093833780160858,0.04155495978552279,0.03239499553172476,0.027926720285969615,0.01943699731903485,0.011394101876675604,0.00580875781948168,0.8790993167551848,0.03503081086649941,0.0,0.0,0.0,0.0,0.0,0.0,0.0,0.0,0.0,0.0,0.0,0.0,0.0,0.0,0.0,0.0,0.0,0.0,0.0,0.0,0.0,0.01340482573726542,0.12734584450402148,0.4624664879356554,1.7359249329758717,8.01608579088472,12.426273458445044,5.482573726541556,1.3672922252010726,0.368632707774799,4.283402203856749,2.809845930836149,4.75,3.960744879438715,1.108931586140365,4.297627118644068,2.8351715572897134,4.270062805303559,2.787481447883403,0.9935861552015696,0.4277,0.01642,0.0,0.0,0.0,0.0,0.0,0.0,0.0,0.0,0.0,0.0,0.0,1.4745308310991936,17.560321715817697,10.703753351206435,0.26139410187667567,0.0,0.0,0.0,0.0,0.0,0.0,0.0,0.0,0.0,0.0,0.0,0.0,0.0,0.0,0.0,nan,nan,4.28404401650619,2.8118057536771506,nan,0.4277,0.08276,0.0,0.0,0.0,0.0,0.0,0.0,0.0,0.0,0.0,0.0,0.0,0.0,0.0,0.0,0.0,0.0,0.0,0.0,0.0,1.1170688114387846e-05,3.351206434316354e-05,0.0,0.0005361930294906167,0.0001228775692582663,0.001586237712243074,0.002412868632707775,0.0020218945487042003,0.007506702412868633,0.012388293118856121,0.014309651474530831,0.009416890080428954,0.022352546916890082,0.038047363717605004,0.0651586237712243,0.04066130473637176,0.035489276139410185,0.02548033958891868,0.03537756925826631,0.05259159964253798,0.03796916890080429,0.024653708668453976,0.03018319928507596,0.028541108132260948,0.044057193923145666,0.027312332439678285,0.016175156389633603,0.03936550491510277,0.06466711349419124,0.058176943699731906,0.020107238605898123,0.05595397676496872,0.022229669347631813,0.024095174262734585,0.055373100983020555,0.018599195710455763,0.023268543342269885,0.005428954423592493,0.007350312779267203,0.009729669347631814,0.0007819481680071493,0.002234137622877569,0.0012511170688114387,0.010344057193923145,0.00015638963360142984,0.0030942806076854333,0.003127792672028597,3.351206434316354e-05,0.00020107238605898123,0.0,3.351206434316354e-05,0.0,0.0,0.0,0.0,0.0,0.0,0.0,0.0,0.0,0.0,0.0,0.0,0.0,0.0,0.0,0.0,0.0,0.0,0.0,0.0,0.0,0.0,0.0,0.0,0.0,0.0,0.0,0.0,0.0,0.0,0.0,nan,nan,4.28404401650619,2.8118057536771506,nan,0.8781486009483906,0.03555153744631942,0.0,0.0,0.0,0.0,0.0,0.0,0.0,0.0,0.0,0.0,0.0,0.0,0.0,0.0,0.0,0.0,0.0,0.0,0.0,0.0,0.0,0.012793176972281453,0.12793176972281453,0.5756929637526635,1.7910447761194033,8.149253731343284,12.31982942430704,5.360341151385929,1.3176972281449897,0.34541577825159925,0.8801455056650546,0.03441836039767317,0.0,0.0,0.0,0.0,0.0,0.0,0.0,0.0,0.0,0.0,0.0,0.0,0.0,0.0,0.0,0.0,0.0,0.0,0.0,0.0,0.0,0.014077897700610046,0.1267010793054904,0.33786954481463993,1.6752698263725954,7.869544814641015,12.543406851243551,5.617081182543408,1.4218676677616144,0.3941811356170813,0.4282,0.01651,0.0,0.0,0.0,0.0,0.0,0.0,0.0,0.0,0.0,0.0,0.0,1.4712153518123645,17.27078891257996,10.91257995735608,0.34541577825159925,0.0,0.0,0.0,0.0,0.0,0.0,0.0,0.0,0.0,0.0,0.0,0.0,0.0,0.0,0.0,0.4275,0.01631,0.0,0.0,0.0,0.0,0.0,0.0,0.0,0.0,0.0,0.0,0.0,1.4781792585640523,17.878930079774758,10.473955889253872,0.16893477240732052,0.0,0.0,0.0,0.0,0.0,0.0,0.0,0.0,0.0,0.0,0.0,0.0,0.0,0.0,0.0
48400,4397,2289,0.5205822151466909,1090,907,0.4541732999772572,1244,0.5658403456902433,0.46599999999999997,3.0113851992409866,3.0772568703195615,6.668411867364747,2.035032729667763,6649.8,0.0,6649.8,6649.8,6649.800000000001,9.094947017729282e-13,6649.800000000002,1.8189894035458565e-12,27.98817375483284,20.84666495757454,33.1141689373297,19.00339252098451,0.14373436433932227,0.09756652262906527,0.08960654992040028,0.08323857175346827,0.0823288605867637,0.07459631566977484,0.07004775983625199,0.06686377075278599,0.05935865362747328,0.05390038662724585,0.04434841937684785,0.03934500795997271,0.03365931316806914,0.027063907209460995,0.018194223334091427,0.009551967250397999,0.006595405958608142,0.8790435971442694,0.03481044141621388,0.0,0.0,0.0,0.0,0.0,0.0,0.0,0.0,0.0,0.0,0.0,0.0,0.0,0.0,0.0,0.0,0.0,0.0,0.0,0.0,0.0,0.0068228337502842865,0.06822833750284286,0.4161928587673401,1.930861951330453,7.839435979076645,12.315214919263138,5.662952012735958,1.3918580850579942,0.3684330225153515,4.375616631430585,2.844179340481672,2.0,2.0,0.4570784345305202,4.371588523442967,2.820459900020201,4.375886524822695,2.869351391092262,1.0009831669555997,0.4287,0.01648,0.0,0.0,0.0,0.0,0.0,0.0,0.0,0.0,0.0,0.0,0.0,1.1598817375483268,17.14578121446441,11.3327268592222,0.3616101887650672,0.0,0.0,0.0,0.0,0.0,0.0,0.0,0.0,0.0,0.0,0.0,0.0,0.0,0.0,0.0,nan,nan,4.373943661971831,2.8443712535131453,nan,0.4287,0.08264,0.0,0.0,0.0,0.0,0.0,0.0,0.0,0.0,0.0,0.0,0.0,0.0,0.0,0.0,0.0,0.0,0.0,0.0,0.0,0.0,3.4114168751421425e-05,0.0,0.00031839890834659993,0.0001705708437571071,0.0009097111667045713,0.0026609051626108713,0.0017284512167386854,0.008426199681601092,0.012895155788037299,0.014453036161018876,0.00899476916079145,0.02239026609051626,0.03711621560154651,0.06394132362974755,0.040698203320445756,0.033454628155560606,0.02453945872185581,0.035183079372299295,0.05027291335001137,0.037025244484876055,0.023095292244712302,0.03122583579713441,0.0312144644075506,0.043745735728906075,0.026881964976120082,0.016295201273595634,0.04180122811007505,0.06596543097566522,0.05774391630657266,0.01889924948828747,0.0601887650670912,0.023118035023879917,0.025198999317716624,0.05239936320218331,0.019672503979986353,0.023481919490561748,0.005833522856493064,0.007766659085740277,0.008608141914942006,0.0007505117125312713,0.002331134864680464,0.0006481692062770071,0.011382760973390948,4.5485558335228565e-05,0.002740504889697521,0.0035251307709802137,6.822833750284285e-05,0.00011371389583807141,0.0,4.5485558335228565e-05,0.0,0.0,0.0,0.0,0.0,0.0,0.0,0.0,0.0,0.0,0.0,0.0,0.0,0.0,0.0,0.0,0.0,0.0,0.0,0.0,0.0,0.0,0.0,0.0,0.0,0.0,0.0,0.0,0.0,0.0,0.0,nan,nan,4.373943661971831,2.8443712535131453,nan,0.8784162164932258,0.034774483216271655,0.0,0.0,0.0,0.0,0.0,0.0,0.0,0.0,0.0,0.0,0.0,0.0,0.0,0.0,0.0,0.0,0.0,0.0,0.0,0.0,0.0,0.013106159895150724,0.07863695937090434,0.4587155963302738,1.8610747051114027,7.955439056356489,12.529488859764092,5.3997378768020985,1.3630406290956754,0.34076015727391884,0.8797248468170582,0.034836651951322,0.0,0.0,0.0,0.0,0.0,0.0,0.0,0.0,0.0,0.0,0.0,0.0,0.0,0.0,0.0,0.0,0.0,0.0,0.0,0.0,0.0,0.0,0.0569259962049336,0.3700189753320672,2.0066413662239095,7.713472485768503,12.082542694497157,5.948766603415561,1.4231499051233398,0.39848197343453523,0.4287,0.0164,0.0,0.0,0.0,0.0,0.0,0.0,0.0,0.0,0.0,0.0,0.0,1.179554390563563,17.090432503276542,11.467889908256884,0.26212319790301447,0.0,0.0,0.0,0.0,0.0,0.0,0.0,0.0,0.0,0.0,0.0,0.0,0.0,0.0,0.0,0.4287,0.01659,0.0,0.0,0.0,0.0,0.0,0.0,0.0,0.0,0.0,0.0,0.0,1.13851992409867,17.20588235294118,11.185958254269451,0.4696394686907022,0.0,0.0,0.0,0.0,0.0,0.0,0.0,0.0,0.0,0.0,0.0,0.0,0.0,0.0,0.0
48500,4473,2271,0.5077129443326627,1044,933,0.44198524480214624,1284,0.574111334674715,0.45799999999999996,2.946866485013624,2.9965756552977374,6.443902439024391,1.9371484508326038,6649.800000000001,9.094947017729282e-13,6649.8,6649.8,6649.800000000002,1.8189894035458565e-12,6649.800000000001,9.094947017729282e-13,27.870333109769728,20.8850172758806,32.97911087305838,19.076793268686487,0.14464565168790522,0.09546165884194054,0.09546165884194054,0.08249496981891348,0.08160071540353231,0.08048289738430583,0.07131678962664878,0.06058573664207467,0.0520903196959535,0.05097250167672703,0.05030181086519115,0.041135703107534095,0.03264028616141292,0.02526268723451822,0.019002906326849988,0.009613234965347642,0.0069304717192041135,0.8808343307219867,0.0342418404440998,0.0,0.0,0.0,0.0,0.0,0.0,0.0,0.0,0.0,0.0,0.0,0.0,0.0,0.0,0.0,0.0,0.0,0.0,0.0,0.0,0.0,0.020120724346076462,0.03353454057679411,0.32863849765258113,1.757209926224011,7.484909456740445,12.602280348759225,6.042924211938298,1.3413816230717641,0.3890006706908116,4.335191637630662,2.8060130583859566,4.0,3.794733192202055,0.9226812409580453,4.306064880112835,2.797990393337091,4.362637362637362,2.8185179782589413,1.0131378611562036,0.429,0.01639,0.0,0.0,0.0,0.0,0.0,0.0,0.0,0.0,0.0,0.0,0.0,1.267605633802815,16.955063715627098,11.462105969148226,0.31522468142186455,0.0,0.0,0.0,0.0,0.0,0.0,0.0,0.0,0.0,0.0,0.0,0.0,0.0,0.0,0.0,nan,nan,4.334608695652174,2.808069516963264,nan,0.429,0.08264,0.0,0.0,0.0,0.0,0.0,0.0,0.0,0.0,0.0,0.0,0.0,0.0,0.0,0.0,0.0,0.0,0.0,0.0,0.0,0.0,0.0,0.0,0.0002123854236530293,0.00015649452269170578,0.0007377598926894701,0.0025374469036440867,0.0017996870109546167,0.00820478426112229,0.012128325508607199,0.01398390342052314,0.010809300245919964,0.021875698636262018,0.03411580594679186,0.06259780907668232,0.04131455399061033,0.03609434384082271,0.025273865414710484,0.03615023474178404,0.04879275653923541,0.037927565392354125,0.02231164766376034,0.03350100603621731,0.032461435278336684,0.04398613905656159,0.027252403308741336,0.015291750503018108,0.04310306282137268,0.06571652135032417,0.056181533646322376,0.018108651911468814,0.060876369327073555,0.020657276995305163,0.02471495640509725,0.05177733065057009,0.01971830985915493,0.02393248379163872,0.006595126313436173,0.007411133467471496,0.008618376928236084,0.000816007154035323,0.0022579923988374695,0.0006147999105745584,0.01206125642745361,0.0,0.0026827632461435278,0.003957075788061704,0.00023474178403755868,0.00031298904538341156,0.0,0.0001341381623071764,0.0,0.0,0.0,0.0,0.0,0.0,0.0,0.0,0.0,0.0,0.0,0.0,0.0,0.0,0.0,0.0,0.0,0.0,0.0,0.0,0.0,0.0,0.0,0.0,0.0,0.0,0.0,0.0,0.0,0.0,0.0,nan,nan,4.334608695652174,2.808069516963264,nan,0.8809544543294012,0.03368913865621457,0.0,0.0,0.0,0.0,0.0,0.0,0.0,0.0,0.0,0.0,0.0,0.0,0.0,0.0,0.0,0.0,0.0,0.0,0.0,0.0,0.0,0.0,0.013210039630118893,0.3038309114927335,1.8494055482166452,7.529722589167769,12.562747688243068,5.97093791281374,1.373844121532365,0.3963011889035668,0.8807104430233317,0.034802233790047106,0.0,0.0,0.0,0.0,0.0,0.0,0.0,0.0,0.0,0.0,0.0,0.0,0.0,0.0,0.0,0.0,0.0,0.0,0.0,0.0,0.0,0.04087193460490464,0.05449591280653952,0.3542234332425057,1.6621253405994554,7.438692098092645,12.64305177111717,6.117166212534062,1.3079019073569484,0.38147138964577665,0.4292,0.01646,0.0,0.0,0.0,0.0,0.0,0.0,0.0,0.0,0.0,0.0,0.0,1.1756935270805797,16.988110964332897,11.45310435931308,0.3830911492734479,0.0,0.0,0.0,0.0,0.0,0.0,0.0,0.0,0.0,0.0,0.0,0.0,0.0,0.0,0.0,0.4287,0.01633,0.0,0.0,0.0,0.0,0.0,0.0,0.0,0.0,0.0,0.0,0.0,1.3623978201634857,16.92098092643052,11.47138964577657,0.24523160762942783,0.0,0.0,0.0,0.0,0.0,0.0,0.0,0.0,0.0,0.0,0.0,0.0,0.0,0.0,0.0
48600,4333,2175,0.50196168936072,995,908,0.4391876298176783,1239,0.5718901453957996,0.474,3.093141797961075,3.150112057866035,6.711388455538222,2.0529674364880077,6649.800000000001,9.094947017729282e-13,6649.8,6649.8,6649.800000000002,1.8189894035458565e-12,6649.800000000001,9.094947017729282e-13,28.19639972305562,21.009541774288774,33.14548449080428,19.250454206560953,0.13708746826678975,0.10108469882298639,0.09208400646203554,0.08862220170782367,0.07685206554350335,0.07385183475651973,0.07177475190399261,0.05954304177244404,0.05792753288714517,0.055158089083775674,0.04592660973921071,0.04269559196861297,0.03277175167320563,0.028156012000923148,0.017309023771059313,0.013616432033233325,0.0055388876067389795,0.8800901884216099,0.03313836879713901,0.0,0.0,0.0,0.0,0.0,0.0,0.0,0.0,0.0,0.0,0.0,0.0,0.0,0.0,0.0,0.0,0.0,0.0,0.0,0.0,0.0,0.006923609508423727,0.04846526655896609,0.33233325640433775,1.8347565197322875,7.415185783521811,12.843295638126014,6.0373874913454895,1.135471959381491,0.3461804754211863,4.516440314510365,2.878573314420674,3.5,2.5,0.7749465854237556,4.618736383442266,2.9301771246918977,4.4113924050632916,2.8195040315368063,0.9551080726056844,0.4282,0.01614,0.0,0.0,0.0,0.0,0.0,0.0,0.0,0.0,0.0,0.0,0.0,1.2739441495499635,17.43364874221094,11.001615508885301,0.2907915993537965,0.0,0.0,0.0,0.0,0.0,0.0,0.0,0.0,0.0,0.0,0.0,0.0,0.0,0.0,0.0,nan,nan,4.515714285714286,2.878448774416313,nan,0.4282,0.08246,0.0,0.0,0.0,0.0,0.0,0.0,0.0,0.0,0.0,0.0,0.0,0.0,0.0,0.0,0.0,0.0,0.0,0.0,0.0,0.0,0.0,0.0,0.0002654050311562428,0.00011539349180706209,0.0008192937918301408,0.0019847680590814676,0.0020770828525271175,0.006865912762520194,0.012600969305331179,0.014585737364412647,0.010881606277405954,0.022663281790906993,0.03497576736672052,0.06306254327255943,0.04165705054234941,0.034733441033925685,0.025513501038541428,0.03756058158319871,0.05063466420493884,0.03706438956842834,0.0256519732287099,0.03384491114701131,0.031733210246942076,0.04281098546042003,0.0289983844911147,0.015624278790676205,0.04248788368336026,0.06600507731363951,0.05399261481652435,0.017735979690745442,0.05826217401338565,0.01913224094161089,0.024544195707362104,0.053415647357489035,0.017689822294022616,0.023171013154858065,0.006196630510039234,0.008342949457650588,0.010396953611816294,0.0007154396492037849,0.0017539810754673437,0.0012462497115162704,0.01135471959381491,1.1539349180706208e-05,0.0025732748672974842,0.003819524578813755,8.077544426494346e-05,0.0001500115393491807,0.0,0.00019616893607200554,0.0,0.0,0.0,0.0,0.0,0.0,0.0,0.0,0.0,0.0,0.0,0.0,0.0,0.0,0.0,0.0,0.0,0.0,0.0,0.0,0.0,0.0,0.0,0.0,0.0,0.0,0.0,0.0,0.0,0.0,0.0,nan,nan,4.515714285714286,2.878448774416313,nan,0.8790719980481028,0.032915276974173804,0.0,0.0,0.0,0.0,0.0,0.0,0.0,0.0,0.0,0.0,0.0,0.0,0.0,0.0,0.0,0.0,0.0,0.0,0.0,0.0,0.0,0.0,0.02758620689655173,0.4275862068965504,1.9310344827586212,7.586206896551726,12.703448275862073,5.944827586206898,1.0620689655172415,0.3172413793103449,0.881116399757281,0.033330250705055596,0.0,0.0,0.0,0.0,0.0,0.0,0.0,0.0,0.0,0.0,0.0,0.0,0.0,0.0,0.0,0.0,0.0,0.0,0.0,0.0,0.0,0.0139017608897127,0.0695088044485635,0.2363299351251151,1.7377201112140876,7.242817423540317,12.984244670991663,6.130676552363301,1.209453197405005,0.3753475440222429,0.428,0.01613,0.0,0.0,0.0,0.0,0.0,0.0,0.0,0.0,0.0,0.0,0.0,1.2551724137931015,17.737931034482763,10.758620689655174,0.24827586206896557,0.0,0.0,0.0,0.0,0.0,0.0,0.0,0.0,0.0,0.0,0.0,0.0,0.0,0.0,0.0,0.4285,0.01614,0.0,0.0,0.0,0.0,0.0,0.0,0.0,0.0,0.0,0.0,0.0,1.2928637627432789,17.126969416126045,11.246524559777573,0.33364226135310476,0.0,0.0,0.0,0.0,0.0,0.0,0.0,0.0,0.0,0.0,0.0,0.0,0.0,0.0,0.0
48700,4776,2394,0.5012562814070352,1106,1009,0.4428391959798995,1356,0.5678391959798995,0.45399999999999996,2.9034424853064653,3.043471200557549,6.597285067873303,2.122733060404628,6649.800000000001,9.094947017729282e-13,6649.8,6649.8,6649.800000000001,9.094947017729282e-13,6649.8,0.0,27.469849246231156,20.682602083768323,32.40139965008748,18.97775801341365,0.14216917922948075,0.10008375209380234,0.09882747068676717,0.08333333333333333,0.08375209380234507,0.07495812395309882,0.07244556113902847,0.0661641541038526,0.052763819095477386,0.0504606365159129,0.04836683417085427,0.038107202680067,0.029103852596314907,0.024497487437185928,0.018844221105527637,0.008375209380234505,0.007747068676716918,0.8800198144499382,0.03625216894521751,0.0,0.0,0.0,0.0,0.0,0.0,0.0,0.0,0.0,0.0,0.0,0.0,0.0,0.0,0.0,0.0,0.0,0.0,0.0,0.0,0.0,0.012562814070351761,0.043969849246231166,0.5213567839195964,1.9723618090452266,7.449748743718595,12.217336683417088,5.7977386934673385,1.4949748743718596,0.48994974874371866,4.363337713534823,2.843610335487065,2.5,1.5,0.5729558801385334,4.332020997375328,2.8689666094925634,4.392247043363994,2.8171182789468876,1.0139025286408252,0.4277,0.01631,0.0,0.0,0.0,0.0,0.0,0.0,0.0,0.0,0.0,0.0,0.0,1.3128140703517568,17.32412060301508,11.124371859296485,0.23869346733668345,0.0,0.0,0.0,0.0,0.0,0.0,0.0,0.0,0.0,0.0,0.0,0.0,0.0,0.0,0.0,nan,nan,4.362114248194353,2.843337120885907,nan,0.4277,0.0822,0.0,0.0,0.0,0.0,0.0,0.0,0.0,0.0,0.0,0.0,0.0,0.0,0.0,0.0,0.0,0.0,0.0,0.0,0.0,0.0,0.0,0.0,0.00020938023450586265,8.375209380234506e-05,0.0006072026800670017,0.0013714405360134004,0.001999581239530988,0.006407035175879397,0.014614740368509212,0.01426926298157454,0.010301507537688442,0.023387772194304858,0.03505025125628141,0.06301298157453937,0.040818676716917926,0.03725921273031826,0.026915829145728643,0.03362646566164154,0.05188442211055276,0.03904941373534338,0.024361390284757117,0.03617043551088777,0.030998743718592965,0.041101340033500834,0.028412897822445563,0.015651172529313234,0.043896566164154105,0.06568257956448911,0.05495184254606365,0.018540619765494138,0.05837520938023451,0.018509212730318258,0.024361390284757117,0.049110134003350084,0.018582495812395308,0.024152010050251256,0.005768425460636516,0.008500837520938024,0.01042713567839196,0.0007014237855946399,0.002229899497487437,0.0011515912897822446,0.01149497487437186,0.0,0.0021775544388609714,0.0032977386934673367,4.187604690117253e-05,7.328308207705192e-05,0.0,0.0003873534338358459,2.0938023450586266e-05,0.0,0.0,0.0,0.0,0.0,0.0,0.0,0.0,0.0,0.0,0.0,0.0,0.0,0.0,0.0,0.0,0.0,0.0,0.0,0.0,0.0,0.0,0.0,0.0,0.0,0.0,0.0,0.0,0.0,0.0,nan,nan,4.362114248194353,2.843337120885907,nan,0.8804468499837363,0.03650597331559371,0.0,0.0,0.0,0.0,0.0,0.0,0.0,0.0,0.0,0.0,0.0,0.0,0.0,0.0,0.0,0.0,0.0,0.0,0.0,0.0,0.0,0.0,0.025062656641604016,0.5513784461152865,1.967418546365915,7.43107769423559,12.080200501253136,5.902255639097746,1.528822055137845,0.5137844611528823,0.8795906276036269,0.03599017796525058,0.0,0.0,0.0,0.0,0.0,0.0,0.0,0.0,0.0,0.0,0.0,0.0,0.0,0.0,0.0,0.0,0.0,0.0,0.0,0.0,0.0,0.025188916876574312,0.06297229219143578,0.49118387909319744,1.9773299748110835,7.468513853904284,12.3551637279597,5.692695214105795,1.4609571788413103,0.4659949622166248,0.4275,0.01642,0.0,0.0,0.0,0.0,0.0,0.0,0.0,0.0,0.0,0.0,0.0,1.3408521303258127,17.468671679198,10.952380952380956,0.23809523809523814,0.0,0.0,0.0,0.0,0.0,0.0,0.0,0.0,0.0,0.0,0.0,0.0,0.0,0.0,0.0,0.4282,0.0162,0.0,0.0,0.0,0.0,0.0,0.0,0.0,0.0,0.0,0.0,0.0,1.2846347607052877,17.17884130982368,11.29722921914358,0.23929471032745597,0.0,0.0,0.0,0.0,0.0,0.0,0.0,0.0,0.0,0.0,0.0,0.0,0.0,0.0,0.0
48800,4850,2511,0.5177319587628866,1211,961,0.44783505154639175,1323,0.5455670103092783,0.45399999999999996,2.970072680632749,3.051776729859448,6.464391691394659,2.0190654331725977,6649.800000000001,9.094947017729282e-13,6649.8,6649.8,6649.800000000002,1.8189894035458565e-12,6649.800000000001,9.094947017729282e-13,27.450103092783504,20.61840047466587,32.529950495049505,18.84614869912759,0.1420618556701031,0.10371134020618557,0.09381443298969072,0.08371134020618556,0.08123711340206186,0.08103092783505154,0.0688659793814433,0.06371134020618557,0.05917525773195876,0.04845360824742268,0.04597938144329897,0.04185567010309278,0.03422680412371134,0.019381443298969073,0.015051546391752577,0.011752577319587629,0.005979381443298969,0.8813285696137811,0.03578559394803466,0.0,0.0,0.0,0.0,0.0,0.0,0.0,0.0,0.0,0.0,0.0,0.0,0.0,0.0,0.0,0.0,0.0,0.0,0.0,0.0,0.01855670103092784,0.01855670103092784,0.07422680412371135,0.3402061855670092,1.9608247422680416,6.8659793814433,12.655670103092787,6.160824742268042,1.4288659793814438,0.4762886597938145,4.287240932642487,2.865520940980014,3.3333333333333335,3.8151743807531986,0.7775008182893974,4.254140127388535,2.867742636203269,4.31758530183727,2.8678561493984027,1.0149137481486021,0.4282,0.01639,0.0,0.0,0.0,0.0,0.0,0.0,0.0,0.0,0.0,0.0,0.0,1.3484536082474208,17.319587628865982,11.041237113402065,0.28453608247422685,0.00618556701030928,0.0,0.0,0.0,0.0,0.0,0.0,0.0,0.0,0.0,0.0,0.0,0.0,0.0,0.0,nan,nan,4.285391079508726,2.8679739574850522,nan,0.4282,0.0823,0.0,0.0,0.0,0.0,0.0,0.0,0.0,0.0,0.0,0.0,0.0,0.0,0.0,0.0,0.0,0.0,0.0,0.0,0.0,0.0,0.0,0.0,9.278350515463917e-05,0.0001443298969072165,0.0008556701030927835,0.0017835051546391753,0.001711340206185567,0.006041237113402062,0.014835051546391753,0.013412371134020619,0.010577319587628866,0.022463917525773196,0.035701030927835053,0.06295876288659794,0.040144329896907215,0.03709278350515464,0.025608247422680412,0.0347319587628866,0.05369072164948454,0.03665979381443299,0.022350515463917527,0.03628865979381443,0.03231958762886598,0.04483505154639175,0.029865979381443298,0.01488659793814433,0.043030927835051545,0.06375257731958762,0.05442268041237113,0.018896907216494844,0.05905154639175258,0.018123711340206187,0.023020618556701032,0.048237113402061854,0.019061855670103094,0.025422680412371133,0.00668041237113402,0.008835051546391753,0.01043298969072165,0.0010103092783505154,0.0024123711340206183,0.0011649484536082474,0.011484536082474227,1.0309278350515464e-05,0.0016597938144329897,0.0038969072164948453,9.278350515463917e-05,6.185567010309279e-05,0.0,0.00018556701030927834,0.0,0.0,0.0,0.0,0.0,0.0,0.0,0.0,0.0,0.0,0.0,0.0,0.0,0.0,0.0,0.0,0.0,0.0,0.0,0.0,0.0,0.0,0.0,0.0,0.0,0.0,0.0,0.0,0.0,0.0,0.0,nan,nan,4.285391079508726,2.8679739574850522,nan,0.8818150178600905,0.03616947003717693,0.0,0.0,0.0,0.0,0.0,0.0,0.0,0.0,0.0,0.0,0.0,0.0,0.0,0.0,0.0,0.0,0.0,0.0,0.0,0.0,0.03584229390681004,0.02389486260454003,0.07168458781362008,0.3106332138590194,1.7801672640382322,6.833930704898449,12.998805256869776,5.973715651135008,1.4336917562724019,0.5376344086021506,0.880806350055644,0.035361405078571405,0.0,0.0,0.0,0.0,0.0,0.0,0.0,0.0,0.0,0.0,0.0,0.0,0.0,0.0,0.0,0.0,0.0,0.0,0.0,0.0,0.0,0.01282599401453613,0.07695596408721678,0.3719538264215465,2.1547669944420695,6.900384779820437,12.287302265925613,6.361693031209921,1.4236853356135104,0.41043180846515614,0.428,0.0164,0.0,0.0,0.0,0.0,0.0,0.0,0.0,0.0,0.0,0.0,0.0,1.3978494623655895,17.55077658303465,10.776583034647553,0.27479091995221033,0.0,0.0,0.0,0.0,0.0,0.0,0.0,0.0,0.0,0.0,0.0,0.0,0.0,0.0,0.0,0.4285,0.01636,0.0,0.0,0.0,0.0,0.0,0.0,0.0,0.0,0.0,0.0,0.0,1.295425395468147,17.071398033347588,11.325352714835402,0.29499786233433095,0.01282599401453613,0.0,0.0,0.0,0.0,0.0,0.0,0.0,0.0,0.0,0.0,0.0,0.0,0.0,0.0
48900,4916,2482,0.5048820179007323,1176,1014,0.44548413344182264,1407,0.5724165988608625,0.45799999999999996,2.9823336072308955,3.048649656295842,6.5520231213872835,2.0545758769506377,6649.800000000001,9.094947017729282e-13,6649.8,6649.8,6649.800000000001,9.094947017729282e-13,6649.800000000001,9.094947017729282e-13,28.220707892595605,20.913035924753228,33.1037394451146,19.133581541121252,0.13791700569568754,0.09764035801464606,0.09377542717656631,0.08421480878763223,0.080553295362083,0.07323026851098453,0.07038242473555736,0.06285598047192839,0.061432058584214806,0.051057770545158664,0.04882017900732303,0.0435313262815297,0.03254678600488202,0.026851098454027666,0.018510984540276647,0.010984540276647681,0.005695687550854353,0.8804192724777878,0.03470701900944171,0.0,0.0,0.0,0.0,0.0,0.0,0.0,0.0,0.0,0.0,0.0,0.0,0.0,0.0,0.0,0.0,0.0,0.0,0.0,0.0,0.0,0.0,0.13425549227013836,0.3722538649308369,1.641578519121237,7.689178193653378,12.473555736371036,5.815703824247357,1.5195280716029296,0.35394629780309206,4.376062992125984,2.8221274594898786,2.0,1.0,0.45703181229307616,4.342551854179761,2.7856944919190263,4.406683480453972,2.8575566458610506,1.0147681889422882,0.4272,0.01595,0.0,0.0,0.0,0.0,0.0,0.0,0.0,0.0,0.0,0.0,0.0061025223759153795,1.171684296175751,18.234336859235153,10.3559804719284,0.23189585028478443,0.0,0.0,0.0,0.0,0.0,0.0,0.0,0.0,0.0,0.0,0.0,0.0,0.0,0.0,0.0,nan,nan,4.3745672017626696,2.821979976598537,nan,0.4272,0.0825,0.0,0.0,0.0,0.0,0.0,0.0,0.0,0.0,0.0,0.0,0.0,0.0,0.0,0.0,0.0,0.0,0.0,0.0,0.0,0.0,0.0,0.0,0.0,0.0002644426362896664,0.000823840520748576,0.0025427176566314076,0.0019121236777868186,0.00782139951179821,0.01524613506916192,0.014229048006509357,0.01033360455655004,0.022609845402766476,0.034835231895850284,0.06132017900732303,0.04315500406834825,0.035781122864117165,0.025376322213181448,0.034906427990235966,0.05369202603742881,0.03465215622457282,0.02241659886086249,0.03705248169243287,0.03293327908868999,0.044324654190398695,0.031346623270951994,0.016578519121236777,0.0447620016273393,0.06499186330349878,0.05236981285598047,0.018449959316517495,0.057434906427990234,0.01624288039056143,0.021318144833197723,0.047670870626525634,0.019639951179820994,0.025508543531326283,0.006570382424735557,0.008889340927583401,0.009397884458909683,0.0006204231082180635,0.0023291293734743696,0.000854353132628153,0.012652563059397885,3.051261187957689e-05,0.0013934092758340114,0.004363303498779496,0.00015256305939788446,6.102522375915378e-05,0.0,0.0001322213181448332,1.017087062652563e-05,0.0,0.0,0.0,0.0,0.0,0.0,0.0,0.0,0.0,0.0,0.0,0.0,0.0,0.0,0.0,0.0,0.0,0.0,0.0,0.0,0.0,0.0,0.0,0.0,0.0,0.0,0.0,0.0,0.0,0.0,nan,nan,4.3745672017626696,2.821979976598537,nan,0.8808422013696983,0.03474222612834438,0.0,0.0,0.0,0.0,0.0,0.0,0.0,0.0,0.0,0.0,0.0,0.0,0.0,0.0,0.0,0.0,0.0,0.0,0.0,0.0,0.0,0.0,0.15713134568896056,0.31426269137792007,1.6680096696212736,7.626913779210316,12.2925060435133,6.14020950846092,1.4504431909750206,0.3505237711522966,0.8799880031640156,0.03466576772787705,0.0,0.0,0.0,0.0,0.0,0.0,0.0,0.0,0.0,0.0,0.0,0.0,0.0,0.0,0.0,0.0,0.0,0.0,0.0,0.0,0.0,0.0,0.11092851273623668,0.43138866064091896,1.614626129827445,7.75267050123254,12.658175842235007,5.484798685291702,1.5899753492193924,0.35743631881676263,0.427,0.01605,0.0,0.0,0.0,0.0,0.0,0.0,0.0,0.0,0.0,0.0,0.0,1.2933118452860577,18.42062852538276,10.056406124093476,0.22965350523771158,0.0,0.0,0.0,0.0,0.0,0.0,0.0,0.0,0.0,0.0,0.0,0.0,0.0,0.0,0.0,0.4277,0.01581,0.0,0.0,0.0,0.0,0.0,0.0,0.0,0.0,0.0,0.0,0.012325390304026297,1.0476581758422334,18.0443714050945,10.661462612982747,0.23418241577649965,0.0,0.0,0.0,0.0,0.0,0.0,0.0,0.0,0.0,0.0,0.0,0.0,0.0,0.0,0.0
49000,5001,2559,0.5116976604679064,1234,994,0.4455108978204359,1404,0.5614877024595081,0.45399999999999996,3.0720720720720722,3.1272045665466184,6.694101508916324,1.946748066286875,6649.800000000002,1.8189894035458565e-12,6649.8,6649.8,6649.800000000001,9.094947017729282e-13,6649.800000000002,1.8189894035458565e-12,27.920415916816637,20.760536243891963,32.57442793111583,19.124418916974825,0.13197360527894422,0.10577884423115377,0.09518096380723855,0.09258148370325935,0.07838432313537293,0.0691861627674465,0.0665866826634673,0.06858628274345131,0.0591881623675265,0.05598880223955209,0.04599080183963208,0.03799240151969606,0.03119376124775045,0.02499500099980004,0.019596080783843232,0.010397920415916816,0.00639872025594881,0.8806626300672559,0.03553098671115944,0.0,0.0,0.0,0.0,0.0,0.0,0.0,0.0,0.0,0.0,0.0,0.0,0.0,0.0,0.0,0.0,0.0,0.0,0.0,0.0,0.0,0.011997600479904022,0.05998800239952011,0.36592681463707144,2.0395920815836837,7.114577084583085,12.747450509898023,5.782843431313739,1.3197360527894424,0.557888422315537,4.407107231920199,2.882482021533077,2.0,1.4142135623730951,0.4538124204272174,4.339184952978057,2.9094485511430697,4.468150896722325,2.8539603239576237,1.0297212368548054,0.4268,0.01614,0.0,0.0,0.0,0.0,0.0,0.0,0.0,0.0,0.0,0.0,0.0,1.4757048590281923,18.104379124175168,10.245950809838035,0.17396520695860831,0.0,0.0,0.0,0.0,0.0,0.0,0.0,0.0,0.0,0.0,0.0,0.0,0.0,0.0,0.0,nan,nan,4.404109589041096,2.8823693118264027,nan,0.4268,0.08276,0.0,0.0,0.0,0.0,0.0,0.0,0.0,0.0,0.0,0.0,0.0,0.0,0.0,0.0,0.0,0.0,0.0,0.0,0.0,0.0,0.0,0.0,9.998000399920016e-06,0.0004199160167966407,0.0005198960207958408,0.003189362127574485,0.0016496700659868026,0.0072685462907418515,0.016736652669466105,0.014597080583883223,0.009008198360327934,0.023585282943411317,0.0378624275144971,0.06195760847830434,0.042021595680863826,0.03580283943211358,0.024045190961807638,0.034263147370525895,0.05469906018796241,0.034463107378524295,0.021875624875024997,0.03862227554489102,0.03377324535092981,0.04524095180963807,0.03167366526694661,0.014937012597480504,0.04174165166966606,0.06412717456508699,0.05138972205558888,0.017416516696660667,0.05968806238752249,0.016496700659868028,0.020175964807038593,0.045940811837632475,0.020565886822635472,0.0269246150769846,0.006688662267546491,0.009148170365926815,0.009118176364727055,0.0007498500299940012,0.0020695860827834433,0.0004399120175964807,0.013417316536692661,5.99880023995201e-05,0.0017096580683863228,0.0034993001399720057,0.0001199760047990402,1.9996000799840032e-05,0.0,0.0002599480103979204,9.998000399920016e-06,0.0,0.0,0.0,0.0,0.0,0.0,0.0,0.0,0.0,0.0,0.0,0.0,0.0,0.0,0.0,0.0,0.0,0.0,0.0,0.0,0.0,0.0,0.0,0.0,0.0,0.0,0.0,0.0,0.0,0.0,nan,nan,4.404109589041096,2.8823693118264027,nan,0.8800210121228574,0.03505925315334606,0.0,0.0,0.0,0.0,0.0,0.0,0.0,0.0,0.0,0.0,0.0,0.0,0.0,0.0,0.0,0.0,0.0,0.0,0.0,0.0,0.0,0.0,0.058616647127784305,0.3868698710433751,2.0633059788980073,7.209847596717469,12.860492379835875,5.697538100820634,1.254396248534584,0.46893317702227444,0.8813349889205383,0.03600642695378463,0.0,0.0,0.0,0.0,0.0,0.0,0.0,0.0,0.0,0.0,0.0,0.0,0.0,0.0,0.0,0.0,0.0,0.0,0.0,0.0,0.0,0.024570024570024575,0.061425061425061434,0.3439803439803429,2.014742014742015,7.0147420147420165,12.628992628992632,5.872235872235874,1.3882063882063886,0.6511056511056513,0.4268,0.01616,0.0,0.0,0.0,0.0,0.0,0.0,0.0,0.0,0.0,0.0,0.0,1.5592028135990599,17.96014067995311,10.339976553341153,0.14067995310668233,0.0,0.0,0.0,0.0,0.0,0.0,0.0,0.0,0.0,0.0,0.0,0.0,0.0,0.0,0.0,0.427,0.01613,0.0,0.0,0.0,0.0,0.0,0.0,0.0,0.0,0.0,0.0,0.0,1.3882063882063862,18.255528255528258,10.147420147420151,0.20884520884520888,0.0,0.0,0.0,0.0,0.0,0.0,0.0,0.0,0.0,0.0,0.0,0.0,0.0,0.0,0.0
49100,4931,2472,0.5013181910363009,1233,993,0.4514297302778341,1426,0.5783816670046644,0.3819999999999999,2.9101260675071168,2.9104248030010984,6.048655569782331,1.9579939197930545,6649.800000000001,9.094947017729282e-13,6649.8,6649.8,6649.800000000001,9.094947017729282e-13,6649.800000000001,9.094947017729282e-13,28.67755019265869,20.590232560671097,33.22863247863248,18.808443748740707,0.12796592983167715,0.09328736564591361,0.09024538633137294,0.08416142770229162,0.08010545528290408,0.08071385114581221,0.06976272561346583,0.06935712837152708,0.06185357939566011,0.059217197323058204,0.052119245589129996,0.037720543500304196,0.034881362806732916,0.026363820726019064,0.01662948691948895,0.007909146217805718,0.007706347596836341,0.8826506679741274,0.035615056053938735,0.0,0.0,0.0,0.0,0.0,0.0,0.0,0.0,0.0,0.0,0.0,0.0,0.0,0.0,0.0,0.0,0.0,0.0,0.0,0.0,0.0,0.01825187588724397,0.054755627661731913,0.3893733522612034,1.6791725816264453,6.996552423443522,12.216588927195298,6.442912188197122,1.7643480024335838,0.4380450212938553,4.0950628641521005,2.678896967812693,5.5,2.29128784747792,1.3430807248764416,4.043504901960785,2.6925722940711365,4.150122549019608,2.664929731752381,1.026367631459312,0.4263,0.0167,0.0,0.0,0.0,0.0,0.0,0.0,0.0,0.0,0.0,0.0,0.006083958629081324,1.7521800851754181,18.081525045629693,9.84384506185358,0.31636584871222884,0.0,0.0,0.0,0.0,0.0,0.0,0.0,0.0,0.0,0.0,0.0,0.0,0.0,0.0,0.0,nan,nan,4.096784073506892,2.678907244062112,nan,0.4263,0.0831,0.0,0.0,0.0,0.0,0.0,0.0,0.0,0.0,0.0,0.0,0.0,0.0,0.0,0.0,0.0,0.0,0.0,0.0,0.0,0.0,0.0,0.0,0.0,0.0002433583451632529,0.000547556276617319,0.0030115595213952547,0.0018353275197728655,0.007412289596430744,0.017542080713851146,0.014165483674711012,0.008588521598053133,0.02512674913810586,0.03947475157168931,0.06297911174204016,0.04259785033461772,0.03765970391401338,0.02432569458527682,0.032975055769620766,0.05409653214358142,0.03355303183938349,0.019965524234435206,0.03714256743054147,0.03394848915027378,0.04543703102818901,0.03042993307645508,0.015331575745284933,0.04040762522814845,0.06545325491786656,0.05057797606976273,0.017085783816670048,0.06128574325694585,0.017217602920300144,0.019712025958223484,0.04612654633948489,0.020066923544919894,0.02674913810586088,0.005820320421821131,0.009217197323058203,0.009541675116609208,0.0003548975866964105,0.001490569864124924,0.0006185357939566011,0.014043804502129385,7.097951733928209e-05,0.0013790306225917664,0.003984992902048266,0.00014195903467856418,2.0279862096937742e-05,0.0,0.0002433583451632529,0.0,0.0,0.0,0.0,0.0,0.0,0.0,0.0,0.0,0.0,0.0,0.0,0.0,0.0,0.0,0.0,0.0,0.0,0.0,0.0,0.0,0.0,0.0,0.0,0.0,0.0,0.0,0.0,0.0,0.0,0.0,nan,nan,4.096784073506892,2.678907244062112,nan,0.8823403392505491,0.035453942028714595,0.0,0.0,0.0,0.0,0.0,0.0,0.0,0.0,0.0,0.0,0.0,0.0,0.0,0.0,0.0,0.0,0.0,0.0,0.0,0.0,0.0,0.02427184466019418,0.07281553398058253,0.40048543689320265,1.492718446601942,7.25728155339806,12.524271844660197,6.019417475728157,1.747572815533981,0.4611650485436894,0.8829626373131617,0.03577357720467971,0.0,0.0,0.0,0.0,0.0,0.0,0.0,0.0,0.0,0.0,0.0,0.0,0.0,0.0,0.0,0.0,0.0,0.0,0.0,0.0,0.0,0.012200081333875562,0.03660024400162668,0.37820252135014115,1.866612444082961,6.73444489629931,11.90727938186255,6.868645790971941,1.781211874745832,0.41480276535176913,0.426,0.01646,0.0,0.0,0.0,0.0,0.0,0.0,0.0,0.0,0.0,0.0,0.0,1.8203883495145605,18.543689320388353,9.38106796116505,0.2548543689320389,0.0,0.0,0.0,0.0,0.0,0.0,0.0,0.0,0.0,0.0,0.0,0.0,0.0,0.0,0.0,0.4268,0.01692,0.0,0.0,0.0,0.0,0.0,0.0,0.0,0.0,0.0,0.0,0.012200081333875562,1.6836112240748247,17.61691744611631,10.309068727124851,0.37820252135014243,0.0,0.0,0.0,0.0,0.0,0.0,0.0,0.0,0.0,0.0,0.0,0.0,0.0,0.0,0.0
49200,4116,2068,0.5024295432458697,936,830,0.4290573372206025,1145,0.5563654033041788,0.47,2.865234375,3.0478607930511457,6.404553415061296,2.0737489259593143,6649.800000000002,1.8189894035458565e-12,6649.8,6649.8,6649.800000000002,1.8189894035458565e-12,6649.800000000002,1.8189894035458565e-12,28.114431486880466,21.143300135376137,32.973494670123884,19.464300451852665,0.13702623906705538,0.10131195335276968,0.1032555879494655,0.09086491739552964,0.07094266277939747,0.06997084548104957,0.06268221574344024,0.0597667638483965,0.05587949465500486,0.05782312925170068,0.0500485908649174,0.04178814382896016,0.03620019436345967,0.026482021379980562,0.017735665694849367,0.011661807580174927,0.006559766763848397,0.8811896122318663,0.035388941130930315,0.0,0.0,0.0,0.0,0.0,0.0,0.0,0.0,0.0,0.0,0.0,0.0,0.0,0.0,0.0,0.0,0.0,0.0,0.0,0.0,0.0,0.02186588921282799,0.09475218658892132,0.41545189504373053,1.9679300291545194,6.771137026239069,12.798833819241986,5.983965014577262,1.494169096209913,0.4518950437317785,4.194815097216927,2.813117351930221,3.3333333333333335,4.0276819911981905,0.794631767093823,4.2696879643387815,2.7968756806063935,4.1140625,2.831649651015067,0.9635510918740213,0.4263,0.01665,0.0,0.0,0.0,0.0,0.0,0.0,0.0,0.0,0.0,0.0,0.0,1.508746355685129,18.352769679300295,9.846938775510205,0.29154518950437325,0.0,0.0,0.0,0.0,0.0,0.0,0.0,0.0,0.0,0.0,0.0,0.0,0.0,0.0,0.0,nan,nan,4.193830921553694,2.8149543576029976,nan,0.4265,0.08344,0.0,0.0,0.0,0.0,0.0,0.0,0.0,0.0,0.0,0.0,0.0,0.0,0.0,0.0,0.0,0.0,0.0,0.0,0.0,0.0,0.0,0.0,0.0,0.00040087463556851314,0.000619533527696793,0.0036686103012633624,0.0024052478134110786,0.007592322643343052,0.017893586005830905,0.014407191448007775,0.00816326530612245,0.024319727891156464,0.0401603498542274,0.06230563654033042,0.04064625850340136,0.03740281827016521,0.025498056365403303,0.03355199222546161,0.053717201166180756,0.03217930029154519,0.01924198250728863,0.036807580174927114,0.03380709426627794,0.04516520894071915,0.031025267249757047,0.016472303206997083,0.040609815354713315,0.0663022351797862,0.049927113702623906,0.017261904761904763,0.06206268221574344,0.017103984450923225,0.019691448007774538,0.04814139941690962,0.01869533527696793,0.02586248785228377,0.004919825072886298,0.009037900874635569,0.009803206997084549,0.00023080660835762877,0.002162293488824101,0.00040087463556851314,0.014856656948493684,0.00018221574344023323,0.0007288629737609329,0.0038508260447035958,0.00017006802721088434,0.0001336248785228377,7.28862973760933e-05,0.0003401360544217687,0.0,0.0,0.0,0.0,0.0,0.0,0.0,0.0,0.0,0.0,0.0,0.0,0.0,0.0,0.0,0.0,0.0,0.0,0.0,0.0,0.0,0.0,0.0,0.0,0.0,0.0,0.0,0.0,0.0,0.0,0.0,nan,nan,4.193830921553694,2.8149543576029976,nan,0.8811258340769625,0.035704187898059334,0.0,0.0,0.0,0.0,0.0,0.0,0.0,0.0,0.0,0.0,0.0,0.0,0.0,0.0,0.0,0.0,0.0,0.0,0.0,0.0,0.0,0.0,0.10154738878143137,0.3916827852998054,2.2630560928433274,6.513539651837526,12.69342359767892,5.99129593810445,1.6827852998065769,0.3626692456479691,0.8812540132203139,0.03506762259416361,0.0,0.0,0.0,0.0,0.0,0.0,0.0,0.0,0.0,0.0,0.0,0.0,0.0,0.0,0.0,0.0,0.0,0.0,0.0,0.0,0.0,0.04394531250000001,0.08789062500000001,0.4394531249999986,1.6699218750000004,7.031250000000002,12.905273437500004,5.976562500000001,1.3037109375000002,0.5419921875000001,0.4263,0.0168,0.0,0.0,0.0,0.0,0.0,0.0,0.0,0.0,0.0,0.0,0.0,1.450676982591874,18.42359767891683,9.777562862669248,0.34816247582205034,0.0,0.0,0.0,0.0,0.0,0.0,0.0,0.0,0.0,0.0,0.0,0.0,0.0,0.0,0.0,0.4265,0.0165,0.0,0.0,0.0,0.0,0.0,0.0,0.0,0.0,0.0,0.0,0.0,1.5673828124999978,18.281250000000004,9.916992187500002,0.23437500000000006,0.0,0.0,0.0,0.0,0.0,0.0,0.0,0.0,0.0,0.0,0.0,0.0,0.0,0.0,0.0
49300,4277,2179,0.5094692541501052,1038,853,0.442132335749357,1170,0.547112462006079,0.46199999999999997,2.957578646329838,3.06563290363803,6.589743589743589,1.9826333440625936,6649.800000000001,9.094947017729282e-13,6649.8,6649.8,6649.800000000001,9.094947017729282e-13,6649.800000000002,1.8189894035458565e-12,27.48702361468319,20.665027909298292,32.32878619153675,19.013026711131655,0.13888239420154314,0.10989010989010989,0.09492635024549918,0.0823006780453589,0.08393733925648819,0.07177928454524199,0.06616787467851297,0.0652326397007248,0.05845218611176058,0.05167173252279635,0.049099836333878884,0.04185176525602057,0.03133037175590367,0.02127659574468085,0.017535655833528174,0.010287584755669862,0.005377601122281974,0.8816179484721236,0.034178468379097784,0.0,0.0,0.0,0.0,0.0,0.0,0.0,0.0,0.0,0.0,0.0,0.0,0.0,0.0,0.0,0.0,0.0,0.0,0.0,0.0,0.0,0.007014262333411271,0.028057049333645084,0.3857844283376186,1.7114800093523501,7.3579611877484234,12.331073182137015,6.2637362637362655,1.494037877016601,0.4208557400046763,4.300367647058824,2.8294407855534436,5.0,0.0,1.1626912883645377,4.2364963503649635,2.831441713508152,4.365925925925926,2.8259685448948746,1.0305510886489522,0.4265,0.01643,0.0,0.0,0.0,0.0,0.0,0.0,0.0,0.0,0.0,0.0,0.0,1.648351648351646,18.131868131868135,9.974281038110828,0.2454991816693945,0.0,0.0,0.0,0.0,0.0,0.0,0.0,0.0,0.0,0.0,0.0,0.0,0.0,0.0,0.0,nan,nan,4.300624770305035,2.8289525943872134,nan,0.4265,0.0831,0.0,0.0,0.0,0.0,0.0,0.0,0.0,0.0,0.0,0.0,0.0,0.0,0.0,0.0,0.0,0.0,0.0,0.0,0.0,0.0,0.0,0.0,0.0,0.0005845218611176058,0.0007832592938975917,0.003600654664484452,0.001999064765022212,0.0075403320084171145,0.01868131868131868,0.01441430909516016,0.007049333645078326,0.023673135375263034,0.03996960486322188,0.06262567220014029,0.037023614683189154,0.03708206686930091,0.026443768996960486,0.035410334346504556,0.05379939209726444,0.03197334580313304,0.018880056114098667,0.03678980593874211,0.03577273790039748,0.04653963058218377,0.03218377367313537,0.016822539162964695,0.03993453355155483,0.06413373860182371,0.049766191255552955,0.019300911854103344,0.061012391863455695,0.016495206920738834,0.01985036240355389,0.05197568389057751,0.018529342997428103,0.024047229366378303,0.0038578442833761984,0.008627542670095861,0.010077156885667524,0.00018704699555763385,0.002010755202244564,0.0004091653027823241,0.014659808276829554,9.352349777881692e-05,0.0006897357961187749,0.0036824877250409165,8.183306055646482e-05,0.00010521393500116904,0.00016366612111292964,0.0006663549216740706,0.0,0.0,0.0,0.0,0.0,0.0,0.0,0.0,0.0,0.0,0.0,0.0,0.0,0.0,0.0,0.0,0.0,0.0,0.0,0.0,0.0,0.0,0.0,0.0,0.0,0.0,0.0,0.0,0.0,0.0,0.0,nan,nan,4.300624770305035,2.8289525943872134,nan,0.8820747585130317,0.034130346244863885,0.0,0.0,0.0,0.0,0.0,0.0,0.0,0.0,0.0,0.0,0.0,0.0,0.0,0.0,0.0,0.0,0.0,0.0,0.0,0.0,0.0,0.0,0.013767783386874717,0.34419458467186675,1.789811840293713,7.117944011014228,12.446076181734744,6.236805874254247,1.652134006424966,0.3992657182193668,0.8811435018185778,0.034221922018204454,0.0,0.0,0.0,0.0,0.0,0.0,0.0,0.0,0.0,0.0,0.0,0.0,0.0,0.0,0.0,0.0,0.0,0.0,0.0,0.0,0.0,0.014299332697807438,0.04289799809342231,0.42897998093422174,1.630123927550048,7.6072449952335575,12.211630123927554,6.291706387035274,1.3298379408960916,0.4432793136320306,0.4265,0.01625,0.0,0.0,0.0,0.0,0.0,0.0,0.0,0.0,0.0,0.0,0.0,1.6245984396512139,18.44882973841212,9.651216154199176,0.2753556677374943,0.0,0.0,0.0,0.0,0.0,0.0,0.0,0.0,0.0,0.0,0.0,0.0,0.0,0.0,0.0,0.4268,0.01662,0.0,0.0,0.0,0.0,0.0,0.0,0.0,0.0,0.0,0.0,0.0,1.6730219256434675,17.80266920877026,10.309818875119163,0.2144899904671116,0.0,0.0,0.0,0.0,0.0,0.0,0.0,0.0,0.0,0.0,0.0,0.0,0.0,0.0,0.0
49400,4201,2158,0.5136872173292073,982,863,0.43918114734587005,1182,0.5627231611521066,0.45799999999999996,2.9094468918257466,3.009387147073796,6.424028268551237,2.097547455439995,6649.800000000002,1.8189894035458565e-12,6649.8,6649.8,6649.800000000001,9.094947017729282e-13,6649.800000000002,1.8189894035458565e-12,28.280171387764817,21.179115293317082,33.25537938844847,19.428846632808803,0.13972863603903832,0.09997619614377529,0.09283503927636277,0.08664603665793859,0.07974291835277315,0.07093549154963104,0.06712687455367769,0.06498452749345394,0.05451083075458224,0.05117829088312307,0.04498928826469888,0.04403713401571054,0.03737205427279219,0.028564627469650085,0.019281123542013806,0.011663889550107118,0.006427041180671268,0.8820501067359741,0.03486884991442947,0.0,0.0,0.0,0.0,0.0,0.0,0.0,0.0,0.0,0.0,0.0,0.0,0.0,0.0,0.0,0.0,0.0,0.0,0.0,0.0,0.0,0.014282313734825046,0.057129254939300184,0.34991668650321245,1.706736491311593,7.084027612473222,12.497024517971916,6.2699357295881954,1.5853368245655801,0.4356105689121639,4.257531227038942,2.7989495385616174,4.0,0.0,0.9395116058331177,4.248898678414097,2.7649770172703962,4.266176470588236,2.8325373313628215,1.0040664166133018,0.4255,0.01657,0.0,0.0,0.0,0.0,0.0,0.0,0.0,0.0,0.0,0.0,0.0,1.870983099262078,18.417043561056893,9.48345631992383,0.22851701975720073,0.0,0.0,0.0,0.0,0.0,0.0,0.0,0.0,0.0,0.0,0.0,0.0,0.0,0.0,0.0,nan,nan,4.2574366507528465,2.798439895614251,nan,0.4255,0.0829,0.0,0.0,0.0,0.0,0.0,0.0,0.0,0.0,0.0,0.0,0.0,0.0,0.0,0.0,0.0,0.0,0.0,0.0,0.0,0.0,4.7607712449416804e-05,0.0,0.0,0.0007498214710783147,0.0007617233991906689,0.0036657938586050942,0.0018090930730778386,0.008926446084265651,0.01915020233277791,0.015377291121161629,0.006462746965008331,0.022601761485360628,0.040264222804094266,0.061092597000714115,0.03840752201856701,0.03701499642942157,0.02764817900499881,0.03358724113306356,0.0545227326826946,0.031432992144727445,0.019566769816710308,0.03821709116876934,0.03615805760533206,0.04817900499880981,0.0311592477981433,0.016246131873363486,0.039312068555105925,0.06862651749583433,0.0472982623184956,0.021030706974529873,0.059426327064984526,0.01806712687455368,0.019483456319923827,0.050606998333730065,0.01654368007617234,0.023137348250416568,0.0037491073553915736,0.008462270887883837,0.008569388240895025,0.00023803856224708403,0.0018090930730778386,0.0003332539871459176,0.014627469650083314,8.33134967864794e-05,0.00059509640561771,0.0035943822899309687,0.0001666269935729588,8.33134967864794e-05,9.521542489883361e-05,0.001011663889550107,0.0,0.0,0.0,0.0,0.0,0.0,0.0,0.0,0.0,0.0,0.0,0.0,0.0,0.0,0.0,0.0,0.0,0.0,0.0,0.0,0.0,0.0,0.0,0.0,0.0,0.0,0.0,0.0,0.0,0.0,0.0,nan,nan,4.2574366507528465,2.798439895614251,nan,0.8818315568624325,0.03393113261356214,0.0,0.0,0.0,0.0,0.0,0.0,0.0,0.0,0.0,0.0,0.0,0.0,0.0,0.0,0.0,0.0,0.0,0.0,0.0,0.0,0.0,0.0139017608897127,0.041705282669138095,0.31974050046339103,1.5987025023169605,7.159406858202041,12.692307692307695,6.3253012048192785,1.445783132530121,0.4031510658016683,0.882280958731619,0.03583126307766367,0.0,0.0,0.0,0.0,0.0,0.0,0.0,0.0,0.0,0.0,0.0,0.0,0.0,0.0,0.0,0.0,0.0,0.0,0.0,0.0,0.0,0.014684287812041119,0.0734214390602056,0.3817914831130678,1.8208516886930988,7.004405286343614,12.290748898678418,6.211453744493394,1.732745961820852,0.4698972099853158,0.4253,0.0165,0.0,0.0,0.0,0.0,0.0,0.0,0.0,0.0,0.0,0.0,0.0,1.9462465245597746,18.683966635773867,9.119555143651532,0.2502316960148286,0.0,0.0,0.0,0.0,0.0,0.0,0.0,0.0,0.0,0.0,0.0,0.0,0.0,0.0,0.0,0.426,0.01663,0.0,0.0,0.0,0.0,0.0,0.0,0.0,0.0,0.0,0.0,0.0,1.7914831130690134,18.135095447870782,9.867841409691632,0.20558002936857567,0.0,0.0,0.0,0.0,0.0,0.0,0.0,0.0,0.0,0.0,0.0,0.0,0.0,0.0,0.0
49500,4302,2152,0.500232450023245,977,937,0.44490934449093444,1207,0.5611343561134357,0.46199999999999997,2.926046511627907,3.0283345177382635,6.415711947626841,2.132443319175726,6649.800000000001,9.094947017729282e-13,6649.8,6649.8,6649.800000000002,1.8189894035458565e-12,6649.800000000002,1.8189894035458565e-12,27.648535564853557,20.72317927848417,32.621426588953646,18.97250757848113,0.1399349139934914,0.10227801022780102,0.09669920966992096,0.0894932589493259,0.07670850767085077,0.07252440725244072,0.06462110646211065,0.06671315667131567,0.06345885634588563,0.050441655044165506,0.046722454672245464,0.04137610413761041,0.032543003254300325,0.02394235239423524,0.017433751743375175,0.009762900976290097,0.005346350534635054,0.8832740985560229,0.03414631327938869,0.0,0.0,0.0,0.0,0.0,0.0,0.0,0.0,0.0,0.0,0.0,0.0,0.0,0.0,0.0,0.0,0.0,0.0,0.0,0.0,0.0,0.020920502092050212,0.06276150627615064,0.3138075313807522,1.3528591352859138,6.88284518828452,12.907949790794982,6.4923291492329165,1.464435146443515,0.5020920502092051,4.322015334063527,2.796361172487163,5.0,1.4142135623730951,1.1568677141409023,4.395484340859432,2.7688639242674045,4.24981738495252,2.819705579948736,0.9668598623926776,0.4255,0.01677,0.0,0.0,0.0,0.0,0.0,0.0,0.0,0.0,0.0,0.0,0.0,2.0711297071129677,18.375174337517436,9.351464435146445,0.20223152022315208,0.0,0.0,0.0,0.0,0.0,0.0,0.0,0.0,0.0,0.0,0.0,0.0,0.0,0.0,0.0,nan,nan,4.322757111597374,2.7953123178160837,nan,0.4255,0.083,0.0,0.0,0.0,0.0,0.0,0.0,0.0,0.0,0.0,0.0,0.0,0.0,0.0,0.0,0.0,0.0,0.0,0.0,0.0,0.0,0.00016271501627150163,0.0,5.811250581125058e-05,0.0009298000929800093,0.0008251975825197583,0.0035681078568107856,0.0014411901441190144,0.010739191073919107,0.020583449558344957,0.014667596466759646,0.006055323105532311,0.02207112970711297,0.037192003719200374,0.06206415620641562,0.03709902370990237,0.03662250116225012,0.026487680148768015,0.03605299860529986,0.057496513249651326,0.03296141329614133,0.01915388191538819,0.03814504881450488,0.035529986052998605,0.046292422129242214,0.0301487680148768,0.016155276615527663,0.03947001394700139,0.0701999070199907,0.04702463970246397,0.02209437470943747,0.05856578335657833,0.017456996745699675,0.01886331938633194,0.051371455137145514,0.014865178986517898,0.023442584844258485,0.0042887029288702925,0.00906555090655509,0.007310553231055323,0.0002208275220827522,0.0019409576940957695,0.0005346350534635053,0.014888423988842398,2.3245002324500234e-05,0.0005578800557880056,0.004253835425383543,0.00016271501627150163,0.00020920502092050208,0.0,0.0006857275685727568,0.0,0.0,0.0,0.0,0.0,0.0,0.0,0.0,0.0,0.0,0.0,0.0,0.0,0.0,0.0,0.0,0.0,0.0,0.0,0.0,0.0,0.0,0.0,0.0,0.0,0.0,0.0,0.0,0.0,0.0,0.0,nan,nan,4.322757111597374,2.7953123178160837,nan,0.8836784218489903,0.03483666807614966,0.0,0.0,0.0,0.0,0.0,0.0,0.0,0.0,0.0,0.0,0.0,0.0,0.0,0.0,0.0,0.0,0.0,0.0,0.0,0.0,0.0,0.027881040892193315,0.04182156133828997,0.32063197026022205,1.4776951672862457,6.942379182156135,12.421003717472122,6.593866171003719,1.631040892193309,0.5436802973977696,0.8828693991483644,0.033436152100337145,0.0,0.0,0.0,0.0,0.0,0.0,0.0,0.0,0.0,0.0,0.0,0.0,0.0,0.0,0.0,0.0,0.0,0.0,0.0,0.0,0.0,0.013953488372093027,0.08372093023255815,0.30697674418604554,1.2279069767441864,6.82325581395349,13.395348837209307,6.390697674418607,1.2976744186046514,0.4604651162790699,0.4258,0.01686,0.0,0.0,0.0,0.0,0.0,0.0,0.0,0.0,0.0,0.0,0.0,2.0353159851301084,18.331784386617105,9.368029739776953,0.2648698884758365,0.0,0.0,0.0,0.0,0.0,0.0,0.0,0.0,0.0,0.0,0.0,0.0,0.0,0.0,0.0,0.4253,0.01666,0.0,0.0,0.0,0.0,0.0,0.0,0.0,0.0,0.0,0.0,0.0,2.1069767441860434,18.418604651162795,9.334883720930234,0.13953488372093026,0.0,0.0,0.0,0.0,0.0,0.0,0.0,0.0,0.0,0.0,0.0,0.0,0.0,0.0,0.0
49600,4310,2231,0.5176334106728538,1042,892,0.4487238979118329,1205,0.5591647331786543,0.45399999999999996,2.9509379509379507,3.021726335818478,6.495636998254799,2.129014672872119,6649.800000000002,1.8189894035458565e-12,6649.8,6649.8,6649.800000000001,9.094947017729282e-13,6649.800000000001,9.094947017729282e-13,28.40092807424594,21.13232641136114,33.230241492864984,19.40934786858443,0.13851508120649653,0.09605568445475637,0.08909512761020881,0.08375870069605569,0.08700696055684455,0.08004640371229699,0.06682134570765662,0.06264501160092807,0.05962877030162413,0.050580046403712296,0.045475638051044084,0.03433874709976798,0.03781902552204176,0.023897911832946636,0.02296983758700696,0.012993039443155453,0.008352668213457077,0.8838274705161074,0.03500315715488581,0.0,0.0,0.0,0.0,0.0,0.0,0.0,0.0,0.0,0.0,0.0,0.0,0.0,0.0,0.0,0.0,0.0,0.0,0.0,0.0,0.006960556844547565,0.01392111368909513,0.04176334106728539,0.34106728538282954,1.5382830626450121,6.654292343387473,12.54988399071926,6.709976798143853,1.6009280742459402,0.5429234338747101,4.215714285714285,2.80940439617092,4.0,2.0816659994661326,0.9488309047780414,4.239316239316239,2.8599291903938404,4.191155492154065,2.754942430369904,0.9886395011734388,0.4263,0.0163,0.0,0.0,0.0,0.0,0.0,0.0,0.0,0.0,0.0,0.0,0.0,1.559164733178652,18.60556844547564,9.619489559164736,0.21577726218097454,0.0,0.0,0.0,0.0,0.0,0.0,0.0,0.0,0.0,0.0,0.0,0.0,0.0,0.0,0.0,nan,nan,4.215253029223093,2.8080671874830267,nan,0.4263,0.0832,0.0,0.0,0.0,0.0,0.0,0.0,0.0,0.0,0.0,0.0,0.0,0.0,0.0,0.0,0.0,0.0,0.0,0.0,0.0,0.0,0.00039443155452436197,1.160092807424594e-05,0.00010440835266821346,0.0006728538283062645,0.0006612529002320186,0.004535962877030162,0.002296983758700696,0.008874709976798144,0.020150812064965197,0.014663573085846867,0.005278422273781902,0.01931554524361949,0.03575406032482598,0.06406032482598607,0.03631090487238979,0.0357308584686775,0.025464037122969838,0.039663573085846865,0.058213457076566125,0.03317865429234339,0.020765661252900233,0.03849187935034803,0.034779582366589325,0.04684454756380511,0.02668213457076566,0.015464037122969837,0.03651972157772622,0.06947795823665893,0.04846867749419954,0.02254060324825986,0.060893271461716934,0.017645011600928073,0.018271461716937356,0.05142691415313225,0.015394431554524362,0.025301624129930395,0.004037122969837587,0.011194895591647332,0.00685614849187935,0.0004756380510440835,0.001925754060324826,0.0007308584686774942,0.01462877030162413,4.640371229698376e-05,0.0006496519721577726,0.00419953596287703,0.00017401392111368908,0.0002900232018561485,0.0,0.00048723897911832946,0.0,0.0,0.0,0.0,0.0,0.0,0.0,0.0,0.0,0.0,0.0,0.0,0.0,0.0,0.0,0.0,0.0,0.0,0.0,0.0,0.0,0.0,0.0,0.0,0.0,0.0,0.0,0.0,0.0,0.0,0.0,nan,nan,4.215253029223093,2.8080671874830267,nan,0.8840314495301684,0.0353985698151392,0.0,0.0,0.0,0.0,0.0,0.0,0.0,0.0,0.0,0.0,0.0,0.0,0.0,0.0,0.0,0.0,0.0,0.0,0.0,0.0,0.013446884805020173,0.013446884805020173,0.026893769610040346,0.3630658897355435,1.4926042133572393,6.790676826535187,12.451815329448682,6.575526669654865,1.7346481398476024,0.5378753922008069,0.8836085781734571,0.03457246648571368,0.0,0.0,0.0,0.0,0.0,0.0,0.0,0.0,0.0,0.0,0.0,0.0,0.0,0.0,0.0,0.0,0.0,0.0,0.0,0.0,0.0,0.014430014430014433,0.057720057720057734,0.3174603174603165,1.5873015873015877,6.50793650793651,12.655122655122659,6.854256854256856,1.4574314574314577,0.5483405483405485,0.426,0.0163,0.0,0.0,0.0,0.0,0.0,0.0,0.0,0.0,0.0,0.0,0.0,1.600179291797398,18.731510533393102,9.439713133124162,0.22859704168534295,0.0,0.0,0.0,0.0,0.0,0.0,0.0,0.0,0.0,0.0,0.0,0.0,0.0,0.0,0.0,0.4265,0.01631,0.0,0.0,0.0,0.0,0.0,0.0,0.0,0.0,0.0,0.0,0.0,1.515151515151513,18.470418470418473,9.812409812409815,0.20202020202020207,0.0,0.0,0.0,0.0,0.0,0.0,0.0,0.0,0.0,0.0,0.0,0.0,0.0,0.0,0.0
49700,4246,2117,0.4985869053226566,996,891,0.44441827602449363,1217,0.5732454074422987,0.46599999999999997,3.0394551432597465,3.1073395869424534,6.684975767366721,1.999018448410731,6649.800000000002,1.8189894035458565e-12,6649.8,6649.8,6649.800000000001,9.094947017729282e-13,6649.800000000001,9.094947017729282e-13,27.86552048987282,20.96197020926473,32.96532280800677,19.16757033809297,0.1443711728685822,0.09773904851625059,0.0916156382477626,0.08219500706547339,0.0892604804521903,0.07253886010362694,0.06500235515779557,0.0682995760715968,0.05581723975506359,0.05252001884126237,0.045690061234102686,0.04168629298162977,0.030381535562882714,0.02614225153085257,0.017899199246349504,0.010127178520960905,0.008714083843617522,0.8844565305572829,0.036095070409843846,0.0,0.0,0.0,0.0,0.0,0.0,0.0,0.0,0.0,0.0,0.0,0.0,0.0,0.0,0.0,0.0,0.0,0.0,0.0,0.0,0.0,0.035327366933584556,0.11304757418747059,0.3603391427225613,1.342439943476213,6.7545925577013675,12.329251059821011,6.719265190767783,1.8016957136128124,0.5440414507772022,4.447772096420745,2.8617417582800972,4.222222222222222,3.424674446093876,0.949289246546596,4.421203438395415,2.9066582465180204,4.473723168023686,2.8185723759886034,1.0118790574467054,0.4263,0.01624,0.0,0.0,0.0,0.0,0.0,0.0,0.0,0.0,0.0,0.0,0.0,1.4201601507300967,18.582195007065476,9.757418747056054,0.240226095148375,0.0,0.0,0.0,0.0,0.0,0.0,0.0,0.0,0.0,0.0,0.0,0.0,0.0,0.0,0.0,nan,nan,4.447033127047688,2.863795783657317,nan,0.4263,0.083,0.0,0.0,0.0,0.0,0.0,0.0,0.0,0.0,0.0,0.0,0.0,0.0,0.0,0.0,0.0,0.0,0.0,0.0,0.0,0.0,0.00038860103626943003,0.0,8.243052284503061e-05,0.0005416862929816297,0.0004003768252472916,0.005287329251059821,0.0024493641073951955,0.00800753650494583,0.01947715496938295,0.01620348563353745,0.005546396608572774,0.01817004239284032,0.03486811116344795,0.06557936881771079,0.035975035327366935,0.03325482807348092,0.025765426283561,0.039142722562411685,0.05812529439472445,0.03489166274140367,0.021290626471973623,0.0401789919924635,0.03447951012717852,0.04791568535091851,0.026895902025435705,0.014178049929345266,0.03701130475741875,0.06448422044276966,0.0503061705134244,0.02445831370701837,0.06357748469147433,0.01879415920866698,0.01865284974093264,0.04811587376354216,0.01636834667922751,0.02358690532265662,0.004062647197362223,0.009997644842204428,0.007524729156853509,0.0004710315591144607,0.0019194536033914273,0.0009891662741403674,0.013883655204898728,8.243052284503061e-05,0.0009420631182289214,0.004922279792746114,3.532736693358455e-05,0.0003532736693358455,1.1775788977861516e-05,0.0003532736693358455,0.0,0.0,0.0,0.0,0.0,0.0,0.0,0.0,0.0,0.0,0.0,0.0,0.0,0.0,0.0,0.0,0.0,0.0,0.0,0.0,0.0,0.0,0.0,0.0,0.0,0.0,0.0,0.0,0.0,0.0,0.0,nan,nan,4.447033127047688,2.863795783657317,nan,0.8845084673625205,0.03624409607108862,0.0,0.0,0.0,0.0,0.0,0.0,0.0,0.0,0.0,0.0,0.0,0.0,0.0,0.0,0.0,0.0,0.0,0.0,0.0,0.0,0.0,0.04251299008030232,0.09919697685403876,0.45347189418989,1.2753897024090697,6.547000472366558,12.442135096835148,6.702881435994334,1.9272555503070388,0.5101558809636279,0.8844048864912013,0.03594619770665991,0.0,0.0,0.0,0.0,0.0,0.0,0.0,0.0,0.0,0.0,0.0,0.0,0.0,0.0,0.0,0.0,0.0,0.0,0.0,0.0,0.0,0.02818224518553312,0.12682010333489904,0.2677313292625637,1.4091122592766558,6.961014560826681,12.217003287928609,6.735556599342416,1.6768435885392208,0.5777360263034289,0.4263,0.01639,0.0,0.0,0.0,0.0,0.0,0.0,0.0,0.0,0.0,0.0,0.0,1.360415682569672,18.719886632026455,9.692961738308929,0.22673594709494574,0.0,0.0,0.0,0.0,0.0,0.0,0.0,0.0,0.0,0.0,0.0,0.0,0.0,0.0,0.0,0.4263,0.01607,0.0,0.0,0.0,0.0,0.0,0.0,0.0,0.0,0.0,0.0,0.0,1.4795678722404864,18.445279473931425,9.821512447158293,0.2536402066697981,0.0,0.0,0.0,0.0,0.0,0.0,0.0,0.0,0.0,0.0,0.0,0.0,0.0,0.0,0.0
49800,4509,2302,0.5105344865823908,1069,963,0.4506542470614327,1325,0.587713461964959,0.44999999999999996,2.985500679655641,3.055263237253394,6.618270799347472,1.964893916436819,6649.800000000002,1.8189894035458565e-12,6649.8,6649.8,6649.800000000001,9.094947017729282e-13,6649.800000000001,9.094947017729282e-13,27.916611222000444,20.839822786065042,32.73349118652986,19.15235462976379,0.1359503215790641,0.10556664448880018,0.09292526058993125,0.08760257263251275,0.0754047460634287,0.0771789753825682,0.07207806609004214,0.062319804834774895,0.061654468840097586,0.05123087159015303,0.04058549567531603,0.03881126635617654,0.04102905300510091,0.022843202483921046,0.017964071856287425,0.00998003992015968,0.006875138611665558,0.8843055888696477,0.03721725579102768,0.0,0.0,0.0,0.0,0.0,0.0,0.0,0.0,0.0,0.0,0.0,0.0,0.0,0.0,0.0,0.0,0.0,0.0,0.0,0.006653359946773122,0.026613439787092488,0.019960079840319365,0.03992015968063873,0.4324683965402515,1.5302727877578182,6.7132401862940805,12.195608782435134,6.719893546240853,1.5435795076513643,0.7717897538256822,4.348411602209945,2.830468396643173,6.833333333333333,2.91070819942883,1.571455041160433,4.358126721763085,2.7760504309109515,4.349896480331263,2.8894518530973787,0.9981115185589434,0.426,0.01613,0.0,0.0,0.0,0.0,0.0,0.0,0.0,0.0,0.0,0.0,0.006653359946773122,1.443779108449765,18.662674650698605,9.647371922821026,0.2395209580838324,0.0,0.0,0.0,0.0,0.0,0.0,0.0,0.0,0.0,0.0,0.0,0.0,0.0,0.0,0.0,nan,nan,4.3535492763611305,2.8328861823485076,nan,0.426,0.0826,0.0,0.0,0.0,0.0,0.0,0.0,0.0,0.0,0.0,0.0,0.0,0.0,0.0,0.0,0.0,0.0,0.0,0.0,0.0,0.0,0.00036593479707252164,2.2177866489243733e-05,9.98003992015968e-05,0.00022177866489243733,0.00042137946329563096,0.005988023952095809,0.002328675981370592,0.007152361942781104,0.021434907961854068,0.01632290973608339,0.00504546462630295,0.01780882679086272,0.032568196939454425,0.06513639387890885,0.036393878908848966,0.03414282546019073,0.025504546462630295,0.039277001552450654,0.059104014193834556,0.03440895985806165,0.020758483033932136,0.04038589487691284,0.03546240851630073,0.05119760479041916,0.026291860722998446,0.01419383455311599,0.0350410290530051,0.06603459747172322,0.04920159680638723,0.025271678864493236,0.06027944111776447,0.01841871811931692,0.018318917720115326,0.051463739188290086,0.017598137059214904,0.023364382346418276,0.004102905300510091,0.010146373918829008,0.007085828343313373,0.00016633399866932801,0.0017964071856287425,0.001241960523397649,0.012541583499667332,0.00021068973164781548,0.0007429585273896651,0.004491017964071856,4.435573297848747e-05,2.2177866489243733e-05,0.0,0.0003770237303171435,0.0,0.0,0.0,0.0,0.0,0.0,0.0,0.0,0.0,0.0,0.0,0.0,0.0,0.0,0.0,0.0,0.0,0.0,0.0,0.0,0.0,0.0,0.0,0.0,0.0,0.0,0.0,0.0,0.0,0.0,0.0,nan,nan,4.3535492763611305,2.8328861823485076,nan,0.8841853277202693,0.03700368058933456,0.0,0.0,0.0,0.0,0.0,0.0,0.0,0.0,0.0,0.0,0.0,0.0,0.0,0.0,0.0,0.0,0.0,0.0,0.0,0.0,0.013032145960034755,0.013032145960034755,0.039096437880104265,0.45612510860121497,1.759339704604692,6.594265855777587,12.119895742832323,6.672458731537795,1.5899218071242402,0.742832319721981,0.8844310266430366,0.03743831455241101,0.0,0.0,0.0,0.0,0.0,0.0,0.0,0.0,0.0,0.0,0.0,0.0,0.0,0.0,0.0,0.0,0.0,0.0,0.0,0.013593112822836434,0.04077933846850929,0.027186225645672867,0.04077933846850929,0.4077933846850916,1.291345718169461,6.8373357498867255,12.274580879021299,6.7693701857725435,1.4952424105120077,0.8019936565473496,0.4265,0.01584,0.0,0.0,0.0,0.0,0.0,0.0,0.0,0.0,0.0,0.0,0.013032145960034755,1.316246741963508,18.427454387489142,10.112945264986969,0.13032145960034755,0.0,0.0,0.0,0.0,0.0,0.0,0.0,0.0,0.0,0.0,0.0,0.0,0.0,0.0,0.0,0.4258,0.01642,0.0,0.0,0.0,0.0,0.0,0.0,0.0,0.0,0.0,0.0,0.0,1.5768010874490235,18.908019936565477,9.161758042591755,0.35342093339374725,0.0,0.0,0.0,0.0,0.0,0.0,0.0,0.0,0.0,0.0,0.0,0.0,0.0,0.0,0.0
49900,4562,2331,0.5109601052170101,1079,965,0.4480491012713722,1309,0.5738711091626479,0.44599999999999995,3.0031376064545046,3.098341688343885,6.709470304975923,2.075777185363475,6649.800000000002,1.8189894035458565e-12,6649.8,6649.8,6649.800000000002,1.8189894035458565e-12,6649.800000000001,9.094947017729282e-13,27.430732135028496,20.584619738630426,32.38334642576591,18.84045541123734,0.14401578255151248,0.09688733011836914,0.09644892590968873,0.08987286277948268,0.08110477860587462,0.07409031126698816,0.07321350284962735,0.06795265234546252,0.05392371766768961,0.05195089872862779,0.043621218763700134,0.03748355984217448,0.03529153879877247,0.02235861464270057,0.016001753616834723,0.008548882069267865,0.007233669443226655,0.8838724991643915,0.03514430868524077,0.0,0.0,0.0,0.0,0.0,0.0,0.0,0.0,0.0,0.0,0.0,0.0,0.0,0.0,0.0,0.0,0.0,0.0,0.0,0.0,0.0,0.019728189390618153,0.09864094695309078,0.3090749671196834,1.5585269618588342,6.424813678211312,12.836475230162213,6.490574309513373,1.78211310828584,0.4800526085050417,4.352253181974544,2.900558807747086,5.571428571428571,2.920721185751553,1.2801251072670612,4.319700068166326,2.906057030216337,4.39115411195577,2.895866841447535,1.0165414363640706,0.4265,0.01617,0.0,0.0,0.0,0.0,0.0,0.0,0.0,0.0,0.0,0.0,0.0,1.3480929416922383,18.794388426128894,9.686540990793514,0.17097764138535734,0.0,0.0,0.0,0.0,0.0,0.0,0.0,0.0,0.0,0.0,0.0,0.0,0.0,0.0,0.0,nan,nan,4.355181880576527,2.9012213574626977,nan,0.4265,0.0822,0.0,0.0,0.0,0.0,0.0,0.0,0.0,0.0,0.0,0.0,0.0,0.0,0.0,0.0,0.0,0.0,0.0,0.0,0.0,0.0,0.000394563787812363,0.0,0.00024112231477422182,0.00012056115738711091,0.0003726435773783428,0.006192459447610697,0.0024441034633932487,0.006082858395440596,0.021931170539237176,0.015519508987286278,0.005973257343270495,0.016209995615957914,0.03167470407715914,0.06365629110039456,0.03890837352038579,0.03557650153441473,0.02617273125822008,0.037790442788250764,0.05263042525208242,0.03555458132398071,0.02137220517316966,0.04159359929855327,0.0342393686979395,0.05197281893906182,0.027093380096448925,0.015629110039456377,0.03773564226216572,0.06517974572555897,0.05050416483998246,0.025361683472161334,0.06042306006137659,0.01829241560718983,0.018621218763700133,0.05265234546251644,0.01797457255589654,0.023114861902674266,0.004921087242437528,0.008866725120561157,0.005688294607628233,0.0003178430512932924,0.0017755370451556336,0.0010960105217010083,0.011738272687417799,0.00021920210434020167,0.001041209995615958,0.0045374835598421745,2.1920210434020168e-05,0.0,0.0,0.0005699254712845243,0.0,0.0,0.0,0.0,0.0,0.0,0.0,0.0,0.0,0.0,0.0,0.0,0.0,0.0,0.0,0.0,0.0,0.0,0.0,0.0,0.0,0.0,0.0,0.0,0.0,0.0,0.0,0.0,0.0,0.0,0.0,nan,nan,4.355181880576527,2.9012213574626977,nan,0.8838089075481262,0.03584951658581813,0.0,0.0,0.0,0.0,0.0,0.0,0.0,0.0,0.0,0.0,0.0,0.0,0.0,0.0,0.0,0.0,0.0,0.0,0.0,0.0,0.0,0.025740025740025745,0.11583011583011585,0.3346203346203336,1.5830115830115834,6.53796653796654,12.509652509652513,6.486486486486488,1.8661518661518666,0.5405405405405407,0.8839389411444517,0.034391922127470144,0.0,0.0,0.0,0.0,0.0,0.0,0.0,0.0,0.0,0.0,0.0,0.0,0.0,0.0,0.0,0.0,0.0,0.0,0.0,0.0,0.0,0.013446884805020173,0.08068130883012103,0.28238458090542273,1.5329448677722999,6.306588973554462,13.17794710891977,6.494845360824744,1.694307485432542,0.4168534289556254,0.4268,0.01602,0.0,0.0,0.0,0.0,0.0,0.0,0.0,0.0,0.0,0.0,0.0,1.1840411840411822,18.918918918918923,9.703989703989706,0.1930501930501931,0.0,0.0,0.0,0.0,0.0,0.0,0.0,0.0,0.0,0.0,0.0,0.0,0.0,0.0,0.0,0.4263,0.01634,0.0,0.0,0.0,0.0,0.0,0.0,0.0,0.0,0.0,0.0,0.0,1.519497982967277,18.664276109368,9.668310174809504,0.1479157328552219,0.0,0.0,0.0,0.0,0.0,0.0,0.0,0.0,0.0,0.0,0.0,0.0,0.0,0.0,0.0
50000,4472,2251,0.5033542039355993,1068,948,0.45080500894454384,1256,0.5617173524150268,0.45799999999999996,2.935614588023413,3.005906903200796,6.472995090016367,2.0510284111507118,6649.800000000002,1.8189894035458565e-12,6649.8,6649.8,6649.800000000002,1.8189894035458565e-12,6649.800000000001,9.094947017729282e-13,27.45438282647585,20.61942554415991,32.520654506437765,18.843724334162864,0.14423076923076922,0.10174418604651163,0.09145796064400716,0.0872093023255814,0.08340787119856888,0.0731216457960644,0.06708407871198568,0.07110912343470482,0.06059928443649374,0.052996422182468694,0.04338103756708408,0.03443649373881932,0.030858676207513418,0.024373881932021467,0.01699463327370304,0.01073345259391771,0.006261180679785331,0.885479519773468,0.0347811689040839,0.0,0.0,0.0,0.0,0.0,0.0,0.0,0.0,0.0,0.0,0.0,0.0,0.0,0.0,0.0,0.0,0.0,0.0,0.0,0.0,0.0,0.0,0.04025044722719142,0.2482110912343463,1.563059033989267,6.547406082289805,12.303220035778178,6.9432021466905205,1.7307692307692313,0.623881932021467,4.377291960507757,2.7576216732460312,1.0,0.0,0.2284517480264218,4.417322834645669,2.7656887401078456,4.336111111111111,2.749661875958345,0.9816151713210537,0.4255,0.01651,0.0,0.0,0.0,0.0,0.0,0.0,0.0,0.0,0.0,0.0,0.0,1.7240608228980299,18.568872987477643,9.539355992844367,0.16771019677996424,0.0,0.0,0.0,0.0,0.0,0.0,0.0,0.0,0.0,0.0,0.0,0.0,0.0,0.0,0.0,nan,nan,4.376101515685583,2.7578643713929734,nan,0.4255,0.08167,0.0,0.0,0.0,0.0,0.0,0.0,0.0,0.0,0.0,0.0,0.0,0.0,0.0,0.0,0.0,0.0,0.0,0.0,0.0,0.0,0.0005366726296958855,4.472271914132379e-05,6.708407871198568e-05,0.00025715563506261183,0.0005143112701252237,0.007535778175313059,0.00259391771019678,0.006071109123434705,0.02216010733452594,0.015384615384615385,0.007122093023255814,0.015049194991055457,0.03279293381037567,0.06068872987477639,0.03575581395348837,0.03443649373881932,0.028577817531305904,0.04054114490161002,0.052884615384615384,0.035901162790697674,0.02396019677996422,0.042866726296958854,0.03277057245080501,0.05023479427549195,0.02477638640429338,0.016927549194991055,0.03820438282647585,0.06655858676207513,0.050547853309481215,0.027873434704830054,0.06043157423971377,0.018246869409660107,0.01911896243291592,0.049843470483005366,0.01812388193202147,0.02146690518783542,0.004818872987477639,0.010252683363148479,0.006205277280858676,0.0003913237924865832,0.0013416815742397137,0.0006037567084078712,0.010185599284436493,0.00011180679785330948,0.001073345259391771,0.004002683363148479,0.0,0.0,1.1180679785330948e-05,0.00013416815742397137,0.0,0.0,0.0,0.0,0.0,0.0,0.0,0.0,0.0,0.0,0.0,0.0,0.0,0.0,0.0,0.0,0.0,0.0,0.0,0.0,0.0,0.0,0.0,0.0,0.0,0.0,0.0,0.0,0.0,0.0,0.0,nan,nan,4.376101515685583,2.7578643713929734,nan,0.8864359085637165,0.03506971794994549,0.0,0.0,0.0,0.0,0.0,0.0,0.0,0.0,0.0,0.0,0.0,0.0,0.0,0.0,0.0,0.0,0.0,0.0,0.0,0.0,0.0,0.0,0.02665482007996447,0.21323856063971502,1.5859617947578857,6.343847179031543,12.274544646823637,7.0368725011106195,1.7592181252776549,0.7596623722789874,0.8845102126294565,0.03445918549569028,0.0,0.0,0.0,0.0,0.0,0.0,0.0,0.0,0.0,0.0,0.0,0.0,0.0,0.0,0.0,0.0,0.0,0.0,0.0,0.0,0.0,0.0,0.054029716343989204,0.2836560108059424,1.5398469158036925,6.753714542998651,12.332282755515537,6.848266546600632,1.70193606483566,0.48626744709590286,0.426,0.0163,0.0,0.0,0.0,0.0,0.0,0.0,0.0,0.0,0.0,0.0,0.0,1.5859617947578832,18.605064415815196,9.649044868947136,0.1599289204797868,0.0,0.0,0.0,0.0,0.0,0.0,0.0,0.0,0.0,0.0,0.0,0.0,0.0,0.0,0.0,0.4253,0.01672,0.0,0.0,0.0,0.0,0.0,0.0,0.0,0.0,0.0,0.0,0.0,1.8640252138676243,18.532192705988297,9.428185502026116,0.17559657811796492,0.0,0.0,0.0,0.0,0.0,0.0,0.0,0.0,0.0,0.0,0.0,0.0,0.0,0.0,0.0
50100,4317,2199,0.5093815149409312,1040,882,0.4452165855918462,1235,0.5721565902246931,0.47,2.9919735599622284,3.0737598780289623,6.539936102236422,2.044044414341836,6649.800000000002,1.8189894035458565e-12,6649.8,6649.8,6649.800000000001,9.094947017729282e-13,6649.800000000001,9.094947017729282e-13,28.350706509149873,21.145880405637456,33.48933813348103,19.2999637658206,0.14176511466296038,0.09543664581885569,0.08987722955756312,0.08200138985406533,0.08524438267315265,0.08339124391938846,0.059763724808895066,0.06092193652999768,0.05675237433402826,0.05489923558026407,0.05304609682649988,0.03497799397729905,0.034051424600416956,0.030113504748668057,0.018299745193421358,0.012045401899467222,0.007412555015056752,0.8871028589821259,0.03550030136227347,0.0,0.0,0.0,0.0,0.0,0.0,0.0,0.0,0.0,0.0,0.0,0.0,0.0,0.0,0.0,0.0,0.0,0.0,0.0,0.0,0.0,0.006949270326615707,0.06254343293954136,0.3335649756775528,1.3759555246699098,6.011118832522587,12.18902015288395,7.41487143849896,2.0083391243919393,0.5976372480889508,4.301102026306435,2.8778896872808186,3.6666666666666665,3.091206165165235,0.8524946965313938,4.316348195329087,2.8525441341525233,4.285306704707561,2.904553623759275,0.992808390515131,0.4258,0.01611,0.0,0.0,0.0,0.0,0.0,0.0,0.0,0.0,0.0,0.0,0.006949270326615707,1.5635858234885314,18.735232800555945,9.562195969423213,0.13203613620569843,0.0,0.0,0.0,0.0,0.0,0.0,0.0,0.0,0.0,0.0,0.0,0.0,0.0,0.0,0.0,nan,nan,4.300426136363637,2.878199768834139,nan,0.4258,0.0812,0.0,0.0,0.0,0.0,0.0,0.0,0.0,0.0,0.0,0.0,0.0,0.0,0.0,0.0,0.0,0.0,0.0,0.0,0.0,0.0,0.000857076673615937,0.0,0.0,8.107482047718323e-05,0.00048644892286309936,0.0070071809126708365,0.002791290247857308,0.004737085939309706,0.021681723419041,0.01689830901088719,0.007713690062543433,0.013481584433634468,0.032001389854065324,0.059404679175353255,0.03556868195506138,0.03249942089413945,0.030518878851053973,0.043097058142228396,0.05418114431318045,0.037074357192494786,0.02453092425295344,0.04317813296270558,0.03350706509149873,0.048285846652768125,0.022839935140143618,0.01635394950196896,0.03996988649525133,0.06678248783877692,0.0536715311558953,0.026001853138753764,0.05955524669909659,0.016620338197822562,0.019249478804725505,0.051169793838313646,0.018948343757238823,0.02222608292795923,0.0035093815149409313,0.009983785035904563,0.0058142228399351405,0.00030113504748668056,0.0016794069955987955,0.0005559416261292564,0.010099606208014825,0.0,0.000857076673615937,0.004030576789437109,0.0,0.0,0.0,0.00019689599258744498,0.0,0.0,0.0,0.0,0.0,0.0,0.0,0.0,0.0,0.0,0.0,0.0,0.0,0.0,0.0,0.0,0.0,0.0,0.0,0.0,0.0,0.0,0.0,0.0,0.0,0.0,0.0,0.0,0.0,0.0,0.0,nan,nan,4.300426136363637,2.878199768834139,nan,0.8876062935186875,0.03660447862701608,0.0,0.0,0.0,0.0,0.0,0.0,0.0,0.0,0.0,0.0,0.0,0.0,0.0,0.0,0.0,0.0,0.0,0.0,0.0,0.0,0.0,0.0,0.06821282401091407,0.3819918144611175,1.4461118690313783,5.948158253751707,11.896316507503414,7.435197817189633,2.1282401091405188,0.6957708049113235,0.8865801712834014,0.03430850877730527,0.0,0.0,0.0,0.0,0.0,0.0,0.0,0.0,0.0,0.0,0.0,0.0,0.0,0.0,0.0,0.0,0.0,0.0,0.0,0.0,0.0,0.014164305949008502,0.05665722379603401,0.2832861189801691,1.303116147308782,6.076487252124648,12.492917847025499,7.393767705382438,1.8838526912181308,0.49575070821529754,0.4255,0.01593,0.0,0.0,0.0,0.0,0.0,0.0,0.0,0.0,0.0,0.0,0.013642564802182814,1.4733969986357414,18.908594815825378,9.522510231923603,0.08185538881309687,0.0,0.0,0.0,0.0,0.0,0.0,0.0,0.0,0.0,0.0,0.0,0.0,0.0,0.0,0.0,0.4258,0.01631,0.0,0.0,0.0,0.0,0.0,0.0,0.0,0.0,0.0,0.0,0.0,1.657223796033992,18.555240793201136,9.603399433427764,0.18413597733711054,0.0,0.0,0.0,0.0,0.0,0.0,0.0,0.0,0.0,0.0,0.0,0.0,0.0,0.0,0.0
50200,4476,2311,0.5163092046470062,1047,926,0.4407953529937444,1291,0.5768543342269884,0.44199999999999995,2.9963048498845266,2.9963773692472744,6.377952755905512,1.9727638945385146,6649.800000000001,9.094947017729282e-13,6649.8,6649.8,6649.800000000001,9.094947017729282e-13,6649.800000000002,1.8189894035458565e-12,28.292225201072387,21.095180750634036,33.31639169771155,19.289376488343343,0.1400804289544236,0.09919571045576407,0.08936550491510277,0.08690795352993744,0.0773011617515639,0.07573726541554959,0.06635388739946381,0.06255585344057193,0.05607685433422699,0.0565236818588025,0.04870420017873101,0.04222520107238606,0.034405719392314564,0.02680965147453083,0.01876675603217158,0.013404825737265416,0.005585344057193923,0.8860233929857172,0.0351945009218044,0.0,0.0,0.0,0.0,0.0,0.0,0.0,0.0,0.0,0.0,0.0,0.0,0.0,0.0,0.0,0.0,0.0,0.0,0.0,0.0,0.0,0.01340482573726542,0.06032171581769438,0.33512064343163434,1.3739946380697055,6.347184986595176,12.104557640750674,7.265415549597857,1.957104557640751,0.5428954423592495,4.335060449050086,2.7489669194358224,5.75,3.491060010942235,1.3263944223107569,4.386694386694387,2.7705290607865636,4.287774725274725,2.7298742058967713,0.977450067704807,0.426,0.01591,0.0,0.0,0.0,0.0,0.0,0.0,0.0,0.0,0.0,0.0,0.0,1.5616621983914187,18.471849865951746,9.79892761394102,0.16756032171581772,0.0,0.0,0.0,0.0,0.0,0.0,0.0,0.0,0.0,0.0,0.0,0.0,0.0,0.0,0.0,nan,nan,4.337012763021732,2.7506303037915725,nan,0.426,0.0807,0.0,0.0,0.0,0.0,0.0,0.0,0.0,0.0,0.0,0.0,0.0,0.0,0.0,0.0,0.0,0.0,0.0,0.0,0.0,0.0,0.0007037533512064343,1.1170688114387846e-05,0.0,0.00013404825737265417,0.0006478999106344951,0.006579535299374441,0.003429401251117069,0.004390080428954423,0.02105674709562109,0.016376228775692583,0.007596067917783735,0.013941018766756031,0.03102100089365505,0.05758489722966935,0.034461572832886506,0.033154602323503125,0.03029490616621984,0.04462689901697944,0.05614387846291331,0.03610366398570152,0.025022341376228777,0.04372207327971403,0.03524352100089365,0.04718498659517426,0.021179624664879357,0.014924039320822162,0.040382037533512063,0.06729222520107239,0.05527256478999106,0.026474530831099196,0.05967381590705988,0.017984807864164433,0.018844950848972298,0.050647899910634495,0.019526362823949955,0.02397229669347632,0.0027926720285969616,0.009886058981233244,0.004635835567470956,0.00040214477211796245,0.002055406613047364,0.0003351206434316354,0.009640303842716712,1.1170688114387846e-05,0.001016532618409294,0.0030831099195710457,0.0,0.00011170688114387846,2.234137622877569e-05,0.00040214477211796245,0.0,0.0,0.0,0.0,0.0,0.0,0.0,0.0,0.0,0.0,0.0,0.0,0.0,0.0,0.0,0.0,0.0,0.0,0.0,0.0,0.0,0.0,0.0,0.0,0.0,0.0,0.0,0.0,0.0,0.0,0.0,nan,nan,4.337012763021732,2.7506303037915725,nan,0.8856193089010601,0.035512213076104596,0.0,0.0,0.0,0.0,0.0,0.0,0.0,0.0,0.0,0.0,0.0,0.0,0.0,0.0,0.0,0.0,0.0,0.0,0.0,0.0,0.0,0.01298139333621809,0.05192557334487236,0.33751622674166926,1.4668974469926443,6.542622241453918,11.981826049329298,6.983989614885332,2.0900043271311124,0.5322371267849417,0.8864547270825498,0.03484699770809833,0.0,0.0,0.0,0.0,0.0,0.0,0.0,0.0,0.0,0.0,0.0,0.0,0.0,0.0,0.0,0.0,0.0,0.0,0.0,0.0,0.0,0.013856812933025408,0.06928406466512703,0.3325635103926087,1.2748267898383374,6.138568129330256,12.235565819861435,7.565819861431872,1.8152424942263283,0.5542725173210162,0.4258,0.0158,0.0,0.0,0.0,0.0,0.0,0.0,0.0,0.0,0.0,0.0,0.0,1.5707485936823862,18.48550411077456,9.762007788836003,0.18173950670705327,0.0,0.0,0.0,0.0,0.0,0.0,0.0,0.0,0.0,0.0,0.0,0.0,0.0,0.0,0.0,0.4263,0.01607,0.0,0.0,0.0,0.0,0.0,0.0,0.0,0.0,0.0,0.0,0.0,1.551963048498843,18.457274826789842,9.838337182448038,0.15242494226327946,0.0,0.0,0.0,0.0,0.0,0.0,0.0,0.0,0.0,0.0,0.0,0.0,0.0,0.0,0.0
50300,4431,2206,0.49785601444369215,1026,923,0.4398555630783119,1265,0.570977206048296,0.45399999999999996,2.9492134831460675,3.018092345151677,6.372519083969466,2.049429391266865,6649.800000000001,9.094947017729282e-13,6649.8,6649.8,6649.8,0.0,6649.800000000002,1.8189894035458565e-12,28.245768449559918,21.074045759768534,33.2068687952777,19.30035640832277,0.13902053712480253,0.1008801624915369,0.08824193184382757,0.08891897991424058,0.08124576844955991,0.07492665312570526,0.06341683592868427,0.06409388399909727,0.05596930715414128,0.052132701421800945,0.05055292259083728,0.04445948995712029,0.033401038140374636,0.026404874746106973,0.01828029790115098,0.010832769126607989,0.007221846084405326,0.8865694817961863,0.03503319485481244,0.0,0.0,0.0,0.0,0.0,0.0,0.0,0.0,0.0,0.0,0.0,0.0,0.0,0.0,0.0,0.0,0.0,0.0,0.0,0.0,0.0,0.0067704807041299945,0.11509817197020991,0.243737305348679,1.3270142180094788,6.2085308056872055,12.369668246445501,7.312119160460394,1.8618821936357486,0.5551794177386595,4.352570828961175,2.795752574968538,5.0,2.1213203435596424,1.1487463837994214,4.352288488210818,2.824137766614606,4.354225352112676,2.766095617165273,1.0004450219481325,0.426,0.01588,0.0,0.0,0.0,0.0,0.0,0.0,0.0,0.0,0.0,0.0,0.0,1.4759647935003364,18.794854434664863,9.580230196343942,0.14895057549085988,0.0,0.0,0.0,0.0,0.0,0.0,0.0,0.0,0.0,0.0,0.0,0.0,0.0,0.0,0.0,nan,nan,4.353475375480265,2.7950284515033523,nan,0.426,0.0811,0.0,0.0,0.0,0.0,0.0,0.0,0.0,0.0,0.0,0.0,0.0,0.0,0.0,0.0,0.0,0.0,0.0,0.0,0.0,0.0,0.0007109004739336493,0.0,0.0,1.1284134506883322e-05,0.0004965019183028661,0.0062062739787858276,0.003915594673888512,0.004818325434439178,0.021755811329271044,0.015549537350485218,0.009083728278041074,0.014150304671631685,0.02958700067704807,0.05835025953509366,0.03456330399458361,0.03378469871360867,0.028537576167907922,0.04439178515007899,0.05697359512525389,0.03665086887835703,0.025039494470774092,0.045678176483863686,0.03590611600090273,0.047698036560595805,0.01851726472579553,0.014816068607537801,0.042101105845181674,0.06475964793500338,0.05545023696682464,0.023087339201083277,0.060302414804784474,0.01708417964342135,0.018472128187768,0.05125253893026405,0.018257729632137214,0.026946513202437374,0.0024035206499661474,0.009704355675919657,0.004445948995712029,0.000315955766192733,0.002110133152787181,0.0009140148950575491,0.010144436921688106,0.0,0.0010607086436470322,0.00343037689009253,0.0,0.00011284134506883322,0.0,0.0004513653802753329,0.0,0.0,0.0,0.0,0.0,0.0,0.0,0.0,0.0,0.0,0.0,0.0,0.0,0.0,0.0,0.0,0.0,0.0,0.0,0.0,0.0,0.0,0.0,0.0,0.0,0.0,0.0,0.0,0.0,0.0,0.0,nan,nan,4.353475375480265,2.7950284515033523,nan,0.886524878381494,0.034787839507586404,0.0,0.0,0.0,0.0,0.0,0.0,0.0,0.0,0.0,0.0,0.0,0.0,0.0,0.0,0.0,0.0,0.0,0.0,0.0,0.0,0.0,0.0,0.17679057116953767,0.2447869446962821,1.1015412511332732,6.2012692656391675,12.715321849501363,7.248413417951045,1.7951042611060748,0.516772438803264,0.8866137043277869,0.035274714610780404,0.0,0.0,0.0,0.0,0.0,0.0,0.0,0.0,0.0,0.0,0.0,0.0,0.0,0.0,0.0,0.0,0.0,0.0,0.0,0.0,0.0,0.013483146067415734,0.053932584269662937,0.24269662921348237,1.5505617977528094,6.215730337078654,12.026966292134835,7.375280898876406,1.9280898876404498,0.5932584269662923,0.426,0.01611,0.0,0.0,0.0,0.0,0.0,0.0,0.0,0.0,0.0,0.0,0.0,1.4959202175883932,18.576609247506802,9.75067996373527,0.17679057116953767,0.0,0.0,0.0,0.0,0.0,0.0,0.0,0.0,0.0,0.0,0.0,0.0,0.0,0.0,0.0,0.4258,0.01564,0.0,0.0,0.0,0.0,0.0,0.0,0.0,0.0,0.0,0.0,0.0,1.456179775280897,19.011235955056183,9.411235955056181,0.1213483146067416,0.0,0.0,0.0,0.0,0.0,0.0,0.0,0.0,0.0,0.0,0.0,0.0,0.0,0.0,0.0
50400,4462,2259,0.5062752129090095,1074,935,0.45024652622142536,1295,0.5804571940833707,0.45799999999999996,2.9682251475261006,3.0187623128017855,6.381024096385542,2.0234323485846724,6649.800000000001,9.094947017729282e-13,6649.8,6649.8,6649.800000000001,9.094947017729282e-13,6649.800000000001,9.094947017729282e-13,27.930300313760647,20.646755390550698,32.725438130642594,18.89694571518043,0.13715822501120573,0.09412819363514119,0.10062752129090094,0.0849394890183774,0.08404303003137606,0.07149260421335724,0.06745853877185119,0.06633796503809951,0.05916629314208875,0.06028686687584043,0.04437471985656656,0.041461228148812194,0.030927835051546393,0.023756163155535633,0.01748095024652622,0.010085163603765128,0.0062752129090094125,0.8865156863394045,0.03532808317764791,0.0,0.0,0.0,0.0,0.0,0.0,0.0,0.0,0.0,0.0,0.0,0.0,0.0,0.0,0.0,0.0,0.0,0.0,0.0,0.0,0.0,0.0,0.060510981622590776,0.3227252353204831,1.4119229045271182,5.903182429403857,12.593007619901393,7.382339757956075,1.620349619004931,0.7059614522635591,4.266182069920387,2.821093591315732,nan,nan,nan,4.313993174061434,2.8293395965939525,4.216994382022472,2.8117366299802926,0.9775153116555255,0.4255,0.01588,0.0,0.0,0.0,0.0,0.0,0.0,0.0,0.0,0.0,0.0,0.0,1.5396683101748072,19.296279695203946,8.975795607350966,0.18825638727028243,0.0,0.0,0.0,0.0,0.0,0.0,0.0,0.0,0.0,0.0,0.0,0.0,0.0,0.0,0.0,nan,nan,4.266182069920387,2.821093591315732,nan,0.4255,0.0814,0.0,0.0,0.0,0.0,0.0,0.0,0.0,0.0,0.0,0.0,0.0,0.0,0.0,0.0,0.0,0.0,0.0,0.0,0.0,0.0,0.0010421335723890632,0.0,0.0,0.0,0.00032496638278798744,0.005849394890183774,0.004392649036306589,0.004392649036306589,0.02363290004482295,0.014881219184222323,0.009424025100851637,0.013077095472882116,0.029056476916181084,0.061396234872254596,0.0343343792021515,0.032138054683998205,0.028193635141192292,0.047691618108471535,0.05451591214701927,0.03571268489466607,0.02538099506947557,0.047344240251008515,0.03715822501120574,0.049596593455849394,0.018343792021515017,0.0132003585835948,0.040844912595248764,0.06256163155535634,0.053809950694755714,0.02363290004482295,0.06229269385925594,0.015071716718960107,0.018848050201703274,0.04929403854773644,0.01976692066337965,0.02618780815777678,0.0031376064545047063,0.010051546391752578,0.004258180188256387,0.00019049753473778574,0.0026557597489914836,0.0008516360376512774,0.010230838189152847,4.482294935006723e-05,0.001165396683101748,0.003260869565217391,0.0,0.00017929179740026893,0.0,0.0005714926042133572,0.0,1.1205737337516808e-05,0.0,0.0,0.0,0.0,0.0,0.0,0.0,0.0,0.0,0.0,0.0,0.0,0.0,0.0,0.0,0.0,0.0,0.0,0.0,0.0,0.0,0.0,0.0,0.0,0.0,0.0,0.0,0.0,0.0,nan,nan,4.266182069920387,2.821093591315732,nan,0.8862585112973619,0.03614029180800257,0.0,0.0,0.0,0.0,0.0,0.0,0.0,0.0,0.0,0.0,0.0,0.0,0.0,0.0,0.0,0.0,0.0,0.0,0.0,0.0,0.0,0.0,0.03984063745019921,0.345285524568392,1.4873837981407707,6.08233731739708,12.363877822045156,7.144754316069059,1.7795484727755648,0.7569721115537851,0.8867793987406637,0.03447337105371833,0.0,0.0,0.0,0.0,0.0,0.0,0.0,0.0,0.0,0.0,0.0,0.0,0.0,0.0,0.0,0.0,0.0,0.0,0.0,0.0,0.0,0.0,0.08170676350431232,0.2995914661824775,1.3345438039037678,5.719473445301863,12.827961870177035,7.625964593735817,1.4571039491602364,0.6536541080344985,0.426,0.01585,0.0,0.0,0.0,0.0,0.0,0.0,0.0,0.0,0.0,0.0,0.0,1.540504648074367,18.950863213811424,9.349269588313415,0.15936254980079684,0.0,0.0,0.0,0.0,0.0,0.0,0.0,0.0,0.0,0.0,0.0,0.0,0.0,0.0,0.0,0.4253,0.01593,0.0,0.0,0.0,0.0,0.0,0.0,0.0,0.0,0.0,0.0,0.0,1.538810712664546,19.65047662278711,8.592827961870178,0.21788470267816618,0.0,0.0,0.0,0.0,0.0,0.0,0.0,0.0,0.0,0.0,0.0,0.0,0.0,0.0,0.0
50500,4406,2200,0.49931911030413073,1011,925,0.43940081706763506,1264,0.5737630503858375,0.47,2.957388939256573,3.113739517160978,6.709150326797386,2.0659979777503463,6649.800000000001,9.094947017729282e-13,6649.8,6649.8,6649.800000000001,9.094947017729282e-13,6649.8,0.0,27.638674534725375,20.909922724137164,32.5674066053059,19.249991848874153,0.1425329096686337,0.10644575578756242,0.09328188833408987,0.08783477076713572,0.07807535179300953,0.07648660916931457,0.06718111665910123,0.05401724920562869,0.05764866091693146,0.06014525646845211,0.042669087607807535,0.04448479346345892,0.030640036314117113,0.025873808443032227,0.014525646845211076,0.0088515660463005,0.009305492510213346,0.8855552552534243,0.035205874949936156,0.0,0.0,0.0,0.0,0.0,0.0,0.0,0.0,0.0,0.0,0.0,0.0,0.0,0.0,0.0,0.0,0.0,0.0,0.0,0.0,0.0,0.006808896958692693,0.04085338175215616,0.36087153881071155,1.6068996822514756,6.148433953699502,12.201543349977307,7.360417612346802,1.7362687244666368,0.5379028597367228,4.444246526540791,2.8675192063506807,1.5,1.5,0.33751503006012024,4.478354978354979,2.8827309193964057,4.406886858749122,2.8528459128348054,0.9840414348680977,0.4243,0.01593,0.0,0.0,0.0,0.0,0.0,0.0,0.0,0.0,0.0,0.0,0.0,1.9269178393100288,19.378120744439403,8.572401270994101,0.12256014525646848,0.0,0.0,0.0,0.0,0.0,0.0,0.0,0.0,0.0,0.0,0.0,0.0,0.0,0.0,0.0,nan,nan,4.442150231399075,2.8678531155832347,nan,0.4243,0.08105,0.0,0.0,0.0,0.0,0.0,0.0,0.0,0.0,0.0,0.0,0.0,0.0,0.0,0.0,0.0,0.0,0.0,0.0,0.0,0.0,0.0015320018157058556,0.0,0.0,0.00011348161597821153,0.00010213345438039038,0.005390376758965048,0.00423286427598729,0.0031774852473899226,0.025544711756695416,0.014809350885156605,0.009078529278256923,0.013470267816613708,0.03209260099863822,0.05980481162051748,0.03679073990013618,0.03248978665456196,0.02764412165229233,0.047208352246935995,0.055560599182932366,0.03751702224239673,0.02675896504766228,0.04675442578302315,0.03817521561507036,0.050658193372673625,0.01899682251475261,0.012721289151157512,0.040104403086699957,0.06096232410349523,0.05150930549251021,0.022503404448479345,0.06362914207898321,0.0159328188833409,0.01917839310031775,0.046799818429414435,0.01911030413073082,0.02451202905129369,0.0028597367226509307,0.010054471175669542,0.00442578302315025,0.0002156150703586019,0.0024852473899228326,0.0008284157966409442,0.00935088515660463,5.6740807989105766e-05,0.001112119836586473,0.0029278256922378575,1.1348161597821152e-05,9.078529278256922e-05,1.1348161597821152e-05,0.0007035860190649115,0.0,0.0,0.0,0.0,0.0,0.0,0.0,0.0,0.0,0.0,0.0,0.0,0.0,0.0,0.0,0.0,0.0,0.0,0.0,0.0,0.0,0.0,0.0,0.0,0.0,0.0,0.0,0.0,0.0,0.0,0.0,nan,nan,4.442150231399075,2.8678531155832347,nan,0.8859014310078187,0.03510425756239693,0.0,0.0,0.0,0.0,0.0,0.0,0.0,0.0,0.0,0.0,0.0,0.0,0.0,0.0,0.0,0.0,0.0,0.0,0.0,0.0,0.0,0.01363636363636364,0.05454545454545456,0.2863636363636355,1.5409090909090912,6.313636363636365,12.163636363636368,7.30909090909091,1.7863636363636368,0.531818181818182,0.8852100210468659,0.035303544184261716,0.0,0.0,0.0,0.0,0.0,0.0,0.0,0.0,0.0,0.0,0.0,0.0,0.0,0.0,0.0,0.0,0.0,0.0,0.0,0.0,0.0,0.0,0.027198549410698103,0.4351767905711682,1.6727107887579333,5.983680870353583,12.239347234814147,7.411604714415233,1.6863100634632824,0.5439709882139621,0.424,0.015594,0.0,0.0,0.0,0.0,0.0,0.0,0.0,0.0,0.0,0.0,0.0,1.9090909090909063,19.540909090909093,8.46818181818182,0.08181818181818183,0.0,0.0,0.0,0.0,0.0,0.0,0.0,0.0,0.0,0.0,0.0,0.0,0.0,0.0,0.0,0.4243,0.01627,0.0,0.0,0.0,0.0,0.0,0.0,0.0,0.0,0.0,0.0,0.0,1.944696282864911,19.215775158658207,8.676337262012694,0.1631912964641886,0.0,0.0,0.0,0.0,0.0,0.0,0.0,0.0,0.0,0.0,0.0,0.0,0.0,0.0,0.0
50600,4419,2219,0.5021498076487894,1065,902,0.44512333107037794,1289,0.5833899072188278,0.45399999999999996,2.9977272727272726,3.1069561717044802,6.6515625,2.00284892305779,6649.800000000001,9.094947017729282e-13,6649.8,6649.8,6649.800000000001,9.094947017729282e-13,6649.800000000001,9.094947017729282e-13,27.898845892735913,20.75922479092984,32.89227861771058,18.958491797149588,0.1414347137361394,0.1011541072640869,0.08961303462321792,0.084408237157728,0.08576601040959493,0.07218827789092555,0.06426793392170174,0.06562570717356868,0.057931658746322695,0.06155238741796787,0.04344874405974202,0.04005431093007468,0.034623217922606926,0.027155465037338764,0.015614392396469789,0.008825526137135099,0.006336275175379045,0.8852445206428496,0.03559801561487265,0.0,0.0,0.0,0.0,0.0,0.0,0.0,0.0,0.0,0.0,0.0,0.0,0.0,0.0,0.0,0.0,0.0,0.0,0.0,0.0,0.0,0.013577732518669386,0.10183299389002039,0.2987101154107255,1.5342837746096405,6.327223353699933,12.138492871690431,7.413441955193484,1.5682281059063141,0.6042090970807876,4.3767507002801125,2.859490577151608,2.0,0.0,0.45696,4.351071181755356,2.8400891387925986,4.401418439716312,2.878730655447003,1.0115712328890571,0.424,0.01593,0.0,0.0,0.0,0.0,0.0,0.0,0.0,0.0,0.0,0.0,0.0,1.9076714188730453,19.653767820773933,8.268839103869656,0.16972165648336732,0.0,0.0,0.0,0.0,0.0,0.0,0.0,0.0,0.0,0.0,0.0,0.0,0.0,0.0,0.0,nan,nan,4.375918795939797,2.8593357471014076,nan,0.424,0.08105,0.0,0.0,0.0,0.0,0.0,0.0,0.0,0.0,0.0,0.0,0.0,0.0,0.0,0.0,0.0,0.0,0.0,0.0,0.0,0.0,0.0011880515953835709,2.2629554197782303e-05,0.0,4.525910839556461e-05,0.0003507580900656257,0.005759221543335596,0.004559855170853134,0.0031794523647884136,0.027551482235799955,0.014596062457569586,0.010296447159990948,0.011948404616429056,0.031964245304367506,0.05739986422267481,0.037497171305725274,0.030911971034170628,0.027653315229689977,0.04599456890699253,0.05786377008372935,0.03806291016066984,0.025775062231274043,0.04720525005657389,0.039477257298031226,0.05,0.019517990495587237,0.013057252772120389,0.03929622086444897,0.0622765331522969,0.04869880063362752,0.02279927585426567,0.06391717583163611,0.018114958135324735,0.02025345100701516,0.045609866485630236,0.017718940936863544,0.02525458248472505,0.0027494908350305497,0.01012672550350758,0.004310930074677529,0.00033944331296673454,0.0014596062457569586,0.0006223127404390134,0.009029192124915139,0.00014709210228558498,0.00157275401674587,0.0028739533831183524,0.0,0.0,0.0,0.0009504412763068567,0.0,0.0,0.0,0.0,0.0,0.0,0.0,0.0,0.0,0.0,0.0,0.0,0.0,0.0,0.0,0.0,0.0,0.0,0.0,0.0,0.0,0.0,0.0,0.0,0.0,0.0,0.0,0.0,0.0,0.0,0.0,nan,nan,4.375918795939797,2.8593357471014076,nan,0.8852746156541653,0.03560080977825055,0.0,0.0,0.0,0.0,0.0,0.0,0.0,0.0,0.0,0.0,0.0,0.0,0.0,0.0,0.0,0.0,0.0,0.0,0.0,0.0,0.0,0.013519603424966204,0.05407841369986482,0.37854889589905244,1.5277151870211811,6.4894096439837785,11.870211807120327,7.503379900856244,1.5277151870211811,0.6354213609734115,0.8852141657200726,0.03559517132259732,0.0,0.0,0.0,0.0,0.0,0.0,0.0,0.0,0.0,0.0,0.0,0.0,0.0,0.0,0.0,0.0,0.0,0.0,0.0,0.0,0.0,0.01363636363636364,0.15000000000000002,0.2181818181818175,1.5409090909090912,6.163636363636365,12.409090909090912,7.322727272727274,1.6090909090909096,0.5727272727272729,0.424,0.01602,0.0,0.0,0.0,0.0,0.0,0.0,0.0,0.0,0.0,0.0,0.0,1.9738621000450625,19.671022983325827,8.206399278954486,0.14871563767462823,0.0,0.0,0.0,0.0,0.0,0.0,0.0,0.0,0.0,0.0,0.0,0.0,0.0,0.0,0.0,0.424,0.01584,0.0,0.0,0.0,0.0,0.0,0.0,0.0,0.0,0.0,0.0,0.0,1.8409090909090882,19.63636363636364,8.331818181818184,0.19090909090909097,0.0,0.0,0.0,0.0,0.0,0.0,0.0,0.0,0.0,0.0,0.0,0.0,0.0,0.0,0.0
50700,4168,2134,0.511996161228407,969,851,0.43666026871401153,1164,0.5585412667946257,0.46599999999999997,2.9626352015732547,3.0635003754373207,6.469879518072289,2.1059390207986355,6649.800000000001,9.094947017729282e-13,6649.8,6649.8,6649.800000000001,9.094947017729282e-13,6649.800000000002,1.8189894035458565e-12,28.00647792706334,21.019201217950304,32.9149057681325,19.349742094115037,0.1343570057581574,0.10844529750479846,0.09452975047984645,0.08661228406909789,0.08325335892514395,0.06501919385796545,0.07053742802303263,0.0640595009596929,0.05950095969289827,0.05038387715930902,0.04366602687140115,0.041986564299424184,0.03190978886756238,0.026871401151631478,0.020873320537428023,0.00935700575815739,0.008637236084452975,0.8848147661981107,0.03521343346451126,0.0,0.0,0.0,0.0,0.0,0.0,0.0,0.0,0.0,0.0,0.0,0.0,0.0,0.0,0.0,0.0,0.0,0.0,0.0,0.0,0.0,0.0,0.035988483685220736,0.38147792706333855,1.612284069097889,6.470729366602689,12.416026871401154,6.71545105566219,1.806621880998081,0.5614203454894435,4.266265513350884,2.8095820045776603,5.666666666666667,1.699673171197595,1.3282498824635636,4.2854996243426,2.774184706077331,4.250187828700225,2.8432221926093066,0.9917601683029452,0.424,0.01576,0.0,0.0,0.0,0.0,0.0,0.0,0.0,0.0,0.0,0.0,0.0,1.8426103646832988,19.52015355086373,8.536468330134358,0.10076775431861806,0.0,0.0,0.0,0.0,0.0,0.0,0.0,0.0,0.0,0.0,0.0,0.0,0.0,0.0,0.0,nan,nan,4.267843726521413,2.808971046614328,nan,0.424,0.0808,0.0,0.0,0.0,0.0,0.0,0.0,0.0,0.0,0.0,0.0,0.0,0.0,0.0,0.0,0.0,0.0,0.0,0.0,4.798464491362764e-05,0.0,0.0009716890595009597,0.0,0.0,2.399232245681382e-05,0.0002399232245681382,0.005446257197696737,0.0038267754318618043,0.003047024952015355,0.028586852207293668,0.014023512476007678,0.011912188099808062,0.011120441458733206,0.035268714011516315,0.054522552783109406,0.03619241842610365,0.02977447216890595,0.02588771593090211,0.04818857965451056,0.061396353166986564,0.037296065259117085,0.025959692898272553,0.04421785028790787,0.03886756238003839,0.05009596928982726,0.018366122840690977,0.013651631477927063,0.038675623800383876,0.06485124760076776,0.0508637236084453,0.02302063339731286,0.06587092130518234,0.016758637236084454,0.020597408829174664,0.04192658349328215,0.0175383877159309,0.02663147792706334,0.003562859884836852,0.010628598848368523,0.0042106525911708255,0.00034788867562380037,0.001595489443378119,0.00065978886756238,0.008109404990403071,0.00015595009596928983,0.0018114203454894435,0.0024592130518234167,0.0,3.598848368522073e-05,0.0,0.0007557581573896353,0.0,0.0,0.0,0.0,0.0,0.0,0.0,0.0,0.0,0.0,0.0,0.0,0.0,0.0,0.0,0.0,0.0,0.0,0.0,0.0,0.0,0.0,0.0,0.0,0.0,0.0,0.0,0.0,0.0,0.0,0.0,nan,nan,4.267843726521413,2.808971046614328,nan,0.8844402798337141,0.034000153139964344,0.0,0.0,0.0,0.0,0.0,0.0,0.0,0.0,0.0,0.0,0.0,0.0,0.0,0.0,0.0,0.0,0.0,0.0,0.0,0.0,0.0,0.0,0.014058106841612,0.3233364573570749,1.574507966260544,6.621368322399252,12.666354264292412,6.635426429240864,1.630740393626992,0.534208059981256,0.8852076638881905,0.03643883181302869,0.0,0.0,0.0,0.0,0.0,0.0,0.0,0.0,0.0,0.0,0.0,0.0,0.0,0.0,0.0,0.0,0.0,0.0,0.0,0.0,0.0,0.0,0.05899705014749264,0.44247787610619327,1.651917404129794,6.312684365781712,12.153392330383484,6.799410029498527,1.9911504424778765,0.5899705014749264,0.424,0.015594,0.0,0.0,0.0,0.0,0.0,0.0,0.0,0.0,0.0,0.0,0.0,1.841611996251169,19.821930646672918,8.252108716026244,0.08434864104967199,0.0,0.0,0.0,0.0,0.0,0.0,0.0,0.0,0.0,0.0,0.0,0.0,0.0,0.0,0.0,0.4243,0.01595,0.0,0.0,0.0,0.0,0.0,0.0,0.0,0.0,0.0,0.0,0.0,1.8436578171091418,19.203539823008853,8.834808259587023,0.11799410029498528,0.0,0.0,0.0,0.0,0.0,0.0,0.0,0.0,0.0,0.0,0.0,0.0,0.0,0.0,0.0
50800,4133,2161,0.5228647471570288,998,832,0.44277764335833536,1166,0.5642390515364142,0.474,3.0608519269776875,3.0807833499076653,6.5317324185248715,2.1090196523728357,6649.800000000001,9.094947017729282e-13,6649.8,6649.8,6649.800000000002,1.8189894035458565e-12,6649.800000000002,1.8189894035458565e-12,28.1328332930075,21.034772833669468,33.1787983824379,19.25494319931082,0.13912412291313817,0.10041132349383015,0.09339462859908057,0.0883135736752964,0.07887732881684006,0.06968303895475442,0.06919912896201307,0.06339220904911687,0.05976288410355674,0.04766513428502298,0.05105250423421244,0.04113234938301476,0.035809339462859906,0.024195499637067505,0.020324219695136706,0.012097749818533753,0.005564964916525526,0.8833014158022309,0.03623767901063664,0.0,0.0,0.0,0.0,0.0,0.0,0.0,0.0,0.0,0.0,0.0,0.0,0.0,0.0,0.0,0.0,0.0,0.0,0.0,0.0,0.0,0.0,0.05081054923784178,0.3992257440116126,1.9090249213646266,6.706992499395114,11.78804742317929,6.685216549721754,1.9598354706024683,0.5008468424872975,4.32034469838891,2.8380216542572008,3.0,1.0,0.6943890382447315,4.336559940431869,2.844947567512424,4.301957831325301,2.8294805216361163,0.9920208391946909,0.424,0.0162,0.0,0.0,0.0,0.0,0.0,0.0,0.0,0.0,0.0,0.0,0.0,2.1775949673360726,19.053955964190664,8.681345269779822,0.08710379869344304,0.0,0.0,0.0,0.0,0.0,0.0,0.0,0.0,0.0,0.0,0.0,0.0,0.0,0.0,0.0,nan,nan,4.31935604642456,2.837320761274377,nan,0.424,0.0808,0.0,0.0,0.0,0.0,0.0,0.0,0.0,0.0,0.0,0.0,0.0,0.0,0.0,0.0,0.0,0.0,0.0,0.0,0.00015727074764093879,0.0,0.0010646019840309703,0.0,0.0,0.0,0.00015727074764093879,0.005649649165255262,0.003943866440842003,0.0032905879506411806,0.026760222598596662,0.013162351802564722,0.01363416404548754,0.010936365835954512,0.03475683522864747,0.055056859424147106,0.03669247519961287,0.031478345027824824,0.024655214130171788,0.050084684248729736,0.05978707960319381,0.03952334865714977,0.024582627631260585,0.04391483184127752,0.04000725864989112,0.05029034599564481,0.016622308250665376,0.011081538833776917,0.0355915799661263,0.06765061698524075,0.05453665618195016,0.023530123397048148,0.0682071134768933,0.01589644326155335,0.019041858214372126,0.03962013065569804,0.018013549479796758,0.026615049600774255,0.002782482458262763,0.010996854585047181,0.0037019114444713282,0.00031454149528187757,0.0018267602225985966,0.0005081054923784176,0.00799661263005081,0.0001330752480038713,0.0020203242196951366,0.003121219453181708,3.6293249455601256e-05,3.6293249455601256e-05,0.0,0.0005323009920154851,0.0,0.0,0.0,0.0,0.0,0.0,0.0,0.0,0.0,0.0,0.0,0.0,0.0,0.0,0.0,0.0,0.0,0.0,0.0,0.0,0.0,0.0,0.0,0.0,0.0,0.0,0.0,0.0,0.0,0.0,0.0,nan,nan,4.31935604642456,2.837320761274377,nan,0.8837362736367009,0.035765497075132116,0.0,0.0,0.0,0.0,0.0,0.0,0.0,0.0,0.0,0.0,0.0,0.0,0.0,0.0,0.0,0.0,0.0,0.0,0.0,0.0,0.0,0.0,0.05552984729291996,0.3887089310504384,1.7630726515502086,6.455344747801945,12.16103655714947,6.719111522443315,1.9435446552521984,0.5136510874595096,0.8828248804166883,0.036742239376838376,0.0,0.0,0.0,0.0,0.0,0.0,0.0,0.0,0.0,0.0,0.0,0.0,0.0,0.0,0.0,0.0,0.0,0.0,0.0,0.0,0.0,0.0,0.045638945233265726,0.4107505070993902,2.06896551724138,6.982758620689657,11.379310344827587,6.648073022312375,1.9776876267748484,0.4868154158215011,0.4236,0.01596,0.0,0.0,0.0,0.0,0.0,0.0,0.0,0.0,0.0,0.0,0.0,2.2211938917167946,19.463211476168443,8.204534937528923,0.11105969458583992,0.0,0.0,0.0,0.0,0.0,0.0,0.0,0.0,0.0,0.0,0.0,0.0,0.0,0.0,0.0,0.4243,0.01646,0.0,0.0,0.0,0.0,0.0,0.0,0.0,0.0,0.0,0.0,0.0,2.129817444219064,18.605476673427997,9.203853955375255,0.06085192697768764,0.0,0.0,0.0,0.0,0.0,0.0,0.0,0.0,0.0,0.0,0.0,0.0,0.0,0.0,0.0
50900,4247,2166,0.510007063809748,972,885,0.4372498234047563,1196,0.5632210972451142,0.49,3.07015857760692,3.224706167130481,7.042477876106195,2.0997178617776378,6649.800000000001,9.094947017729282e-13,6649.8,6649.8,6649.800000000002,1.8189894035458565e-12,6649.800000000002,1.8189894035458565e-12,27.044266541087826,20.766576256138027,32.256687535572,19.055683821297087,0.14951730633388274,0.10525076524605603,0.09465505062396987,0.0880621615257829,0.08405933600188369,0.07723098657876148,0.0685189545561573,0.05674593830939487,0.05321403343536614,0.04826936661172592,0.04308923946315046,0.043560160113020954,0.030138921591711797,0.024723334118201084,0.016953143395337884,0.010831174947021427,0.005180127148575465,0.8827737609526677,0.03484908360050901,0.0,0.0,0.0,0.0,0.0,0.0,0.0,0.0,0.0,0.0,0.0,0.0,0.0,0.0,0.0,0.0,0.0,0.0,0.0,0.0,0.0,0.0,0.08476571697668944,0.3249352484106418,1.631740051801272,6.774193548387099,12.728985165999532,6.343301153755594,1.6670591005415591,0.4450200141276196,4.5193245778611635,2.9541369081569564,6.333333333333333,1.699673171197595,1.4013893501605224,4.395471698113208,2.9286834997404263,4.641579731743666,2.9703703035004017,1.055991267953358,0.424,0.01548,0.0,0.0,0.0,0.0,0.0,0.0,0.0,0.0,0.0,0.0,0.0,1.773016246762418,20.096538733223454,8.059806922533555,0.07063809748057454,0.0,0.0,0.0,0.0,0.0,0.0,0.0,0.0,0.0,0.0,0.0,0.0,0.0,0.0,0.0,nan,nan,4.52136431784108,2.9536513520643175,nan,0.424,0.0808,0.0,0.0,0.0,0.0,0.0,0.0,0.0,0.0,0.0,0.0,0.0,0.0,0.0,0.0,0.0,0.0,0.0,0.0,4.709206498704968e-05,0.0,0.0009418412997409936,0.0,0.0,0.0,0.00025900635742877326,0.004297150930068283,0.004744525547445255,0.0033199905815870026,0.02621850718153991,0.011737697198022133,0.015163644925829998,0.01225570991287968,0.03276430421473982,0.05550977160348481,0.03790911231457499,0.03103367082646574,0.023816811867200378,0.04912879679773958,0.06493995761714151,0.04080527431127855,0.02446432776077231,0.044996468095125974,0.03720273133976925,0.0490934777489993,0.01804803390628679,0.010419119378384743,0.03561337414645632,0.06777725453261126,0.05480339062867907,0.0226512832587709,0.06530492112079114,0.01561101954320697,0.020426183188132798,0.03959265363786202,0.018719095832352248,0.025570991287967977,0.0034024016953143397,0.010713444784553803,0.00291970802919708,0.0002707793736755357,0.0018836825994819873,0.00038850953614315986,0.008476571697668942,2.354603249352484e-05,0.0024487873793265836,0.003473039792794914,5.88650812338121e-05,0.0,1.177301624676242e-05,0.0006946079585589828,0.0,4.709206498704968e-05,0.0,0.0,0.0,0.0,0.0,0.0,0.0,0.0,0.0,0.0,0.0,0.0,0.0,0.0,0.0,0.0,0.0,0.0,0.0,0.0,0.0,0.0,0.0,0.0,0.0,0.0,0.0,0.0,0.0,nan,nan,4.52136431784108,2.9536513520643175,nan,0.8831020490999918,0.034666598446691406,0.0,0.0,0.0,0.0,0.0,0.0,0.0,0.0,0.0,0.0,0.0,0.0,0.0,0.0,0.0,0.0,0.0,0.0,0.0,0.0,0.0,0.0,0.04155124653739613,0.34626038781163326,1.4265927977839339,7.049861495844877,13.088642659279781,5.844875346260389,1.6897506925207761,0.5124653739612189,0.8824320636306572,0.03503474600274913,0.0,0.0,0.0,0.0,0.0,0.0,0.0,0.0,0.0,0.0,0.0,0.0,0.0,0.0,0.0,0.0,0.0,0.0,0.0,0.0,0.0,0.0,0.12974531475252285,0.30273906775588566,1.8452666987025472,6.487265737626143,12.354637193656899,6.862085535800098,1.6434406535319561,0.37481979817395494,0.4236,0.015465,0.0,0.0,0.0,0.0,0.0,0.0,0.0,0.0,0.0,0.0,0.0,1.8559556786703575,20.235457063711916,7.853185595567869,0.05540166204986151,0.0,0.0,0.0,0.0,0.0,0.0,0.0,0.0,0.0,0.0,0.0,0.0,0.0,0.0,0.0,0.4243,0.015495,0.0,0.0,0.0,0.0,0.0,0.0,0.0,0.0,0.0,0.0,0.0,1.6866890917827944,19.95194617972129,8.274867851994236,0.08649687650168189,0.0,0.0,0.0,0.0,0.0,0.0,0.0,0.0,0.0,0.0,0.0,0.0,0.0,0.0,0.0
51000,4589,2355,0.5131837001525387,1074,956,0.4423621704074962,1317,0.5739812595336675,0.45399999999999996,3.0116383169203225,3.08153142145501,6.568938193343898,2.0719051877716224,6649.800000000001,9.094947017729282e-13,6649.8,6649.8,6649.800000000001,9.094947017729282e-13,6649.800000000001,9.094947017729282e-13,28.183918064937895,21.14941178625534,33.01341935483871,19.47410059834508,0.13684898670734366,0.10002179123992155,0.09588145565482677,0.0906515580736544,0.07953802571366311,0.0695140553497494,0.06624536936151668,0.06646328176073218,0.05317062540858575,0.05208106341250817,0.04815864022662889,0.04140335585094792,0.034865983874482455,0.027456962301154936,0.0169971671388102,0.013510568751361952,0.007191109174112007,0.8830002082617721,0.03532703511276904,0.0,0.0,0.0,0.0,0.0,0.0,0.0,0.0,0.0,0.0,0.0,0.0,0.0,0.0,0.0,0.0,0.0,0.0,0.0,0.0,0.0,0.019612115929396386,0.06537371976465463,0.28764436696447937,1.6801045979516238,7.079973850512096,12.198736108084553,6.576596208324255,1.4905208106341254,0.6014382218348225,4.325447786414329,2.8403262347599845,4.8,2.85657137141714,1.1097116962262676,4.328675981370592,2.83941862251896,4.323750855578371,2.841448600163769,0.9988622096425287,0.4238,0.015495,0.0,0.0,0.0,0.0,0.0,0.0,0.0,0.0,0.0,0.0,0.0,1.869688385269119,19.847461320549144,8.171714970581828,0.11113532359991286,0.0,0.0,0.0,0.0,0.0,0.0,0.0,0.0,0.0,0.0,0.0,0.0,0.0,0.0,0.0,nan,nan,4.326248313090418,2.8404204774905946,nan,0.4238,0.0806,0.0,0.0,0.0,0.0,0.0,0.0,0.0,0.0,0.0,0.0,0.0,0.0,0.0,0.0,0.0,0.0,0.0,0.0,8.716495968620615e-05,0.0,0.0009479189365874919,0.0,0.0,0.0,0.00022880801917629114,0.004706907823055132,0.0042819786445848764,0.0036064502070167793,0.027184571802135543,0.01063412508171715,0.014131619089126171,0.011516670298539988,0.03438657659620832,0.05417302244497712,0.03890825887993027,0.031063412508171715,0.023273044236217042,0.04982567008062759,0.06513401612551754,0.0411418609718893,0.023283939856177816,0.04531488341686642,0.03717585530616692,0.04971671388101983,0.017552843756809763,0.011571148398343866,0.0354761385922859,0.06804314665504467,0.0549030289823491,0.02123556330355197,0.06869688385269122,0.015384615384615385,0.01918718675092613,0.0397036391370669,0.01750926127696666,0.02610590542601874,0.0035628677271736763,0.009882327304423622,0.002723904990193942,0.0002505992590978427,0.0016234473741555894,0.0005665722379603399,0.008433209849640445,0.0,0.0024515144911745478,0.0037045107866637613,0.0,0.0,0.0,0.0006537371976465461,5.447809980387884e-05,0.0,0.0,0.0,0.0,0.0,0.0,0.0,0.0,0.0,0.0,0.0,0.0,0.0,0.0,0.0,0.0,0.0,0.0,0.0,0.0,0.0,0.0,0.0,0.0,0.0,0.0,0.0,0.0,0.0,0.0,nan,nan,4.326248313090418,2.8404204774905946,nan,0.8826572517680514,0.03503615560034788,0.0,0.0,0.0,0.0,0.0,0.0,0.0,0.0,0.0,0.0,0.0,0.0,0.0,0.0,0.0,0.0,0.0,0.0,0.0,0.0,0.0,0.038216560509554146,0.05095541401273886,0.3184713375796168,1.7070063694267519,6.980891719745224,12.407643312101914,6.484076433121021,1.4649681528662424,0.5477707006369428,0.8833617402862627,0.035627524325060445,0.0,0.0,0.0,0.0,0.0,0.0,0.0,0.0,0.0,0.0,0.0,0.0,0.0,0.0,0.0,0.0,0.0,0.0,0.0,0.0,0.0,0.0,0.08057296329453896,0.2551477170993725,1.6517457475380488,7.1844225604297245,11.978513876454793,6.674127126230977,1.517457475380484,0.6580125335720681,0.424,0.01569,0.0,0.0,0.0,0.0,0.0,0.0,0.0,0.0,0.0,0.0,0.0,1.8980891719745197,19.847133757961785,8.10191082802548,0.15286624203821658,0.0,0.0,0.0,0.0,0.0,0.0,0.0,0.0,0.0,0.0,0.0,0.0,0.0,0.0,0.0,0.4238,0.0153,0.0,0.0,0.0,0.0,0.0,0.0,0.0,0.0,0.0,0.0,0.0,1.8397493285586364,19.847806624888097,8.245299910474486,0.06714413607878246,0.0,0.0,0.0,0.0,0.0,0.0,0.0,0.0,0.0,0.0,0.0,0.0,0.0,0.0,0.0
51100,4648,2327,0.5006454388984509,1076,979,0.44212564543889843,1331,0.5727194492254734,0.44999999999999996,2.902628177509694,3.0526045672079043,6.568938193343898,2.143338624051897,6649.800000000001,9.094947017729282e-13,6649.8,6649.8,6649.800000000001,9.094947017729282e-13,6649.800000000002,1.8189894035458565e-12,27.921901893287437,20.87584523929728,32.664460285132385,19.23266907476073,0.1338209982788296,0.1052065404475043,0.0942340791738382,0.0875645438898451,0.0849827882960413,0.06755593803786575,0.07465576592082616,0.06239242685025818,0.06002581755593804,0.05271084337349398,0.04238382099827883,0.03722030981067126,0.034853700516351116,0.02689328743545611,0.015060240963855422,0.01333907056798623,0.0070998278829604135,0.8825106488191322,0.03601506940797829,0.0,0.0,0.0,0.0,0.0,0.0,0.0,0.0,0.0,0.0,0.0,0.0,0.0,0.0,0.0,0.0,0.0,0.0,0.0,0.0,0.006454388984509468,0.025817555938037872,0.09036144578313256,0.34208261617900065,1.8265920826161794,6.990103270223754,12.108433734939762,6.538296041308091,1.5361445783132535,0.5357142857142858,4.378986236992279,2.8741725045503617,5.0,3.1622776601683795,1.1418167880413952,4.481157469717362,2.8808754007765627,4.279706275033377,2.865219250886083,0.9550448302597384,0.4236,0.01573,0.0,0.0,0.0,0.0,0.0,0.0,0.0,0.0,0.0,0.0,0.0,2.0008605851979318,19.9053356282272,7.984079173838212,0.10972461273666095,0.0,0.0,0.0,0.0,0.0,0.0,0.0,0.0,0.0,0.0,0.0,0.0,0.0,0.0,0.0,nan,nan,4.380026809651475,2.874791611392505,nan,0.4236,0.08057,0.0,0.0,0.0,0.0,0.0,0.0,0.0,0.0,0.0,0.0,0.0,0.0,0.0,0.0,0.0,0.0,0.0,0.0,3.227194492254733e-05,0.0,0.0010542168674698795,0.0,0.0,0.0,0.00015060240963855423,0.004808519793459552,0.0036144578313253013,0.003410068846815835,0.02743115318416523,0.009487951807228915,0.014662220309810672,0.012639845094664372,0.035391566265060244,0.05495912220309811,0.03852194492254733,0.031497418244406196,0.023397160068846817,0.048214285714285716,0.06499569707401033,0.039597676419965575,0.024128657487091223,0.04560025817555938,0.039855851979345956,0.05064543889845095,0.017588209982788296,0.01077882960413081,0.034692340791738385,0.0657487091222031,0.05617469879518072,0.02098752151462995,0.0705249569707401,0.014791308089500861,0.01976118760757315,0.037209552495697074,0.017986230636833047,0.026032702237521514,0.0026355421686746986,0.010628227194492254,0.0031088640275387263,0.00034423407917383823,0.001140275387263339,0.0003119621342512909,0.00836919104991394,0.0,0.002398881239242685,0.004077022375215146,0.0,0.0,0.0,0.0005378657487091222,7.530120481927712e-05,0.0,0.0,0.0,0.0,0.0,0.0,0.0,0.0,0.0,0.0,0.0,0.0,0.0,0.0,0.0,0.0,0.0,0.0,0.0,0.0,0.0,0.0,0.0,0.0,0.0,0.0,0.0,0.0,0.0,0.0,nan,nan,4.380026809651475,2.874791611392505,nan,0.8826835038173234,0.03622930529172468,0.0,0.0,0.0,0.0,0.0,0.0,0.0,0.0,0.0,0.0,0.0,0.0,0.0,0.0,0.0,0.0,0.0,0.0,0.0,0.0,0.012892135797163733,0.0386764073914912,0.10313708637730987,0.25784271594327385,1.688869789428449,7.116458960034381,12.311989686291366,6.226901590030083,1.740438332617104,0.5027932960893856,0.8823373469747587,0.035798154799258866,0.0,0.0,0.0,0.0,0.0,0.0,0.0,0.0,0.0,0.0,0.0,0.0,0.0,0.0,0.0,0.0,0.0,0.0,0.0,0.0,0.0,0.01292546316242999,0.07755277897457993,0.42654028436018826,1.9646704006893585,6.863420939250325,11.90435157259802,6.850495476087895,1.331322705730289,0.5687203791469195,0.4236,0.01576,0.0,0.0,0.0,0.0,0.0,0.0,0.0,0.0,0.0,0.0,0.0,1.920928233777393,20.20197679415557,7.773957885689731,0.10313708637730987,0.0,0.0,0.0,0.0,0.0,0.0,0.0,0.0,0.0,0.0,0.0,0.0,0.0,0.0,0.0,0.4236,0.01569,0.0,0.0,0.0,0.0,0.0,0.0,0.0,0.0,0.0,0.0,0.0,2.0809995691512246,19.607927617406293,8.194743644980614,0.11632916846186991,0.0,0.0,0.0,0.0,0.0,0.0,0.0,0.0,0.0,0.0,0.0,0.0,0.0,0.0,0.0
51200,4513,2282,0.505650343452249,1087,950,0.4513627298914248,1278,0.5663638378019056,0.474,2.945316001792918,3.0742586321349523,6.6,2.1439838307848,6649.800000000002,1.8189894035458565e-12,6649.8,6649.8,6649.800000000001,9.094947017729282e-13,6649.800000000001,9.094947017729282e-13,27.463992909372923,20.709594469486284,32.531880977683315,18.943152654387486,0.1444715267006426,0.10081985375581654,0.0968313760248172,0.08530910702415245,0.07799689785065367,0.0782184799468203,0.06869044981165522,0.06625304675382229,0.05672501661865721,0.051185464214491466,0.04896964325282517,0.03478838909816087,0.032794150232661204,0.021271881231996456,0.01883447817416353,0.010635940615998228,0.006204298692665633,0.8812224044917085,0.03478571291366368,0.0,0.0,0.0,0.0,0.0,0.0,0.0,0.0,0.0,0.0,0.0,0.0,0.0,0.0,0.0,0.0,0.0,0.0,0.0,0.0,0.0,0.006647462884998893,0.08641701750498562,0.3922003102149334,1.748282738754709,7.179259915798805,12.49723022379792,6.30844227786395,1.3361400398847776,0.4453800132949259,4.381400208986416,2.8525451534936765,4.666666666666667,1.247219128924647,1.0651085141903172,4.418556701030928,2.8937780117854404,4.344146685472497,2.807663351634921,0.9831596558348861,0.4229,0.01572,0.0,0.0,0.0,0.0,0.0,0.0,0.0,0.0,0.0,0.0,0.0,2.2136051407046278,20.214934633281633,7.498338134278752,0.07312209173498782,0.0,0.0,0.0,0.0,0.0,0.0,0.0,0.0,0.0,0.0,0.0,0.0,0.0,0.0,0.0,nan,nan,4.3816979819067505,2.8513555917239115,nan,0.4229,0.08026,0.0,0.0,0.0,0.0,0.0,0.0,0.0,0.0,0.0,0.0,0.0,0.0,0.0,0.0,0.0,0.0,0.0,0.0,2.2158209616662973e-05,0.0,0.0013516507866164413,0.0,0.0,1.1079104808331486e-05,0.00016618657212497231,0.005329049412807445,0.0030135165078661644,0.0036007090627077332,0.0298027919344117,0.009251052514956792,0.015820961666297362,0.010624861511189895,0.03629514735209395,0.05438732550409927,0.0383890981608686,0.03010192776423665,0.021559937957013074,0.04913582982495014,0.064037225792156,0.04210059827165965,0.023077775315754487,0.04551296255262575,0.039596720584976736,0.054996676268557504,0.01722800797695546,0.010624861511189895,0.038566363837801904,0.06257478395745623,0.05576113450033237,0.021183248393529804,0.07180367826279636,0.014812763128739198,0.02085087524927986,0.035586084644360735,0.016042543762463994,0.024196764901395967,0.003390206071349435,0.009937957013073343,0.002891646354974518,0.00012187015289164635,0.0010525149567914911,0.00033237314424994463,0.007866164413915355,0.0,0.0021493463328163083,0.004498116552182583,0.0,0.0,1.1079104808331486e-05,0.00032129403944161313,1.1079104808331486e-05,0.0,0.0,0.0,0.0,0.0,0.0,0.0,0.0,0.0,0.0,0.0,0.0,0.0,0.0,0.0,0.0,0.0,0.0,0.0,0.0,0.0,0.0,0.0,0.0,0.0,0.0,0.0,0.0,0.0,0.0,nan,nan,4.3816979819067505,2.8513555917239115,nan,0.8811431915795562,0.03403513397427012,0.0,0.0,0.0,0.0,0.0,0.0,0.0,0.0,0.0,0.0,0.0,0.0,0.0,0.0,0.0,0.0,0.0,0.0,0.0,0.0,0.0,0.0,0.07887817703768625,0.4075372480280443,1.6170026292725683,7.191060473269064,12.751971954425946,6.270815074496058,1.3014899211218232,0.38124452234881695,0.881303428187599,0.035536870250020176,0.0,0.0,0.0,0.0,0.0,0.0,0.0,0.0,0.0,0.0,0.0,0.0,0.0,0.0,0.0,0.0,0.0,0.0,0.0,0.0,0.0,0.013446884805020173,0.09412819363514122,0.3765127745405636,1.8825638727028242,7.167189601075752,12.236665172568358,6.346929627969522,1.3715822501120576,0.5109816225907666,0.4233,0.01581,0.0,0.0,0.0,0.0,0.0,0.0,0.0,0.0,0.0,0.0,0.0,1.9193689745836957,20.021910604732692,7.979842243645926,0.07887817703768625,0.0,0.0,0.0,0.0,0.0,0.0,0.0,0.0,0.0,0.0,0.0,0.0,0.0,0.0,0.0,0.4224,0.0156,0.0,0.0,0.0,0.0,0.0,0.0,0.0,0.0,0.0,0.0,0.0,2.5145674585387683,20.41237113402062,7.005826983415511,0.06723442402510087,0.0,0.0,0.0,0.0,0.0,0.0,0.0,0.0,0.0,0.0,0.0,0.0,0.0,0.0,0.0
51300,4668,2424,0.519280205655527,1158,898,0.44044558697514996,1291,0.5531276778063411,0.45399999999999996,3.001336898395722,3.097278719715848,6.5892307692307694,2.0640977225616095,6649.800000000001,9.094947017729282e-13,6649.8,6649.8,6649.800000000001,9.094947017729282e-13,6649.800000000001,9.094947017729282e-13,27.94987146529563,20.89557764064802,32.90837161817254,19.145730217378553,0.13838903170522707,0.1017566409597258,0.09811482433590403,0.08547557840616966,0.0766923736075407,0.06812339331619537,0.07412167952013711,0.06255355612682091,0.059554413024850046,0.05377035132819195,0.04820051413881748,0.037275064267352186,0.03556126820908312,0.025492716366752356,0.01842330762639246,0.010925449871465296,0.005569837189374464,0.8809028427725484,0.03529869627176014,0.0,0.0,0.0,0.0,0.0,0.0,0.0,0.0,0.0,0.0,0.0,0.0,0.0,0.0,0.0,0.0,0.0,0.0,0.0,0.0,0.0,0.0,0.06426735218508998,0.4370179948586105,1.8701799485861186,7.159383033419025,12.442159383033422,6.03470437017995,1.4845758354755787,0.5077120822622109,4.357620320855615,2.863736145572549,5.0,0.0,1.1474152477373831,4.336229946524064,2.836672131450724,4.379425517702071,2.8894674679705954,1.0099615499433172,0.4224,0.0162,0.0,0.0,0.0,0.0,0.0,0.0,0.0,0.0,0.0,0.0,0.0,2.4935732647814874,19.96143958868895,7.435732647814912,0.10925449871465298,0.0,0.0,0.0,0.0,0.0,0.0,0.0,0.0,0.0,0.0,0.0,0.0,0.0,0.0,0.0,nan,nan,4.357834948212496,2.863281767939411,nan,0.4224,0.0806,0.0,0.0,0.0,0.0,0.0,0.0,0.0,0.0,0.0,0.0,0.0,0.0,0.0,0.0,0.0,0.0,0.0,0.0,0.0,0.0,0.0020458440445586977,0.0,0.0,0.0,0.00038560411311053987,0.0058804627249357325,0.002752784918594687,0.00393101970865467,0.0292630676949443,0.008194087403598971,0.01546700942587832,0.011707369323050557,0.03565766923736075,0.057176520994001716,0.03743573264781491,0.030741216795201372,0.019612253641816624,0.05007497857754927,0.06554198800342759,0.04097043701799486,0.020019280205655528,0.04694730077120823,0.04194515852613539,0.056544558697515,0.018969580119965725,0.010164952870608398,0.03491859468723222,0.06043273350471294,0.05559125964010283,0.020147814910025708,0.07504284490145673,0.011878748928877464,0.022257926306769496,0.03421165381319623,0.017170094258783204,0.02417523564695801,0.002795629820051414,0.010132819194515853,0.002538560411311054,0.00024635818337617824,0.0014353041988003428,0.0002892030848329049,0.008783204798628963,0.0,0.0022600685518423306,0.0038881748071979434,1.0711225364181662e-05,0.0,2.1422450728363323e-05,0.00034275921165381317,0.0,0.0,0.0,0.0,0.0,0.0,0.0,0.0,0.0,0.0,0.0,0.0,0.0,0.0,0.0,0.0,0.0,0.0,0.0,0.0,0.0,0.0,0.0,0.0,0.0,0.0,0.0,0.0,0.0,0.0,0.0,nan,nan,4.357834948212496,2.863281767939411,nan,0.8808590086183139,0.03589173499303847,0.0,0.0,0.0,0.0,0.0,0.0,0.0,0.0,0.0,0.0,0.0,0.0,0.0,0.0,0.0,0.0,0.0,0.0,0.0,0.0,0.0,0.0,0.09900990099009903,0.4207920792079195,1.9678217821782182,7.0173267326732685,12.339108910891092,6.076732673267328,1.571782178217822,0.5074257425742575,0.8809501930354113,0.03464662224857101,0.0,0.0,0.0,0.0,0.0,0.0,0.0,0.0,0.0,0.0,0.0,0.0,0.0,0.0,0.0,0.0,0.0,0.0,0.0,0.0,0.0,0.0,0.02673796791443851,0.45454545454545314,1.7647058823529416,7.312834224598932,12.55347593582888,5.989304812834226,1.3903743315508026,0.5080213903743317,0.4226,0.01633,0.0,0.0,0.0,0.0,0.0,0.0,0.0,0.0,0.0,0.0,0.0,2.400990099009898,19.690594059405942,7.784653465346536,0.12376237623762379,0.0,0.0,0.0,0.0,0.0,0.0,0.0,0.0,0.0,0.0,0.0,0.0,0.0,0.0,0.0,0.422,0.01605,0.0,0.0,0.0,0.0,0.0,0.0,0.0,0.0,0.0,0.0,0.0,2.593582887700531,20.25401069518717,7.058823529411766,0.09358288770053479,0.0,0.0,0.0,0.0,0.0,0.0,0.0,0.0,0.0,0.0,0.0,0.0,0.0,0.0,0.0
51400,4583,2256,0.49225398210778964,1073,992,0.45057822387082697,1289,0.562513637355444,0.46599999999999997,2.9467125053717234,3.1265661207153492,6.73186119873817,2.070681780081616,6649.800000000001,9.094947017729282e-13,6649.8,6649.8,6649.800000000002,1.8189894035458565e-12,6649.800000000001,9.094947017729282e-13,27.53087497272529,20.676341604797297,32.480458572173006,18.95180548962416,0.14095570586951778,0.10146192450360027,0.09775256382282348,0.08247872572550731,0.08095134191577569,0.08138773728998473,0.071787039057386,0.061095352389264675,0.05476761946323369,0.05389482871481562,0.04713070041457561,0.03382064150120009,0.03512982762382719,0.02312895483307877,0.018110408029674886,0.008946105171285185,0.007200523674449051,0.8806057390286468,0.03453054812355636,0.0,0.0,0.0,0.0,0.0,0.0,0.0,0.0,0.0,0.0,0.0,0.0,0.0,0.0,0.0,0.0,0.0,0.0,0.0,0.0,0.0,0.006545930613135503,0.07200523674449053,0.3600261837224514,1.89177394719616,7.180885882609646,12.607462360898978,6.068077678376611,1.4728343879554882,0.34038839188304615,4.406675749318801,2.915851465146347,6.333333333333333,1.699673171197595,1.4372133766166848,4.399190829399865,2.9332514861810948,4.41786941580756,2.898267689166762,1.0042459141083095,0.422,0.01561,0.0,0.0,0.0,0.0,0.0,0.0,0.0,0.0,0.0,0.0,0.0,2.251800130918609,20.66550294566878,7.03032947850753,0.05236744490508402,0.0,0.0,0.0,0.0,0.0,0.0,0.0,0.0,0.0,0.0,0.0,0.0,0.0,0.0,0.0,nan,nan,4.408642395372576,2.915517989257032,nan,0.422,0.08044,0.0,0.0,0.0,0.0,0.0,0.0,0.0,0.0,0.0,0.0,0.0,0.0,0.0,0.0,0.0,0.0,0.0,0.0,0.0,0.0,0.001909229762164521,0.0,3.27296530656775e-05,1.0909884355225835e-05,0.0004145756054985817,0.006011346279729435,0.0029456687759109755,0.0037857298712633647,0.02888937377263801,0.007473270783329697,0.01511018983198778,0.010462579096661576,0.0372899847261619,0.059578878463888284,0.037835478943923195,0.030602225616408466,0.01937595461488108,0.0526183722452542,0.0643137682740563,0.04137028147501636,0.01914684704342134,0.045930613135500765,0.04119572332533275,0.057975125463670084,0.01877591097534366,0.011062622736198997,0.03404974907265983,0.06018983198778093,0.05458215142919485,0.01733580624045385,0.0744054113026402,0.013320968797730743,0.02378354789439232,0.03507527820205106,0.01725943704996727,0.024929085751691032,0.0018546803403883918,0.01008073314422867,0.0022147065241108444,0.00010909884355225835,0.0013746454287584552,0.00025092734017019417,0.008531529565786603,1.0909884355225835e-05,0.0021492472179794895,0.004025747327078333,4.363953742090334e-05,0.0,0.0,0.00030547676194632336,0.0,0.0,0.0,0.0,0.0,0.0,0.0,0.0,0.0,0.0,0.0,0.0,0.0,0.0,0.0,0.0,0.0,0.0,0.0,0.0,0.0,0.0,0.0,0.0,0.0,0.0,0.0,0.0,0.0,0.0,0.0,nan,nan,4.408642395372576,2.915517989257032,nan,0.8806745004675067,0.03436937711087355,0.0,0.0,0.0,0.0,0.0,0.0,0.0,0.0,0.0,0.0,0.0,0.0,0.0,0.0,0.0,0.0,0.0,0.0,0.0,0.0,0.0,0.0,0.07978723404255321,0.34574468085106275,1.941489361702128,7.167553191489363,12.579787234042556,6.037234042553193,1.5425531914893622,0.3058510638297873,0.8805390755967311,0.03468595649009459,0.0,0.0,0.0,0.0,0.0,0.0,0.0,0.0,0.0,0.0,0.0,0.0,0.0,0.0,0.0,0.0,0.0,0.0,0.0,0.0,0.0,0.012892135797163733,0.06446067898581866,0.373871938117747,1.8435754189944138,7.193811774817363,12.63429308122046,6.097980232058446,1.405242801890847,0.37387193811774827,0.4219,0.015564,0.0,0.0,0.0,0.0,0.0,0.0,0.0,0.0,0.0,0.0,0.0,2.247340425531912,20.851063829787236,6.888297872340427,0.013297872340425535,0.0,0.0,0.0,0.0,0.0,0.0,0.0,0.0,0.0,0.0,0.0,0.0,0.0,0.0,0.0,0.4224,0.01566,0.0,0.0,0.0,0.0,0.0,0.0,0.0,0.0,0.0,0.0,0.0,2.25612376450365,20.48560378169317,7.168027503223035,0.09024495058014613,0.0,0.0,0.0,0.0,0.0,0.0,0.0,0.0,0.0,0.0,0.0,0.0,0.0,0.0,0.0
51500,4524,2355,0.5205570291777188,1118,916,0.4496021220159151,1262,0.5579133510167993,0.486,3.0594744121715074,3.1354343770069932,6.735109717868339,2.0481023950388493,6649.800000000002,1.8189894035458565e-12,6649.8,6649.8,6649.800000000001,9.094947017729282e-13,6649.800000000001,9.094947017729282e-13,28.087754199823166,21.087278953984843,33.229304416820945,19.24918511257501,0.14787798408488065,0.09372236958443855,0.09084880636604775,0.08598585322723254,0.08134394341290893,0.07250221043324491,0.06542882404951371,0.06321839080459771,0.061229000884173296,0.054376657824933686,0.049292661361626876,0.03757736516357206,0.028956675508399646,0.03138815207780725,0.015030946065428824,0.013262599469496022,0.007957559681697613,0.8810916235629275,0.03543928758072544,0.0,0.0,0.0,0.0,0.0,0.0,0.0,0.0,0.0,0.0,0.0,0.0,0.0,0.0,0.0,0.0,0.0,0.0,0.0,0.0,0.0,0.006631299734748012,0.019893899204244034,0.43766578249336735,2.1750663129973478,6.883289124668437,12.221485411140586,6.352785145888595,1.4655172413793107,0.4376657824933688,4.284931506849315,2.901991344306867,nan,nan,nan,4.364827586206896,2.923862137286861,4.206122448979592,2.87808336852196,0.963639998581199,0.422,0.01555,0.0,0.0,0.0,0.0,0.0,0.0,0.0,0.0,0.0,0.0,0.0,2.3275862068965485,20.656498673740057,6.949602122015917,0.06631299734748011,0.0,0.0,0.0,0.0,0.0,0.0,0.0,0.0,0.0,0.0,0.0,0.0,0.0,0.0,0.0,nan,nan,4.284931506849315,2.901991344306867,nan,0.422,0.0808,0.0,0.0,0.0,0.0,0.0,0.0,0.0,0.0,0.0,0.0,0.0,0.0,0.0,0.0,0.0,0.0,0.0,0.0,0.0,0.0,0.001812555260831123,0.0,4.420866489832007e-05,8.841732979664014e-05,0.0006962864721485411,0.00633289124668435,0.0027851458885941646,0.004420866489832007,0.028835101679929268,0.005923961096374889,0.016898762157382848,0.010444297082228117,0.03502431476569408,0.06004641909814323,0.03762157382847038,0.03155393457117595,0.01868921308576481,0.051867816091954025,0.06536251105216623,0.04185455349248453,0.019794429708222813,0.04735853227232537,0.04263925729442971,0.05748231653404067,0.01896551724137931,0.011030061892130858,0.03146551724137931,0.060134836427939875,0.053978779840848805,0.016511936339522547,0.07445844385499557,0.01347259062776304,0.02470159151193634,0.03599690539345712,0.015948275862068966,0.022126436781609197,0.0024093722369584437,0.010046419098143236,0.0028183023872679043,1.1052166224580018e-05,0.001215738284703802,0.0003757736516357206,0.008919098143236074,0.0,0.0028183023872679043,0.004575596816976128,4.420866489832007e-05,1.1052166224580018e-05,0.0,0.0003868258178603006,0.0,0.0,0.0,0.0,0.0,0.0,0.0,0.0,0.0,0.0,0.0,0.0,0.0,0.0,0.0,0.0,0.0,0.0,0.0,0.0,0.0,0.0,0.0,0.0,0.0,0.0,0.0,0.0,0.0,0.0,0.0,nan,nan,4.284931506849315,2.901991344306867,nan,0.8806147588792627,0.03518900273499601,0.0,0.0,0.0,0.0,0.0,0.0,0.0,0.0,0.0,0.0,0.0,0.0,0.0,0.0,0.0,0.0,0.0,0.0,0.0,0.0,0.0,0.0,0.012738853503184716,0.509554140127387,2.3821656050955418,6.687898089171976,12.178343949044589,6.458598726114651,1.439490445859873,0.33121019108280264,0.8816093812070173,0.03570183759983978,0.0,0.0,0.0,0.0,0.0,0.0,0.0,0.0,0.0,0.0,0.0,0.0,0.0,0.0,0.0,0.0,0.0,0.0,0.0,0.0,0.0,0.013831258644536656,0.02766251728907331,0.35961272475795186,1.9502074688796684,7.095435684647304,12.268326417704014,6.237897648686032,1.493775933609959,0.5532503457814663,0.4219,0.01536,0.0,0.0,0.0,0.0,0.0,0.0,0.0,0.0,0.0,0.0,0.0,2.369426751592353,20.598726114649686,6.980891719745224,0.05095541401273886,0.0,0.0,0.0,0.0,0.0,0.0,0.0,0.0,0.0,0.0,0.0,0.0,0.0,0.0,0.0,0.4224,0.01575,0.0,0.0,0.0,0.0,0.0,0.0,0.0,0.0,0.0,0.0,0.0,2.2821576763485445,20.71922544951591,6.9156293222683285,0.08298755186721993,0.0,0.0,0.0,0.0,0.0,0.0,0.0,0.0,0.0,0.0,0.0,0.0,0.0,0.0,0.0
51600,4693,2336,0.4977626251864479,1105,987,0.44577029618580866,1348,0.5744726187939484,0.46599999999999997,2.786593126856173,2.9143957022357636,6.159817351598173,2.0850337090457836,6649.800000000001,9.094947017729282e-13,6649.8,6649.8,6649.800000000001,9.094947017729282e-13,6649.8,0.0,27.873215427232047,20.91788641627712,32.858596134282806,19.19205670458615,0.13829107180907735,0.09887065842744513,0.09503515874707011,0.08906882591093117,0.08779032601747283,0.07479224376731301,0.06392499467291711,0.06541657788195185,0.05348391220967398,0.05199232900063925,0.044960579586618366,0.04133816322181973,0.03451949712337524,0.024291497975708502,0.01747283187726401,0.01129341572554869,0.007457916045173663,0.8822603824167599,0.034587719453104994,0.0,0.0,0.0,0.0,0.0,0.0,0.0,0.0,0.0,0.0,0.0,0.0,0.0,0.0,0.0,0.0,0.0,0.0,0.0,0.0,0.0,0.0,0.04474749627104199,0.30683997443000116,1.8985723417856386,6.68016194331984,12.816961431919884,6.27104197741317,1.4830598764116774,0.4986149584487536,4.2449586776859505,2.7739928926622,5.5,2.5,1.2956545440386262,4.217736598279285,2.7873407525200866,4.2712871287128715,2.7596217502922054,1.0126965089416522,0.4211,0.01573,0.0,0.0,0.0,0.0,0.0,0.0,0.0,0.0,0.0,0.0,0.0063924994672917125,2.678457276795223,20.922650756445773,6.328574472618795,0.06392499467291712,0.0,0.0,0.0,0.0,0.0,0.0,0.0,0.0,0.0,0.0,0.0,0.0,0.0,0.0,0.0,nan,nan,4.245787908820614,2.774008261600347,nan,0.4211,0.0808,0.0,0.0,0.0,0.0,0.0,0.0,0.0,0.0,0.0,0.0,0.0,0.0,0.0,0.0,0.0,2.1308331557639037e-05,0.0,0.0,1.0654165778819519e-05,0.0,0.0019070956744086937,0.0,7.457916045173663e-05,2.1308331557639037e-05,0.0007884082676326443,0.006850628595780951,0.0033027913914340508,0.005113999573833369,0.029735776688685277,0.00597698700191775,0.017451523545706372,0.010419774131685489,0.03401875133177072,0.05896015341998721,0.03855742595354784,0.033070530577455785,0.01790965267419561,0.054048582995951416,0.06508629874280844,0.04026209247815896,0.021361602386533136,0.04828467930961006,0.041689750692520774,0.05603025783081185,0.018847219262731727,0.012763690603025783,0.031312593223950566,0.05853398678883443,0.052972512252290646,0.01725974856168762,0.07602812699765608,0.012955465587044534,0.02544214787982101,0.03331557639036863,0.015661623694864693,0.020690389942467503,0.0023758789686767526,0.010995099083741742,0.0023545706371191134,2.1308331557639037e-05,0.0009588749200937567,0.00019177498401875133,0.00859791178350735,0.0,0.003249520562539953,0.004091199659066695,0.0,6.39249946729171e-05,0.0,0.0003622416364798636,0.0,0.0,0.0,0.0,0.0,0.0,0.0,0.0,0.0,0.0,0.0,0.0,0.0,0.0,0.0,0.0,0.0,0.0,0.0,0.0,0.0,0.0,0.0,0.0,0.0,0.0,0.0,0.0,0.0,0.0,0.0,nan,nan,4.245787908820614,2.774008261600347,nan,0.8823681408666992,0.034733662797341996,0.0,0.0,0.0,0.0,0.0,0.0,0.0,0.0,0.0,0.0,0.0,0.0,0.0,0.0,0.0,0.0,0.0,0.0,0.0,0.0,0.0,0.0,0.02568493150684932,0.34674657534246467,1.9135273972602744,6.6523972602739745,12.84246575342466,6.190068493150687,1.51541095890411,0.5136986301369864,0.8821535840548345,0.034442133600914665,0.0,0.0,0.0,0.0,0.0,0.0,0.0,0.0,0.0,0.0,0.0,0.0,0.0,0.0,0.0,0.0,0.0,0.0,0.0,0.0,0.0,0.0,0.06364022061943149,0.2672889266016114,1.8837505303351723,6.70767925328808,12.79168434450573,6.351294017819264,1.4509970301230382,0.48366567670767935,0.421,0.015495,0.0,0.0,0.0,0.0,0.0,0.0,0.0,0.0,0.0,0.0,0.01284246575342466,2.6969178082191743,21.113013698630144,6.113013698630138,0.0642123287671233,0.0,0.0,0.0,0.0,0.0,0.0,0.0,0.0,0.0,0.0,0.0,0.0,0.0,0.0,0.0,0.4214,0.01598,0.0,0.0,0.0,0.0,0.0,0.0,0.0,0.0,0.0,0.0,0.0,2.660161221892232,20.73398387781078,6.542214679677557,0.06364022061943149,0.0,0.0,0.0,0.0,0.0,0.0,0.0,0.0,0.0,0.0,0.0,0.0,0.0,0.0,0.0
51700,4925,2473,0.5021319796954314,1147,1049,0.44588832487309643,1425,0.5786802030456852,0.43399999999999994,2.9241435562805873,3.025307252638368,6.484892086330936,2.041156170785199,6649.800000000001,9.094947017729282e-13,6649.8,6649.8,6649.800000000001,9.094947017729282e-13,6649.800000000001,9.094947017729282e-13,28.07796954314721,20.872852014212008,32.934489402697494,19.12907544143489,0.1364467005076142,0.09766497461928934,0.09746192893401015,0.08527918781725888,0.08467005076142133,0.06944162436548224,0.06802030456852792,0.06578680203045685,0.06233502538071066,0.05177664974619289,0.04263959390862944,0.04284263959390863,0.03512690355329949,0.02416243654822335,0.019289340101522844,0.010558375634517767,0.00649746192893401,0.8812666023685243,0.03535771121413136,0.0,0.0,0.0,0.0,0.0,0.0,0.0,0.0,0.0,0.0,0.0,0.0,0.0,0.0,0.0,0.0,0.0,0.0,0.0,0.006091370558375636,0.012182741116751272,0.012182741116751272,0.04873096446700509,0.34111675126903446,1.9005076142131982,7.358375634517768,12.188832487309648,6.0974619289340115,1.571573604060914,0.4629441624365483,4.340545625587959,2.804498885976969,3.6666666666666665,2.3570226039551585,0.8447478688050859,4.36180904522613,2.8317117971696453,4.31476846057572,2.772865060007026,0.989215349832452,0.4204,0.01591,0.0,0.0,0.0,0.0,0.0,0.0,0.0,0.0,0.0,0.0,0.012182741116751272,3.1005076142131935,20.686294416243662,6.140101522842641,0.060913705583756354,0.0,0.0,0.0,0.0,0.0,0.0,0.0,0.0,0.0,0.0,0.0,0.0,0.0,0.0,0.0,nan,nan,4.339912280701754,2.8041878800270834,nan,0.4204,0.0805,0.0,0.0,0.0,0.0,0.0,0.0,0.0,0.0,0.0,0.0,0.0,0.0,0.0,0.0,0.0,0.0,0.0,0.0,0.0,0.0,0.0018781725888324873,0.0,0.00016243654822335025,2.030456852791878e-05,0.0008020304568527918,0.006954314720812183,0.003299492385786802,0.004761421319796955,0.030213197969543148,0.006182741116751269,0.01796954314720812,0.009543147208121827,0.03378680203045685,0.062456852791878174,0.038274111675126905,0.030812182741116752,0.01769543147208122,0.056578680203045684,0.0670253807106599,0.04125888324873096,0.02267005076142132,0.048406091370558374,0.040050761421319796,0.052081218274111676,0.018923857868020304,0.012964467005076143,0.03191878172588832,0.05716751269035533,0.05272081218274112,0.017959390862944163,0.07681218274111676,0.014081218274111676,0.02345177664974619,0.03242639593908629,0.01565482233502538,0.020761421319796955,0.002812182741116751,0.011553299492385786,0.0015634517766497462,0.0002233502538071066,0.000883248730964467,0.0002233502538071066,0.00797969543147208,1.015228426395939e-05,0.0033096446700507614,0.003370558375634518,0.0,2.030456852791878e-05,3.045685279187817e-05,0.0002944162436548223,0.0,0.0,0.0,0.0,0.0,0.0,0.0,0.0,0.0,0.0,0.0,0.0,0.0,0.0,0.0,0.0,0.0,0.0,0.0,0.0,0.0,0.0,0.0,0.0,0.0,0.0,0.0,0.0,0.0,0.0,0.0,nan,nan,4.339912280701754,2.8041878800270834,nan,0.881211018832261,0.035246613225588606,0.0,0.0,0.0,0.0,0.0,0.0,0.0,0.0,0.0,0.0,0.0,0.0,0.0,0.0,0.0,0.0,0.0,0.0,0.0,0.012131014961585123,0.012131014961585123,0.024262029923170246,0.036393044884755366,0.31540638900121215,1.9773554387383747,7.157298827335222,12.36150424585524,6.198948645369997,1.4557217953902146,0.4488475535786495,0.8813226619464927,0.035469320003287355,0.0,0.0,0.0,0.0,0.0,0.0,0.0,0.0,0.0,0.0,0.0,0.0,0.0,0.0,0.0,0.0,0.0,0.0,0.0,0.0,0.012234910277324635,0.0,0.06117455138662318,0.3670473083197378,1.8230016313213706,7.561174551386625,12.014681892332792,5.995106035889072,1.6884176182707997,0.4771615008156608,0.4202,0.01591,0.0,0.0,0.0,0.0,0.0,0.0,0.0,0.0,0.0,0.0,0.012131014961585123,3.202587949858467,20.610594419733122,6.1019005256773164,0.07278608976951073,0.0,0.0,0.0,0.0,0.0,0.0,0.0,0.0,0.0,0.0,0.0,0.0,0.0,0.0,0.0,0.4204,0.0159,0.0,0.0,0.0,0.0,0.0,0.0,0.0,0.0,0.0,0.0,0.012234910277324635,2.9975530179445307,20.762642740619906,6.1786296900489415,0.04893964110929854,0.0,0.0,0.0,0.0,0.0,0.0,0.0,0.0,0.0,0.0,0.0,0.0,0.0,0.0,0.0
51800,4692,2397,0.5108695652173914,1131,984,0.45076726342711,1356,0.578005115089514,0.44999999999999996,3.0470588235294116,3.1134620655432483,6.664201183431953,2.1347968282688554,6649.800000000001,9.094947017729282e-13,6649.8,6649.8,6649.800000000001,9.094947017729282e-13,6649.800000000002,1.8189894035458565e-12,27.69906223358909,20.706835443246895,32.614075203252035,18.988394911617668,0.1387468030690537,0.10187553282182438,0.09335038363171355,0.09271099744245524,0.07608695652173914,0.07459505541346974,0.07011935208866155,0.06415174765558397,0.05988917306052856,0.05583972719522592,0.04752770673486786,0.03644501278772379,0.030051150895140665,0.022591645353793693,0.017689684569479967,0.011082693947144074,0.007246376811594203,0.8801163330813909,0.03448307806834026,0.0,0.0,0.0,0.0,0.0,0.0,0.0,0.0,0.0,0.0,0.0,0.0,0.0,0.0,0.0,0.0,0.0,0.0,0.0,0.0,0.006393861892583122,0.012787723785166244,0.07672634271099746,0.36445012787723674,1.8478260869565222,7.506393861892585,12.653452685421998,5.812020460358058,1.3427109974424556,0.3772378516624042,4.338201128443412,2.871768407034755,1.6666666666666667,1.699673171197595,0.3841838165914365,4.3184796854521625,2.8253230104331886,4.353020134228188,2.9190776571927866,1.0079982890488943,0.42,0.01598,0.0,0.0,0.0,0.0,0.0,0.0,0.0,0.0,0.0,0.0,0.0,3.2608695652173867,20.767263427109977,5.933503836317137,0.03836317135549873,0.0,0.0,0.0,0.0,0.0,0.0,0.0,0.0,0.0,0.0,0.0,0.0,0.0,0.0,0.0,nan,nan,4.335543766578249,2.872075245576663,nan,0.42,0.0804,0.0,0.0,0.0,0.0,0.0,0.0,0.0,0.0,0.0,0.0,0.0,0.0,0.0,0.0,0.0,0.0,0.0,0.0,0.0,0.0,0.001619778346121057,0.0,5.328218243819267e-05,2.1312872975277067e-05,0.0005967604433077579,0.0076939471440750215,0.0036658141517476556,0.003932225063938619,0.030040494458653026,0.006010230179028133,0.01854219948849105,0.009047314578005115,0.03691389599317988,0.06443947144075021,0.037361466325660696,0.029411764705882353,0.017497868712702473,0.0610080988917306,0.06359761295822677,0.03876811594202899,0.022666240409207162,0.047655583972719524,0.03891730605285593,0.051832907075873826,0.019831628303495313,0.013469735720375107,0.03103154305200341,0.058098891730605284,0.0524616368286445,0.01823316283034953,0.07781329923273657,0.015153452685421995,0.022943307757885764,0.03322676896845695,0.014887041773231031,0.02034313725490196,0.0021845694799658994,0.012755754475703325,0.0012787723785166241,0.0002877237851662404,0.00040494458653026426,0.00039428815004262575,0.007320971867007673,0.0,0.003111679454390452,0.0030051150895140663,0.0,0.00031969309462915604,0.0,0.00014919011082693948,0.0,0.0,0.0,0.0,0.0,0.0,0.0,0.0,0.0,0.0,0.0,0.0,0.0,0.0,0.0,0.0,0.0,0.0,0.0,0.0,0.0,0.0,0.0,0.0,0.0,0.0,0.0,0.0,0.0,0.0,0.0,nan,nan,4.335543766578249,2.872075245576663,nan,0.8794167658961412,0.03473671299189827,0.0,0.0,0.0,0.0,0.0,0.0,0.0,0.0,0.0,0.0,0.0,0.0,0.0,0.0,0.0,0.0,0.0,0.0,0.0,0.0,0.0,0.025031289111389243,0.1126408010012516,0.38798498122653197,1.7897371714643309,7.647058823529413,12.72841051314143,5.581977471839801,1.3516896120150192,0.37546933667083865,0.8808469921415408,0.034200889133069755,0.0,0.0,0.0,0.0,0.0,0.0,0.0,0.0,0.0,0.0,0.0,0.0,0.0,0.0,0.0,0.0,0.0,0.0,0.0,0.0,0.013071895424836605,0.0,0.03921568627450981,0.3398692810457506,1.9084967320261441,7.359477124183008,12.575163398692814,6.052287581699348,1.3333333333333335,0.37908496732026153,0.4202,0.01569,0.0,0.0,0.0,0.0,0.0,0.0,0.0,0.0,0.0,0.0,0.0,3.12891113892365,20.863579474342934,5.994993742177724,0.012515644555694622,0.0,0.0,0.0,0.0,0.0,0.0,0.0,0.0,0.0,0.0,0.0,0.0,0.0,0.0,0.0,0.4197,0.01628,0.0,0.0,0.0,0.0,0.0,0.0,0.0,0.0,0.0,0.0,0.0,3.3986928104575114,20.66666666666667,5.869281045751635,0.06535947712418302,0.0,0.0,0.0,0.0,0.0,0.0,0.0,0.0,0.0,0.0,0.0,0.0,0.0,0.0,0.0
51900,4731,2451,0.5180722891566265,1187,975,0.4569858380891989,1343,0.5677446628619742,0.44199999999999995,2.8885964912280704,2.9640909014853762,6.355140186915888,1.8708403651665242,6649.800000000001,9.094947017729282e-13,6649.8,6649.8,6649.800000000001,9.094947017729282e-13,6649.800000000002,1.8189894035458565e-12,28.081800887761574,20.711633172950297,32.60987103174603,19.079429622124174,0.12978228704290848,0.0953286831536673,0.09554005495666879,0.0963855421686747,0.0870851828366096,0.0735573874445149,0.07059818220249418,0.06573663073346016,0.05072923272035511,0.05601352779539209,0.045656309448319596,0.03868103994927077,0.032974001268230815,0.02557598816317903,0.017121116043119847,0.011414077362079899,0.007820756711054744,0.8803071280509467,0.03453974256817026,0.0,0.0,0.0,0.0,0.0,0.0,0.0,0.0,0.0,0.0,0.0,0.0,0.0,0.0,0.0,0.0,0.0,0.0,0.0,0.0,0.006341154090044389,0.012682308180088779,0.050729232720355115,0.2790107799619522,1.8262523779327842,7.761572606214332,12.549143944197848,5.66265060240964,1.3887127457197215,0.4629042485732404,4.102390180878553,2.8189639221758247,4.2,3.1240998703626617,1.0237934020943233,4.108230719377835,2.802291150135129,4.094412331406551,2.835584664585805,0.9966364138445036,0.4194,0.01595,0.0,0.0,0.0,0.0,0.0,0.0,0.0,0.0,0.0,0.0,0.006341154090044389,3.310082435003166,20.678503487634753,5.960684844641726,0.04438807863031073,0.0,0.0,0.0,0.0,0.0,0.0,0.0,0.0,0.0,0.0,0.0,0.0,0.0,0.0,0.0,nan,nan,4.102547565301515,2.819485218247393,nan,0.4194,0.081,0.0,0.0,0.0,0.0,0.0,0.0,0.0,0.0,0.0,0.0,0.0,0.0,0.0,0.0,0.0,0.0,0.0,0.0,0.0,0.0,0.0016698372437116888,0.0,0.0,6.341154090044388e-05,0.0006235468188543648,0.007820756711054744,0.004111181568378778,0.005157471993236102,0.029887972944409216,0.006626506024096385,0.020386810399492708,0.008856478545761996,0.03823715916296766,0.06427816529274995,0.03664130205030649,0.027996195307545973,0.017755231452124286,0.061783978017332486,0.06350665821179455,0.039251743817374764,0.0225428027901078,0.045233565842316636,0.03695835975480871,0.05331853730712323,0.01975269499048827,0.013231874867892623,0.030733460156415135,0.05671105474529698,0.05115197632635806,0.01890720777848235,0.07616782921158317,0.016307334601564152,0.023272035510462905,0.0352145423800465,0.014056224899598393,0.019456774466286197,0.002198266751215388,0.01337983512999366,0.0014161910801099133,0.0006341154090044388,0.00022194039315155358,0.000560135277953921,0.007662227858803636,1.056859015007398e-05,0.0029380680617205664,0.0027795392094694567,4.227436060029592e-05,0.00022194039315155358,2.113718030014796e-05,0.00024307757345170153,0.0,0.0,0.0,0.0,0.0,0.0,0.0,0.0,0.0,0.0,0.0,0.0,0.0,0.0,0.0,0.0,0.0,0.0,0.0,0.0,0.0,0.0,0.0,0.0,0.0,0.0,0.0,0.0,0.0,0.0,0.0,nan,nan,4.102547565301515,2.819485218247393,nan,0.8812327211801007,0.03476374666985566,0.0,0.0,0.0,0.0,0.0,0.0,0.0,0.0,0.0,0.0,0.0,0.0,0.0,0.0,0.0,0.0,0.0,0.0,0.0,0.0,0.012239902080783356,0.012239902080783356,0.048959608323133424,0.22031823745409967,1.7503059975520199,7.698898408812731,12.411260709914323,5.8384332925336615,1.5177478580171362,0.48959608323133424,0.8793121154371061,0.03426943541912777,0.0,0.0,0.0,0.0,0.0,0.0,0.0,0.0,0.0,0.0,0.0,0.0,0.0,0.0,0.0,0.0,0.0,0.0,0.0,0.0,0.0,0.013157894736842108,0.05263157894736843,0.3421052631578937,1.9078947368421058,7.828947368421054,12.697368421052635,5.473684210526318,1.2500000000000002,0.43421052631578955,0.4197,0.01604,0.0,0.0,0.0,0.0,0.0,0.0,0.0,0.0,0.0,0.0,0.0,3.280293757649934,20.685434516523873,5.960832313341495,0.07343941248470014,0.0,0.0,0.0,0.0,0.0,0.0,0.0,0.0,0.0,0.0,0.0,0.0,0.0,0.0,0.0,0.4194,0.01584,0.0,0.0,0.0,0.0,0.0,0.0,0.0,0.0,0.0,0.0,0.013157894736842108,3.34210526315789,20.671052631578952,5.960526315789475,0.013157894736842108,0.0,0.0,0.0,0.0,0.0,0.0,0.0,0.0,0.0,0.0,0.0,0.0,0.0,0.0,0.0
52000,4579,2400,0.52413190652981,1124,913,0.44485695566717626,1275,0.5568901506879231,0.45399999999999996,3.0137677833868746,3.0368387531930447,6.445669291338582,1.9995572701121997,6649.800000000001,9.094947017729282e-13,6649.8,6649.8,6649.800000000002,1.8189894035458565e-12,6649.800000000001,9.094947017729282e-13,28.29242192618476,20.951495304664636,33.22458506224066,19.147450816052192,0.13889495523039966,0.09980345053505132,0.0891024241100677,0.08451626992793186,0.07905656256824634,0.07512557326927277,0.06835553614326272,0.06376938196112689,0.06005678095654073,0.05525223848001747,0.04957414282594453,0.03690762175147412,0.0377811749290238,0.02882725485913955,0.018344616728543352,0.007425202009172308,0.007206813714784888,0.8783564173933147,0.035166275392100904,0.0,0.0,0.0,0.0,0.0,0.0,0.0,0.0,0.0,0.0,0.0,0.0,0.0,0.0,0.0,0.0,0.0,0.0,0.0,0.0,0.0,0.01965494649486788,0.07861978597947152,0.3996505787289789,2.0637693819611274,8.10438960471719,12.29744485695567,5.247870714129723,1.3168814151561479,0.4717187158768291,4.274747474747475,2.8457426445230882,4.25,3.766629793329841,0.994210775047259,4.2766101694915255,2.8725637342545087,4.27369826435247,2.822731459349104,0.9993191090551511,0.4204,0.01611,0.0,0.0,0.0,0.0,0.0,0.0,0.0,0.0,0.0,0.0,0.006551648831622627,3.0792749508626294,20.729416903253988,6.145446604062024,0.03930989298973576,0.0,0.0,0.0,0.0,0.0,0.0,0.0,0.0,0.0,0.0,0.0,0.0,0.0,0.0,0.0,nan,nan,4.274714189643578,2.8471814132022444,nan,0.4204,0.0819,0.0,0.0,0.0,0.0,0.0,0.0,0.0,0.0,0.0,0.0,0.0,0.0,0.0,0.0,0.0,0.0,0.0,0.0,0.0,0.0,0.0016051539637475431,0.0,0.0,0.00010919414719371041,0.0005896483948460362,0.00797117274514086,0.0037890369076217516,0.005699934483511684,0.02936230618038873,0.007851059183227779,0.021260100458615417,0.00900851714348111,0.037464511902162045,0.06536361651015506,0.03711509063114217,0.02619567591177113,0.018519327364053286,0.05745796025333042,0.06159641843197205,0.03893863288927713,0.02222100895392007,0.045970735968552084,0.036754749945402926,0.05334134090412754,0.020430224939943217,0.012524568683118584,0.030781830093906965,0.05827691635728325,0.04915920506660843,0.019261847564970517,0.07606464293513868,0.016531993885127758,0.022362961345271895,0.035673727888185194,0.014763048700589648,0.020834243284559947,0.0019327364053286745,0.014064206158549902,0.0019327364053286745,0.0007534396156366019,5.4597073596855206e-05,0.0007425202009172309,0.008615418213583751,1.0919414719371043e-05,0.003406857392443765,0.003122952609740118,6.551648831622626e-05,1.0919414719371043e-05,2.1838829438742085e-05,0.0004149377593360996,0.0,0.0,0.0,0.0,0.0,0.0,0.0,0.0,0.0,0.0,0.0,0.0,0.0,0.0,0.0,0.0,0.0,0.0,0.0,0.0,0.0,0.0,0.0,0.0,0.0,0.0,0.0,0.0,0.0,0.0,0.0,nan,nan,4.274714189643578,2.8471814132022444,nan,0.8793654938042164,0.034890697013276885,0.0,0.0,0.0,0.0,0.0,0.0,0.0,0.0,0.0,0.0,0.0,0.0,0.0,0.0,0.0,0.0,0.0,0.0,0.0,0.0,0.0,0.012500000000000002,0.037500000000000006,0.37499999999999883,1.9375000000000004,7.987500000000002,12.337500000000004,5.450000000000002,1.3500000000000003,0.5125000000000001,0.8772449977576268,0.035434085792208685,0.0,0.0,0.0,0.0,0.0,0.0,0.0,0.0,0.0,0.0,0.0,0.0,0.0,0.0,0.0,0.0,0.0,0.0,0.0,0.0,0.0,0.027535566773749433,0.12391005048187244,0.4268012849931148,2.2028453418999545,8.23313446535108,12.253327214318498,5.025240936209271,1.2804038549793486,0.4268012849931162,0.4202,0.0163,0.0,0.0,0.0,0.0,0.0,0.0,0.0,0.0,0.0,0.0,0.012500000000000002,3.1499999999999955,20.687500000000007,6.100000000000001,0.05000000000000001,0.0,0.0,0.0,0.0,0.0,0.0,0.0,0.0,0.0,0.0,0.0,0.0,0.0,0.0,0.0,0.4204,0.0159,0.0,0.0,0.0,0.0,0.0,0.0,0.0,0.0,0.0,0.0,0.0,3.0013767783386833,20.775585130793946,6.195502524093623,0.027535566773749433,0.0,0.0,0.0,0.0,0.0,0.0,0.0,0.0,0.0,0.0,0.0,0.0,0.0,0.0,0.0
52100,4094,2046,0.49975574010747437,916,860,0.4338055691255496,1145,0.5593551538837322,0.486,2.9365234375,3.092467225131607,6.731046931407942,2.048564696436745,6649.800000000002,1.8189894035458565e-12,6649.8,6649.8,6649.800000000002,1.8189894035458565e-12,6649.800000000002,1.8189894035458565e-12,27.160967269174403,20.739485612022733,32.25888921539818,19.048717400835088,0.14753297508549096,0.10087933561309233,0.09941377625793844,0.08622374206155349,0.08768930141670737,0.0764533463605276,0.06668295065950171,0.05276013678553981,0.05813385442110405,0.049096238397655104,0.04689789936492428,0.041768441621885685,0.02784562774792379,0.025403028822667317,0.017586712261846604,0.009526135808500244,0.006106497313141182,0.8811502682766684,0.03363028495500362,0.0,0.0,0.0,0.0,0.0,0.0,0.0,0.0,0.0,0.0,0.0,0.0,0.0,0.0,0.0,0.0,0.0,0.0,0.0,0.0,0.0,0.0,0.02198339032730826,0.351734245236931,1.8026380068392773,7.0273571079628745,12.88959452857841,6.104054714215928,1.3702979970688816,0.43234000977039583,4.421564811210588,2.8404056002793783,8.0,0.0,1.809314200193679,4.355572998430142,2.8336846657139936,4.489197530864198,2.846083615889716,1.0306789789729658,0.4202,0.01622,0.0,0.0,0.0,0.0,0.0,0.0,0.0,0.0,0.0,0.0,0.00732779677576942,3.172936003908154,20.36394723986322,6.360527601367857,0.09526135808500247,0.0,0.0,0.0,0.0,0.0,0.0,0.0,0.0,0.0,0.0,0.0,0.0,0.0,0.0,0.0,nan,nan,4.42295719844358,2.8407297197340826,nan,0.4202,0.082,0.0,0.0,0.0,0.0,0.0,0.0,0.0,0.0,0.0,0.0,0.0,0.0,0.0,0.0,0.0,1.2212994626282365e-05,0.0,0.0,0.0,0.0,0.0024303859306301907,0.0,6.106497313141182e-05,4.885197850512946e-05,0.0008304836345872007,0.007364435759648266,0.004250122129946263,0.0064606741573033704,0.030593551538837322,0.006802638006839277,0.021152906692721057,0.007999511480214948,0.038446507083536884,0.06521739130434782,0.03525891548607719,0.025232046897899364,0.01610893991206644,0.058707865168539326,0.06326331216414265,0.03777479237909135,0.02081094284318515,0.04748412310698583,0.037579384465070836,0.052808988764044947,0.0189057156814851,0.012481680508060576,0.03301172447484123,0.06002686858817782,0.048778700537371766,0.01957743038593063,0.07587933561309233,0.016707376648754275,0.022337567171470445,0.0376770884220811,0.013983878847093307,0.019760625305324866,0.00180752320468979,0.013055691255495848,0.00206399609184172,0.0006228627259404006,0.00013434294088910602,0.0009159745969711773,0.009123106985832926,0.0,0.003724963361016121,0.0023571079628724964,3.663898387884709e-05,0.0,1.2212994626282365e-05,0.0003175378602833415,0.0,0.0,0.0,0.0,0.0,0.0,0.0,0.0,0.0,0.0,0.0,0.0,0.0,0.0,0.0,0.0,0.0,0.0,0.0,0.0,0.0,0.0,0.0,0.0,0.0,0.0,0.0,0.0,0.0,0.0,0.0,nan,nan,4.42295719844358,2.8407297197340826,nan,0.8819514780450077,0.03411619326206977,0.0,0.0,0.0,0.0,0.0,0.0,0.0,0.0,0.0,0.0,0.0,0.0,0.0,0.0,0.0,0.0,0.0,0.0,0.0,0.0,0.0,0.0,0.04398826979472142,0.38123167155425103,1.671554252199414,6.744868035190618,12.917888563049857,6.275659824046922,1.5542521994134901,0.4105571847507333,0.8803498409397434,0.03311838828414068,0.0,0.0,0.0,0.0,0.0,0.0,0.0,0.0,0.0,0.0,0.0,0.0,0.0,0.0,0.0,0.0,0.0,0.0,0.0,0.0,0.0,0.0,0.0,0.322265624999999,1.9335937500000004,7.309570312500002,12.861328125000004,5.932617187500001,1.1865234375000002,0.4541015625000001,0.4207,0.01637,0.0,0.0,0.0,0.0,0.0,0.0,0.0,0.0,0.0,0.0,0.0,3.137829912023456,20.27859237536657,6.480938416422289,0.10263929618768332,0.0,0.0,0.0,0.0,0.0,0.0,0.0,0.0,0.0,0.0,0.0,0.0,0.0,0.0,0.0,0.4197,0.01604,0.0,0.0,0.0,0.0,0.0,0.0,0.0,0.0,0.0,0.0,0.014648437500000003,3.2080078124999956,20.449218750000004,6.240234375000002,0.08789062500000001,0.0,0.0,0.0,0.0,0.0,0.0,0.0,0.0,0.0,0.0,0.0,0.0,0.0,0.0,0.0
52200,4435,2261,0.5098083427282977,1076,927,0.4516347237880496,1270,0.5727170236753101,0.46599999999999997,2.9572217111315546,3.0496520997787635,6.603015075376884,1.9776449849606228,6649.800000000002,1.8189894035458565e-12,6649.8,6649.8,6649.800000000002,1.8189894035458565e-12,6649.800000000001,9.094947017729282e-13,27.68793686583991,20.81690246711104,32.76781857451404,19.01816742532321,0.14430665163472378,0.09966178128523112,0.0859075535512965,0.09267192784667418,0.08365276211950394,0.07508455467869223,0.07080045095828635,0.05975197294250282,0.05839909808342728,0.05140924464487035,0.04689966178128523,0.03742953776775648,0.034498308906426155,0.025704622322435176,0.015558060879368658,0.011950394588500564,0.006313416009019166,0.8809097392717639,0.034253595161373024,0.0,0.0,0.0,0.0,0.0,0.0,0.0,0.0,0.0,0.0,0.0,0.0,0.0,0.0,0.0,0.0,0.0,0.0,0.0,0.0,0.0,0.0,0.05411499436302143,0.4058624577226594,1.8196166854565956,7.3258173618940265,12.426155580608796,6.155580608793688,1.4272829763246904,0.3855693348365277,4.275874125874126,2.838135364599805,nan,nan,nan,4.2613240418118465,2.8538138164880498,4.292837078651686,2.8218259162369534,1.0073951280237399,0.4197,0.01636,0.0,0.0,0.0,0.0,0.0,0.0,0.0,0.0,0.0,0.0,0.013528748590755358,3.4768883878241215,20.347237880496056,6.067643742953779,0.09470124013528751,0.0,0.0,0.0,0.0,0.0,0.0,0.0,0.0,0.0,0.0,0.0,0.0,0.0,0.0,0.0,nan,nan,4.275874125874126,2.838135364599805,nan,0.4197,0.0823,0.0,0.0,0.0,0.0,0.0,0.0,0.0,0.0,0.0,0.0,0.0,0.0,0.0,0.0,0.0,4.509582863585119e-05,0.0,1.1273957158962797e-05,0.0,0.0,0.0022435174746335963,2.2547914317925593e-05,4.509582863585119e-05,1.1273957158962797e-05,0.0008229988726042841,0.0073055242390078915,0.004509582863585118,0.006944757609921083,0.03147688838782413,0.007350620067643743,0.022040586245772265,0.00826381059751973,0.03835400225479143,0.0670011273957159,0.03196166854565952,0.026189402480270574,0.01649379932356257,0.05959413754227734,0.06316798196166855,0.0376662908680947,0.020214205186020292,0.04680947012401353,0.03767756482525366,0.05223224351747463,0.02020293122886133,0.012976324689966179,0.031465614430665166,0.061995490417136416,0.04891770011273957,0.01996617812852311,0.07291995490417136,0.01511837655016911,0.021826381059751973,0.03789177001127396,0.013179255918827508,0.019887260428410374,0.0025704622322435173,0.01273957158962796,0.0022322435174746335,0.0005636978579481398,7.891770011273957e-05,0.0006989853438556933,0.009052987598647125,1.1273957158962797e-05,0.004295377677564825,0.00237880496054115,5.636978579481398e-05,0.0,4.509582863585119e-05,0.00047350620067643744,0.0,0.0,0.0,0.0,0.0,0.0,0.0,0.0,0.0,0.0,0.0,0.0,0.0,0.0,0.0,0.0,0.0,0.0,0.0,0.0,0.0,0.0,0.0,0.0,0.0,0.0,0.0,0.0,0.0,0.0,0.0,nan,nan,4.275874125874126,2.838135364599805,nan,0.8801766042949772,0.034117473462154435,0.0,0.0,0.0,0.0,0.0,0.0,0.0,0.0,0.0,0.0,0.0,0.0,0.0,0.0,0.0,0.0,0.0,0.0,0.0,0.0,0.0,0.0,0.06634232640424592,0.4113224237063234,1.7647058823529416,7.470145953118091,12.658115877930122,5.8911985846970385,1.3799203892083154,0.35824856258292803,0.881672213136766,0.034378011105110254,0.0,0.0,0.0,0.0,0.0,0.0,0.0,0.0,0.0,0.0,0.0,0.0,0.0,0.0,0.0,0.0,0.0,0.0,0.0,0.0,0.0,0.0,0.04139834406623736,0.40018399264029314,1.8767249310027603,7.1757129714811425,12.184912603495864,6.43054277828887,1.476540938362466,0.41398344066237364,0.4202,0.01636,0.0,0.0,0.0,0.0,0.0,0.0,0.0,0.0,0.0,0.0,0.013268465280849184,3.277310924369743,20.300751879699252,6.2892525431225135,0.11941618752764266,0.0,0.0,0.0,0.0,0.0,0.0,0.0,0.0,0.0,0.0,0.0,0.0,0.0,0.0,0.0,0.4192,0.01636,0.0,0.0,0.0,0.0,0.0,0.0,0.0,0.0,0.0,0.0,0.01379944802207912,3.684452621895119,20.395584176632937,5.837166513339468,0.0689972401103956,0.0,0.0,0.0,0.0,0.0,0.0,0.0,0.0,0.0,0.0,0.0,0.0,0.0,0.0,0.0
52300,4463,2302,0.515796549406229,1093,916,0.4501456419448801,1268,0.5682276495630741,0.45799999999999996,2.998611753817677,3.047138212959201,6.5024390243902435,2.0305577516700533,6649.800000000001,9.094947017729282e-13,6649.8,6649.8,6649.800000000001,9.094947017729282e-13,6649.800000000002,1.8189894035458565e-12,27.855926506833967,20.913843089936293,33.037664783427495,19.075982804838457,0.14429755769661662,0.0956755545597132,0.09253865113152587,0.08693703786690567,0.08111136007170065,0.07506161774591082,0.06946000448129061,0.0665471655836881,0.06341026215550079,0.04974232578982747,0.04302038987228322,0.03674658301590858,0.033385615057136456,0.021958323997311225,0.01994174322204795,0.013219807304503697,0.0069460004481290616,0.8831823608305271,0.034574493033516895,0.0,0.0,0.0,0.0,0.0,0.0,0.0,0.0,0.0,0.0,0.0,0.0,0.0,0.0,0.0,0.0,0.0,0.0,0.0,0.0,0.0,0.006721935917544254,0.05377548734035403,0.30248711628949043,1.6334304279632539,6.916872059153038,12.6372395249832,6.365673313914409,1.5930988124579883,0.4907013219807306,4.2890434782608695,2.8230606190762546,2.0,2.0,0.46630443597437354,4.271830985915493,2.877189703713078,4.30267673301304,2.7695173209986916,1.0072207320933924,0.4192,0.01636,0.0,0.0,0.0,0.0,0.0,0.0,0.0,0.0,0.0,0.0,0.0,3.8382254089177628,20.320412278736278,5.780864889088059,0.06049742325789829,0.0,0.0,0.0,0.0,0.0,0.0,0.0,0.0,0.0,0.0,0.0,0.0,0.0,0.0,0.0,nan,nan,4.287452207160237,2.8232165387806862,nan,0.4192,0.0821,0.0,0.0,0.0,0.0,0.0,0.0,0.0,0.0,0.0,0.0,0.0,0.0,0.0,0.0,0.0,4.4812906116961686e-05,0.0,0.0,0.0,0.0,0.0015012323549182165,0.0,0.0,0.0,0.0011539323325117634,0.007136455299126148,0.004111584136231234,0.007517365001120322,0.03092090522070356,0.006576293972664128,0.022227201434012994,0.008648890880573605,0.037105086264844274,0.07151019493614161,0.03323997311225633,0.025969079094779298,0.018037194712077077,0.06254761371274928,0.06159533945776383,0.0388863992829935,0.018597356038539098,0.044286354470087386,0.03801254761371275,0.050873851669280754,0.018787810889536186,0.012189110463813579,0.035447008738516694,0.05976921353349765,0.05036970647546493,0.021028456195384272,0.07361640152363881,0.015695720367465832,0.019336768989468966,0.03438270221823885,0.013152587945328255,0.021162894913735155,0.0029128388976025093,0.010979161998655613,0.002240645305848084,0.0011091194263948016,0.00012323549182164463,0.000560161326462021,0.008805736051982972,0.0,0.004212413174994398,0.002498319516020614,0.00022406453058480843,1.1203226529240422e-05,0.0001568451714093659,0.0007282097244006273,0.0,0.0,0.0,0.0,0.0,0.0,0.0,0.0,0.0,0.0,0.0,0.0,0.0,0.0,0.0,0.0,0.0,0.0,0.0,0.0,0.0,0.0,0.0,0.0,0.0,0.0,0.0,0.0,0.0,0.0,0.0,nan,nan,4.287452207160237,2.8232165387806862,nan,0.8825480376348405,0.03443343450679001,0.0,0.0,0.0,0.0,0.0,0.0,0.0,0.0,0.0,0.0,0.0,0.0,0.0,0.0,0.0,0.0,0.0,0.0,0.0,0.0,0.0,0.0,0.039096437880104265,0.31277150304083307,1.707211120764553,7.154648132059081,12.602085143353609,6.072980017376196,1.642050390964379,0.4691572545612512,0.883858072073688,0.034711376379882794,0.0,0.0,0.0,0.0,0.0,0.0,0.0,0.0,0.0,0.0,0.0,0.0,0.0,0.0,0.0,0.0,0.0,0.0,0.0,0.0,0.0,0.01388246182322999,0.06941230911614994,0.2915316982878288,1.554835724201759,6.663581675150395,12.67468764460898,6.677464136973625,1.540953262378529,0.5136510874595096,0.419,0.01631,0.0,0.0,0.0,0.0,0.0,0.0,0.0,0.0,0.0,0.0,0.0,3.8314509122502116,20.64291920069505,5.460469157254563,0.06516072980017378,0.0,0.0,0.0,0.0,0.0,0.0,0.0,0.0,0.0,0.0,0.0,0.0,0.0,0.0,0.0,0.4194,0.0164,0.0,0.0,0.0,0.0,0.0,0.0,0.0,0.0,0.0,0.0,0.0,3.8454419250347,19.976862563627954,6.1221656640444255,0.05552984729291996,0.0,0.0,0.0,0.0,0.0,0.0,0.0,0.0,0.0,0.0,0.0,0.0,0.0,0.0,0.0
52400,4237,2197,0.5185272598536701,1031,845,0.4427661080953505,1167,0.5508614585791833,0.474,2.990686274509804,3.1266425517916754,6.636521739130435,2.131761077842841,6649.800000000002,1.8189894035458565e-12,6649.8,6649.8,6649.800000000001,9.094947017729282e-13,6649.800000000002,1.8189894035458565e-12,28.150578239320275,21.087956170870463,33.029691876750704,19.38990216755941,0.13641727637479348,0.09629454802926599,0.09959877271654473,0.08331366532924239,0.08496577767288176,0.07694123200377626,0.06891668633467075,0.06183620486193061,0.057351899929195184,0.04791125796554166,0.04673117772008496,0.03988671229643616,0.03021005428369129,0.029265990087325937,0.020297380221855087,0.012272834552749587,0.007788529620014161,0.8825188800639805,0.036035103594430226,0.0,0.0,0.0,0.0,0.0,0.0,0.0,0.0,0.0,0.0,0.0,0.0,0.0,0.0,0.0,0.0,0.0,0.0,0.0,0.0,0.0,0.007080481472740148,0.042482888836440885,0.49563370309180876,1.8763275902761392,6.620250177012038,12.213830540476756,6.70521595468492,1.5223035166391319,0.5168751475100308,4.3193986065273196,2.899034639073137,4.0,1.0,0.9260548433653111,4.362426035502959,2.915020684942335,4.274709302325581,2.8808913202715223,0.9798926715402145,0.4197,0.01611,0.0,0.0,0.0,0.0,0.0,0.0,0.0,0.0,0.0,0.0,0.0,3.3986311069152655,20.66084493745575,5.876799622374323,0.06372433325466133,0.0,0.0,0.0,0.0,0.0,0.0,0.0,0.0,0.0,0.0,0.0,0.0,0.0,0.0,0.0,nan,nan,4.31916452913155,2.8981114695302526,nan,0.4197,0.0813,0.0,0.0,0.0,0.0,0.0,0.0,0.0,0.0,0.0,0.0,0.0,0.0,0.0,0.0,0.0,0.0,0.0,0.0,0.0,0.0,0.0019471324050035403,0.0,0.0,0.0,0.001050271418456455,0.00710408307764928,0.0044489025253717255,0.00775312721265046,0.026681614349775784,0.0065494453622846355,0.021760679726221383,0.009771064432381403,0.03749114939815908,0.07046259145621903,0.03304224687278735,0.02689402879395799,0.018432853434033513,0.060632523011564785,0.056750059004012275,0.04232947840453151,0.017748406891668633,0.04594052395562898,0.041031390134529146,0.050826056171819685,0.016568326646211943,0.012933679490205335,0.035355204153882464,0.058803398631106917,0.05428369129100779,0.02062780269058296,0.0745338683030446,0.01591928251121076,0.02008496577767288,0.03529620014160963,0.013323105971206043,0.020604201085673825,0.002796790181732358,0.012744866650932263,0.002006136417276375,0.001168279443002124,2.360160490913382e-05,0.0006844465423648808,0.007776728817559594,5.900401227283455e-05,0.002678782157186689,0.002336558886004248,0.00028321925890960586,3.540240736370073e-05,8.260561718196837e-05,0.0003422232711824404,0.0,0.0,0.0,0.0,0.0,0.0,0.0,0.0,0.0,0.0,0.0,0.0,0.0,0.0,0.0,0.0,0.0,0.0,0.0,0.0,0.0,0.0,0.0,0.0,0.0,0.0,0.0,0.0,0.0,0.0,0.0,nan,nan,4.31916452913155,2.8981114695302526,nan,0.8825916347310496,0.03609800867315233,0.0,0.0,0.0,0.0,0.0,0.0,0.0,0.0,0.0,0.0,0.0,0.0,0.0,0.0,0.0,0.0,0.0,0.0,0.0,0.0,0.0,0.013654984069185257,0.027309968138370513,0.5188893946290379,1.7478379608557129,6.731907146108331,12.26217569412836,6.595357305416479,1.6249431042330456,0.47792444242148396,0.8824405261406711,0.035967069653174796,0.0,0.0,0.0,0.0,0.0,0.0,0.0,0.0,0.0,0.0,0.0,0.0,0.0,0.0,0.0,0.0,0.0,0.0,0.0,0.0,0.0,0.0,0.05882352941176472,0.4705882352941162,2.0147058823529416,6.500000000000002,12.161764705882357,6.823529411764707,1.4117647058823533,0.5588235294117648,0.4197,0.0165,0.0,0.0,0.0,0.0,0.0,0.0,0.0,0.0,0.0,0.0,0.0,3.563950842057346,20.223031406463363,6.13108784706418,0.08192990441511153,0.0,0.0,0.0,0.0,0.0,0.0,0.0,0.0,0.0,0.0,0.0,0.0,0.0,0.0,0.0,0.4197,0.01572,0.0,0.0,0.0,0.0,0.0,0.0,0.0,0.0,0.0,0.0,0.0,3.2205882352941133,21.132352941176475,5.602941176470589,0.04411764705882354,0.0,0.0,0.0,0.0,0.0,0.0,0.0,0.0,0.0,0.0,0.0,0.0,0.0,0.0,0.0
52500,4498,2290,0.509115162294353,1080,930,0.4468652734548688,1273,0.5660293463761672,0.45399999999999996,2.8971920289855073,2.9737424719050276,6.308294209702661,2.028847526527712,6649.800000000001,9.094947017729282e-13,6649.8,6649.8,6649.800000000002,1.8189894035458565e-12,6649.800000000001,9.094947017729282e-13,28.281458425967095,21.05866202421346,33.132438125329124,19.32396395254129,0.13694975544686527,0.09515340151178302,0.09337483325922633,0.08692752334370832,0.0838150289017341,0.07847932414406403,0.06936416184971098,0.061138283681636284,0.0542463317029791,0.054024010671409516,0.044464206313917294,0.0411293908403735,0.03490440195642508,0.02578923966207203,0.020898176967541128,0.01200533570475767,0.007336594041796354,0.8820701813157159,0.035609454077698444,0.0,0.0,0.0,0.0,0.0,0.0,0.0,0.0,0.0,0.0,0.0,0.0,0.0,0.0,0.0,0.0,0.0,0.0,0.0,0.0,0.0,0.006669630947087596,0.08003557136505114,0.43352601156069226,1.8141396176078262,7.083148065807027,11.885282347710097,6.7429968875055595,1.4673188083592712,0.4868830591373945,4.239794168096055,2.8235340237048963,3.0,3.0,0.7075815195404158,4.1834239130434785,2.790764507744972,4.2955017301038065,2.856040858416613,1.0267909299631053,0.4194,0.01585,0.0,0.0,0.0,0.0,0.0,0.0,0.0,0.0,0.0,0.0,0.020008892841262785,3.194753223654953,21.13606047132059,5.595820364606493,0.05335704757670077,0.0,0.0,0.0,0.0,0.0,0.0,0.0,0.0,0.0,0.0,0.0,0.0,0.0,0.0,0.0,nan,nan,4.238944120671923,2.823845275840994,nan,0.4194,0.08124,0.0,0.0,0.0,0.0,0.0,0.0,0.0,0.0,0.0,0.0,0.0,0.0,0.0,0.0,0.0,0.0,0.0,0.0,0.0,0.0,0.0022454424188528234,0.0,0.0,0.0,0.000722543352601156,0.007592263228101378,0.005113383726100489,0.007203201422854602,0.025722543352601157,0.006669630947087594,0.02302134281903068,0.011227212094264118,0.0352156514006225,0.06878612716763005,0.03241440640284571,0.02859048465984882,0.019219653179190752,0.0618830591373944,0.0538683859493108,0.04195197865718097,0.01957536682970209,0.04549799911071587,0.04188528234771009,0.052223210315695864,0.013995108937305469,0.011927523343708314,0.03412627834593152,0.06257225433526012,0.055369052912405514,0.020008892841262782,0.07453312583370386,0.015228990662516675,0.023477100933748333,0.03303690529124055,0.012638950644730992,0.019653179190751446,0.0029346376167185416,0.013105824811027122,0.0013895064473099154,0.00098932859048466,0.00015562472209871054,0.0007336594041796354,0.007725655847043131,2.223210315695865e-05,0.0023566029346376166,0.0026233881725211206,0.00030013339261894176,0.0,6.669630947087594e-05,0.00038906180524677633,1.1116051578479325e-05,0.0,0.0,0.0,0.0,0.0,0.0,0.0,0.0,0.0,0.0,0.0,0.0,0.0,0.0,0.0,0.0,0.0,0.0,0.0,0.0,0.0,0.0,0.0,0.0,0.0,0.0,0.0,0.0,0.0,0.0,nan,nan,4.238944120671923,2.823845275840994,nan,0.8822306687654887,0.036521150332082114,0.0,0.0,0.0,0.0,0.0,0.0,0.0,0.0,0.0,0.0,0.0,0.0,0.0,0.0,0.0,0.0,0.0,0.0,0.0,0.0,0.0,0.01310043668122271,0.10480349344978168,0.41921397379912534,1.8864628820960703,7.048034934497818,11.698689956331881,6.851528384279478,1.4410480349344983,0.5371179039301311,0.8819037337342034,0.034637773914500146,0.0,0.0,0.0,0.0,0.0,0.0,0.0,0.0,0.0,0.0,0.0,0.0,0.0,0.0,0.0,0.0,0.0,0.0,0.0,0.0,0.0,0.0,0.054347826086956534,0.4483695652173899,1.739130434782609,7.119565217391306,12.07880434782609,6.630434782608697,1.4945652173913047,0.4347826086956523,0.4194,0.01587,0.0,0.0,0.0,0.0,0.0,0.0,0.0,0.0,0.0,0.0,0.01310043668122271,3.3144104803493404,21.301310043668124,5.305676855895197,0.06550218340611355,0.0,0.0,0.0,0.0,0.0,0.0,0.0,0.0,0.0,0.0,0.0,0.0,0.0,0.0,0.0,0.4194,0.01582,0.0,0.0,0.0,0.0,0.0,0.0,0.0,0.0,0.0,0.0,0.027173913043478267,3.070652173913039,20.96467391304348,5.896739130434784,0.0407608695652174,0.0,0.0,0.0,0.0,0.0,0.0,0.0,0.0,0.0,0.0,0.0,0.0,0.0,0.0,0.0
52600,4614,2365,0.512570437798006,1090,976,0.44776766363242304,1326,0.5747724317295189,0.43799999999999994,2.9986660738105826,3.0594375776903266,6.6372239747634065,2.006519938136211,6649.800000000001,9.094947017729282e-13,6649.8,6649.8,6649.800000000001,9.094947017729282e-13,6649.800000000001,9.094947017729282e-13,27.460988296488946,20.55056287713956,32.43623639191291,18.798657715946348,0.14282618118768964,0.099913307325531,0.09471174685739055,0.08842652795838751,0.07954052882531426,0.0775899436497616,0.06762028608582575,0.06263545730385782,0.06415257910706545,0.05244906805374946,0.04247941048981361,0.04139575205895102,0.0305591677503251,0.02600780234070221,0.015387949718248807,0.007585609016038145,0.006718682271348071,0.8809474009453708,0.03603198912813597,0.0,0.0,0.0,0.0,0.0,0.0,0.0,0.0,0.0,0.0,0.0,0.0,0.0,0.0,0.0,0.0,0.0,0.0,0.0,0.0,0.0,0.0,0.15604681404421328,0.5071521456436915,1.8010403120936285,7.301690507152148,12.067620286085829,6.131339401820548,1.618985695708713,0.41612483745123546,4.356705241660994,2.816498902475272,5.5,0.5,1.262421875,4.336289222373806,2.8580812658285795,4.378561736770692,2.772803878868136,1.0097485458716116,0.4194,0.01643,0.0,0.0,0.0,0.0,0.0,0.0,0.0,0.0,0.0,0.0,0.0,3.615084525357602,20.2665799739922,6.0663198959687925,0.05201560468140443,0.0,0.0,0.0,0.0,0.0,0.0,0.0,0.0,0.0,0.0,0.0,0.0,0.0,0.0,0.0,nan,nan,4.357482993197279,2.8157287437809604,nan,0.4194,0.0807,0.0,0.0,0.0,0.0,0.0,0.0,0.0,0.0,0.0,0.0,0.0,0.0,0.0,0.0,0.0,0.0,0.0,0.0,0.0,0.0,0.002611616818378847,0.0,0.0,0.0,0.0007152145643693108,0.006122670134373645,0.00494148244473342,0.0063935847420892936,0.025671868227134808,0.005678370177719982,0.022811009969657563,0.01118335500650195,0.03714781100996966,0.0700693541395752,0.032618118768964026,0.02919375812743823,0.019722583441699176,0.06045730385782402,0.0549739921976593,0.03876246207195492,0.019679237104464672,0.04686822713480711,0.04107065452969224,0.05345687039445167,0.014521022973558735,0.012494581707845688,0.03220632856523624,0.06504117902037278,0.05489813610749892,0.018508885999133074,0.07756827048114434,0.015918942349371478,0.023927178153446034,0.031079323797139142,0.012765496315561335,0.018476376246207196,0.0024165583008235805,0.01394668400520156,0.0012678803641092329,0.00047680970957954055,0.00016254876462938882,0.00082358040745557,0.008224967490247074,0.0,0.001657997399219766,0.0027199826614651063,0.0004009536194191591,0.0,6.501950585175553e-05,0.00028175119202427393,0.0,0.0,0.0,0.0,0.0,0.0,0.0,0.0,0.0,0.0,0.0,0.0,0.0,0.0,0.0,0.0,0.0,0.0,0.0,0.0,0.0,0.0,0.0,0.0,0.0,0.0,0.0,0.0,0.0,0.0,0.0,nan,nan,4.357482993197279,2.8157287437809604,nan,0.8813445828177712,0.036192206327985844,0.0,0.0,0.0,0.0,0.0,0.0,0.0,0.0,0.0,0.0,0.0,0.0,0.0,0.0,0.0,0.0,0.0,0.0,0.0,0.0,0.0,0.0,0.12684989429175478,0.4566596194503157,1.9788583509513746,7.027484143763215,12.000000000000004,6.279069767441862,1.674418604651163,0.45665961945031724,0.8805297330359768,0.03585799077171505,0.0,0.0,0.0,0.0,0.0,0.0,0.0,0.0,0.0,0.0,0.0,0.0,0.0,0.0,0.0,0.0,0.0,0.0,0.0,0.0,0.0,0.0,0.1867496665184527,0.5602489995553562,1.6140506891951982,7.590040017785684,12.138728323699425,5.975989328590487,1.5606936416184976,0.3734993330369054,0.419,0.01645,0.0,0.0,0.0,0.0,0.0,0.0,0.0,0.0,0.0,0.0,0.0,3.7547568710359354,20.67653276955603,5.517970401691334,0.050739957716701915,0.0,0.0,0.0,0.0,0.0,0.0,0.0,0.0,0.0,0.0,0.0,0.0,0.0,0.0,0.0,0.4202,0.0164,0.0,0.0,0.0,0.0,0.0,0.0,0.0,0.0,0.0,0.0,0.0,3.4682080924855443,19.83548243663851,6.642952423299246,0.05335704757670077,0.0,0.0,0.0,0.0,0.0,0.0,0.0,0.0,0.0,0.0,0.0,0.0,0.0,0.0,0.0
52700,4255,2186,0.5137485311398355,1012,860,0.4399529964747356,1176,0.5527614571092831,0.478,2.8825519574673755,3.022427855698488,6.486136783733826,2.1163678760639644,6649.800000000002,1.8189894035458565e-12,6649.8,6649.8,6649.800000000001,9.094947017729282e-13,6649.800000000001,9.094947017729282e-13,27.719388954171563,20.90970431466549,32.818924246691076,19.133206063968785,0.1435957696827262,0.1045828437132785,0.09377203290246769,0.08037602820211516,0.07591069330199765,0.0782608695652174,0.07403055229142186,0.06439482961222091,0.05593419506462985,0.047943595769682726,0.045593419506462986,0.039012925969447707,0.037132784958871914,0.02373678025851939,0.019036427732079905,0.011045828437132785,0.00564042303172738,0.8804931981022854,0.03680262047976753,0.0,0.0,0.0,0.0,0.0,0.0,0.0,0.0,0.0,0.0,0.0,0.0,0.0,0.0,0.0,0.0,0.0,0.0,0.0,0.0,0.0,0.014101057579318453,0.09165687426556994,0.4653349001175074,2.1292596944770863,7.0787309048178635,12.31727379553467,5.844888366627499,1.4735605170387784,0.5851938895417157,4.290166975881261,2.757152239056836,6.0,2.5495097567963922,1.3985469641930464,4.3628252788104085,2.775214418045348,4.223042836041359,2.738294688617375,0.9679605682473805,0.419,0.0158,0.0,0.0,0.0,0.0,0.0,0.0,0.0,0.0,0.0,0.0,0.014101057579318453,3.3066980023501715,21.158636897767337,5.457109283196241,0.06345475910693303,0.0,0.0,0.0,0.0,0.0,0.0,0.0,0.0,0.0,0.0,0.0,0.0,0.0,0.0,0.0,nan,nan,4.292701000370507,2.757640617379816,nan,0.419,0.0806,0.0,0.0,0.0,0.0,0.0,0.0,0.0,0.0,0.0,0.0,0.0,0.0,0.0,0.0,0.0,0.0,2.3501762632197415e-05,0.0,0.0,0.0,0.002702702702702703,2.3501762632197415e-05,1.1750881316098707e-05,0.0,0.0009165687426556992,0.005323149236192715,0.005029377203290246,0.006886016451233843,0.02601645123384254,0.006216216216216216,0.020082256169212692,0.011327849588719154,0.035652173913043476,0.07249118683901293,0.03432432432432433,0.031762632197414806,0.018766157461809634,0.0637015276145711,0.052502937720329025,0.03596944770857814,0.017873090481786133,0.04824911868390129,0.04215041128084606,0.05700352526439483,0.01464159811985899,0.0127262044653349,0.031938895417156284,0.06712103407755582,0.05070505287896592,0.01901292596944771,0.07407755581668625,0.016474735605170387,0.022737955346651,0.03211515863689777,0.013019976498237367,0.018072855464159814,0.0027262044653349003,0.013384253819036428,0.001198589894242068,0.0004465334900117509,0.000282021151586369,0.0008813160987074031,0.007884841363102232,0.00010575793184488837,0.0019153936545240893,0.0029142185663924795,0.00034077555816686253,0.0,3.525264394829612e-05,0.00023501762632197415,0.0,0.0,0.0,0.0,0.0,0.0,0.0,0.0,0.0,0.0,0.0,0.0,0.0,0.0,0.0,0.0,0.0,0.0,0.0,0.0,0.0,0.0,0.0,0.0,0.0,0.0,0.0,0.0,0.0,0.0,0.0,nan,nan,4.292701000370507,2.757640617379816,nan,0.881360821514531,0.037169202198126174,0.0,0.0,0.0,0.0,0.0,0.0,0.0,0.0,0.0,0.0,0.0,0.0,0.0,0.0,0.0,0.0,0.0,0.0,0.0,0.0,0.0,0.013723696248856361,0.06861848124428181,0.49405306495882734,2.168344007319305,6.848124428179324,12.2964318389753,5.914913083257092,1.5645013723696253,0.6312900274473926,0.8795765114037987,0.036388831777450864,0.0,0.0,0.0,0.0,0.0,0.0,0.0,0.0,0.0,0.0,0.0,0.0,0.0,0.0,0.0,0.0,0.0,0.0,0.0,0.0,0.0,0.014499758337361047,0.11599806669888837,0.43499275012082994,2.087965200579991,7.322377960367329,12.339294345094252,5.770903818269696,1.3774770420492994,0.5364910584823588,0.419,0.0157,0.0,0.0,0.0,0.0,0.0,0.0,0.0,0.0,0.0,0.0,0.027447392497712723,3.2936870997255214,21.27172918572736,5.338517840805125,0.06861848124428181,0.0,0.0,0.0,0.0,0.0,0.0,0.0,0.0,0.0,0.0,0.0,0.0,0.0,0.0,0.0,0.4192,0.01588,0.0,0.0,0.0,0.0,0.0,0.0,0.0,0.0,0.0,0.0,0.0,3.3204446592556742,21.03914934751088,5.582406959884003,0.05799903334944419,0.0,0.0,0.0,0.0,0.0,0.0,0.0,0.0,0.0,0.0,0.0,0.0,0.0,0.0,0.0
52800,4749,2418,0.509159823120657,1103,999,0.44261949884186147,1357,0.5714887344704148,0.44199999999999995,2.954954954954955,3.025295208464299,6.636932707355243,1.9619895000454517,6649.8,0.0,6649.8,6649.8,6649.800000000002,1.8189894035458565e-12,6649.800000000002,1.8189894035458565e-12,27.7374184038745,20.652544578012037,32.40831052500622,19.01269833013193,0.1328700779111392,0.10381132870077911,0.10044219835754896,0.08675510633817646,0.07727942724784165,0.0764371446620341,0.06885660138976626,0.06864603074331438,0.05622236260265319,0.05011581385554854,0.04801010739102969,0.04190355864392504,0.03179616761423457,0.024426194988418616,0.014739945251631923,0.011160244261949883,0.006527690040008423,0.8785302018110164,0.03589359351758807,0.0,0.0,0.0,0.0,0.0,0.0,0.0,0.0,0.0,0.0,0.0,0.0,0.0,0.0,0.0,0.0,0.0,0.0,0.0,0.0,0.0,0.025268477574226157,0.05685407454200886,0.3916614024005042,2.097283638660771,8.25015792798484,11.914087176247634,5.394819962097285,1.3139608338597604,0.5559065066329755,4.365530929540192,2.785119972155253,8.5,0.5,1.9470713040842615,4.333554817275748,2.7939844590287306,4.404871626069783,2.777697782400666,1.0164568839673447,0.4185,0.0161,0.0,0.0,0.0,0.0,0.0,0.0,0.0,0.0,0.0,0.0,0.006317119393556539,3.8723941882501527,20.543272267845865,5.540113708149086,0.03790271636133923,0.0,0.0,0.0,0.0,0.0,0.0,0.0,0.0,0.0,0.0,0.0,0.0,0.0,0.0,0.0,nan,nan,4.368264462809917,2.7862563163926493,nan,0.4185,0.0803,0.0,0.0,0.0,0.0,0.0,0.0,0.0,0.0,0.0,0.0,0.0,0.0,0.0,0.0,0.0,0.0,0.00012634238787113077,0.0,0.0,0.0,0.002758475468519688,5.264266161297115e-05,0.0,2.1057064645188462e-05,0.0010002105706464518,0.0054116656138134345,0.0049484101916192885,0.006664560960202148,0.024921036007580544,0.006096020214782059,0.019825226363444935,0.01177089913666035,0.03536534007159402,0.07424720993893451,0.03628132238365972,0.030406401347652136,0.018572331017056222,0.06487681617182564,0.05096862497367867,0.036418193303853444,0.01848810275847547,0.046599284059802064,0.04152453148031164,0.060233733417561594,0.015487471046536113,0.013623920825436934,0.032269951568751315,0.06689829437776373,0.05162139397767951,0.019172457359444093,0.07362602653190145,0.015571699305116867,0.021025479048220677,0.02981680353758686,0.013255422194146136,0.0175194777847968,0.002200463255422194,0.013718677616340283,0.0009580964413560749,0.0007159401979364077,0.000410612760581175,0.0012213097494209308,0.007254158770267425,0.0003474415666456096,0.002284691514002948,0.0028216466624552535,0.0004211412929037692,0.0,8.422825858075385e-05,9.475679090334807e-05,0.0,0.0,0.0,0.0,0.0,0.0,0.0,0.0,0.0,0.0,0.0,0.0,0.0,0.0,0.0,0.0,0.0,0.0,0.0,0.0,0.0,0.0,0.0,0.0,0.0,0.0,0.0,0.0,0.0,0.0,0.0,nan,nan,4.368264462809917,2.7862563163926493,nan,0.8788006755317707,0.036932848229145034,0.0,0.0,0.0,0.0,0.0,0.0,0.0,0.0,0.0,0.0,0.0,0.0,0.0,0.0,0.0,0.0,0.0,0.0,0.0,0.0,0.0,0.024813895781637722,0.0620347394540943,0.3970223325062022,2.1588089330024816,8.399503722084368,11.575682382133998,5.223325062034741,1.4764267990074444,0.6823821339950374,0.8782496331894873,0.03478053227471061,0.0,0.0,0.0,0.0,0.0,0.0,0.0,0.0,0.0,0.0,0.0,0.0,0.0,0.0,0.0,0.0,0.0,0.0,0.0,0.0,0.0,0.025740025740025745,0.05148005148005149,0.3861003861003849,2.0334620334620337,8.095238095238097,12.265122265122269,5.572715572715574,1.1454311454311457,0.4247104247104248,0.4185,0.01595,0.0,0.0,0.0,0.0,0.0,0.0,0.0,0.0,0.0,0.0,0.012406947890818861,3.908188585607935,20.73200992555832,5.310173697270473,0.03722084367245658,0.0,0.0,0.0,0.0,0.0,0.0,0.0,0.0,0.0,0.0,0.0,0.0,0.0,0.0,0.0,0.4187,0.01622,0.0,0.0,0.0,0.0,0.0,0.0,0.0,0.0,0.0,0.0,0.0,3.83526383526383,20.34749034749035,5.77863577863578,0.038610038610038616,0.0,0.0,0.0,0.0,0.0,0.0,0.0,0.0,0.0,0.0,0.0,0.0,0.0,0.0,0.0
52900,4545,2306,0.5073707370737074,1057,959,0.44356435643564357,1315,0.5786578657865786,0.47,2.9660562751228228,3.032312236149677,6.477165354330709,2.0827067857322383,6649.800000000002,1.8189894035458565e-12,6649.8,6649.8,6649.800000000001,9.094947017729282e-13,6649.800000000001,9.094947017729282e-13,27.882068206820684,20.98161376764375,33.12086749537159,19.11234179739172,0.14785478547854786,0.09922992299229923,0.08602860286028603,0.08382838283828382,0.08514851485148515,0.07656765676567656,0.06490649064906491,0.06402640264026403,0.059185918591859184,0.047084708470847086,0.04598459845984598,0.04114411441144115,0.0374037403740374,0.02706270627062706,0.019801980198019802,0.009900990099009901,0.004840484048404841,0.8791322545381006,0.033502602771443755,0.0,0.0,0.0,0.0,0.0,0.0,0.0,0.0,0.0,0.0,0.0,0.0,0.0,0.0,0.0,0.0,0.0,0.0,0.0,0.0,0.0,0.0,0.046204620462046216,0.31683168316831584,1.9933993399339938,7.960396039603962,12.448844884488452,5.636963696369638,1.240924092409241,0.35643564356435653,4.311882873680626,2.8142056156990836,0.0,0.0,0.0,4.338994565217392,2.778244493805714,4.284641638225256,2.8496217863958284,0.9874733820991979,0.4187,0.01544,0.0,0.0,0.0,0.0,0.0,0.0,0.0,0.0,0.0,0.0,0.019801980198019806,3.3201320132013152,21.260726072607262,5.3663366336633676,0.03300330033003301,0.0,0.0,0.0,0.0,0.0,0.0,0.0,0.0,0.0,0.0,0.0,0.0,0.0,0.0,0.0,nan,nan,4.310415248468346,2.8148505633771417,nan,0.4187,0.08044,0.0,0.0,0.0,0.0,0.0,0.0,0.0,0.0,0.0,0.0,0.0,0.0,0.0,0.0,0.0,0.0,0.00012101210121012101,2.2002200220022003e-05,0.0,0.0,0.002948294829482948,5.5005500550055004e-05,3.3003300330033e-05,1.1001100110011001e-05,0.0006050605060506051,0.006138613861386139,0.006237623762376238,0.006677667766776678,0.02529152915291529,0.006776677667766777,0.017942794279427944,0.012376237623762377,0.033641364136413644,0.07225522552255226,0.03881188118811881,0.02987898789878988,0.019515951595159516,0.06286028602860286,0.04962596259625963,0.0366996699669967,0.01869086908690869,0.04471947194719472,0.04082508250825082,0.0595049504950495,0.01737073707370737,0.015445544554455445,0.034202420242024204,0.06709570957095709,0.04862486248624862,0.023256325632563257,0.06831683168316832,0.016347634763476348,0.022563256325632563,0.03213421342134214,0.014697469746974697,0.01629262926292629,0.001716171617161716,0.0133003300330033,0.001144114411441144,0.0011551155115511551,0.00033003300330033004,0.0010341034103410341,0.006985698569856986,0.00055005500550055,0.002266226622662266,0.002288228822882288,0.00033003300330033004,0.0,0.00017601760176017602,0.00011001100110011001,0.0,0.0,0.0,0.0,0.0,0.0,0.0,0.0,0.0,0.0,0.0,0.0,0.0,0.0,0.0,0.0,0.0,0.0,0.0,0.0,0.0,0.0,0.0,0.0,0.0,0.0,0.0,0.0,0.0,0.0,0.0,nan,nan,4.310415248468346,2.8148505633771417,nan,0.8799022891577285,0.03389634133246699,0.0,0.0,0.0,0.0,0.0,0.0,0.0,0.0,0.0,0.0,0.0,0.0,0.0,0.0,0.0,0.0,0.0,0.0,0.0,0.0,0.0,0.0,0.06504770164787511,0.24718126626192463,2.0034692107545538,7.909800520381615,12.215958369470949,5.880312228967911,1.2489158716392024,0.42931483087597583,0.8783391773461124,0.033073449304266776,0.0,0.0,0.0,0.0,0.0,0.0,0.0,0.0,0.0,0.0,0.0,0.0,0.0,0.0,0.0,0.0,0.0,0.0,0.0,0.0,0.0,0.0,0.02679767753461367,0.38856632425189697,1.9830281375614118,8.012505582849489,12.688700312639574,5.386333184457348,1.232693166592229,0.28137561411344353,0.4182,0.01546,0.0,0.0,0.0,0.0,0.0,0.0,0.0,0.0,0.0,0.0,0.013009540329575025,3.4995663486556756,21.348655680832618,5.112749349522984,0.02601908065915005,0.0,0.0,0.0,0.0,0.0,0.0,0.0,0.0,0.0,0.0,0.0,0.0,0.0,0.0,0.0,0.4192,0.01541,0.0,0.0,0.0,0.0,0.0,0.0,0.0,0.0,0.0,0.0,0.02679767753461367,3.1353282715497945,21.1701652523448,5.627512282268872,0.040196516301920504,0.0,0.0,0.0,0.0,0.0,0.0,0.0,0.0,0.0,0.0,0.0,0.0,0.0,0.0,0.0
53000,4672,2382,0.509845890410959,1112,945,0.4402825342465753,1324,0.5667808219178082,0.46199999999999997,2.983406113537118,3.0802490564756213,6.593846153846154,2.070590916999814,6649.800000000001,9.094947017729282e-13,6649.8,6649.8,6649.8,0.0,6649.800000000002,1.8189894035458565e-12,27.66160102739726,20.887787236945165,32.80041099409196,19.094542987028664,0.1464041095890411,0.09417808219178082,0.09503424657534247,0.09225171232876712,0.0802654109589041,0.07191780821917808,0.07106164383561644,0.061001712328767124,0.056292808219178085,0.05586472602739726,0.04238013698630137,0.039597602739726026,0.032534246575342464,0.026541095890410957,0.014554794520547944,0.01348458904109589,0.006635273972602739,0.878003990520047,0.033833092917178086,0.0,0.0,0.0,0.0,0.0,0.0,0.0,0.0,0.0,0.0,0.0,0.0,0.0,0.0,0.0,0.0,0.0,0.0,0.0,0.0,0.0,0.01926369863013699,0.05136986301369864,0.3660102739726016,2.0483732876712333,8.232020547945208,12.219606164383565,5.599315068493152,1.149400684931507,0.31464041095890416,4.344735077129443,2.840589930600087,4.0,0.816496580927726,0.9206545230009262,4.277188328912467,2.788063710948767,4.412999322951929,2.8890649499512433,1.0317523998467457,0.418,0.01598,0.0,0.0,0.0,0.0,0.0,0.0,0.0,0.0,0.0,0.0,0.01284246575342466,3.9362157534246522,20.97174657534247,5.027825342465754,0.05136986301369864,0.0,0.0,0.0,0.0,0.0,0.0,0.0,0.0,0.0,0.0,0.0,0.0,0.0,0.0,0.0,nan,nan,4.344388609715243,2.8393011448877785,nan,0.418,0.0804,0.0,0.0,0.0,0.0,0.0,0.0,0.0,0.0,0.0,0.0,0.0,0.0,0.0,0.0,0.0,0.0,0.0002247431506849315,0.0,0.0,0.0,0.0030928938356164382,4.280821917808219e-05,0.00019263698630136986,0.0,0.0006314212328767123,0.00545804794520548,0.006389126712328767,0.0060252568493150685,0.026316352739726028,0.006335616438356164,0.016738013698630136,0.01132277397260274,0.035220462328767126,0.07337328767123287,0.03984375,0.02836044520547945,0.020462328767123287,0.06507919520547945,0.0543771404109589,0.037617722602739725,0.02010916095890411,0.04395333904109589,0.04013270547945205,0.056678082191780825,0.01719820205479452,0.013944777397260274,0.03611943493150685,0.06508989726027398,0.04731378424657534,0.02246361301369863,0.06862157534246575,0.014758133561643835,0.025053510273972603,0.03164597602739726,0.013206335616438357,0.015132705479452054,0.0016374143835616438,0.011729452054794521,0.0012735445205479452,0.0011451198630136987,0.00048159246575342463,0.0012414383561643837,0.00800513698630137,0.0002675513698630137,0.0028360445205479453,0.0020226883561643835,0.00043878424657534245,0.0,0.00017123287671232877,0.0002247431506849315,0.0,0.0,0.0,0.0,0.0,0.0,0.0,0.0,0.0,0.0,0.0,0.0,0.0,0.0,0.0,0.0,0.0,0.0,0.0,0.0,0.0,0.0,0.0,0.0,0.0,0.0,0.0,0.0,0.0,0.0,0.0,nan,nan,4.344388609715243,2.8393011448877785,nan,0.877306674304477,0.033757743337903705,0.0,0.0,0.0,0.0,0.0,0.0,0.0,0.0,0.0,0.0,0.0,0.0,0.0,0.0,0.0,0.0,0.0,0.0,0.0,0.0,0.0,0.012594458438287156,0.037783375314861464,0.3778337531486134,2.153652392947104,8.58942065491184,11.82619647355164,5.6045340050377845,1.1083123425692698,0.28967254408060455,0.878729321186199,0.03389607403883658,0.0,0.0,0.0,0.0,0.0,0.0,0.0,0.0,0.0,0.0,0.0,0.0,0.0,0.0,0.0,0.0,0.0,0.0,0.0,0.0,0.0,0.02620087336244542,0.06550218340611355,0.353711790393012,1.938864628820961,7.860262008733626,12.628820960698693,5.5938864628820975,1.1921397379912666,0.34061135371179047,0.418,0.016,0.0,0.0,0.0,0.0,0.0,0.0,0.0,0.0,0.0,0.0,0.0,3.9294710327455866,20.90680100755668,5.125944584382872,0.037783375314861464,0.0,0.0,0.0,0.0,0.0,0.0,0.0,0.0,0.0,0.0,0.0,0.0,0.0,0.0,0.0,0.418,0.01596,0.0,0.0,0.0,0.0,0.0,0.0,0.0,0.0,0.0,0.0,0.02620087336244542,3.9432314410480296,21.039301310043673,4.925764192139739,0.06550218340611355,0.0,0.0,0.0,0.0,0.0,0.0,0.0,0.0,0.0,0.0,0.0,0.0,0.0,0.0,0.0
53100,4916,2537,0.5160699755899105,1132,1037,0.44121236777868184,1394,0.5671277461350691,0.46199999999999997,2.949558638083228,3.038906121402806,6.610852713178295,1.9818259652656602,6649.800000000001,9.094947017729282e-13,6649.8,6649.8,6649.800000000002,1.8189894035458565e-12,6649.800000000001,9.094947017729282e-13,27.21724979658259,20.82828189095633,32.3529267695322,19.13135967409145,0.14707078925956063,0.10821806346623271,0.09072416598860862,0.0886899918633035,0.08258746948738813,0.07445077298616762,0.06733116354759967,0.06285598047192839,0.05573637103336045,0.04922701383238405,0.044751830756712775,0.03803905614320586,0.03132628152969894,0.023799837266069976,0.017290480065093573,0.011594792514239219,0.006305939788445891,0.8775902552464999,0.03569403209941912,0.0,0.0,0.0,0.0,0.0,0.0,0.0,0.0,0.0,0.0,0.0,0.0,0.0,0.0,0.0,0.0,0.0,0.0,0.0,0.0,0.0061025223759153795,0.018307567127746137,0.13425549227013836,0.475996745321398,2.1053702196908057,7.933279088689994,12.369812855980475,5.2969894222945495,1.2754271765663145,0.38445890968266894,4.378387096774193,2.82312752305779,1.8333333333333333,1.5723301886761007,0.41872344605712325,4.45879299156392,2.8344585593092506,4.289456869009585,2.810054521583861,0.9620219815374428,0.4177,0.01616,0.0,0.0,0.0,0.0,0.0,0.0,0.0,0.0,0.0,0.0,0.0061025223759153795,4.2168429617575205,20.797396257119615,4.930838079739626,0.048820179007323036,0.0,0.0,0.0,0.0,0.0,0.0,0.0,0.0,0.0,0.0,0.0,0.0,0.0,0.0,0.0,nan,nan,4.373470701867354,2.823458328079891,nan,0.4177,0.08,0.0,0.0,0.0,0.0,0.0,0.0,0.0,0.0,0.0,0.0,0.0,0.0,0.0,0.0,0.0,0.0,0.0001017087062652563,0.0,0.0,4.068348250610252e-05,0.0022884458909682667,1.017087062652563e-05,6.102522375915378e-05,0.0,0.0007628152969894223,0.00540073230268511,0.006407648494711147,0.006987388120423108,0.026220504475183076,0.006834825061025224,0.017320992676973148,0.011106590724165989,0.03489625711960944,0.07457282343368592,0.038974776240846214,0.029698942229454843,0.018958502847843776,0.06414768104149715,0.05589910496338486,0.03486574450772986,0.02046379170056957,0.04064279902359642,0.041883645240032547,0.06006916192026038,0.017676973148901546,0.013862896663954434,0.034997965825874694,0.06557160292921074,0.04461960943856794,0.022874288039056143,0.07240642799023596,0.014798616761594793,0.02407445077298617,0.03405207485760781,0.012642392188771358,0.015052888527257934,0.00104759967453214,0.010445484133441823,0.0013120423108218063,0.0010170870626525631,0.00035598047192839707,0.0009967453213995119,0.008024816924328722,7.119609438567941e-05,0.002532546786004882,0.0019731489015459725,0.0006305939788445891,0.0,0.00014239218877135882,0.0002034174125305126,0.0,0.0,0.0,0.0,0.0,0.0,0.0,0.0,0.0,0.0,0.0,0.0,0.0,0.0,0.0,0.0,0.0,0.0,0.0,0.0,0.0,0.0,0.0,0.0,0.0,0.0,0.0,0.0,0.0,0.0,0.0,nan,nan,4.373470701867354,2.823458328079891,nan,0.8769152891603003,0.03603206451899519,0.0,0.0,0.0,0.0,0.0,0.0,0.0,0.0,0.0,0.0,0.0,0.0,0.0,0.0,0.0,0.0,0.0,0.0,0.0,0.0,0.011824990145841548,0.023649980291683095,0.14189988175009857,0.5202995664170263,2.2585731178557356,7.709893575088689,12.475364603862833,5.285770595191172,1.1943240047299963,0.3783996846669295,0.8783100488407364,0.0353157751482348,0.0,0.0,0.0,0.0,0.0,0.0,0.0,0.0,0.0,0.0,0.0,0.0,0.0,0.0,0.0,0.0,0.0,0.0,0.0,0.0,0.0,0.012610340479192942,0.1261034047919294,0.42875157629255856,1.9419924337957128,8.171500630517025,12.257250945775539,5.308953341740229,1.3619167717528378,0.3909205548549812,0.4177,0.01637,0.0,0.0,0.0,0.0,0.0,0.0,0.0,0.0,0.0,0.0,0.0,4.245171462357108,20.59913283405598,5.084745762711866,0.07094994087504929,0.0,0.0,0.0,0.0,0.0,0.0,0.0,0.0,0.0,0.0,0.0,0.0,0.0,0.0,0.0,0.418,0.01593,0.0,0.0,0.0,0.0,0.0,0.0,0.0,0.0,0.0,0.0,0.012610340479192942,4.186633039092049,21.008827238335442,4.766708701134932,0.025220680958385883,0.0,0.0,0.0,0.0,0.0,0.0,0.0,0.0,0.0,0.0,0.0,0.0,0.0,0.0,0.0
53200,4866,2432,0.49979449239621865,1119,1036,0.4428688861487875,1401,0.5758323057953144,0.44199999999999995,2.85784716516023,3.0060754093910447,6.453292496171516,2.0949240123106225,6649.800000000001,9.094947017729282e-13,6649.8,6649.8,6649.800000000001,9.094947017729282e-13,6649.800000000001,9.094947017729282e-13,27.586518701191945,20.680510966416154,32.46854345165239,18.982973804209244,0.13974517057131114,0.10378133990957665,0.09494451294697903,0.08816276202219482,0.07706535141800247,0.07459926017262639,0.07459926017262639,0.06391286477599671,0.056103575832305796,0.05158240854911632,0.0427455815865187,0.04397862720920674,0.03308672420879573,0.02219482120838471,0.017057131113851213,0.009864364981504316,0.006576243321002877,0.8778989601909404,0.03587575526214913,0.0,0.0,0.0,0.0,0.0,0.0,0.0,0.0,0.0,0.0,0.0,0.0,0.0,0.0,0.0,0.0,0.0,0.0,0.0,0.0,0.006165228113440199,0.04315659679408139,0.07398273736128239,0.5117139334155348,1.960542540073983,8.212083847102344,12.318125770653516,5.024660912453761,1.3810110974106045,0.4685573366214551,4.300128949065119,2.826807059616099,4.5,2.598076211353316,1.0464802458954945,4.253826530612245,2.7924571599787407,4.348249027237354,2.859438403721619,1.0221970726698906,0.419,0.01602,0.0,0.0,0.0,0.0,0.0,0.0,0.0,0.0,0.0,0.0,0.018495684340320596,3.6498150431565914,20.628853267570907,5.647348951911222,0.05548705302096179,0.0,0.0,0.0,0.0,0.0,0.0,0.0,0.0,0.0,0.0,0.0,0.0,0.0,0.0,0.0,nan,nan,4.30064308681672,2.8262605652311725,nan,0.419,0.0803,0.0,0.0,0.0,0.0,0.0,0.0,0.0,0.0,0.0,0.0,0.0,0.0,0.0,0.0,0.0,0.0,0.00030826140567200987,0.0,0.0,6.165228113440197e-05,0.002106452938758734,0.0,7.192766132346897e-05,3.0826140567200985e-05,0.0007706535141800247,0.004336210439786272,0.007583230579531443,0.006391286477599671,0.02435265104808878,0.006802301685162351,0.015145910398684752,0.011467324290998768,0.03464858199753391,0.07785655569256063,0.03834771886559803,0.027620221948212082,0.019995889847924372,0.06250513769009454,0.05340115084258117,0.03467940813810111,0.0229449239621866,0.041245376078914917,0.04096794081381011,0.05983353884093712,0.018598438142211262,0.013008631319358817,0.03697081792026305,0.06384093711467324,0.043773119605425403,0.02451705713111385,0.07356144677353062,0.015351418002466092,0.02533908754623921,0.033230579531442664,0.012977805178791615,0.015371968762844225,0.0008939580764488286,0.009833538840937114,0.0011097410604192356,0.0007398273736128237,0.0007398273736128237,0.0010172626387176325,0.00885737772297575,5.1376900945334976e-05,0.00290793259350596,0.002363337443485409,0.0009453349773941636,0.0,0.00026715988491574186,0.00025688450472667487,0.0,0.0,0.0,0.0,0.0,0.0,0.0,0.0,0.0,0.0,0.0,0.0,0.0,0.0,0.0,0.0,0.0,0.0,0.0,0.0,0.0,0.0,0.0,0.0,0.0,0.0,0.0,0.0,0.0,0.0,0.0,nan,nan,4.30064308681672,2.8262605652311725,nan,0.878235834185034,0.03604920577011663,0.0,0.0,0.0,0.0,0.0,0.0,0.0,0.0,0.0,0.0,0.0,0.0,0.0,0.0,0.0,0.0,0.0,0.0,0.0,0.0,0.0,0.06167763157894738,0.06167763157894738,0.5057565789473668,1.9366776315789478,8.178453947368423,12.187500000000004,5.094572368421054,1.5542763157894741,0.4194078947368422,0.8775623630037441,0.035698430736658106,0.0,0.0,0.0,0.0,0.0,0.0,0.0,0.0,0.0,0.0,0.0,0.0,0.0,0.0,0.0,0.0,0.0,0.0,0.0,0.0,0.012325390304026297,0.024650780608052595,0.08627773212818408,0.5176663927691028,1.9843878389482337,8.245686113393592,12.44864420706656,4.954806902218571,1.207888249794577,0.5176663927691044,0.4185,0.0162,0.0,0.0,0.0,0.0,0.0,0.0,0.0,0.0,0.0,0.0,0.012335526315789477,3.9226973684210464,20.625000000000007,5.402960526315791,0.037006578947368425,0.0,0.0,0.0,0.0,0.0,0.0,0.0,0.0,0.0,0.0,0.0,0.0,0.0,0.0,0.0,0.4197,0.0158,0.0,0.0,0.0,0.0,0.0,0.0,0.0,0.0,0.0,0.0,0.024650780608052595,3.3771569433031994,20.63270336894002,5.89153656532457,0.07395234182415777,0.0,0.0,0.0,0.0,0.0,0.0,0.0,0.0,0.0,0.0,0.0,0.0,0.0,0.0,0.0
53300,4827,2455,0.5085974725502382,1131,1028,0.4472757406256474,1401,0.5804847731510255,0.45399999999999996,3.0008431703204046,3.060519298818399,6.553571428571429,2.067345113019723,6649.800000000002,1.8189894035458565e-12,6649.8,6649.8,6649.800000000001,9.094947017729282e-13,6649.8,0.0,28.077066500932258,20.98942353678137,33.087450592885375,19.21444564809936,0.14439610524135074,0.09384711000621504,0.08804640563496996,0.09073958980733375,0.08452454940957116,0.07333747669359851,0.07209446861404599,0.060700227884814585,0.0580070437124508,0.049098819142324425,0.04723430702299565,0.04081209861197431,0.032525378081624194,0.02465299357779159,0.020095297286099028,0.013880256888336441,0.0060078723845038325,0.8757019231525395,0.035512475394511765,0.0,0.0,0.0,0.0,0.0,0.0,0.0,0.0,0.0,0.0,0.0,0.0,0.0,0.0,0.0,0.0,0.0,0.0,0.0,0.0,0.0062150403977625866,0.024860161591050346,0.11187072715972657,0.5407085146053432,2.311995027967682,8.502175264139218,11.91423244251088,5.1211932877563715,1.187072715972654,0.27967681789931637,4.385846942042908,2.8509821821200543,2.7777777777777777,2.249828525701843,0.6333503686938745,4.33291058972733,2.838522700743043,4.4330759330759335,2.860949511749077,1.0231173344739861,0.4197,0.01604,0.0,0.0,0.0,0.0,0.0,0.0,0.0,0.0,0.0,0.0,0.0,3.2566811684275905,20.720944686140466,5.985083903045371,0.037290242386575516,0.0,0.0,0.0,0.0,0.0,0.0,0.0,0.0,0.0,0.0,0.0,0.0,0.0,0.0,0.0,nan,nan,4.381226053639847,2.850736281623957,nan,0.4197,0.08026,0.0,0.0,0.0,0.0,0.0,0.0,0.0,0.0,0.0,0.0,0.0,0.0,0.0,0.0,0.0,0.0,0.0002693184172363787,0.0,0.0,3.1075201988812927e-05,0.0021234721359022165,0.0,8.286720530350113e-05,0.00018645121193287757,0.0003936192251916304,0.004536979490366687,0.007105862854775223,0.006432566811684276,0.024362958359229334,0.005759270768593329,0.01409778330225813,0.011870727159726539,0.037383467992541955,0.07525378081624197,0.03860575927076859,0.027698363372695257,0.02121400455769629,0.06096954630205096,0.05399834265589393,0.0335715765485809,0.022943857468406877,0.03948622332711829,0.04093639941992956,0.059136109384711,0.018023617153511497,0.014356743318831572,0.0392686969131966,0.06268904081209861,0.04352599958566397,0.024715143981769216,0.07243629583592294,0.017163869898487675,0.025243422415579034,0.03473171742282991,0.01414957530557282,0.016573441060700227,0.001046198466956702,0.008897866169463435,0.0008597472550238243,0.0007768800497203232,0.000725088046405635,0.0006836544437538845,0.009457219805262068,7.250880464056349e-05,0.002496374559767972,0.0023202817484980318,0.0010772736689455148,1.0358400662937642e-05,0.00015537600994406463,9.322560596643879e-05,0.0,0.0,0.0,0.0,0.0,0.0,0.0,0.0,0.0,0.0,0.0,0.0,0.0,0.0,0.0,0.0,0.0,0.0,0.0,0.0,0.0,0.0,0.0,0.0,0.0,0.0,0.0,0.0,0.0,0.0,0.0,nan,nan,4.381226053639847,2.850736281623957,nan,0.8744250007656587,0.03555780425716679,0.0,0.0,0.0,0.0,0.0,0.0,0.0,0.0,0.0,0.0,0.0,0.0,0.0,0.0,0.0,0.0,0.0,0.0,0.0,0.0,0.012219959266802447,0.012219959266802447,0.10997963340122202,0.7087576374745396,2.3706720977596745,8.54175152749491,11.890020366598781,4.9979633401222,1.1364562118126276,0.21995926680244404,0.8770235270563306,0.03541704991456385,0.0,0.0,0.0,0.0,0.0,0.0,0.0,0.0,0.0,0.0,0.0,0.0,0.0,0.0,0.0,0.0,0.0,0.0,0.0,0.0,0.0,0.037942664418212486,0.11382799325463747,0.3667790893760528,2.2512647554806073,8.461214165261385,11.939291736930864,5.248735244519395,1.2394603709949412,0.3414839797639124,0.4194,0.01608,0.0,0.0,0.0,0.0,0.0,0.0,0.0,0.0,0.0,0.0,0.0,3.384928716904272,20.773930753564162,5.816700610997965,0.024439918533604894,0.0,0.0,0.0,0.0,0.0,0.0,0.0,0.0,0.0,0.0,0.0,0.0,0.0,0.0,0.0,0.42,0.01599,0.0,0.0,0.0,0.0,0.0,0.0,0.0,0.0,0.0,0.0,0.0,3.1239460370994894,20.666104553119734,6.1593591905564935,0.05059021922428332,0.0,0.0,0.0,0.0,0.0,0.0,0.0,0.0,0.0,0.0,0.0,0.0,0.0,0.0,0.0
53400,4890,2543,0.520040899795501,1250,946,0.449079754601227,1335,0.5460122699386503,0.45399999999999996,3.016190881976992,3.0692466031423895,6.517142857142857,1.9408371852352366,6649.800000000001,9.094947017729282e-13,6649.8,6649.8,6649.800000000002,1.8189894035458565e-12,6649.8,0.0,27.99079754601227,20.868615127001853,32.99366008290661,19.067698762669686,0.14171779141104293,0.09488752556237219,0.09611451942740286,0.08670756646216769,0.0787321063394683,0.07239263803680981,0.0703476482617587,0.06482617586912065,0.06032719836400818,0.05439672801635992,0.04703476482617587,0.0392638036809816,0.03456032719836401,0.024539877300613498,0.015746421267893662,0.0098159509202454,0.008588957055214725,0.8757396907406594,0.034333914562777276,0.0,0.0,0.0,0.0,0.0,0.0,0.0,0.0,0.0,0.0,0.0,0.0,0.0,0.0,0.0,0.0,0.0,0.0,0.0,0.0,0.0,0.0,0.1533742331288344,0.41717791411042815,2.012269938650307,9.024539877300615,12.21472392638037,4.8282208588957065,0.9938650306748468,0.3558282208588958,4.278797468354431,2.8645243618688996,5.625,2.6427968139832467,1.3146216995784334,4.286072772898369,2.8854707658371526,4.278271918678526,2.843673387576164,0.998179952923532,0.4197,0.01611,0.0,0.0,0.0,0.0,0.0,0.0,0.0,0.0,0.0,0.0,0.018404907975460124,3.380368098159504,20.30061349693252,6.257668711656443,0.04294478527607363,0.0,0.0,0.0,0.0,0.0,0.0,0.0,0.0,0.0,0.0,0.0,0.0,0.0,0.0,0.0,nan,nan,4.28219696969697,2.8647828943761184,nan,0.4197,0.08014,0.0,0.0,0.0,0.0,0.0,0.0,0.0,0.0,0.0,0.0,0.0,0.0,0.0,0.0,0.0,0.0,0.0002556237218813906,0.0,1.0224948875255623e-05,1.0224948875255623e-05,0.0022903885480572597,1.0224948875255623e-05,8.179959100204499e-05,0.0001329243353783231,0.0006441717791411043,0.004785276073619632,0.007075664621676892,0.006339468302658487,0.02245398773006135,0.005879345603271984,0.01523517382413088,0.012505112474437629,0.037924335378323105,0.07510224948875256,0.03685071574642127,0.026319018404907975,0.022280163599182005,0.06239263803680982,0.056104294478527605,0.031216768916155418,0.022515337423312885,0.035112474437627814,0.04264826175869121,0.059284253578732106,0.017300613496932515,0.015920245398773007,0.03986707566462168,0.06387525562372189,0.0433640081799591,0.02598159509202454,0.07315950920245398,0.01710633946830266,0.023353783231083846,0.03359918200408998,0.01441717791411043,0.01859918200408998,0.000869120654396728,0.009601226993865031,0.0009713701431492842,0.0004294478527607362,0.0006134969325153375,0.00049079754601227,0.009468302658486707,1.0224948875255623e-05,0.0023006134969325155,0.002310838445807771,0.0007668711656441718,0.0,0.00011247443762781186,5.112474437627812e-05,0.0,0.0,0.0,0.0,0.0,0.0,0.0,0.0,0.0,0.0,0.0,0.0,0.0,0.0,0.0,0.0,0.0,0.0,0.0,0.0,0.0,0.0,0.0,0.0,0.0,0.0,0.0,0.0,0.0,0.0,0.0,nan,nan,4.28219696969697,2.8647828943761184,nan,0.8756099143133265,0.03384363351504081,0.0,0.0,0.0,0.0,0.0,0.0,0.0,0.0,0.0,0.0,0.0,0.0,0.0,0.0,0.0,0.0,0.0,0.0,0.0,0.0,0.0,0.0,0.11797090051120726,0.3657097915847413,2.135273299252851,8.953991348800631,12.316162013370038,4.777821470703894,1.026346834447503,0.3067243413291389,0.875880304909687,0.03485681103697011,0.0,0.0,0.0,0.0,0.0,0.0,0.0,0.0,0.0,0.0,0.0,0.0,0.0,0.0,0.0,0.0,0.0,0.0,0.0,0.0,0.0,0.0,0.1917341286749042,0.4729441840647621,1.878994461014061,9.10097997443545,12.104814657008951,4.88282914358756,0.9586706433745209,0.40903280783979556,0.4197,0.01607,0.0,0.0,0.0,0.0,0.0,0.0,0.0,0.0,0.0,0.0,0.011797090051120727,3.456547384978367,20.26740070782541,6.217066456940623,0.04718836020448291,0.0,0.0,0.0,0.0,0.0,0.0,0.0,0.0,0.0,0.0,0.0,0.0,0.0,0.0,0.0,0.42,0.01616,0.0,0.0,0.0,0.0,0.0,0.0,0.0,0.0,0.0,0.0,0.025564550489987223,3.2978270132083463,20.336599914784834,6.301661695781851,0.038346825734980834,0.0,0.0,0.0,0.0,0.0,0.0,0.0,0.0,0.0,0.0,0.0,0.0,0.0,0.0,0.0
53500,4833,2476,0.5123111938754397,1174,997,0.44920339333747156,1387,0.5739706186633561,0.47,3.0114552397114975,3.0676636605969723,6.672205438066465,1.99010717198409,6649.800000000002,1.8189894035458565e-12,6649.8,6649.8,6649.800000000002,1.8189894035458565e-12,6649.8,0.0,28.053589902751913,20.761845667209826,32.95328251782641,18.97813064433576,0.13759569625491413,0.0978688185392096,0.09248913718187461,0.0856610800744879,0.08235050693151252,0.07614318228843368,0.07014276846679081,0.06310780053796813,0.0569004758948893,0.051520794537554315,0.05276225946617008,0.04117525346575626,0.03248499896544589,0.027519139250982826,0.015104489964825161,0.010759362714669977,0.006414235464514794,0.8774238670930442,0.03522309548275242,0.0,0.0,0.0,0.0,0.0,0.0,0.0,0.0,0.0,0.0,0.0,0.0,0.0,0.0,0.0,0.0,0.0,0.0,0.0,0.0,0.006207324643078834,0.006207324643078834,0.09310986964618252,0.41589075108628054,2.2284295468653013,8.187461204220982,12.315332091868408,5.058969584109249,1.27870887647424,0.40968342644320305,4.343630573248408,2.830128095245584,5.0,2.7386127875258306,1.1511107852481852,4.365019011406844,2.838016972378205,4.323754789272031,2.8219691323720597,0.9905466111311361,0.4194,0.01611,0.0,0.0,0.0,0.0,0.0,0.0,0.0,0.0,0.0,0.0,0.0,3.401613904407195,20.682805710738677,5.884543761638735,0.03103662321539417,0.0,0.0,0.0,0.0,0.0,0.0,0.0,0.0,0.0,0.0,0.0,0.0,0.0,0.0,0.0,nan,nan,4.344465648854962,2.830110259042311,nan,0.4194,0.0798,0.0,0.0,0.0,0.0,0.0,0.0,0.0,0.0,0.0,0.0,0.0,0.0,0.0,0.0,0.0,0.0,0.00022760190357955722,0.0,1.0345541071798055e-05,0.0,0.002441547692944341,4.138216428719222e-05,2.069108214359611e-05,0.0,0.0007655700393130561,0.005152079453755431,0.006372853300227602,0.007810883509207531,0.023370577281191806,0.006186633560935237,0.014690668321953239,0.012704324436168011,0.03783364369956549,0.07364990689013036,0.03541278708876474,0.026929443409890338,0.023080902131181462,0.062207738464721704,0.05399337885371405,0.032360852472584314,0.022377405338299194,0.034698944754810675,0.04505483136768053,0.05790399337885371,0.016294227188081937,0.018001241464928614,0.04168218497827436,0.06524932753983033,0.043606455617628805,0.026546658390233808,0.07256362507759156,0.01574591351127664,0.023039519966894267,0.03286778398510242,0.015870060004138216,0.016935650734533417,0.0009724808607490172,0.008183322987792261,0.0008069522036002483,0.00034140285536933584,0.0006724601696668736,0.0006828057107386717,0.009373060211049038,5.172770535899027e-05,0.0020897992965032072,0.002224291330436582,0.0007138423339540658,0.0,0.00012414649286157667,6.207324643078833e-05,0.0,0.0,0.0,0.0,0.0,0.0,0.0,0.0,0.0,0.0,0.0,0.0,0.0,0.0,0.0,0.0,0.0,0.0,0.0,0.0,0.0,0.0,0.0,0.0,0.0,0.0,0.0,0.0,0.0,0.0,0.0,nan,nan,4.344465648854962,2.830110259042311,nan,0.8780072960214199,0.03550548263091547,0.0,0.0,0.0,0.0,0.0,0.0,0.0,0.0,0.0,0.0,0.0,0.0,0.0,0.0,0.0,0.0,0.0,0.0,0.0,0.0,0.012116316639741522,0.012116316639741522,0.09693053311793218,0.3877221324717274,2.0355411954765756,8.105815831987078,12.4313408723748,5.1857835218093715,1.2600969305331182,0.4725363489499193,0.8768109820583992,0.03491349343743235,0.0,0.0,0.0,0.0,0.0,0.0,0.0,0.0,0.0,0.0,0.0,0.0,0.0,0.0,0.0,0.0,0.0,0.0,0.0,0.0,0.0,0.0,0.0890963088672041,0.445481544336019,2.431056427662283,8.273228680526094,12.193466270683075,4.925753075943997,1.2982605006364023,0.3436571913449301,0.4194,0.01584,0.0,0.0,0.0,0.0,0.0,0.0,0.0,0.0,0.0,0.0,0.0,3.1987075928917563,21.058158319870767,5.73101777059774,0.012116316639741522,0.0,0.0,0.0,0.0,0.0,0.0,0.0,0.0,0.0,0.0,0.0,0.0,0.0,0.0,0.0,0.4192,0.0164,0.0,0.0,0.0,0.0,0.0,0.0,0.0,0.0,0.0,0.0,0.0,3.614764531183703,20.28850233347476,6.045820958845992,0.0509121764955452,0.0,0.0,0.0,0.0,0.0,0.0,0.0,0.0,0.0,0.0,0.0,0.0,0.0,0.0,0.0
53600,4959,2534,0.5109901189755999,1214,1058,0.4581568864690462,1475,0.5948779995966929,0.4139999999999999,2.9983505154639176,2.9971803520485585,6.403485254691689,1.9323515443804316,6649.800000000001,9.094947017729282e-13,6649.8,6649.8,6649.800000000003,2.7284841053187847e-12,6649.800000000001,9.094947017729282e-13,28.83121597096189,20.87635233138647,33.558084400189664,19.0345962217304,0.13208308126638435,0.09114740875176447,0.08650937689050212,0.08872756604154064,0.08368622706190765,0.07703165960879209,0.06896551724137931,0.06130268199233716,0.05948779995966929,0.05888283928211333,0.051220004033071184,0.04133897963299052,0.03770921556765477,0.025005041338979635,0.020770316596087923,0.0102843315184513,0.005847953216374269,0.8773906440065619,0.034712986600032684,0.0,0.0,0.0,0.0,0.0,0.0,0.0,0.0,0.0,0.0,0.0,0.0,0.0,0.0,0.0,0.0,0.0,0.0,0.0,0.0,0.0,0.00604960677555959,0.04234724742891713,0.3448275862068955,2.274652147610406,8.360556563823353,12.377495462794922,5.009074410163341,1.0707803992740474,0.5142165759225651,4.226460793218286,2.800491248733575,2.0,2.0,0.4732091690544413,4.274473358116481,2.7902077290451506,4.177514792899408,2.810456548871514,0.9773168395042244,0.4192,0.01631,0.0,0.0,0.0,0.0,0.0,0.0,0.0,0.0,0.0,0.0,0.03024803387779795,3.5329703569267945,20.65335753176044,5.728977616454932,0.05444646098003631,0.0,0.0,0.0,0.0,0.0,0.0,0.0,0.0,0.0,0.0,0.0,0.0,0.0,0.0,0.0,nan,nan,4.225113464447807,2.800611321986394,nan,0.4192,0.07947,0.0,0.0,0.0,0.0,0.0,0.0,0.0,0.0,0.0,0.0,0.0,0.0,0.0,0.0,0.0,0.0,3.0248033877797942e-05,0.0,0.0,0.0,0.002016535591853196,5.0413389796329905e-05,4.0330711837063925e-05,0.0,0.0006654567453115548,0.005283323250655374,0.006594071385359951,0.00923573301068764,0.02235329703569268,0.007935067553942327,0.01404517039725751,0.01284533172010486,0.03708408953418028,0.07534785238959468,0.032798951401492235,0.0259628957451099,0.022635612018552128,0.06186731195805606,0.05545472877596289,0.03218390804597701,0.02200040330711837,0.033524904214559385,0.045503125630167375,0.05799556362169792,0.018874773139745917,0.01839080459770115,0.041550715870135105,0.06886469046178666,0.04347650736035491,0.023906029441419643,0.07278685218794112,0.015124016938898971,0.022867513611615244,0.031276467029643075,0.016676749344625933,0.017422867513611617,0.0011292599314377898,0.007511595079653156,0.000998185117967332,0.0003730590844928413,0.0006251260334744908,0.000524299253881831,0.009144988909054245,2.0165355918531963e-05,0.002036700947771728,0.0019157088122605363,0.001018350473885864,1.0082677959265981e-05,0.0,2.0165355918531963e-05,0.0,0.0,0.0,0.0,0.0,0.0,0.0,0.0,0.0,0.0,0.0,0.0,0.0,0.0,0.0,0.0,0.0,0.0,0.0,0.0,0.0,0.0,0.0,0.0,0.0,0.0,0.0,0.0,0.0,0.0,0.0,nan,nan,4.225113464447807,2.800611321986394,nan,0.8772645264793402,0.03480100836021238,0.0,0.0,0.0,0.0,0.0,0.0,0.0,0.0,0.0,0.0,0.0,0.0,0.0,0.0,0.0,0.0,0.0,0.0,0.0,0.0,0.0,0.0,0.03551696921862668,0.2367797947908438,2.332280978689819,8.535911602209946,12.573007103393847,4.534333070244673,1.1483820047355962,0.6037884767166536,0.8775224303216049,0.03462027842484798,0.0,0.0,0.0,0.0,0.0,0.0,0.0,0.0,0.0,0.0,0.0,0.0,0.0,0.0,0.0,0.0,0.0,0.0,0.0,0.0,0.0,0.01237113402061856,0.04948453608247424,0.4577319587628852,2.214432989690722,8.177319587628867,12.173195876288663,5.5051546391752595,0.9896907216494847,0.42061855670103104,0.4197,0.01637,0.0,0.0,0.0,0.0,0.0,0.0,0.0,0.0,0.0,0.0,0.023677979479084458,3.551696921862663,20.528808208366225,5.812943962115234,0.0828729281767956,0.0,0.0,0.0,0.0,0.0,0.0,0.0,0.0,0.0,0.0,0.0,0.0,0.0,0.0,0.0,0.419,0.01624,0.0,0.0,0.0,0.0,0.0,0.0,0.0,0.0,0.0,0.0,0.03711340206185568,3.5134020618556647,20.78350515463918,5.641237113402063,0.02474226804123712,0.0,0.0,0.0,0.0,0.0,0.0,0.0,0.0,0.0,0.0,0.0,0.0,0.0,0.0,0.0
53700,4628,2347,0.5071305099394987,1107,964,0.4474935177182368,1327,0.5734658599827139,0.44599999999999995,2.9022358614642703,3.001475495482338,6.488076311605723,2.0218050508129894,6649.800000000001,9.094947017729282e-13,6649.8,6649.8,6649.8,0.0,6649.800000000002,1.8189894035458565e-12,28.015773552290405,20.882857665573795,32.84268511401486,19.177244184365776,0.13526361279170268,0.1026361279170268,0.09464131374243734,0.08880726015557476,0.0790838375108038,0.0702247191011236,0.07281763180639585,0.06633535004321521,0.05704407951598963,0.05012964563526361,0.04948141745894555,0.03867761452031115,0.028738115816767502,0.028738115816767502,0.021823681936041485,0.011019878997407088,0.004537597234226448,0.8772357256508327,0.035727087597494184,0.0,0.0,0.0,0.0,0.0,0.0,0.0,0.0,0.0,0.0,0.0,0.0,0.0,0.0,0.0,0.0,0.0,0.0,0.0,0.0,0.0,0.006482281763180641,0.12316335350043217,0.3630077787381147,2.249351771823682,8.388072601555749,11.972774416594644,5.211754537597235,1.244598098530683,0.4407951598962836,4.221552878179384,2.793263314594668,4.0,1.8708286933869707,0.9475186300935469,4.226415094339623,2.7861716346201497,4.2161803713527854,2.798200112925353,0.9975783914361501,0.4197,0.01614,0.0,0.0,0.0,0.0,0.0,0.0,0.0,0.0,0.0,0.0,0.012964563526361283,3.273552290406218,20.600691443388076,6.028522039757997,0.08426966292134834,0.0,0.0,0.0,0.0,0.0,0.0,0.0,0.0,0.0,0.0,0.0,0.0,0.0,0.0,0.0,nan,nan,4.221256684491979,2.7922452820018755,nan,0.4197,0.0793,0.0,0.0,0.0,0.0,0.0,0.0,0.0,0.0,0.0,0.0,0.0,0.0,0.0,0.0,0.0,0.0,1.0803802938634399e-05,0.0,0.0,0.0,0.0021283491789109766,6.48228176318064e-05,4.3215211754537596e-05,2.1607605877268798e-05,0.0006914433880726015,0.004407951598962835,0.006158167675021608,0.008977960242005185,0.021769662921348316,0.008837510803802939,0.013980121002592912,0.014606741573033709,0.035868625756266204,0.0746218668971478,0.03173076923076923,0.02652333621434745,0.025680639585133967,0.05863223854796888,0.05493733794295592,0.03168755401901469,0.022018150388936907,0.033232497839239414,0.045624459809853066,0.05663353500432152,0.01901469317199654,0.018949870354364736,0.04248055315471046,0.0718885047536733,0.04182152117545376,0.02475151253241141,0.07168323249783924,0.016238115816767502,0.023444252376836647,0.032249351771823684,0.01716724286949006,0.017566983578219533,0.0018690579083837512,0.006050129645635264,0.0007454624027657735,0.0005509939498703544,0.00033491789109766636,0.00048617113223854794,0.008405358686257563,9.72342264477096e-05,0.0023120138288677617,0.001728608470181504,0.0011992221261884182,0.0,0.0,7.562662057044079e-05,0.0,0.0,0.0,0.0,0.0,0.0,0.0,0.0,0.0,0.0,0.0,0.0,0.0,0.0,0.0,0.0,0.0,0.0,0.0,0.0,0.0,0.0,0.0,0.0,0.0,0.0,0.0,0.0,0.0,0.0,0.0,nan,nan,4.221256684491979,2.7922452820018755,nan,0.8778951409323245,0.03545255119184742,0.0,0.0,0.0,0.0,0.0,0.0,0.0,0.0,0.0,0.0,0.0,0.0,0.0,0.0,0.0,0.0,0.0,0.0,0.0,0.0,0.0,0.0,0.10225820195994889,0.3451214316148264,2.172986791648914,8.193438432040905,12.194290583723905,5.317426501917343,1.214316148274393,0.46016190881977004,0.8765572304006524,0.03599477529617503,0.0,0.0,0.0,0.0,0.0,0.0,0.0,0.0,0.0,0.0,0.0,0.0,0.0,0.0,0.0,0.0,0.0,0.0,0.0,0.0,0.0,0.013152126260412103,0.14467338886453313,0.3814116615519497,2.327926348092942,8.588338448049102,11.744848750548009,5.103024989039896,1.275756247259974,0.4208680403331873,0.4197,0.01599,0.0,0.0,0.0,0.0,0.0,0.0,0.0,0.0,0.0,0.0,0.0,3.246697912228372,20.84789092458458,5.8031529612271,0.10225820195994889,0.0,0.0,0.0,0.0,0.0,0.0,0.0,0.0,0.0,0.0,0.0,0.0,0.0,0.0,0.0,0.4194,0.0163,0.0,0.0,0.0,0.0,0.0,0.0,0.0,0.0,0.0,0.0,0.026304252520824207,3.3011836913634323,20.34633932485752,6.260412099956161,0.06576063130206052,0.0,0.0,0.0,0.0,0.0,0.0,0.0,0.0,0.0,0.0,0.0,0.0,0.0,0.0,0.0
53800,4612,2319,0.5028187337380746,1068,958,0.4392888117953166,1334,0.5784908933217693,0.474,2.985608373310074,3.093296007543271,6.63258785942492,2.057284729815763,6649.800000000001,9.094947017729282e-13,6649.8,6649.8,6649.800000000001,9.094947017729282e-13,6649.800000000001,9.094947017729282e-13,27.460537727666956,20.841146474087925,32.50675675675676,19.137590119804514,0.14570685169124023,0.09800520381613183,0.09757155247181266,0.08738074588031224,0.08607979184735473,0.07393755420641804,0.0665654813529922,0.06222896790980052,0.05724197745013009,0.049436253252385085,0.04466608846487424,0.040329575021682565,0.02883781439722463,0.027103209019947963,0.015394622723330443,0.012792714657415438,0.0067215958369470944,0.8771713593682308,0.03537592680891715,0.0,0.0,0.0,0.0,0.0,0.0,0.0,0.0,0.0,0.0,0.0,0.0,0.0,0.0,0.0,0.0,0.0,0.0,0.0,0.0,0.0,0.0,0.07155247181266264,0.5659150043365117,2.283174327840417,7.890286209887252,12.02732003469211,5.4965307892454485,1.3529921942758028,0.3122289679098006,4.389021479713604,2.8334328644519804,3.6666666666666665,2.8674417556808756,0.8354177995287294,4.408469945355192,2.8658216491098245,4.368206521739131,2.8009645157013927,0.990866803195861,0.4197,0.01639,0.0,0.0,0.0,0.0,0.0,0.0,0.0,0.0,0.0,0.0,0.006504770164787513,3.4019947961838635,20.60060711188205,5.919340849956637,0.07155247181266264,0.0,0.0,0.0,0.0,0.0,0.0,0.0,0.0,0.0,0.0,0.0,0.0,0.0,0.0,0.0,nan,nan,4.388283378746594,2.8335618098165267,nan,0.4197,0.0792,0.0,0.0,0.0,0.0,0.0,0.0,0.0,0.0,0.0,0.0,0.0,0.0,0.0,0.0,0.0,0.0,0.0,0.0,0.0,0.0,0.0019189071986123157,3.2523850823937556e-05,3.2523850823937556e-05,0.0,0.0007263660017346054,0.0045641803989592365,0.005149609713790112,0.009984822202948829,0.02099956634865568,0.009377710320901995,0.01410450997398092,0.014277970511708586,0.03633998265394623,0.07504336513443191,0.031027753686036427,0.026669557675628796,0.027049002601908068,0.05688421509106678,0.058044232437120556,0.03269731136166522,0.022029488291413702,0.032480485689505637,0.043386816999132695,0.05593018213356461,0.020251517779705117,0.01915654813529922,0.040405464006938424,0.07022983521248916,0.0420858629661752,0.026929748482220295,0.07194275802254987,0.015871639202081525,0.02246313963573287,0.033044232437120555,0.017270164787510842,0.018278404163052906,0.001756287944492628,0.005464006938421509,0.0010732870771899394,0.0003469210754553339,0.0003035559410234172,0.0006938421509106678,0.00783824804856895,7.58889852558543e-05,0.0024826539462272333,0.0016695576756287943,0.0015611448395490026,0.0,0.0,5.420641803989592e-05,0.0,0.0,0.0,0.0,0.0,0.0,0.0,0.0,0.0,0.0,0.0,0.0,0.0,0.0,0.0,0.0,0.0,0.0,0.0,0.0,0.0,0.0,0.0,0.0,0.0,0.0,0.0,0.0,0.0,0.0,0.0,nan,nan,4.388283378746594,2.8335618098165267,nan,0.8770553397947265,0.03603539066643187,0.0,0.0,0.0,0.0,0.0,0.0,0.0,0.0,0.0,0.0,0.0,0.0,0.0,0.0,0.0,0.0,0.0,0.0,0.0,0.0,0.0,0.0,0.06468305304010351,0.6338939197930122,2.3803363518758087,7.878395860284607,11.8111254851229,5.614489003880985,1.2031047865459252,0.41397153945666243,0.8772886944711338,0.034695844868188976,0.0,0.0,0.0,0.0,0.0,0.0,0.0,0.0,0.0,0.0,0.0,0.0,0.0,0.0,0.0,0.0,0.0,0.0,0.0,0.0,0.0,0.0,0.07849978194505017,0.4971652856519827,2.184910597470563,7.902311382468383,12.245965983427826,5.377235063235937,1.504579153946795,0.20933275185346711,0.4197,0.01654,0.0,0.0,0.0,0.0,0.0,0.0,0.0,0.0,0.0,0.0,0.012936610608020701,3.42820181112548,20.51746442432083,5.976714100905564,0.06468305304010351,0.0,0.0,0.0,0.0,0.0,0.0,0.0,0.0,0.0,0.0,0.0,0.0,0.0,0.0,0.0,0.4194,0.01622,0.0,0.0,0.0,0.0,0.0,0.0,0.0,0.0,0.0,0.0,0.0,3.375490623637152,20.684692542520718,5.86131705189708,0.07849978194505017,0.0,0.0,0.0,0.0,0.0,0.0,0.0,0.0,0.0,0.0,0.0,0.0,0.0,0.0,0.0
53900,4858,2414,0.4969123095924249,1145,1025,0.44668587896253603,1396,0.5747221078633182,0.44599999999999995,2.857201309328969,2.998442261761557,6.327062228654125,2.0634241336470733,6649.800000000001,9.094947017729282e-13,6649.8,6649.8,6649.800000000001,9.094947017729282e-13,6649.800000000001,9.094947017729282e-13,27.66241251543845,20.712674725956493,32.6345539444581,18.957167263077757,0.14265129682997119,0.1020996294771511,0.09345409633594072,0.0893371757925072,0.07698641416220667,0.07369287772745986,0.06669411280362289,0.062165500205846026,0.0599011939069576,0.05784273363524084,0.04610951008645533,0.039316591189790036,0.03252367229312474,0.02470152326060107,0.018526142445450804,0.008027995059695347,0.005969534787978592,0.8777103566274372,0.03523189361304816,0.0,0.0,0.0,0.0,0.0,0.0,0.0,0.0,0.0,0.0,0.0,0.0,0.0,0.0,0.0,0.0,0.0,0.0,0.0,0.0,0.0,0.006175380815150269,0.0802799505969535,0.4137505146150667,2.254013997529848,8.182379580074105,12.097571016879376,5.27995059695348,1.1918484973240018,0.4940304652120215,4.3152,2.822454421244035,2.5,1.5,0.5793474230626622,4.345932094811019,2.849097845323015,4.282247765006385,2.794727576570919,0.9853462206920647,0.419,0.01584,0.0,0.0,0.0,0.0,0.0,0.0,0.0,0.0,0.0,0.0,0.006175380815150269,3.365582544256891,21.11980238781392,5.471387402223138,0.037052284890901614,0.0,0.0,0.0,0.0,0.0,0.0,0.0,0.0,0.0,0.0,0.0,0.0,0.0,0.0,0.0,nan,nan,4.314039015030381,2.822179826406249,nan,0.419,0.0791,0.0,0.0,0.0,0.0,0.0,0.0,0.0,0.0,0.0,0.0,0.0,0.0,0.0,0.0,0.0,0.0,0.0,0.0,0.0,0.0,0.0018834911486208315,0.0,0.0,1.0292301358583779e-05,0.000699876492383697,0.00392136681762042,0.006453272951832029,0.010817208727871551,0.020471387402223137,0.010683408810209963,0.014069575957184026,0.01432688349114862,0.03665088513791684,0.07212844792095513,0.03027995059695348,0.02815973651708522,0.029775627830382873,0.05741045697818032,0.05710168793742281,0.03371757925072046,0.022076986414162208,0.03107245780156443,0.04220872787155208,0.05472416632358996,0.020553725813091808,0.019102511321531495,0.04036640592836558,0.07014203375874846,0.042363112391930836,0.025751337999176616,0.07473240016467682,0.016817620419925895,0.021850555784273362,0.03314121037463977,0.0165603128859613,0.018145327295183204,0.0018526142445450802,0.00493001235076163,0.0011321531494442158,0.00048373816385343765,0.0004940304652120214,0.0005969534787978592,0.007420749279538905,4.1169205434335116e-05,0.0018011527377521613,0.0016570605187319885,0.0014203375874845615,0.0,0.0,0.0,0.0,0.0,0.0,0.0,0.0,0.0,0.0,0.0,0.0,0.0,0.0,0.0,0.0,0.0,0.0,0.0,0.0,0.0,0.0,0.0,0.0,0.0,0.0,0.0,0.0,0.0,0.0,0.0,0.0,0.0,0.0,nan,nan,4.314039015030381,2.822179826406249,nan,0.8776758937867298,0.03426931458536712,0.0,0.0,0.0,0.0,0.0,0.0,0.0,0.0,0.0,0.0,0.0,0.0,0.0,0.0,0.0,0.0,0.0,0.0,0.0,0.0,0.0,0.01242750621375311,0.07456503728251865,0.36039768019883894,2.162386081193041,8.164871582435794,12.340513670256838,5.331400165700084,1.0936205468102735,0.45981772990886505,0.877744396438185,0.0361574778077103,0.0,0.0,0.0,0.0,0.0,0.0,0.0,0.0,0.0,0.0,0.0,0.0,0.0,0.0,0.0,0.0,0.0,0.0,0.0,0.0,0.0,0.0,0.08592471358428808,0.4664484451718479,2.3445171849427173,8.199672667757776,11.857610474631754,5.229132569558103,1.2888707037643212,0.5278232405891982,0.4194,0.01585,0.0,0.0,0.0,0.0,0.0,0.0,0.0,0.0,0.0,0.0,0.0,3.21872410936205,20.990057995029005,5.741507870753937,0.04971002485501244,0.0,0.0,0.0,0.0,0.0,0.0,0.0,0.0,0.0,0.0,0.0,0.0,0.0,0.0,0.0,0.4187,0.01582,0.0,0.0,0.0,0.0,0.0,0.0,0.0,0.0,0.0,0.0,0.012274959083469724,3.5106382978723354,21.247954173486093,5.2045826513911635,0.02454991816693945,0.0,0.0,0.0,0.0,0.0,0.0,0.0,0.0,0.0,0.0,0.0,0.0,0.0,0.0,0.0
54000,4901,2460,0.5019383799224648,1154,1050,0.44970414201183434,1421,0.5798816568047337,0.45399999999999996,2.9672265464973373,3.037481149640312,6.566473988439307,1.9316134038178934,6649.800000000001,9.094947017729282e-13,6649.8,6649.8,6649.800000000001,9.094947017729282e-13,6649.800000000002,1.8189894035458565e-12,28.08671699653132,21.11036353396866,33.127587046505965,19.348200108232373,0.14201183431952663,0.09793919608243215,0.09283819628647215,0.08549275658028974,0.08243215670271373,0.07488267700469292,0.07080187716792491,0.0593756376249745,0.05651907773923689,0.05080595796776168,0.04835747806570088,0.03672719853091206,0.036115078555396855,0.02570903897163844,0.01999591920016323,0.01244643950214242,0.007549479698020812,0.8773549430542055,0.035510987441327725,0.0,0.0,0.0,0.0,0.0,0.0,0.0,0.0,0.0,0.0,0.0,0.0,0.0,0.0,0.0,0.0,0.0,0.0,0.0,0.0,0.0,0.006121199755152011,0.08569679657212816,0.3672719853091194,2.209753111609876,8.58804325647827,11.801673127933078,5.300958987961642,1.15690675372373,0.4835747806570089,4.342171717171717,2.7900597963991576,6.5,1.5,1.4969467868566444,4.3314814814814815,2.752439372006338,4.358941252420917,2.8273346030871647,1.006339579438775,0.4182,0.01567,0.0,0.0,0.0,0.0,0.0,0.0,0.0,0.0,0.0,0.0,0.018363599265456033,3.770659049173633,21.11201795551929,5.068353397265866,0.030605998775760056,0.0,0.0,0.0,0.0,0.0,0.0,0.0,0.0,0.0,0.0,0.0,0.0,0.0,0.0,0.0,nan,nan,4.343533123028391,2.7899601677912638,nan,0.4182,0.07837,0.0,0.0,0.0,0.0,0.0,0.0,0.0,0.0,0.0,0.0,0.0,0.0,0.0,0.0,0.0,0.0,0.0,0.0,0.0,0.0,0.0016629259334829626,0.0,0.0,0.0001326259946949602,0.0007549479698020813,0.003856355845745766,0.005968169761273209,0.011283411548663538,0.01846561926137523,0.010508059579677617,0.015537645378494185,0.0133034074678637,0.03727810650887574,0.0739542950418282,0.030412160783513567,0.027433176902672923,0.03057539277698429,0.058406447663742096,0.054947969802081206,0.03587023056519078,0.02578045296878188,0.03158539073658437,0.04241991430320343,0.054631707814731686,0.021332381146704753,0.018088145276474187,0.040093858396245664,0.07164864313405428,0.04105284635788615,0.02500510099979596,0.07146500714139971,0.016486431340542746,0.023270761069169556,0.03418690063252398,0.015711079371556826,0.016547643338094265,0.001856763925729443,0.004397061824117527,0.0008365639665374414,0.00010201999591920016,0.000673331973066721,0.00031626198734952053,0.007090389716384412,0.0,0.0019383799224648032,0.0014792899408284023,0.0016425219342991225,1.0201999591920016e-05,0.0,0.0,0.0,0.0,0.0,0.0,0.0,0.0,0.0,0.0,0.0,0.0,0.0,0.0,0.0,0.0,0.0,0.0,0.0,0.0,0.0,0.0,0.0,0.0,0.0,0.0,0.0,0.0,0.0,0.0,0.0,0.0,0.0,nan,nan,4.343533123028391,2.7899601677912638,nan,0.8775484761571496,0.03568070539473058,0.0,0.0,0.0,0.0,0.0,0.0,0.0,0.0,0.0,0.0,0.0,0.0,0.0,0.0,0.0,0.0,0.0,0.0,0.0,0.0,0.0,0.012195121951219514,0.07317073170731708,0.40243902439024265,2.2439024390243905,8.195121951219514,12.134146341463417,5.256097560975611,1.1463414634146343,0.5365853658536587,0.8771599035485755,0.03533805154615149,0.0,0.0,0.0,0.0,0.0,0.0,0.0,0.0,0.0,0.0,0.0,0.0,0.0,0.0,0.0,0.0,0.0,0.0,0.0,0.0,0.0,0.0,0.09832036050798855,0.33183121671446025,2.1753379762392466,8.984022941417454,11.466612044244165,5.3461696026218775,1.167554281032364,0.4301515772224499,0.4185,0.01562,0.0,0.0,0.0,0.0,0.0,0.0,0.0,0.0,0.0,0.0,0.0,3.829268292682922,20.975609756097565,5.146341463414636,0.04878048780487806,0.0,0.0,0.0,0.0,0.0,0.0,0.0,0.0,0.0,0.0,0.0,0.0,0.0,0.0,0.0,0.4182,0.01573,0.0,0.0,0.0,0.0,0.0,0.0,0.0,0.0,0.0,0.0,0.0368701351904957,3.711593609176562,21.249487914789025,4.989758295780419,0.012290045063498569,0.0,0.0,0.0,0.0,0.0,0.0,0.0,0.0,0.0,0.0,0.0,0.0,0.0,0.0,0.0
54100,4750,2404,0.5061052631578947,1112,985,0.4414736842105263,1337,0.5629473684210526,0.47,3.0191815856777495,3.0832535066262348,6.6850746268656716,1.9716463104561397,6649.800000000001,9.094947017729282e-13,6649.8,6649.8,6649.800000000001,9.094947017729282e-13,6649.800000000001,9.094947017729282e-13,27.786526315789473,21.042981266091953,32.875535399344926,19.282889037864116,0.14652631578947367,0.09810526315789474,0.09326315789473684,0.08989473684210526,0.076,0.076,0.06821052631578947,0.06084210526315789,0.05768421052631579,0.05136842105263158,0.04863157894736842,0.035789473684210524,0.03431578947368421,0.02926315789473684,0.015157894736842105,0.011578947368421053,0.007368421052631579,0.879410572415904,0.034770540363019735,0.0,0.0,0.0,0.0,0.0,0.0,0.0,0.0,0.0,0.0,0.0,0.0,0.0,0.0,0.0,0.0,0.0,0.0,0.0,0.0,0.0,0.012631578947368424,0.09473684210526319,0.36631578947368304,1.7684210526315793,7.7747368421052645,12.66947368421053,5.633684210526317,1.2063157894736845,0.4736842105263159,4.375369458128079,2.8527031923939754,4.4,3.4985711369071804,1.0056293627561361,4.294838709677419,2.8851408764930766,4.458666666666667,2.818798483199693,1.0381453107005159,0.4185,0.01561,0.0,0.0,0.0,0.0,0.0,0.0,0.0,0.0,0.0,0.0,0.006315789473684212,3.8084210526315734,21.063157894736847,5.096842105263159,0.02526315789473685,0.0,0.0,0.0,0.0,0.0,0.0,0.0,0.0,0.0,0.0,0.0,0.0,0.0,0.0,0.0,nan,nan,4.3754098360655735,2.853881781972936,nan,0.4185,0.0785,0.0,0.0,0.0,0.0,0.0,0.0,0.0,0.0,0.0,0.0,0.0,0.0,0.0,0.0,0.0,0.0,0.0,0.0,0.0,0.0,0.001736842105263158,0.0,1.0526315789473684e-05,0.00018947368421052632,0.0005578947368421053,0.004031578947368421,0.005147368421052631,0.012210526315789474,0.017821052631578946,0.010178947368421053,0.015284210526315789,0.015147368421052632,0.03711578947368421,0.07312631578947368,0.031147368421052632,0.030726315789473685,0.027842105263157894,0.05742105263157895,0.05125263157894737,0.03858947368421053,0.02516842105263158,0.03108421052631579,0.04191578947368421,0.054357894736842105,0.02265263157894737,0.018410526315789474,0.03883157894736842,0.0728,0.04135789473684211,0.024115789473684212,0.0716842105263158,0.018757894736842105,0.02328421052631579,0.032842105263157895,0.015557894736842106,0.017421052631578948,0.002031578947368421,0.0048842105263157895,0.0005157894736842106,0.0002,0.0004210526315789474,0.0003578947368421053,0.006231578947368421,0.0,0.002136842105263158,0.001768421052631579,0.0016736842105263157,0.0,0.0,0.0,0.0,0.0,0.0,0.0,0.0,0.0,0.0,0.0,0.0,0.0,0.0,0.0,0.0,0.0,0.0,0.0,0.0,0.0,0.0,0.0,0.0,0.0,0.0,0.0,0.0,0.0,0.0,0.0,0.0,0.0,0.0,nan,nan,4.3754098360655735,2.853881781972936,nan,0.8794930927864525,0.034501580351686996,0.0,0.0,0.0,0.0,0.0,0.0,0.0,0.0,0.0,0.0,0.0,0.0,0.0,0.0,0.0,0.0,0.0,0.0,0.0,0.0,0.0,0.024958402662229623,0.07487520798668887,0.3369384359400988,1.7595673876871885,7.799500831946757,12.866056572379371,5.503327787021632,1.1356073211314477,0.49916805324459246,0.879326011899792,0.035043806908798346,0.0,0.0,0.0,0.0,0.0,0.0,0.0,0.0,0.0,0.0,0.0,0.0,0.0,0.0,0.0,0.0,0.0,0.0,0.0,0.0,0.0,0.0,0.11508951406649619,0.3964194373401522,1.7774936061381077,7.749360613810743,12.468030690537088,5.767263427109976,1.2787723785166243,0.4475703324808185,0.4182,0.0157,0.0,0.0,0.0,0.0,0.0,0.0,0.0,0.0,0.0,0.0,0.0,3.9184692179700447,21.064891846921803,4.991680532445924,0.024958402662229623,0.0,0.0,0.0,0.0,0.0,0.0,0.0,0.0,0.0,0.0,0.0,0.0,0.0,0.0,0.0,0.4187,0.015526,0.0,0.0,0.0,0.0,0.0,0.0,0.0,0.0,0.0,0.0,0.012787723785166244,3.695652173913038,21.061381074168803,5.204603580562661,0.025575447570332487,0.0,0.0,0.0,0.0,0.0,0.0,0.0,0.0,0.0,0.0,0.0,0.0,0.0,0.0,0.0
54200,4913,2497,0.5082434357826175,1164,1023,0.44514553226134745,1376,0.5601465499694688,0.46199999999999997,2.857615894039735,3.0390000770576906,6.500777604976672,2.1436548241199658,6649.800000000001,9.094947017729282e-13,6649.8,6649.8,6649.800000000002,1.8189894035458565e-12,6649.800000000002,1.8189894035458565e-12,27.75310400977,20.956418751898326,32.84947548182483,19.209100459587507,0.14349684510482394,0.10217789537960513,0.09607164665174028,0.08670873193568085,0.07490331772847547,0.07592102584978629,0.06676165275798901,0.06350498676979442,0.06208019539995929,0.04986769794422959,0.04152249134948097,0.03907999185833503,0.033787909627518826,0.028088744148178302,0.019947079177691836,0.008548748219010787,0.007531040097699979,0.8790284231556862,0.03463675995935292,0.0,0.0,0.0,0.0,0.0,0.0,0.0,0.0,0.0,0.0,0.0,0.0,0.0,0.0,0.0,0.0,0.0,0.0,0.0,0.0,0.0,0.00610624872786485,0.06716873600651334,0.36637492367188973,1.9601058416446167,8.023610828414412,12.34072867901486,5.391817626704663,1.4166497048646451,0.4274374109505395,4.290682833439694,2.826406384441492,2.0,0.0,0.46612627351825686,4.282776349614396,2.8147128148687144,4.2970234325522485,2.8375586481659734,1.0033265997976137,0.4182,0.01582,0.0,0.0,0.0,0.0,0.0,0.0,0.0,0.0,0.0,0.0,0.0122124974557297,3.6210054956238498,21.18868308569103,5.117036433950744,0.06106248727864849,0.0,0.0,0.0,0.0,0.0,0.0,0.0,0.0,0.0,0.0,0.0,0.0,0.0,0.0,0.0,nan,nan,4.289952153110048,2.8262515959898327,nan,0.4182,0.0789,0.0,0.0,0.0,0.0,0.0,0.0,0.0,0.0,0.0,0.0,0.0,0.0,0.0,0.0,0.0,0.0,0.0,0.0,0.0,0.0,0.0015978017504579686,0.0,9.159373091797273e-05,0.00011194789334418888,0.0007836352534093223,0.0051597801750457965,0.0050681864441278245,0.013158966008548748,0.01764705882352941,0.009403623040911866,0.0161204966415632,0.01495013230205577,0.037665377569713006,0.07158558925300224,0.031996743334011805,0.031956035009159375,0.02799715041726033,0.05450844697740688,0.05205577040504783,0.038876450234072865,0.024638713616934663,0.03228170160797883,0.040881335233055156,0.05751068593527376,0.024160390799918583,0.01743334011805414,0.03667820069204152,0.06752493384897211,0.03989415835538367,0.02311215143496845,0.07415021371870548,0.021972318339100346,0.02288825564828007,0.03286179523712599,0.014980663545695095,0.01701607978831671,0.0020150620801954,0.0057195196417667415,0.00033584368003256666,0.00018318746183594546,0.0005292082230816202,0.00044779157337675554,0.005902707103602686,0.0,0.0024628536535721557,0.002157541217178913,0.001526562181966212,0.0,0.0,0.0,0.0,0.0,0.0,0.0,0.0,0.0,0.0,0.0,0.0,0.0,0.0,0.0,0.0,0.0,0.0,0.0,0.0,0.0,0.0,0.0,0.0,0.0,0.0,0.0,0.0,0.0,0.0,0.0,0.0,0.0,0.0,nan,nan,4.289952153110048,2.8262515959898327,nan,0.8794594474635126,0.034806281776021665,0.0,0.0,0.0,0.0,0.0,0.0,0.0,0.0,0.0,0.0,0.0,0.0,0.0,0.0,0.0,0.0,0.0,0.0,0.0,0.0,0.0,0.0,0.0720865038045655,0.384461353624348,1.8982779335202247,7.917501001201443,12.386864237084504,5.4185022026431735,1.4897877452943535,0.43251902282739296,0.8785829481156852,0.03445501260718187,0.0,0.0,0.0,0.0,0.0,0.0,0.0,0.0,0.0,0.0,0.0,0.0,0.0,0.0,0.0,0.0,0.0,0.0,0.0,0.0,0.0,0.01241721854304636,0.0620860927152318,0.34768211920529696,2.0240066225165565,8.133278145695366,12.293046357615896,5.364238410596028,1.341059602649007,0.42218543046357626,0.4185,0.01593,0.0,0.0,0.0,0.0,0.0,0.0,0.0,0.0,0.0,0.0,0.0,3.6523828594313126,21.013215859030844,5.2503003604325205,0.08410092110532641,0.0,0.0,0.0,0.0,0.0,0.0,0.0,0.0,0.0,0.0,0.0,0.0,0.0,0.0,0.0,0.4182,0.0157,0.0,0.0,0.0,0.0,0.0,0.0,0.0,0.0,0.0,0.0,0.02483443708609272,3.588576158940392,21.37003311258279,4.97930463576159,0.037251655629139076,0.0,0.0,0.0,0.0,0.0,0.0,0.0,0.0,0.0,0.0,0.0,0.0,0.0,0.0,0.0
54300,5046,2545,0.5043598890210067,1169,1085,0.4466904478795085,1461,0.5790725326991677,0.47,2.956017592962815,3.0588759512697243,6.596726190476191,2.070093452291181,6649.800000000002,1.8189894035458565e-12,6649.8,6649.8,6649.800000000001,9.094947017729282e-13,6649.800000000002,1.8189894035458565e-12,27.577090764962346,20.800352864531575,32.53158268275373,19.095767597188196,0.1426872770511296,0.10166468489892984,0.09254855330955213,0.09195402298850575,0.08422512881490289,0.06579468886246533,0.07035275465715418,0.06777645659928656,0.05747126436781609,0.04894966309948474,0.04221165279429251,0.04221165279429251,0.03289734443123266,0.02397938961553706,0.0186286167261197,0.01070154577883472,0.005945303210463734,0.8784581732523143,0.03428080016194149,0.0,0.0,0.0,0.0,0.0,0.0,0.0,0.0,0.0,0.0,0.0,0.0,0.0,0.0,0.0,0.0,0.0,0.0,0.0,0.0,0.0,0.02378121284185494,0.09512485136741976,0.4280618311533875,1.9203329369797864,7.865636147443521,12.44946492271106,5.790725326991678,1.165279429250892,0.26159334126040434,4.383400433570765,2.873795828892984,2.8333333333333335,1.5723301886761005,0.6463779379209647,4.4,2.910845548436671,4.361349693251534,2.8345117875982893,0.9912158393753486,0.4182,0.01599,0.0,0.0,0.0,0.0,0.0,0.0,0.0,0.0,0.0,0.0,0.01189060642092747,4.0071343638525505,20.760998810939363,5.196195005945305,0.02378121284185494,0.0,0.0,0.0,0.0,0.0,0.0,0.0,0.0,0.0,0.0,0.0,0.0,0.0,0.0,0.0,nan,nan,4.380525502318393,2.872702259369732,nan,0.4182,0.0791,0.0,0.0,0.0,0.0,0.0,0.0,0.0,0.0,0.0,0.0,0.0,0.0,0.0,0.0,0.0,0.0,0.0,9.908838684106222e-06,0.0,0.0,0.0018331351565596512,0.0,3.963535473642489e-05,4.9544193420531116e-05,0.0007728894173602853,0.004587792310741181,0.00498414585810543,0.01316884661117717,0.01920332936979786,0.009720570749108204,0.01539833531510107,0.014516448672215616,0.039764169639318274,0.07100673801030519,0.03358105430043599,0.031549742370194214,0.025723345223939754,0.0528636543797067,0.051734046769718586,0.03704914783987317,0.02565398335315101,0.033749504558065795,0.04259809750297265,0.05881886642885454,0.02471264367816092,0.01801426872770511,0.03676179151803409,0.066230677764566,0.0393281807372176,0.023404676971858898,0.07004558065794689,0.023097502972651604,0.023701942132382085,0.0327982560443916,0.014833531510107016,0.017667459373761397,0.0018826793499801824,0.005400317082837891,0.0003071739992072929,0.00011890606420927467,0.0007035275465715418,0.0005251684502576298,0.005281411018628617,0.0,0.0028636543797066986,0.0023384859294490684,0.0016052318668252081,0.0,0.0,0.0,0.0,0.0,0.0,0.0,0.0,0.0,0.0,0.0,0.0,0.0,0.0,0.0,0.0,0.0,0.0,0.0,0.0,0.0,0.0,0.0,0.0,0.0,0.0,0.0,0.0,0.0,0.0,0.0,0.0,0.0,0.0,nan,nan,4.380525502318393,2.872702259369732,nan,0.8794982117613547,0.03421875798917557,0.0,0.0,0.0,0.0,0.0,0.0,0.0,0.0,0.0,0.0,0.0,0.0,0.0,0.0,0.0,0.0,0.0,0.0,0.0,0.0,0.0,0.03536345776031435,0.10609037328094305,0.3654223968565804,1.7681728880157175,7.732809430255404,12.365422396856584,6.271119842829078,1.025540275049116,0.33005893909626727,0.8773998373844585,0.03431147190009284,0.0,0.0,0.0,0.0,0.0,0.0,0.0,0.0,0.0,0.0,0.0,0.0,0.0,0.0,0.0,0.0,0.0,0.0,0.0,0.0,0.0,0.01199520191923231,0.08396641343462617,0.491803278688523,2.0751699320271895,8.000799680127951,12.534986005597764,5.301879248300681,1.307477009196322,0.19192323070771697,0.418,0.01588,0.0,0.0,0.0,0.0,0.0,0.0,0.0,0.0,0.0,0.0,0.011787819253438117,3.937131630648324,20.80550098231828,5.233791748526524,0.011787819253438117,0.0,0.0,0.0,0.0,0.0,0.0,0.0,0.0,0.0,0.0,0.0,0.0,0.0,0.0,0.0,0.4182,0.0161,0.0,0.0,0.0,0.0,0.0,0.0,0.0,0.0,0.0,0.0,0.01199520191923231,4.078368652538979,20.7157137145142,5.157936825269894,0.03598560575769693,0.0,0.0,0.0,0.0,0.0,0.0,0.0,0.0,0.0,0.0,0.0,0.0,0.0,0.0,0.0
54400,4473,2252,0.503465235859602,1044,920,0.43907891795215737,1291,0.577241225128549,0.45799999999999996,2.9108509680324177,2.957476540628901,6.207207207207207,2.082172795821655,6649.800000000001,9.094947017729282e-13,6649.8,6649.8,6649.800000000001,9.094947017729282e-13,6649.800000000001,9.094947017729282e-13,28.577464788732396,21.294079666682954,33.59218916046759,19.48378034918674,0.13972725240330874,0.09367315001117818,0.08629555108428348,0.08607198748043818,0.08987256874580818,0.07757657053431702,0.06841046277665996,0.057232282584395264,0.055667337357478204,0.0482897384305835,0.0482897384305835,0.04225352112676056,0.03688799463447351,0.02749832327297116,0.02079141515761234,0.01296668902302705,0.008495416946121171,0.8775669678249483,0.03512423718220128,0.0,0.0,0.0,0.0,0.0,0.0,0.0,0.0,0.0,0.0,0.0,0.0,0.0,0.0,0.0,0.0,0.0,0.0,0.0,0.0,0.03353454057679411,0.05365526492287057,0.07377598926894703,0.4426559356136807,1.9315895372233405,7.813547954393027,12.850435949027501,5.352112676056339,1.1133467471495642,0.33534540576794103,4.1013306038894575,2.7361452618808224,5.333333333333333,2.7182510717166815,1.3003909824473836,4.212040133779264,2.7267758507430164,3.9972375690607733,2.743650247091923,0.9490027260196691,0.417,0.0161,0.0,0.0,0.0,0.0,0.0,0.0,0.0,0.0,0.0,0.0,0.03353454057679411,4.379610999329302,20.824949698189137,4.728370221327968,0.03353454057679411,0.0,0.0,0.0,0.0,0.0,0.0,0.0,0.0,0.0,0.0,0.0,0.0,0.0,0.0,0.0,nan,nan,4.106354060482501,2.7371986778073567,nan,0.417,0.07904,0.0,0.0,0.0,0.0,0.0,0.0,0.0,0.0,0.0,0.0,0.0,0.0,0.0,0.0,0.0,0.0,0.0,0.0,5.58909009613235e-05,0.0,0.0018779342723004694,3.35345405767941e-05,0.0,0.00012295998211491168,0.0006036217303822937,0.004650122959982115,0.004080035770176615,0.014922870556673374,0.02062374245472837,0.010116253073999553,0.014531634249944109,0.015515314106863402,0.040386765034652355,0.07266934942991281,0.032338475296221775,0.030974737312765482,0.024670243684328193,0.051844399731723674,0.053286384976525825,0.03902302705119606,0.026838810641627544,0.03180192264699307,0.043494299128101946,0.062184216409568525,0.02465906550413593,0.01746031746031746,0.03440643863179074,0.06304493628437291,0.03945897607869439,0.022043371339145988,0.06959534987704002,0.023910127431254192,0.02492734182875028,0.03325508607198748,0.014531634249944109,0.01615247037782249,0.001531410686340264,0.005231388329979879,0.0004247708473060586,1.11781801922647e-05,0.0006036217303822937,0.0001341381623071764,0.005510842834786497,1.11781801922647e-05,0.00278336686787391,0.002224457858260675,0.0014419852448021462,0.0,0.0,0.0,0.0,0.0,0.0,0.0,0.0,0.0,0.0,0.0,0.0,0.0,0.0,0.0,0.0,0.0,0.0,0.0,0.0,0.0,0.0,0.0,0.0,0.0,0.0,0.0,0.0,0.0,0.0,0.0,0.0,0.0,0.0,nan,nan,4.106354060482501,2.7371986778073567,nan,0.8772568524836647,0.03565625932978885,0.0,0.0,0.0,0.0,0.0,0.0,0.0,0.0,0.0,0.0,0.0,0.0,0.0,0.0,0.0,0.0,0.0,0.0,0.0,0.0,0.039964476021314393,0.07992895204262879,0.053285968028419194,0.4795737122557711,2.0248667850799293,7.6198934280639445,12.96181172291297,5.248667850799291,1.1589698046181174,0.33303730017761995,0.877881411655912,0.0345735918840568,0.0,0.0,0.0,0.0,0.0,0.0,0.0,0.0,0.0,0.0,0.0,0.0,0.0,0.0,0.0,0.0,0.0,0.0,0.0,0.0,0.027014858171994602,0.027014858171994602,0.09455200360198111,0.4052228725799177,1.837010355695633,8.009905447996399,12.737505628095455,5.457001350742909,1.0670868977937868,0.3376857271499325,0.417,0.01608,0.0,0.0,0.0,0.0,0.0,0.0,0.0,0.0,0.0,0.0,0.026642984014209597,4.4626998223801,20.954706927175845,4.5293072824156315,0.026642984014209597,0.0,0.0,0.0,0.0,0.0,0.0,0.0,0.0,0.0,0.0,0.0,0.0,0.0,0.0,0.0,0.4172,0.01611,0.0,0.0,0.0,0.0,0.0,0.0,0.0,0.0,0.0,0.0,0.0405222872579919,4.2953624493471345,20.693381359747864,4.930211616389014,0.0405222872579919,0.0,0.0,0.0,0.0,0.0,0.0,0.0,0.0,0.0,0.0,0.0,0.0,0.0,0.0,0.0
54500,4462,2262,0.5069475571492604,1035,913,0.4365755266696549,1272,0.5701479157328552,0.474,3.0327272727272727,3.1528950359055745,6.7052117263843645,2.189567849050445,6649.800000000001,9.094947017729282e-13,6649.8,6649.8,6649.800000000001,9.094947017729282e-13,6649.800000000001,9.094947017729282e-13,27.939713133124158,20.97609567122607,32.975381321915975,19.201477670659937,0.14208874943971314,0.09480053787539221,0.10062752129090094,0.08449125952487674,0.08000896458987002,0.07575078440161363,0.06835499775885254,0.059390407888839085,0.05580457194083371,0.05244285073957866,0.047512326311071267,0.04616763783056925,0.03384132675930076,0.02218735992828328,0.017929179740026894,0.010757507844016136,0.007844016136261766,0.8773168163254677,0.03483826314373807,0.0,0.0,0.0,0.0,0.0,0.0,0.0,0.0,0.0,0.0,0.0,0.0,0.0,0.0,0.0,0.0,0.0,0.0,0.0,0.0,0.0,0.013446884805020173,0.09412819363514122,0.45047064096817435,1.9834155087404755,8.59255939040789,11.987897803675486,5.2308381891528475,1.3446884805020172,0.3025549081129539,4.498947368421053,2.911591886411863,3.0,2.0816659994661326,0.6668226485727655,4.545968882602546,2.9366859698637597,4.446601941747573,2.8845550198655356,0.9781417463645096,0.4167,0.01595,0.0,0.0,0.0,0.0,0.0,0.0,0.0,0.0,0.0,0.0,0.013446884805020173,4.531600179291791,20.91662931420888,4.511429852084268,0.026893769610040346,0.0,0.0,0.0,0.0,0.0,0.0,0.0,0.0,0.0,0.0,0.0,0.0,0.0,0.0,0.0,nan,nan,4.495798319327731,2.91090564972859,nan,0.4167,0.079,0.0,0.0,0.0,0.0,0.0,0.0,0.0,0.0,0.0,0.0,0.0,0.0,0.0,0.0,0.0,0.0,0.0,0.0,4.482294935006723e-05,0.0,0.0016136261766024204,0.0,1.1205737337516808e-05,0.00036978933213805467,0.0006947557149260421,0.005614074406095921,0.003451367099955177,0.014545047064096818,0.02008068130883012,0.00997310623038996,0.014545047064096818,0.016057821604661588,0.040497534737785744,0.07254594352308381,0.03445764231286419,0.03212684894666069,0.024282832810398926,0.048027790228597045,0.052868668758404305,0.03976916181084715,0.02878753922008068,0.03127521290900941,0.04523756163155536,0.06212460779919319,0.023722545943523084,0.01818691169878978,0.03458090542357687,0.06309950694755714,0.03983639623487226,0.021783953384132675,0.06906095921111609,0.023476019722097716,0.02541461228148812,0.030468399820708203,0.014276109367996415,0.016315553563424474,0.0017929179740026895,0.006174361272971761,0.0003922008068130883,0.0001232631107126849,0.00036978933213805467,2.2411474675033616e-05,0.005333930972658001,0.0,0.002510085163603765,0.0025324966382787987,0.001523980277902286,0.0,0.0,0.0,0.0,0.0,0.0,0.0,0.0,0.0,0.0,0.0,0.0,0.0,0.0,0.0,0.0,0.0,0.0,0.0,0.0,0.0,0.0,0.0,0.0,0.0,0.0,0.0,0.0,0.0,0.0,0.0,0.0,0.0,0.0,nan,nan,4.495798319327731,2.91090564972859,nan,0.877045680156964,0.03454438765651328,0.0,0.0,0.0,0.0,0.0,0.0,0.0,0.0,0.0,0.0,0.0,0.0,0.0,0.0,0.0,0.0,0.0,0.0,0.0,0.0,0.0,0.0,0.11936339522546421,0.5039787798408472,1.9761273209549075,8.527851458885943,12.161803713527854,5.238726790450929,1.114058355437666,0.35809018567639267,0.8775955936041745,0.03513567644350754,0.0,0.0,0.0,0.0,0.0,0.0,0.0,0.0,0.0,0.0,0.0,0.0,0.0,0.0,0.0,0.0,0.0,0.0,0.0,0.0,0.0,0.02727272727272728,0.06818181818181819,0.3954545454545442,1.9909090909090914,8.65909090909091,11.809090909090912,5.2227272727272736,1.5818181818181822,0.2454545454545455,0.417,0.01587,0.0,0.0,0.0,0.0,0.0,0.0,0.0,0.0,0.0,0.0,0.013262599469496024,4.350132625994688,21.087533156498676,4.522546419098144,0.026525198938992047,0.0,0.0,0.0,0.0,0.0,0.0,0.0,0.0,0.0,0.0,0.0,0.0,0.0,0.0,0.0,0.4165,0.016,0.0,0.0,0.0,0.0,0.0,0.0,0.0,0.0,0.0,0.0,0.01363636363636364,4.718181818181812,20.740909090909096,4.500000000000001,0.02727272727272728,0.0,0.0,0.0,0.0,0.0,0.0,0.0,0.0,0.0,0.0,0.0,0.0,0.0,0.0,0.0
54600,4551,2314,0.5084596791913865,1129,942,0.45506482091847944,1301,0.5717424741814986,0.47,2.9485918641037103,3.0730262637487704,6.552166934189406,2.1567969290129634,6649.800000000001,9.094947017729282e-13,6649.8,6649.8,6649.800000000001,9.094947017729282e-13,6649.800000000001,9.094947017729282e-13,28.06833662931224,20.84837513136619,33.03976975405547,19.04393248434209,0.14040870138431114,0.09206767743353109,0.0951439244122171,0.08965062623599208,0.08261920457042408,0.07514831905075807,0.06723796967699407,0.06064601186552406,0.05998681608437706,0.04921995165897605,0.053175126345858054,0.041968798066359045,0.03317952098439903,0.01933640958031202,0.022192924631949024,0.013183915622940013,0.004834102395078005,0.8767788089833085,0.036444626218590404,0.0,0.0,0.0,0.0,0.0,0.0,0.0,0.0,0.0,0.0,0.0,0.0,0.0,0.0,0.0,0.0,0.0,0.0,0.0,0.0,0.0,0.013183915622940016,0.11865524060646014,0.5075807514831889,2.346736980883323,8.47066578773896,11.786420566908374,4.772577455504286,1.5293342122610418,0.45484508899143056,4.250421300977418,2.8692985097011836,4.0,0.0,0.9410831813496154,4.233625928426739,2.885054906844231,4.269179004037685,2.8521589185903187,1.0083977838883271,0.4158,0.01602,0.0,0.0,0.0,0.0,0.0,0.0,0.0,0.0,0.0,0.0,0.006591957811470008,5.056031641397488,20.731707317073173,4.179301252471985,0.026367831245880033,0.0,0.0,0.0,0.0,0.0,0.0,0.0,0.0,0.0,0.0,0.0,0.0,0.0,0.0,0.0,nan,nan,4.25033692722372,2.8688187778736713,nan,0.4158,0.079,0.0,0.0,0.0,0.0,0.0,0.0,0.0,0.0,0.0,0.0,0.0,0.0,0.0,0.0,0.0,0.0,0.0,0.0,0.0,0.0,0.0015491100856954516,5.493298176225006e-05,0.0,0.0004284772577455504,0.0007580751483190507,0.0058778290485607555,0.003702482970775654,0.015447154471544716,0.01949022192924632,0.00960228521204131,0.014458360799824214,0.017095143924412217,0.03921116238189409,0.07763128982641178,0.037024829707756536,0.03205888815644913,0.024620962425840474,0.045836079982421445,0.053900241705119756,0.04077125906394199,0.02865304328718963,0.03057569764886838,0.04349593495934959,0.06163480553724456,0.02035816304108987,0.01866622720281257,0.03367391782025928,0.06276642496154691,0.03954076027246759,0.023203691496374423,0.06655680070314217,0.024500109865963526,0.026554603383871677,0.03190507580751483,0.013370687760931664,0.016271149197978466,0.0019226543616787518,0.0048121292023731044,0.0005163700285651505,0.00018677213799165018,0.0003955174686882004,2.1973192704900022e-05,0.0048560755877829044,0.0,0.0022632388486047024,0.0023950780048341024,0.0013843111404087014,0.0,0.0,0.0,0.0,0.0,0.0,0.0,0.0,0.0,0.0,0.0,0.0,0.0,0.0,0.0,0.0,0.0,0.0,0.0,0.0,0.0,0.0,0.0,0.0,0.0,0.0,0.0,0.0,0.0,0.0,0.0,0.0,0.0,0.0,nan,nan,4.25033692722372,2.8688187778736713,nan,0.8775906035018153,0.03613483524236525,0.0,0.0,0.0,0.0,0.0,0.0,0.0,0.0,0.0,0.0,0.0,0.0,0.0,0.0,0.0,0.0,0.0,0.0,0.0,0.0,0.0,0.0,0.1426101987899741,0.3889369057908372,2.216940363007779,8.569576490924806,11.681071737251516,4.939498703543648,1.6335350043215215,0.4278305963699223,0.8759390716047547,0.03674346648429211,0.0,0.0,0.0,0.0,0.0,0.0,0.0,0.0,0.0,0.0,0.0,0.0,0.0,0.0,0.0,0.0,0.0,0.0,0.0,0.0,0.0,0.026821636119803316,0.0938757264193116,0.6303084488153758,2.4810013410818064,8.368350469378633,11.89539561913277,4.599910594546268,1.4215467143495757,0.48278945015645963,0.4155,0.016,0.0,0.0,0.0,0.0,0.0,0.0,0.0,0.0,0.0,0.0,0.012964563526361283,5.289541918755394,20.63958513396716,4.031979256698358,0.025929127052722566,0.0,0.0,0.0,0.0,0.0,0.0,0.0,0.0,0.0,0.0,0.0,0.0,0.0,0.0,0.0,0.416,0.016,0.0,0.0,0.0,0.0,0.0,0.0,0.0,0.0,0.0,0.0,0.0,4.814483683504687,20.82700044702727,4.331694233348235,0.026821636119803316,0.0,0.0,0.0,0.0,0.0,0.0,0.0,0.0,0.0,0.0,0.0,0.0,0.0,0.0,0.0
54700,4660,2385,0.5118025751072961,1126,977,0.45128755364806866,1333,0.5721030042918455,0.44999999999999996,2.9657142857142857,3.0316517613149156,6.570987654320987,1.9746599050439861,6649.800000000002,1.8189894035458565e-12,6649.8,6649.8,6649.800000000002,1.8189894035458565e-12,6649.800000000002,1.8189894035458565e-12,28.084763948497855,20.857669713764423,32.980886850152906,19.085792454791083,0.1386266094420601,0.09291845493562231,0.09592274678111588,0.08884120171673819,0.08390557939914163,0.07768240343347639,0.0611587982832618,0.06738197424892704,0.05536480686695279,0.05515021459227468,0.045493562231759654,0.04248927038626609,0.032832618025751076,0.025321888412017168,0.021244635193133046,0.009227467811158798,0.006437768240343348,0.8743167497313585,0.036328889959725164,0.0,0.0,0.0,0.0,0.0,0.0,0.0,0.0,0.0,0.0,0.0,0.0,0.0,0.0,0.0,0.0,0.0,0.0,0.0,0.0,0.0,0.051502145922746795,0.21244635193133052,0.5278969957081528,2.420600858369099,8.839055793991418,11.678111587982835,4.8605150214592285,1.068669527896996,0.34120171673819755,4.21868787276342,2.8375304743447316,4.153846153846154,2.3153718374296015,0.9846298847241355,4.2176470588235295,2.840017896635566,4.219187208527648,2.8308860206341264,1.0003651679912136,0.4148,0.01593,0.0,0.0,0.0,0.0,0.0,0.0,0.0,0.0,0.0,0.0,0.019313304721030045,5.246781115879821,21.1030042918455,3.598712446351932,0.03218884120171674,0.0,0.0,0.0,0.0,0.0,0.0,0.0,0.0,0.0,0.0,0.0,0.0,0.0,0.0,0.0,nan,nan,4.218409765753877,2.8354994250512253,nan,0.4148,0.0794,0.0,0.0,0.0,0.0,0.0,0.0,0.0,0.0,0.0,0.0,0.0,0.0,0.0,0.0,0.0,0.0,0.0,0.0,0.0,2.145922746781116e-05,0.002145922746781116,5.3648068669527894e-05,0.0,0.00018240343347639484,0.00046137339055793994,0.0055472103004291845,0.003959227467811159,0.01677038626609442,0.01982832618025751,0.01072961373390558,0.015021459227467811,0.018583690987124462,0.03910944206008584,0.07802575107296138,0.038133047210300426,0.03173819742489271,0.02390557939914163,0.04770386266094421,0.0542274678111588,0.03927038626609442,0.02851931330472103,0.029474248927038628,0.04347639484978541,0.060128755364806864,0.01793991416309013,0.019281115879828326,0.03244635193133047,0.06156652360515021,0.041105150214592275,0.023004291845493564,0.06697424892703863,0.026802575107296136,0.02677038626609442,0.03046137339055794,0.012199570815450644,0.015793991416309012,0.0014592274678111587,0.005311158798283261,0.00048283261802575106,0.00028969957081545066,0.0002682403433476395,0.0,0.004184549356223176,2.145922746781116e-05,0.002478540772532189,0.0025107296137339054,0.0016309012875536481,0.0,0.0,0.0,0.0,0.0,0.0,0.0,0.0,0.0,0.0,0.0,0.0,0.0,0.0,0.0,0.0,0.0,0.0,0.0,0.0,0.0,0.0,0.0,0.0,0.0,0.0,0.0,0.0,0.0,0.0,0.0,0.0,0.0,0.0,nan,nan,4.218409765753877,2.8354994250512253,nan,0.8747294828826776,0.03681663964821902,0.0,0.0,0.0,0.0,0.0,0.0,0.0,0.0,0.0,0.0,0.0,0.0,0.0,0.0,0.0,0.0,0.0,0.0,0.0,0.0,0.0,0.0628930817610063,0.289308176100629,0.5157232704402499,2.1886792452830193,8.830188679245284,11.647798742138368,5.119496855345913,0.9056603773584908,0.4402515723270441,0.8738840602518438,0.03580531668963736,0.0,0.0,0.0,0.0,0.0,0.0,0.0,0.0,0.0,0.0,0.0,0.0,0.0,0.0,0.0,0.0,0.0,0.0,0.0,0.0,0.0,0.039560439560439566,0.1318681318681319,0.540659340659339,2.663736263736264,8.84835164835165,11.709890109890113,4.58901098901099,1.2395604395604398,0.2373626373626374,0.415,0.01607,0.0,0.0,0.0,0.0,0.0,0.0,0.0,0.0,0.0,0.0,0.02515723270440252,5.245283018867917,20.905660377358497,3.798742138364781,0.02515723270440252,0.0,0.0,0.0,0.0,0.0,0.0,0.0,0.0,0.0,0.0,0.0,0.0,0.0,0.0,0.0,0.4148,0.0158,0.0,0.0,0.0,0.0,0.0,0.0,0.0,0.0,0.0,0.0,0.01318681318681319,5.248351648351641,21.309890109890112,3.38901098901099,0.039560439560439566,0.0,0.0,0.0,0.0,0.0,0.0,0.0,0.0,0.0,0.0,0.0,0.0,0.0,0.0,0.0
54800,4550,2349,0.5162637362637362,1089,937,0.4452747252747253,1271,0.5586813186813187,0.474,3.035438437074057,3.137847388640371,6.827181208053691,2.032949911582321,6649.800000000002,1.8189894035458565e-12,6649.8,6649.8,6649.800000000001,9.094947017729282e-13,6649.8,0.0,27.35076923076923,20.854167487724993,32.41602952807804,19.15388929675586,0.14747252747252748,0.10505494505494506,0.09274725274725275,0.08483516483516483,0.08197802197802198,0.07098901098901099,0.07516483516483516,0.06241758241758242,0.054725274725274727,0.053626373626373625,0.043736263736263735,0.03406593406593406,0.033846153846153845,0.021538461538461538,0.01956043956043956,0.01054945054945055,0.007692307692307693,0.8747845790281401,0.03528650397293135,0.0,0.0,0.0,0.0,0.0,0.0,0.0,0.0,0.0,0.0,0.0,0.0,0.0,0.0,0.0,0.0,0.0,0.0,0.0,0.0,0.0,0.06593406593406595,0.08571428571428574,0.5340659340659324,2.518681318681319,8.373626373626376,12.270329670329673,4.767032967032968,1.0615384615384618,0.32307692307692315,4.406566538595879,2.8198163938386784,4.375,2.4462982238476156,0.9928364774889029,4.448993754337266,2.7941771814622696,4.363636363636363,2.8428426986077397,0.9808142255498361,0.4158,0.016,0.0,0.0,0.0,0.0,0.0,0.0,0.0,0.0,0.0,0.0,0.02637362637362638,4.885714285714278,20.83516483516484,4.246153846153847,0.006593406593406595,0.0,0.0,0.0,0.0,0.0,0.0,0.0,0.0,0.0,0.0,0.0,0.0,0.0,0.0,0.0,nan,nan,4.406478578892372,2.81884484780783,nan,0.4158,0.0793,0.0,0.0,0.0,0.0,0.0,0.0,0.0,0.0,0.0,0.0,0.0,0.0,0.0,0.0,0.0,0.0,0.0,0.0,0.0,8.791208791208791e-05,0.0016703296703296704,7.692307692307693e-05,0.0,9.89010989010989e-05,0.00025274725274725276,0.004901098901098901,0.004021978021978022,0.014835164835164835,0.019967032967032967,0.010175824175824176,0.016593406593406593,0.01767032967032967,0.0395054945054945,0.07797802197802198,0.035593406593406596,0.031153846153846153,0.02542857142857143,0.04932967032967033,0.05364835164835165,0.04062637362637363,0.026450549450549452,0.03041758241758242,0.042351648351648355,0.06026373626373626,0.0169010989010989,0.01965934065934066,0.032197802197802196,0.06150549450549451,0.04115384615384615,0.02331868131868132,0.06849450549450549,0.027604395604395603,0.027274725274725273,0.0323956043956044,0.01134065934065934,0.01567032967032967,0.0017032967032967034,0.005296703296703296,0.00046153846153846153,0.00025274725274725276,0.0005054945054945055,0.0,0.0037582417582417583,0.00015384615384615385,0.0026153846153846153,0.0027582417582417583,0.0018791208791208791,0.0,0.0,0.0,0.0,0.0,0.0,0.0,0.0,0.0,0.0,0.0,0.0,0.0,0.0,0.0,0.0,0.0,0.0,0.0,0.0,0.0,0.0,0.0,0.0,0.0,0.0,0.0,0.0,0.0,0.0,0.0,0.0,0.0,0.0,nan,nan,4.406478578892372,2.81884484780783,nan,0.8750631063478761,0.03476612830604722,0.0,0.0,0.0,0.0,0.0,0.0,0.0,0.0,0.0,0.0,0.0,0.0,0.0,0.0,0.0,0.0,0.0,0.0,0.0,0.0,0.0,0.06385696040868456,0.05108556832694765,0.5108556832694748,2.592592592592593,7.994891443167306,12.720306513409964,4.840357598978289,0.9195402298850577,0.30651340996168586,0.8744873229290668,0.03583114730747595,0.0,0.0,0.0,0.0,0.0,0.0,0.0,0.0,0.0,0.0,0.0,0.0,0.0,0.0,0.0,0.0,0.0,0.0,0.0,0.0,0.0,0.06815084052703319,0.12267151294865973,0.5588368923216702,2.439800090867788,8.777828259881874,11.790095411176742,4.688777828259883,1.2130849613811905,0.34075420263516587,0.416,0.0158,0.0,0.0,0.0,0.0,0.0,0.0,0.0,0.0,0.0,0.0,0.025542784163473824,4.904214559386967,20.91954022988506,4.1507024265644965,0.0,0.0,0.0,0.0,0.0,0.0,0.0,0.0,0.0,0.0,0.0,0.0,0.0,0.0,0.0,0.0,0.4158,0.01622,0.0,0.0,0.0,0.0,0.0,0.0,0.0,0.0,0.0,0.0,0.027260336210813273,4.865970013630162,20.7451158564289,4.348023625624717,0.013630168105406636,0.0,0.0,0.0,0.0,0.0,0.0,0.0,0.0,0.0,0.0,0.0,0.0,0.0,0.0,0.0
54900,4821,2441,0.5063264882804397,1140,1026,0.4492843808338519,1388,0.5758141464426467,0.45799999999999996,2.958403361344538,3.062985988383022,6.51186943620178,2.136445453511845,6649.800000000002,1.8189894035458565e-12,6649.8,6649.8,6649.800000000002,1.8189894035458565e-12,6649.800000000002,1.8189894035458565e-12,27.956647998340593,20.882549736950487,32.83366190241498,19.161737493797506,0.13586392864550922,0.0991495540344327,0.09271935283136279,0.09147479775980087,0.08380004148516905,0.07488073013897531,0.06533914125700062,0.06554656710226094,0.058701514208670404,0.05538270068450529,0.044803982576229,0.03692180045633686,0.030699025098527278,0.02613565650280025,0.01825347438290811,0.013067828251400125,0.007259904584111181,0.873740874046954,0.03573285372225698,0.0,0.0,0.0,0.0,0.0,0.0,0.0,0.0,0.0,0.0,0.0,0.0,0.0,0.0,0.0,0.0,0.0,0.0,0.0,0.01244555071561917,0.006222775357809585,0.01244555071561917,0.08089607965152461,0.5164903546981938,2.5451151213441197,9.259489732420661,11.673926571250782,4.399502177971376,1.0392034847542007,0.45426260112009964,4.315315315315315,2.8684696406741748,3.6,4.127953488110059,0.8342379958246346,4.265895953757226,2.8438170630705115,4.358842443729904,2.894696993777925,1.0217882693296385,0.4167,0.01646,0.0,0.0,0.0,0.0,0.0,0.0,0.0,0.0,0.0,0.0,0.01244555071561917,4.660858742999371,20.435594275046675,4.872433105164904,0.01866832607342875,0.0,0.0,0.0,0.0,0.0,0.0,0.0,0.0,0.0,0.0,0.0,0.0,0.0,0.0,0.0,nan,nan,4.314166398972053,2.8710785354796853,nan,0.4167,0.0792,0.0,0.0,0.0,0.0,0.0,0.0,0.0,0.0,0.0,0.0,0.0,0.0,0.0,0.0,0.0,0.0,0.0,0.0,1.0371292263015971e-05,0.0002903961833644472,0.0013690105787181083,0.00011408421489317568,0.0,0.0,0.00023853972204936736,0.004542626011200996,0.004127774320680357,0.016096245592200787,0.017475627463181913,0.009956440572495333,0.017102260941713337,0.01618958722256793,0.04047915370255134,0.07729724123625804,0.033685957270275874,0.030004148516905207,0.023802115743621656,0.04840282099149554,0.053235843186060984,0.04216967434142294,0.025637834474175482,0.032607342874922216,0.04440987347023439,0.06055797552375026,0.01846090022816843,0.018284588259697157,0.03308442231902095,0.06309894212818917,0.042034847542003734,0.021790085044596556,0.06760008297033811,0.027950632648828043,0.02945447002696536,0.031632441402198716,0.010288321924911845,0.015878448454677452,0.002126114913918274,0.005154532254718938,0.000725990458411118,0.00020742584526031943,0.0004459655673096868,3.111387678904791e-05,0.003692180045633686,0.000373366521468575,0.0026343082348060567,0.0022816842978635138,0.002966189587222568,0.0,0.0,0.0,0.0,0.0,0.0,0.0,0.0,0.0,0.0,0.0,0.0,0.0,0.0,0.0,0.0,0.0,0.0,0.0,0.0,0.0,0.0,0.0,0.0,0.0,0.0,0.0,0.0,0.0,0.0,0.0,0.0,0.0,0.0,nan,nan,4.314166398972053,2.8710785354796853,nan,0.8738645034850205,0.03619950402528773,0.0,0.0,0.0,0.0,0.0,0.0,0.0,0.0,0.0,0.0,0.0,0.0,0.0,0.0,0.0,0.0,0.0,0.0,0.0,0.024580090126997137,0.0,0.024580090126997137,0.06145022531749284,0.5161818926669381,2.605489553461697,9.315854158131915,11.58951249487915,4.289225727161,1.1306841458418684,0.44244162228594847,0.8736140759552227,0.035247375613160783,0.0,0.0,0.0,0.0,0.0,0.0,0.0,0.0,0.0,0.0,0.0,0.0,0.0,0.0,0.0,0.0,0.0,0.0,0.0,0.0,0.012605042016806726,0.0,0.10084033613445381,0.516806722689074,2.483193277310925,9.201680672268909,11.760504201680675,4.512605042016808,0.9453781512605044,0.46638655462184886,0.4167,0.01628,0.0,0.0,0.0,0.0,0.0,0.0,0.0,0.0,0.0,0.0,0.012290045063498569,4.793117574764434,20.27857435477264,4.903727980335929,0.012290045063498569,0.0,0.0,0.0,0.0,0.0,0.0,0.0,0.0,0.0,0.0,0.0,0.0,0.0,0.0,0.0,0.417,0.01663,0.0,0.0,0.0,0.0,0.0,0.0,0.0,0.0,0.0,0.0,0.012605042016806726,4.525210084033606,20.596638655462186,4.840336134453782,0.025210084033613453,0.0,0.0,0.0,0.0,0.0,0.0,0.0,0.0,0.0,0.0,0.0,0.0,0.0,0.0,0.0
55000,4666,2391,0.5124303471924561,1147,973,0.4543506215173596,1291,0.5533647663951993,0.47,2.8887912087912087,3.085653735982742,6.675767918088737,2.1977322722927912,6649.800000000001,9.094947017729282e-13,6649.8,6649.8,6649.800000000001,9.094947017729282e-13,6649.800000000002,1.8189894035458565e-12,27.46013716245178,20.961311316806096,32.65883870967742,19.2098159368804,0.14894984997856836,0.09537076725246464,0.09365623660522931,0.09365623660522931,0.08165452207458208,0.07522503214744963,0.06858122588941278,0.06300900128589798,0.05786540934419203,0.05100728675525075,0.04179168452636091,0.031718816973853405,0.030218602657522502,0.02828975567938277,0.019931418774110587,0.011144449207029576,0.007929704243463351,0.8741732234358021,0.03427721778779021,0.0,0.0,0.0,0.0,0.0,0.0,0.0,0.0,0.0,0.0,0.0,0.0,0.0,0.0,0.0,0.0,0.0,0.0,0.0,0.0,0.0,0.012858979854264898,0.0642948992713245,0.5207886840977266,2.3981997428204034,9.123446206600944,11.920274324903561,4.552078868409773,1.1573081868838409,0.2507501071581655,4.2495789828224995,2.8754346823108237,2.8,2.925747767665559,0.6588888008242846,4.228705566733736,2.908048845824419,4.265677680377613,2.843563788542219,1.0087431279053165,0.416,0.01596,0.0,0.0,0.0,0.0,0.0,0.0,0.0,0.0,0.0,0.0,0.006429489927132449,4.764252036005137,20.812258894127737,4.391341620231462,0.025717959708529796,0.0,0.0,0.0,0.0,0.0,0.0,0.0,0.0,0.0,0.0,0.0,0.0,0.0,0.0,0.0,nan,nan,4.247141896435776,2.876133191259881,nan,0.416,0.0799,0.0,0.0,0.0,0.0,0.0,0.0,0.0,0.0,0.0,0.0,0.0,0.0,0.0,0.0,0.0,0.0,0.0,0.0,1.0715816545220746e-05,0.00012858979854264894,0.0015966566652378911,9.644234890698671e-05,0.0,3.2147449635662235e-05,0.0003964852121731676,0.005368624089155593,0.003921988855550793,0.016609515645092155,0.018506215173596227,0.009547792541791684,0.01923489069867124,0.017434633519074153,0.042413201885983715,0.07907201028718389,0.03292970424346335,0.028782683240462924,0.02357479639948564,0.04701028718388341,0.05366480925846549,0.03835190741534505,0.025782254607801116,0.0313544792113159,0.043484783540505785,0.06189455636519503,0.016920274324903558,0.018859837119588514,0.03231890270038577,0.066941705957994,0.04178096870981569,0.02239605657951136,0.06449849978568367,0.028900557222460353,0.026800257179597085,0.032168881268752676,0.01078011144449207,0.015120017145306473,0.002057436776682383,0.005357908272610373,0.0006429489927132448,0.00027861123017573937,0.0004607801114444921,0.0,0.004147021003000429,0.0003107586798114016,0.0030218602657522504,0.001778825546506644,0.0032576082297471067,0.0,0.0,0.0,0.0,0.0,0.0,0.0,0.0,0.0,0.0,0.0,0.0,0.0,0.0,0.0,0.0,0.0,0.0,0.0,0.0,0.0,0.0,0.0,0.0,0.0,0.0,0.0,0.0,0.0,0.0,0.0,0.0,0.0,0.0,nan,nan,4.247141896435776,2.876133191259881,nan,0.8732520578945595,0.03442779981776768,0.0,0.0,0.0,0.0,0.0,0.0,0.0,0.0,0.0,0.0,0.0,0.0,0.0,0.0,0.0,0.0,0.0,0.0,0.0,0.0,0.0,0.012547051442910918,0.05018820577164367,0.5897114178168112,2.5219573400250943,9.033877038895861,12.13299874529486,4.278544542032623,1.1041405269761608,0.2760351317440402,0.8751413582969498,0.03409142563116994,0.0,0.0,0.0,0.0,0.0,0.0,0.0,0.0,0.0,0.0,0.0,0.0,0.0,0.0,0.0,0.0,0.0,0.0,0.0,0.0,0.0,0.01318681318681319,0.07912087912087913,0.4483516483516469,2.2681318681318685,9.217582417582419,11.6967032967033,4.83956043956044,1.2131868131868133,0.2241758241758242,0.4158,0.01572,0.0,0.0,0.0,0.0,0.0,0.0,0.0,0.0,0.0,0.0,0.012547051442910918,4.9058971141781615,20.915934755332504,4.140526976160603,0.025094102885821836,0.0,0.0,0.0,0.0,0.0,0.0,0.0,0.0,0.0,0.0,0.0,0.0,0.0,0.0,0.0,0.4165,0.01622,0.0,0.0,0.0,0.0,0.0,0.0,0.0,0.0,0.0,0.0,0.0,4.615384615384609,20.703296703296708,4.654945054945056,0.02637362637362638,0.0,0.0,0.0,0.0,0.0,0.0,0.0,0.0,0.0,0.0,0.0,0.0,0.0,0.0,0.0
55100,4785,2408,0.503239289446186,1149,984,0.4457680250783699,1376,0.5751306165099268,0.47,3.0092553639040807,3.0788130455509672,6.510548523206751,2.0333613078507087,6649.800000000002,1.8189894035458565e-12,6649.8,6649.8,6649.800000000002,1.8189894035458565e-12,6649.8,0.0,28.067711598746083,21.026867727875217,33.07201594816845,19.27074522631695,0.141901776384535,0.09655172413793103,0.09467084639498433,0.08735632183908046,0.08025078369905957,0.07314524555903866,0.07084639498432602,0.0587251828631139,0.061024033437826544,0.04806687565308255,0.04618599791013584,0.04242424242424243,0.03531870428422153,0.026959247648902823,0.017972831765935213,0.01233019853709509,0.006269592476489028,0.8737327857824703,0.034220659638933074,0.0,0.0,0.0,0.0,0.0,0.0,0.0,0.0,0.0,0.0,0.0,0.0,0.0,0.0,0.0,0.0,0.0,0.0,0.0,0.0,0.0,0.01253918495297806,0.056426332288401264,0.5078369905956097,2.6018808777429476,9.122257053291538,12.087774294670849,4.332288401253919,0.9467084639498434,0.33228840125391856,4.370633893919793,2.831812759529645,3.2,2.7856776554368237,0.7321592422672785,4.336340206185567,2.817063069558081,4.402849740932642,2.847076887134664,1.015337711430529,0.417,0.01627,0.0,0.0,0.0,0.0,0.0,0.0,0.0,0.0,0.0,0.0,0.02507836990595612,4.420062695924758,20.664576802507842,4.815047021943575,0.07523510971786836,0.0,0.0,0.0,0.0,0.0,0.0,0.0,0.0,0.0,0.0,0.0,0.0,0.0,0.0,0.0,nan,nan,4.368743945753955,2.8321288741765938,nan,0.417,0.07983,0.0,0.0,0.0,0.0,0.0,0.0,0.0,0.0,0.0,0.0,0.0,0.0,0.0,0.0,0.0,0.0,0.0,0.0,4.179728317659352e-05,0.00018808777429467084,0.0018077324973876697,4.179728317659352e-05,0.0,0.0,0.00021943573667711599,0.005256008359456635,0.0041274817136886105,0.014158829676071055,0.01851619644723093,0.008861024033437826,0.018683385579937303,0.01940438871473354,0.042403343782654125,0.07859979101358412,0.03272727272727273,0.027398119122257054,0.025914315569487985,0.04313479623824452,0.05436781609195402,0.037575757575757575,0.02669801462904911,0.03284221525600836,0.0435423197492163,0.061556948798328105,0.017011494252873564,0.01658307210031348,0.03123301985370951,0.06769070010449321,0.04282131661442006,0.023845350052246604,0.06474399164054337,0.03262277951933124,0.025903866248693834,0.030815047021943574,0.012298850574712644,0.015130616509926855,0.0017659352142110763,0.005590386624869384,0.0004702194357366771,0.0002089864158829676,0.00042842215256008357,0.0,0.003960292580982236,0.0003448275862068965,0.0036677115987460815,0.0016927899686520376,0.0030929989550679206,1.044932079414838e-05,0.0,0.0,0.0,0.0,0.0,0.0,0.0,0.0,0.0,0.0,0.0,0.0,0.0,0.0,0.0,0.0,0.0,0.0,0.0,0.0,0.0,0.0,0.0,0.0,0.0,0.0,0.0,0.0,0.0,0.0,0.0,0.0,0.0,nan,nan,4.368743945753955,2.8321288741765938,nan,0.8743584613467372,0.03439186257531967,0.0,0.0,0.0,0.0,0.0,0.0,0.0,0.0,0.0,0.0,0.0,0.0,0.0,0.0,0.0,0.0,0.0,0.0,0.0,0.0,0.0,0.0,0.04983388704318938,0.535714285714284,2.466777408637874,9.219269102990035,11.87292358803987,4.584717607973423,0.8720930232558142,0.39867109634551506,0.8730989503770201,0.03403462005538636,0.0,0.0,0.0,0.0,0.0,0.0,0.0,0.0,0.0,0.0,0.0,0.0,0.0,0.0,0.0,0.0,0.0,0.0,0.0,0.0,0.0,0.025241901556583936,0.06310475389145984,0.4795961295750931,2.738746318889357,9.023979806478756,12.305427008834668,4.076567101388306,1.0222970130416493,0.2650399663441313,0.4172,0.01624,0.0,0.0,0.0,0.0,0.0,0.0,0.0,0.0,0.0,0.0,0.0,4.260797342192685,20.74335548172758,4.933554817275748,0.062292358803986723,0.0,0.0,0.0,0.0,0.0,0.0,0.0,0.0,0.0,0.0,0.0,0.0,0.0,0.0,0.0,0.4165,0.0163,0.0,0.0,0.0,0.0,0.0,0.0,0.0,0.0,0.0,0.0,0.05048380311316787,4.5814051325199765,20.584770719394196,4.694993689524612,0.08834665544804378,0.0,0.0,0.0,0.0,0.0,0.0,0.0,0.0,0.0,0.0,0.0,0.0,0.0,0.0,0.0
55200,4888,2494,0.5102291325695582,1173,1039,0.4525368248772504,1407,0.57569558101473,0.42599999999999993,2.951545530492899,2.967829408135961,6.39167862266858,1.9329031012621123,6649.800000000001,9.094947017729282e-13,6649.8,6649.8,6649.800000000002,1.8189894035458565e-12,6649.800000000001,9.094947017729282e-13,28.171849427168578,20.922249326356336,33.00121153380179,19.185668983391718,0.13809328968903437,0.09635842880523732,0.09063011456628478,0.08612929623567922,0.08653846153846154,0.07937806873977087,0.06178396072013093,0.06546644844517185,0.059942716857610476,0.05421440261865794,0.04644026186579378,0.04091653027823241,0.030891980360065466,0.02516366612111293,0.01738952536824877,0.012684124386252046,0.007978723404255319,0.8724431488815384,0.034699830374838224,0.0,0.0,0.0,0.0,0.0,0.0,0.0,0.0,0.0,0.0,0.0,0.0,0.0,0.0,0.0,0.0,0.0,0.0,0.0,0.0,0.0,0.012274959083469724,0.0981996726677578,0.5891980360065447,2.682078559738135,9.29214402618658,11.783960720130937,4.357610474631752,0.8715220949263505,0.31301145662847796,4.229074889867841,2.7452822098347296,5.666666666666667,0.9428090415820634,1.3399305555555556,4.1717868338557995,2.7237410203216394,4.2894073139974775,2.7639548536628595,1.028194268984968,0.417,0.01625,0.0,0.0,0.0,0.0,0.0,0.0,0.0,0.0,0.0,0.0,0.006137479541734862,4.511047463175116,20.658756137479546,4.781096563011458,0.04296235679214404,0.0,0.0,0.0,0.0,0.0,0.0,0.0,0.0,0.0,0.0,0.0,0.0,0.0,0.0,0.0,nan,nan,4.230430682175417,2.7444948933122433,nan,0.417,0.0798,0.0,0.0,0.0,0.0,0.0,0.0,0.0,0.0,0.0,0.0,0.0,0.0,0.0,0.0,0.0,0.0,0.0,6.13747954173486e-05,4.091653027823241e-05,0.00018412438625204584,0.0016468903436988543,0.00010229132569558102,2.0458265139116205e-05,0.0,0.00030687397708674305,0.00479746317512275,0.004020049099836334,0.01324672667757774,0.019118248772504093,0.008009410801963993,0.01848404255319149,0.02031505728314239,0.04301350245499182,0.07816080196399346,0.03299918166939444,0.02510229132569558,0.026472995090016365,0.04414893617021277,0.05635229132569558,0.038318330605564645,0.0283449263502455,0.033602700490998366,0.044251227495908346,0.05794803600654665,0.01838175122749591,0.016714402618657937,0.03163870703764321,0.06597790507364976,0.040323240589198034,0.02225859247135843,0.06629500818330605,0.03563829787234043,0.024365793780687397,0.03099427168576105,0.01185556464811784,0.014228723404255319,0.002107201309328969,0.005902209492635024,0.000705810147299509,0.00019435351882160392,0.0003682487725040917,0.0,0.0038666121112929624,0.00013297872340425532,0.0041121112929623565,0.0017900981996726677,0.0030789689034369885,0.0,0.0,0.0,0.0,0.0,0.0,0.0,0.0,0.0,0.0,0.0,0.0,0.0,0.0,0.0,0.0,0.0,0.0,0.0,0.0,0.0,0.0,0.0,0.0,0.0,0.0,0.0,0.0,0.0,0.0,0.0,0.0,0.0,0.0,nan,nan,4.230430682175417,2.7444948933122433,nan,0.8727810698790653,0.03438416376043485,0.0,0.0,0.0,0.0,0.0,0.0,0.0,0.0,0.0,0.0,0.0,0.0,0.0,0.0,0.0,0.0,0.0,0.0,0.0,0.0,0.0,0.0,0.09623095429029674,0.5653568564554915,2.4899759422614283,9.43063352044908,11.860465116279073,4.34242181234964,0.9141940657578189,0.3007217321571773,0.8720911125541231,0.03502218971051523,0.0,0.0,0.0,0.0,0.0,0.0,0.0,0.0,0.0,0.0,0.0,0.0,0.0,0.0,0.0,0.0,0.0,0.0,0.0,0.0,0.0,0.025062656641604016,0.10025062656641606,0.6140350877192964,2.882205513784462,9.147869674185465,11.704260651629076,4.3734335839599,0.8270676691729325,0.3258145363408522,0.4175,0.01604,0.0,0.0,0.0,0.0,0.0,0.0,0.0,0.0,0.0,0.0,0.0,4.2341619887730495,20.737770649558946,5.016038492381718,0.012028869286287092,0.0,0.0,0.0,0.0,0.0,0.0,0.0,0.0,0.0,0.0,0.0,0.0,0.0,0.0,0.0,0.4163,0.01645,0.0,0.0,0.0,0.0,0.0,0.0,0.0,0.0,0.0,0.0,0.012531328320802008,4.799498746867161,20.5764411027569,4.536340852130326,0.07518796992481204,0.0,0.0,0.0,0.0,0.0,0.0,0.0,0.0,0.0,0.0,0.0,0.0,0.0,0.0,0.0
55300,4542,2273,0.5004403346543373,1073,942,0.4436371642448261,1322,0.5821224130339058,0.44599999999999995,2.9356544733362715,3.0070143906642697,6.399068322981367,2.0711113532516774,6649.800000000001,9.094947017729282e-13,6649.8,6649.8,6649.800000000001,9.094947017729282e-13,6649.800000000001,9.094947017729282e-13,28.436151475121093,21.159565428974705,33.5324402416601,19.31519857901059,0.1431087626596213,0.09269044473800088,0.09026860413914575,0.08080140907089388,0.0841039189784236,0.0772787318361955,0.06935270805812417,0.0607661822985469,0.05416116248348745,0.05812417437252312,0.04777630999559666,0.040290620871862616,0.036988110964332896,0.02531924262439454,0.020035226772346985,0.009907529722589167,0.009026860413914576,0.8735926883538774,0.03515600704113714,0.0,0.0,0.0,0.0,0.0,0.0,0.0,0.0,0.0,0.0,0.0,0.0,0.0,0.0,0.0,0.0,0.0,0.0,0.0,0.0,0.0,0.013210039630118893,0.10568031704095114,0.5878467635402889,2.529722589167768,9.167767503302512,11.644649933949806,4.504623513870542,1.1492734478203437,0.2972258916776751,4.313937753721245,2.7744890522151158,2.6666666666666665,2.0548046676563256,0.6181514010874112,4.279917469050894,2.734097900119706,4.343521594684385,2.8123362954850264,1.0148610635820499,0.4172,0.01628,0.0,0.0,0.0,0.0,0.0,0.0,0.0,0.0,0.0,0.0,0.006605019815059446,4.2536327608982765,20.77278731836196,4.920739762219288,0.04623513870541613,0.0,0.0,0.0,0.0,0.0,0.0,0.0,0.0,0.0,0.0,0.0,0.0,0.0,0.0,0.0,nan,nan,4.312267657992565,2.7743493087923596,nan,0.4172,0.07996,0.0,0.0,0.0,0.0,0.0,0.0,0.0,0.0,0.0,0.0,0.0,0.0,0.0,0.0,0.0,0.0,0.0,5.504183179216204e-05,2.2016732716864817e-05,0.00027520915896081023,0.0018714222809335095,0.0001210920299427565,2.2016732716864817e-05,0.0,5.504183179216204e-05,0.005526199911933069,0.003852928225451343,0.013584324086305593,0.018339938353148393,0.008421400264200792,0.02033245266402466,0.0206516952884192,0.0420189343901365,0.07520915896081022,0.032144429766622636,0.025,0.026387054161162483,0.044033465433729636,0.05486569793042712,0.038551298987230295,0.027300748568912372,0.03516072214883311,0.04214002642007926,0.056836195508586526,0.018615147512109204,0.017118009687362396,0.03508366358432408,0.0674592690444738,0.04187582562747688,0.023833113166006163,0.06411272567151034,0.035755173932188467,0.023690004403346544,0.030823425803610745,0.011503742844561867,0.014685160722148833,0.0021136063408190224,0.006164685160722149,0.0007375605460149714,8.806693086745927e-05,0.0002311756935270806,8.806693086745927e-05,0.003963011889035667,5.504183179216204e-05,0.004777630999559666,0.0017833553500660503,0.002664024658740643,0.0,0.0,0.0,0.0,0.0,0.0,0.0,0.0,0.0,0.0,0.0,0.0,0.0,0.0,0.0,0.0,0.0,0.0,0.0,0.0,0.0,0.0,0.0,0.0,0.0,0.0,0.0,0.0,0.0,0.0,0.0,0.0,0.0,0.0,nan,nan,4.312267657992565,2.7743493087923596,nan,0.8741226416036939,0.035338599166059664,0.0,0.0,0.0,0.0,0.0,0.0,0.0,0.0,0.0,0.0,0.0,0.0,0.0,0.0,0.0,0.0,0.0,0.0,0.0,0.0,0.0,0.013198416190057197,0.10558732952045757,0.5543334799824005,2.481302243730753,9.106907171139465,11.588209414870219,4.513858336999561,1.3726352837659486,0.26396832380114393,0.8730618008541714,0.034964084322756925,0.0,0.0,0.0,0.0,0.0,0.0,0.0,0.0,0.0,0.0,0.0,0.0,0.0,0.0,0.0,0.0,0.0,0.0,0.0,0.0,0.0,0.013221683561040108,0.10577346848832087,0.621419127368883,2.578228294402821,9.228735125605995,11.701189951520497,4.495372410753637,0.9255178492728076,0.3305420890260027,0.4175,0.01671,0.0,0.0,0.0,0.0,0.0,0.0,0.0,0.0,0.0,0.0,0.013198416190057197,4.210294764628238,20.721513418389797,4.962604487461506,0.09238891333040038,0.0,0.0,0.0,0.0,0.0,0.0,0.0,0.0,0.0,0.0,0.0,0.0,0.0,0.0,0.0,0.4172,0.01584,0.0,0.0,0.0,0.0,0.0,0.0,0.0,0.0,0.0,0.0,0.0,4.297047157338028,20.82415160863817,4.8788012340238,0.0,0.0,0.0,0.0,0.0,0.0,0.0,0.0,0.0,0.0,0.0,0.0,0.0,0.0,0.0,0.0
55400,4599,2347,0.5103283322461405,1087,960,0.4450967601652533,1303,0.5666449228093063,0.49,3.0217584369449377,3.1701268413606325,6.888707037643208,2.053471803090549,6649.800000000001,9.094947017729282e-13,6649.8,6649.8,6649.8,0.0,6649.800000000001,9.094947017729282e-13,27.531202435312025,20.90162335233535,32.61825293350717,19.170021701069267,0.1456838443139813,0.10524026962383126,0.08719286801478582,0.09067188519243313,0.0852359208523592,0.07284192215699065,0.06566644922809306,0.06175255490323983,0.056099151989562945,0.0517503805175038,0.04370515329419439,0.04131332898456186,0.03283322461404653,0.024787997390737115,0.017829963035442487,0.010219612959338986,0.007175472928897586,0.8734896682505764,0.035122092567737274,0.0,0.0,0.0,0.0,0.0,0.0,0.0,0.0,0.0,0.0,0.0,0.0,0.0,0.0,0.0,0.0,0.0,0.0,0.0,0.0,0.0,0.019569471624266147,0.17612524461839535,0.48923679060665215,2.570123939986954,9.086757990867582,11.911285061969997,4.331376386170907,1.1350293542074366,0.2804957599478148,4.429011289770783,2.9258144090874985,3.7,3.1,0.8354008960296617,4.445143256464011,2.923607344720273,4.411725516322452,2.9283645392423434,0.992482190513666,0.417,0.01646,0.0,0.0,0.0,0.0,0.0,0.0,0.0,0.0,0.0,0.0,0.045662100456621016,4.416177429876054,20.639269406392696,4.872798434442271,0.026092628832354865,0.0,0.0,0.0,0.0,0.0,0.0,0.0,0.0,0.0,0.0,0.0,0.0,0.0,0.0,0.0,nan,nan,4.426525741561541,2.926734424900772,nan,0.417,0.08044,0.0,0.0,0.0,0.0,0.0,0.0,0.0,0.0,0.0,0.0,0.0,0.0,0.0,0.0,0.0,0.0,0.0,0.0001304631441617743,0.0,0.00014133507284192217,0.002217873450750163,0.00032615786040443573,0.0,3.2615786040443576e-05,4.348771472059143e-05,0.005109806479669493,0.004631441617742988,0.014579256360078278,0.019058490976299195,0.008947597303761688,0.019471624266144814,0.02020004348771472,0.045412046096977604,0.07490758860621874,0.030071754729288976,0.025212002609262884,0.026560121765601217,0.04561861274190041,0.05165253315938247,0.03814959773863884,0.02792998477929985,0.0334855403348554,0.039986953685583825,0.05917590780604479,0.01646010002174386,0.019069362904979344,0.034126984126984124,0.06873233311589476,0.042878886714503156,0.024255272885409872,0.06534029136768862,0.033202870189171556,0.021711241574255274,0.03111545988258317,0.012046096977603827,0.014622744074798869,0.002293976951511198,0.0060882800608828,0.0004892367906066536,0.00022831050228310502,0.00029354207436399217,0.00028267014568384433,0.004218308327897369,0.0,0.005196781909110677,0.001685148945422918,0.002609262883235486,0.0,0.0,0.0,0.0,0.0,0.0,0.0,0.0,0.0,0.0,0.0,0.0,0.0,0.0,0.0,0.0,0.0,0.0,0.0,0.0,0.0,0.0,0.0,0.0,0.0,0.0,0.0,0.0,0.0,0.0,0.0,0.0,0.0,0.0,nan,nan,4.426525741561541,2.926734424900772,nan,0.8740808787272746,0.03481518593271563,0.0,0.0,0.0,0.0,0.0,0.0,0.0,0.0,0.0,0.0,0.0,0.0,0.0,0.0,0.0,0.0,0.0,0.0,0.0,0.0,0.0,0.0,0.1278227524499361,0.4985087345547492,2.4797613975287605,9.126544524925439,12.181508308478913,4.090328078397955,1.150404772049425,0.34512143161482756,0.8728735177226854,0.03542862045036227,0.0,0.0,0.0,0.0,0.0,0.0,0.0,0.0,0.0,0.0,0.0,0.0,0.0,0.0,0.0,0.0,0.0,0.0,0.0,0.0,0.0,0.039964476021314393,0.22646536412078158,0.4795737122557711,2.6642984014209596,9.045293072824158,11.62966252220249,4.5825932504440505,1.1190053285968031,0.21314387211367677,0.4167,0.01675,0.0,0.0,0.0,0.0,0.0,0.0,0.0,0.0,0.0,0.0,0.025564550489987223,4.652748189177666,20.38772901576481,4.895611418832553,0.038346825734980834,0.0,0.0,0.0,0.0,0.0,0.0,0.0,0.0,0.0,0.0,0.0,0.0,0.0,0.0,0.0,0.4172,0.01616,0.0,0.0,0.0,0.0,0.0,0.0,0.0,0.0,0.0,0.0,0.066607460035524,4.169626998223795,20.901420959147426,4.8490230905861464,0.013321492007104798,0.0,0.0,0.0,0.0,0.0,0.0,0.0,0.0,0.0,0.0,0.0,0.0,0.0,0.0,0.0
55500,4904,2518,0.513458401305057,1195,991,0.44575856443719414,1386,0.5652528548123981,0.46599999999999997,3.056999161777033,3.123220238472517,6.573049645390071,2.1649981387515664,6649.8,0.0,6649.8,6649.8,6649.800000000002,1.8189894035458565e-12,6649.800000000001,9.094947017729282e-13,27.778548123980425,20.74466805481481,32.72515188335358,18.977957071944335,0.1402936378466558,0.09951060358890701,0.09767536704730832,0.08217781402936379,0.08258564437194127,0.07238988580750408,0.0734094616639478,0.05933931484502447,0.060562805872756934,0.05750407830342578,0.0450652528548124,0.03792822185970636,0.03262642740619902,0.02569331158238173,0.017740619902120718,0.008564437194127243,0.006933115823817292,0.87404759957487,0.03556444008418384,0.0,0.0,0.0,0.0,0.0,0.0,0.0,0.0,0.0,0.0,0.0,0.0,0.0,0.0,0.0,0.0,0.0,0.0,0.0,0.0,0.0,0.018352365415986952,0.17128874388254492,0.5016313213703084,2.4775693311582385,8.980424143556283,11.892332789559546,4.465742251223491,1.137846655791191,0.35481239804241443,4.396184419713832,2.916340358261747,4.666666666666667,3.2998316455372216,1.0615265924104345,4.332053742802303,2.9413834284430496,4.460716530483972,2.8925112766118986,1.0297001827125163,0.4163,0.0162,0.0,0.0,0.0,0.0,0.0,0.0,0.0,0.0,0.0,0.0,0.02446982055464927,4.618678629690042,20.84828711256118,4.490212071778141,0.018352365415986952,0.0,0.0,0.0,0.0,0.0,0.0,0.0,0.0,0.0,0.0,0.0,0.0,0.0,0.0,0.0,nan,nan,4.396956246036779,2.9175420495069266,nan,0.4163,0.0806,0.0,0.0,0.0,0.0,0.0,0.0,0.0,0.0,0.0,0.0,0.0,0.0,0.0,0.0,0.0,0.0,0.0,0.00012234910277324632,2.039151712887439e-05,4.078303425774878e-05,0.0023246329526916804,0.00019371941272430668,0.0,2.039151712887439e-05,0.0,0.005240619902120718,0.0045778955954323,0.017088091353996738,0.01714926590538336,0.009461663947797716,0.017995513866231647,0.02180872756933116,0.04827691680261011,0.07484706362153344,0.03161704730831974,0.02504078303425775,0.025519983686786298,0.04364804241435563,0.05320146818923328,0.03636827079934747,0.028099510603588906,0.03465538336052202,0.038998776508972266,0.05865619902120718,0.014875611745513866,0.019096655791190863,0.03324836867862969,0.07202283849918434,0.04217985318107667,0.02471451876019576,0.06685358890701468,0.030577079934747144,0.020982871125611747,0.03034257748776509,0.01108278955954323,0.016812805872756933,0.0016721044045676999,0.005607667210440457,0.0006627243066884177,0.00012234910277324632,0.0003568515497553018,0.00022430668841761828,0.0037724306688417617,0.0,0.005505709624796085,0.0018250407830342577,0.002467373572593801,0.0,0.0,0.0,2.039151712887439e-05,0.0,0.0,0.0,0.0,0.0,0.0,0.0,0.0,0.0,0.0,0.0,0.0,0.0,0.0,0.0,0.0,0.0,0.0,0.0,0.0,0.0,0.0,0.0,0.0,0.0,0.0,0.0,0.0,0.0,0.0,nan,nan,4.396956246036779,2.9175420495069266,nan,0.8741009408183473,0.03501740722644339,0.0,0.0,0.0,0.0,0.0,0.0,0.0,0.0,0.0,0.0,0.0,0.0,0.0,0.0,0.0,0.0,0.0,0.0,0.0,0.0,0.0,0.0238284352660842,0.1548848292295473,0.5123113582208085,2.394757744241462,8.91183478951549,12.176330420969025,4.336775218427324,1.1437648927720414,0.3455123113582209,0.8739913073489373,0.03613267024878605,0.0,0.0,0.0,0.0,0.0,0.0,0.0,0.0,0.0,0.0,0.0,0.0,0.0,0.0,0.0,0.0,0.0,0.0,0.0,0.0,0.0,0.012573344509639567,0.1886001676445935,0.49036043587594147,2.5649622799664713,9.052808046940488,11.592623637887682,4.601844090528081,1.131601005867561,0.36462699077954747,0.416,0.01627,0.0,0.0,0.0,0.0,0.0,0.0,0.0,0.0,0.0,0.0,0.0119142176330421,4.682287529785538,20.8856235107228,4.408260524225577,0.0119142176330421,0.0,0.0,0.0,0.0,0.0,0.0,0.0,0.0,0.0,0.0,0.0,0.0,0.0,0.0,0.0,0.4167,0.01613,0.0,0.0,0.0,0.0,0.0,0.0,0.0,0.0,0.0,0.0,0.0377200335289187,4.551550712489515,20.808885163453485,4.576697401508802,0.025146689019279134,0.0,0.0,0.0,0.0,0.0,0.0,0.0,0.0,0.0,0.0,0.0,0.0,0.0,0.0,0.0
55600,4941,2478,0.5015179113539769,1142,1091,0.451932807124064,1405,0.5687107872900222,0.44999999999999996,2.928136419001218,3.0274344546577,6.42180774748924,2.106214253680687,6649.800000000001,9.094947017729282e-13,6649.8,6649.8,6649.800000000002,1.8189894035458565e-12,6649.800000000001,9.094947017729282e-13,28.154219793564057,20.948933604593407,33.11946050096339,19.163898272831798,0.13863590366322606,0.09815826755717466,0.0922890103217972,0.08419348310058693,0.0805504958510423,0.07650273224043716,0.0730621331714228,0.06213317142278891,0.0603116777980166,0.049989880590973486,0.04310868245294475,0.04310868245294475,0.03764420157862781,0.02388180530257033,0.019024488969844162,0.009309856304391824,0.008095527221210281,0.8737130103456759,0.03613180935619218,0.0,0.0,0.0,0.0,0.0,0.0,0.0,0.0,0.0,0.0,0.0,0.0,0.0,0.0,0.0,0.0,0.0,0.0,0.0,0.0,0.0,0.03035822707953856,0.17000607164541595,0.5282331511839692,2.7079538554948397,8.791742562234367,11.833636915604131,4.4201578627808145,1.1475409836065575,0.37037037037037046,4.2790262172284645,2.8372714734044315,4.6,2.6153393661244038,1.0750109409190372,4.267376330619912,2.828961755293809,4.292517006802721,2.8441957143384,1.005891366084218,0.4153,0.01656,0.0,0.0,0.0,0.0,0.0,0.0,0.0,0.0,0.0,0.0,0.0485731633272617,5.379477838494224,20.370370370370377,4.183363691560413,0.018214936247723135,0.0,0.0,0.0,0.0,0.0,0.0,0.0,0.0,0.0,0.0,0.0,0.0,0.0,0.0,0.0,nan,nan,4.280024891101431,2.836664210839133,nan,0.4153,0.0811,0.0,0.0,0.0,0.0,0.0,0.0,0.0,0.0,0.0,0.0,0.0,0.0,0.0,0.0,0.0,0.0,0.0,0.00026310463468933414,8.095527221210281e-05,0.0,0.001912568306010929,4.0477636106051404e-05,0.0,5.059704513256426e-05,0.0,0.004887674559805708,0.00539364501113135,0.01884233960736693,0.01749645820684072,0.008854482898198745,0.01861971260878365,0.022930580854078123,0.048735073871685894,0.07644201578627809,0.03184578020643594,0.02690750860149767,0.026340821696012953,0.042005666869054846,0.05372394252175673,0.036257842541995544,0.026310463468933416,0.03541793159279498,0.04038656142481279,0.054816838696620115,0.014996964177292045,0.019783444646832626,0.03250354179315928,0.06965189232948796,0.04503137016798219,0.024215745800445256,0.06331714227889092,0.0309451528030763,0.018326249747014776,0.031046346893341428,0.01203197733252378,0.016201173851447075,0.002064359441408622,0.005150779194495042,0.0008399109492005667,0.00016191054442420561,0.0005565674964582068,0.00030358227079538557,0.003926330702286987,0.0,0.00596033191661607,0.001841732442825339,0.0025602104837077516,2.0238818053025702e-05,0.0,0.0,0.0,0.0,0.0,0.0,0.0,0.0,0.0,0.0,0.0,0.0,0.0,0.0,0.0,0.0,0.0,0.0,0.0,0.0,0.0,0.0,0.0,0.0,0.0,0.0,0.0,0.0,0.0,0.0,0.0,0.0,0.0,nan,nan,4.280024891101431,2.836664210839133,nan,0.8746283666995189,0.03660018154481999,0.0,0.0,0.0,0.0,0.0,0.0,0.0,0.0,0.0,0.0,0.0,0.0,0.0,0.0,0.0,0.0,0.0,0.0,0.0,0.0,0.0,0.024213075060532694,0.19370460048426155,0.4842615012106523,2.421307506053269,8.970944309927361,11.815980629539954,4.309927360774819,1.3680387409200971,0.41162227602905577,0.8727920793489958,0.03563065319816914,0.0,0.0,0.0,0.0,0.0,0.0,0.0,0.0,0.0,0.0,0.0,0.0,0.0,0.0,0.0,0.0,0.0,0.0,0.0,0.0,0.0,0.036540803897685756,0.14616321559074302,0.572472594397075,2.9963459196102322,8.611449451887943,11.851400730816081,4.531059683313034,0.9257003654080391,0.3288672350791718,0.4158,0.01654,0.0,0.0,0.0,0.0,0.0,0.0,0.0,0.0,0.0,0.0,0.06053268765133173,5.145278450363189,20.375302663438262,4.382566585956417,0.036319612590799036,0.0,0.0,0.0,0.0,0.0,0.0,0.0,0.0,0.0,0.0,0.0,0.0,0.0,0.0,0.0,0.415,0.01656,0.0,0.0,0.0,0.0,0.0,0.0,0.0,0.0,0.0,0.0,0.036540803897685756,5.615103532277702,20.365408038976863,3.9829476248477476,0.0,0.0,0.0,0.0,0.0,0.0,0.0,0.0,0.0,0.0,0.0,0.0,0.0,0.0,0.0,0.0
55700,4890,2508,0.5128834355828221,1181,985,0.4429447852760736,1367,0.5591002044989775,0.47,3.0323257766582703,3.1110506239130324,6.65072463768116,2.0376260119941794,6649.800000000001,9.094947017729282e-13,6649.8,6649.8,6649.800000000002,1.8189894035458565e-12,6649.8,0.0,27.969938650306748,20.948825469326284,32.884540593096744,19.20629857379136,0.1425357873210634,0.09734151329243354,0.09243353783231084,0.09182004089979551,0.0785276073619632,0.07341513292433538,0.06482617586912065,0.06503067484662577,0.05828220858895705,0.05214723926380368,0.046012269938650305,0.042740286298568506,0.03169734151329243,0.028425357873210634,0.01717791411042945,0.010838445807770962,0.006748466257668712,0.8736256555423658,0.03615410654218649,0.0,0.0,0.0,0.0,0.0,0.0,0.0,0.0,0.0,0.0,0.0,0.0,0.0,0.0,0.0,0.0,0.0,0.0,0.0,0.0,0.0,0.03680981595092025,0.11042944785276076,0.5950920245398754,2.6196319018404917,8.94478527607362,11.785276073619634,4.392638036809816,1.1042944785276076,0.41104294478527614,4.309948979591836,2.853721701290672,4.142857142857143,2.7994168488950604,0.9612311334714414,4.227703984819734,2.8308889145403358,4.3924455825864275,2.874056195122803,1.0389671553065742,0.4153,0.01656,0.0,0.0,0.0,0.0,0.0,0.0,0.0,0.0,0.0,0.0,0.04294478527607363,5.404907975460115,20.39263803680982,4.141104294478528,0.018404907975460124,0.0,0.0,0.0,0.0,0.0,0.0,0.0,0.0,0.0,0.0,0.0,0.0,0.0,0.0,0.0,nan,nan,4.309576837416481,2.8536127743814848,nan,0.4153,0.08093,0.0,0.0,0.0,0.0,0.0,0.0,0.0,0.0,0.0,0.0,0.0,0.0,0.0,0.0,0.0,0.0,0.0,0.00044989775051124743,0.0001226993865030675,2.0449897750511246e-05,0.0015950920245398773,0.0001738241308793456,5.112474437627812e-05,6.134969325153375e-05,0.0,0.0051533742331288344,0.005286298568507157,0.0198159509202454,0.017678936605316973,0.009049079754601227,0.017740286298568508,0.022893660531697342,0.046973415132924336,0.07587934560327199,0.031339468302658484,0.0282719836400818,0.0270961145194274,0.041329243353783233,0.05320040899795501,0.03495910020449898,0.02705521472392638,0.03703476482617587,0.04033742331288344,0.053517382413087934,0.01576687116564417,0.02140081799591002,0.03343558282208589,0.06939672801635992,0.0468200408997955,0.024284253578732106,0.0625357873210634,0.029406952965235173,0.019028629856850717,0.030664621676891615,0.011952965235173824,0.01594069529652352,0.0012883435582822086,0.005368098159509203,0.0006952965235173824,0.00019427402862985684,0.0006134969325153375,0.00020449897750511248,0.003752556237218814,0.0,0.005674846625766871,0.0019120654396728015,0.002331288343558282,0.0001738241308793456,7.157464212678937e-05,0.0,0.0,0.0,0.0,0.0,0.0,0.0,0.0,0.0,0.0,0.0,0.0,0.0,0.0,0.0,0.0,0.0,0.0,0.0,0.0,0.0,0.0,0.0,0.0,0.0,0.0,0.0,0.0,0.0,0.0,0.0,0.0,nan,nan,4.309576837416481,2.8536127743814848,nan,0.8735848976569502,0.03603111844150762,0.0,0.0,0.0,0.0,0.0,0.0,0.0,0.0,0.0,0.0,0.0,0.0,0.0,0.0,0.0,0.0,0.0,0.0,0.0,0.0,0.0,0.03588516746411484,0.09569377990430625,0.5622009569377974,2.679425837320575,9.078947368421055,11.578947368421055,4.44976076555024,1.11244019138756,0.4066985645933015,0.8736685693864558,0.03628310028097687,0.0,0.0,0.0,0.0,0.0,0.0,0.0,0.0,0.0,0.0,0.0,0.0,0.0,0.0,0.0,0.0,0.0,0.0,0.0,0.0,0.0,0.037783375314861464,0.12594458438287157,0.6297229219143556,2.5566750629722925,8.803526448362723,12.00251889168766,4.3324937027707815,1.0957178841309825,0.41561712846347615,0.4148,0.01642,0.0,0.0,0.0,0.0,0.0,0.0,0.0,0.0,0.0,0.0,0.0598086124401914,5.4066985645932935,20.574162679425843,3.923444976076556,0.03588516746411484,0.0,0.0,0.0,0.0,0.0,0.0,0.0,0.0,0.0,0.0,0.0,0.0,0.0,0.0,0.0,0.4155,0.0167,0.0,0.0,0.0,0.0,0.0,0.0,0.0,0.0,0.0,0.0,0.025188916876574312,5.403022670025181,20.201511335012597,4.3702770780856435,0.0,0.0,0.0,0.0,0.0,0.0,0.0,0.0,0.0,0.0,0.0,0.0,0.0,0.0,0.0,0.0
55800,4860,2511,0.5166666666666667,1192,984,0.4477366255144033,1390,0.5720164609053497,0.43799999999999994,3.009365687526607,3.03476338898225,6.451063829787234,2.036044594715557,6649.800000000001,9.094947017729282e-13,6649.8,6649.8,6649.800000000002,1.8189894035458565e-12,6649.800000000001,9.094947017729282e-13,28.57201646090535,21.05032082997778,33.536638983878845,19.210720551595266,0.1374485596707819,0.0934156378600823,0.08662551440329218,0.08765432098765433,0.08497942386831275,0.07839506172839507,0.06707818930041153,0.06337448559670782,0.05473251028806585,0.05617283950617284,0.04609053497942387,0.04465020576131687,0.034156378600823045,0.02962962962962963,0.013991769547325103,0.01213991769547325,0.009465020576131687,0.8747309476873021,0.036307760616363365,0.0,0.0,0.0,0.0,0.0,0.0,0.0,0.0,0.0,0.0,0.0,0.0,0.0,0.0,0.0,0.0,0.0,0.0,0.0,0.0,0.0,0.0,0.12962962962962965,0.5185185185185169,2.6234567901234573,8.654320987654323,11.70987654320988,4.728395061728396,1.2160493827160497,0.4197530864197532,4.209419152276295,2.8104602451866274,4.5,2.9297326385411577,1.0690311031550683,4.165404040404041,2.8314013178300845,4.253889234598631,2.789483003655201,1.0212428838442302,0.4155,0.01605,0.0,0.0,0.0,0.0,0.0,0.0,0.0,0.0,0.0,0.0,0.012345679012345682,5.197530864197524,20.765432098765437,3.9814814814814823,0.04320987654320989,0.0,0.0,0.0,0.0,0.0,0.0,0.0,0.0,0.0,0.0,0.0,0.0,0.0,0.0,0.0,nan,nan,4.209965528047634,2.810717451199202,nan,0.4155,0.08167,0.0,0.0,0.0,0.0,0.0,0.0,0.0,0.0,0.0,0.0,0.0,0.0,0.0,0.0,0.0,0.0,0.0,0.00030864197530864197,0.0001748971193415638,0.0,0.0015843621399176955,5.1440329218106995e-05,7.20164609053498e-05,9.259259259259259e-05,2.05761316872428e-05,0.004598765432098765,0.006224279835390947,0.02080246913580247,0.019588477366255144,0.009166666666666667,0.020061728395061727,0.019660493827160494,0.044681069958847734,0.07210905349794239,0.03292181069958848,0.02977366255144033,0.02626543209876543,0.04170781893004115,0.0548045267489712,0.034300411522633745,0.026450617283950616,0.03566872427983539,0.04220164609053498,0.05554526748971193,0.015915637860082304,0.021584362139917695,0.034434156378600825,0.06754115226337448,0.0477880658436214,0.023786008230452675,0.059434156378600826,0.028960905349794237,0.0175,0.029547325102880658,0.011481481481481481,0.017705761316872428,0.001337448559670782,0.0059156378600823045,0.0006069958847736626,0.00023662551440329217,0.0008950617283950618,0.000257201646090535,0.004701646090534979,1.02880658436214e-05,0.007170781893004115,0.002139917695473251,0.002119341563786008,5.1440329218106995e-05,4.11522633744856e-05,0.0,0.0,0.0,0.0,0.0,0.0,0.0,0.0,0.0,0.0,0.0,0.0,0.0,0.0,0.0,0.0,0.0,0.0,0.0,0.0,0.0,0.0,0.0,0.0,0.0,0.0,0.0,0.0,0.0,0.0,0.0,0.0,nan,nan,4.209965528047634,2.810717451199202,nan,0.8747443134734375,0.037203431197394936,0.0,0.0,0.0,0.0,0.0,0.0,0.0,0.0,0.0,0.0,0.0,0.0,0.0,0.0,0.0,0.0,0.0,0.0,0.0,0.0,0.0,0.0,0.14336917562724016,0.5973715651134986,2.6523297491039433,8.6857825567503,11.206690561529275,5.005973715651137,1.2664277180406216,0.44205495818399054,0.8747166601228126,0.035325209969358486,0.0,0.0,0.0,0.0,0.0,0.0,0.0,0.0,0.0,0.0,0.0,0.0,0.0,0.0,0.0,0.0,0.0,0.0,0.0,0.0,0.0,0.0,0.11494252873563221,0.43422733077905357,2.592592592592593,8.620689655172415,12.247765006385698,4.431673052362708,1.162196679438059,0.3959131545338443,0.4155,0.01588,0.0,0.0,0.0,0.0,0.0,0.0,0.0,0.0,0.0,0.0,0.011947431302270014,4.910394265232967,21.158900836320196,3.8829151732377545,0.03584229390681004,0.0,0.0,0.0,0.0,0.0,0.0,0.0,0.0,0.0,0.0,0.0,0.0,0.0,0.0,0.0,0.4153,0.01622,0.0,0.0,0.0,0.0,0.0,0.0,0.0,0.0,0.0,0.0,0.012771392081736912,5.5044699872286005,20.3448275862069,4.086845466155812,0.05108556832694765,0.0,0.0,0.0,0.0,0.0,0.0,0.0,0.0,0.0,0.0,0.0,0.0,0.0,0.0,0.0
55900,4719,2413,0.5113371477007841,1130,1002,0.45179063360881544,1345,0.5700360245814792,0.46199999999999997,2.9739809193408497,3.0567371779122703,6.553822152886116,2.1271563843551817,6649.8,0.0,6649.8,6649.8,6649.800000000002,1.8189894035458565e-12,6649.800000000001,9.094947017729282e-13,27.39160839160839,20.516649091746658,32.320344129554655,18.776104933685396,0.141555414282687,0.10277601186692095,0.0942996397541852,0.08582326764144946,0.07925407925407925,0.08052553507098961,0.07310870947234584,0.059758423394787034,0.05848696757787667,0.05467260012714558,0.050222504767959315,0.036872218690400506,0.0271243907607544,0.02161474888747616,0.018436109345200253,0.008688281415554142,0.0067810976901886,0.8743527973069557,0.03558477244748693,0.0,0.0,0.0,0.0,0.0,0.0,0.0,0.0,0.0,0.0,0.0,0.0,0.0,0.0,0.0,0.0,0.0,0.0,0.0,0.0,0.0,0.012714558169103626,0.11443102352193264,0.642085187539731,2.4221233312142405,8.811188811188813,11.818181818181822,4.755244755244756,1.0934520025429117,0.33057851239669434,4.341406768414068,2.8515407792909953,5.666666666666667,2.6246692913372702,1.3052604763724367,4.389322916666667,2.8398192723994766,4.293243243243243,2.86365062233134,0.978110593536283,0.4158,0.01666,0.0,0.0,0.0,0.0,0.0,0.0,0.0,0.0,0.0,0.0,0.019071837253655438,5.136681500317856,20.47043865225684,4.322949777495233,0.050858232676414504,0.0,0.0,0.0,0.0,0.0,0.0,0.0,0.0,0.0,0.0,0.0,0.0,0.0,0.0,0.0,nan,nan,4.342724560822009,2.851630077948704,nan,0.4158,0.08136,0.0,0.0,0.0,0.0,0.0,0.0,0.0,0.0,0.0,0.0,0.0,0.0,0.0,0.0,0.0,0.0,0.0,0.0001377410468319559,0.00012714558169103624,0.0,0.0013244331426149607,5.2977325704598435e-05,0.0,0.00010595465140919687,1.0595465140919687e-05,0.004216995126086035,0.006134774316592499,0.019824115278660733,0.02166772621318076,0.00912269548633185,0.01893409620682348,0.02195380377198559,0.044416189870735326,0.07089425725789363,0.03275058275058275,0.031002331002331,0.024846365755456665,0.04114219114219114,0.0533905488450943,0.033142614960796776,0.026541640178003815,0.03644840008476372,0.04298580207671117,0.053189235007416825,0.0175990675990676,0.022684890866709048,0.03264462809917355,0.070184361093452,0.046556473829201105,0.025863530408984956,0.05930281839372748,0.029423606696333968,0.01793812248357703,0.02875609239245603,0.011210002119093029,0.018711591438864167,0.0011019283746556473,0.006028819665183301,0.000508582326764145,0.00030726848908667093,0.0011443102352193262,0.0002542911633820725,0.00472557745285018,1.0595465140919687e-05,0.0075439711803348165,0.0013668150031786396,0.0015681288408561135,4.238186056367875e-05,0.0001483365119728756,0.0,1.0595465140919687e-05,0.0,0.0,0.0,0.0,0.0,0.0,0.0,0.0,0.0,0.0,0.0,0.0,0.0,0.0,0.0,0.0,0.0,0.0,0.0,0.0,0.0,0.0,0.0,0.0,0.0,0.0,0.0,0.0,0.0,0.0,nan,nan,4.342724560822009,2.851630077948704,nan,0.8750042996859086,0.035035262771418864,0.0,0.0,0.0,0.0,0.0,0.0,0.0,0.0,0.0,0.0,0.0,0.0,0.0,0.0,0.0,0.0,0.0,0.0,0.0,0.0,0.0,0.0,0.09946125155408207,0.6216328222130109,2.2254455035225864,9.001243265644428,11.699129714048905,4.898466639038542,1.1811023622047245,0.2735184417737257,0.8736710647655794,0.03613826443994953,0.0,0.0,0.0,0.0,0.0,0.0,0.0,0.0,0.0,0.0,0.0,0.0,0.0,0.0,0.0,0.0,0.0,0.0,0.0,0.0,0.0,0.02601908065915005,0.13009540329575023,0.663486556808324,2.6279271465741547,8.612315698178666,11.942758022549873,4.605377276669558,1.0017346053772769,0.39028620988725077,0.4155,0.0165,0.0,0.0,0.0,0.0,0.0,0.0,0.0,0.0,0.0,0.0,0.012432656444260259,5.171985080812259,20.46415250725239,4.289266473269789,0.0621632822213013,0.0,0.0,0.0,0.0,0.0,0.0,0.0,0.0,0.0,0.0,0.0,0.0,0.0,0.0,0.0,0.4158,0.01683,0.0,0.0,0.0,0.0,0.0,0.0,0.0,0.0,0.0,0.0,0.02601908065915005,5.099739809193402,20.477016478751086,4.358196010407633,0.039028620988725074,0.0,0.0,0.0,0.0,0.0,0.0,0.0,0.0,0.0,0.0,0.0,0.0,0.0,0.0,0.0
56000,4754,2436,0.5124106015986538,1074,999,0.43605384938998737,1328,0.5586874211190577,0.494,3.0569456427955135,3.1519255502554815,6.777604976671851,2.0427764138365756,6649.8,0.0,6649.8,6649.8,6649.800000000002,1.8189894035458565e-12,6649.800000000001,9.094947017729282e-13,27.413967185527977,20.87582390424089,32.435374149659864,19.20019364476094,0.1426167437946992,0.10201935212452672,0.10138830458561211,0.08729490954985275,0.07909129154396298,0.08245687841817417,0.06415649978965082,0.05427008834665545,0.05910811947833403,0.05258729490954985,0.04291123264619268,0.038704249053428695,0.0340765671013883,0.02482120319730753,0.015986537652503154,0.011148506520824568,0.007362221287336979,0.8724568813199198,0.035006815773407675,0.0,0.0,0.0,0.0,0.0,0.0,0.0,0.0,0.0,0.0,0.0,0.0,0.0,0.0,0.0,0.0,0.0,0.0,0.0,0.0,0.0,0.025241901556583936,0.11989903239377368,0.5994951619688665,2.574673958771561,9.472023559108122,11.604964240639465,4.3352965923432905,0.9970551114850654,0.27135044173327727,4.499665551839465,2.883669836789453,5.0,3.696845502136472,1.111193697041772,4.408536585365853,2.8748338515705156,4.590131578947369,2.8932375752601973,1.041191672126374,0.415,0.01674,0.0,0.0,0.0,0.0,0.0,0.0,0.0,0.0,0.0,0.0,0.03155237694572992,5.660496424063938,20.180900294488854,4.114429953723182,0.012620950778291968,0.0,0.0,0.0,0.0,0.0,0.0,0.0,0.0,0.0,0.0,0.0,0.0,0.0,0.0,0.0,nan,nan,4.500667556742323,2.8856140732494273,nan,0.415,0.0815,0.0,0.0,0.0,0.0,0.0,0.0,0.0,0.0,0.0,0.0,0.0,0.0,0.0,0.0,0.0,0.0,0.0,0.00010517458981909971,0.00010517458981909971,0.0,0.0008624316365166176,9.465713083718974e-05,3.155237694572991e-05,0.00016827934371055952,5.2587294909549855e-05,0.004564577198148927,0.005153554901135886,0.0214135464871687,0.022959612957509465,0.010002103491796381,0.01742742953302482,0.023643247791333612,0.04537231804795961,0.07021455616323097,0.03336137989061843,0.0320677324358435,0.025925536390408076,0.03972444257467396,0.050515355490113587,0.03429743374000841,0.02559949516196887,0.037452671434581405,0.047454774926377785,0.0504206983592764,0.01769036600757257,0.023033235170382835,0.03153134202776609,0.06836348338241481,0.045267143458140514,0.025262936474547748,0.06103281447202356,0.029427850231384098,0.01779554059739167,0.028891459823306688,0.011180058897770299,0.016901556583929323,0.0008413967185527977,0.005037862852334876,0.001051745898190997,0.0003155237694572991,0.0009255363904080774,0.00026293647454774926,0.005395456457719815,0.0,0.007435843500210349,0.0012200252419015565,0.0019772822885990747,4.206983592763988e-05,0.00012620950778291965,0.0,0.0,0.0,0.0,0.0,0.0,0.0,0.0,0.0,0.0,0.0,0.0,0.0,0.0,0.0,0.0,0.0,0.0,0.0,0.0,0.0,0.0,0.0,0.0,0.0,0.0,0.0,0.0,0.0,0.0,0.0,0.0,nan,nan,4.500667556742323,2.8856140732494273,nan,0.8722282796608795,0.03527930681090663,0.0,0.0,0.0,0.0,0.0,0.0,0.0,0.0,0.0,0.0,0.0,0.0,0.0,0.0,0.0,0.0,0.0,0.0,0.0,0.0,0.0,0.024630541871921187,0.13546798029556653,0.7019704433497516,2.561576354679804,9.495073891625617,11.317733990147786,4.532019704433498,0.997536945812808,0.23399014778325128,0.8726971201643643,0.03471652647339874,0.0,0.0,0.0,0.0,0.0,0.0,0.0,0.0,0.0,0.0,0.0,0.0,0.0,0.0,0.0,0.0,0.0,0.0,0.0,0.0,0.0,0.02588438308886972,0.10353753235547888,0.491803278688523,2.588438308886972,9.447799827437448,11.906816220880073,4.12855910267472,0.9965487489214843,0.3106125970664366,0.4148,0.0166,0.0,0.0,0.0,0.0,0.0,0.0,0.0,0.0,0.0,0.0,0.049261083743842374,5.726600985221666,20.024630541871925,4.199507389162562,0.0,0.0,0.0,0.0,0.0,0.0,0.0,0.0,0.0,0.0,0.0,0.0,0.0,0.0,0.0,0.0,0.415,0.01689,0.0,0.0,0.0,0.0,0.0,0.0,0.0,0.0,0.0,0.0,0.01294219154443486,5.59102674719585,20.3451251078516,4.025021570319241,0.02588438308886972,0.0,0.0,0.0,0.0,0.0,0.0,0.0,0.0,0.0,0.0,0.0,0.0,0.0,0.0,0.0
56100,4899,2539,0.518269034496836,1204,999,0.4496836088997755,1404,0.5731781996325781,0.45399999999999996,3.04364406779661,3.057534778896182,6.498538011695906,2.001095656759686,6649.8,0.0,6649.8,6649.8,6649.800000000001,9.094947017729282e-13,6649.800000000001,9.094947017729282e-13,28.52051439069198,20.917945858309235,33.53894685755885,19.000376750944596,0.14145744029393753,0.0892018779342723,0.0877730149010002,0.08430291896305368,0.08471116554398857,0.07593386405388855,0.06348234333537457,0.0694019187589304,0.061645233721167585,0.05756276791181874,0.04082465809348847,0.04674423351704429,0.036946315574607064,0.02469891814656052,0.01837109614206981,0.010818534394774443,0.00612369871402327,0.8742512257567813,0.03531319397628979,0.0,0.0,0.0,0.0,0.0,0.0,0.0,0.0,0.0,0.0,0.0,0.0,0.0,0.0,0.0,0.0,0.0,0.0,0.0,0.0,0.006123698714023271,0.024494794856093086,0.14084507042253525,0.5082669932639299,2.3392529087568894,9.15492957746479,11.8677281077771,4.543784445805267,1.0349050826699329,0.37966932026944283,4.3134375,2.8222676048868487,5.636363636363637,2.05703790890632,1.3066988072421675,4.30239898989899,2.822187399800895,4.333128457283344,2.8198789871632584,1.0071424029841258,0.4153,0.01608,0.0,0.0,0.0,0.0,0.0,0.0,0.0,0.0,0.0,0.0,0.024494794856093086,5.137783221065516,21.016533986527868,3.7783221065523582,0.0428658909981629,0.0,0.0,0.0,0.0,0.0,0.0,0.0,0.0,0.0,0.0,0.0,0.0,0.0,0.0,0.0,nan,nan,4.3179694799128,2.8210598074018822,nan,0.4153,0.0813,0.0,0.0,0.0,0.0,0.0,0.0,0.0,0.0,0.0,0.0,0.0,0.0,0.0,0.0,0.0,0.0,0.0,1.0206164523372116e-05,7.144315166360481e-05,0.0,0.0005817513778322106,3.061849357011635e-05,7.144315166360481e-05,0.00021432945499081445,0.00010206164523372117,0.004705041845274546,0.004756072667891406,0.02204531537048377,0.021933047560726678,0.01022657685241886,0.017228005715452133,0.023872218820167383,0.04516227801592162,0.0709736680955297,0.03204735660338845,0.03135333741579914,0.02627066748315983,0.03851806491120637,0.05063278220044907,0.03379261073688508,0.02767911818738518,0.038068993672177996,0.04696876913655848,0.053051643192488264,0.01823841600326597,0.022208614002857726,0.028944682588283324,0.06622780159216167,0.043998775260257195,0.025821596244131457,0.06307409675443969,0.029771381914676466,0.019646866707491325,0.02997550520514391,0.011267605633802818,0.01658501735047969,0.0006838130230659318,0.00506225760359257,0.0011839150847111656,0.00015309246785058175,0.000877730149010002,0.0002449479485609308,0.004204939783629312,6.12369871402327e-05,0.008032251479893856,0.001143090426617677,0.0020718513982445398,8.164931618697693e-05,7.144315166360481e-05,0.0,0.0,0.0,0.0,0.0,0.0,0.0,0.0,0.0,0.0,0.0,0.0,0.0,0.0,0.0,0.0,0.0,0.0,0.0,0.0,0.0,0.0,0.0,0.0,0.0,0.0,0.0,0.0,0.0,0.0,0.0,0.0,nan,nan,4.3179694799128,2.8210598074018822,nan,0.8740996718171921,0.0354439532022644,0.0,0.0,0.0,0.0,0.0,0.0,0.0,0.0,0.0,0.0,0.0,0.0,0.0,0.0,0.0,0.0,0.0,0.0,0.0,0.0,0.011815675462780626,0.011815675462780626,0.18905080740449,0.5435210712879069,2.3631350925561248,9.015360378101617,12.004726270185115,4.454509649468295,1.0515951161874755,0.35447026388341873,0.8744142746773816,0.03517124494972212,0.0,0.0,0.0,0.0,0.0,0.0,0.0,0.0,0.0,0.0,0.0,0.0,0.0,0.0,0.0,0.0,0.0,0.0,0.0,0.0,0.0,0.03813559322033899,0.08898305084745765,0.47033898305084604,2.313559322033899,9.305084745762713,11.720338983050851,4.639830508474577,1.016949152542373,0.40677966101694923,0.4155,0.01607,0.0,0.0,0.0,0.0,0.0,0.0,0.0,0.0,0.0,0.0,0.011815675462780626,4.986215045293416,21.232768806616782,3.721937770775897,0.0472627018511225,0.0,0.0,0.0,0.0,0.0,0.0,0.0,0.0,0.0,0.0,0.0,0.0,0.0,0.0,0.0,0.415,0.01611,0.0,0.0,0.0,0.0,0.0,0.0,0.0,0.0,0.0,0.0,0.03813559322033899,5.3008474576271105,20.783898305084747,3.8389830508474585,0.03813559322033899,0.0,0.0,0.0,0.0,0.0,0.0,0.0,0.0,0.0,0.0,0.0,0.0,0.0,0.0,0.0
56200,4786,2484,0.5190137902214793,1171,989,0.4513163393230255,1351,0.564563309653155,0.47,2.9856646394439617,3.086258249017267,6.618296529968454,2.1103723714404947,6649.800000000001,9.094947017729282e-13,6649.8,6649.8,6649.800000000001,9.094947017729282e-13,6649.800000000001,9.094947017729282e-13,27.805683242791474,20.753489606407168,32.81911177644711,18.94930899496622,0.14249895528625156,0.09653155035520268,0.09674049310488926,0.08775595486836607,0.07647304638529043,0.07124947764312578,0.0710405348934392,0.06644379440033431,0.058921855411617215,0.05265357292101964,0.05056414542415378,0.039908065190137905,0.029669870455495195,0.025908900961136648,0.017551190973673213,0.010029251984956121,0.00605933974091099,0.8744895311140187,0.034637207594574344,0.0,0.0,0.0,0.0,0.0,0.0,0.0,0.0,0.0,0.0,0.0,0.0,0.0,0.0,0.0,0.0,0.0,0.0,0.0,0.0,0.0,0.006268282490597577,0.07521938988717093,0.5704137066443776,2.6514834935227753,8.549937317175095,11.984956122022568,4.845382365231927,1.0405348934391978,0.2758044295862934,4.310311284046692,2.83667111522339,7.333333333333333,2.0548046676563256,1.7013465733844881,4.318674314850223,2.7644588135682473,4.30764163372859,2.91121715905898,0.9974453546812512,0.416,0.01585,0.0,0.0,0.0,0.0,0.0,0.0,0.0,0.0,0.0,0.0,0.0,4.795236105307139,20.9674049310489,4.212285833681572,0.02507312996239031,0.0,0.0,0.0,0.0,0.0,0.0,0.0,0.0,0.0,0.0,0.0,0.0,0.0,0.0,0.0,nan,nan,4.313249109167477,2.837579743135126,nan,0.416,0.08093,0.0,0.0,0.0,0.0,0.0,0.0,0.0,0.0,0.0,0.0,0.0,0.0,0.0,0.0,0.0,0.0,0.0,0.0,1.0447137484329294e-05,0.0,0.00039699122440451317,1.0447137484329294e-05,2.0894274968658587e-05,0.00013581278729628081,0.00014625992478061012,0.004722106142916841,0.003949017969076473,0.01983911408274133,0.020988299206017552,0.010238194734642709,0.018407856247388214,0.0229314667781028,0.04623903050564145,0.0703614709569578,0.03149811951525282,0.03347262849979106,0.02719389887170915,0.03829920601755119,0.04925825323861262,0.034632260760551606,0.026253656498119515,0.039072294191391556,0.04546594233180109,0.04965524446301713,0.018700376096949436,0.023474717927287923,0.03066234851650648,0.06786460509820309,0.04320936063518596,0.02824905975762641,0.06528416213957376,0.030087755954868366,0.01918094442122858,0.027904304220643543,0.011857501044713748,0.016360217300459674,0.0007835353113246971,0.005599665691600502,0.0006686167989970748,0.0001671541997492687,0.0007208524864187213,0.00024028416213957375,0.0047430004178854995,1.0447137484329294e-05,0.007709987463435018,0.0010029251984956123,0.0018595904722106143,0.00037609694943585456,7.312996239030506e-05,1.0447137484329294e-05,0.0,0.0,0.0,0.0,0.0,0.0,0.0,0.0,0.0,0.0,0.0,0.0,0.0,0.0,0.0,0.0,0.0,0.0,0.0,0.0,0.0,0.0,0.0,0.0,0.0,0.0,0.0,0.0,0.0,0.0,0.0,nan,nan,4.313249109167477,2.837579743135126,nan,0.8746257936177046,0.03539356595962253,0.0,0.0,0.0,0.0,0.0,0.0,0.0,0.0,0.0,0.0,0.0,0.0,0.0,0.0,0.0,0.0,0.0,0.0,0.0,0.0,0.0,0.0,0.0603864734299517,0.6159420289855053,2.5966183574879236,8.756038647342997,11.727053140096622,4.722222222222223,1.1835748792270533,0.3381642512077296,0.8743424954671222,0.03380145508266212,0.0,0.0,0.0,0.0,0.0,0.0,0.0,0.0,0.0,0.0,0.0,0.0,0.0,0.0,0.0,0.0,0.0,0.0,0.0,0.0,0.0,0.013032145960034755,0.09122502172024329,0.5212858384013885,2.7106863596872293,8.327541268462209,12.263249348392705,4.978279756733277,0.8861859252823634,0.20851433536055608,0.4158,0.01588,0.0,0.0,0.0,0.0,0.0,0.0,0.0,0.0,0.0,0.0,0.0,5.036231884057964,20.85748792270532,4.082125603864735,0.024154589371980683,0.0,0.0,0.0,0.0,0.0,0.0,0.0,0.0,0.0,0.0,0.0,0.0,0.0,0.0,0.0,0.416,0.01582,0.0,0.0,0.0,0.0,0.0,0.0,0.0,0.0,0.0,0.0,0.0,4.535186794092088,21.086012163336232,4.352736750651608,0.02606429192006951,0.0,0.0,0.0,0.0,0.0,0.0,0.0,0.0,0.0,0.0,0.0,0.0,0.0,0.0,0.0
56300,4873,2557,0.524728093576852,1206,1019,0.456597578493741,1373,0.5635132361994665,0.45399999999999996,3.045336787564767,3.0738070854945754,6.688854489164087,2.0247920629860343,6649.800000000001,9.094947017729282e-13,6649.8,6649.8,6649.800000000002,1.8189894035458565e-12,6649.800000000001,9.094947017729282e-13,27.717012107531296,20.655494375984613,32.622770583923774,18.89447309546459,0.14118612764210958,0.09357685204186333,0.0956289759901498,0.08885696696080443,0.08434229427457418,0.0736712497434845,0.07613379848142827,0.06176893084342294,0.05479170941924892,0.05499692181407757,0.042684178124358714,0.041658116150215474,0.032833983172583625,0.024830699774266364,0.016827416375949106,0.01046583213626103,0.005745947055202134,0.8742764824693657,0.036007902980298365,0.0,0.0,0.0,0.0,0.0,0.0,0.0,0.0,0.0,0.0,0.0,0.0,0.0,0.0,0.0,0.0,0.0,0.0,0.0,0.0,0.0,0.012312743689718861,0.12312743689718861,0.6587317873999569,2.5056433408577883,8.526575005130312,12.00492509747589,4.672686230248308,1.1450851631438541,0.3509131951569876,4.236230499840815,2.851337089741792,3.0,2.280350850198276,0.7081767623628439,4.221587301587301,2.846068413967171,4.247133757961784,2.856673057357299,1.006051386492677,0.4163,0.01578,0.0,0.0,0.0,0.0,0.0,0.0,0.0,0.0,0.0,0.0,0.018469115534578293,4.531089677816533,21.239482864765037,4.161707367124975,0.049250974758875445,0.0,0.0,0.0,0.0,0.0,0.0,0.0,0.0,0.0,0.0,0.0,0.0,0.0,0.0,0.0,nan,nan,4.234265734265734,2.8509456921221425,nan,0.4163,0.0809,0.0,0.0,0.0,0.0,0.0,0.0,0.0,0.0,0.0,0.0,0.0,0.0,0.0,0.0,0.0,0.0,0.0,0.0,0.0,0.0,0.0004104247896572953,5.130309870716191e-05,2.0521239482864765e-05,0.00026677611327724195,0.00031807921198440386,0.0044838908270059515,0.003775908064847117,0.019659347424584445,0.021639647034680895,0.01068130515083111,0.017135234968192078,0.02191668376769957,0.047516930022573366,0.07070593063821055,0.03288528627129079,0.033234147342499486,0.026554483890827006,0.03655858813872358,0.04866611943361379,0.03405499692181408,0.028062794992817566,0.03698953416786374,0.04281756618099733,0.05012312743689719,0.017884260209316643,0.026554483890827006,0.0315924481838703,0.06781243587112662,0.04266365688487585,0.029437718038169504,0.06539092961214857,0.03170531500102606,0.019833777960188797,0.027139339216088652,0.012128052534373076,0.015319105273958546,0.0012723168479376154,0.005786989534167864,0.000615637184485943,0.00021547301457008002,0.0008208495793145906,0.00018469115534578288,0.004843012517956085,3.078185922429715e-05,0.0067514877898625075,0.0015185717217319926,0.0015698748204391545,0.00031807921198440386,8.208495793145906e-05,0.0,0.0,0.0,0.0,0.0,0.0,0.0,0.0,0.0,0.0,0.0,0.0,0.0,0.0,0.0,0.0,0.0,0.0,0.0,0.0,0.0,0.0,0.0,0.0,0.0,0.0,0.0,0.0,0.0,0.0,0.0,0.0,nan,nan,4.234265734265734,2.8509456921221425,nan,0.8744727389207332,0.03585845082536349,0.0,0.0,0.0,0.0,0.0,0.0,0.0,0.0,0.0,0.0,0.0,0.0,0.0,0.0,0.0,0.0,0.0,0.0,0.0,0.0,0.0,0.0,0.12905748924520924,0.6335549472037525,2.581149784904185,8.400469299960893,11.93195150567071,4.927649589362535,1.0207274149393823,0.375439968713336,0.8740598038224976,0.03617095292415818,0.0,0.0,0.0,0.0,0.0,0.0,0.0,0.0,0.0,0.0,0.0,0.0,0.0,0.0,0.0,0.0,0.0,0.0,0.0,0.0,0.0,0.025906735751295342,0.11658031088082904,0.6865284974093243,2.4222797927461146,8.665803108808293,12.085492227979278,4.39119170984456,1.2823834196891193,0.32383419689119175,0.416,0.01569,0.0,0.0,0.0,0.0,0.0,0.0,0.0,0.0,0.0,0.0,0.0234649980445835,4.528744622604608,21.49393820883849,3.8951896754008613,0.058662495111458754,0.0,0.0,0.0,0.0,0.0,0.0,0.0,0.0,0.0,0.0,0.0,0.0,0.0,0.0,0.0,0.4163,0.01588,0.0,0.0,0.0,0.0,0.0,0.0,0.0,0.0,0.0,0.0,0.012953367875647671,4.533678756476678,20.95854922279793,4.455958549222799,0.03886010362694301,0.0,0.0,0.0,0.0,0.0,0.0,0.0,0.0,0.0,0.0,0.0,0.0,0.0,0.0,0.0
56400,4970,2496,0.5022132796780684,1175,1066,0.4509054325955734,1430,0.5754527162977867,0.44199999999999995,2.973726758286176,3.139655110281255,6.676595744680851,2.163613942106666,6649.800000000001,9.094947017729282e-13,6649.8,6649.8,6649.800000000002,1.8189894035458565e-12,6649.800000000001,9.094947017729282e-13,27.528370221327968,20.7168731462425,32.48726573762614,18.99057547869564,0.1420523138832998,0.103420523138833,0.09114688128772636,0.08913480885311871,0.08108651911468813,0.08048289738430583,0.06639839034205232,0.060764587525150904,0.06237424547283702,0.04647887323943662,0.043259557344064385,0.0420523138832998,0.031388329979879274,0.026961770623742453,0.017303822937625755,0.010261569416498993,0.005432595573440644,0.8746815330185881,0.03563664559185841,0.0,0.0,0.0,0.0,0.0,0.0,0.0,0.0,0.0,0.0,0.0,0.0,0.0,0.0,0.0,0.0,0.0,0.0,0.0,0.0,0.0,0.04828973843058351,0.15090543259557346,0.48289738430583357,2.2213279678068414,9.048289738430585,11.776659959758554,4.7505030181086525,1.183098591549296,0.3380281690140846,4.386842933585143,2.9519054325834886,5.636363636363637,2.459590774267033,1.284833699700601,4.417976115650534,2.918228314357107,4.364433312460864,2.983559608080661,0.9878806942844267,0.416,0.01607,0.0,0.0,0.0,0.0,0.0,0.0,0.0,0.0,0.0,0.0,0.030181086519114695,4.708249496981884,20.776659959758558,4.472837022132797,0.012072434607645878,0.0,0.0,0.0,0.0,0.0,0.0,0.0,0.0,0.0,0.0,0.0,0.0,0.0,0.0,0.0,nan,nan,4.391154328732748,2.951257656339045,nan,0.416,0.0805,0.0,0.0,0.0,0.0,0.0,0.0,0.0,0.0,0.0,0.0,0.0,0.0,0.0,0.0,0.0,0.0,0.0,0.0,0.0,0.0,0.00028169014084507044,7.042253521126761e-05,0.0,0.00010060362173038229,0.000482897384305835,0.004577464788732394,0.005060362173038229,0.01853118712273642,0.020724346076458754,0.010291750503018109,0.01613682092555332,0.021056338028169013,0.04745472837022133,0.07382293762575452,0.033641851106639836,0.033269617706237424,0.027092555331991952,0.035935613682092554,0.04936619718309859,0.03440643863179074,0.02749496981891348,0.03762575452716298,0.04266599597585513,0.0472635814889336,0.01720321931589537,0.024356136820925554,0.03449698189134809,0.06932595573440643,0.041901408450704225,0.02966800804828974,0.066579476861167,0.03297786720321932,0.0206841046277666,0.026156941649899398,0.010935613682092555,0.015090543259557344,0.0017203219315895372,0.005573440643863179,0.0004124748490945674,0.00011066398390342052,0.0013380281690140844,0.00022132796780684105,0.004305835010060362,7.042253521126761e-05,0.006730382293762575,0.0010261569416498994,0.0013480885311871228,0.0004124748490945674,0.0,0.0,0.0,0.0,0.0,0.0,0.0,0.0,0.0,0.0,0.0,0.0,0.0,0.0,0.0,0.0,0.0,0.0,0.0,0.0,0.0,0.0,0.0,0.0,0.0,0.0,0.0,0.0,0.0,0.0,0.0,0.0,0.0,nan,nan,4.391154328732748,2.951257656339045,nan,0.8754609369028074,0.03594788419482649,0.0,0.0,0.0,0.0,0.0,0.0,0.0,0.0,0.0,0.0,0.0,0.0,0.0,0.0,0.0,0.0,0.0,0.0,0.0,0.0,0.0,0.060096153846153855,0.14423076923076925,0.3846153846153834,2.1995192307692313,8.930288461538463,11.790865384615387,4.939903846153848,1.105769230769231,0.44471153846153855,0.8738951982995051,0.035302426574383976,0.0,0.0,0.0,0.0,0.0,0.0,0.0,0.0,0.0,0.0,0.0,0.0,0.0,0.0,0.0,0.0,0.0,0.0,0.0,0.0,0.0,0.03637833468067907,0.15763945028294266,0.5820533548908632,2.2433306386418757,9.167340339531124,11.762328213419567,4.55941794664511,1.2611156022635412,0.23039611964430076,0.4163,0.01617,0.0,0.0,0.0,0.0,0.0,0.0,0.0,0.0,0.0,0.0,0.024038461538461543,4.615384615384609,20.72115384615385,4.615384615384616,0.024038461538461543,0.0,0.0,0.0,0.0,0.0,0.0,0.0,0.0,0.0,0.0,0.0,0.0,0.0,0.0,0.0,0.4158,0.01595,0.0,0.0,0.0,0.0,0.0,0.0,0.0,0.0,0.0,0.0,0.03637833468067907,4.801940177849629,20.83265966046888,4.329021827000809,0.0,0.0,0.0,0.0,0.0,0.0,0.0,0.0,0.0,0.0,0.0,0.0,0.0,0.0,0.0,0.0
56500,4768,2480,0.5201342281879194,1221,970,0.45952181208053694,1357,0.5692114093959731,0.43399999999999994,2.9742132867132867,2.993544816750435,6.354136429608127,1.9786930019335365,6649.800000000001,9.094947017729282e-13,6649.8,6649.8,6649.800000000001,9.094947017729282e-13,6649.800000000001,9.094947017729282e-13,28.52579697986577,20.74606186335078,33.205875092569734,18.982772921230886,0.12898489932885907,0.09962248322147652,0.08578020134228188,0.08808724832214765,0.08473154362416108,0.0776006711409396,0.06837248322147652,0.06270973154362416,0.06333892617449664,0.05432046979865772,0.047818791946308725,0.04047818791946309,0.03733221476510067,0.028313758389261746,0.017197986577181208,0.008598993288590604,0.006711409395973154,0.8758775811242377,0.034775562316249196,0.0,0.0,0.0,0.0,0.0,0.0,0.0,0.0,0.0,0.0,0.0,0.0,0.0,0.0,0.0,0.0,0.0,0.0,0.0,0.0062919463087248335,0.0062919463087248335,0.0,0.08808724832214768,0.471895973154361,2.2525167785234905,8.5381711409396,12.2881711409396,4.832214765100672,1.1388422818791948,0.37751677852349,4.096958174904943,2.754437070194666,3.0,1.632993161855452,0.7322505800464038,4.09929532351057,2.749597748794671,4.092615769712141,2.7578869568720967,0.998370560481427,0.4172,0.01646,0.0,0.0,0.0,0.0,0.0,0.0,0.0,0.0,0.0,0.0,0.025167785234899334,4.341442953020128,20.599832214765105,4.983221476510068,0.05033557046979867,0.0,0.0,0.0,0.0,0.0,0.0,0.0,0.0,0.0,0.0,0.0,0.0,0.0,0.0,0.0,nan,nan,4.095916429249763,2.753796040231115,nan,0.4172,0.0803,0.0,0.0,0.0,0.0,0.0,0.0,0.0,0.0,0.0,0.0,0.0,0.0,0.0,0.0,0.0,0.0,0.0,0.0,0.0,0.0,0.00018875838926174496,2.0973154362416106e-05,1.0486577181208053e-05,0.0001572986577181208,0.0003460570469798658,0.0038066275167785235,0.003995385906040269,0.01712458053691275,0.022273489932885904,0.010549496644295301,0.015310402684563759,0.02101510067114094,0.047504194630872486,0.0731648489932886,0.03308515100671141,0.03191065436241611,0.02770553691275168,0.038171140939597316,0.0477873322147651,0.03334731543624161,0.026122063758389262,0.03875838926174496,0.04234479865771812,0.04380243288590604,0.01902265100671141,0.023710151006711408,0.03266568791946309,0.06854026845637584,0.043403942953020136,0.031134647651006712,0.07046979865771812,0.034070889261744966,0.020815855704697985,0.02735947986577181,0.011356963087248323,0.01617030201342282,0.0018036912751677853,0.005757130872483221,0.0005662751677852349,9.437919463087248e-05,0.0015625,3.1459731543624164e-05,0.003848573825503356,3.1459731543624164e-05,0.006449244966442953,0.0009647651006711409,0.0012583892617449664,0.0003565436241610738,2.0973154362416106e-05,3.1459731543624164e-05,0.0,0.0,0.0,0.0,0.0,0.0,0.0,0.0,0.0,0.0,0.0,0.0,0.0,0.0,0.0,0.0,0.0,0.0,0.0,0.0,0.0,0.0,0.0,0.0,0.0,0.0,0.0,0.0,0.0,0.0,0.0,nan,nan,4.095916429249763,2.753796040231115,nan,0.8758520718784102,0.034539025124967586,0.0,0.0,0.0,0.0,0.0,0.0,0.0,0.0,0.0,0.0,0.0,0.0,0.0,0.0,0.0,0.0,0.0,0.0,0.0,0.01209677419354839,0.01209677419354839,0.0,0.060483870967741944,0.33870967741935376,2.2862903225806455,8.673387096774196,12.3991935483871,4.633064516129033,1.2338709677419357,0.3508064516129033,0.8759052310060788,0.03503012398906397,0.0,0.0,0.0,0.0,0.0,0.0,0.0,0.0,0.0,0.0,0.0,0.0,0.0,0.0,0.0,0.0,0.0,0.0,0.0,0.0,0.0,0.0,0.11800699300699304,0.6162587412587394,2.2159090909090913,8.391608391608393,12.16783216783217,5.048076923076924,1.035839160839161,0.40646853146853157,0.417,0.01648,0.0,0.0,0.0,0.0,0.0,0.0,0.0,0.0,0.0,0.0,0.036290322580645164,4.342741935483865,20.770161290322587,4.790322580645162,0.060483870967741944,0.0,0.0,0.0,0.0,0.0,0.0,0.0,0.0,0.0,0.0,0.0,0.0,0.0,0.0,0.0,0.4175,0.01645,0.0,0.0,0.0,0.0,0.0,0.0,0.0,0.0,0.0,0.0,0.013111888111888115,4.340034965034959,20.415209790209794,5.192307692307693,0.03933566433566434,0.0,0.0,0.0,0.0,0.0,0.0,0.0,0.0,0.0,0.0,0.0,0.0,0.0,0.0,0.0
56600,4558,2293,0.5030715225976305,1037,989,0.444493198771391,1304,0.5721807810443177,0.44199999999999995,2.905960264900662,3.016289076884146,6.603896103896104,1.9142962871300475,6649.800000000001,9.094947017729282e-13,6649.8,6649.8,6649.800000000001,9.094947017729282e-13,6649.800000000002,1.8189894035458565e-12,27.97806055287407,21.007154206965485,32.86939520333681,19.30671139931749,0.13887670030715227,0.09828872312417727,0.09719175076788066,0.08512505484861782,0.07832382623957876,0.08139534883720931,0.07174199210179903,0.06164984642387012,0.05375164545853445,0.04804738920579201,0.04716981132075472,0.03927161035541905,0.03663887670030715,0.02457218078104432,0.01908731899956121,0.011189118034225537,0.007678806494076349,0.8757290478833363,0.03467747378475506,0.0,0.0,0.0,0.0,0.0,0.0,0.0,0.0,0.0,0.0,0.0,0.0,0.0,0.0,0.0,0.0,0.0,0.0,0.0,0.0,0.0,0.006581834137779729,0.09214567792891622,0.5726195699868345,2.3036419482229054,8.214129003949102,12.439666520403689,4.9166301009214575,1.1320754716981134,0.32250987275120674,4.310122282608695,2.7842395605800765,2.6666666666666665,2.494438257849294,0.6186986103449181,4.279562542720438,2.7642205389564367,4.336927223719677,2.803965278994862,1.0134043329023936,0.4172,0.0165,0.0,0.0,0.0,0.0,0.0,0.0,0.0,0.0,0.0,0.0,0.013163668275559459,4.469065379552429,20.430013163668278,5.061430451952612,0.026327336551118918,0.0,0.0,0.0,0.0,0.0,0.0,0.0,0.0,0.0,0.0,0.0,0.0,0.0,0.0,0.0,nan,nan,4.30844927044452,2.7844531551666027,nan,0.4172,0.0805,0.0,0.0,0.0,0.0,0.0,0.0,0.0,0.0,0.0,0.0,0.0,0.0,0.0,0.0,0.0,0.0,0.0,0.0,0.0,0.0,0.00021939447125932427,0.0,0.0,0.00021939447125932427,0.0007240017551557701,0.003949100482667837,0.004398859148749452,0.016290039491004826,0.021390960947784116,0.01109039052215884,0.015039491004826678,0.02001974550241334,0.04865072400175516,0.07411145239139974,0.03422553751645459,0.0313624396665204,0.02862000877577885,0.0378565160157964,0.04716981132075472,0.03140631856077227,0.027523036419482227,0.03942518648530057,0.04164107064501975,0.04369240895129443,0.019328652917946467,0.022114962702939885,0.03198771390960948,0.06999780605528741,0.04104870557261957,0.02998025449758666,0.06909828872312418,0.036090390522158844,0.020699868363317244,0.02957437472575691,0.012560333479596314,0.016004826678367706,0.001338306274681878,0.0060991663010092146,0.0005813953488372093,0.00023036419482229048,0.0016125493637560333,1.0969723562966214e-05,0.00379552435278631,4.3878894251864855e-05,0.006022378236068451,0.0012834576568670469,0.0014260640631856077,4.3878894251864855e-05,0.0,0.0,0.0,0.0,0.0,0.0,0.0,0.0,0.0,0.0,0.0,0.0,0.0,0.0,0.0,0.0,0.0,0.0,0.0,0.0,0.0,0.0,0.0,0.0,0.0,0.0,0.0,0.0,0.0,0.0,0.0,0.0,0.0,nan,nan,4.30844927044452,2.7844531551666027,nan,0.8760883849206784,0.03424830697495088,0.0,0.0,0.0,0.0,0.0,0.0,0.0,0.0,0.0,0.0,0.0,0.0,0.0,0.0,0.0,0.0,0.0,0.0,0.0,0.0,0.0,0.013083296990841695,0.06541648495420847,0.6018316615787159,2.1194941125163544,8.216310510248585,12.795464457043177,4.78848669864806,1.0597470562581772,0.3401657217618841,0.8753652687104333,0.03510285555220391,0.0,0.0,0.0,0.0,0.0,0.0,0.0,0.0,0.0,0.0,0.0,0.0,0.0,0.0,0.0,0.0,0.0,0.0,0.0,0.0,0.0,0.0,0.11920529801324506,0.5430463576158924,2.490066225165563,8.211920529801326,12.0794701986755,5.04635761589404,1.2052980132450333,0.30463576158940403,0.4172,0.01643,0.0,0.0,0.0,0.0,0.0,0.0,0.0,0.0,0.0,0.0,0.013083296990841695,4.670737025730478,20.47535979066725,4.814653292629743,0.02616659398168339,0.0,0.0,0.0,0.0,0.0,0.0,0.0,0.0,0.0,0.0,0.0,0.0,0.0,0.0,0.0,0.4175,0.01654,0.0,0.0,0.0,0.0,0.0,0.0,0.0,0.0,0.0,0.0,0.013245033112582785,4.264900662251649,20.384105960264904,5.311258278145696,0.02649006622516557,0.0,0.0,0.0,0.0,0.0,0.0,0.0,0.0,0.0,0.0,0.0,0.0,0.0,0.0,0.0
56700,4431,2299,0.5188445046264951,1074,874,0.43962988038817424,1237,0.5583389754005867,0.46599999999999997,3.0159474671669795,3.0938613937431545,6.639344262295082,2.001088121090303,6649.800000000001,9.094947017729282e-13,6649.8,6649.8,6649.800000000001,9.094947017729282e-13,6649.800000000002,1.8189894035458565e-12,28.152335815842925,21.14180434751138,33.24379719525351,19.355706333639198,0.1426314601670052,0.0988490182802979,0.09095012412547958,0.08463100880162491,0.08034303768900926,0.07876325885804558,0.06477093206951026,0.06093432633716994,0.05709772060482961,0.05168133604152562,0.048521778379598285,0.04378244188670729,0.03114421123899797,0.026404874746106973,0.02143985556307831,0.009252990295644324,0.008801624915368992,0.8738727122444354,0.03558194738139627,0.0,0.0,0.0,0.0,0.0,0.0,0.0,0.0,0.0,0.0,0.0,0.0,0.0,0.0,0.0,0.0,0.0,0.0,0.0,0.0,0.0,0.054163845633039956,0.13540961408259988,0.507786052809748,2.396750169262018,9.153689911983752,11.86188219363575,4.326337169939067,1.211916046039269,0.35206499661475976,4.286816269284713,2.869984453176435,5.777777777777778,2.8974232912011773,1.3478015885998873,4.312717164697707,2.920450677269548,4.270232230823364,2.8214807407241236,0.9901489172018724,0.4177,0.01671,0.0,0.0,0.0,0.0,0.0,0.0,0.0,0.0,0.0,0.0,0.04062288422477996,4.394041976980359,20.392687880839542,5.111712931618146,0.06093432633716995,0.0,0.0,0.0,0.0,0.0,0.0,0.0,0.0,0.0,0.0,0.0,0.0,0.0,0.0,0.0,nan,nan,4.291506466270535,2.8712853367770026,nan,0.4177,0.08057,0.0,0.0,0.0,0.0,0.0,0.0,0.0,0.0,0.0,0.0,0.0,0.0,0.0,0.0,0.0,0.0,0.0,0.0,0.0,0.0,0.0003610923042202663,0.0,0.0,0.00011284134506883322,0.0004513653802753329,0.00326111487248928,0.00353193410065448,0.016937485894831867,0.021970209884901826,0.011114872489280073,0.016756939742721733,0.02143985556307831,0.046174678402166554,0.07229744978560144,0.03574813811780637,0.030151207402392237,0.027454299255247124,0.03798239675016926,0.046422929361317984,0.03250959151433085,0.027025502143985556,0.04008124576844956,0.04504626495147822,0.042924847664184154,0.019081471451139698,0.020255021439855563,0.030106070864364703,0.0721958925750395,0.03891897991424058,0.02965470548408937,0.0703001579778831,0.035206499661475966,0.021281877679981947,0.030309185285488604,0.012378695554051005,0.0178627849243963,0.0015684946964567817,0.0062965470548408935,0.0005867749943579328,0.000349808169713383,0.0021891220943353645,1.1284134506883322e-05,0.0035657865041751296,2.2568269013766644e-05,0.005788761002031144,0.0012074023922365154,0.0010381403746332657,6.770480704129993e-05,0.0,0.0,0.0,0.0,0.0,0.0,0.0,0.0,0.0,0.0,0.0,0.0,0.0,0.0,0.0,0.0,0.0,0.0,0.0,0.0,0.0,0.0,0.0,0.0,0.0,0.0,0.0,0.0,0.0,0.0,0.0,0.0,0.0,nan,nan,4.291506466270535,2.8712853367770026,nan,0.8737112403227071,0.03563580012383639,0.0,0.0,0.0,0.0,0.0,0.0,0.0,0.0,0.0,0.0,0.0,0.0,0.0,0.0,0.0,0.0,0.0,0.0,0.0,0.0,0.0,0.052196607220530676,0.18268812527185738,0.5219660722053051,2.49238799478034,8.795128316659419,12.109612875163117,4.2801217920835155,1.2396694214876034,0.3262287951283167,0.8740468322951171,0.035522962398674356,0.0,0.0,0.0,0.0,0.0,0.0,0.0,0.0,0.0,0.0,0.0,0.0,0.0,0.0,0.0,0.0,0.0,0.0,0.0,0.0,0.0,0.05628517823639776,0.08442776735459663,0.4924953095684788,2.2936210131332087,9.54033771106942,11.594746716697939,4.3761726078799255,1.181988742964353,0.3799249530956849,0.4175,0.01668,0.0,0.0,0.0,0.0,0.0,0.0,0.0,0.0,0.0,0.0,0.052196607220530676,4.280121792083508,20.43497172683776,5.193562418442802,0.039147455415398005,0.0,0.0,0.0,0.0,0.0,0.0,0.0,0.0,0.0,0.0,0.0,0.0,0.0,0.0,0.0,0.4177,0.01675,0.0,0.0,0.0,0.0,0.0,0.0,0.0,0.0,0.0,0.0,0.02814258911819888,4.516885553470913,20.34709193245779,5.0234521575985,0.08442776735459663,0.0,0.0,0.0,0.0,0.0,0.0,0.0,0.0,0.0,0.0,0.0,0.0,0.0,0.0,0.0
56800,4555,2313,0.5077936333699231,1104,945,0.44983534577387485,1322,0.5804610318331503,0.45799999999999996,2.9986619090098126,3.0975081338853236,6.6496,2.0631092651626575,6649.800000000002,1.8189894035458565e-12,6649.8,6649.8,6649.800000000001,9.094947017729282e-13,6649.800000000001,9.094947017729282e-13,27.95389681668496,20.92316358981733,32.8978578892372,19.161859801815794,0.14006586169045004,0.09835345773874862,0.09637760702524698,0.0845225027442371,0.07771679473106477,0.07727771679473107,0.07156970362239297,0.06366630076838639,0.05686059275521405,0.05334796926454446,0.04544456641053787,0.04127332601536773,0.0300768386388584,0.02349066959385291,0.021734357848518113,0.011855104281009879,0.006366630076838639,0.873184162554966,0.036663500414039096,0.0,0.0,0.0,0.0,0.0,0.0,0.0,0.0,0.0,0.0,0.0,0.0,0.0,0.0,0.0,0.0,0.0,0.0,0.0,0.00658616904500549,0.00658616904500549,0.02634467618002196,0.12513721185510432,0.6586169045005468,2.5093304061470914,9.286498353457741,11.453347969264547,4.412733260153678,1.1196487376509332,0.3951701427003294,4.428668709567586,2.8905412117193103,3.2222222222222223,2.528845928164676,0.7275825837369622,4.455713319810683,2.9352776328503976,4.394001363326517,2.8438415999611477,0.9861499266100027,0.4185,0.01642,0.0,0.0,0.0,0.0,0.0,0.0,0.0,0.0,0.0,0.0,0.01317233809001098,3.945115257958282,20.555433589462133,5.427003293084524,0.05927552140504941,0.0,0.0,0.0,0.0,0.0,0.0,0.0,0.0,0.0,0.0,0.0,0.0,0.0,0.0,0.0,nan,nan,4.424983027834352,2.8902721672296514,nan,0.4185,0.0811,0.0,0.0,0.0,0.0,0.0,0.0,0.0,0.0,0.0,0.0,0.0,0.0,0.0,0.0,0.0,0.0,0.0,0.0,0.0,0.0,0.00012074643249176729,0.0,0.0,0.00016465422612513722,0.0005049396267837542,0.0038968166849615805,0.0035455543358946214,0.017145993413830954,0.02252469813391877,0.01048298572996707,0.017639956092206366,0.02233809001097695,0.04587266739846323,0.06822173435784852,0.0333589462129528,0.03110867178924259,0.028035126234906695,0.03560922063666301,0.04596048298572997,0.03474204171240395,0.02792535675082327,0.03858397365532382,0.04659714599341383,0.040252469813391874,0.018605927552140505,0.019901207464324916,0.03008781558726674,0.07553238199780461,0.03726673984632272,0.03027442371020856,0.07122941822173436,0.03424807903402854,0.02336992316136114,0.02928649835345774,0.013776070252469814,0.016344676180021955,0.002096597145993414,0.007058177826564215,0.0003841931942919868,0.0006476399560922064,0.0023161361141602636,1.0976948408342481e-05,0.003424807903402854,0.0,0.006849615806805708,0.0010208562019758506,0.0015916575192096597,4.3907793633369924e-05,0.0,0.0,0.0,0.0,0.0,0.0,0.0,0.0,0.0,0.0,0.0,0.0,0.0,0.0,0.0,0.0,0.0,0.0,0.0,0.0,0.0,0.0,0.0,0.0,0.0,0.0,0.0,0.0,0.0,0.0,0.0,0.0,0.0,nan,nan,4.424983027834352,2.8902721672296514,nan,0.8735223466629494,0.03611518485647056,0.0,0.0,0.0,0.0,0.0,0.0,0.0,0.0,0.0,0.0,0.0,0.0,0.0,0.0,0.0,0.0,0.0,0.0,0.0,0.0,0.012970168612191961,0.025940337224383922,0.10376134889753569,0.5577172503242525,2.5291828793774322,9.416342412451364,11.232166018158239,4.526588845654994,1.271076523994812,0.32425421530479903,0.8728352687807619,0.037217495484998704,0.0,0.0,0.0,0.0,0.0,0.0,0.0,0.0,0.0,0.0,0.0,0.0,0.0,0.0,0.0,0.0,0.0,0.0,0.0,0.013380909901873331,0.0,0.026761819803746662,0.14719000892060663,0.7627118644067773,2.488849241748439,9.152542372881358,11.681534344335418,4.2952720785013385,0.9634255129348798,0.46833184656556653,0.4185,0.01646,0.0,0.0,0.0,0.0,0.0,0.0,0.0,0.0,0.0,0.0,0.0,3.929961089494158,20.62256809338522,5.395590142671856,0.051880674448767844,0.0,0.0,0.0,0.0,0.0,0.0,0.0,0.0,0.0,0.0,0.0,0.0,0.0,0.0,0.0,0.4185,0.01637,0.0,0.0,0.0,0.0,0.0,0.0,0.0,0.0,0.0,0.0,0.026761819803746662,3.960749330954499,20.486173059768067,5.459411239964318,0.06690454950936665,0.0,0.0,0.0,0.0,0.0,0.0,0.0,0.0,0.0,0.0,0.0,0.0,0.0,0.0,0.0
56900,4493,2321,0.5165813487647452,1099,908,0.44669485866904074,1258,0.5599821945248163,0.47,3.0197974217311234,3.0996456690852865,6.67948717948718,1.987903094060195,6649.800000000001,9.094947017729282e-13,6649.8,6649.8,6649.800000000002,1.8189894035458565e-12,6649.800000000001,9.094947017729282e-13,27.90563098152682,20.971115061779134,32.95929768555467,19.20160034610467,0.14088582239038505,0.10149120854662809,0.0954818606721567,0.0841308702425996,0.08146004896505675,0.07500556421099489,0.06454484754061875,0.06320943690184731,0.06120632094369018,0.0540841308702426,0.043623414199866456,0.039394613843756955,0.031604718450923656,0.02693078121522368,0.019808591141776095,0.010238148230580904,0.006899621633652348,0.8711352035512697,0.03501226633043911,0.0,0.0,0.0,0.0,0.0,0.0,0.0,0.0,0.0,0.0,0.0,0.0,0.0,0.0,0.0,0.0,0.0,0.0,0.0,0.0,0.0,0.03338526596928556,0.13354106387714224,0.6810594257734232,2.557311373247274,9.835299354551527,11.411083908301807,4.173158246160695,0.9614956599154242,0.2136657022034276,4.394782608695652,2.873623480775232,3.8181818181818183,3.3525616208337774,0.8687987912364644,4.473103448275862,2.924740016088994,4.311281337047354,2.8232344351335965,0.9638233023001331,0.4192,0.01627,0.0,0.0,0.0,0.0,0.0,0.0,0.0,0.0,0.0,0.0,0.0,3.6857333630091196,20.41842866681505,5.842421544624973,0.0534164255508569,0.0,0.0,0.0,0.0,0.0,0.0,0.0,0.0,0.0,0.0,0.0,0.0,0.0,0.0,0.0,nan,nan,4.3925848925848925,2.875819887714986,nan,0.4192,0.08185,0.0,0.0,0.0,0.0,0.0,0.0,0.0,0.0,0.0,0.0,0.0,0.0,0.0,0.0,0.0,0.0,0.0,0.0,0.0,0.0,0.00011128421989761852,1.1128421989761852e-05,0.0,0.00017805475183618963,0.0005675495214778545,0.003505452926774983,0.003828177164478077,0.01707099933229468,0.022390385043400844,0.01129534831960828,0.019152014244380147,0.021811707099933228,0.04461384375695526,0.06613621188515469,0.03242822167816604,0.030859114177609615,0.030369463610060092,0.03726908524371244,0.04359002893389717,0.03665702203427554,0.026819496995326063,0.0366681504562653,0.044146450033385264,0.04135321611395504,0.01700422880035611,0.01978633429779657,0.0316492321388827,0.07447139995548631,0.037525038949476966,0.031081682617404852,0.07428221678166036,0.0336634765190296,0.023959492543957267,0.02854440240373915,0.014667260182506121,0.014745159136434453,0.0025150233696861787,0.006454484754061874,0.00040062319163142667,0.0008346316492321389,0.002537280213665702,0.0,0.003460939238815936,3.3385265969285556e-05,0.008457600712219007,0.0011573558869352326,0.0019140885822390384,2.2256843979523704e-05,0.0,0.0,0.0,0.0,0.0,0.0,0.0,0.0,0.0,0.0,0.0,0.0,0.0,0.0,0.0,0.0,0.0,0.0,0.0,0.0,0.0,0.0,0.0,0.0,0.0,0.0,0.0,0.0,0.0,0.0,0.0,0.0,0.0,nan,nan,4.3925848925848925,2.875819887714986,nan,0.8713086195569365,0.035211182508539385,0.0,0.0,0.0,0.0,0.0,0.0,0.0,0.0,0.0,0.0,0.0,0.0,0.0,0.0,0.0,0.0,0.0,0.0,0.0,0.0,0.0,0.03877638948728997,0.09047824213700993,0.6979750107712172,2.481688927186558,10.185264971994831,11.102972856527362,4.174924601464887,0.9952606635071092,0.23265833692373983,0.8709498911437409,0.034797492538612904,0.0,0.0,0.0,0.0,0.0,0.0,0.0,0.0,0.0,0.0,0.0,0.0,0.0,0.0,0.0,0.0,0.0,0.0,0.0,0.0,0.0,0.0276243093922652,0.1795580110497238,0.6629834254143625,2.6381215469613264,9.461325966850831,11.74033149171271,4.171270718232045,0.9254143646408842,0.19337016574585641,0.4194,0.01634,0.0,0.0,0.0,0.0,0.0,0.0,0.0,0.0,0.0,0.0,0.0,3.541576906505811,20.409306333476952,6.010340370529946,0.03877638948728997,0.0,0.0,0.0,0.0,0.0,0.0,0.0,0.0,0.0,0.0,0.0,0.0,0.0,0.0,0.0,0.419,0.01616,0.0,0.0,0.0,0.0,0.0,0.0,0.0,0.0,0.0,0.0,0.0,3.839779005524856,20.428176795580114,5.6629834254143665,0.069060773480663,0.0,0.0,0.0,0.0,0.0,0.0,0.0,0.0,0.0,0.0,0.0,0.0,0.0,0.0,0.0
57000,4742,2380,0.5018979333614508,1144,998,0.4517081400253058,1359,0.5731758751581612,0.44999999999999996,2.911939034716342,3.0301674933530482,6.581358609794629,1.9913160729433887,6649.800000000001,9.094947017729282e-13,6649.8,6649.8,6649.800000000002,1.8189894035458565e-12,6649.8,0.0,27.603542808941373,20.75144962227289,32.76026355803345,18.93158119866583,0.14276676507802616,0.10354280894137495,0.09046815689582455,0.08603964571910586,0.07908055672711936,0.08013496415014762,0.06389708983551244,0.06895824546604808,0.060522986081822015,0.04871362294390553,0.04829185997469422,0.03479544495993252,0.036060733867566426,0.02340784479122733,0.016448755799240825,0.010122311261071278,0.006748207507380852,0.8693540129466482,0.034782137568120715,0.0,0.0,0.0,0.0,0.0,0.0,0.0,0.0,0.0,0.0,0.0,0.0,0.0,0.0,0.0,0.0,0.0,0.0,0.0,0.0,0.0,0.0253057781526782,0.09489666807254325,0.7148882328131568,2.9797553774778582,10.286798819063687,11.052298608182205,3.700970054829187,0.8667229017292284,0.2783635596794602,4.317658664912858,2.7844368135867286,5.333333333333333,2.357022603955158,1.235237369890835,4.362385321100917,2.760254432665214,4.274703557312253,2.8074398401851384,0.9799004999937657,0.4194,0.01678,0.0,0.0,0.0,0.0,0.0,0.0,0.0,0.0,0.0,0.0,0.01897933361450865,3.789540278363554,20.023196963306624,6.111345423871786,0.05693800084352595,0.0,0.0,0.0,0.0,0.0,0.0,0.0,0.0,0.0,0.0,0.0,0.0,0.0,0.0,0.0,nan,nan,4.318659658344284,2.7842302854339964,nan,0.4194,0.082,0.0,0.0,0.0,0.0,0.0,0.0,0.0,0.0,0.0,0.0,0.0,0.0,0.0,0.0,0.0,0.0,0.0,0.0,0.0,0.0,0.0002636018557570645,0.0,0.0,0.00021088148460565162,0.0005693800084352594,0.0031632222690847742,0.004913538591311683,0.01752425137072965,0.02178405735976381,0.010364824968367777,0.018968789540278364,0.022237452551665964,0.04552931252636019,0.06591100801349642,0.03113665120202446,0.02916490932096162,0.03051455082243779,0.03700970054829186,0.04113243357233235,0.03816954871362294,0.028110501897933363,0.037115141290594685,0.04312526360185576,0.04094264023618726,0.01777730915225643,0.021520455504006747,0.03256010122311261,0.07456769295655842,0.03579713201180936,0.03194854491775622,0.07579080556727119,0.0340784479122733,0.022353437368199072,0.028215942640236188,0.01401307465204555,0.014318852804723746,0.0022669759595107548,0.007486292703500633,0.0001687051876845213,0.0006959088991986504,0.003194854491775622,8.435259384226065e-05,0.0035111767186840996,5.2720371151412904e-05,0.008941374947279628,0.00098059890341628,0.0016554196541543652,0.0001581611134542387,0.0,0.0,0.0,0.0,0.0,0.0,0.0,0.0,0.0,0.0,0.0,0.0,0.0,0.0,0.0,0.0,0.0,0.0,0.0,0.0,0.0,0.0,0.0,0.0,0.0,0.0,0.0,0.0,0.0,0.0,0.0,0.0,0.0,nan,nan,4.318659658344284,2.7842302854339964,nan,0.8692323201093353,0.03597186009931025,0.0,0.0,0.0,0.0,0.0,0.0,0.0,0.0,0.0,0.0,0.0,0.0,0.0,0.0,0.0,0.0,0.0,0.0,0.0,0.0,0.0,0.025210084033613453,0.10084033613445381,0.8193277310924344,3.1008403361344548,10.285714285714286,10.563025210084037,3.844537815126051,0.9201680672268909,0.34033613445378164,0.8694766331637541,0.03354024480816299,0.0,0.0,0.0,0.0,0.0,0.0,0.0,0.0,0.0,0.0,0.0,0.0,0.0,0.0,0.0,0.0,0.0,0.0,0.0,0.0,0.0,0.025402201524132098,0.08890770533446235,0.6096528365791682,2.857747671464861,10.287891617273498,11.54530059271804,3.5563082133784936,0.8128704487722271,0.21591871295512283,0.4197,0.01678,0.0,0.0,0.0,0.0,0.0,0.0,0.0,0.0,0.0,0.0,0.025210084033613453,3.718487394957978,19.92857142857143,6.252100840336136,0.07563025210084034,0.0,0.0,0.0,0.0,0.0,0.0,0.0,0.0,0.0,0.0,0.0,0.0,0.0,0.0,0.0,0.4194,0.01677,0.0,0.0,0.0,0.0,0.0,0.0,0.0,0.0,0.0,0.0,0.012701100762066049,3.8611346316680724,20.11854360711262,5.969517358171043,0.03810330228619814,0.0,0.0,0.0,0.0,0.0,0.0,0.0,0.0,0.0,0.0,0.0,0.0,0.0,0.0,0.0
57100,4750,2431,0.5117894736842106,1154,962,0.4454736842105263,1345,0.5663157894736842,0.45399999999999996,2.9853385079775765,3.1123494443808157,6.614457831325301,2.0888765949535397,6649.800000000001,9.094947017729282e-13,6649.8,6649.8,6649.800000000002,1.8189894035458565e-12,6649.800000000001,9.094947017729282e-13,28.027789473684212,20.75264006940841,32.73079791200597,19.062996250195678,0.13326315789473683,0.10126315789473685,0.09431578947368421,0.08652631578947369,0.08610526315789474,0.07431578947368421,0.06694736842105263,0.06463157894736841,0.05515789473684211,0.052421052631578945,0.04736842105263158,0.045052631578947365,0.03326315789473684,0.027157894736842107,0.018105263157894735,0.009263157894736843,0.004842105263157895,0.8679449130986866,0.03427578787617633,0.0,0.0,0.0,0.0,0.0,0.0,0.0,0.0,0.0,0.0,0.0,0.0,0.0,0.0,0.0,0.0,0.0,0.0,0.0,0.0,0.0,0.018947368421052633,0.13263157894736843,0.6884210526315768,3.006315789473685,10.623157894736845,11.09684210526316,3.3852631578947374,0.8652631578947371,0.18315789473684216,4.328883099967437,2.9289773849142753,4.5,2.753785273643051,1.0395291108770874,4.348051948051948,2.895523207755733,4.310344827586207,2.9613609644943364,0.991327812796111,0.42,0.01666,0.0,0.0,0.0,0.0,0.0,0.0,0.0,0.0,0.0,0.0,0.012631578947368424,3.454736842105258,20.18526315789474,6.25263157894737,0.09473684210526319,0.0,0.0,0.0,0.0,0.0,0.0,0.0,0.0,0.0,0.0,0.0,0.0,0.0,0.0,0.0,nan,nan,4.329216769580761,2.928655695610221,nan,0.42,0.0822,0.0,0.0,0.0,0.0,0.0,0.0,0.0,0.0,0.0,0.0,0.0,0.0,0.0,0.0,0.0,0.0,0.0,0.0,0.0,0.0,0.00031578947368421053,0.0,0.0,0.0001263157894736842,0.0004210526315789474,0.0031473684210526318,0.0052210526315789475,0.017326315789473683,0.022126315789473685,0.0112,0.016273684210526315,0.0232,0.046294736842105264,0.06545263157894737,0.031621052631578946,0.030905263157894738,0.029578947368421052,0.03675789473684211,0.040778947368421053,0.03849473684210526,0.026347368421052633,0.0372,0.04268421052631579,0.03794736842105263,0.01811578947368421,0.020368421052631577,0.033926315789473686,0.0746421052631579,0.03389473684210526,0.03205263157894737,0.07798947368421053,0.034736842105263156,0.025357894736842104,0.027273684210526315,0.014242105263157894,0.014642105263157896,0.0022526315789473685,0.006863157894736842,0.0005368421052631579,0.0008421052631578948,0.0034105263157894737,7.368421052631579e-05,0.0038947368421052633,0.00018947368421052632,0.007989473684210525,0.0010210526315789473,0.0019473684210526317,0.00031578947368421053,0.0,0.0,0.0,0.0,0.0,0.0,0.0,0.0,0.0,0.0,0.0,0.0,0.0,0.0,0.0,0.0,0.0,0.0,0.0,0.0,0.0,0.0,0.0,0.0,0.0,0.0,0.0,0.0,0.0,0.0,0.0,0.0,0.0,nan,nan,4.329216769580761,2.928655695610221,nan,0.8674712811463755,0.034074587138711636,0.0,0.0,0.0,0.0,0.0,0.0,0.0,0.0,0.0,0.0,0.0,0.0,0.0,0.0,0.0,0.0,0.0,0.0,0.0,0.0,0.0,0.024681201151789393,0.12340600575894696,0.7280954339777846,2.9864253393665168,10.723981900452491,11.266968325791858,3.0604689428218848,0.9255450431921022,0.16042780748663107,0.8684414199016484,0.03447846114434662,0.0,0.0,0.0,0.0,0.0,0.0,0.0,0.0,0.0,0.0,0.0,0.0,0.0,0.0,0.0,0.0,0.0,0.0,0.0,0.0,0.0,0.012936610608020701,0.14230271668822772,0.6468305304010329,3.0271668822768443,10.51746442432083,10.918499353169473,3.725743855109962,0.8020698576972836,0.20698576972833121,0.4197,0.01665,0.0,0.0,0.0,0.0,0.0,0.0,0.0,0.0,0.0,0.0,0.012340600575894697,3.5417523652817717,20.102838338132457,6.30604689428219,0.03702180172768409,0.0,0.0,0.0,0.0,0.0,0.0,0.0,0.0,0.0,0.0,0.0,0.0,0.0,0.0,0.0,0.4202,0.01666,0.0,0.0,0.0,0.0,0.0,0.0,0.0,0.0,0.0,0.0,0.012936610608020701,3.3635187580853767,20.271668822768437,6.196636481241916,0.1552393272962484,0.0,0.0,0.0,0.0,0.0,0.0,0.0,0.0,0.0,0.0,0.0,0.0,0.0,0.0,0.0
57200,4765,2383,0.5001049317943337,1112,1008,0.44491080797481636,1371,0.5754459601259182,0.46199999999999997,2.8547439126784213,2.9919947344696896,6.341984732824428,2.0353349668415346,6649.800000000002,1.8189894035458565e-12,6649.8,6649.8,6649.800000000001,9.094947017729282e-13,6649.8,0.0,27.812172088142706,20.891800879062238,32.89022858578247,19.107274141470413,0.14396642182581323,0.0982161594963274,0.09401888772298006,0.08961175236096537,0.07492130115424973,0.07785939139559286,0.06904512067156349,0.06107030430220357,0.05309548793284365,0.05540398740818468,0.0453305351521511,0.04407135362014691,0.03441762854144806,0.023504721930745015,0.01993704092339979,0.009653725078698846,0.005876180482686254,0.8678336306608987,0.035003272092799055,0.0,0.0,0.0,0.0,0.0,0.0,0.0,0.0,0.0,0.0,0.0,0.0,0.0,0.0,0.0,0.0,0.0,0.0,0.0,0.0,0.0,0.025183630640083953,0.15110178384050368,0.7114375655823693,3.2738719832109138,10.482686253934945,10.734522560335785,3.645330535152152,0.7177334732423927,0.2581322140608605,4.3576332134684534,2.812708123974465,5.75,1.299038105676658,1.319523630907727,4.383129426915647,2.822392064861775,4.335099337748344,2.8004776951902044,0.9890420554610223,0.4204,0.01657,0.0,0.0,0.0,0.0,0.0,0.0,0.0,0.0,0.0,0.0,0.01888772298006296,3.0849947534102786,20.34207764952781,6.447009443861492,0.1070304302203568,0.0,0.0,0.0,0.0,0.0,0.0,0.0,0.0,0.0,0.0,0.0,0.0,0.0,0.0,0.0,nan,nan,4.35945151811949,2.8117125881343346,nan,0.4204,0.08246,0.0,0.0,0.0,0.0,0.0,0.0,0.0,0.0,0.0,0.0,0.0,0.0,0.0,0.0,0.0,0.0,0.0,0.0,0.0,0.0,0.00033578174186778596,1.0493179433368311e-05,0.0,0.00026232948583420777,0.0006295907660020986,0.0033997901364113325,0.005047219307450158,0.015949632738719834,0.0225498426023085,0.012151101783840504,0.01459601259181532,0.023693599160545645,0.046988457502623295,0.06455403987408184,0.032833158447009445,0.032214060860440714,0.030461699895068205,0.035928646379853095,0.03975865687303253,0.03479538300104932,0.02515215110178384,0.03751311647429171,0.03993704092339979,0.0372193074501574,0.019464847848898216,0.021332633788037774,0.034942287513116475,0.07417628541448058,0.033200419727177334,0.02992654774396642,0.0781427072402938,0.0389716684155299,0.02714585519412382,0.02676810073452256,0.015057712486883526,0.01657922350472193,0.0020461699895068207,0.00714585519412382,0.0004931794333683106,0.0008394543546694648,0.0034627492130115426,4.1972717733473244e-05,0.0039034627492130114,0.0,0.007135362014690451,0.0013326337880377754,0.001720881427072403,0.0001888772298006296,0.0,0.0,0.0,0.0,0.0,0.0,0.0,0.0,0.0,0.0,0.0,0.0,0.0,0.0,0.0,0.0,0.0,0.0,0.0,0.0,0.0,0.0,0.0,0.0,0.0,0.0,0.0,0.0,0.0,0.0,0.0,0.0,0.0,nan,nan,4.35945151811949,2.8117125881343346,nan,0.8680015211839712,0.03522491356875871,0.0,0.0,0.0,0.0,0.0,0.0,0.0,0.0,0.0,0.0,0.0,0.0,0.0,0.0,0.0,0.0,0.0,0.0,0.0,0.0,0.0,0.012589173310952584,0.13848090642047842,0.7931179185900101,3.2857742341586245,10.260176248426355,10.81409987410827,3.688627780109107,0.7301720520352499,0.27696181284095683,0.867665669654819,0.03477931330391631,0.0,0.0,0.0,0.0,0.0,0.0,0.0,0.0,0.0,0.0,0.0,0.0,0.0,0.0,0.0,0.0,0.0,0.0,0.0,0.0,0.0,0.037783375314861464,0.16372795969773304,0.6297229219143556,3.2619647355163734,10.705289672544083,10.654911838790936,3.602015113350127,0.7052896725440808,0.23929471032745597,0.4204,0.01642,0.0,0.0,0.0,0.0,0.0,0.0,0.0,0.0,0.0,0.0,0.012589173310952584,3.172471674360046,20.41963911036509,6.3197650020981975,0.0755350398657155,0.0,0.0,0.0,0.0,0.0,0.0,0.0,0.0,0.0,0.0,0.0,0.0,0.0,0.0,0.0,0.4207,0.01672,0.0,0.0,0.0,0.0,0.0,0.0,0.0,0.0,0.0,0.0,0.025188916876574312,2.9974811083123383,20.264483627204033,6.574307304785895,0.13853904282115873,0.0,0.0,0.0,0.0,0.0,0.0,0.0,0.0,0.0,0.0,0.0,0.0,0.0,0.0,0.0
57300,4749,2460,0.5180037902716361,1157,973,0.4485154769425142,1328,0.5592756369762055,0.45799999999999996,2.966797728265618,3.018182602870053,6.469673405909798,2.0393327635275598,6649.8,0.0,6649.8,6649.8,6649.800000000001,9.094947017729282e-13,6649.800000000001,9.094947017729282e-13,28.1286586649821,20.903312948444658,32.93344965104686,19.180241468132763,0.13708149084017687,0.09538850284270373,0.09812592124657822,0.0861233943988208,0.08675510633817646,0.06906717203621815,0.06780374815750684,0.06485575910718046,0.05769635712781638,0.05243209096651927,0.04885238997683723,0.04127184670456938,0.030743314381975154,0.026742472099389344,0.02021478205938092,0.008422825858075385,0.008422825858075385,0.8674892865499463,0.03558053050562995,0.0,0.0,0.0,0.0,0.0,0.0,0.0,0.0,0.0,0.0,0.0,0.0,0.0,0.0,0.0,0.0,0.0,0.0,0.0,0.0,0.018951358180669616,0.018951358180669616,0.1895135818066962,0.8464939987365735,3.1459254579911566,10.505369551484526,10.650663297536326,3.6007580543272275,0.8212255211623501,0.20214782059380926,4.260045736687357,2.8148230632420423,3.8181818181818183,2.854603357837742,0.8962771890686001,4.261578604044358,2.831436030238396,4.255360623781677,2.798709820046566,0.9985409209026955,0.4211,0.01721,0.0,0.0,0.0,0.0,0.0,0.0,0.0,0.0,0.0,0.0,0.006317119393556539,3.1711939355653778,19.570435881238158,7.10044219835755,0.15161086544535693,0.0,0.0,0.0,0.0,0.0,0.0,0.0,0.0,0.0,0.0,0.0,0.0,0.0,0.0,0.0,nan,nan,4.258463541666667,2.8150902393995216,nan,0.4211,0.0823,0.0,0.0,0.0,0.0,0.0,0.0,0.0,0.0,0.0,0.0,0.0,0.0,0.0,0.0,0.0,0.0,0.0,0.0,0.0,0.0,0.0003158559696778269,2.1057064645188462e-05,3.158559696778269e-05,0.00022109917877447883,0.0008001684565171615,0.003158559696778269,0.004432512107812171,0.016487681617182566,0.021973046957254157,0.012002526847757423,0.015750684354600968,0.0231732996420299,0.044030322173089075,0.061749842072015164,0.03549168245946515,0.03205938092229943,0.029574647294167193,0.034575700147399455,0.04290376921457149,0.03541798273320699,0.026152874289324068,0.03473362813223837,0.03939776795114761,0.037239418825015795,0.018972415245314803,0.01966729837860602,0.03421773004843125,0.07524742050958097,0.036828806064434616,0.030280058959781007,0.08236470835965466,0.03972415245314803,0.02585807538429143,0.024605180037902716,0.01565592756369762,0.016266582438408086,0.002200463255422194,0.007496315013687092,0.00035797009896820385,0.000779111391871973,0.0028532322594230363,0.0,0.004874710465361129,4.2114129290376924e-05,0.0066329753632343655,0.0010739102969046115,0.0020004211412929036,0.0003053274373552327,0.0,0.0,0.0,0.0,0.0,0.0,0.0,0.0,0.0,0.0,0.0,0.0,0.0,0.0,0.0,0.0,0.0,0.0,0.0,0.0,0.0,0.0,0.0,0.0,0.0,0.0,0.0,0.0,0.0,0.0,0.0,0.0,0.0,nan,nan,4.258463541666667,2.8150902393995216,nan,0.8674548536781373,0.03538120997178908,0.0,0.0,0.0,0.0,0.0,0.0,0.0,0.0,0.0,0.0,0.0,0.0,0.0,0.0,0.0,0.0,0.0,0.0,0.0,0.0,0.02439024390243903,0.02439024390243903,0.21951219512195128,0.8292682926829242,3.048780487804879,10.378048780487807,10.939024390243905,3.6585365853658542,0.7073170731707319,0.1707317073170732,0.8675262917332797,0.0357934669798036,0.0,0.0,0.0,0.0,0.0,0.0,0.0,0.0,0.0,0.0,0.0,0.0,0.0,0.0,0.0,0.0,0.0,0.0,0.0,0.0,0.013106159895150724,0.013106159895150724,0.15727391874180868,0.8650065530799449,3.2503276539973798,10.642201834862387,10.34076015727392,3.5386631716906956,0.9436435124508521,0.23591087811271302,0.421,0.01736,0.0,0.0,0.0,0.0,0.0,0.0,0.0,0.0,0.0,0.0,0.0,3.1585365853658494,19.719512195121954,6.975609756097563,0.14634146341463417,0.0,0.0,0.0,0.0,0.0,0.0,0.0,0.0,0.0,0.0,0.0,0.0,0.0,0.0,0.0,0.4214,0.01704,0.0,0.0,0.0,0.0,0.0,0.0,0.0,0.0,0.0,0.0,0.013106159895150724,3.1847968545216205,19.41022280471822,7.234600262123199,0.15727391874180868,0.0,0.0,0.0,0.0,0.0,0.0,0.0,0.0,0.0,0.0,0.0,0.0,0.0,0.0,0.0
57400,4619,2338,0.5061701667027495,1056,978,0.4403550552067547,1314,0.5689543191166919,0.47,2.9846558526961857,3.0664468736845074,6.589424572317263,2.024579939186955,6649.800000000001,9.094947017729282e-13,6649.8,6649.8,6649.800000000001,9.094947017729282e-13,6649.800000000002,1.8189894035458565e-12,27.90885473046114,20.937078426819102,32.96508018623901,19.139225557660644,0.1431045680883308,0.09331024031175579,0.0922277549253085,0.09157826369344013,0.0868153279930721,0.07101104135094176,0.06668109980515263,0.06516562026412644,0.06061918164104785,0.04697986577181208,0.043732409612470234,0.04200043299415458,0.03550552067547088,0.025113660965576965,0.016453777873998703,0.01212383632820957,0.007577397705130981,0.8657239249295088,0.034854277767865566,0.0,0.0,0.0,0.0,0.0,0.0,0.0,0.0,0.0,0.0,0.0,0.0,0.0,0.0,0.0,0.0,0.0,0.0,0.0,0.0,0.0,0.0064949123186836995,0.10391859709893919,0.9937215847586026,3.5072526520891976,10.807534098289675,10.443819008443388,3.214981597748431,0.6949556180991558,0.22732193115392946,4.44331983805668,2.8663126526845923,0.0,0.0,0.0,4.406060606060606,2.883150336289589,4.478025693035835,2.851169153333772,1.0163332040590272,0.4211,0.01653,0.0,0.0,0.0,0.0,0.0,0.0,0.0,0.0,0.0,0.0,0.012989824637367399,2.9486901926823945,19.874431695172117,7.079454427365232,0.08443386014288809,0.0,0.0,0.0,0.0,0.0,0.0,0.0,0.0,0.0,0.0,0.0,0.0,0.0,0.0,0.0,nan,nan,4.441821247892074,2.8669903701530313,nan,0.4211,0.0824,0.0,0.0,0.0,0.0,0.0,0.0,0.0,0.0,0.0,0.0,0.0,0.0,0.0,0.0,0.0,0.0,0.0,0.0,0.0,0.0,0.0002814462004762936,0.00010824853864472829,1.0824853864472829e-05,5.4124269322364146e-05,0.0005520675470881143,0.0035072526520891966,0.00608356787183373,0.014851699502056722,0.021649707728945658,0.01281662697553583,0.01541459190300931,0.02464819224940463,0.04481489499891751,0.059017103269105864,0.036934401385581295,0.03156527386880277,0.029595150465468716,0.03597098939164321,0.04219528036371509,0.035559644944793245,0.023890452478891534,0.0345421086815328,0.038233383849318035,0.03842823121887855,0.017882658584109114,0.020025979649274734,0.03416323879627625,0.07654254167568737,0.03726997185537995,0.03072093526737389,0.08236631305477377,0.03807101104135094,0.02697553583026629,0.023977051309807318,0.015425416756873781,0.01775276033773544,0.0019376488417406365,0.008021216713574367,0.0006170166702749513,0.0008768131630222992,0.002056722234249838,0.0,0.004492314353756225,0.0,0.006267590387529769,0.0012773327560077939,0.0021108465035722017,0.0004113444468499675,2.1649707728945658e-05,1.0824853864472829e-05,0.0,0.0,0.0,0.0,0.0,0.0,0.0,0.0,0.0,0.0,0.0,0.0,0.0,0.0,0.0,0.0,0.0,0.0,0.0,0.0,0.0,0.0,0.0,0.0,0.0,0.0,0.0,0.0,0.0,0.0,0.0,nan,nan,4.441821247892074,2.8669903701530313,nan,0.8653508534637447,0.03453707229035763,0.0,0.0,0.0,0.0,0.0,0.0,0.0,0.0,0.0,0.0,0.0,0.0,0.0,0.0,0.0,0.0,0.0,0.0,0.0,0.0,0.0,0.0,0.11548331907613348,1.0393498716851977,3.4003421727972634,10.893926432848591,10.508982035928145,3.1565440547476484,0.6928999144568009,0.19247219846022245,0.8661063190930144,0.03517233502433718,0.0,0.0,0.0,0.0,0.0,0.0,0.0,0.0,0.0,0.0,0.0,0.0,0.0,0.0,0.0,0.0,0.0,0.0,0.0,0.0,0.0,0.013152126260412103,0.09206488382288472,0.9469530907496682,3.616834721613328,10.718982902235863,10.377027619465148,3.2748794388426137,0.6970626918018415,0.26304252520824206,0.4214,0.01636,0.0,0.0,0.0,0.0,0.0,0.0,0.0,0.0,0.0,0.0,0.012831479897348164,2.810094097519243,19.811804961505562,7.288280581693757,0.07698887938408898,0.0,0.0,0.0,0.0,0.0,0.0,0.0,0.0,0.0,0.0,0.0,0.0,0.0,0.0,0.0,0.421,0.01668,0.0,0.0,0.0,0.0,0.0,0.0,0.0,0.0,0.0,0.0,0.013152126260412103,3.090749671196839,19.938623410784746,6.865409907935118,0.09206488382288472,0.0,0.0,0.0,0.0,0.0,0.0,0.0,0.0,0.0,0.0,0.0,0.0,0.0,0.0,0.0
57500,4585,2286,0.4985823336968375,1084,980,0.4501635768811341,1315,0.5736095965103599,0.45799999999999996,2.9225750326228797,3.0536893847525133,6.5030674846625764,2.0800667554437435,6649.800000000001,9.094947017729282e-13,6649.8,6649.8,6649.800000000002,1.8189894035458565e-12,6649.800000000001,9.094947017729282e-13,27.814176663031624,20.809420726018118,32.691130705394194,19.096522248815713,0.13740458015267176,0.10185387131952017,0.09138495092693566,0.088113413304253,0.08745910577971647,0.0772082878953108,0.06368593238822247,0.06281352235550709,0.055179934569247545,0.05539803707742639,0.04667393675027263,0.04122137404580153,0.03227917121046892,0.02639040348964013,0.014612868047982551,0.011123227917121047,0.007197382769901854,0.8676281574898224,0.03447528247633453,0.0,0.0,0.0,0.0,0.0,0.0,0.0,0.0,0.0,0.0,0.0,0.0,0.0,0.0,0.0,0.0,0.0,0.0,0.0,0.0,0.0,0.006543075245365323,0.1112322791712105,0.6281352235550689,3.507088331515813,10.64558342420938,10.586695747001093,3.520174482006544,0.7393675027262816,0.2551799345692476,4.290387858347386,2.829796651830766,3.3333333333333335,1.247219128924647,0.7769305348112047,4.3731241473397,2.8472840858178206,4.208527648234511,2.8090140958364724,0.9623618050712514,0.4211,0.01694,0.0,0.0,0.0,0.0,0.0,0.0,0.0,0.0,0.0,0.0,0.01962922573609597,3.212649945474368,19.818974918211563,6.8571428571428585,0.09160305343511453,0.0,0.0,0.0,0.0,0.0,0.0,0.0,0.0,0.0,0.0,0.0,0.0,0.0,0.0,0.0,nan,nan,4.289420485175202,2.8288075623501623,nan,0.4211,0.08246,0.0,0.0,0.0,0.0,0.0,0.0,0.0,0.0,0.0,0.0,0.0,0.0,0.0,0.0,0.0,0.0,0.0,0.0,0.0,0.0,0.0002617230098146129,4.362050163576881e-05,0.0,0.00017448200654307525,0.0009923664122137405,0.003914940021810251,0.006314067611777535,0.015081788440567066,0.020087241003271538,0.013227917121046892,0.014929116684841875,0.025169029443838604,0.04540894220283533,0.056303162486368595,0.0369247546346783,0.03330425299890949,0.029934569247546346,0.03794983642311887,0.04074154852780807,0.036205016357688115,0.023391494002181025,0.032115594329334786,0.04034896401308615,0.03802617230098146,0.01816793893129771,0.02138495092693566,0.03427480916030534,0.07515812431842966,0.036226826608506,0.02846237731733915,0.0804907306434024,0.03845147219193021,0.028745910577971646,0.0247546346782988,0.017884405670665213,0.018200654307524537,0.0022900763358778627,0.00732824427480916,0.0009487459105779716,0.0007633587786259542,0.0014830970556161396,2.1810250817884406e-05,0.004809160305343512,0.0,0.0061613958560523445,0.0011668484187568157,0.0017011995637949836,0.00023991275899672845,3.271537622682661e-05,0.0,0.0,0.0,0.0,0.0,0.0,0.0,0.0,0.0,0.0,0.0,0.0,0.0,0.0,0.0,0.0,0.0,0.0,0.0,0.0,0.0,0.0,0.0,0.0,0.0,0.0,0.0,0.0,0.0,0.0,0.0,0.0,nan,nan,4.289420485175202,2.8288075623501623,nan,0.8674020483268527,0.034551353584403,0.0,0.0,0.0,0.0,0.0,0.0,0.0,0.0,0.0,0.0,0.0,0.0,0.0,0.0,0.0,0.0,0.0,0.0,0.0,0.0,0.0,0.013123359580052497,0.10498687664041997,0.6299212598425177,3.6614173228346463,10.551181102362206,10.538057742782154,3.543307086614174,0.7086614173228348,0.2493438320209974,0.867852988088582,0.03439800104903524,0.0,0.0,0.0,0.0,0.0,0.0,0.0,0.0,0.0,0.0,0.0,0.0,0.0,0.0,0.0,0.0,0.0,0.0,0.0,0.0,0.0,0.0,0.11744236624619402,0.626359286646366,3.3536320139190963,10.739451935624187,10.635058721183125,3.4971726837755552,0.7698999565028275,0.2609830361026534,0.421,0.01683,0.0,0.0,0.0,0.0,0.0,0.0,0.0,0.0,0.0,0.0,0.0,3.293963254593171,19.960629921259844,6.653543307086616,0.09186351706036748,0.0,0.0,0.0,0.0,0.0,0.0,0.0,0.0,0.0,0.0,0.0,0.0,0.0,0.0,0.0,0.4214,0.01706,0.0,0.0,0.0,0.0,0.0,0.0,0.0,0.0,0.0,0.0,0.039147455415398005,3.1317964332318358,19.678120922140064,7.059591126576774,0.09134406263592869,0.0,0.0,0.0,0.0,0.0,0.0,0.0,0.0,0.0,0.0,0.0,0.0,0.0,0.0,0.0
57600,4575,2322,0.5075409836065574,1099,927,0.4428415300546448,1300,0.5683060109289617,0.46599999999999997,3.060363959165557,3.13023927433385,6.537790697674419,2.1657405957975575,6649.800000000002,1.8189894035458565e-12,6649.8,6649.8,6649.800000000001,9.094947017729282e-13,6649.800000000002,1.8189894035458565e-12,28.33311475409836,20.937410412445498,33.240207522697794,19.147658659035898,0.13508196721311475,0.10010928961748634,0.09027322404371585,0.09311475409836066,0.0740983606557377,0.07300546448087432,0.06972677595628415,0.0633879781420765,0.055300546448087434,0.05814207650273224,0.047650273224043714,0.042185792349726775,0.03650273224043716,0.024043715846994537,0.020765027322404372,0.011366120218579235,0.005245901639344262,0.8665133674157773,0.035531302406932384,0.0,0.0,0.0,0.0,0.0,0.0,0.0,0.0,0.0,0.0,0.0,0.0,0.0,0.0,0.0,0.0,0.0,0.0,0.0,0.0,0.01311475409836066,0.00655737704918033,0.14426229508196725,0.7803278688524566,3.7967213114754106,10.301639344262297,10.498360655737706,3.4360655737704926,0.7737704918032788,0.2491803278688525,4.2984924623115575,2.8847803254884234,4.0,2.6832815729997477,0.9305588028992285,4.23537323470074,2.8558296266865937,4.355525965379494,2.907145924514799,1.0283688648014142,0.4214,0.01678,0.0,0.0,0.0,0.0,0.0,0.0,0.0,0.0,0.0,0.0,0.019672131147540985,2.865573770491799,19.993442622950823,7.036065573770493,0.08524590163934428,0.0,0.0,0.0,0.0,0.0,0.0,0.0,0.0,0.0,0.0,0.0,0.0,0.0,0.0,0.0,nan,nan,4.297993311036789,2.8844809042376722,nan,0.4214,0.08234,0.0,0.0,0.0,0.0,0.0,0.0,0.0,0.0,0.0,0.0,0.0,0.0,0.0,0.0,0.0,0.0,0.0,0.0,0.0,0.0,0.00039344262295081965,2.185792349726776e-05,0.0,8.743169398907104e-05,0.0010273224043715846,0.00326775956284153,0.00712568306010929,0.016174863387978144,0.020437158469945354,0.012295081967213115,0.014524590163934425,0.024863387978142075,0.04514754098360656,0.05587978142076503,0.036896174863387976,0.03385792349726776,0.029147540983606557,0.03684153005464481,0.041879781420765025,0.0340327868852459,0.02391256830601093,0.032,0.040622950819672134,0.03627322404371585,0.01755191256830601,0.021092896174863388,0.03503825136612022,0.07681967213114754,0.037377049180327866,0.029213114754098362,0.08308196721311475,0.0380655737704918,0.029092896174863388,0.02324590163934426,0.01751912568306011,0.018065573770491804,0.0026666666666666666,0.008229508196721311,0.0013005464480874316,0.0008415300546448087,0.0008852459016393442,0.0001639344262295082,0.004655737704918033,0.0,0.00526775956284153,0.0011256830601092897,0.0018360655737704918,4.371584699453552e-05,0.0001092896174863388,0.0,0.0,0.0,0.0,0.0,0.0,0.0,0.0,0.0,0.0,0.0,0.0,0.0,0.0,0.0,0.0,0.0,0.0,0.0,0.0,0.0,0.0,0.0,0.0,0.0,0.0,0.0,0.0,0.0,0.0,0.0,0.0,nan,nan,4.297993311036789,2.8844809042376722,nan,0.8664284784869836,0.03535783669633361,0.0,0.0,0.0,0.0,0.0,0.0,0.0,0.0,0.0,0.0,0.0,0.0,0.0,0.0,0.0,0.0,0.0,0.0,0.0,0.0,0.025839793281653752,0.012919896640826876,0.10335917312661501,0.697674418604649,3.850129198966409,10.490956072351423,10.413436692506462,3.3850129198966417,0.7493540051679588,0.2713178294573644,0.866600856138662,0.03570898773870149,0.0,0.0,0.0,0.0,0.0,0.0,0.0,0.0,0.0,0.0,0.0,0.0,0.0,0.0,0.0,0.0,0.0,0.0,0.0,0.0,0.0,0.0,0.18641810918774973,0.8655126498002635,3.7416777629826905,10.106524633821573,10.585885486018643,3.488681757656459,0.7989347536617845,0.22636484687083894,0.4214,0.01672,0.0,0.0,0.0,0.0,0.0,0.0,0.0,0.0,0.0,0.0,0.012919896640826876,2.7260981912144664,20.29715762273902,6.886304909560725,0.07751937984496125,0.0,0.0,0.0,0.0,0.0,0.0,0.0,0.0,0.0,0.0,0.0,0.0,0.0,0.0,0.0,0.4214,0.01683,0.0,0.0,0.0,0.0,0.0,0.0,0.0,0.0,0.0,0.0,0.026631158455392816,3.0093209054593832,19.68042609853529,7.19041278295606,0.09320905459387487,0.0,0.0,0.0,0.0,0.0,0.0,0.0,0.0,0.0,0.0,0.0,0.0,0.0,0.0,0.0
57700,4638,2418,0.5213454075032341,1072,947,0.43531694695989653,1322,0.5700733074601121,0.45399999999999996,2.9761261261261263,3.085693132866314,6.597359735973598,2.1647322320015925,6649.800000000001,9.094947017729282e-13,6649.8,6649.8,6649.800000000002,1.8189894035458565e-12,6649.800000000001,9.094947017729282e-13,27.641009055627425,20.81583800145474,32.51757762381319,19.137557276729034,0.1394997843898232,0.1030616645105649,0.09379042690815007,0.08990944372574386,0.08430357912893488,0.07460112117291937,0.06899525657611039,0.06080206985769728,0.0517464424320828,0.04829667960327728,0.04570935748167314,0.04420008624407072,0.037516170763260026,0.027166882276843468,0.015308322552824494,0.009702457956015523,0.005390254420008625,0.8639939774748271,0.034667128602264716,0.0,0.0,0.0,0.0,0.0,0.0,0.0,0.0,0.0,0.0,0.0,0.0,0.0,0.0,0.0,0.0,0.0,0.0,0.0,0.0,0.012936610608020701,0.032341526520051754,0.19404915912031054,0.8861578266494151,3.8098318240620963,10.905562742561452,10.304010349288488,3.13065976714101,0.5821474773609315,0.14230271668822772,4.314713896457766,2.874841801101414,5.357142857142857,3.038024331162391,1.241598628715774,4.333104395604396,2.830058969230383,4.306559571619813,2.9210489987579225,0.9938739477379057,0.4214,0.0168,0.0,0.0,0.0,0.0,0.0,0.0,0.0,0.0,0.0,0.0,0.01940491591203105,3.0530401034928807,19.825355756791723,6.9987063389392,0.10349288486416561,0.0,0.0,0.0,0.0,0.0,0.0,0.0,0.0,0.0,0.0,0.0,0.0,0.0,0.0,0.0,nan,nan,4.319661016949152,2.876530375945048,nan,0.4214,0.0822,0.0,0.0,0.0,0.0,0.0,0.0,0.0,0.0,0.0,0.0,0.0,0.0,0.0,0.0,0.0,0.0,0.0,0.0,0.0,0.0,0.00029107373868046574,0.0,0.0,8.6244070720138e-05,0.0014984907287623975,0.0026520051746442433,0.0066839154808106946,0.01650495903406641,0.019383354894351012,0.012893488572660629,0.015157395429064252,0.02386804657179819,0.04748814144027598,0.054872789995687794,0.037354463130659765,0.03520914187149633,0.029333764553686935,0.03573738680465718,0.04078266494178525,0.03407718844329452,0.022542043984476068,0.030821474773609314,0.04125700733074601,0.03885295385942217,0.016084519189305736,0.02064467442863303,0.0373113410952997,0.0754959034066408,0.03633031479085813,0.03296679603277275,0.08324708926261319,0.036998706338939195,0.028471323846485555,0.02453643811987926,0.015610176800344976,0.018391548081069426,0.0024148339801638636,0.00834411384217335,0.0013260025873221217,0.0007438551099611902,0.0008732212160413971,0.00014014661492022423,0.004366106080206986,9.702457956015524e-05,0.005627425614489004,0.0010564898663216905,0.0014553686934023287,1.078050884001725e-05,0.00010780508840017249,0.0,0.0,0.0,0.0,0.0,0.0,0.0,0.0,0.0,0.0,0.0,0.0,0.0,0.0,0.0,0.0,0.0,0.0,0.0,0.0,0.0,0.0,0.0,0.0,0.0,0.0,0.0,0.0,0.0,0.0,0.0,0.0,nan,nan,4.319661016949152,2.876530375945048,nan,0.8642206845991468,0.03479854998877862,0.0,0.0,0.0,0.0,0.0,0.0,0.0,0.0,0.0,0.0,0.0,0.0,0.0,0.0,0.0,0.0,0.0,0.0,0.0,0.0,0.024813895781637722,0.03722084367245658,0.1240694789081886,0.9429280397022303,3.7841191066997526,10.868486352357323,10.334987593052112,3.064516129032259,0.6327543424317619,0.1861042183622829,0.8637470505259058,0.03452172278446855,0.0,0.0,0.0,0.0,0.0,0.0,0.0,0.0,0.0,0.0,0.0,0.0,0.0,0.0,0.0,0.0,0.0,0.0,0.0,0.0,0.0,0.027027027027027032,0.27027027027027034,0.8243243243243218,3.8378378378378386,10.945945945945947,10.270270270270272,3.2027027027027035,0.5270270270270271,0.09459459459459461,0.4211,0.01686,0.0,0.0,0.0,0.0,0.0,0.0,0.0,0.0,0.0,0.0,0.024813895781637722,3.1513647642679854,19.83870967741936,6.910669975186106,0.07444168734491316,0.0,0.0,0.0,0.0,0.0,0.0,0.0,0.0,0.0,0.0,0.0,0.0,0.0,0.0,0.0,0.4216,0.01672,0.0,0.0,0.0,0.0,0.0,0.0,0.0,0.0,0.0,0.0,0.013513513513513516,2.945945945945942,19.810810810810814,7.0945945945945965,0.13513513513513517,0.0,0.0,0.0,0.0,0.0,0.0,0.0,0.0,0.0,0.0,0.0,0.0,0.0,0.0,0.0
57800,4826,2419,0.501243265644426,1124,991,0.43825113966017404,1386,0.5743887277248239,0.44199999999999995,2.986705442459493,3.1097882493205637,6.6461318051575935,2.0612381720974513,6649.800000000002,1.8189894035458565e-12,6649.8,6649.8,6649.800000000001,9.094947017729282e-13,6649.800000000001,9.094947017729282e-13,27.6067136344799,20.750513864179002,32.51011846001974,19.03506781699026,0.14173228346456693,0.0998756734355574,0.09946125155408206,0.0855781185246581,0.08081226688769166,0.07355988396187318,0.06796518856195607,0.060298383754662246,0.06257770410277663,0.051181102362204724,0.049523414836303355,0.035225859925404064,0.034189805221715705,0.022585992540406132,0.020721094073767096,0.009946125155408206,0.004765851636966432,0.8631684800252547,0.03629089164471089,0.0,0.0,0.0,0.0,0.0,0.0,0.0,0.0,0.0,0.0,0.0,0.0,0.0,0.0,0.0,0.0,0.0,0.0,0.0,0.0,0.0062163282221301295,0.03108164111065065,0.16784086199751352,0.8640696228760852,4.220886862826358,11.43804392871944,9.448818897637796,2.772482387070038,0.714877745544965,0.33568172399502705,4.398496240601504,2.867752706285687,3.7142857142857144,2.710523708715754,0.8444444444444444,4.398070739549839,2.868679319268112,4.39262187088274,2.8661393061691043,0.9987610775292677,0.4207,0.01665,0.0,0.0,0.0,0.0,0.0,0.0,0.0,0.0,0.0,0.0,0.012432656444260259,3.1889763779527516,20.053874844591796,6.69498549523415,0.049730625777041036,0.0,0.0,0.0,0.0,0.0,0.0,0.0,0.0,0.0,0.0,0.0,0.0,0.0,0.0,0.0,nan,nan,4.395379108363163,2.8674261793505647,nan,0.4207,0.0816,0.0,0.0,0.0,0.0,0.0,0.0,0.0,0.0,0.0,0.0,0.0,0.0,0.0,0.0,0.0,0.0,0.0,0.0,0.0,0.0,0.0004558640696228761,3.108164111065064e-05,3.108164111065064e-05,0.00012432656444260256,0.0013883133029423953,0.0027351844177372566,0.006257770410277663,0.01656651471197679,0.018762950683796104,0.011935350186489847,0.01565478657273104,0.02503108164111065,0.047710319104848735,0.05440323249067551,0.03769167012018235,0.03605470368835474,0.028046000828843762,0.03513261500207211,0.044229175300455864,0.03424160795690012,0.024761707418151677,0.029838375466224618,0.04215706589307915,0.038365105677579774,0.01697057604641525,0.01915665147119768,0.03896601740571902,0.07369457107335267,0.03770203066721923,0.03407583920430999,0.07887484459179445,0.037598425196850395,0.027123912142561126,0.02639867384997928,0.015758392043099877,0.016918773311230834,0.002268959801077497,0.008454206382096974,0.0012121840033153751,0.000891007045171985,0.00029009531703273934,0.00022793203481143805,0.0042167426440116035,4.144218814753419e-05,0.005273518441773726,0.0005076668048072939,0.0015437215084956487,0.0,0.00022793203481143805,0.0,0.0,0.0,0.0,0.0,0.0,0.0,0.0,0.0,0.0,0.0,0.0,0.0,0.0,0.0,0.0,0.0,0.0,0.0,0.0,0.0,0.0,0.0,0.0,0.0,0.0,0.0,0.0,0.0,0.0,0.0,0.0,nan,nan,4.395379108363163,2.8674261793505647,nan,0.8630429826378083,0.035838846810768925,0.0,0.0,0.0,0.0,0.0,0.0,0.0,0.0,0.0,0.0,0.0,0.0,0.0,0.0,0.0,0.0,0.0,0.0,0.0,0.0,0.0,0.02480363786688715,0.16122364613476647,0.8805291442744908,4.253823894171146,11.434477056634977,9.536998759818108,2.7035965274906992,0.6696982224059531,0.33484911120297656,0.8632946030747906,0.036739155027469,0.0,0.0,0.0,0.0,0.0,0.0,0.0,0.0,0.0,0.0,0.0,0.0,0.0,0.0,0.0,0.0,0.0,0.0,0.0,0.0,0.01246364769422518,0.037390943082675536,0.17449106771915252,0.8475280432073093,4.18778562525966,11.441628583298716,9.36019941836311,2.841711674283341,0.760282509347736,0.3365184877440799,0.4207,0.01677,0.0,0.0,0.0,0.0,0.0,0.0,0.0,0.0,0.0,0.0,0.012401818933443574,3.199669284828437,19.855312112443162,6.883009508061184,0.0496072757337743,0.0,0.0,0.0,0.0,0.0,0.0,0.0,0.0,0.0,0.0,0.0,0.0,0.0,0.0,0.0,0.4207,0.01653,0.0,0.0,0.0,0.0,0.0,0.0,0.0,0.0,0.0,0.0,0.01246364769422518,3.1782301620274156,20.253427503115915,6.506024096385544,0.04985459077690072,0.0,0.0,0.0,0.0,0.0,0.0,0.0,0.0,0.0,0.0,0.0,0.0,0.0,0.0,0.0
57900,4807,2514,0.5229873101726649,1162,980,0.44560016642396505,1365,0.5679217807364261,0.45399999999999996,3.0684692542520717,3.035783847784241,6.4566813509544785,2.0120678866283592,6649.800000000002,1.8189894035458565e-12,6649.8,6649.8,6649.800000000002,1.8189894035458565e-12,6649.800000000001,9.094947017729282e-13,27.898273351362597,20.634390837225748,32.62564607432931,18.940829192628307,0.13334720199708758,0.10339088828791346,0.09382151029748284,0.08487622217599335,0.08529228208862076,0.07405866444768047,0.06948200540877886,0.06740170584564177,0.06053671728728937,0.049719159558976496,0.04576659038901602,0.03910963178697732,0.03307676305387976,0.026211774495527355,0.019138755980861243,0.00977740794674433,0.00499271895152902,0.863669338346842,0.03598936916231179,0.0,0.0,0.0,0.0,0.0,0.0,0.0,0.0,0.0,0.0,0.0,0.0,0.0,0.0,0.0,0.0,0.0,0.0,0.0,0.0,0.0,0.006240898689411277,0.1872269606823383,0.9798210942375671,4.069065945496153,10.971499895985025,9.916788017474518,2.864572498439776,0.7364260453505307,0.26835864364468487,4.313776337115073,2.820293702056263,5.333333333333333,3.299831645537222,1.2363490632201182,4.358081471747701,2.850852927895408,4.273482428115016,2.791698043940474,0.9805880077779366,0.4207,0.01692,0.0,0.0,0.0,0.0,0.0,0.0,0.0,0.0,0.0,0.0,0.01872269606823383,3.382567089660906,19.665071770334933,6.8275431662159365,0.1060952777199917,0.0,0.0,0.0,0.0,0.0,0.0,0.0,0.0,0.0,0.0,0.0,0.0,0.0,0.0,0.0,nan,nan,4.314766839378239,2.8209779608285994,nan,0.4207,0.0821,0.0,0.0,0.0,0.0,0.0,0.0,0.0,0.0,0.0,0.0,0.0,0.0,0.0,0.0,0.0,0.0,0.0,0.0,0.0,0.0,0.0008217183274391512,5.200748907842729e-05,3.1204493447056376e-05,0.00011441647597254005,0.0013521947160391097,0.0026627834408154776,0.006064073226544622,0.016600790513833993,0.01726648637403786,0.01236738090285001,0.017349698356563345,0.02627418348242147,0.049323902641980444,0.05432702309132515,0.03684210526315789,0.03429373829831496,0.028801747451633036,0.033388807988350325,0.04536093197420429,0.03506344913667568,0.02377782400665696,0.02812565009361348,0.04293738298314957,0.03976492614936551,0.017880174745163305,0.018400249635947576,0.03878718535469108,0.07200956937799043,0.037570210110255874,0.03499063865196588,0.07568129810692739,0.03751820262117745,0.027719991678801747,0.024329103390888288,0.016944039941751612,0.018972332015810278,0.0033492822966507177,0.007988350322446432,0.0011441647597254005,0.0009153318077803204,0.00031204493447056374,0.00016642396505096735,0.004129394632827127,4.160599126274184e-05,0.005627210318285833,0.0002808404410235074,0.0019554815893488664,3.1204493447056376e-05,0.00029124193883919283,0.0,0.0,0.0,0.0,0.0,0.0,0.0,0.0,0.0,0.0,0.0,0.0,0.0,0.0,0.0,0.0,0.0,0.0,0.0,0.0,0.0,0.0,0.0,0.0,0.0,0.0,0.0,0.0,0.0,0.0,0.0,0.0,nan,nan,4.314766839378239,2.8209779608285994,nan,0.8628631580084586,0.035748917916166086,0.0,0.0,0.0,0.0,0.0,0.0,0.0,0.0,0.0,0.0,0.0,0.0,0.0,0.0,0.0,0.0,0.0,0.0,0.0,0.0,0.0,0.0,0.19093078758949886,0.9069212410501164,4.415274463007161,11.19331742243437,9.486873508353224,2.816229116945108,0.7159904534606207,0.27446300715990457,0.8645532185782837,0.036230552848476566,0.0,0.0,0.0,0.0,0.0,0.0,0.0,0.0,0.0,0.0,0.0,0.0,0.0,0.0,0.0,0.0,0.0,0.0,0.0,0.0,0.0,0.013083296990841695,0.18316615787178375,1.0597470562581737,3.689489751417358,10.728303532490191,10.388137810728304,2.917575228957698,0.7588312254688183,0.2616659398168339,0.421,0.01685,0.0,0.0,0.0,0.0,0.0,0.0,0.0,0.0,0.0,0.0,0.023866348448687357,3.3174224343675367,19.701670644391413,6.849642004773271,0.1073985680190931,0.0,0.0,0.0,0.0,0.0,0.0,0.0,0.0,0.0,0.0,0.0,0.0,0.0,0.0,0.0,0.4204,0.01698,0.0,0.0,0.0,0.0,0.0,0.0,0.0,0.0,0.0,0.0,0.013083296990841695,3.4539904055822017,19.62494548626254,6.803314435237682,0.10466637592673356,0.0,0.0,0.0,0.0,0.0,0.0,0.0,0.0,0.0,0.0,0.0,0.0,0.0,0.0,0.0
58000,4887,2462,0.5037855535093104,1123,1022,0.4389195825659914,1384,0.5664006547984448,0.44999999999999996,2.912577319587629,3.0464084915897156,6.499263622974963,2.135246545077252,6649.800000000002,1.8189894035458565e-12,6649.8,6649.8,6649.800000000001,9.094947017729282e-13,6649.800000000001,9.094947017729282e-13,27.764681808880702,20.954154914013333,32.78038640254341,19.237207079421708,0.14057704112952732,0.09944751381215469,0.09781051770002046,0.08983016165336608,0.07714344178432576,0.0767341927562922,0.06813996316758748,0.06547984448536935,0.052997749130345814,0.04910988336402701,0.04706363822385922,0.042766523429506854,0.029875179046449766,0.025168815224063844,0.02005320237364436,0.011254348270922856,0.006547984448536935,0.8639846378268458,0.03437620854904663,0.0,0.0,0.0,0.0,0.0,0.0,0.0,0.0,0.0,0.0,0.0,0.0,0.0,0.0,0.0,0.0,0.0,0.0,0.0,0.0,0.0,0.012277470841006756,0.1350521792510743,0.9023941068139936,3.756906077348067,11.319828115408228,10.06752608962554,2.9588704726826283,0.6998158379373851,0.14732965009208104,4.376291989664082,2.8504170233023274,3.75,2.8613807855648994,0.8568898073658573,4.420984455958549,2.872998301095974,4.329698524695318,2.828260997206103,0.9793516733269223,0.4204,0.01671,0.0,0.0,0.0,0.0,0.0,0.0,0.0,0.0,0.0,0.0,0.01841620626151013,3.2842234499693013,20.055248618784532,6.556169429097608,0.08594229588704728,0.0,0.0,0.0,0.0,0.0,0.0,0.0,0.0,0.0,0.0,0.0,0.0,0.0,0.0,0.0,nan,nan,4.374677835051546,2.850622200904957,nan,0.4204,0.08234,0.0,0.0,0.0,0.0,0.0,0.0,0.0,0.0,0.0,0.0,0.0,0.0,0.0,0.0,0.0,0.0,0.0,0.0,0.0,0.0,0.0009310415387763454,4.092490280335584e-05,0.0,4.092490280335584e-05,0.0011458972784939637,0.0024145692653979945,0.006230816451810927,0.015592387968078577,0.01761817065684469,0.01318804992838142,0.01703499079189687,0.026642111724984652,0.050746879476161244,0.05404133415183139,0.038254552895436875,0.03455084919173317,0.029373848987108656,0.03319009617352159,0.04609167178227952,0.036065070595457334,0.02292817679558011,0.026713730304890528,0.04161039492531205,0.04211172498465316,0.01744423981993043,0.018354818907305094,0.0373439738080622,0.06892776754655208,0.03339472068753837,0.0358195211786372,0.0752608962553714,0.039226519337016576,0.028299570288520565,0.024739103744628607,0.018385512584407612,0.021270718232044197,0.0035604665438919584,0.00738694495600573,0.0007161857990587272,0.0008287292817679558,0.00025578064252097403,8.184980560671168e-05,0.0037548598322078987,0.0,0.0055043994270513605,0.0003580928995293636,0.0023122570083896053,0.00012277470841006753,9.208103130755064e-05,0.0,0.0,0.0,0.0,0.0,0.0,0.0,0.0,0.0,0.0,0.0,0.0,0.0,0.0,0.0,0.0,0.0,0.0,0.0,0.0,0.0,0.0,0.0,0.0,0.0,0.0,0.0,0.0,0.0,0.0,0.0,0.0,nan,nan,4.374677835051546,2.850622200904957,nan,0.864091023209616,0.034401660767596924,0.0,0.0,0.0,0.0,0.0,0.0,0.0,0.0,0.0,0.0,0.0,0.0,0.0,0.0,0.0,0.0,0.0,0.0,0.0,0.0,0.0,0.012185215272136478,0.17059301380991068,0.974817221770915,3.5580828594638514,11.405361494719743,10.040617384240457,3.0950446791226653,0.5970755483346873,0.14622258326563772,0.863876629244421,0.03435001163093077,0.0,0.0,0.0,0.0,0.0,0.0,0.0,0.0,0.0,0.0,0.0,0.0,0.0,0.0,0.0,0.0,0.0,0.0,0.0,0.0,0.0,0.01237113402061856,0.09896907216494848,0.8288659793814408,3.9587628865979387,11.232989690721652,10.094845360824744,2.8206185567010316,0.8041237113402063,0.1484536082474227,0.4204,0.01695,0.0,0.0,0.0,0.0,0.0,0.0,0.0,0.0,0.0,0.0,0.012185215272136478,3.4362307067424807,19.971567831031688,6.494719740048742,0.08529650690495534,0.0,0.0,0.0,0.0,0.0,0.0,0.0,0.0,0.0,0.0,0.0,0.0,0.0,0.0,0.0,0.4207,0.01645,0.0,0.0,0.0,0.0,0.0,0.0,0.0,0.0,0.0,0.0,0.02474226804123712,3.1298969072164904,20.140206185567013,6.618556701030929,0.08659793814432992,0.0,0.0,0.0,0.0,0.0,0.0,0.0,0.0,0.0,0.0,0.0,0.0,0.0,0.0,0.0
58100,4867,2446,0.5025683172385453,1153,1043,0.4512019724676392,1422,0.5843435381138278,0.4019999999999999,2.9012804626187525,2.925863957358685,6.15564738292011,2.0223993080152702,6649.800000000002,1.8189894035458565e-12,6649.8,6649.8,6649.800000000002,1.8189894035458565e-12,6649.800000000002,1.8189894035458565e-12,28.78056297513869,20.9934174291838,33.674039863879436,19.13259954760636,0.13683994246969386,0.090815697554962,0.09143209369221286,0.08424080542428601,0.07848777480994452,0.06944729813026505,0.0698582288884323,0.07088555578385042,0.05588658311074584,0.056708444627080336,0.056708444627080336,0.04335319498664475,0.03595644133963427,0.022190260941031437,0.017875487980275325,0.011300595849599342,0.008013149784261353,0.8648084245449174,0.033843574239275954,0.0,0.0,0.0,0.0,0.0,0.0,0.0,0.0,0.0,0.0,0.0,0.0,0.0,0.0,0.0,0.0,0.0,0.0,0.0,0.0,0.0,0.006163961372508734,0.10478734333264847,0.8198068625436589,3.673720978015205,11.317033079926036,10.219847955619482,3.0018491884117533,0.6410519827409084,0.21573864803780568,4.157076205287714,2.73299501406687,3.5,2.598076211353316,0.841937897493453,4.138357010500309,2.6913500438368727,4.174375,2.7742509546497414,1.0087034514925373,0.4202,0.01675,0.0,0.0,0.0,0.0,0.0,0.0,0.0,0.0,0.0,0.0,0.0,3.6120813642901117,19.872611464968156,6.416683788781592,0.09862338196013974,0.0,0.0,0.0,0.0,0.0,0.0,0.0,0.0,0.0,0.0,0.0,0.0,0.0,0.0,0.0,nan,nan,4.156259707983846,2.7329295290539077,nan,0.4202,0.0828,0.0,0.0,0.0,0.0,0.0,0.0,0.0,0.0,0.0,0.0,0.0,0.0,0.0,0.0,0.0,0.0,0.0,0.0,0.0,0.0,0.0008835011300595849,6.163961372508732e-05,0.0,0.00017464557222108076,0.0007807684405177728,0.0026813231970412984,0.006615985206492706,0.01574892130675981,0.01724881857407027,0.014639408259708239,0.018553523731251284,0.0287754263406616,0.05216765974933224,0.05215738648037806,0.03552496404355866,0.03392233408670639,0.03204232586809123,0.03113827820012328,0.047000205465379086,0.035155126361208135,0.021923155948222726,0.02821039654818163,0.03967536470104787,0.04242860078076844,0.016365317444010683,0.01776248202177933,0.037589891103349087,0.0712759400041093,0.034025066776248204,0.03554551058146702,0.07184096979658927,0.03810355455105815,0.02802547770700637,0.025857817957674133,0.018625436613930554,0.020813642901171152,0.003677830285596877,0.0087528251489624,0.0008115882473803164,0.0012738853503184713,0.0003903842202588864,3.081980686254366e-05,0.003688103554551058,0.0,0.005116087939182248,0.0003903842202588864,0.0023012122457365934,0.0002054653790836244,2.054653790836244e-05,0.0,0.0,0.0,0.0,0.0,0.0,0.0,0.0,0.0,0.0,0.0,0.0,0.0,0.0,0.0,0.0,0.0,0.0,0.0,0.0,0.0,0.0,0.0,0.0,0.0,0.0,0.0,0.0,0.0,0.0,0.0,0.0,nan,nan,4.156259707983846,2.7329295290539077,nan,0.8645358077590815,0.033408818152748876,0.0,0.0,0.0,0.0,0.0,0.0,0.0,0.0,0.0,0.0,0.0,0.0,0.0,0.0,0.0,0.0,0.0,0.0,0.0,0.0,0.0,0.012264922322158629,0.0858544562551104,0.7849550286181497,3.728536385936223,11.295993458708098,10.437448896156994,2.8331970564186433,0.6500408830744073,0.1717089125102208,0.865083856456588,0.03427501829035728,0.0,0.0,0.0,0.0,0.0,0.0,0.0,0.0,0.0,0.0,0.0,0.0,0.0,0.0,0.0,0.0,0.0,0.0,0.0,0.0,0.0,0.0,0.12391573729863695,0.8550185873605922,3.618339529120199,11.338289962825282,10.000000000000002,3.172242874845106,0.6319702602230485,0.2602230483271376,0.4204,0.01675,0.0,0.0,0.0,0.0,0.0,0.0,0.0,0.0,0.0,0.0,0.0,3.5813573180703138,19.85690923957482,6.439084219133281,0.12264922322158629,0.0,0.0,0.0,0.0,0.0,0.0,0.0,0.0,0.0,0.0,0.0,0.0,0.0,0.0,0.0,0.42,0.01675,0.0,0.0,0.0,0.0,0.0,0.0,0.0,0.0,0.0,0.0,0.0,3.6431226765799205,19.88847583643123,6.394052044609667,0.07434944237918217,0.0,0.0,0.0,0.0,0.0,0.0,0.0,0.0,0.0,0.0,0.0,0.0,0.0,0.0,0.0
58200,4648,2318,0.4987091222030981,1093,954,0.44040447504302926,1319,0.5675559380378657,0.44199999999999995,2.9163090128755367,3.0511153422231794,6.53857791225416,2.045720326416725,6649.800000000001,9.094947017729282e-13,6649.8,6649.8,6649.800000000001,9.094947017729282e-13,6649.800000000002,1.8189894035458565e-12,27.490748709122204,20.86579938437301,32.622802481902795,19.120546867659947,0.14629948364888123,0.09982788296041308,0.09703098106712564,0.08369191049913942,0.0867039586919105,0.07099827882960413,0.0673407917383821,0.06475903614457831,0.055507745266781414,0.05120481927710843,0.04475043029259897,0.038941480206540445,0.03442340791738382,0.02302065404475043,0.017857142857142856,0.011187607573149742,0.006454388984509466,0.8637054897011249,0.033685299088455314,0.0,0.0,0.0,0.0,0.0,0.0,0.0,0.0,0.0,0.0,0.0,0.0,0.0,0.0,0.0,0.0,0.0,0.0,0.0,0.0,0.0,0.012908777969018936,0.10327022375215149,0.7938898450946619,3.930722891566266,11.830895008605856,9.604130808950087,2.9044750430292607,0.6389845094664373,0.18072289156626511,4.266079891672309,2.7974297375402415,4.25,2.436698586202241,0.9962307570226948,4.295315682281059,2.776897426967124,4.237071860308932,2.8154941202643418,0.9864401533483573,0.4194,0.01688,0.0,0.0,0.0,0.0,0.0,0.0,0.0,0.0,0.0,0.0,0.03227194492254734,3.820998278829599,20.11833046471601,5.931583476764201,0.09681583476764202,0.0,0.0,0.0,0.0,0.0,0.0,0.0,0.0,0.0,0.0,0.0,0.0,0.0,0.0,0.0,nan,nan,4.266036461850101,2.796518240617921,nan,0.4194,0.0832,0.0,0.0,0.0,0.0,0.0,0.0,0.0,0.0,0.0,0.0,0.0,0.0,0.0,0.0,0.0,0.0,0.0,0.0,0.0,0.0,0.0007637693631669535,0.00016135972461273667,0.0,0.00025817555938037863,0.0006561962134251291,0.0033347676419965577,0.007293459552495697,0.01711488812392427,0.01680292598967298,0.01584552495697074,0.020223752151462996,0.025892857142857145,0.05279690189328744,0.05433519793459553,0.03358433734939759,0.03268072289156627,0.033509036144578314,0.03072289156626506,0.051151032702237524,0.03386402753872633,0.02204173838209983,0.02790447504302926,0.0372525817555938,0.041781411359724616,0.01664156626506024,0.01637263339070568,0.037123493975903615,0.0730959552495697,0.03422977624784854,0.03701592082616179,0.06855636833046472,0.039629948364888125,0.027054647160068848,0.025462564543889846,0.017330034423407917,0.019933304647160068,0.004700946643717728,0.007906626506024096,0.0009574010327022375,0.0015920826161790018,0.00023666092943201377,3.227194492254733e-05,0.003227194492254733,0.0,0.005260327022375215,0.000193631669535284,0.003237951807228916,0.00023666092943201377,0.0,0.0,0.0,0.0,0.0,0.0,0.0,0.0,0.0,0.0,0.0,0.0,0.0,0.0,0.0,0.0,0.0,0.0,0.0,0.0,0.0,0.0,0.0,0.0,0.0,0.0,0.0,0.0,0.0,0.0,0.0,0.0,0.0,nan,nan,4.266036461850101,2.796518240617921,nan,0.8632166925898084,0.03333910507132821,0.0,0.0,0.0,0.0,0.0,0.0,0.0,0.0,0.0,0.0,0.0,0.0,0.0,0.0,0.0,0.0,0.0,0.0,0.0,0.0,0.0,0.0,0.1294219154443486,0.7377049180327846,3.9732528041415023,12.152717860224335,9.499568593615187,2.7049180327868863,0.6212251941328732,0.18119068162208807,0.8641917694024261,0.03401924689942566,0.0,0.0,0.0,0.0,0.0,0.0,0.0,0.0,0.0,0.0,0.0,0.0,0.0,0.0,0.0,0.0,0.0,0.0,0.0,0.0,0.0,0.025751072961373397,0.07725321888412018,0.8497854077253193,3.888412017167383,11.51072961373391,9.70815450643777,3.1030042918454943,0.6566523605150215,0.1802575107296138,0.4192,0.01666,0.0,0.0,0.0,0.0,0.0,0.0,0.0,0.0,0.0,0.0,0.03882657463330458,3.7402933563416685,20.500431406384816,5.655737704918034,0.0647109577221743,0.0,0.0,0.0,0.0,0.0,0.0,0.0,0.0,0.0,0.0,0.0,0.0,0.0,0.0,0.0,0.4194,0.01709,0.0,0.0,0.0,0.0,0.0,0.0,0.0,0.0,0.0,0.0,0.025751072961373397,3.9012875536480633,19.738197424892707,6.206008583690989,0.12875536480686697,0.0,0.0,0.0,0.0,0.0,0.0,0.0,0.0,0.0,0.0,0.0,0.0,0.0,0.0,0.0
58300,4446,2284,0.5137201979307242,1064,879,0.4370220422852002,1244,0.5596041385515069,0.45799999999999996,2.9912118408880666,3.023102001253026,6.267884322678843,2.1506617717888554,6649.800000000001,9.094947017729282e-13,6649.8,6649.8,6649.800000000001,9.094947017729282e-13,6649.800000000002,1.8189894035458565e-12,28.44331983805668,20.95102367063054,33.21832669322709,19.206451822821286,0.13067926225820964,0.10121457489878542,0.0951417004048583,0.08434547908232119,0.07647323436797121,0.07782276203328835,0.06815114709851552,0.06185335132703554,0.059379217273954114,0.052406657669815566,0.053531264057579846,0.04093567251461988,0.038686459739091315,0.02496626180836707,0.016419253261358523,0.0103463787674314,0.007647323436797121,0.8628813271258685,0.03459754046770354,0.0,0.0,0.0,0.0,0.0,0.0,0.0,0.0,0.0,0.0,0.0,0.0,0.0,0.0,0.0,0.0,0.0,0.0,0.0,0.0,0.0,0.02024291497975709,0.13495276653171392,1.0121457489878511,3.9743589743589753,11.248313090418357,9.979757085020244,2.80701754385965,0.6342780026990554,0.18893387314439952,4.187282835302293,2.788842466741146,4.5,2.5,1.0746825989544437,4.123549488054607,2.740498639595725,4.254404510218464,2.835290536350511,1.0317335883910033,0.42,0.017,0.0,0.0,0.0,0.0,0.0,0.0,0.0,0.0,0.0,0.0,0.02024291497975709,3.5627530364372415,19.87854251012146,6.457489878542511,0.08097165991902835,0.0,0.0,0.0,0.0,0.0,0.0,0.0,0.0,0.0,0.0,0.0,0.0,0.0,0.0,0.0,nan,nan,4.187933425797503,2.7883090140517948,nan,0.42,0.08344,0.0,0.0,0.0,0.0,0.0,0.0,0.0,0.0,0.0,0.0,0.0,0.0,0.0,0.0,0.0,0.0,0.0,0.0,0.0,0.0,0.0009896536212325687,0.00010121457489878542,0.0,0.0001349527665317139,0.0007647323436797121,0.0031039136302294197,0.0060616284300494825,0.01517094017094017,0.017071524966261808,0.017577597840755736,0.02128879892037787,0.026057130004498427,0.051889338731443996,0.056354026090868196,0.031432748538011694,0.03459289248762933,0.03216374269005848,0.030240665766981558,0.04983130904183536,0.032624831309041834,0.022863247863247862,0.025033738191632928,0.037561853351327036,0.04470310391363023,0.017139001349527665,0.016048133153396312,0.03737067026540711,0.0729757085020243,0.03274853801169591,0.036302294197031036,0.07044534412955465,0.039428699955015745,0.026169590643274853,0.025337381916329286,0.01810616284300495,0.02125506072874494,0.006117858749437697,0.00811965811965812,0.0010121457489878543,0.0011920827710301394,0.00023616734143049932,6.747638326585695e-05,0.0028115159694107063,1.1246063877642825e-05,0.005881691408007197,0.00011246063877642825,0.003328834907782276,0.00015744489428699956,1.1246063877642825e-05,0.0,0.0,0.0,0.0,0.0,0.0,0.0,0.0,0.0,0.0,0.0,0.0,0.0,0.0,0.0,0.0,0.0,0.0,0.0,0.0,0.0,0.0,0.0,0.0,0.0,0.0,0.0,0.0,0.0,0.0,0.0,0.0,nan,nan,4.187933425797503,2.7883090140517948,nan,0.8634750549983227,0.034848680847322934,0.0,0.0,0.0,0.0,0.0,0.0,0.0,0.0,0.0,0.0,0.0,0.0,0.0,0.0,0.0,0.0,0.0,0.0,0.0,0.0,0.0,0.013134851138353769,0.11821366024518391,1.0245183887915905,3.9404553415061305,11.138353765323997,9.903677758318741,3.0210157618213667,0.6567425569176883,0.18388791593695275,0.8622540956454405,0.03431907725645761,0.0,0.0,0.0,0.0,0.0,0.0,0.0,0.0,0.0,0.0,0.0,0.0,0.0,0.0,0.0,0.0,0.0,0.0,0.0,0.0,0.0,0.027752081406105463,0.15263644773358004,0.9990749306197934,4.0101757631822395,11.364477335800187,10.06012950971323,2.580943570767808,0.6105457909343202,0.19426456984273827,0.4202,0.01697,0.0,0.0,0.0,0.0,0.0,0.0,0.0,0.0,0.0,0.0,0.013134851138353769,3.4938704028020964,19.938704028021018,6.475481611208408,0.0788091068301226,0.0,0.0,0.0,0.0,0.0,0.0,0.0,0.0,0.0,0.0,0.0,0.0,0.0,0.0,0.0,0.42,0.01701,0.0,0.0,0.0,0.0,0.0,0.0,0.0,0.0,0.0,0.0,0.027752081406105463,3.6355226641998097,19.8149861239593,6.438482886216468,0.08325624421831639,0.0,0.0,0.0,0.0,0.0,0.0,0.0,0.0,0.0,0.0,0.0,0.0,0.0,0.0,0.0
58400,4539,2315,0.5100242344128663,1068,921,0.43820224719101125,1285,0.5662040096937652,0.46199999999999997,3.0305755395683454,3.113408058815396,6.73268921095008,2.007885585230882,6649.800000000001,9.094947017729282e-13,6649.8,6649.8,6649.800000000002,1.8189894035458565e-12,6649.800000000001,9.094947017729282e-13,27.69398545935228,20.9622871104168,32.89268680445151,19.1703761633892,0.1462877285745759,0.09759858999779687,0.09517514871116986,0.08658294778585592,0.0760079312623926,0.08107512667988544,0.06785635602555629,0.06521260189469046,0.05331570830579423,0.050892267019167214,0.044282881692002646,0.03943599911874862,0.03216567525886759,0.02775941837409121,0.019387530293016084,0.009253139458030404,0.007710949548358669,0.8628348318798791,0.034925242514492714,0.0,0.0,0.0,0.0,0.0,0.0,0.0,0.0,0.0,0.0,0.0,0.0,0.0,0.0,0.0,0.0,0.0,0.0,0.0,0.0,0.0066093853271645756,0.0066093853271645756,0.17845340383344355,0.9120951751487084,4.27627230667548,11.328486450760083,9.524124256444152,2.914738929279578,0.6609385327164574,0.19167217448777268,4.422491349480969,2.8665314911435313,3.6,2.244994432064365,0.8140208121430249,4.3420150788211105,2.891496179259666,4.500348432055749,2.837866134819011,1.0364654084245206,0.4185,0.01689,0.0,0.0,0.0,0.0,0.0,0.0,0.0,0.0,0.0,0.0,0.019828155981493723,4.11103767349636,19.84798413747522,5.9682749504296115,0.052875082617316604,0.0,0.0,0.0,0.0,0.0,0.0,0.0,0.0,0.0,0.0,0.0,0.0,0.0,0.0,0.0,nan,nan,4.421070811744387,2.865777747896678,nan,0.4185,0.0834,0.0,0.0,0.0,0.0,0.0,0.0,0.0,0.0,0.0,0.0,0.0,0.0,0.0,0.0,0.0,0.0,0.0,1.1015642211940957e-05,0.0,0.0,0.0008922670191672175,3.304692663582287e-05,1.1015642211940957e-05,0.0001982815598149372,0.0010464860101343908,0.002797973121833003,0.007072042300066094,0.015399867812293458,0.017019167217448776,0.016909010795329367,0.023121833002864068,0.024818241903502975,0.05174047146948667,0.05772196519057061,0.031945362414628774,0.037144745538664904,0.032903723287067636,0.03122934567085261,0.053811412205331574,0.031945362414628774,0.021932143643974444,0.02560035250055078,0.0359881031064111,0.04539546155540868,0.017492839832562238,0.01474994492178894,0.03719982374972461,0.07168979951531174,0.031647940074906365,0.03613130645516634,0.06884776382463098,0.037750605860321654,0.025280898876404494,0.02384886538885217,0.019993390614672837,0.020874641991628112,0.006289931703018286,0.007303370786516854,0.0010464860101343908,0.001013439083498568,0.0002753910552985239,0.00020929720202687816,0.001773518396122494,1.1015642211940957e-05,0.00599250936329588,0.00014320334875523243,0.0034148490857016964,0.00033046926635822867,0.0,0.0,0.0,0.0,0.0,0.0,0.0,0.0,0.0,0.0,0.0,0.0,0.0,0.0,0.0,0.0,0.0,0.0,0.0,0.0,0.0,0.0,0.0,0.0,0.0,0.0,0.0,0.0,0.0,0.0,0.0,0.0,0.0,nan,nan,4.421070811744387,2.865777747896678,nan,0.8628981873489611,0.035358343250517246,0.0,0.0,0.0,0.0,0.0,0.0,0.0,0.0,0.0,0.0,0.0,0.0,0.0,0.0,0.0,0.0,0.0,0.0,0.0,0.0,0.012958963282937368,0.0,0.19438444924406054,0.997840172786174,4.056155507559396,11.222462203023762,9.784017278617712,2.812095032397409,0.73866090712743,0.18142548596112315,0.8627688840782042,0.03446851677008172,0.0,0.0,0.0,0.0,0.0,0.0,0.0,0.0,0.0,0.0,0.0,0.0,0.0,0.0,0.0,0.0,0.0,0.0,0.0,0.0,0.0,0.013489208633093528,0.16187050359712232,0.8228417266187025,4.505395683453238,11.438848920863313,9.25359712230216,3.0215827338129504,0.5800359712230216,0.20233812949640292,0.4187,0.01682,0.0,0.0,0.0,0.0,0.0,0.0,0.0,0.0,0.0,0.0,0.025917926565874737,4.1079913606911385,19.866090712742984,5.948164146868252,0.051835853131749474,0.0,0.0,0.0,0.0,0.0,0.0,0.0,0.0,0.0,0.0,0.0,0.0,0.0,0.0,0.0,0.4182,0.01694,0.0,0.0,0.0,0.0,0.0,0.0,0.0,0.0,0.0,0.0,0.013489208633093528,4.1142086330935195,19.829136690647484,5.989208633093527,0.05395683453237411,0.0,0.0,0.0,0.0,0.0,0.0,0.0,0.0,0.0,0.0,0.0,0.0,0.0,0.0,0.0
58500,4580,2341,0.5111353711790393,1092,972,0.45065502183406114,1306,0.5703056768558952,0.47,3.0,3.0915753784565685,6.567699836867863,2.1120490413266872,6649.800000000002,1.8189894035458565e-12,6649.8,6649.8,6649.800000000002,1.8189894035458565e-12,6649.800000000001,9.094947017729282e-13,27.50414847161572,20.748435628824126,32.481993736951985,19.031308382215883,0.14301310043668122,0.10087336244541485,0.09017467248908297,0.08799126637554586,0.08799126637554586,0.07838427947598253,0.06746724890829695,0.06353711790393013,0.059388646288209605,0.048689956331877726,0.042358078602620086,0.037336244541484716,0.031222707423580787,0.025982532751091702,0.017467248908296942,0.010917030567685589,0.007205240174672489,0.8635179768483191,0.034211398153474314,0.0,0.0,0.0,0.0,0.0,0.0,0.0,0.0,0.0,0.0,0.0,0.0,0.0,0.0,0.0,0.0,0.0,0.0,0.0,0.0,0.006550218340611355,0.02620087336244542,0.13755458515283844,0.8318777292576394,4.008733624454149,11.344978165938867,9.936681222707426,2.914847161572053,0.6484716157205241,0.1441048034934498,4.297647459938629,2.8701381617735993,4.0,2.2038926600773587,0.9307417691392306,4.363197794624397,2.8919902649881646,4.232370718603089,2.8444802074095628,0.9700157815026194,0.4185,0.01636,0.0,0.0,0.0,0.0,0.0,0.0,0.0,0.0,0.0,0.0,0.032751091703056776,3.7991266375545796,20.705240174672493,5.403930131004368,0.058951965065502196,0.0,0.0,0.0,0.0,0.0,0.0,0.0,0.0,0.0,0.0,0.0,0.0,0.0,0.0,0.0,nan,nan,4.296938775510204,2.8687723113699444,nan,0.4185,0.0832,0.0,0.0,0.0,0.0,0.0,0.0,0.0,0.0,0.0,0.0,0.0,0.0,0.0,0.0,0.0,0.0,0.0,0.0,0.0,0.0,0.0006222707423580786,0.0,0.0,7.641921397379913e-05,0.0008187772925764192,0.002074235807860262,0.007074235807860262,0.014989082969432315,0.017412663755458514,0.016539301310043667,0.025720524017467248,0.021768558951965066,0.05029475982532751,0.061517467248908296,0.03340611353711791,0.03755458515283843,0.0300764192139738,0.03025109170305677,0.05660480349344978,0.0326528384279476,0.022565502183406114,0.026899563318777294,0.036168122270742356,0.0459825327510917,0.016790393013100438,0.01589519650655022,0.037914847161572056,0.06906113537117904,0.0315174672489083,0.03603711790393013,0.06676855895196507,0.037237991266375545,0.02554585152838428,0.02322052401746725,0.02046943231441048,0.019563318777292577,0.006779475982532751,0.006746724890829695,0.0016703056768558953,0.0008187772925764192,0.0002729257641921397,0.0001965065502183406,0.0013864628820960698,0.0,0.006921397379912664,0.00013100436681222707,0.0037008733624454147,0.00024017467248908298,0.0,4.3668122270742355e-05,0.0,0.0,0.0,0.0,0.0,0.0,0.0,0.0,0.0,0.0,0.0,0.0,0.0,0.0,0.0,0.0,0.0,0.0,0.0,0.0,0.0,0.0,0.0,0.0,0.0,0.0,0.0,0.0,0.0,0.0,0.0,nan,nan,4.296938775510204,2.8687723113699444,nan,0.8635231969652906,0.03405258186241854,0.0,0.0,0.0,0.0,0.0,0.0,0.0,0.0,0.0,0.0,0.0,0.0,0.0,0.0,0.0,0.0,0.0,0.0,0.0,0.0,0.0,0.025630072618539092,0.140965399401965,0.8842375053395958,3.895771038017942,11.392567278940627,9.752242631354124,3.2293891499359257,0.5510465612985904,0.12815036309269545,0.8635125189234285,0.03437666403678101,0.0,0.0,0.0,0.0,0.0,0.0,0.0,0.0,0.0,0.0,0.0,0.0,0.0,0.0,0.0,0.0,0.0,0.0,0.0,0.0,0.013398838767306836,0.02679767753461367,0.13398838767306837,0.7771326485037939,4.126842340330506,11.295221080839664,10.129522108083968,2.5859758820902194,0.7503349709691829,0.16078606520768202,0.4185,0.01636,0.0,0.0,0.0,0.0,0.0,0.0,0.0,0.0,0.0,0.0,0.0,3.8445108927808573,20.657838530542506,5.472020504058096,0.025630072618539092,0.0,0.0,0.0,0.0,0.0,0.0,0.0,0.0,0.0,0.0,0.0,0.0,0.0,0.0,0.0,0.4182,0.01636,0.0,0.0,0.0,0.0,0.0,0.0,0.0,0.0,0.0,0.0,0.06699419383653418,3.751674854845908,20.754801250558288,5.332737829388121,0.09379187137114786,0.0,0.0,0.0,0.0,0.0,0.0,0.0,0.0,0.0,0.0,0.0,0.0,0.0,0.0,0.0
58600,4438,2260,0.5092383956737269,1028,935,0.4423163587201442,1299,0.5853988283010365,0.46599999999999997,2.9912764003673096,3.079512132333564,6.624796084828711,2.107898259549331,6649.800000000001,9.094947017729282e-13,6649.8,6649.8,6649.800000000002,1.8189894035458565e-12,6649.800000000001,9.094947017729282e-13,28.082018927444796,20.95940272683617,33.20658036677454,19.118264192616618,0.1437584497521406,0.09779179810725552,0.08922938260477693,0.08810274898602974,0.08066696710229833,0.07458314556106355,0.06286615592609283,0.0651194231635872,0.05903560162235241,0.05114916629112213,0.050473186119873815,0.04123479044614691,0.034249662009914375,0.02658855340243353,0.019603424966200992,0.009238395673726904,0.006309148264984227,0.8621036855822052,0.03450750574110174,0.0,0.0,0.0,0.0,0.0,0.0,0.0,0.0,0.0,0.0,0.0,0.0,0.0,0.0,0.0,0.0,0.0,0.0,0.0,0.0,0.02703920684993241,0.04055881027489861,0.16899504281207753,0.9463722397476312,4.130238846327175,11.241550247859399,10.078864353312305,2.7106804867057237,0.527264533573682,0.12843623253717892,4.385769096616673,2.85269925713725,4.333333333333333,2.5276251480171834,0.9880441121891733,4.4082344731332865,2.9206991430905926,4.363070539419087,2.780885652381576,0.9897546434996916,0.4177,0.01646,0.0,0.0,0.0,0.0,0.0,0.0,0.0,0.0,0.0,0.0,0.020279405137449306,4.285714285714279,20.38080216313655,5.279405137449302,0.03379900856241551,0.0,0.0,0.0,0.0,0.0,0.0,0.0,0.0,0.0,0.0,0.0,0.0,0.0,0.0,0.0,nan,nan,4.385550538381382,2.8514232263134494,nan,0.4177,0.083,0.0,0.0,0.0,0.0,0.0,0.0,0.0,0.0,0.0,0.0,0.0,0.0,0.0,0.0,0.0,0.0,0.0,0.0,0.0,0.0,0.0009576385759351059,0.0,0.0,0.0,0.0006309148264984228,0.0020166741775574583,0.006534474988733664,0.013654799459215864,0.01866831906264083,0.016200991437584498,0.026937809824245155,0.02305092383956737,0.053605227579990984,0.06247183415953132,0.03071203244704822,0.03732537178909419,0.03172600270392068,0.02960793150067598,0.05853988283010365,0.029551599819738622,0.022149616944569624,0.026250563316809375,0.03643533123028391,0.04523433979269941,0.018071203244704823,0.017406489409643983,0.03676205497972059,0.06802613789995493,0.030745831455610634,0.03644659756647138,0.06605452906714736,0.03733663812528166,0.02726453357368184,0.024357818837314107,0.01854438936457864,0.018724650743578188,0.007120324470482199,0.00626408292023434,0.0019828751689950426,0.0008900405588102749,0.0002929247408742677,0.00028165840468679585,0.001498422712933754,2.253267237494367e-05,0.005689499774673276,0.0001915277151870212,0.0036164939161784588,9.013068949977468e-05,0.0,5.633168093735917e-05,0.0,0.0,0.0,0.0,0.0,0.0,0.0,0.0,0.0,0.0,0.0,0.0,0.0,0.0,0.0,0.0,0.0,0.0,0.0,0.0,0.0,0.0,0.0,0.0,0.0,0.0,0.0,0.0,0.0,0.0,0.0,nan,nan,4.385550538381382,2.8514232263134494,nan,0.8618812812904341,0.034895443736952095,0.0,0.0,0.0,0.0,0.0,0.0,0.0,0.0,0.0,0.0,0.0,0.0,0.0,0.0,0.0,0.0,0.0,0.0,0.0,0.0,0.03982300884955753,0.026548672566371688,0.19911504424778767,1.0221238938053065,4.141592920353983,11.283185840707969,9.823008849557525,2.7743362831858414,0.5707964601769913,0.11946902654867259,0.8623344632219677,0.03409876329070722,0.0,0.0,0.0,0.0,0.0,0.0,0.0,0.0,0.0,0.0,0.0,0.0,0.0,0.0,0.0,0.0,0.0,0.0,0.0,0.0,0.013774104683195596,0.055096418732782385,0.13774104683195595,0.8677685950413196,4.118457300275483,11.198347107438018,10.344352617079892,2.6446280991735542,0.4820936639118458,0.13774104683195595,0.4182,0.01643,0.0,0.0,0.0,0.0,0.0,0.0,0.0,0.0,0.0,0.0,0.026548672566371688,4.088495575221233,20.30973451327434,5.535398230088497,0.03982300884955753,0.0,0.0,0.0,0.0,0.0,0.0,0.0,0.0,0.0,0.0,0.0,0.0,0.0,0.0,0.0,0.417,0.01646,0.0,0.0,0.0,0.0,0.0,0.0,0.0,0.0,0.0,0.0,0.013774104683195596,4.490358126721756,20.454545454545457,5.013774104683196,0.027548209366391192,0.0,0.0,0.0,0.0,0.0,0.0,0.0,0.0,0.0,0.0,0.0,0.0,0.0,0.0,0.0
58700,4542,2254,0.496257155438133,1075,968,0.44980184940554824,1287,0.5667107001321003,0.474,2.9208916083916083,3.0993655862454026,6.660743134087237,2.088028829113458,6649.800000000001,9.094947017729282e-13,6649.8,6649.8,6649.800000000001,9.094947017729282e-13,6649.800000000001,9.094947017729282e-13,27.252972258916778,20.631585907257538,32.30084521922874,18.892572667049365,0.14509026860413915,0.10303830911492734,0.09577278731836196,0.08850726552179657,0.08102157639806253,0.0726552179656539,0.06715103478643769,0.06693086745926904,0.05746367239101717,0.05306032584764421,0.04579480405107882,0.03896961690885073,0.02906208718626156,0.023117569352708058,0.016952884191985908,0.009247027741083224,0.006164685160722149,0.8636307020063497,0.03491657862486542,0.0,0.0,0.0,0.0,0.0,0.0,0.0,0.0,0.0,0.0,0.0,0.0,0.0,0.0,0.0,0.0,0.0,0.0,0.0,0.0,0.013210039630118893,0.03302509907529723,0.16512549537648616,0.7727873183619527,3.844121532364598,11.611624834874508,9.861294583883753,2.8665785997358,0.5944517833553502,0.23778071334214007,4.436066712995135,2.88219813921371,5.2,3.4583232931581165,1.1722096028824314,4.471288515406163,2.880415716224216,4.406849315068493,2.888609124808026,0.9855882258289441,0.4175,0.01637,0.0,0.0,0.0,0.0,0.0,0.0,0.0,0.0,0.0,0.0,0.026420079260237785,4.286657859973573,20.64068692206077,4.986789960369882,0.05944517833553502,0.0,0.0,0.0,0.0,0.0,0.0,0.0,0.0,0.0,0.0,0.0,0.0,0.0,0.0,0.0,nan,nan,4.43871191135734,2.884740635608939,nan,0.4175,0.0824,0.0,0.0,0.0,0.0,0.0,0.0,0.0,0.0,0.0,0.0,0.0,0.0,0.0,0.0,0.0,0.0,0.0,0.0,0.0,0.0,0.0009136944077498899,0.0,0.0,1.1008366358432408e-05,0.000539409951563188,0.0018604139145750771,0.006428885953324527,0.0138925583443417,0.017756494936151473,0.016919859092910612,0.025418317921620432,0.022446059004843682,0.05325847644209599,0.06601717305151915,0.030823425803610745,0.036679876706296785,0.03284896521356231,0.02875385292822545,0.056638044914134746,0.02705856450902686,0.023524878907970056,0.02801629238221048,0.037307353588727436,0.045585645090268606,0.016974900924702774,0.0158630559225011,0.03827608982826949,0.07280933509467195,0.02943637164244826,0.03414795244385733,0.06558784676354029,0.036999119330691325,0.03205636283575517,0.02476882430647292,0.01635843240863056,0.017976662263320124,0.007188463232056363,0.0055922501100836635,0.0015741963892558345,0.001023778071334214,0.00019815059445178336,0.00016512549537648613,0.0013430206957287538,0.0,0.005559225011008366,6.605019815059445e-05,0.003170409511228534,9.907529722589168e-05,0.0,6.605019815059445e-05,0.0,0.0,0.0,0.0,0.0,0.0,0.0,0.0,0.0,0.0,0.0,0.0,0.0,0.0,0.0,0.0,0.0,0.0,0.0,0.0,0.0,0.0,0.0,0.0,0.0,0.0,0.0,0.0,0.0,0.0,0.0,nan,nan,4.43871191135734,2.884740635608939,nan,0.8645140293856691,0.03455721925291166,0.0,0.0,0.0,0.0,0.0,0.0,0.0,0.0,0.0,0.0,0.0,0.0,0.0,0.0,0.0,0.0,0.0,0.0,0.0,0.0,0.013309671694764866,0.03992901508429459,0.15971606033717836,0.6122448979591818,3.6867790594498677,11.526175687666374,10.208518189884652,2.9547471162378,0.5590062111801243,0.23957409050576758,0.8627605009954292,0.0352453770289417,0.0,0.0,0.0,0.0,0.0,0.0,0.0,0.0,0.0,0.0,0.0,0.0,0.0,0.0,0.0,0.0,0.0,0.0,0.0,0.0,0.013111888111888115,0.02622377622377623,0.1704545454545455,0.9309440559440529,3.999125874125875,11.695804195804198,9.51923076923077,2.7797202797202805,0.6293706293706295,0.23601398601398607,0.4172,0.01627,0.0,0.0,0.0,0.0,0.0,0.0,0.0,0.0,0.0,0.0,0.013309671694764866,4.551907719609576,20.749778172138424,4.645075421472938,0.03992901508429459,0.0,0.0,0.0,0.0,0.0,0.0,0.0,0.0,0.0,0.0,0.0,0.0,0.0,0.0,0.0,0.418,0.01646,0.0,0.0,0.0,0.0,0.0,0.0,0.0,0.0,0.0,0.0,0.03933566433566434,4.025349650349645,20.533216783216787,5.323426573426574,0.07867132867132869,0.0,0.0,0.0,0.0,0.0,0.0,0.0,0.0,0.0,0.0,0.0,0.0,0.0,0.0,0.0
58800,4518,2341,0.518149623727313,1114,883,0.44200973882248784,1261,0.5582115980522355,0.49,3.0477721635277906,3.1691722252056214,6.7709677419354835,2.1073899999436847,6649.800000000001,9.094947017729282e-13,6649.8,6649.8,6649.800000000002,1.8189894035458565e-12,6649.800000000001,9.094947017729282e-13,28.079459938025675,21.052541166593265,33.13953488372093,19.26063533107373,0.14209827357237717,0.10380699424524126,0.0918548030101815,0.08167330677290836,0.07768924302788845,0.06927844178840195,0.06994245241257194,0.06263833554670208,0.06308100929614874,0.0551128818061089,0.04847277556440903,0.03718459495351926,0.033200531208499334,0.025675077467906152,0.020584329349269587,0.01018149623727313,0.007525453740593183,0.8633860286594017,0.034146313790584,0.0,0.0,0.0,0.0,0.0,0.0,0.0,0.0,0.0,0.0,0.0,0.0,0.0,0.0,0.0,0.0,0.0,0.0,0.0,0.0,0.0,0.03320053120849934,0.1925630810092962,0.8034528552456814,3.9707835325365215,11.321381142098277,10.219123505976098,2.6427622841965475,0.6573705179282869,0.15936254980079684,4.382861091914306,2.9070957865689824,4.818181818181818,3.2702010452009,1.0993234138929504,4.389307745030843,2.8598606158635715,4.3796680497925315,2.957111857856956,0.9978038233365558,0.419,0.01608,0.0,0.0,0.0,0.0,0.0,0.0,0.0,0.0,0.0,0.0,0.006640106241699869,3.618857901726422,20.58432934926959,5.763612217795487,0.026560424966799476,0.0,0.0,0.0,0.0,0.0,0.0,0.0,0.0,0.0,0.0,0.0,0.0,0.0,0.0,0.0,nan,nan,4.384509466437177,2.90867909679297,nan,0.419,0.08234,0.0,0.0,0.0,0.0,0.0,0.0,0.0,0.0,0.0,0.0,0.0,0.0,0.0,0.0,0.0,0.0,0.0,0.0,0.0,0.0,0.0006197432492253209,0.0,0.0,0.0,0.0004869411243913236,0.0013833554670208057,0.006562638335546702,0.012804338202744577,0.016235059760956176,0.018193891102257637,0.02353917662682603,0.022587428065515714,0.05265604249667995,0.06798362107127047,0.030190349712262064,0.036874723328906595,0.031828242585214696,0.02687029659141213,0.05459274015050908,0.02662682602921647,0.023339973439575033,0.02817618415227977,0.03770473660911908,0.0435701637892873,0.017507746790615317,0.015991589198760512,0.03946436476316954,0.07561974324922532,0.031706507304116865,0.03481629039397964,0.06608012394864984,0.035889774236387784,0.03313413014608234,0.02540947321823816,0.016555998229305,0.018603364320495794,0.007082779991146525,0.004426737494466578,0.0019698981850376275,0.0017706949977866313,0.0002766710934041611,0.00018813634351482958,0.0012505533421868084,0.0,0.005123948649845065,0.0002213368747233289,0.0036631252766710933,0.00033200531208499334,0.0,8.853474988933157e-05,0.0,0.0,0.0,0.0,0.0,0.0,0.0,0.0,0.0,0.0,0.0,0.0,0.0,0.0,0.0,0.0,0.0,0.0,0.0,0.0,0.0,0.0,0.0,0.0,0.0,0.0,0.0,0.0,0.0,0.0,0.0,nan,nan,4.384509466437177,2.90867909679297,nan,0.8634631839739568,0.034409993789049485,0.0,0.0,0.0,0.0,0.0,0.0,0.0,0.0,0.0,0.0,0.0,0.0,0.0,0.0,0.0,0.0,0.0,0.0,0.0,0.0,0.0,0.038445108927808634,0.2178556172575823,0.7817172148654397,3.9342161469457504,11.213156770610853,10.213583938487828,2.7552328064929523,0.7304570696283641,0.11533532678342591,0.8633030610014443,0.03386028268845642,0.0,0.0,0.0,0.0,0.0,0.0,0.0,0.0,0.0,0.0,0.0,0.0,0.0,0.0,0.0,0.0,0.0,0.0,0.0,0.0,0.0,0.027560863573725315,0.16536518144235188,0.8268259072117566,4.010105649977033,11.437758383096007,10.225080385852092,2.5218190169958663,0.5787781350482316,0.20670647680293988,0.4187,0.01625,0.0,0.0,0.0,0.0,0.0,0.0,0.0,0.0,0.0,0.0,0.012815036309269546,3.8701409653993966,20.414352840666385,5.65143101238787,0.051260145237078183,0.0,0.0,0.0,0.0,0.0,0.0,0.0,0.0,0.0,0.0,0.0,0.0,0.0,0.0,0.0,0.4192,0.0159,0.0,0.0,0.0,0.0,0.0,0.0,0.0,0.0,0.0,0.0,0.0,3.34864492420762,20.767110702802025,5.884244372990356,0.0,0.0,0.0,0.0,0.0,0.0,0.0,0.0,0.0,0.0,0.0,0.0,0.0,0.0,0.0,0.0
58900,4817,2431,0.5046709570271953,1171,988,0.44820427652065603,1378,0.5721403363089059,0.46599999999999997,3.0054484492875106,3.1125122102696476,6.752307692307692,2.062530760035999,6649.800000000002,1.8189894035458565e-12,6649.8,6649.8,6649.800000000002,1.8189894035458565e-12,6649.800000000001,9.094947017729282e-13,27.601411667012663,20.70834426486999,32.523514851485146,18.987513915084353,0.1422046917168362,0.10379904504878555,0.09113556155283371,0.08345443221922358,0.08490761884990658,0.07265933153414988,0.07245173344405231,0.06622379074112518,0.05791986713722234,0.05106913016400249,0.04857795308283164,0.0373676562175628,0.029063732613659955,0.02283578991073282,0.019721818559269255,0.009964708324683413,0.006643138883122276,0.862718978548337,0.03522888202055449,0.0,0.0,0.0,0.0,0.0,0.0,0.0,0.0,0.0,0.0,0.0,0.0,0.0,0.0,0.0,0.0,0.0,0.0,0.0,0.0,0.006227942702927134,0.09964708324683415,0.1806103383848869,0.8283163794893061,4.029478928793856,11.465642516088854,9.7778700435956,2.8025742163172107,0.6539339838073491,0.15569856757317835,4.441541476159373,2.8933264010549036,4.3,3.210918871600464,0.9681323529411764,4.457344451571521,2.8957637996462298,4.423506237688772,2.8951743395058473,0.9924084364018989,0.4194,0.01651,0.0,0.0,0.0,0.0,0.0,0.0,0.0,0.0,0.0,0.0,0.006227942702927134,3.624662653103586,20.153622586672206,6.153207390492009,0.05605148432634421,0.006227942702927134,0.0,0.0,0.0,0.0,0.0,0.0,0.0,0.0,0.0,0.0,0.0,0.0,0.0,0.0,nan,nan,4.440622972096041,2.8955219517558137,nan,0.4194,0.0828,0.0,0.0,0.0,0.0,0.0,0.0,0.0,0.0,0.0,0.0,0.0,0.0,0.0,0.0,0.0,0.0,0.0,0.0,0.0,0.0,0.00045671579821465643,3.113971351463567e-05,0.0,1.0379904504878555e-05,0.0006227942702927133,0.0013078679676146979,0.007099854681336931,0.012777662445505501,0.015912393605978827,0.01918206352501557,0.02261781191613037,0.02321984637741333,0.05378866514428067,0.0639402117500519,0.03010172306414781,0.03752335478513598,0.032260743201162546,0.024994810047747562,0.05370562590824164,0.025108988997301226,0.02300186838281088,0.029333610130786798,0.040128710815860495,0.04432219223583143,0.017147602242059374,0.015902013701473948,0.04097986298526054,0.07574216317209882,0.030838696283994188,0.03342329250570895,0.06858002906373262,0.038000830392360394,0.030724517334440524,0.024693792817106083,0.016638986921320324,0.017500518995225246,0.0066742785966369105,0.005096533111895371,0.0017749636703342328,0.0016192651027610546,0.00029063732613659955,0.00010379904504878556,0.0011625493045463982,1.0379904504878555e-05,0.006643138883122276,7.265933153414989e-05,0.004432219223583143,0.00047747560722441354,0.0,1.0379904504878555e-05,0.0,0.0,1.0379904504878555e-05,0.0,0.0,0.0,0.0,0.0,0.0,0.0,0.0,0.0,0.0,0.0,0.0,0.0,0.0,0.0,0.0,0.0,0.0,0.0,0.0,0.0,0.0,0.0,0.0,0.0,0.0,0.0,0.0,nan,nan,4.440622972096041,2.8955219517558137,nan,0.8622201439138795,0.03534938915176803,0.0,0.0,0.0,0.0,0.0,0.0,0.0,0.0,0.0,0.0,0.0,0.0,0.0,0.0,0.0,0.0,0.0,0.0,0.0,0.0,0.012340600575894697,0.08638420403126287,0.18510900863842045,0.9008638420403098,4.010695187165776,11.612505141916909,9.638009049773757,2.764294529000412,0.6663924310983136,0.12340600575894696,0.8632272212123631,0.035098385943696846,0.0,0.0,0.0,0.0,0.0,0.0,0.0,0.0,0.0,0.0,0.0,0.0,0.0,0.0,0.0,0.0,0.0,0.0,0.0,0.0,0.0,0.1131601005867561,0.17602682313495394,0.7544006705783715,4.048616932103941,11.31601005867561,9.920368818105617,2.8415758591785423,0.6412405699916178,0.1886001676445935,0.4192,0.01651,0.0,0.0,0.0,0.0,0.0,0.0,0.0,0.0,0.0,0.0,0.012340600575894697,3.7145207733442973,20.26326614561909,5.9728506787330335,0.024681201151789393,0.012340600575894697,0.0,0.0,0.0,0.0,0.0,0.0,0.0,0.0,0.0,0.0,0.0,0.0,0.0,0.0,0.4197,0.0165,0.0,0.0,0.0,0.0,0.0,0.0,0.0,0.0,0.0,0.0,0.0,3.5331098072087124,20.041911148365468,6.336965632858342,0.08801341156747697,0.0,0.0,0.0,0.0,0.0,0.0,0.0,0.0,0.0,0.0,0.0,0.0,0.0,0.0,0.0
59000,4905,2499,0.5094801223241591,1213,1024,0.4560652395514781,1416,0.5773700305810398,0.45799999999999996,2.984621778886118,3.074607815539415,6.6092619392185235,2.0445475559454307,6649.800000000001,9.094947017729282e-13,6649.8,6649.8,6649.800000000002,1.8189894035458565e-12,6649.800000000002,1.8189894035458565e-12,27.864831804281344,20.656056186594252,32.613027744270205,18.94236892606615,0.1343527013251784,0.0925586136595311,0.09765545361875637,0.09683995922528033,0.0819571865443425,0.07787971457696229,0.0691131498470948,0.06075433231396534,0.06075433231396534,0.05137614678899083,0.04750254841997961,0.036085626911314984,0.03343527013251784,0.024260958205912335,0.018960244648318043,0.009785932721712538,0.00672782874617737,0.862856180405398,0.03385875635321708,0.0,0.0,0.0,0.0,0.0,0.0,0.0,0.0,0.0,0.0,0.0,0.0,0.0,0.0,0.0,0.0,0.0,0.0,0.0,0.0,0.0,0.012232415902140676,0.19571865443425082,0.8073394495412819,4.1712538226299705,11.376146788990829,9.963302752293579,2.7278287461773707,0.6177370030581041,0.1284403669724771,4.291718946047679,2.87761126736703,3.8,1.469693845669907,0.8854261072942552,4.298179535467671,2.8804779108266234,4.282051282051282,2.871632935664836,0.99624765478424,0.4197,0.01636,0.0,0.0,0.0,0.0,0.0,0.0,0.0,0.0,0.0,0.0,0.024464831804281353,3.406727828746172,20.6605504587156,5.822629969418962,0.08562691131498473,0.0,0.0,0.0,0.0,0.0,0.0,0.0,0.0,0.0,0.0,0.0,0.0,0.0,0.0,0.0,nan,nan,4.29094895082994,2.876011154021822,nan,0.4197,0.0832,0.0,0.0,0.0,0.0,0.0,0.0,0.0,0.0,0.0,0.0,0.0,0.0,0.0,0.0,0.0,0.0,0.0,0.0,0.0,0.0,0.0005402650356778798,4.077471967380224e-05,0.0,0.0,0.0009683995922528032,0.002059123343527013,0.006085626911314985,0.012344546381243628,0.01581039755351682,0.019877675840978593,0.021722731906218144,0.023914373088685017,0.05527013251783894,0.06436289500509684,0.028858307849133537,0.03946992864424057,0.031192660550458717,0.024240570846075435,0.05378185524974516,0.02507645259938838,0.022232415902140673,0.027859327217125383,0.042140672782874616,0.044841997961264014,0.016585117227319063,0.015168195718654433,0.041946992864424056,0.074638124362895,0.03127420998980632,0.03067278287461774,0.06857288481141692,0.03716615698267074,0.0318348623853211,0.025056065239551478,0.01742099898063201,0.01800203873598369,0.0060958205912334355,0.005993883792048929,0.0013557594291539246,0.0020387359836901123,9.174311926605505e-05,0.00017329255861365953,0.0008562691131498471,0.0,0.007349643221202854,4.077471967380224e-05,0.0046075433231396535,0.0003363914373088685,0.0,0.0,0.0,0.0,3.0581039755351684e-05,0.0,0.0,0.0,0.0,0.0,0.0,0.0,0.0,0.0,0.0,0.0,0.0,0.0,0.0,0.0,0.0,0.0,0.0,0.0,0.0,0.0,0.0,0.0,0.0,0.0,0.0,0.0,0.0,nan,nan,4.29094895082994,2.876011154021822,nan,0.8625248410836274,0.0334888096798534,0.0,0.0,0.0,0.0,0.0,0.0,0.0,0.0,0.0,0.0,0.0,0.0,0.0,0.0,0.0,0.0,0.0,0.0,0.0,0.0,0.0,0.01200480192076831,0.16806722689075634,0.7923169267707059,4.357743097238896,11.30852340936375,10.01200480192077,2.62905162064826,0.5882352941176472,0.1320528211284514,0.8632003271074367,0.034235376037811925,0.0,0.0,0.0,0.0,0.0,0.0,0.0,0.0,0.0,0.0,0.0,0.0,0.0,0.0,0.0,0.0,0.0,0.0,0.0,0.0,0.0,0.012468827930174566,0.22443890274314218,0.8229426433915187,3.9775561097256866,11.446384039900252,9.91271820448878,2.8304239401496267,0.6483790523690774,0.12468827930174566,0.4194,0.01663,0.0,0.0,0.0,0.0,0.0,0.0,0.0,0.0,0.0,0.0,0.02400960384153662,3.517406962785109,20.528211284513812,5.858343337334936,0.07202881152460985,0.0,0.0,0.0,0.0,0.0,0.0,0.0,0.0,0.0,0.0,0.0,0.0,0.0,0.0,0.0,0.42,0.01607,0.0,0.0,0.0,0.0,0.0,0.0,0.0,0.0,0.0,0.0,0.024937655860349132,3.29177057356608,20.79800498753118,5.785536159600999,0.09975062344139653,0.0,0.0,0.0,0.0,0.0,0.0,0.0,0.0,0.0,0.0,0.0,0.0,0.0,0.0,0.0
59100,5028,2535,0.5041766109785203,1215,1058,0.4520684168655529,1452,0.5775656324582339,0.43799999999999994,2.9466506217408743,3.0443904299100426,6.572039942938659,1.981948486816951,6649.800000000002,1.8189894035458565e-12,6649.8,6649.8,6649.800000000003,2.7284841053187847e-12,6649.800000000002,1.8189894035458565e-12,27.792760540970566,20.841438629268566,32.89542639352072,19.02381279127238,0.14638027048528243,0.09506762132060462,0.0881066030230708,0.0879077167859984,0.0879077167859984,0.0733890214797136,0.07140015910898966,0.06364359586316627,0.05628480509148767,0.05190930787589499,0.04474940334128878,0.039578361177406526,0.03381066030230708,0.024860779634049323,0.016308671439936355,0.011336515513126491,0.0073587907716786,0.8627667516683337,0.035486430540535165,0.0,0.0,0.0,0.0,0.0,0.0,0.0,0.0,0.0,0.0,0.0,0.0,0.0,0.0,0.0,0.0,0.0,0.0,0.0,0.0,0.005966587112171839,0.017899761336515517,0.17899761336515518,0.9964200477326938,4.170644391408115,11.366348448687354,9.439140811455848,2.857995226730311,0.739856801909308,0.22673031026252988,4.297206017807799,2.808508530196861,3.6666666666666665,1.7950549357115015,0.8532676002667428,4.358308157099698,2.793012782016488,4.231965174129353,2.820112223655477,0.971011002798292,0.4192,0.01624,0.0,0.0,0.0,0.0,0.0,0.0,0.0,0.0,0.0,0.0,0.005966587112171839,3.377088305489255,20.9546539379475,5.57875894988067,0.08353221957040576,0.0,0.0,0.0,0.0,0.0,0.0,0.0,0.0,0.0,0.0,0.0,0.0,0.0,0.0,0.0,nan,nan,4.296046582899173,2.8071107883212796,nan,0.4192,0.08356,0.0,0.0,0.0,0.0,0.0,0.0,0.0,0.0,0.0,0.0,0.0,0.0,0.0,0.0,0.0,0.0,0.0,0.0,0.0,0.0,0.0005171042163882259,0.0,3.977724741447892e-05,0.0,0.0010043754972155928,0.0019689737470167065,0.0062251392203659505,0.010869132856006365,0.016408114558472554,0.020495226730310262,0.021479713603818614,0.024383452665075578,0.05844272076372315,0.06463802704852824,0.02937549721559268,0.03872315035799523,0.030399761336515514,0.026252983293556086,0.0535799522673031,0.023647573587907717,0.02313046937151949,0.025825377883850437,0.04464996022275258,0.04554494828957836,0.016656722354813046,0.015025855210819412,0.04219371519490851,0.07237470167064439,0.03186157517899761,0.02974343675417661,0.06615950676213206,0.036207239459029435,0.030628480509148768,0.0265115354017502,0.016756165473349245,0.016398170246618934,0.006503579952267303,0.007100238663484487,0.001322593476531424,0.002317024661893397,9.94431185361973e-05,0.0003381066030230708,0.0012430389817024662,4.972155926809865e-05,0.006155529037390612,0.0,0.006503579952267303,0.00024860779634049325,0.0,0.0,0.0,0.0,0.0,0.0,0.0,0.0,0.0,0.0,0.0,0.0,0.0,0.0,0.0,0.0,0.0,0.0,0.0,0.0,0.0,0.0,0.0,0.0,0.0,0.0,0.0,0.0,0.0,0.0,0.0,0.0,0.0,nan,nan,4.296046582899173,2.8071107883212796,nan,0.8630390112216656,0.03591994071338323,0.0,0.0,0.0,0.0,0.0,0.0,0.0,0.0,0.0,0.0,0.0,0.0,0.0,0.0,0.0,0.0,0.0,0.0,0.0,0.0,0.0,0.011834319526627222,0.18934911242603555,0.9822485207100561,4.082840236686391,11.384615384615387,9.420118343195268,2.875739644970415,0.7337278106508878,0.319526627218935,0.862489905311456,0.03503794850499102,0.0,0.0,0.0,0.0,0.0,0.0,0.0,0.0,0.0,0.0,0.0,0.0,0.0,0.0,0.0,0.0,0.0,0.0,0.0,0.0,0.01203369434416366,0.02406738868832732,0.16847172081829126,1.0108303249097441,4.259927797833936,11.347773766546332,9.458483754512637,2.839951865222624,0.746089049338147,0.13237063778580027,0.4194,0.01604,0.0,0.0,0.0,0.0,0.0,0.0,0.0,0.0,0.0,0.0,0.0,3.1597633136094627,21.147928994082847,5.585798816568048,0.10650887573964499,0.0,0.0,0.0,0.0,0.0,0.0,0.0,0.0,0.0,0.0,0.0,0.0,0.0,0.0,0.0,0.419,0.01645,0.0,0.0,0.0,0.0,0.0,0.0,0.0,0.0,0.0,0.0,0.01203369434416366,3.5980746089049287,20.758122743682318,5.571600481347775,0.0601684717208183,0.0,0.0,0.0,0.0,0.0,0.0,0.0,0.0,0.0,0.0,0.0,0.0,0.0,0.0,0.0
59200,4661,2354,0.5050418365157692,1137,961,0.45011800042909245,1329,0.5702638918686977,0.42999999999999994,2.8404854789770266,2.919620981174837,6.1850699844479005,1.9706148718938559,6649.800000000001,9.094947017729282e-13,6649.8,6649.8,6649.800000000001,9.094947017729282e-13,6649.800000000001,9.094947017729282e-13,28.129585925767003,21.106638297949566,33.31327160493827,19.272229663694375,0.14417506972752628,0.09525852821282986,0.09075305728384467,0.08882214117142244,0.07637845955803475,0.07423299721089895,0.0669384252306372,0.07037116498605449,0.06221840806693842,0.0547092898519631,0.037760137309590214,0.03861832224844454,0.029392834155760567,0.031967388972323534,0.017163698777086463,0.012443681613387684,0.008796395623256811,0.861564342695816,0.033372862029960274,0.0,0.0,0.0,0.0,0.0,0.0,0.0,0.0,0.0,0.0,0.0,0.0,0.0,0.0,0.0,0.0,0.0,0.0,0.0,0.0,0.0,0.045054709289851974,0.11585496674533365,0.8560394765071847,4.2544518343703075,11.804333833941218,9.828363012229136,2.503754559107488,0.4762926410641494,0.11585496674533365,4.190824468085107,2.717069929373081,3.727272727272727,2.5616368733827946,0.8893888912927465,4.1820580474934035,2.7272387355420578,4.195739014647137,2.7067569357043957,1.0032713479818707,0.4197,0.01585,0.0,0.0,0.0,0.0,0.0,0.0,0.0,0.0,0.0,0.0,0.01287277408281485,3.173138811413855,20.931130658656944,5.79918472430809,0.08367303153829653,0.0,0.0,0.0,0.0,0.0,0.0,0.0,0.0,0.0,0.0,0.0,0.0,0.0,0.0,0.0,nan,nan,4.189135475322955,2.7166633156471875,nan,0.4197,0.08374,0.0,0.0,0.0,0.0,0.0,0.0,0.0,0.0,0.0,0.0,0.0,0.0,0.0,0.0,0.0,0.0,0.0,0.0,0.0,0.0,0.0006329113924050633,0.0,0.00011800042909246942,0.0,0.0012658227848101266,0.002209826217549882,0.005942930701566188,0.010834584853035829,0.015500965458056211,0.018740613602231282,0.01974898090538511,0.0239004505470929,0.05758420939712508,0.06677751555460201,0.030626475005363654,0.039111778588285774,0.029864835872130444,0.024147178717013516,0.05792748337266681,0.024940999785453766,0.019834799399270544,0.027601373095902167,0.044443252520918256,0.045376528641922334,0.016112422226989918,0.014589143960523493,0.04127869555889294,0.0687298862904956,0.03153829650289637,0.030733748122720447,0.06543660158764214,0.03826432096116713,0.03428448830723021,0.027311735679038832,0.016841879425016092,0.015930057927483372,0.005985839948508904,0.007015661875134091,0.0011585496674533361,0.0017914610598583995,0.00011800042909246942,0.0003647285990130873,0.0013516412786955588,2.1454623471358076e-05,0.007691482514481871,0.0,0.006168204248015448,0.00015018236429950656,0.0,0.0,0.0,0.0,0.0,0.0,0.0,0.0,0.0,0.0,0.0,0.0,0.0,0.0,0.0,0.0,0.0,0.0,0.0,0.0,0.0,0.0,0.0,0.0,0.0,0.0,0.0,0.0,0.0,0.0,0.0,0.0,0.0,nan,nan,4.189135475322955,2.7166633156471875,nan,0.861154301701305,0.032715593995078784,0.0,0.0,0.0,0.0,0.0,0.0,0.0,0.0,0.0,0.0,0.0,0.0,0.0,0.0,0.0,0.0,0.0,0.0,0.0,0.0,0.0,0.03823279524214104,0.10195412064570945,0.8028887000849593,4.294817332200511,12.119796091758712,9.851316907391675,2.268479184367035,0.4078164825828378,0.11469838572642313,0.8619827373646842,0.03402534475809191,0.0,0.0,0.0,0.0,0.0,0.0,0.0,0.0,0.0,0.0,0.0,0.0,0.0,0.0,0.0,0.0,0.0,0.0,0.0,0.0,0.0,0.05201560468140443,0.13003901170351106,0.9102730819245746,4.2132639791937585,11.48244473342003,9.804941482444734,2.743823146944084,0.5461638491547465,0.11703511053315997,0.42,0.01573,0.0,0.0,0.0,0.0,0.0,0.0,0.0,0.0,0.0,0.0,0.012744265080713682,3.2242990654205563,20.824129141886154,5.8751062022090075,0.06372132540356841,0.0,0.0,0.0,0.0,0.0,0.0,0.0,0.0,0.0,0.0,0.0,0.0,0.0,0.0,0.0,0.4194,0.01599,0.0,0.0,0.0,0.0,0.0,0.0,0.0,0.0,0.0,0.0,0.013003901170351108,3.120936280884261,21.040312093628092,5.721716514954488,0.10403120936280887,0.0,0.0,0.0,0.0,0.0,0.0,0.0,0.0,0.0,0.0,0.0,0.0,0.0,0.0,0.0
59300,4543,2270,0.49966982170372,1079,997,0.4569667620515078,1349,0.5938806955756109,0.44599999999999995,2.906291245050594,2.939261965898521,6.338632750397457,1.9715267397317975,6649.800000000001,9.094947017729282e-13,6649.8,6649.8,6649.800000000002,1.8189894035458565e-12,6649.800000000001,9.094947017729282e-13,28.182918776139115,20.640241989075726,32.89714285714286,18.878980743532125,0.12987012987012986,0.10257539071098393,0.08738718908210434,0.08914813999559762,0.07814219678626458,0.07968302883557121,0.07395993836671803,0.06669601584855822,0.05767114241690513,0.0550297160466652,0.05018710103455866,0.03808056350429232,0.03213735417125248,0.024213075060532687,0.018710103455866166,0.010125467752586397,0.006383447061413163,0.8614084954674276,0.0347296423662907,0.0,0.0,0.0,0.0,0.0,0.0,0.0,0.0,0.0,0.0,0.0,0.0,0.0,0.0,0.0,0.0,0.0,0.0,0.0,0.0,0.0066035659255998256,0.0066035659255998256,0.21791767554479424,0.8650671362535742,4.417785604226283,11.68831168831169,9.350649350649352,2.6942548976447287,0.5150781421967864,0.23772837332159372,4.2585858585858585,2.766405370440987,3.9,2.6248809496813372,0.915796963946869,4.350404312668464,2.744240447132779,4.1632107023411375,2.784353871311643,0.9569709854823805,0.4207,0.01654,0.0,0.0,0.0,0.0,0.0,0.0,0.0,0.0,0.0,0.0,0.0,3.367818622055905,20.00220118864187,6.550737398195027,0.0792427911071979,0.0,0.0,0.0,0.0,0.0,0.0,0.0,0.0,0.0,0.0,0.0,0.0,0.0,0.0,0.0,nan,nan,4.257382550335571,2.7660203030242725,nan,0.4207,0.0835,0.0,0.0,0.0,0.0,0.0,0.0,0.0,0.0,0.0,0.0,0.0,0.0,0.0,0.0,0.0,0.0,0.0,0.0,0.0,0.0,0.00048426150121065375,0.0,0.00013207131851199647,0.0,0.0017059211974466211,0.0018930222320052829,0.005205811138014528,0.00941008144397975,0.016200748404138234,0.01817081223860885,0.021373541712524764,0.021230464450803434,0.05795729694034779,0.06549636803874093,0.029958177415804536,0.03959938366718028,0.028659476117103237,0.02457627118644068,0.05821043363416245,0.02313449262601805,0.020228923618754127,0.02660136473695796,0.046368038740920096,0.04486022452124147,0.017433414043583534,0.015067136253576932,0.041382346467092226,0.06865507373981951,0.031201848998459167,0.0326766453885098,0.06558441558441558,0.04019370460048426,0.03450363196125908,0.029881135813339205,0.015562403697996918,0.014494827206691614,0.005150781421967863,0.006933744221879815,0.0015738498789346247,0.00224521241470394,0.00028615452344265906,0.00040721989874532247,0.0010785824345146378,6.603565925599824e-05,0.007395993836671803,6.603565925599824e-05,0.006449482720669161,0.00023112480739599384,2.201188641866608e-05,0.0,0.0,0.0,0.0,0.0,0.0,0.0,0.0,0.0,0.0,0.0,0.0,0.0,0.0,0.0,0.0,0.0,0.0,0.0,0.0,0.0,0.0,0.0,0.0,0.0,0.0,0.0,0.0,0.0,0.0,0.0,0.0,nan,nan,4.257382550335571,2.7660203030242725,nan,0.8616109587284962,0.035283527228747974,0.0,0.0,0.0,0.0,0.0,0.0,0.0,0.0,0.0,0.0,0.0,0.0,0.0,0.0,0.0,0.0,0.0,0.0,0.0,0.0,0.0,0.013215859030837008,0.1850220264317181,1.004405286343609,4.466960352422908,11.3920704845815,9.44933920704846,2.5903083700440535,0.6872246696035245,0.21145374449339213,0.8612062994257973,0.03416633117585133,0.0,0.0,0.0,0.0,0.0,0.0,0.0,0.0,0.0,0.0,0.0,0.0,0.0,0.0,0.0,0.0,0.0,0.0,0.0,0.0,0.013198416190057197,0.0,0.2507699076110867,0.7259128904531433,4.368675758908932,11.984161900571934,9.252089749230095,2.7980642322921256,0.34315882094148714,0.26396832380114393,0.4207,0.01653,0.0,0.0,0.0,0.0,0.0,0.0,0.0,0.0,0.0,0.0,0.0,3.3303964757709204,20.048458149779737,6.515418502202645,0.10572687224669607,0.0,0.0,0.0,0.0,0.0,0.0,0.0,0.0,0.0,0.0,0.0,0.0,0.0,0.0,0.0,0.4207,0.01657,0.0,0.0,0.0,0.0,0.0,0.0,0.0,0.0,0.0,0.0,0.0,3.405191377034751,19.95600527936648,6.586009678838541,0.05279366476022879,0.0,0.0,0.0,0.0,0.0,0.0,0.0,0.0,0.0,0.0,0.0,0.0,0.0,0.0,0.0
59400,4516,2263,0.5011071744906997,1056,937,0.44131975199291407,1283,0.5682019486271036,0.44599999999999995,2.943630714602752,3.0108430398089467,6.462709284627093,1.9268733111414695,6649.800000000002,1.8189894035458565e-12,6649.8,6649.8,6649.800000000002,1.8189894035458565e-12,6649.800000000002,1.8189894035458565e-12,27.897032772364923,20.88079923869244,32.69168197323537,19.20439799131995,0.13485385296722763,0.10473870682019486,0.09477413640389726,0.08990256864481842,0.07484499557130203,0.07728077945084146,0.0670947741364039,0.06443755535872453,0.06111603188662533,0.05580159433126661,0.041851195748449956,0.03985828166519043,0.030336581045172718,0.02590788308237378,0.020150575730735164,0.009300265721877768,0.00775022143489814,0.8593670648874911,0.03428225021975837,0.0,0.0,0.0,0.0,0.0,0.0,0.0,0.0,0.0,0.0,0.0,0.0,0.0,0.0,0.0,0.0,0.0,0.0,0.0,0.0,0.0,0.01992914083259522,0.1727192205491586,1.1426040744021222,4.67006200177148,11.72497785651019,9.34012400354296,2.2785651018600537,0.49158547387068213,0.15943312666076176,4.323204419889502,2.790787470243634,4.5,2.598076211353316,1.040894568690096,4.3084958217270195,2.7417051846652707,4.338114754098361,2.837545069178353,1.0068745412777187,0.421,0.0165,0.0,0.0,0.0,0.0,0.0,0.0,0.0,0.0,0.0,0.0,0.0,3.2949512843224045,19.89592559787423,6.702834366696193,0.10628875110717452,0.0,0.0,0.0,0.0,0.0,0.0,0.0,0.0,0.0,0.0,0.0,0.0,0.0,0.0,0.0,nan,nan,4.323448275862069,2.7905385413523476,nan,0.421,0.0836,0.0,0.0,0.0,0.0,0.0,0.0,0.0,0.0,0.0,0.0,0.0,0.0,0.0,0.0,0.0,0.0,0.0,0.0,0.0,0.0,0.00033215234720992027,0.0,0.0002103631532329495,2.2143489813994687e-05,0.001550044286979628,0.001550044286979628,0.004727635075287865,0.00895704162976085,0.01563330380868025,0.01982949512843224,0.022054915854738708,0.020992028343666962,0.057739149689991144,0.06542294065544729,0.031200177147918513,0.040445084145261295,0.0283325952170062,0.02308458813108946,0.059278122232063774,0.02338352524357839,0.01975199291408326,0.0275022143489814,0.04444198405668733,0.043611603188662536,0.016386182462356066,0.01578830823737821,0.0404118689105403,0.0683901682905226,0.032318423383525245,0.034134189548272804,0.06554472984942426,0.04012400354295837,0.03405668733392383,0.03162090345438441,0.014393268379096545,0.014924712134632418,0.00453941541186891,0.007639503985828166,0.00158325952170062,0.0018711248892825509,0.00039858281665190433,0.0005425155004428698,0.0008193091231178033,0.00011071744906997343,0.006532329495128432,0.00022143489813994686,0.007229849424269265,0.0003653675819309123,0.0,0.0,0.0,0.0,0.0,0.0,0.0,0.0,0.0,0.0,0.0,0.0,0.0,0.0,0.0,0.0,0.0,0.0,0.0,0.0,0.0,0.0,0.0,0.0,0.0,0.0,0.0,0.0,0.0,0.0,0.0,0.0,0.0,nan,nan,4.323448275862069,2.7905385413523476,nan,0.8596870126684208,0.033589671864493284,0.0,0.0,0.0,0.0,0.0,0.0,0.0,0.0,0.0,0.0,0.0,0.0,0.0,0.0,0.0,0.0,0.0,0.0,0.0,0.0,0.0,0.0,0.15908086610693772,0.9544851966416231,4.6531153336279285,12.143172779496247,9.213433495360142,2.147591692443659,0.5832965090587716,0.1458241272646929,0.8590456970098862,0.03496114766689768,0.0,0.0,0.0,0.0,0.0,0.0,0.0,0.0,0.0,0.0,0.0,0.0,0.0,0.0,0.0,0.0,0.0,0.0,0.0,0.0,0.0,0.03994673768308922,0.18641810918774973,1.3315579227696361,4.687083888149135,11.304926764314251,9.467376830892146,2.4101198402130497,0.39946737683089223,0.17310252996005332,0.4207,0.01614,0.0,0.0,0.0,0.0,0.0,0.0,0.0,0.0,0.0,0.0,0.0,3.15510384445426,20.04418912947415,6.707909854175874,0.09279717189571368,0.0,0.0,0.0,0.0,0.0,0.0,0.0,0.0,0.0,0.0,0.0,0.0,0.0,0.0,0.0,0.421,0.01683,0.0,0.0,0.0,0.0,0.0,0.0,0.0,0.0,0.0,0.0,0.0,3.4354194407456675,19.747003994673772,6.697736351531293,0.11984021304926767,0.0,0.0,0.0,0.0,0.0,0.0,0.0,0.0,0.0,0.0,0.0,0.0,0.0,0.0,0.0
59500,4576,2330,0.5091783216783217,1072,949,0.4416520979020979,1309,0.5721153846153846,0.45399999999999996,2.9719501335707927,3.0665832299693108,6.4921875,2.0653241791166224,6649.800000000001,9.094947017729282e-13,6649.8,6649.8,6649.800000000002,1.8189894035458565e-12,6649.800000000002,1.8189894035458565e-12,27.942526223776223,21.01135996227629,32.96582311505348,19.262508330752162,0.14248251748251747,0.09986888111888112,0.09222027972027973,0.08784965034965035,0.07867132867132867,0.07626748251748251,0.06796328671328672,0.06228146853146853,0.055944055944055944,0.05332167832167832,0.04807692307692308,0.043924825174825176,0.030375874125874124,0.022727272727272728,0.017701048951048952,0.01048951048951049,0.009833916083916084,0.8563928060832765,0.034813090850646905,0.0,0.0,0.0,0.0,0.0,0.0,0.0,0.0,0.0,0.0,0.0,0.0,0.0,0.0,0.0,0.0,0.0,0.0,0.0,0.0,0.013111888111888115,0.03277972027972029,0.26879370629370636,1.1800699300699264,5.1595279720279725,12.397290209790214,8.2736013986014,2.0061188811188817,0.5179195804195805,0.1507867132867133,4.340599455040872,2.8789970760343637,4.2,2.4413111231467406,0.9676082862523542,4.438975050573163,2.921682521070541,4.239917976760082,2.828764078775019,0.9551569739533953,0.4207,0.0162,0.0,0.0,0.0,0.0,0.0,0.0,0.0,0.0,0.0,0.0,0.006555944055944058,3.002622377622373,20.382430069930074,6.503496503496505,0.10489510489510492,0.0,0.0,0.0,0.0,0.0,0.0,0.0,0.0,0.0,0.0,0.0,0.0,0.0,0.0,0.0,nan,nan,4.340122199592668,2.87763560564735,nan,0.4207,0.08417,0.0,0.0,0.0,0.0,0.0,0.0,0.0,0.0,0.0,0.0,0.0,0.0,0.0,0.0,0.0,0.0,0.0,0.0,0.0,0.0,0.0004261363636363636,0.0,0.0003277972027972028,0.0,0.0013439685314685314,0.0011582167832167832,0.005113636363636364,0.009287587412587412,0.015712412587412586,0.018389423076923078,0.022683566433566435,0.0224104020979021,0.05686188811188811,0.0642263986013986,0.032517482517482516,0.043203671328671325,0.02774256993006993,0.023393793706293707,0.06219405594405594,0.023513986013986014,0.019635052447552447,0.027250874125874125,0.043028846153846154,0.04177229020979021,0.015155157342657342,0.016695804195804197,0.042711975524475525,0.06713286713286713,0.03332604895104895,0.03464816433566434,0.06304632867132867,0.04011145104895105,0.03093312937062937,0.030441433566433567,0.013822115384615384,0.013986013986013986,0.005889423076923077,0.00784527972027972,0.0014750874125874125,0.002414772727272727,0.0003933566433566434,0.0004042832167832168,0.0010708041958041958,0.0002513111888111888,0.006009615384615385,0.00034965034965034965,0.009134615384615385,0.0005572552447552447,0.0,0.0,0.0,0.0,0.0,0.0,0.0,0.0,0.0,0.0,0.0,0.0,0.0,0.0,0.0,0.0,0.0,0.0,0.0,0.0,0.0,0.0,0.0,0.0,0.0,0.0,0.0,0.0,0.0,0.0,0.0,0.0,0.0,nan,nan,4.340122199592668,2.87763560564735,nan,0.8563874745573609,0.03446466987461791,0.0,0.0,0.0,0.0,0.0,0.0,0.0,0.0,0.0,0.0,0.0,0.0,0.0,0.0,0.0,0.0,0.0,0.0,0.0,0.0,0.012875536480686699,0.03862660944206009,0.28326180257510736,1.1716738197424856,5.0343347639484985,12.28326180257511,8.600858369098715,1.9442060085836914,0.5150214592274679,0.11587982832618028,0.8563983370073119,0.03517089435686183,0.0,0.0,0.0,0.0,0.0,0.0,0.0,0.0,0.0,0.0,0.0,0.0,0.0,0.0,0.0,0.0,0.0,0.0,0.0,0.0,0.013357079252003565,0.02671415850400713,0.2537845057880677,1.1887800534283133,5.289403383793411,12.515583259127341,7.934105075690117,2.0703472840605524,0.520926090828139,0.1869991095280499,0.4204,0.01645,0.0,0.0,0.0,0.0,0.0,0.0,0.0,0.0,0.0,0.0,0.012875536480686699,3.167381974248922,20.227467811158803,6.476394849785409,0.11587982832618028,0.0,0.0,0.0,0.0,0.0,0.0,0.0,0.0,0.0,0.0,0.0,0.0,0.0,0.0,0.0,0.4207,0.01593,0.0,0.0,0.0,0.0,0.0,0.0,0.0,0.0,0.0,0.0,0.0,2.831700801424751,20.543187889581482,6.531611754229743,0.09349955476402495,0.0,0.0,0.0,0.0,0.0,0.0,0.0,0.0,0.0,0.0,0.0,0.0,0.0,0.0,0.0
59600,4653,2357,0.50655491081023,1091,958,0.440361057382334,1314,0.5647969052224371,0.44199999999999995,2.8806620209059233,2.9732621921839453,6.359635811836116,2.0449301877643165,6649.800000000001,9.094947017729282e-13,6649.8,6649.8,6649.8,0.0,6649.800000000001,9.094947017729282e-13,27.50053728777133,20.64911199204252,32.39764283884192,18.945603986304363,0.14162905652267355,0.0973565441650548,0.10036535568450462,0.08918977004083387,0.07951859015688803,0.07629486352890608,0.07092198581560284,0.059531485063399954,0.05867182462927144,0.05136471093917903,0.04427251235761874,0.04298302170642596,0.03374167203954438,0.023425746830002148,0.012894906511927788,0.01074575542660649,0.0070921985815602835,0.8565182180756168,0.03404283230215774,0.0,0.0,0.0,0.0,0.0,0.0,0.0,0.0,0.0,0.0,0.0,0.0,0.0,0.0,0.0,0.0,0.0,0.0,0.0,0.0,0.0,0.07092198581560286,0.21921341070277245,1.0444874274661475,5.029013539651839,12.869116698903936,8.181818181818183,1.9922630560928438,0.45776918117343657,0.1353965183752418,4.303071672354949,2.7752484963884,3.6923076923076925,2.430087538297125,0.8580632565404139,4.304435483870968,2.7965381255711774,4.297111416781293,2.7517217153748543,0.9982984837112512,0.4207,0.01631,0.0,0.0,0.0,0.0,0.0,0.0,0.0,0.0,0.0,0.0,0.012894906511927791,3.094777562862665,20.419084461637656,6.357188910380401,0.11605415860735012,0.0,0.0,0.0,0.0,0.0,0.0,0.0,0.0,0.0,0.0,0.0,0.0,0.0,0.0,0.0,nan,nan,4.300373768263676,2.774113970451037,nan,0.4207,0.0842,0.0,0.0,0.0,0.0,0.0,0.0,0.0,0.0,0.0,0.0,0.0,0.0,0.0,0.0,0.0,0.0,0.0,0.0,0.0,0.0,0.00026864388566516224,0.0,0.0002041693531055233,1.074575542660649e-05,0.0020524392864818396,0.0009671179883945841,0.004513217279174726,0.008564367075005373,0.016612937889533635,0.018568665377176014,0.02250161186331399,0.02269503546099291,0.05543735224586288,0.06536643026004728,0.03226950354609929,0.04375671609714163,0.029765742531699977,0.020008596604341285,0.059843111970771544,0.025091338921126156,0.02115839243498818,0.028755641521598967,0.043498817966903074,0.04339136041263701,0.015624328390285836,0.01687083601977219,0.044315495379325165,0.06636578551472168,0.029110251450676982,0.035783365570599614,0.058843756716097144,0.03987749838813669,0.031334622823984526,0.03153879217709005,0.013947990543735224,0.014968837309262841,0.005813453685794111,0.00799484203739523,0.0016441005802707931,0.00223511712873415,0.00038684719535783365,0.00027938964109176876,0.0008704061895551257,0.00015044057597249087,0.00591016548463357,0.0005265420159037181,0.00952073930797335,0.0007844401461422738,0.0,0.0,0.0,0.0,0.0,0.0,0.0,0.0,0.0,0.0,0.0,0.0,0.0,0.0,0.0,0.0,0.0,0.0,0.0,0.0,0.0,0.0,0.0,0.0,0.0,0.0,0.0,0.0,0.0,0.0,0.0,0.0,0.0,nan,nan,4.300373768263676,2.774113970451037,nan,0.8563049673831812,0.03322403519760117,0.0,0.0,0.0,0.0,0.0,0.0,0.0,0.0,0.0,0.0,0.0,0.0,0.0,0.0,0.0,0.0,0.0,0.0,0.0,0.0,0.0,0.07636826474331779,0.1781926177344082,1.0691557064064456,5.0021213406873155,13.020789138735685,8.28595672464998,1.8073822655918543,0.4582095884599068,0.1018243529910904,0.8567371344005604,0.03486202871448868,0.0,0.0,0.0,0.0,0.0,0.0,0.0,0.0,0.0,0.0,0.0,0.0,0.0,0.0,0.0,0.0,0.0,0.0,0.0,0.0,0.0,0.06533101045296169,0.26132404181184676,1.019163763066199,5.0566202090592345,12.713414634146345,8.074912891986065,2.1820557491289203,0.4573170731707318,0.1698606271777004,0.4204,0.0161,0.0,0.0,0.0,0.0,0.0,0.0,0.0,0.0,0.0,0.0,0.0127280441238863,2.9274501484938438,20.69579974543912,6.300381841323718,0.06364022061943149,0.0,0.0,0.0,0.0,0.0,0.0,0.0,0.0,0.0,0.0,0.0,0.0,0.0,0.0,0.0,0.4207,0.01654,0.0,0.0,0.0,0.0,0.0,0.0,0.0,0.0,0.0,0.0,0.013066202090592338,3.2665505226480787,20.13501742160279,6.415505226480838,0.1698606271777004,0.0,0.0,0.0,0.0,0.0,0.0,0.0,0.0,0.0,0.0,0.0,0.0,0.0,0.0,0.0
59700,4570,2366,0.5177242888402626,1078,937,0.44091903719912473,1312,0.57417943107221,0.47,3.087114337568058,3.1040102016189484,6.6049766718507,2.1706597439911297,6649.800000000002,1.8189894035458565e-12,6649.8,6649.8,6649.800000000001,9.094947017729282e-13,6649.800000000001,9.094947017729282e-13,27.972866520787747,21.018875727774905,33.149304644450275,19.178702529515416,0.14529540481400438,0.10218818380743983,0.08665207877461707,0.08161925601750547,0.08271334792122538,0.07308533916849015,0.07045951859956236,0.06433260393873086,0.05776805251641138,0.054266958424507655,0.04463894967177243,0.04157549234135667,0.03129102844638949,0.028665207877461706,0.018818380743982493,0.00962800875273523,0.00700218818380744,0.8556660042680327,0.03508493924274795,0.0,0.0,0.0,0.0,0.0,0.0,0.0,0.0,0.0,0.0,0.0,0.0,0.0,0.0,0.0,0.0,0.0,0.0,0.0,0.006564551422319476,0.026258205689277905,0.09190371991247268,0.20350109409190376,1.1750547045951825,5.1794310722100665,12.814004376367619,7.989059080962803,1.8446389496717728,0.5317286652078775,0.137855579868709,4.4129540781357095,2.830933501153439,5.304347826086956,2.819725281233211,1.2019947935483217,4.439946018893387,2.8154139061021,4.3995887594242635,2.8484739433961397,0.9909104166362855,0.421,0.01584,0.0,0.0,0.0,0.0,0.0,0.0,0.0,0.0,0.0,0.0,0.013129102844638953,2.7242888402625782,20.606126914660834,6.577680525164116,0.07877461706783372,0.0,0.0,0.0,0.0,0.0,0.0,0.0,0.0,0.0,0.0,0.0,0.0,0.0,0.0,0.0,nan,nan,4.4199251955117305,2.8319347806192017,nan,0.421,0.08435,0.0,0.0,0.0,0.0,0.0,0.0,0.0,0.0,0.0,0.0,0.0,0.0,0.0,0.0,0.0,0.0,0.0,0.0,0.0,0.0,4.37636761487965e-05,0.0,0.0004266958424507659,1.0940919037199125e-05,0.0023085339168490153,0.0010284463894967178,0.004562363238512035,0.008566739606126915,0.017527352297593,0.01936542669584245,0.022647702407002188,0.023315098468271334,0.05613785557986871,0.06038293216630197,0.033282275711159735,0.042560175054704594,0.028665207877461706,0.01939824945295405,0.05605032822757112,0.024562363238512033,0.02262582056892779,0.03199124726477024,0.04192560175054705,0.04365426695842451,0.017778993435448576,0.01574398249452954,0.04540481400437637,0.06699124726477024,0.029945295404814005,0.03420131291028446,0.062013129102844636,0.040284463894967176,0.030207877461706785,0.03222100656455142,0.013260393873085339,0.01475929978118162,0.0055689277899343545,0.00864332603938731,0.0018052516411378556,0.00212253829321663,0.000175054704595186,0.00022975929978118163,0.0010722100656455143,0.00025164113785557986,0.005525164113785558,0.0002735229759299781,0.009299781181619256,0.0011159737417943108,1.0940919037199125e-05,0.0,0.0,0.0,0.0,5.4704595185995626e-05,0.0,0.0,0.0,0.0,0.0,0.0,0.0,0.0,0.0,0.0,0.0,0.0,0.0,0.0,0.0,0.0,0.0,0.0,0.0,0.0,0.0,0.0,0.0,0.0,0.0,0.0,0.0,nan,nan,4.4199251955117305,2.8319347806192017,nan,0.8557798477269186,0.03476393199420491,0.0,0.0,0.0,0.0,0.0,0.0,0.0,0.0,0.0,0.0,0.0,0.0,0.0,0.0,0.0,0.0,0.0,0.0,0.0,0.0,0.025359256128486905,0.05071851225697381,0.22823330515638213,1.1538461538461502,5.224006762468303,12.869822485207104,8.114961961115808,1.6103127641589183,0.507185122569738,0.21555367709213868,0.855543793005,0.03542589709079917,0.0,0.0,0.0,0.0,0.0,0.0,0.0,0.0,0.0,0.0,0.0,0.0,0.0,0.0,0.0,0.0,0.0,0.0,0.0,0.013611615245009078,0.027223230490018156,0.13611615245009076,0.17695099818511803,1.1978221415607948,5.131578947368422,12.754083484573506,7.8539019963702374,2.096188747731398,0.5580762250453721,0.05444646098003631,0.421,0.01584,0.0,0.0,0.0,0.0,0.0,0.0,0.0,0.0,0.0,0.0,0.012679628064243453,2.7768385460693112,20.47759932375317,6.669484361792056,0.06339814032121725,0.0,0.0,0.0,0.0,0.0,0.0,0.0,0.0,0.0,0.0,0.0,0.0,0.0,0.0,0.0,0.421,0.01585,0.0,0.0,0.0,0.0,0.0,0.0,0.0,0.0,0.0,0.0,0.013611615245009078,2.667876588021775,20.744101633393832,6.479128856624321,0.09528130671506355,0.0,0.0,0.0,0.0,0.0,0.0,0.0,0.0,0.0,0.0,0.0,0.0,0.0,0.0,0.0
59800,4917,2497,0.5078299776286354,1139,1027,0.4405125076266016,1414,0.5751474476306692,0.46199999999999997,2.961570247933884,3.089667266116719,6.578330893118594,2.1133887137416654,6649.800000000001,9.094947017729282e-13,6649.8,6649.8,6649.800000000002,1.8189894035458565e-12,6649.800000000001,9.094947017729282e-13,27.776489729509862,20.78639713660913,32.64119922630561,19.080529862623102,0.1380923327232052,0.10189139719341062,0.09233272320520643,0.09375635550132194,0.08053691275167785,0.07606263982102908,0.06752084604433597,0.059589180394549524,0.058368924140736224,0.04860687411022981,0.05023388244864755,0.04230221679886109,0.030709782387634738,0.02725238966849705,0.017286963595688428,0.009355297945901973,0.006101281269066504,0.8562422176432459,0.03487631351403128,0.0,0.0,0.0,0.0,0.0,0.0,0.0,0.0,0.0,0.0,0.0,0.0,0.0,0.0,0.0,0.0,0.0,0.0,0.01220256253813301,0.018303843807199516,0.01220256253813301,0.030506406345332526,0.17693715680292865,1.1104331909701002,5.234899328859062,12.86760219646126,8.01098230628432,1.8547895057962176,0.518608907870653,0.15253203172666263,4.364998406120497,2.837601973805409,4.769230769230769,2.576636034529881,1.0926076771399198,4.395022335673261,2.8323143501938723,4.335018963337547,2.8380697074986423,0.9863474249382804,0.42,0.01617,0.0,0.0,0.0,0.0,0.0,0.0,0.0,0.0,0.0,0.0,0.006101281269066505,3.1604636973764446,20.677242220866386,6.095179987797439,0.06101281269066505,0.0,0.0,0.0,0.0,0.0,0.0,0.0,0.0,0.0,0.0,0.0,0.0,0.0,0.0,0.0,nan,nan,4.366666666666666,2.8366926863559607,nan,0.42,0.0845,0.0,0.0,0.0,0.0,0.0,0.0,0.0,0.0,0.0,0.0,0.0,0.0,0.0,0.0,0.0,0.0,0.0,0.0,0.0,0.0,2.033760423022168e-05,0.0,0.00041692088671954446,0.0,0.001901565995525727,0.0008846857840146431,0.004443766524303437,0.00823672971323978,0.017876754118364858,0.022137482204596298,0.024852552369330892,0.024079723408582467,0.053101484645108804,0.06225340654870856,0.03445190156599553,0.042536099247508646,0.02733374008541794,0.020256253813300793,0.059507829977628636,0.02371364653243848,0.023052674394956275,0.03149278015049827,0.039404108196054506,0.045352857433394345,0.018100467764897293,0.014866788692292047,0.04541387024608501,0.06240593858043522,0.03148261134838316,0.03331299572910311,0.058887533048606874,0.04151921903599756,0.0304860687411023,0.03285539963392312,0.013260117958104535,0.016015863331299573,0.004820012202562538,0.007535082367297132,0.0016473459426479561,0.00242017490339638,0.0001016880211511084,0.00016270083384177343,0.0011185682326621924,0.00032540166768354686,0.005013219442749644,0.0003660768761439902,0.00895871466341265,0.0015354891193817368,1.016880211511084e-05,0.0,0.0,0.0,0.0,7.118161480577588e-05,0.0,0.0,0.0,0.0,0.0,0.0,0.0,0.0,0.0,0.0,0.0,0.0,0.0,0.0,0.0,0.0,0.0,0.0,0.0,0.0,0.0,0.0,0.0,0.0,0.0,0.0,0.0,nan,nan,4.366666666666666,2.8366926863559607,nan,0.8558356743790791,0.03428057931095208,0.0,0.0,0.0,0.0,0.0,0.0,0.0,0.0,0.0,0.0,0.0,0.0,0.0,0.0,0.0,0.0,0.0,0.0,0.012014417300760916,0.0,0.012014417300760916,0.0,0.21625951141369648,1.1053263916700005,5.310372446936325,12.891469763716463,8.13376051261514,1.6339607529034845,0.49259110933119754,0.19223067681217465,0.856661696374909,0.035475636053495005,0.0,0.0,0.0,0.0,0.0,0.0,0.0,0.0,0.0,0.0,0.0,0.0,0.0,0.0,0.0,0.0,0.0,0.0,0.012396694214876035,0.03719008264462811,0.012396694214876035,0.061983471074380174,0.13636363636363638,1.1157024793388397,5.157024793388431,12.842975206611573,7.884297520661159,2.0826446280991737,0.5454545454545455,0.11157024793388431,0.42,0.01617,0.0,0.0,0.0,0.0,0.0,0.0,0.0,0.0,0.0,0.0,0.0,3.21986383660392,20.31637965558671,6.415698838606329,0.04805766920304366,0.0,0.0,0.0,0.0,0.0,0.0,0.0,0.0,0.0,0.0,0.0,0.0,0.0,0.0,0.0,0.42,0.01616,0.0,0.0,0.0,0.0,0.0,0.0,0.0,0.0,0.0,0.0,0.012396694214876035,3.099173553719004,21.04958677685951,5.764462809917357,0.07438016528925621,0.0,0.0,0.0,0.0,0.0,0.0,0.0,0.0,0.0,0.0,0.0,0.0,0.0,0.0,0.0
59900,4879,2479,0.5080959212953474,1147,999,0.43984423037507686,1420,0.5820864931338389,0.43399999999999994,3.0175,3.029113250331412,6.454923717059639,2.0037361153551174,6649.800000000002,1.8189894035458565e-12,6649.8,6649.8,6649.800000000001,9.094947017729282e-13,6649.800000000002,1.8189894035458565e-12,28.50543144086903,21.199583530980732,33.4459032336494,19.41878681005074,0.13896290223406435,0.09817585570813692,0.08854273416683747,0.0854683336749334,0.08177905308464849,0.0744004919040787,0.06620209059233449,0.06230784996925599,0.05902848944455831,0.05226480836236934,0.04919040787046526,0.04160688665710186,0.035868005738880916,0.02377536380405821,0.02254560360729658,0.01209264193482271,0.007788481246156999,0.8571294459511838,0.035659942017918535,0.0,0.0,0.0,0.0,0.0,0.0,0.0,0.0,0.0,0.0,0.0,0.0,0.0,0.0,0.0,0.0,0.0,0.0,0.0,0.0,0.0,0.024595203935232634,0.30129124820659975,1.026849764295959,5.257224841155976,12.506661201065794,7.9258044681287165,2.1951219512195124,0.5103504816560771,0.2521008403361345,4.302332912988651,2.7932691762854858,3.6153846153846154,2.338259100549333,0.8403312083241739,4.39344262295082,2.789424701618901,4.208385481852315,2.7909660757763888,0.9578787850484747,0.4202,0.0166,0.0,0.0,0.0,0.0,0.0,0.0,0.0,0.0,0.0,0.0,0.0061488009838081585,3.4125845460135222,20.094281615085062,6.437794630047143,0.04919040787046527,0.0,0.0,0.0,0.0,0.0,0.0,0.0,0.0,0.0,0.0,0.0,0.0,0.0,0.0,0.0,nan,nan,4.299529042386185,2.7919062934689136,nan,0.4202,0.08405,0.0,0.0,0.0,0.0,0.0,0.0,0.0,0.0,0.0,0.0,0.0,0.0,0.0,0.0,0.0,0.0,0.0,0.0,0.0,0.0,0.0,0.0,0.00030744004919040785,0.0,0.0016704242672678827,0.0005328960852633737,0.003597048575527772,0.009274441483910637,0.01885632301701168,0.02038327526132404,0.024144291863086698,0.02495388399262144,0.05159868825579012,0.062061897929903666,0.034279565484730476,0.04573683131789301,0.026911252305800368,0.0226378356220537,0.0596023775363804,0.022463619594179134,0.021274851403976225,0.03170731707317073,0.03682106989137118,0.04285714285714286,0.018989547038327528,0.01518753843000615,0.04840131174420988,0.06197991391678623,0.03116417298626768,0.032516909202705474,0.06203115392498463,0.043041606886657105,0.03149210903873745,0.03299856527977044,0.011979913916786227,0.016458290633326503,0.00471408075425292,0.006497233039557286,0.0013424882147981144,0.0020496003279360524,4.099200655872105e-05,0.0004919040787046526,0.001096536175445788,0.00025620004099200655,0.005626152900184464,0.00036892805902848943,0.008331625333060054,0.0011477761836441894,0.0,1.0248001639680263e-05,0.0,0.0,0.0,0.00011272801803648288,0.0,0.0,0.0,0.0,0.0,0.0,0.0,0.0,0.0,0.0,0.0,0.0,0.0,0.0,0.0,0.0,0.0,0.0,0.0,0.0,0.0,0.0,0.0,0.0,0.0,0.0,0.0,nan,nan,4.299529042386185,2.7919062934689136,nan,0.8564042511751884,0.03700790494954705,0.0,0.0,0.0,0.0,0.0,0.0,0.0,0.0,0.0,0.0,0.0,0.0,0.0,0.0,0.0,0.0,0.0,0.0,0.0,0.0,0.0,0.04840661557079469,0.39935457845905614,1.0649455425574796,5.554659136748691,12.162162162162165,7.696651875756355,2.238805970149254,0.5687777329568375,0.26623638563937074,0.8578785117218892,0.03419574941069694,0.0,0.0,0.0,0.0,0.0,0.0,0.0,0.0,0.0,0.0,0.0,0.0,0.0,0.0,0.0,0.0,0.0,0.0,0.0,0.0,0.0,0.0,0.20000000000000004,0.9874999999999969,4.950000000000001,12.862500000000002,8.162500000000001,2.1500000000000004,0.4500000000000001,0.23750000000000004,0.4197,0.01643,0.0,0.0,0.0,0.0,0.0,0.0,0.0,0.0,0.0,0.0,0.0,3.6062928600241984,20.16135538523599,6.19604679306172,0.036304961678096014,0.0,0.0,0.0,0.0,0.0,0.0,0.0,0.0,0.0,0.0,0.0,0.0,0.0,0.0,0.0,0.4207,0.01677,0.0,0.0,0.0,0.0,0.0,0.0,0.0,0.0,0.0,0.0,0.012500000000000002,3.2124999999999955,20.025000000000002,6.687500000000002,0.06250000000000001,0.0,0.0,0.0,0.0,0.0,0.0,0.0,0.0,0.0,0.0,0.0,0.0,0.0,0.0,0.0
60000,4718,2411,0.5110216193302247,1146,953,0.4448919033488766,1335,0.5659177617634591,0.45399999999999996,3.0017338534893803,3.0689231251474904,6.49172932330827,2.044690358850511,6649.800000000001,9.094947017729282e-13,6649.8,6649.8,6649.800000000002,1.8189894035458565e-12,6649.800000000001,9.094947017729282e-13,27.686307757524375,20.815250096996078,32.824516785350966,18.99454408857263,0.14582450190758797,0.09771089444679949,0.0907164052564646,0.08732513777024163,0.08435777871979652,0.0718524798643493,0.06846121237812633,0.0642221280203476,0.0642221280203476,0.04641797371767698,0.04493429419245443,0.03963543874523103,0.03327681220856295,0.027342094107672743,0.018228062738448497,0.009325985587113183,0.006146672318779143,0.8562732911832558,0.03506542332723995,0.0,0.0,0.0,0.0,0.0,0.0,0.0,0.0,0.0,0.0,0.0,0.0,0.0,0.0,0.0,0.0,0.0,0.0,0.0,0.0,0.0,0.025434506146672326,0.24162780839338707,1.2462908011869398,5.43662568885121,12.310300974989405,8.107248834251804,2.0220432386604497,0.4133107248834253,0.19711742263671053,4.241310824230387,2.80073549291428,3.076923076923077,2.7304983614305924,0.7254651225618213,4.285529715762274,2.8155846123079473,4.185060565275909,2.7857680442924577,0.9765561885811135,0.4211,0.01634,0.0,0.0,0.0,0.0,0.0,0.0,0.0,0.0,0.0,0.0,0.025434506146672326,2.975837219160657,20.188639253921156,6.765578635014839,0.04451038575667657,0.0,0.0,0.0,0.0,0.0,0.0,0.0,0.0,0.0,0.0,0.0,0.0,0.0,0.0,0.0,nan,nan,4.236321687541199,2.801470876850372,nan,0.4211,0.08466,0.0,0.0,0.0,0.0,0.0,0.0,0.0,0.0,0.0,0.0,0.0,0.0,0.0,0.0,0.0,0.0,0.0,0.0,0.0,0.0,0.0,0.0,0.0001271725307333616,5.2988554472234e-05,0.0016214497668503604,0.0005722763883001272,0.003020347604917338,0.010120813904196694,0.017804154302670624,0.01937261551504875,0.02361169987282747,0.02632471386180585,0.05552140737600678,0.057386604493429416,0.03335099618482408,0.04594107672742687,0.025996184824078,0.023961424332344213,0.05892327257312421,0.021937261551504876,0.020718524798643494,0.031242051716829165,0.038003391267486225,0.043832132259431965,0.019404408647732088,0.0137452310300975,0.04532640949554896,0.06301398897838068,0.03339338702840187,0.031867316659601526,0.06277024162780839,0.04471174226367105,0.030542602797795675,0.03289529461636287,0.010618906316235693,0.017412038999576093,0.00397414158541755,0.007259431962696058,0.0016532428995337006,0.0026494277236117,3.17931326833404e-05,0.0005616786774056804,0.0008690122933446376,0.0002755404832556168,0.006231454005934718,0.0004557015684612124,0.00903984739296312,0.0017698177193726154,0.0,2.11954217888936e-05,0.0,0.0,0.0,6.35862653666808e-05,0.0,0.0,0.0,0.0,0.0,0.0,0.0,0.0,0.0,0.0,0.0,0.0,0.0,0.0,0.0,0.0,0.0,0.0,0.0,0.0,0.0,0.0,0.0,0.0,0.0,0.0,0.0,nan,nan,4.236321687541199,2.801470876850372,nan,0.8558954416296384,0.035473436954794116,0.0,0.0,0.0,0.0,0.0,0.0,0.0,0.0,0.0,0.0,0.0,0.0,0.0,0.0,0.0,0.0,0.0,0.0,0.0,0.0,0.0,0.037328909166321034,0.24885939444214022,1.294068851099125,5.4375777685607645,12.505184570717548,7.9012857735379525,1.9535462463708009,0.3857320613853174,0.23641642472003324,0.8566681742668152,0.034629474629544764,0.0,0.0,0.0,0.0,0.0,0.0,0.0,0.0,0.0,0.0,0.0,0.0,0.0,0.0,0.0,0.0,0.0,0.0,0.0,0.0,0.0,0.013003901170351108,0.23407022106631994,1.196358907672298,5.435630689206763,12.106631989596883,8.322496749024708,2.093628088426528,0.4421326397919377,0.15604681404421328,0.4214,0.01599,0.0,0.0,0.0,0.0,0.0,0.0,0.0,0.0,0.0,0.0,0.024885939444214026,2.613023641642468,20.69265864786396,6.607216922438823,0.062214848610535056,0.0,0.0,0.0,0.0,0.0,0.0,0.0,0.0,0.0,0.0,0.0,0.0,0.0,0.0,0.0,0.4207,0.0167,0.0,0.0,0.0,0.0,0.0,0.0,0.0,0.0,0.0,0.0,0.026007802340702216,3.3550065019505806,19.661898569570873,6.931079323797141,0.026007802340702216,0.0,0.0,0.0,0.0,0.0,0.0,0.0,0.0,0.0,0.0,0.0,0.0,0.0,0.0,0.0
60100,4551,2325,0.5108767303889256,1101,901,0.4399033179520984,1264,0.5554823115798726,0.47,3.0292003593890384,3.1603665027262626,6.813804173354735,2.021712512530223,6649.800000000001,9.094947017729282e-13,6649.8,6649.8,6649.800000000002,1.8189894035458565e-12,6649.800000000001,9.094947017729282e-13,27.884640738299275,20.913295999120425,32.859276729559745,19.177064663823966,0.14128762909250714,0.1017358822236871,0.0947044605581191,0.08283893649747308,0.07690617446715008,0.08130081300813008,0.06965502087453307,0.05625137332454406,0.05778949681388706,0.053394858272907054,0.04965941551307405,0.03515710832784003,0.038013623379477036,0.027246758954076026,0.018677213799165017,0.01010766864425401,0.005273566249176005,0.8551450389554227,0.034094528920840285,0.0,0.0,0.0,0.0,0.0,0.0,0.0,0.0,0.0,0.0,0.0,0.0,0.0,0.0,0.0,0.0,0.0,0.0,0.0,0.0,0.01977587343441002,0.08569545154911011,0.19775873434410024,1.1931443638760675,5.372445616348056,12.715886618325646,8.04878048780488,1.8787079762689523,0.38233355306526046,0.10547132498352013,4.420706371191136,2.928028758333326,2.8125,1.775484088917724,0.6362105428056709,4.452883263009845,2.9202170288378446,4.372469635627531,2.929720749743935,0.9819412226567197,0.4216,0.0161,0.0,0.0,0.0,0.0,0.0,0.0,0.0,0.0,0.0,0.0,0.006591957811470008,2.6961107448912287,19.894528675016485,7.330257086354649,0.07251153592617009,0.0,0.0,0.0,0.0,0.0,0.0,0.0,0.0,0.0,0.0,0.0,0.0,0.0,0.0,0.0,nan,nan,4.411845730027548,2.9253471284500243,nan,0.4216,0.084,0.0,0.0,0.0,0.0,0.0,0.0,0.0,0.0,0.0,0.0,0.0,0.0,0.0,0.0,0.0,0.0,0.0,0.0,0.0,0.0,0.0,0.0,7.690617446715008e-05,0.00010986596352450011,0.0016919358382773016,0.0006372225884421006,0.002867501647989453,0.009184794550648209,0.016205229619863766,0.018962865304328717,0.02191825972313777,0.026257965282355526,0.055383432212700506,0.05589980224126566,0.03705778949681389,0.04566029444078225,0.025005493298176223,0.023225664689079325,0.05838277301691936,0.022050098879367173,0.02185234014502307,0.03302570863546473,0.03748626675455944,0.043298176225005494,0.020522961986376622,0.014359481432652164,0.045275763568446495,0.06491979784662712,0.03380575697648868,0.03259723137771918,0.06234893430015381,0.044572621401889695,0.028806855636123927,0.03256427158866183,0.01038233355306526,0.01932542298395957,0.0032959789057350032,0.006558998022412657,0.0026038233355306526,0.0036255767963085037,1.0986596352450011e-05,0.00045045045045045046,0.0007690617446715008,0.0003955174686882004,0.0061524939573720065,0.0003295978905735003,0.008196000878927709,0.0017908152054493518,0.0,9.88793671720501e-05,0.0,0.0,0.0,0.0,0.0,0.0,0.0,0.0,0.0,0.0,0.0,0.0,0.0,0.0,0.0,0.0,0.0,0.0,0.0,0.0,0.0,0.0,0.0,0.0,0.0,0.0,0.0,0.0,0.0,0.0,0.0,nan,nan,4.411845730027548,2.9253471284500243,nan,0.855516278564289,0.034533743164106054,0.0,0.0,0.0,0.0,0.0,0.0,0.0,0.0,0.0,0.0,0.0,0.0,0.0,0.0,0.0,0.0,0.0,0.0,0.0,0.0,0.012903225806451616,0.09032258064516131,0.21935483870967748,1.2774193548387058,5.122580645161291,12.632258064516131,8.232258064516131,1.8709677419354842,0.4129032258064517,0.12903225806451615,0.8547572886900975,0.03362528095291669,0.0,0.0,0.0,0.0,0.0,0.0,0.0,0.0,0.0,0.0,0.0,0.0,0.0,0.0,0.0,0.0,0.0,0.0,0.0,0.0,0.02695417789757413,0.08086253369272238,0.17520215633423186,1.1051212938005357,5.6334231805929935,12.803234501347712,7.8571428571428585,1.8867924528301891,0.3504043126684637,0.08086253369272238,0.4216,0.016,0.0,0.0,0.0,0.0,0.0,0.0,0.0,0.0,0.0,0.0,0.0,2.5806451612903185,20.06451612903226,7.277419354838711,0.0774193548387097,0.0,0.0,0.0,0.0,0.0,0.0,0.0,0.0,0.0,0.0,0.0,0.0,0.0,0.0,0.0,0.4216,0.01619,0.0,0.0,0.0,0.0,0.0,0.0,0.0,0.0,0.0,0.0,0.013477088948787064,2.816711590296492,19.716981132075475,7.385444743935311,0.06738544474393532,0.0,0.0,0.0,0.0,0.0,0.0,0.0,0.0,0.0,0.0,0.0,0.0,0.0,0.0,0.0
60200,4528,2336,0.5159010600706714,1066,913,0.4370583038869258,1288,0.568904593639576,0.478,2.999543795620438,3.0785785319330454,6.585826771653544,2.007102522772834,6649.800000000001,9.094947017729282e-13,6649.8,6649.8,6649.800000000001,9.094947017729282e-13,6649.800000000001,9.094947017729282e-13,27.895097173144876,20.754651502763377,32.85127665175046,18.979346023920836,0.13803003533568906,0.0987190812720848,0.0987190812720848,0.0885600706713781,0.07751766784452296,0.07376325088339222,0.06625441696113074,0.06161660777385159,0.05962897526501767,0.054770318021201414,0.04637809187279152,0.04372791519434629,0.034231448763250884,0.02561837455830389,0.019434628975265017,0.0088339222614841,0.004196113074204947,0.8554053079113101,0.0342075382005094,0.0,0.0,0.0,0.0,0.0,0.0,0.0,0.0,0.0,0.0,0.0,0.0,0.0,0.0,0.0,0.0,0.0,0.0,0.0,0.006625441696113076,0.006625441696113076,0.05300353356890461,0.17888692579505305,1.0269434628975234,6.055653710247351,12.131183745583042,8.043286219081274,1.9478798586572441,0.4439045936395761,0.10600706713780922,4.344279294849637,2.8872760317686827,4.4,3.0724582991474434,1.012826225334182,4.322359396433471,2.8889471840837495,4.366896551724138,2.887405592961261,1.010303899145318,0.4216,0.0162,0.0,0.0,0.0,0.0,0.0,0.0,0.0,0.0,0.0,0.0,0.0,2.7363074204946956,20.214222614840992,6.916961130742051,0.1325088339222615,0.0,0.0,0.0,0.0,0.0,0.0,0.0,0.0,0.0,0.0,0.0,0.0,0.0,0.0,0.0,nan,nan,4.344566712517194,2.8882644580785506,nan,0.4216,0.0848,0.0,0.0,0.0,0.0,0.0,0.0,0.0,0.0,0.0,0.0,0.0,0.0,0.0,0.0,0.0,0.0,0.0,0.0,0.0,0.0,0.0,0.0,0.00011042402826855124,3.312720848056537e-05,0.0016563604240282686,0.0009717314487632509,0.003776501766784452,0.00930874558303887,0.01678445229681979,0.01771201413427562,0.0246797703180212,0.026490724381625443,0.055742049469964666,0.05686837455830389,0.037544169611307424,0.044059187279151944,0.023752208480565373,0.022007508833922263,0.058778710247349826,0.020660335689045937,0.022316696113074203,0.02916298586572438,0.037279151943462895,0.044368374558303884,0.02077075971731449,0.016265459363957596,0.0439708480565371,0.06443242049469965,0.03539090106007067,0.03084143109540636,0.06256625441696113,0.04338560070671378,0.02894213780918728,0.03359098939929329,0.009253533568904593,0.020185512367491165,0.003467314487632509,0.008138250883392225,0.0020207597173144878,0.0034562720848056536,2.2084805653710246e-05,0.0008613074204946997,0.0012036219081272084,0.0004085689045936396,0.00665856890459364,0.0004196113074204947,0.008083038869257951,0.0015017667844522968,0.0,9.938162544169612e-05,0.0,0.0,0.0,0.0,0.0,0.0,0.0,0.0,0.0,0.0,0.0,0.0,0.0,0.0,0.0,0.0,0.0,0.0,0.0,0.0,0.0,0.0,0.0,0.0,0.0,0.0,0.0,0.0,0.0,0.0,0.0,nan,nan,4.344566712517194,2.8882644580785506,nan,0.8552691770640954,0.034030880656288905,0.0,0.0,0.0,0.0,0.0,0.0,0.0,0.0,0.0,0.0,0.0,0.0,0.0,0.0,0.0,0.0,0.0,0.0,0.0,0.01284246575342466,0.0,0.03852739726027398,0.21832191780821922,0.9888698630136955,6.215753424657536,11.686643835616442,8.4888698630137,1.849315068493151,0.4238013698630138,0.07705479452054796,0.8555503816608965,0.03439420923742534,0.0,0.0,0.0,0.0,0.0,0.0,0.0,0.0,0.0,0.0,0.0,0.0,0.0,0.0,0.0,0.0,0.0,0.0,0.0,0.0,0.013686131386861318,0.06843065693430658,0.13686131386861317,1.0675182481751793,5.8850364963503665,12.604927007299274,7.568430656934308,2.0529197080291977,0.4653284671532848,0.13686131386861317,0.4214,0.01619,0.0,0.0,0.0,0.0,0.0,0.0,0.0,0.0,0.0,0.0,0.0,2.838184931506845,20.31678082191781,6.690924657534248,0.15410958904109592,0.0,0.0,0.0,0.0,0.0,0.0,0.0,0.0,0.0,0.0,0.0,0.0,0.0,0.0,0.0,0.4219,0.01622,0.0,0.0,0.0,0.0,0.0,0.0,0.0,0.0,0.0,0.0,0.0,2.6277372262773686,20.104927007299274,7.157846715328469,0.10948905109489054,0.0,0.0,0.0,0.0,0.0,0.0,0.0,0.0,0.0,0.0,0.0,0.0,0.0,0.0,0.0
60300,4866,2429,0.49917796958487465,1163,1017,0.448006576243321,1392,0.5721331689272503,0.44599999999999995,2.9446040213377103,3.062039513779618,6.566423357664234,2.066849126041711,6649.800000000001,9.094947017729282e-13,6649.8,6649.8,6649.800000000002,1.8189894035458565e-12,6649.800000000002,1.8189894035458565e-12,27.839293053842994,20.97298443898407,32.74669926650367,19.280008397923087,0.1405672009864365,0.10110974106041924,0.0916563912864776,0.08405260994656802,0.08795725441841348,0.0803534730785039,0.07048910809699958,0.05445951500205508,0.05589806822852446,0.051171393341553635,0.04254007398273736,0.04212905877517468,0.036374845869297165,0.02342786683107275,0.018906699547883273,0.012124948623099055,0.006781750924784217,0.8543463795580983,0.034433741868836874,0.0,0.0,0.0,0.0,0.0,0.0,0.0,0.0,0.0,0.0,0.0,0.0,0.0,0.0,0.0,0.0,0.0,0.0,0.0,0.0,0.0,0.06781750924784218,0.24660912453760794,1.245376078914916,5.530209617755858,13.03945745992602,7.478421701602961,1.8495684340320595,0.4007398273736129,0.14180024660912455,4.338338658146965,2.859136990875919,3.3333333333333335,3.3333333333333335,0.7683432751552643,4.401649746192893,2.838141652518214,4.263358778625954,2.8861970216650543,0.9685820145761141,0.4219,0.01627,0.0,0.0,0.0,0.0,0.0,0.0,0.0,0.0,0.0,0.0,0.0,2.725030826140563,19.87053020961776,7.324290998766956,0.08014796547472258,0.0,0.0,0.0,0.0,0.0,0.0,0.0,0.0,0.0,0.0,0.0,0.0,0.0,0.0,0.0,nan,nan,4.332592121982211,2.8630747398178267,nan,0.4219,0.0855,0.0,0.0,0.0,0.0,0.0,0.0,0.0,0.0,0.0,0.0,0.0,0.0,0.0,0.0,0.0,0.0,0.0,0.0,0.0,0.0,0.0,0.0,0.0002979860254829429,7.192766132346897e-05,0.0018701191944101932,0.0011200164406083026,0.004254007398273736,0.00978216193999178,0.01574188244965064,0.016985203452527745,0.027435265104808877,0.025893958076448828,0.05646321413892314,0.05996711878339499,0.0365495273325113,0.04212905877517468,0.02451705713111385,0.02226674886970818,0.05666872174270448,0.01943074393752569,0.02326346074804768,0.027476366625565147,0.035408960131524864,0.040813810110974104,0.021054254007398274,0.01570078092889437,0.043269625976161116,0.06629675297986025,0.03734073160706946,0.029356761200164404,0.06464241676942047,0.04394780106863954,0.030805589806822853,0.033600493218249074,0.009227291409782162,0.018927250308261406,0.002424989724619811,0.009175914508836827,0.0013974517057131113,0.0036683107274969175,4.110152075626798e-05,0.0012227702424989725,0.0011611179613645706,0.0007398273736128237,0.007274969173859433,0.0005856966707768188,0.00824085491163173,0.0014180024660912455,0.0,5.1376900945334976e-05,0.0,2.055076037813399e-05,0.0,0.0,0.0,0.0,0.0,0.0,0.0,0.0,0.0,0.0,0.0,0.0,0.0,0.0,0.0,0.0,0.0,0.0,0.0,0.0,0.0,0.0,0.0,0.0,0.0,0.0,0.0,0.0,0.0,nan,nan,4.332592121982211,2.8630747398178267,nan,0.8552895287468189,0.034194809391996595,0.0,0.0,0.0,0.0,0.0,0.0,0.0,0.0,0.0,0.0,0.0,0.0,0.0,0.0,0.0,0.0,0.0,0.0,0.0,0.0,0.0,0.061753808151502686,0.23466447097571022,1.1609715932482467,5.446685878962538,12.918896665294362,7.706875257307535,1.9390695759571843,0.3952243721696172,0.1358583779333059,0.853406326468479,0.03464471142803846,0.0,0.0,0.0,0.0,0.0,0.0,0.0,0.0,0.0,0.0,0.0,0.0,0.0,0.0,0.0,0.0,0.0,0.0,0.0,0.0,0.0,0.07386130488305294,0.2585145670906853,1.3295034878949488,5.613459171112025,13.159622486663935,7.250718096019698,1.760361099712762,0.4062371768567912,0.14772260976610588,0.4219,0.0162,0.0,0.0,0.0,0.0,0.0,0.0,0.0,0.0,0.0,0.0,0.0,2.6924660354055128,19.674763277068756,7.57101687937423,0.061753808151502686,0.0,0.0,0.0,0.0,0.0,0.0,0.0,0.0,0.0,0.0,0.0,0.0,0.0,0.0,0.0,0.4216,0.01633,0.0,0.0,0.0,0.0,0.0,0.0,0.0,0.0,0.0,0.0,0.0,2.757488715633972,20.065654493229385,7.078375051292574,0.0984817398440706,0.0,0.0,0.0,0.0,0.0,0.0,0.0,0.0,0.0,0.0,0.0,0.0,0.0,0.0,0.0
60400,4916,2473,0.5030512611879577,1169,1001,0.4414157851912124,1405,0.5716029292107404,0.45799999999999996,2.9111747851002865,3.000458753869895,6.256983240223463,2.1017135479669764,6649.800000000001,9.094947017729282e-13,6649.8,6649.8,6649.800000000001,9.094947017729282e-13,6649.800000000001,9.094947017729282e-13,27.864320585842147,20.96589748058855,33.04176844162188,19.153876787566496,0.1450366151342555,0.10130187144019528,0.08848657445077299,0.09235150528885272,0.07221318144833198,0.07119609438567942,0.07160292921074043,0.06550040683482507,0.05736371033360456,0.05471928397070789,0.04820992676973149,0.03681855166802278,0.03498779495524817,0.024410089503661515,0.01708706265256306,0.010577705451586655,0.008136696501220505,0.8553862723152845,0.03451065525350022,0.0,0.0,0.0,0.0,0.0,0.0,0.0,0.0,0.0,0.0,0.0,0.0,0.0,0.0,0.0,0.0,0.0,0.0,0.0,0.0,0.012205044751830759,0.024410089503661518,0.2685109845402767,1.3120423108218022,5.388527257933281,12.577298616761597,7.890561432058585,1.9711147274206675,0.4454841334418227,0.10984540276647684,4.363462152666879,2.8001904889271754,5.0,2.48327740429189,1.1458790806616894,4.293859649122807,2.7969258796563783,4.440206851971558,2.7998544534393788,1.0340829032170737,0.422,0.01611,0.0,0.0,0.0,0.0,0.0,0.0,0.0,0.0,0.0,0.0,0.018307567127746137,2.6851098454027627,19.973555736371036,7.286411716842963,0.036615134255492274,0.0,0.0,0.0,0.0,0.0,0.0,0.0,0.0,0.0,0.0,0.0,0.0,0.0,0.0,0.0,nan,nan,4.365892459433662,2.79932402137781,nan,0.422,0.0854,0.0,0.0,0.0,0.0,0.0,0.0,0.0,0.0,0.0,0.0,0.0,0.0,0.0,0.0,0.0,0.0,0.0,0.0,0.0,0.0,0.0,0.0,0.0003966639544344996,0.00017290480065093572,0.0014747762408462164,0.0017799023596419853,0.0048515052888527255,0.008553702196908056,0.015652969894222945,0.015815703824247355,0.027217249796582587,0.025661106590724167,0.055695687550854356,0.061625305126118794,0.03698128559804719,0.04311432058584215,0.023057363710333605,0.022223352318958504,0.057211147274206675,0.019863710333604557,0.022426769731489014,0.026871440195280715,0.034835231895850284,0.040429210740439384,0.021379170056956876,0.015307160292921075,0.04516883645240032,0.06393409275834011,0.04064279902359642,0.03074654190398698,0.06470707892595606,0.044100895036615136,0.030675345809601302,0.03370626525630594,0.007973962571196095,0.01850081366965012,0.0020748576078112287,0.009540276647681041,0.0012001627339300245,0.003549633848657445,3.051261187957689e-05,0.0010170870626525631,0.00104759967453214,0.001128966639544345,0.007556956875508543,0.0005899104963384866,0.007943449959316517,0.0013730675345809602,0.0,0.000193246541903987,0.0,0.0,0.0,0.0,0.0,0.0,0.0,0.0,0.0,0.0,0.0,0.0,0.0,0.0,0.0,0.0,0.0,0.0,0.0,0.0,0.0,0.0,0.0,0.0,0.0,0.0,0.0,0.0,0.0,0.0,0.0,nan,nan,4.365892459433662,2.79932402137781,nan,0.8555530603241448,0.03526904520057839,0.0,0.0,0.0,0.0,0.0,0.0,0.0,0.0,0.0,0.0,0.0,0.0,0.0,0.0,0.0,0.0,0.0,0.0,0.0,0.0,0.012131014961585123,0.036393044884755366,0.26688232915487264,1.310149615851189,5.8228871815608585,11.83987060250708,8.091386979377276,2.01374848362313,0.48524059846340484,0.12131014961585121,0.8552174361524063,0.03372474725951329,0.0,0.0,0.0,0.0,0.0,0.0,0.0,0.0,0.0,0.0,0.0,0.0,0.0,0.0,0.0,0.0,0.0,0.0,0.0,0.0,0.012279983626688501,0.012279983626688501,0.270159639787147,1.313958248055665,4.948833401555465,13.323782234957022,7.687269750307001,1.9279574293900945,0.4052394596807205,0.09823986901350801,0.4219,0.01591,0.0,0.0,0.0,0.0,0.0,0.0,0.0,0.0,0.0,0.0,0.024262029923170246,2.729478366356648,20.186008896077645,7.035988677719371,0.024262029923170246,0.0,0.0,0.0,0.0,0.0,0.0,0.0,0.0,0.0,0.0,0.0,0.0,0.0,0.0,0.0,0.4224,0.01628,0.0,0.0,0.0,0.0,0.0,0.0,0.0,0.0,0.0,0.0,0.012279983626688501,2.640196479738023,19.758493655341795,7.539909946786739,0.049119934506754004,0.0,0.0,0.0,0.0,0.0,0.0,0.0,0.0,0.0,0.0,0.0,0.0,0.0,0.0,0.0
60500,4852,2419,0.4985572959604287,1140,1028,0.4468260511129431,1411,0.5816158285243199,0.44599999999999995,2.9132757912042746,2.9844576975450194,6.417151162790698,1.909004678064132,6649.800000000002,1.8189894035458565e-12,6649.8,6649.8,6649.800000000001,9.094947017729282e-13,6649.800000000001,9.094947017729282e-13,28.038746908491344,21.061635276972954,32.83918984870669,19.399683939996706,0.13664468260511128,0.10346248969497114,0.09089035449299258,0.09047815333882935,0.07708161582852432,0.07728771640560593,0.07378400659521847,0.06224237427864798,0.05461665292662819,0.04843363561417972,0.045548227535037095,0.038746908491343775,0.03400659521846661,0.026380873866446827,0.020403957131079967,0.01339653751030503,0.006595218466611707,0.8556891554952749,0.03371700196767664,0.0,0.0,0.0,0.0,0.0,0.0,0.0,0.0,0.0,0.0,0.0,0.0,0.0,0.0,0.0,0.0,0.0,0.0,0.0,0.0,0.0,0.03091508656224238,0.1854905193734543,1.0634789777411342,5.7563891178895314,12.532976092333062,7.945177246496292,1.8610882110469913,0.4884583676834296,0.13602638087386648,4.2942866262368335,2.7434550692074726,4.375,1.996089927833914,1.0187955254942769,4.2149651236525045,2.692214617260504,4.374680306905371,2.7886366674440963,1.037892409205622,0.422,0.01648,0.0,0.0,0.0,0.0,0.0,0.0,0.0,0.0,0.0,0.0,0.006183017312448477,2.6957955482275313,19.853668590272054,7.351607584501238,0.09274525968672714,0.0,0.0,0.0,0.0,0.0,0.0,0.0,0.0,0.0,0.0,0.0,0.0,0.0,0.0,0.0,nan,nan,4.294492199936326,2.7418133600687367,nan,0.422,0.08527,0.0,0.0,0.0,0.0,0.0,0.0,0.0,0.0,0.0,0.0,0.0,0.0,0.0,0.0,0.0,0.0,0.0,0.0,0.0,0.0,0.0,0.0,0.00032976092333058534,0.00018549051937345425,0.0014736191261335533,0.0011644682605111295,0.004822753503709811,0.008429513602638087,0.01734336356141797,0.015292662819455894,0.02577287716405606,0.026751854905193734,0.05323577906018137,0.062345424567188786,0.03820074196207749,0.042889530090684254,0.02251648804616653,0.023990107172300084,0.05646125309150866,0.021279884583676835,0.022598928276999174,0.026607584501236604,0.03407873042044518,0.04022052761747733,0.020383347073371805,0.016312860676009892,0.04504328112118714,0.06229389942291839,0.04000412201154163,0.0320280296784831,0.0691570486397362,0.042281533388293484,0.030173124484748556,0.03349134377576257,0.007110469909315746,0.018590272052761748,0.0027720527617477327,0.009449711459192085,0.0009789777411376751,0.0028854080791426216,0.00010305028854080792,0.0006079967023907667,0.001030502885408079,0.0015457543281121187,0.007708161582852432,0.0007110469909315747,0.007223825226710635,0.0017209398186314921,8.244023083264634e-05,0.00031945589447650454,0.0,0.0,0.0,0.0,0.0,0.0,0.0,0.0,0.0,0.0,0.0,0.0,0.0,0.0,0.0,0.0,0.0,0.0,0.0,0.0,0.0,0.0,0.0,0.0,0.0,0.0,0.0,0.0,0.0,0.0,0.0,nan,nan,4.294492199936326,2.7418133600687367,nan,0.8552434002628697,0.03318681523534252,0.0,0.0,0.0,0.0,0.0,0.0,0.0,0.0,0.0,0.0,0.0,0.0,0.0,0.0,0.0,0.0,0.0,0.0,0.0,0.0,0.0,0.02480363786688715,0.17362546506821006,1.1161637040099182,5.605622157916496,12.91029350971476,7.912360479537,1.6990491938817698,0.40926002480363793,0.1488218272013229,0.8561323457571689,0.03423024474450899,0.0,0.0,0.0,0.0,0.0,0.0,0.0,0.0,0.0,0.0,0.0,0.0,0.0,0.0,0.0,0.0,0.0,0.0,0.0,0.0,0.0,0.03699136868064119,0.19728729963008637,1.0110974106041892,5.906288532675711,12.157829839704071,7.977805178791617,2.022194821208385,0.5672009864364982,0.12330456226880397,0.4219,0.01639,0.0,0.0,0.0,0.0,0.0,0.0,0.0,0.0,0.0,0.0,0.0,2.802811078958243,19.706490285241838,7.416287722199257,0.07441091360066145,0.0,0.0,0.0,0.0,0.0,0.0,0.0,0.0,0.0,0.0,0.0,0.0,0.0,0.0,0.0,0.4224,0.01659,0.0,0.0,0.0,0.0,0.0,0.0,0.0,0.0,0.0,0.0,0.012330456226880398,2.589395807644879,20.000000000000004,7.287299630086315,0.11097410604192358,0.0,0.0,0.0,0.0,0.0,0.0,0.0,0.0,0.0,0.0,0.0,0.0,0.0,0.0,0.0
60600,4617,2419,0.5239332900151613,1138,931,0.44812648906216157,1279,0.5540394195364956,0.478,3.0887170154686077,3.1094458355141334,6.683279742765273,1.980859418102198,6649.800000000001,9.094947017729282e-13,6649.8,6649.8,6649.800000000001,9.094947017729282e-13,6649.800000000001,9.094947017729282e-13,27.99393545592376,20.82366028948844,32.980387096774194,19.009393327743677,0.14338314923110246,0.09291747888239116,0.09248429716265974,0.08641975308641975,0.0825211176088369,0.07992202729044834,0.06606021225904267,0.06259475850119126,0.059995668182802685,0.05458089668615984,0.04613385315139701,0.03573749187784275,0.03075590210093134,0.03075590210093134,0.019276586528048516,0.011695906432748537,0.004764998917045701,0.854704349077649,0.034558539068380495,0.0,0.0,0.0,0.0,0.0,0.0,0.0,0.0,0.0,0.0,0.0,0.0,0.0,0.0,0.0,0.0,0.0,0.0,0.0,0.0,0.0,0.032488628979857055,0.25341130604288503,1.3905133203378774,5.5880441845354145,12.417153996101367,7.888239116309293,1.9233268356075377,0.35737491877842764,0.14944769330734245,4.305181695827725,2.8510700337080035,4.0,3.0659419433511785,0.9291129347401329,4.267155229846769,2.840868437567625,4.3432432432432435,2.8628128806265654,1.0178310863556765,0.4233,0.01643,0.0,0.0,0.0,0.0,0.0,0.0,0.0,0.0,0.0,0.0,0.019493177387914232,2.31968810916179,19.603638726445748,7.985705003248865,0.07147498375568552,0.0,0.0,0.0,0.0,0.0,0.0,0.0,0.0,0.0,0.0,0.0,0.0,0.0,0.0,0.0,nan,nan,4.304158283031523,2.851872226616252,nan,0.4233,0.0862,0.0,0.0,0.0,0.0,0.0,0.0,0.0,0.0,0.0,0.0,0.0,0.0,0.0,0.0,0.0,0.0,0.0,0.0,0.0,0.0,0.0,0.0,0.0003140567468052848,0.00021659085986571366,0.0019709768247779943,0.0010179770413688543,0.003996101364522417,0.00830625947585012,0.01678579163959281,0.015648689625297814,0.02433398310591293,0.02779943686376435,0.053530431015811133,0.0608187134502924,0.03695040069309075,0.044487762616417584,0.022698722113926793,0.024474767164825644,0.05527398743773013,0.02159410872861165,0.02292614251678579,0.028026857266623347,0.034838639809400045,0.03987437730127789,0.01718648473034438,0.014760667099848386,0.04443361490145116,0.06078622482131254,0.041011479315572884,0.03205544726012562,0.06930907515702837,0.04040502490794889,0.03186051548624648,0.03358241282217891,0.00903183885640026,0.01918995018410223,0.0031189083820662767,0.009140134286333116,0.0007472384665367122,0.003140567468052848,0.00010829542993285683,0.0011804201862681395,0.0011371020142949967,0.002155079055663851,0.00775395278319255,0.000649772579597141,0.008815247996534546,0.0018410223088585662,0.00014078405891271387,0.0005631362356508555,0.0,0.0,1.0829542993285683e-05,0.0,0.0,0.0,0.0,0.0,0.0,0.0,0.0,0.0,0.0,0.0,0.0,0.0,0.0,0.0,0.0,0.0,0.0,0.0,0.0,0.0,0.0,0.0,0.0,0.0,0.0,0.0,0.0,nan,nan,4.304158283031523,2.851872226616252,nan,0.8543732501889812,0.034643301463654616,0.0,0.0,0.0,0.0,0.0,0.0,0.0,0.0,0.0,0.0,0.0,0.0,0.0,0.0,0.0,0.0,0.0,0.0,0.0,0.0,0.0,0.0496072757337743,0.2728400165357586,1.3642000826787886,5.804051260851593,12.203389830508478,7.986771393137662,1.8106655642827618,0.35965274906986366,0.1488218272013229,0.855068738618908,0.03446133639751062,0.0,0.0,0.0,0.0,0.0,0.0,0.0,0.0,0.0,0.0,0.0,0.0,0.0,0.0,0.0,0.0,0.0,0.0,0.0,0.0,0.0,0.013648771610555053,0.2320291173794359,1.4194722474977208,5.35031847133758,12.652411282984534,7.7797998180163805,2.047315741583258,0.35486806187443143,0.15013648771610558,0.4236,0.01643,0.0,0.0,0.0,0.0,0.0,0.0,0.0,0.0,0.0,0.0,0.03720545680033072,2.2075237701529526,19.656883009508064,8.036378668871436,0.06200909466721787,0.0,0.0,0.0,0.0,0.0,0.0,0.0,0.0,0.0,0.0,0.0,0.0,0.0,0.0,0.0,0.423,0.01642,0.0,0.0,0.0,0.0,0.0,0.0,0.0,0.0,0.0,0.0,0.0,2.4431301182893503,19.545040946314835,7.929936305732486,0.08189262966333032,0.0,0.0,0.0,0.0,0.0,0.0,0.0,0.0,0.0,0.0,0.0,0.0,0.0,0.0,0.0
60700,4935,2492,0.5049645390070922,1146,1060,0.4470111448834853,1408,0.5706180344478217,0.474,2.9938600081866555,3.111576887137662,6.814589665653496,2.055232753371622,6649.800000000001,9.094947017729282e-13,6649.8,6649.8,6649.800000000002,1.8189894035458565e-12,6649.800000000001,9.094947017729282e-13,27.154609929078013,20.50581765684825,32.113239573229876,18.786746191747987,0.14346504559270518,0.10536980749746708,0.0911854103343465,0.0889564336372847,0.0828774062816616,0.07862208713272544,0.06889564336372847,0.06382978723404255,0.05673758865248227,0.05146909827760891,0.0425531914893617,0.03991894630192502,0.03525835866261398,0.017426545086119554,0.019858156028368795,0.008105369807497468,0.00547112462006079,0.8557513199557891,0.03432515037242985,0.0,0.0,0.0,0.0,0.0,0.0,0.0,0.0,0.0,0.0,0.0,0.0,0.0,0.0,0.0,0.0,0.0,0.0,0.0,0.006079027355623102,0.024316109422492408,0.03647416413373861,0.24316109422492405,1.1063829787234007,5.343465045592707,12.69908814589666,8.018237082066872,1.9392097264437693,0.5227963525835867,0.06079027355623101,4.394922879177378,2.8630726535942674,5.555555555555555,3.130889511912305,1.264084878912692,4.402697495183045,2.8600978499549248,4.400508582326764,2.8718861733555583,0.9995028246072606,0.4236,0.01695,0.0,0.0,0.0,0.0,0.0,0.0,0.0,0.0,0.0,0.0,0.0,2.4012158054711215,19.03343465045593,8.425531914893618,0.13981762917933133,0.0,0.0,0.0,0.0,0.0,0.0,0.0,0.0,0.0,0.0,0.0,0.0,0.0,0.0,0.0,nan,nan,4.4015974440894565,2.866028411220513,nan,0.4236,0.0869,0.0,0.0,0.0,0.0,0.0,0.0,0.0,0.0,0.0,0.0,0.0,0.0,0.0,0.0,0.0,0.0,0.0,0.0,0.0,0.0,0.0,0.0,0.00028368794326241134,0.0002735562310030395,0.0024113475177304964,0.0010638297872340426,0.005227963525835867,0.009371833839918946,0.017700101317122595,0.01480243161094225,0.025065856129685916,0.027811550151975683,0.053890577507598784,0.05626139817629179,0.03763931104356636,0.042593718338399186,0.022887537993920973,0.02492401215805471,0.05277608915906788,0.021621073961499492,0.02387031408308004,0.02850050658561297,0.03372847011144883,0.039898682877406284,0.018419452887537994,0.015481256332320162,0.04405268490374873,0.06066869300911854,0.03982776089159068,0.031013171225937185,0.07040526849037487,0.042877406281661604,0.032664640324214796,0.03353596757852077,0.009716312056737588,0.01911854103343465,0.0024316109422492403,0.007608915906788247,0.000547112462006079,0.0033941236068895644,0.00032421479229989867,0.0012259371833839919,0.0012056737588652482,0.0017933130699088146,0.006666666666666667,0.0006889564336372847,0.009918946301925025,0.002674772036474164,0.00012158054711246201,0.0010131712259371835,0.0,0.0,0.0,0.0,0.0,0.0,0.0,0.0,0.0,0.0,0.0,0.0,0.0,0.0,0.0,0.0,0.0,0.0,0.0,0.0,0.0,0.0,0.0,0.0,0.0,0.0,0.0,0.0,0.0,0.0,0.0,nan,nan,4.4015974440894565,2.866028411220513,nan,0.855656617693304,0.034127755529597445,0.0,0.0,0.0,0.0,0.0,0.0,0.0,0.0,0.0,0.0,0.0,0.0,0.0,0.0,0.0,0.0,0.0,0.0,0.0,0.0,0.024077046548956666,0.036115569823435,0.22873194221508833,1.191813804173351,5.272873194221511,12.688603531300163,8.065810593900483,1.9863563402889248,0.45746388443017666,0.04815409309791333,0.8558479216905875,0.034525074044046734,0.0,0.0,0.0,0.0,0.0,0.0,0.0,0.0,0.0,0.0,0.0,0.0,0.0,0.0,0.0,0.0,0.0,0.0,0.0,0.012279983626688501,0.024559967253377002,0.036839950880065496,0.2578796561604585,1.0192386410151422,5.415472779369629,12.709783053622598,7.969709373720836,1.891117478510029,0.5894392140810479,0.07367990176013099,0.4233,0.01692,0.0,0.0,0.0,0.0,0.0,0.0,0.0,0.0,0.0,0.0,0.0,2.4317817014446192,19.044943820224724,8.402889245585877,0.12038523274478333,0.0,0.0,0.0,0.0,0.0,0.0,0.0,0.0,0.0,0.0,0.0,0.0,0.0,0.0,0.0,0.4236,0.01698,0.0,0.0,0.0,0.0,0.0,0.0,0.0,0.0,0.0,0.0,0.0,2.3700368399508767,19.021694637740485,8.448628735161687,0.1596397871469505,0.0,0.0,0.0,0.0,0.0,0.0,0.0,0.0,0.0,0.0,0.0,0.0,0.0,0.0,0.0
60800,4431,2296,0.5181674565560821,1072,882,0.44098397652900023,1224,0.5524712254570074,0.486,2.9981264637002343,3.0713599201628226,6.529126213592233,1.9886310069504487,6649.800000000001,9.094947017729282e-13,6649.8,6649.8,6649.800000000001,9.094947017729282e-13,6649.800000000001,9.094947017729282e-13,28.41390205371248,21.17542820264139,33.33226238286479,19.425901245301322,0.13744075829383887,0.1035883547731889,0.08937034529451592,0.08485669149176259,0.08079440306928459,0.06973595125253892,0.06409388399909727,0.06635071090047394,0.059128864816068605,0.05438952832317761,0.04287971112615662,0.04536222071767095,0.034529451591062965,0.030241480478447304,0.019860076732114647,0.011284134506883321,0.006093432633716994,0.8577272654978693,0.034831163543364685,0.0,0.0,0.0,0.0,0.0,0.0,0.0,0.0,0.0,0.0,0.0,0.0,0.0,0.0,0.0,0.0,0.0,0.0,0.0,0.0,0.0067704807041299945,0.054163845633039956,0.18957345971563985,1.1509817197020953,4.793500338524036,12.5727826675694,8.524035206499663,1.9769803656059584,0.5484089370345295,0.18280297901150988,4.1974833974134915,2.7937002757096736,4.666666666666667,2.8963578661637945,1.1117772781524968,4.194933145672062,2.774799067561558,4.198483804272915,2.806760159744262,1.0008464160160733,0.4236,0.01668,0.0,0.0,0.0,0.0,0.0,0.0,0.0,0.0,0.0,0.0,0.0,2.3493568043331043,19.228165199729183,8.253215978334463,0.16926201760324985,0.0,0.0,0.0,0.0,0.0,0.0,0.0,0.0,0.0,0.0,0.0,0.0,0.0,0.0,0.0,nan,nan,4.199443090845806,2.794300742721616,nan,0.4236,0.08704,0.0,0.0,0.0,0.0,0.0,0.0,0.0,0.0,0.0,0.0,0.0,0.0,0.0,0.0,0.0,0.0,0.0,0.0,0.0,0.0,0.0,0.0,0.000349808169713383,0.00038366057323403296,0.0023019634394041977,0.0007109004739336493,0.006037011961182577,0.008869329722410292,0.01749040848566915,0.014432408034303769,0.025039494470774092,0.028142631460167006,0.05156849469645678,0.05585646580907244,0.03773414579101783,0.040871135183931394,0.024193184382757842,0.02707063868201309,0.05417512976754683,0.021552696908147144,0.026145339652448658,0.02933874971789664,0.03404423380726698,0.03810652222974498,0.019679530580004514,0.017095463777928234,0.042484766418415705,0.05835025953509366,0.03935906116000903,0.030895960279846535,0.06875423155044008,0.04351162265854209,0.03269013766644099,0.033818551117129315,0.009568946061837056,0.018686526743398782,0.002313247573911081,0.00703001579778831,0.0008237418190024825,0.003859174001354096,0.0003046716316858497,0.0011509817197020988,0.001399232678853532,0.001715188445046265,0.007199277815391559,0.0007898894154818325,0.009636650868878356,0.0034529451591062965,0.00012412547957571654,0.0008688783570300158,0.0,0.0,2.2568269013766644e-05,0.0,0.0,0.0,0.0,0.0,0.0,0.0,0.0,0.0,0.0,0.0,0.0,0.0,0.0,0.0,0.0,0.0,0.0,0.0,0.0,0.0,0.0,0.0,0.0,0.0,0.0,0.0,0.0,nan,nan,4.199443090845806,2.794300742721616,nan,0.8571071120868161,0.03447078499389244,0.0,0.0,0.0,0.0,0.0,0.0,0.0,0.0,0.0,0.0,0.0,0.0,0.0,0.0,0.0,0.0,0.0,0.0,0.0,0.0,0.013066202090592338,0.05226480836236935,0.2090592334494774,1.1106271777003451,4.899825783972126,12.582752613240421,8.597560975609758,1.855400696864112,0.4965156794425088,0.18292682926829273,0.8583941845759854,0.03520241287301509,0.0,0.0,0.0,0.0,0.0,0.0,0.0,0.0,0.0,0.0,0.0,0.0,0.0,0.0,0.0,0.0,0.0,0.0,0.0,0.0,0.0,0.05620608899297425,0.16861826697892274,1.194379391100699,4.679156908665107,12.562060889929747,8.444964871194381,2.1077283372365345,0.6042154566744732,0.18266978922716634,0.423,0.01672,0.0,0.0,0.0,0.0,0.0,0.0,0.0,0.0,0.0,0.0,0.0,2.5479094076655016,19.207317073170735,8.114111498257842,0.13066202090592338,0.0,0.0,0.0,0.0,0.0,0.0,0.0,0.0,0.0,0.0,0.0,0.0,0.0,0.0,0.0,0.4243,0.01659,0.0,0.0,0.0,0.0,0.0,0.0,0.0,0.0,0.0,0.0,0.0,2.135831381733018,19.25058548009368,8.40281030444965,0.21077283372365344,0.0,0.0,0.0,0.0,0.0,0.0,0.0,0.0,0.0,0.0,0.0,0.0,0.0,0.0,0.0
60900,4532,2265,0.4997793468667255,1036,962,0.440864960282436,1264,0.5578111209179171,0.474,2.9161887957653287,3.120013506977327,6.755,2.069212813285928,6649.800000000002,1.8189894035458565e-12,6649.8,6649.8,6649.800000000002,1.8189894035458565e-12,6649.800000000001,9.094947017729282e-13,27.33340688437776,20.71101129860557,32.55978695073236,18.914548383906148,0.1524713150926743,0.09488084730803177,0.09642541924095323,0.09267431597528684,0.07987643424536628,0.06443071491615181,0.07303618711385702,0.06332744924977934,0.057811120917917035,0.05030891438658429,0.04258605472197705,0.042144748455428066,0.03508384819064431,0.025375110326566638,0.014783759929390997,0.0088261253309797,0.005957634598411298,0.8585519649397454,0.0350737800150318,0.0,0.0,0.0,0.0,0.0,0.0,0.0,0.0,0.0,0.0,0.0,0.0,0.0,0.0,0.0,0.0,0.0,0.0,0.0,0.0,0.033097969991173884,0.01985878199470433,0.17872903795233896,0.9929390997352132,4.944836716681378,12.530891438658433,8.28773168578994,2.2374227714033545,0.6156222418358341,0.15887025595763463,4.439367311072056,2.915855140263613,3.5833333333333335,2.92854723180093,0.8071720770651888,4.3985865724381625,2.8932964037514446,4.472260748959778,2.938504062173611,1.0167495115324687,0.4243,0.01674,0.0,0.0,0.0,0.0,0.0,0.0,0.0,0.0,0.0,0.0,0.006619593998234776,2.1248896734333593,19.104148278905562,8.592233009708739,0.17210944395410419,0.0,0.0,0.0,0.0,0.0,0.0,0.0,0.0,0.0,0.0,0.0,0.0,0.0,0.0,0.0,nan,nan,4.435771788589429,2.9164340764893493,nan,0.4243,0.08765,0.0,0.0,0.0,0.0,0.0,0.0,0.0,0.0,0.0,0.0,0.0,0.0,0.0,0.0,0.0,0.0,0.0,0.0,0.0,0.0,0.0,0.0,0.0002537511032656664,0.0003420123565754634,0.0028684907325684027,0.0008495145631067961,0.005383936451897617,0.00827449249779347,0.01767431597528685,0.01407766990291262,0.025055163283318624,0.02855251544571933,0.052636804942630185,0.05660856134157105,0.037268314210061784,0.03981685789938217,0.024106354810238307,0.025937775816416594,0.05498676081200353,0.021171668137687553,0.026897616946160635,0.03142100617828773,0.03350617828773168,0.03466460723742277,0.020211827007943512,0.01791703442188879,0.04034642541924095,0.05638790820829656,0.03866946160635481,0.03003089143865843,0.06758605472197705,0.04548764342453663,0.032888349514563105,0.03672771403353928,0.01104368932038835,0.01968225948808473,0.002316857899382171,0.006432038834951456,0.000529567519858782,0.003144307149161518,0.000176522506619594,0.0010150044130626656,0.0013570167696381288,0.0017431597528684906,0.007546337157987643,0.001180494263018535,0.00985216240070609,0.004269638128861429,0.00018755516328331862,0.0008274492497793469,0.0,0.0,8.8261253309797e-05,0.0,0.0,0.0,0.0,0.0,0.0,0.0,0.0,0.0,0.0,0.0,0.0,0.0,0.0,0.0,0.0,0.0,0.0,0.0,0.0,0.0,0.0,0.0,0.0,0.0,0.0,0.0,0.0,nan,nan,4.435771788589429,2.9164340764893493,nan,0.8597100903393153,0.03561511676204884,0.0,0.0,0.0,0.0,0.0,0.0,0.0,0.0,0.0,0.0,0.0,0.0,0.0,0.0,0.0,0.0,0.0,0.0,0.0,0.0,0.03973509933774835,0.02649006622516557,0.1721854304635762,0.9536423841059573,4.66225165562914,12.304635761589408,8.60927152317881,2.4105960264900665,0.6490066225165564,0.1721854304635762,0.8573948612652742,0.03448562521739183,0.0,0.0,0.0,0.0,0.0,0.0,0.0,0.0,0.0,0.0,0.0,0.0,0.0,0.0,0.0,0.0,0.0,0.0,0.0,0.0,0.026466696074106757,0.013233348037053378,0.1852668725187473,1.03220114689016,5.227172474636084,12.756947507719456,7.966475518306133,2.064402293780327,0.5822673136303486,0.14556682840758714,0.424,0.01682,0.0,0.0,0.0,0.0,0.0,0.0,0.0,0.0,0.0,0.0,0.013245033112582785,2.079470198675494,19.298013245033115,8.410596026490067,0.19867549668874177,0.0,0.0,0.0,0.0,0.0,0.0,0.0,0.0,0.0,0.0,0.0,0.0,0.0,0.0,0.0,0.4243,0.01666,0.0,0.0,0.0,0.0,0.0,0.0,0.0,0.0,0.0,0.0,0.0,2.17026907807675,18.910454344949276,8.77370974856639,0.14556682840758714,0.0,0.0,0.0,0.0,0.0,0.0,0.0,0.0,0.0,0.0,0.0,0.0,0.0,0.0,0.0
61000,4802,2467,0.5137442732194919,1192,984,0.45314452311536857,1350,0.5622657226155768,0.46199999999999997,3.046252676659529,3.1304954907370424,6.74468085106383,2.0566100648723444,6649.800000000002,1.8189894035458565e-12,6649.8,6649.8,6649.800000000001,9.094947017729282e-13,6649.800000000002,1.8189894035458565e-12,28.25197834235735,20.872229388424532,33.19079435783222,19.057330881297503,0.13785922532278216,0.10183256976259891,0.08329862557267805,0.08683881715951687,0.08579758433985839,0.0726780508121616,0.06538942107455227,0.0680966264056643,0.059558517284464804,0.05185339441899209,0.049770928779675136,0.042898792169929194,0.03561016243231987,0.02436484798000833,0.018325697625989172,0.009371095376926281,0.006455643481882549,0.8583126454515191,0.03464158666668682,0.0,0.0,0.0,0.0,0.0,0.0,0.0,0.0,0.0,0.0,0.0,0.0,0.0,0.0,0.0,0.0,0.0,0.0,0.0,0.0,0.0,0.018742190753852566,0.2498958767180342,1.1495210329029535,4.804248229904207,12.182423990004168,8.571428571428573,2.4177426072469808,0.46855476884631414,0.13744273219491882,4.276005105296745,2.876985210323586,5.25,2.6496855159307744,1.2277815088426238,4.239048811013768,2.8917347317084037,4.321705426356589,2.8606515558660903,1.0194988590667005,0.4248,0.0168,0.0,0.0,0.0,0.0,0.0,0.0,0.0,0.0,0.0,0.0,0.0,2.049146189087877,18.673469387755105,9.05872553102874,0.21865889212827994,0.0,0.0,0.0,0.0,0.0,0.0,0.0,0.0,0.0,0.0,0.0,0.0,0.0,0.0,0.0,nan,nan,4.27972027972028,2.876778929657742,nan,0.4248,0.08765,0.0,0.0,0.0,0.0,0.0,0.0,0.0,0.0,0.0,0.0,0.0,0.0,0.0,0.0,0.0,0.0,0.0,0.0,0.0,0.0,0.0,0.0,0.0002707205331112037,0.00043731778425655976,0.0024989587671803417,0.0009787588504789671,0.005747605164514786,0.007694710537276135,0.01591003748438151,0.015222823823406914,0.024708454810495627,0.027696793002915453,0.05114535610162432,0.05913161182840483,0.0391399416909621,0.0390045814244065,0.024000416493127865,0.025510204081632654,0.05339441899208663,0.020304039983340273,0.02618700541441066,0.030945439400249897,0.0357246980424823,0.03595376926280716,0.019148271553519367,0.01668054977092878,0.04034777176176593,0.0569658475635152,0.03963973344439817,0.029196168263223656,0.06785714285714285,0.044825072886297376,0.03191378592253228,0.036963765097875884,0.01385880882965431,0.019523115368596418,0.0028009162848812996,0.006768013327780092,0.00018742190753852562,0.003384006663890046,0.00021865889212827988,0.0009683465222823823,0.0016034985422740526,0.0018221574344023323,0.0074448146605581005,0.0011661807580174927,0.00980841316118284,0.00426905456059975,0.00015618492294877136,0.000812161599333611,0.0,0.0,5.2061640982923784e-05,1.0412328196584756e-05,0.0,0.0,0.0,0.0,0.0,0.0,0.0,0.0,0.0,0.0,0.0,0.0,0.0,0.0,0.0,0.0,0.0,0.0,0.0,0.0,0.0,0.0,0.0,0.0,0.0,0.0,0.0,nan,nan,4.27972027972028,2.876778929657742,nan,0.8580627137463634,0.034711613419708194,0.0,0.0,0.0,0.0,0.0,0.0,0.0,0.0,0.0,0.0,0.0,0.0,0.0,0.0,0.0,0.0,0.0,0.0,0.0,0.0,0.0,0.024321037697608437,0.2553708958248886,1.1430887717875928,4.779083907580057,12.294284556141065,8.53668423186056,2.3226591001216055,0.5107417916497772,0.1337657073368464,0.8585767060582081,0.034565483863532975,0.0,0.0,0.0,0.0,0.0,0.0,0.0,0.0,0.0,0.0,0.0,0.0,0.0,0.0,0.0,0.0,0.0,0.0,0.0,0.0,0.0,0.012847965738758033,0.2441113490364026,1.1563169164882192,4.83083511777302,12.064239828693793,8.608137044967881,2.5182012847965742,0.4239828693790151,0.14132762312633834,0.4253,0.01685,0.0,0.0,0.0,0.0,0.0,0.0,0.0,0.0,0.0,0.0,0.0,1.9213619781110631,18.617754357519257,9.19335224969599,0.2675314146736928,0.0,0.0,0.0,0.0,0.0,0.0,0.0,0.0,0.0,0.0,0.0,0.0,0.0,0.0,0.0,0.4246,0.01674,0.0,0.0,0.0,0.0,0.0,0.0,0.0,0.0,0.0,0.0,0.0,2.184154175588862,18.732334047109212,8.916488222698074,0.16702355460385443,0.0,0.0,0.0,0.0,0.0,0.0,0.0,0.0,0.0,0.0,0.0,0.0,0.0,0.0,0.0
61100,5055,2617,0.5177052423343225,1236,1038,0.44985163204747775,1420,0.5618199802176064,0.474,2.9815422477440525,3.103767947538796,6.662222222222222,2.0018460615943945,6649.800000000003,2.7284841053187847e-12,6649.8,6649.8,6649.8,0.0,6649.800000000001,9.094947017729282e-13,27.434223541048468,20.736517096924885,32.69723018147087,18.891486789832015,0.14995054401582592,0.10187932739861523,0.08822947576656776,0.08545994065281899,0.07972304648862512,0.07596439169139466,0.07319485657764589,0.06271018793273986,0.0599406528189911,0.05084075173095945,0.044312561819980216,0.03699307616221563,0.032838773491592484,0.02334322453016815,0.018595450049455984,0.010880316518298714,0.005143422354104847,0.8571819887552724,0.0342498914222679,0.0,0.0,0.0,0.0,0.0,0.0,0.0,0.0,0.0,0.0,0.0,0.0,0.0,0.0,0.0,0.0,0.0,0.0,0.0,0.0,0.0,0.029673590504451043,0.22551928783382794,1.0860534124629047,5.163204747774482,12.19584569732938,8.652818991097924,2.011869436201781,0.5459940652818992,0.08902077151335314,4.303809228863425,2.8897873992578695,6.666666666666667,3.0368111930481,1.5490153750209879,4.363009404388714,2.9246351276707325,4.254878048780488,2.8586050000137324,0.9752163368019656,0.4253,0.01672,0.0,0.0,0.0,0.0,0.0,0.0,0.0,0.0,0.0,0.0,0.005934718100890209,1.9584569732937656,18.42136498516321,9.406528189910981,0.2077151335311573,0.0,0.0,0.0,0.0,0.0,0.0,0.0,0.0,0.0,0.0,0.0,0.0,0.0,0.0,0.0,nan,nan,4.308191653786708,2.8918546228258775,nan,0.4253,0.08746,0.0,0.0,0.0,0.0,0.0,0.0,0.0,0.0,0.0,0.0,0.0,0.0,0.0,0.0,0.0,0.0,0.0,0.0,0.0,0.0,0.0,0.0,0.00020771513353115727,0.0005242334322453017,0.0032739861523244313,0.0010484668644906033,0.005628090999010881,0.006963402571711177,0.014362017804154303,0.014955489614243324,0.024757665677546982,0.030207715133531158,0.05198813056379822,0.056617210682492584,0.03950544015825915,0.035123639960435216,0.02390702274975272,0.024253214638971315,0.05272007912957468,0.022551928783382788,0.024995054401582593,0.033066271018793274,0.03481701285855589,0.03613254203758655,0.01983184965380811,0.017141444114737885,0.042502472799208706,0.05958456973293769,0.03943620178041543,0.031177052423343225,0.06257171117705242,0.044243323442136495,0.03335311572700297,0.03733926805143423,0.013778437190900099,0.021285855588526213,0.0027299703264094958,0.0062512363996043525,0.0003659742828882295,0.0027497527200791294,0.00025717111770524236,0.0012858555885262117,0.001543026706231454,0.0014342235410484668,0.00781404549950544,0.001582591493570722,0.009347181008902077,0.0033135509396636995,6.923837784371908e-05,0.0011572700296735906,4.945598417408506e-05,0.0,0.00011869436201780416,7.91295746785361e-05,0.0,0.0,0.0,0.0,0.0,0.0,0.0,0.0,0.0,0.0,0.0,0.0,0.0,0.0,0.0,0.0,0.0,0.0,0.0,0.0,0.0,0.0,0.0,0.0,0.0,0.0,0.0,nan,nan,4.308191653786708,2.8918546228258775,nan,0.8581034463919617,0.034129532362098564,0.0,0.0,0.0,0.0,0.0,0.0,0.0,0.0,0.0,0.0,0.0,0.0,0.0,0.0,0.0,0.0,0.0,0.0,0.0,0.0,0.0,0.03439052350019106,0.21780664883454343,1.0661062285059195,4.6885747038593815,12.437905999235769,8.96446312571647,1.8685517768437145,0.6190294230034392,0.1031715705005732,0.8561928769278663,0.03435112281073875,0.0,0.0,0.0,0.0,0.0,0.0,0.0,0.0,0.0,0.0,0.0,0.0,0.0,0.0,0.0,0.0,0.0,0.0,0.0,0.0,0.0,0.024610336341263337,0.23379819524200168,1.1074651353568465,5.672682526661199,11.936013125512718,8.318293683347008,2.1657095980311736,0.46759639048400337,0.07383100902379,0.4253,0.01666,0.0,0.0,0.0,0.0,0.0,0.0,0.0,0.0,0.0,0.0,0.0,1.7768437141765356,18.605273213603365,9.434466946885749,0.18341612533435236,0.0,0.0,0.0,0.0,0.0,0.0,0.0,0.0,0.0,0.0,0.0,0.0,0.0,0.0,0.0,0.4253,0.01677,0.0,0.0,0.0,0.0,0.0,0.0,0.0,0.0,0.0,0.0,0.012305168170631669,2.1534044298605384,18.2239540607055,9.37653814602133,0.23379819524200168,0.0,0.0,0.0,0.0,0.0,0.0,0.0,0.0,0.0,0.0,0.0,0.0,0.0,0.0,0.0
61200,4507,2296,0.5094297759041491,1110,913,0.44885733303749725,1293,0.5737741291324606,0.42199999999999993,2.843509724106739,2.8946412821301517,6.038518518518519,1.970522968192856,6649.800000000002,1.8189894035458565e-12,6649.8,6649.8,6649.800000000001,9.094947017729282e-13,6649.800000000001,9.094947017729282e-13,28.82693587752385,20.996851275264742,33.66439612260938,19.16063592204444,0.13246061681828267,0.09207898824051476,0.09540714444197915,0.08697581539826936,0.07654759263368094,0.07011315731084979,0.06656312402928777,0.06722875526958065,0.06323496782782338,0.05702240958508986,0.04659418682050144,0.04481917017972043,0.036165964055913026,0.03172842245396051,0.014865764366540937,0.012425116485467052,0.005768804082538274,0.8558833133309438,0.034924715675841295,0.0,0.0,0.0,0.0,0.0,0.0,0.0,0.0,0.0,0.0,0.0,0.0,0.0,0.0,0.0,0.0,0.0,0.0,0.0,0.0,0.0,0.046594186820501454,0.2462835589083648,1.3046372309740364,5.138673175061017,12.746838251608612,7.787885511426671,2.0035500332815626,0.5591302418460175,0.16640781007321948,4.031986531986532,2.694548760625355,3.0,2.3603873774083293,0.7440501043841337,4.049125168236878,2.650505152939636,4.005340453938585,2.7362909021972777,0.9891866236584239,0.425,0.01701,0.0,0.0,0.0,0.0,0.0,0.0,0.0,0.0,0.0,0.0,0.013312624805857558,2.0568005325049894,18.404703794098072,9.245617927668073,0.2795651209230087,0.0,0.0,0.0,0.0,0.0,0.0,0.0,0.0,0.0,0.0,0.0,0.0,0.0,0.0,0.0,nan,nan,4.027144772117962,2.6940009609189923,nan,0.425,0.08813,0.0,0.0,0.0,0.0,0.0,0.0,0.0,0.0,0.0,0.0,0.0,0.0,0.0,0.0,0.0,0.0,0.0,0.0,0.0,0.0,0.0,0.0,0.0003550033281562015,0.00043266030619037055,0.0026070556911471044,0.0008098513423563346,0.006112713556689594,0.007044597293099623,0.01619702684712669,0.016041712891058355,0.026170401597514978,0.03039715997337475,0.05333925005546927,0.054981140448191704,0.03922786776126026,0.034446416685156425,0.02270911914799201,0.02233192811182605,0.05479254493010872,0.021777235411581983,0.025282893277124473,0.03522298646549812,0.034867983137341914,0.033381406700687816,0.018293765254049257,0.018182826714000445,0.043421344575105394,0.05763257155535833,0.03696472154426448,0.02988684268915021,0.06260261814954515,0.04375416019525183,0.03697581539826936,0.03699800310627912,0.015697803416907033,0.020490348347015755,0.002573774129132461,0.006656312402928777,0.00046594186820501444,0.0020523629909030396,0.00027734635012203237,0.0010650099844686043,0.0014754825826492123,0.0015531395606833815,0.008686487685822055,0.001009540714444198,0.009540714444197915,0.0035056578655424894,5.546927002440648e-05,0.0015198579986687374,1.1093854004881296e-05,0.0,0.00011093854004881296,1.1093854004881296e-05,0.0,0.0,0.0,0.0,0.0,0.0,0.0,0.0,0.0,0.0,0.0,0.0,0.0,0.0,0.0,0.0,0.0,0.0,0.0,0.0,0.0,0.0,0.0,0.0,0.0,0.0,0.0,nan,nan,4.027144772117962,2.6940009609189923,nan,0.855912068891193,0.0341613049650501,0.0,0.0,0.0,0.0,0.0,0.0,0.0,0.0,0.0,0.0,0.0,0.0,0.0,0.0,0.0,0.0,0.0,0.0,0.0,0.0,0.0,0.07839721254355402,0.11759581881533103,1.2804878048780448,5.121951219512196,13.053135888501746,7.6437282229965176,2.0383275261324045,0.4965156794425088,0.1698606271777004,0.8558534522878266,0.03570017654946201,0.0,0.0,0.0,0.0,0.0,0.0,0.0,0.0,0.0,0.0,0.0,0.0,0.0,0.0,0.0,0.0,0.0,0.0,0.0,0.0,0.0,0.0135685210312076,0.37991858887381286,1.3297150610583406,5.156037991858888,12.428765264586163,7.937584803256446,1.9674355495251021,0.6241519674355497,0.16282225237449122,0.4253,0.01712,0.0,0.0,0.0,0.0,0.0,0.0,0.0,0.0,0.0,0.0,0.013066202090592338,2.051393728222994,18.05749128919861,9.603658536585368,0.2743902439024391,0.0,0.0,0.0,0.0,0.0,0.0,0.0,0.0,0.0,0.0,0.0,0.0,0.0,0.0,0.0,0.425,0.01692,0.0,0.0,0.0,0.0,0.0,0.0,0.0,0.0,0.0,0.0,0.0135685210312076,2.0624151967435522,18.76526458616011,8.873812754409771,0.2849389416553596,0.0,0.0,0.0,0.0,0.0,0.0,0.0,0.0,0.0,0.0,0.0,0.0,0.0,0.0,0.0
61300,4323,2153,0.49803377284293315,972,903,0.4337265787647467,1212,0.5607217210270645,0.474,3.0188940092165897,3.0945340056732706,6.566066066066066,1.9581174284253595,6649.800000000001,9.094947017729282e-13,6649.8,6649.8,6649.800000000001,9.094947017729282e-13,6649.800000000002,1.8189894035458565e-12,27.94378903539209,21.033989548810908,33.12572855953372,19.20943805522676,0.14850798056904926,0.0962294702752718,0.09322229932916956,0.08466342817487855,0.07818644459865834,0.07286606523247745,0.06407587323617858,0.06893361091834374,0.05806153134397409,0.04904001850566736,0.04695813092759658,0.04279435577145501,0.03678001387925052,0.023132084200786492,0.01943095072866065,0.01226000462641684,0.004857737682165163,0.8566654035952972,0.03467497207124839,0.0,0.0,0.0,0.0,0.0,0.0,0.0,0.0,0.0,0.0,0.0,0.0,0.0,0.0,0.0,0.0,0.0,0.0,0.0,0.0,0.006939625260235949,0.05551700208188759,0.31922276197085364,1.020124913254681,4.982650936849411,12.93546148507981,8.147120055517004,1.9292158223455937,0.4302567661346288,0.17349063150589872,4.410200364298725,2.879872643776362,3.875,2.505202919259569,0.8786448868329754,4.424155283968368,2.8922351216476025,4.382716049382716,2.8589840614199624,0.9906334131770163,0.4243,0.01695,0.0,0.0,0.0,0.0,0.0,0.0,0.0,0.0,0.0,0.0,0.013879250520471897,2.1512838306731408,18.72310895211659,8.945176960444138,0.16655100624566277,0.0,0.0,0.0,0.0,0.0,0.0,0.0,0.0,0.0,0.0,0.0,0.0,0.0,0.0,0.0,nan,nan,4.405561574575659,2.8772625999809924,nan,0.4243,0.08856,0.0,0.0,0.0,0.0,0.0,0.0,0.0,0.0,0.0,0.0,0.0,0.0,0.0,0.0,0.0,0.0,0.0,0.0,4.626416840157298e-05,1.1566042100393246e-05,0.0,0.0,0.0003816793893129771,0.000613000231320842,0.003342586167013648,0.0009599814943326393,0.0075526254915567895,0.008350682396483924,0.014388156372889198,0.017198704603284758,0.024277122368725423,0.03396946564885496,0.05467268100855887,0.05283368031459634,0.04022669442516771,0.032593106638908166,0.024647235715938007,0.020818875780707843,0.0553088133240805,0.02391857506361323,0.022357159380060145,0.03458246588017581,0.03666435345824659,0.03121674762896137,0.017187138561184364,0.0176382142030997,0.043071940781864444,0.05724034235484617,0.03528799444829979,0.029528105482303956,0.06364792967846403,0.04173027989821883,0.03948646773074254,0.03747397640527411,0.015903307888040712,0.02049502660189683,0.002498265093684941,0.007055285681239879,0.0009946796206338191,0.002128151746472357,9.252833680314597e-05,0.0007055285681239879,0.001561415683553088,0.0013763590099467962,0.009345362017117742,0.0009946796206338191,0.008454776775387463,0.0036433032616238724,0.00011566042100393245,0.0013300948415452232,1.1566042100393246e-05,0.0,5.783021050196623e-05,0.0,1.1566042100393246e-05,0.0,0.0,0.0,0.0,0.0,0.0,0.0,0.0,0.0,0.0,0.0,0.0,0.0,0.0,0.0,0.0,0.0,0.0,0.0,0.0,0.0,0.0,0.0,0.0,0.0,0.0,nan,nan,4.405561574575659,2.8772625999809924,nan,0.8564669075424152,0.03463289439830624,0.0,0.0,0.0,0.0,0.0,0.0,0.0,0.0,0.0,0.0,0.0,0.0,0.0,0.0,0.0,0.0,0.0,0.0,0.0,0.0,0.0,0.041802136553646084,0.3483511379470507,1.2122619600557323,4.8211797491871815,12.791453785415703,8.31862517417557,1.9228982814677198,0.3901532745006968,0.15327450069670231,0.8568623446099769,0.034715548064299204,0.0,0.0,0.0,0.0,0.0,0.0,0.0,0.0,0.0,0.0,0.0,0.0,0.0,0.0,0.0,0.0,0.0,0.0,0.0,0.0,0.01382488479262673,0.06912442396313366,0.29032258064516137,0.8294930875576011,5.142857142857144,13.078341013824888,7.976958525345624,1.9354838709677424,0.4700460829493089,0.19354838709677424,0.4248,0.01682,0.0,0.0,0.0,0.0,0.0,0.0,0.0,0.0,0.0,0.0,0.0,2.062238736646537,18.727357176033443,8.973525313516026,0.23687877380399447,0.0,0.0,0.0,0.0,0.0,0.0,0.0,0.0,0.0,0.0,0.0,0.0,0.0,0.0,0.0,0.4238,0.01709,0.0,0.0,0.0,0.0,0.0,0.0,0.0,0.0,0.0,0.0,0.02764976958525346,2.2396313364055267,18.718894009216594,8.917050691244242,0.09677419354838712,0.0,0.0,0.0,0.0,0.0,0.0,0.0,0.0,0.0,0.0,0.0,0.0,0.0,0.0,0.0
61400,4476,2275,0.508266309204647,1072,928,0.44682752457551383,1274,0.5692582663092046,0.44999999999999996,2.9582008178100865,3.06688683435172,6.533646322378717,2.046802385763594,6649.800000000001,9.094947017729282e-13,6649.8,6649.8,6649.800000000002,1.8189894035458565e-12,6649.8,0.0,27.93655049151028,20.684056689833717,32.687731359069275,18.97837709413525,0.13650580875781948,0.09986595174262734,0.09472743521000894,0.0840035746201966,0.08266309204647006,0.07797140303842717,0.06925826630920465,0.0632260947274352,0.0596514745308311,0.05585344057193923,0.044012511170688114,0.04311885612153709,0.02993744414655943,0.02680965147453083,0.017873100983020553,0.007372654155495978,0.0071492403932082215,0.8566675429449644,0.03502375884295699,0.0,0.0,0.0,0.0,0.0,0.0,0.0,0.0,0.0,0.0,0.0,0.0,0.0,0.0,0.0,0.0,0.0,0.0,0.0,0.0,0.020107238605898126,0.0670241286863271,0.23458445040214482,1.1394101876675569,5.006702412868633,12.687667560321719,8.230563002680967,1.9638069705093837,0.47587131367292235,0.17426273458445046,4.2295882763433355,2.8377213686342637,3.875,2.368411915187052,0.9161648242864214,4.180806675938804,2.8540031500869922,4.274238227146815,2.8160847929308446,1.0223477329735726,0.4255,0.01701,0.0,0.0,0.0,0.0,0.0,0.0,0.0,0.0,0.0,0.0,0.0,2.024128686327075,18.2774798927614,9.436997319034854,0.26139410187667567,0.0,0.0,0.0,0.0,0.0,0.0,0.0,0.0,0.0,0.0,0.0,0.0,0.0,0.0,0.0,nan,nan,4.227619708535739,2.835452754274213,nan,0.4255,0.0881,0.0,0.0,0.0,0.0,0.0,0.0,0.0,0.0,0.0,0.0,0.0,0.0,0.0,0.0,0.0,0.0,0.0,0.0,7.819481680071492e-05,0.0,0.0,0.0,0.00022341376228775692,0.000513851653261841,0.0027033065236818587,0.0007372654155495978,0.006858802502234138,0.008612600536193029,0.012555853440571939,0.017705540661304735,0.02410634495084897,0.029434763181411975,0.05504915102770331,0.054054959785522785,0.042828418230563,0.03251787310098302,0.02327971403038427,0.02078865058087578,0.055317247542448614,0.022631814119749776,0.0217828418230563,0.03321045576407507,0.03670688114387846,0.030797587131367293,0.017392761394101876,0.018509830205540662,0.0451295799821269,0.056847631814119746,0.038315460232350315,0.02903261840929401,0.06358355674709562,0.042147006255585345,0.04211349419124218,0.03754468275245755,0.016554959785522787,0.020978552278820374,0.0027926720285969616,0.005998659517426274,0.0009271671134941913,0.0019325290437890975,2.234137622877569e-05,0.00046916890080428956,0.001675603217158177,0.0015527256478999106,0.009830205540661306,0.001373994638069705,0.007864164432529044,0.003116621983914209,0.0001675603217158177,0.0016085790884718498,1.1170688114387846e-05,0.0,1.1170688114387846e-05,0.0,0.0,0.0,0.0,0.0,0.0,0.0,0.0,0.0,0.0,0.0,0.0,0.0,0.0,0.0,0.0,0.0,0.0,0.0,0.0,0.0,0.0,0.0,0.0,0.0,0.0,0.0,0.0,nan,nan,4.227619708535739,2.835452754274213,nan,0.8566062915456164,0.03350446973241193,0.0,0.0,0.0,0.0,0.0,0.0,0.0,0.0,0.0,0.0,0.0,0.0,0.0,0.0,0.0,0.0,0.0,0.0,0.0,0.0,0.01318681318681319,0.02637362637362638,0.21098901098901104,1.0681318681318648,5.063736263736264,12.764835164835167,8.452747252747255,1.8857142857142861,0.3956043956043957,0.1186813186813187,0.8567308536825913,0.036527666507812744,0.0,0.0,0.0,0.0,0.0,0.0,0.0,0.0,0.0,0.0,0.0,0.0,0.0,0.0,0.0,0.0,0.0,0.0,0.0,0.0,0.027260336210813273,0.10904134484325309,0.25897319400272606,1.2130849613811867,4.947751022262609,12.60790549750114,8.000908677873696,2.0445252158109954,0.5588368923216721,0.2317128577919128,0.4255,0.01718,0.0,0.0,0.0,0.0,0.0,0.0,0.0,0.0,0.0,0.0,0.0,2.017582417582415,18.210989010989014,9.481318681318683,0.29010989010989013,0.0,0.0,0.0,0.0,0.0,0.0,0.0,0.0,0.0,0.0,0.0,0.0,0.0,0.0,0.0,0.4255,0.01685,0.0,0.0,0.0,0.0,0.0,0.0,0.0,0.0,0.0,0.0,0.0,2.0308950477055854,18.34620626987733,9.391185824625172,0.2317128577919128,0.0,0.0,0.0,0.0,0.0,0.0,0.0,0.0,0.0,0.0,0.0,0.0,0.0,0.0,0.0
61500,4320,2183,0.5053240740740741,1053,900,0.45208333333333334,1238,0.5731481481481482,0.46599999999999997,3.0182498830135702,3.0722304642608234,6.594855305466238,1.9821971054654435,6649.800000000002,1.8189894035458565e-12,6649.8,6649.8,6649.800000000001,9.094947017729282e-13,6649.800000000001,9.094947017729282e-13,27.957175925925927,20.835416993280095,32.706896551724135,19.13970107250227,0.13472222222222222,0.10277777777777777,0.0875,0.09143518518518519,0.08796296296296297,0.075,0.0699074074074074,0.06018518518518518,0.055092592592592596,0.05439814814814815,0.04259259259259259,0.04351851851851852,0.03449074074074074,0.024537037037037038,0.01712962962962963,0.0125,0.00625,0.8586150103421123,0.03516769613652905,0.0,0.0,0.0,0.0,0.0,0.0,0.0,0.0,0.0,0.0,0.0,0.0,0.0,0.0,0.0,0.0,0.0,0.0,0.0,0.0,0.0,0.027777777777777783,0.1805555555555556,1.1111111111111078,4.88888888888889,12.41666666666667,8.250000000000002,2.319444444444445,0.6041666666666667,0.20138888888888895,4.2952516958229205,2.853111497141531,3.875,2.4717149916606487,0.9021590059014213,4.242315939957113,2.785243318005889,4.345390070921986,2.916180713575147,1.024296665411939,0.4265,0.01672,0.0,0.0,0.0,0.0,0.0,0.0,0.0,0.0,0.0,0.0,0.013888888888888892,1.5277777777777757,18.16666666666667,10.09027777777778,0.20138888888888895,0.0,0.0,0.0,0.0,0.0,0.0,0.0,0.0,0.0,0.0,0.0,0.0,0.0,0.0,0.0,nan,nan,4.294054823780705,2.8521856312110616,nan,0.4265,0.08795,0.0,0.0,0.0,0.0,0.0,0.0,0.0,0.0,0.0,0.0,0.0,0.0,0.0,0.0,0.0,0.0,0.0,0.0,4.6296296296296294e-05,0.0,0.0,1.1574074074074073e-05,0.00019675925925925926,0.0003587962962962963,0.003125,0.0009722222222222222,0.0067476851851851856,0.008912037037037038,0.01292824074074074,0.01775462962962963,0.02396990740740741,0.026990740740740742,0.055879629629629626,0.05334490740740741,0.038842592592592595,0.028136574074074074,0.023703703703703703,0.019351851851851853,0.057291666666666664,0.02380787037037037,0.023414351851851853,0.03462962962962963,0.036006944444444446,0.03245370370370371,0.014814814814814815,0.020243055555555556,0.0497337962962963,0.054814814814814816,0.03903935185185185,0.031030092592592592,0.06215277777777778,0.04057870370370371,0.04296296296296296,0.036412037037037034,0.01861111111111111,0.021157407407407406,0.003472222222222222,0.004583333333333333,0.001400462962962963,0.0021180555555555558,2.3148148148148147e-05,0.000625,0.0016782407407407408,0.0015509259259259259,0.010185185185185186,0.001990740740740741,0.006967592592592593,0.0026041666666666665,0.0002777777777777778,0.0020601851851851853,3.472222222222222e-05,0.0,0.0,0.0,0.0,0.0,0.0,0.0,0.0,0.0,0.0,0.0,0.0,0.0,0.0,0.0,0.0,0.0,0.0,0.0,0.0,0.0,0.0,0.0,0.0,0.0,0.0,0.0,0.0,0.0,0.0,nan,nan,4.294054823780705,2.8521856312110616,nan,0.8586846181301147,0.036252945276735,0.0,0.0,0.0,0.0,0.0,0.0,0.0,0.0,0.0,0.0,0.0,0.0,0.0,0.0,0.0,0.0,0.0,0.0,0.0,0.0,0.0,0.02748511223087495,0.2198808978469996,1.2093449381584938,4.754924415941366,12.24461749885479,8.259276225377922,2.3912047640861203,0.6321575813101238,0.261108566193312,0.8585439042114575,0.03402321607290963,0.0,0.0,0.0,0.0,0.0,0.0,0.0,0.0,0.0,0.0,0.0,0.0,0.0,0.0,0.0,0.0,0.0,0.0,0.0,0.0,0.0,0.02807674309780066,0.1403837154890033,1.0107627515208204,5.025737014506318,12.592419279363597,8.240524099204494,2.246139447824053,0.5755732335049135,0.1403837154890033,0.4265,0.01662,0.0,0.0,0.0,0.0,0.0,0.0,0.0,0.0,0.0,0.0,0.0,1.6078790655061819,18.373797526339903,9.757214841960606,0.261108566193312,0.0,0.0,0.0,0.0,0.0,0.0,0.0,0.0,0.0,0.0,0.0,0.0,0.0,0.0,0.0,0.4265,0.01682,0.0,0.0,0.0,0.0,0.0,0.0,0.0,0.0,0.0,0.0,0.02807674309780066,1.4459522695367315,17.955077211043523,10.430510060832946,0.1403837154890033,0.0,0.0,0.0,0.0,0.0,0.0,0.0,0.0,0.0,0.0,0.0,0.0,0.0,0.0,0.0
61600,4191,2153,0.5137198759246003,1020,829,0.4411834884275829,1181,0.5635886423287998,0.46599999999999997,2.9985279685966635,2.9882822830010283,6.336538461538462,2.018078120341916,6649.800000000002,1.8189894035458565e-12,6649.8,6649.8,6649.800000000001,9.094947017729282e-13,6649.800000000002,1.8189894035458565e-12,28.57766642806013,21.191013374993243,33.41342357586012,19.44790662057668,0.13314244810307801,0.10355523741350513,0.09162491052254831,0.0842281078501551,0.07516105941302792,0.07349081364829396,0.07659269863994274,0.05607253638749702,0.05487950369840133,0.05273204485802911,0.05440229062276306,0.043664996420901936,0.03483655452159389,0.024337866857551897,0.02219040801717967,0.012407539966595084,0.006680983058935815,0.8582589940619736,0.035265047226325744,0.0,0.0,0.0,0.0,0.0,0.0,0.0,0.0,0.0,0.0,0.0,0.0,0.0,0.0,0.0,0.0,0.0,0.0,0.0,0.0,0.014316392269148178,0.03579098067287045,0.33643521832498213,1.0236220472440913,4.688618468146028,12.505368647100934,8.546886184681462,2.097351467430208,0.5583392984967789,0.1932712956335004,4.323150533676849,2.800196758915137,4.923076923076923,2.4949653446502853,1.1387706453260684,4.327021121631464,2.8240677604307494,4.32448377581121,2.77462521568137,0.9994136044754739,0.4265,0.01648,0.0,0.0,0.0,0.0,0.0,0.0,0.0,0.0,0.0,0.0,0.0,1.7179670722977787,17.902648532569795,10.157480314960631,0.22190408017179677,0.0,0.0,0.0,0.0,0.0,0.0,0.0,0.0,0.0,0.0,0.0,0.0,0.0,0.0,0.0,nan,nan,4.326007326007326,2.799126857572106,nan,0.4265,0.0882,0.0,0.0,0.0,0.0,0.0,0.0,0.0,0.0,0.0,0.0,0.0,0.0,0.0,0.0,0.0,0.0,0.0,0.0,9.54426151276545e-05,0.0,0.0,0.0,0.00017895490336435218,0.00022667621092817942,0.0024934383202099737,0.0007396802672393224,0.005810069195895967,0.008852302553089955,0.013242662848962061,0.018909568122166546,0.023991887377714148,0.02874015748031496,0.05879265091863517,0.05231448341684562,0.03762825101407779,0.02656883798616082,0.024170842281078502,0.019398711524695775,0.05764733953710332,0.024015748031496063,0.024242424242424242,0.03398950131233596,0.03700787401574803,0.032796468623240274,0.013218802195180148,0.021653543307086614,0.048592221426867095,0.05633500357909807,0.03711524695776664,0.02983774755428299,0.06059413027916965,0.04002624671916011,0.0443092340730136,0.03806967310904319,0.018324982104509665,0.02031734669529945,0.003113815318539728,0.003948938200906705,0.0015748031496062992,0.0021951801479360533,0.0,0.0006323073252207111,0.0016702457647339538,0.0014435695538057743,0.010272011453113815,0.0018134096874254354,0.007289429730374612,0.0026962538773562398,0.0002028155571462658,0.0028752087807205917,2.3860653781913625e-05,0.0,0.0,0.0,0.0,0.0,0.0,0.0,0.0,0.0,0.0,0.0,0.0,0.0,0.0,0.0,0.0,0.0,0.0,0.0,0.0,0.0,0.0,0.0,0.0,0.0,0.0,0.0,0.0,0.0,0.0,nan,nan,4.326007326007326,2.799126857572106,nan,0.8589553881732465,0.035411262909195156,0.0,0.0,0.0,0.0,0.0,0.0,0.0,0.0,0.0,0.0,0.0,0.0,0.0,0.0,0.0,0.0,0.0,0.0,0.0,0.0,0.013934045517882028,0.027868091035764056,0.29261495587552255,0.9753831862517388,4.6957733395262435,12.35949837436136,8.59730608453321,2.1319089642359503,0.7663725034835116,0.13934045517882027,0.8575233039139999,0.035094912393125795,0.0,0.0,0.0,0.0,0.0,0.0,0.0,0.0,0.0,0.0,0.0,0.0,0.0,0.0,0.0,0.0,0.0,0.0,0.0,0.0,0.01472031403336605,0.04416094210009814,0.38272816486751726,1.074582924435718,4.681059862610403,12.659470068694802,8.49362119725221,2.0608439646712466,0.3385672227674191,0.2502453385672228,0.4263,0.01662,0.0,0.0,0.0,0.0,0.0,0.0,0.0,0.0,0.0,0.0,0.0,1.7417556897352506,17.835578262888994,10.185787273571762,0.23687877380399447,0.0,0.0,0.0,0.0,0.0,0.0,0.0,0.0,0.0,0.0,0.0,0.0,0.0,0.0,0.0,0.4265,0.01633,0.0,0.0,0.0,0.0,0.0,0.0,0.0,0.0,0.0,0.0,0.0,1.6928361138370926,17.973503434739946,10.12757605495584,0.20608439646712468,0.0,0.0,0.0,0.0,0.0,0.0,0.0,0.0,0.0,0.0,0.0,0.0,0.0,0.0,0.0
61700,4116,2088,0.5072886297376094,977,853,0.4446064139941691,1183,0.5748299319727891,0.45399999999999996,2.9551282051282053,3.040077196760252,6.588752196836555,2.022617287711123,6649.800000000002,1.8189894035458565e-12,6649.8,6649.8,6649.800000000002,1.8189894035458565e-12,6649.800000000002,1.8189894035458565e-12,28.03474246841594,21.014514581289394,33.08531630876379,19.239267775872317,0.14067055393586006,0.09985422740524781,0.08940719144800778,0.08746355685131195,0.08211856171039844,0.07312925170068027,0.07361516034985423,0.06098153547133139,0.056851311953352766,0.056365403304178816,0.043974732750242954,0.03644314868804665,0.034256559766763846,0.02891156462585034,0.015306122448979591,0.012147716229348883,0.008503401360544218,0.8561125967807278,0.034980650074060184,0.0,0.0,0.0,0.0,0.0,0.0,0.0,0.0,0.0,0.0,0.0,0.0,0.0,0.0,0.0,0.0,0.0,0.0,0.0,0.0,0.02186588921282799,0.04373177842565598,0.2769679300291546,1.2026239067055355,5.204081632653062,12.485422740524784,8.2798833819242,1.8804664723032074,0.4591836734693879,0.14577259475218662,4.330313325783314,2.7943193089065894,3.9411764705882355,2.796438664471697,0.910136559200439,4.406133133881825,2.836674777058858,4.249059443190369,2.7491788669831325,0.9643511246894454,0.4265,0.01698,0.0,0.0,0.0,0.0,0.0,0.0,0.0,0.0,0.0,0.0,0.0,1.5670553935860037,18.236151603498545,9.854227405247816,0.34256559766763856,0.0,0.0,0.0,0.0,0.0,0.0,0.0,0.0,0.0,0.0,0.0,0.0,0.0,0.0,0.0,nan,nan,4.327831957989497,2.794504498049045,nan,0.4265,0.089,0.0,0.0,0.0,0.0,0.0,0.0,0.0,0.0,0.0,0.0,0.0,0.0,0.0,0.0,0.0,0.0,0.0,0.0,0.0002915451895043732,0.0,0.0,0.0,0.00044946550048590865,0.0,0.0023323615160349854,0.0008138969873663751,0.005988824101068999,0.008114674441205054,0.014006316812439261,0.018901846452866862,0.02469630709426628,0.029409620991253646,0.061892614188532556,0.05334062196307094,0.037548590864917394,0.026105442176870747,0.0239067055393586,0.017893586005830905,0.05453109815354713,0.023955296404275996,0.022849854227405247,0.032786686103012636,0.03728134110787172,0.03395286686103013,0.012014091350826045,0.020918367346938777,0.051263362487852286,0.056353255587949465,0.03774295432458698,0.03084305150631681,0.0598396501457726,0.039528668610301264,0.0429421768707483,0.03740281827016521,0.018039358600583092,0.021452866861030127,0.002551020408163265,0.0037050534499514093,0.001336248785228377,0.0017249757045675414,2.4295432458697766e-05,0.00036443148688046647,0.002295918367346939,0.001445578231292517,0.011552478134110786,0.0016885325558794947,0.007373663751214772,0.0032434402332361515,0.00021865889212827988,0.003061224489795918,0.0,2.4295432458697766e-05,0.0,0.0,0.0,0.0,0.0,0.0,0.0,0.0,0.0,0.0,0.0,0.0,0.0,0.0,0.0,0.0,0.0,0.0,0.0,0.0,0.0,0.0,0.0,0.0,0.0,0.0,0.0,0.0,0.0,nan,nan,4.327831957989497,2.794504498049045,nan,0.8569743748311796,0.034729504119561556,0.0,0.0,0.0,0.0,0.0,0.0,0.0,0.0,0.0,0.0,0.0,0.0,0.0,0.0,0.0,0.0,0.0,0.0,0.0,0.0,0.0,0.04310344827586208,0.20114942528735638,1.1925287356321803,5.158045977011495,12.298850574712647,8.577586206896553,1.8678160919540234,0.4741379310344829,0.18678160919540235,0.855225322338251,0.03521532882627261,0.0,0.0,0.0,0.0,0.0,0.0,0.0,0.0,0.0,0.0,0.0,0.0,0.0,0.0,0.0,0.0,0.0,0.0,0.0,0.0,0.044378698224852076,0.044378698224852076,0.3550295857988166,1.2130177514792861,5.251479289940829,12.677514792899412,7.97337278106509,1.8934911242603554,0.4437869822485208,0.1035502958579882,0.426,0.01721,0.0,0.0,0.0,0.0,0.0,0.0,0.0,0.0,0.0,0.0,0.0,1.7528735632183883,18.290229885057474,9.66954022988506,0.2873563218390805,0.0,0.0,0.0,0.0,0.0,0.0,0.0,0.0,0.0,0.0,0.0,0.0,0.0,0.0,0.0,0.427,0.01672,0.0,0.0,0.0,0.0,0.0,0.0,0.0,0.0,0.0,0.0,0.0,1.3757396449704122,18.18047337278107,10.044378698224854,0.39940828402366874,0.0,0.0,0.0,0.0,0.0,0.0,0.0,0.0,0.0,0.0,0.0,0.0,0.0,0.0,0.0
61800,3756,1960,0.5218317358892439,949,722,0.444888178913738,1017,0.5415335463258786,0.494,3.0707126948775056,3.1852614623261375,6.71969696969697,2.1796732933511835,6649.800000000003,2.7284841053187847e-12,6649.8,6649.8,6649.800000000002,1.8189894035458565e-12,6649.800000000003,2.7284841053187847e-12,28.287806176783814,21.08336994311834,33.329419231989846,19.272602723888607,0.14030883919062834,0.10010649627263046,0.09105431309904154,0.08200212992545261,0.08067092651757188,0.07294994675186368,0.06576144834930778,0.06576144834930778,0.05883919062832801,0.05591054313099041,0.04818956336528221,0.04073482428115016,0.03354632587859425,0.027689030883919063,0.01703940362087327,0.012247071352502662,0.00718849840255591,0.8563483190961793,0.03466331873769427,0.0,0.0,0.0,0.0,0.0,0.0,0.0,0.0,0.0,0.0,0.0,0.0,0.0,0.0,0.0,0.0,0.0,0.0,0.0,0.0,0.015974440894568693,0.055910543130990434,0.27955271565495216,1.2140575079872167,5.055910543130992,12.340255591054316,8.466453674121407,2.0367412140575083,0.39936102236421733,0.1357827476038339,4.344927536231884,2.950079857312554,4.4,3.1999999999999997,1.0126751167444965,4.3767403767403765,2.940677384217845,4.31312292358804,2.9614007216280656,0.985464650018899,0.4265,0.01692,0.0,0.0,0.0,0.0,0.0,0.0,0.0,0.0,0.0,0.0,0.0,1.7012779552715631,17.73162939297125,10.303514376996807,0.2635782747603834,0.0,0.0,0.0,0.0,0.0,0.0,0.0,0.0,0.0,0.0,0.0,0.0,0.0,0.0,0.0,nan,nan,4.345154639175258,2.951156024899941,nan,0.4265,0.08856,0.0,0.0,0.0,0.0,0.0,0.0,0.0,0.0,0.0,0.0,0.0,0.0,0.0,0.0,0.0,0.0,0.0,0.0,0.00021299254526091586,0.0,0.0,0.0,0.0004259850905218317,0.00010649627263045793,0.0028354632587859426,0.0008652822151224707,0.0049920127795527154,0.007800851970181043,0.013298722044728435,0.01873003194888179,0.025865282215122472,0.028820553780617677,0.05995740149094782,0.05714856230031949,0.03688764643237487,0.024094781682641106,0.02354898828541001,0.01693290734824281,0.05424653887113951,0.025412673056443024,0.022949946751863685,0.035290202342918,0.03856496272630458,0.032055378061767836,0.012340255591054313,0.020154419595314162,0.05089190628328009,0.05689563365282215,0.03702076677316294,0.030364749733759317,0.06075612353567625,0.04078807241746539,0.0424653887113951,0.036182108626198084,0.018490415335463257,0.023482428115015976,0.0020633652822151225,0.0033280085197018106,0.0019435569755058572,0.0021565495207667732,0.0,0.000492545260915868,0.002263045793397231,0.0014510117145899893,0.01009052183173589,0.0019568690095846646,0.0068024494142705,0.0030484558040468584,0.00019968051118210862,0.0033280085197018106,0.0,0.0,0.0,0.0,0.0,0.0,0.0,0.0,0.0,0.0,0.0,0.0,0.0,0.0,0.0,0.0,0.0,0.0,0.0,0.0,0.0,0.0,0.0,0.0,0.0,0.0,0.0,0.0,0.0,0.0,0.0,nan,nan,4.345154639175258,2.951156024899941,nan,0.8562178018749976,0.03419048145868524,0.0,0.0,0.0,0.0,0.0,0.0,0.0,0.0,0.0,0.0,0.0,0.0,0.0,0.0,0.0,0.0,0.0,0.0,0.0,0.0,0.015306122448979595,0.045918367346938785,0.27551020408163274,1.1020408163265272,5.3112244897959195,12.229591836734695,8.494897959183675,1.9897959183673475,0.4132653061224491,0.12244897959183676,0.8564907543709656,0.03517152697487454,0.0,0.0,0.0,0.0,0.0,0.0,0.0,0.0,0.0,0.0,0.0,0.0,0.0,0.0,0.0,0.0,0.0,0.0,0.0,0.0,0.016703786191536753,0.06681514476614701,0.2839643652561248,1.336302895322936,4.777282850779511,12.461024498886417,8.435412026726059,2.087973273942094,0.38418708240534527,0.15033407572383076,0.4268,0.01686,0.0,0.0,0.0,0.0,0.0,0.0,0.0,0.0,0.0,0.0,0.0,1.6836734693877529,17.70918367346939,10.301020408163268,0.3061224489795919,0.0,0.0,0.0,0.0,0.0,0.0,0.0,0.0,0.0,0.0,0.0,0.0,0.0,0.0,0.0,0.4263,0.01698,0.0,0.0,0.0,0.0,0.0,0.0,0.0,0.0,0.0,0.0,0.0,1.7204899777282825,17.756124721603566,10.306236080178175,0.21714922048997778,0.0,0.0,0.0,0.0,0.0,0.0,0.0,0.0,0.0,0.0,0.0,0.0,0.0,0.0,0.0
61900,3747,1863,0.49719775820656525,863,825,0.4504937283159861,1059,0.5652522017614091,0.486,2.9575371549893843,3.1395872255972295,6.708812260536399,2.161904343406815,6649.800000000002,1.8189894035458565e-12,6649.8,6649.8,6649.800000000002,1.8189894035458565e-12,6649.800000000003,2.7284841053187847e-12,27.446490525753937,20.64734339468842,32.49392583120205,18.863996043685628,0.14518281291700028,0.09687750200160128,0.09367493995196156,0.08460101414464906,0.08967173738991192,0.08006405124099279,0.06645316253002402,0.06378436082199093,0.058713637576728046,0.051240992794235385,0.0429677074993328,0.0344275420336269,0.03362690152121697,0.025086736055511077,0.017880971443821725,0.009073925807312517,0.006672004270082733,0.8553331143416371,0.03485228219789835,0.0,0.0,0.0,0.0,0.0,0.0,0.0,0.0,0.0,0.0,0.0,0.0,0.0,0.0,0.0,0.0,0.0,0.0,0.0,0.0,0.0,0.10408326661329066,0.2802241793434748,1.168935148118491,5.508406725380305,12.401921537229786,8.086469175340275,1.8975180144115298,0.42433947157726193,0.1281024819855885,4.3775,2.9341370821191477,5.846153846153846,2.032283817480447,1.3355005930676973,4.340301003344481,2.9244239480266256,4.425986842105263,2.9370224717946694,1.0197419116081476,0.427,0.01662,0.0,0.0,0.0,0.0,0.0,0.0,0.0,0.0,0.0,0.0,0.00800640512409928,1.5852682145716552,17.846277021617297,10.272217774219378,0.2882305844675741,0.0,0.0,0.0,0.0,0.0,0.0,0.0,0.0,0.0,0.0,0.0,0.0,0.0,0.0,0.0,nan,nan,4.385412349772068,2.9319938375678483,nan,0.427,0.0889,0.0,0.0,0.0,0.0,0.0,0.0,0.0,0.0,0.0,0.0,0.0,0.0,0.0,0.0,0.0,0.0,0.0,0.0,6.672004270082733e-05,0.0,0.0,0.0,0.0002802241793434748,0.0,0.0032025620496397116,0.0006672004270082733,0.005230851347744862,0.007953029089938618,0.01321056845476381,0.020469709100613825,0.025994128636242328,0.02931678676274353,0.05713904456898852,0.05345609821190286,0.03860421670669869,0.02463303976514545,0.023378702962369897,0.018241259674406193,0.052575393648251936,0.023258606885508407,0.022965038697624767,0.03540165465705898,0.040805978115825994,0.03470776621297038,0.013704296770749934,0.018761676007472645,0.050186816119562314,0.060128102481985586,0.03653589538297305,0.027088337336535897,0.05868694955964772,0.04147317854283427,0.04091273018414732,0.036442487323191886,0.021283693621563918,0.024206031491860156,0.001948225246864158,0.003069121964238057,0.0012543368027755537,0.001748065118761676,0.0,0.0004536962903656258,0.0016546570589805177,0.0012676808113157192,0.01015479049906592,0.0025086736055511074,0.007646116893514812,0.00314918601547905,0.0002802241793434748,0.003896450493728316,0.0,0.0,0.0,0.0,0.0,0.0,0.0,0.0,0.0,0.0,0.0,0.0,0.0,0.0,0.0,0.0,0.0,0.0,0.0,0.0,0.0,0.0,0.0,0.0,0.0,0.0,0.0,0.0,0.0,0.0,0.0,nan,nan,4.385412349772068,2.9319938375678483,nan,0.8550910073074037,0.03557191840925869,0.0,0.0,0.0,0.0,0.0,0.0,0.0,0.0,0.0,0.0,0.0,0.0,0.0,0.0,0.0,0.0,0.0,0.0,0.0,0.0,0.0,0.09661835748792272,0.32206119162640906,1.3043478260869523,5.523349436392915,12.09339774557166,8.099838969404189,2.012882447665057,0.4347826086956523,0.11272141706924318,0.8555725227305844,0.0341240588579564,0.0,0.0,0.0,0.0,0.0,0.0,0.0,0.0,0.0,0.0,0.0,0.0,0.0,0.0,0.0,0.0,0.0,0.0,0.0,0.0,0.0,0.11146496815286627,0.23885350318471343,1.0350318471337547,5.493630573248408,12.707006369426754,8.073248407643314,1.7834394904458604,0.4140127388535033,0.14331210191082805,0.4272,0.01694,0.0,0.0,0.0,0.0,0.0,0.0,0.0,0.0,0.0,0.0,0.016103059581320453,1.6908212560386449,17.504025764895335,10.434782608695654,0.35426731078905,0.0,0.0,0.0,0.0,0.0,0.0,0.0,0.0,0.0,0.0,0.0,0.0,0.0,0.0,0.0,0.4268,0.0163,0.0,0.0,0.0,0.0,0.0,0.0,0.0,0.0,0.0,0.0,0.0,1.4808917197452207,18.184713375796182,10.111464968152868,0.22292993630573255,0.0,0.0,0.0,0.0,0.0,0.0,0.0,0.0,0.0,0.0,0.0,0.0,0.0,0.0,0.0
62000,3955,2084,0.5269279393173198,942,798,0.43994943109987356,1106,0.5592920353982301,0.47,3.153928380545163,3.184146041076769,6.87012987012987,2.0679142113153763,6649.800000000002,1.8189894035458565e-12,6649.8,6649.8,6649.800000000001,9.094947017729282e-13,6649.800000000002,1.8189894035458565e-12,27.869026548672565,20.99109531121841,32.86179843089921,19.272626418132855,0.14058154235145384,0.10063211125158028,0.0965865992414665,0.08798988621997472,0.07964601769911504,0.07585335018963338,0.06599241466498104,0.05865992414664981,0.05638432364096081,0.05436156763590392,0.04804045512010114,0.03792667509481669,0.03489254108723135,0.025031605562579013,0.019721871049304677,0.011630847029077117,0.00606826801517067,0.8543020895850644,0.03437004583087582,0.0,0.0,0.0,0.0,0.0,0.0,0.0,0.0,0.0,0.0,0.0,0.0,0.0,0.0,0.0,0.0,0.0,0.0,0.0,0.0,0.0,0.06068268015170671,0.25790139064475354,1.3957016434892497,5.469026548672567,12.553729456384326,7.797724399494313,2.0480404551201015,0.34134007585335024,0.07585335018963339,4.4220547401824675,2.9298917507209077,4.9375,2.4358969087381346,1.1165623878722641,4.321344800625488,2.8675378785133927,4.52903739061257,2.9835387859962315,1.0480620268850147,0.4263,0.01643,0.0,0.0,0.0,0.0,0.0,0.0,0.0,0.0,0.0,0.0,0.0,1.646017699115042,18.295828065739574,9.891276864728194,0.16687737041719344,0.0,0.0,0.0,0.0,0.0,0.0,0.0,0.0,0.0,0.0,0.0,0.0,0.0,0.0,0.0,nan,nan,4.425305478912101,2.9273219486745727,nan,0.4263,0.0889,0.0,0.0,0.0,0.0,0.0,0.0,0.0,0.0,0.0,0.0,0.0,0.0,0.0,0.0,0.0,0.0,0.0,0.0,0.0,0.0,0.0,0.0,0.0003666245259165613,3.792667509481669e-05,0.003881163084702908,0.0009860935524652339,0.005739570164348925,0.0074715549936788875,0.013527180783817951,0.019469026548672566,0.025347661188369154,0.030745891276864726,0.05797724399494311,0.054323640960809105,0.03989886219974716,0.022604298356510746,0.0206826801517067,0.019620733249051833,0.054525916561314794,0.023653603034134007,0.022629582806573956,0.033691529709228826,0.04201011378002528,0.03677623261694058,0.013059418457648546,0.018445006321112515,0.05116308470290771,0.061441213653603034,0.035347661188369156,0.02929203539823009,0.056510745891276866,0.03911504424778761,0.03798988621997471,0.038419721871049306,0.020075853350189632,0.023552465233881163,0.0021871049304677623,0.0024146649810366625,0.0013653603034134007,0.0021491782553729457,0.0,0.0006826801517067003,0.0017699115044247787,0.0015170670037926676,0.009962073324905183,0.002857142857142857,0.007914032869785082,0.003122629582806574,0.0003792667509481669,0.003299620733249052,0.0,0.0,0.0,0.0,0.0,0.0,0.0,0.0,0.0,0.0,0.0,0.0,0.0,0.0,0.0,0.0,0.0,0.0,0.0,0.0,0.0,0.0,0.0,0.0,0.0,0.0,0.0,0.0,0.0,0.0,0.0,nan,nan,4.425305478912101,2.9273219486745727,nan,0.8543814991005552,0.03374723877029754,0.0,0.0,0.0,0.0,0.0,0.0,0.0,0.0,0.0,0.0,0.0,0.0,0.0,0.0,0.0,0.0,0.0,0.0,0.0,0.0,0.0,0.05758157389635318,0.20153550863723613,1.3819577735124717,5.513435700575816,12.523992322456817,8.075815738963533,1.8426103646833019,0.33109404990403074,0.07197696737044147,0.8542136398628394,0.035050517690306066,0.0,0.0,0.0,0.0,0.0,0.0,0.0,0.0,0.0,0.0,0.0,0.0,0.0,0.0,0.0,0.0,0.0,0.0,0.0,0.0,0.0,0.06413682522715126,0.32068412613575636,1.4110101549973233,5.419561731694282,12.586851950828436,7.487974345269911,2.27685729556387,0.352752538749332,0.08017103153393909,0.4268,0.0165,0.0,0.0,0.0,0.0,0.0,0.0,0.0,0.0,0.0,0.0,0.0,1.5115163147792685,18.037428023032632,10.278310940499042,0.17274472168905952,0.0,0.0,0.0,0.0,0.0,0.0,0.0,0.0,0.0,0.0,0.0,0.0,0.0,0.0,0.0,0.4258,0.01634,0.0,0.0,0.0,0.0,0.0,0.0,0.0,0.0,0.0,0.0,0.0,1.7958311063602326,18.58364510956708,9.460181721004812,0.16034206306787818,0.0,0.0,0.0,0.0,0.0,0.0,0.0,0.0,0.0,0.0,0.0,0.0,0.0,0.0,0.0
62100,4075,2088,0.5123926380368098,958,850,0.443680981595092,1165,0.5717791411042945,0.46199999999999997,3.0140915953699046,3.1275200556841214,6.811594202898551,1.9737433156082942,6649.800000000002,1.8189894035458565e-12,6649.8,6649.8,6649.800000000002,1.8189894035458565e-12,6649.800000000002,1.8189894035458565e-12,27.396564417177913,20.584246474444893,32.35345838218054,18.82679839964767,0.14650306748466257,0.09374233128834356,0.10085889570552148,0.0856441717791411,0.08122699386503067,0.07975460122699386,0.07337423312883436,0.054478527607361965,0.06012269938650307,0.051533742331288344,0.043190184049079754,0.040981595092024536,0.03263803680981595,0.024049079754601226,0.017668711656441717,0.00785276073619632,0.006380368098159509,0.852415557039296,0.034456667874364445,0.0,0.0,0.0,0.0,0.0,0.0,0.0,0.0,0.0,0.0,0.0,0.0,0.0,0.0,0.0,0.0,0.0,0.0,0.0,0.0,0.02208588957055215,0.0883435582822086,0.2503067484662577,1.376687116564413,6.014723926380369,12.677300613496936,7.538650306748468,1.5460122699386507,0.41226993865030687,0.07361963190184051,4.396665374176037,2.902527366170376,3.0,2.1213203435596424,0.6823353029367669,4.507347254447023,2.9904695486640636,4.272098385857033,2.8027214691566287,0.9478076892438475,0.4258,0.0166,0.0,0.0,0.0,0.0,0.0,0.0,0.0,0.0,0.0,0.0,0.007361963190184051,1.7668711656441694,18.22822085889571,9.77668711656442,0.22085889570552153,0.0,0.0,0.0,0.0,0.0,0.0,0.0,0.0,0.0,0.0,0.0,0.0,0.0,0.0,0.0,nan,nan,4.388053949903661,2.9004171962514267,nan,0.4258,0.0886,0.0,0.0,0.0,0.0,0.0,0.0,0.0,0.0,0.0,0.0,0.0,0.0,0.0,0.0,0.0,0.0,0.0,0.0,0.0,0.0,0.0,1.2269938650306748e-05,0.00030674846625766873,1.2269938650306748e-05,0.003901840490797546,0.0008466257668711657,0.005435582822085889,0.007901840490797545,0.014147239263803681,0.018134969325153374,0.024503067484662577,0.028331288343558282,0.06431901840490797,0.05280981595092025,0.03885889570552147,0.021226993865030675,0.01970552147239264,0.0190920245398773,0.05850306748466258,0.025975460122699388,0.02388957055214724,0.03501840490797546,0.041276073619631905,0.0361840490797546,0.013914110429447853,0.01734969325153374,0.04954601226993865,0.060748466257668714,0.034441717791411045,0.028650306748466258,0.05796319018404908,0.04017177914110429,0.03536196319018405,0.040061349693251536,0.01898159509202454,0.023104294478527607,0.0021840490797546013,0.0021840490797546013,0.0013987730061349693,0.002245398773006135,0.0,0.0008220858895705522,0.0013496932515337423,0.0014233128834355829,0.009423312883435583,0.004134969325153374,0.008576687116564417,0.002429447852760736,0.00034355828220858896,0.002785276073619632,0.0,0.0,0.0,0.0,1.2269938650306748e-05,0.0,0.0,0.0,0.0,0.0,0.0,0.0,0.0,0.0,0.0,0.0,0.0,0.0,0.0,0.0,0.0,0.0,0.0,0.0,0.0,0.0,0.0,0.0,0.0,0.0,0.0,nan,nan,4.388053949903661,2.9004171962514267,nan,0.8516593794427613,0.0339406260295737,0.0,0.0,0.0,0.0,0.0,0.0,0.0,0.0,0.0,0.0,0.0,0.0,0.0,0.0,0.0,0.0,0.0,0.0,0.0,0.0,0.028735632183908053,0.057471264367816105,0.2873563218390805,1.364942528735628,6.091954022988507,13.06034482758621,7.270114942528737,1.4080459770114944,0.34482758620689663,0.08620689655172416,0.8532101714437069,0.03497312751177428,0.0,0.0,0.0,0.0,0.0,0.0,0.0,0.0,0.0,0.0,0.0,0.0,0.0,0.0,0.0,0.0,0.0,0.0,0.0,0.0,0.015098137896326124,0.12078510317060899,0.21137393054856574,1.3890286864619987,5.933568193256166,12.274786109713137,7.820835430296932,1.6909914443885259,0.48314041268243596,0.060392551585304495,0.426,0.01654,0.0,0.0,0.0,0.0,0.0,0.0,0.0,0.0,0.0,0.0,0.0,1.6091954022988482,18.5632183908046,9.583333333333336,0.24425287356321845,0.0,0.0,0.0,0.0,0.0,0.0,0.0,0.0,0.0,0.0,0.0,0.0,0.0,0.0,0.0,0.4258,0.0167,0.0,0.0,0.0,0.0,0.0,0.0,0.0,0.0,0.0,0.0,0.015098137896326124,1.9325616507297405,17.87619526925013,9.979869149471567,0.19627579265223963,0.0,0.0,0.0,0.0,0.0,0.0,0.0,0.0,0.0,0.0,0.0,0.0,0.0,0.0,0.0
62200,4267,2199,0.5153503632528709,1043,867,0.44762127958753223,1206,0.5652683384110616,0.44599999999999995,3.039651837524178,3.075040575389469,6.6313131313131315,1.9635815451466139,6649.800000000001,9.094947017729282e-13,6649.8,6649.8,6649.800000000001,9.094947017729282e-13,6649.800000000002,1.8189894035458565e-12,27.772908366533866,20.635900536577324,32.58337965536409,18.89048987158594,0.1385048043121631,0.09819545348019686,0.09749238340754629,0.08671197562690415,0.0728849308647762,0.07944691820951488,0.07686899460979611,0.06233887977501758,0.058354816029997654,0.053667682212327164,0.045465198031403795,0.04148113428638388,0.03398172017811109,0.020154675415983127,0.018514178579798455,0.00890555425357394,0.007030700726505742,0.8522329558274605,0.03423685564414383,0.0,0.0,0.0,0.0,0.0,0.0,0.0,0.0,0.0,0.0,0.0,0.0,0.0,0.0,0.0,0.0,0.0,0.0,0.0,0.0,0.0,0.08436840871806892,0.18982891961565507,1.4694164518396955,6.320599953128664,12.507616592453719,7.3259901570189845,1.5748769627372865,0.4218420435903446,0.10546051089758615,4.363736263736263,2.8278967378154407,4.615384615384615,2.434952583283756,1.057668093679174,4.3998538011695905,2.8436705095580246,4.328966521106259,2.8089723074312345,0.9838887192014225,0.4255,0.01633,0.0,0.0,0.0,0.0,0.0,0.0,0.0,0.0,0.0,0.0,0.0,1.8279821888914902,18.610264823060703,9.371924068432156,0.18982891961565507,0.0,0.0,0.0,0.0,0.0,0.0,0.0,0.0,0.0,0.0,0.0,0.0,0.0,0.0,0.0,nan,nan,4.3649289099526065,2.826216143375577,nan,0.4255,0.088,0.0,0.0,0.0,0.0,0.0,0.0,0.0,0.0,0.0,0.0,0.0,0.0,0.0,0.0,0.0,0.0,0.0,0.0,0.0,0.0,0.0,0.0,0.0003398172017811108,0.0,0.0037848605577689245,0.0008202484180923366,0.00544879306304195,0.007112725568314975,0.013862198265760487,0.018631356925240216,0.024255917506444808,0.02705647996250293,0.06926411999062573,0.05257792359971877,0.0374267635340989,0.020002343566908835,0.020822591985001172,0.017143191938129833,0.061061635809702364,0.02429107101007734,0.024701195219123506,0.03504804312163112,0.04050855401921725,0.035141785797984534,0.015608155612842747,0.016299507850949146,0.05302320131239747,0.06081556128427466,0.03372392781813921,0.028427466604171548,0.058073588000937426,0.03928989922662292,0.035505038668853996,0.03889149285212093,0.019721115537848607,0.023095851886571362,0.0029646121396765877,0.0022146707288493088,0.0010780407780642137,0.0024607452542770095,0.0,0.00108975861260839,0.0012303726271385047,0.0016639325052730256,0.008858682915397235,0.0035973752050621043,0.007698617295523787,0.0022732599015701897,0.00024607452542770096,0.0028474337942348254,0.0,0.0,0.0,0.0,0.0,0.0,0.0,0.0,0.0,0.0,0.0,0.0,0.0,0.0,0.0,0.0,0.0,0.0,0.0,0.0,0.0,0.0,0.0,0.0,0.0,0.0,0.0,0.0,0.0,0.0,0.0,nan,nan,4.3649289099526065,2.826216143375577,nan,0.8522192935555455,0.03517497182099152,0.0,0.0,0.0,0.0,0.0,0.0,0.0,0.0,0.0,0.0,0.0,0.0,0.0,0.0,0.0,0.0,0.0,0.0,0.0,0.0,0.0,0.15006821282401095,0.23192360163710782,1.473396998635739,6.193724420190998,12.428376534788544,7.3533424283765365,1.5688949522510236,0.4774897680763985,0.12278308321964532,0.8522474835527704,0.033210249034936655,0.0,0.0,0.0,0.0,0.0,0.0,0.0,0.0,0.0,0.0,0.0,0.0,0.0,0.0,0.0,0.0,0.0,0.0,0.0,0.0,0.0,0.014506769825918765,0.14506769825918764,1.4651837524177904,6.455512572533851,12.591876208897489,7.296905222437139,1.5812379110251455,0.3626692456479691,0.08704061895551259,0.426,0.01605,0.0,0.0,0.0,0.0,0.0,0.0,0.0,0.0,0.0,0.0,0.0,1.5416098226466552,18.649386084583906,9.672578444747614,0.13642564802182813,0.0,0.0,0.0,0.0,0.0,0.0,0.0,0.0,0.0,0.0,0.0,0.0,0.0,0.0,0.0,0.425,0.01662,0.0,0.0,0.0,0.0,0.0,0.0,0.0,0.0,0.0,0.0,0.0,2.132495164410055,18.568665377176018,9.05222437137331,0.24661508704061902,0.0,0.0,0.0,0.0,0.0,0.0,0.0,0.0,0.0,0.0,0.0,0.0,0.0,0.0,0.0
62300,4191,2075,0.4951085659747077,976,891,0.44547840610832734,1225,0.5845860176568838,0.43799999999999994,2.870037807183365,3.0270722718847227,6.378109452736318,2.1701239331431883,6649.800000000002,1.8189894035458565e-12,6649.8,6649.8,6649.800000000002,1.8189894035458565e-12,6649.800000000002,1.8189894035458565e-12,28.48651873061322,20.872515223283212,33.095518207282915,19.171059744684495,0.13075638272488666,0.09568122166547363,0.09591982820329277,0.08565974707706991,0.08112622285850632,0.07611548556430446,0.07205917442137914,0.06346933905989025,0.05917442137914579,0.048198520639465524,0.047959914101646385,0.04461942257217848,0.03602958721068957,0.027439751849200666,0.018611309949892626,0.010975900739680267,0.006203769983297542,0.8510943927676147,0.034522908585665715,0.0,0.0,0.0,0.0,0.0,0.0,0.0,0.0,0.0,0.0,0.0,0.0,0.0,0.0,0.0,0.0,0.0,0.0,0.0,0.0,0.0,0.09305654974946316,0.3650680028632785,1.4244810307802391,6.148890479599142,12.863278453829638,6.972083035075163,1.7036506800286333,0.4080171796707231,0.021474588403722267,4.30241935483871,2.8343504606556578,4.466666666666667,3.2427697352040825,1.038175570134333,4.334517045454546,2.824085037821244,4.269865067466267,2.850714497316682,0.985084387185401,0.4268,0.01636,0.0,0.0,0.0,0.0,0.0,0.0,0.0,0.0,0.0,0.0,0.007158196134574089,1.4674302075876857,18.01717967072298,10.343593414459558,0.16463851109520403,0.0,0.0,0.0,0.0,0.0,0.0,0.0,0.0,0.0,0.0,0.0,0.0,0.0,0.0,0.0,nan,nan,4.303317535545023,2.83676965096794,nan,0.4268,0.0883,0.0,0.0,0.0,0.0,0.0,0.0,0.0,0.0,0.0,0.0,0.0,0.0,0.0,0.0,0.0,0.0,0.0,0.0,0.0,0.0,0.0,0.0,0.00033404915294679076,0.0,0.004163684084943928,0.0007754712479121927,0.00513004056311143,0.006645192078262944,0.012741589119541876,0.01735862562634216,0.026879026485325697,0.026807444523979956,0.07060367454068242,0.047816750178954905,0.03648293963254593,0.020484371271772845,0.020532092579336674,0.017120019088523026,0.0613815318539728,0.025053686471009307,0.024111190646623717,0.03437127177284657,0.03848723455022668,0.03515867334764972,0.013684084943927463,0.016666666666666666,0.05255308995466476,0.06142925316153663,0.03517060367454068,0.02993319016941064,0.05660940109759007,0.04143402529229301,0.03596993557623479,0.04093295156287282,0.02092579336673825,0.02350274397518492,0.0031615366261035552,0.0020281555714626582,0.00082319255547602,0.0020758768790264852,5.965163445478406e-05,0.0009663564781675018,0.0013242662848962062,0.0023264137437365782,0.00947267955141971,0.004068241469816273,0.006394655213552852,0.002541159627773801,0.00027439751849200666,0.003233118587449296,0.0,0.0,0.0,0.0,0.0,0.0,0.0,0.0,0.0,0.0,0.0,0.0,0.0,0.0,0.0,0.0,0.0,0.0,0.0,0.0,0.0,0.0,0.0,0.0,0.0,0.0,0.0,0.0,0.0,0.0,0.0,nan,nan,4.303317535545023,2.83676965096794,nan,0.8510077691365437,0.034700816055869374,0.0,0.0,0.0,0.0,0.0,0.0,0.0,0.0,0.0,0.0,0.0,0.0,0.0,0.0,0.0,0.0,0.0,0.0,0.0,0.0,0.0,0.10120481927710846,0.40481927710843385,1.460240963855417,6.000000000000002,12.954216867469883,6.954216867469881,1.7204819277108439,0.40481927710843385,0.0,0.85117933796349,0.034347341255276546,0.0,0.0,0.0,0.0,0.0,0.0,0.0,0.0,0.0,0.0,0.0,0.0,0.0,0.0,0.0,0.0,0.0,0.0,0.0,0.0,0.0,0.08506616257088848,0.3260869565217392,1.3894139886578407,6.294896030245749,12.774102079395089,6.989603024574671,1.687145557655955,0.4111531190926277,0.04253308128544424,0.4265,0.01628,0.0,0.0,0.0,0.0,0.0,0.0,0.0,0.0,0.0,0.0,0.014457831325301209,1.3879518072289136,18.33253012048193,10.091566265060242,0.17349397590361448,0.0,0.0,0.0,0.0,0.0,0.0,0.0,0.0,0.0,0.0,0.0,0.0,0.0,0.0,0.0,0.4272,0.01642,0.0,0.0,0.0,0.0,0.0,0.0,0.0,0.0,0.0,0.0,0.0,1.545368620037805,17.70793950850662,10.590737240075615,0.1559546313799622,0.0,0.0,0.0,0.0,0.0,0.0,0.0,0.0,0.0,0.0,0.0,0.0,0.0,0.0,0.0
62400,4126,2129,0.5159961221522055,985,857,0.44643722733882696,1190,0.5768298594280175,0.45399999999999996,3.0445668502754133,3.0219555089063537,6.473321858864027,1.926728603948761,6649.800000000002,1.8189894035458565e-12,6649.8,6649.8,6649.800000000001,9.094947017729282e-13,6649.800000000002,1.8189894035458565e-12,27.98061076102763,21.0091181694542,33.136548518303314,19.186035485213193,0.1434803683955405,0.09985458070770722,0.09088705768298594,0.0821619001454193,0.07998061076102762,0.07852641783809985,0.07198254968492487,0.06253029568589433,0.055501696558410085,0.05210857973824527,0.046291808046534176,0.03562772661173049,0.03514299563742123,0.031022782355792537,0.018419777023751818,0.010179350460494426,0.006301502666020358,0.8480659552384394,0.034871490434677334,0.0,0.0,0.0,0.0,0.0,0.0,0.0,0.0,0.0,0.0,0.0,0.0,0.0,0.0,0.0,0.0,0.0,0.0,0.0,0.0,0.0,0.06543868153174989,0.3344643722733883,1.8468250121182685,7.089190499272905,12.782355792535146,5.998545807077074,1.4396509936984976,0.23994183228308294,0.20358700920988856,4.418552036199095,2.83996256055101,4.529411764705882,2.8308728036508155,1.025089605734767,4.409260642270351,2.8494362436583,4.429323308270677,2.830268245075153,1.0045501202192473,0.4265,0.01625,0.0,0.0,0.0,0.0,0.0,0.0,0.0,0.0,0.0,0.0,0.0,1.512360639844884,18.18468250121183,10.106640814348038,0.19631604459524968,0.0,0.0,0.0,0.0,0.0,0.0,0.0,0.0,0.0,0.0,0.0,0.0,0.0,0.0,0.0,nan,nan,4.41925814911952,2.8399184503206794,nan,0.4265,0.0883,0.0,0.0,0.0,0.0,0.0,0.0,0.0,0.0,0.0,0.0,0.0,0.0,0.0,0.0,0.0,0.0,0.0,0.0,0.0,0.0,0.0,0.0,0.000290838584585555,0.0,0.003926320891904993,0.0008603974793989336,0.004847309743092583,0.006543868153174988,0.011742607852641784,0.01686863790596219,0.02558167716917111,0.02899903053805138,0.07233397964129908,0.04743092583616093,0.036512360639844886,0.021812893843916627,0.022733882695104218,0.01799563742123122,0.06282113427047989,0.02606640814348037,0.024139602520601065,0.033991759573436746,0.03670625302956859,0.03294958797867184,0.013463402811439651,0.014650993698497334,0.05081192438196801,0.061621425109064466,0.0381362094037809,0.0278114396509937,0.055513814832767815,0.03991759573436743,0.03305865244789142,0.044558894813378574,0.023570043625787688,0.024054774600096945,0.002956858943286476,0.002350945225399903,0.0012118274357731458,0.001793504604944256,1.211827435773146e-05,0.0010664081434803685,0.000739214735821619,0.002508482792050412,0.008373727581192439,0.003938439166262724,0.0065923412506059135,0.0022782355792535145,0.00013330101793504606,0.003720310227823558,0.0,0.0,0.0,0.0,0.0,0.0,0.0,0.0,0.0,0.0,0.0,0.0,0.0,0.0,0.0,0.0,0.0,0.0,0.0,0.0,0.0,0.0,0.0,0.0,0.0,0.0,0.0,0.0,0.0,0.0,0.0,nan,nan,4.41925814911952,2.8399184503206794,nan,0.8474061890295718,0.03464490458150659,0.0,0.0,0.0,0.0,0.0,0.0,0.0,0.0,0.0,0.0,0.0,0.0,0.0,0.0,0.0,0.0,0.0,0.0,0.0,0.0,0.0,0.07045561296383279,0.45091592296852995,1.7050258337247481,7.116016909347113,12.963832785345236,5.974635979333022,1.3668388914983562,0.15500234852043215,0.19727571629873186,0.8487693314320693,0.035097786698312934,0.0,0.0,0.0,0.0,0.0,0.0,0.0,0.0,0.0,0.0,0.0,0.0,0.0,0.0,0.0,0.0,0.0,0.0,0.0,0.0,0.0,0.06009013520280422,0.21031547320981478,1.9979969954932337,7.060590886329496,12.588883324987485,6.024036054081122,1.5172759138708065,0.33049574361542317,0.21031547320981478,0.4263,0.01651,0.0,0.0,0.0,0.0,0.0,0.0,0.0,0.0,0.0,0.0,0.0,1.6063879755753852,18.332550493189295,9.835603569751058,0.22545796148426497,0.0,0.0,0.0,0.0,0.0,0.0,0.0,0.0,0.0,0.0,0.0,0.0,0.0,0.0,0.0,0.4268,0.01596,0.0,0.0,0.0,0.0,0.0,0.0,0.0,0.0,0.0,0.0,0.0,1.4121181772658968,18.027040560841264,10.39559339008513,0.16524787180771158,0.0,0.0,0.0,0.0,0.0,0.0,0.0,0.0,0.0,0.0,0.0,0.0,0.0,0.0,0.0
62500,3989,2002,0.5018801704687892,922,820,0.4367009275507646,1120,0.5615442466783656,0.486,3.027176648213387,3.20531551325373,6.892665474060823,2.1448277547147514,6649.800000000002,1.8189894035458565e-12,6649.8,6649.8,6649.800000000002,1.8189894035458565e-12,6649.800000000002,1.8189894035458565e-12,27.155427425419905,20.801510559653096,32.31117824773414,19.096301396095626,0.14815743294058661,0.1105540235648032,0.08698922035597895,0.09100025068939584,0.08598646277262471,0.06718475808473301,0.06317372775131612,0.06267234895963901,0.06141890198044623,0.052644773126096764,0.047380295813487086,0.04111306091752319,0.02456756079217849,0.022812735021308598,0.014289295562797694,0.01203309100025069,0.008022060666833792,0.8465799290932459,0.033058432353309186,0.0,0.0,0.0,0.0,0.0,0.0,0.0,0.0,0.0,0.0,0.0,0.0,0.0,0.0,0.0,0.0,0.0,0.0,0.0,0.0,0.0,0.07520681875156682,0.2632238656304839,1.8049636500375976,7.573326648282779,12.980696916520435,5.843569816996742,1.113060917523189,0.2707445475056406,0.07520681875156682,4.380495603517186,2.8861814287374563,4.571428571428571,3.4582052676886295,1.043587069864442,4.368167202572347,2.872614265442544,4.394654088050315,2.9062775863029344,1.006063615298968,0.428,0.01694,0.0,0.0,0.0,0.0,0.0,0.0,0.0,0.0,0.0,0.0,0.0,1.413888192529454,17.538230132865383,10.656806217097019,0.39107545750814754,0.0,0.0,0.0,0.0,0.0,0.0,0.0,0.0,0.0,0.0,0.0,0.0,0.0,0.0,0.0,nan,nan,4.381558028616852,2.8897125995503306,nan,0.428,0.08826,0.0,0.0,0.0,0.0,0.0,0.0,0.0,0.0,0.0,0.0,0.0,0.0,0.0,0.0,0.0,0.0,0.0,0.0,0.0,0.0,0.0,0.0,0.00026322386563048383,0.0,0.003785409877162196,0.000952619704186513,0.004587615943845575,0.005878666332414139,0.01242165956380045,0.018087239909751817,0.024968663825520182,0.028139884682877914,0.06945349711707195,0.04356981699674104,0.03634996239659062,0.0213712709952369,0.02422913010779644,0.018337929305590375,0.05803459513662572,0.02548257708698922,0.02399097518174981,0.036475307094509905,0.03820506392579594,0.03631235898721484,0.013236400100275759,0.015379794434695412,0.05195537728754074,0.06091752318876911,0.03928302832790173,0.028139884682877914,0.0532464276761093,0.03846828779142642,0.033905740787164705,0.0448608673853096,0.02508147405364753,0.026134369516169466,0.0028829280521433945,0.002268739032338932,0.0007646026573075959,0.0020556530458761594,0.0,0.0009150162948107295,0.000564051140636751,0.0034971170719478566,0.007783905740787165,0.004299323138631236,0.008059664076209576,0.0021809977437954376,0.00016294810729506143,0.0030584106292303836,0.0,0.0,0.0,0.0,0.0,0.0,0.0,0.0,0.0,0.0,0.0,0.0,0.0,0.0,0.0,0.0,0.0,0.0,0.0,0.0,0.0,0.0,0.0,0.0,0.0,0.0,0.0,0.0,0.0,0.0,0.0,nan,nan,4.381558028616852,2.8897125995503306,nan,0.8473311578119909,0.033399786749299304,0.0,0.0,0.0,0.0,0.0,0.0,0.0,0.0,0.0,0.0,0.0,0.0,0.0,0.0,0.0,0.0,0.0,0.0,0.0,0.0,0.0,0.07492507492507494,0.20979020979020985,1.7982017982017926,7.507492507492509,12.992007992007995,5.784215784215785,1.198801198801199,0.3296703296703297,0.10489510489510492,0.8458230292971073,0.03269344560526774,0.0,0.0,0.0,0.0,0.0,0.0,0.0,0.0,0.0,0.0,0.0,0.0,0.0,0.0,0.0,0.0,0.0,0.0,0.0,0.0,0.0,0.07549068948163061,0.3170608958228486,1.8117765475591288,7.639657775541019,12.969300452944141,5.903371917463514,1.0266733769501764,0.21137393054856574,0.045294413688978366,0.428,0.01709,0.0,0.0,0.0,0.0,0.0,0.0,0.0,0.0,0.0,0.0,0.0,1.4535464535464515,17.637362637362642,10.564435564435566,0.3446553446553447,0.0,0.0,0.0,0.0,0.0,0.0,0.0,0.0,0.0,0.0,0.0,0.0,0.0,0.0,0.0,0.428,0.01678,0.0,0.0,0.0,0.0,0.0,0.0,0.0,0.0,0.0,0.0,0.0,1.3739305485656748,17.438349270256673,10.749874182184199,0.4378459989934576,0.0,0.0,0.0,0.0,0.0,0.0,0.0,0.0,0.0,0.0,0.0,0.0,0.0,0.0,0.0
62600,4329,2214,0.5114345114345115,1049,898,0.44975744975744975,1237,0.5714945714945715,0.45399999999999996,3.0184397163120567,3.079734787257022,6.697986577181208,1.9880674167419736,6649.800000000002,1.8189894035458565e-12,6649.8,6649.8,6649.800000000001,9.094947017729282e-13,6649.800000000002,1.8189894035458565e-12,27.983136983136983,20.8764184778854,33.01157981803143,19.06964521240652,0.14298914298914298,0.0990990990990991,0.08893508893508893,0.08385308385308385,0.0826980826980827,0.07715407715407716,0.0656040656040656,0.06722106722106722,0.05682605682605683,0.052437052437052434,0.04504504504504504,0.0462000462000462,0.03372603372603373,0.024255024255024255,0.017325017325017324,0.009702009702009701,0.00693000693000693,0.8467411177900213,0.03322869521548975,0.0,0.0,0.0,0.0,0.0,0.0,0.0,0.0,0.0,0.0,0.0,0.0,0.0,0.0,0.0,0.0,0.0,0.0,0.0,0.0,0.0,0.04158004158004159,0.2841302841302842,1.7602217602217547,7.879417879417881,12.640332640332643,5.8419958419958435,1.205821205821206,0.2425502425502426,0.10395010395010397,4.4043165467625895,2.875569896687159,2.9166666666666665,2.8999521068842196,0.662229119024284,4.456165359942979,2.9372207918002475,4.335734870317003,2.812532106820552,0.9729744118769603,0.428,0.01682,0.0,0.0,0.0,0.0,0.0,0.0,0.0,0.0,0.0,0.0,0.0,1.392931392931391,17.45668745668746,10.810810810810812,0.3395703395703396,0.0,0.0,0.0,0.0,0.0,0.0,0.0,0.0,0.0,0.0,0.0,0.0,0.0,0.0,0.0,nan,nan,4.397922636103152,2.8773214093288506,nan,0.428,0.08813,0.0,0.0,0.0,0.0,0.0,0.0,0.0,0.0,0.0,0.0,0.0,0.0,0.0,0.0,0.0,0.0,0.0,0.0,0.0,0.0,0.0,0.0,0.0001386001386001386,2.31000231000231e-05,0.0042966042966042966,0.0008778008778008778,0.006237006237006237,0.005393855393855394,0.012474012474012475,0.018791868791868793,0.023354123354123353,0.028216678216678216,0.06901131901131902,0.04306999306999307,0.035227535227535224,0.019658119658119658,0.024255024255024255,0.01745206745206745,0.05683760683760684,0.025375375375375375,0.02435897435897436,0.039651189651189654,0.04108339108339108,0.03476553476553477,0.013374913374913375,0.014345114345114346,0.052402402402402404,0.061168861168861166,0.04248094248094248,0.026726726726726727,0.0533033033033033,0.03886578886578886,0.03371448371448371,0.04417879417879418,0.024474474474474473,0.026276276276276277,0.003314853314853315,0.0021483021483021483,0.0009586509586509587,0.002102102102102102,0.0,0.0011203511203511202,0.00045045045045045046,0.0033495033495033496,0.006468006468006468,0.0038115038115038116,0.008292908292908293,0.002772002772002772,0.0001155001155001155,0.003234003234003234,0.0,0.0,0.0,0.0,0.0,0.0,0.0,0.0,0.0,0.0,0.0,0.0,0.0,0.0,0.0,0.0,0.0,0.0,0.0,0.0,0.0,0.0,0.0,0.0,0.0,0.0,0.0,0.0,0.0,0.0,0.0,nan,nan,4.397922636103152,2.8773214093288506,nan,0.8469596444322057,0.03306422333873656,0.0,0.0,0.0,0.0,0.0,0.0,0.0,0.0,0.0,0.0,0.0,0.0,0.0,0.0,0.0,0.0,0.0,0.0,0.0,0.0,0.0,0.054200542005420065,0.28455284552845533,1.6124661246612417,8.075880758807589,12.50677506775068,5.8807588075880775,1.2466124661246614,0.2439024390243903,0.09485094850948513,0.8465123622411813,0.03339846637759379,0.0,0.0,0.0,0.0,0.0,0.0,0.0,0.0,0.0,0.0,0.0,0.0,0.0,0.0,0.0,0.0,0.0,0.0,0.0,0.0,0.0,0.02836879432624114,0.2836879432624114,1.9148936170212705,7.673758865248229,12.780141843971634,5.801418439716313,1.1631205673758866,0.2411347517730497,0.11347517730496456,0.4275,0.01665,0.0,0.0,0.0,0.0,0.0,0.0,0.0,0.0,0.0,0.0,0.0,1.4634146341463394,17.8319783197832,10.406504065040652,0.29810298102981037,0.0,0.0,0.0,0.0,0.0,0.0,0.0,0.0,0.0,0.0,0.0,0.0,0.0,0.0,0.0,0.4285,0.01698,0.0,0.0,0.0,0.0,0.0,0.0,0.0,0.0,0.0,0.0,0.0,1.319148936170211,17.063829787234045,11.234042553191491,0.38297872340425543,0.0,0.0,0.0,0.0,0.0,0.0,0.0,0.0,0.0,0.0,0.0,0.0,0.0,0.0,0.0
62700,4287,2173,0.5068812689526475,1025,874,0.4429671098670399,1197,0.5584324702589223,0.47,3.0605487228003785,3.133595068405439,6.694581280788177,1.9881389331355248,6649.800000000001,9.094947017729282e-13,6649.8,6649.8,6649.800000000001,9.094947017729282e-13,6649.800000000001,9.094947017729282e-13,27.83718217867973,20.890287085369323,32.8124652198108,19.152244228172247,0.1404245393048752,0.10310240261254956,0.09307207837648705,0.0867739678096571,0.08257522743177047,0.07137858642407278,0.06834616281782133,0.059015628644739915,0.061814788896664336,0.053417308140891066,0.04432003732213669,0.04012129694425006,0.03382318637742011,0.026592022393282014,0.018661068346162817,0.010263587590389549,0.006298110566829951,0.8468315046735095,0.03339220438508967,0.0,0.0,0.0,0.0,0.0,0.0,0.0,0.0,0.0,0.0,0.0,0.0,0.0,0.0,0.0,0.0,0.0,0.0,0.0,0.0,0.03498950314905529,0.03498950314905529,0.3498950314905529,1.602519244226727,7.578726382085376,13.058082575227434,5.878236529041289,1.0986703988803361,0.2589223233030091,0.10496850944716588,4.4187155963302756,2.8785346364182427,5.052631578947368,3.017033820624529,1.143461593940003,4.498535871156662,2.9382987617465557,4.34713144517066,2.8196930627637187,0.9663436214976602,0.429,0.01657,0.0,0.0,0.0,0.0,0.0,0.0,0.0,0.0,0.0,0.0,0.0,1.189643107067878,17.109867039888037,11.301609517144858,0.39888033589923033,0.0,0.0,0.0,0.0,0.0,0.0,0.0,0.0,0.0,0.0,0.0,0.0,0.0,0.0,0.0,nan,nan,4.423104956268221,2.8799963016363392,nan,0.429,0.0882,0.0,0.0,0.0,0.0,0.0,0.0,0.0,0.0,0.0,0.0,0.0,0.0,0.0,0.0,0.0,0.0,0.0,0.0,0.0,0.0,0.0,0.0,0.00031490552834149754,1.166316771635176e-05,0.005038488453463961,0.0005015162118031257,0.005819920690459529,0.005038488453463961,0.012747842313972475,0.020247259155586658,0.02422439934686261,0.02675530674131094,0.06501049685094472,0.042465593655236764,0.035479356193142055,0.016328434802892467,0.025542337298810357,0.016375087473757873,0.05790762771168649,0.025670632143690225,0.023524609283881504,0.03916491719150921,0.044285047818987636,0.03303009097270819,0.014287380452530907,0.013844180079309541,0.0526358759038955,0.05920223932820154,0.04443666899930021,0.026941917424772567,0.05211103335665967,0.04002799160251924,0.037182178679729415,0.04383018427804992,0.024667599720083973,0.026592022393282014,0.003522276650338232,0.002344296710986704,0.0010380219267553067,0.0018194541637508747,3.4989503149055284e-05,0.0011429904362024726,0.000583158385817588,0.004035456029857709,0.005388383484954513,0.004012129694425006,0.008350828084907861,0.003172381618847679,0.0002099370188943317,0.0031024026125495686,0.0,0.0,0.0,0.0,0.0,0.0,0.0,0.0,0.0,0.0,0.0,0.0,0.0,0.0,0.0,0.0,0.0,0.0,0.0,0.0,0.0,0.0,0.0,0.0,0.0,0.0,0.0,0.0,0.0,0.0,0.0,nan,nan,4.423104956268221,2.8799963016363392,nan,0.8464646178678713,0.034057247420539276,0.0,0.0,0.0,0.0,0.0,0.0,0.0,0.0,0.0,0.0,0.0,0.0,0.0,0.0,0.0,0.0,0.0,0.0,0.0,0.0,0.05522319374137139,0.04141739530602854,0.3037275655775426,1.7671421997238785,7.537965945697194,12.853198343304191,5.96410492406811,1.0630464795213992,0.28992176714219975,0.12425218591808562,0.8472086309879144,0.03269021294768027,0.0,0.0,0.0,0.0,0.0,0.0,0.0,0.0,0.0,0.0,0.0,0.0,0.0,0.0,0.0,0.0,0.0,0.0,0.0,0.0,0.014191106906338697,0.028382213812677394,0.39735099337748353,1.4333017975402036,7.620624408703881,13.268684957426682,5.789971617786188,1.1352885525070957,0.22705771050141915,0.08514664143803218,0.4294,0.0163,0.0,0.0,0.0,0.0,0.0,0.0,0.0,0.0,0.0,0.0,0.0,1.0630464795213974,16.92590888173033,11.665899677864706,0.34514496088357116,0.0,0.0,0.0,0.0,0.0,0.0,0.0,0.0,0.0,0.0,0.0,0.0,0.0,0.0,0.0,0.4285,0.01686,0.0,0.0,0.0,0.0,0.0,0.0,0.0,0.0,0.0,0.0,0.0,1.3197729422894966,17.29895931882687,10.927152317880797,0.4541154210028383,0.0,0.0,0.0,0.0,0.0,0.0,0.0,0.0,0.0,0.0,0.0,0.0,0.0,0.0,0.0
62800,4353,2226,0.5113714679531358,1018,902,0.4410751206064783,1222,0.5614518722719963,0.47,2.8909261871180068,3.033018025487098,6.5638297872340425,2.1274556639876865,6649.800000000001,9.094947017729282e-13,6649.8,6649.8,6649.800000000001,9.094947017729282e-13,6649.800000000001,9.094947017729282e-13,27.428899609464736,20.816893091993233,32.519029233314946,19.090613223074108,0.14495750057431656,0.10682288077188146,0.09349873650356076,0.07856650585802895,0.08476912474155755,0.07764759935676545,0.06822880771881461,0.05972892258212727,0.05812083620491615,0.05031013094417643,0.0461750516884907,0.04295887893406846,0.030323914541695383,0.02297266253158741,0.018837583275901678,0.00895933838731909,0.007121525384792098,0.8486235327291237,0.03343411729420703,0.0,0.0,0.0,0.0,0.0,0.0,0.0,0.0,0.0,0.0,0.0,0.0,0.0,0.0,0.0,0.0,0.0,0.0,0.0,0.0,0.0,0.01378359751895245,0.27567195037904896,1.4541695382494786,7.829083390764992,12.425913163335634,6.175051688490698,1.4197105444521023,0.3170227429359063,0.08959338387319093,4.334542815674891,2.851269134319587,2.7142857142857144,1.6659862556700857,0.6261988471933224,4.3538461538461535,2.878503415040061,4.308518253400143,2.822603903081288,0.9895889981307749,0.4287,0.01677,0.0,0.0,0.0,0.0,0.0,0.0,0.0,0.0,0.0,0.0,0.006891798759476225,1.226740179186766,16.843556168159893,11.543762922122678,0.37215713301171616,0.006891798759476225,0.0,0.0,0.0,0.0,0.0,0.0,0.0,0.0,0.0,0.0,0.0,0.0,0.0,0.0,nan,nan,4.330437929786464,2.8500535054190372,nan,0.4287,0.0878,0.0,0.0,0.0,0.0,0.0,0.0,0.0,0.0,0.0,0.0,0.0,0.0,0.0,0.0,0.0,0.0,0.0,0.0,0.0,0.0,0.0,0.0,0.00033310360670801744,1.1486331265793706e-05,0.006363427521249713,0.00033310360670801744,0.007764759935676545,0.006007351252010108,0.01289915001148633,0.01959568113944406,0.022777394900068918,0.02625775327360441,0.06309441764300483,0.04344130484723179,0.031564438318401104,0.01620721341603492,0.02622329427980703,0.015495060877555708,0.05891339306225592,0.028279347576384103,0.023386170457155984,0.039604870204456695,0.04432575235469791,0.032850907420169995,0.013967378819205145,0.01211807948541236,0.05222834826556398,0.0593039283252929,0.04483115093039283,0.02513209280955663,0.05210199862164025,0.04171835515736274,0.04136227888812313,0.043418332184700204,0.02399494601424305,0.02598208132322536,0.004376292212267402,0.003434413048472318,0.0012749827705031012,0.0020445669653112795,0.0,0.001056742476453021,0.0008270158511371468,0.0034573857110039054,0.005168849069607168,0.0034918447048012864,0.007580978635423846,0.002814151160119458,2.2972662531587412e-05,0.002561451872271996,0.0,0.0,0.0,0.0,0.0,0.0,0.0,0.0,0.0,0.0,0.0,0.0,0.0,0.0,0.0,0.0,0.0,0.0,0.0,0.0,0.0,0.0,0.0,0.0,0.0,0.0,0.0,0.0,0.0,0.0,0.0,nan,nan,4.330437929786464,2.8500535054190372,nan,0.8495868704443243,0.03411423285136484,0.0,0.0,0.0,0.0,0.0,0.0,0.0,0.0,0.0,0.0,0.0,0.0,0.0,0.0,0.0,0.0,0.0,0.0,0.0,0.0,0.0,0.013477088948787064,0.20215633423180598,1.5229110512129334,7.493261455525608,12.654986522911054,6.159029649595689,1.428571428571429,0.40431266846361197,0.12129380053908358,0.8476153570102536,0.03267680523842785,0.0,0.0,0.0,0.0,0.0,0.0,0.0,0.0,0.0,0.0,0.0,0.0,0.0,0.0,0.0,0.0,0.0,0.0,0.0,0.0,0.0,0.014104372355430187,0.35260930888575465,1.3822284908321536,8.180535966149508,12.186177715091683,6.191819464033852,1.4104372355430186,0.225669957686883,0.05641748942172075,0.4285,0.01666,0.0,0.0,0.0,0.0,0.0,0.0,0.0,0.0,0.0,0.0,0.0,1.1994609164420469,16.981132075471702,11.48247978436658,0.3234501347708895,0.013477088948787064,0.0,0.0,0.0,0.0,0.0,0.0,0.0,0.0,0.0,0.0,0.0,0.0,0.0,0.0,0.429,0.01688,0.0,0.0,0.0,0.0,0.0,0.0,0.0,0.0,0.0,0.0,0.014104372355430187,1.2552891396332846,16.69957686882934,11.607898448519045,0.4231311706629056,0.0,0.0,0.0,0.0,0.0,0.0,0.0,0.0,0.0,0.0,0.0,0.0,0.0,0.0,0.0
62900,4401,2197,0.49920472619859124,1060,925,0.45103385594183143,1246,0.5662349466030447,0.45799999999999996,2.9006352087114338,3.0752243887488913,6.665529010238908,2.0532350591694986,6649.800000000001,9.094947017729282e-13,6649.8,6649.8,6649.800000000001,9.094947017729282e-13,6649.800000000001,9.094947017729282e-13,27.469893206089527,20.66390827981137,32.44513851167844,18.92749981681192,0.14269484208134514,0.09929561463303795,0.0952056350829357,0.08929788684389911,0.08111792774369461,0.07589184276300841,0.06680299931833675,0.06952965235173825,0.054533060668029994,0.05248807089297887,0.04703476482617587,0.038400363553737785,0.028857077936832537,0.024539877300613498,0.016132697114292206,0.012042717564189957,0.006134969325153374,0.8488074018721742,0.03313327386778998,0.0,0.0,0.0,0.0,0.0,0.0,0.0,0.0,0.0,0.0,0.0,0.0,0.0,0.0,0.0,0.0,0.0,0.0,0.0,0.0,0.006816632583503751,0.006816632583503751,0.2590320381731425,1.6087252897068798,7.055214723926382,13.346966598500345,6.100886162235857,1.1656441717791413,0.2794819359236538,0.17041581458759375,4.330717088833393,2.8421691591649503,3.25,2.277608394786075,0.7504530850976192,4.37117903930131,2.8485163903123274,4.286012526096034,2.8337670696429362,0.9805163521238678,0.429,0.01697,0.0,0.0,0.0,0.0,0.0,0.0,0.0,0.0,0.0,0.0,0.006816632583503751,1.2338104976141768,16.912065439672805,11.383776414451264,0.46353101567825505,0.0,0.0,0.0,0.0,0.0,0.0,0.0,0.0,0.0,0.0,0.0,0.0,0.0,0.0,0.0,nan,nan,4.327641408751334,2.841304976144508,nan,0.429,0.0875,0.0,0.0,0.0,0.0,0.0,0.0,0.0,0.0,0.0,0.0,0.0,0.0,0.0,0.0,0.0,0.0,0.0,0.0,0.0,0.0,0.0,0.0,0.0001817768688934333,0.0,0.006998409452397183,0.00020449897750511248,0.006555328334469439,0.006634855714610316,0.012519881845035219,0.019222903885480574,0.022506248579868212,0.02686889343331061,0.06250852079072938,0.04374005907748239,0.031311065666893886,0.015303340149965917,0.025857759600090888,0.01496250852079073,0.0602476709838673,0.02800499886389457,0.022756191774596684,0.039206998409452395,0.046296296296296294,0.033321972279027494,0.01411042944785276,0.013281072483526472,0.05302204044535333,0.05930470347648262,0.04179731879118382,0.025630538513974097,0.05167007498295842,0.04235401045216996,0.04293342422176778,0.04151329243353783,0.023801408770733924,0.026812088161781412,0.00515791865485117,0.004055896387184731,0.001522381276982504,0.0021586003181095206,1.1361054305839582e-05,0.0005112474437627812,0.0009202453987730061,0.003567371052033629,0.005271529197909566,0.004169506930243126,0.006668938877527834,0.0026698477618723017,0.0,0.001874573960463531,0.0,0.0,0.0,0.0,0.0,0.0,0.0,0.0,0.0,0.0,0.0,0.0,0.0,0.0,0.0,0.0,0.0,0.0,0.0,0.0,0.0,0.0,0.0,0.0,0.0,0.0,0.0,0.0,0.0,0.0,0.0,nan,nan,4.327641408751334,2.841304976144508,nan,0.8488246352226559,0.03298699381625311,0.0,0.0,0.0,0.0,0.0,0.0,0.0,0.0,0.0,0.0,0.0,0.0,0.0,0.0,0.0,0.0,0.0,0.0,0.0,0.0,0.013654984069185257,0.0,0.23213472917614936,1.5566681838871141,7.237141556668186,13.35457441966318,6.008192990441513,1.1879836140191171,0.20482476103777883,0.20482476103777883,0.8487902232555642,0.03327844051750699,0.0,0.0,0.0,0.0,0.0,0.0,0.0,0.0,0.0,0.0,0.0,0.0,0.0,0.0,0.0,0.0,0.0,0.0,0.0,0.0,0.0,0.013611615245009078,0.2858439201451906,1.6606170598911019,6.873865698729584,13.339382940108896,6.193284936479131,1.1433756805807624,0.35390199637023606,0.13611615245009076,0.4285,0.01701,0.0,0.0,0.0,0.0,0.0,0.0,0.0,0.0,0.0,0.0,0.0,1.3245334547109677,17.000455166135644,11.265361857077837,0.40964952207555766,0.0,0.0,0.0,0.0,0.0,0.0,0.0,0.0,0.0,0.0,0.0,0.0,0.0,0.0,0.0,0.4292,0.01692,0.0,0.0,0.0,0.0,0.0,0.0,0.0,0.0,0.0,0.0,0.013611615245009078,1.1433756805807607,16.823956442831218,11.50181488203267,0.517241379310345,0.0,0.0,0.0,0.0,0.0,0.0,0.0,0.0,0.0,0.0,0.0,0.0,0.0,0.0,0.0
63000,4476,2260,0.5049151027703307,1023,1012,0.45464700625558535,1273,0.5688114387846291,0.46599999999999997,2.9092960288808665,3.060223478027641,6.63265306122449,2.0473365230995024,6649.800000000001,9.094947017729282e-13,6649.8,6649.8,6649.800000000002,1.8189894035458565e-12,6649.800000000001,9.094947017729282e-13,27.50022341376229,20.83808703465266,32.538255751738895,19.115353622026056,0.14410187667560323,0.0980786416443253,0.0985254691689008,0.08936550491510277,0.08333333333333333,0.07350312779267203,0.06478999106344951,0.06523681858802502,0.0565236818588025,0.053842716711349416,0.040437890974084005,0.03842716711349419,0.03485254691689008,0.023681858802502235,0.01675603217158177,0.010053619302949061,0.008489722966934763,0.8488865011339213,0.03361661150998505,0.0,0.0,0.0,0.0,0.0,0.0,0.0,0.0,0.0,0.0,0.0,0.0,0.0,0.0,0.0,0.0,0.0,0.0,0.0,0.0,0.00670241286863271,0.0670241286863271,0.3016085790884719,1.5348525469168854,7.171581769436999,12.868632707774802,6.286863270777482,1.4812332439678288,0.19436997319034857,0.08713136729222523,4.352859135285914,2.872397042221481,4.538461538461538,2.0981817995362855,1.0426391935523625,4.390723822909346,2.839184401121493,4.3175582990397805,2.898129867123101,0.9833363411545467,0.4292,0.01695,0.0,0.0,0.0,0.0,0.0,0.0,0.0,0.0,0.0,0.0,0.0,1.2265415549597838,16.67560321715818,11.689008042895445,0.4088471849865953,0.0,0.0,0.0,0.0,0.0,0.0,0.0,0.0,0.0,0.0,0.0,0.0,0.0,0.0,0.0,nan,nan,4.353696633113502,2.8693997192180896,nan,0.4292,0.0877,0.0,0.0,0.0,0.0,0.0,0.0,0.0,0.0,0.0,0.0,0.0,0.0,0.0,0.0,0.0,0.0,0.0,0.0,0.0,0.0,0.0,0.0,0.0001899016979445934,0.0,0.007272117962466488,0.0002457551385165326,0.0070375335120643435,0.006624218051831993,0.012957998212689902,0.017616175156389635,0.020743967828418232,0.028563449508489724,0.062421805183199286,0.04433646112600536,0.03281948168007149,0.014164432529043789,0.025971849865951743,0.01524798927613941,0.059629133154602325,0.02687667560321716,0.02209562109025916,0.03966711349419124,0.04642537980339589,0.033109919571045573,0.014220285969615729,0.014142091152815013,0.05465817694369973,0.058735478105451294,0.04267202859696157,0.022765862377122432,0.04968722073279714,0.04242627345844504,0.04162198391420911,0.04346514745308311,0.02526809651474531,0.02589365504915103,0.005942806076854335,0.004557640750670241,0.0013628239499553173,0.0027926720285969616,0.0001228775692582663,0.0006478999106344951,0.0008601429848078642,0.0030160857908847183,0.0060991957104557645,0.004903932082216265,0.006546023235031278,0.0021447721179624667,1.1170688114387846e-05,0.0014186773905272565,0.0,0.0,0.0,0.0,0.0,0.0,0.0,0.0,0.0,0.0,0.0,0.0,0.0,0.0,0.0,0.0,0.0,0.0,0.0,0.0,0.0,0.0,0.0,0.0,0.0,0.0,0.0,0.0,0.0,0.0,0.0,nan,nan,4.353696633113502,2.8693997192180896,nan,0.8489711454220578,0.03297741816742505,0.0,0.0,0.0,0.0,0.0,0.0,0.0,0.0,0.0,0.0,0.0,0.0,0.0,0.0,0.0,0.0,0.0,0.0,0.0,0.0,0.0,0.053097345132743376,0.2787610619469027,1.4999999999999953,7.3141592920353995,12.730088495575224,6.504424778761064,1.4203539823008853,0.13274336283185842,0.06637168141592921,0.8488001761830241,0.03425599879369059,0.0,0.0,0.0,0.0,0.0,0.0,0.0,0.0,0.0,0.0,0.0,0.0,0.0,0.0,0.0,0.0,0.0,0.0,0.0,0.0,0.013537906137184119,0.08122743682310471,0.32490974729241884,1.5703971119133524,7.026173285198557,13.009927797833939,6.064981949458486,1.5433212996389896,0.25722021660649824,0.10830324909747295,0.4287,0.01712,0.0,0.0,0.0,0.0,0.0,0.0,0.0,0.0,0.0,0.0,0.0,1.407079646017697,16.51327433628319,11.694690265486729,0.3849557522123895,0.0,0.0,0.0,0.0,0.0,0.0,0.0,0.0,0.0,0.0,0.0,0.0,0.0,0.0,0.0,0.4294,0.01678,0.0,0.0,0.0,0.0,0.0,0.0,0.0,0.0,0.0,0.0,0.0,1.0424187725631755,16.841155234657045,11.683212996389894,0.4332129963898918,0.0,0.0,0.0,0.0,0.0,0.0,0.0,0.0,0.0,0.0,0.0,0.0,0.0,0.0,0.0
63100,4749,2379,0.5009475679090335,1131,990,0.44662034112444726,1380,0.5811749842072015,0.44199999999999995,2.942194092827004,3.0097647405655485,6.408554572271386,2.0609554674379265,6649.8,0.0,6649.8,6649.8,6649.800000000001,9.094947017729282e-13,6649.800000000001,9.094947017729282e-13,27.921036007580543,20.730588362415954,32.89404971127291,18.93327268876261,0.14002947989050327,0.10339018740787534,0.08865024215624343,0.08485997052010949,0.08401768793430196,0.0696988839755738,0.06990945462202569,0.065698041692988,0.057275215834912616,0.05474836807749,0.04948410191619288,0.040218993472309957,0.034954727311012845,0.026321330806485577,0.014529374605180037,0.010528532322594231,0.005685407454200884,0.8494608528389632,0.03367400938804117,0.0,0.0,0.0,0.0,0.0,0.0,0.0,0.0,0.0,0.0,0.0,0.0,0.0,0.0,0.0,0.0,0.0,0.0,0.0,0.0,0.0,0.04421983575489578,0.25268477574226156,1.629816803537582,7.024636765634872,12.937460518003792,6.190777005685409,1.4908401768793433,0.34112444725205315,0.08843967150979155,4.36444298389747,2.804439507281719,4.666666666666667,3.515047020390418,1.0692467936651358,4.398980242192479,2.7814186292374536,4.333333333333333,2.835862249006553,0.9850767893364242,0.429,0.0167,0.0,0.0,0.0,0.0,0.0,0.0,0.0,0.0,0.0,0.0,0.0,1.1749842072015144,16.93619709412508,11.516108654453573,0.37271004421983583,0.0,0.0,0.0,0.0,0.0,0.0,0.0,0.0,0.0,0.0,0.0,0.0,0.0,0.0,0.0,nan,nan,4.36592544146501,2.8084433934090978,nan,0.429,0.088,0.0,0.0,0.0,0.0,0.0,0.0,0.0,0.0,0.0,0.0,0.0,0.0,0.0,0.0,0.0,0.0,0.0,0.0,0.0,0.0,0.0,3.158559696778269e-05,0.00012634238787113077,3.158559696778269e-05,0.00751737207833228,0.0001684565171615077,0.007348915561170773,0.006685618024847336,0.013150136870920193,0.018898715519056645,0.021246578226995157,0.028985049484101917,0.0611391871973047,0.042830069488313326,0.032343651295009476,0.013550221099178774,0.02660560117919562,0.01667719519898926,0.060518003790271634,0.02657401558222784,0.024026110760160032,0.0370499052432091,0.04642029901031796,0.03443882922720573,0.015129500947567908,0.014687302590018951,0.05158980838071173,0.059791535060012634,0.04114550431669825,0.022436302379448304,0.04941040218993472,0.042524742050958096,0.04042956411876184,0.04318803958728153,0.026763529164034534,0.025542219414613602,0.005853863971362392,0.00375868603916614,0.0018003790271636133,0.003337544746262371,0.00027374184038745,0.0007369972625815961,0.0008106969888397557,0.002179406190777006,0.00676984628342809,0.00500105285323226,0.00664350389555696,0.002526847757422615,1.0528532322594231e-05,0.0012318382817435249,1.0528532322594231e-05,0.0,5.264266161297115e-05,0.0,0.0,0.0,0.0,0.0,0.0,0.0,0.0,0.0,0.0,0.0,0.0,0.0,0.0,0.0,0.0,0.0,0.0,0.0,0.0,0.0,0.0,0.0,0.0,0.0,0.0,0.0,0.0,nan,nan,4.36592544146501,2.8084433934090978,nan,0.8490038579028412,0.03338134967969299,0.0,0.0,0.0,0.0,0.0,0.0,0.0,0.0,0.0,0.0,0.0,0.0,0.0,0.0,0.0,0.0,0.0,0.0,0.0,0.0,0.0,0.05044136191677177,0.2522068095838588,1.7150063051702342,6.910466582597731,13.203026481715009,5.977301387137454,1.513240857503153,0.3152585119798235,0.0630517023959647,0.8499195831988934,0.03395906008923233,0.0,0.0,0.0,0.0,0.0,0.0,0.0,0.0,0.0,0.0,0.0,0.0,0.0,0.0,0.0,0.0,0.0,0.0,0.0,0.0,0.0,0.037974683544303806,0.2531645569620254,1.5443037974683496,7.1392405063291156,12.67088607594937,6.405063291139242,1.468354430379747,0.3670886075949368,0.11392405063291142,0.429,0.0167,0.0,0.0,0.0,0.0,0.0,0.0,0.0,0.0,0.0,0.0,0.0,1.1727616645649415,16.9735182849937,11.513240857503156,0.34047919293820944,0.0,0.0,0.0,0.0,0.0,0.0,0.0,0.0,0.0,0.0,0.0,0.0,0.0,0.0,0.0,0.4287,0.0167,0.0,0.0,0.0,0.0,0.0,0.0,0.0,0.0,0.0,0.0,0.0,1.177215189873416,16.898734177215193,11.518987341772155,0.4050632911392406,0.0,0.0,0.0,0.0,0.0,0.0,0.0,0.0,0.0,0.0,0.0,0.0,0.0,0.0,0.0
63200,4734,2336,0.49345162653147445,1116,969,0.4404309252217998,1346,0.5686523024926067,0.44199999999999995,2.86488740617181,2.9764311546742164,6.24207492795389,2.0906445278756105,6649.8,0.0,6649.8,6649.8,6649.800000000001,9.094947017729282e-13,6649.800000000001,9.094947017729282e-13,27.918250950570343,21.28555011425919,33.24585987261146,19.486279642977347,0.1485002112378538,0.10181664554288128,0.08893113645965357,0.08618504435994931,0.07710181664554289,0.07055344317701732,0.07076468103084073,0.06294888043937473,0.05682298267849599,0.05407689057879172,0.04583861427967892,0.03316434305027461,0.034220532319391636,0.02830587241233629,0.01880016899028306,0.014152936206168145,0.00781580059146599,0.8508983956619209,0.03445653426561878,0.0,0.0,0.0,0.0,0.0,0.0,0.0,0.0,0.0,0.0,0.0,0.0,0.0,0.0,0.0,0.0,0.0,0.0,0.0,0.0,0.019011406844106467,0.04435994930291509,0.31051964512040564,1.5209125475285123,6.4385297845373906,12.953105196451206,6.634980988593157,1.6032953105196455,0.41191381495564017,0.06337135614702155,4.3031809145129225,2.7842445501041837,4.357142857142857,2.378689400763816,1.0125400125400124,4.321143617021277,2.7661382887638934,4.2859947643979055,2.7984218963409058,0.9918658448460455,0.43,0.01643,0.0,0.0,0.0,0.0,0.0,0.0,0.0,0.0,0.0,0.0,0.0,1.0709759188846626,16.19771863117871,12.3447401774398,0.38656527249683154,0.0,0.0,0.0,0.0,0.0,0.0,0.0,0.0,0.0,0.0,0.0,0.0,0.0,0.0,0.0,nan,nan,4.303430079155673,2.7825101805279497,nan,0.43,0.08905,0.0,0.0,0.0,0.0,0.0,0.0,0.0,0.0,0.0,0.0,0.0,0.0,0.0,0.0,0.0,0.0,0.0,0.0,0.0,0.0,0.0,0.0,0.00013730460498521336,0.00012674271229404308,0.008005914659907055,0.0001478664976763836,0.00861850443599493,0.006273764258555133,0.012526404731727926,0.01845162653147444,0.02164131812420786,0.028189691592733417,0.06111111111111111,0.0432192648922687,0.03453738910012674,0.014744402196873679,0.023912125052809464,0.01355090832277144,0.06188212927756654,0.026784959864807775,0.02423954372623574,0.0349070553443177,0.04418039712716519,0.03253062948880439,0.014395859738065061,0.014131812420785804,0.05361216730038023,0.05923109421208281,0.03849809885931559,0.02454583861427968,0.050158428390367556,0.04328263624841572,0.04063160118293198,0.0440325306294888,0.027640473172792564,0.02624630333755809,0.005692860160540769,0.004478242501056189,0.0017849598648077736,0.003369243768483312,0.00016899028305872413,0.0010561892691170257,0.00043303760033798055,0.0021651880016899027,0.00817490494296578,0.006389945078158006,0.006252640473172793,0.002577101816645543,0.0,0.0013307984790874524,0.0,0.0,0.0,0.0,0.0,0.0,0.0,0.0,0.0,0.0,0.0,0.0,0.0,0.0,0.0,0.0,0.0,0.0,0.0,0.0,0.0,0.0,0.0,0.0,0.0,0.0,0.0,0.0,0.0,0.0,0.0,nan,nan,4.303430079155673,2.7825101805279497,nan,0.850807432212854,0.034207010073760195,0.0,0.0,0.0,0.0,0.0,0.0,0.0,0.0,0.0,0.0,0.0,0.0,0.0,0.0,0.0,0.0,0.0,0.0,0.0,0.0,0.01284246575342466,0.02568493150684932,0.29537671232876717,1.5282534246575297,6.6523972602739745,12.765410958904113,6.690924657534248,1.5025684931506853,0.4494863013698631,0.07705479452054796,0.8509870072620128,0.03469765236099232,0.0,0.0,0.0,0.0,0.0,0.0,0.0,0.0,0.0,0.0,0.0,0.0,0.0,0.0,0.0,0.0,0.0,0.0,0.0,0.0,0.025020850708924108,0.06255212677231027,0.32527105921601346,1.5137614678899036,6.230191826522104,13.135946622185157,6.58048373644704,1.7014178482068394,0.37531276063386165,0.050041701417848215,0.4302,0.0166,0.0,0.0,0.0,0.0,0.0,0.0,0.0,0.0,0.0,0.0,0.0,1.0530821917808204,15.757705479452058,12.765410958904113,0.4238013698630138,0.0,0.0,0.0,0.0,0.0,0.0,0.0,0.0,0.0,0.0,0.0,0.0,0.0,0.0,0.0,0.4294,0.01627,0.0,0.0,0.0,0.0,0.0,0.0,0.0,0.0,0.0,0.0,0.0,1.088407005838197,16.62635529608007,11.934945788156801,0.35029190992493753,0.0,0.0,0.0,0.0,0.0,0.0,0.0,0.0,0.0,0.0,0.0,0.0,0.0,0.0,0.0
63300,4690,2346,0.5002132196162047,1089,980,0.44115138592750536,1339,0.571002132196162,0.46199999999999997,2.9304607508532423,3.057586177821915,6.557098765432099,2.1074117242320196,6649.800000000002,1.8189894035458565e-12,6649.8,6649.8,6649.800000000001,9.094947017729282e-13,6649.800000000001,9.094947017729282e-13,27.48720682302772,20.71236527151337,32.41766352761517,19.016995614632968,0.13987206823027717,0.10426439232409382,0.1,0.08358208955223881,0.07995735607675906,0.08017057569296375,0.06460554371002132,0.0626865671641791,0.05735607675906183,0.05053304904051173,0.04968017057569296,0.03646055437100213,0.03219616204690832,0.0255863539445629,0.017484008528784647,0.009808102345415778,0.005756929637526652,0.8492165830343771,0.03220839350186004,0.0,0.0,0.0,0.0,0.0,0.0,0.0,0.0,0.0,0.0,0.0,0.0,0.0,0.0,0.0,0.0,0.0,0.0,0.0,0.0063965884861407266,0.03198294243070363,0.03837953091684435,0.20469083155650325,1.4584221748400807,6.850746268656718,13.138592750533052,6.588486140724949,1.4328358208955227,0.20469083155650325,0.044776119402985086,4.3548060708263066,2.821786119053535,3.1818181818181817,2.6566616720368104,0.7306452067139799,4.317218543046358,2.842097480965737,4.384720327421555,2.8009228813495666,1.015635480043956,0.43,0.01723,0.0,0.0,0.0,0.0,0.0,0.0,0.0,0.0,0.0,0.0,0.0,1.125799573560766,15.940298507462689,12.434968017057573,0.49893390191897663,0.0,0.0,0.0,0.0,0.0,0.0,0.0,0.0,0.0,0.0,0.0,0.0,0.0,0.0,0.0,nan,nan,4.350470430107527,2.8220914314587184,nan,0.43,0.089,0.0,0.0,0.0,0.0,0.0,0.0,0.0,0.0,0.0,0.0,0.0,0.0,0.0,0.0,0.0,0.0,0.0,0.0,0.0,0.0,0.0,0.0,4.2643923240938166e-05,0.0001279317697228145,0.008155650319829424,0.00022388059701492538,0.009626865671641791,0.007334754797441364,0.012601279317697228,0.018763326226012792,0.021577825159914712,0.025501066098081022,0.05858208955223881,0.04156716417910448,0.03473347547974413,0.014392324093816631,0.02575692963752665,0.015042643923240938,0.06232409381663113,0.026663113006396587,0.025554371002132197,0.0352771855010661,0.04128997867803838,0.0326545842217484,0.013208955223880598,0.013923240938166312,0.05279317697228145,0.06057569296375267,0.04138592750533049,0.026823027718550108,0.050031982942430706,0.04319829424307036,0.03976545842217484,0.04224946695095949,0.02697228144989339,0.026609808102345416,0.006364605543710021,0.0043070362473347544,0.0020149253731343284,0.003912579957356077,0.00022388059701492538,0.0008102345415778252,0.00035181236673773985,0.0024520255863539446,0.008432835820895523,0.006023454157782516,0.005618336886993603,0.002835820895522388,0.0,0.0013219616204690832,0.0,0.0,0.0,0.0,0.0,0.0,0.0,0.0,0.0,0.0,0.0,0.0,0.0,0.0,0.0,0.0,0.0,0.0,0.0,0.0,0.0,0.0,0.0,0.0,0.0,0.0,0.0,0.0,0.0,0.0,0.0,nan,nan,4.350470430107527,2.8220914314587184,nan,0.8488701922661813,0.03248446286627646,0.0,0.0,0.0,0.0,0.0,0.0,0.0,0.0,0.0,0.0,0.0,0.0,0.0,0.0,0.0,0.0,0.0,0.0,0.0,0.012787723785166244,0.025575447570332487,0.03836317135549873,0.2046035805626599,1.5089514066496117,7.097186700767265,12.992327365728903,6.483375959079286,1.419437340153453,0.15345268542199492,0.06393861892583122,0.8495632693578359,0.03192593580800319,0.0,0.0,0.0,0.0,0.0,0.0,0.0,0.0,0.0,0.0,0.0,0.0,0.0,0.0,0.0,0.0,0.0,0.0,0.0,0.0,0.03839590443686008,0.03839590443686008,0.20477815699658708,1.4078498293515314,6.604095563139933,13.284982935153586,6.69368600682594,1.4462457337883963,0.2559726962457338,0.025597269624573385,0.43,0.01744,0.0,0.0,0.0,0.0,0.0,0.0,0.0,0.0,0.0,0.0,0.0,1.278772378516622,15.843989769820976,12.378516624040923,0.49872122762148346,0.0,0.0,0.0,0.0,0.0,0.0,0.0,0.0,0.0,0.0,0.0,0.0,0.0,0.0,0.0,0.4302,0.01701,0.0,0.0,0.0,0.0,0.0,0.0,0.0,0.0,0.0,0.0,0.0,0.972696245733787,16.036689419795223,12.491467576791813,0.499146757679181,0.0,0.0,0.0,0.0,0.0,0.0,0.0,0.0,0.0,0.0,0.0,0.0,0.0,0.0,0.0
63400,4511,2280,0.5054311682553757,1045,890,0.42895145200620705,1247,0.5528707603635558,0.474,2.964141640519946,3.08196204767493,6.475435816164818,2.1070289336737735,6649.800000000002,1.8189894035458565e-12,6649.8,6649.8,6649.800000000002,1.8189894035458565e-12,6649.800000000001,9.094947017729282e-13,27.646641542895146,20.932626438561275,32.6474019088017,19.25357553480715,0.13766348924850366,0.1128352915096431,0.09776102859676347,0.08046996231434272,0.07758811793393926,0.07537131456439813,0.06628242074927954,0.06273553535801374,0.0545333628907116,0.05564176457548215,0.04300598536909776,0.042340944358235426,0.03369541121702505,0.02349811571713589,0.021059632010640657,0.009753934825980935,0.005763688760806916,0.8496651013392721,0.033974432469929636,0.0,0.0,0.0,0.0,0.0,0.0,0.0,0.0,0.0,0.0,0.0,0.0,0.0,0.0,0.0,0.0,0.0,0.0,0.0,0.0,0.006650410108623367,0.013300820217246734,0.2793172245621814,1.662602527155836,6.8632232320993145,13.001551762358682,6.091775659499004,1.5761471957437378,0.4322766570605188,0.07315451119485702,4.465724381625441,2.8160428382378515,5.888888888888889,1.286204100310025,1.3186861493555593,4.4787159804605725,2.8088188354017243,4.463345195729538,2.8187680958796175,0.9965680376254951,0.4292,0.01695,0.0,0.0,0.0,0.0,0.0,0.0,0.0,0.0,0.0,0.0,0.0,1.1372201285745938,16.89204167590335,11.545111948570165,0.4256262469518955,0.0,0.0,0.0,0.0,0.0,0.0,0.0,0.0,0.0,0.0,0.0,0.0,0.0,0.0,0.0,nan,nan,4.470235998591053,2.8136457944324262,nan,0.4292,0.0887,0.0,0.0,0.0,0.0,0.0,0.0,0.0,0.0,0.0,0.0,0.0,0.0,0.0,0.0,0.0,0.0,0.0,0.0,0.0,0.0,0.0,1.1084016847705608e-05,0.0,7.758811793393926e-05,0.00820217246730215,0.000254932387497229,0.008191088450454445,0.006473065839060075,0.01486366659277322,0.01998448237641321,0.02122589226335624,0.02644646419862558,0.06003103524717358,0.04165373531367768,0.03510308135668366,0.013389492352028375,0.026590556417645756,0.015140767013965861,0.060418975836843275,0.026169363777432942,0.028519175349146532,0.0343826202615828,0.0416980713810685,0.0300376856572822,0.012790955442252273,0.014154289514520062,0.05260474395921082,0.0640101972954999,0.04373753048104633,0.02592551540678342,0.04966747949456883,0.042230104189758366,0.0377410773664376,0.043859454666371096,0.02567058301928619,0.025748171137220128,0.005963201064065617,0.0035358013744180893,0.001950786965196187,0.003436045222788739,0.00021059632010640657,0.0004322766570605187,0.00018842828641099535,0.0035579694081135003,0.007548215473287519,0.006273553535801374,0.005863444912436267,0.0028929283972511637,3.3252050543116824e-05,0.0010973176679228553,0.0,1.1084016847705608e-05,0.0,0.0,0.0,0.0,0.0,0.0,0.0,0.0,0.0,0.0,0.0,0.0,0.0,0.0,0.0,0.0,0.0,0.0,0.0,0.0,0.0,0.0,0.0,0.0,0.0,0.0,0.0,0.0,0.0,nan,nan,4.470235998591053,2.8136457944324262,nan,0.8498422199696826,0.033608348517163426,0.0,0.0,0.0,0.0,0.0,0.0,0.0,0.0,0.0,0.0,0.0,0.0,0.0,0.0,0.0,0.0,0.0,0.0,0.0,0.0,0.013157894736842108,0.013157894736842108,0.27631578947368424,1.5263157894736794,6.881578947368423,13.078947368421057,6.236842105263159,1.5131578947368425,0.3947368421052633,0.06578947368421054,0.8494840926089559,0.03434358165804754,0.0,0.0,0.0,0.0,0.0,0.0,0.0,0.0,0.0,0.0,0.0,0.0,0.0,0.0,0.0,0.0,0.0,0.0,0.0,0.0,0.0,0.013446884805020173,0.2823845809054236,1.8018825638726974,6.844464365755268,12.922456297624388,5.943523083818917,1.640519946212461,0.47064096817570605,0.08068130883012103,0.4287,0.01692,0.0,0.0,0.0,0.0,0.0,0.0,0.0,0.0,0.0,0.0,0.0,1.1973684210526299,17.210526315789476,11.17105263157895,0.42105263157894746,0.0,0.0,0.0,0.0,0.0,0.0,0.0,0.0,0.0,0.0,0.0,0.0,0.0,0.0,0.0,0.4297,0.01697,0.0,0.0,0.0,0.0,0.0,0.0,0.0,0.0,0.0,0.0,0.0,1.075750784401612,16.566562079784852,11.927386822052894,0.43030031376064554,0.0,0.0,0.0,0.0,0.0,0.0,0.0,0.0,0.0,0.0,0.0,0.0,0.0,0.0,0.0
63500,4616,2351,0.509315424610052,1140,942,0.4510398613518198,1278,0.5537261698440208,0.46599999999999997,3.017218543046358,3.1288960509247983,6.762360446570973,2.038540815084963,6649.800000000001,9.094947017729282e-13,6649.8,6649.8,6649.800000000002,1.8189894035458565e-12,6649.800000000002,1.8189894035458565e-12,27.886048526863085,20.670802493380577,32.862345041322314,18.845086922387797,0.14081455805892548,0.09943674176776429,0.09315424610051994,0.0792894280762565,0.08470537261698441,0.07300693240901213,0.0712738301559792,0.06780762564991334,0.05719237435008666,0.053292894280762566,0.04787694974003466,0.04072790294627383,0.037045060658578856,0.025346620450606587,0.01451473136915078,0.008448873483535528,0.006065857885615251,0.8500023972197877,0.03401439188540204,0.0,0.0,0.0,0.0,0.0,0.0,0.0,0.0,0.0,0.0,0.0,0.0,0.0,0.0,0.0,0.0,0.0,0.0,0.0,0.006499133448873485,0.0,0.01299826689774697,0.3249566724436742,1.5532928942807576,6.8630849220104,12.842287694974006,6.5446273830156,1.364818024263432,0.3964471403812826,0.09098786828422879,4.262839879154079,2.844592661538379,3.0,2.494438257849294,0.7037562012756909,4.2838926174496645,2.8528701458366275,4.234312416555407,2.8358232348093937,0.9884263670166938,0.43,0.0172,0.0,0.0,0.0,0.0,0.0,0.0,0.0,0.0,0.0,0.0,0.0,1.2283362218370866,15.903379549393417,12.367850953206242,0.5004332755632583,0.0,0.0,0.0,0.0,0.0,0.0,0.0,0.0,0.0,0.0,0.0,0.0,0.0,0.0,0.0,nan,nan,4.259036144578313,2.844444668105143,nan,0.43,0.0887,0.0,0.0,0.0,0.0,0.0,0.0,0.0,0.0,0.0,0.0,0.0,0.0,0.0,0.0,0.0,0.0,0.0,0.0,0.0,0.0,0.0,4.3327556325823225e-05,2.1663778162911613e-05,0.0,0.008156412478336221,0.00029246100519930674,0.007419844020797227,0.006661611785095321,0.014698873483535529,0.019800693240901213,0.018479202772963606,0.024339254766031194,0.05961871750433276,0.04438908145580589,0.03636265164644714,0.013724003466204506,0.027978769497400347,0.01417894280762565,0.05835138648180243,0.02481585788561525,0.030405112651646447,0.036481802426343156,0.04204939341421144,0.029798526863084922,0.012987435008665511,0.01291161178509532,0.05528596187175043,0.06090771230502599,0.042396013864818026,0.027101386481802426,0.04788778162911612,0.04113951473136915,0.03966637781629116,0.04349003466204506,0.025509098786828423,0.027545493934142115,0.006726603119584056,0.00369367417677643,0.002523830155979203,0.003845320623916811,8.665511265164645e-05,0.0004332755632582322,0.00046577123050259967,0.0033578856152512997,0.007755632582322357,0.007246533795493934,0.0051018197573656845,0.0029246100519930676,7.582322357019064e-05,0.0008665511265164644,0.0,0.0,0.0,0.0,0.0,0.0,0.0,0.0,0.0,0.0,0.0,0.0,0.0,0.0,0.0,0.0,0.0,0.0,0.0,0.0,0.0,0.0,0.0,0.0,0.0,0.0,0.0,0.0,0.0,0.0,0.0,nan,nan,4.259036144578313,2.844444668105143,nan,0.8499644461817967,0.03374663539438214,0.0,0.0,0.0,0.0,0.0,0.0,0.0,0.0,0.0,0.0,0.0,0.0,0.0,0.0,0.0,0.0,0.0,0.0,0.0,0.0,0.0,0.012760527435133989,0.35729476818375167,1.45470012760527,6.903445342407488,12.939174819225864,6.520629519353468,1.339855380689069,0.40833687792428763,0.06380263717566995,0.8500417892243425,0.03429005911469959,0.0,0.0,0.0,0.0,0.0,0.0,0.0,0.0,0.0,0.0,0.0,0.0,0.0,0.0,0.0,0.0,0.0,0.0,0.0,0.013245033112582785,0.0,0.013245033112582785,0.29139072847682124,1.6556291390728424,6.821192052980134,12.74172185430464,6.569536423841061,1.3907284768211925,0.38410596026490074,0.11920529801324506,0.43,0.01733,0.0,0.0,0.0,0.0,0.0,0.0,0.0,0.0,0.0,0.0,0.0,1.199489578902593,15.976180348787754,12.3139089749043,0.5104210974053596,0.0,0.0,0.0,0.0,0.0,0.0,0.0,0.0,0.0,0.0,0.0,0.0,0.0,0.0,0.0,0.43,0.01706,0.0,0.0,0.0,0.0,0.0,0.0,0.0,0.0,0.0,0.0,0.0,1.2582781456953624,15.827814569536427,12.423841059602653,0.49006622516556303,0.0,0.0,0.0,0.0,0.0,0.0,0.0,0.0,0.0,0.0,0.0,0.0,0.0,0.0,0.0
63600,4672,2349,0.5027825342465754,1130,983,0.4522688356164384,1376,0.589041095890411,0.46199999999999997,2.892380542402066,2.976814924106093,6.216255442670537,2.0729713846202538,6649.800000000001,9.094947017729282e-13,6649.8,6649.8,6649.800000000001,9.094947017729282e-13,6649.800000000002,1.8189894035458565e-12,28.04644691780822,20.829671076036725,32.95779303330791,19.03456110771451,0.1391267123287671,0.09888698630136987,0.08668664383561644,0.09096746575342465,0.0802654109589041,0.07384417808219178,0.07191780821917808,0.0663527397260274,0.05950342465753425,0.05201198630136986,0.045376712328767124,0.04173801369863014,0.031035958904109588,0.027825342465753425,0.018621575342465755,0.009203767123287672,0.006635273972602739,0.8489716385223277,0.035226019712883576,0.0,0.0,0.0,0.0,0.0,0.0,0.0,0.0,0.0,0.0,0.0,0.0,0.0,0.0,0.0,0.0,0.0,0.0,0.0,0.0,0.0,0.10273972602739728,0.37243150684931514,1.5924657534246527,6.864297945205481,13.041523972602743,6.299229452054796,1.1558219178082194,0.3852739726027398,0.18621575342465757,4.211620997028723,2.8193871419790413,4.76,2.929573347776089,1.130206161323195,4.175612988734261,2.802590697482939,4.255663430420712,2.837795414100048,1.0191709437398595,0.43,0.0166,0.0,0.0,0.0,0.0,0.0,0.0,0.0,0.0,0.0,0.0,0.00642123287671233,1.0530821917808204,16.361301369863018,12.116866438356167,0.46232876712328774,0.0,0.0,0.0,0.0,0.0,0.0,0.0,0.0,0.0,0.0,0.0,0.0,0.0,0.0,0.0,nan,nan,4.216110019646365,2.820739416118673,nan,0.43,0.089,0.0,0.0,0.0,0.0,0.0,0.0,0.0,0.0,0.0,0.0,0.0,0.0,0.0,0.0,0.0,0.0,0.0,0.0,0.0,2.1404109589041096e-05,0.0,6.421232876712328e-05,1.0702054794520548e-05,6.421232876712328e-05,0.00821917808219178,4.280821917808219e-05,0.007138270547945205,0.006806506849315068,0.014693921232876713,0.019563356164383563,0.01913527397260274,0.02323416095890411,0.06180436643835616,0.04258347602739726,0.03715753424657534,0.013987585616438356,0.030383133561643835,0.013045804794520548,0.058529537671232874,0.0246361301369863,0.030383133561643835,0.03788527397260274,0.041941352739726025,0.02720462328767123,0.013570205479452055,0.013794948630136986,0.05575770547945205,0.05841181506849315,0.04330051369863014,0.0272902397260274,0.046008133561643835,0.04452054794520548,0.039597602739726026,0.04279751712328767,0.022977311643835617,0.026348458904109587,0.006217893835616438,0.005158390410958904,0.0026005993150684933,0.004077482876712329,0.00011772260273972603,0.00034246575342465754,0.00048159246575342463,0.0035637842465753426,0.00723458904109589,0.006945633561643835,0.0057255993150684935,0.003670804794520548,0.00020333904109589042,0.0007491438356164383,0.0,0.0,0.0,0.0,0.0,0.0,0.0,0.0,0.0,0.0,0.0,0.0,0.0,0.0,0.0,0.0,0.0,0.0,0.0,0.0,0.0,0.0,0.0,0.0,0.0,0.0,0.0,0.0,0.0,0.0,0.0,nan,nan,4.216110019646365,2.820739416118673,nan,0.8499341444697163,0.03457646881684935,0.0,0.0,0.0,0.0,0.0,0.0,0.0,0.0,0.0,0.0,0.0,0.0,0.0,0.0,0.0,0.0,0.0,0.0,0.0,0.0,0.0,0.0893997445721584,0.33205619412515974,1.4176245210727925,6.57726692209451,13.333333333333336,6.424010217113667,1.315453384418902,0.37037037037037046,0.140485312899106,0.847998359800668,0.035844611076844925,0.0,0.0,0.0,0.0,0.0,0.0,0.0,0.0,0.0,0.0,0.0,0.0,0.0,0.0,0.0,0.0,0.0,0.0,0.0,0.0,0.0,0.11622901420576842,0.41325871717606555,1.7692638829100247,7.154541541110635,12.74644855789927,6.173052087817479,0.9944037882049076,0.40034438226431346,0.23245802841153684,0.43,0.01689,0.0,0.0,0.0,0.0,0.0,0.0,0.0,0.0,0.0,0.0,0.0,1.2005108556832678,16.283524904214563,12.056194125159646,0.45977011494252884,0.0,0.0,0.0,0.0,0.0,0.0,0.0,0.0,0.0,0.0,0.0,0.0,0.0,0.0,0.0,0.43,0.01631,0.0,0.0,0.0,0.0,0.0,0.0,0.0,0.0,0.0,0.0,0.012914334911752048,0.9040034438226418,16.439948342660355,12.178217821782182,0.4649160568230737,0.0,0.0,0.0,0.0,0.0,0.0,0.0,0.0,0.0,0.0,0.0,0.0,0.0,0.0,0.0
63700,4536,2289,0.5046296296296297,1052,994,0.45105820105820105,1285,0.5665784832451499,0.45399999999999996,2.9813084112149535,3.0803810150235336,6.568910256410256,2.1224671401877715,6649.800000000001,9.094947017729282e-13,6649.8,6649.8,6649.800000000001,9.094947017729282e-13,6649.800000000001,9.094947017729282e-13,27.630070546737212,20.619544644230412,32.47325642370215,18.91236913730645,0.13822751322751323,0.10141093474426807,0.09722222222222222,0.08686067019400352,0.07892416225749559,0.07407407407407407,0.07164902998236332,0.06790123456790123,0.05886243386243386,0.05180776014109347,0.0445326278659612,0.03990299823633157,0.029541446208112873,0.02358906525573192,0.018077601410934743,0.012345679012345678,0.005070546737213404,0.8491582773376184,0.03303502434274805,0.0,0.0,0.0,0.0,0.0,0.0,0.0,0.0,0.0,0.0,0.0,0.0,0.0,0.0,0.0,0.0,0.0,0.0,0.0,0.0,0.006613756613756615,0.06613756613756615,0.2843915343915344,1.349206349206345,7.0767195767195785,12.91666666666667,6.5277777777777795,1.4814814814814818,0.23148148148148154,0.059523809523809534,4.341614906832298,2.852226694360649,4.75,3.3260336739125176,1.094062947067239,4.362758620689656,2.83076558007233,4.325136612021858,2.879078833011063,0.9913765550793066,0.43,0.01614,0.0,0.0,0.0,0.0,0.0,0.0,0.0,0.0,0.0,0.0,0.006613756613756615,0.8796296296296283,16.792328042328045,11.865079365079369,0.45634920634920645,0.0,0.0,0.0,0.0,0.0,0.0,0.0,0.0,0.0,0.0,0.0,0.0,0.0,0.0,0.0,nan,nan,4.3438572409059715,2.855202421260784,nan,0.43,0.0883,0.0,0.0,0.0,0.0,0.0,0.0,0.0,0.0,0.0,0.0,0.0,0.0,0.0,0.0,0.0,0.0,0.0,0.0,0.0,0.0,1.1022927689594357e-05,0.00014329805996472663,0.0,7.716049382716049e-05,0.008608906525573192,8.818342151675486e-05,0.006393298059964726,0.005412257495590829,0.015729717813051148,0.018838183421516753,0.01869488536155203,0.024559082892416227,0.06186067019400353,0.04190917107583774,0.03659611992945326,0.01538800705467372,0.028273809523809524,0.012290564373897707,0.059149029982363314,0.02633377425044092,0.032451499118165784,0.03520723104056438,0.042317019400352734,0.025595238095238095,0.012885802469135803,0.014704585537918872,0.055279982363315695,0.059722222222222225,0.04291225749559083,0.026300705467372135,0.04586640211640212,0.048390652557319225,0.040696649029982365,0.04330908289241622,0.023070987654320987,0.026399911816578484,0.00607363315696649,0.005103615520282187,0.002138447971781305,0.004056437389770723,0.0002204585537918871,0.0004850088183421517,0.0004188712522045855,0.0036044973544973546,0.0069223985890652555,0.006668871252204585,0.005599647266313933,0.0025793650793650793,0.00015432098765432098,0.0005070546737213404,0.0,0.0,0.0,0.0,0.0,0.0,0.0,0.0,0.0,0.0,0.0,0.0,0.0,0.0,0.0,0.0,0.0,0.0,0.0,0.0,0.0,0.0,0.0,0.0,0.0,0.0,0.0,0.0,0.0,0.0,0.0,nan,nan,4.3438572409059715,2.855202421260784,nan,0.8490417265069178,0.032349371999627015,0.0,0.0,0.0,0.0,0.0,0.0,0.0,0.0,0.0,0.0,0.0,0.0,0.0,0.0,0.0,0.0,0.0,0.0,0.0,0.0,0.0,0.026212319790301447,0.34076015727391884,1.310615989515068,6.89384010484928,13.263433813892533,6.526867627785061,1.3499344692005246,0.23591087811271302,0.052424639580602894,0.849277006688519,0.03371874590154164,0.0,0.0,0.0,0.0,0.0,0.0,0.0,0.0,0.0,0.0,0.0,0.0,0.0,0.0,0.0,0.0,0.0,0.0,0.0,0.0,0.013351134846461953,0.10680907877169563,0.2269692923898532,1.3885180240320385,7.263017356475302,12.563417890520698,6.528704939919895,1.6154873164218964,0.2269692923898532,0.06675567423230976,0.4302,0.01625,0.0,0.0,0.0,0.0,0.0,0.0,0.0,0.0,0.0,0.0,0.013106159895150724,0.7994757536041928,16.500655307994762,12.11009174311927,0.5766710353866318,0.0,0.0,0.0,0.0,0.0,0.0,0.0,0.0,0.0,0.0,0.0,0.0,0.0,0.0,0.0,0.4294,0.01602,0.0,0.0,0.0,0.0,0.0,0.0,0.0,0.0,0.0,0.0,0.0,0.9612817089452589,17.089452603471297,11.615487316421898,0.3337783711615488,0.0,0.0,0.0,0.0,0.0,0.0,0.0,0.0,0.0,0.0,0.0,0.0,0.0,0.0,0.0
63800,4682,2395,0.5115335326783426,1144,946,0.44639043143955576,1323,0.5651431012387869,0.44599999999999995,2.940096195889812,3.0786791796811555,6.629107981220657,2.043003477863481,6649.800000000001,9.094947017729282e-13,6649.8,6649.8,6649.800000000002,1.8189894035458565e-12,6649.800000000001,9.094947017729282e-13,27.727253310551045,20.717453502799536,32.67464968152866,18.973474797632228,0.13947031183255018,0.10380179410508329,0.0897052541648868,0.08778299871849637,0.08351131994873985,0.0756087142246903,0.06749252456215292,0.061085006407518155,0.057881247330200766,0.055531824006834686,0.05040580948312687,0.04015378043571124,0.03246475865014951,0.022639897479709525,0.015591627509611277,0.008116189662537377,0.008756941478000855,0.8494658827883522,0.03462844144624134,0.0,0.0,0.0,0.0,0.0,0.0,0.0,0.0,0.0,0.0,0.0,0.0,0.0,0.0,0.0,0.0,0.0,0.0,0.0,0.0,0.012815036309269546,0.06407518154634773,0.2947458351131995,1.5570269115762445,6.952157197778728,12.667663391712946,6.542076035882103,1.4224690303289196,0.3331909440410082,0.15378043571123454,4.318864774624374,2.8651660814925664,4.375,2.394655507583502,1.0129976807112486,4.299801455989411,2.854187530557086,4.338666666666667,2.8714638930150054,1.0090388384382536,0.4297,0.01636,0.0,0.0,0.0,0.0,0.0,0.0,0.0,0.0,0.0,0.0,0.0,1.0444254592054663,16.364801366937208,12.129431866723625,0.46134130713370364,0.0,0.0,0.0,0.0,0.0,0.0,0.0,0.0,0.0,0.0,0.0,0.0,0.0,0.0,0.0,nan,nan,4.319163068747924,2.8628731385475708,nan,0.4297,0.0883,0.0,0.0,0.0,0.0,0.0,0.0,0.0,0.0,0.0,0.0,0.0,0.0,0.0,0.0,0.0,0.0,0.0,0.0,0.0,0.0,0.0,0.000149508756941478,1.0679196924391286e-05,3.2037590773173855e-05,0.0075608714224690305,4.271678769756514e-05,0.006567706108500641,0.005852199914566425,0.016307133703545494,0.019649722340879965,0.01928662964545066,0.023889363519863305,0.06220632208457924,0.0427701836821871,0.03660828705681333,0.014876121315677062,0.030040580948312686,0.012430585219991457,0.05862879111490816,0.026473729175565997,0.03262494660401538,0.03381033746262281,0.04136052968816745,0.02393208030756087,0.013295600170867151,0.014470311832550192,0.05435711234515164,0.05879965826569842,0.04210807347287484,0.026131994873985476,0.05002135839384878,0.04918838103374626,0.04161683041435284,0.04463904314395557,0.021732165741136268,0.024967962409226826,0.006364801366937206,0.004656129859034601,0.001900897052541649,0.003844510892780863,0.00021358393848782572,0.0005873558308415207,0.000373771892353695,0.0033319094404100813,0.006994873985476292,0.006055104656129859,0.00664246048697138,0.0020397266125587355,0.000149508756941478,0.00040580948312686884,0.0,0.0,0.0,0.0,0.0,0.0,0.0,0.0,0.0,0.0,0.0,0.0,0.0,0.0,0.0,0.0,0.0,0.0,0.0,0.0,0.0,0.0,0.0,0.0,0.0,0.0,0.0,0.0,0.0,0.0,0.0,nan,nan,4.319163068747924,2.8628731385475708,nan,0.8486319538695827,0.03429151641935556,0.0,0.0,0.0,0.0,0.0,0.0,0.0,0.0,0.0,0.0,0.0,0.0,0.0,0.0,0.0,0.0,0.0,0.0,0.0,0.0,0.02505219206680585,0.07515657620041755,0.2505219206680585,1.6409185803757778,7.089770354906056,12.789144050104387,6.400835073068895,1.2776617954070983,0.3006263048016702,0.1503131524008351,0.8503391926967269,0.03495647916796689,0.0,0.0,0.0,0.0,0.0,0.0,0.0,0.0,0.0,0.0,0.0,0.0,0.0,0.0,0.0,0.0,0.0,0.0,0.0,0.0,0.0,0.05247048535198952,0.3410581547879319,1.4691735898557017,6.80804547442064,12.540445999125495,6.689986882378664,1.5741145605596856,0.36729339746392664,0.15741145605596854,0.4294,0.01617,0.0,0.0,0.0,0.0,0.0,0.0,0.0,0.0,0.0,0.0,0.0,0.9394572025052179,16.684759916492695,11.924843423799585,0.45093945720250533,0.0,0.0,0.0,0.0,0.0,0.0,0.0,0.0,0.0,0.0,0.0,0.0,0.0,0.0,0.0,0.4297,0.01657,0.0,0.0,0.0,0.0,0.0,0.0,0.0,0.0,0.0,0.0,0.0,1.1543506777437675,16.029733275032797,12.343681679055534,0.47223436816790565,0.0,0.0,0.0,0.0,0.0,0.0,0.0,0.0,0.0,0.0,0.0,0.0,0.0,0.0,0.0
63900,4509,2309,0.5120869372366378,1077,938,0.44688400975826126,1298,0.5757374140607674,0.46599999999999997,3.037272727272727,3.057995751555081,6.462962962962963,1.9988851488103139,6649.800000000002,1.8189894035458565e-12,6649.8,6649.8,6649.800000000001,9.094947017729282e-13,6649.800000000001,9.094947017729282e-13,27.969172765579952,21.04602521679875,33.04001059883413,19.25823011698872,0.14570858283433133,0.09603016189842536,0.08871146595697493,0.08893324462186737,0.0807274340208472,0.07451763140385895,0.0665335994677312,0.07318695941450433,0.05544466622310934,0.049456642271013526,0.04302506098913284,0.039476602350853846,0.03348857839875804,0.026169882457307607,0.01907296518074961,0.011754269239299179,0.007762253271235307,0.8503912314789129,0.03376936312581502,0.0,0.0,0.0,0.0,0.0,0.0,0.0,0.0,0.0,0.0,0.0,0.0,0.0,0.0,0.0,0.0,0.0,0.0,0.0,0.0,0.0,0.026613439787092488,0.21956087824351303,1.410512308715897,6.9061876247505,13.240186294078512,6.333998669328012,1.2774451097804393,0.39920159680638734,0.1862940785096474,4.338820301783265,2.823405843336363,3.5714285714285716,2.498979383505129,0.8231335531367147,4.361111111111111,2.8044350978417425,4.312370421561852,2.841445723674872,0.9888237909313801,0.4302,0.01704,0.0,0.0,0.0,0.0,0.0,0.0,0.0,0.0,0.0,0.0,0.0,1.0711909514304707,16.22089155023287,12.202262142381906,0.5056553559547573,0.0,0.0,0.0,0.0,0.0,0.0,0.0,0.0,0.0,0.0,0.0,0.0,0.0,0.0,0.0,nan,nan,4.336982552172426,2.8229226517347406,nan,0.4302,0.0883,0.0,0.0,0.0,0.0,0.0,0.0,0.0,0.0,0.0,0.0,0.0,0.0,0.0,0.0,0.0,0.0,0.0,0.0,0.0,0.0,0.0,2.2177866489243733e-05,0.0,2.2177866489243733e-05,0.007906409403415391,5.5444666223109334e-05,0.005976935018851186,0.005411399423375471,0.0156686626746507,0.019039698381015747,0.018995342648037258,0.0249500998003992,0.06302949656243069,0.041383898868928806,0.037159015302727874,0.014337990685296075,0.03022843202483921,0.014094034153914393,0.05792858726990464,0.026790862719006433,0.030150809492126857,0.034575293856730985,0.0427478376580173,0.023076070082058107,0.013983144821468174,0.013550676424927922,0.056697715679751605,0.058682634730538925,0.0392991794189399,0.026990463517409625,0.04963406520292748,0.048735861610113104,0.042237746728764694,0.04518740297183411,0.022133510756265247,0.025382568196939456,0.006542470614326902,0.005012197826569084,0.001829673985362608,0.0035484586382789974,0.0004102905300510091,0.0003215790640940342,0.0004546462630294966,0.0030383677090263916,0.006753160345974717,0.005477933022843202,0.00766245287203371,0.001674428919937902,0.0006542470614326902,0.0005544466622310934,0.0,0.0,0.0,0.0,0.0,0.0,0.0,0.0,0.0,0.0,0.0,0.0,0.0,0.0,0.0,0.0,0.0,0.0,0.0,0.0,0.0,0.0,0.0,0.0,0.0,0.0,0.0,0.0,0.0,0.0,0.0,nan,nan,4.336982552172426,2.8229226517347406,nan,0.8501903593101353,0.03328526630594588,0.0,0.0,0.0,0.0,0.0,0.0,0.0,0.0,0.0,0.0,0.0,0.0,0.0,0.0,0.0,0.0,0.0,0.0,0.0,0.0,0.0,0.012992637505413601,0.18189692507579044,1.3772195755738372,6.9640537029016905,13.434387180597664,6.223473365093115,1.2732784755305329,0.32481593763534,0.20788220008661762,0.8506020559505982,0.03426882423917752,0.0,0.0,0.0,0.0,0.0,0.0,0.0,0.0,0.0,0.0,0.0,0.0,0.0,0.0,0.0,0.0,0.0,0.0,0.0,0.0,0.0,0.040909090909090916,0.25909090909090915,1.4454545454545409,6.8454545454545475,13.036363636363639,6.450000000000002,1.281818181818182,0.47727272727272735,0.16363636363636366,0.4297,0.01656,0.0,0.0,0.0,0.0,0.0,0.0,0.0,0.0,0.0,0.0,0.0,1.0264183629276726,16.526634906886102,12.057167605023823,0.3897791251624081,0.0,0.0,0.0,0.0,0.0,0.0,0.0,0.0,0.0,0.0,0.0,0.0,0.0,0.0,0.0,0.4304,0.01753,0.0,0.0,0.0,0.0,0.0,0.0,0.0,0.0,0.0,0.0,0.0,1.1181818181818166,15.900000000000004,12.354545454545457,0.6272727272727274,0.0,0.0,0.0,0.0,0.0,0.0,0.0,0.0,0.0,0.0,0.0,0.0,0.0,0.0,0.0
64000,4543,2330,0.5128769535549197,1086,940,0.44596081884217476,1300,0.572309046885318,0.46599999999999997,2.9005874378671486,3.0612167524649365,6.564924114671164,2.076021628905856,6649.800000000001,9.094947017729282e-13,6649.8,6649.8,6649.800000000002,1.8189894035458565e-12,6649.800000000001,9.094947017729282e-13,27.946290997138455,20.916229123977878,32.8729701414353,19.17933473042197,0.13713405238828968,0.10015408320493066,0.09663218137794409,0.09289016068677086,0.0763812458727713,0.07109839313229144,0.06735637244111821,0.06207351970063835,0.06053268765133172,0.055910191503411845,0.046224961479198766,0.04028175214615893,0.03389830508474576,0.022672243011226063,0.017169271406559543,0.012987012987012988,0.006603565925599824,0.8508577431426446,0.03516623425529264,0.0,0.0,0.0,0.0,0.0,0.0,0.0,0.0,0.0,0.0,0.0,0.0,0.0,0.0,0.0,0.0,0.0,0.0,0.0,0.0,0.026414263702399302,0.11886418666079686,0.3367818622055911,1.413163108078358,6.266784063394234,12.929782082324458,6.82148360114462,1.6574950473255563,0.3565925599823906,0.07263922518159807,4.31501202335967,2.857916375581632,4.9523809523809526,2.4971639242146466,1.1477096530834292,4.294398907103825,2.8768097263338186,4.340149965916837,2.8305068503712008,1.0106536583588754,0.4304,0.0167,0.0,0.0,0.0,0.0,0.0,0.0,0.0,0.0,0.0,0.0,0.0,0.8386528725511765,16.416464891041166,12.183579132731678,0.5613031036759851,0.0,0.0,0.0,0.0,0.0,0.0,0.0,0.0,0.0,0.0,0.0,0.0,0.0,0.0,0.0,nan,nan,4.319577080491133,2.85600037758159,nan,0.4307,0.08813,0.0,0.0,0.0,0.0,0.0,0.0,0.0,0.0,0.0,0.0,0.0,0.0,0.0,0.0,0.0,0.0,0.0,0.0,0.0,0.0,0.0,0.00012106537530266344,0.0,0.00011005943209333039,0.007638124587277129,4.402377283733216e-05,0.0056900726392251815,0.005524983491085186,0.014946070878274268,0.017895663658375523,0.021461589258199427,0.022672243011226063,0.06223860884877834,0.03913713405238829,0.037970504072198985,0.014527845036319613,0.031576051067576494,0.01103896103896104,0.062040501871010345,0.024807395993836672,0.03324895443539511,0.03581333920316971,0.04274708342504953,0.022496147919876735,0.013801452784503633,0.013284173453664979,0.054864626898525205,0.05907990314769976,0.037728373321593664,0.026579352850539292,0.05088047545674664,0.04855822143957737,0.04271406559542153,0.04710543693594541,0.02299141536429672,0.02411402157164869,0.007164869029275809,0.005073739819502532,0.001419766674003962,0.003830068236847898,0.0006163328197226503,0.00022011886418666079,0.00024213075060532688,0.00286154523442659,0.006636583755227823,0.006416464891041162,0.0073739819502531365,0.0012876953554919657,0.0008584635703279771,0.000550297160466652,0.0,0.0,0.0,0.0,0.0,0.0,0.0,0.0,0.0,0.0,0.0,0.0,0.0,0.0,0.0,0.0,0.0,0.0,0.0,0.0,0.0,0.0,0.0,0.0,0.0,0.0,0.0,0.0,0.0,0.0,0.0,nan,nan,4.319577080491133,2.85600037758159,nan,0.8513441437815392,0.035639907908789736,0.0,0.0,0.0,0.0,0.0,0.0,0.0,0.0,0.0,0.0,0.0,0.0,0.0,0.0,0.0,0.0,0.0,0.0,0.0,0.0,0.0,0.14163090128755368,0.3991416309012876,1.3261802575107255,6.515021459227469,12.39914163090129,6.965665236051504,1.7639484978540776,0.41201716738197436,0.07725321888412018,0.8503456267898998,0.03465314536198525,0.0,0.0,0.0,0.0,0.0,0.0,0.0,0.0,0.0,0.0,0.0,0.0,0.0,0.0,0.0,0.0,0.0,0.0,0.0,0.0,0.054225033890646195,0.09489380930863084,0.27112516945323095,1.504744690465427,6.005422503389067,13.488477180298242,6.669679168549482,1.5454134658834167,0.298237686398554,0.06778129236330774,0.4304,0.01703,0.0,0.0,0.0,0.0,0.0,0.0,0.0,0.0,0.0,0.0,0.0,0.9399141630901274,16.364806866952794,12.12875536480687,0.5665236051502147,0.0,0.0,0.0,0.0,0.0,0.0,0.0,0.0,0.0,0.0,0.0,0.0,0.0,0.0,0.0,0.4307,0.01631,0.0,0.0,0.0,0.0,0.0,0.0,0.0,0.0,0.0,0.0,0.0,0.7320379575237225,16.47085404428378,12.241301400813379,0.5558065973791234,0.0,0.0,0.0,0.0,0.0,0.0,0.0,0.0,0.0,0.0,0.0,0.0,0.0,0.0,0.0
64100,4673,2339,0.5005349882302589,1107,947,0.43954632998074045,1336,0.5717954205007489,0.46599999999999997,3.0102827763496145,3.0632963587551916,6.52959028831563,1.9563417710114757,6649.800000000001,9.094947017729282e-13,6649.8,6649.8,6649.800000000001,9.094947017729282e-13,6649.800000000001,9.094947017729282e-13,27.96875668735288,21.065880775904354,33.25895387786653,19.197885626036257,0.1474427562593623,0.10121977316499037,0.09009201797560454,0.08452814038091162,0.07917825807832228,0.06805050288893644,0.06377059704686497,0.06612454526000427,0.058420714744275626,0.05713674299165419,0.0496469077680291,0.038305157286539694,0.03466723732077894,0.029745345602396746,0.014123689278835866,0.010485769313075112,0.007061844639417933,0.8491280496107698,0.03481315600978424,0.0,0.0,0.0,0.0,0.0,0.0,0.0,0.0,0.0,0.0,0.0,0.0,0.0,0.0,0.0,0.0,0.0,0.0,0.0,0.0,0.012839717526214427,0.06419858763107213,0.36593194949711116,1.643483843355441,6.7986304301305385,12.807618232398891,6.4391183393965346,1.4508880804622302,0.3338326556815751,0.08345816392039378,4.3834510595358225,2.7669221141760207,5.4375,2.499218627891526,1.2404609806629834,4.428475935828877,2.719058666187543,4.349631614199598,2.812932088995266,0.9821960595988828,0.4312,0.01694,0.0,0.0,0.0,0.0,0.0,0.0,0.0,0.0,0.0,0.0,0.0,0.8923603680719011,15.690134817034028,12.794778514872675,0.6227263000213996,0.0,0.0,0.0,0.0,0.0,0.0,0.0,0.0,0.0,0.0,0.0,0.0,0.0,0.0,0.0,nan,nan,4.3890933422549345,2.766627365568443,nan,0.4312,0.08746,0.0,0.0,0.0,0.0,0.0,0.0,0.0,0.0,0.0,0.0,0.0,0.0,0.0,0.0,0.0,0.0,0.0,0.0,0.0,0.0,0.0,0.0,0.0,0.00013909693986732292,0.007318638989942222,2.1399529210357373e-05,0.004921891718382195,0.005060988658249519,0.015974748555531777,0.01735501818959983,0.022159212497325057,0.020158356516156644,0.059726086026107426,0.03965332762679221,0.03917183821955917,0.013331906698052643,0.03130751123475284,0.010614166488337257,0.06353520222555104,0.02501604964690777,0.03466723732077894,0.03395035309223197,0.04193237748769527,0.02256580355232185,0.014669377273699978,0.01464797774448962,0.05242884656537556,0.0600898780226835,0.039674727156002565,0.02730579927241601,0.05299593408945003,0.04895142306869249,0.04245666595334903,0.04780654825593837,0.023122191311791142,0.023229188957842928,0.007190241814680077,0.006312861117055425,0.0011769741065696556,0.00317783008773807,0.0006633854055210786,0.0002888936443398245,0.0002888936443398245,0.0034881232612882515,0.005553177830087738,0.006377059704686497,0.0065803552321848915,0.0017547613952493045,0.0005349882302589343,0.0006526856409158998,0.0,0.0,0.0,0.0,0.0,0.0,0.0,0.0,0.0,0.0,0.0,0.0,0.0,0.0,0.0,0.0,0.0,0.0,0.0,0.0,0.0,0.0,0.0,0.0,0.0,0.0,0.0,0.0,0.0,0.0,0.0,nan,nan,4.3890933422549345,2.766627365568443,nan,0.849070436886204,0.03471215995443728,0.0,0.0,0.0,0.0,0.0,0.0,0.0,0.0,0.0,0.0,0.0,0.0,0.0,0.0,0.0,0.0,0.0,0.0,0.0,0.0,0.02565198802907226,0.03847798204360839,0.3206498503634032,1.6417272338606193,6.951688755878582,12.749038050448913,6.323215049166312,1.5647712697734077,0.29499786233433095,0.0897819581017529,0.849185785755911,0.03491397995933627,0.0,0.0,0.0,0.0,0.0,0.0,0.0,0.0,0.0,0.0,0.0,0.0,0.0,0.0,0.0,0.0,0.0,0.0,0.0,0.0,0.0,0.08997429305912599,0.41131105398457596,1.6452442159382983,6.6452442159383045,12.866323907455016,6.555269922879179,1.3367609254498718,0.3727506426735219,0.07712082262210798,0.4314,0.01697,0.0,0.0,0.0,0.0,0.0,0.0,0.0,0.0,0.0,0.0,0.0,0.8593415989739193,15.622060709705005,12.915775972637883,0.602821718683198,0.0,0.0,0.0,0.0,0.0,0.0,0.0,0.0,0.0,0.0,0.0,0.0,0.0,0.0,0.0,0.431,0.0169,0.0,0.0,0.0,0.0,0.0,0.0,0.0,0.0,0.0,0.0,0.0,0.9254498714652942,15.758354755784065,12.673521850899746,0.6426735218508999,0.0,0.0,0.0,0.0,0.0,0.0,0.0,0.0,0.0,0.0,0.0,0.0,0.0,0.0,0.0
64200,4759,2477,0.5204874973733977,1185,964,0.45156545492750577,1334,0.5606219794074385,0.45399999999999996,3.1038562664329534,3.126908606628089,6.701337295690936,1.9771987014343693,6649.8,0.0,6649.8,6649.8,6649.800000000001,9.094947017729282e-13,6649.800000000001,9.094947017729282e-13,28.53834839251944,21.023370016979865,33.47557328015952,19.193526958691617,0.13637318764446313,0.09728934650136584,0.0901449884429502,0.086152553057365,0.07501575961336415,0.07669678503887371,0.0685017860895146,0.06555999159487287,0.06114729985291027,0.05673460811094768,0.04643832737970162,0.042656020172305104,0.031939483084681655,0.02500525320445472,0.02101281781886951,0.012817818869510401,0.006513973523849548,0.8507946919282712,0.03412263988428538,0.0,0.0,0.0,0.0,0.0,0.0,0.0,0.0,0.0,0.0,0.0,0.0,0.0,0.0,0.0,0.0,0.0,0.0,0.0,0.0,0.02521538138264342,0.037823072073965125,0.302584576591721,1.4877075015759567,6.291237654969533,13.086782937591934,6.9153183441899575,1.3868459760453882,0.3404076486656862,0.12607690691321707,4.323939099449303,2.908276055447774,4.6,3.028751117760146,1.0638447707521725,4.386908619572262,2.9348085901580414,4.2650834403080875,2.882544578529486,0.9722298343027594,0.4312,0.01622,0.0,0.0,0.0,0.0,0.0,0.0,0.0,0.0,0.0,0.0,0.0,0.8194998949359098,15.93612103383064,12.815717587728518,0.4286614835049381,0.0,0.0,0.0,0.0,0.0,0.0,0.0,0.0,0.0,0.0,0.0,0.0,0.0,0.0,0.0,nan,nan,4.3252740167633785,2.9089336660031004,nan,0.4312,0.0871,0.0,0.0,0.0,0.0,0.0,0.0,0.0,0.0,0.0,0.0,0.0,0.0,0.0,0.0,0.0,0.0,0.0,0.0,0.0,0.0,0.0,0.0,1.0506408909434756e-05,0.00019962176927926036,0.007669678503887371,6.303845345660853e-05,0.005473839041815507,0.005442319815087204,0.015612523639420046,0.016579113259088042,0.023334734187854592,0.01959445261609582,0.059907543601596974,0.037434334944316035,0.041300693422988026,0.012586677873502837,0.031098970371926875,0.00949779365412902,0.06489808783357848,0.02306156755620929,0.034503046858583734,0.032906072704349656,0.03852700147089725,0.023187644463122506,0.015486446732506829,0.01508720319394831,0.05416053792813616,0.061567556209287666,0.04329691111578063,0.026371086362681234,0.05410800588358899,0.05114519857112839,0.04282412271485606,0.045230090355116624,0.02366043286404707,0.022441689430552636,0.0063143517545702875,0.005883588989283463,0.0010086152553057364,0.003530153393570078,0.0006724101702038244,0.0003992435385585207,0.0005043076276528682,0.0024164740491699937,0.005442319815087204,0.007175877285143938,0.00600966589619668,0.0018176087413322127,0.00017860895146039083,0.0003677243118302164,0.0,1.0506408909434756e-05,0.0,0.0,0.0,0.0,0.0,0.0,0.0,0.0,0.0,0.0,0.0,0.0,0.0,0.0,0.0,0.0,0.0,0.0,0.0,0.0,0.0,0.0,0.0,0.0,0.0,0.0,0.0,0.0,0.0,nan,nan,4.3252740167633785,2.9089336660031004,nan,0.8499437807594811,0.034736479369537575,0.0,0.0,0.0,0.0,0.0,0.0,0.0,0.0,0.0,0.0,0.0,0.0,0.0,0.0,0.0,0.0,0.0,0.0,0.0,0.0,0.024222850222042798,0.036334275333064193,0.3512313282196206,1.6713766653209476,6.370609608397256,13.044004844570047,6.649172385950749,1.4170367379895037,0.30278562777553497,0.13322567622123538,0.851718314612361,0.03341908452481901,0.0,0.0,0.0,0.0,0.0,0.0,0.0,0.0,0.0,0.0,0.0,0.0,0.0,0.0,0.0,0.0,0.0,0.0,0.0,0.0,0.026292725679228753,0.039439088518843125,0.24978089395267314,1.2883435582822047,6.205083260297986,13.133216476774763,7.204206836108678,1.3540753724802808,0.38124452234881695,0.11831726555652938,0.4312,0.01645,0.0,0.0,0.0,0.0,0.0,0.0,0.0,0.0,0.0,0.0,0.0,0.8720226079935393,15.987081146548247,12.64432781590634,0.49656842955187735,0.0,0.0,0.0,0.0,0.0,0.0,0.0,0.0,0.0,0.0,0.0,0.0,0.0,0.0,0.0,0.4312,0.01599,0.0,0.0,0.0,0.0,0.0,0.0,0.0,0.0,0.0,0.0,0.0,0.7624890446976326,15.880806310254167,13.001752848378619,0.3549517966695882,0.0,0.0,0.0,0.0,0.0,0.0,0.0,0.0,0.0,0.0,0.0,0.0,0.0,0.0,0.0
64300,4492,2329,0.5184772929652716,1122,882,0.44612644701691895,1234,0.5494211932324132,0.494,3.0656495607951917,3.2106415293863884,6.835504885993485,2.14475574089146,6649.800000000002,1.8189894035458565e-12,6649.8,6649.8,6649.800000000001,9.094947017729282e-13,6649.800000000001,9.094947017729282e-13,27.80966162065895,20.667750013598265,32.6503570483999,18.943070741673253,0.13757791629563668,0.10507569011576136,0.09016028495102404,0.08615316117542297,0.08392698130008905,0.0763579697239537,0.0670080142475512,0.060552092609082814,0.05943900267141585,0.05365093499554764,0.04407836153161175,0.046081923419412286,0.031834372217275156,0.02626892252894034,0.018699910952804988,0.007791629563668744,0.005342831700801425,0.8497264377925402,0.034192480274251424,0.0,0.0,0.0,0.0,0.0,0.0,0.0,0.0,0.0,0.0,0.0,0.0,0.0,0.0,0.0,0.0,0.0,0.0,0.0,0.0,0.0,0.08682101513802318,0.2938557435440784,1.4893143365983925,6.912288512911845,12.84951024042743,6.3112199465716845,1.596170970614426,0.3539626001780945,0.10685663401602852,4.422191207257502,2.9730792963137938,3.75,2.384848003542364,0.8479958971121982,4.474233983286908,2.931203591834565,4.363070539419087,3.0081020110224217,0.9751547540242504,0.4321,0.01598,0.0,0.0,0.0,0.0,0.0,0.0,0.0,0.0,0.0,0.0,0.0,0.5676758682101506,15.427426536064118,13.55743544078362,0.44746215494211944,0.0,0.0,0.0,0.0,0.0,0.0,0.0,0.0,0.0,0.0,0.0,0.0,0.0,0.0,0.0,nan,nan,4.4184594031922275,2.9705551274726383,nan,0.4321,0.0868,0.0,0.0,0.0,0.0,0.0,0.0,0.0,0.0,0.0,0.0,0.0,0.0,0.0,0.0,0.0,0.0,0.0,0.0,0.0,0.0,0.0,0.0,0.0,0.00012243989314336597,0.006021816562778273,0.00012243989314336597,0.005632235084594836,0.004730632235084595,0.013546304541406946,0.016930097951914514,0.023285841495992877,0.019300979519145146,0.059272039180765804,0.03785618878005343,0.041952359750667856,0.010930543187889582,0.03192341941228851,0.01009572573463936,0.06613980409617097,0.02289626001780944,0.03384906500445236,0.033281389136242207,0.03947016918967053,0.0216273374888691,0.015360641139804097,0.013947016918967053,0.05506455921638469,0.06356856634016028,0.042609082813891364,0.02501113089937667,0.0545080142475512,0.056366874443455034,0.042520035618878,0.04610418521816563,0.02286286731967943,0.020625556544968834,0.00609973285841496,0.005609973285841496,0.0006121994657168299,0.004140694568121104,0.0009683882457702582,0.00020035618878005342,0.00041184327693677647,0.0013913624220837043,0.005565449688334817,0.0073909171861086375,0.007168299198575245,0.002315227070347284,0.00017809439002671417,0.00041184327693677647,0.0,0.0,0.0,0.0,0.0,0.0,0.0,0.0,0.0,0.0,0.0,0.0,0.0,0.0,0.0,0.0,0.0,0.0,0.0,0.0,0.0,0.0,0.0,0.0,0.0,0.0,0.0,0.0,0.0,0.0,0.0,nan,nan,4.4184594031922275,2.9705551274726383,nan,0.8502995252813992,0.03306676413175932,0.0,0.0,0.0,0.0,0.0,0.0,0.0,0.0,0.0,0.0,0.0,0.0,0.0,0.0,0.0,0.0,0.0,0.0,0.0,0.0,0.0,0.03864319450407901,0.23185916702447407,1.339630742808068,6.968656075568915,13.20309145556033,6.144267926148563,1.6230141691713185,0.36066981537140413,0.09016745384285103,0.8491093685546519,0.03535416338680471,0.0,0.0,0.0,0.0,0.0,0.0,0.0,0.0,0.0,0.0,0.0,0.0,0.0,0.0,0.0,0.0,0.0,0.0,0.0,0.0,0.0,0.1386962552011096,0.360610263522885,1.650485436893199,6.851595006934814,12.468793342579755,6.490984743411929,1.5672676837725386,0.346740638002774,0.12482662968099864,0.4321,0.01598,0.0,0.0,0.0,0.0,0.0,0.0,0.0,0.0,0.0,0.0,0.0,0.6311721768999562,15.238299699441823,13.705452984113357,0.42507513954486914,0.0,0.0,0.0,0.0,0.0,0.0,0.0,0.0,0.0,0.0,0.0,0.0,0.0,0.0,0.0,0.4321,0.01598,0.0,0.0,0.0,0.0,0.0,0.0,0.0,0.0,0.0,0.0,0.0,0.49930651872399373,15.631067961165051,13.398058252427187,0.47156726768377266,0.0,0.0,0.0,0.0,0.0,0.0,0.0,0.0,0.0,0.0,0.0,0.0,0.0,0.0,0.0
64400,4884,2517,0.5153562653562653,1175,996,0.44451269451269454,1337,0.5475020475020475,0.478,2.990283058724123,3.1346878736501664,6.810047095761382,2.0373343076148553,6649.800000000001,9.094947017729282e-13,6649.8,6649.8,6649.800000000002,1.8189894035458565e-12,6649.8,0.0,27.454954954954953,20.80459323147284,32.450514453699164,19.11207887750576,0.14332514332514332,0.10667485667485667,0.09725634725634726,0.08394758394758395,0.07862407862407862,0.0728910728910729,0.06674856674856675,0.0644963144963145,0.061015561015561014,0.050573300573300575,0.04586404586404586,0.03767403767403767,0.03214578214578215,0.02416052416052416,0.018018018018018018,0.010032760032760032,0.006552006552006552,0.8489545616797987,0.03584438266394239,0.0,0.0,0.0,0.0,0.0,0.0,0.0,0.0,0.0,0.0,0.0,0.0,0.0,0.0,0.0,0.0,0.0,0.0,0.0,0.0,0.006142506142506144,0.06756756756756759,0.5528255528255529,1.6707616707616655,6.726044226044228,12.315724815724819,6.726044226044228,1.4803439803439806,0.3562653562653564,0.0982800982800983,4.371167645140248,2.9011554494526113,4.862068965517241,3.421273587534472,1.1123043910070036,4.395739186571982,2.9079277537340875,4.3557567917205695,2.9056235082848567,0.990904284090933,0.432,0.01611,0.0,0.0,0.0,0.0,0.0,0.0,0.0,0.0,0.0,0.0,0.006142506142506144,0.7186732186732177,15.356265356265359,13.439803439803443,0.4791154791154792,0.0,0.0,0.0,0.0,0.0,0.0,0.0,0.0,0.0,0.0,0.0,0.0,0.0,0.0,0.0,nan,nan,4.375767366720517,2.9068457193924577,nan,0.432,0.0876,0.0,0.0,0.0,0.0,0.0,0.0,0.0,0.0,0.0,0.0,0.0,0.0,0.0,0.0,0.0,0.0,0.0,0.0,0.0,1.0237510237510238e-05,0.0,0.0,0.0,0.00021498771498771498,0.007258394758394758,4.095004095004095e-05,0.006285831285831286,0.004658067158067158,0.01294021294021294,0.01802825552825553,0.022676085176085176,0.018652743652743654,0.060196560196560195,0.037592137592137594,0.04463554463554464,0.01125102375102375,0.028818591318591318,0.010954135954135955,0.07026003276003276,0.022287059787059787,0.03267813267813268,0.031500819000819004,0.037827600327600325,0.020945945945945947,0.015212940212940214,0.013718263718263719,0.05264127764127764,0.06391277641277641,0.04326371826371826,0.02334152334152334,0.05513923013923014,0.058333333333333334,0.04174856674856675,0.04583333333333333,0.02236895986895987,0.020403357903357903,0.0052723177723177726,0.00601965601965602,0.0006449631449631449,0.005794430794430794,0.0007166257166257166,0.0002661752661752662,8.19000819000819e-05,0.0013513513513513514,0.007135544635544636,0.007237919737919738,0.007125307125307125,0.002395577395577396,4.095004095004095e-05,0.0002866502866502866,0.0,0.0,0.0,0.0,0.0,0.0,0.0,0.0,0.0,0.0,0.0,0.0,0.0,0.0,0.0,0.0,0.0,0.0,0.0,0.0,0.0,0.0,0.0,0.0,0.0,0.0,0.0,0.0,0.0,0.0,0.0,nan,nan,4.375767366720517,2.9068457193924577,nan,0.849605521466176,0.035770869051089685,0.0,0.0,0.0,0.0,0.0,0.0,0.0,0.0,0.0,0.0,0.0,0.0,0.0,0.0,0.0,0.0,0.0,0.0,0.0,0.0,0.01191895113230036,0.04767580452920144,0.5005959475566151,1.5852205005959428,6.734207389749703,12.419547079856976,6.6030989272944,1.65673420738975,0.34564958283671043,0.09535160905840288,0.8482623496889615,0.035909446330405895,0.0,0.0,0.0,0.0,0.0,0.0,0.0,0.0,0.0,0.0,0.0,0.0,0.0,0.0,0.0,0.0,0.0,0.0,0.0,0.0,0.0,0.08871989860583018,0.6083650190114069,1.7617237008871935,6.717363751584285,12.205323193916353,6.856780735107733,1.2927756653992397,0.3675538656527251,0.1013941698352345,0.4321,0.01643,0.0,0.0,0.0,0.0,0.0,0.0,0.0,0.0,0.0,0.0,0.01191895113230036,0.7032181168057201,15.339690107270563,13.373063170441004,0.5721096543504173,0.0,0.0,0.0,0.0,0.0,0.0,0.0,0.0,0.0,0.0,0.0,0.0,0.0,0.0,0.0,0.4316,0.01576,0.0,0.0,0.0,0.0,0.0,0.0,0.0,0.0,0.0,0.0,0.0,0.7351077313054489,15.373891001267431,13.510773130544997,0.38022813688212936,0.0,0.0,0.0,0.0,0.0,0.0,0.0,0.0,0.0,0.0,0.0,0.0,0.0,0.0,0.0
64500,4745,2417,0.5093782929399367,1138,961,0.4423603793466807,1363,0.5744994731296101,0.42599999999999993,2.926975945017182,2.952922856772047,6.176978417266187,2.064162050507955,6649.800000000001,9.094947017729282e-13,6649.8,6649.8,6649.800000000002,1.8189894035458565e-12,6649.800000000001,9.094947017729282e-13,29.03245521601686,21.273149552062872,33.937764500871296,19.4206891438566,0.13487881981032665,0.0939936775553214,0.09315068493150686,0.08029504741833508,0.07629083245521602,0.06954689146469968,0.06828240252897787,0.07123287671232877,0.057112750263435194,0.055637513171759745,0.04847207586933614,0.04678609062170706,0.03772391991570074,0.0273972602739726,0.019178082191780823,0.011801896733403582,0.00821917808219178,0.849413128107692,0.03534946104274331,0.0,0.0,0.0,0.0,0.0,0.0,0.0,0.0,0.0,0.0,0.0,0.0,0.0,0.0,0.0,0.0,0.0,0.0,0.0,0.0,0.006322444678609064,0.0695468914646997,0.4362486828240254,1.5995785036880878,7.125395152792414,12.195995785036883,6.373024236037936,1.7323498419388834,0.36037934668071664,0.10115911485774502,4.163554410817772,2.6888979231251344,3.526315789473684,2.4573931641955267,0.8469484103081706,4.057324840764331,2.700417609168113,4.262548262548263,2.6722368195229436,1.0505809689483159,0.4321,0.01631,0.0,0.0,0.0,0.0,0.0,0.0,0.0,0.0,0.0,0.0,0.0,0.6828240252897777,14.813487881981036,14.023182297154904,0.4805057955742888,0.0,0.0,0.0,0.0,0.0,0.0,0.0,0.0,0.0,0.0,0.0,0.0,0.0,0.0,0.0,nan,nan,4.15968,2.688007123800084,nan,0.4321,0.0873,0.0,0.0,0.0,0.0,0.0,0.0,0.0,0.0,0.0,0.0,0.0,0.0,0.0,0.0,0.0,0.0,0.0,0.0,0.0,0.0,0.0,5.2687038988408854e-05,0.0,3.161222339304531e-05,0.007407797681770284,2.107481559536354e-05,0.006996838777660695,0.004467860906217071,0.01267650158061117,0.016701791359325605,0.022634351949420442,0.01828240252897787,0.06182297154899895,0.0373972602739726,0.04325605900948367,0.011232876712328766,0.02916754478398314,0.011116965226554268,0.07038988408851422,0.021643835616438355,0.03227608008429926,0.03113804004214963,0.03662802950474183,0.02064278187565859,0.013909378292939936,0.01368809272918862,0.050990516332982086,0.06299262381454163,0.04563751317175975,0.024868282402528977,0.05789251844046365,0.05874604847207587,0.042434141201264486,0.0476290832455216,0.02344573234984194,0.020389884088514224,0.0039304531085353,0.006722866174920969,0.000547945205479452,0.005247629083245522,0.0004952581664910432,0.000136986301369863,0.00012644889357218123,0.0016438356164383563,0.006301369863013699,0.00732349841938883,0.0062908324552160165,0.00238145416227608,2.107481559536354e-05,0.0002212855637513172,0.0,0.0,0.0,0.0,0.0,0.0,0.0,0.0,0.0,0.0,0.0,0.0,0.0,0.0,0.0,0.0,0.0,0.0,0.0,0.0,0.0,0.0,0.0,0.0,0.0,0.0,0.0,0.0,0.0,0.0,0.0,nan,nan,4.15968,2.688007123800084,nan,0.849654951542431,0.0354030718424954,0.0,0.0,0.0,0.0,0.0,0.0,0.0,0.0,0.0,0.0,0.0,0.0,0.0,0.0,0.0,0.0,0.0,0.0,0.0,0.0,0.0,0.0992966487381051,0.4840711625982624,1.5515101365328872,6.739760033098884,12.399669011170875,6.553578816714937,1.70045510964005,0.35995035167563105,0.11170872983036825,0.8491620597048724,0.03529196134324345,0.0,0.0,0.0,0.0,0.0,0.0,0.0,0.0,0.0,0.0,0.0,0.0,0.0,0.0,0.0,0.0,0.0,0.0,0.0,0.0,0.012886597938144333,0.038659793814433,0.38659793814433,1.6494845360824693,7.52577319587629,11.98453608247423,6.18556701030928,1.7654639175257736,0.36082474226804134,0.09020618556701034,0.4324,0.01634,0.0,0.0,0.0,0.0,0.0,0.0,0.0,0.0,0.0,0.0,0.0,0.6826644600744716,14.63384360777824,14.149772445179979,0.533719486967315,0.0,0.0,0.0,0.0,0.0,0.0,0.0,0.0,0.0,0.0,0.0,0.0,0.0,0.0,0.0,0.4321,0.0163,0.0,0.0,0.0,0.0,0.0,0.0,0.0,0.0,0.0,0.0,0.0,0.6829896907216485,15.000000000000004,13.891752577319592,0.425257731958763,0.0,0.0,0.0,0.0,0.0,0.0,0.0,0.0,0.0,0.0,0.0,0.0,0.0,0.0,0.0
64600,4305,2246,0.521718931475029,1059,864,0.4466898954703833,1199,0.5570267131242741,0.486,2.971830985915493,3.108243609762823,6.705244122965642,2.1368017845048075,6649.800000000002,1.8189894035458565e-12,6649.8,6649.8,6649.800000000002,1.8189894035458565e-12,6649.800000000001,9.094947017729282e-13,27.665737514518003,20.765277438651186,32.645948945615984,19.03001769544814,0.14169570267131243,0.10127758420441348,0.0959349593495935,0.08339140534262486,0.0808362369337979,0.08060394889663182,0.06434378629500581,0.06341463414634146,0.05714285714285714,0.05481997677119629,0.04715447154471545,0.03832752613240418,0.030662020905923345,0.026713124274099883,0.017421602787456445,0.011382113821138212,0.004878048780487805,0.8499612693171883,0.03379920859730174,0.0,0.0,0.0,0.0,0.0,0.0,0.0,0.0,0.0,0.0,0.0,0.0,0.0,0.0,0.0,0.0,0.0,0.0,0.0,0.0,0.00696864111498258,0.041811846689895474,0.3344947735191638,1.4425087108013892,6.662020905923347,12.982578397212547,6.682926829268294,1.4146341463414636,0.3623693379790942,0.0696864111498258,4.32555596062705,2.8935594520040864,3.466666666666667,2.4184476196289406,0.8014384042702628,4.314881380301941,2.9088824967486304,4.326993416239941,2.874456017737682,1.002807037985631,0.4326,0.01624,0.0,0.0,0.0,0.0,0.0,0.0,0.0,0.0,0.0,0.0,0.0,0.6759581881533091,14.592334494773523,14.202090592334498,0.529616724738676,0.0,0.0,0.0,0.0,0.0,0.0,0.0,0.0,0.0,0.0,0.0,0.0,0.0,0.0,0.0,nan,nan,4.320884699057288,2.8918766123938413,nan,0.4326,0.087,0.0,0.0,0.0,0.0,0.0,0.0,0.0,0.0,0.0,0.0,0.0,0.0,0.0,0.0,0.0,0.0,0.0,0.0,0.0,0.0,0.0,3.484320557491289e-05,2.3228803716608595e-05,0.0,0.0066318234610917536,1.1614401858304297e-05,0.00694541231126597,0.003995354239256678,0.011904761904761904,0.017909407665505226,0.024343786295005807,0.01816492450638792,0.06022067363530778,0.03770034843205575,0.04313588850174216,0.012171893147502904,0.026364692218350756,0.009860627177700348,0.06763066202090592,0.022694541231126596,0.03373983739837398,0.03362369337979094,0.036480836236933795,0.020301974448315913,0.012740998838559814,0.013252032520325203,0.05262485481997677,0.06305458768873402,0.045505226480836235,0.02584204413472706,0.05842044134727062,0.06013937282229965,0.041289198606271775,0.0491869918699187,0.023066202090592333,0.019349593495934958,0.00389082462253194,0.006329849012775842,0.0006271777003484321,0.005725900116144019,0.0008826945412311266,8.130081300813008e-05,0.00024390243902439024,0.0014750290360046458,0.006968641114982578,0.007723577235772358,0.005563298490127758,0.0019279907084785134,8.130081300813008e-05,0.00011614401858304297,0.0,0.0,0.0,0.0,0.0,0.0,0.0,0.0,0.0,0.0,0.0,0.0,0.0,0.0,0.0,0.0,0.0,0.0,0.0,0.0,0.0,0.0,0.0,0.0,0.0,0.0,0.0,0.0,0.0,0.0,0.0,nan,nan,4.320884699057288,2.8918766123938413,nan,0.8496505359613991,0.03359825906322229,0.0,0.0,0.0,0.0,0.0,0.0,0.0,0.0,0.0,0.0,0.0,0.0,0.0,0.0,0.0,0.0,0.0,0.0,0.0,0.0,0.013357079252003565,0.06678539626001782,0.32056990204808555,1.4158504007123731,6.638468388245772,13.089937666963493,6.758682101513804,1.3223508459483528,0.3339269813000891,0.040071237756010694,0.8503002237208321,0.034013817889117344,0.0,0.0,0.0,0.0,0.0,0.0,0.0,0.0,0.0,0.0,0.0,0.0,0.0,0.0,0.0,0.0,0.0,0.0,0.0,0.0,0.0,0.014570179698882956,0.3496843127731909,1.4715881495871737,6.687712481787277,12.86546867411365,6.600291403593979,1.5152986886838276,0.39339485186983986,0.10199125789218069,0.4333,0.016,0.0,0.0,0.0,0.0,0.0,0.0,0.0,0.0,0.0,0.0,0.0,0.5743544078361523,14.171861086375783,14.75957257346394,0.4942119323241319,0.0,0.0,0.0,0.0,0.0,0.0,0.0,0.0,0.0,0.0,0.0,0.0,0.0,0.0,0.0,0.4321,0.01646,0.0,0.0,0.0,0.0,0.0,0.0,0.0,0.0,0.0,0.0,0.0,0.7867897037396784,15.050995628946094,13.5939776590578,0.5682370082564353,0.0,0.0,0.0,0.0,0.0,0.0,0.0,0.0,0.0,0.0,0.0,0.0,0.0,0.0,0.0
64700,4525,2284,0.5047513812154696,1134,934,0.4570165745856354,1304,0.576353591160221,0.43399999999999994,2.930388219544846,2.978814123812586,6.383333333333334,1.892575872810238,6649.800000000002,1.8189894035458565e-12,6649.8,6649.8,6649.800000000001,9.094947017729282e-13,6649.800000000002,1.8189894035458565e-12,28.454585635359116,20.77553766235169,33.11564449064449,19.021035093809516,0.1323756906077348,0.0923756906077348,0.09104972375690608,0.08883977900552487,0.08751381215469613,0.07955801104972375,0.061878453038674036,0.06585635359116022,0.06143646408839779,0.05480662983425414,0.049060773480662984,0.03801104972375691,0.035138121546961325,0.02298342541436464,0.01966850828729282,0.013480662983425415,0.0059668508287292815,0.8494832163357603,0.03442397962397193,0.0,0.0,0.0,0.0,0.0,0.0,0.0,0.0,0.0,0.0,0.0,0.0,0.0,0.0,0.0,0.0,0.0,0.0,0.0,0.0,0.0,0.046408839779005534,0.24530386740331497,1.7900552486187788,7.10718232044199,12.23204419889503,6.696132596685085,1.4386740331491716,0.31823204419889506,0.1259668508287293,4.155734947864111,2.7801428599882776,4.2,3.6000000000000005,1.0106515580736544,4.140410958904109,2.753356078339029,4.1721419185282524,2.811990799849805,1.0076637222582712,0.4324,0.01666,0.0,0.0,0.0,0.0,0.0,0.0,0.0,0.0,0.0,0.0,0.0,0.7889502762430928,14.81104972375691,13.737016574585638,0.6629834254143647,0.0,0.0,0.0,0.0,0.0,0.0,0.0,0.0,0.0,0.0,0.0,0.0,0.0,0.0,0.0,nan,nan,4.15588333892055,2.7832959337046037,nan,0.4324,0.087,0.0,0.0,0.0,0.0,0.0,0.0,0.0,0.0,0.0,0.0,0.0,0.0,0.0,0.0,0.0,0.0,0.0,0.0,0.0,0.0,0.0,6.629834254143647e-05,3.3149171270718233e-05,0.0,0.006375690607734807,3.3149171270718233e-05,0.006883977900552486,0.003524861878453039,0.012475138121546962,0.01843093922651934,0.025248618784530386,0.0190939226519337,0.05857458563535912,0.040375690607734806,0.04364640883977901,0.012850828729281769,0.02425414364640884,0.01030939226519337,0.06827624309392265,0.020320441988950277,0.03517127071823204,0.03143646408839779,0.03313812154696132,0.019513812154696133,0.013226519337016575,0.01292817679558011,0.05416574585635359,0.06307182320441988,0.04633149171270718,0.02605524861878453,0.05885082872928177,0.061966850828729284,0.041790055248618785,0.050585635359116025,0.021171270718232046,0.018828729281767955,0.004143646408839779,0.006110497237569061,0.0007955801104972376,0.005646408839779005,0.0009060773480662984,7.734806629834254e-05,0.00023204419889502763,0.000994475138121547,0.00850828729281768,0.006475138121546961,0.0048508287292817675,0.0020220994475138123,0.000143646408839779,8.839779005524861e-05,0.0,0.0,0.0,0.0,0.0,0.0,0.0,0.0,0.0,0.0,0.0,0.0,0.0,0.0,0.0,0.0,0.0,0.0,0.0,0.0,0.0,0.0,0.0,0.0,0.0,0.0,0.0,0.0,0.0,0.0,0.0,nan,nan,4.15588333892055,2.7832959337046037,nan,0.8482850243299939,0.03453851268134213,0.0,0.0,0.0,0.0,0.0,0.0,0.0,0.0,0.0,0.0,0.0,0.0,0.0,0.0,0.0,0.0,0.0,0.0,0.0,0.0,0.0,0.0394045534150613,0.3677758318739055,1.7994746059544602,7.25043782837128,12.215411558669006,6.462346760070054,1.431698774080561,0.341506129597198,0.09194395796847638,0.8507043990850555,0.034263768536207044,0.0,0.0,0.0,0.0,0.0,0.0,0.0,0.0,0.0,0.0,0.0,0.0,0.0,0.0,0.0,0.0,0.0,0.0,0.0,0.0,0.0,0.05354752342704151,0.1204819277108434,1.7804551539491245,6.961178045515396,12.248995983935746,6.934404283801876,1.445783132530121,0.2945113788487283,0.16064257028112452,0.4324,0.01637,0.0,0.0,0.0,0.0,0.0,0.0,0.0,0.0,0.0,0.0,0.0,0.669877408056041,14.934325744308234,13.725919439579688,0.6698774080560421,0.0,0.0,0.0,0.0,0.0,0.0,0.0,0.0,0.0,0.0,0.0,0.0,0.0,0.0,0.0,0.4326,0.01694,0.0,0.0,0.0,0.0,0.0,0.0,0.0,0.0,0.0,0.0,0.0,0.9103078982597042,14.685408299866134,13.748326639892909,0.6559571619812584,0.0,0.0,0.0,0.0,0.0,0.0,0.0,0.0,0.0,0.0,0.0,0.0,0.0,0.0,0.0
64800,4256,2099,0.4931860902255639,1007,931,0.45535714285714285,1205,0.5662593984962406,0.45399999999999996,2.9624478442280946,3.0846471239310227,6.527508090614886,2.1459800464978476,6649.800000000001,9.094947017729282e-13,6649.8,6649.8,6649.800000000001,9.094947017729282e-13,6649.800000000001,9.094947017729282e-13,27.977208646616543,20.897399677016704,32.99411104879417,19.113667110840122,0.13980263157894737,0.09985902255639098,0.08881578947368421,0.08787593984962407,0.08364661654135339,0.0787124060150376,0.06860902255639098,0.05780075187969925,0.05991541353383459,0.052161654135338346,0.047697368421052634,0.03994360902255639,0.03242481203007519,0.025610902255639098,0.01926691729323308,0.011983082706766917,0.0058740601503759395,0.8508202017922151,0.03218809810385674,0.0,0.0,0.0,0.0,0.0,0.0,0.0,0.0,0.0,0.0,0.0,0.0,0.0,0.0,0.0,0.0,0.0,0.0,0.0,0.0,0.0,0.028195488721804517,0.1409774436090226,1.3392857142857102,6.950187969924814,12.98402255639098,6.647086466165415,1.5084586466165417,0.32424812030075195,0.07753759398496242,4.305304944063515,2.8602549026301105,6.0,2.280350850198276,1.3936295054484493,4.178082191780822,2.8109136492166846,4.438444924406047,2.90279116951608,1.0623163261693163,0.4329,0.0164,0.0,0.0,0.0,0.0,0.0,0.0,0.0,0.0,0.0,0.0,0.0,0.6555451127819539,14.421992481203011,14.29511278195489,0.6273496240601505,0.0,0.0,0.0,0.0,0.0,0.0,0.0,0.0,0.0,0.0,0.0,0.0,0.0,0.0,0.0,nan,nan,4.30835734870317,2.8602189330406826,nan,0.4329,0.08813,0.0,0.0,0.0,0.0,0.0,0.0,0.0,0.0,0.0,0.0,0.0,0.0,0.0,0.0,0.0,0.0,0.0,0.0,0.0,0.0,0.0,5.8740601503759395e-05,9.398496240601504e-05,1.174812030075188e-05,0.005333646616541354,0.00014097744360902256,0.007401315789473684,0.0037828947368421053,0.0137453007518797,0.019396146616541352,0.026304041353383458,0.02032424812030075,0.058411654135338345,0.038134398496240604,0.04164708646616541,0.013099154135338346,0.025023496240601503,0.012159304511278196,0.06785714285714285,0.019760338345864662,0.03321193609022556,0.0312734962406015,0.0331531954887218,0.01994830827067669,0.012523496240601504,0.01150140977443609,0.05481672932330827,0.06239426691729323,0.045535714285714284,0.02601033834586466,0.05583881578947368,0.06090225563909774,0.043914473684210524,0.05149201127819549,0.02050046992481203,0.017892387218045112,0.00474624060150376,0.007048872180451127,0.001351033834586466,0.005909304511278196,0.0015037593984962407,8.223684210526316e-05,0.00042293233082706767,0.0011160714285714285,0.009445488721804512,0.00649671052631579,0.005791823308270677,0.0019854323308270676,0.00036419172932330827,0.00014097744360902256,0.0,0.0,0.0,0.0,0.0,0.0,0.0,0.0,0.0,0.0,0.0,0.0,0.0,0.0,0.0,0.0,0.0,0.0,0.0,0.0,0.0,0.0,0.0,0.0,0.0,0.0,0.0,0.0,0.0,0.0,0.0,nan,nan,4.30835734870317,2.8602189330406826,nan,0.8504766838615312,0.03152559909857669,0.0,0.0,0.0,0.0,0.0,0.0,0.0,0.0,0.0,0.0,0.0,0.0,0.0,0.0,0.0,0.0,0.0,0.0,0.0,0.0,0.0,0.028585040495474043,0.08575512148642211,1.3006193425440644,7.046212482134352,13.134826107670323,6.817532158170559,1.1862791805621726,0.31443544545021446,0.08575512148642211,0.8511544828012578,0.032816495016756965,0.0,0.0,0.0,0.0,0.0,0.0,0.0,0.0,0.0,0.0,0.0,0.0,0.0,0.0,0.0,0.0,0.0,0.0,0.0,0.0,0.0,0.027816411682892915,0.1947148817802504,1.3769123783031947,6.856745479833103,12.83727399165508,6.481223922114049,1.8219749652294859,0.33379694019471495,0.06954102920723228,0.433,0.01628,0.0,0.0,0.0,0.0,0.0,0.0,0.0,0.0,0.0,0.0,0.0,0.6002858504049539,14.478323010957602,14.235350166746073,0.6860409718913769,0.0,0.0,0.0,0.0,0.0,0.0,0.0,0.0,0.0,0.0,0.0,0.0,0.0,0.0,0.0,0.4326,0.0165,0.0,0.0,0.0,0.0,0.0,0.0,0.0,0.0,0.0,0.0,0.0,0.7093184979137681,14.36717663421419,14.353268428372743,0.5702364394993047,0.0,0.0,0.0,0.0,0.0,0.0,0.0,0.0,0.0,0.0,0.0,0.0,0.0,0.0,0.0
64900,4096,2120,0.517578125,968,850,0.44384765625,1174,0.5732421875,0.44999999999999996,3.0096153846153846,3.0334519315957147,6.471631205673759,2.0742195401813612,6649.800000000002,1.8189894035458565e-12,6649.8,6649.8,6649.800000000002,1.8189894035458565e-12,6649.800000000001,9.094947017729282e-13,27.869384765625,20.944513289312173,32.88422280548265,19.20742963794278,0.13916015625,0.101318359375,0.09521484375,0.085205078125,0.080810546875,0.078125,0.07080078125,0.06884765625,0.05029296875,0.0458984375,0.042236328125,0.042236328125,0.036865234375,0.026123046875,0.02001953125,0.00927734375,0.007568359375,0.8516876200592378,0.03327433898565136,0.0,0.0,0.0,0.0,0.0,0.0,0.0,0.0,0.0,0.0,0.0,0.0,0.0,0.0,0.0,0.0,0.0,0.0,0.0,0.0,0.0,0.051269531250000014,0.15380859375000003,1.3989257812499956,6.569824218750002,13.081054687500004,6.723632812500002,1.5380859375000004,0.3808593750000001,0.10253906250000003,4.293556995806329,2.812745426287808,4.0,2.2038926600773587,0.9316284851713728,4.25629290617849,2.8362217408334316,4.329037149355573,2.7859168571196964,1.0170909861657986,0.4336,0.01692,0.0,0.0,0.0,0.0,0.0,0.0,0.0,0.0,0.0,0.0,0.0,0.7543945312499989,14.135742187500004,14.428710937500004,0.6811523437500001,0.0,0.0,0.0,0.0,0.0,0.0,0.0,0.0,0.0,0.0,0.0,0.0,0.0,0.0,0.0,nan,nan,4.2927756653992395,2.8113406093743483,nan,0.4336,0.089,0.0,0.0,0.0,0.0,0.0,0.0,0.0,0.0,0.0,0.0,0.0,0.0,0.0,0.0,0.0,0.0,0.0,0.0,0.0,0.0,0.0,0.0,0.0002197265625,0.0,0.00555419921875,0.00040283203125,0.00792236328125,0.00421142578125,0.01429443359375,0.0197265625,0.02601318359375,0.01953125,0.05919189453125,0.03909912109375,0.041650390625,0.01207275390625,0.02252197265625,0.010693359375,0.06785888671875,0.01883544921875,0.03343505859375,0.03115234375,0.0318359375,0.0206298828125,0.01126708984375,0.01148681640625,0.0564697265625,0.06029052734375,0.04432373046875,0.0275146484375,0.051953125,0.06060791015625,0.04691162109375,0.0549072265625,0.0218994140625,0.017724609375,0.00418701171875,0.0072509765625,0.00166015625,0.00601806640625,0.0020751953125,1.220703125e-05,0.00029296875,0.00079345703125,0.00882568359375,0.006787109375,0.00716552734375,0.00216064453125,0.000341796875,0.00020751953125,1.220703125e-05,0.0,0.0,0.0,0.0,0.0,0.0,0.0,0.0,0.0,0.0,0.0,0.0,0.0,0.0,0.0,0.0,0.0,0.0,0.0,0.0,0.0,0.0,0.0,0.0,0.0,0.0,0.0,0.0,0.0,0.0,nan,nan,4.2927756653992395,2.8113406093743483,nan,0.8517116289374963,0.033405737141539216,0.0,0.0,0.0,0.0,0.0,0.0,0.0,0.0,0.0,0.0,0.0,0.0,0.0,0.0,0.0,0.0,0.0,0.0,0.0,0.0,0.0,0.04245283018867925,0.11320754716981135,1.4575471698113163,6.622641509433964,13.089622641509438,6.566037735849059,1.627358490566038,0.41037735849056617,0.07075471698113209,0.8516618615461264,0.033132766469910487,0.0,0.0,0.0,0.0,0.0,0.0,0.0,0.0,0.0,0.0,0.0,0.0,0.0,0.0,0.0,0.0,0.0,0.0,0.0,0.0,0.0,0.060728744939271266,0.19736842105263164,1.3360323886639636,6.513157894736844,13.071862348178142,6.892712550607289,1.4423076923076925,0.34919028340080976,0.13663967611336036,0.4333,0.01721,0.0,0.0,0.0,0.0,0.0,0.0,0.0,0.0,0.0,0.0,0.0,0.7499999999999989,14.448113207547173,14.009433962264154,0.7924528301886795,0.0,0.0,0.0,0.0,0.0,0.0,0.0,0.0,0.0,0.0,0.0,0.0,0.0,0.0,0.0,0.4338,0.01662,0.0,0.0,0.0,0.0,0.0,0.0,0.0,0.0,0.0,0.0,0.0,0.7591093117408896,13.800607287449397,14.878542510121461,0.5617408906882593,0.0,0.0,0.0,0.0,0.0,0.0,0.0,0.0,0.0,0.0,0.0,0.0,0.0,0.0,0.0
65000,4050,2017,0.4980246913580247,943,836,0.43925925925925924,1135,0.5604938271604938,0.46199999999999997,2.8883423512051154,3.0581874427002353,6.524064171122995,2.0212441826243905,6649.800000000002,1.8189894035458565e-12,6649.8,6649.8,6649.800000000003,2.7284841053187847e-12,6649.800000000003,2.7284841053187847e-12,27.449135802469137,20.74264422335348,32.50088809946714,19.010860513057313,0.14395061728395062,0.10641975308641975,0.09209876543209876,0.08518518518518518,0.08419753086419753,0.07061728395061728,0.0691358024691358,0.05802469135802469,0.06024691358024691,0.05753086419753087,0.04395061728395062,0.041234567901234566,0.03185185185185185,0.020246913580246915,0.018765432098765432,0.010123456790123457,0.006419753086419753,0.8507056824954939,0.034458020620306236,0.0,0.0,0.0,0.0,0.0,0.0,0.0,0.0,0.0,0.0,0.0,0.0,0.0,0.0,0.0,0.0,0.0,0.0,0.0,0.0,0.0,0.04444444444444445,0.2370370370370371,1.5851851851851801,6.888888888888891,12.237037037037041,6.829629629629632,1.6962962962962966,0.3703703703703704,0.11111111111111113,4.407523510971787,2.8476311133837515,4.666666666666667,3.4641016151377544,1.0587956377430061,4.4189723320158105,2.793264720296566,4.398148148148148,2.904412824409666,0.9952875505201085,0.433,0.01642,0.0,0.0,0.0,0.0,0.0,0.0,0.0,0.0,0.0,0.0,0.0,0.6888888888888879,14.533333333333337,14.155555555555559,0.6222222222222223,0.0,0.0,0.0,0.0,0.0,0.0,0.0,0.0,0.0,0.0,0.0,0.0,0.0,0.0,0.0,nan,nan,4.40843420538852,2.850072292743323,nan,0.433,0.08856,0.0,0.0,0.0,0.0,0.0,0.0,0.0,0.0,0.0,0.0,0.0,0.0,0.0,0.0,0.0,0.0,0.0,0.0,0.0,0.0,0.0,0.0,0.00025925925925925926,0.0,0.005518518518518518,0.0008148148148148148,0.009308641975308642,0.003925925925925926,0.014296296296296297,0.019049382716049383,0.025925925925925925,0.019864197530864196,0.06018518518518518,0.03579012345679013,0.04216049382716049,0.011123456790123457,0.02071604938271605,0.010432098765432099,0.07319753086419753,0.019333333333333334,0.03537037037037037,0.03014814814814815,0.032469135802469136,0.020234567901234568,0.01217283950617284,0.012345679012345678,0.05519753086419753,0.057074074074074076,0.04298765432098765,0.029209876543209876,0.05228395061728395,0.061160493827160496,0.047358024691358025,0.05409876543209877,0.021703703703703704,0.017864197530864198,0.0044320987654320985,0.0077654320987654325,0.0017777777777777779,0.00654320987654321,0.0017160493827160495,0.0,0.00020987654320987656,0.0005308641975308642,0.008802469135802468,0.006555555555555556,0.005197530864197531,0.002345679012345679,0.0003950617283950617,0.00014814814814814815,0.0,0.0,0.0,0.0,0.0,0.0,0.0,0.0,0.0,0.0,0.0,0.0,0.0,0.0,0.0,0.0,0.0,0.0,0.0,0.0,0.0,0.0,0.0,0.0,0.0,0.0,0.0,0.0,0.0,0.0,0.0,nan,nan,4.40843420538852,2.850072292743323,nan,0.851067762506085,0.03464466272742489,0.0,0.0,0.0,0.0,0.0,0.0,0.0,0.0,0.0,0.0,0.0,0.0,0.0,0.0,0.0,0.0,0.0,0.0,0.0,0.0,0.0,0.044620723847297976,0.1784828953891919,1.6360932077342536,7.035200793257315,11.854238968765495,7.005453644025783,1.7104610808130891,0.4164600892414478,0.11898859692612794,0.8503464521062356,0.03426806243367437,0.0,0.0,0.0,0.0,0.0,0.0,0.0,0.0,0.0,0.0,0.0,0.0,0.0,0.0,0.0,0.0,0.0,0.0,0.0,0.0,0.0,0.044269552385637,0.29513034923757997,1.5346778160354109,6.743728480078703,12.616822429906545,6.65518937530743,1.682242990654206,0.324643384161338,0.103295622233153,0.4333,0.01637,0.0,0.0,0.0,0.0,0.0,0.0,0.0,0.0,0.0,0.0,0.0,0.6841844323252345,14.174516608824991,14.486861675756076,0.6544372830937036,0.0,0.0,0.0,0.0,0.0,0.0,0.0,0.0,0.0,0.0,0.0,0.0,0.0,0.0,0.0,0.4326,0.01645,0.0,0.0,0.0,0.0,0.0,0.0,0.0,0.0,0.0,0.0,0.0,0.6935563207083119,14.88932611903591,13.826856861780623,0.5902606984751599,0.0,0.0,0.0,0.0,0.0,0.0,0.0,0.0,0.0,0.0,0.0,0.0,0.0,0.0,0.0
65100,4088,2052,0.5019569471624267,1002,865,0.45670254403131116,1190,0.5821917808219178,0.43799999999999994,2.930255402750491,3.049533465171624,6.593525179856115,2.0690145930023363,6649.800000000001,9.094947017729282e-13,6649.8,6649.8,6649.800000000003,2.7284841053187847e-12,6649.800000000002,1.8189894035458565e-12,27.79207436399217,20.672980650238028,32.5970409051349,18.948109020588735,0.13894324853228962,0.10078277886497064,0.08977495107632094,0.08610567514677103,0.08610567514677103,0.07925636007827788,0.06922700587084149,0.06506849315068493,0.05552837573385518,0.0511252446183953,0.04672211350293542,0.03840508806262231,0.03057729941291585,0.02984344422700587,0.015900195694716242,0.011986301369863013,0.004647749510763209,0.8510000709072485,0.03406887329714367,0.0,0.0,0.0,0.0,0.0,0.0,0.0,0.0,0.0,0.0,0.0,0.0,0.0,0.0,0.0,0.0,0.0,0.0,0.0,0.0,0.007338551859099806,0.04403131115459883,0.2715264187866928,1.4236790606653575,6.560665362035227,12.959882583170257,6.714774951076323,1.4897260273972606,0.4329745596868886,0.09540117416829748,4.267322983718288,2.8310544603782795,4.526315789473684,2.414177882353624,1.0606921029281278,4.252286585365853,2.858914857384051,4.285608308605341,2.798240333192425,1.0078361894407972,0.4336,0.01672,0.0,0.0,0.0,0.0,0.0,0.0,0.0,0.0,0.0,0.0,0.0,0.7338551859099793,14.112035225048928,14.361545988258321,0.7925636007827791,0.0,0.0,0.0,0.0,0.0,0.0,0.0,0.0,0.0,0.0,0.0,0.0,0.0,0.0,0.0,nan,nan,4.269172932330827,2.8283787553346253,nan,0.4336,0.0884,0.0,0.0,0.0,0.0,0.0,0.0,0.0,0.0,0.0,0.0,0.0,0.0,0.0,0.0,0.0,0.0,0.0,0.0,0.0,0.0,0.0,0.0,0.00040362035225048924,4.892367906066536e-05,0.005638454011741683,0.0006727005870841487,0.011020058708414873,0.0029965753424657533,0.01300146771037182,0.01780821917808219,0.02553816046966732,0.01911692759295499,0.06268346379647749,0.03411203522504892,0.04365215264187867,0.00962573385518591,0.01909246575342466,0.01009050880626223,0.07261497064579256,0.018126223091976517,0.035579745596868884,0.029562133072407046,0.036179060665362035,0.019630626223091977,0.01236545988258317,0.011656066536203522,0.05812133072407045,0.0561399217221135,0.04151174168297456,0.029855675146771038,0.05572407045009785,0.06097113502935421,0.048605675146771034,0.05275195694716243,0.020743639921722113,0.01720890410958904,0.004488747553816047,0.00825587084148728,0.0019324853228962818,0.006714774951076321,0.0016267123287671233,1.223091976516634e-05,0.00011007827788649707,0.0009173189823874755,0.008365949119373777,0.007069471624266145,0.004341976516634051,0.0027519569471624265,0.0005136986301369863,3.669275929549902e-05,1.223091976516634e-05,0.0,0.0,0.0,0.0,0.0,0.0,0.0,0.0,0.0,0.0,0.0,0.0,0.0,0.0,0.0,0.0,0.0,0.0,0.0,0.0,0.0,0.0,0.0,0.0,0.0,0.0,0.0,0.0,0.0,0.0,nan,nan,4.269172932330827,2.8283787553346253,nan,0.8515392855303562,0.03356504558488504,0.0,0.0,0.0,0.0,0.0,0.0,0.0,0.0,0.0,0.0,0.0,0.0,0.0,0.0,0.0,0.0,0.0,0.0,0.0,0.0,0.014619883040935675,0.02923976608187135,0.1900584795321638,1.3596491228070133,6.7397660818713465,12.719298245614038,6.92982456140351,1.5058479532163747,0.43859649122807026,0.07309941520467837,0.85045661884113,0.034560720181899526,0.0,0.0,0.0,0.0,0.0,0.0,0.0,0.0,0.0,0.0,0.0,0.0,0.0,0.0,0.0,0.0,0.0,0.0,0.0,0.0,0.0,0.058939096267190585,0.3536345776031435,1.4882121807465571,6.380157170923381,13.202357563850692,6.498035363457762,1.4734774066797645,0.42730844793713174,0.11787819253438117,0.4336,0.01663,0.0,0.0,0.0,0.0,0.0,0.0,0.0,0.0,0.0,0.0,0.0,0.7602339181286538,13.976608187134506,14.473684210526319,0.7894736842105265,0.0,0.0,0.0,0.0,0.0,0.0,0.0,0.0,0.0,0.0,0.0,0.0,0.0,0.0,0.0,0.4336,0.01683,0.0,0.0,0.0,0.0,0.0,0.0,0.0,0.0,0.0,0.0,0.0,0.7072691552062859,14.248526522593323,14.248526522593323,0.795677799607073,0.0,0.0,0.0,0.0,0.0,0.0,0.0,0.0,0.0,0.0,0.0,0.0,0.0,0.0,0.0
65200,4092,2036,0.4975562072336266,950,880,0.4472140762463343,1168,0.570869990224829,0.44599999999999995,2.955252918287938,3.045047908461559,6.385123966942149,2.08071273377657,6649.800000000002,1.8189894035458565e-12,6649.8,6649.8,6649.800000000002,1.8189894035458565e-12,6649.800000000002,1.8189894035458565e-12,28.07820136852395,20.941645961393625,32.877604166666664,19.247709298549378,0.13563049853372433,0.09946236559139784,0.09359726295210166,0.08528836754643206,0.08333333333333333,0.07624633431085044,0.0718475073313783,0.06451612903225806,0.05596285434995112,0.051075268817204304,0.04643206256109482,0.03787878787878788,0.03567937438905181,0.02346041055718475,0.019794721407624633,0.011730205278592375,0.008064516129032258,0.8522960827526576,0.03347116138671545,0.0,0.0,0.0,0.0,0.0,0.0,0.0,0.0,0.0,0.0,0.0,0.0,0.0,0.0,0.0,0.0,0.0,0.0,0.0,0.0,0.0,0.029325513196480947,0.3005865102639297,1.3489736070381189,6.063049853372436,13.049853372434022,7.236070381231674,1.5102639296187688,0.38856304985337253,0.07331378299120236,4.278781038374718,2.8478090300870114,4.444444444444445,2.2662308949301266,1.0387174301708726,4.286146858440575,2.8587537037077677,4.272659732540862,2.833535885651183,0.99685332156243,0.4333,0.01639,0.0,0.0,0.0,0.0,0.0,0.0,0.0,0.0,0.0,0.0,0.0,0.5718475073313776,14.472140762463347,14.25219941348974,0.7038123167155427,0.0,0.0,0.0,0.0,0.0,0.0,0.0,0.0,0.0,0.0,0.0,0.0,0.0,0.0,0.0,nan,nan,4.279340082489689,2.846062517843294,nan,0.4333,0.0885,0.0,0.0,0.0,0.0,0.0,0.0,0.0,0.0,0.0,0.0,0.0,0.0,0.0,0.0,0.0,0.0,0.0,0.0,0.0,0.0,0.0,0.0,0.0005009775171065494,0.0,0.006109481915933529,0.000855327468230694,0.010789345063538612,0.0026270772238514172,0.012817693059628543,0.01653225806451613,0.02653958944281525,0.02029569892473118,0.06199902248289345,0.03322336265884653,0.044623655913978495,0.008333333333333333,0.020039100684261974,0.010703812316715543,0.07187194525904203,0.018548387096774192,0.03670576735092864,0.029203323558162266,0.03740224828934506,0.020417888563049852,0.011827956989247311,0.01237781036168133,0.05656158357771261,0.05565738025415445,0.041935483870967745,0.030962854349951125,0.05420332355816227,0.06085043988269795,0.048350439882697945,0.050940860215053764,0.021700879765395895,0.019440371456500488,0.004337732160312805,0.0064516129032258064,0.0015518084066471164,0.006378299120234604,0.0011974584555229718,1.2218963831867058e-05,0.0,0.0009530791788856305,0.008088954056695992,0.007441348973607038,0.004545454545454545,0.003335777126099707,0.0006720430107526882,6.109481915933529e-05,2.4437927663734115e-05,0.0,0.0,0.0,0.0,0.0,0.0,0.0,0.0,0.0,0.0,0.0,0.0,0.0,0.0,0.0,0.0,0.0,0.0,0.0,0.0,0.0,0.0,0.0,0.0,0.0,0.0,0.0,0.0,0.0,0.0,nan,nan,4.279340082489689,2.846062517843294,nan,0.8524345374997332,0.03343176698912698,0.0,0.0,0.0,0.0,0.0,0.0,0.0,0.0,0.0,0.0,0.0,0.0,0.0,0.0,0.0,0.0,0.0,0.0,0.0,0.0,0.0,0.029469548133595293,0.30943025540275054,1.2966601178781885,6.041257367387035,13.158153241650298,7.2053045186640485,1.488212180746562,0.3978388998035365,0.07367387033398823,0.8521589748416429,0.03350956318989659,0.0,0.0,0.0,0.0,0.0,0.0,0.0,0.0,0.0,0.0,0.0,0.0,0.0,0.0,0.0,0.0,0.0,0.0,0.0,0.0,0.0,0.029182879377431914,0.29182879377431914,1.400778210116727,6.084630350194554,12.942607003891053,7.2665369649805465,1.5321011673151756,0.3793774319066149,0.07295719844357978,0.4336,0.01634,0.0,0.0,0.0,0.0,0.0,0.0,0.0,0.0,0.0,0.0,0.0,0.5157170923379167,14.64636542239686,14.14538310412574,0.6925343811394893,0.0,0.0,0.0,0.0,0.0,0.0,0.0,0.0,0.0,0.0,0.0,0.0,0.0,0.0,0.0,0.4333,0.01645,0.0,0.0,0.0,0.0,0.0,0.0,0.0,0.0,0.0,0.0,0.0,0.6274319066147851,14.299610894941639,14.357976653696502,0.7149805447470818,0.0,0.0,0.0,0.0,0.0,0.0,0.0,0.0,0.0,0.0,0.0,0.0,0.0,0.0,0.0
65300,3764,1974,0.524442082890542,933,745,0.44580233793836344,1024,0.5441020191285866,0.494,2.994413407821229,3.0991027836667255,6.688128772635815,2.005354983833089,6649.800000000003,2.7284841053187847e-12,6649.8,6649.8,6649.800000000001,9.094947017729282e-13,6649.800000000002,1.8189894035458565e-12,27.999734325185972,20.92641197898278,32.94751817894404,19.163483625194143,0.14319872476089265,0.09298618490967056,0.09325185972369819,0.08873538788522849,0.0810308182784272,0.0765143464399575,0.06987247608926674,0.06349628055260362,0.05499468650371945,0.05499468650371945,0.04357066950053135,0.03852284803400638,0.03427205100956429,0.028427205100956428,0.018862911795961744,0.011158342189160468,0.006110520722635494,0.8516962031628956,0.0336315519827064,0.0,0.0,0.0,0.0,0.0,0.0,0.0,0.0,0.0,0.0,0.0,0.0,0.0,0.0,0.0,0.0,0.0,0.0,0.0,0.0,0.0,0.04782146652497344,0.2709883103081828,1.4505844845908562,6.176939426142403,13.150903294367698,6.981934112646123,1.4426142401700321,0.430393198724761,0.04782146652497344,4.246785566155122,2.8542765245674224,2.5714285714285716,2.1285234893930487,0.605499979071617,4.205378973105135,2.8976347742714648,4.279596977329975,2.8075546110143565,1.0176483510046277,0.4329,0.01624,0.0,0.0,0.0,0.0,0.0,0.0,0.0,0.0,0.0,0.0,0.0,0.677470775770456,14.537725823591927,14.123273113708825,0.6615302869287992,0.0,0.0,0.0,0.0,0.0,0.0,0.0,0.0,0.0,0.0,0.0,0.0,0.0,0.0,0.0,nan,nan,4.241935483870968,2.8538618750955447,nan,0.4329,0.08795,0.0,0.0,0.0,0.0,0.0,0.0,0.0,0.0,0.0,0.0,0.0,0.0,0.0,0.0,0.0,0.0,0.0,0.0,0.0,0.0,1.328374070138151e-05,0.0,0.0002789585547290117,6.641870350690754e-05,0.005645589798087141,0.0006376195536663124,0.010507438894792774,0.0026965993623804464,0.011517003188097768,0.016578108395324122,0.02589001062699256,0.019354410201912857,0.06354941551540914,0.03318278427205101,0.0448990435706695,0.010175345377258236,0.020284272051009564,0.011756110520722635,0.07380446333687567,0.018105738575982997,0.03853613177470776,0.029981402763018066,0.04020988310308183,0.02078905419766206,0.010626992561105207,0.013443145589798087,0.05446333687566419,0.05410467587672688,0.042215727948990436,0.027749734325185973,0.0548884165781084,0.06377523910733263,0.04500531349628055,0.04981402763018066,0.022037725823591925,0.01794633368756642,0.004795430393198725,0.005990967056323061,0.0022316684378320935,0.006748140276301807,0.0009165781083953241,0.0,0.0,0.001195536663124336,0.007691285866099894,0.006987247608926674,0.004396918172157279,0.003812433581296493,0.0006907545164718385,1.328374070138151e-05,0.0,0.0,0.0,0.0,0.0,0.0,0.0,0.0,0.0,0.0,0.0,0.0,0.0,0.0,0.0,0.0,0.0,0.0,0.0,0.0,0.0,0.0,0.0,0.0,0.0,0.0,0.0,0.0,0.0,0.0,0.0,nan,nan,4.241935483870968,2.8538618750955447,nan,0.8517312530386654,0.03340738460153816,0.0,0.0,0.0,0.0,0.0,0.0,0.0,0.0,0.0,0.0,0.0,0.0,0.0,0.0,0.0,0.0,0.0,0.0,0.0,0.0,0.0,0.03039513677811551,0.2583586626139818,1.4437689969604819,6.215805471124621,13.130699088145901,7.158054711246202,1.2765957446808514,0.42553191489361714,0.06079027355623102,0.851657550394868,0.03387700037759715,0.0,0.0,0.0,0.0,0.0,0.0,0.0,0.0,0.0,0.0,0.0,0.0,0.0,0.0,0.0,0.0,0.0,0.0,0.0,0.0,0.0,0.06703910614525141,0.2849162011173185,1.4581005586592133,6.134078212290504,13.173184357541901,6.787709497206705,1.6256983240223466,0.43575418994413423,0.033519553072625705,0.4329,0.01625,0.0,0.0,0.0,0.0,0.0,0.0,0.0,0.0,0.0,0.0,0.0,0.729483282674771,14.498480243161097,14.179331306990886,0.5927051671732524,0.0,0.0,0.0,0.0,0.0,0.0,0.0,0.0,0.0,0.0,0.0,0.0,0.0,0.0,0.0,0.4329,0.01622,0.0,0.0,0.0,0.0,0.0,0.0,0.0,0.0,0.0,0.0,0.0,0.6201117318435745,14.581005586592182,14.061452513966485,0.7374301675977655,0.0,0.0,0.0,0.0,0.0,0.0,0.0,0.0,0.0,0.0,0.0,0.0,0.0,0.0,0.0
65400,3976,2056,0.5171026156941649,987,796,0.44844064386317906,1115,0.5608651911468813,0.46599999999999997,3.0359375,3.056287943910676,6.589090909090909,1.9739828430011266,6649.800000000001,9.094947017729282e-13,6649.8,6649.8,6649.800000000002,1.8189894035458565e-12,6649.800000000002,1.8189894035458565e-12,28.414486921529175,21.153499821935608,33.40682022135806,19.36607310391124,0.13958752515090544,0.09758551307847083,0.08953722334004025,0.08023138832997988,0.08123742454728371,0.08023138832997988,0.07268611670020121,0.06338028169014084,0.05206237424547284,0.05357142857142857,0.048541247484909456,0.040492957746478875,0.030935613682092557,0.029678068410462777,0.02188128772635815,0.009557344064386318,0.008802816901408451,0.852106259142609,0.0339792766368422,0.0,0.0,0.0,0.0,0.0,0.0,0.0,0.0,0.0,0.0,0.0,0.0,0.0,0.0,0.0,0.0,0.0,0.0,0.0,0.0,0.0,0.02263581488933602,0.2867203219315896,1.4260563380281646,6.209758551307849,13.091046277665999,6.617203219315897,1.924044265593562,0.2867203219315896,0.13581488933601613,4.363777089783282,2.8511885479689956,4.461538461538462,3.1529079279875685,1.0224029252053375,4.348159509202454,2.8036369323035477,4.380510440835267,2.901420947332316,1.0074401437123788,0.4333,0.0164,0.0,0.0,0.0,0.0,0.0,0.0,0.0,0.0,0.0,0.0,0.0,0.6338028169014075,14.403923541247488,14.185110663983908,0.7771629778672035,0.0,0.0,0.0,0.0,0.0,0.0,0.0,0.0,0.0,0.0,0.0,0.0,0.0,0.0,0.0,nan,nan,4.364266461301502,2.8527867012595993,nan,0.4333,0.08734,0.0,0.0,0.0,0.0,0.0,0.0,0.0,0.0,0.0,0.0,0.0,0.0,0.0,0.0,0.0,0.0,0.0,0.0,0.0,0.0,0.0,0.0,0.0003772635814889336,6.287726358148894e-05,0.005445171026156942,0.0005533199195171026,0.010160965794768611,0.0028797786720321933,0.009808853118712274,0.017567907444668008,0.025804828973843057,0.01834758551307847,0.06457494969818914,0.02987927565392354,0.04279426559356137,0.010324446680080483,0.020887826961770623,0.013707243460764587,0.07072434607645875,0.01863682092555332,0.04102112676056338,0.030985915492957747,0.04198943661971831,0.019793762575452716,0.010261569416498993,0.014122233400402414,0.05574698189134809,0.055407444668008045,0.043485915492957744,0.02777917505030181,0.05300553319919517,0.06515342052313883,0.046441146881287726,0.048905935613682096,0.022032193158953724,0.01659959758551308,0.004703219315895372,0.005772132796780684,0.0021001006036217304,0.00647635814889336,0.0007796780684104627,0.0,5.0301810865191146e-05,0.0011443661971830986,0.006526659959758551,0.008098591549295774,0.004703219315895372,0.003760060362173038,0.0006161971830985916,0.0,0.0,0.0,0.0,0.0,0.0,0.0,0.0,0.0,0.0,0.0,0.0,0.0,0.0,0.0,0.0,0.0,0.0,0.0,0.0,0.0,0.0,0.0,0.0,0.0,0.0,0.0,0.0,0.0,0.0,0.0,0.0,nan,nan,4.364266461301502,2.8527867012595993,nan,0.8526597884030658,0.03417780179857159,0.0,0.0,0.0,0.0,0.0,0.0,0.0,0.0,0.0,0.0,0.0,0.0,0.0,0.0,0.0,0.0,0.0,0.0,0.0,0.0,0.0,0.014591439688715957,0.24805447470817127,1.400778210116727,6.478599221789885,12.869649805447475,6.405642023346306,2.1595330739299614,0.29182879377431914,0.1313229571984436,0.8515135215595364,0.033755332495889606,0.0,0.0,0.0,0.0,0.0,0.0,0.0,0.0,0.0,0.0,0.0,0.0,0.0,0.0,0.0,0.0,0.0,0.0,0.0,0.0,0.0,0.03125000000000001,0.32812500000000006,1.4531249999999956,5.921875000000001,13.328125000000004,6.843750000000002,1.6718750000000004,0.28125000000000006,0.14062500000000003,0.4333,0.01633,0.0,0.0,0.0,0.0,0.0,0.0,0.0,0.0,0.0,0.0,0.0,0.6274319066147851,14.43093385214008,14.18287937743191,0.7587548638132298,0.0,0.0,0.0,0.0,0.0,0.0,0.0,0.0,0.0,0.0,0.0,0.0,0.0,0.0,0.0,0.4333,0.01648,0.0,0.0,0.0,0.0,0.0,0.0,0.0,0.0,0.0,0.0,0.0,0.640624999999999,14.375000000000004,14.187500000000004,0.7968750000000001,0.0,0.0,0.0,0.0,0.0,0.0,0.0,0.0,0.0,0.0,0.0,0.0,0.0,0.0,0.0
65500,4050,2120,0.5234567901234568,1034,803,0.45358024691358023,1107,0.5466666666666666,0.46199999999999997,2.972538860103627,3.072150059717548,6.557586837294333,2.1115751394868174,6649.800000000002,1.8189894035458565e-12,6649.8,6649.8,6649.800000000002,1.8189894035458565e-12,6649.800000000002,1.8189894035458565e-12,27.978765432098765,20.736597181634526,32.85609613130129,18.943291252320517,0.14098765432098764,0.1,0.09185185185185185,0.07876543209876544,0.08296296296296296,0.07506172839506173,0.07530864197530865,0.061481481481481484,0.05975308641975308,0.05283950617283951,0.049135802469135806,0.04049382716049383,0.03209876543209877,0.02493827160493827,0.01950617283950617,0.008888888888888889,0.005925925925925926,0.8512763047218322,0.0334525872793258,0.0,0.0,0.0,0.0,0.0,0.0,0.0,0.0,0.0,0.0,0.0,0.0,0.0,0.0,0.0,0.0,0.0,0.0,0.0,0.0,0.007407407407407409,0.022222222222222227,0.2518518518518519,1.4814814814814767,6.525925925925928,12.674074074074078,6.874074074074076,1.7629629629629635,0.3185185185185186,0.0814814814814815,4.261750095529232,2.8794198923622316,2.2,1.469693845669907,0.5162198511611227,4.13287775246773,2.863344969447596,4.3839080459770114,2.888829333613795,1.0607398303420401,0.434,0.01587,0.0,0.0,0.0,0.0,0.0,0.0,0.0,0.0,0.0,0.0,0.0,0.43703703703703645,13.896296296296299,15.088888888888892,0.577777777777778,0.0,0.0,0.0,0.0,0.0,0.0,0.0,0.0,0.0,0.0,0.0,0.0,0.0,0.0,0.0,nan,nan,4.257818459191457,2.8787945291577404,nan,0.434,0.0874,0.0,0.0,0.0,0.0,0.0,0.0,0.0,0.0,0.0,0.0,0.0,0.0,0.0,0.0,0.0,0.0,0.0,0.0,0.0,0.0,0.0,0.0,0.0005308641975308642,0.0,0.00482716049382716,0.0003580246913580247,0.01,0.003123456790123457,0.00825925925925926,0.01880246913580247,0.024876543209876544,0.01704938271604938,0.06296296296296296,0.02934567901234568,0.047,0.010049382716049382,0.02148148148148148,0.013888888888888888,0.07095061728395062,0.018493827160493827,0.041839506172839505,0.028790123456790124,0.03966666666666667,0.019345679012345678,0.01074074074074074,0.0134320987654321,0.05764197530864198,0.05383950617283951,0.0445679012345679,0.025185185185185185,0.05411111111111111,0.0691604938271605,0.046098765432098766,0.046925925925925926,0.024876543209876544,0.017358024691358026,0.00354320987654321,0.005592592592592593,0.002654320987654321,0.006901234567901235,0.00044444444444444447,0.0,8.641975308641975e-05,0.0008024691358024691,0.00682716049382716,0.0077901234567901234,0.004395061728395062,0.004333333333333333,0.001037037037037037,0.0,1.2345679012345678e-05,0.0,0.0,0.0,0.0,0.0,0.0,0.0,0.0,0.0,0.0,0.0,0.0,0.0,0.0,0.0,0.0,0.0,0.0,0.0,0.0,0.0,0.0,0.0,0.0,0.0,0.0,0.0,0.0,0.0,0.0,nan,nan,4.257818459191457,2.8787945291577404,nan,0.8517615575273082,0.033474663993326964,0.0,0.0,0.0,0.0,0.0,0.0,0.0,0.0,0.0,0.0,0.0,0.0,0.0,0.0,0.0,0.0,0.0,0.0,0.0,0.0,0.0,0.028301886792452838,0.29716981132075476,1.3584905660377316,6.3962264150943415,12.806603773584909,6.820754716981134,1.8820754716981136,0.3254716981132076,0.0849056603773585,0.850743280914781,0.03342020106949023,0.0,0.0,0.0,0.0,0.0,0.0,0.0,0.0,0.0,0.0,0.0,0.0,0.0,0.0,0.0,0.0,0.0,0.0,0.0,0.0,0.015544041450777205,0.015544041450777205,0.20207253886010368,1.616580310880824,6.668393782383421,12.528497409326427,6.932642487046634,1.6321243523316067,0.3108808290155441,0.07772020725388602,0.4338,0.01581,0.0,0.0,0.0,0.0,0.0,0.0,0.0,0.0,0.0,0.0,0.0,0.5094339622641502,14.136792452830193,14.830188679245287,0.5235849056603775,0.0,0.0,0.0,0.0,0.0,0.0,0.0,0.0,0.0,0.0,0.0,0.0,0.0,0.0,0.0,0.4346,0.01595,0.0,0.0,0.0,0.0,0.0,0.0,0.0,0.0,0.0,0.0,0.0,0.35751295336787514,13.63212435233161,15.373056994818656,0.6373056994818654,0.0,0.0,0.0,0.0,0.0,0.0,0.0,0.0,0.0,0.0,0.0,0.0,0.0,0.0,0.0
65600,3923,2051,0.5228141728269182,968,786,0.4471068060158042,1112,0.5669130767269946,0.45799999999999996,3.0753205128205128,3.0591026252204263,6.461805555555555,2.050220060267846,6649.800000000001,9.094947017729282e-13,6649.8,6649.8,6649.800000000002,1.8189894035458565e-12,6649.800000000003,2.7284841053187847e-12,28.575070099413715,21.16472568979511,33.48460144927536,19.37142685357929,0.13663013000254906,0.09737445832271222,0.09278613306143257,0.0813153199082335,0.07953097119551364,0.06958959979607443,0.07239357634463421,0.06653071628855468,0.05939332143767525,0.05811878664287535,0.04970685699719602,0.03186336986999745,0.03798113688503696,0.027529951567677798,0.018608208004078513,0.010706092276319143,0.009941371399439205,0.8507921070490995,0.0346717595492434,0.0,0.0,0.0,0.0,0.0,0.0,0.0,0.0,0.0,0.0,0.0,0.0,0.0,0.0,0.0,0.0,0.0,0.0,0.0,0.0,0.00764720876879939,0.03058883507519756,0.2523578893703799,1.697680346673459,6.469538618404284,12.954371654346167,6.5001274534794815,1.552383380066276,0.44353810859036463,0.09176650522559267,4.395440251572327,2.845897073347963,6.142857142857143,3.0438965360946453,1.3975521884661575,4.4319066147859925,2.8497104541010922,4.368088467614534,2.8457544073570027,0.9856002951509527,0.435,0.01611,0.0,0.0,0.0,0.0,0.0,0.0,0.0,0.0,0.0,0.0,0.0,0.48942136120316015,13.183787917410148,15.646189140963552,0.6806015804231457,0.0,0.0,0.0,0.0,0.0,0.0,0.0,0.0,0.0,0.0,0.0,0.0,0.0,0.0,0.0,nan,nan,4.400235201881615,2.8479266054742562,nan,0.435,0.0871,0.0,0.0,0.0,0.0,0.0,0.0,0.0,0.0,0.0,0.0,0.0,0.0,0.0,0.0,0.0,0.0,0.0,0.0,0.0,0.0,0.0,0.0,0.0007264848330359419,0.0,0.0044226357379556465,0.0003313790466479735,0.009291358654091256,0.0035941881213357126,0.0074942645934234,0.018952332398674485,0.02526127963293398,0.01612286515421871,0.06209533520265103,0.03023196533265358,0.04687738975274025,0.01037471322967117,0.017524853428498598,0.013191435126178945,0.06891409635483049,0.019819016059138415,0.043831251593168495,0.02760642365536579,0.03860565893448891,0.01899056844251848,0.01175121080805506,0.015409125669130767,0.05699719602345144,0.05410400203925567,0.04580678052510834,0.025732857507009942,0.056423655365791484,0.06835330104511853,0.04834310476676013,0.044799898037216415,0.024980881978078,0.01786897782309457,0.003683405556971705,0.005518735661483558,0.0029059393321437675,0.007965842467499363,0.0004970685699719603,2.549069589599796e-05,0.00024216161101198064,0.0005480499617639561,0.006844251848075453,0.00813153199082335,0.0030843742034157534,0.004652052001019628,0.0010323731837879175,0.0,3.823604384399694e-05,0.0,0.0,0.0,0.0,0.0,0.0,0.0,0.0,0.0,0.0,0.0,0.0,0.0,0.0,0.0,0.0,0.0,0.0,0.0,0.0,0.0,0.0,0.0,0.0,0.0,0.0,0.0,0.0,0.0,0.0,nan,nan,4.400235201881615,2.8479266054742562,nan,0.851110666917627,0.034575962979790986,0.0,0.0,0.0,0.0,0.0,0.0,0.0,0.0,0.0,0.0,0.0,0.0,0.0,0.0,0.0,0.0,0.0,0.0,0.0,0.0,0.0,0.014627011214041934,0.2632862018527548,1.667479278400775,6.479765967820577,13.032666991711364,6.318868844466116,1.6967333008288643,0.40955631399317416,0.11701608971233547,0.8504430865948527,0.03477306309330542,0.0,0.0,0.0,0.0,0.0,0.0,0.0,0.0,0.0,0.0,0.0,0.0,0.0,0.0,0.0,0.0,0.0,0.0,0.0,0.0,0.01602564102564103,0.04807692307692309,0.24038461538461545,1.7307692307692255,6.458333333333334,12.868589743589746,6.698717948717951,1.3942307692307694,0.4807692307692309,0.06410256410256412,0.435,0.01585,0.0,0.0,0.0,0.0,0.0,0.0,0.0,0.0,0.0,0.0,0.0,0.482691370063383,13.164310092637741,15.738664066309122,0.6143344709897612,0.0,0.0,0.0,0.0,0.0,0.0,0.0,0.0,0.0,0.0,0.0,0.0,0.0,0.0,0.0,0.435,0.01639,0.0,0.0,0.0,0.0,0.0,0.0,0.0,0.0,0.0,0.0,0.0,0.4967948717948711,13.20512820512821,15.5448717948718,0.7532051282051283,0.0,0.0,0.0,0.0,0.0,0.0,0.0,0.0,0.0,0.0,0.0,0.0,0.0,0.0,0.0
65700,3902,1937,0.4964120963608406,909,841,0.44848795489492566,1117,0.5725269092772937,0.474,2.947582697201018,3.0349617599539123,6.5150442477876105,2.011965148580879,6649.800000000001,9.094947017729282e-13,6649.8,6649.8,6649.800000000003,2.7284841053187847e-12,6649.800000000002,1.8189894035458565e-12,27.690415171706817,20.613315362965157,32.437291223808074,18.93513710377332,0.13659661711942594,0.10276781137878012,0.09149154279856483,0.09482316760635572,0.0814966683751922,0.06765761148129165,0.07406458226550487,0.06509482316760636,0.057919015889287544,0.05228088159917991,0.046386468477703745,0.03741670937980523,0.0371604305484367,0.021014864172219375,0.01998974884674526,0.008200922603792926,0.005638134290107637,0.8497830562442464,0.03580707509998271,0.0,0.0,0.0,0.0,0.0,0.0,0.0,0.0,0.0,0.0,0.0,0.0,0.0,0.0,0.0,0.0,0.0,0.0,0.0,0.007688364941055871,0.03844182470527935,0.09994874423372632,0.3690415171706818,1.6529984623270066,6.458226550486931,12.67811378780113,6.75807278318811,1.4300358790363918,0.4536135315222964,0.0538185545873911,4.369983948635634,2.8233771599313986,3.96,2.584260048834095,0.9061818181818181,4.416329830234438,2.87443926378481,4.3171875,2.7682945272936097,0.9775509678747942,0.4338,0.016,0.0,0.0,0.0,0.0,0.0,0.0,0.0,0.0,0.0,0.0,0.0,0.7073295745771389,13.508457201435165,15.184520758585345,0.5996924654023579,0.0,0.0,0.0,0.0,0.0,0.0,0.0,0.0,0.0,0.0,0.0,0.0,0.0,0.0,0.0,nan,nan,4.365911799761621,2.821394738199599,nan,0.4338,0.08673,0.0,0.0,0.0,0.0,0.0,0.0,0.0,0.0,0.0,0.0,0.0,0.0,0.0,0.0,0.0,0.0,0.0,0.0,0.0,0.0,0.0,0.0,0.0010379292670425423,0.0,0.004805228088159918,0.00021783700666324962,0.009315735520246027,0.003805740645822655,0.006599179907739621,0.019682214249103023,0.02658892875448488,0.015889287544848796,0.06336494105586879,0.03125320348539211,0.04341363403382881,0.01089185033316248,0.019566888774987187,0.013480266529984623,0.06787544848795489,0.022104049205535624,0.044707842132239876,0.024910302409021014,0.038223987698616096,0.019464377242439775,0.011660686827268068,0.01562019477191184,0.05681701691440287,0.056304459251665814,0.04570732957457714,0.026025115325474114,0.05835468990261405,0.06940030753459764,0.04554074833418759,0.043849308047155304,0.023257303946694004,0.01735007688364941,0.004715530497180933,0.004882111737570477,0.0023833931317273193,0.006970784213223988,0.0007560225525371604,0.0,0.00023065094823167606,0.00047411583803177857,0.006125064069707842,0.007675550999487442,0.003395694515633009,0.004126089185033316,0.0009226037929267043,0.0,0.00025627883136852895,0.0,0.0,0.0,0.0,0.0,0.0,0.0,0.0,0.0,0.0,0.0,0.0,0.0,0.0,0.0,0.0,0.0,0.0,0.0,0.0,0.0,0.0,0.0,0.0,0.0,0.0,0.0,0.0,0.0,0.0,nan,nan,4.365911799761621,2.821394738199599,nan,0.8497333101962852,0.03584516334446057,0.0,0.0,0.0,0.0,0.0,0.0,0.0,0.0,0.0,0.0,0.0,0.0,0.0,0.0,0.0,0.0,0.0,0.0,0.0,0.0,0.04646360351058338,0.12390294269488904,0.3871966959215282,1.5642746515229689,6.597831698502842,12.777490965410433,6.44295302013423,1.6262261228704187,0.4026845637583894,0.03097573567372226,0.8498320934426693,0.03576942218207422,0.0,0.0,0.0,0.0,0.0,0.0,0.0,0.0,0.0,0.0,0.0,0.0,0.0,0.0,0.0,0.0,0.0,0.0,0.0,0.015267175572519087,0.030534351145038174,0.07633587786259544,0.351145038167939,1.7404580152671703,6.320610687022903,12.580152671755728,7.068702290076338,1.236641221374046,0.5038167938931298,0.07633587786259544,0.4333,0.01581,0.0,0.0,0.0,0.0,0.0,0.0,0.0,0.0,0.0,0.0,0.0,0.8363448631904996,13.582860092927211,15.147134744450184,0.43366029943211165,0.0,0.0,0.0,0.0,0.0,0.0,0.0,0.0,0.0,0.0,0.0,0.0,0.0,0.0,0.0,0.4343,0.01619,0.0,0.0,0.0,0.0,0.0,0.0,0.0,0.0,0.0,0.0,0.0,0.5801526717557244,13.435114503816797,15.22137404580153,0.7633587786259544,0.0,0.0,0.0,0.0,0.0,0.0,0.0,0.0,0.0,0.0,0.0,0.0,0.0,0.0,0.0
65800,4198,2159,0.514292520247737,1063,844,0.45426393520724156,1193,0.568365888518342,0.43799999999999994,2.9975478175576264,3.030091663223561,6.430668841761827,1.9853884797740977,6649.800000000002,1.8189894035458565e-12,6649.8,6649.8,6649.800000000001,9.094947017729282e-13,6649.800000000002,1.8189894035458565e-12,28.186517389232968,20.833735496806344,32.9473536036036,19.107987598610645,0.13411148165793235,0.10028585040495475,0.09028108623153883,0.08789899952358265,0.0843258694616484,0.07265364459266317,0.07122439256788947,0.0631252977608385,0.05740828966174369,0.058599333015721775,0.045736064792758456,0.04311576941400667,0.02977608384945212,0.0252501191043354,0.018580276322058123,0.010004764173415913,0.007622677465459742,0.8515415769097009,0.03442010567141907,0.0,0.0,0.0,0.0,0.0,0.0,0.0,0.0,0.0,0.0,0.0,0.0,0.0,0.0,0.0,0.0,0.0,0.0,0.0,0.0,0.014292520247737021,0.09290138161029064,0.23582658408766086,1.3006193425440644,6.646021915197715,12.798951881848502,6.824678418294428,1.6150547879942834,0.33587422582181997,0.13577894235350169,4.21071953010279,2.8248586432816647,4.588235294117647,2.9116161578269604,1.089655879788707,4.26218611521418,2.8593214750548297,4.165104542177361,2.7913749974228614,0.9772225870920372,0.4329,0.01596,0.0,0.0,0.0,0.0,0.0,0.0,0.0,0.0,0.0,0.0,0.0,0.6288708909004279,14.714149595045264,14.128156264888045,0.5288232491662698,0.0,0.0,0.0,0.0,0.0,0.0,0.0,0.0,0.0,0.0,0.0,0.0,0.0,0.0,0.0,nan,nan,4.213060926669099,2.825560381559336,nan,0.4329,0.0865,0.0,0.0,0.0,0.0,0.0,0.0,0.0,0.0,0.0,0.0,0.0,0.0,0.0,0.0,0.0,0.0,0.0,0.0,0.0,0.0,0.0,0.0,0.0011434016198189614,0.0,0.005359695092901381,0.00013101476893758932,0.009754645069080515,0.0037279656979514056,0.0068484992853739875,0.020390662220104813,0.024666507860886137,0.016674606955693186,0.06531681753215816,0.030157217722725106,0.041102906145783706,0.011338732729871367,0.02035493091948547,0.015245354930919485,0.06874702239161505,0.025023820867079563,0.04699857074797523,0.023928060981419724,0.037970462124821344,0.020795616960457362,0.011624583134826108,0.01487613149118628,0.053013339685564556,0.051607908527870415,0.04584325869461649,0.02796569795140543,0.059492615531205335,0.06964030490709862,0.04692710814673654,0.04416388756550738,0.022546450690805145,0.015233444497379704,0.0047522629823725585,0.005383515959980943,0.0018818484992853739,0.005550262029537875,0.0005597903763696998,4.7641734159123394e-05,0.0002024773701762744,0.0004287756074321105,0.006919961886612673,0.0076941400666984275,0.0033230109575988565,0.0037875178656503095,0.0007741781800857552,0.0,8.337303477846593e-05,0.0,0.0,0.0,0.0,0.0,0.0,0.0,0.0,0.0,0.0,0.0,0.0,0.0,0.0,0.0,0.0,0.0,0.0,0.0,0.0,0.0,0.0,0.0,0.0,0.0,0.0,0.0,0.0,0.0,0.0,nan,nan,4.213060926669099,2.825560381559336,nan,0.8513721330345864,0.03445669567876913,0.0,0.0,0.0,0.0,0.0,0.0,0.0,0.0,0.0,0.0,0.0,0.0,0.0,0.0,0.0,0.0,0.0,0.0,0.0,0.0,0.0,0.11116257526632703,0.23622047244094493,1.3756368689207925,6.683649837887913,12.65863825845299,6.905974988420566,1.5284854099119967,0.3195924038906902,0.18063918480778143,0.8517209929599079,0.03438040954922642,0.0,0.0,0.0,0.0,0.0,0.0,0.0,0.0,0.0,0.0,0.0,0.0,0.0,0.0,0.0,0.0,0.0,0.0,0.0,0.0,0.02942618930848456,0.07356547327121139,0.23540951446787647,1.221186856302105,6.606179499754783,12.947523295733205,6.738597351642964,1.7067189798921045,0.3531142717018147,0.08827856792545367,0.4329,0.01608,0.0,0.0,0.0,0.0,0.0,0.0,0.0,0.0,0.0,0.0,0.0,0.5974988420565068,14.923575729504403,13.881426586382588,0.5974988420565077,0.0,0.0,0.0,0.0,0.0,0.0,0.0,0.0,0.0,0.0,0.0,0.0,0.0,0.0,0.0,0.433,0.01584,0.0,0.0,0.0,0.0,0.0,0.0,0.0,0.0,0.0,0.0,0.0,0.6620892594409014,14.492398234428645,14.38940657184895,0.45610593428151064,0.0,0.0,0.0,0.0,0.0,0.0,0.0,0.0,0.0,0.0,0.0,0.0,0.0,0.0,0.0
65900,4035,2120,0.5254027261462205,950,820,0.43866171003717475,1104,0.5472118959107807,0.494,3.100261096605744,3.1616789892468957,6.767045454545454,2.0963291287666883,6649.800000000002,1.8189894035458565e-12,6649.8,6649.8,6649.800000000002,1.8189894035458565e-12,6649.800000000002,1.8189894035458565e-12,27.507806691449815,21.14704817733266,32.80197427460365,19.383227659471203,0.15192069392812887,0.10260223048327137,0.09417596034696406,0.08252788104089219,0.07905824039653037,0.07434944237918216,0.06369268897149938,0.06344485749690211,0.058736059479553904,0.05427509293680297,0.042131350681536554,0.036431226765799254,0.030978934324659233,0.0275092936802974,0.018339529120198265,0.011152416356877323,0.008674101610904586,0.8500350999123102,0.03562586122129334,0.0,0.0,0.0,0.0,0.0,0.0,0.0,0.0,0.0,0.0,0.0,0.0,0.0,0.0,0.0,0.0,0.0,0.0,0.0,0.0,0.014869888475836434,0.0446096654275093,0.49814126394052055,1.6728624535315932,6.349442379182158,12.624535315985133,6.817843866171006,1.4944237918215615,0.36431226765799263,0.11895910780669147,4.434299325129019,2.839275143751467,4.1,2.773084924772409,0.924610564010743,4.378571428571429,2.8352124620944057,4.483971853010164,2.8415851690313696,1.0240718750757307,0.432,0.01624,0.0,0.0,0.0,0.0,0.0,0.0,0.0,0.0,0.0,0.0,0.0,0.8029739776951662,15.063197026022308,13.620817843866174,0.513011152416357,0.0,0.0,0.0,0.0,0.0,0.0,0.0,0.0,0.0,0.0,0.0,0.0,0.0,0.0,0.0,nan,nan,4.431666010240252,2.8389136135552095,nan,0.432,0.08636,0.0,0.0,0.0,0.0,0.0,0.0,0.0,0.0,0.0,0.0,0.0,0.0,0.0,0.0,0.0,0.0,0.0,0.0,0.0,0.0,0.0,0.0,0.000966542750929368,0.0,0.005613382899628253,0.00024783147459727387,0.012230483271375464,0.0038537794299876083,0.006741016109045849,0.021127633209417598,0.023804213135068152,0.014882280049566295,0.06745972738537795,0.029553903345724906,0.040892193308550186,0.011511771995043371,0.021908302354399008,0.01540272614622057,0.0662453531598513,0.02609665427509294,0.0451548946716233,0.02436183395291202,0.03795539033457249,0.02225526641883519,0.01104089219330855,0.01640644361833953,0.05255266418835192,0.05107806691449814,0.047670384138785625,0.02878562577447336,0.059727385377943,0.06623296158612144,0.04494423791821561,0.04861214374225527,0.022862453531598513,0.011970260223048328,0.004535315985130112,0.0055762081784386614,0.0018463444857496902,0.005477075588599752,0.000483271375464684,3.717472118959108e-05,0.00026022304832713756,0.0003469640644361834,0.00630731102850062,0.008327137546468402,0.003060718711276332,0.003060718711276332,0.000483271375464684,0.0,4.956629491945477e-05,0.0,0.0,0.0,0.0,0.0,0.0,0.0,0.0,0.0,0.0,0.0,0.0,0.0,0.0,0.0,0.0,0.0,0.0,0.0,0.0,0.0,0.0,0.0,0.0,0.0,0.0,0.0,0.0,0.0,0.0,nan,nan,4.431666010240252,2.8389136135552095,nan,0.8498551559616935,0.03614563578616973,0.0,0.0,0.0,0.0,0.0,0.0,0.0,0.0,0.0,0.0,0.0,0.0,0.0,0.0,0.0,0.0,0.0,0.0,0.0,0.0,0.028301886792452838,0.04245283018867925,0.5235849056603775,1.6839622641509382,6.466981132075474,12.438679245283023,6.792452830188681,1.5283018867924532,0.3679245283018869,0.12735849056603776,0.8502343067923663,0.0350403763419352,0.0,0.0,0.0,0.0,0.0,0.0,0.0,0.0,0.0,0.0,0.0,0.0,0.0,0.0,0.0,0.0,0.0,0.0,0.0,0.0,0.0,0.046997389033942565,0.4699738903394257,1.6605744125326318,6.219321148825066,12.83028720626632,6.845953002610968,1.4569190600522195,0.36031331592689303,0.10966057441253267,0.432,0.01616,0.0,0.0,0.0,0.0,0.0,0.0,0.0,0.0,0.0,0.0,0.0,0.8349056603773574,14.957547169811324,13.683962264150948,0.5235849056603775,0.0,0.0,0.0,0.0,0.0,0.0,0.0,0.0,0.0,0.0,0.0,0.0,0.0,0.0,0.0,0.432,0.01631,0.0,0.0,0.0,0.0,0.0,0.0,0.0,0.0,0.0,0.0,0.0,0.7676240208877274,15.180156657963451,13.550913838120108,0.5013054830287208,0.0,0.0,0.0,0.0,0.0,0.0,0.0,0.0,0.0,0.0,0.0,0.0,0.0,0.0,0.0
66000,4288,2205,0.5142257462686567,1032,901,0.4507929104477612,1232,0.5746268656716418,0.46599999999999997,2.972635621699472,3.0495539469394113,6.619791666666667,2.0163112526860365,6649.800000000001,9.094947017729282e-13,6649.8,6649.8,6649.800000000001,9.094947017729282e-13,6649.800000000002,1.8189894035458565e-12,27.270055970149254,20.491245828252666,32.14321468298109,18.786897284459336,0.14295708955223882,0.10424440298507463,0.09188432835820895,0.08558768656716417,0.08372201492537314,0.07532649253731344,0.07672574626865672,0.061567164179104475,0.057369402985074626,0.053404850746268655,0.043143656716417914,0.03754664179104478,0.032182835820895525,0.022388059701492536,0.016791044776119403,0.009328358208955223,0.005830223880597015,0.8509536772104564,0.03447129855139689,0.0,0.0,0.0,0.0,0.0,0.0,0.0,0.0,0.0,0.0,0.0,0.0,0.0,0.0,0.0,0.0,0.0,0.0,0.0,0.0,0.00699626865671642,0.01399253731343284,0.2518656716417911,1.5111940298507416,6.793376865671643,12.691231343283585,6.646455223880599,1.5741604477611943,0.3218283582089553,0.18889925373134334,4.356594811837779,2.859386625772594,4.125,2.8912583765550943,0.946840405904059,4.34833091436865,2.8788807544735615,4.36356986100951,2.8398236263940415,1.0035045508129348,0.432,0.0157,0.0,0.0,0.0,0.0,0.0,0.0,0.0,0.0,0.0,0.0,0.0,0.4827425373134321,15.622667910447765,13.488805970149258,0.40578358208955234,0.0,0.0,0.0,0.0,0.0,0.0,0.0,0.0,0.0,0.0,0.0,0.0,0.0,0.0,0.0,nan,nan,4.35591985428051,2.8595072818959575,nan,0.432,0.0852,0.0,0.0,0.0,0.0,0.0,0.0,0.0,0.0,0.0,0.0,0.0,0.0,0.0,0.0,0.0,0.0,0.0,0.0,0.0,0.0,0.0,0.0,0.000792910447761194,2.332089552238806e-05,0.005748600746268657,0.0002448694029850746,0.010925839552238806,0.0029734141791044775,0.006121735074626866,0.01937966417910448,0.022784514925373135,0.01412080223880597,0.06908815298507463,0.029955690298507462,0.03900419776119403,0.014190764925373134,0.0244169776119403,0.015100279850746268,0.06568330223880597,0.028952891791044776,0.04622201492537313,0.023472481343283582,0.03798973880597015,0.020650652985074628,0.010727611940298507,0.016243003731343283,0.051166044776119406,0.05373134328358209,0.04912546641791045,0.029244402985074625,0.06078591417910448,0.06723414179104478,0.04243236940298507,0.04767957089552239,0.022877798507462688,0.012779850746268657,0.005282182835820896,0.004815764925373134,0.0020638992537313433,0.005865205223880597,0.0006763059701492538,2.332089552238806e-05,0.00027985074626865673,0.00045475746268656714,0.005247201492537314,0.006483208955223881,0.0028334888059701495,0.0033815298507462684,0.0006996268656716418,0.0,2.332089552238806e-05,0.0,0.0,0.0,0.0,0.0,0.0,0.0,0.0,0.0,0.0,0.0,0.0,0.0,0.0,0.0,0.0,0.0,0.0,0.0,0.0,0.0,0.0,0.0,0.0,0.0,0.0,0.0,0.0,0.0,0.0,nan,nan,4.35591985428051,2.8595072818959575,nan,0.8507676505447785,0.03315001616366513,0.0,0.0,0.0,0.0,0.0,0.0,0.0,0.0,0.0,0.0,0.0,0.0,0.0,0.0,0.0,0.0,0.0,0.0,0.0,0.0,0.0,0.0,0.17687074829931979,1.3741496598639413,6.911564625850342,13.102040816326534,6.421768707482995,1.591836734693878,0.24489795918367352,0.17687074829931979,0.8511505993409507,0.03581584640681005,0.0,0.0,0.0,0.0,0.0,0.0,0.0,0.0,0.0,0.0,0.0,0.0,0.0,0.0,0.0,0.0,0.0,0.0,0.0,0.0,0.014402304368698994,0.02880460873739799,0.3312530004800769,1.6562650024003789,6.668266922707635,12.256361017762845,6.88430148823812,1.5554488718194917,0.4032645223235719,0.20163226116178595,0.4321,0.01588,0.0,0.0,0.0,0.0,0.0,0.0,0.0,0.0,0.0,0.0,0.0,0.5442176870748291,15.2108843537415,13.809523809523812,0.43537414965986404,0.0,0.0,0.0,0.0,0.0,0.0,0.0,0.0,0.0,0.0,0.0,0.0,0.0,0.0,0.0,0.4316,0.0155,0.0,0.0,0.0,0.0,0.0,0.0,0.0,0.0,0.0,0.0,0.0,0.4176668266922702,16.05856937109938,13.149303888622184,0.3744599135861739,0.0,0.0,0.0,0.0,0.0,0.0,0.0,0.0,0.0,0.0,0.0,0.0,0.0,0.0,0.0
66100,4470,2255,0.5044742729306487,1043,936,0.44272930648769576,1297,0.5803131991051454,0.45399999999999996,2.927765237020316,2.997549220008937,6.352941176470588,1.9782791331895615,6649.800000000002,1.8189894035458565e-12,6649.8,6649.8,6649.800000000002,1.8189894035458565e-12,6649.800000000001,9.094947017729282e-13,27.77158836689038,20.89743672518013,33.00511440107672,19.04324541446599,0.14630872483221477,0.10134228187919463,0.09060402684563758,0.08344519015659956,0.0796420581655481,0.07225950782997763,0.07069351230425056,0.0633109619686801,0.05436241610738255,0.05480984340044743,0.05011185682326622,0.041834451901566,0.032885906040268455,0.027293064876957495,0.014988814317673379,0.008948545861297539,0.0071588366890380315,0.8498289775528364,0.03389858515348488,0.0,0.0,0.0,0.0,0.0,0.0,0.0,0.0,0.0,0.0,0.0,0.0,0.0,0.0,0.0,0.0,0.0,0.0,0.0,0.0,0.006711409395973156,0.0604026845637584,0.2751677852348994,1.5369127516778476,6.731543624161075,12.812080536912754,6.7181208053691295,1.416107382550336,0.3557046979865773,0.08724832214765103,4.308283816847256,2.7830875404469824,3.8333333333333335,2.266911751455907,0.8897587754881282,4.360473208072373,2.8226732466994693,4.252089136490251,2.7381987517912125,0.9751439657096218,0.432,0.01585,0.0,0.0,0.0,0.0,0.0,0.0,0.0,0.0,0.0,0.0,0.0,0.7315436241610728,15.255033557046984,13.536912751677855,0.47651006711409405,0.0,0.0,0.0,0.0,0.0,0.0,0.0,0.0,0.0,0.0,0.0,0.0,0.0,0.0,0.0,nan,nan,4.3063000348068226,2.7812994912819726,nan,0.432,0.0857,0.0,0.0,0.0,0.0,0.0,0.0,0.0,0.0,0.0,0.0,0.0,0.0,0.0,0.0,0.0,0.0,0.0,0.0,0.0,0.0,0.0,1.1185682326621925e-05,0.0008053691275167785,0.00010067114093959731,0.0060961968680089485,0.00022371364653243848,0.011185682326621925,0.0028635346756152127,0.0064205816554809845,0.017897091722595078,0.023243847874720357,0.014552572706935123,0.06793064876957494,0.030973154362416107,0.03845637583892617,0.013243847874720358,0.026700223713646533,0.015201342281879195,0.06712527964205817,0.02976510067114094,0.046722595078299775,0.02319910514541387,0.0379082774049217,0.01884787472035794,0.009809843400447427,0.017460850111856822,0.04934004474272931,0.053467561521252795,0.04883668903803132,0.03001118568232662,0.06231543624161074,0.06757270693512304,0.04092841163310962,0.04353467561521253,0.02727069351230425,0.011241610738255034,0.00505592841163311,0.004395973154362416,0.0018120805369127517,0.005682326621923937,0.00045861297539149886,4.47427293064877e-05,0.00025727069351230426,0.00021252796420581654,0.006353467561521253,0.0061409395973154365,0.0031431767337807607,0.004485458612975391,0.0005704697986577181,0.0,4.47427293064877e-05,7.829977628635347e-05,0.0,0.0,0.0,0.0,0.0,0.0,0.0,0.0,0.0,0.0,0.0,0.0,0.0,0.0,0.0,0.0,0.0,0.0,0.0,0.0,0.0,0.0,0.0,0.0,0.0,0.0,0.0,0.0,0.0,nan,nan,4.3063000348068226,2.7812994912819726,nan,0.849101465504344,0.03443643949288673,0.0,0.0,0.0,0.0,0.0,0.0,0.0,0.0,0.0,0.0,0.0,0.0,0.0,0.0,0.0,0.0,0.0,0.0,0.0,0.0,0.0,0.07982261640798227,0.38580931263858104,1.59645232815964,6.811529933481155,12.758314855875835,6.598669623059869,1.2771618625277164,0.3991130820399114,0.09312638580931266,0.8505696275164257,0.033325795675118584,0.0,0.0,0.0,0.0,0.0,0.0,0.0,0.0,0.0,0.0,0.0,0.0,0.0,0.0,0.0,0.0,0.0,0.0,0.0,0.0,0.013544018058690748,0.04063205417607224,0.16252821670428896,1.4762979683972868,6.650112866817158,12.86681715575621,6.839729119638828,1.557562076749436,0.31151241534988716,0.08126410835214448,0.4324,0.01598,0.0,0.0,0.0,0.0,0.0,0.0,0.0,0.0,0.0,0.0,0.0,0.7982261640798215,14.740576496674061,13.955654101995568,0.5055432372505544,0.0,0.0,0.0,0.0,0.0,0.0,0.0,0.0,0.0,0.0,0.0,0.0,0.0,0.0,0.0,0.4316,0.01572,0.0,0.0,0.0,0.0,0.0,0.0,0.0,0.0,0.0,0.0,0.0,0.6636568848758456,15.77878103837472,13.110609480812645,0.4469525959367947,0.0,0.0,0.0,0.0,0.0,0.0,0.0,0.0,0.0,0.0,0.0,0.0,0.0,0.0,0.0
66200,4496,2268,0.5044483985765125,1076,936,0.447508896797153,1292,0.5747330960854092,0.45799999999999996,2.940305206463196,3.0066548415029946,6.338509316770186,2.1359845682963523,6649.800000000002,1.8189894035458565e-12,6649.8,6649.8,6649.800000000002,1.8189894035458565e-12,6649.800000000001,9.094947017729282e-13,28.0,20.846808216400607,32.84696569920845,19.113873728087736,0.13745551601423486,0.09386120996441281,0.10097864768683273,0.08896797153024912,0.0800711743772242,0.07384341637010676,0.06605871886120997,0.06605871886120997,0.058051601423487545,0.054048042704626334,0.04559608540925267,0.04248220640569395,0.03336298932384341,0.02179715302491103,0.019572953736654804,0.010898576512455516,0.006895017793594306,0.849586445480267,0.033225797693709515,0.0,0.0,0.0,0.0,0.0,0.0,0.0,0.0,0.0,0.0,0.0,0.0,0.0,0.0,0.0,0.0,0.0,0.0,0.0,0.0,0.006672597864768685,0.0400355871886121,0.25355871886121,1.501334519572949,7.006227758007119,12.731316725978651,6.659252669039147,1.4679715302491108,0.2602313167259787,0.07339857651245553,4.355885398688298,2.827699797043463,3.0,2.309401076758503,0.6887233536730327,4.4177126917712695,2.8154274750461568,4.287364130434782,2.83723363201313,0.9704941062420643,0.4316,0.01572,0.0,0.0,0.0,0.0,0.0,0.0,0.0,0.0,0.0,0.0,0.0,0.65391459074733,15.600533807829185,13.34519572953737,0.4003558718861211,0.0,0.0,0.0,0.0,0.0,0.0,0.0,0.0,0.0,0.0,0.0,0.0,0.0,0.0,0.0,nan,nan,4.3516861665519615,2.827245329295769,nan,0.4316,0.08594,0.0,0.0,0.0,0.0,0.0,0.0,0.0,0.0,0.0,0.0,0.0,0.0,0.0,0.0,0.0,0.0,0.0,0.0,0.0,0.0,0.0,2.224199288256228e-05,0.0008563167259786477,4.448398576512456e-05,0.0056605871886121,0.0004559608540925267,0.010231316725978648,0.002001779359430605,0.006383451957295373,0.019584074733096084,0.023587633451957295,0.01534697508896797,0.0685720640569395,0.03259564056939502,0.03858985765124555,0.016169928825622775,0.024254893238434164,0.013523131672597865,0.06545818505338079,0.029815391459074733,0.04895462633451957,0.024933274021352314,0.037855871886120995,0.019306049822064058,0.010409252669039146,0.018716637010676156,0.04820951957295374,0.05304715302491103,0.04873220640569395,0.02987099644128114,0.05923042704626334,0.06374555160142349,0.03847864768683274,0.0441614768683274,0.028747775800711743,0.01219973309608541,0.005093416370106762,0.004581850533807829,0.0018683274021352313,0.0054826512455516015,0.000556049822064057,0.0001445729537366548,0.0002335409252669039,0.00012233096085409253,0.007273131672597865,0.0066725978647686835,0.003136120996441281,0.004459519572953737,0.00047820284697508897,0.0,1.112099644128114e-05,0.00013345195729537367,0.0,0.0,0.0,0.0,0.0,0.0,0.0,0.0,0.0,0.0,0.0,0.0,0.0,0.0,0.0,0.0,0.0,0.0,0.0,0.0,0.0,0.0,0.0,0.0,0.0,0.0,0.0,0.0,0.0,nan,nan,4.3516861665519615,2.827245329295769,nan,0.8500219786924029,0.03368198229749017,0.0,0.0,0.0,0.0,0.0,0.0,0.0,0.0,0.0,0.0,0.0,0.0,0.0,0.0,0.0,0.0,0.0,0.0,0.0,0.0,0.0,0.03968253968253969,0.2248677248677249,1.4682539682539637,7.208994708994711,12.539682539682543,6.574074074074075,1.5343915343915349,0.33068783068783075,0.07936507936507937,0.8491430930004086,0.03274894960884257,0.0,0.0,0.0,0.0,0.0,0.0,0.0,0.0,0.0,0.0,0.0,0.0,0.0,0.0,0.0,0.0,0.0,0.0,0.0,0.0,0.01346499102333932,0.04039497307001796,0.2827648114901257,1.5350089766606776,6.7998204667863575,12.926391382405749,6.745960502692999,1.4003590664272894,0.1885098743267505,0.0673249551166966,0.4316,0.01588,0.0,0.0,0.0,0.0,0.0,0.0,0.0,0.0,0.0,0.0,0.0,0.7407407407407396,15.357142857142861,13.492063492063496,0.41005291005291017,0.0,0.0,0.0,0.0,0.0,0.0,0.0,0.0,0.0,0.0,0.0,0.0,0.0,0.0,0.0,0.4314,0.01555,0.0,0.0,0.0,0.0,0.0,0.0,0.0,0.0,0.0,0.0,0.0,0.5655296229802506,15.84829443447038,13.195691202872535,0.39048473967684033,0.0,0.0,0.0,0.0,0.0,0.0,0.0,0.0,0.0,0.0,0.0,0.0,0.0,0.0,0.0
66300,4598,2295,0.4991300565463245,1077,955,0.44193127446715963,1327,0.5772074815137016,0.44999999999999996,2.9622231871471993,3.0340171130865214,6.402046783625731,2.1242257394079704,6649.800000000001,9.094947017729282e-13,6649.8,6649.8,6649.800000000002,1.8189894035458565e-12,6649.800000000001,9.094947017729282e-13,28.30426272292301,21.180377266074334,33.22733143890468,19.467092624617283,0.13679860809047412,0.10330578512396695,0.09156154849934754,0.08699434536755112,0.0772074815137016,0.07612005219660722,0.06524575902566333,0.06350587211831231,0.055458895171813835,0.058068725532840364,0.0469769464984776,0.037407568508046975,0.0332753371030883,0.02957807742496738,0.017181383210091345,0.013266637668551544,0.008046976946498478,0.85166435659891,0.03518117463572075,0.0,0.0,0.0,0.0,0.0,0.0,0.0,0.0,0.0,0.0,0.0,0.0,0.0,0.0,0.0,0.0,0.0,0.0,0.0,0.0,0.0,0.013049151805132669,0.33275337103088304,1.5789473684210478,6.381035232709875,12.501087429317097,6.916050456720315,1.735537190082645,0.3979991300565464,0.14354066985645936,4.292551398719245,2.794022302861653,4.4,2.3958297101421877,1.025031407035176,4.295945945945946,2.8085746692501936,4.290643662906437,2.774743670872877,0.9987657472635303,0.4321,0.0159,0.0,0.0,0.0,0.0,0.0,0.0,0.0,0.0,0.0,0.0,0.0,0.6067855589386681,15.306655067420621,13.59721618094824,0.4893431926924751,0.0,0.0,0.0,0.0,0.0,0.0,0.0,0.0,0.0,0.0,0.0,0.0,0.0,0.0,0.0,nan,nan,4.2932708403080015,2.7915587729718694,nan,0.4321,0.0864,0.0,0.0,0.0,0.0,0.0,0.0,0.0,0.0,0.0,0.0,0.0,0.0,0.0,0.0,0.0,0.0,0.0,0.0,0.0,0.0,0.0,0.0,0.0009460635058721183,9.7868638538495e-05,0.005197912135711179,0.0003697259678120922,0.008895171813832101,0.00215311004784689,0.006546324488908221,0.019932579382340148,0.022803392779469335,0.016376685515441497,0.06821444106133101,0.03364506307090039,0.03831013484123532,0.016496302740321878,0.023847324923879948,0.012842540234884733,0.0676924749891257,0.031024358416702914,0.048749456285341455,0.02463027403218791,0.03714658547194433,0.01848629839060461,0.009732492387994781,0.019258373205741627,0.04603088299260548,0.05239234449760766,0.04803175293605916,0.027620704654197477,0.0564919530230535,0.061591996520226185,0.03925619834710744,0.04600913440626359,0.03311222270552414,0.013408003479773814,0.005023923444976076,0.005382775119617225,0.0017398869073510222,0.007198782079164854,0.0005763375380600261,0.00020661157024793388,0.00041322314049586776,0.00014136581122227055,0.00665506742061766,0.006709438886472379,0.0032514136581122226,0.0045563288386254895,0.0007177033492822966,0.0,0.0,8.699434536755111e-05,0.0,0.0,0.0,0.0,0.0,0.0,0.0,0.0,0.0,0.0,0.0,0.0,0.0,0.0,0.0,0.0,0.0,0.0,0.0,0.0,0.0,0.0,0.0,0.0,0.0,0.0,0.0,0.0,0.0,nan,nan,4.2932708403080015,2.7915587729718694,nan,0.8520222305212665,0.03525424382192524,0.0,0.0,0.0,0.0,0.0,0.0,0.0,0.0,0.0,0.0,0.0,0.0,0.0,0.0,0.0,0.0,0.0,0.0,0.0,0.0,0.0,0.013071895424836605,0.3137254901960785,1.5032679738562045,6.35294117647059,12.58823529411765,6.915032679738563,1.7254901960784317,0.41830065359477137,0.16993464052287588,0.8513077258339045,0.03510457881518419,0.0,0.0,0.0,0.0,0.0,0.0,0.0,0.0,0.0,0.0,0.0,0.0,0.0,0.0,0.0,0.0,0.0,0.0,0.0,0.0,0.0,0.013026487190620932,0.3517151541467652,1.6543638732088528,6.409031697785498,12.414242292661749,6.917064698219715,1.745549283543205,0.37776812852800706,0.11723838471558838,0.4324,0.01573,0.0,0.0,0.0,0.0,0.0,0.0,0.0,0.0,0.0,0.0,0.0,0.49673202614379014,15.20261437908497,13.882352941176475,0.41830065359477137,0.0,0.0,0.0,0.0,0.0,0.0,0.0,0.0,0.0,0.0,0.0,0.0,0.0,0.0,0.0,0.4321,0.01605,0.0,0.0,0.0,0.0,0.0,0.0,0.0,0.0,0.0,0.0,0.0,0.7164567954841501,15.410334346504563,13.313069908814592,0.5601389491967,0.0,0.0,0.0,0.0,0.0,0.0,0.0,0.0,0.0,0.0,0.0,0.0,0.0,0.0,0.0
66400,4525,2317,0.5120441988950276,1115,947,0.45569060773480663,1301,0.5750276243093922,0.44999999999999996,2.970108695652174,3.0735273348451493,6.526058631921824,2.148055351849179,6649.800000000002,1.8189894035458565e-12,6649.8,6649.8,6649.800000000001,9.094947017729282e-13,6649.800000000001,9.094947017729282e-13,27.79801104972376,20.621253757745052,32.697607152248224,18.839428670569333,0.13900552486187845,0.09790055248618784,0.09480662983425414,0.08265193370165747,0.08441988950276243,0.07734806629834254,0.06983425414364641,0.06408839779005525,0.06099447513812155,0.058121546961325966,0.041988950276243095,0.03867403314917127,0.03270718232044199,0.026740331491712708,0.015248618784530387,0.009281767955801105,0.0061878453038674034,0.8542118455955336,0.03432028917696394,0.0,0.0,0.0,0.0,0.0,0.0,0.0,0.0,0.0,0.0,0.0,0.0,0.0,0.0,0.0,0.0,0.0,0.0,0.0,0.0,0.0,0.013259668508287296,0.23867403314917132,1.385635359116018,5.6817679558011065,12.84861878453039,7.4519337016574605,1.7834254143646413,0.4441988950276244,0.1524861878453039,4.326265389876881,2.8911359660933025,4.333333333333333,3.39934634239519,1.0016337285902501,4.307430129516019,2.8472051869647763,4.345156889495225,2.937659532565647,1.008758530920952,0.4312,0.01588,0.0,0.0,0.0,0.0,0.0,0.0,0.0,0.0,0.0,0.0,0.006629834254143648,0.7425414364640873,15.871823204419893,12.987845303867406,0.3911602209944752,0.0,0.0,0.0,0.0,0.0,0.0,0.0,0.0,0.0,0.0,0.0,0.0,0.0,0.0,0.0,nan,nan,4.326287078077054,2.892832016693817,nan,0.4312,0.0862,0.0,0.0,0.0,0.0,0.0,0.0,0.0,0.0,0.0,0.0,0.0,0.0,0.0,0.0,0.0,0.0,0.0,0.0,0.0,0.0,0.0,1.1049723756906077e-05,0.001149171270718232,5.524861878453039e-05,0.006353591160220995,0.0005524861878453039,0.009756906077348066,0.0024751381215469613,0.006386740331491713,0.02003314917127072,0.021082872928176795,0.016187845303867403,0.06749171270718232,0.03625414364640884,0.03732596685082873,0.016375690607734805,0.023016574585635358,0.012265193370165746,0.07247513812154696,0.03193370165745856,0.049392265193370165,0.023823204419889502,0.03712707182320442,0.0165414364640884,0.010243093922651934,0.02014364640883978,0.04504972375690608,0.05256353591160221,0.04848618784530387,0.02692817679558011,0.056044198895027625,0.061226519337016574,0.03667403314917127,0.04574585635359116,0.0349060773480663,0.014110497237569061,0.004552486187845304,0.005546961325966851,0.0013701657458563537,0.0066187845303867406,0.0010497237569060773,0.00022099447513812155,0.00033149171270718233,5.524861878453039e-05,0.006022099447513812,0.005458563535911602,0.003160220994475138,0.004342541436464088,0.0009502762430939226,0.0,0.0,0.00013259668508287293,0.0,0.0,0.0,0.0,0.0,0.0,0.0,0.0,0.0,0.0,0.0,0.0,0.0,0.0,0.0,0.0,0.0,0.0,0.0,0.0,0.0,0.0,0.0,0.0,0.0,0.0,0.0,0.0,0.0,nan,nan,4.326287078077054,2.892832016693817,nan,0.8537871826039751,0.034765659658150365,0.0,0.0,0.0,0.0,0.0,0.0,0.0,0.0,0.0,0.0,0.0,0.0,0.0,0.0,0.0,0.0,0.0,0.0,0.0,0.0,0.0,0.0,0.27190332326283995,1.385412170910656,5.74881312041433,13.14199395770393,7.030643072939147,1.7997410444540358,0.466119982736297,0.15537332757876568,0.8546574724757153,0.03384090201915463,0.0,0.0,0.0,0.0,0.0,0.0,0.0,0.0,0.0,0.0,0.0,0.0,0.0,0.0,0.0,0.0,0.0,0.0,0.0,0.0,0.0,0.027173913043478267,0.203804347826087,1.385869565217387,5.6114130434782625,12.54076086956522,7.894021739130436,1.7663043478260874,0.42119565217391314,0.14945652173913046,0.4312,0.01588,0.0,0.0,0.0,0.0,0.0,0.0,0.0,0.0,0.0,0.0,0.0,0.7898144151920575,15.925766076823482,12.895986189037552,0.3884333189469142,0.0,0.0,0.0,0.0,0.0,0.0,0.0,0.0,0.0,0.0,0.0,0.0,0.0,0.0,0.0,0.4312,0.0159,0.0,0.0,0.0,0.0,0.0,0.0,0.0,0.0,0.0,0.0,0.013586956521739134,0.6929347826086947,15.815217391304351,13.084239130434787,0.39402173913043487,0.0,0.0,0.0,0.0,0.0,0.0,0.0,0.0,0.0,0.0,0.0,0.0,0.0,0.0,0.0
66500,4729,2436,0.5151194755762317,1154,952,0.44533728060900823,1339,0.5662930852188623,0.45399999999999996,3.0697775839511556,3.087108345313356,6.58235294117647,2.015158815553532,6649.8,0.0,6649.8,6649.8,6649.800000000002,1.8189894035458565e-12,6649.800000000001,9.094947017729282e-13,27.882850496933813,20.73239813052532,32.83522297808012,18.94473693809794,0.1406216959187989,0.09558046098540918,0.09727215056037217,0.08331571156692746,0.08098963840135336,0.07802918164516812,0.06935927257348276,0.06386128145485304,0.05751744554874181,0.052653838020723195,0.0501163036582787,0.038274476633537745,0.032353563121167266,0.02664411080566716,0.01882004652146331,0.009938676252907591,0.004652146331148234,0.8560028179903367,0.03462529112244561,0.0,0.0,0.0,0.0,0.0,0.0,0.0,0.0,0.0,0.0,0.0,0.0,0.0,0.0,0.0,0.0,0.0,0.0,0.0,0.0,0.0,0.038063015436667375,0.22837809262000427,1.1355466271939065,5.557200253753438,12.624233453161349,7.663353774582366,2.1061535208289284,0.5265383802072321,0.12053288221611337,4.355775577557756,2.816176393798461,4.428571428571429,2.6916348116309674,1.0167124889052455,4.2675585284280935,2.769757434609468,4.439276485788113,2.8560751684785983,1.0402379853061487,0.432,0.01607,0.0,0.0,0.0,0.0,0.0,0.0,0.0,0.0,0.0,0.0,0.0,0.6661027701416781,15.618524000845849,13.334743074645806,0.3806301543666738,0.0,0.0,0.0,0.0,0.0,0.0,0.0,0.0,0.0,0.0,0.0,0.0,0.0,0.0,0.0,nan,nan,4.35611038107753,2.8156205186477474,nan,0.432,0.087,0.0,0.0,0.0,0.0,0.0,0.0,0.0,0.0,0.0,0.0,0.0,0.0,0.0,0.0,0.0,0.0,0.0,0.0,0.0,0.0,1.0573059843518714e-05,0.0,0.0012370480016916897,0.00012687671812222458,0.0070733770353140196,0.0008775639670120533,0.010002114611968704,0.0028335800380630155,0.00666102770141679,0.017910763374920702,0.021685345739056883,0.017456121801649398,0.06736096426305772,0.03378092620004229,0.03623387608373863,0.016980334108691056,0.023461619792768028,0.013131740325650244,0.07359906957073377,0.030873334743074646,0.046828082046944386,0.0218650877563967,0.03839078029181645,0.016726580672446607,0.009484034679636287,0.02006766758299852,0.04514696553182491,0.051860858532459295,0.05139564389934447,0.02507929794882639,0.056703319940790864,0.05947346161979277,0.037957284838232186,0.04550644956650455,0.036794248255445125,0.012951998308310425,0.0045252696130260095,0.005984351871431592,0.0015013744977796575,0.006534150983294565,0.0016176781560583633,0.0001585958976527807,0.00019031507718333685,6.343835906111229e-05,0.0070628039754705016,0.005455698879255656,0.0037851554239796996,0.004599281031930641,0.0008035525481074223,2.114611968703743e-05,0.0,0.0001585958976527807,0.0,0.0,0.0,1.0573059843518714e-05,0.0,0.0,0.0,0.0,0.0,0.0,0.0,0.0,0.0,0.0,0.0,0.0,0.0,0.0,0.0,0.0,0.0,0.0,0.0,0.0,0.0,0.0,0.0,0.0,0.0,nan,nan,4.35611038107753,2.8156205186477474,nan,0.8562162254733601,0.034415432264554256,0.0,0.0,0.0,0.0,0.0,0.0,0.0,0.0,0.0,0.0,0.0,0.0,0.0,0.0,0.0,0.0,0.0,0.0,0.0,0.0,0.0,0.049261083743842374,0.1970443349753695,1.182266009852213,5.517241379310346,12.41379310344828,7.697044334975371,2.3645320197044337,0.48029556650246313,0.09852216748768475,0.8557761016237232,0.03484542129540584,0.0,0.0,0.0,0.0,0.0,0.0,0.0,0.0,0.0,0.0,0.0,0.0,0.0,0.0,0.0,0.0,0.0,0.0,0.0,0.0,0.0,0.02616659398168339,0.2616659398168339,1.085913650239857,5.599651112080246,12.847797645006544,7.627562145660708,1.8316615787178372,0.5756650675970345,0.14391626689925863,0.4316,0.01604,0.0,0.0,0.0,0.0,0.0,0.0,0.0,0.0,0.0,0.0,0.0,0.665024630541871,15.78817733990148,13.140394088669954,0.4064039408866996,0.0,0.0,0.0,0.0,0.0,0.0,0.0,0.0,0.0,0.0,0.0,0.0,0.0,0.0,0.0,0.432,0.01608,0.0,0.0,0.0,0.0,0.0,0.0,0.0,0.0,0.0,0.0,0.0,0.6672481465329253,15.4382904491932,13.541212385521154,0.3532490187527258,0.0,0.0,0.0,0.0,0.0,0.0,0.0,0.0,0.0,0.0,0.0,0.0,0.0,0.0,0.0
66600,4774,2464,0.5161290322580645,1140,964,0.4407205697528278,1385,0.5802262253875157,0.44999999999999996,3.0939393939393938,3.137720182613302,6.712011577424023,1.9839042271490392,6649.800000000001,9.094947017729282e-13,6649.8,6649.8,6649.800000000001,9.094947017729282e-13,6649.800000000002,1.8189894035458565e-12,28.17427733556766,20.81026764545957,33.12453300124533,18.979202968772356,0.1382488479262673,0.09970674486803519,0.08651026392961877,0.08567239212400503,0.08378718056137412,0.07855048177628823,0.0682865521575199,0.05739421868454127,0.05886049434436531,0.05571847507331378,0.04859656472559699,0.047130289065772935,0.03581901968998743,0.023250942605781314,0.016338500209467952,0.011101801424382069,0.005027230833682447,0.8530602668762007,0.03493862994049589,0.0,0.0,0.0,0.0,0.0,0.0,0.0,0.0,0.0,0.0,0.0,0.0,0.0,0.0,0.0,0.0,0.0,0.0,0.0,0.0,0.01256807708420612,0.05027230833682448,0.2639296187683285,1.4453288646836988,6.114369501466277,12.442396313364059,7.41516547968161,1.7092584834520321,0.40217846669459584,0.14453288646837037,4.3126207340631035,2.857725561605852,4.25,2.0463381929681126,0.9854796565882792,4.394366197183099,2.823564462807736,4.230077120822622,2.883963326233552,0.9626137037769427,0.4324,0.015564,0.0,0.0,0.0,0.0,0.0,0.0,0.0,0.0,0.0,0.0,0.00628403854210306,0.5404273146208622,15.232509426057817,13.806032677000422,0.41474654377880193,0.0,0.0,0.0,0.0,0.0,0.0,0.0,0.0,0.0,0.0,0.0,0.0,0.0,0.0,0.0,nan,nan,4.312379730596536,2.85504752841001,nan,0.4324,0.0868,0.0,0.0,0.0,0.0,0.0,0.0,0.0,0.0,0.0,0.0,0.0,0.0,0.0,0.0,0.0,0.0,0.0,0.0,0.0,0.0,0.0,0.0,0.0016129032258064516,2.0946795140343527e-05,0.006284038542103058,0.0005550900712191035,0.009310850439882699,0.0025869291998324257,0.006619187264348555,0.016757436112274822,0.02178466694595727,0.017448680351906158,0.06723921240050272,0.03200670297444491,0.03528487641390867,0.017919983242563886,0.022999581064097194,0.012892752408881441,0.07719941348973607,0.033420611646418096,0.0464390448261416,0.022255969836614996,0.036719731881022205,0.017720988688730625,0.007991202346041056,0.02091537494763301,0.04449099287808965,0.05133012149141181,0.04976958525345622,0.024015500628403855,0.05670297444490993,0.06021156263091747,0.03985127775450356,0.046292417260159195,0.03460410557184751,0.014411395056556347,0.005090071219103477,0.007163803937997487,0.0015710096355257646,0.006430666108085463,0.0020737327188940094,0.00027230833682446586,0.00018852115626309175,0.0,0.00665060745705907,0.0055509007121910346,0.004231252618349393,0.004116045245077503,0.0006702974444909929,0.0001152073732718894,4.1893590280687055e-05,0.00016757436112274822,0.0,0.0,0.0,0.0,0.0,0.0,0.0,0.0,0.0,0.0,0.0,0.0,0.0,0.0,0.0,0.0,0.0,0.0,0.0,0.0,0.0,0.0,0.0,0.0,0.0,0.0,0.0,0.0,0.0,nan,nan,4.312379730596536,2.85504752841001,nan,0.8536898260331386,0.03486128449290929,0.0,0.0,0.0,0.0,0.0,0.0,0.0,0.0,0.0,0.0,0.0,0.0,0.0,0.0,0.0,0.0,0.0,0.0,0.0,0.0,0.012175324675324678,0.04870129870129871,0.25568181818181823,1.4001623376623333,5.953733766233768,12.577110389610393,7.256493506493508,1.9480519480519485,0.40178571428571436,0.14610389610389612,0.8523887371088004,0.03500846699739607,0.0,0.0,0.0,0.0,0.0,0.0,0.0,0.0,0.0,0.0,0.0,0.0,0.0,0.0,0.0,0.0,0.0,0.0,0.0,0.0,0.01298701298701299,0.05194805194805196,0.27272727272727276,1.4935064935064888,6.285714285714287,12.298701298701301,7.584415584415586,1.454545454545455,0.4025974025974027,0.14285714285714288,0.4324,0.01546,0.0,0.0,0.0,0.0,0.0,0.0,0.0,0.0,0.0,0.0,0.0,0.5722402597402589,15.255681818181822,13.806818181818185,0.36525974025974034,0.0,0.0,0.0,0.0,0.0,0.0,0.0,0.0,0.0,0.0,0.0,0.0,0.0,0.0,0.0,0.4326,0.01567,0.0,0.0,0.0,0.0,0.0,0.0,0.0,0.0,0.0,0.0,0.01298701298701299,0.5064935064935058,15.207792207792211,13.805194805194809,0.46753246753246763,0.0,0.0,0.0,0.0,0.0,0.0,0.0,0.0,0.0,0.0,0.0,0.0,0.0,0.0,0.0
66700,4671,2390,0.5116677371012631,1104,954,0.4405908798972383,1339,0.5733247698565618,0.45399999999999996,3.029373081981587,3.0796123582125445,6.557427258805513,1.9865923010495308,6649.800000000001,9.094947017729282e-13,6649.8,6649.8,6649.800000000002,1.8189894035458565e-12,6649.800000000002,1.8189894035458565e-12,27.862556197816314,20.751054021556733,32.959507944643775,18.896353317423102,0.14557910511667738,0.09484050524512952,0.09591093984157568,0.08263755084564334,0.07985442089488333,0.07257546563904946,0.06786555341468636,0.06572468422179405,0.054806251338043246,0.058231642046670945,0.04859773067865553,0.046456861485763216,0.03125669021622779,0.026118604153286235,0.01605651894669236,0.007921216013701562,0.005566259901520017,0.8506583025026209,0.03582640658833709,0.0,0.0,0.0,0.0,0.0,0.0,0.0,0.0,0.0,0.0,0.0,0.0,0.0,0.0,0.0,0.0,0.0,0.0,0.0,0.0,0.025690430314707777,0.04495825305073861,0.34039820166987805,1.592806679511877,6.692357096981376,12.729608220937704,6.448298008991652,1.4771997430956973,0.4303147077713553,0.2183686576750161,4.404690117252931,2.8599430912541273,5.333333333333333,3.0695638488590236,1.2108305445695162,4.36393878908849,2.84085832736752,4.455213903743315,2.882850747121852,1.0209157641906088,0.4312,0.01581,0.0,0.0,0.0,0.0,0.0,0.0,0.0,0.0,0.0,0.0,0.0,0.5587668593448932,16.15928066795119,12.84521515735389,0.4367373153500322,0.0,0.0,0.0,0.0,0.0,0.0,0.0,0.0,0.0,0.0,0.0,0.0,0.0,0.0,0.0,nan,nan,4.4093333333333335,2.8617790892302564,nan,0.4312,0.08624,0.0,0.0,0.0,0.0,0.0,0.0,0.0,0.0,0.0,0.0,0.0,0.0,0.0,0.0,0.0,0.0,0.0,0.0,0.0,0.0,0.0,0.0,0.0013808606294155427,0.0,0.006219225005352173,0.0005031042603296939,0.009516163562406336,0.0030614429458360095,0.006112181545707558,0.015981588524941127,0.022382787411689146,0.01532862342110897,0.06957824876900022,0.03372939413401841,0.03472489830871334,0.017758509955041746,0.023099978591308072,0.013594519374866196,0.08028259473346179,0.03494968957396703,0.0472703917790623,0.023752943695140225,0.038514236780132736,0.01586384071933205,0.00844572896596018,0.020134874759152217,0.04605009633911368,0.04849068721901092,0.04950760008563477,0.024705630485977306,0.05695782487690002,0.056904303147077714,0.04034467994005566,0.04448726182830229,0.03398629843716549,0.013733675872404197,0.004859773067865554,0.006518946692357097,0.0014879040890601585,0.005780346820809248,0.002547634339541854,0.0003425390708627703,2.1408691928923143e-05,0.0,0.0067330336116463285,0.005641190323271248,0.004281738385784628,0.003692999357739242,0.0005673303361164633,2.1408691928923143e-05,1.0704345964461572e-05,0.00013915649753800042,0.0,0.0,0.0,0.0,0.0,0.0,0.0,0.0,0.0,0.0,0.0,0.0,0.0,0.0,0.0,0.0,0.0,0.0,0.0,0.0,0.0,0.0,0.0,0.0,0.0,0.0,0.0,0.0,0.0,nan,nan,4.4093333333333335,2.8617790892302564,nan,0.8514426249839272,0.03525613533079854,0.0,0.0,0.0,0.0,0.0,0.0,0.0,0.0,0.0,0.0,0.0,0.0,0.0,0.0,0.0,0.0,0.0,0.0,0.0,0.0,0.025104602510460258,0.050209205020920515,0.3138075313807532,1.5062761506276103,6.326359832635985,12.903765690376572,6.89121338912134,1.3179916317991636,0.46443514644351475,0.20083682008368206,0.849836500341147,0.03639622088037451,0.0,0.0,0.0,0.0,0.0,0.0,0.0,0.0,0.0,0.0,0.0,0.0,0.0,0.0,0.0,0.0,0.0,0.0,0.0,0.0,0.026304252520824207,0.039456378781236305,0.3682595352915389,1.6834721613327437,7.075843928101712,12.547128452433146,5.984217448487507,1.644015782551513,0.3945637878123631,0.23673827268741784,0.4314,0.0156,0.0,0.0,0.0,0.0,0.0,0.0,0.0,0.0,0.0,0.0,0.0,0.4769874476987441,16.054393305439334,13.016736401673644,0.4518828451882846,0.0,0.0,0.0,0.0,0.0,0.0,0.0,0.0,0.0,0.0,0.0,0.0,0.0,0.0,0.0,0.431,0.01602,0.0,0.0,0.0,0.0,0.0,0.0,0.0,0.0,0.0,0.0,0.0,0.644454186760192,16.26918018412977,12.665497588776855,0.4208680403331873,0.0,0.0,0.0,0.0,0.0,0.0,0.0,0.0,0.0,0.0,0.0,0.0,0.0,0.0,0.0
66800,4734,2381,0.5029573299535277,1132,1003,0.45099281791297,1364,0.5762568652302492,0.44599999999999995,2.9056523586910328,3.0182230796080236,6.37962962962963,2.1353184886594727,6649.8,0.0,6649.8,6649.8,6649.800000000001,9.094947017729282e-13,6649.800000000001,9.094947017729282e-13,27.934305027460923,20.982895688215052,33.060222672064775,19.17575109115498,0.14490916772285595,0.09674693705111956,0.0944233206590621,0.08322771440642163,0.08238276299112801,0.07308829742289819,0.06759611322348964,0.06569497253907901,0.06125897760878749,0.04710604140261935,0.048162230671736375,0.0409801436417406,0.03126320236586396,0.024926066751161807,0.02323616392057457,0.009716941275876637,0.005280946345585129,0.8506668474561412,0.03518223823792444,0.0,0.0,0.0,0.0,0.0,0.0,0.0,0.0,0.0,0.0,0.0,0.0,0.0,0.0,0.0,0.0,0.0,0.0,0.0,0.0,0.019011406844106467,0.1013941698352345,0.32319391634980993,1.5335868187579167,6.267427122940433,12.908745247148293,6.742712294043094,1.5652724968314327,0.405576679340938,0.13307984790874527,4.349802371541502,2.800133506688144,5.2727272727272725,2.879106840384203,1.2121762835074965,4.309803921568627,2.7414934317016066,4.403141361256544,2.8601414265761393,1.0216570037492438,0.431,0.015205,0.0,0.0,0.0,0.0,0.0,0.0,0.0,0.0,0.0,0.0,0.0,0.6527249683143209,16.52091254752852,12.509505703422056,0.31685678073510776,0.0,0.0,0.0,0.0,0.0,0.0,0.0,0.0,0.0,0.0,0.0,0.0,0.0,0.0,0.0,nan,nan,4.356442119032047,2.8017955381314823,nan,0.431,0.0868,0.0,0.0,0.0,0.0,0.0,0.0,0.0,0.0,0.0,0.0,0.0,0.0,0.0,0.0,0.0,0.0,0.0,0.0,0.0,0.0,0.0,0.0,0.001351922264469793,0.0,0.005608365019011407,0.000697084917617237,0.008396704689480354,0.003041825095057034,0.006664554288128432,0.016508238276299114,0.0246092099704267,0.015547106041402619,0.07194761301225179,0.03489649345162653,0.035942120828052385,0.01846218842416561,0.022686945500633715,0.016297000422475706,0.07602450359104351,0.032868610054921844,0.04773975496408957,0.022327841149133925,0.03560414026193494,0.01687790452049007,0.008449514152936205,0.020299957752429234,0.04949302915082383,0.04791930713983946,0.04853189691592733,0.024355724545838613,0.054604985213350235,0.05484790874524715,0.03972327841149134,0.04604985213350232,0.033481199831009716,0.014691592733417828,0.004700042247570765,0.006421630756231517,0.0014469792986903252,0.0058829742289818335,0.0020384452893958595,0.0005809040980143641,0.0,0.0,0.006812420785804817,0.006379383185466836,0.004414871144909168,0.003633291085762569,0.0009928179129700043,1.0561892691170258e-05,5.280946345585129e-05,8.449514152936207e-05,0.0,0.0,0.0,0.0,0.0,0.0,0.0,0.0,0.0,0.0,0.0,0.0,0.0,0.0,0.0,0.0,0.0,0.0,0.0,0.0,0.0,0.0,0.0,0.0,0.0,0.0,0.0,0.0,0.0,nan,nan,4.356442119032047,2.8017955381314823,nan,0.8507925050191547,0.03550612479075458,0.0,0.0,0.0,0.0,0.0,0.0,0.0,0.0,0.0,0.0,0.0,0.0,0.0,0.0,0.0,0.0,0.0,0.0,0.0,0.0,0.0,0.10079798404031921,0.31499370012599753,1.6379672406551817,6.211675766484672,12.80134397312054,6.6778664426711485,1.6757664846703069,0.44099118017639655,0.13859722805543892,0.8505396946055099,0.034850972552113134,0.0,0.0,0.0,0.0,0.0,0.0,0.0,0.0,0.0,0.0,0.0,0.0,0.0,0.0,0.0,0.0,0.0,0.0,0.0,0.0,0.03824904377390566,0.10199745006374843,0.3314917127071824,1.4279643008924732,6.3238419039524025,13.017424564385893,6.808329791755208,1.4534636634084153,0.36974075648108806,0.12749681257968554,0.4312,0.01514,0.0,0.0,0.0,0.0,0.0,0.0,0.0,0.0,0.0,0.0,0.0,0.529189416211675,16.50566988660227,12.624947501049983,0.34019319613607735,0.0,0.0,0.0,0.0,0.0,0.0,0.0,0.0,0.0,0.0,0.0,0.0,0.0,0.0,0.0,0.4304,0.015274,0.0,0.0,0.0,0.0,0.0,0.0,0.0,0.0,0.0,0.0,0.0,0.7777305567360805,16.536336591585215,12.392690182745435,0.2932426689332767,0.0,0.0,0.0,0.0,0.0,0.0,0.0,0.0,0.0,0.0,0.0,0.0,0.0,0.0,0.0
66900,4595,2421,0.5268770402611535,1153,931,0.4535364526659412,1292,0.5623503808487487,0.46599999999999997,3.077276908923643,3.050858195827715,6.423676012461059,2.0571129258589878,6649.800000000002,1.8189894035458565e-12,6649.8,6649.8,6649.800000000002,1.8189894035458565e-12,6649.800000000001,9.094947017729282e-13,28.439608269858542,21.06529561341865,33.35061919504644,19.27111247931434,0.13993471164309032,0.09532100108813928,0.09009793253536452,0.08378672470076169,0.07812840043525571,0.07442872687704026,0.07442872687704026,0.062023939064200215,0.060065288356909684,0.055930359085963006,0.04548422198041349,0.041349292709466814,0.03438520130576714,0.02676822633297062,0.01588683351468988,0.014798694232861806,0.007181719260065288,0.851420699473434,0.03386942327834111,0.0,0.0,0.0,0.0,0.0,0.0,0.0,0.0,0.0,0.0,0.0,0.0,0.0,0.0,0.0,0.0,0.0,0.0,0.0,0.0,0.013057671381936892,0.05223068552774757,0.3394994559303592,1.233949945593032,6.463547334058761,12.9727965179543,6.848748639825899,1.6191512513601745,0.37867247007616983,0.07834602829162134,4.226054922973878,2.8264380087805066,4.454545454545454,3.1583550483709466,1.0540670993955723,4.226763348714568,2.821192215390172,4.22751677852349,2.837650958297704,1.000178252186546,0.4316,0.01576,0.0,0.0,0.0,0.0,0.0,0.0,0.0,0.0,0.0,0.0,0.0,0.5810663764961908,15.682263329706206,13.364526659412409,0.3721436343852014,0.0,0.0,0.0,0.0,0.0,0.0,0.0,0.0,0.0,0.0,0.0,0.0,0.0,0.0,0.0,nan,nan,4.227726063829787,2.829073957476875,nan,0.4316,0.087,0.0,0.0,0.0,0.0,0.0,0.0,0.0,0.0,0.0,0.0,0.0,0.0,0.0,0.0,0.0,0.0,0.0,0.0,0.0,0.0,0.0,1.088139281828074e-05,0.0014907508161044615,0.0,0.00485310119695321,0.0007181719260065288,0.007225244831338411,0.00425462459194777,0.006147986942328618,0.01661588683351469,0.02426550598476605,0.01606093579978237,0.07274211099020675,0.035505984766050054,0.03627856365614799,0.017442872687704027,0.021871599564744288,0.01749727965179543,0.0758215451577802,0.030979325353645268,0.04630032644178455,0.02044613710554951,0.03356909684439608,0.017714907508161043,0.008280739934711644,0.01968443960826986,0.04974972796517954,0.050631120783460284,0.05025027203482046,0.021838955386289445,0.054689880304679,0.05702937976060936,0.04101196953210011,0.0444613710554951,0.03354733405875952,0.016398258977149076,0.005788900979325354,0.005984766050054407,0.0016213275299238302,0.006147986942328618,0.0018280739934711642,0.0009249183895538629,0.0,2.176278563656148e-05,0.007301414581066376,0.005723612622415669,0.005059847660500544,0.002818280739934712,0.0013492927094668117,0.0,1.088139281828074e-05,3.264417845484222e-05,0.0,0.0,0.0,0.0,0.0,0.0,0.0,0.0,0.0,0.0,0.0,0.0,0.0,0.0,0.0,0.0,0.0,0.0,0.0,0.0,0.0,0.0,0.0,0.0,0.0,0.0,0.0,0.0,0.0,nan,nan,4.227726063829787,2.829073957476875,nan,0.8507584018039586,0.03423140116096596,0.0,0.0,0.0,0.0,0.0,0.0,0.0,0.0,0.0,0.0,0.0,0.0,0.0,0.0,0.0,0.0,0.0,0.0,0.0,0.0,0.02478314745972739,0.04956629491945478,0.3469640644361835,1.3754646840148657,6.50557620817844,12.812887236679062,6.988847583643124,1.3258983890954155,0.5080545229244114,0.06195786864931847,0.8521582443942252,0.03344628021874892,0.0,0.0,0.0,0.0,0.0,0.0,0.0,0.0,0.0,0.0,0.0,0.0,0.0,0.0,0.0,0.0,0.0,0.0,0.0,0.0,0.0,0.05519779208831648,0.3311867525298989,1.0763569457221678,6.416743330266791,13.150873965041402,6.692732290708373,1.9457221711131558,0.23459061637534503,0.09659613615455384,0.4314,0.01595,0.0,0.0,0.0,0.0,0.0,0.0,0.0,0.0,0.0,0.0,0.0,0.6443618339529111,15.539033457249074,13.457249070631974,0.3593556381660472,0.0,0.0,0.0,0.0,0.0,0.0,0.0,0.0,0.0,0.0,0.0,0.0,0.0,0.0,0.0,0.4316,0.015564,0.0,0.0,0.0,0.0,0.0,0.0,0.0,0.0,0.0,0.0,0.0,0.5105795768169266,15.841766329346829,13.261269549218035,0.38638454461821536,0.0,0.0,0.0,0.0,0.0,0.0,0.0,0.0,0.0,0.0,0.0,0.0,0.0,0.0,0.0
67000,4577,2317,0.5062267861044352,1088,920,0.4387153157089797,1299,0.5676207122569369,0.44999999999999996,2.8902654867256636,3.0163848901662056,6.477308294209703,1.9522552146047787,6649.800000000001,9.094947017729282e-13,6649.8,6649.8,6649.800000000001,9.094947017729282e-13,6649.800000000002,1.8189894035458565e-12,27.82215424950841,20.895284106031482,32.63028260305937,19.24996781354169,0.135678391959799,0.11033428009613284,0.09045226130653267,0.08826742407690627,0.07515840069914792,0.08302381472580293,0.0672929866724929,0.05789818658509941,0.05899060519991261,0.05112519117325759,0.04762945160585536,0.04129342363993883,0.03036923749180686,0.02403320952589032,0.020537469958488094,0.01267205593183308,0.005243609351103343,0.8522834005849653,0.03475830586644634,0.0,0.0,0.0,0.0,0.0,0.0,0.0,0.0,0.0,0.0,0.0,0.0,0.0,0.0,0.0,0.0,0.0,0.0,0.0,0.0,0.0,0.01966353506663754,0.2949530259995631,1.3043478260869525,6.488966571990388,12.70264365304785,6.901900808389777,1.671400480664191,0.45226130653266344,0.1638627922219795,4.36648313833448,2.824939045665467,4.5,1.91049731745428,1.030577665694696,4.313793103448276,2.8712876047024536,4.421843003412969,2.771540031462749,1.0250475387608002,0.4321,0.01611,0.0,0.0,0.0,0.0,0.0,0.0,0.0,0.0,0.0,0.0,0.0,0.7078872623989503,14.786978370111429,14.0725365960236,0.4325977714660259,0.0,0.0,0.0,0.0,0.0,0.0,0.0,0.0,0.0,0.0,0.0,0.0,0.0,0.0,0.0,nan,nan,4.366941015089163,2.8223202273407213,nan,0.4321,0.08704,0.0,0.0,0.0,0.0,0.0,0.0,0.0,0.0,0.0,0.0,0.0,0.0,0.0,0.0,0.0,0.0,0.0,0.0,0.0,0.0,1.0924186148131964e-05,0.0,0.001802490714441774,2.1848372296263928e-05,0.004129342363993882,0.0006772995411841818,0.006969630762508193,0.005178064234214551,0.005025125628140704,0.01628796154686476,0.025649989075813853,0.014135896875682761,0.07283154904959581,0.034564124972689535,0.03620275289490933,0.016648459689753113,0.022427354162114922,0.016364430849901683,0.07560629233122132,0.03114485470832423,0.0455210836792659,0.021837448110115797,0.03472798776491151,0.018232466681232247,0.008149442866506445,0.0207450294953026,0.04970504697400044,0.050873934891850554,0.05251256281407035,0.022405505789818658,0.051518461874590346,0.05452261306532663,0.04106401573082805,0.04560847716845095,0.035285121258466244,0.015195542932051562,0.006357876338212803,0.005997378195324449,0.0011251911732575923,0.006204937732138956,0.0019882018789600174,0.0010268734979244046,0.0,0.0,0.007515840069914791,0.0058444395892506005,0.0057351977277692815,0.0026436530478479354,0.0019445051343674896,0.0,0.0,2.1848372296263928e-05,1.0924186148131964e-05,0.0,0.0,0.0,0.0,0.0,0.0,0.0,0.0,0.0,0.0,0.0,0.0,0.0,0.0,0.0,0.0,0.0,0.0,0.0,0.0,0.0,0.0,0.0,0.0,0.0,0.0,0.0,0.0,nan,nan,4.366941015089163,2.8223202273407213,nan,0.8526007036325177,0.03558116980323806,0.0,0.0,0.0,0.0,0.0,0.0,0.0,0.0,0.0,0.0,0.0,0.0,0.0,0.0,0.0,0.0,0.0,0.0,0.0,0.0,0.0,0.012947777298230474,0.31074665515753136,1.3077255071212734,6.512731981009928,12.533448424687098,6.82347863616746,1.7997410444540358,0.5308588692274494,0.16832110487699617,0.8519580947614349,0.03389087139216144,0.0,0.0,0.0,0.0,0.0,0.0,0.0,0.0,0.0,0.0,0.0,0.0,0.0,0.0,0.0,0.0,0.0,0.0,0.0,0.0,0.0,0.026548672566371688,0.2787610619469027,1.3008849557522084,6.464601769911506,12.87610619469027,6.9823008849557535,1.539823008849558,0.3716814159292036,0.15929203539823011,0.4326,0.01637,0.0,0.0,0.0,0.0,0.0,0.0,0.0,0.0,0.0,0.0,0.0,0.7509710832973662,14.397928355632287,14.436771687526978,0.41432887354337516,0.0,0.0,0.0,0.0,0.0,0.0,0.0,0.0,0.0,0.0,0.0,0.0,0.0,0.0,0.0,0.432,0.01582,0.0,0.0,0.0,0.0,0.0,0.0,0.0,0.0,0.0,0.0,0.0,0.6637168141592911,15.185840707964605,13.69911504424779,0.4513274336283187,0.0,0.0,0.0,0.0,0.0,0.0,0.0,0.0,0.0,0.0,0.0,0.0,0.0,0.0,0.0
67100,4322,2245,0.5194354465525219,1072,871,0.44956038870893106,1227,0.5677926885701065,0.44999999999999996,2.974963890226288,3.007669391274307,6.324590163934427,2.0516810970123203,6649.800000000002,1.8189894035458565e-12,6649.8,6649.8,6649.800000000002,1.8189894035458565e-12,6649.800000000002,1.8189894035458565e-12,28.42156409069875,21.040572022597633,33.391423859263334,19.21614428875147,0.13720499768625635,0.0999537251272559,0.08769088385006941,0.08213789912077742,0.07936140675613142,0.07959278111985192,0.06686719111522443,0.06270245256825543,0.06223970384081444,0.05714946783896344,0.04766311892642295,0.04049051365108746,0.03308653401203147,0.024757056918093476,0.01966682091624248,0.012031466913465988,0.007403979639055993,0.8507196732082614,0.03484445607861118,0.0,0.0,0.0,0.0,0.0,0.0,0.0,0.0,0.0,0.0,0.0,0.0,0.0,0.0,0.0,0.0,0.0,0.0,0.0,0.0,0.0,0.01388246182322999,0.4234150856085147,1.5617769551133687,6.3442850532161055,12.952336881073581,6.621934289680705,1.5826006478482189,0.3470615455807497,0.15270708005552988,4.27538297114357,2.7888607986203318,4.2,2.737395355686375,0.9823681359886677,4.202406227883935,2.777692940946905,4.347764371894961,2.7975954718744247,1.0345892653229336,0.4324,0.01567,0.0,0.0,0.0,0.0,0.0,0.0,0.0,0.0,0.0,0.0,0.0,0.4997686256362788,15.305414160111063,13.79916705229061,0.3956501619620547,0.0,0.0,0.0,0.0,0.0,0.0,0.0,0.0,0.0,0.0,0.0,0.0,0.0,0.0,0.0,nan,nan,4.2749822820694545,2.7885951382704732,nan,0.4324,0.0872,0.0,0.0,0.0,0.0,0.0,0.0,0.0,0.0,0.0,0.0,0.0,0.0,0.0,0.0,0.0,0.0,0.0,0.0,0.0,0.0,3.4706154558074966e-05,0.0,0.002151781582600648,1.1568718186024989e-05,0.00438454419250347,0.0004049051365108746,0.006004164738546969,0.006397501156871818,0.004141601110596946,0.018371124479407683,0.02668903285515965,0.014229523368810736,0.07140212864414623,0.03464831096714484,0.03545812124016659,0.015478944932901435,0.023345673299398427,0.016288755205923183,0.07281351226284127,0.031015733456732995,0.045950948634891256,0.020025451180009254,0.03631420638593244,0.01738778343359556,0.008826931975937067,0.02077741786210088,0.0506015733456733,0.051330402591392876,0.05547200370198982,0.022709393799167053,0.052059231837112446,0.052209625173530776,0.039900509023600185,0.04576584914391486,0.03600185099490976,0.01412540490513651,0.007808884775566867,0.006004164738546969,0.0007635354002776492,0.006223970384081443,0.0019435446552521982,0.0008098102730217492,0.0,3.4706154558074966e-05,0.0073461360481258675,0.005668671911152244,0.006235539102267469,0.0025219805645534474,0.001908838500694123,0.0,0.0,0.0,0.0,0.0,0.0,0.0,0.0,0.0,0.0,0.0,0.0,0.0,0.0,0.0,0.0,0.0,0.0,0.0,0.0,0.0,0.0,0.0,0.0,0.0,0.0,0.0,0.0,0.0,0.0,0.0,0.0,nan,nan,4.2749822820694545,2.7885951382704732,nan,0.8511931401318591,0.03457461772273556,0.0,0.0,0.0,0.0,0.0,0.0,0.0,0.0,0.0,0.0,0.0,0.0,0.0,0.0,0.0,0.0,0.0,0.0,0.0,0.0,0.0,0.0,0.4276169265033409,1.456570155902,6.293986636971049,12.93541202672606,6.801781737193766,1.6035634743875282,0.32071269487750564,0.16035634743875282,0.8502079094896882,0.03512661372298956,0.0,0.0,0.0,0.0,0.0,0.0,0.0,0.0,0.0,0.0,0.0,0.0,0.0,0.0,0.0,0.0,0.0,0.0,0.0,0.0,0.0,0.028887818969667797,0.4188733750601831,1.6754935002407265,6.398651901781418,12.97063071738084,6.427539720751085,1.559942224362061,0.3755416466056814,0.14443909484833897,0.4324,0.01581,0.0,0.0,0.0,0.0,0.0,0.0,0.0,0.0,0.0,0.0,0.0,0.561247216035634,15.434298440979958,13.61692650334076,0.38752783964365267,0.0,0.0,0.0,0.0,0.0,0.0,0.0,0.0,0.0,0.0,0.0,0.0,0.0,0.0,0.0,0.4321,0.01553,0.0,0.0,0.0,0.0,0.0,0.0,0.0,0.0,0.0,0.0,0.0,0.4333172845450162,15.166104959075593,13.996148290804047,0.40442946557534915,0.0,0.0,0.0,0.0,0.0,0.0,0.0,0.0,0.0,0.0,0.0,0.0,0.0,0.0,0.0
67200,4301,2179,0.5066263659614043,1024,916,0.45105789351313647,1252,0.5821901883282957,0.45799999999999996,2.9401508011310087,3.0627585121801504,6.5290102389078495,2.111243598526322,6649.800000000001,9.094947017729282e-13,6649.8,6649.8,6649.800000000001,9.094947017729282e-13,6649.800000000001,9.094947017729282e-13,28.296675191815858,21.181984260423885,33.472863902031726,19.330943831907277,0.14136247384329226,0.09927923738665427,0.08951406649616368,0.08137642408742153,0.08091141594977912,0.07370378981632178,0.06858870030225529,0.06696117182050686,0.05905603348058591,0.05068588700302255,0.04394326900720762,0.04161822831899558,0.035340618460823064,0.030458033015577774,0.01650778888630551,0.01441525226691467,0.006277609858172518,0.8509230474986689,0.03512375507269643,0.0,0.0,0.0,0.0,0.0,0.0,0.0,0.0,0.0,0.0,0.0,0.0,0.0,0.0,0.0,0.0,0.0,0.0,0.0,0.0,0.006975122064636133,0.02790048825854453,0.2720297605208092,1.6252034410602134,6.912345966054407,12.108811904208327,6.912345966054407,1.5624273424784938,0.3975819576842596,0.1743780516159033,4.311111111111111,2.8806582503650544,4.785714285714286,2.9563145837964107,1.1100883652430045,4.286120996441281,2.9008502078563723,4.340486409155937,2.862106089150445,1.0126840592600617,0.433,0.01587,0.0,0.0,0.0,0.0,0.0,0.0,0.0,0.0,0.0,0.0,0.0,0.49523366658916457,14.675656823994423,14.347826086956525,0.48128342245989314,0.0,0.0,0.0,0.0,0.0,0.0,0.0,0.0,0.0,0.0,0.0,0.0,0.0,0.0,0.0,nan,nan,4.313480741797433,2.8812351248194936,nan,0.433,0.08716,0.0,0.0,0.0,0.0,0.0,0.0,0.0,0.0,0.0,0.0,0.0,0.0,0.0,0.0,0.0,0.0,0.0,0.0,0.0,0.0,0.0,0.0,0.0013136479888398048,0.0,0.003882817949314113,0.0005231341548477098,0.005673099279237387,0.007277377354103697,0.00423157405254592,0.018146942571495,0.025854452452917925,0.014671006742617995,0.07249476865845152,0.03329458265519646,0.03489886073006278,0.014543129504766333,0.024343176005580097,0.015019762845849802,0.0728784003720065,0.031097419204836083,0.04747733085328993,0.01873982794698907,0.0350964891885608,0.016763543362008835,0.008742152987677285,0.023703789816321787,0.05153452685421995,0.05031388049290863,0.053045803301557774,0.02293652638921181,0.053975819576842596,0.05186003255056963,0.04102534294350151,0.04534991862357591,0.03654963961869333,0.014147872587770286,0.008614275749825621,0.005917228551499652,0.0012787723785166241,0.006510113926993723,0.0018019065333643339,0.0004998837479655894,2.3250406882120437e-05,4.650081376424087e-05,0.007254126947221576,0.00583585212741223,0.006324110671936759,0.00266217158800279,0.0018251569402464544,0.0,0.0,0.0,0.0,0.0,0.0,0.0,0.0,0.0,0.0,0.0,0.0,0.0,0.0,0.0,0.0,0.0,0.0,0.0,0.0,0.0,0.0,0.0,0.0,0.0,0.0,0.0,0.0,0.0,0.0,0.0,0.0,nan,nan,4.313480741797433,2.8812351248194936,nan,0.8510816724489675,0.03560885665945368,0.0,0.0,0.0,0.0,0.0,0.0,0.0,0.0,0.0,0.0,0.0,0.0,0.0,0.0,0.0,0.0,0.0,0.0,0.0,0.0,0.013767783386874717,0.027535566773749433,0.22028453418999547,1.6659017898118351,6.980266177145481,12.033042680128503,6.677374942634238,1.7209729233593396,0.4818724185406151,0.17898118402937133,0.8507601616519672,0.03461779333015948,0.0,0.0,0.0,0.0,0.0,0.0,0.0,0.0,0.0,0.0,0.0,0.0,0.0,0.0,0.0,0.0,0.0,0.0,0.0,0.0,0.0,0.028275212064090487,0.32516493873704055,1.583411875589062,6.842601319509898,12.186616399623,7.153628652214893,1.399622997172479,0.31102733270499533,0.16965127238454292,0.4336,0.01575,0.0,0.0,0.0,0.0,0.0,0.0,0.0,0.0,0.0,0.0,0.0,0.4130335016062408,14.33226250573658,14.745296007342821,0.5094079853143645,0.0,0.0,0.0,0.0,0.0,0.0,0.0,0.0,0.0,0.0,0.0,0.0,0.0,0.0,0.0,0.4324,0.01599,0.0,0.0,0.0,0.0,0.0,0.0,0.0,0.0,0.0,0.0,0.0,0.579641847313854,15.028275212064093,13.93967954759661,0.4524033930254478,0.0,0.0,0.0,0.0,0.0,0.0,0.0,0.0,0.0,0.0,0.0,0.0,0.0,0.0,0.0
67300,4452,2249,0.5051662174303684,1069,921,0.4469901168014376,1274,0.5723270440251572,0.44199999999999995,2.9591466182478436,3.040826988988315,6.4186046511627906,2.120032449724613,6649.800000000001,9.094947017729282e-13,6649.8,6649.8,6649.800000000001,9.094947017729282e-13,6649.800000000001,9.094947017729282e-13,28.073000898472596,20.829762181119875,32.90045248868778,19.085122135822235,0.13499550763701706,0.09793351302785265,0.10242587601078167,0.08468104222821204,0.07973944294699012,0.07120395327942498,0.06873315363881402,0.05840071877807727,0.061769991015274035,0.057053009883198565,0.04919137466307277,0.038185085354896675,0.03661275831087152,0.025606469002695417,0.019766397124887692,0.008310871518418687,0.005390835579514825,0.8484712913699334,0.0342988037563326,0.0,0.0,0.0,0.0,0.0,0.0,0.0,0.0,0.0,0.0,0.0,0.0,0.0,0.0,0.0,0.0,0.0,0.0,0.0,0.0,0.013477088948787064,0.03369272237196766,0.38409703504043136,1.7115902964959515,6.900269541778977,12.951482479784369,6.118598382749328,1.5026954177897578,0.28301886792452835,0.10107816711590299,4.4248777078965755,2.849800997576038,3.6,3.3823069050575527,0.8135818066961467,4.454484153742414,2.88667476878737,4.387329013678905,2.8145995231334937,0.9849241488473837,0.4326,0.01605,0.0,0.0,0.0,0.0,0.0,0.0,0.0,0.0,0.0,0.0,0.0,0.5997304582210234,15.202156334231809,13.67924528301887,0.518867924528302,0.0,0.0,0.0,0.0,0.0,0.0,0.0,0.0,0.0,0.0,0.0,0.0,0.0,0.0,0.0,nan,nan,4.422005571030641,2.852241534575343,nan,0.4326,0.087,0.0,0.0,0.0,0.0,0.0,0.0,0.0,0.0,0.0,0.0,0.0,0.0,0.0,0.0,0.0,0.0,0.0,0.0,0.0,0.0,0.0,0.0,0.0013140161725067386,0.0,0.003908355795148248,0.0004716981132075472,0.006311769991015274,0.0071540880503144656,0.004660826594788859,0.01741913746630728,0.024202605570530097,0.015251572327044025,0.07366352201257861,0.03208670260557053,0.037252920035938906,0.014207097933513027,0.024326145552560647,0.01712713387241689,0.07000224618149146,0.030727762803234502,0.04798966756513926,0.020788409703504044,0.03482704402515723,0.015532345013477089,0.007333782569631626,0.026437556154537287,0.05168463611859838,0.05356019766397125,0.05305480682839173,0.024696765498652292,0.05293126684636119,0.044597933513027856,0.04089173405211141,0.04682165318957772,0.035276280323450135,0.014948337825696316,0.00928796046720575,0.005570530098831986,0.0011680143755615454,0.006401617250673854,0.0017183288409703503,0.0008423180592991914,0.0,5.615453728661276e-05,0.006783468104222821,0.005615453728661276,0.006648697214734951,0.002459568733153639,0.0019878706199460915,0.0,0.0,0.0,0.0,0.0,0.0,0.0,0.0,0.0,0.0,0.0,0.0,0.0,0.0,0.0,0.0,0.0,0.0,0.0,0.0,0.0,0.0,0.0,0.0,0.0,0.0,0.0,0.0,0.0,0.0,0.0,0.0,nan,nan,4.422005571030641,2.852241534575343,nan,0.8477531957223501,0.034066902680245585,0.0,0.0,0.0,0.0,0.0,0.0,0.0,0.0,0.0,0.0,0.0,0.0,0.0,0.0,0.0,0.0,0.0,0.0,0.0,0.0,0.013339261894175192,0.026678523788350384,0.3601600711427302,1.8408181413961704,7.056469542018677,12.76567363272566,6.24277456647399,1.4006224988883953,0.1734104046242775,0.12005335704757672,0.8492043812979474,0.03451853434711128,0.0,0.0,0.0,0.0,0.0,0.0,0.0,0.0,0.0,0.0,0.0,0.0,0.0,0.0,0.0,0.0,0.0,0.0,0.0,0.0,0.013617793917385386,0.04085338175215616,0.4085338175215616,1.5796640944166995,6.740807989105766,13.141171130276899,5.99182932364957,1.6068996822514756,0.3949160236041762,0.08170676350431232,0.4329,0.0161,0.0,0.0,0.0,0.0,0.0,0.0,0.0,0.0,0.0,0.0,0.0,0.6536238328145834,14.753223654957763,14.112939084037354,0.4802134281903069,0.0,0.0,0.0,0.0,0.0,0.0,0.0,0.0,0.0,0.0,0.0,0.0,0.0,0.0,0.0,0.4321,0.01599,0.0,0.0,0.0,0.0,0.0,0.0,0.0,0.0,0.0,0.0,0.0,0.5447117566954145,15.660463004993195,13.236495687698596,0.5583295506128009,0.0,0.0,0.0,0.0,0.0,0.0,0.0,0.0,0.0,0.0,0.0,0.0,0.0,0.0,0.0
67400,4408,2276,0.5163339382940109,1061,911,0.4473684210526316,1246,0.5653357531760436,0.46599999999999997,2.9366791744840524,3.130259303328818,6.634353741496598,2.206355251067827,6649.800000000001,9.094947017729282e-13,6649.8,6649.8,6649.800000000002,1.8189894035458565e-12,6649.800000000002,1.8189894035458565e-12,27.274274047186932,20.70893813247376,32.28579190437381,18.991464552978705,0.14587114337568058,0.0998185117967332,0.09664246823956443,0.09573502722323049,0.08076225045372051,0.07259528130671507,0.06215970961887477,0.06215970961887477,0.058756805807622506,0.05104355716878403,0.048321234119782216,0.037431941923774956,0.03130671506352087,0.02631578947368421,0.014065335753176044,0.011796733212341199,0.0052177858439201455,0.8466850739182016,0.0352628515146287,0.0,0.0,0.0,0.0,0.0,0.0,0.0,0.0,0.0,0.0,0.0,0.0,0.0,0.0,0.0,0.0,0.0,0.0,0.0,0.0,0.027223230490018156,0.09528130671506355,0.4219600725952814,1.8579854809437328,7.37749546279492,12.68602540834846,5.846188747731399,1.2454627949183306,0.3130671506352088,0.12931034482758624,4.279826464208243,2.938844879391826,5.28,2.7643444069073593,1.2336948808920425,4.243508771929824,2.932516128926537,4.3360175695461205,2.9446787920864868,1.0218000722016243,0.4316,0.0159,0.0,0.0,0.0,0.0,0.0,0.0,0.0,0.0,0.0,0.0,0.0,0.6329401088929211,15.381125226860258,13.529945553539024,0.45598911070780407,0.0,0.0,0.0,0.0,0.0,0.0,0.0,0.0,0.0,0.0,0.0,0.0,0.0,0.0,0.0,nan,nan,4.288785381583661,2.938839053904154,nan,0.4316,0.0869,0.0,0.0,0.0,0.0,0.0,0.0,0.0,0.0,0.0,0.0,0.0,0.0,0.0,0.0,0.0,0.0,0.0,0.0,0.0,0.0,0.0,0.0,0.001281760435571688,3.402903811252269e-05,0.00397005444646098,0.00041969147005444646,0.0064882032667876585,0.00764519056261343,0.00528584392014519,0.016719600725952813,0.025204174228675137,0.013997277676950998,0.07343466424682396,0.03146551724137931,0.03647912885662432,0.01515426497277677,0.025601179673321234,0.01826225045372051,0.07139292196007259,0.032157441016333936,0.04862749546279492,0.021472323049001815,0.03265653357531761,0.015630671506352087,0.006794464609800363,0.02757486388384755,0.0525521778584392,0.053255444646098,0.05272232304900182,0.02617967332123412,0.052098457350272236,0.04604128856624319,0.036898820326678766,0.04274047186932849,0.03667196007259528,0.015710072595281305,0.0095508166969147,0.005081669691470054,0.0015766787658802177,0.004922867513611615,0.0013838475499092558,0.0014632486388384755,0.0,2.2686025408348456e-05,0.005852994555353902,0.004820780399274047,0.008359800362976406,0.0021665154264972775,0.0020757713248638838,1.1343012704174228e-05,5.671506352087114e-05,3.402903811252269e-05,0.0,0.0,0.0,0.0,0.0,0.0,0.0,0.0,0.0,0.0,0.0,0.0,0.0,0.0,0.0,0.0,0.0,0.0,0.0,0.0,0.0,0.0,0.0,0.0,0.0,0.0,0.0,0.0,0.0,nan,nan,4.288785381583661,2.938839053904154,nan,0.8470272975720086,0.03527747533249466,0.0,0.0,0.0,0.0,0.0,0.0,0.0,0.0,0.0,0.0,0.0,0.0,0.0,0.0,0.0,0.0,0.0,0.0,0.0,0.0,0.013181019332161691,0.07908611599297014,0.4086115992970124,1.8585237258347922,7.368189806678385,12.693321616871708,5.878734622144114,1.186291739894552,0.3954305799648507,0.1186291739894552,0.846319735721173,0.03524356613955409,0.0,0.0,0.0,0.0,0.0,0.0,0.0,0.0,0.0,0.0,0.0,0.0,0.0,0.0,0.0,0.0,0.0,0.0,0.0,0.0,0.042213883677298315,0.11257035647279552,0.43621013133208264,1.85741088180112,7.387429643527206,12.678236397748597,5.81144465290807,1.3086303939962478,0.22514071294559104,0.1407129455909944,0.432,0.01596,0.0,0.0,0.0,0.0,0.0,0.0,0.0,0.0,0.0,0.0,0.0,0.7381370826010534,15.000000000000004,13.80052724077329,0.46133567662565916,0.0,0.0,0.0,0.0,0.0,0.0,0.0,0.0,0.0,0.0,0.0,0.0,0.0,0.0,0.0,0.4316,0.01585,0.0,0.0,0.0,0.0,0.0,0.0,0.0,0.0,0.0,0.0,0.0,0.5206378986866784,15.787992495309572,13.241088180112573,0.4502814258911821,0.0,0.0,0.0,0.0,0.0,0.0,0.0,0.0,0.0,0.0,0.0,0.0,0.0,0.0,0.0
67500,4603,2358,0.5122746035194439,1144,934,0.45144470997175756,1315,0.5713665001086248,0.43399999999999994,2.9853006681514476,3.0104876017053823,6.395705521472393,2.0182860277893004,6649.800000000001,9.094947017729282e-13,6649.8,6649.8,6649.800000000001,9.094947017729282e-13,6649.800000000002,1.8189894035458565e-12,27.988051270910276,20.70969982682526,32.895607235142116,18.9282189929129,0.13773625896154681,0.10449706713013253,0.08689984792526613,0.08298935476862916,0.08624809906582663,0.07256137301759721,0.06669563328264176,0.06691288290245492,0.05996089506843363,0.057788398870301974,0.04475342168151206,0.03867043232674343,0.034977188789919615,0.02824245057571149,0.016076471866174235,0.00977623289159244,0.005213990875515968,0.8455254887850834,0.03531959322702653,0.0,0.0,0.0,0.0,0.0,0.0,0.0,0.0,0.0,0.0,0.0,0.0,0.0,0.0,0.0,0.0,0.0,0.0,0.0,0.0,0.013034977188789923,0.06517488594394961,0.4366717358244624,2.039973930045616,7.970888550945038,12.318053443406477,5.481207907886163,1.1927004127742777,0.36497936128611785,0.1173147946991093,4.3031018206338505,2.7856989243970913,3.888888888888889,3.034777840832814,0.9037408481112938,4.2625250501002006,2.7408471177209406,4.336473755047106,2.832440786530855,1.0173485678272243,0.4321,0.01585,0.0,0.0,0.0,0.0,0.0,0.0,0.0,0.0,0.0,0.0,0.0,0.5670215077123607,15.394308059960899,13.615033673691075,0.42363675863567246,0.0,0.0,0.0,0.0,0.0,0.0,0.0,0.0,0.0,0.0,0.0,0.0,0.0,0.0,0.0,nan,nan,4.3006032171581765,2.7874526717996777,nan,0.4321,0.0871,0.0,0.0,0.0,0.0,0.0,0.0,0.0,0.0,0.0,0.0,0.0,0.0,0.0,0.0,0.0,0.0,0.0,0.0,0.0,0.0,0.0,0.0,0.0013252226808603085,1.0862480990658266e-05,0.004692591787964371,0.00036932435368238105,0.005474690419291766,0.0072126873777970885,0.006398001303497719,0.016413208776884642,0.026341516402346297,0.013512926352378883,0.07494025635455139,0.032326743428199,0.03571583749728438,0.013936563111014556,0.023658483597653705,0.015316098196828156,0.0695741907451662,0.03378231588094721,0.04843580273734521,0.02281121008038236,0.031294807734086466,0.014762111666304584,0.006810775581142733,0.027981751031935693,0.05281338257658049,0.053269606778188136,0.05372583097979579,0.028253313056702152,0.05382359330871171,0.045741907451661956,0.035520312839452534,0.044069085379100585,0.034564414512274606,0.017749293938735606,0.008961546817293069,0.0051596784705626765,0.0014555724527482077,0.005224853356506626,0.0011079730610471432,0.002205083641103628,0.0,8.689984792526613e-05,0.005344340647403867,0.005094503584618727,0.008190310666956333,0.0017923093634586139,0.0025526830328046926,4.3449923962633065e-05,0.00010862480990658266,4.3449923962633065e-05,0.0,0.0,0.0,0.0,0.0,0.0,0.0,0.0,0.0,0.0,0.0,0.0,0.0,0.0,0.0,0.0,0.0,0.0,0.0,0.0,0.0,0.0,0.0,0.0,0.0,0.0,0.0,0.0,0.0,nan,nan,4.3006032171581765,2.7874526717996777,nan,0.8459000415069962,0.03589176330626542,0.0,0.0,0.0,0.0,0.0,0.0,0.0,0.0,0.0,0.0,0.0,0.0,0.0,0.0,0.0,0.0,0.0,0.0,0.0,0.0,0.012722646310432573,0.05089058524173029,0.43256997455470747,2.086513994910935,7.900763358778628,12.302798982188298,5.432569974554709,1.1704834605597967,0.4707379134860052,0.1399491094147583,0.8451320832981033,0.03470411613837343,0.0,0.0,0.0,0.0,0.0,0.0,0.0,0.0,0.0,0.0,0.0,0.0,0.0,0.0,0.0,0.0,0.0,0.0,0.0,0.0,0.013363028953229402,0.08017817371937641,0.44097995545657026,1.9910913140311743,8.044543429844099,12.334075723830738,5.532293986636972,1.2160356347438754,0.2538975501113586,0.09354120267260582,0.4321,0.01611,0.0,0.0,0.0,0.0,0.0,0.0,0.0,0.0,0.0,0.0,0.0,0.5597964376590323,15.445292620865143,13.49872773536896,0.49618320610687033,0.0,0.0,0.0,0.0,0.0,0.0,0.0,0.0,0.0,0.0,0.0,0.0,0.0,0.0,0.0,0.4324,0.0156,0.0,0.0,0.0,0.0,0.0,0.0,0.0,0.0,0.0,0.0,0.0,0.5746102449888634,15.340757238307352,13.737193763919825,0.34743875278396447,0.0,0.0,0.0,0.0,0.0,0.0,0.0,0.0,0.0,0.0,0.0,0.0,0.0,0.0,0.0
67600,4313,2240,0.5193600741942963,1067,883,0.45212149316021333,1198,0.5555297936471134,0.486,3.0545103714423543,3.089502660596774,6.615646258503402,2.0657294565823774,6649.800000000001,9.094947017729282e-13,6649.8,6649.8,6649.800000000002,1.8189894035458565e-12,6649.800000000001,9.094947017729282e-13,28.262694180384884,20.86046833675495,33.09961580680571,19.069668615468064,0.13749130535590076,0.09668444238349178,0.08601901228843033,0.09088801298400186,0.08161372594481799,0.07535358219336888,0.07025272432181776,0.0677022953860422,0.05610943658706237,0.04892186413169487,0.04498029214004173,0.04544400649200093,0.03848829121261303,0.027822861117551587,0.015302573614653373,0.010665430095061441,0.006260143751449107,0.8453381230846072,0.0347524317483543,0.0,0.0,0.0,0.0,0.0,0.0,0.0,0.0,0.0,0.0,0.0,0.0,0.0,0.0,0.0,0.0,0.0,0.0,0.0,0.0,0.013911430558775797,0.10433572919081849,0.36169719452817073,1.891954555993502,8.07558543936935,12.527243218177606,5.439369348481336,1.1894273127753305,0.29214004173429176,0.10433572919081849,4.134115972963358,2.837746679635923,4.681818181818182,2.547482958036737,1.132483513388771,4.280914939242316,2.823950516234294,4.002093510118632,2.8398757773700214,0.9348687294466466,0.4324,0.01581,0.0,0.0,0.0,0.0,0.0,0.0,0.0,0.0,0.0,0.0,0.0,0.48690006955715204,15.427776489682358,13.584511940644566,0.5008115001159287,0.0,0.0,0.0,0.0,0.0,0.0,0.0,0.0,0.0,0.0,0.0,0.0,0.0,0.0,0.0,nan,nan,4.138369219908225,2.836014618237916,nan,0.4324,0.0872,0.0,0.0,0.0,0.0,0.0,0.0,0.0,0.0,0.0,0.0,0.0,0.0,0.0,0.0,0.0,0.0,0.0,0.0,0.0,0.0,0.0,0.0,0.001275214467887781,0.0,0.004022722003246,0.0003941571991653142,0.005900765128680732,0.007129608161372594,0.007813586830512404,0.014537444933920705,0.02650127521446789,0.014293994899142128,0.07550428935775562,0.029932761418965916,0.03585671226524461,0.013923023417574775,0.026049153721307675,0.01552283793183399,0.07106422443774635,0.03161372594481799,0.048237885462555065,0.022687224669603524,0.029271968467424067,0.016693716670530954,0.007384651054950151,0.028877811268258752,0.051727335961048,0.05284025040575006,0.05223742174820311,0.028727104103872015,0.05259680037097148,0.04732204961743566,0.03535821933688848,0.04191977741711106,0.035311847901692554,0.017366102480871785,0.009517737073962439,0.005715279387897056,0.002075121725017389,0.005692093670299095,0.0013331787618826802,0.002283793183399026,0.00010433572919081845,0.00015070716438673776,0.005912357987479713,0.004822629260375608,0.00814977973568282,0.001889635984233712,0.0021330860190122885,5.796429399489914e-05,0.00022026431718061675,4.6371435195919314e-05,0.0,0.0,0.0,0.0,0.0,0.0,0.0,0.0,0.0,0.0,0.0,0.0,0.0,0.0,0.0,0.0,0.0,0.0,0.0,0.0,0.0,0.0,0.0,0.0,0.0,0.0,0.0,0.0,0.0,nan,nan,4.138369219908225,2.836014618237916,nan,0.8450417636228459,0.03485270688090261,0.0,0.0,0.0,0.0,0.0,0.0,0.0,0.0,0.0,0.0,0.0,0.0,0.0,0.0,0.0,0.0,0.0,0.0,0.0,0.0,0.02678571428571429,0.08035714285714286,0.4151785714285715,1.8883928571428514,7.941964285714287,12.870535714285717,5.263392857142858,1.0446428571428574,0.32142857142857145,0.1473214285714286,0.8456583571388017,0.03464090233915891,0.0,0.0,0.0,0.0,0.0,0.0,0.0,0.0,0.0,0.0,0.0,0.0,0.0,0.0,0.0,0.0,0.0,0.0,0.0,0.0,0.0,0.13024602026049206,0.3039073806078148,1.8958031837916005,8.219971056439944,12.156295224312593,5.629522431259046,1.3458755426917512,0.2604920405209841,0.05788712011577425,0.4324,0.0159,0.0,0.0,0.0,0.0,0.0,0.0,0.0,0.0,0.0,0.0,0.0,0.48214285714285643,15.308035714285717,13.660714285714288,0.5491071428571429,0.0,0.0,0.0,0.0,0.0,0.0,0.0,0.0,0.0,0.0,0.0,0.0,0.0,0.0,0.0,0.4324,0.01572,0.0,0.0,0.0,0.0,0.0,0.0,0.0,0.0,0.0,0.0,0.0,0.49204052098408035,15.55716353111433,13.502170767004346,0.44862518089725045,0.0,0.0,0.0,0.0,0.0,0.0,0.0,0.0,0.0,0.0,0.0,0.0,0.0,0.0,0.0
67700,4645,2302,0.4955866523143165,1104,972,0.4469321851453176,1343,0.5782561894510226,0.46599999999999997,2.925309432351686,3.0296534984028756,6.488584474885845,2.0159804423479515,6649.800000000002,1.8189894035458565e-12,6649.8,6649.8,6649.800000000001,9.094947017729282e-13,6649.800000000001,9.094947017729282e-13,27.78686759956943,20.795446419894596,32.81172839506173,19.002857330532812,0.1427341227125942,0.09666307857911734,0.0953713670613563,0.08568353067814855,0.0783638320775027,0.07857911733046287,0.06953713670613564,0.06393972012917115,0.06114101184068891,0.049946178686759955,0.04542518837459634,0.038751345532831,0.03336921420882669,0.02691065662002153,0.017222820236813777,0.012055974165769645,0.004305705059203444,0.845436166998388,0.03370580411826413,0.0,0.0,0.0,0.0,0.0,0.0,0.0,0.0,0.0,0.0,0.0,0.0,0.0,0.0,0.0,0.0,0.0,0.0,0.0,0.0,0.025834230355220672,0.05812701829924651,0.2777179763186222,1.9763186221743747,8.09903121636168,12.51022604951561,5.560818083961251,1.1367061356297095,0.2970936490850377,0.05812701829924651,4.398516520566419,2.8314623762933824,3.764705882352941,2.6685402875797073,0.8559035449224915,4.347222222222222,2.845992765913708,4.440816326530612,2.813034653085763,1.0215296342179043,0.4333,0.01607,0.0,0.0,0.0,0.0,0.0,0.0,0.0,0.0,0.0,0.0,0.0,0.49730893433799717,14.434876210979551,14.512378902045214,0.5554359526372444,0.0,0.0,0.0,0.0,0.0,0.0,0.0,0.0,0.0,0.0,0.0,0.0,0.0,0.0,0.0,nan,nan,4.3949044585987265,2.830962526409915,nan,0.4333,0.08704,0.0,0.0,0.0,0.0,0.0,0.0,0.0,0.0,0.0,0.0,0.0,0.0,0.0,0.0,0.0,0.0,0.0,0.0,0.0,0.0,0.0,0.0,0.0008719052744886975,0.0,0.0036490850376749194,0.0003121636167922497,0.005091496232508074,0.006630785791173305,0.008568353067814855,0.01534983853606028,0.026792249730893433,0.01381054897739505,0.07616792249730893,0.02768568353067815,0.03382131324004306,0.014456404736275566,0.026114101184068893,0.014671689989235737,0.07210979547900968,0.030419806243272337,0.049041980624327235,0.023003229278794404,0.02736275565123789,0.01743810548977395,0.007868675995694295,0.0277502691065662,0.05123789020452099,0.05418729817007535,0.05157158234660926,0.028772874058127017,0.05331539289558665,0.04656620021528525,0.03606027987082885,0.04514531754574812,0.03736275565123789,0.016867599569429494,0.009321851453175458,0.0053498385360602795,0.0026157158234660924,0.005834230355220667,0.0013240043057050593,0.0028310010764262647,8.611410118406889e-05,0.00026910656620021526,0.0054467168998923576,0.004165769644779333,0.008622174381054898,0.0020021528525296017,0.0017868675995694294,1.0764262648008611e-05,0.0002583423035522067,0.0,0.0,0.0,0.0,0.0,0.0,0.0,0.0,0.0,0.0,0.0,0.0,0.0,0.0,0.0,0.0,0.0,0.0,0.0,0.0,0.0,0.0,0.0,0.0,0.0,0.0,0.0,0.0,0.0,0.0,nan,nan,4.3949044585987265,2.830962526409915,nan,0.8449368760908924,0.0330006162326009,0.0,0.0,0.0,0.0,0.0,0.0,0.0,0.0,0.0,0.0,0.0,0.0,0.0,0.0,0.0,0.0,0.0,0.0,0.0,0.0,0.0,0.07819287576020853,0.2606429192006951,1.9026933101650678,8.47089487402259,12.315377932232844,5.642919200695049,0.9774109470026067,0.29973935708079935,0.05212858384013902,0.8459267208477498,0.034377508039870525,0.0,0.0,0.0,0.0,0.0,0.0,0.0,0.0,0.0,0.0,0.0,0.0,0.0,0.0,0.0,0.0,0.0,0.0,0.0,0.0,0.05121638924455827,0.0384122919334187,0.29449423815621,2.048655569782324,7.733674775928298,12.701664532650451,5.480153649167735,1.2932138284250962,0.29449423815621,0.06402048655569784,0.4333,0.01639,0.0,0.0,0.0,0.0,0.0,0.0,0.0,0.0,0.0,0.0,0.0,0.5994787141615977,14.296264118158126,14.517810599478718,0.5864465682015639,0.0,0.0,0.0,0.0,0.0,0.0,0.0,0.0,0.0,0.0,0.0,0.0,0.0,0.0,0.0,0.4336,0.01573,0.0,0.0,0.0,0.0,0.0,0.0,0.0,0.0,0.0,0.0,0.0,0.3969270166453259,14.571062740076828,14.50704225352113,0.5249679897567222,0.0,0.0,0.0,0.0,0.0,0.0,0.0,0.0,0.0,0.0,0.0,0.0,0.0,0.0,0.0
67800,4748,2416,0.5088458298230834,1094,991,0.4391322662173547,1384,0.5829823083403538,0.46199999999999997,3.0175814751286447,3.0709365738512697,6.547864506627393,1.982320386362762,6649.800000000001,9.094947017729282e-13,6649.8,6649.8,6649.800000000002,1.8189894035458565e-12,6649.800000000001,9.094947017729282e-13,28.228306655433865,21.216154550189763,33.46348243618903,19.36344834918882,0.14406065711878685,0.10025273799494525,0.08909014321819714,0.08740522325189554,0.07561078348778433,0.06739679865206402,0.07245155855096883,0.06844987363100252,0.05475989890480202,0.04612468407750632,0.05012636899747262,0.04254422914911542,0.03411962931760741,0.030749789385004212,0.016427969671440605,0.013900589721988205,0.006529064869418702,0.8444076534093883,0.03437594023118197,0.0,0.0,0.0,0.0,0.0,0.0,0.0,0.0,0.0,0.0,0.0,0.0,0.0,0.0,0.0,0.0,0.0,0.0,0.0,0.0,0.025273799494524015,0.12636899747262006,0.33487784330244325,1.857624262847509,8.321398483572032,12.403117101937662,5.440185341196295,1.1815501263689976,0.24010109519797815,0.06950294860994104,4.3432591623036645,2.841408075068639,5.035714285714286,3.2013629112919886,1.159432144740666,4.377346278317152,2.8367681962376095,4.321637426900585,2.854244525047157,0.9872733734380311,0.4329,0.01625,0.0,0.0,0.0,0.0,0.0,0.0,0.0,0.0,0.0,0.0,0.0,0.6571187868576233,14.47556866048863,14.279696714406068,0.5876158382476834,0.0,0.0,0.0,0.0,0.0,0.0,0.0,0.0,0.0,0.0,0.0,0.0,0.0,0.0,0.0,nan,nan,4.349546044098573,2.8456391059007626,nan,0.4329,0.08685,0.0,0.0,0.0,0.0,0.0,0.0,0.0,0.0,0.0,0.0,0.0,0.0,0.0,0.0,0.0,0.0,0.0,0.0,0.0,0.0,2.106149957877001e-05,1.0530749789385004e-05,0.0004738837405223252,0.0,0.003275063184498736,0.0002632687447346251,0.005507582139848357,0.007634793597304128,0.008119208087615837,0.016069924178601515,0.02630581297388374,0.01348989048020219,0.0767586352148273,0.028970092670598146,0.03433024431339511,0.01361625947767481,0.025389637742207247,0.01498525695029486,0.07132476832350464,0.03140269587194608,0.04975779275484415,0.02342038753159225,0.024968407750631846,0.019092249368155012,0.008698399326032013,0.02961246840775063,0.051937657961246844,0.05366470092670598,0.051095197978096044,0.02845408593091828,0.05221145745577085,0.045440185341196294,0.03570977253580455,0.04446082561078349,0.038626790227464194,0.01597514743049705,0.008887952822240943,0.005160067396798652,0.0021588037068239257,0.006044650379106993,0.0012320977253580455,0.0030644481887110364,3.159224936815501e-05,0.00044229149115417016,0.006097304128053918,0.004528222409435552,0.007118786857624263,0.0020534962089300756,0.0016849199663016006,0.0,0.00042122999157540015,0.0,0.0,0.0,0.0,0.0,0.0,0.0,0.0,0.0,0.0,0.0,0.0,0.0,0.0,0.0,0.0,0.0,0.0,0.0,0.0,0.0,0.0,0.0,0.0,0.0,0.0,0.0,0.0,0.0,0.0,nan,nan,4.349546044098573,2.8456391059007626,nan,0.844886240950286,0.03353400405196357,0.0,0.0,0.0,0.0,0.0,0.0,0.0,0.0,0.0,0.0,0.0,0.0,0.0,0.0,0.0,0.0,0.0,0.0,0.0,0.0,0.01241721854304636,0.09933774834437088,0.2980132450331126,1.7756622516556235,8.344370860927153,12.41721854304636,5.662251655629141,1.1175496688741724,0.21109271523178813,0.0620860927152318,0.8439118268661597,0.0352201287972858,0.0,0.0,0.0,0.0,0.0,0.0,0.0,0.0,0.0,0.0,0.0,0.0,0.0,0.0,0.0,0.0,0.0,0.0,0.0,0.0,0.03859348198970841,0.15437392795883365,0.3730703259005147,1.9425385934819839,8.297598627787309,12.3885077186964,5.210120068610635,1.2478559176672386,0.2701543739279589,0.07718696397941682,0.4329,0.01617,0.0,0.0,0.0,0.0,0.0,0.0,0.0,0.0,0.0,0.0,0.0,0.583609271523178,14.478476821192055,14.304635761589408,0.6332781456953643,0.0,0.0,0.0,0.0,0.0,0.0,0.0,0.0,0.0,0.0,0.0,0.0,0.0,0.0,0.0,0.4329,0.01633,0.0,0.0,0.0,0.0,0.0,0.0,0.0,0.0,0.0,0.0,0.0,0.7332761578044587,14.472555746140655,14.253859348198974,0.5403087478559178,0.0,0.0,0.0,0.0,0.0,0.0,0.0,0.0,0.0,0.0,0.0,0.0,0.0,0.0,0.0
67900,4805,2496,0.5194588969823101,1130,1004,0.4441207075962539,1370,0.5702393340270552,0.486,3.011693373754872,3.056894052272754,6.5678233438485805,2.0116316322036183,6649.800000000002,1.8189894035458565e-12,6649.8,6649.8,6649.800000000002,1.8189894035458565e-12,6649.800000000001,9.094947017729282e-13,27.670759625390218,21.044094936134314,32.91977939333166,19.250185684452575,0.14963579604578564,0.09739854318418315,0.095525494276795,0.08636836628511967,0.08054110301768991,0.07346514047866805,0.06534859521331945,0.06326742976066597,0.05639958376690947,0.05015608740894901,0.045785639958376693,0.04079084287200833,0.03517169614984391,0.022476586888657647,0.01768990634755463,0.013527575442247659,0.0064516129032258064,0.8446575900022246,0.033931759100901474,0.0,0.0,0.0,0.0,0.0,0.0,0.0,0.0,0.0,0.0,0.0,0.0,0.0,0.0,0.0,0.0,0.0,0.0,0.0,0.0,0.018730489073881376,0.0749219562955255,0.4245577523413112,1.9167533818938545,8.172736732570241,12.206035379812699,5.71279916753382,1.2424557752341312,0.15608740894901146,0.0749219562955255,4.428853105488005,2.8749456950871863,4.722222222222222,3.476996717404189,1.066240426075701,4.551724137931035,2.882895278378874,4.305318450426789,2.868195298136872,0.9458654171392188,0.4338,0.016,0.0,0.0,0.0,0.0,0.0,0.0,0.0,0.0,0.0,0.0,0.0,0.5431841831425591,14.322580645161294,14.509885535900107,0.6243496357960459,0.0,0.0,0.0,0.0,0.0,0.0,0.0,0.0,0.0,0.0,0.0,0.0,0.0,0.0,0.0,nan,nan,4.430578242404443,2.8789414342666966,nan,0.4338,0.08746,0.0,0.0,0.0,0.0,0.0,0.0,0.0,0.0,0.0,0.0,0.0,0.0,0.0,0.0,0.0,0.0,0.0,0.0,0.0,0.0,0.0,0.0,0.0003850156087408949,2.081165452653486e-05,0.0036940686784599375,0.0003746097814776275,0.005754422476586888,0.007481789802289282,0.008522372528616024,0.015972944849115506,0.02679500520291363,0.013225806451612903,0.07617065556711759,0.028043704474505722,0.036524453694068676,0.01441207075962539,0.025723204994797088,0.01518210197710718,0.06619146722164412,0.029458896982310093,0.0454942767950052,0.022362122788761707,0.026066597294484913,0.018720083246618106,0.008335067637877211,0.030894901144641,0.0513423517169615,0.0563579604578564,0.05335067637877211,0.027065556711758584,0.05299687825182102,0.04595213319458897,0.03619146722164412,0.044016649323621225,0.039562955254942765,0.016618106139438087,0.008782518210197711,0.005130072840790843,0.0026430801248699272,0.006607700312174818,0.0014151925078043704,0.0031841831425598334,4.162330905306972e-05,0.0005515088449531738,0.006607700312174818,0.004245577523413111,0.007596253902185224,0.001644120707596254,0.0017793964620187305,0.0,0.0004994797086368366,1.040582726326743e-05,0.0,0.0,0.0,0.0,0.0,0.0,0.0,0.0,0.0,0.0,0.0,0.0,0.0,0.0,0.0,0.0,0.0,0.0,0.0,0.0,0.0,0.0,0.0,0.0,0.0,0.0,0.0,0.0,0.0,nan,nan,4.430578242404443,2.8789414342666966,nan,0.8447388921840451,0.03427906233013799,0.0,0.0,0.0,0.0,0.0,0.0,0.0,0.0,0.0,0.0,0.0,0.0,0.0,0.0,0.0,0.0,0.0,0.0,0.0,0.0,0.024038461538461543,0.0841346153846154,0.4687500000000001,1.9471153846153784,8.064903846153848,12.055288461538465,5.985576923076924,1.1658653846153848,0.1322115384615385,0.07211538461538462,0.8445697033647956,0.03355206384567602,0.0,0.0,0.0,0.0,0.0,0.0,0.0,0.0,0.0,0.0,0.0,0.0,0.0,0.0,0.0,0.0,0.0,0.0,0.0,0.0,0.012992637505413601,0.064963187527068,0.37678648765699446,1.883932438284966,8.289302728453878,12.36899090515375,5.417929839757472,1.3252490255521874,0.18189692507579044,0.07795582503248161,0.4336,0.01591,0.0,0.0,0.0,0.0,0.0,0.0,0.0,0.0,0.0,0.0,0.0,0.5408653846153838,14.49519230769231,14.33894230769231,0.6250000000000002,0.0,0.0,0.0,0.0,0.0,0.0,0.0,0.0,0.0,0.0,0.0,0.0,0.0,0.0,0.0,0.4338,0.0161,0.0,0.0,0.0,0.0,0.0,0.0,0.0,0.0,0.0,0.0,0.0,0.5456907752273704,14.135989605889998,14.694673018622783,0.6236466002598529,0.0,0.0,0.0,0.0,0.0,0.0,0.0,0.0,0.0,0.0,0.0,0.0,0.0,0.0,0.0
68000,4980,2569,0.515863453815261,1185,1043,0.44738955823293175,1402,0.5630522088353414,0.482,3.0323517212774784,3.067434856896314,6.656156156156156,2.0023483809463123,6649.800000000001,9.094947017729282e-13,6649.8,6649.8,6649.800000000001,9.094947017729282e-13,6649.800000000002,1.8189894035458565e-12,27.601807228915664,20.890320695048118,32.762732319575186,19.117026983880727,0.1465863453815261,0.10321285140562249,0.09216867469879518,0.08473895582329317,0.08393574297188755,0.06987951807228916,0.06405622489959839,0.06887550200803212,0.05542168674698795,0.052008032128514056,0.04437751004016064,0.04397590361445783,0.030923694779116467,0.024497991967871485,0.01746987951807229,0.011847389558232932,0.006024096385542169,0.8440681147048751,0.03422432712679209,0.0,0.0,0.0,0.0,0.0,0.0,0.0,0.0,0.0,0.0,0.0,0.0,0.0,0.0,0.0,0.0,0.0,0.0,0.0,0.0,0.00602409638554217,0.07228915662650603,0.5000000000000001,2.0301204819277046,7.9216867469879535,13.060240963855424,5.000000000000002,1.0843373493975905,0.24698795180722896,0.07831325301204821,4.405183312262959,2.8360463631580406,4.571428571428571,3.140691894826886,1.037738556464342,4.359404096834265,2.8453742424718946,4.4542566709021605,2.830022211593026,1.021758151334669,0.4338,0.01614,0.0,0.0,0.0,0.0,0.0,0.0,0.0,0.0,0.0,0.0,0.0,0.5903614457831317,13.891566265060243,14.82530120481928,0.6927710843373496,0.0,0.0,0.0,0.0,0.0,0.0,0.0,0.0,0.0,0.0,0.0,0.0,0.0,0.0,0.0,nan,nan,4.406279434850863,2.8381940004310082,nan,0.4338,0.0885,0.0,0.0,0.0,0.0,0.0,0.0,0.0,0.0,0.0,0.0,0.0,0.0,0.0,0.0,0.0,0.0,0.0,0.0,0.0,0.0,0.0,0.0,0.0002710843373493976,0.0,0.0038755020080321286,0.00036144578313253013,0.005963855421686747,0.00784136546184739,0.00752008032128514,0.015301204819277109,0.029799196787148593,0.014327309236947791,0.07727911646586345,0.028393574297188754,0.03755020080321285,0.013724899598393575,0.027801204819277107,0.015532128514056226,0.06456827309236948,0.02717871485943775,0.04464859437751004,0.022369477911646587,0.02313253012048193,0.015933734939759036,0.0082429718875502,0.030562248995983934,0.05034136546184739,0.0568574297188755,0.054969879518072286,0.026365461847389558,0.05355421686746988,0.04447791164658634,0.03560240963855422,0.045271084337349395,0.04088353413654618,0.016265060240963854,0.008825301204819277,0.005983935742971887,0.0029518072289156628,0.006465863453815261,0.001174698795180723,0.0027710843373493976,0.00010040160642570282,0.0005421686746987952,0.007068273092369478,0.005311244979919679,0.007459839357429719,0.0016164658634538153,0.002178714859437751,0.0,0.0007530120481927711,3.0120481927710842e-05,0.0,0.0,0.0,0.0,0.0,0.0,0.0,0.0,0.0,0.0,0.0,0.0,0.0,0.0,0.0,0.0,0.0,0.0,0.0,0.0,0.0,0.0,0.0,0.0,0.0,0.0,0.0,0.0,0.0,nan,nan,4.406279434850863,2.8381940004310082,nan,0.8443468772469443,0.03360541073649228,0.0,0.0,0.0,0.0,0.0,0.0,0.0,0.0,0.0,0.0,0.0,0.0,0.0,0.0,0.0,0.0,0.0,0.0,0.0,0.0,0.0,0.058388478007006625,0.47878551965745436,1.9384974698326136,7.975866095757105,13.149085247177894,5.079797586609577,1.0159595173219154,0.19852082522382256,0.10509926041261193,0.8437710840244206,0.03486926456290513,0.0,0.0,0.0,0.0,0.0,0.0,0.0,0.0,0.0,0.0,0.0,0.0,0.0,0.0,0.0,0.0,0.0,0.0,0.0,0.0,0.012442969722107013,0.08710078805474909,0.5226047283284945,2.1277478224802917,7.863956864371631,12.965574450435508,4.91497304023227,1.1571961841559522,0.29863127333056827,0.04977187888842805,0.4338,0.01622,0.0,0.0,0.0,0.0,0.0,0.0,0.0,0.0,0.0,0.0,0.0,0.6656286492798744,13.814713896457768,14.783962631374079,0.7356948228882836,0.0,0.0,0.0,0.0,0.0,0.0,0.0,0.0,0.0,0.0,0.0,0.0,0.0,0.0,0.0,0.4338,0.01607,0.0,0.0,0.0,0.0,0.0,0.0,0.0,0.0,0.0,0.0,0.0,0.5101617586063867,13.973454997926174,14.86934881791788,0.6470344255495647,0.0,0.0,0.0,0.0,0.0,0.0,0.0,0.0,0.0,0.0,0.0,0.0,0.0,0.0,0.0
68100,4545,2311,0.5084708470847085,1130,908,0.4484048404840484,1305,0.5742574257425742,0.4019999999999999,2.810205908683975,2.8231622321318244,5.852646638054363,1.9278185629399935,6649.800000000002,1.8189894035458565e-12,6649.8,6649.8,6649.800000000001,9.094947017729282e-13,6649.800000000001,9.094947017729282e-13,29.105830583058307,21.18466190425754,33.97403946002077,19.32709779630491,0.1328932893289329,0.08998899889988998,0.09196919691969196,0.08536853685368537,0.08118811881188119,0.07084708470847084,0.06754675467546754,0.061166116611661166,0.0638063806380638,0.055445544554455446,0.050825082508250824,0.04356435643564356,0.039603960396039604,0.026182618261826184,0.0187018701870187,0.014081408140814081,0.006820682068206821,0.8421523119750196,0.035255263170181066,0.0,0.0,0.0,0.0,0.0,0.0,0.0,0.0,0.0,0.0,0.0,0.0,0.0,0.0,0.0,0.0,0.0,0.0,0.0,0.02640264026402641,0.0066006600660066025,0.13861386138613863,0.5874587458745876,2.0330033003300265,8.50825082508251,12.64686468646865,4.7062706270627075,1.0099009900990101,0.24422442244224427,0.09240924092409243,3.976899899564781,2.630421679110221,3.909090909090909,2.5567929291682243,0.9829492840689069,3.956378056840714,2.6307351287705085,3.994067237969677,2.6282460678129267,1.0095261829348683,0.4333,0.01656,0.0,0.0,0.0,0.0,0.0,0.0,0.0,0.0,0.0,0.0,0.0,0.6468646864686459,14.145214521452148,14.554455445544559,0.6534653465346536,0.0,0.0,0.0,0.0,0.0,0.0,0.0,0.0,0.0,0.0,0.0,0.0,0.0,0.0,0.0,nan,nan,3.975915539425932,2.629380092002881,nan,0.4333,0.08923,0.0,0.0,0.0,0.0,0.0,0.0,0.0,0.0,0.0,0.0,0.0,0.0,0.0,0.0,0.0,0.0,0.0,0.0,0.0,0.0,0.0,4.4004400440044006e-05,0.000253025302530253,2.2002200220022003e-05,0.004862486248624862,0.000528052805280528,0.0066996699669967,0.007546754675467547,0.008503850385038503,0.014466446644664467,0.029625962596259627,0.01470847084708471,0.0783058305830583,0.02701870187018702,0.038943894389438946,0.015071507150715072,0.027315731573157316,0.016226622662266228,0.0651925192519252,0.027557755775577557,0.04341034103410341,0.022101210121012103,0.023531353135313533,0.015093509350935093,0.007579757975797579,0.02800880088008801,0.05198019801980198,0.05490649064906491,0.05474147414741474,0.025302530253025302,0.05635863586358636,0.0464026402640264,0.03441144114411441,0.04303630363036304,0.03976897689768977,0.01561056105610561,0.00955995599559956,0.005533553355335534,0.002761276127612761,0.006820682068206821,0.0014851485148514852,0.002772277227722772,0.00016501650165016502,0.0006380638063806381,0.006930693069306931,0.005269526952695269,0.007172717271727172,0.0019251925192519251,0.0029592959295929593,3.3003300330033e-05,0.0008030803080308031,3.3003300330033e-05,0.0,0.0,0.0,0.0,0.0,0.0,0.0,0.0,0.0,0.0,0.0,0.0,0.0,0.0,0.0,0.0,0.0,0.0,0.0,0.0,0.0,0.0,0.0,0.0,0.0,0.0,0.0,0.0,0.0,nan,nan,3.975915539425932,2.629380092002881,nan,0.8428344919742418,0.03544538161282258,0.0,0.0,0.0,0.0,0.0,0.0,0.0,0.0,0.0,0.0,0.0,0.0,0.0,0.0,0.0,0.0,0.0,0.0,0.0,0.02596278667243618,0.01298139333621809,0.09086975335352664,0.5971440934660321,2.0510601471224517,8.230203375162269,12.78667243617482,4.751189961055821,1.0644742535698835,0.2726092600605799,0.11683254002596281,0.8414466190572925,0.035043535498396026,0.0,0.0,0.0,0.0,0.0,0.0,0.0,0.0,0.0,0.0,0.0,0.0,0.0,0.0,0.0,0.0,0.0,0.0,0.0,0.026857654431512987,0.0,0.18800358102059092,0.5774395702775292,2.0143240823634674,8.795881826320503,12.502238137869297,4.659803043867503,0.953446732318711,0.2148612354521039,0.06714413607878246,0.433,0.01645,0.0,0.0,0.0,0.0,0.0,0.0,0.0,0.0,0.0,0.0,0.0,0.558199913457377,14.266551276503682,14.630030289917787,0.5452185201211598,0.0,0.0,0.0,0.0,0.0,0.0,0.0,0.0,0.0,0.0,0.0,0.0,0.0,0.0,0.0,0.4333,0.01666,0.0,0.0,0.0,0.0,0.0,0.0,0.0,0.0,0.0,0.0,0.0,0.738585496866606,14.01969561324978,14.4762757385855,0.7654431512981201,0.0,0.0,0.0,0.0,0.0,0.0,0.0,0.0,0.0,0.0,0.0,0.0,0.0,0.0,0.0
68200,3871,1957,0.5055541203823302,908,798,0.4407129940583828,1084,0.5600619994833377,0.474,2.925287356321839,3.0960179443575115,6.607003891050583,2.186185307431289,6649.800000000002,1.8189894035458565e-12,6649.8,6649.8,6649.800000000002,1.8189894035458565e-12,6649.800000000002,1.8189894035458565e-12,27.70524412296564,20.855809387532013,32.72205064854849,19.11693031263231,0.14156548695427537,0.1077241022991475,0.09299922500645828,0.0811159907000775,0.08163265306122448,0.07155773701885818,0.06845776285197623,0.06613278222681478,0.06174115215706536,0.04649961250322914,0.04701627486437613,0.04107465771118574,0.034874709377421854,0.02324980625161457,0.017049857917850686,0.009558253681219323,0.007749935417204857,0.843234026379685,0.03397426234871832,0.0,0.0,0.0,0.0,0.0,0.0,0.0,0.0,0.0,0.0,0.0,0.0,0.0,0.0,0.0,0.0,0.0,0.0,0.0,0.0,0.030999741668819435,0.030999741668819435,0.43399638336347207,2.123482304314124,8.191681735985535,12.934642211314909,4.851459571170241,1.0074916042366315,0.3332472229398089,0.06199948333763887,4.242547978766844,2.8055191551539416,4.5,2.3717082451262845,1.0606833493743983,4.262322472848789,2.779509513525245,4.2271293375394325,2.824881945383527,0.991743202084418,0.4329,0.01628,0.0,0.0,0.0,0.0,0.0,0.0,0.0,0.0,0.0,0.0,0.0,0.6587445104624119,14.53112890725911,14.306380780160168,0.5037458021183158,0.0,0.0,0.0,0.0,0.0,0.0,0.0,0.0,0.0,0.0,0.0,0.0,0.0,0.0,0.0,nan,nan,4.24421906693712,2.8029960876940834,nan,0.4329,0.08826,0.0,0.0,0.0,0.0,0.0,0.0,0.0,0.0,0.0,0.0,0.0,0.0,0.0,0.0,0.0,0.0,0.0,0.0,0.0,0.0,0.0,0.0,0.0002324980625161457,0.00010333247222939809,0.004972875226039783,0.00047791268406096617,0.006225781451821235,0.007142857142857143,0.007504520795660036,0.015189873417721518,0.026362696977525187,0.014143632136398864,0.07647894600878326,0.027189356755360373,0.041190906742443814,0.017269439421338156,0.027873934383880136,0.017450271247739603,0.06549987083440971,0.028610178248514594,0.043903384138465514,0.024102299147507104,0.023947300439163006,0.01671402738310514,0.006703694135882201,0.027447687935933867,0.053823301472487727,0.05538620511495738,0.055360371996900026,0.02401188323430638,0.055877034358047015,0.04790751743735469,0.032510979075174376,0.04277964350297081,0.03762593645052958,0.015822784810126583,0.008796176698527513,0.00461121157323689,0.0023120640661327824,0.0059803668302764144,0.002118315680702661,0.002815809868251098,0.0002970808576595195,0.0005554120382330148,0.005463704469129424,0.005567036941358822,0.0071557737018858175,0.0021958150348747093,0.003345388788426763,0.0,0.000917075691035908,2.5833118057349522e-05,0.0,0.0,0.0,0.0,0.0,0.0,0.0,0.0,0.0,0.0,0.0,0.0,0.0,0.0,0.0,0.0,0.0,0.0,0.0,0.0,0.0,0.0,0.0,0.0,0.0,0.0,0.0,0.0,0.0,nan,nan,4.24421906693712,2.8029960876940834,nan,0.8440555345664904,0.034381643295974505,0.0,0.0,0.0,0.0,0.0,0.0,0.0,0.0,0.0,0.0,0.0,0.0,0.0,0.0,0.0,0.0,0.0,0.0,0.0,0.0,0.015329586101175272,0.030659172202350544,0.5212059274399592,1.8702095043433768,8.247317322432297,12.738886050076651,5.0740929994890145,1.0577414409810937,0.3679100664282065,0.07664793050587636,0.8423940621573349,0.033531812085692135,0.0,0.0,0.0,0.0,0.0,0.0,0.0,0.0,0.0,0.0,0.0,0.0,0.0,0.0,0.0,0.0,0.0,0.0,0.0,0.0,0.04702194357366772,0.031347962382445145,0.34482758620689663,2.382445141065823,8.134796238244515,13.134796238244517,4.623824451410659,0.956112852664577,0.2978056426332289,0.04702194357366772,0.4324,0.01605,0.0,0.0,0.0,0.0,0.0,0.0,0.0,0.0,0.0,0.0,0.0,0.6591722023505356,14.823709759836488,14.10321921308125,0.41389882473173234,0.0,0.0,0.0,0.0,0.0,0.0,0.0,0.0,0.0,0.0,0.0,0.0,0.0,0.0,0.0,0.4333,0.01651,0.0,0.0,0.0,0.0,0.0,0.0,0.0,0.0,0.0,0.0,0.0,0.658307210031347,14.231974921630098,14.514106583072104,0.5956112852664578,0.0,0.0,0.0,0.0,0.0,0.0,0.0,0.0,0.0,0.0,0.0,0.0,0.0,0.0,0.0
68300,3903,2004,0.5134511913912375,879,808,0.43223161670509863,1097,0.5621316935690495,0.486,2.9331226961558716,3.098905562163503,6.747591522157996,2.072823737194569,6649.800000000001,9.094947017729282e-13,6649.8,6649.8,6649.800000000001,9.094947017729282e-13,6649.800000000002,1.8189894035458565e-12,27.276197796566745,20.872207699704912,32.355603448275865,19.2125000842698,0.14399180117858057,0.11094030233153984,0.09377401998462721,0.0878811170894184,0.08147578785549578,0.07763259031514219,0.06277222649244171,0.05636689725851909,0.056110684089162186,0.04868050217781194,0.04739943633102742,0.04304381245196003,0.030233153984114785,0.02843966179861645,0.015885216500128106,0.008198821419420958,0.0071739687419933385,0.8425722369285171,0.034129782003705325,0.0,0.0,0.0,0.0,0.0,0.0,0.0,0.0,0.0,0.0,0.0,0.0,0.0,0.0,0.0,0.0,0.0,0.0,0.0,0.0,0.0076863950807071505,0.06917755572636435,0.36126056879323604,2.1906225980015304,8.847040737893929,12.198308993082247,4.926979246733283,1.122213681783244,0.20753266717909305,0.06917755572636435,4.3569963069347555,2.901856070741668,3.45,2.3553131426627756,0.791829911471087,4.349117174959871,2.9113623135536506,4.350123864574732,2.886162133204139,1.0002314698763823,0.4321,0.01605,0.0,0.0,0.0,0.0,0.0,0.0,0.0,0.0,0.0,0.0,0.0,0.6379707916986924,15.395849346656421,13.420445810914686,0.5380476556495005,0.0076863950807071505,0.0,0.0,0.0,0.0,0.0,0.0,0.0,0.0,0.0,0.0,0.0,0.0,0.0,0.0,nan,nan,4.3496133496133496,2.8989691326441647,nan,0.4324,0.08875,0.0,0.0,0.0,0.0,0.0,0.0,0.0,0.0,0.0,0.0,0.0,0.0,0.0,0.0,0.0,0.0,0.0,0.0,0.0,0.0,0.0,0.0,5.124263387138099e-05,0.0002946451447604407,0.006033820138355112,0.0003202664616961312,0.00751985652062516,0.006789648987957981,0.008390981296438636,0.013771457852933641,0.02614655393287215,0.01557776069689982,0.07314885985139637,0.025403535741737125,0.04021265693056623,0.018959774532410965,0.02946451447604407,0.019369715603382014,0.06746092749167307,0.028567768383294903,0.046374583653599796,0.024916730719959007,0.025070458621573147,0.016512938765052523,0.006930566231104279,0.02419933384575967,0.053241096592364846,0.055482961824237766,0.05703305149884704,0.024019984627209837,0.049602869587496795,0.04610555982577504,0.03296182423776582,0.04317191903663848,0.03753522931078657,0.015462464770689214,0.007916986933128364,0.005636689725851908,0.0032667179093005382,0.005431719190366385,0.0018319241609018704,0.0030745580322828594,0.00026902382782475017,0.00047399436331027416,0.005905713553676659,0.006200358698437099,0.007712016397642839,0.002651806302843966,0.00285677683832949,8.967460927491673e-05,0.0005764796310530361,0.0,0.0,0.0,0.0,0.0,0.0,0.0,0.0,0.0,0.0,0.0,0.0,0.0,0.0,0.0,0.0,0.0,0.0,0.0,0.0,0.0,0.0,0.0,0.0,0.0,0.0,0.0,0.0,0.0,0.0,nan,nan,4.3496133496133496,2.8989691326441647,nan,0.8423419978447303,0.03379605453732397,0.0,0.0,0.0,0.0,0.0,0.0,0.0,0.0,0.0,0.0,0.0,0.0,0.0,0.0,0.0,0.0,0.0,0.0,0.0,0.0,0.014970059880239524,0.07485029940119763,0.284431137724551,2.335329341317358,8.80239520958084,12.335329341317369,4.745508982035929,1.1676646706586828,0.19461077844311384,0.04491017964071857,0.8428152064513759,0.0344767917050513,0.0,0.0,0.0,0.0,0.0,0.0,0.0,0.0,0.0,0.0,0.0,0.0,0.0,0.0,0.0,0.0,0.0,0.0,0.0,0.0,0.0,0.06319115323854661,0.44233807266982633,2.0379146919431217,8.894154818325436,12.053712480252766,5.118483412322276,1.0742496050552925,0.22116903633491317,0.09478672985781993,0.4324,0.01613,0.0,0.0,0.0,0.0,0.0,0.0,0.0,0.0,0.0,0.0,0.0,0.4940119760479035,15.43413173652695,13.473053892215573,0.5838323353293414,0.014970059880239524,0.0,0.0,0.0,0.0,0.0,0.0,0.0,0.0,0.0,0.0,0.0,0.0,0.0,0.0,0.4321,0.01596,0.0,0.0,0.0,0.0,0.0,0.0,0.0,0.0,0.0,0.0,0.0,0.7898894154818313,15.355450236966828,13.36492890995261,0.4897314375987363,0.0,0.0,0.0,0.0,0.0,0.0,0.0,0.0,0.0,0.0,0.0,0.0,0.0,0.0,0.0
68400,4244,2169,0.5110744580584354,1024,871,0.44651272384542884,1210,0.5702167766258247,0.474,3.0149397590361446,3.076889124280889,6.614238410596027,1.9721225789334689,6649.800000000002,1.8189894035458565e-12,6649.8,6649.8,6649.800000000001,9.094947017729282e-13,6649.800000000002,1.8189894035458565e-12,27.313383600377,20.64138390360625,32.44812925170068,18.85768779014411,0.146559849198869,0.09872761545711593,0.09707822808671066,0.08741753063147974,0.08623939679547597,0.06668237511781339,0.07210179076343072,0.06079170593779453,0.06102733270499529,0.051837888784165884,0.04547596606974552,0.040763430725730444,0.02992459943449576,0.022148916116870875,0.017907634307257305,0.00824693685202639,0.00706880301602262,0.8428498347281961,0.036065035806771395,0.0,0.0,0.0,0.0,0.0,0.0,0.0,0.0,0.0,0.0,0.0,0.0,0.0,0.0,0.0,0.0,0.0,0.0,0.0,0.007068803016022622,0.04241281809613573,0.08482563619227146,0.3887841658812442,2.3751178133835933,8.581526861451463,12.10179076343073,4.7573044297832245,1.2229029217719134,0.2968897266729501,0.14137606032045244,4.417971662938106,2.849601524130351,4.428571428571429,2.8547609118708306,1.002399238030937,4.426598837209302,2.8786739016588303,4.409193669932177,2.8191946020789302,0.9960680495528939,0.4329,0.01677,0.0,0.0,0.0,0.0,0.0,0.0,0.0,0.0,0.0,0.0,0.0,0.6998114985862385,14.731385485391144,13.904335532516498,0.6644674835061264,0.0,0.0,0.0,0.0,0.0,0.0,0.0,0.0,0.0,0.0,0.0,0.0,0.0,0.0,0.0,nan,nan,4.418054014058454,2.8496417961389233,nan,0.4329,0.08887,0.0,0.0,0.0,0.0,0.0,0.0,0.0,0.0,0.0,0.0,0.0,0.0,0.0,0.0,0.0,0.0,0.0,0.0,0.0,0.0,0.0,0.0,0.0001060320452403393,0.0002945334590009425,0.00732799245994345,0.0003298774740810556,0.007622525918944392,0.006491517436380773,0.009142318567389255,0.014278982092365692,0.027827521206409047,0.01635249764373233,0.07118284637134778,0.022584825636192272,0.04038642789820924,0.01952167766258247,0.028169180018850142,0.02014608859566447,0.06258246936852026,0.028334118755890668,0.04349670122525919,0.02457587181903864,0.024587653157398682,0.016093308199811498,0.005643261074458059,0.02639019792648445,0.053051366635249765,0.05750471253534401,0.0594368520263902,0.023586239396795477,0.05146088595664468,0.04737276154571159,0.03476672950047125,0.042507068803016024,0.03852497643732328,0.014361451460885957,0.00752827521206409,0.006161639962299717,0.004347313854853912,0.005195570216776626,0.0016965127238454288,0.0034872761545711593,0.0004359095193213949,0.0001767200754005655,0.006079170593779454,0.0063030160226201695,0.007775683317624882,0.002002827521206409,0.001955702167766258,0.0,0.0008129123468426014,0.0,0.0,0.0,0.0,0.0,0.0,0.0,0.0,0.0,0.0,0.0,0.0,0.0,0.0,0.0,0.0,0.0,0.0,0.0,0.0,0.0,0.0,0.0,0.0,0.0,0.0,0.0,0.0,0.0,0.0,nan,nan,4.418054014058454,2.8496417961389233,nan,0.8426156636755167,0.035864586891767816,0.0,0.0,0.0,0.0,0.0,0.0,0.0,0.0,0.0,0.0,0.0,0.0,0.0,0.0,0.0,0.0,0.0,0.0,0.0,0.0,0.02766251728907331,0.0968188105117566,0.4287690179806363,2.36514522821576,8.85200553250346,11.798063623789767,4.785615491009683,1.2171507607192256,0.27662517289073313,0.1521438450899032,0.8430946140116956,0.03627176516180465,0.0,0.0,0.0,0.0,0.0,0.0,0.0,0.0,0.0,0.0,0.0,0.0,0.0,0.0,0.0,0.0,0.0,0.0,0.0,0.014457831325301209,0.057831325301204835,0.07228915662650603,0.34698795180722897,2.385542168674691,8.298795180722893,12.419277108433738,4.727710843373495,1.2289156626506026,0.31807228915662655,0.13012048192771086,0.4326,0.01682,0.0,0.0,0.0,0.0,0.0,0.0,0.0,0.0,0.0,0.0,0.0,0.829875518672198,14.744121715076075,13.845089903181194,0.5809128630705396,0.0,0.0,0.0,0.0,0.0,0.0,0.0,0.0,0.0,0.0,0.0,0.0,0.0,0.0,0.0,0.4329,0.01672,0.0,0.0,0.0,0.0,0.0,0.0,0.0,0.0,0.0,0.0,0.0,0.5638554216867462,14.71807228915663,13.966265060240968,0.7518072289156629,0.0,0.0,0.0,0.0,0.0,0.0,0.0,0.0,0.0,0.0,0.0,0.0,0.0,0.0,0.0
68500,4404,2314,0.5254314259763851,1103,863,0.4464123524069028,1204,0.5467756584922797,0.474,2.9913875598086124,3.0709197051442634,6.559176672384219,2.033049574967546,6649.800000000001,9.094947017729282e-13,6649.8,6649.8,6649.800000000001,9.094947017729282e-13,6649.800000000002,1.8189894035458565e-12,27.795186194368757,20.852294321300782,32.95857181793404,19.01536226015879,0.14827429609445958,0.09604904632152589,0.08878292461398729,0.08514986376021798,0.08537693006357856,0.07198001816530426,0.06970935513169846,0.062216167120799276,0.057674841053587646,0.05313351498637602,0.050181653042688464,0.03792007266121707,0.036103542234332424,0.022025431425976384,0.018846503178928248,0.011353315168029064,0.00522252497729337,0.8433932923626402,0.034249700238644466,0.0,0.0,0.0,0.0,0.0,0.0,0.0,0.0,0.0,0.0,0.0,0.0,0.0,0.0,0.0,0.0,0.0,0.0,0.0,0.0,0.00681198910081744,0.04768392370572208,0.5177111716621254,2.0231607629427732,8.433242506811991,12.840599455040875,4.52316076294278,1.1512261580381473,0.35422343324250694,0.1021798365122616,4.344005691924582,2.9047702089025127,3.6470588235294117,3.008638082951629,0.8395612442012265,4.329362298528381,2.942713938805872,4.350463954318344,2.8678883987255137,1.0048740794451727,0.4324,0.01674,0.0,0.0,0.0,0.0,0.0,0.0,0.0,0.0,0.0,0.0,0.0,0.8038147138964566,14.918256130790194,13.555858310626705,0.7220708446866487,0.0,0.0,0.0,0.0,0.0,0.0,0.0,0.0,0.0,0.0,0.0,0.0,0.0,0.0,0.0,nan,nan,4.33981612446959,2.9059051169874386,nan,0.4324,0.08905,0.0,0.0,0.0,0.0,0.0,0.0,0.0,0.0,0.0,0.0,0.0,0.0,0.0,0.0,0.0,0.0,0.0,0.0,0.0,0.0,0.0,0.0,5.676657584014532e-05,0.00022706630336058128,0.007470481380563125,0.00027247956403269756,0.006800635785649409,0.007595367847411444,0.010467756584922798,0.015281562216167121,0.02815622161671208,0.016825613079019072,0.06997048138056312,0.022615803814713897,0.03944141689373297,0.019448228882833787,0.02804268846503179,0.021503178928247046,0.06200045413260672,0.028792007266121706,0.04301771117166212,0.022865576748410537,0.023524069028156222,0.015667574931880108,0.006516802906448683,0.026861943687556768,0.05731153496821072,0.05526793823796548,0.05835603996366939,0.026475930971843777,0.05199818346957311,0.046037693006357856,0.03373069936421435,0.0420299727520436,0.03653496821071753,0.013748864668483197,0.0076407811080835605,0.006664396003633061,0.004632152588555858,0.005358764759309719,0.0013283378746594006,0.003746594005449591,0.0004768392370572207,0.0004200726612170754,0.00607402361489555,0.006777929155313352,0.006687102633969119,0.001771117166212534,0.0027134423251589466,1.1353315168029064e-05,0.0007606721162579473,2.270663033605813e-05,0.0,0.0,0.0,0.0,0.0,0.0,0.0,0.0,0.0,0.0,0.0,0.0,0.0,0.0,0.0,0.0,0.0,0.0,0.0,0.0,0.0,0.0,0.0,0.0,0.0,0.0,0.0,0.0,0.0,nan,nan,4.33981612446959,2.9059051169874386,nan,0.8441372622986136,0.03518718778098267,0.0,0.0,0.0,0.0,0.0,0.0,0.0,0.0,0.0,0.0,0.0,0.0,0.0,0.0,0.0,0.0,0.0,0.0,0.0,0.0,0.0,0.0648228176318064,0.4926534140017287,1.9317199654278248,8.465859982713917,12.757130509939502,4.394987035436475,1.3223854796888506,0.4407951598962836,0.1296456352636128,0.8425695859359212,0.03316138755181932,0.0,0.0,0.0,0.0,0.0,0.0,0.0,0.0,0.0,0.0,0.0,0.0,0.0,0.0,0.0,0.0,0.0,0.0,0.0,0.0,0.014354066985645937,0.028708133971291874,0.5454545454545455,2.1244019138755914,8.397129186602873,12.933014354066989,4.665071770334929,0.9617224880382778,0.25837320574162687,0.07177033492822968,0.4324,0.01651,0.0,0.0,0.0,0.0,0.0,0.0,0.0,0.0,0.0,0.0,0.0,0.7260155574762306,14.883318928262751,13.768366464995681,0.6222990492653415,0.0,0.0,0.0,0.0,0.0,0.0,0.0,0.0,0.0,0.0,0.0,0.0,0.0,0.0,0.0,0.4321,0.01698,0.0,0.0,0.0,0.0,0.0,0.0,0.0,0.0,0.0,0.0,0.0,0.8899521531100465,14.956937799043066,13.32057416267943,0.8325358851674644,0.0,0.0,0.0,0.0,0.0,0.0,0.0,0.0,0.0,0.0,0.0,0.0,0.0,0.0,0.0
68600,4600,2362,0.5134782608695653,1090,949,0.4432608695652174,1303,0.5665217391304348,0.47,2.941912421805183,3.074764579349903,6.745362563237774,1.9359689988915925,6649.800000000002,1.8189894035458565e-12,6649.8,6649.8,6649.8,0.0,6649.800000000001,9.094947017729282e-13,27.80608695652174,20.81767136857122,32.88417490890161,19.019876845273895,0.1423913043478261,0.10282608695652173,0.09282608695652174,0.08413043478260869,0.0782608695652174,0.07565217391304348,0.07152173913043479,0.06260869565217392,0.0558695652173913,0.05217391304347826,0.04652173913043478,0.03978260869565217,0.03804347826086957,0.02326086956521739,0.019782608695652175,0.00826086956521739,0.00608695652173913,0.8440708859459214,0.03220712755494108,0.0,0.0,0.0,0.0,0.0,0.0,0.0,0.0,0.0,0.0,0.0,0.0,0.0,0.0,0.0,0.0,0.0,0.0,0.0,0.006521739130434784,0.006521739130434784,0.026086956521739136,0.3130434782608696,1.9304347826086896,8.28913043478261,13.036956521739134,5.093478260869566,1.082608695652174,0.19565217391304351,0.01956521739130435,4.3368456832087015,2.8246502781274385,6.230769230769231,2.516219574430173,1.4367053120873954,4.2662162162162165,2.8021602201152764,4.424406779661017,2.8478146668811135,1.0370798279851607,0.4326,0.01668,0.0,0.0,0.0,0.0,0.0,0.0,0.0,0.0,0.0,0.0,0.0,0.6717391304347816,15.026086956521743,13.61739130434783,0.6847826086956523,0.0,0.0,0.0,0.0,0.0,0.0,0.0,0.0,0.0,0.0,0.0,0.0,0.0,0.0,0.0,nan,nan,4.345177664974619,2.8261480773127894,nan,0.4326,0.0895,0.0,0.0,0.0,0.0,0.0,0.0,0.0,0.0,0.0,0.0,0.0,0.0,0.0,0.0,0.0,0.0,0.0,0.0,0.0,0.0,0.0,1.0869565217391305e-05,0.0001956521739130435,0.00017391304347826088,0.007423913043478261,0.0001956521739130435,0.006760869565217391,0.008706521739130434,0.009989130434782608,0.014782608695652174,0.02776086956521739,0.01635869565217391,0.0731304347826087,0.023021739130434784,0.03732608695652174,0.01982608695652174,0.027445652173913045,0.022869565217391304,0.060195652173913046,0.02640217391304348,0.04472826086956522,0.02215217391304348,0.02408695652173913,0.01475,0.006391304347826087,0.02633695652173913,0.059010869565217394,0.05429347826086957,0.057,0.028358695652173912,0.05316304347826087,0.04493478260869565,0.034043478260869564,0.040891304347826084,0.035217391304347825,0.014434782608695651,0.008945652173913044,0.006032608695652174,0.0055760869565217395,0.005043478260869565,0.001315217391304348,0.0037065217391304348,0.00038043478260869565,0.0005,0.006760869565217391,0.007728260869565217,0.0061304347826086954,0.0016847826086956522,0.002717391304347826,1.0869565217391305e-05,0.0010978260869565217,0.0,0.0,0.0,0.0,0.0,0.0,0.0,0.0,0.0,0.0,0.0,0.0,0.0,0.0,0.0,0.0,0.0,0.0,0.0,0.0,0.0,0.0,0.0,0.0,0.0,0.0,0.0,0.0,0.0,0.0,nan,nan,4.345177664974619,2.8261480773127894,nan,0.8445812874835593,0.032760668017900625,0.0,0.0,0.0,0.0,0.0,0.0,0.0,0.0,0.0,0.0,0.0,0.0,0.0,0.0,0.0,0.0,0.0,0.0,0.0,0.012701100762066049,0.0,0.03810330228619814,0.3429297205757833,1.879762912785769,8.255715495342931,12.993226079593567,5.080440304826419,1.1685012701100763,0.20321761219305678,0.025402201524132098,0.8435322047877887,0.0316034664424308,0.0,0.0,0.0,0.0,0.0,0.0,0.0,0.0,0.0,0.0,0.0,0.0,0.0,0.0,0.0,0.0,0.0,0.0,0.0,0.0,0.01340482573726542,0.01340482573726542,0.2815013404825738,1.9839142091152755,8.324396782841825,13.083109919571049,5.107238605898124,0.991957104557641,0.18766756032171586,0.01340482573726542,0.4326,0.01677,0.0,0.0,0.0,0.0,0.0,0.0,0.0,0.0,0.0,0.0,0.0,0.6858594411515655,15.000000000000004,13.602878916172738,0.7112616426756988,0.0,0.0,0.0,0.0,0.0,0.0,0.0,0.0,0.0,0.0,0.0,0.0,0.0,0.0,0.0,0.4326,0.01657,0.0,0.0,0.0,0.0,0.0,0.0,0.0,0.0,0.0,0.0,0.0,0.6568364611260045,15.053619302949064,13.63270777479893,0.6568364611260055,0.0,0.0,0.0,0.0,0.0,0.0,0.0,0.0,0.0,0.0,0.0,0.0,0.0,0.0,0.0
68700,4648,2413,0.5191480206540448,1147,941,0.44922547332185886,1310,0.5636833046471601,0.46199999999999997,3.057718120805369,3.133534742616386,6.691019786910198,2.141947866955,6649.800000000001,9.094947017729282e-13,6649.8,6649.8,6649.800000000002,1.8189894035458565e-12,6649.800000000002,1.8189894035458565e-12,27.90619621342513,20.716444269130562,32.88096459722935,18.91453305505839,0.14027538726333907,0.09574010327022375,0.0950946643717728,0.08691910499139414,0.08132530120481928,0.07228915662650602,0.07401032702237521,0.06131669535283993,0.0576592082616179,0.060240963855421686,0.04324440619621343,0.03765060240963856,0.035283993115318414,0.02474182444061962,0.020438898450946645,0.008175559380378658,0.005593803786574871,0.844207523470799,0.03257928197952759,0.0,0.0,0.0,0.0,0.0,0.0,0.0,0.0,0.0,0.0,0.0,0.0,0.0,0.0,0.0,0.0,0.0,0.0,0.0,0.0,0.019363166953528403,0.019363166953528403,0.36144578313253023,1.852409638554211,8.293889845094666,12.928141135972464,5.195783132530122,1.0843373493975905,0.2194492254733219,0.025817555938037872,4.349148012028065,2.9198069133826143,3.3333333333333335,3.155242550986462,0.7664336380630459,4.395655036208032,2.9145399865624104,4.2914707857622565,2.9284622221490557,0.976298356084,0.4326,0.01718,0.0,0.0,0.0,0.0,0.0,0.0,0.0,0.0,0.0,0.0,0.0,0.9100688468158334,14.68373493975904,13.663941480206544,0.7422547332185888,0.0,0.0,0.0,0.0,0.0,0.0,0.0,0.0,0.0,0.0,0.0,0.0,0.0,0.0,0.0,nan,nan,4.34408244680851,2.921904314482211,nan,0.4326,0.0894,0.0,0.0,0.0,0.0,0.0,0.0,0.0,0.0,0.0,0.0,0.0,0.0,0.0,0.0,0.0,0.0,0.0,0.0,0.0,0.0,2.151462994836489e-05,0.0,0.00022590361445783133,4.302925989672978e-05,0.00669104991394148,0.00015060240963855423,0.006744836488812392,0.008326161790017212,0.008864027538726334,0.014737521514629948,0.028883390705679864,0.015608864027538727,0.0710735800344234,0.024440619621342512,0.04000645438898451,0.02001936316695353,0.027979776247848538,0.02327882960413081,0.061295180722891564,0.026516781411359724,0.045718588640275386,0.023268072289156626,0.02442986230636833,0.013489672977624784,0.005905765920826162,0.028022805507745267,0.05807874354561102,0.054421256454388986,0.055959552495697076,0.02830249569707401,0.0514092082616179,0.04312607573149742,0.03367039586919105,0.04023235800344234,0.03506884681583477,0.01443631669535284,0.009262048192771084,0.007239672977624785,0.005475473321858864,0.004722461273666093,0.0007207401032702237,0.0036252151462994836,0.00037650602409638556,0.0005055938037865749,0.007228915662650603,0.008595094664371772,0.0070137693631669535,0.0014737521514629948,0.002269793459552496,0.0,0.001043459552495697,0.0,0.0,0.0,0.0,0.0,0.0,0.0,0.0,0.0,0.0,0.0,0.0,0.0,0.0,0.0,0.0,0.0,0.0,0.0,0.0,0.0,0.0,0.0,0.0,0.0,0.0,0.0,0.0,0.0,0.0,nan,nan,4.34408244680851,2.921904314482211,nan,0.8442096238160005,0.03266244432678875,0.0,0.0,0.0,0.0,0.0,0.0,0.0,0.0,0.0,0.0,0.0,0.0,0.0,0.0,0.0,0.0,0.0,0.0,0.0,0.0,0.012432656444260259,0.0,0.3978450062163283,1.8400331537505124,8.392043099875675,12.818068794032328,5.209283050145049,1.0692084542063822,0.22378781599668468,0.037297969332780775,0.8442052558497828,0.032489257285427356,0.0,0.0,0.0,0.0,0.0,0.0,0.0,0.0,0.0,0.0,0.0,0.0,0.0,0.0,0.0,0.0,0.0,0.0,0.0,0.0,0.026845637583892624,0.04026845637583893,0.32214765100671144,1.8657718120805311,8.18791946308725,13.046979865771815,5.181208053691276,1.1006711409395975,0.214765100671141,0.013422818791946312,0.4326,0.01724,0.0,0.0,0.0,0.0,0.0,0.0,0.0,0.0,0.0,0.0,0.0,1.0070451719850793,14.459179444674682,13.83754662246167,0.6962287608785745,0.0,0.0,0.0,0.0,0.0,0.0,0.0,0.0,0.0,0.0,0.0,0.0,0.0,0.0,0.0,0.4326,0.01712,0.0,0.0,0.0,0.0,0.0,0.0,0.0,0.0,0.0,0.0,0.0,0.8053691275167774,14.926174496644299,13.476510067114097,0.7919463087248324,0.0,0.0,0.0,0.0,0.0,0.0,0.0,0.0,0.0,0.0,0.0,0.0,0.0,0.0,0.0
68800,4620,2409,0.5214285714285715,1162,941,0.4551948051948052,1292,0.5593073593073593,0.474,2.9696969696969697,3.071805349230211,6.571428571428571,2.114750738611149,6649.800000000002,1.8189894035458565e-12,6649.8,6649.8,6649.800000000001,9.094947017729282e-13,6649.800000000001,9.094947017729282e-13,28.264069264069263,21.024835013316842,33.274929141973715,19.200213449260644,0.1409090909090909,0.09545454545454546,0.0893939393939394,0.08787878787878788,0.07900432900432901,0.07424242424242425,0.07251082251082251,0.06082251082251082,0.06060606060606061,0.050216450216450215,0.047402597402597405,0.046536796536796536,0.030952380952380953,0.027056277056277056,0.018614718614718615,0.012121212121212121,0.006277056277056277,0.8432805499344161,0.03304047077378633,0.0,0.0,0.0,0.0,0.0,0.0,0.0,0.0,0.0,0.0,0.0,0.0,0.0,0.0,0.0,0.0,0.0,0.0,0.0,0.0,0.006493506493506495,0.03246753246753247,0.46103896103896114,1.8831168831168772,8.688311688311689,12.63636363636364,5.045454545454546,0.9350649350649353,0.2532467532467533,0.058441558441558454,4.197539075490522,2.87638353455016,4.4,2.8000000000000003,1.0482332435430202,4.240208877284595,2.8621053358951194,4.155704697986577,2.8896803787478316,0.980070750818263,0.4326,0.01633,0.0,0.0,0.0,0.0,0.0,0.0,0.0,0.0,0.0,0.0,0.0,0.6558441558441549,14.772727272727275,14.012987012987017,0.5584415584415585,0.0,0.0,0.0,0.0,0.0,0.0,0.0,0.0,0.0,0.0,0.0,0.0,0.0,0.0,0.0,nan,nan,4.198544010589014,2.876044603116466,nan,0.4326,0.0894,0.0,0.0,0.0,0.0,0.0,0.0,0.0,0.0,0.0,0.0,0.0,0.0,0.0,0.0,0.0,0.0,0.0,0.0,0.0,0.0,0.0,0.0,0.0005303030303030304,0.00011904761904761905,0.005119047619047619,0.00012987012987012987,0.007456709956709957,0.009004329004329004,0.00920995670995671,0.014393939393939395,0.029794372294372293,0.014383116883116883,0.07066017316017316,0.02225108225108225,0.04298701298701299,0.019913419913419914,0.028463203463203465,0.02312770562770563,0.061958874458874456,0.026504329004329006,0.04687229437229437,0.021547619047619048,0.022727272727272728,0.011233766233766233,0.004967532467532468,0.02931818181818182,0.06121212121212121,0.05284632034632035,0.05708874458874459,0.027543290043290043,0.050173160173160175,0.0445021645021645,0.03495670995670996,0.041406926406926406,0.035173160173160176,0.012153679653679654,0.010205627705627706,0.00735930735930736,0.004134199134199134,0.0062445887445887445,0.0003896103896103896,0.0030952380952380953,0.00036796536796536797,0.000487012987012987,0.008225108225108226,0.009188311688311688,0.00683982683982684,0.0011147186147186148,0.0016125541125541125,0.0,0.000984848484848485,0.0,2.1645021645021645e-05,0.0,0.0,0.0,0.0,0.0,0.0,0.0,0.0,0.0,0.0,0.0,0.0,0.0,0.0,0.0,0.0,0.0,0.0,0.0,0.0,0.0,0.0,0.0,0.0,0.0,0.0,0.0,0.0,nan,nan,4.198544010589014,2.876044603116466,nan,0.8434063504968455,0.03350310224667192,0.0,0.0,0.0,0.0,0.0,0.0,0.0,0.0,0.0,0.0,0.0,0.0,0.0,0.0,0.0,0.0,0.0,0.0,0.0,0.0,0.012453300124533004,0.02490660024906601,0.4483188044831881,1.9427148194271422,8.929016189290163,12.241594022415944,5.155666251556664,0.8966376089663762,0.27397260273972607,0.07471980074719801,0.843143483649978,0.032528366825928766,0.0,0.0,0.0,0.0,0.0,0.0,0.0,0.0,0.0,0.0,0.0,0.0,0.0,0.0,0.0,0.0,0.0,0.0,0.0,0.0,0.0,0.040705563093622804,0.47489823609226606,1.8181818181818126,8.42605156037992,13.06648575305292,4.925373134328359,0.9769335142469473,0.23066485753052923,0.040705563093622804,0.4324,0.0161,0.0,0.0,0.0,0.0,0.0,0.0,0.0,0.0,0.0,0.0,0.0,0.6849315068493141,14.782067247820676,14.022415940224162,0.5105853051058531,0.0,0.0,0.0,0.0,0.0,0.0,0.0,0.0,0.0,0.0,0.0,0.0,0.0,0.0,0.0,0.433,0.01659,0.0,0.0,0.0,0.0,0.0,0.0,0.0,0.0,0.0,0.0,0.0,0.6241519674355486,14.76255088195387,14.002713704206245,0.610583446404342,0.0,0.0,0.0,0.0,0.0,0.0,0.0,0.0,0.0,0.0,0.0,0.0,0.0,0.0,0.0
68900,4669,2418,0.5178839151852646,1144,938,0.44591989719426,1318,0.5645748554294281,0.45799999999999996,3.11505997334518,3.135415523509765,6.6503067484662575,1.960605084799949,6649.800000000001,9.094947017729282e-13,6649.8,6649.8,6649.800000000002,1.8189894035458565e-12,6649.800000000002,1.8189894035458565e-12,28.046905118869137,20.845332619237155,32.76833586241781,19.156727838001856,0.13514671235810666,0.09680873848789891,0.10023559648747055,0.08931248661383594,0.08053116298993361,0.07239237524095095,0.06789462411651317,0.06489612336688798,0.05675733561790533,0.052687941743414006,0.04433497536945813,0.0417648318697794,0.035553651745555796,0.027843221246519598,0.01756264724780467,0.01113728849860784,0.005140286999357464,0.8418296868016261,0.03338036534220282,0.0,0.0,0.0,0.0,0.0,0.0,0.0,0.0,0.0,0.0,0.0,0.0,0.0,0.0,0.0,0.0,0.0,0.0,0.0,0.0,0.0,0.12850717498393663,0.4047976011994004,2.229599485971293,8.873420432640824,12.150353394731209,5.024630541871922,0.9766545298779183,0.16063396872992078,0.05140286999357465,4.375794048813106,2.905948400211556,3.466666666666667,2.9066972475455524,0.7922371638141809,4.356375838926175,2.878031163056374,4.376877857609405,2.935574442326378,1.0047062098040385,0.4336,0.01678,0.0,0.0,0.0,0.0,0.0,0.0,0.0,0.0,0.0,0.0,0.0,0.642535874919682,14.219318911972588,14.35425144570572,0.7838937674020134,0.0,0.0,0.0,0.0,0.0,0.0,0.0,0.0,0.0,0.0,0.0,0.0,0.0,0.0,0.0,nan,nan,4.3667659715326055,2.9073536929726433,nan,0.4336,0.0895,0.0,0.0,0.0,0.0,0.0,0.0,0.0,0.0,0.0,0.0,0.0,0.0,0.0,0.0,0.0,0.0,0.0,0.0,0.0,0.0,0.0,0.0,0.0007710430499036197,8.567144998929107e-05,0.005172413793103448,4.2835724994645534e-05,0.008074534161490683,0.008888412936388949,0.010890983079888627,0.014564146498179482,0.027811094452773612,0.014842578710644677,0.07057185692867851,0.022231741272221033,0.04061897622617263,0.021289355322338832,0.02802527307774684,0.02198543585350182,0.05857785393017777,0.024737631184407798,0.045791390019276075,0.019854358535018206,0.02127864639109017,0.01277575497965303,0.005697151424287856,0.03199828657100021,0.06228314414221461,0.05270935960591133,0.05787106446776612,0.02816448918397944,0.04932533733133433,0.04603769543799529,0.035157421289355326,0.043092739344613405,0.03535018205183123,0.013204112229599486,0.012400942385949883,0.006800171342899978,0.0037588348682801457,0.006457485542942815,0.00043906618119511675,0.00270935960591133,0.0001285071749839366,0.0005997001499250374,0.008427928892696508,0.008909830798886272,0.005311629899336047,0.0010173484686228315,0.002120368387234954,2.1417862497322767e-05,0.0011244377811094452,0.0,0.0,0.0,0.0,0.0,0.0,0.0,0.0,0.0,0.0,0.0,0.0,0.0,0.0,0.0,0.0,0.0,0.0,0.0,0.0,0.0,0.0,0.0,0.0,0.0,0.0,0.0,0.0,0.0,0.0,nan,nan,4.3667659715326055,2.9073536929726433,nan,0.8415663011119423,0.03328555210250048,0.0,0.0,0.0,0.0,0.0,0.0,0.0,0.0,0.0,0.0,0.0,0.0,0.0,0.0,0.0,0.0,0.0,0.0,0.0,0.0,0.0,0.14888337468982632,0.4094292803970224,2.20843672456575,8.92059553349876,12.183622828784122,4.987593052109182,0.9677419354838711,0.11166253101736975,0.0620347394540943,0.8421126128778834,0.03347960532045018,0.0,0.0,0.0,0.0,0.0,0.0,0.0,0.0,0.0,0.0,0.0,0.0,0.0,0.0,0.0,0.0,0.0,0.0,0.0,0.0,0.0,0.10661928031985787,0.399822301199467,2.25233229675699,8.822745446468238,12.11461572634385,5.064415815193248,0.9862283429586852,0.21323856063971575,0.0399822301199467,0.4333,0.01683,0.0,0.0,0.0,0.0,0.0,0.0,0.0,0.0,0.0,0.0,0.0,0.6327543424317609,14.37965260545906,14.15632754342432,0.8312655086848637,0.0,0.0,0.0,0.0,0.0,0.0,0.0,0.0,0.0,0.0,0.0,0.0,0.0,0.0,0.0,0.4336,0.01674,0.0,0.0,0.0,0.0,0.0,0.0,0.0,0.0,0.0,0.0,0.0,0.6530430919591284,14.047090182141273,14.56685917370058,0.7330075521990228,0.0,0.0,0.0,0.0,0.0,0.0,0.0,0.0,0.0,0.0,0.0,0.0,0.0,0.0,0.0
69000,4292,2240,0.5219012115563839,1045,855,0.4426840633737186,1178,0.548928238583411,0.478,2.960038986354776,3.135870815014638,6.66785079928952,2.144383427292182,6649.800000000001,9.094947017729282e-13,6649.8,6649.8,6649.800000000002,1.8189894035458565e-12,6649.800000000003,2.7284841053187847e-12,27.636533084808946,21.00010535417312,32.71516336218933,19.293869791034286,0.14608574091332713,0.09878844361602983,0.09436160298229264,0.09179869524697111,0.08341099720410065,0.07409133271202237,0.06360671015843429,0.06267474370922647,0.05125815470643057,0.053821062441752096,0.044268406337371856,0.03727865796831314,0.03657968313140727,0.024697110904007457,0.019804287045666356,0.0097856477166822,0.007688723205964585,0.8433113780292749,0.0336376450582471,0.0,0.0,0.0,0.0,0.0,0.0,0.0,0.0,0.0,0.0,0.0,0.0,0.0,0.0,0.0,0.0,0.0,0.0,0.0,0.0,0.0,0.06290773532152844,0.4193849021435229,1.9711090400745515,8.75815470643057,12.253028890959929,5.116495806150979,1.1463187325256292,0.21668219944082018,0.055917986952469724,4.246963562753036,2.8916953323698253,3.5217391304347827,2.6021657404252183,0.8292369544493722,4.22803195352215,2.9365596693732328,4.253851797505503,2.8424214510006522,1.0061068232849668,0.433,0.01637,0.0,0.0,0.0,0.0,0.0,0.0,0.0,0.0,0.0,0.0,0.0,0.6919850885368117,14.811276794035418,13.853681267474375,0.6430568499534017,0.0,0.0,0.0,0.0,0.0,0.0,0.0,0.0,0.0,0.0,0.0,0.0,0.0,0.0,0.0,nan,nan,4.240875912408759,2.890143197132408,nan,0.433,0.08936,0.0,0.0,0.0,0.0,0.0,0.0,0.0,0.0,0.0,0.0,0.0,0.0,0.0,0.0,0.0,0.0,0.0,0.0,0.0,0.0,0.0,1.1649580615097857e-05,0.0007455731593662628,0.0001863932898415657,0.005894687791239516,0.00019804287045666356,0.006768406337371855,0.009622553588070829,0.011498136067101584,0.015167753960857408,0.028494874184529357,0.015412395153774464,0.07148182665424045,0.022437092264678472,0.04064538676607642,0.02054986020503262,0.026910531220876048,0.021097390493942218,0.057618825722273996,0.023054520037278658,0.04586439888164026,0.020538210624417522,0.020433364398881642,0.013571761416589003,0.005556849953401678,0.0325838769804287,0.06001863932898416,0.05496272134203169,0.060799161230195714,0.027166821994408202,0.04875349487418453,0.04560810810810811,0.03556616961789376,0.04468779123951538,0.03452935694315005,0.012791239515377447,0.012092264678471574,0.006174277726001864,0.00499767008387698,0.00662861136999068,0.0004310344827586207,0.002469711090400746,8.1547064305685e-05,0.0008737185461323392,0.008445945945945946,0.007234389561975769,0.005067567567567568,0.0008620689655172414,0.002260018639328984,0.0,0.001130009319664492,2.3299161230195714e-05,0.0,0.0,0.0,0.0,0.0,0.0,0.0,0.0,0.0,0.0,0.0,0.0,0.0,0.0,0.0,0.0,0.0,0.0,0.0,0.0,0.0,0.0,0.0,0.0,0.0,0.0,0.0,0.0,0.0,nan,nan,4.240875912408759,2.890143197132408,nan,0.8430818303887333,0.03340930175877431,0.0,0.0,0.0,0.0,0.0,0.0,0.0,0.0,0.0,0.0,0.0,0.0,0.0,0.0,0.0,0.0,0.0,0.0,0.0,0.0,0.0,0.08035714285714286,0.48214285714285726,1.8616071428571372,8.73214285714286,12.428571428571432,5.11607142857143,1.0446428571428574,0.22767857142857148,0.02678571428571429,0.8435619563503339,0.03388337677935959,0.0,0.0,0.0,0.0,0.0,0.0,0.0,0.0,0.0,0.0,0.0,0.0,0.0,0.0,0.0,0.0,0.0,0.0,0.0,0.0,0.0,0.04385964912280702,0.3508771929824562,2.0906432748537944,8.78654970760234,12.061403508771933,5.116959064327486,1.257309941520468,0.20467836257309946,0.08771929824561404,0.4333,0.01637,0.0,0.0,0.0,0.0,0.0,0.0,0.0,0.0,0.0,0.0,0.0,0.7232142857142847,14.638392857142861,13.968750000000004,0.6696428571428572,0.0,0.0,0.0,0.0,0.0,0.0,0.0,0.0,0.0,0.0,0.0,0.0,0.0,0.0,0.0,0.4329,0.01637,0.0,0.0,0.0,0.0,0.0,0.0,0.0,0.0,0.0,0.0,0.0,0.6578947368421043,15.000000000000004,13.7280701754386,0.6140350877192984,0.0,0.0,0.0,0.0,0.0,0.0,0.0,0.0,0.0,0.0,0.0,0.0,0.0,0.0,0.0
69100,4337,2204,0.5081853816001844,1040,915,0.4507724233341019,1237,0.5704403965875029,0.46199999999999997,2.987810595405532,3.0230931055369012,6.454090150250417,2.0226131790351034,6649.800000000001,9.094947017729282e-13,6649.8,6649.8,6649.800000000001,9.094947017729282e-13,6649.800000000001,9.094947017729282e-13,27.610560295134885,20.687175807069554,32.68406517536592,18.869049532422295,0.14503112750749367,0.10352778418261471,0.08900161401890708,0.08462070555683653,0.08369840903850588,0.06755821996771962,0.07193912842979018,0.062024440857735764,0.06456075628314503,0.051648605026516026,0.045423103527784184,0.042656213972792255,0.029974636845745906,0.02789946967950196,0.01683191145953424,0.00830066866497579,0.005303204980401199,0.8434415245924728,0.03540767230761028,0.0,0.0,0.0,0.0,0.0,0.0,0.0,0.0,0.0,0.0,0.0,0.0,0.0,0.0,0.0,0.0,0.0,0.0,0.0,0.0,0.020751671662439478,0.12451002997463687,0.48420567212358784,2.178925524556138,8.058565828913997,12.679271385750521,4.869725616785797,1.2105141803089696,0.24902005994927373,0.12451002997463687,4.37740646567381,2.7711393811443976,4.5,3.1903873477324707,1.0280059746079164,4.3722576079263975,2.7692825862714203,4.387710314557425,2.78181385428398,1.0035342626205312,0.4336,0.01657,0.0,0.0,0.0,0.0,0.0,0.0,0.0,0.0,0.0,0.0,0.0,0.5326262393359458,14.194143417108604,14.595342402582434,0.677887940973023,0.0,0.0,0.0,0.0,0.0,0.0,0.0,0.0,0.0,0.0,0.0,0.0,0.0,0.0,0.0,nan,nan,4.378640776699029,2.7757030825270568,nan,0.4338,0.0897,0.0,0.0,0.0,0.0,0.0,0.0,0.0,0.0,0.0,0.0,0.0,0.0,0.0,0.0,0.0,0.0,0.0,0.0,0.0,0.0,0.0,0.0,0.0004726769656444547,0.00023057412958266084,0.005049573437860272,0.00018445930366612866,0.00724002766889555,0.009684113442471755,0.011136730458842519,0.016140189070786258,0.028187687341480284,0.014929674890477288,0.0709361309661056,0.02486741987548997,0.03943970486511413,0.018745676735070327,0.02660825455383906,0.019310583352547844,0.0592460225962647,0.022077472907539773,0.04776343094304819,0.02125893474752133,0.021904542310352777,0.014237952501729306,0.005925755130274383,0.030712474060410423,0.060295134885865805,0.05303204980401199,0.057885635231727,0.027184689877795713,0.05040350472676965,0.04418953193451695,0.03575051879179156,0.04468526631311967,0.03540465759741757,0.012877565137191608,0.012635462301129814,0.007655061102144339,0.004646068711090616,0.006905695181000692,0.0004496195526861886,0.002478671893013604,2.3057412958266083e-05,0.0009914687572054415,0.008923218814848973,0.00724002766889555,0.005280147567442933,0.0010491122896011068,0.0024094996541388055,0.0,0.0012796864191837675,3.458611943739912e-05,0.0,0.0,0.0,0.0,0.0,0.0,0.0,0.0,0.0,0.0,0.0,0.0,0.0,0.0,0.0,0.0,0.0,0.0,0.0,0.0,0.0,0.0,0.0,0.0,0.0,0.0,0.0,0.0,0.0,nan,nan,4.378640776699029,2.7757030825270568,nan,0.843246355679853,0.035615621140548816,0.0,0.0,0.0,0.0,0.0,0.0,0.0,0.0,0.0,0.0,0.0,0.0,0.0,0.0,0.0,0.0,0.0,0.0,0.0,0.0,0.027223230490018156,0.1633393829401089,0.4627949183303086,2.3548094373865625,7.704174228675138,12.794918330308533,5.009074410163341,1.1297640653357535,0.2313974591651543,0.1225045372050817,0.8436431899855409,0.035190373753272795,0.0,0.0,0.0,0.0,0.0,0.0,0.0,0.0,0.0,0.0,0.0,0.0,0.0,0.0,0.0,0.0,0.0,0.0,0.0,0.0,0.01406469760900141,0.08438818565400845,0.5063291139240508,1.9971870604781934,8.424753867791845,12.55977496483826,4.7257383966244735,1.2939521800281295,0.26722925457102675,0.1265822784810127,0.434,0.01668,0.0,0.0,0.0,0.0,0.0,0.0,0.0,0.0,0.0,0.0,0.0,0.5308529945553532,13.924682395644286,14.646098003629767,0.8983666061705992,0.0,0.0,0.0,0.0,0.0,0.0,0.0,0.0,0.0,0.0,0.0,0.0,0.0,0.0,0.0,0.4333,0.01646,0.0,0.0,0.0,0.0,0.0,0.0,0.0,0.0,0.0,0.0,0.0,0.5344585091420527,14.47257383966245,14.542897327707458,0.4500703234880451,0.0,0.0,0.0,0.0,0.0,0.0,0.0,0.0,0.0,0.0,0.0,0.0,0.0,0.0,0.0
69200,4541,2336,0.5144241356529399,1166,896,0.4540850033032372,1265,0.5571460030830213,0.45799999999999996,2.963718820861678,2.995922967023627,6.351097178683386,1.9926802699549924,6649.800000000001,9.094947017729282e-13,6649.8,6649.8,6649.800000000001,9.094947017729282e-13,6649.800000000001,9.094947017729282e-13,28.330543933054393,20.790377167563385,33.256671899529046,18.964694985798893,0.1341114292006166,0.10019819423034573,0.08808632459810614,0.08478308742567717,0.08170006606474345,0.07729574983483814,0.06606474344857961,0.06980841224399911,0.05791675842325479,0.05351244219334948,0.050869852455406296,0.04051970931512883,0.03281215591279454,0.030169566174851354,0.01607575423915437,0.010790574763268003,0.005285179475886369,0.8434580177416546,0.034593532516484685,0.0,0.0,0.0,0.0,0.0,0.0,0.0,0.0,0.0,0.0,0.0,0.0,0.0,0.0,0.0,0.0,0.0,0.0,0.0,0.0,0.006606474344857963,0.07927769213829554,0.39638846069147776,2.1074653160096832,8.707333186522794,12.25500990971152,4.888791015194892,1.1495265360052853,0.31711076855318215,0.09249064082801148,4.195296523517382,2.770787768404636,4.95,2.3764469276632285,1.179892761394102,4.177688710754843,2.79023188820201,4.226648351648351,2.7455265868282535,1.011719312826604,0.4336,0.01686,0.0,0.0,0.0,0.0,0.0,0.0,0.0,0.0,0.0,0.0,0.006606474344857963,0.7134992292446588,13.985906188064305,14.62012772517067,0.6738603831755121,0.0,0.0,0.0,0.0,0.0,0.0,0.0,0.0,0.0,0.0,0.0,0.0,0.0,0.0,0.0,nan,nan,4.2004062288422475,2.7689984790575117,nan,0.4336,0.08936,0.0,0.0,0.0,0.0,0.0,0.0,0.0,0.0,0.0,0.0,0.0,0.0,0.0,0.0,0.0,0.0,0.0,0.0,0.0,0.0,0.0,0.0,0.0009249064082801145,0.00023122660207002864,0.003897819863466197,0.0001321294868971592,0.00731116494164281,0.010129927328782207,0.010581369742347501,0.015822506055934816,0.028418850473463996,0.0159766571239815,0.06887249504514424,0.024818321955516406,0.039429641048227264,0.018542171327901345,0.025523012552301255,0.020469059678484915,0.05952433384717023,0.02294648755780665,0.046773838361594364,0.021482052411363136,0.022726271746311383,0.014170887469720325,0.005802686632900242,0.030587976216692358,0.06310284078396829,0.05516406077956397,0.05858841664831535,0.02844087205461352,0.05044043162299053,0.041092270425016515,0.035333626954415324,0.043019158775600086,0.03434265580268663,0.01267341995155252,0.012332085443734861,0.00848931953314248,0.0056705571460030834,0.006969830433825148,0.00029729134551860823,0.00282977317771416,5.505395287381634e-05,0.0009579387800044044,0.00798282316670337,0.007619467077736182,0.004602510460251046,0.0010019819423034574,0.002697643690817001,0.0,0.0011341114292006166,6.60647434485796e-05,0.0,0.0,0.0,0.0,0.0,0.0,0.0,0.0,0.0,0.0,0.0,0.0,0.0,0.0,0.0,0.0,0.0,0.0,0.0,0.0,0.0,0.0,0.0,0.0,0.0,0.0,0.0,0.0,0.0,nan,nan,4.2004062288422475,2.7689984790575117,nan,0.8434326191726205,0.034126208304023124,0.0,0.0,0.0,0.0,0.0,0.0,0.0,0.0,0.0,0.0,0.0,0.0,0.0,0.0,0.0,0.0,0.0,0.0,0.0,0.0,0.0,0.08989726027397263,0.3339041095890412,2.080479452054788,8.912671232876713,12.09760273972603,5.008561643835617,1.0787671232876714,0.3339041095890412,0.0642123287671233,0.8434849252506178,0.03508181029492014,0.0,0.0,0.0,0.0,0.0,0.0,0.0,0.0,0.0,0.0,0.0,0.0,0.0,0.0,0.0,0.0,0.0,0.0,0.0,0.0,0.013605442176870751,0.06802721088435375,0.46258503401360557,2.136054421768701,8.48979591836735,12.421768707482997,4.761904761904763,1.2244897959183676,0.2993197278911565,0.12244897959183676,0.434,0.01706,0.0,0.0,0.0,0.0,0.0,0.0,0.0,0.0,0.0,0.0,0.0,0.6934931506849306,13.882705479452058,14.653253424657537,0.7705479452054796,0.0,0.0,0.0,0.0,0.0,0.0,0.0,0.0,0.0,0.0,0.0,0.0,0.0,0.0,0.0,0.433,0.01665,0.0,0.0,0.0,0.0,0.0,0.0,0.0,0.0,0.0,0.0,0.013605442176870751,0.7346938775510193,14.095238095238098,14.585034013605446,0.5714285714285715,0.0,0.0,0.0,0.0,0.0,0.0,0.0,0.0,0.0,0.0,0.0,0.0,0.0,0.0,0.0
69300,4672,2372,0.5077054794520548,1103,961,0.4417808219178082,1343,0.5749143835616438,0.46599999999999997,3.1365217391304347,3.1362628116024416,6.638571428571429,2.047841571518856,6649.800000000001,9.094947017729282e-13,6649.8,6649.8,6649.8,0.0,6649.800000000002,1.8189894035458565e-12,27.886772260273972,20.841475533756288,32.90544339381549,19.051780988092013,0.14340753424657535,0.10081335616438356,0.0939640410958904,0.08476027397260275,0.07705479452054795,0.06913527397260275,0.07448630136986302,0.059931506849315065,0.05950342465753425,0.05650684931506849,0.04794520547945205,0.039383561643835614,0.032748287671232876,0.02675513698630137,0.01990582191780822,0.00898972602739726,0.004708904109589041,0.8436971947627321,0.03283270280107883,0.0,0.0,0.0,0.0,0.0,0.0,0.0,0.0,0.0,0.0,0.0,0.0,0.0,0.0,0.0,0.0,0.0,0.0,0.0,0.0,0.0,0.03852739726027398,0.28253424657534254,1.9841609589041034,8.720034246575343,12.945205479452058,4.687500000000001,1.0145547945205482,0.20547945205479456,0.12200342465753428,4.5104096709200805,2.8955500294769543,5.166666666666667,2.7638539919628333,1.145498312487592,4.499664204163868,2.8464451021130266,4.526315789473684,2.942963301766916,1.005923016496465,0.4326,0.01666,0.0,0.0,0.0,0.0,0.0,0.0,0.0,0.0,0.0,0.0,0.00642123287671233,0.7577054794520537,14.948630136986305,13.728595890410961,0.5586472602739727,0.0,0.0,0.0,0.0,0.0,0.0,0.0,0.0,0.0,0.0,0.0,0.0,0.0,0.0,0.0,nan,nan,4.51304347826087,2.8953307644495188,nan,0.4326,0.08905,0.0,0.0,0.0,0.0,0.0,0.0,0.0,0.0,0.0,0.0,0.0,0.0,0.0,0.0,0.0,0.0,0.0,0.0,0.0,0.0,0.0,0.0,0.0006421232876712328,0.00010702054794520547,0.0036601027397260275,0.0002568493150684931,0.007823202054794521,0.010477311643835616,0.011044520547945205,0.015057791095890411,0.029419948630136986,0.016898544520547946,0.06777611301369862,0.0261451198630137,0.03884845890410959,0.019766695205479454,0.025524400684931507,0.01933861301369863,0.05963184931506849,0.023159246575342466,0.04666095890410959,0.02284888698630137,0.023458904109589042,0.014426369863013698,0.007170376712328767,0.030575770547945205,0.06459760273972602,0.054751712328767126,0.058690068493150685,0.027654109589041097,0.04970034246575342,0.040475171232876715,0.035006421232876714,0.04293664383561644,0.032170376712328766,0.011782962328767124,0.012992294520547945,0.007855308219178082,0.00626070205479452,0.006710188356164383,0.0003103595890410959,0.002375856164383562,0.00017123287671232877,0.0012735445205479452,0.006902825342465753,0.006988441780821918,0.004334332191780822,0.000898972602739726,0.0026648116438356163,5.351027397260274e-05,0.001680222602739726,3.210616438356164e-05,0.0,1.0702054794520548e-05,0.0,0.0,0.0,0.0,0.0,0.0,0.0,0.0,0.0,0.0,0.0,0.0,0.0,0.0,0.0,0.0,0.0,0.0,0.0,0.0,0.0,0.0,0.0,0.0,0.0,0.0,0.0,nan,nan,4.51304347826087,2.8953307644495188,nan,0.8439736337122989,0.0333799306276347,0.0,0.0,0.0,0.0,0.0,0.0,0.0,0.0,0.0,0.0,0.0,0.0,0.0,0.0,0.0,0.0,0.0,0.0,0.0,0.0,0.0,0.02529510961214166,0.3161888701517707,2.0109612141652553,8.473861720067456,13.11551433389545,4.654300168634065,1.024451939291737,0.24030354131534576,0.13912310286677912,0.8434121020721352,0.03225614090930599,0.0,0.0,0.0,0.0,0.0,0.0,0.0,0.0,0.0,0.0,0.0,0.0,0.0,0.0,0.0,0.0,0.0,0.0,0.0,0.0,0.0,0.05217391304347827,0.24782608695652178,1.9565217391304288,8.973913043478262,12.769565217391307,4.721739130434783,1.0043478260869567,0.1695652173913044,0.10434782608695654,0.4326,0.01672,0.0,0.0,0.0,0.0,0.0,0.0,0.0,0.0,0.0,0.0,0.01264755480607083,0.720910623946036,14.772344013490729,13.836424957841487,0.6576728499156832,0.0,0.0,0.0,0.0,0.0,0.0,0.0,0.0,0.0,0.0,0.0,0.0,0.0,0.0,0.0,0.4326,0.0166,0.0,0.0,0.0,0.0,0.0,0.0,0.0,0.0,0.0,0.0,0.0,0.7956521739130423,15.130434782608699,13.61739130434783,0.45652173913043487,0.0,0.0,0.0,0.0,0.0,0.0,0.0,0.0,0.0,0.0,0.0,0.0,0.0,0.0,0.0
69400,4722,2403,0.5088945362134689,1098,987,0.4415501905972046,1331,0.563744176196527,0.46199999999999997,2.947391116860716,3.1160936362562626,6.70334928229665,2.169390864941546,6649.8,0.0,6649.8,6649.8,6649.800000000002,1.8189894035458565e-12,6649.800000000001,9.094947017729282e-13,27.16603134265142,20.88848100248411,32.41141833077317,19.17309950648894,0.15036001694197373,0.10313426514188903,0.09593392630241424,0.09148665819567979,0.0760271071579839,0.07581533248623465,0.07200338839474799,0.060144006776789494,0.05230834392206692,0.04764930114358323,0.04489623041084286,0.040025412960609914,0.02964845404489623,0.025412960609911054,0.016730199068191443,0.012494705633206269,0.005929690808979246,0.8440804294689587,0.03450009352504793,0.0,0.0,0.0,0.0,0.0,0.0,0.0,0.0,0.0,0.0,0.0,0.0,0.0,0.0,0.0,0.0,0.0,0.0,0.0,0.006353240152477765,0.006353240152477765,0.08894536213468872,0.37484116899618813,1.9695044472681005,8.35451080050826,12.674714104193141,5.0444726810673455,1.0355781448538757,0.3494282083862771,0.09529860228716648,4.306883689386233,2.870511092213488,4.074074074074074,3.691089630607702,0.9459447637543852,4.385245901639344,2.8707019799284583,4.226851851851852,2.885054286718256,0.9638802353755626,0.4329,0.01675,0.0,0.0,0.0,0.0,0.0,0.0,0.0,0.0,0.0,0.0,0.0,0.8322744599745859,14.548919949174081,14.034307496823383,0.5844980940279544,0.0,0.0,0.0,0.0,0.0,0.0,0.0,0.0,0.0,0.0,0.0,0.0,0.0,0.0,0.0,nan,nan,4.304771505376344,2.879092006366511,nan,0.4329,0.0893,0.0,0.0,0.0,0.0,0.0,0.0,0.0,0.0,0.0,0.0,0.0,0.0,0.0,0.0,0.0,0.0,0.0,0.0,0.0,0.0,0.0,0.0,0.0008576874205844981,2.1177467174925878e-05,0.00392842016094875,0.00014824227022448115,0.0077827191867852604,0.01135112240576027,0.01279119017365523,0.014580686149936468,0.029701397712833547,0.01883735705209657,0.06491952562473528,0.02510588733587463,0.037028801355357896,0.02107157983905125,0.02459762812367641,0.018276154171961035,0.05901101228293096,0.022755188479457858,0.045912748835239305,0.022670478610758153,0.024841168996188056,0.014654807285048707,0.007560355781448539,0.031099110546378653,0.06491952562473528,0.05072003388394748,0.06018636171113935,0.029087251164760696,0.04757518000847099,0.043074968233799235,0.0364570097416349,0.04290554849639983,0.03227445997458704,0.011192291401948327,0.013564167725540026,0.007581533248623464,0.006840321897501059,0.006427361287590004,0.00044472681067344346,0.002615417196103346,0.00022236340533672173,0.0010165184243964421,0.006692079627276578,0.006882676831850911,0.004076662431173232,0.0007094451503600169,0.0028695468022024565,3.176620076238882e-05,0.002064803049555273,6.353240152477763e-05,0.0,0.0,0.0,0.0,0.0,0.0,0.0,0.0,0.0,0.0,0.0,0.0,0.0,0.0,0.0,0.0,0.0,0.0,0.0,0.0,0.0,0.0,0.0,0.0,0.0,0.0,0.0,0.0,0.0,nan,nan,4.304771505376344,2.879092006366511,nan,0.8444005669130665,0.03452135669230675,0.0,0.0,0.0,0.0,0.0,0.0,0.0,0.0,0.0,0.0,0.0,0.0,0.0,0.0,0.0,0.0,0.0,0.0,0.0,0.0,0.0,0.07490636704119852,0.39950062421972543,1.9975031210986207,8.22721598002497,12.609238451935084,5.168539325842698,1.1235955056179776,0.2996254681647941,0.09987515605493136,0.8437486958431756,0.0344749101573525,0.0,0.0,0.0,0.0,0.0,0.0,0.0,0.0,0.0,0.0,0.0,0.0,0.0,0.0,0.0,0.0,0.0,0.0,0.0,0.012936610608020701,0.012936610608020701,0.10349288486416561,0.34928848641655896,1.9404915912030989,8.48641655886158,12.74256144890039,4.915912031047866,0.9443725743855111,0.4010349288486418,0.09055627425614492,0.4326,0.01666,0.0,0.0,0.0,0.0,0.0,0.0,0.0,0.0,0.0,0.0,0.0,0.8863920099875143,14.706616729088642,13.80774032459426,0.5992509363295881,0.0,0.0,0.0,0.0,0.0,0.0,0.0,0.0,0.0,0.0,0.0,0.0,0.0,0.0,0.0,0.433,0.01686,0.0,0.0,0.0,0.0,0.0,0.0,0.0,0.0,0.0,0.0,0.0,0.7761966364812408,14.38551099611902,14.269081500646834,0.5692108667529109,0.0,0.0,0.0,0.0,0.0,0.0,0.0,0.0,0.0,0.0,0.0,0.0,0.0,0.0,0.0
69500,4614,2295,0.49739921976592977,1120,941,0.4466840052015605,1355,0.5873428695275249,0.44599999999999995,2.9184993531694694,2.9491592839309533,6.233618233618234,2.0055786192129625,6649.800000000001,9.094947017729282e-13,6649.8,6649.8,6649.800000000002,1.8189894035458565e-12,6649.800000000001,9.094947017729282e-13,28.4716081491114,20.956711119199475,33.31222763394002,19.163603744340474,0.1352405721716515,0.09687906371911574,0.09276116168183789,0.08430862592110967,0.08322496749024708,0.07390550498482878,0.06610316428261812,0.06198526224534027,0.05786736020806242,0.05938448201127005,0.045730385782401385,0.043563068920676205,0.03727785002167317,0.027091460771564803,0.016254876462938883,0.013220632856523624,0.005201560468140442,0.8469316907449879,0.0337060688822923,0.0,0.0,0.0,0.0,0.0,0.0,0.0,0.0,0.0,0.0,0.0,0.0,0.0,0.0,0.0,0.0,0.0,0.0,0.0,0.0,0.0,0.06501950585175553,0.27308192457737324,1.7750325097529203,7.600780234070223,13.02990897269181,5.585175552665802,1.222366710013004,0.36410923276983104,0.0845253576072822,4.23539176626826,2.7152431868344067,6.285714285714286,2.7367491515240023,1.484092766996271,4.226277372262774,2.7012051447972185,4.2633311389071755,2.7362280135659853,1.0087674715548929,0.433,0.01631,0.0,0.0,0.0,0.0,0.0,0.0,0.0,0.0,0.0,0.0,0.0,0.6176853055916767,14.570871261378416,14.174252275682708,0.6371911573472042,0.0,0.0,0.0,0.0,0.0,0.0,0.0,0.0,0.0,0.0,0.0,0.0,0.0,0.0,0.0,nan,nan,4.244877726371447,2.7189055380376064,nan,0.433,0.0894,0.0,0.0,0.0,0.0,0.0,0.0,0.0,0.0,0.0,0.0,0.0,0.0,0.0,0.0,0.0,0.0,0.0,0.0,0.0,0.0,0.0,0.0,0.0010511486779367144,3.250975292587776e-05,0.0035218899003034245,0.0001950585175552666,0.00722800173385349,0.010825747724317296,0.013296488946684006,0.013719115734720417,0.03124187256176853,0.019527524924143908,0.06348071087993065,0.02443649761595145,0.036790203727785,0.021348071087993064,0.023016905071521456,0.0188556566970091,0.05858257477243173,0.02159731252709146,0.04739921976592978,0.025043346337234505,0.026614651061985264,0.014813610749891635,0.0088209796272215,0.03179453836150845,0.06456436931079323,0.04834200260078023,0.06105331599479844,0.02459904638058084,0.04890550498482878,0.045968790637191156,0.03535977459904638,0.04142826181187689,0.03328998699609883,0.0108690940615518,0.011963589076723017,0.007791504117902037,0.0069137407889033374,0.006079323797139141,0.0005309926311226702,0.0032293021239705247,0.00022756827048114433,0.001083658430862592,0.007043779800606849,0.0069137407889033374,0.004009536194191591,0.0006827048114434331,0.00358690940615518,7.585609016038145e-05,0.002210663198959688,4.3346337234503684e-05,0.0,0.0,0.0,0.0,0.0,0.0,0.0,0.0,0.0,0.0,0.0,0.0,0.0,0.0,0.0,0.0,0.0,0.0,0.0,0.0,0.0,0.0,0.0,0.0,0.0,0.0,0.0,0.0,0.0,nan,nan,4.244877726371447,2.7189055380376064,nan,0.8467104423279855,0.03390808295091308,0.0,0.0,0.0,0.0,0.0,0.0,0.0,0.0,0.0,0.0,0.0,0.0,0.0,0.0,0.0,0.0,0.0,0.0,0.0,0.0,0.0,0.03921568627450981,0.3267973856209151,1.9477124183006476,7.424836601307191,13.084967320261441,5.398692810457518,1.3464052287581703,0.3529411764705883,0.07843137254901962,0.8471506493982954,0.033503507927922296,0.0,0.0,0.0,0.0,0.0,0.0,0.0,0.0,0.0,0.0,0.0,0.0,0.0,0.0,0.0,0.0,0.0,0.0,0.0,0.0,0.0,0.09055627425614492,0.21992238033635192,1.6041397153945618,7.774902975420441,12.975420439844763,5.769728331177233,1.0996119016817596,0.37516170763260037,0.09055627425614492,0.433,0.0163,0.0,0.0,0.0,0.0,0.0,0.0,0.0,0.0,0.0,0.0,0.0,0.5751633986928096,14.679738562091506,14.05228758169935,0.6928104575163401,0.0,0.0,0.0,0.0,0.0,0.0,0.0,0.0,0.0,0.0,0.0,0.0,0.0,0.0,0.0,0.433,0.01634,0.0,0.0,0.0,0.0,0.0,0.0,0.0,0.0,0.0,0.0,0.0,0.6597671410090546,14.463130659767144,14.294954721862876,0.5821474773609315,0.0,0.0,0.0,0.0,0.0,0.0,0.0,0.0,0.0,0.0,0.0,0.0,0.0,0.0,0.0
69600,4421,2242,0.5071250848224383,1046,919,0.44446957701877404,1242,0.5618638317122823,0.45799999999999996,2.9733822854520424,3.086369995441854,6.6525423728813555,1.9717372476139583,6649.800000000001,9.094947017729282e-13,6649.8,6649.8,6649.800000000001,9.094947017729282e-13,6649.800000000001,9.094947017729282e-13,27.973535399230943,20.968033444252082,33.063328822733425,19.17469846382857,0.14272788961773356,0.09975118751413707,0.09183442660031667,0.08708437005202443,0.07645329111060846,0.07419135942094549,0.07011988237955213,0.06582221216919248,0.0565482922415743,0.054964940058810224,0.045691020131192035,0.03709567971047274,0.03777425921737163,0.023976475910427505,0.017416874010404884,0.011762044786247455,0.006785795068988917,0.8456833925864137,0.034755289244536275,0.0,0.0,0.0,0.0,0.0,0.0,0.0,0.0,0.0,0.0,0.0,0.0,0.0,0.0,0.0,0.0,0.0,0.0,0.0,0.0,0.02035738520696675,0.081429540827867,0.38679031893236837,1.6964487672472237,8.061524541958834,12.7980095001131,5.360778104501245,1.1400135715901383,0.3189323682424791,0.13571590137977835,4.289314873979411,2.797585574581993,4.791666666666667,2.6296255542482765,1.1171170239179014,4.261955745895789,2.7909385138679546,4.3231410701876305,2.8023542423765124,1.0143561613352654,0.4329,0.0164,0.0,0.0,0.0,0.0,0.0,0.0,0.0,0.0,0.0,0.0,0.0,0.658222121691924,14.379099751187518,14.324813390635606,0.6378647364849582,0.0,0.0,0.0,0.0,0.0,0.0,0.0,0.0,0.0,0.0,0.0,0.0,0.0,0.0,0.0,nan,nan,4.293558606124604,2.7965869052062415,nan,0.4329,0.089,0.0,0.0,0.0,0.0,0.0,0.0,0.0,0.0,0.0,0.0,0.0,0.0,0.0,0.0,0.0,0.0,0.0,0.0,0.0,0.0,0.0,1.130965844831486e-05,0.001051798235693282,5.6548292241574305e-05,0.002770866319837141,0.00010178692603483375,0.0072721103822664555,0.009760235240895724,0.013051345849355349,0.012689436779009274,0.02961999547613662,0.020527030083691472,0.06656864962678127,0.023558018547839857,0.03667722234788509,0.023671115132323003,0.02249491065369826,0.01903415516851391,0.060506672698484504,0.022234788509387017,0.047036869486541504,0.02696222574078263,0.023230038452838723,0.015460303098846415,0.009522732413481113,0.03320515720425243,0.0626328884867677,0.048247002940511194,0.06130965844831486,0.022958606650079167,0.04747794616602578,0.04618864510291789,0.037073060393576114,0.04139334992083239,0.03483374802080977,0.010348337480208098,0.011615019226419361,0.007249491065369826,0.005654829224157431,0.006616150192264194,0.0004976249717258539,0.0032345623162180503,0.00019226419362135264,0.0009273919927618186,0.007543542185026012,0.006944130287265325,0.003833974213978738,0.0006785795068988917,0.0032911106084596246,1.130965844831486e-05,0.0020131192038000453,0.00012440624293146347,3.3928975344944584e-05,0.0,0.0,0.0,0.0,0.0,0.0,0.0,0.0,0.0,0.0,0.0,0.0,0.0,0.0,0.0,0.0,0.0,0.0,0.0,0.0,0.0,0.0,0.0,0.0,0.0,0.0,0.0,0.0,nan,nan,4.293558606124604,2.7965869052062415,nan,0.8449735365522216,0.03487734500645723,0.0,0.0,0.0,0.0,0.0,0.0,0.0,0.0,0.0,0.0,0.0,0.0,0.0,0.0,0.0,0.0,0.0,0.0,0.0,0.0,0.013380909901873331,0.10704727921498665,0.45495093666369324,1.7796610169491471,7.881355932203391,12.845673505798398,5.459411239964318,1.0437109723461198,0.29438001784121326,0.12042818911685997,0.8464137722232463,0.034614063898347154,0.0,0.0,0.0,0.0,0.0,0.0,0.0,0.0,0.0,0.0,0.0,0.0,0.0,0.0,0.0,0.0,0.0,0.0,0.0,0.0,0.027535566773749433,0.05507113354749887,0.31665901789811846,1.6108306562643364,8.246902248737955,12.748967416245987,5.259293253786141,1.2391005048187245,0.34419458467186786,0.15144561725562186,0.4329,0.01631,0.0,0.0,0.0,0.0,0.0,0.0,0.0,0.0,0.0,0.0,0.0,0.6556645851917922,14.531668153434437,14.18376449598573,0.6289027653880465,0.0,0.0,0.0,0.0,0.0,0.0,0.0,0.0,0.0,0.0,0.0,0.0,0.0,0.0,0.0,0.4329,0.01648,0.0,0.0,0.0,0.0,0.0,0.0,0.0,0.0,0.0,0.0,0.0,0.6608536025699853,14.222120238641581,14.469940339605326,0.6470858191831116,0.0,0.0,0.0,0.0,0.0,0.0,0.0,0.0,0.0,0.0,0.0,0.0,0.0,0.0,0.0
69700,4654,2354,0.5058014611087237,1091,965,0.4417705199828105,1353,0.5814353244520842,0.44599999999999995,2.986086956521739,3.03498118199228,6.46539027982327,1.9751537184360892,6649.800000000001,9.094947017729282e-13,6649.8,6649.8,6649.800000000001,9.094947017729282e-13,6649.800000000002,1.8189894035458565e-12,27.96153846153846,20.870876665274466,32.95540748334187,19.094092737640857,0.1400945423291792,0.0975504941985389,0.09282337773957886,0.09174903308981522,0.07799742157284056,0.0767082079931242,0.06768371293510958,0.06166738289643318,0.056940266437473144,0.05629565964761495,0.04705629565964761,0.03889127632144392,0.033949290932531156,0.02599914052428019,0.015685431886549205,0.013751611516974646,0.005156854318865492,0.8449830128032862,0.034027972518304785,0.0,0.0,0.0,0.0,0.0,0.0,0.0,0.0,0.0,0.0,0.0,0.0,0.0,0.0,0.0,0.0,0.0,0.0,0.0,0.0,0.0193382036957456,0.096691018478728,0.43188654920498504,1.869359690588735,7.7288354103996575,12.995272883541043,5.3695745595186954,1.1345079501504085,0.3029651912333477,0.05156854318865493,4.324405758285906,2.8117270098841636,4.689655172413793,2.4368358267661727,1.0844623364558332,4.379947229551451,2.8182816294440336,4.275333333333333,2.797771414695791,0.9761152610441767,0.433,0.01645,0.0,0.0,0.0,0.0,0.0,0.0,0.0,0.0,0.0,0.0,0.0,0.6381607219596037,14.510098839707782,14.181349376880107,0.6703910614525141,0.0,0.0,0.0,0.0,0.0,0.0,0.0,0.0,0.0,0.0,0.0,0.0,0.0,0.0,0.0,nan,nan,4.327917771883289,2.8085867602863033,nan,0.433,0.0885,0.0,0.0,0.0,0.0,0.0,0.0,0.0,0.0,0.0,0.0,0.0,0.0,0.0,0.0,0.0,0.0,0.0,0.0,0.0,0.0,0.0,0.0,0.000827245380318006,4.2973785990545764e-05,0.0024387623549634724,2.1486892995272882e-05,0.0073700042973785995,0.008863343360550065,0.013568972926514825,0.013440051568543188,0.028792436613665665,0.021121615814353244,0.06654490760636012,0.022400085947571983,0.034400515685431884,0.023689299527288356,0.021089385474860334,0.02101418134937688,0.06266652342071337,0.02094972067039106,0.050580146110872366,0.025762784701332187,0.02366781263429308,0.01621186076493339,0.009357541899441341,0.032531155994843144,0.061871508379888265,0.049054576708207995,0.059916201117318435,0.023592608508809627,0.0482595616673829,0.04601418134937688,0.038461538461538464,0.04155565105285776,0.03383111302105715,0.009959174903308981,0.010700472711645896,0.007960893854748604,0.0043188654920498495,0.006908036097980232,0.00045122475290073055,0.004179200687580576,7.52041254834551e-05,0.0009454232917920069,0.009368285345938978,0.006306403094112591,0.003674258702191663,0.0005264288783841856,0.0032015470562956594,0.0,0.0014933390631714654,2.1486892995272882e-05,0.0,0.0,0.0,0.0,0.0,0.0,0.0,0.0,0.0,0.0,0.0,0.0,0.0,0.0,0.0,0.0,0.0,0.0,0.0,0.0,0.0,0.0,0.0,0.0,0.0,0.0,0.0,0.0,0.0,nan,nan,4.327917771883289,2.8085867602863033,nan,0.8451116513223494,0.03387801789628248,0.0,0.0,0.0,0.0,0.0,0.0,0.0,0.0,0.0,0.0,0.0,0.0,0.0,0.0,0.0,0.0,0.0,0.0,0.0,0.0,0.012744265080713682,0.07646559048428209,0.3695836873406968,1.9498725573491866,7.888700084961768,12.795242141036537,5.365335598980461,1.1214953271028039,0.3695836873406968,0.05097706032285473,0.8448513540755147,0.034180265289559676,0.0,0.0,0.0,0.0,0.0,0.0,0.0,0.0,0.0,0.0,0.0,0.0,0.0,0.0,0.0,0.0,0.0,0.0,0.0,0.0,0.026086956521739136,0.11739130434782612,0.49565217391304356,1.786956521739125,7.5652173913043494,13.200000000000003,5.373913043478263,1.147826086956522,0.23478260869565223,0.05217391304347827,0.4333,0.01648,0.0,0.0,0.0,0.0,0.0,0.0,0.0,0.0,0.0,0.0,0.0,0.637213254035683,14.54120645709431,14.056924384027191,0.764655904842821,0.0,0.0,0.0,0.0,0.0,0.0,0.0,0.0,0.0,0.0,0.0,0.0,0.0,0.0,0.0,0.4329,0.01642,0.0,0.0,0.0,0.0,0.0,0.0,0.0,0.0,0.0,0.0,0.0,0.6391304347826078,14.47826086956522,14.308695652173917,0.573913043478261,0.0,0.0,0.0,0.0,0.0,0.0,0.0,0.0,0.0,0.0,0.0,0.0,0.0,0.0,0.0
69800,4584,2386,0.5205061082024433,1124,946,0.45157068062827227,1303,0.5684991273996509,0.44999999999999996,3.0709736123748863,3.055665550206322,6.529051987767584,2.043468004788406,6649.800000000001,9.094947017729282e-13,6649.8,6649.8,6649.800000000001,9.094947017729282e-13,6649.800000000001,9.094947017729282e-13,28.340095986038396,20.940520719855794,33.261522527187985,19.134170592664095,0.13743455497382198,0.09729493891797557,0.08791448516579406,0.09031413612565445,0.08049738219895287,0.07569808027923211,0.06784467713787086,0.06086387434554974,0.05977312390924956,0.05737347294938918,0.046465968586387435,0.039703315881326355,0.036212914485165795,0.02574171029668412,0.02050610820244328,0.010471204188481676,0.0058900523560209425,0.8451337697956367,0.03380056937231657,0.0,0.0,0.0,0.0,0.0,0.0,0.0,0.0,0.0,0.0,0.0,0.0,0.0,0.0,0.0,0.0,0.0,0.0,0.0,0.0,0.013089005235602098,0.08507853403141363,0.32068062827225136,1.8455497382198898,7.997382198952881,12.984293193717281,5.137434554973823,1.3023560209424085,0.2552356020942409,0.05890052356020944,4.290181573638198,2.865898405819408,4.761904761904762,2.6168822217207786,1.1099541313507926,4.3161764705882355,2.8974736055849313,4.270847231487658,2.831024634827352,0.9894978253531882,0.4343,0.01616,0.0,0.0,0.0,0.0,0.0,0.0,0.0,0.0,0.0,0.0,0.0,0.4188481675392664,14.005235602094244,14.823298429319374,0.7526178010471206,0.0,0.0,0.0,0.0,0.0,0.0,0.0,0.0,0.0,0.0,0.0,0.0,0.0,0.0,0.0,nan,nan,4.293489148580968,2.8644981985241365,nan,0.4343,0.0886,0.0,0.0,0.0,0.0,0.0,0.0,0.0,0.0,0.0,0.0,0.0,0.0,0.0,0.0,0.0,0.0,0.0,0.0,0.0,0.0,0.0,3.272251308900524e-05,0.0002399650959860384,2.181500872600349e-05,0.0018324607329842932,0.0001199825479930192,0.0067081151832460734,0.008344240837696335,0.01425610820244328,0.013656195462478185,0.029515706806282724,0.021596858638743454,0.06785558464223386,0.022022251308900523,0.03344240837696335,0.02212041884816754,0.018891797556719023,0.020778795811518324,0.06091841186736475,0.020342495636998255,0.05088350785340314,0.024650959860383945,0.024978184991273997,0.016415794066317626,0.009107766143106457,0.03218804537521815,0.06485602094240837,0.048592931937172776,0.05982766143106457,0.02337478184991274,0.046476876090750435,0.0487347294938918,0.040019633507853404,0.04292102966841187,0.033769633507853405,0.010078534031413613,0.010318499127399652,0.007886125654450262,0.004177574171029669,0.00581369982547993,0.0005453752181500873,0.004777486910994764,0.00034904013961605586,0.0007089877835951134,0.010034904013961605,0.0067299301919720765,0.0036649214659685864,0.0006217277486910994,0.0033486038394415357,2.181500872600349e-05,0.0014070680628272252,2.181500872600349e-05,0.0,0.0,0.0,0.0,0.0,0.0,0.0,0.0,0.0,0.0,0.0,0.0,0.0,0.0,0.0,0.0,0.0,0.0,0.0,0.0,0.0,0.0,0.0,0.0,0.0,0.0,0.0,0.0,0.0,nan,nan,4.293489148580968,2.8644981985241365,nan,0.8452469305340622,0.03457311142954339,0.0,0.0,0.0,0.0,0.0,0.0,0.0,0.0,0.0,0.0,0.0,0.0,0.0,0.0,0.0,0.0,0.0,0.0,0.0,0.0,0.012573344509639567,0.1131601005867561,0.36462699077954747,1.8734283319362894,7.657166806370496,12.849958088851638,5.494551550712491,1.307627829002515,0.25146689019279134,0.0754400670578374,0.8450109301587471,0.032941007990115054,0.0,0.0,0.0,0.0,0.0,0.0,0.0,0.0,0.0,0.0,0.0,0.0,0.0,0.0,0.0,0.0,0.0,0.0,0.0,0.0,0.013648771610555053,0.05459508644222021,0.27297543221110104,1.8152866242038161,8.366696997270248,13.13011828935396,4.749772520473158,1.29663330300273,0.259326660600546,0.04094631483166516,0.4338,0.01614,0.0,0.0,0.0,0.0,0.0,0.0,0.0,0.0,0.0,0.0,0.0,0.42749371332774455,14.270746018440908,14.572506286672258,0.7292539815590949,0.0,0.0,0.0,0.0,0.0,0.0,0.0,0.0,0.0,0.0,0.0,0.0,0.0,0.0,0.0,0.4346,0.01619,0.0,0.0,0.0,0.0,0.0,0.0,0.0,0.0,0.0,0.0,0.0,0.4094631483166509,13.717015468607828,15.09554140127389,0.7779799818016381,0.0,0.0,0.0,0.0,0.0,0.0,0.0,0.0,0.0,0.0,0.0,0.0,0.0,0.0,0.0
69900,4486,2266,0.5051270619705751,1090,948,0.45430227374052606,1280,0.5706642888987963,0.46199999999999997,2.9513513513513514,3.036025877492562,6.575609756097561,1.9448636319538417,6649.800000000002,1.8189894035458565e-12,6649.8,6649.8,6649.800000000002,1.8189894035458565e-12,6649.800000000001,9.094947017729282e-13,27.4794917521177,20.601853868040322,32.620643431635386,18.78698290475998,0.1440035666518056,0.10231832367365136,0.08938921087828801,0.08716005349977708,0.08292465448060633,0.07646009808292466,0.07489968791796701,0.05840392331698618,0.05974141774409273,0.05149353544360232,0.04391440035666518,0.041462327240303166,0.03299152920196166,0.021622826571555953,0.018724921979491754,0.008916629514043692,0.005572893446277307,0.8465332663649169,0.033455625473508895,0.0,0.0,0.0,0.0,0.0,0.0,0.0,0.0,0.0,0.0,0.0,0.0,0.0,0.0,0.0,0.0,0.0,0.0,0.0,0.0,0.02006241640659831,0.02006241640659831,0.2875613018279091,1.7855550601872436,7.871154703522071,12.659384752563534,5.62416406598306,1.3909942041908163,0.29424877396344185,0.04681230494872939,4.325305410122164,2.8260083133288707,5.2727272727272725,2.831347545890443,1.219041610423147,4.32875772134523,2.804487659185807,4.329105003523608,2.8491938406286126,1.0000802267534321,0.4329,0.0165,0.0,0.0,0.0,0.0,0.0,0.0,0.0,0.0,0.0,0.0,0.0,0.608559964333481,14.792688363798488,14.00356665180562,0.5884975479268837,0.00668747213553277,0.0,0.0,0.0,0.0,0.0,0.0,0.0,0.0,0.0,0.0,0.0,0.0,0.0,0.0,nan,nan,4.328929068150209,2.8266337787743274,nan,0.4329,0.0885,0.0,0.0,0.0,0.0,0.0,0.0,0.0,0.0,0.0,0.0,0.0,0.0,0.0,0.0,0.0,0.0,0.0,0.0,0.0,0.0,0.0,0.00017833259028087384,0.00020062416406598307,5.572893446277307e-05,0.0016272848863129736,6.687472135532768e-05,0.008292465448060633,0.0076460098082924656,0.012862238074008025,0.01405483727151137,0.02915737851092287,0.02195720017833259,0.06977262594739189,0.02268167632634864,0.035008916629514046,0.023506464556397683,0.018635755684351316,0.02168970129291128,0.05917298261257245,0.021121266161390994,0.051192599197503345,0.02810967454302274,0.026582701738742755,0.01709763709317878,0.009919750334373607,0.02940258582255907,0.06636201515827017,0.04973250111457869,0.056966116807846634,0.02303834150691039,0.04536335265269728,0.0454079358002675,0.03971243869817209,0.042688363798484175,0.032032991529201964,0.009618814088274632,0.008571110120374498,0.008571110120374498,0.004302273740526081,0.005260811413285778,0.0005349977708426215,0.005115916183682568,0.00028979045920641996,0.000925100312082033,0.00956308515381186,0.00722246990637539,0.0028756130182790904,0.0006241640659830584,0.003466339723584485,4.458314757021846e-05,0.0017164511814534106,0.0,0.0,0.0,0.0,0.0,0.0,0.0,0.0,0.0,0.0,0.0,0.0,0.0,0.0,0.0,0.0,0.0,0.0,0.0,0.0,0.0,0.0,0.0,0.0,0.0,0.0,0.0,0.0,0.0,0.0,nan,nan,4.328929068150209,2.8266337787743274,nan,0.8463334180513317,0.03323934531089933,0.0,0.0,0.0,0.0,0.0,0.0,0.0,0.0,0.0,0.0,0.0,0.0,0.0,0.0,0.0,0.0,0.0,0.0,0.0,0.0,0.026478375992939104,0.026478375992939104,0.3309796999117388,1.6416593115622191,7.956751985878201,12.616946160635484,5.798764342453665,1.2842012356575465,0.29126213592233013,0.026478375992939104,0.8467372556795945,0.03367373143302225,0.0,0.0,0.0,0.0,0.0,0.0,0.0,0.0,0.0,0.0,0.0,0.0,0.0,0.0,0.0,0.0,0.0,0.0,0.0,0.0,0.013513513513513516,0.013513513513513516,0.24324324324324328,1.9324324324324262,7.783783783783785,12.702702702702705,5.4459459459459465,1.5000000000000004,0.29729729729729737,0.06756756756756759,0.4329,0.01625,0.0,0.0,0.0,0.0,0.0,0.0,0.0,0.0,0.0,0.0,0.0,0.48984995586937263,14.841129744042368,14.046778464254196,0.6222418358340689,0.0,0.0,0.0,0.0,0.0,0.0,0.0,0.0,0.0,0.0,0.0,0.0,0.0,0.0,0.0,0.4326,0.01674,0.0,0.0,0.0,0.0,0.0,0.0,0.0,0.0,0.0,0.0,0.0,0.7297297297297287,14.743243243243246,13.959459459459463,0.5540540540540542,0.013513513513513516,0.0,0.0,0.0,0.0,0.0,0.0,0.0,0.0,0.0,0.0,0.0,0.0,0.0,0.0
70000,4660,2365,0.5075107296137339,1092,980,0.4446351931330472,1310,0.5622317596566524,0.46199999999999997,2.9289760348583878,3.1102769488860758,6.620472440944882,2.158131978139259,6649.800000000002,1.8189894035458565e-12,6649.8,6649.8,6649.800000000001,9.094947017729282e-13,6649.800000000002,1.8189894035458565e-12,27.245922746781115,20.7279339859163,32.293663060278206,19.03956957797091,0.1444206008583691,0.10214592274678111,0.10064377682403433,0.0905579399141631,0.08197424892703863,0.07060085836909871,0.06609442060085836,0.0648068669527897,0.06051502145922747,0.045064377682403435,0.04184549356223176,0.039484978540772535,0.031545064377682404,0.02703862660944206,0.018240343347639486,0.009012875536480686,0.006008583690987125,0.8459394157956086,0.0355406102891064,0.0,0.0,0.0,0.0,0.0,0.0,0.0,0.0,0.0,0.0,0.0,0.0,0.0,0.0,0.0,0.0,0.0,0.0,0.0,0.0,0.0,0.08369098712446355,0.3991416309012876,1.9184549356223117,7.834763948497856,12.907725321888416,5.060085836909872,1.2296137339055795,0.38626609442060095,0.1802575107296138,4.393308296346876,2.9310331902787574,4.695652173913044,3.543945021272145,1.0688191807111675,4.368741542625169,2.9329489170422347,4.422659430122117,2.9396557795880365,1.012341743490861,0.4321,0.01622,0.0,0.0,0.0,0.0,0.0,0.0,0.0,0.0,0.0,0.0,0.0,0.5987124463519304,15.540772532188845,13.403433476394852,0.45708154506437776,0.0,0.0,0.0,0.0,0.0,0.0,0.0,0.0,0.0,0.0,0.0,0.0,0.0,0.0,0.0,nan,nan,4.3956639566395665,2.936423475036296,nan,0.4321,0.0887,0.0,0.0,0.0,0.0,0.0,0.0,0.0,0.0,0.0,0.0,0.0,0.0,0.0,0.0,0.0,0.0,0.0,0.0,0.0,0.0,0.0,0.00019313304721030043,0.00019313304721030043,0.0,0.0011909871244635193,5.3648068669527894e-05,0.008261802575107296,0.008701716738197425,0.013165236051502147,0.014581545064377682,0.026394849785407726,0.02286480686695279,0.07113733905579399,0.023851931330472104,0.035225321888412015,0.0251931330472103,0.019238197424892703,0.02142703862660944,0.059881974248927036,0.02240343347639485,0.0488519313304721,0.02859442060085837,0.02613733905579399,0.018293991416309014,0.009849785407725322,0.028143776824034336,0.0665343347639485,0.05265021459227468,0.054324034334763946,0.023079399141630902,0.04413090128755365,0.043894849785407725,0.03901287553648069,0.04240343347639485,0.03151287553648069,0.0101931330472103,0.007950643776824034,0.00842274678111588,0.0033798283261802574,0.004452789699570816,0.000740343347639485,0.004924892703862661,0.00011802575107296138,0.0013412017167381974,0.01053648068669528,0.007832618025751073,0.003025751072961373,0.0005579399141630901,0.00398068669527897,0.0,0.0011695278969957082,0.0,0.0,0.0,0.0,0.0,0.0,0.0,0.0,0.0,0.0,0.0,0.0,0.0,0.0,0.0,0.0,0.0,0.0,0.0,0.0,0.0,0.0,0.0,0.0,0.0,0.0,0.0,0.0,0.0,0.0,nan,nan,4.3956639566395665,2.936423475036296,nan,0.8461441983632255,0.03620807420662837,0.0,0.0,0.0,0.0,0.0,0.0,0.0,0.0,0.0,0.0,0.0,0.0,0.0,0.0,0.0,0.0,0.0,0.0,0.0,0.0,0.0,0.038054968287526435,0.49471458773784366,2.042283298097245,7.585623678646936,12.837209302325585,5.213530655391122,1.1670190274841439,0.38054968287526436,0.24101479915433408,0.8457283871366048,0.034838152747651466,0.0,0.0,0.0,0.0,0.0,0.0,0.0,0.0,0.0,0.0,0.0,0.0,0.0,0.0,0.0,0.0,0.0,0.0,0.0,0.0,0.0,0.13071895424836605,0.30065359477124187,1.790849673202609,8.091503267973858,12.980392156862749,4.901960784313727,1.2941176470588238,0.39215686274509814,0.11764705882352944,0.4321,0.01614,0.0,0.0,0.0,0.0,0.0,0.0,0.0,0.0,0.0,0.0,0.0,0.5961945031712464,15.437632135306558,13.560253699788587,0.4059196617336153,0.0,0.0,0.0,0.0,0.0,0.0,0.0,0.0,0.0,0.0,0.0,0.0,0.0,0.0,0.0,0.432,0.01628,0.0,0.0,0.0,0.0,0.0,0.0,0.0,0.0,0.0,0.0,0.0,0.6013071895424827,15.647058823529415,13.24183006535948,0.5098039215686275,0.0,0.0,0.0,0.0,0.0,0.0,0.0,0.0,0.0,0.0,0.0,0.0,0.0,0.0,0.0
70100,4907,2543,0.5182392500509476,1214,1021,0.4554717750152843,1378,0.5616466272671693,0.44199999999999995,2.94839255499154,2.9967342554598386,6.414110429447852,2.043315521179654,6649.800000000001,9.094947017729282e-13,6649.8,6649.8,6649.800000000002,1.8189894035458565e-12,6649.800000000001,9.094947017729282e-13,27.902384348889342,20.726160271629713,32.61449554538888,19.038998385303028,0.13389036070919094,0.10393315671489708,0.09272467902995721,0.08661096392908091,0.07581006725086611,0.08498063990218056,0.0686773996331771,0.06521296107601386,0.056042388424699406,0.05441206439779906,0.0456490727532097,0.039739148155695944,0.033829223558182187,0.02343590788669248,0.017118402282453638,0.010189525168127165,0.0077440391277766455,0.8477101199539951,0.0369916734710837,0.0,0.0,0.0,0.0,0.0,0.0,0.0,0.0,0.0,0.0,0.0,0.0,0.0,0.0,0.0,0.0,0.0,0.0,0.0,0.0,0.006113715100876301,0.11004687181577341,0.4952109231709803,1.7057265131444823,7.330344405950684,12.679845119217447,5.5451395964948045,1.528428775219075,0.3973914815569595,0.20175259832891793,4.301085568326948,2.810368750266363,3.8181818181818183,2.668043721582441,0.8877251469486641,4.316228351507377,2.822422296894227,4.277258566978193,2.7971525282823695,0.9909713339157382,0.4314,0.01631,0.0,0.0,0.0,0.0,0.0,0.0,0.0,0.0,0.0,0.0,0.0,0.7336458121051549,15.65111065824333,13.107805176278788,0.5013246382718566,0.006113715100876301,0.0,0.0,0.0,0.0,0.0,0.0,0.0,0.0,0.0,0.0,0.0,0.0,0.0,0.0,nan,nan,4.2960505529225905,2.809350255280407,nan,0.4314,0.08875,0.0,0.0,0.0,0.0,0.0,0.0,0.0,0.0,0.0,0.0,0.0,0.0,0.0,0.0,0.0,0.0,0.0,0.0,0.0,0.0,0.0,6.1137151008763e-05,0.00034644385571632364,0.0,0.001232932545343387,0.000122274302017526,0.008559201141226819,0.007794986753617282,0.01171795394334624,0.014683105767271245,0.028418585693906664,0.023670266965559406,0.07128591807621765,0.025188506215610352,0.037120440187487266,0.024077847972284492,0.02031791318524557,0.021876910535969026,0.061626248216833095,0.023130222131648667,0.046036274709598535,0.0275320970042796,0.025575708171999185,0.015712247809252088,0.010372936621153454,0.028754840024454862,0.07011412268188302,0.04995924189932749,0.055563480741797434,0.022508661096392907,0.04384552679845119,0.04421234970450377,0.036855512533115954,0.04210311799470145,0.03219889953128184,0.010077440391277767,0.007570817199918484,0.00837578968820053,0.0034033014061544734,0.004350927246790299,0.0007642143876095374,0.004259221520277155,2.037905033625433e-05,0.0014367230487059303,0.011045445282249848,0.00755043814958223,0.0028021194212349706,0.0003566333808844508,0.003943346240065213,4.075810067250866e-05,0.0013755858976971674,5.0947625840635824e-05,0.0,0.0,0.0,0.0,0.0,0.0,0.0,0.0,0.0,0.0,0.0,0.0,0.0,0.0,0.0,0.0,0.0,0.0,0.0,0.0,0.0,0.0,0.0,0.0,0.0,0.0,0.0,0.0,0.0,nan,nan,4.2960505529225905,2.809350255280407,nan,0.8479993395387212,0.038192019389349595,0.0,0.0,0.0,0.0,0.0,0.0,0.0,0.0,0.0,0.0,0.0,0.0,0.0,0.0,0.0,0.0,0.0,0.0,0.0,0.0,0.0,0.15336217066456945,0.5544632324026741,1.6751867872591373,7.196224931183643,12.611089264648056,5.627211954384586,1.510027526543453,0.38930397168698394,0.28313016122689744,0.8473990009167877,0.03565273214814453,0.0,0.0,0.0,0.0,0.0,0.0,0.0,0.0,0.0,0.0,0.0,0.0,0.0,0.0,0.0,0.0,0.0,0.0,0.0,0.0,0.012690355329949242,0.0634517766497462,0.4314720812182742,1.7385786802030403,7.474619289340103,12.753807106598988,5.456852791878174,1.5482233502538074,0.40609137055837574,0.11421319796954317,0.4314,0.0163,0.0,0.0,0.0,0.0,0.0,0.0,0.0,0.0,0.0,0.0,0.0,0.6842312229650009,15.666535587888324,13.118364136846248,0.5308690523004327,0.0,0.0,0.0,0.0,0.0,0.0,0.0,0.0,0.0,0.0,0.0,0.0,0.0,0.0,0.0,0.4314,0.01633,0.0,0.0,0.0,0.0,0.0,0.0,0.0,0.0,0.0,0.0,0.0,0.7868020304568516,15.634517766497465,13.096446700507617,0.4695431472081219,0.012690355329949242,0.0,0.0,0.0,0.0,0.0,0.0,0.0,0.0,0.0,0.0,0.0,0.0,0.0,0.0
70200,4956,2469,0.49818401937046003,1153,1009,0.43623890234059726,1426,0.5754640839386602,0.46199999999999997,3.0028146361077606,3.153044386193396,6.740845070422536,2.192276934854586,6649.800000000001,9.094947017729282e-13,6649.8,6649.8,6649.800000000001,9.094947017729282e-13,6649.800000000001,9.094947017729282e-13,27.731234866828085,20.937703077894913,32.75319662243667,19.21967804518001,0.13861985472154964,0.10673930589184827,0.09564164648910412,0.08171912832929783,0.08434221146085553,0.07667473769168684,0.06497175141242938,0.06033091202582728,0.05488297013720742,0.05669895076674738,0.042776432606941084,0.043785310734463276,0.03268765133171913,0.023002421307506054,0.020782889426957222,0.009281678773204197,0.007062146892655367,0.8499855156070865,0.035314727950272504,0.0,0.0,0.0,0.0,0.0,0.0,0.0,0.0,0.0,0.0,0.0,0.0,0.0,0.0,0.0,0.0,0.0,0.0,0.0,0.0,0.012106537530266347,0.09685230024213078,0.3087167070217918,1.5314769975786877,6.8038740920096865,12.923728813559325,6.222760290556902,1.5435835351089593,0.3510895883777241,0.20581113801452788,4.46439923712651,2.8986105312063786,4.05,3.106042498099471,0.9071769312922748,4.448928121059269,2.9097786148639244,4.474683544303797,2.890401765881384,1.0057891299979906,0.432,0.01663,0.0,0.0,0.0,0.0,0.0,0.0,0.0,0.0,0.0,0.0,0.0,0.7929782082324445,15.460048426150124,13.165859564164652,0.5811138014527846,0.0,0.0,0.0,0.0,0.0,0.0,0.0,0.0,0.0,0.0,0.0,0.0,0.0,0.0,0.0,nan,nan,4.461781427668983,2.900153325109447,nan,0.432,0.0888,0.0,0.0,0.0,0.0,0.0,0.0,0.0,0.0,0.0,0.0,0.0,0.0,0.0,0.0,0.0,0.0,0.0,0.0,0.0,0.0,0.0,2.0177562550443908e-05,0.0002824858757062147,0.0,0.0014326069410815173,0.000423728813559322,0.008232445520581114,0.0077986279257465695,0.012832929782082324,0.014386602098466506,0.026937046004842615,0.024828490718321227,0.07198345439870864,0.023305084745762712,0.036067393058918484,0.023022598870056497,0.01948143664245359,0.023416061339790153,0.06351896690879742,0.022336561743341404,0.04541969330104923,0.028712671509281678,0.024364406779661018,0.014850686037126715,0.010583131557707829,0.0270682001614205,0.07081315577078288,0.050272397094430994,0.051624293785310735,0.02185230024213075,0.044763922518159804,0.04449152542372881,0.03864003228410008,0.043512913640032284,0.03389830508474576,0.011127925746569815,0.008353510895883777,0.008182001614205004,0.0035310734463276836,0.004993946731234867,0.0005952380952380953,0.0048224374495560935,2.0177562550443908e-05,0.0013619854721549636,0.01141041162227603,0.006194511702986279,0.002572639225181598,0.0002623083131557708,0.004096045197740113,4.0355125100887815e-05,0.001261097659402744,0.0,0.0,0.0,0.0,0.0,0.0,0.0,0.0,0.0,0.0,0.0,0.0,0.0,0.0,0.0,0.0,0.0,0.0,0.0,0.0,0.0,0.0,0.0,0.0,0.0,0.0,0.0,0.0,0.0,0.0,nan,nan,4.461781427668983,2.900153325109447,nan,0.8499889641746715,0.03498096640345451,0.0,0.0,0.0,0.0,0.0,0.0,0.0,0.0,0.0,0.0,0.0,0.0,0.0,0.0,0.0,0.0,0.0,0.0,0.0,0.0,0.012150668286755775,0.08505467800729043,0.31591737545565013,1.4823815309841994,6.840826245443501,12.952612393681655,6.318347509113003,1.458080194410693,0.31591737545565013,0.21871202916160393,0.8499820919989772,0.03564298215567323,0.0,0.0,0.0,0.0,0.0,0.0,0.0,0.0,0.0,0.0,0.0,0.0,0.0,0.0,0.0,0.0,0.0,0.0,0.0,0.0,0.012062726176115805,0.10856453558504224,0.3015681544028951,1.580217129071165,6.767189384800966,12.895054282267795,6.127864897466829,1.6284680337756336,0.38600723763570577,0.19300361881785288,0.432,0.01662,0.0,0.0,0.0,0.0,0.0,0.0,0.0,0.0,0.0,0.0,0.0,0.8019441069258797,15.431348724179832,13.183475091130015,0.5832320777642771,0.0,0.0,0.0,0.0,0.0,0.0,0.0,0.0,0.0,0.0,0.0,0.0,0.0,0.0,0.0,0.432,0.01666,0.0,0.0,0.0,0.0,0.0,0.0,0.0,0.0,0.0,0.0,0.0,0.784077201447526,15.488540410132693,13.148371531966227,0.5790108564535585,0.0,0.0,0.0,0.0,0.0,0.0,0.0,0.0,0.0,0.0,0.0,0.0,0.0,0.0,0.0
70300,4794,2426,0.5060492282019191,1138,952,0.4359616186900292,1372,0.5723821443471006,0.44599999999999995,2.964527027027027,2.9812916288576274,6.2122448979591836,2.033357799312504,6649.800000000001,9.094947017729282e-13,6649.8,6649.8,6649.800000000002,1.8189894035458565e-12,6649.800000000001,9.094947017729282e-13,28.32311222361285,21.09529256026311,33.20153313550939,19.360183467130405,0.13308302044221945,0.10221109720483938,0.09073842302878599,0.09324155193992491,0.07968293700458907,0.06946182728410513,0.0702962035878181,0.06195244055068836,0.05944931163954944,0.04943679599499374,0.04714226115978306,0.04234459741343346,0.03295786399666249,0.03024614100959533,0.019816437213183144,0.010638297872340425,0.0073007926574885276,0.8501676302006904,0.034047920104623645,0.0,0.0,0.0,0.0,0.0,0.0,0.0,0.0,0.0,0.0,0.0,0.0,0.0,0.0,0.0,0.0,0.0,0.0,0.0,0.0,0.0,0.06257822277847311,0.32540675844806016,1.5018773466833495,6.752190237797248,12.496871088861079,6.977471839799751,1.526908635794744,0.2565707133917397,0.10012515644555697,4.2612903225806456,2.7834971527888737,4.5,2.958039891549808,1.056018168054504,4.2650290885585,2.7211895752390713,4.260038240917782,2.8454904778830485,0.9988298209608684,0.432,0.01631,0.0,0.0,0.0,0.0,0.0,0.0,0.0,0.0,0.0,0.0,0.0,0.7822277847309125,15.475594493116398,13.197747183979978,0.544430538172716,0.0,0.0,0.0,0.0,0.0,0.0,0.0,0.0,0.0,0.0,0.0,0.0,0.0,0.0,0.0,nan,nan,4.2625160462130935,2.78447360993103,nan,0.432,0.0884,0.0,0.0,0.0,0.0,0.0,0.0,0.0,0.0,0.0,0.0,0.0,0.0,0.0,0.0,0.0,0.0,0.0,0.0,0.0,0.0,0.0,0.0,0.00026074259491030456,1.0429703796412182e-05,0.0014080100125156445,0.00031289111389236547,0.007332081768877764,0.007738840216937839,0.01300584063412599,0.014591155611180642,0.025083437630371297,0.026251564455569462,0.07067167292448895,0.025271172298706717,0.036264080100125155,0.022236128493950773,0.019680851063829788,0.022549019607843137,0.060742594910304544,0.02231956612432207,0.04803921568627451,0.03212348769294952,0.02558406341259908,0.014956195244055068,0.011211931581143095,0.028379224030037547,0.0682415519399249,0.04763245723821444,0.04827909887359199,0.022403003754693368,0.04702753441802253,0.047882770129328324,0.03952857738840217,0.04149979140592407,0.03230079265748853,0.011743846474760117,0.009584897788902796,0.007665832290362953,0.002920317062995411,0.004974968710888611,0.0004797663746349604,0.005183562786816855,6.257822277847309e-05,0.0015540258656654151,0.01047142261159783,0.006716729244889445,0.0032436378806841885,0.00012515644555694618,0.003097622027534418,6.257822277847309e-05,0.0012932832707551105,0.0,0.0,0.0,0.0,0.0,0.0,0.0,0.0,0.0,0.0,0.0,0.0,0.0,0.0,0.0,0.0,0.0,0.0,0.0,0.0,0.0,0.0,0.0,0.0,0.0,0.0,0.0,0.0,0.0,0.0,nan,nan,4.2625160462130935,2.78447360993103,nan,0.8501152835497655,0.03459028680520742,0.0,0.0,0.0,0.0,0.0,0.0,0.0,0.0,0.0,0.0,0.0,0.0,0.0,0.0,0.0,0.0,0.0,0.0,0.0,0.0,0.0,0.08656224237427868,0.33388293487221776,1.5210222588623201,6.788953009068427,12.53915910964551,6.826051112943118,1.4962901896125314,0.2844187963726299,0.12366034624896952,0.8502212589908693,0.03348307468600061,0.0,0.0,0.0,0.0,0.0,0.0,0.0,0.0,0.0,0.0,0.0,0.0,0.0,0.0,0.0,0.0,0.0,0.0,0.0,0.0,0.0,0.038006756756756764,0.316722972972973,1.482263513513509,6.714527027027029,12.4535472972973,7.132601351351353,1.5582770270270274,0.2280405405405406,0.07601351351351353,0.4316,0.01617,0.0,0.0,0.0,0.0,0.0,0.0,0.0,0.0,0.0,0.0,0.0,0.8903544929925791,15.445177246496293,13.14509480626546,0.5193734542456719,0.0,0.0,0.0,0.0,0.0,0.0,0.0,0.0,0.0,0.0,0.0,0.0,0.0,0.0,0.0,0.4321,0.01646,0.0,0.0,0.0,0.0,0.0,0.0,0.0,0.0,0.0,0.0,0.0,0.6714527027027017,15.50675675675676,13.251689189189193,0.5701013513513514,0.0,0.0,0.0,0.0,0.0,0.0,0.0,0.0,0.0,0.0,0.0,0.0,0.0,0.0,0.0
70400,4896,2517,0.5140931372549019,1151,1049,0.4493464052287582,1406,0.5743464052287581,0.44999999999999996,3.0063051702395964,3.0432572414158785,6.50506512301013,2.0074868089451923,6649.800000000001,9.094947017729282e-13,6649.8,6649.8,6649.800000000002,1.8189894035458565e-12,6649.800000000001,9.094947017729282e-13,27.74448529411765,20.656926424177954,32.68330087633885,18.878841487249954,0.1409313725490196,0.1002859477124183,0.09293300653594772,0.08700980392156862,0.0778186274509804,0.07679738562091504,0.07107843137254902,0.06066176470588235,0.05984477124183007,0.05514705882352941,0.04963235294117647,0.04044117647058824,0.030841503267973858,0.024918300653594773,0.015727124183006536,0.010008169934640522,0.005923202614379085,0.8494688222196951,0.03311414168056275,0.0,0.0,0.0,0.0,0.0,0.0,0.0,0.0,0.0,0.0,0.0,0.0,0.0,0.0,0.0,0.0,0.0,0.0,0.0,0.0,0.0,0.04289215686274511,0.2757352941176471,1.5257352941176423,6.672794117647061,13.321078431372552,6.488970588235295,1.3419117647058827,0.2205882352941177,0.11029411764705885,4.309386973180077,2.8062830904669114,5.461538461538462,3.455550376187108,1.2673585583121034,4.33735705209657,2.818285659183214,4.290897517504774,2.801979367042037,0.989288515094846,0.4324,0.0162,0.0,0.0,0.0,0.0,0.0,0.0,0.0,0.0,0.0,0.0,0.0,0.6311274509803912,14.87745098039216,13.93995098039216,0.5514705882352942,0.0,0.0,0.0,0.0,0.0,0.0,0.0,0.0,0.0,0.0,0.0,0.0,0.0,0.0,0.0,nan,nan,4.314149443561209,2.810248129049109,nan,0.4324,0.0878,0.0,0.0,0.0,0.0,0.0,0.0,0.0,0.0,0.0,0.0,0.0,0.0,0.0,0.0,0.0,0.0,0.0,0.0,0.0,0.0,0.0,0.0,0.0006433823529411765,0.0,0.001286764705882353,0.0004391339869281046,0.006668709150326797,0.007659313725490196,0.012091503267973857,0.014164624183006536,0.026031454248366014,0.02633782679738562,0.06445057189542483,0.026031454248366014,0.035988562091503265,0.023223039215686275,0.02010825163398693,0.023335375816993464,0.060784313725490195,0.02375408496732026,0.046864787581699346,0.03389501633986928,0.026174428104575164,0.01559436274509804,0.01045751633986928,0.02758374183006536,0.06584967320261438,0.04724264705882353,0.05266544117647059,0.021068218954248367,0.04673202614379085,0.04802900326797386,0.041156045751633986,0.04142156862745098,0.03254697712418301,0.012122140522875817,0.0109375,0.009834558823529412,0.0027675653594771243,0.0036151960784313727,0.0006331699346405229,0.004227941176470588,0.00013276143790849672,0.0016544117647058823,0.010580065359477125,0.006964869281045752,0.002338643790849673,4.0849673202614376e-05,0.002593954248366013,5.1062091503267975e-05,0.0011437908496732027,4.0849673202614376e-05,4.0849673202614376e-05,0.0,0.0,0.0,0.0,0.0,0.0,0.0,0.0,0.0,0.0,0.0,0.0,0.0,0.0,0.0,0.0,0.0,0.0,0.0,0.0,0.0,0.0,0.0,0.0,0.0,0.0,0.0,0.0,nan,nan,4.314149443561209,2.810248129049109,nan,0.8500727850101655,0.033260136785571465,0.0,0.0,0.0,0.0,0.0,0.0,0.0,0.0,0.0,0.0,0.0,0.0,0.0,0.0,0.0,0.0,0.0,0.0,0.0,0.0,0.0,0.04767580452920144,0.2383790226460072,1.4779499404052399,6.710369487485103,13.1942789034565,6.5792610250297985,1.4064362336114427,0.2383790226460072,0.10727056019070325,0.8488298250176717,0.032946922461190666,0.0,0.0,0.0,0.0,0.0,0.0,0.0,0.0,0.0,0.0,0.0,0.0,0.0,0.0,0.0,0.0,0.0,0.0,0.0,0.0,0.0,0.03783102143757882,0.3152585119798235,1.5762925598991122,6.633039092055487,13.455233291298867,6.393442622950821,1.273644388398487,0.20176544766708707,0.11349306431273647,0.4324,0.01617,0.0,0.0,0.0,0.0,0.0,0.0,0.0,0.0,0.0,0.0,0.0,0.6674612634088191,14.93444576877235,13.88557806912992,0.5125148986889154,0.0,0.0,0.0,0.0,0.0,0.0,0.0,0.0,0.0,0.0,0.0,0.0,0.0,0.0,0.0,0.4326,0.01622,0.0,0.0,0.0,0.0,0.0,0.0,0.0,0.0,0.0,0.0,0.0,0.5926860025220673,14.817150063051706,13.997477931904164,0.5926860025220682,0.0,0.0,0.0,0.0,0.0,0.0,0.0,0.0,0.0,0.0,0.0,0.0,0.0,0.0,0.0
70500,4698,2393,0.509365687526607,1116,952,0.44018731375053216,1311,0.558109833971903,0.478,2.9648590021691974,3.1166861523596663,6.738582677165354,1.9780706118656866,6649.800000000001,9.094947017729282e-13,6649.8,6649.8,6649.800000000001,9.094947017729282e-13,6649.800000000002,1.8189894035458565e-12,27.474457215836527,20.765980192308785,32.41412601626016,19.070332587779117,0.14410387398893146,0.10025542784163474,0.09301830566198382,0.09386973180076628,0.08088548318433376,0.07471264367816093,0.06641123882503193,0.05810983397190294,0.05704555129842486,0.05747126436781609,0.044487015751383564,0.042358450404427414,0.030438484461472966,0.023414218816517667,0.016602809706257982,0.009578544061302681,0.007237122179650915,0.848979532908967,0.03445569664828962,0.0,0.0,0.0,0.0,0.0,0.0,0.0,0.0,0.0,0.0,0.0,0.0,0.0,0.0,0.0,0.0,0.0,0.0,0.0,0.0,0.0,0.0446998722860792,0.280970625798212,1.660280970625793,7.215836526181356,12.835249042145596,5.964240102171138,1.5070242656449557,0.41507024265644965,0.07662835249042146,4.3759246805648955,2.886657163350906,3.75,2.0866640042581523,0.8569617335177502,4.328647925033467,2.8883315395226328,4.418230563002681,2.8792760633974597,1.0206952932002484,0.4329,0.0164,0.0,0.0,0.0,0.0,0.0,0.0,0.0,0.0,0.0,0.0,0.0,0.6194125159642392,14.72541507024266,13.997445721583656,0.657726692209451,0.0,0.0,0.0,0.0,0.0,0.0,0.0,0.0,0.0,0.0,0.0,0.0,0.0,0.0,0.0,nan,nan,4.3734092431346285,2.8841582165662305,nan,0.4329,0.0877,0.0,0.0,0.0,0.0,0.0,0.0,0.0,0.0,0.0,0.0,0.0,0.0,0.0,0.0,0.0,0.0,0.0,0.0,0.0,0.0,0.0,0.0,0.0006492124308216262,0.0,0.0022562792677735207,0.0008727117922520221,0.007620263942103023,0.008471690080885483,0.010344827586206896,0.01362281822051937,0.02481907194550873,0.026532567049808428,0.061206896551724135,0.02529799914857386,0.0353448275862069,0.024755214985100044,0.02050872711792252,0.023520647083865476,0.058120476798637716,0.025372498935717327,0.04578544061302682,0.03452532992762878,0.02598978288633461,0.015857811834823328,0.009397616006811408,0.027852277564921243,0.06711366538952745,0.049840357598978285,0.05589612601106854,0.020679012345679013,0.04774372073222648,0.05098978288633461,0.03793103448275862,0.039357173265219245,0.03065134099616858,0.013186462324393359,0.010504469987228609,0.010759897828863347,0.002820349084716901,0.0043316304810557685,0.0005534269902085995,0.0030119199659429546,0.00010642826734780758,0.0015219242230736483,0.010578969774372074,0.007886334610472542,0.0016815666240953598,0.0001277139208173691,0.0028629203916560237,0.00011707109408258834,0.0008939974457215837,7.449978714346531e-05,3.192848020434228e-05,0.0,0.0,0.0,2.1285653469561517e-05,0.0,0.0,0.0,0.0,0.0,0.0,0.0,0.0,0.0,0.0,0.0,0.0,0.0,0.0,0.0,0.0,0.0,0.0,0.0,0.0,0.0,0.0,0.0,0.0,nan,nan,4.3734092431346285,2.8841582165662305,nan,0.8494249057979002,0.03428704302236466,0.0,0.0,0.0,0.0,0.0,0.0,0.0,0.0,0.0,0.0,0.0,0.0,0.0,0.0,0.0,0.0,0.0,0.0,0.0,0.0,0.0,0.02507312996239031,0.21312160468031763,1.5921437526117794,7.760133723359801,12.223150856665276,6.1429168407856265,1.5670706226493945,0.37609694943585464,0.10029251984956124,0.848517156629914,0.03462385948197314,0.0,0.0,0.0,0.0,0.0,0.0,0.0,0.0,0.0,0.0,0.0,0.0,0.0,0.0,0.0,0.0,0.0,0.0,0.0,0.0,0.0,0.06507592190889372,0.3514099783080261,1.7310195227765672,6.650759219088939,13.470715835141,5.778741865509763,1.4446854663774407,0.4555314533622561,0.05206073752711498,0.4326,0.01625,0.0,0.0,0.0,0.0,0.0,0.0,0.0,0.0,0.0,0.0,0.0,0.6268282490597566,14.692854157960722,14.003343083994988,0.6769745089845385,0.0,0.0,0.0,0.0,0.0,0.0,0.0,0.0,0.0,0.0,0.0,0.0,0.0,0.0,0.0,0.4329,0.01657,0.0,0.0,0.0,0.0,0.0,0.0,0.0,0.0,0.0,0.0,0.0,0.6117136659436,14.759219088937096,13.991323210412151,0.6377440347071585,0.0,0.0,0.0,0.0,0.0,0.0,0.0,0.0,0.0,0.0,0.0,0.0,0.0,0.0,0.0
70600,4914,2536,0.5160765160765161,1230,988,0.45136345136345135,1382,0.5624745624745625,0.46199999999999997,3.0298570227081583,3.1119347671016926,6.5127478753541075,2.1535875823092936,6649.8,0.0,6649.8,6649.8,6649.800000000002,1.8189894035458565e-12,6649.800000000001,9.094947017729282e-13,28.215099715099715,20.833983577647928,33.048939247830276,19.071953445536465,0.13675213675213677,0.09706959706959707,0.08791208791208792,0.09177859177859178,0.08343508343508343,0.07224257224257224,0.07285307285307285,0.06328856328856329,0.052503052503052504,0.0582010582010582,0.05026455026455026,0.04253154253154253,0.02971102971102971,0.026251526251526252,0.01628001628001628,0.0115995115995116,0.007326007326007326,0.8504749824227382,0.03403987659494335,0.0,0.0,0.0,0.0,0.0,0.0,0.0,0.0,0.0,0.0,0.0,0.0,0.0,0.0,0.0,0.0,0.0,0.0,0.0,0.0,0.0,0.01831501831501832,0.3113553113553114,1.483516483516479,6.654456654456656,13.089133089133092,6.477411477411479,1.5018315018315023,0.3601953601953603,0.1037851037851038,4.245377624569101,2.8796430125364085,4.357142857142857,2.8687265182890287,1.0263263347710088,4.21608040201005,2.891426021143645,4.2752634841909485,2.8675864564031577,1.0140374652610236,0.4329,0.016,0.0,0.0,0.0,0.0,0.0,0.0,0.0,0.0,0.0,0.0,0.0,0.5433455433455426,14.725274725274728,14.188034188034191,0.5433455433455434,0.0,0.0,0.0,0.0,0.0,0.0,0.0,0.0,0.0,0.0,0.0,0.0,0.0,0.0,0.0,nan,nan,4.245865834633386,2.879604850378633,nan,0.4329,0.08777,0.0,0.0,0.0,0.0,0.0,0.0,0.0,0.0,0.0,0.0,0.0,0.0,0.0,0.0,0.0,0.0,0.0,0.0,0.0,0.0,0.0,0.0,0.0006308506308506308,0.0,0.0024623524623524624,0.0011294261294261295,0.007346357346357346,0.008892958892958894,0.009676434676434677,0.013502238502238502,0.025712250712250712,0.028052503052503053,0.062108262108262105,0.024888074888074888,0.03156288156288156,0.025956450956450956,0.02140822140822141,0.02313797313797314,0.057824582824582825,0.026251526251526252,0.04316239316239316,0.030118030118030117,0.0272995522995523,0.01565934065934066,0.010714285714285714,0.02911070411070411,0.06942409442409442,0.05128205128205128,0.05585063085063085,0.018966218966218966,0.04527879527879528,0.05059015059015059,0.04034391534391534,0.039947089947089946,0.03016890516890517,0.013064713064713065,0.011284086284086284,0.01106023606023606,0.0028184778184778183,0.004833129833129833,0.0005189255189255189,0.002258852258852259,0.00017297517297517297,0.001617826617826618,0.010164835164835165,0.008231583231583232,0.0014245014245014246,0.0001628001628001628,0.0025844525844525845,0.0001221001221001221,0.0011396011396011395,8.14000814000814e-05,0.0,0.0,0.0,0.0,0.0,0.0,0.0,0.0,0.0,0.0,0.0,0.0,0.0,0.0,0.0,0.0,0.0,0.0,0.0,0.0,0.0,0.0,0.0,0.0,0.0,0.0,0.0,0.0,0.0,nan,nan,4.245865834633386,2.879604850378633,nan,0.8500655811714826,0.03440920630429482,0.0,0.0,0.0,0.0,0.0,0.0,0.0,0.0,0.0,0.0,0.0,0.0,0.0,0.0,0.0,0.0,0.0,0.0,0.0,0.0,0.0,0.0,0.34305993690851744,1.549684542586746,6.6364353312302855,13.11908517350158,6.435331230283913,1.384069400630915,0.4022082018927446,0.1301261829652997,0.8509115852710076,0.03363605013564091,0.0,0.0,0.0,0.0,0.0,0.0,0.0,0.0,0.0,0.0,0.0,0.0,0.0,0.0,0.0,0.0,0.0,0.0,0.0,0.0,0.0,0.03784693019343987,0.27754415475189237,1.4129520605550838,6.673675357443231,13.057190916736756,6.522287636669471,1.6274179983179147,0.31539108494533225,0.07569386038687974,0.433,0.0161,0.0,0.0,0.0,0.0,0.0,0.0,0.0,0.0,0.0,0.0,0.0,0.5205047318611981,14.633280757097795,14.290220820189278,0.5559936908517351,0.0,0.0,0.0,0.0,0.0,0.0,0.0,0.0,0.0,0.0,0.0,0.0,0.0,0.0,0.0,0.4326,0.01588,0.0,0.0,0.0,0.0,0.0,0.0,0.0,0.0,0.0,0.0,0.0,0.5677039529015971,14.823380992430618,14.079058031959633,0.5298570227081583,0.0,0.0,0.0,0.0,0.0,0.0,0.0,0.0,0.0,0.0,0.0,0.0,0.0,0.0,0.0
70700,4912,2474,0.5036644951140065,1141,1004,0.436685667752443,1390,0.5659609120521173,0.46199999999999997,2.883921246923708,3.046814775465761,6.569908814589666,2.046304473377373,6649.800000000001,9.094947017729282e-13,6649.8,6649.8,6649.800000000001,9.094947017729282e-13,6649.800000000001,9.094947017729282e-13,27.58387622149837,20.905097346643156,32.6411506582155,19.173511496159044,0.14556188925081434,0.09833061889250815,0.09690553745928339,0.08509771986970684,0.08224755700325732,0.07776872964169382,0.06718241042345277,0.059039087947882735,0.05822475570032573,0.05150651465798046,0.04743485342019544,0.0368485342019544,0.031148208469055375,0.026465798045602607,0.018322475570032574,0.012214983713355049,0.005700325732899023,0.8512591455702091,0.03436759480878841,0.0,0.0,0.0,0.0,0.0,0.0,0.0,0.0,0.0,0.0,0.0,0.0,0.0,0.0,0.0,0.0,0.0,0.0,0.0,0.0,0.0,0.03053745928338763,0.34201954397394146,1.5207654723126989,6.406758957654724,12.654723127035833,6.877035830618894,1.7467426710097724,0.3664495114006516,0.05496742671009773,4.326774193548387,2.7790679420321482,4.333333333333333,3.1446603773522015,1.0015159422450854,4.370442708333333,2.7911478955516964,4.284263959390863,2.769560080035171,0.9802814600959877,0.4324,0.0163,0.0,0.0,0.0,0.0,0.0,0.0,0.0,0.0,0.0,0.0,0.0,0.6840390879478817,14.914495114006519,13.888436482084694,0.5130293159609122,0.0,0.0,0.0,0.0,0.0,0.0,0.0,0.0,0.0,0.0,0.0,0.0,0.0,0.0,0.0,nan,nan,4.326799485861183,2.780570032438558,nan,0.4324,0.0878,0.0,0.0,0.0,0.0,0.0,0.0,0.0,0.0,0.0,0.0,0.0,0.0,0.0,0.0,0.0,0.0,0.0,0.0,0.0,0.0,0.0,0.0,0.000376628664495114,0.0,0.0023412052117263845,0.000997557003257329,0.00765472312703583,0.009853420195439739,0.01073900651465798,0.013528094462540717,0.025213762214983712,0.028745928338762217,0.06405741042345277,0.024348534201954396,0.029947068403908796,0.025244299674267102,0.021172638436482084,0.023819218241042345,0.05857084690553746,0.02550895765472313,0.04251832247557003,0.02992671009771987,0.027351384364820847,0.016408794788273614,0.012479641693811074,0.029427931596091205,0.0685871335504886,0.049297638436482084,0.054967426710097717,0.019370928338762215,0.04738395765472313,0.049857491856677524,0.039291530944625404,0.03845684039087948,0.03145358306188925,0.013528094462540717,0.010708469055374592,0.01154315960912052,0.00256514657980456,0.005038680781758957,0.0003257328990228013,0.002147801302931596,0.0002544788273615635,0.0015370521172638437,0.010352198697068405,0.0076649022801302934,0.0014454397394136809,0.000244299674267101,0.0023412052117263845,9.161237785016286e-05,0.001109527687296417,0.00020358306188925082,0.0,0.0,0.0,0.0,0.0,0.0,0.0,0.0,0.0,0.0,0.0,0.0,0.0,0.0,0.0,0.0,0.0,0.0,0.0,0.0,0.0,0.0,0.0,0.0,0.0,0.0,0.0,0.0,0.0,nan,nan,4.326799485861183,2.780570032438558,nan,0.8509102818603562,0.034383582648255785,0.0,0.0,0.0,0.0,0.0,0.0,0.0,0.0,0.0,0.0,0.0,0.0,0.0,0.0,0.0,0.0,0.0,0.0,0.0,0.0,0.0,0.024252223120452714,0.32740501212611167,1.6248989490703265,6.317704122877932,12.853678253839938,6.729991915925628,1.734033953112369,0.33953112368633803,0.04850444624090543,0.851613160672004,0.034347741260288944,0.0,0.0,0.0,0.0,0.0,0.0,0.0,0.0,0.0,0.0,0.0,0.0,0.0,0.0,0.0,0.0,0.0,0.0,0.0,0.0,0.0,0.036915504511895,0.3568498769483184,1.415094339622637,6.497128794093521,12.452830188679249,7.026251025430683,1.7596390484003286,0.3937653814602134,0.06152584085315834,0.4324,0.01633,0.0,0.0,0.0,0.0,0.0,0.0,0.0,0.0,0.0,0.0,0.0,0.8245755860953908,15.036378334680682,13.666127728375104,0.4729183508488279,0.0,0.0,0.0,0.0,0.0,0.0,0.0,0.0,0.0,0.0,0.0,0.0,0.0,0.0,0.0,0.4326,0.01625,0.0,0.0,0.0,0.0,0.0,0.0,0.0,0.0,0.0,0.0,0.0,0.5414273995077925,14.790812141099265,14.114027891714523,0.553732567678425,0.0,0.0,0.0,0.0,0.0,0.0,0.0,0.0,0.0,0.0,0.0,0.0,0.0,0.0,0.0
70800,4862,2510,0.516248457424928,1153,999,0.44261620732208967,1395,0.5738379267791033,0.44999999999999996,3.0170068027210886,2.9944193933641103,6.464128843338214,1.893145204479624,6649.800000000001,9.094947017729282e-13,6649.8,6649.8,6649.800000000001,9.094947017729282e-13,6649.8,0.0,28.26347182229535,21.014947827869346,33.23856129190115,19.22205121556462,0.13780337309749074,0.10119292472233649,0.08782394076511724,0.08802961744138214,0.08144796380090498,0.076717400246812,0.06375976964212259,0.06437679967091732,0.056355409296585765,0.05429864253393665,0.046688605512134926,0.040106951871657755,0.03866721513780337,0.02653229123817359,0.0195392842451666,0.011312217194570135,0.0053475935828877,0.8517840817625854,0.03545238609118012,0.0,0.0,0.0,0.0,0.0,0.0,0.0,0.0,0.0,0.0,0.0,0.0,0.0,0.0,0.0,0.0,0.0,0.0,0.0,0.0,0.0,0.07404360345536817,0.3331962155491568,1.4561908679555693,6.466474701768821,12.482517482517485,6.855203619909504,1.770876182640889,0.46894282188399844,0.09255450431921022,4.316730523627076,2.735101481686182,4.545454545454546,2.7916640968698343,1.0529854760623991,4.32579185520362,2.746779380488922,4.311138767890479,2.724708968782585,0.9966126231211254,0.4326,0.01646,0.0,0.0,0.0,0.0,0.0,0.0,0.0,0.0,0.0,0.0,0.0,0.7157548334018912,14.88893459481695,13.846153846153848,0.549156725627314,0.0,0.0,0.0,0.0,0.0,0.0,0.0,0.0,0.0,0.0,0.0,0.0,0.0,0.0,0.0,nan,nan,4.318325935320228,2.7355663044431213,nan,0.4326,0.08826,0.0,0.0,0.0,0.0,0.0,0.0,0.0,0.0,0.0,0.0,0.0,0.0,0.0,0.0,0.0,0.0,0.0,0.0,0.0,0.0,0.0,0.0,0.00029823118058412175,0.0,0.00204648292883587,0.0013986013986013986,0.007455779514603044,0.010808309337721103,0.011394487865076101,0.012443438914027148,0.025637597696421224,0.029308926367749896,0.06273138626079802,0.024712052653229125,0.02972027972027972,0.025915261209378856,0.02313862607980255,0.023755656108597284,0.05943027560674619,0.02446524064171123,0.04139243109831345,0.027900041135335254,0.0272110242698478,0.01695804195804196,0.011538461538461539,0.030738379267791032,0.06786301933360757,0.047120526532291235,0.05665364047716989,0.019004524886877826,0.0479020979020979,0.05114150555327026,0.0379062114356232,0.03647675853558206,0.0318593171534348,0.013225010283833813,0.011363636363636364,0.011970382558617853,0.003362813656931304,0.005440148087206911,0.00021596051007815713,0.0026429452900041134,0.00018510900863842042,0.0015528589058000824,0.010222130810366105,0.007867132867132868,0.0009563965446318387,0.0006273138626079803,0.0026223776223776225,0.00019539284245166598,0.0011106540518305225,9.255450431921021e-05,2.0567667626491154e-05,0.0,0.0,0.0,0.0,0.0,0.0,0.0,0.0,0.0,0.0,0.0,0.0,0.0,0.0,0.0,0.0,0.0,0.0,0.0,0.0,0.0,0.0,0.0,0.0,0.0,0.0,0.0,0.0,nan,nan,4.318325935320228,2.7355663044431213,nan,0.8510255741883084,0.03512511066748431,0.0,0.0,0.0,0.0,0.0,0.0,0.0,0.0,0.0,0.0,0.0,0.0,0.0,0.0,0.0,0.0,0.0,0.0,0.0,0.0,0.0,0.08366533864541835,0.2988047808764941,1.553784860557764,6.5378486055776905,12.442231075697213,6.860557768924304,1.709163346613546,0.44223107569721126,0.07171314741035857,0.852593543502141,0.035780615125027185,0.0,0.0,0.0,0.0,0.0,0.0,0.0,0.0,0.0,0.0,0.0,0.0,0.0,0.0,0.0,0.0,0.0,0.0,0.0,0.0,0.0,0.06377551020408165,0.3698979591836736,1.3520408163265263,6.390306122448981,12.525510204081636,6.849489795918369,1.8367346938775515,0.4974489795918368,0.11479591836734697,0.4324,0.01663,0.0,0.0,0.0,0.0,0.0,0.0,0.0,0.0,0.0,0.0,0.0,0.7768924302788833,14.880478087649406,13.756972111553788,0.5856573705179284,0.0,0.0,0.0,0.0,0.0,0.0,0.0,0.0,0.0,0.0,0.0,0.0,0.0,0.0,0.0,0.4326,0.0163,0.0,0.0,0.0,0.0,0.0,0.0,0.0,0.0,0.0,0.0,0.0,0.6505102040816317,14.897959183673473,13.941326530612248,0.5102040816326532,0.0,0.0,0.0,0.0,0.0,0.0,0.0,0.0,0.0,0.0,0.0,0.0,0.0,0.0,0.0
70900,4998,2528,0.5058023209283713,1193,1007,0.44017607042817125,1435,0.5742296918767507,0.45399999999999996,2.9408906882591093,2.9561827092930177,6.205059920106525,2.027908071932055,6649.800000000002,1.8189894035458565e-12,6649.8,6649.8,6649.800000000002,1.8189894035458565e-12,6649.800000000001,9.094947017729282e-13,28.07262905162065,21.064890670934986,33.087309160305345,19.300370581712745,0.14105642256902762,0.09923969587835134,0.0940376150460184,0.08703481392557023,0.08323329331732693,0.0662264905962385,0.06922769107643058,0.062224889955982396,0.060024009603841535,0.053621448579431776,0.04581832733093237,0.040016006402561026,0.033813525410164066,0.027410964385754303,0.01800720288115246,0.011604641856742696,0.007402961184473789,0.8535033914865423,0.034611081683059465,0.0,0.0,0.0,0.0,0.0,0.0,0.0,0.0,0.0,0.0,0.0,0.0,0.0,0.0,0.0,0.0,0.0,0.0,0.0,0.0,0.018007202881152463,0.07803121248499402,0.35414165666266517,1.1704681872749063,5.8343337334933985,12.68307322929172,7.581032412965188,1.7647058823529416,0.3961584633853542,0.1200480192076831,4.339057133936934,2.7781867393515616,4.6,2.6907248094147422,1.0601381493740105,4.311576354679803,2.7382015560238337,4.370231394621639,2.8169973474028227,1.0136040823858241,0.4324,0.01642,0.0,0.0,0.0,0.0,0.0,0.0,0.0,0.0,0.0,0.0,0.0,0.786314525810323,14.92196878751501,13.829531812725094,0.4621848739495799,0.0,0.0,0.0,0.0,0.0,0.0,0.0,0.0,0.0,0.0,0.0,0.0,0.0,0.0,0.0,nan,nan,4.3406763884579584,2.777728081303526,nan,0.4324,0.0882,0.0,0.0,0.0,0.0,0.0,0.0,0.0,0.0,0.0,0.0,0.0,0.0,0.0,0.0,0.0,0.0,0.0,0.0,0.0,0.0,0.0,0.0,0.00019007603041216485,1.0004001600640255e-05,0.002390956382553021,0.001600640256102441,0.007693077230892357,0.010084033613445379,0.011944777911164465,0.013485394157663064,0.02622048819527811,0.029751900760304123,0.06213485394157663,0.026410564225690276,0.026390556222488995,0.025710284113645458,0.02409963985594238,0.024819927971188475,0.05817326930772309,0.024759903961584635,0.042837134853941576,0.02421968787515006,0.026810724289715888,0.01682673069227691,0.010604241696678672,0.02969187675070028,0.06852741096438575,0.04888955582232893,0.056052420968387355,0.018697478991596638,0.04848939575830332,0.052130852340936375,0.03728491396558623,0.038495398159263707,0.030442176870748298,0.01442577030812325,0.011834733893557423,0.012444977991196478,0.003321328531412565,0.005762304921968787,0.00019007603041216485,0.002110844337735094,0.00028011204481792715,0.0015106042416966788,0.01012404961984794,0.006972789115646258,0.0011804721888755503,0.0007903161264505803,0.0023609443777511006,9.00360144057623e-05,0.0006302521008403362,9.00360144057623e-05,1.0004001600640255e-05,0.0,0.0,0.0,0.0,0.0,0.0,0.0,0.0,0.0,0.0,0.0,0.0,0.0,0.0,0.0,0.0,0.0,0.0,0.0,0.0,0.0,0.0,0.0,0.0,0.0,0.0,0.0,0.0,nan,nan,4.3406763884579584,2.777728081303526,nan,0.8532351141536161,0.03546196068344199,0.0,0.0,0.0,0.0,0.0,0.0,0.0,0.0,0.0,0.0,0.0,0.0,0.0,0.0,0.0,0.0,0.0,0.0,0.0,0.0,0.03560126582278481,0.10680379746835446,0.4153481012658229,1.1629746835443002,5.76740506329114,12.721518987341774,7.464398734177217,1.8037974683544307,0.3678797468354431,0.15427215189873422,0.8537779684491485,0.03371578516838839,0.0,0.0,0.0,0.0,0.0,0.0,0.0,0.0,0.0,0.0,0.0,0.0,0.0,0.0,0.0,0.0,0.0,0.0,0.0,0.0,0.0,0.04858299595141702,0.29149797570850206,1.1781376518218587,5.902834008097168,12.643724696356278,7.7004048582995965,1.724696356275304,0.42510121457489886,0.08502024291497978,0.4326,0.01636,0.0,0.0,0.0,0.0,0.0,0.0,0.0,0.0,0.0,0.0,0.0,0.6645569620253154,15.130537974683547,13.67088607594937,0.5340189873417722,0.0,0.0,0.0,0.0,0.0,0.0,0.0,0.0,0.0,0.0,0.0,0.0,0.0,0.0,0.0,0.4321,0.01648,0.0,0.0,0.0,0.0,0.0,0.0,0.0,0.0,0.0,0.0,0.0,0.9109311740890675,14.708502024291501,13.9919028340081,0.38866396761133615,0.0,0.0,0.0,0.0,0.0,0.0,0.0,0.0,0.0,0.0,0.0,0.0,0.0,0.0,0.0
71000,4675,2396,0.5125133689839573,1104,974,0.4444919786096257,1348,0.5766844919786096,0.45399999999999996,2.955243527863098,2.9843407930756602,6.345864661654136,1.9911273595967336,6649.800000000002,1.8189894035458565e-12,6649.8,6649.8,6649.800000000002,1.8189894035458565e-12,6649.800000000001,9.094947017729282e-13,28.489197860962566,21.10858205221205,33.4579415501906,19.3076924010025,0.13775401069518717,0.08983957219251337,0.1013903743315508,0.0825668449197861,0.08064171122994652,0.07572192513368985,0.06566844919786097,0.06609625668449198,0.05411764705882353,0.05411764705882353,0.0506951871657754,0.04320855614973262,0.03486631016042781,0.023315508021390374,0.01967914438502674,0.012620320855614974,0.007700534759358289,0.8521970051750142,0.03420569206409336,0.0,0.0,0.0,0.0,0.0,0.0,0.0,0.0,0.0,0.0,0.0,0.0,0.0,0.0,0.0,0.0,0.0,0.0,0.0,0.0,0.012834224598930485,0.07700534759358289,0.30802139037433157,1.334759358288766,5.987165775401071,13.103743315508025,7.167914438502676,1.5529411764705887,0.34010695187165785,0.11550802139037436,4.281002638522428,2.7541397092833932,3.8666666666666667,2.6042699979499484,0.9032152028762197,4.324983520105471,2.75604245663964,4.234139960758665,2.7510837265347714,0.9789956287869068,0.433,0.01645,0.0,0.0,0.0,0.0,0.0,0.0,0.0,0.0,0.0,0.0,0.0,0.6417112299465231,14.740106951871661,14.002139037433158,0.6160427807486631,0.0,0.0,0.0,0.0,0.0,0.0,0.0,0.0,0.0,0.0,0.0,0.0,0.0,0.0,0.0,nan,nan,4.278962914341975,2.753574609228621,nan,0.433,0.0889,0.0,0.0,0.0,0.0,0.0,0.0,0.0,0.0,0.0,0.0,0.0,0.0,0.0,0.0,0.0,0.0,0.0,0.0,0.0,0.0,0.0,0.0,0.00027807486631016044,0.0,0.002160427807486631,0.0025454545454545456,0.008064171122994653,0.010181818181818183,0.010085561497326203,0.012288770053475936,0.02766844919786096,0.03281283422459893,0.06190374331550802,0.02706951871657754,0.023711229946524064,0.025775401069518717,0.02477005347593583,0.024288770053475937,0.05216042780748663,0.02546524064171123,0.04413903743315508,0.024941176470588234,0.025636363636363638,0.017914438502673796,0.011368983957219251,0.028320855614973262,0.06528342245989305,0.049529411764705884,0.05666310160427807,0.0193048128342246,0.04585026737967914,0.05163636363636363,0.039058823529411764,0.03888770053475936,0.03317647058823529,0.013903743315508022,0.01229946524064171,0.01427807486631016,0.004566844919786096,0.005786096256684492,0.00013903743315508022,0.0019144385026737968,0.0006310160427807486,0.0013582887700534759,0.009540106951871657,0.007561497326203209,0.0010695187165775401,0.0006737967914438503,0.0023636363636363638,6.41711229946524e-05,0.0007379679144385026,0.00017112299465240642,0.0,0.0,0.0,0.0,0.0,0.0,0.0,0.0,0.0,0.0,0.0,0.0,0.0,0.0,0.0,0.0,0.0,0.0,0.0,0.0,0.0,0.0,0.0,0.0,0.0,0.0,0.0,0.0,0.0,nan,nan,4.278962914341975,2.753574609228621,nan,0.8526860728785272,0.034338915921237834,0.0,0.0,0.0,0.0,0.0,0.0,0.0,0.0,0.0,0.0,0.0,0.0,0.0,0.0,0.0,0.0,0.0,0.0,0.0,0.0,0.012520868113522541,0.07512520868113523,0.2754590984974959,1.2896494156928173,5.922370617696162,13.209515859766281,7.174457429048416,1.4774624373956597,0.45075125208681144,0.11268781302170286,0.8516828295639494,0.034057494612923934,0.0,0.0,0.0,0.0,0.0,0.0,0.0,0.0,0.0,0.0,0.0,0.0,0.0,0.0,0.0,0.0,0.0,0.0,0.0,0.0,0.013163668275559459,0.07898200965335675,0.34225537516454596,1.3821851689337386,6.055287406757351,12.992540587977187,7.161035541904345,1.632294866169373,0.2237823606845108,0.11847301448003512,0.4326,0.01639,0.0,0.0,0.0,0.0,0.0,0.0,0.0,0.0,0.0,0.0,0.0,0.601001669449081,15.28797996661102,13.522537562604343,0.5884808013355594,0.0,0.0,0.0,0.0,0.0,0.0,0.0,0.0,0.0,0.0,0.0,0.0,0.0,0.0,0.0,0.4333,0.01651,0.0,0.0,0.0,0.0,0.0,0.0,0.0,0.0,0.0,0.0,0.0,0.6845107503290907,14.164107064501978,14.506362439666523,0.6450197455024135,0.0,0.0,0.0,0.0,0.0,0.0,0.0,0.0,0.0,0.0,0.0,0.0,0.0,0.0,0.0
71100,4532,2317,0.5112533097969991,1127,958,0.46006178287731686,1302,0.5745807590467784,0.474,2.999548532731377,3.1208177105018198,6.617845117845118,2.221812149696002,6649.800000000002,1.8189894035458565e-12,6649.8,6649.8,6649.800000000001,9.094947017729282e-13,6649.800000000001,9.094947017729282e-13,27.65379523389232,20.614403211184765,32.64355391510678,18.82661312320422,0.1414386584289497,0.09796999117387467,0.09686672550750221,0.08649602824360106,0.07766990291262135,0.07590467784642542,0.07105030891438659,0.06641659311562224,0.0589143865842895,0.05516328331862312,0.04655781112091792,0.03508384819064431,0.0324360105913504,0.026257722859664608,0.01654898499558694,0.009708737864077669,0.005516328331862313,0.853051496427983,0.034172690584993004,0.0,0.0,0.0,0.0,0.0,0.0,0.0,0.0,0.0,0.0,0.0,0.0,0.0,0.0,0.0,0.0,0.0,0.0,0.0,0.0,0.0,0.01985878199470433,0.19196822594880852,1.3834951456310638,6.315092674315977,12.769196822594884,6.97043248014122,1.8402471315092679,0.33759929390997356,0.17210944395410419,4.376672384219554,2.9279755340511944,3.6,3.2,0.8225427182944035,4.267615176151762,2.902350697291385,4.4854570637119116,2.9512069222638337,1.0510453446640389,0.434,0.01611,0.0,0.0,0.0,0.0,0.0,0.0,0.0,0.0,0.0,0.0,0.0,0.48984995586937263,13.874669020300091,15.013239187996472,0.6222418358340689,0.0,0.0,0.0,0.0,0.0,0.0,0.0,0.0,0.0,0.0,0.0,0.0,0.0,0.0,0.0,nan,nan,4.375342465753425,2.9286389761423686,nan,0.434,0.08826,0.0,0.0,0.0,0.0,0.0,0.0,0.0,0.0,0.0,0.0,0.0,0.0,0.0,0.0,0.0,0.0,0.0,0.0,0.0,0.0,0.0,0.0,0.0002537511032656664,0.0,0.0018976169461606355,0.0024492497793468667,0.007226390114739629,0.010028684907325685,0.00720432480141218,0.0117828773168579,0.026941747572815533,0.03503971756398941,0.0616063548102383,0.02616946160635481,0.024293909973521623,0.024635922330097086,0.027030008826125333,0.024602824360105913,0.051202559576345986,0.026345984112974404,0.04329214474845543,0.025319947043248015,0.02366504854368932,0.018214916151809354,0.011749779346866725,0.027658870255957636,0.06511473962930274,0.05044130626654898,0.055549426301853486,0.019075463371579875,0.046844660194174756,0.051820388349514565,0.04259708737864078,0.04080979699911739,0.031950573698146516,0.013967343336275376,0.012720653133274492,0.01510370697263901,0.004291703442188879,0.005979699911738747,0.0002537511032656664,0.001676963812886143,0.0007171226831421007,0.0011915269196822594,0.008649602824360106,0.007303618711385702,0.001235657546337158,0.0007502206531332745,0.0026147396293027363,4.41306266548985e-05,0.0006288614298323036,5.5163283318623126e-05,0.0,0.0,0.0,0.0,0.0,0.0,0.0,0.0,0.0,0.0,0.0,0.0,0.0,0.0,0.0,0.0,0.0,0.0,0.0,0.0,0.0,0.0,0.0,0.0,0.0,0.0,0.0,0.0,0.0,nan,nan,4.375342465753425,2.9286389761423686,nan,0.8532512203135468,0.034098143813537915,0.0,0.0,0.0,0.0,0.0,0.0,0.0,0.0,0.0,0.0,0.0,0.0,0.0,0.0,0.0,0.0,0.0,0.0,0.0,0.0,0.0,0.012947777298230474,0.18126888217522663,1.294777729823043,6.396201985325854,12.740612861458786,6.978851963746225,1.8126888217522663,0.3884333189469142,0.1942166594734571,0.8528425753251155,0.03424925023009268,0.0,0.0,0.0,0.0,0.0,0.0,0.0,0.0,0.0,0.0,0.0,0.0,0.0,0.0,0.0,0.0,0.0,0.0,0.0,0.0,0.0,0.027088036117381496,0.20316027088036123,1.4762979683972868,6.230248306997744,12.799097065462757,6.961625282167044,1.8690744920993232,0.2844243792325057,0.14898419864559823,0.4338,0.01598,0.0,0.0,0.0,0.0,0.0,0.0,0.0,0.0,0.0,0.0,0.0,0.46611998273629623,13.815278377211914,15.252481657315498,0.466119982736297,0.0,0.0,0.0,0.0,0.0,0.0,0.0,0.0,0.0,0.0,0.0,0.0,0.0,0.0,0.0,0.4343,0.01625,0.0,0.0,0.0,0.0,0.0,0.0,0.0,0.0,0.0,0.0,0.0,0.5146726862302475,13.93679458239278,14.762979683972915,0.7855530474040634,0.0,0.0,0.0,0.0,0.0,0.0,0.0,0.0,0.0,0.0,0.0,0.0,0.0,0.0,0.0
71200,4656,2398,0.5150343642611683,1110,966,0.44587628865979384,1325,0.5691580756013745,0.44599999999999995,2.9610274579273694,3.0185850673472907,6.489566613162118,2.0364583011927535,6649.800000000001,9.094947017729282e-13,6649.8,6649.8,6649.800000000001,9.094947017729282e-13,6649.800000000002,1.8189894035458565e-12,28.1069587628866,20.860127449547328,32.82369355657027,19.191341188577514,0.13445017182130584,0.10395189003436427,0.09815292096219931,0.07624570446735396,0.08397766323024054,0.07689003436426117,0.06572164948453608,0.06400343642611683,0.059278350515463915,0.05262027491408935,0.05240549828178694,0.040807560137457045,0.02620274914089347,0.028780068728522335,0.01997422680412371,0.011168384879725086,0.0053694158075601375,0.8518471515951902,0.035013512077913915,0.0,0.0,0.0,0.0,0.0,0.0,0.0,0.0,0.0,0.0,0.0,0.0,0.0,0.0,0.0,0.0,0.0,0.0,0.0,0.0,0.012886597938144333,0.07087628865979383,0.2835051546391753,1.4432989690721605,6.320876288659796,12.9639175257732,6.681701030927837,1.6172680412371139,0.4574742268041238,0.14819587628865982,4.409610215053763,2.846881260710363,4.5625,2.3708845922988324,1.0346719500114303,4.413157894736842,2.790790404228238,4.407608695652174,2.899052832416439,0.9987425786212439,0.4346,0.01682,0.0,0.0,0.0,0.0,0.0,0.0,0.0,0.0,0.0,0.0,0.0,0.6121134020618548,13.3569587628866,15.180412371134024,0.850515463917526,0.0,0.0,0.0,0.0,0.0,0.0,0.0,0.0,0.0,0.0,0.0,0.0,0.0,0.0,0.0,nan,nan,4.410427807486631,2.844569519770897,nan,0.4346,0.0888,0.0,0.0,0.0,0.0,0.0,0.0,0.0,0.0,0.0,0.0,0.0,0.0,0.0,0.0,0.0,0.0,0.0,0.0,0.0,0.0,0.0,0.0,0.00031142611683848795,3.2216494845360825e-05,0.0020940721649484535,0.0016645189003436426,0.007066151202749141,0.010738831615120275,0.008054123711340205,0.012145618556701031,0.02773840206185567,0.0352770618556701,0.06323024054982818,0.026428264604810996,0.02347508591065292,0.0234643470790378,0.02544029209621993,0.022927405498281785,0.050042955326460484,0.026331615120274914,0.04292310996563574,0.023990549828178696,0.023324742268041238,0.018094931271477665,0.011469072164948453,0.02850085910652921,0.06397121993127147,0.04887242268041237,0.05895618556701031,0.018524484536082474,0.04984965635738832,0.05123496563573883,0.040313573883161515,0.040281357388316154,0.0336877147766323,0.013509450171821306,0.014540378006872853,0.015431701030927836,0.004800257731958763,0.005573453608247423,0.00018256013745704468,0.0017289518900343642,0.0011383161512027492,0.001997422680412371,0.008365549828178694,0.006958762886597939,0.0014282646048109965,0.0004939862542955326,0.0028350515463917525,0.0,0.0005584192439862543,0.0,0.0,0.0,0.0,0.0,0.0,0.0,0.0,0.0,0.0,0.0,0.0,0.0,0.0,0.0,0.0,0.0,0.0,0.0,0.0,0.0,0.0,0.0,0.0,0.0,0.0,0.0,0.0,0.0,0.0,nan,nan,4.410427807486631,2.844569519770897,nan,0.8523890842637785,0.033932420600050965,0.0,0.0,0.0,0.0,0.0,0.0,0.0,0.0,0.0,0.0,0.0,0.0,0.0,0.0,0.0,0.0,0.0,0.0,0.0,0.0,0.0,0.06255212677231027,0.3002502085070893,1.3761467889908214,5.842368640533779,13.411175979983323,6.955796497080902,1.588824020016681,0.3628023352793996,0.10008340283569643,0.8512716181411271,0.03611732501889366,0.0,0.0,0.0,0.0,0.0,0.0,0.0,0.0,0.0,0.0,0.0,0.0,0.0,0.0,0.0,0.0,0.0,0.0,0.0,0.0,0.02657218777679363,0.07971656333038088,0.26572187776793627,1.514614703277232,6.829052258635962,12.488928255093006,6.390611160318868,1.647475642161205,0.5580159433126661,0.1992914083259522,0.4346,0.01692,0.0,0.0,0.0,0.0,0.0,0.0,0.0,0.0,0.0,0.0,0.0,0.6755629691409498,13.085904920767309,15.412844036697251,0.8256880733944956,0.0,0.0,0.0,0.0,0.0,0.0,0.0,0.0,0.0,0.0,0.0,0.0,0.0,0.0,0.0,0.4343,0.01671,0.0,0.0,0.0,0.0,0.0,0.0,0.0,0.0,0.0,0.0,0.0,0.5447298494242685,13.644818423383528,14.93356953055802,0.8768821966341898,0.0,0.0,0.0,0.0,0.0,0.0,0.0,0.0,0.0,0.0,0.0,0.0,0.0,0.0,0.0
71300,4697,2332,0.4964871194379391,1045,1017,0.4390036193314882,1316,0.5603576751117735,0.43399999999999994,2.874418604651163,3.0328506065275174,6.515873015873016,2.031240636546436,6649.800000000001,9.094947017729282e-13,6649.8,6649.8,6649.800000000001,9.094947017729282e-13,6649.800000000001,9.094947017729282e-13,27.621034703001918,20.878958330145622,32.50291508238276,19.22427315785425,0.1388120076644667,0.10261869278262721,0.09963806685118161,0.08771556312539919,0.07983819459229295,0.07728337236533958,0.07196082605918672,0.05727059825420481,0.051735150095805836,0.05343836491377475,0.04109005748350011,0.03896103896103896,0.03832233340430062,0.02533532041728763,0.019799872258888653,0.012561209282520759,0.003619331488183947,0.8504691657955047,0.03386919233221265,0.0,0.0,0.0,0.0,0.0,0.0,0.0,0.0,0.0,0.0,0.0,0.0,0.0,0.0,0.0,0.0,0.0,0.0,0.0,0.0,0.025548222269533752,0.07025761124121781,0.3001916116670216,1.4498616137960356,6.50202256759634,13.016819246327445,6.731956568022143,1.5328933361720252,0.28103044496487123,0.08941877794336812,4.278732726659926,2.8074055874551926,4.428571428571429,2.8464084064530395,1.0350194114668319,4.323589394969408,2.798218750696023,4.2345924453280315,2.8160943153732356,0.9794159570876627,0.4343,0.01686,0.0,0.0,0.0,0.0,0.0,0.0,0.0,0.0,0.0,0.0,0.0,0.5684479454971251,13.744943581009158,14.817968916329574,0.8686395571641475,0.0,0.0,0.0,0.0,0.0,0.0,0.0,0.0,0.0,0.0,0.0,0.0,0.0,0.0,0.0,nan,nan,4.2794364307279436,2.8076087168403827,nan,0.4346,0.0889,0.0,0.0,0.0,0.0,0.0,0.0,0.0,0.0,0.0,0.0,0.0,0.0,0.0,0.0,0.0,0.0,0.0,0.0,0.0,2.1290185224611454e-05,0.0,0.0,0.0006706408345752608,2.1290185224611454e-05,0.0022035341707472857,0.0016286991696827762,0.006961890568447946,0.010868639557164148,0.006887374920161805,0.011656376410474772,0.026953374494358102,0.03258462848626783,0.0652437726208218,0.025899510325739835,0.023004045135192677,0.026101767085373644,0.028071109218650202,0.023515009580583352,0.05101128379816904,0.027049180327868853,0.04222908239301682,0.023802427081115605,0.02291888439429423,0.015829252714498615,0.012646370023419205,0.02919948903555461,0.06229508196721312,0.04908452203534171,0.059676389184585905,0.017798594847775177,0.050053225463061526,0.05156482861400894,0.037630402384500744,0.04101554183521396,0.031360442835852674,0.013561847988077497,0.01557377049180328,0.01761762827336598,0.004513519267617628,0.005418352139663615,0.000351288056206089,0.0014903129657228018,0.0010645092612305727,0.0024803065786672346,0.007994464551841602,0.007345113902490952,0.0009048328720459868,0.0004896742601660634,0.002969980838833298,0.0,0.0007664466680860123,0.0,0.0,0.0,0.0,0.0,0.0,0.0,0.0,0.0,0.0,0.0,0.0,0.0,0.0,0.0,0.0,0.0,0.0,0.0,0.0,0.0,0.0,0.0,0.0,0.0,0.0,0.0,0.0,0.0,0.0,nan,nan,4.2794364307279436,2.8076087168403827,nan,0.8496501091516243,0.034395419270622035,0.0,0.0,0.0,0.0,0.0,0.0,0.0,0.0,0.0,0.0,0.0,0.0,0.0,0.0,0.0,0.0,0.0,0.0,0.0,0.0,0.03859348198970841,0.07718696397941682,0.2701543739279589,1.5694682675814702,7.06260720411664,12.3885077186964,6.728130360205833,1.4665523156089197,0.2701543739279589,0.1286449399656947,0.8512767937420287,0.03332246993245341,0.0,0.0,0.0,0.0,0.0,0.0,0.0,0.0,0.0,0.0,0.0,0.0,0.0,0.0,0.0,0.0,0.0,0.0,0.0,0.0,0.012684989429175479,0.06342494714587739,0.32980972515856244,1.3319238900634207,5.949260042283299,13.63636363636364,6.735729386892179,1.5983086680761103,0.29175475687103597,0.050739957716701915,0.4343,0.01688,0.0,0.0,0.0,0.0,0.0,0.0,0.0,0.0,0.0,0.0,0.0,0.5274442538593475,13.739279588336196,14.768439108061752,0.9648370497427103,0.0,0.0,0.0,0.0,0.0,0.0,0.0,0.0,0.0,0.0,0.0,0.0,0.0,0.0,0.0,0.4346,0.01686,0.0,0.0,0.0,0.0,0.0,0.0,0.0,0.0,0.0,0.0,0.0,0.608879492600422,13.750528541226219,14.86680761099366,0.7737843551797042,0.0,0.0,0.0,0.0,0.0,0.0,0.0,0.0,0.0,0.0,0.0,0.0,0.0,0.0,0.0
71400,4620,2371,0.5132034632034632,1101,932,0.44004329004329007,1297,0.5614718614718615,0.46199999999999997,3.012894619831036,3.0293235663937925,6.3677991137370755,2.095721892835849,6649.800000000002,1.8189894035458565e-12,6649.8,6649.8,6649.800000000001,9.094947017729282e-13,6649.800000000001,9.094947017729282e-13,28.259090909090908,21.01239001728477,33.329284052726805,19.19473798804719,0.13852813852813853,0.1,0.09242424242424242,0.08095238095238096,0.08116883116883117,0.07424242424242425,0.07077922077922078,0.06298701298701298,0.06190476190476191,0.0512987012987013,0.04415584415584416,0.043722943722943726,0.03268398268398268,0.02987012987012987,0.017316017316017316,0.010606060606060607,0.00735930735930736,0.8496255198727438,0.03265275555261772,0.0,0.0,0.0,0.0,0.0,0.0,0.0,0.0,0.0,0.0,0.0,0.0,0.0,0.0,0.0,0.0,0.0,0.0,0.0,0.0,0.01298701298701299,0.06493506493506494,0.21428571428571433,1.4350649350649305,6.902597402597404,13.168831168831172,6.467532467532469,1.415584415584416,0.27922077922077926,0.03896103896103897,4.368634064080944,2.799908633052755,5.0,2.280350850198276,1.144522504439126,4.38780977896852,2.843360809891917,4.355749831876261,2.751389981779065,0.9926934054329503,0.4343,0.01663,0.0,0.0,0.0,0.0,0.0,0.0,0.0,0.0,0.0,0.0,0.0,0.5129870129870122,14.097402597402601,14.52597402597403,0.8636363636363639,0.0,0.0,0.0,0.0,0.0,0.0,0.0,0.0,0.0,0.0,0.0,0.0,0.0,0.0,0.0,nan,nan,4.3718120805369125,2.797891836684711,nan,0.4343,0.0882,0.0,0.0,0.0,0.0,0.0,0.0,0.0,0.0,0.0,0.0,0.0,0.0,0.0,0.0,0.0,0.0,0.0,0.0,0.0,3.246753246753247e-05,0.0,0.0,0.0009415584415584416,1.0822510822510823e-05,0.002261904761904762,0.00170995670995671,0.006774891774891775,0.00962121212121212,0.006634199134199134,0.012348484848484848,0.027705627705627706,0.030367965367965367,0.06350649350649351,0.026298701298701297,0.022413419913419913,0.025086580086580088,0.03010822510822511,0.02182900432900433,0.04991341991341992,0.02985930735930736,0.04297619047619047,0.026255411255411254,0.023928571428571428,0.017034632034632034,0.014025974025974027,0.029924242424242423,0.06332251082251082,0.05003246753246753,0.05590909090909091,0.018798701298701297,0.0496969696969697,0.05029220779220779,0.0362012987012987,0.04216450216450216,0.0333982683982684,0.01343073593073593,0.014675324675324675,0.01607142857142857,0.004058441558441558,0.00446969696969697,0.000551948051948052,0.0012987012987012987,0.0012554112554112554,0.002435064935064935,0.008084415584415585,0.007067099567099567,0.001038961038961039,0.0006168831168831169,0.002824675324675325,0.0,0.0007359307359307359,0.0,0.0,0.0,0.0,0.0,0.0,0.0,0.0,0.0,0.0,0.0,0.0,0.0,0.0,0.0,0.0,0.0,0.0,0.0,0.0,0.0,0.0,0.0,0.0,0.0,0.0,0.0,0.0,0.0,0.0,nan,nan,4.3718120805369125,2.797891836684711,nan,0.8495823712552061,0.03232209773662897,0.0,0.0,0.0,0.0,0.0,0.0,0.0,0.0,0.0,0.0,0.0,0.0,0.0,0.0,0.0,0.0,0.0,0.0,0.0,0.0,0.0126528890763391,0.0379586672290173,0.2657106706031211,1.4297764656263137,6.74398987768874,13.450021088148464,6.427667650780263,1.3412062420919446,0.2404048924504429,0.0506115563053564,0.849671009144501,0.03299770156260447,0.0,0.0,0.0,0.0,0.0,0.0,0.0,0.0,0.0,0.0,0.0,0.0,0.0,0.0,0.0,0.0,0.0,0.0,0.0,0.0,0.013339261894175192,0.09337483325922635,0.16007114273010228,1.4406402845709159,7.069808803912852,12.87238772787906,6.509559804357494,1.4939973321476216,0.32014228546020457,0.026678523788350384,0.4338,0.01646,0.0,0.0,0.0,0.0,0.0,0.0,0.0,0.0,0.0,0.0,0.0,0.45550400674820685,14.19654154365247,14.500210881484609,0.8477435681147197,0.0,0.0,0.0,0.0,0.0,0.0,0.0,0.0,0.0,0.0,0.0,0.0,0.0,0.0,0.0,0.4346,0.0168,0.0,0.0,0.0,0.0,0.0,0.0,0.0,0.0,0.0,0.0,0.0,0.5735882614495323,13.992885726989776,14.553134726545135,0.8803912850155626,0.0,0.0,0.0,0.0,0.0,0.0,0.0,0.0,0.0,0.0,0.0,0.0,0.0,0.0,0.0
71500,4582,2368,0.516804888694893,1072,948,0.44085552160628544,1305,0.569620253164557,0.47,3.000903342366757,3.0445353026802224,6.461172741679873,2.0019003381340363,6649.800000000001,9.094947017729282e-13,6649.8,6649.8,6649.800000000001,9.094947017729282e-13,6649.800000000001,9.094947017729282e-13,28.166739415102576,21.16798297132704,33.26400833984884,19.35668222119659,0.14295067656045396,0.09733740724574422,0.09297250109122654,0.08380619816673941,0.08206023570493234,0.07092972501091227,0.06852902662592754,0.06110868616324749,0.06394587516368398,0.049978175469227414,0.043430816237450896,0.0405936272370144,0.03622872108249672,0.02859013531209079,0.019860323003055434,0.01003928415539066,0.007638585770405936,0.850989082646859,0.03467323052065962,0.0,0.0,0.0,0.0,0.0,0.0,0.0,0.0,0.0,0.0,0.0,0.0,0.0,0.0,0.0,0.0,0.0,0.0,0.0,0.0,0.0,0.052378873854212145,0.3601047577477085,1.3880401571366172,6.560453950240071,12.891750327367964,6.652116979484942,1.6171977302488,0.3208206023570494,0.15713662156263644,4.40198087431694,2.8177731993389563,3.8823529411764706,2.37344011786259,0.8819558857758326,4.4363636363636365,2.8588849470546847,4.360958904109589,2.7705366002104443,0.9830030316640467,0.4348,0.01646,0.0,0.0,0.0,0.0,0.0,0.0,0.0,0.0,0.0,0.0,0.0,0.48450458315146155,13.546486250545616,15.091663029244874,0.8773461370580534,0.0,0.0,0.0,0.0,0.0,0.0,0.0,0.0,0.0,0.0,0.0,0.0,0.0,0.0,0.0,nan,nan,4.398981324278438,2.815684722471161,nan,0.4348,0.08826,0.0,0.0,0.0,0.0,0.0,0.0,0.0,0.0,0.0,0.0,0.0,0.0,0.0,0.0,0.0,0.0,0.0,0.0,0.0,0.0,0.0,0.0,0.0007092972501091227,0.0,0.002018769096464426,0.0016695766041030118,0.005608904408555216,0.008358795285901353,0.0067765168048886945,0.011796158882584024,0.02853557398515932,0.0300742034046268,0.06328022697512004,0.027149716281099957,0.02266477520733304,0.02770624181580096,0.030096027935399387,0.020024006983849846,0.04983631601920559,0.030859886512439982,0.04272151898734177,0.025949367088607594,0.024050632911392405,0.018310781318201658,0.014349628982976866,0.03020515058926233,0.06285464862505456,0.04871235268441729,0.05296813618507202,0.019467481449148845,0.049356176342208645,0.04896333478830205,0.03805106940200786,0.04237232649498036,0.03424268878219118,0.01306198166739415,0.015462680052378873,0.016630292448712353,0.0037865560890440854,0.003142732431252728,0.000611086861632475,0.0014076822348319511,0.0014731558271497162,0.002182453077258839,0.010661283282409428,0.006754692274116106,0.001113051069402008,0.00046922741161065036,0.002979048450458315,1.0912265386294195e-05,0.0005128764731558271,0.0,0.0,0.0,0.0,0.0,0.0,0.0,0.0,0.0,0.0,0.0,0.0,0.0,0.0,0.0,0.0,0.0,0.0,0.0,0.0,0.0,0.0,0.0,0.0,0.0,0.0,0.0,0.0,0.0,0.0,nan,nan,4.398981324278438,2.815684722471161,nan,0.8506308692331249,0.035334333775871786,0.0,0.0,0.0,0.0,0.0,0.0,0.0,0.0,0.0,0.0,0.0,0.0,0.0,0.0,0.0,0.0,0.0,0.0,0.0,0.0,0.0,0.07601351351351353,0.4560810810810812,1.3555743243243201,6.46114864864865,12.985641891891895,6.46114864864865,1.6976351351351355,0.3420608108108109,0.164695945945946,0.8513722124407715,0.03394771547069572,0.0,0.0,0.0,0.0,0.0,0.0,0.0,0.0,0.0,0.0,0.0,0.0,0.0,0.0,0.0,0.0,0.0,0.0,0.0,0.0,0.0,0.027100271002710032,0.2574525745257453,1.4227642276422718,6.666666666666669,12.791327913279137,6.856368563685638,1.531165311653117,0.29810298102981037,0.14905149051490518,0.4346,0.0163,0.0,0.0,0.0,0.0,0.0,0.0,0.0,0.0,0.0,0.0,0.0,0.46874999999999933,13.87246621621622,14.733952702702705,0.9248310810810813,0.0,0.0,0.0,0.0,0.0,0.0,0.0,0.0,0.0,0.0,0.0,0.0,0.0,0.0,0.0,0.435,0.01666,0.0,0.0,0.0,0.0,0.0,0.0,0.0,0.0,0.0,0.0,0.0,0.5013550135501348,13.197831978319787,15.474254742547428,0.826558265582656,0.0,0.0,0.0,0.0,0.0,0.0,0.0,0.0,0.0,0.0,0.0,0.0,0.0,0.0,0.0
71600,4687,2394,0.5107744826114785,1141,987,0.45402176232131425,1353,0.5773415831021975,0.44199999999999995,2.9677278674225906,2.989997269731215,6.432926829268292,1.982026240753711,6649.800000000002,1.8189894035458565e-12,6649.8,6649.8,6649.800000000001,9.094947017729282e-13,6649.800000000001,9.094947017729282e-13,27.930232558139537,20.794165257018317,32.76417004048583,19.058602136680555,0.13804139108171537,0.0994239385534457,0.09131640708342223,0.08491572434393002,0.08256880733944955,0.08320887561339876,0.06806059312993386,0.06571367612545338,0.05867292511201195,0.049498613185406444,0.0450181352677619,0.03968423298485172,0.03179005760614466,0.02496266268401963,0.01898869212716023,0.010027736291871132,0.00810753147002347,0.8492526780422089,0.03509733926068241,0.0,0.0,0.0,0.0,0.0,0.0,0.0,0.0,0.0,0.0,0.0,0.0,0.0,0.0,0.0,0.0,0.0,0.0,0.0,0.0,0.0,0.01920204821847664,0.4032430125880095,1.7793898015788296,6.771922338382763,12.903776402816304,5.997439726904204,1.6321740985705147,0.36483891615105624,0.12801365478984428,4.26428807400066,2.7774262030602146,3.375,2.1758618981911515,0.7914568484660677,4.2738643844634625,2.7911824408447017,4.248194353250164,2.758164925939198,0.9939937188211645,0.4343,0.01631,0.0,0.0,0.0,0.0,0.0,0.0,0.0,0.0,0.0,0.0,0.0,0.4608491572434386,13.710262427992323,15.048005120546195,0.7808832942180501,0.0,0.0,0.0,0.0,0.0,0.0,0.0,0.0,0.0,0.0,0.0,0.0,0.0,0.0,0.0,nan,nan,4.25961222477818,2.775349589548693,nan,0.4343,0.08856,0.0,0.0,0.0,0.0,0.0,0.0,0.0,0.0,0.0,0.0,0.0,0.0,0.0,0.0,0.0,0.0,0.0,0.0,0.0,0.0,0.0,0.0,0.0008640921698314487,1.0667804565820354e-05,0.001984211649242586,0.001866865799018562,0.005813953488372093,0.008982291444420738,0.005760614465542991,0.012833368892681886,0.02745892895242159,0.03006187326648176,0.06393215276296138,0.02645615532323448,0.02356518028589716,0.027842969916791124,0.02856838062726691,0.023042457862171965,0.05212289310859825,0.02884574354597824,0.04511414550885428,0.026957542137828035,0.023575848090462984,0.018135267761894603,0.014412203968423298,0.030019202048218476,0.06324941327074889,0.045007467463196074,0.05211222530403243,0.019948794538084062,0.04581822061019842,0.0501066780456582,0.039897589076168125,0.04120972903776403,0.03190740345636868,0.011670578195007468,0.017879240452314912,0.017623213142735225,0.0034883720930232558,0.0034883720930232558,0.0007787497333048858,0.0012908043524642629,0.0014188180072541071,0.0020375506720716877,0.01055045871559633,0.007328781736718583,0.0010134414337529337,0.0005227224237251974,0.002773629187113292,0.0,0.0006507360785150416,0.0,0.0,0.0,0.0,0.0,0.0,0.0,0.0,0.0,0.0,0.0,0.0,0.0,0.0,0.0,0.0,0.0,0.0,0.0,0.0,0.0,0.0,0.0,0.0,0.0,0.0,0.0,0.0,0.0,0.0,nan,nan,4.25961222477818,2.775349589548693,nan,0.8499699811090902,0.03534175492940126,0.0,0.0,0.0,0.0,0.0,0.0,0.0,0.0,0.0,0.0,0.0,0.0,0.0,0.0,0.0,0.0,0.0,0.0,0.0,0.0,0.0,0.025062656641604016,0.41353383458646625,1.6917293233082653,6.6791979949874705,12.832080200501256,6.152882205513786,1.741854636591479,0.31328320802005016,0.15037593984962408,0.8485037798555044,0.034824566560291266,0.0,0.0,0.0,0.0,0.0,0.0,0.0,0.0,0.0,0.0,0.0,0.0,0.0,0.0,0.0,0.0,0.0,0.0,0.0,0.0,0.0,0.013083296990841695,0.39249890972525087,1.870911469690356,6.86873092019189,12.978630614914962,5.835150457915396,1.5176624509376366,0.41866550370693423,0.10466637592673356,0.4346,0.01611,0.0,0.0,0.0,0.0,0.0,0.0,0.0,0.0,0.0,0.0,0.0,0.42606516290726754,13.546365914786971,15.28822055137845,0.7393483709273185,0.0,0.0,0.0,0.0,0.0,0.0,0.0,0.0,0.0,0.0,0.0,0.0,0.0,0.0,0.0,0.4343,0.0165,0.0,0.0,0.0,0.0,0.0,0.0,0.0,0.0,0.0,0.0,0.0,0.4971652856519836,13.88137810728304,14.797208896641957,0.8242477104230268,0.0,0.0,0.0,0.0,0.0,0.0,0.0,0.0,0.0,0.0,0.0,0.0,0.0,0.0,0.0
71700,4474,2290,0.5118462226195798,1069,943,0.4497094322753688,1278,0.5713008493518105,0.47,2.9752747252747254,3.070647462714816,6.605960264900662,2.094702614878479,6649.800000000001,9.094947017729282e-13,6649.8,6649.8,6649.800000000002,1.8189894035458565e-12,6649.800000000001,9.094947017729282e-13,27.807107733571748,20.71635362579442,32.681371246346,18.977103874548884,0.13634331694233348,0.10192221725525256,0.09186410371032633,0.09097004917299956,0.08270004470272686,0.07375949932945909,0.07040679481448368,0.06303084488153778,0.05878408582923558,0.05386678587393831,0.04582029503799732,0.03553866785873938,0.03464461332141261,0.029280286097451945,0.015422440768886903,0.009387572641931158,0.006258381761287439,0.8498714465246597,0.03478637977961907,0.0,0.0,0.0,0.0,0.0,0.0,0.0,0.0,0.0,0.0,0.0,0.0,0.0,0.0,0.0,0.0,0.0,0.0,0.0,0.0,0.0,0.026821636119803316,0.2883325882878856,1.6092981671881934,6.8194009834599925,13.296826106392492,5.914170764416631,1.4684845775592315,0.40902995082700055,0.1676352257487707,4.387883008356546,2.9248894896564774,4.6,1.9078784028338915,1.0483415330899857,4.369230769230769,2.917160003360649,4.40771349862259,2.926631965539673,1.0088076669382688,0.4346,0.01595,0.0,0.0,0.0,0.0,0.0,0.0,0.0,0.0,0.0,0.0,0.0,0.46267322306660635,13.504693786320969,15.45596781403666,0.5766651765757712,0.0,0.0,0.0,0.0,0.0,0.0,0.0,0.0,0.0,0.0,0.0,0.0,0.0,0.0,0.0,nan,nan,4.388619014573213,2.921999324067953,nan,0.4346,0.0882,0.0,0.0,0.0,0.0,0.0,0.0,0.0,0.0,0.0,0.0,0.0,0.0,0.0,0.0,0.0,0.0,0.0,0.0,0.0,0.0,0.0,0.0,0.0014863656683057668,2.2351363433169423e-05,0.0016875279392042915,0.0015534197586052748,0.006224854716137684,0.008784085829235583,0.00502905677246312,0.013936075100581135,0.026609298167188197,0.028710326329906125,0.06348904783191775,0.02684398748323648,0.02326776933392937,0.026274027715690658,0.02939204291461779,0.02372597228430934,0.05092758158247653,0.028341528833258828,0.04573088958426464,0.02839740724184175,0.023066607063030844,0.018160482789450157,0.014975413500223514,0.031861868573983015,0.06436075100581136,0.043853375055878406,0.05127402771569066,0.02170317389360751,0.047038444345105054,0.049374161823871256,0.04110415735359857,0.039740724184175236,0.030733124720607956,0.01145507375949933,0.018607510058113546,0.01925569959767546,0.0027045149754135003,0.0026262852033974073,0.0005252570406794815,0.0009275815824765311,0.001899865891819401,0.002279839070183281,0.010605721949038891,0.006493071077335717,0.0008605274921770228,0.00027939204291461777,0.003062136790344211,0.0,0.000737594993294591,0.0,0.0,0.0,0.0,0.0,0.0,0.0,0.0,0.0,0.0,0.0,0.0,0.0,0.0,0.0,0.0,0.0,0.0,0.0,0.0,0.0,0.0,0.0,0.0,0.0,0.0,0.0,0.0,0.0,0.0,nan,nan,4.388619014573213,2.921999324067953,nan,0.8500783831531824,0.03414700652322828,0.0,0.0,0.0,0.0,0.0,0.0,0.0,0.0,0.0,0.0,0.0,0.0,0.0,0.0,0.0,0.0,0.0,0.0,0.0,0.0,0.0,0.01310043668122271,0.2751091703056769,1.4672489082969387,6.8646288209607,13.493449781659391,5.855895196506552,1.4672489082969435,0.43231441048034946,0.1310043668122271,0.8496544662685621,0.03544310272685969,0.0,0.0,0.0,0.0,0.0,0.0,0.0,0.0,0.0,0.0,0.0,0.0,0.0,0.0,0.0,0.0,0.0,0.0,0.0,0.0,0.0,0.041208791208791215,0.30219780219780223,1.7582417582417529,6.771978021978024,13.090659340659345,5.975274725274727,1.46978021978022,0.3846153846153847,0.2060439560439561,0.4346,0.01581,0.0,0.0,0.0,0.0,0.0,0.0,0.0,0.0,0.0,0.0,0.0,0.4454148471615714,13.58515283842795,15.288209606986904,0.6812227074235809,0.0,0.0,0.0,0.0,0.0,0.0,0.0,0.0,0.0,0.0,0.0,0.0,0.0,0.0,0.0,0.4346,0.01608,0.0,0.0,0.0,0.0,0.0,0.0,0.0,0.0,0.0,0.0,0.0,0.48076923076923006,13.420329670329673,15.631868131868135,0.46703296703296715,0.0,0.0,0.0,0.0,0.0,0.0,0.0,0.0,0.0,0.0,0.0,0.0,0.0,0.0,0.0
71800,4466,2313,0.5179131213613972,1087,892,0.4431258396775638,1233,0.5521719659650695,0.474,3.006967022758941,3.1003420016205996,6.5924713584288055,2.07215400166746,6649.800000000001,9.094947017729282e-13,6649.8,6649.8,6649.800000000001,9.094947017729282e-13,6649.800000000001,9.094947017729282e-13,28.007389162561577,20.847927597788306,33.06390374331551,19.003389276971753,0.1439767129422302,0.09449171518137035,0.09359605911330049,0.0857590685176892,0.07792207792207792,0.07590685176892073,0.06583072100313479,0.06672637707120466,0.05709807433945365,0.05373936408419167,0.0490371697268249,0.04254366323331841,0.03470667263770712,0.027765338110165697,0.015002239140170175,0.010076130765785939,0.005821764442454098,0.8506460123221222,0.03588408470777847,0.0,0.0,0.0,0.0,0.0,0.0,0.0,0.0,0.0,0.0,0.0,0.0,0.0,0.0,0.0,0.0,0.0,0.0,0.0,0.0,0.0,0.07389162561576355,0.3560232870577699,1.5517241379310296,6.515897895208242,12.9243170622481,6.428571428571431,1.524854455888939,0.40304523063143766,0.2216748768472907,4.361657303370786,2.846462728077482,4.681818181818182,2.8346294232125206,1.0734034923376414,4.294199860237596,2.8119667732852176,4.43363446838082,2.878765575411204,1.032470451465086,0.4343,0.01622,0.0,0.0,0.0,0.0,0.0,0.0,0.0,0.0,0.0,0.0,0.0,0.6045678459471554,13.5691894312584,15.188087774294674,0.6381549484997762,0.0,0.0,0.0,0.0,0.0,0.0,0.0,0.0,0.0,0.0,0.0,0.0,0.0,0.0,0.0,nan,nan,4.36411149825784,2.8465091699249965,nan,0.4343,0.0876,0.0,0.0,0.0,0.0,0.0,0.0,0.0,0.0,0.0,0.0,0.0,0.0,0.0,0.0,0.0,0.0,0.0,0.0,0.0,0.0,1.1195700850873264e-05,0.0,0.0014442454097626511,2.239140170174653e-05,0.0018808777429467085,0.0010300044782803404,0.006359158083296014,0.009258844603672189,0.005082848186296462,0.014778325123152709,0.026018808777429465,0.027798925212718317,0.059751455441110615,0.02859381997313032,0.022313031795790417,0.025772503358710255,0.029825347066726376,0.024944021495745632,0.052552619793999104,0.029926108374384235,0.04333855799373041,0.030653828929691,0.024854455888938646,0.017622033139274518,0.015830721003134797,0.031728616211374835,0.06060232870577698,0.04697716077026422,0.05132109270040305,0.021215853112404835,0.04673085535154501,0.04997760859829825,0.042487684729064036,0.03899462606359158,0.03079937304075235,0.011744290192566054,0.017957904164800715,0.017733990147783252,0.002843708016121809,0.0025302283922973576,0.00042543663233318403,0.0008844603672189879,0.0018472906403940886,0.0022615315718763993,0.011565158978952082,0.005407523510971787,0.0005709807433945365,0.00014554411106135244,0.003011643528884908,0.0,0.0005597850425436632,0.0,1.1195700850873264e-05,0.0,0.0,0.0,0.0,0.0,0.0,0.0,0.0,0.0,0.0,0.0,0.0,0.0,0.0,0.0,0.0,0.0,0.0,0.0,0.0,0.0,0.0,0.0,0.0,0.0,0.0,0.0,0.0,nan,nan,4.36411149825784,2.8465091699249965,nan,0.8503716194521438,0.036057694294893375,0.0,0.0,0.0,0.0,0.0,0.0,0.0,0.0,0.0,0.0,0.0,0.0,0.0,0.0,0.0,0.0,0.0,0.0,0.0,0.0,0.0,0.0648508430609598,0.35019455252918297,1.6601815823605657,6.640726329442284,12.788586251621274,6.342412451361869,1.5045395590142676,0.45395590142671866,0.19455252918287944,0.850940796673381,0.03569428233161763,0.0,0.0,0.0,0.0,0.0,0.0,0.0,0.0,0.0,0.0,0.0,0.0,0.0,0.0,0.0,0.0,0.0,0.0,0.0,0.0,0.0,0.08360427310729217,0.36228518346493277,1.4352066883418442,6.381792847189969,13.070134695773342,6.521133302368789,1.5466790524849052,0.3483511379470507,0.2508128193218765,0.434,0.01631,0.0,0.0,0.0,0.0,0.0,0.0,0.0,0.0,0.0,0.0,0.0,0.635538261997405,13.579766536964984,15.201037613488978,0.5836575875486383,0.0,0.0,0.0,0.0,0.0,0.0,0.0,0.0,0.0,0.0,0.0,0.0,0.0,0.0,0.0,0.4343,0.01611,0.0,0.0,0.0,0.0,0.0,0.0,0.0,0.0,0.0,0.0,0.0,0.5712958662331622,13.557826288899214,15.174175568973528,0.6967022758941014,0.0,0.0,0.0,0.0,0.0,0.0,0.0,0.0,0.0,0.0,0.0,0.0,0.0,0.0,0.0
71900,4772,2413,0.5056580050293378,1120,964,0.43671416596814755,1356,0.5683151718357083,0.44999999999999996,3.030521407376007,3.075274534536334,6.591954022988506,2.0377595535013726,6649.800000000001,9.094947017729282e-13,6649.8,6649.8,6649.800000000002,1.8189894035458565e-12,6649.800000000001,9.094947017729282e-13,27.919740150880134,20.893366059118883,32.911772056985754,19.125846762442542,0.14040234702430845,0.09932942162615256,0.09534786253143336,0.08549874266554904,0.08340318524727577,0.07082984073763621,0.06957250628667226,0.06580050293378038,0.053017602682313494,0.053646269907795474,0.04735959765297569,0.040444258172673934,0.03562447611064543,0.02388935456831517,0.018231349538977367,0.012573344509639563,0.005029337803855826,0.8512137321144817,0.034814216361337996,0.0,0.0,0.0,0.0,0.0,0.0,0.0,0.0,0.0,0.0,0.0,0.0,0.0,0.0,0.0,0.0,0.0,0.0,0.0,0.0,0.006286672254819783,0.03143336127409892,0.3080469404861694,1.483654652137464,6.424979044425819,13.120284995808888,6.494132439228836,1.5465213746856667,0.4274937133277453,0.15716680637049457,4.393721386527142,2.8099817088831944,3.769230769230769,1.8873606379054304,0.8578674971946778,4.389618922470434,2.798295423864578,4.392511297611362,2.8155421650288,1.0006589125826213,0.4336,0.01662,0.0,0.0,0.0,0.0,0.0,0.0,0.0,0.0,0.0,0.0,0.0,0.6789606035205356,14.050712489522216,14.559932942162618,0.7103939647946356,0.0,0.0,0.0,0.0,0.0,0.0,0.0,0.0,0.0,0.0,0.0,0.0,0.0,0.0,0.0,nan,nan,4.391077824812765,2.807008227859897,nan,0.4336,0.08777,0.0,0.0,0.0,0.0,0.0,0.0,0.0,0.0,0.0,0.0,0.0,0.0,0.0,0.0,0.0,0.0,0.0,0.0,0.0,0.0,1.0477787091366304e-05,0.0,0.0020431684828164294,7.334450963956412e-05,0.001550712489522213,0.0007334450963956412,0.007858340318524728,0.008748952221290863,0.005678960603520537,0.013610645431684828,0.026047778709136632,0.02638306789606035,0.06331726739312657,0.02925398155909472,0.02233864207879296,0.02471709974853311,0.0297254819782062,0.02491617770326907,0.05243084660519698,0.03095138306789606,0.041596814752724226,0.031737217099748534,0.02383696563285834,0.019383906119027662,0.014857502095557418,0.033204107292539815,0.06201802179379715,0.048344509639564125,0.04991617770326907,0.020368818105616093,0.04552598491198659,0.0460498742665549,0.041837803855825646,0.040370913663034365,0.030081726739312656,0.01321248952221291,0.018451383067896062,0.017131181894383906,0.0024203688181056162,0.0029233025984911985,0.0005972338642078793,0.0012154233025984912,0.0017078792958927075,0.003237636211232188,0.00932523051131601,0.005678960603520537,0.0006810561609388097,5.238893545683152e-05,0.002944258172673931,0.00011525565800502934,0.0007858340318524727,0.0,0.0,0.0,0.0,0.0,0.0,0.0,0.0,0.0,0.0,0.0,0.0,0.0,0.0,0.0,0.0,0.0,0.0,0.0,0.0,0.0,0.0,0.0,0.0,0.0,0.0,0.0,0.0,0.0,0.0,nan,nan,4.391077824812765,2.807008227859897,nan,0.8509790581437596,0.034950512146238955,0.0,0.0,0.0,0.0,0.0,0.0,0.0,0.0,0.0,0.0,0.0,0.0,0.0,0.0,0.0,0.0,0.0,0.0,0.0,0.0,0.012432656444260259,0.037297969332780775,0.285951098217986,1.5292167426440069,6.415250725238294,13.340240364691258,6.1417322834645685,1.6038126813095734,0.5097389142146707,0.1243265644426026,0.8514537780200996,0.03467260309077958,0.0,0.0,0.0,0.0,0.0,0.0,0.0,0.0,0.0,0.0,0.0,0.0,0.0,0.0,0.0,0.0,0.0,0.0,0.0,0.0,0.0,0.025434506146672326,0.33064857990674024,1.4370495972869817,6.434930055108098,12.895294616362868,6.854599406528192,1.487918609580331,0.3433658329800764,0.19075879610004243,0.4336,0.01631,0.0,0.0,0.0,0.0,0.0,0.0,0.0,0.0,0.0,0.0,0.0,0.671363447990053,14.222958972233737,14.40944881889764,0.6962287608785745,0.0,0.0,0.0,0.0,0.0,0.0,0.0,0.0,0.0,0.0,0.0,0.0,0.0,0.0,0.0,0.4336,0.01692,0.0,0.0,0.0,0.0,0.0,0.0,0.0,0.0,0.0,0.0,0.0,0.6867316659601517,13.874523103009754,14.71386180584994,0.7248834251801612,0.0,0.0,0.0,0.0,0.0,0.0,0.0,0.0,0.0,0.0,0.0,0.0,0.0,0.0,0.0
72000,4651,2367,0.5089228122984304,1083,966,0.44055041926467425,1338,0.5753601376048162,0.45799999999999996,2.9478984238178634,3.036468354312304,6.370257966616085,2.120661081736022,6649.800000000002,1.8189894035458565e-12,6649.8,6649.8,6649.8,0.0,6649.800000000001,9.094947017729282e-13,28.012470436465275,21.066834073872695,33.012827090815804,19.35128898785286,0.1376048161685659,0.10470866480326811,0.09460331111588906,0.08793807783272414,0.0748226187916577,0.07611266394323801,0.0722425284884971,0.05955708449795743,0.05783702429585035,0.048591700709524836,0.046656632982154375,0.039346377123199314,0.03332616641582455,0.028380993334766718,0.019135669748441195,0.013115459041066438,0.006020210707374758,0.85065605374619,0.03387241197773564,0.0,0.0,0.0,0.0,0.0,0.0,0.0,0.0,0.0,0.0,0.0,0.0,0.0,0.0,0.0,0.0,0.0,0.0,0.0,0.0,0.0,0.03225112878950764,0.28380993334766724,1.5609546334121644,6.617931627606968,12.694044291550208,6.734035691249195,1.7157600516018066,0.2773597075897657,0.08385293485271987,4.331877729257642,2.8360238908378825,5.2,2.4,1.2004032258064516,4.306982872200264,2.8717590407011744,4.363512593601089,2.796463325472505,1.0131251326225839,0.4336,0.01692,0.0,0.0,0.0,0.0,0.0,0.0,0.0,0.0,0.0,0.0,0.0,0.6192216727585457,14.164695764351755,14.467856374973127,0.7417759621586757,0.006450225757901528,0.0,0.0,0.0,0.0,0.0,0.0,0.0,0.0,0.0,0.0,0.0,0.0,0.0,0.0,nan,nan,4.334784064278541,2.8351195549926866,nan,0.4336,0.08844,0.0,0.0,0.0,0.0,0.0,0.0,0.0,0.0,0.0,0.0,0.0,0.0,0.0,0.0,0.0,0.0,0.0,0.0,0.0,0.0,0.0,0.0,0.0019350677273704579,3.225112878950763e-05,0.0015803053106858741,0.0013975489142119973,0.00776177166200817,0.008707804773167061,0.006213717480111804,0.012588690604171147,0.025650397763921737,0.025499892496237367,0.06688884110943882,0.03024080842829499,0.022092023220812728,0.025446140614921522,0.027983229413029456,0.02685443990539669,0.05271984519458181,0.03145560094603311,0.040561169640937436,0.02848849709739841,0.025360137604816167,0.019952698344442056,0.015964308750806278,0.034820468716405074,0.05784777467211352,0.042872500537518815,0.046656632982154375,0.02044721565254784,0.04766716835089228,0.04794667813373468,0.0439582885400989,0.04174371102988605,0.029595785852504837,0.014082992904751667,0.019017415609546333,0.015179531283594927,0.0024618361642657492,0.0026123414319501183,0.00043001505052676843,0.001429800043001505,0.0016663083207912276,0.0030961083637927327,0.009234573210062352,0.006213717480111804,0.0006557729520533219,0.0,0.0040528918512147925,6.450225757901526e-05,0.000870780477316706,0.0,0.0,0.0,0.0,0.0,0.0,0.0,0.0,0.0,0.0,0.0,0.0,0.0,0.0,0.0,0.0,0.0,0.0,0.0,0.0,0.0,0.0,0.0,0.0,0.0,0.0,0.0,0.0,0.0,0.0,nan,nan,4.334784064278541,2.8351195549926866,nan,0.8510770703046998,0.03458598382468593,0.0,0.0,0.0,0.0,0.0,0.0,0.0,0.0,0.0,0.0,0.0,0.0,0.0,0.0,0.0,0.0,0.0,0.0,0.0,0.0,0.0,0.038022813688212934,0.26615969581749055,1.4828897338402995,6.768060836501903,12.395437262357417,6.780735107731307,1.8884664131812425,0.24081115335868192,0.13941698352344742,0.8502197375491705,0.03311104112907247,0.0,0.0,0.0,0.0,0.0,0.0,0.0,0.0,0.0,0.0,0.0,0.0,0.0,0.0,0.0,0.0,0.0,0.0,0.0,0.0,0.0,0.026269702276707538,0.3021015761821367,1.6418563922942155,6.462346760070054,13.003502626970231,6.685639229422068,1.5367775831873909,0.3152364273204904,0.026269702276707538,0.4336,0.01709,0.0,0.0,0.0,0.0,0.0,0.0,0.0,0.0,0.0,0.0,0.0,0.6717363751584274,14.233206590621043,14.271229404309254,0.811153358681876,0.012674271229404312,0.0,0.0,0.0,0.0,0.0,0.0,0.0,0.0,0.0,0.0,0.0,0.0,0.0,0.0,0.4336,0.01677,0.0,0.0,0.0,0.0,0.0,0.0,0.0,0.0,0.0,0.0,0.0,0.5647985989492111,14.093695271453594,14.67162872154116,0.6698774080560421,0.0,0.0,0.0,0.0,0.0,0.0,0.0,0.0,0.0,0.0,0.0,0.0,0.0,0.0,0.0
72100,4721,2421,0.5128150815505189,1172,983,0.4564710866341877,1339,0.5672527006990045,0.44599999999999995,2.97,3.0449480612404827,6.616719242902208,1.9120499412823366,6649.800000000001,9.094947017729282e-13,6649.8,6649.8,6649.800000000002,1.8189894035458565e-12,6649.800000000002,1.8189894035458565e-12,28.06185130269011,20.871957815454675,33.06363636363636,19.06660285296301,0.14107180682058887,0.09553060792205041,0.09150603685659818,0.08938784155899174,0.07985596271976277,0.07286591823766152,0.07074772294005507,0.06608769328532091,0.05613217538657064,0.055708536327049356,0.0472357551366236,0.0400338911247617,0.03198474899385723,0.027960177928404998,0.01567464520228765,0.011014615547553484,0.007201864011861894,0.849558787574659,0.034470781313636956,0.0,0.0,0.0,0.0,0.0,0.0,0.0,0.0,0.0,0.0,0.0,0.0,0.0,0.0,0.0,0.0,0.0,0.0,0.0,0.0,0.02541834357127728,0.038127515356915914,0.34314763821224326,1.575937301419186,6.9074348654946,12.60114382546071,6.570641813175176,1.5251006142766368,0.2732471933912307,0.13980088964202503,4.267734553775743,2.850057230630259,4.3125,3.196066918886399,1.0104892761394102,4.358295674628793,2.866081997633724,4.173770491803278,2.8338643973796316,0.9576611600952863,0.4333,0.01715,0.0,0.0,0.0,0.0,0.0,0.0,0.0,0.0,0.0,0.0,0.0,0.8260961660665102,14.151662783308623,14.215208642236817,0.8070324083880536,0.0,0.0,0.0,0.0,0.0,0.0,0.0,0.0,0.0,0.0,0.0,0.0,0.0,0.0,0.0,nan,nan,4.267967479674796,2.8519680722478804,nan,0.4333,0.0877,0.0,0.0,0.0,0.0,0.0,0.0,0.0,0.0,0.0,0.0,0.0,0.0,0.0,0.0,0.0,0.0,0.0,0.0,0.0,0.0,0.0,0.0,0.0013132810845159924,5.2954882440160984e-05,0.0013556449904681212,0.0017686930735013769,0.007032408388053379,0.008928193179411141,0.006269858080915061,0.014138953611522983,0.027229400550730778,0.023247193391230672,0.06905316670196993,0.029675916119466215,0.02098072442279178,0.02352255877991951,0.02911459436560051,0.027854268163524678,0.04959754289345478,0.030978606227494175,0.03886888371107816,0.02850031772929464,0.026572760008472782,0.01966744333827579,0.017379792416860836,0.033065028595636516,0.0602308832874391,0.04418555390807032,0.047701758102097015,0.02038762973946198,0.050603685659817835,0.04942808726964626,0.04254395255242533,0.044450328320271126,0.027557720821859776,0.012571489091294217,0.018343571277271764,0.014403728023723788,0.002435924592247405,0.0026795170514721457,0.0003389112476170303,0.0019699216267739885,0.0014615547553484432,0.002488879474687566,0.009595424698157171,0.006047447574666384,0.0002647744122008049,0.0,0.003240838805337852,8.472781190425757e-05,0.0008155051895784791,0.0,0.0,0.0,0.0,0.0,0.0,0.0,0.0,0.0,0.0,0.0,0.0,0.0,0.0,0.0,0.0,0.0,0.0,0.0,0.0,0.0,0.0,0.0,0.0,0.0,0.0,0.0,0.0,0.0,0.0,nan,nan,4.267967479674796,2.8519680722478804,nan,0.8493817278739098,0.03547596017936912,0.0,0.0,0.0,0.0,0.0,0.0,0.0,0.0,0.0,0.0,0.0,0.0,0.0,0.0,0.0,0.0,0.0,0.0,0.0,0.0,0.03717472118959109,0.06195786864931847,0.40892193308550195,1.5737298636926842,6.827757125154896,12.639405204460969,6.406443618339531,1.5737298636926893,0.2973977695167287,0.17348203221809175,0.8497451621553173,0.03337902304029588,0.0,0.0,0.0,0.0,0.0,0.0,0.0,0.0,0.0,0.0,0.0,0.0,0.0,0.0,0.0,0.0,0.0,0.0,0.0,0.0,0.013043478260869568,0.013043478260869568,0.2739130434782609,1.5782608695652125,6.991304347826088,12.560869565217395,6.7434782608695665,1.4739130434782612,0.24782608695652178,0.10434782608695654,0.4336,0.01718,0.0,0.0,0.0,0.0,0.0,0.0,0.0,0.0,0.0,0.0,0.0,0.7806691449814115,14.15117719950434,14.25030978934325,0.8178438661710039,0.0,0.0,0.0,0.0,0.0,0.0,0.0,0.0,0.0,0.0,0.0,0.0,0.0,0.0,0.0,0.4333,0.0171,0.0,0.0,0.0,0.0,0.0,0.0,0.0,0.0,0.0,0.0,0.0,0.8739130434782596,14.152173913043482,14.17826086956522,0.7956521739130437,0.0,0.0,0.0,0.0,0.0,0.0,0.0,0.0,0.0,0.0,0.0,0.0,0.0,0.0,0.0
72200,4683,2375,0.5071535340593637,1125,972,0.4477898782831518,1342,0.5731368780696134,0.45399999999999996,2.9423743500866553,3.0318454056072066,6.45398773006135,2.0580604783059187,6649.800000000001,9.094947017729282e-13,6649.8,6649.8,6649.800000000002,1.8189894035458565e-12,6649.800000000001,9.094947017729282e-13,28.069613495622463,20.897732059016032,32.94044602128738,19.15558384655855,0.1375186846038864,0.09780055519965834,0.09288917360666239,0.0903267136450993,0.07836856715780482,0.07431133888532991,0.06683749733077088,0.06555626734998932,0.06299380738842622,0.05445227418321589,0.04356181934657271,0.04014520606448858,0.03502028614136238,0.024556907964979714,0.01580183642963912,0.012171684817424727,0.007687379884689302,0.8503014784630053,0.0347210793496319,0.0,0.0,0.0,0.0,0.0,0.0,0.0,0.0,0.0,0.0,0.0,0.0,0.0,0.0,0.0,0.0,0.0,0.0,0.0,0.0,0.006406149903907753,0.04484304932735427,0.3971812940422807,1.6015374759769327,6.38693145419603,12.921204356181939,6.5663036515054465,1.6655989750160158,0.3523382447149264,0.05765534913516977,4.286997006983705,2.784065638152847,4.421052631578948,2.6220881488591896,1.0312702864911873,4.33843085106383,2.800163689270287,4.2333990795529255,2.7606875967905977,0.9757903778770268,0.4333,0.0165,0.0,0.0,0.0,0.0,0.0,0.0,0.0,0.0,0.0,0.0,0.0,0.698270339525944,14.433055733504167,14.228058936579119,0.6406149903907753,0.0,0.0,0.0,0.0,0.0,0.0,0.0,0.0,0.0,0.0,0.0,0.0,0.0,0.0,0.0,nan,nan,4.2878387309980175,2.783098150568451,nan,0.4333,0.0876,0.0,0.0,0.0,0.0,0.0,0.0,0.0,0.0,0.0,0.0,0.0,0.0,0.0,0.0,0.0,0.0,0.0,0.0,0.0,0.0,0.0,1.0676916506512919e-05,0.001185137732222934,0.00014947683109118088,0.0012598761477685245,0.0015161221439248345,0.007730087550715354,0.009427717275250908,0.006245996156310058,0.014915652359598549,0.02736493700619261,0.02096946401879137,0.07078795643818066,0.028923766816143497,0.0209908178518044,0.02376681614349776,0.029030535981208628,0.02607303010890455,0.04830237027546445,0.03261797992739697,0.0364509929532351,0.029030535981208628,0.025763399530215673,0.02194106342088405,0.01827888105915012,0.03341874866538544,0.061659192825112105,0.04634849455477258,0.04579329489643391,0.019325218876788383,0.05175101430706812,0.04712790945974803,0.04387144992526158,0.04282511210762332,0.029318812726884476,0.013442237881699765,0.016474482169549436,0.015257313687806962,0.0019218449711723255,0.0034379671150971598,0.00036301516122143925,0.0022955370489002778,0.0013666453128336536,0.002242152466367713,0.00874439461883408,0.005551996583386718,0.0003736920777279522,0.0,0.0033205210335255178,2.1353833013025838e-05,0.0010143070681187273,0.0,0.0,0.0,0.0,0.0,0.0,0.0,0.0,0.0,0.0,0.0,0.0,0.0,0.0,0.0,0.0,0.0,0.0,0.0,0.0,0.0,0.0,0.0,0.0,0.0,0.0,0.0,0.0,0.0,0.0,nan,nan,4.2878387309980175,2.783098150568451,nan,0.8506846606856898,0.03456163236855593,0.0,0.0,0.0,0.0,0.0,0.0,0.0,0.0,0.0,0.0,0.0,0.0,0.0,0.0,0.0,0.0,0.0,0.0,0.0,0.0,0.0,0.037894736842105266,0.34105263157894744,1.553684210526311,6.442105263157896,13.023157894736846,6.480000000000001,1.667368421052632,0.4042105263157896,0.0505263157894737,0.8499071726662654,0.03487999983550307,0.0,0.0,0.0,0.0,0.0,0.0,0.0,0.0,0.0,0.0,0.0,0.0,0.0,0.0,0.0,0.0,0.0,0.0,0.0,0.0,0.01299826689774697,0.05199306759098788,0.45493934142114395,1.6507798960138598,6.330155979202774,12.816291161178512,6.655112651646449,1.6637781629116122,0.2989601386481803,0.06499133448873484,0.4333,0.01672,0.0,0.0,0.0,0.0,0.0,0.0,0.0,0.0,0.0,0.0,0.0,0.7452631578947357,14.18526315789474,14.450526315789476,0.6189473684210527,0.0,0.0,0.0,0.0,0.0,0.0,0.0,0.0,0.0,0.0,0.0,0.0,0.0,0.0,0.0,0.4333,0.01625,0.0,0.0,0.0,0.0,0.0,0.0,0.0,0.0,0.0,0.0,0.0,0.6499133448873474,14.688041594454075,13.999133448873486,0.6629116117850954,0.0,0.0,0.0,0.0,0.0,0.0,0.0,0.0,0.0,0.0,0.0,0.0,0.0,0.0,0.0
72300,4638,2388,0.5148771021992238,1113,939,0.4424320827943079,1318,0.5683484260457093,0.46199999999999997,3.027111111111111,3.0760253013135292,6.558421851289833,2.066607388503562,6649.800000000001,9.094947017729282e-13,6649.8,6649.8,6649.800000000001,9.094947017729282e-13,6649.800000000002,1.8189894035458565e-12,28.30573523070289,20.940903662281187,33.099184089750125,19.213396873694155,0.13367830961621388,0.10284605433376455,0.08904700301854247,0.08538163001293661,0.08193186718413109,0.07567917205692108,0.06942647692971109,0.06188012074169901,0.06274256144890039,0.0513152220784821,0.043553255713669685,0.04570935748167314,0.03622250970245795,0.02695127210004312,0.015092712376024149,0.009918068132815868,0.008624407072013798,0.8502110787741631,0.035360533923361005,0.0,0.0,0.0,0.0,0.0,0.0,0.0,0.0,0.0,0.0,0.0,0.0,0.0,0.0,0.0,0.0,0.0,0.0,0.0,0.0,0.0064683053040103505,0.08408796895213456,0.3557567917205693,1.552393272962479,6.390685640362227,13.260025873221219,6.3001293661060815,1.4230271668822772,0.47218628719275557,0.1552393272962484,4.299365185432676,2.8194214984018666,4.714285714285714,2.6572964625340387,1.0965073937563836,4.392430278884462,2.8544917779198467,4.212201591511937,2.7792447272218705,0.9589683441900191,0.4346,0.01665,0.0,0.0,0.0,0.0,0.0,0.0,0.0,0.0,0.0,0.0,0.0,0.6015523932729616,13.46054333764554,15.200517464424324,0.73738680465718,0.0,0.0,0.0,0.0,0.0,0.0,0.0,0.0,0.0,0.0,0.0,0.0,0.0,0.0,0.0,nan,nan,4.302256138022561,2.818535474742636,nan,0.4346,0.08777,0.0,0.0,0.0,0.0,0.0,0.0,0.0,0.0,0.0,0.0,0.0,0.0,0.0,0.0,0.0,0.0,0.0,0.0,0.0,0.0,0.0,0.0,0.0008947822337214316,0.00010780508840017249,0.0006791720569210867,0.0013260025873221217,0.008538163001293661,0.008527382492453644,0.005541181543768866,0.01485554118154377,0.027695127210004312,0.022660629581716257,0.06845623113410954,0.029118154376886588,0.01822984044846917,0.026034928848641656,0.02879473911168607,0.023857266062958172,0.04773609314359638,0.032891332470892626,0.034659335920655454,0.030282449331608452,0.02566839154808107,0.02242345838723588,0.018326865028029323,0.03536006899525657,0.06176153514445882,0.04703536006899526,0.04551530832255282,0.018434670116429495,0.05184346701164295,0.048878827080638204,0.04377964639931005,0.04275549805950841,0.029646399310047433,0.012451487710219922,0.016677447175506684,0.015610176800344976,0.002263906856403622,0.003773178094006037,0.0003234152652005175,0.0022423458387235877,0.0010133678309616214,0.0022315653298835706,0.010586459680896939,0.005487278999568779,0.00022639068564036223,0.0,0.003719275549805951,0.0,0.0010780508840017248,0.0,0.0,0.0,0.0,0.0,0.0,0.0,0.0,0.0,0.0,0.0,0.0,0.0,0.0,0.0,0.0,0.0,0.0,0.0,0.0,0.0,0.0,0.0,0.0,0.0,0.0,0.0,0.0,0.0,0.0,nan,nan,4.302256138022561,2.818535474742636,nan,0.8491880186089319,0.03603384579445612,0.0,0.0,0.0,0.0,0.0,0.0,0.0,0.0,0.0,0.0,0.0,0.0,0.0,0.0,0.0,0.0,0.0,0.0,0.0,0.0,0.012562814070351761,0.08793969849246233,0.4145728643216081,1.6959798994974822,6.407035175879399,13.153266331658294,6.268844221105529,1.319095477386935,0.4773869346733669,0.1633165829145729,0.8512968866295285,0.03459853342615637,0.0,0.0,0.0,0.0,0.0,0.0,0.0,0.0,0.0,0.0,0.0,0.0,0.0,0.0,0.0,0.0,0.0,0.0,0.0,0.0,0.0,0.08000000000000002,0.2933333333333334,1.3999999999999955,6.373333333333335,13.373333333333337,6.333333333333335,1.5333333333333337,0.4666666666666668,0.1466666666666667,0.4346,0.0169,0.0,0.0,0.0,0.0,0.0,0.0,0.0,0.0,0.0,0.0,0.0,0.6155778894472353,13.429648241206033,15.201005025125632,0.7537688442211057,0.0,0.0,0.0,0.0,0.0,0.0,0.0,0.0,0.0,0.0,0.0,0.0,0.0,0.0,0.0,0.4343,0.01637,0.0,0.0,0.0,0.0,0.0,0.0,0.0,0.0,0.0,0.0,0.0,0.5866666666666659,13.493333333333336,15.200000000000003,0.7200000000000002,0.0,0.0,0.0,0.0,0.0,0.0,0.0,0.0,0.0,0.0,0.0,0.0,0.0,0.0,0.0
72400,4738,2383,0.5029548332629802,1127,958,0.4400590966652596,1342,0.5664837484170536,0.46199999999999997,3.008067940552017,3.188943658945326,6.761467889908257,2.190048730423479,6649.800000000001,9.094947017729282e-13,6649.8,6649.8,6649.800000000001,9.094947017729282e-13,6649.800000000001,9.094947017729282e-13,27.535035880118194,20.80004243531923,32.36505146874215,19.17434064007899,0.13993246095398904,0.1044744617982271,0.09940903334740397,0.08632334318277754,0.07999155761924863,0.07809202195018995,0.06648374841705361,0.06247361756015196,0.056563951034191644,0.04854368932038835,0.04685521317011397,0.036091177712114814,0.034613761080624736,0.026593499366821444,0.016673701983959476,0.009919797382861967,0.0069649641198818064,0.8504436683081131,0.03516960668394879,0.0,0.0,0.0,0.0,0.0,0.0,0.0,0.0,0.0,0.0,0.0,0.0,0.0,0.0,0.0,0.0,0.0,0.0,0.0,0.006331785563528917,0.0,0.03165892781764458,0.36724356268467717,1.7285774588433884,6.4014352047277345,12.701561840439007,6.730688054031238,1.5069649641198821,0.43689320388349523,0.08864499788940483,4.438168449197861,2.932881148731983,4.4,2.154065922853802,0.9913999548158747,4.536834924965894,2.9336118328981335,4.34375,2.9246727915272848,0.9574406104345211,0.4348,0.01637,0.0,0.0,0.0,0.0,0.0,0.0,0.0,0.0,0.0,0.0,0.0,0.5635289151540727,13.277754326720139,15.411566061629383,0.7471506964964122,0.0,0.0,0.0,0.0,0.0,0.0,0.0,0.0,0.0,0.0,0.0,0.0,0.0,0.0,0.0,nan,nan,4.438041305796136,2.930631245078372,nan,0.4348,0.08795,0.0,0.0,0.0,0.0,0.0,0.0,0.0,0.0,0.0,0.0,0.0,0.0,0.0,0.0,0.0,0.0,0.0,0.0,0.0,0.0,0.0,0.0,0.0009392148585901225,5.276487969607429e-05,0.000970873786407767,0.0010869565217391304,0.00825242718446602,0.007851414098775855,0.006226255804136767,0.014964119881806669,0.030002110595187842,0.021010975094976785,0.06805614183199662,0.029252849303503588,0.018910932883073026,0.025495989869143098,0.02888349514563107,0.022625580413676658,0.04955677501055297,0.032524271844660196,0.033220768256648374,0.029157872520050653,0.024292950612072605,0.021907978049810047,0.017412410299704518,0.036787674124103,0.061281131279020684,0.049335162515829464,0.047034613761080625,0.018562684677078937,0.05252216124947235,0.04977838750527649,0.0439636977627691,0.04095609962009287,0.029463908822287884,0.01296960742929506,0.014710848459265513,0.01617771211481638,0.0022794428028704095,0.004010130856901647,0.00018995356690586747,0.0019628535246939637,0.0013824398480371464,0.0021211481637821864,0.010067539046010975,0.005804136766568172,0.0002638243984803715,3.165892781764457e-05,0.004062895736597721,4.2211903756859436e-05,0.0015301815111861544,0.0,0.0,5.276487969607429e-05,0.0,0.0,0.0,0.0,0.0,0.0,0.0,0.0,0.0,0.0,0.0,0.0,0.0,0.0,0.0,0.0,0.0,0.0,0.0,0.0,0.0,0.0,0.0,0.0,0.0,0.0,0.0,nan,nan,4.438041305796136,2.930631245078372,nan,0.8516737719668693,0.03524069293506965,0.0,0.0,0.0,0.0,0.0,0.0,0.0,0.0,0.0,0.0,0.0,0.0,0.0,0.0,0.0,0.0,0.0,0.0,0.0,0.0,0.0,0.03776751993285775,0.3776751993285775,1.6365925304238302,5.954678976080572,12.86613512379354,7.075115400755352,1.4603441040704999,0.47838858581619814,0.11330255979857325,0.8491989392130744,0.03505361641642855,0.0,0.0,0.0,0.0,0.0,0.0,0.0,0.0,0.0,0.0,0.0,0.0,0.0,0.0,0.0,0.0,0.0,0.0,0.0,0.012738853503184716,0.0,0.02547770700636943,0.35668789808917206,1.8216560509554083,6.853503184713377,12.53503184713376,6.382165605095543,1.5541401273885354,0.3949044585987262,0.06369426751592358,0.4346,0.01627,0.0,0.0,0.0,0.0,0.0,0.0,0.0,0.0,0.0,0.0,0.0,0.5539236256819128,13.281577843054976,15.409148132605962,0.755350398657155,0.0,0.0,0.0,0.0,0.0,0.0,0.0,0.0,0.0,0.0,0.0,0.0,0.0,0.0,0.0,0.4348,0.01648,0.0,0.0,0.0,0.0,0.0,0.0,0.0,0.0,0.0,0.0,0.0,0.5732484076433112,13.273885350318475,15.414012738853506,0.7388535031847135,0.0,0.0,0.0,0.0,0.0,0.0,0.0,0.0,0.0,0.0,0.0,0.0,0.0,0.0,0.0
72500,4950,2446,0.49414141414141416,1134,1055,0.44222222222222224,1407,0.5684848484848485,0.43799999999999994,2.9257188498402558,3.0403426761939545,6.39221140472879,2.1186621542557216,6649.800000000001,9.094947017729282e-13,6649.8,6649.8,6649.800000000002,1.8189894035458565e-12,6649.800000000002,1.8189894035458565e-12,28.10929292929293,20.84849568259839,32.867383512544805,19.158319191131103,0.13333333333333333,0.10202020202020202,0.09737373737373738,0.08545454545454545,0.07353535353535354,0.07777777777777778,0.07232323232323232,0.06303030303030303,0.06222222222222222,0.04909090909090909,0.046464646464646465,0.043838383838383836,0.03191919191919192,0.02727272727272727,0.01696969696969697,0.009898989898989899,0.007474747474747475,0.8498809597347722,0.03360296082466065,0.0,0.0,0.0,0.0,0.0,0.0,0.0,0.0,0.0,0.0,0.0,0.0,0.0,0.0,0.0,0.0,0.0,0.0,0.0,0.0,0.0,0.03636363636363637,0.24848484848484853,1.6424242424242372,6.6787878787878805,12.903030303030306,6.690909090909092,1.4303030303030306,0.27272727272727276,0.096969696969697,4.335327455919395,2.7995522008018416,4.25,2.553592241007427,0.980318105890043,4.324937027707809,2.819321212510034,4.345,2.7779893808292355,1.0046389050669773,0.4333,0.01666,0.0,0.0,0.0,0.0,0.0,0.0,0.0,0.0,0.0,0.0,0.0,0.6787878787878778,14.339393939393942,14.321212121212124,0.6606060606060608,0.0,0.0,0.0,0.0,0.0,0.0,0.0,0.0,0.0,0.0,0.0,0.0,0.0,0.0,0.0,nan,nan,4.335006273525721,2.798671786821313,nan,0.433,0.0874,0.0,0.0,0.0,0.0,0.0,0.0,0.0,0.0,0.0,0.0,0.0,0.0,0.0,0.0,0.0,0.0,0.0,0.0,0.0,2.0202020202020203e-05,9.09090909090909e-05,1.0101010101010101e-05,0.0010808080808080809,3.0303030303030302e-05,0.0012323232323232323,0.0012121212121212121,0.008535353535353535,0.008101010101010102,0.005717171717171717,0.01605050505050505,0.030878787878787877,0.022030303030303032,0.06814141414141414,0.027303030303030305,0.018424242424242423,0.025656565656565655,0.029707070707070706,0.02218181818181818,0.051676767676767675,0.03392929292929293,0.03244444444444444,0.027535353535353534,0.025404040404040405,0.02327272727272727,0.019454545454545454,0.0348989898989899,0.061343434343434346,0.04902020202020202,0.04795959595959596,0.01983838383838384,0.05164646464646465,0.051565656565656565,0.043393939393939394,0.03938383838383838,0.027696969696969696,0.013838383838383839,0.01397979797979798,0.013828282828282829,0.002212121212121212,0.0042525252525252525,0.00011111111111111112,0.001696969696969697,0.0007070707070707071,0.002171717171717172,0.00906060606060606,0.005313131313131313,0.0003131313131313131,7.07070707070707e-05,0.004353535353535353,2.0202020202020203e-05,0.0011515151515151514,0.0,0.0,0.0,5.0505050505050505e-05,0.0,0.0,0.0,0.0,0.0,0.0,0.0,0.0,0.0,0.0,0.0,0.0,0.0,0.0,0.0,0.0,0.0,0.0,0.0,0.0,0.0,0.0,0.0,0.0,0.0,0.0,nan,nan,4.335006273525721,2.798671786821313,nan,0.8502425306513967,0.033209345784858714,0.0,0.0,0.0,0.0,0.0,0.0,0.0,0.0,0.0,0.0,0.0,0.0,0.0,0.0,0.0,0.0,0.0,0.0,0.0,0.0,0.0,0.024529844644317258,0.2575633687653312,1.5576451349141407,6.451349141455439,13.013082583810306,6.880621422730991,1.4840556009811943,0.24529844644317259,0.0858544562551104,0.8495277638633412,0.03397934233675786,0.0,0.0,0.0,0.0,0.0,0.0,0.0,0.0,0.0,0.0,0.0,0.0,0.0,0.0,0.0,0.0,0.0,0.0,0.0,0.0,0.0,0.04792332268370608,0.23961661341853038,1.7252396166134132,6.900958466453676,12.795527156549523,6.505591054313101,1.3777955271565498,0.29952076677316297,0.10782747603833868,0.433,0.01668,0.0,0.0,0.0,0.0,0.0,0.0,0.0,0.0,0.0,0.0,0.0,0.6377759607522476,14.509403107113657,14.202780049059692,0.6500408830744073,0.0,0.0,0.0,0.0,0.0,0.0,0.0,0.0,0.0,0.0,0.0,0.0,0.0,0.0,0.0,0.4333,0.01666,0.0,0.0,0.0,0.0,0.0,0.0,0.0,0.0,0.0,0.0,0.0,0.7188498402555901,14.173322683706074,14.436900958466456,0.6709265175718852,0.0,0.0,0.0,0.0,0.0,0.0,0.0,0.0,0.0,0.0,0.0,0.0,0.0,0.0,0.0
72600,4689,2442,0.5207933461292387,1160,948,0.44956280656856473,1322,0.563872894007251,0.494,3.1602136181575435,3.1542684537269188,6.750746268656717,2.052073806121422,6649.800000000001,9.094947017729282e-13,6649.8,6649.8,6649.800000000002,1.8189894035458565e-12,6649.800000000001,9.094947017729282e-13,28.32139048837705,20.950034824958884,33.10433467741935,19.21642183933694,0.13371721049264235,0.10471315845596076,0.08509277031349968,0.08999786734911495,0.07933461292386436,0.07059074429515888,0.07336319044572404,0.06355299637449349,0.05950095969289827,0.05182341650671785,0.05331627212625293,0.03988057155043719,0.03049690765621668,0.027511196417146513,0.01876732778844103,0.01108978460226061,0.0072510130091703985,0.8493927543314314,0.03441594907086883,0.0,0.0,0.0,0.0,0.0,0.0,0.0,0.0,0.0,0.0,0.0,0.0,0.0,0.0,0.0,0.0,0.0,0.0,0.0,0.0,0.012795905310300707,0.05118362124120283,0.326295585412668,1.5738963531669816,6.980166346769035,12.635956493921949,6.481126039667308,1.4971209213051828,0.36468330134357013,0.07677543186180423,4.375288303130148,2.8812606282927335,4.578947368421052,2.6019383356438475,1.0465475761094882,4.430537352555701,2.922338710391203,4.322643979057592,2.8353527946461488,0.9756477905697212,0.433,0.01631,0.0,0.0,0.0,0.0,0.0,0.0,0.0,0.0,0.0,0.0,0.0,0.5822136916186812,14.433781190019197,14.401791426743445,0.563019833653231,0.019193857965451058,0.0,0.0,0.0,0.0,0.0,0.0,0.0,0.0,0.0,0.0,0.0,0.0,0.0,0.0,nan,nan,4.376555337262606,2.8796511514094925,nan,0.433,0.08685,0.0,0.0,0.0,0.0,0.0,0.0,0.0,0.0,0.0,0.0,0.0,0.0,0.0,0.0,0.0,0.0,0.0,0.0,0.0,0.0,6.397952655150352e-05,0.0,0.0007570910641927916,4.2653017701002346e-05,0.001108978460226061,0.0012049477500533164,0.008168052889741949,0.006621880998080614,0.005918106206014076,0.01668799317551717,0.03049690765621668,0.022467477074002987,0.06714651311580294,0.029046705054382598,0.019151204947750054,0.025570484111750908,0.028812113457027083,0.02141181488590318,0.05247387502665814,0.03254425250586479,0.03338664960545959,0.029291959906163362,0.025623800383877158,0.02306461932181702,0.019748347195564085,0.038846235871187886,0.06259330347622094,0.048496481126039666,0.04697163574322883,0.02070804009383664,0.04806995094902965,0.05057581573896353,0.04423117935593943,0.03846235871187886,0.028246960972488803,0.013894220516101514,0.01292386436340371,0.01381957773512476,0.002985711239070164,0.004201322243548731,3.198976327575176e-05,0.002036681595222862,0.0003732139048837705,0.001780763489016848,0.009138409042439753,0.004563872894007251,0.00024525485178076347,0.0,0.003956067391767968,0.0,0.001908722542119855,1.0663254425250586e-05,0.0,0.0,0.00011729579867775645,0.0,0.0,0.0,0.0,0.0,0.0,0.0,0.0,0.0,0.0,0.0,0.0,0.0,0.0,0.0,0.0,0.0,0.0,0.0,0.0,0.0,0.0,0.0,0.0,0.0,0.0,nan,nan,4.376555337262606,2.8796511514094925,nan,0.8490122461250627,0.0347941471906826,0.0,0.0,0.0,0.0,0.0,0.0,0.0,0.0,0.0,0.0,0.0,0.0,0.0,0.0,0.0,0.0,0.0,0.0,0.0,0.0,0.012285012285012288,0.061425061425061434,0.36855036855036866,1.6339066339066288,7.051597051597053,12.469287469287472,6.449631449631451,1.5110565110565115,0.36855036855036866,0.07371007371007372,0.8498062839442271,0.03399533091736648,0.0,0.0,0.0,0.0,0.0,0.0,0.0,0.0,0.0,0.0,0.0,0.0,0.0,0.0,0.0,0.0,0.0,0.0,0.0,0.0,0.013351134846461953,0.040053404539385856,0.28037383177570097,1.5086782376501957,6.90253671562083,12.817089452603474,6.515353805073433,1.4819759679572768,0.36048064085447273,0.08010680907877171,0.4329,0.01637,0.0,0.0,0.0,0.0,0.0,0.0,0.0,0.0,0.0,0.0,0.0,0.5282555282555275,14.692874692874696,14.140049140049143,0.638820638820639,0.0,0.0,0.0,0.0,0.0,0.0,0.0,0.0,0.0,0.0,0.0,0.0,0.0,0.0,0.0,0.4333,0.01624,0.0,0.0,0.0,0.0,0.0,0.0,0.0,0.0,0.0,0.0,0.0,0.6408544726301727,14.152202937249669,14.686248331108148,0.4806408544726303,0.040053404539385856,0.0,0.0,0.0,0.0,0.0,0.0,0.0,0.0,0.0,0.0,0.0,0.0,0.0,0.0
72700,5125,2613,0.5098536585365854,1258,1098,0.45970731707317075,1525,0.5951219512195122,0.42999999999999994,3.0286624203821657,3.1145804832556414,6.799717912552891,1.9927796123335297,6649.800000000003,2.7284841053187847e-12,6649.8,6649.8,6649.800000000001,9.094947017729282e-13,6649.800000000002,1.8189894035458565e-12,27.844682926829268,20.561419556240693,32.78079962807996,18.743480466113038,0.13931707317073172,0.09404878048780488,0.08702439024390243,0.09502439024390244,0.0895609756097561,0.0737560975609756,0.0704390243902439,0.06575609756097561,0.05248780487804878,0.04936585365853659,0.0544390243902439,0.04019512195121951,0.030634146341463414,0.025170731707317075,0.0175609756097561,0.010341463414634147,0.004878048780487805,0.8476863805724353,0.03339274356751361,0.0,0.0,0.0,0.0,0.0,0.0,0.0,0.0,0.0,0.0,0.0,0.0,0.0,0.0,0.0,0.0,0.0,0.0,0.0,0.0,0.011707317073170735,0.08195121951219514,0.26926829268292685,1.5629268292682879,7.457560975609757,12.960000000000003,6.081951219512197,1.2702439024390249,0.22243902439024393,0.08195121951219514,4.3204552261156035,2.9006259152511387,4.0,2.7712812921102037,0.9258283654512686,4.326809015421115,2.936954005945366,4.309481216457961,2.8628331256748325,0.9959952475597151,0.4333,0.01625,0.0,0.0,0.0,0.0,0.0,0.0,0.0,0.0,0.0,0.0,0.0,0.4624390243902432,14.51707317073171,14.370731707317075,0.6497560975609757,0.0,0.0,0.0,0.0,0.0,0.0,0.0,0.0,0.0,0.0,0.0,0.0,0.0,0.0,0.0,nan,nan,4.31807372175981,2.8998165671269023,nan,0.4333,0.08746,0.0,0.0,0.0,0.0,0.0,0.0,0.0,0.0,0.0,0.0,0.0,0.0,0.0,0.0,0.0,0.0,0.0,0.0,0.0,0.0,0.00016585365853658536,0.0,0.0008,7.804878048780487e-05,0.0014634146341463415,0.0013170731707317074,0.007697560975609756,0.007063414634146342,0.00488780487804878,0.017248780487804878,0.0323609756097561,0.022175609756097562,0.06426341463414634,0.02970731707317073,0.019258536585365853,0.024946341463414633,0.030078048780487806,0.02164878048780488,0.05279024390243903,0.033473170731707316,0.03159024390243902,0.031365853658536585,0.02408780487804878,0.023209756097560975,0.01704390243902439,0.04011707317073171,0.0603609756097561,0.05057560975609756,0.04545365853658537,0.019590243902439023,0.047892682926829265,0.048995121951219515,0.04527804878048781,0.037980487804878046,0.029326829268292682,0.01433170731707317,0.015248780487804878,0.01408780487804878,0.0020878048780487803,0.004517073170731707,8.780487804878048e-05,0.0020097560975609755,0.0003414634146341463,0.002380487804878049,0.01041951219512195,0.004517073170731707,0.00024390243902439024,1.951219512195122e-05,0.0032878048780487805,0.0,0.0019414634146341463,0.0,0.0,4.878048780487805e-05,0.00013658536585365853,0.0,0.0,0.0,0.0,0.0,0.0,0.0,0.0,0.0,0.0,0.0,0.0,0.0,0.0,0.0,0.0,0.0,0.0,0.0,0.0,0.0,0.0,0.0,0.0,0.0,0.0,nan,nan,4.31807372175981,2.8998165671269023,nan,0.8472004837566438,0.034479045399407535,0.0,0.0,0.0,0.0,0.0,0.0,0.0,0.0,0.0,0.0,0.0,0.0,0.0,0.0,0.0,0.0,0.0,0.0,0.0,0.0,0.022962112514351325,0.0918484500574053,0.3099885189437429,1.7566016073478705,7.5200918484500585,12.721010332950634,5.9701492537313445,1.2514351320321473,0.25258323765786456,0.10332950631458096,0.8481918138445942,0.03221615418846974,0.0,0.0,0.0,0.0,0.0,0.0,0.0,0.0,0.0,0.0,0.0,0.0,0.0,0.0,0.0,0.0,0.0,0.0,0.0,0.0,0.0,0.07165605095541402,0.22691082802547774,1.361464968152862,7.39251592356688,13.208598726114653,6.198248407643313,1.2898089171974525,0.19108280254777074,0.05971337579617836,0.4336,0.01619,0.0,0.0,0.0,0.0,0.0,0.0,0.0,0.0,0.0,0.0,0.0,0.4936854190585527,14.225028702640646,14.695752009184847,0.5855338691159587,0.0,0.0,0.0,0.0,0.0,0.0,0.0,0.0,0.0,0.0,0.0,0.0,0.0,0.0,0.0,0.4333,0.0163,0.0,0.0,0.0,0.0,0.0,0.0,0.0,0.0,0.0,0.0,0.0,0.4299363057324834,14.820859872611468,14.032643312101914,0.7165605095541403,0.0,0.0,0.0,0.0,0.0,0.0,0.0,0.0,0.0,0.0,0.0,0.0,0.0,0.0,0.0
72800,4342,2258,0.5200368493781667,1037,876,0.44058037770612624,1225,0.5642561031782589,0.44199999999999995,2.950095969289827,2.941105363387074,6.1980519480519485,1.9828148291386287,6649.800000000001,9.094947017729282e-13,6649.8,6649.8,6649.800000000002,1.8189894035458565e-12,6649.800000000001,9.094947017729282e-13,28.70474435743897,21.143962043018547,33.424119241192415,19.42119964106174,0.1317365269461078,0.09626900046061723,0.0955780746199908,0.08498387839705204,0.07623215108245049,0.0748502994011976,0.0713956701980654,0.06379548595117457,0.06310456011054813,0.048134500230308616,0.0490557346844772,0.04237678489175495,0.03754030400736988,0.025333947489636112,0.018885306310456013,0.011285122063565177,0.009442653155228006,0.8474363876975994,0.03411322033838012,0.0,0.0,0.0,0.0,0.0,0.0,0.0,0.0,0.0,0.0,0.0,0.0,0.0,0.0,0.0,0.0,0.0,0.0,0.0,0.0,0.013818516812528792,0.06909258406264396,0.3178258866881622,1.7825886688162083,7.399815753109168,12.816674343620456,5.762321510824506,1.485490557346845,0.26255181943804706,0.08982035928143715,4.183629893238434,2.7317330527637416,3.9444444444444446,1.7150387822703481,0.9428282484594156,4.240596167494677,2.721968286923499,4.124031007751938,2.7298070908199117,0.9725120819953944,0.434,0.01709,0.0,0.0,0.0,0.0,0.0,0.0,0.0,0.0,0.0,0.0,0.0,0.7461999078765535,13.590511285122068,14.730538922155691,0.9327498848456934,0.0,0.0,0.0,0.0,0.0,0.0,0.0,0.0,0.0,0.0,0.0,0.0,0.0,0.0,0.0,nan,nan,4.182107496463932,2.726527356974684,nan,0.434,0.08777,0.0,0.0,0.0,0.0,0.0,0.0,0.0,0.0,0.0,0.0,0.0,0.0,0.0,0.0,0.0,0.0,0.0,0.0,0.0,0.0,0.0002533394748963611,0.0,0.0007945647167204053,1.1515430677107323e-05,0.0009097190234914785,0.0012321510824504836,0.006690465223399355,0.0068862275449101795,0.005239520958083832,0.015545831414094886,0.03376324274527867,0.023733302625518194,0.0647742975587287,0.02831644403500691,0.020497466605251036,0.026865499769691388,0.027533394748963613,0.022178719484108704,0.05200368493781667,0.034799631506218336,0.029721326577614,0.033026255181943805,0.023042376784891756,0.02281206817134961,0.01597190234914786,0.039785812989405804,0.060363887609396594,0.04993090741593736,0.040914325195762324,0.020128972823583603,0.04839935513588208,0.05099032703823123,0.04626900046061723,0.03740211883924459,0.03129894058037771,0.014659143251957623,0.014175495163519116,0.015925840626439428,0.001957623215108245,0.004836480884385076,1.1515430677107323e-05,0.0022800552740672502,0.0007600184246890834,0.0023606632888070016,0.010893597420543528,0.004525564256103178,0.00021879318286503914,0.0,0.0031091662828189775,0.0,0.001819438046982957,0.0,0.0,0.0001497005988023952,0.00023030861354214648,0.0,0.0,0.0,0.0,0.0,0.0,0.0,0.0,0.0,0.0,0.0,0.0,0.0,0.0,0.0,0.0,0.0,0.0,0.0,0.0,0.0,0.0,0.0,0.0,0.0,0.0,nan,nan,4.182107496463932,2.726527356974684,nan,0.847631804994823,0.034550185481930826,0.0,0.0,0.0,0.0,0.0,0.0,0.0,0.0,0.0,0.0,0.0,0.0,0.0,0.0,0.0,0.0,0.0,0.0,0.0,0.0,0.013286093888396815,0.03985828166519044,0.3852967227635076,1.8334809565987544,7.413640389725423,12.435783879539418,5.925597874224979,1.6076173604960147,0.23914968999114267,0.10628875110717452,0.8472246543688418,0.03363208271241593,0.0,0.0,0.0,0.0,0.0,0.0,0.0,0.0,0.0,0.0,0.0,0.0,0.0,0.0,0.0,0.0,0.0,0.0,0.0,0.0,0.014395393474088296,0.10076775431861806,0.244721689059501,1.7274472168905897,7.384836852207296,13.229366602687143,5.585412667946258,1.3531669865642997,0.2879078694817659,0.07197696737044147,0.434,0.0171,0.0,0.0,0.0,0.0,0.0,0.0,0.0,0.0,0.0,0.0,0.0,0.7838795394154108,13.445527015057577,14.906997342781226,0.8635961027457929,0.0,0.0,0.0,0.0,0.0,0.0,0.0,0.0,0.0,0.0,0.0,0.0,0.0,0.0,0.0,0.4343,0.01704,0.0,0.0,0.0,0.0,0.0,0.0,0.0,0.0,0.0,0.0,0.0,0.7053742802303253,13.747600767754323,14.539347408829178,1.0076775431861806,0.0,0.0,0.0,0.0,0.0,0.0,0.0,0.0,0.0,0.0,0.0,0.0,0.0,0.0,0.0
72900,3952,2050,0.5187246963562753,986,791,0.44964574898785425,1104,0.5587044534412956,0.478,3.101472134595163,3.1319908872781284,6.550802139037433,2.1638754016988644,6649.800000000001,9.094947017729282e-13,6649.8,6649.8,6649.800000000002,1.8189894035458565e-12,6649.800000000003,2.7284841053187847e-12,28.425101214574898,20.904434991591877,33.1532041728763,19.13683765168756,0.1333502024291498,0.09817813765182186,0.09210526315789473,0.08552631578947369,0.08350202429149797,0.06983805668016195,0.07009109311740891,0.06705465587044535,0.05921052631578947,0.04832995951417004,0.05313765182186235,0.04276315789473684,0.03213562753036437,0.031123481781376517,0.018724696356275303,0.008856275303643725,0.006072874493927126,0.8473305804013964,0.03236910426161981,0.0,0.0,0.0,0.0,0.0,0.0,0.0,0.0,0.0,0.0,0.0,0.0,0.0,0.0,0.0,0.0,0.0,0.0,0.0,0.0,0.0,0.03795546558704454,0.3112348178137652,1.7307692307692255,6.976214574898787,13.618421052631582,5.883097165991904,1.1690283400809718,0.1897773279352227,0.08350202429149799,4.37874659400545,2.927997997085255,4.363636363636363,3.523240431832018,0.9965491882106691,4.402961808261886,2.962307871058871,4.354664610639938,2.8990805283526133,0.9890307479998302,0.4348,0.01656,0.0,0.0,0.0,0.0,0.0,0.0,0.0,0.0,0.0,0.0,0.0,0.47064777327935153,13.671558704453444,15.045546558704457,0.8122469635627533,0.0,0.0,0.0,0.0,0.0,0.0,0.0,0.0,0.0,0.0,0.0,0.0,0.0,0.0,0.0,nan,nan,4.3786821705426355,2.93079264878074,nan,0.4348,0.0869,0.0,0.0,0.0,0.0,0.0,0.0,0.0,0.0,0.0,0.0,0.0,0.0,0.0,0.0,0.0,0.0,0.0,0.0,0.0,0.0,0.000493421052631579,0.0,0.0008350202429149798,0.0,0.0006452429149797571,0.0010247975708502024,0.007527834008097166,0.006515688259109312,0.004693825910931174,0.014764676113360324,0.032110323886639675,0.023557692307692307,0.06081730769230769,0.027897267206477734,0.02069838056680162,0.025607287449392713,0.02902327935222672,0.02408906882591093,0.05211285425101215,0.036955971659919026,0.029339574898785425,0.03128795546558705,0.024607793522267208,0.023140182186234818,0.014258603238866397,0.04176366396761134,0.06497975708502024,0.04798836032388664,0.041928137651821865,0.019256072874493928,0.044496457489878544,0.05236589068825911,0.046406882591093115,0.037398785425101215,0.03141447368421053,0.015637651821862348,0.01639676113360324,0.01680161943319838,0.0023152834008097166,0.00527580971659919,0.0,0.002264676113360324,0.000923582995951417,0.002125506072874494,0.008919534412955465,0.004352226720647773,0.00012651821862348178,0.0,0.003327429149797571,2.5303643724696355e-05,0.0013917004048582995,0.0,0.0,0.0,0.00010121457489878542,1.2651821862348178e-05,0.0,0.0,0.0,0.0,0.0,0.0,0.0,0.0,0.0,0.0,0.0,0.0,0.0,0.0,0.0,0.0,0.0,0.0,0.0,0.0,0.0,0.0,0.0,0.0,0.0,nan,nan,4.3786821705426355,2.93079264878074,nan,0.8477582264528042,0.03237028703281211,0.0,0.0,0.0,0.0,0.0,0.0,0.0,0.0,0.0,0.0,0.0,0.0,0.0,0.0,0.0,0.0,0.0,0.0,0.0,0.0,0.0,0.014634146341463419,0.3658536585365854,1.6536585365853607,6.760975609756099,13.902439024390247,5.8829268292682935,1.0975609756097564,0.20487804878048785,0.11707317073170735,0.8468696580010885,0.0323615021195534,0.0,0.0,0.0,0.0,0.0,0.0,0.0,0.0,0.0,0.0,0.0,0.0,0.0,0.0,0.0,0.0,0.0,0.0,0.0,0.0,0.0,0.06309148264984228,0.2523659305993691,1.8138801261829596,7.208201892744482,13.312302839116724,5.8832807570977925,1.246056782334385,0.17350157728706628,0.04731861198738171,0.4346,0.01646,0.0,0.0,0.0,0.0,0.0,0.0,0.0,0.0,0.0,0.0,0.0,0.409756097560975,13.975609756097565,14.85365853658537,0.7609756097560978,0.0,0.0,0.0,0.0,0.0,0.0,0.0,0.0,0.0,0.0,0.0,0.0,0.0,0.0,0.0,0.435,0.01665,0.0,0.0,0.0,0.0,0.0,0.0,0.0,0.0,0.0,0.0,0.0,0.5362776025236585,13.343848580441644,15.252365930599373,0.8675078864353315,0.0,0.0,0.0,0.0,0.0,0.0,0.0,0.0,0.0,0.0,0.0,0.0,0.0,0.0,0.0
73000,4173,2095,0.5020369039060628,966,879,0.4421279654924515,1200,0.5751258087706685,0.44599999999999995,2.953801732435034,3.0717725824080095,6.564236111111111,2.0689601118077516,6649.800000000001,9.094947017729282e-13,6649.8,6649.8,6649.800000000002,1.8189894035458565e-12,6649.800000000001,9.094947017729282e-13,27.841840402588065,20.996043438773032,32.988789882150044,19.205718006382206,0.14521926671459381,0.09872993050563145,0.09345794392523364,0.08435178528636472,0.07979870596693027,0.07141145458902469,0.07021327582075246,0.06566019650131799,0.06182602444284687,0.048646057991852384,0.04529115744069015,0.04145698538221903,0.03163191948238677,0.02252576084351785,0.01965013179966451,0.012700694943685599,0.007428708363287803,0.8487713898139522,0.03346082180610212,0.0,0.0,0.0,0.0,0.0,0.0,0.0,0.0,0.0,0.0,0.0,0.0,0.0,0.0,0.0,0.0,0.0,0.0,0.0,0.0,0.0,0.014378145219266718,0.3450754852624012,1.5672178289000671,7.102803738317759,13.156002875629047,6.017253774263121,1.4378145219266716,0.2659956865564343,0.09345794392523367,4.430083144368859,2.8212403916689497,3.6363636363636362,2.2672661660618045,0.8208341735043663,4.474001507159005,2.8224064529011916,4.379699248120301,2.8160725436682985,0.9789221664570725,0.4343,0.01631,0.0,0.0,0.0,0.0,0.0,0.0,0.0,0.0,0.0,0.0,0.0,0.5535585909417677,13.522645578720349,15.183321351545654,0.740474478792236,0.0,0.0,0.0,0.0,0.0,0.0,0.0,0.0,0.0,0.0,0.0,0.0,0.0,0.0,0.0,nan,nan,4.426797139631163,2.8196319693314273,nan,0.4343,0.08704,0.0,0.0,0.0,0.0,0.0,0.0,0.0,0.0,0.0,0.0,0.0,0.0,0.0,0.0,0.0,0.0,0.0,0.0,0.0,0.0,0.0005871075964533908,2.3963575365444525e-05,0.0007668344116942248,0.0,0.0005511622334052241,0.0013659237958303378,0.007272945123412413,0.006158638868919243,0.005271986580397795,0.013227893601725377,0.030793194344596212,0.02553318955188114,0.06234124131320393,0.027785765636232924,0.020632638389647736,0.027653965971722982,0.031224538701174216,0.02500599089384136,0.050647016534867,0.03701174215192907,0.02827701893122454,0.030158159597411933,0.024287083632878025,0.022453870117421518,0.014318236280853103,0.042786963815001196,0.06607955907021328,0.04426072369997604,0.04269110951353942,0.01642703091301222,0.04549484783129643,0.0560268392044093,0.043721543254253536,0.037826503714354184,0.0304097771387491,0.015456506110711718,0.0172777378384855,0.016594775940570333,0.0023005032350826744,0.005008387251377906,2.3963575365444525e-05,0.0026240115025161753,0.0010184519530313924,0.0024922118380062306,0.010100647016534866,0.003702372393961179,0.00015576323987538941,3.594536304816679e-05,0.0031631919482386773,2.3963575365444525e-05,0.0009225976515696142,0.0,0.0,0.0,0.0,2.3963575365444525e-05,0.0,0.0,0.0,0.0,0.0,0.0,0.0,0.0,0.0,0.0,0.0,0.0,0.0,0.0,0.0,0.0,0.0,0.0,0.0,0.0,0.0,0.0,0.0,0.0,0.0,nan,nan,4.426797139631163,2.8196319693314273,nan,0.8488210076648466,0.03320234842297823,0.0,0.0,0.0,0.0,0.0,0.0,0.0,0.0,0.0,0.0,0.0,0.0,0.0,0.0,0.0,0.0,0.0,0.0,0.0,0.0,0.0,0.014319809069212415,0.3150357995226731,1.6324582338902098,6.7589498806682595,13.517899761336519,5.942720763723152,1.4463007159904537,0.27207637231503584,0.1002386634844869,0.8487213660422372,0.03371933020746486,0.0,0.0,0.0,0.0,0.0,0.0,0.0,0.0,0.0,0.0,0.0,0.0,0.0,0.0,0.0,0.0,0.0,0.0,0.0,0.0,0.0,0.014436958614051976,0.3753609239653514,1.5014436958614006,7.44947064485082,12.791145332050052,6.092396535129934,1.4292589027911455,0.25986525505293556,0.08662175168431185,0.4346,0.0163,0.0,0.0,0.0,0.0,0.0,0.0,0.0,0.0,0.0,0.0,0.0,0.5727923627684955,13.374701670644395,15.322195704057282,0.730310262529833,0.0,0.0,0.0,0.0,0.0,0.0,0.0,0.0,0.0,0.0,0.0,0.0,0.0,0.0,0.0,0.4343,0.01631,0.0,0.0,0.0,0.0,0.0,0.0,0.0,0.0,0.0,0.0,0.0,0.5341674687199223,13.671799807507222,15.04331087584216,0.7507218479307028,0.0,0.0,0.0,0.0,0.0,0.0,0.0,0.0,0.0,0.0,0.0,0.0,0.0,0.0,0.0
73100,4099,2058,0.502073676506465,950,862,0.4420590387899488,1161,0.5664796291778482,0.45399999999999996,2.866731994120529,3.0323869239982004,6.60931899641577,1.9532307311022654,6649.800000000003,2.7284841053187847e-12,6649.8,6649.8,6649.800000000001,9.094947017729282e-13,6649.800000000002,1.8189894035458565e-12,27.519638936325933,20.814818980920688,32.333816705336424,19.196797823742912,0.13783849719443766,0.10343986338131252,0.09978043425225665,0.08977799463283728,0.08392290802634789,0.07440839229080264,0.07196877287143205,0.05659917052939741,0.054159551110026835,0.051963893632593315,0.044645035374481584,0.036594291290558675,0.036106367406684554,0.02220053671627226,0.020492803122712858,0.009026591851671139,0.0070748963161746765,0.8497924713077532,0.03417459518688437,0.0,0.0,0.0,0.0,0.0,0.0,0.0,0.0,0.0,0.0,0.0,0.0,0.0,0.0,0.0,0.0,0.0,0.0,0.0,0.0,0.0,0.021956574774335207,0.24884118077579903,1.6613808245913586,6.6235667235911215,13.181263722859237,6.3820444010734345,1.3393510612344477,0.35862405464747504,0.1829714564527934,4.3506543494996155,2.8305733435602756,3.2222222222222223,3.1894889098682944,0.7406293314459288,4.396788990825688,2.8296522022051662,4.298921417565485,2.834415733456398,0.9777411257478099,0.435,0.01665,0.0,0.0,0.0,0.0,0.0,0.0,0.0,0.0,0.0,0.0,0.0,0.5489143693583793,13.459380336667483,15.17199316906563,0.8197121249085145,0.0,0.0,0.0,0.0,0.0,0.0,0.0,0.0,0.0,0.0,0.0,0.0,0.0,0.0,0.0,nan,nan,4.346758726505562,2.832664022881673,nan,0.435,0.08734,0.0,0.0,0.0,0.0,0.0,0.0,0.0,0.0,0.0,0.0,0.0,0.0,0.0,0.0,0.0,0.0,1.219809709685289e-05,0.0,0.0,0.0,0.0006099048548426446,0.0,0.001000243961941937,1.219809709685289e-05,0.0006830934374237619,0.0016467431080751402,0.005806294218101976,0.006489387655525738,0.00578189802390827,0.012185898999756037,0.03132471334471822,0.023103195901439375,0.06541839473042206,0.028299585264698706,0.019651134423030008,0.0288972920224445,0.03038545986826055,0.02560380580629422,0.05071968772871432,0.03537448158087338,0.02678702122468895,0.030495242742132226,0.021822395706269822,0.023859477921444255,0.015576969992681142,0.04244937789704806,0.06483288606977311,0.044144913393510614,0.04331544279092461,0.016784581605269577,0.044205903878994875,0.05809953647231032,0.04242498170285435,0.03894852403025128,0.029263234935350085,0.015198828982678702,0.017065137838497193,0.019333983898511833,0.002805562332276165,0.004427909246157599,1.219809709685289e-05,0.003366674798731398,0.0016955354964625518,0.002805562332276165,0.009685289094901196,0.0030861185655037815,0.0003903391070992925,1.219809709685289e-05,0.0025494022932422544,0.0,0.0015491583313003172,0.0,0.0,0.0,0.0,0.0,0.0,0.0,0.0,0.0,0.0,0.0,0.0,0.0,0.0,0.0,0.0,0.0,0.0,0.0,0.0,0.0,0.0,0.0,0.0,0.0,0.0,0.0,0.0,0.0,0.0,nan,nan,4.346758726505562,2.832664022881673,nan,0.8485226934980257,0.03463048581100655,0.0,0.0,0.0,0.0,0.0,0.0,0.0,0.0,0.0,0.0,0.0,0.0,0.0,0.0,0.0,0.0,0.0,0.0,0.0,0.0,0.0,0.029154518950437323,0.32069970845481055,1.807580174927108,6.676384839650147,13.323615160349858,6.10787172011662,1.166180758017493,0.3352769679300292,0.2332361516034986,0.8510728254147688,0.03366019941227269,0.0,0.0,0.0,0.0,0.0,0.0,0.0,0.0,0.0,0.0,0.0,0.0,0.0,0.0,0.0,0.0,0.0,0.0,0.0,0.0,0.0,0.014698677119059289,0.17638412542871143,1.5139637432631017,6.570308672219502,13.03772660460559,6.658500734933858,1.5139637432631068,0.38216560509554154,0.13228809407153358,0.4348,0.0166,0.0,0.0,0.0,0.0,0.0,0.0,0.0,0.0,0.0,0.0,0.0,0.5976676384839641,13.469387755102044,15.072886297376098,0.8600583090379011,0.0,0.0,0.0,0.0,0.0,0.0,0.0,0.0,0.0,0.0,0.0,0.0,0.0,0.0,0.0,0.435,0.0167,0.0,0.0,0.0,0.0,0.0,0.0,0.0,0.0,0.0,0.0,0.0,0.499755022048015,13.44928956393925,15.271925526702601,0.7790298873101423,0.0,0.0,0.0,0.0,0.0,0.0,0.0,0.0,0.0,0.0,0.0,0.0,0.0,0.0,0.0
73200,3929,1993,0.5072537541359124,931,785,0.4367523542886231,1102,0.5609569865105625,0.46599999999999997,2.959710743801653,3.013987487944812,6.39344262295082,1.9867577973756207,6649.800000000002,1.8189894035458565e-12,6649.8,6649.8,6649.800000000001,9.094947017729282e-13,6649.800000000002,1.8189894035458565e-12,28.010689742937135,21.061687813860996,33.02064359441409,19.3182577067499,0.13998472893866123,0.10002545176889793,0.0941715449223721,0.08984474420972258,0.07966403665054721,0.07177398829218631,0.06668363451259862,0.06566556375668109,0.05243064392975312,0.056248409264443876,0.046576737083227286,0.04199541868159837,0.031051158055484855,0.02570628658691779,0.018579791295495036,0.011707813693051667,0.007890048358360905,0.8494255716456625,0.03509780463514836,0.0,0.0,0.0,0.0,0.0,0.0,0.0,0.0,0.0,0.0,0.0,0.0,0.0,0.0,0.0,0.0,0.0,0.0,0.0,0.0,0.007635530669381524,0.06871977602443372,0.4046831254772208,1.4431152965131033,6.971239501145331,12.87350470857725,6.398574700941717,1.3209468058030036,0.320692288114024,0.19088826673453807,4.274619695756606,2.7662910635873397,4.136363636363637,2.3217441434767516,0.9676565240341228,4.193901485535575,2.7612747664579462,4.350806451612903,2.7583303729629614,1.0374126494431213,0.4355,0.01654,0.0,0.0,0.0,0.0,0.0,0.0,0.0,0.0,0.0,0.0,0.0,0.46576737083227215,12.888775769916013,15.775006362942229,0.8704504963094938,0.0,0.0,0.0,0.0,0.0,0.0,0.0,0.0,0.0,0.0,0.0,0.0,0.0,0.0,0.0,nan,nan,4.273412698412699,2.762749568615724,nan,0.4355,0.0873,0.0,0.0,0.0,0.0,0.0,0.0,0.0,0.0,0.0,0.0,0.0,0.0,0.0,0.0,0.0,0.0,0.0,0.0,0.0,0.0,0.0006617459913463986,0.0,0.0013107660982438279,0.0,0.0004835836090608297,0.0016034614405701197,0.004734029015016543,0.005548485619750573,0.006490201068974293,0.013324001018070755,0.031063883939933826,0.023377449732756427,0.06287859506235684,0.02906592008144566,0.019152456095698652,0.028365996436752354,0.03148383812674981,0.025349961822346653,0.05159073555612115,0.03433443624331891,0.026457113769406973,0.032171035886994145,0.02017052685161619,0.024382794604224992,0.014914736574191907,0.03894120641384576,0.06617459913463986,0.04394247900229066,0.042746245864087554,0.017167218121659455,0.045545940442860776,0.06088063120386867,0.04344616950878086,0.04059557139221176,0.028200559938915754,0.014023924662764062,0.01818528887757699,0.017676253499618225,0.0031560193433443624,0.004759480783914482,0.0,0.0036650547213031306,0.0021634003563247646,0.0027360651565283786,0.009531687452277933,0.0030923899210995166,0.00044540595571392213,0.0,0.00239246627640621,0.0,0.0016034614405701197,0.0,0.0,1.2725884448969203e-05,0.0,0.0,0.0,0.0,0.0,0.0,0.0,0.0,0.0,0.0,0.0,0.0,0.0,0.0,0.0,0.0,0.0,0.0,0.0,0.0,0.0,0.0,0.0,0.0,0.0,0.0,0.0,nan,nan,4.273412698412699,2.762749568615724,nan,0.8489532859195015,0.03501658769588401,0.0,0.0,0.0,0.0,0.0,0.0,0.0,0.0,0.0,0.0,0.0,0.0,0.0,0.0,0.0,0.0,0.0,0.0,0.0,0.0,0.0,0.06021073758153539,0.49673858504766694,1.3998996487706932,6.984445559458105,13.125940792774715,6.307074761665832,1.0988459608630208,0.31610637230306077,0.21073758153537386,0.8499117624784304,0.03517459341135006,0.0,0.0,0.0,0.0,0.0,0.0,0.0,0.0,0.0,0.0,0.0,0.0,0.0,0.0,0.0,0.0,0.0,0.0,0.0,0.0,0.015495867768595045,0.07747933884297523,0.3099173553719009,1.4876033057851192,6.9576446280991755,12.613636363636365,6.4927685950413245,1.5495867768595044,0.3254132231404959,0.1704545454545455,0.4355,0.01657,0.0,0.0,0.0,0.0,0.0,0.0,0.0,0.0,0.0,0.0,0.0,0.4365278474661308,12.779729051680887,15.820371299548423,0.9633718013045662,0.0,0.0,0.0,0.0,0.0,0.0,0.0,0.0,0.0,0.0,0.0,0.0,0.0,0.0,0.0,0.4355,0.0165,0.0,0.0,0.0,0.0,0.0,0.0,0.0,0.0,0.0,0.0,0.0,0.4958677685950406,13.001033057851243,15.72830578512397,0.7747933884297522,0.0,0.0,0.0,0.0,0.0,0.0,0.0,0.0,0.0,0.0,0.0,0.0,0.0,0.0,0.0
73300,4213,2116,0.5022549252314266,1007,891,0.45051032518395445,1210,0.5744125326370757,0.44199999999999995,2.8474010491177872,3.013494394751658,6.548561151079137,1.9872293937859142,6649.800000000001,9.094947017729282e-13,6649.8,6649.8,6649.800000000002,1.8189894035458565e-12,6649.800000000003,2.7284841053187847e-12,27.300023736055067,20.584785388925003,32.401026811180834,18.801710639237893,0.14787562307144553,0.09684310467600285,0.09399477806788512,0.08877284595300261,0.0835509138381201,0.07286968905767861,0.07215760740564918,0.062425824827913604,0.062425824827913604,0.05316876335153098,0.04509850462853074,0.033942558746736295,0.029432708283883217,0.023973415618324233,0.017089959648706386,0.009731782577735581,0.006646095418941372,0.8504889643081939,0.0353296113659292,0.0,0.0,0.0,0.0,0.0,0.0,0.0,0.0,0.0,0.0,0.0,0.0,0.0,0.0,0.0,0.0,0.0,0.0,0.0,0.0,0.0,0.05696653216235463,0.37740327557559944,1.5594588179444528,6.515547116069311,12.710657488725378,6.693567529076669,1.5950629005459298,0.3275575599335391,0.16377877996676954,4.309193245778611,2.822000459102353,3.3157894736842106,2.4290485808872266,0.7694687345322555,4.2895723930982745,2.8167627394369976,4.314581791265729,2.824407569554695,1.005830277677023,0.4358,0.01657,0.0,0.0,0.0,0.0,0.0,0.0,0.0,0.0,0.0,0.0,0.0,0.39164490861618745,12.618086873961552,15.993353904581062,0.996914312841206,0.0,0.0,0.0,0.0,0.0,0.0,0.0,0.0,0.0,0.0,0.0,0.0,0.0,0.0,0.0,nan,nan,4.302160953800298,2.8206410963928383,nan,0.4358,0.0875,0.0,0.0,0.0,0.0,0.0,0.0,0.0,0.0,0.0,0.0,0.0,0.0,0.0,0.0,0.0,0.0,0.0,0.0,0.0,0.0,0.0007951578447661998,0.0,0.001091858533111797,3.5604082601471636e-05,0.00042724899121765963,0.0016852599098029907,0.004581058628056017,0.005411820555423688,0.006040826014716354,0.013173510562544505,0.03420365535248042,0.023285070021362448,0.0614289105150724,0.028495134108711132,0.017244244006646096,0.028174697365297888,0.02983622122003323,0.023878471398053644,0.05333491573700451,0.03935437930215998,0.026536909565630193,0.03243531924994066,0.019938286256824117,0.023154521718490386,0.01465701400427249,0.03844054118205554,0.06452646570140043,0.044576311417042484,0.043128412057915975,0.015974365060526942,0.04401851412295277,0.060693092807975316,0.0455257536197484,0.04137194398291004,0.028423925943508187,0.01407548065511512,0.017540944694991692,0.017968193686209354,0.0039164490861618795,0.004189413719439829,1.1868027533823878e-05,0.0038571089484927606,0.002183717066223594,0.003311179681936862,0.00905530500830762,0.002919534773320674,0.0008663660099691432,0.0,0.0017683361025397578,0.0,0.002421077616900071,3.5604082601471636e-05,0.0,0.0,0.0,0.0,0.0,0.0,0.0,0.0,0.0,0.0,0.0,0.0,0.0,0.0,0.0,0.0,0.0,0.0,0.0,0.0,0.0,0.0,0.0,0.0,0.0,0.0,0.0,0.0,0.0,nan,nan,4.302160953800298,2.8206410963928383,nan,0.8509369411968779,0.03528347067276456,0.0,0.0,0.0,0.0,0.0,0.0,0.0,0.0,0.0,0.0,0.0,0.0,0.0,0.0,0.0,0.0,0.0,0.0,0.0,0.0,0.0,0.09924385633270325,0.28355387523629494,1.5453686200378025,6.436672967863895,12.674858223062385,6.904536862003782,1.5737240075614372,0.3119092627599244,0.17013232514177695,0.8500369284968178,0.03537035847144854,0.0,0.0,0.0,0.0,0.0,0.0,0.0,0.0,0.0,0.0,0.0,0.0,0.0,0.0,0.0,0.0,0.0,0.0,0.0,0.0,0.0,0.014306151645207443,0.4721030042918456,1.5736766809728133,6.595135908440631,12.746781115879832,6.480686695278972,1.6165951359084412,0.3433476394849786,0.15736766809728187,0.4358,0.01648,0.0,0.0,0.0,0.0,0.0,0.0,0.0,0.0,0.0,0.0,0.0,0.35444234404536806,12.618147448015126,16.063327032136108,0.9640831758034029,0.0,0.0,0.0,0.0,0.0,0.0,0.0,0.0,0.0,0.0,0.0,0.0,0.0,0.0,0.0,0.436,0.01666,0.0,0.0,0.0,0.0,0.0,0.0,0.0,0.0,0.0,0.0,0.0,0.4291845493562226,12.618025751072965,15.922746781115883,1.0300429184549358,0.0,0.0,0.0,0.0,0.0,0.0,0.0,0.0,0.0,0.0,0.0,0.0,0.0,0.0,0.0
73400,4033,2040,0.5058269278452765,973,816,0.4435903793701959,1143,0.5668237044383834,0.45399999999999996,2.8986452584044153,2.9611573338382327,6.253012048192771,2.081724108741377,6649.800000000002,1.8189894035458565e-12,6649.8,6649.8,6649.800000000002,1.8189894035458565e-12,6649.800000000001,9.094947017729282e-13,27.927845276469128,21.100129693697703,33.03799346987237,19.33267163612012,0.1445574014381354,0.1011653855690553,0.08777584924373916,0.08678403173816018,0.08504835110339698,0.06893131663773866,0.06769154475576494,0.0617406397222911,0.06372427473344905,0.05578973468881726,0.04537565088023804,0.03297793206050087,0.0337217951896851,0.02355566575750062,0.020084304487974214,0.010662038184973965,0.010414083808579222,0.8505042231972626,0.03373138886045684,0.0,0.0,0.0,0.0,0.0,0.0,0.0,0.0,0.0,0.0,0.0,0.0,0.0,0.0,0.0,0.0,0.0,0.0,0.0,0.0,0.007438631291842303,0.037193156459211514,0.2529134639226383,1.5323580461195092,6.545995536821227,13.121745598809822,6.709645425241757,1.353830895115299,0.2826679890900075,0.15621125712868836,4.273431448489543,2.774996067531033,4.909090909090909,2.6783490659374976,1.1487468485837165,4.269141531322505,2.793808582157217,4.279445727482679,2.7538986572519333,1.0024136459483886,0.4355,0.01659,0.0,0.0,0.0,0.0,0.0,0.0,0.0,0.0,0.0,0.0,0.0,0.513265559137118,12.98041160426482,15.561616662534098,0.9447061740639725,0.0,0.0,0.0,0.0,0.0,0.0,0.0,0.0,0.0,0.0,0.0,0.0,0.0,0.0,0.0,nan,nan,4.276128037022754,2.7749007497628106,nan,0.4355,0.08777,0.0,0.0,0.0,0.0,0.0,0.0,0.0,0.0,0.0,0.0,0.0,0.0,0.0,0.0,0.0,0.0,0.0,0.0,0.0,0.0,0.0009298289114802877,0.0,0.001029010662038185,0.0,0.0004091247210513266,0.001537317133647409,0.004649144557401438,0.0063476320357054306,0.006025291346392264,0.01226134391272006,0.0342548970989338,0.022675427721299282,0.06379866104636747,0.028489957847756014,0.01725762459707414,0.029952888668485,0.028192412596082322,0.024163153979667742,0.05479791718323829,0.0384577237788247,0.026382345648400696,0.03290354574758245,0.017765931068683363,0.022935779816513763,0.014964046615422763,0.03726754277212993,0.06512521696007935,0.04334242499380114,0.0449293330027275,0.017877510538060998,0.04285891395983139,0.061108356062484506,0.04225142573766427,0.04122241507562609,0.02846516241011654,0.015311182742375404,0.01812546491445574,0.017530374411108357,0.003930076865856683,0.0044383833374659065,0.00013637490701710886,0.0037689065212000994,0.00197123729233821,0.0032482023307711383,0.008418051078601538,0.0025911232333250683,0.0004339201586908009,2.4795437639474338e-05,0.0023307711381105878,0.0,0.0031118274237540294,0.0,0.0,0.0,0.0,0.0,0.0,0.0,0.0,0.0,0.0,0.0,0.0,0.0,0.0,0.0,0.0,0.0,0.0,0.0,0.0,0.0,0.0,0.0,0.0,0.0,0.0,0.0,0.0,0.0,0.0,nan,nan,4.276128037022754,2.7749007497628106,nan,0.8512862644359177,0.033899323547459705,0.0,0.0,0.0,0.0,0.0,0.0,0.0,0.0,0.0,0.0,0.0,0.0,0.0,0.0,0.0,0.0,0.0,0.0,0.0,0.0,0.0,0.04411764705882354,0.2941176470588236,1.4411764705882308,6.382352941176473,12.897058823529415,7.161764705882355,1.308823529411765,0.2794117647058824,0.19117647058823534,0.8497037394406863,0.03353974398671165,0.0,0.0,0.0,0.0,0.0,0.0,0.0,0.0,0.0,0.0,0.0,0.0,0.0,0.0,0.0,0.0,0.0,0.0,0.0,0.0,0.015052684395383847,0.030105368790767695,0.21073758153537386,1.62568991470145,6.713497240341196,13.351731058705473,6.246864024084297,1.3998996487706976,0.2860010035122931,0.12042147516307078,0.436,0.0167,0.0,0.0,0.0,0.0,0.0,0.0,0.0,0.0,0.0,0.0,0.0,0.5882352941176462,12.441176470588239,15.985294117647062,0.9852941176470591,0.0,0.0,0.0,0.0,0.0,0.0,0.0,0.0,0.0,0.0,0.0,0.0,0.0,0.0,0.0,0.435,0.01645,0.0,0.0,0.0,0.0,0.0,0.0,0.0,0.0,0.0,0.0,0.0,0.4365278474661308,13.532363271450079,15.127947817360766,0.9031610637230308,0.0,0.0,0.0,0.0,0.0,0.0,0.0,0.0,0.0,0.0,0.0,0.0,0.0,0.0,0.0
73500,4253,2174,0.5111685868798496,1013,903,0.4505055255114037,1221,0.5741829296966847,0.44599999999999995,2.9735449735449735,3.041285974994051,6.5706618962432914,2.046402163778764,6649.800000000001,9.094947017729282e-13,6649.8,6649.8,6649.800000000001,9.094947017729282e-13,6649.800000000001,9.094947017729282e-13,27.360686574182928,20.60545303446431,32.39825253664036,18.847383476591048,0.1446038090759464,0.09640253938396426,0.09969433341170938,0.09052433576299083,0.08135433811427228,0.06818716200329179,0.07477075005878203,0.06395485539619092,0.05831177992005643,0.0543146014577945,0.04467434751939807,0.03291794027745121,0.03127204326357865,0.027509992946155654,0.015518457559369857,0.009640253938396426,0.006348459910651305,0.8494797145622409,0.03435119799736194,0.0,0.0,0.0,0.0,0.0,0.0,0.0,0.0,0.0,0.0,0.0,0.0,0.0,0.0,0.0,0.0,0.0,0.0,0.0,0.0,0.007053844345168118,0.06348459910651306,0.3244768398777334,1.5518457559369807,6.863390547848579,12.626381377850933,6.56007524100635,1.6153303550434992,0.3174229955325653,0.07053844345168118,4.386760877649684,2.7938843512941296,3.642857142857143,3.1306581429730183,0.8304207237320156,4.51012753188297,2.77231967814665,4.2571219868517165,2.813861787597108,0.9439027958205819,0.4355,0.01671,0.0,0.0,0.0,0.0,0.0,0.0,0.0,0.0,0.0,0.0,0.0,0.4373383494004226,13.063719727251355,15.560780625440868,0.9381612979073597,0.0,0.0,0.0,0.0,0.0,0.0,0.0,0.0,0.0,0.0,0.0,0.0,0.0,0.0,0.0,nan,nan,4.382907880133185,2.7962430759888517,nan,0.4355,0.0877,0.0,0.0,0.0,0.0,0.0,0.0,0.0,0.0,0.0,0.0,0.0,0.0,0.0,0.0,0.0,0.0,0.0,0.0,0.0,0.0,0.0013284740183399954,0.0,0.0010463202445332707,0.0,0.00023512814483893723,0.0018339995297437103,0.004291088643310605,0.005513754996473078,0.006654126498941923,0.011603573947801551,0.03624500352692217,0.020538443451681165,0.06383729132377146,0.028791441335527863,0.016470726545967554,0.031671761109804845,0.027321890430284504,0.023042558194215846,0.05571361391958617,0.04040677169057136,0.0262167881495415,0.03209499177051493,0.019985892311309664,0.02251351986832824,0.015494944744885962,0.03757347754526217,0.06315541970373854,0.043628027274864804,0.0449565012932048,0.016647072654596754,0.04112391253233012,0.0629438043733835,0.04213496355513755,0.04073595109334587,0.0290265694803668,0.015494944744885962,0.019021866917470022,0.017552316012226662,0.003374088878438749,0.0038325887608746767,4.7025628967787444e-05,0.0034563837291323772,0.0021396661180343285,0.002798024923583353,0.008252997883846697,0.002892076181518928,0.0008111920996943334,0.00011756407241946862,0.002363037855631319,1.1756407241946861e-05,0.003056665882906184,0.0,0.0,0.0,0.0,0.0,0.0,0.0,0.0,0.0,0.0,0.0,0.0,0.0,0.0,0.0,0.0,0.0,0.0,0.0,0.0,0.0,0.0,0.0,0.0,0.0,0.0,0.0,0.0,0.0,0.0,nan,nan,4.382907880133185,2.7962430759888517,nan,0.8496112178089209,0.03459972679878879,0.0,0.0,0.0,0.0,0.0,0.0,0.0,0.0,0.0,0.0,0.0,0.0,0.0,0.0,0.0,0.0,0.0,0.0,0.0,0.0,0.01379944802207912,0.08279668813247472,0.3311867525298989,1.5731370745170146,6.7203311867525315,12.70929162833487,6.527138914443424,1.6421343146274152,0.3035878564857406,0.09659613615455384,0.849342202268695,0.0340888321393786,0.0,0.0,0.0,0.0,0.0,0.0,0.0,0.0,0.0,0.0,0.0,0.0,0.0,0.0,0.0,0.0,0.0,0.0,0.0,0.0,0.0,0.043290043290043295,0.3174603174603175,1.5295815295815247,7.012987012987015,12.539682539682543,6.594516594516596,1.5873015873015877,0.33189033189033196,0.043290043290043295,0.4353,0.01675,0.0,0.0,0.0,0.0,0.0,0.0,0.0,0.0,0.0,0.0,0.0,0.48298068077276834,12.888684452621899,15.717571297148117,0.9107635694572219,0.0,0.0,0.0,0.0,0.0,0.0,0.0,0.0,0.0,0.0,0.0,0.0,0.0,0.0,0.0,0.4355,0.01665,0.0,0.0,0.0,0.0,0.0,0.0,0.0,0.0,0.0,0.0,0.0,0.3896103896103891,13.24675324675325,15.3968253968254,0.966810966810967,0.0,0.0,0.0,0.0,0.0,0.0,0.0,0.0,0.0,0.0,0.0,0.0,0.0,0.0,0.0
73600,3916,1984,0.5066394279877426,897,821,0.43871297242083757,1111,0.5674157303370787,0.482,3.0450310559006213,3.0918548489382593,6.660617059891107,1.99069313239579,6649.800000000001,9.094947017729282e-13,6649.8,6649.8,6649.800000000001,9.094947017729282e-13,6649.800000000002,1.8189894035458565e-12,27.678243105209397,21.00014948577908,32.86924493554328,19.211116672082856,0.1481103166496425,0.10137895812053116,0.09193054136874361,0.08120531154239019,0.08937691521961184,0.07073544433094994,0.06281920326864147,0.06052093973442288,0.06179775280898876,0.052604698672114404,0.04136874361593463,0.0449438202247191,0.03268641470888662,0.025280898876404494,0.017364657814096015,0.011235955056179775,0.006639427987742594,0.8491310511807987,0.03476171019559281,0.0,0.0,0.0,0.0,0.0,0.0,0.0,0.0,0.0,0.0,0.0,0.0,0.0,0.0,0.0,0.0,0.0,0.0,0.0,0.0,0.0,0.10725229826353425,0.34473953013278863,1.7466802860061235,6.7722165474974485,12.701736465781414,6.44279877425945,1.4708886618998982,0.32941777323799804,0.08426966292134833,4.4414486921529175,2.853268152273101,5.117647058823529,2.6319832142584816,1.152247253889324,4.387480190174326,2.844841605695028,4.505645161290323,2.858767002977909,1.0269323087499347,0.435,0.01636,0.0,0.0,0.0,0.0,0.0,0.0,0.0,0.0,0.0,0.0,0.0,0.42900919305413626,13.283963227783456,15.51327885597549,0.7737487231869256,0.0,0.0,0.0,0.0,0.0,0.0,0.0,0.0,0.0,0.0,0.0,0.0,0.0,0.0,0.0,nan,nan,4.446043165467626,2.8523635022374223,nan,0.435,0.0872,0.0,0.0,0.0,0.0,0.0,0.0,0.0,0.0,0.0,0.0,0.0,0.0,0.0,0.0,0.0,0.0,0.0,0.0,0.0,0.0,0.0013023493360572011,0.0,0.0012895812053115424,0.0,0.00016598569969356486,0.0014300306435137897,0.003804902962206333,0.005720122574055159,0.005835035750766088,0.011146578140960163,0.03831716036772217,0.02091419816138917,0.0640832482124617,0.02741317671092952,0.015589887640449438,0.03333758937691522,0.027911133810010213,0.020837589376915218,0.05684371807967314,0.04044943820224719,0.02609805924412666,0.03125638406537283,0.021284473953013278,0.021948416751787537,0.01567926455566905,0.0374361593462717,0.06330439223697651,0.04608018386108274,0.044982124616956075,0.015870786516853932,0.03915985699693565,0.06779877425944841,0.04286261491317671,0.03775536261491318,0.030017875383043922,0.013470377936670072,0.020263023493360573,0.016177221654749746,0.004673135852911134,0.0033835546475995916,2.553626149131767e-05,0.0027451481103166497,0.002030132788559755,0.002872829417773238,0.007252298263534219,0.002655771195097038,0.0006639427987742595,0.00024259448416751787,0.002502553626149132,0.0001404494382022472,0.0029749744637385086,0.0,0.0,0.0,0.0,0.0,0.0,0.0,0.0,0.0,0.0,0.0,0.0,0.0,0.0,0.0,0.0,0.0,0.0,0.0,0.0,0.0,0.0,0.0,0.0,0.0,0.0,0.0,0.0,0.0,0.0,nan,nan,4.446043165467626,2.8523635022374223,nan,0.8486727283546521,0.0350657688973847,0.0,0.0,0.0,0.0,0.0,0.0,0.0,0.0,0.0,0.0,0.0,0.0,0.0,0.0,0.0,0.0,0.0,0.0,0.0,0.0,0.0,0.13608870967741937,0.31754032258064524,1.935483870967736,6.849798387096776,12.459677419354842,6.547379032258067,1.3155241935483872,0.3326612903225807,0.10584677419354842,0.8496017098180009,0.03444032748946925,0.0,0.0,0.0,0.0,0.0,0.0,0.0,0.0,0.0,0.0,0.0,0.0,0.0,0.0,0.0,0.0,0.0,0.0,0.0,0.0,0.0,0.07763975155279505,0.3726708074534162,1.5527950310558958,6.692546583850934,12.950310559006216,6.335403726708075,1.6304347826086962,0.3260869565217392,0.06211180124223604,0.4348,0.01608,0.0,0.0,0.0,0.0,0.0,0.0,0.0,0.0,0.0,0.0,0.0,0.4082661290322575,13.412298387096778,15.468750000000004,0.7106854838709679,0.0,0.0,0.0,0.0,0.0,0.0,0.0,0.0,0.0,0.0,0.0,0.0,0.0,0.0,0.0,0.4353,0.01665,0.0,0.0,0.0,0.0,0.0,0.0,0.0,0.0,0.0,0.0,0.0,0.45031055900621053,13.152173913043482,15.559006211180128,0.8385093167701866,0.0,0.0,0.0,0.0,0.0,0.0,0.0,0.0,0.0,0.0,0.0,0.0,0.0,0.0,0.0
73700,4039,2071,0.5127506808615994,976,848,0.45159692993315176,1155,0.5719237435008665,0.46199999999999997,2.9222560975609757,3.006691823754461,6.4206642066420665,2.047448489043644,6649.800000000003,2.7284841053187847e-12,6649.8,6649.8,6649.800000000001,9.094947017729282e-13,6649.800000000001,9.094947017729282e-13,27.896756622926468,20.793505729978513,32.70484581497797,19.104768492741517,0.13468680366427332,0.10274820500123794,0.09408269373607328,0.086902698687794,0.08516959643476107,0.07155236444664521,0.06957167615746472,0.0638771973260708,0.060658578856152515,0.05471651398861104,0.045060658578856154,0.038128249566724434,0.02723446397623174,0.030453082446150036,0.01757860856647685,0.009408269373607328,0.008170339192869523,0.8480313365103497,0.033300996582851634,0.0,0.0,0.0,0.0,0.0,0.0,0.0,0.0,0.0,0.0,0.0,0.0,0.0,0.0,0.0,0.0,0.0,0.0,0.0,0.0,0.0074275810844268405,0.04456548650656104,0.3565238920524883,1.5375092844763507,7.279029462738303,12.961128992324836,6.075761327061155,1.3741025006189653,0.3490963109680615,0.014855162168853681,4.359260685406238,2.8538936902806915,3.5,2.8722813232690143,0.8028884374171892,4.295871559633028,2.866352532360977,4.414615384615384,2.8424694447572696,1.0276413815762453,0.4346,0.01648,0.0,0.0,0.0,0.0,0.0,0.0,0.0,0.0,0.0,0.0,0.0,0.42337212181232914,13.82272839811835,14.907155236444668,0.8467442436246598,0.0,0.0,0.0,0.0,0.0,0.0,0.0,0.0,0.0,0.0,0.0,0.0,0.0,0.0,0.0,nan,nan,4.355308547336144,2.8545706812228566,nan,0.4346,0.0873,0.0,0.0,0.0,0.0,0.0,0.0,0.0,0.0,0.0,0.0,0.0,0.0,0.0,0.0,0.0,0.0,0.0,0.0,0.0,0.0,0.0009779648427828672,0.0,0.001361723198811587,1.2379301807378064e-05,0.00016093092349591482,0.0012626887843525626,0.0045679623669225055,0.004803169101262689,0.007043822728398119,0.011203268135677147,0.03775687051250309,0.0221218123297846,0.0640505075513741,0.028001980688289182,0.015845506313443922,0.03154246100519931,0.025674671948502103,0.02347115622678881,0.05794751176033672,0.03948997276553602,0.027420153503342412,0.03278039118593711,0.020599158207477097,0.024139638524387226,0.015622678880911116,0.03926714533300322,0.065127506808616,0.044639762317405296,0.042547660311958405,0.014793265659816786,0.03547907897994553,0.06542461005199307,0.0471775191879178,0.03603614756127754,0.029821738053973756,0.014954196583312701,0.01905174548155484,0.01509036890319386,0.004295617727160188,0.0035528596187175045,3.713790542213419e-05,0.002884377321119089,0.0019064124783362219,0.0033671700916068333,0.007093339935627631,0.0028101015102748204,0.0006932409012131716,0.0,0.0029586531319633572,3.713790542213419e-05,0.003094825451844516,0.0,0.0,0.0,0.0,0.0,0.0,0.0,0.0,0.0,0.0,0.0,0.0,0.0,0.0,0.0,0.0,0.0,0.0,0.0,0.0,0.0,0.0,0.0,0.0,0.0,0.0,0.0,0.0,0.0,0.0,nan,nan,4.355308547336144,2.8545706812228566,nan,0.8482820819910456,0.03311186178173098,0.0,0.0,0.0,0.0,0.0,0.0,0.0,0.0,0.0,0.0,0.0,0.0,0.0,0.0,0.0,0.0,0.0,0.0,0.0,0.0,0.0,0.05794302269435057,0.30420086914534045,1.5934331240946351,7.358763882182522,12.805408015451476,6.112988894253985,1.4196040560115888,0.3186866248189281,0.028971511347175283,0.84776746766354,0.0334968502196728,0.0,0.0,0.0,0.0,0.0,0.0,0.0,0.0,0.0,0.0,0.0,0.0,0.0,0.0,0.0,0.0,0.0,0.0,0.0,0.0,0.015243902439024393,0.030487804878048787,0.4115853658536586,1.4786585365853613,7.195121951219514,13.125000000000004,6.03658536585366,1.3262195121951221,0.3810975609756098,0.0,0.4348,0.01616,0.0,0.0,0.0,0.0,0.0,0.0,0.0,0.0,0.0,0.0,0.0,0.3621438918396904,13.804925156929023,15.065185900531148,0.7677450507001451,0.0,0.0,0.0,0.0,0.0,0.0,0.0,0.0,0.0,0.0,0.0,0.0,0.0,0.0,0.0,0.4343,0.0168,0.0,0.0,0.0,0.0,0.0,0.0,0.0,0.0,0.0,0.0,0.0,0.4878048780487798,13.84146341463415,14.740853658536588,0.9298780487804881,0.0,0.0,0.0,0.0,0.0,0.0,0.0,0.0,0.0,0.0,0.0,0.0,0.0,0.0,0.0
73800,4061,2053,0.5055405072642206,972,850,0.4486579660182221,1168,0.5752277764097513,0.47,3.0363545816733066,3.087884862825145,6.605217391304348,2.031655717079304,6649.800000000003,2.7284841053187847e-12,6649.8,6649.8,6649.800000000001,9.094947017729282e-13,6649.800000000002,1.8189894035458565e-12,27.977099236641223,21.03738344351484,32.96244131455399,19.293090851477466,0.14208323073134696,0.09431174587540014,0.0916030534351145,0.08987934006402364,0.0822457522777641,0.07682836739719281,0.06894853484363457,0.0679635557744398,0.0578675203151933,0.049002708692440285,0.046540261019453334,0.032750554050726424,0.029303127308544695,0.030288106377739474,0.02216202905688254,0.010342280226545186,0.007879832553558237,0.8478991762665921,0.034272474596817704,0.0,0.0,0.0,0.0,0.0,0.0,0.0,0.0,0.0,0.0,0.0,0.0,0.0,0.0,0.0,0.0,0.0,0.0,0.007387343018960849,0.007387343018960849,0.0,0.051711401132725945,0.30288106377739477,1.6695395222851463,7.475991135188379,12.750554050726425,5.83600098497907,1.4996306328490523,0.31765574981531647,0.08126077320856934,4.323506891271057,2.804205212669195,5.75,3.6996621467371855,1.329938900203666,4.387243735763098,2.793378885805957,4.270353302611367,2.8220162032160854,0.9733567496606387,0.4346,0.0166,0.0,0.0,0.0,0.0,0.0,0.0,0.0,0.0,0.0,0.0,0.0,0.5318886973651802,13.600098497906924,15.070179758680132,0.7904457030288109,0.007387343018960849,0.0,0.0,0.0,0.0,0.0,0.0,0.0,0.0,0.0,0.0,0.0,0.0,0.0,0.0,nan,nan,4.327862595419847,2.8084772184341276,nan,0.4346,0.0872,0.0,0.0,0.0,0.0,0.0,0.0,0.0,0.0,0.0,0.0,0.0,0.0,0.0,0.0,0.0,0.0,0.0,0.0,0.0,0.0,0.0008987934006402364,0.0,0.0011819748830337355,2.462447672986949e-05,9.849790691947795e-05,0.0008987934006402364,0.004789460723959616,0.004690962817040138,0.006710169908889436,0.010674710662398425,0.03896823442501847,0.0226791430682098,0.06504555528195026,0.0270376754493967,0.016720019699581385,0.030632849051957647,0.02485840925880325,0.02258064516129032,0.05795370598374785,0.04296971189362226,0.026249692194040875,0.033821718788475744,0.020179758680128047,0.02394730361979808,0.017027825658704754,0.03761388820487565,0.06298941147500615,0.04473036197980793,0.04580152671755725,0.014577690224082738,0.03624722974636789,0.0613026348190101,0.04878108840187146,0.0360748584092588,0.02815808914060576,0.015968973159320363,0.01724944594927358,0.016904703275055406,0.003533612410736272,0.0037798571780349667,3.693671509480423e-05,0.0029672494459492735,0.0026840679635557743,0.0027702536321103175,0.008163014035951736,0.0027825658704752525,0.0005909874415168677,0.0,0.0026717557251908397,0.0,0.0029672494459492735,0.0,0.0,1.2312238364934744e-05,0.0,0.0,0.0,0.0,0.0,0.0,0.0,0.0,0.0,0.0,0.0,0.0,0.0,0.0,0.0,0.0,0.0,0.0,0.0,0.0,0.0,0.0,0.0,0.0,0.0,0.0,0.0,nan,nan,4.327862595419847,2.8084772184341276,nan,0.8487898914685089,0.03461300060254568,0.0,0.0,0.0,0.0,0.0,0.0,0.0,0.0,0.0,0.0,0.0,0.0,0.0,0.0,0.0,0.0,0.0,0.0,0.014612761811982468,0.014612761811982468,0.0,0.029225523623964935,0.33609352167559675,1.5343399902581538,7.481734047735023,12.640038967364836,5.8743302484169515,1.6950803701899664,0.3214807598636143,0.05845104724792987,0.8469884998176203,0.03389659345579203,0.0,0.0,0.0,0.0,0.0,0.0,0.0,0.0,0.0,0.0,0.0,0.0,0.0,0.0,0.0,0.0,0.0,0.0,0.0,0.0,0.0,0.07470119521912352,0.26892430278884466,1.8077689243027832,7.470119521912353,12.86354581673307,5.796812749003985,1.2998007968127492,0.3137450199203188,0.10458167330677294,0.4346,0.01665,0.0,0.0,0.0,0.0,0.0,0.0,0.0,0.0,0.0,0.0,0.0,0.5552849488553329,13.604481246955679,14.963468095470047,0.8767657087189481,0.0,0.0,0.0,0.0,0.0,0.0,0.0,0.0,0.0,0.0,0.0,0.0,0.0,0.0,0.0,0.4346,0.01656,0.0,0.0,0.0,0.0,0.0,0.0,0.0,0.0,0.0,0.0,0.0,0.5079681274900391,13.595617529880482,15.1792828685259,0.7021912350597611,0.014940239043824705,0.0,0.0,0.0,0.0,0.0,0.0,0.0,0.0,0.0,0.0,0.0,0.0,0.0,0.0
73900,4210,2065,0.49049881235154397,962,893,0.44061757719714967,1162,0.5520190023752969,0.46199999999999997,2.972960372960373,3.084696544986796,6.5424,2.13058729931444,6649.800000000002,1.8189894035458565e-12,6649.8,6649.8,6649.800000000002,1.8189894035458565e-12,6649.800000000002,1.8189894035458565e-12,27.86935866983373,21.00359740292672,32.71404399323181,19.34838116038847,0.13729216152019003,0.10142517814726841,0.09524940617577198,0.09239904988123515,0.0826603325415677,0.06912114014251781,0.07125890736342043,0.05985748218527316,0.057007125890736345,0.05558194774346793,0.044418052256532066,0.03467933491686461,0.0342042755344418,0.029216152019002375,0.014251781472684086,0.013064133016627079,0.00831353919239905,0.8478300962765256,0.03432123117354349,0.0,0.0,0.0,0.0,0.0,0.0,0.0,0.0,0.0,0.0,0.0,0.0,0.0,0.0,0.0,0.0,0.0,0.0,0.0,0.0,0.0,0.07125890736342044,0.3634204275534442,1.745843230403795,7.0760095011876505,13.17577197149644,5.7363420427553455,1.3895486935866985,0.34916864608076015,0.09263657957244659,4.363364485981308,2.847711638742649,3.8421052631578947,2.6210314943134176,0.8805373182785614,4.314031180400891,2.8457192235966384,4.405345211581292,2.8465691346799757,1.021166752710377,0.4346,0.01651,0.0,0.0,0.0,0.0,0.0,0.0,0.0,0.0,0.0,0.0,0.0,0.5344418052256524,13.76722090261283,14.971496437054634,0.7268408551068885,0.0,0.0,0.0,0.0,0.0,0.0,0.0,0.0,0.0,0.0,0.0,0.0,0.0,0.0,0.0,nan,nan,4.359688195991091,2.8465103955725657,nan,0.4346,0.0873,0.0,0.0,0.0,0.0,0.0,0.0,0.0,0.0,0.0,0.0,0.0,0.0,0.0,0.0,0.0,0.0,0.0,0.0,0.0,0.0,0.0009263657957244656,0.0,0.0010688836104513063,0.0,0.00014251781472684086,0.0004513064133016627,0.004239904988123515,0.004418052256532067,0.00671021377672209,0.010914489311163896,0.0390855106888361,0.022767220902612826,0.0653562945368171,0.027731591448931118,0.017779097387173398,0.027707838479809975,0.025878859857482187,0.02173396674584323,0.05971496437054632,0.04524940617577197,0.024311163895486935,0.03551068883610451,0.01833729216152019,0.025106888361045132,0.015534441805225653,0.03839667458432304,0.06409738717339668,0.043871733966745846,0.04788598574821853,0.014631828978622329,0.035,0.06099762470308789,0.04768408551068884,0.0353562945368171,0.030558194774346792,0.015783847980997624,0.016033254156769598,0.015332541567695961,0.002707838479809976,0.004168646080760095,5.9382422802850356e-05,0.0027553444180522567,0.002874109263657957,0.0031947743467933493,0.007517814726840855,0.0027434679334916866,0.00038004750593824226,3.5629453681710215e-05,0.0033135391923990497,1.187648456057007e-05,0.003931116389548694,0.0,0.0,0.0,0.0,0.0,0.0,0.0,0.0,0.0,0.0,0.0,0.0,0.0,0.0,0.0,0.0,0.0,0.0,0.0,0.0,0.0,0.0,0.0,0.0,0.0,0.0,0.0,0.0,0.0,0.0,nan,nan,4.359688195991091,2.8465103955725657,nan,0.8482882736670192,0.03386837141280301,0.0,0.0,0.0,0.0,0.0,0.0,0.0,0.0,0.0,0.0,0.0,0.0,0.0,0.0,0.0,0.0,0.0,0.0,0.0,0.0,0.0,0.10169491525423732,0.34866828087167073,1.5254237288135544,6.769975786924941,13.65617433414044,5.782082324455207,1.3656174334140438,0.34866828087167073,0.10169491525423732,0.8473890070870762,0.03474591869243807,0.0,0.0,0.0,0.0,0.0,0.0,0.0,0.0,0.0,0.0,0.0,0.0,0.0,0.0,0.0,0.0,0.0,0.0,0.0,0.0,0.0,0.04195804195804197,0.3776223776223777,1.9580419580419521,7.370629370629373,12.713286713286717,5.692307692307693,1.4125874125874127,0.3496503496503497,0.08391608391608393,0.4343,0.01637,0.0,0.0,0.0,0.0,0.0,0.0,0.0,0.0,0.0,0.0,0.0,0.5230024213075053,13.97578692493947,14.80387409200969,0.6973365617433415,0.0,0.0,0.0,0.0,0.0,0.0,0.0,0.0,0.0,0.0,0.0,0.0,0.0,0.0,0.0,0.4348,0.01666,0.0,0.0,0.0,0.0,0.0,0.0,0.0,0.0,0.0,0.0,0.0,0.5454545454545447,13.56643356643357,15.132867132867137,0.7552447552447554,0.0,0.0,0.0,0.0,0.0,0.0,0.0,0.0,0.0,0.0,0.0,0.0,0.0,0.0,0.0
74000,4234,2130,0.5030703826169107,1015,875,0.4463863958431743,1202,0.5677846008502598,0.46599999999999997,2.9819391634980987,3.116352193269663,6.738175675675675,2.0128041274859667,6649.800000000001,9.094947017729282e-13,6649.8,6649.8,6649.800000000001,9.094947017729282e-13,6649.800000000001,9.094947017729282e-13,27.586915446386396,20.721655094886906,32.47201125175809,19.025587664220282,0.13863958431743031,0.10250354274917337,0.0956542276806802,0.09116674539442607,0.08030231459612659,0.07770429853566367,0.067312234293812,0.05810108644307983,0.059990552668871044,0.04865375531412376,0.048181388757675955,0.042040623523854515,0.031412376003778934,0.025271610769957487,0.01771374586679263,0.009211147850732168,0.006140765233821445,0.8456206251046654,0.033727256567508766,0.0,0.0,0.0,0.0,0.0,0.0,0.0,0.0,0.0,0.0,0.0,0.0,0.0,0.0,0.0,0.0,0.0,0.0,0.0,0.0,0.014170996693434109,0.07794048181388759,0.389702409069438,1.9981105337742027,7.3476617855455855,13.051487954652814,5.682569674067077,1.197449220595182,0.19839395370807753,0.04251299008030232,4.373695976154993,2.92887514050062,4.730769230769231,2.6969739781935704,1.0816410780632604,4.283321194464676,2.9004844329236397,4.473448017950636,2.9507687479565665,1.044387711043398,0.4355,0.0161,0.0,0.0,0.0,0.0,0.0,0.0,0.0,0.0,0.0,0.0,0.0,0.41095890410958846,13.01606046291923,15.743977326405293,0.8290033065658954,0.0,0.0,0.0,0.0,0.0,0.0,0.0,0.0,0.0,0.0,0.0,0.0,0.0,0.0,0.0,nan,nan,4.377121771217713,2.926944526622351,nan,0.4355,0.087,0.0,0.0,0.0,0.0,0.0,0.0,0.0,0.0,0.0,0.0,0.0,0.0,0.0,0.0,0.0,0.0,0.0,0.0,0.0,0.0,0.0005668398677373642,0.0,0.0013226263580538497,1.1809163911195087e-05,0.0003778932451582428,0.0003070382616910723,0.0031884742560226737,0.004381199811053378,0.005538497874350496,0.011230514879546528,0.0396787907416155,0.02168162494095418,0.06373405762871989,0.029168634860651865,0.01831601322626358,0.028105810108644307,0.025129900803023145,0.022543693906471422,0.05951818611242324,0.04194615021256495,0.024433160132262637,0.034541804440245634,0.01670996693434105,0.025377893245158243,0.015186584789796882,0.0394189891355692,0.0641591875295229,0.047059518186112426,0.05025980160604629,0.013993859234766178,0.0355692017005196,0.06301369863013699,0.045559754369390644,0.036395843174303256,0.032026452527161076,0.014407179971658007,0.015706188001889467,0.01580066131317903,0.0023854511100614077,0.00338923004251299,8.266414737836561e-05,0.003200283419933869,0.00271610769957487,0.003058573452999528,0.009116674539442607,0.002196504487482286,0.0002598016060462919,1.1809163911195087e-05,0.0037198866320264524,4.723665564478035e-05,0.0034482758620689655,0.0,0.0,0.0,0.0,0.0,0.0,0.0,0.0,0.0,0.0,0.0,0.0,0.0,0.0,0.0,0.0,0.0,0.0,0.0,0.0,0.0,0.0,0.0,0.0,0.0,0.0,0.0,0.0,0.0,0.0,nan,nan,4.377121771217713,2.926944526622351,nan,0.8460203268158604,0.03359411607937624,0.0,0.0,0.0,0.0,0.0,0.0,0.0,0.0,0.0,0.0,0.0,0.0,0.0,0.0,0.0,0.0,0.0,0.0,0.0,0.0,0.0,0.0563380281690141,0.35211267605633806,1.859154929577459,7.507042253521129,12.957746478873243,5.760563380281691,1.1971830985915495,0.26760563380281693,0.04225352112676057,0.8452159841137694,0.03385670285099914,0.0,0.0,0.0,0.0,0.0,0.0,0.0,0.0,0.0,0.0,0.0,0.0,0.0,0.0,0.0,0.0,0.0,0.0,0.0,0.0,0.028517110266159704,0.09980988593155896,0.42775665399239554,2.1387832699619707,7.1863117870722455,13.146387832699624,5.603612167300381,1.1977186311787074,0.12832699619771865,0.04277566539923955,0.4355,0.01611,0.0,0.0,0.0,0.0,0.0,0.0,0.0,0.0,0.0,0.0,0.0,0.394366197183098,12.873239436619722,15.845070422535215,0.8873239436619721,0.0,0.0,0.0,0.0,0.0,0.0,0.0,0.0,0.0,0.0,0.0,0.0,0.0,0.0,0.0,0.4353,0.01607,0.0,0.0,0.0,0.0,0.0,0.0,0.0,0.0,0.0,0.0,0.0,0.4277566539923948,13.160646387832703,15.641634980988597,0.769961977186312,0.0,0.0,0.0,0.0,0.0,0.0,0.0,0.0,0.0,0.0,0.0,0.0,0.0,0.0,0.0
74100,4590,2384,0.5193899782135076,1096,946,0.444880174291939,1310,0.5708061002178649,0.42999999999999994,2.9918404351767904,2.9657957281177776,6.258982035928144,2.0908254493279754,6649.800000000001,9.094947017729282e-13,6649.8,6649.8,6649.800000000001,9.094947017729282e-13,6649.8,0.0,28.329847494553377,20.95040627459105,33.39282930631333,19.079900927540024,0.14139433551198258,0.09324618736383443,0.09281045751633987,0.07908496732026143,0.08235294117647059,0.07342047930283224,0.07363834422657953,0.06492374727668845,0.05904139433551198,0.05599128540305011,0.0457516339869281,0.04226579520697168,0.03420479302832244,0.02679738562091503,0.0159041394335512,0.011546840958605665,0.007625272331154684,0.8444068580671074,0.0332817243416036,0.0,0.0,0.0,0.0,0.0,0.0,0.0,0.0,0.0,0.0,0.0,0.0,0.0,0.0,0.0,0.0,0.0,0.0,0.0,0.0,0.013071895424836605,0.07843137254901962,0.41830065359477137,2.078431372549013,7.66013071895425,12.954248366013076,5.457516339869283,1.0980392156862746,0.21568627450980396,0.02614379084967321,4.290148448043185,2.730499028424106,4.470588235294118,2.81001668529322,1.0420591010861722,4.280479680213191,2.74728599097534,4.302027027027027,2.7143255992472604,1.0050338626564306,0.435,0.01636,0.0,0.0,0.0,0.0,0.0,0.0,0.0,0.0,0.0,0.0,0.0,0.49673202614379014,13.183006535947715,15.58823529411765,0.7320261437908498,0.0,0.0,0.0,0.0,0.0,0.0,0.0,0.0,0.0,0.0,0.0,0.0,0.0,0.0,0.0,nan,nan,4.291177457229118,2.7309928649771122,nan,0.435,0.08685,0.0,0.0,0.0,0.0,0.0,0.0,0.0,0.0,0.0,0.0,0.0,0.0,0.0,0.0,0.0,0.0,0.0,0.0,0.0,0.0,0.0003485838779956427,0.0,0.0015032679738562092,0.0,0.0006318082788671023,0.0005337690631808279,0.0036383442265795207,0.004281045751633987,0.0049455337690631805,0.009509803921568628,0.04047930283224401,0.02042483660130719,0.06386710239651416,0.030958605664488017,0.019357298474945533,0.02789760348583878,0.026187363834422658,0.02266884531590414,0.061481481481481484,0.04183006535947712,0.024727668845315905,0.03371459694989107,0.014825708061002179,0.026917211328976034,0.015806100217864924,0.03673202614379085,0.06220043572984749,0.04820261437908497,0.05319172113289761,0.015457516339869281,0.034923747276688455,0.06129629629629629,0.042766884531590416,0.037178649237472765,0.0320479302832244,0.014640522875816993,0.01632897603485839,0.015021786492374728,0.0022331154684095862,0.003594771241830065,4.3572984749455335e-05,0.0029520697167755993,0.003485838779956427,0.0029193899782135077,0.009008714596949892,0.0019389978213507626,0.00014161220043572983,3.2679738562091506e-05,0.003823529411764706,0.0,0.003300653594771242,0.0,0.0,0.0,0.0,0.0,0.0,0.0,0.0,0.0,0.0,0.0,0.0,0.0,0.0,0.0,0.0,0.0,0.0,0.0,0.0,0.0,0.0,0.0,0.0,0.0,0.0,0.0,0.0,0.0,0.0,nan,nan,4.291177457229118,2.7309928649771122,nan,0.8445591872570498,0.0327010997983178,0.0,0.0,0.0,0.0,0.0,0.0,0.0,0.0,0.0,0.0,0.0,0.0,0.0,0.0,0.0,0.0,0.0,0.0,0.0,0.0,0.012583892617449667,0.05033557046979867,0.37751677852349,2.0260067114093894,7.739093959731545,13.137583892617453,5.411073825503357,0.943791946308725,0.2516778523489933,0.05033557046979867,0.8442422375826001,0.03389724978871334,0.0,0.0,0.0,0.0,0.0,0.0,0.0,0.0,0.0,0.0,0.0,0.0,0.0,0.0,0.0,0.0,0.0,0.0,0.0,0.0,0.013599274705349051,0.10879419764279241,0.46237533998186775,2.1350861287397938,7.574796010879421,12.75611967361741,5.507706255666365,1.2647325475974616,0.17679057116953767,0.0,0.4348,0.01656,0.0,0.0,0.0,0.0,0.0,0.0,0.0,0.0,0.0,0.0,0.0,0.5033557046979859,13.288590604026849,15.465604026845641,0.7424496644295304,0.0,0.0,0.0,0.0,0.0,0.0,0.0,0.0,0.0,0.0,0.0,0.0,0.0,0.0,0.0,0.435,0.01614,0.0,0.0,0.0,0.0,0.0,0.0,0.0,0.0,0.0,0.0,0.0,0.489573889392565,13.068902991840439,15.720761559383503,0.7207615593834997,0.0,0.0,0.0,0.0,0.0,0.0,0.0,0.0,0.0,0.0,0.0,0.0,0.0,0.0,0.0
74200,4382,2252,0.5139205842081241,1048,900,0.4445458694659973,1264,0.5769055225924236,0.46199999999999997,2.9779342723004696,3.0654796828262807,6.608910891089109,1.967689453175681,6649.800000000001,9.094947017729282e-13,6649.8,6649.8,6649.800000000001,9.094947017729282e-13,6649.800000000001,9.094947017729282e-13,28.646052031036056,21.04012611776854,33.508767197194494,19.21540655885368,0.1371519853947969,0.08512094933820173,0.09356458238247375,0.09333637608397992,0.08626198083067092,0.06914650844363304,0.06230031948881789,0.06754906435417618,0.05956184390689183,0.04769511638521223,0.0552259242355089,0.04381560931081698,0.03354632587859425,0.02898219990871748,0.020994979461433135,0.007987220447284345,0.007759014148790507,0.8457614679224467,0.03362721771215773,0.0,0.0,0.0,0.0,0.0,0.0,0.0,0.0,0.0,0.0,0.0,0.0,0.0,0.0,0.0,0.0,0.0,0.0,0.0,0.0,0.0068461889548151545,0.09584664536741216,0.267001369237791,1.6430853491556314,8.23596531264263,12.679141944317667,5.497489730716569,1.1296211775445004,0.3423094477407577,0.10269283432222732,4.27725531173807,2.861928039703868,4.2727272727272725,2.525898907172692,0.9989413680781759,4.27449617790132,2.8718970939964397,4.27997227997228,2.8495286839485092,1.0012811105316388,0.4346,0.01651,0.0,0.0,0.0,0.0,0.0,0.0,0.0,0.0,0.0,0.0,0.0,0.5271565495207661,13.397991784573257,15.356001825650392,0.7188498402555913,0.0,0.0,0.0,0.0,0.0,0.0,0.0,0.0,0.0,0.0,0.0,0.0,0.0,0.0,0.0,nan,nan,4.277238029146426,2.860720539255253,nan,0.4346,0.0876,0.0,0.0,0.0,0.0,0.0,0.0,0.0,0.0,0.0,0.0,0.0,0.0,0.0,0.0,0.0,0.0,0.0,0.0,0.0,0.0,0.0005248744865358284,0.0,0.0016773162939297125,1.1410314924691921e-05,0.0007987220447284345,0.000730260155180283,0.004050661798265632,0.003890917389319945,0.005796439981743496,0.009424920127795527,0.03835006846188955,0.023402555910543132,0.060600182565038796,0.03253080785029667,0.019557279780921952,0.030773619351894113,0.027259242355089,0.021942035600182565,0.05943633044272022,0.041544956640803286,0.024224098585120948,0.035577361935189414,0.01586033774532177,0.029655408489274303,0.015301232314011867,0.035383386581469646,0.06085120949338202,0.04795755362848014,0.05369694203560018,0.01579187585577362,0.03280465540848927,0.058580556823368324,0.04327932450935646,0.03605659516202647,0.030089000456412596,0.015597900502053856,0.01614559561843907,0.015301232314011867,0.002350524874486536,0.0037654039251483343,0.0,0.003468735737106344,0.002932450935645824,0.0034002738475581926,0.009242355089000457,0.0016659059790050206,0.00028525787311729805,5.705157462345961e-05,0.004575536284801461,9.128251939753537e-05,0.003617069831127339,0.0,9.128251939753537e-05,0.0,0.0,0.0,0.0,0.0,0.0,0.0,0.0,0.0,0.0,0.0,0.0,0.0,0.0,0.0,0.0,0.0,0.0,0.0,0.0,0.0,0.0,0.0,0.0,0.0,0.0,0.0,0.0,nan,nan,4.277238029146426,2.860720539255253,nan,0.84561602300162,0.034297410997394605,0.0,0.0,0.0,0.0,0.0,0.0,0.0,0.0,0.0,0.0,0.0,0.0,0.0,0.0,0.0,0.0,0.0,0.0,0.0,0.0,0.013321492007104798,0.11989342806394318,0.29307282415630553,1.7051509769094086,8.152753108348136,12.402309058614568,5.728241563055064,1.1190053285968031,0.35968028419182957,0.10657193605683839,0.8459152434913205,0.03290309603560226,0.0,0.0,0.0,0.0,0.0,0.0,0.0,0.0,0.0,0.0,0.0,0.0,0.0,0.0,0.0,0.0,0.0,0.0,0.0,0.0,0.0,0.07042253521126762,0.2394366197183099,1.5774647887323894,8.323943661971832,12.971830985915496,5.253521126760564,1.1408450704225355,0.32394366197183105,0.09859154929577467,0.4348,0.01625,0.0,0.0,0.0,0.0,0.0,0.0,0.0,0.0,0.0,0.0,0.0,0.47957371225577194,13.507992895204266,15.306394316163413,0.7060390763765544,0.0,0.0,0.0,0.0,0.0,0.0,0.0,0.0,0.0,0.0,0.0,0.0,0.0,0.0,0.0,0.4346,0.01678,0.0,0.0,0.0,0.0,0.0,0.0,0.0,0.0,0.0,0.0,0.0,0.5774647887323935,13.281690140845074,15.408450704225356,0.7323943661971833,0.0,0.0,0.0,0.0,0.0,0.0,0.0,0.0,0.0,0.0,0.0,0.0,0.0,0.0,0.0
74300,4435,2303,0.5192784667418264,1049,906,0.44081172491544535,1275,0.5749718151071026,0.45399999999999996,3.094277673545966,3.1788502962862952,6.823723228995058,2.118459849577272,6649.800000000002,1.8189894035458565e-12,6649.8,6649.8,6649.800000000001,9.094947017729282e-13,6649.800000000002,1.8189894035458565e-12,27.43945885005637,20.497831681742383,32.25630703166935,18.824401333291636,0.13686583990980833,0.10552423900789178,0.09109357384441939,0.09492671927846674,0.0859075535512965,0.07102593010146561,0.06786922209695603,0.06200676437429538,0.057722660653889514,0.05343855693348365,0.04892897406989853,0.04036076662908681,0.03179255918827509,0.022322435174746337,0.013303269447576099,0.010372040586245771,0.006538895152198422,0.8462299579966566,0.0345205800188365,0.0,0.0,0.0,0.0,0.0,0.0,0.0,0.0,0.0,0.0,0.0,0.0,0.0,0.0,0.0,0.0,0.0,0.0,0.0,0.0,0.020293122886133035,0.08117249154453214,0.33145434047350625,1.8399098083427226,7.765501691093576,12.804960541149947,5.4250281848928985,1.366403607666291,0.2908680947012402,0.07440811724915447,4.506243310738494,2.9334782413109464,4.777777777777778,2.3465235646603197,1.0602573914267368,4.448717948717949,2.889378783122058,4.56638418079096,2.9699245609279137,1.0264494700337028,0.4329,0.01709,0.0,0.0,0.0,0.0,0.0,0.0,0.0,0.0,0.0,0.0,0.0,0.7981961668545648,14.19165727170237,14.31341600901917,0.696730552423901,0.0,0.0,0.0,0.0,0.0,0.0,0.0,0.0,0.0,0.0,0.0,0.0,0.0,0.0,0.0,nan,nan,4.507975895072669,2.9301855625243696,nan,0.4329,0.088,0.0,0.0,0.0,0.0,0.0,0.0,0.0,0.0,0.0,0.0,0.0,0.0,0.0,0.0,0.0,0.0,0.0,0.0,1.1273957158962797e-05,0.0,0.0005636978579481398,0.0,0.0018602029312288614,0.0,0.000552423900789177,0.0008793686583990981,0.00467869222096956,0.004272829763246899,0.006065388951521984,0.010800450958286358,0.039086809470124016,0.02653889515219842,0.06201803833145434,0.03377677564825254,0.02140924464487035,0.030507328072153325,0.026595264937993236,0.022423900789177,0.055377677564825256,0.04090191657271702,0.02536640360766629,0.03328072153325817,0.01641488162344983,0.02904171364148816,0.01532130777903044,0.03729425028184893,0.06359639233370913,0.04383314543404735,0.053573844419391205,0.015546786922209696,0.03306651634723788,0.055264937993235626,0.042762119503945886,0.03746335963923337,0.02926719278466742,0.014971815107102594,0.016268320180383315,0.014295377677564825,0.002705749718151071,0.003754227733934611,0.0,0.003540022547914318,0.0022209695603156708,0.003596392333709132,0.009064261555806087,0.0016347237880496054,0.0002480270574971815,1.1273957158962797e-05,0.004408117249154454,0.00013528748590755355,0.0035738444193912063,0.0,0.00015783540022547914,0.0,0.0,0.0,0.0,0.0,0.0,0.0,0.0,0.0,0.0,0.0,0.0,0.0,0.0,0.0,0.0,0.0,0.0,0.0,0.0,0.0,0.0,0.0,0.0,0.0,0.0,0.0,0.0,nan,nan,4.507975895072669,2.9301855625243696,nan,0.8457297202922757,0.03439240037276108,0.0,0.0,0.0,0.0,0.0,0.0,0.0,0.0,0.0,0.0,0.0,0.0,0.0,0.0,0.0,0.0,0.0,0.0,0.0,0.0,0.013026487190620932,0.11723838471558838,0.3256621797655233,1.8367346938775455,7.841945288753801,12.961354754667827,5.145462440295268,1.4198871037776817,0.27355623100303955,0.06513243595310465,0.8467703179559386,0.034650394965608566,0.0,0.0,0.0,0.0,0.0,0.0,0.0,0.0,0.0,0.0,0.0,0.0,0.0,0.0,0.0,0.0,0.0,0.0,0.0,0.0,0.02814258911819888,0.042213883677298315,0.3377110694183865,1.8433395872420204,7.682926829268294,12.636022514071298,5.727016885553472,1.3086303939962478,0.3095684803001877,0.08442776735459663,0.433,0.01738,0.0,0.0,0.0,0.0,0.0,0.0,0.0,0.0,0.0,0.0,0.0,0.9248805905340846,13.899261832392535,14.485453755970477,0.6904038211029094,0.0,0.0,0.0,0.0,0.0,0.0,0.0,0.0,0.0,0.0,0.0,0.0,0.0,0.0,0.0,0.4329,0.01677,0.0,0.0,0.0,0.0,0.0,0.0,0.0,0.0,0.0,0.0,0.0,0.6613508442776725,14.507504690431523,14.127579737335838,0.7035647279549719,0.0,0.0,0.0,0.0,0.0,0.0,0.0,0.0,0.0,0.0,0.0,0.0,0.0,0.0,0.0
74400,4301,2234,0.5194140897465706,1098,894,0.4631481050918391,1235,0.5742850499883748,0.482,3.0832123850991775,3.1441491165394453,6.852233676975945,1.9368430473501488,6649.800000000001,9.094947017729282e-13,6649.8,6649.8,6649.800000000001,9.094947017729282e-13,6649.800000000002,1.8189894035458565e-12,27.954661706579866,20.686824333555638,32.837800497374964,18.91000332424922,0.13601488026040456,0.09904673331783306,0.09253661939083933,0.08928156242734248,0.08625900953266682,0.06742617995814927,0.06742617995814927,0.0692862125087189,0.06231109044408277,0.054405952104161825,0.046500813764240874,0.04092071611253197,0.030225528946756567,0.023017902813299233,0.017902813299232736,0.009997674959311788,0.00744013020227854,0.8467879965399011,0.034682196465590634,0.0,0.0,0.0,0.0,0.0,0.0,0.0,0.0,0.0,0.0,0.0,0.0,0.0,0.0,0.0,0.0,0.0,0.0,0.0,0.0,0.013950244129272265,0.0627760985817252,0.43245756800744023,1.653103929318758,7.588932806324112,12.869100209253665,5.621948384096722,1.3043478260869568,0.3278307370378982,0.1255521971634504,4.360732232591529,2.8841264275181584,4.45,3.0736785778607367,1.0204708206436746,4.309439318665721,2.8775685236457207,4.410458452722063,2.891025450697949,1.0234413636174877,0.4316,0.01665,0.0,0.0,0.0,0.0,0.0,0.0,0.0,0.0,0.0,0.0,0.0,0.7254126947221565,15.331318298070219,13.357358753778195,0.5859102534294351,0.0,0.0,0.0,0.0,0.0,0.0,0.0,0.0,0.0,0.0,0.0,0.0,0.0,0.0,0.0,nan,nan,4.361368496079829,2.8855313078112483,nan,0.4316,0.08746,0.0,0.0,0.0,0.0,0.0,0.0,0.0,0.0,0.0,0.0,0.0,0.0,0.0,0.0,0.0,0.0,0.0,2.3250406882120437e-05,0.0,0.0,0.0004882585445245292,0.0,0.00211578702627296,0.0,0.0006975122064636131,0.0008602650546384562,0.005359218786328761,0.0039060683561962335,0.006754243199255987,0.011241571727505232,0.03697977214601256,0.027295977679609392,0.06485700999767496,0.033666589165310394,0.02023947919088584,0.031213671239246687,0.026296210183678215,0.02395954429202511,0.05348756103231807,0.03985119739595443,0.02879562892350616,0.03314345501046268,0.01818181818181818,0.027586607765635898,0.01434550104626831,0.03771215996279935,0.06264822134387352,0.044547779586142755,0.05641711229946524,0.015868402697047198,0.03298070216228784,0.05388281794931411,0.04125784701232271,0.037468030690537085,0.028318995582422693,0.015659149035108115,0.01544989537316903,0.014171122994652407,0.0028946756568239943,0.003987444780283655,1.1625203441060218e-05,0.0029644268774703555,0.0019414089746570566,0.0028365496396186934,0.008160892815624274,0.001336898395721925,0.00011625203441060219,0.0,0.004394326900720762,0.00026737967914438503,0.003243431760055801,0.0,0.00011625203441060219,0.0,0.0,0.0,0.0,0.0,0.0,0.0,0.0,0.0,0.0,0.0,0.0,0.0,0.0,0.0,0.0,0.0,0.0,0.0,0.0,0.0,0.0,0.0,0.0,0.0,0.0,0.0,0.0,nan,nan,4.361368496079829,2.8855313078112483,nan,0.8467788626919288,0.034840665937252574,0.0,0.0,0.0,0.0,0.0,0.0,0.0,0.0,0.0,0.0,0.0,0.0,0.0,0.0,0.0,0.0,0.0,0.0,0.0,0.0,0.026857654431512987,0.05371530886302597,0.4565801253357208,1.584601611459261,7.573858549686662,12.999104744852286,5.613249776186215,1.1817367949865714,0.36257833482542534,0.14771709937332142,0.8467978683426926,0.034510102743550694,0.0,0.0,0.0,0.0,0.0,0.0,0.0,0.0,0.0,0.0,0.0,0.0,0.0,0.0,0.0,0.0,0.0,0.0,0.0,0.0,0.0,0.0725689404934688,0.40638606676342537,1.727140783744552,7.605224963715531,12.72859216255443,5.63134978229318,1.4368650217706824,0.2902757619738752,0.10159651669085634,0.432,0.0164,0.0,0.0,0.0,0.0,0.0,0.0,0.0,0.0,0.0,0.0,0.0,0.6311548791405541,15.362578334825429,13.495971351835276,0.5102954341987468,0.0,0.0,0.0,0.0,0.0,0.0,0.0,0.0,0.0,0.0,0.0,0.0,0.0,0.0,0.0,0.4314,0.0169,0.0,0.0,0.0,0.0,0.0,0.0,0.0,0.0,0.0,0.0,0.0,0.827285921625543,15.297532656023225,13.207547169811324,0.667634252539913,0.0,0.0,0.0,0.0,0.0,0.0,0.0,0.0,0.0,0.0,0.0,0.0,0.0,0.0,0.0
74500,4527,2289,0.5056328694499669,1053,946,0.44157278550916723,1309,0.5783079301965982,0.45799999999999996,2.9168900804289546,3.032777563146443,6.546341463414634,1.9928446262920116,6649.800000000002,1.8189894035458565e-12,6649.8,6649.8,6649.800000000001,9.094947017729282e-13,6649.800000000001,9.094947017729282e-13,27.58316766070245,20.77876584616199,32.514361001317525,19.080151081769323,0.14203666887563507,0.10315882482880495,0.0943229511817981,0.09078860172299535,0.07775568809366026,0.0744422354760327,0.06869891760547824,0.06074663132317208,0.05721228186436934,0.05191075767616523,0.04660923348796112,0.041528606140932185,0.032030041970399825,0.026728517782195715,0.017229953611663355,0.007731389441130992,0.007068698917605479,0.8474544287386229,0.034139491403792244,0.0,0.0,0.0,0.0,0.0,0.0,0.0,0.0,0.0,0.0,0.0,0.0,0.0,0.0,0.0,0.0,0.0,0.0,0.0,0.006626905235255137,0.006626905235255137,0.1060304837640822,0.3048376408217363,1.7097415506958198,7.1040424121935075,13.154406891981449,6.02385685884692,1.1795891318754144,0.3247183565275017,0.07952286282306165,4.353370396108408,2.8331909430517985,5.411764705882353,2.498442421364153,1.2431206659373784,4.367388362652233,2.8524267520063438,4.350282485875706,2.812183426879623,0.9960832709720051,0.4316,0.0164,0.0,0.0,0.0,0.0,0.0,0.0,0.0,0.0,0.0,0.0,0.0,0.78860172299536,15.639496355202123,13.008614976805834,0.5632869449966866,0.0,0.0,0.0,0.0,0.0,0.0,0.0,0.0,0.0,0.0,0.0,0.0,0.0,0.0,0.0,nan,nan,4.359585492227979,2.832495345097107,nan,0.4316,0.0873,0.0,0.0,0.0,0.0,0.0,0.0,0.0,0.0,0.0,0.0,0.0,0.0,0.0,0.0,0.0,0.0,0.0,0.0,0.0,0.0,0.0005411972608791694,0.0,0.0018444886238126795,0.0,0.0007731389441130992,0.0008614976805831676,0.0058537662911420365,0.0036668875635078417,0.005986304395847139,0.010934393638170975,0.03827037773359841,0.026198365363375303,0.06570576540755467,0.03321184007068699,0.02054340622929092,0.03170974155069582,0.02631985862602165,0.02582284073337751,0.05236359620057433,0.04018113540976364,0.02799867461895295,0.03140048597305058,0.018709962447537,0.02904793461453501,0.013286944996686548,0.03694499668654738,0.06344157278550917,0.04517340402032251,0.059575878064943674,0.015529047934614536,0.034150651645681464,0.05068478020764303,0.04177159266622487,0.03737574552683896,0.026419262204550476,0.015352330461674397,0.015087254252264192,0.014766953832560194,0.0034901700905677047,0.0038988292467417715,2.208968411751712e-05,0.002628672409984537,0.0017009056770488182,0.002363596200574332,0.008802739120830572,0.0019659818864590237,7.731389441130992e-05,0.0,0.004263309034680804,0.0002208968411751712,0.0028164347249834327,0.0,0.0002429865252926883,0.0,0.0,0.0,0.0,0.0,0.0,0.0,0.0,0.0,0.0,0.0,0.0,0.0,0.0,0.0,0.0,0.0,0.0,0.0,0.0,0.0,0.0,0.0,0.0,0.0,0.0,0.0,0.0,nan,nan,4.359585492227979,2.832495345097107,nan,0.8479139200200572,0.03366406537552044,0.0,0.0,0.0,0.0,0.0,0.0,0.0,0.0,0.0,0.0,0.0,0.0,0.0,0.0,0.0,0.0,0.0,0.0,0.0,0.0,0.0,0.052424639580602894,0.32765399737876805,1.7431192660550405,7.090432503276541,12.909567496723463,6.304062909567499,1.1533420707732636,0.36697247706422026,0.052424639580602894,0.8469844664762444,0.034612688884119926,0.0,0.0,0.0,0.0,0.0,0.0,0.0,0.0,0.0,0.0,0.0,0.0,0.0,0.0,0.0,0.0,0.0,0.0,0.0,0.01340482573726542,0.01340482573726542,0.160857908847185,0.2815013404825738,1.6756032171581716,7.1179624664879375,13.40482573726542,5.7372654155496,1.2064343163538875,0.2815013404825738,0.10723860589812335,0.4314,0.01636,0.0,0.0,0.0,0.0,0.0,0.0,0.0,0.0,0.0,0.0,0.0,0.7863695937090421,15.753604193971169,12.935779816513765,0.5242463958060289,0.0,0.0,0.0,0.0,0.0,0.0,0.0,0.0,0.0,0.0,0.0,0.0,0.0,0.0,0.0,0.432,0.01645,0.0,0.0,0.0,0.0,0.0,0.0,0.0,0.0,0.0,0.0,0.0,0.7908847184986584,15.522788203753354,13.083109919571049,0.6032171581769438,0.0,0.0,0.0,0.0,0.0,0.0,0.0,0.0,0.0,0.0,0.0,0.0,0.0,0.0,0.0
74600,4820,2437,0.5056016597510373,1141,1036,0.4516597510373444,1371,0.5688796680497925,0.44599999999999995,2.940411246328158,3.0443317304200024,6.488304093567251,2.0394165663049115,6649.800000000001,9.094947017729282e-13,6649.8,6649.8,6649.800000000002,1.8189894035458565e-12,6649.800000000001,9.094947017729282e-13,27.541908713692948,20.509174823928724,32.39886391701655,18.778458010422526,0.13858921161825727,0.1004149377593361,0.0946058091286307,0.09273858921161826,0.08174273858921162,0.07199170124481327,0.07033195020746888,0.06161825726141079,0.06161825726141079,0.05539419087136929,0.04688796680497925,0.038381742738589214,0.03236514522821577,0.023443983402489627,0.014107883817427386,0.009128630705394191,0.006639004149377593,0.8490041024210048,0.03522452275682968,0.0,0.0,0.0,0.0,0.0,0.0,0.0,0.0,0.0,0.0,0.0,0.0,0.0,0.0,0.0,0.0,0.0,0.0,0.0,0.01244813278008299,0.031120331950207476,0.06224066390041495,0.3298755186721993,1.5248962655601612,7.300829875518674,12.466804979253116,6.267634854771786,1.5684647302904569,0.31120331950207475,0.1244813278008299,4.317620286085826,2.8456549236061406,4.857142857142857,3.5494562197303288,1.1249583185431389,4.308681672025723,2.808099538986073,4.333981841763943,2.8942672609178635,1.0058719050661091,0.4312,0.01671,0.0,0.0,0.0,0.0,0.0,0.0,0.0,0.0,0.0,0.0,0.0,0.9460580912863057,15.734439834024899,12.815352697095438,0.5041493775933611,0.0,0.0,0.0,0.0,0.0,0.0,0.0,0.0,0.0,0.0,0.0,0.0,0.0,0.0,0.0,nan,nan,4.321278656764611,2.8513561251070922,nan,0.4312,0.087,0.0,0.0,0.0,0.0,0.0,0.0,0.0,0.0,0.0,0.0,0.0,0.0,0.0,0.0,0.0,0.0,0.0,0.0,0.0,0.0,0.0012759336099585062,0.0,0.002053941908713693,0.0,0.00046680497925311206,0.0010892116182572614,0.006524896265560166,0.0033921161825726143,0.005757261410788382,0.011939834024896265,0.03700207468879668,0.026773858921161825,0.06313278008298755,0.0312448132780083,0.021431535269709544,0.03308091286307054,0.02679460580912863,0.026182572614107884,0.05266597510373444,0.03809128630705394,0.02745850622406639,0.03136929460580913,0.017645228215767635,0.030518672199170125,0.014699170124481327,0.038174273858921165,0.06325726141078838,0.04605809128630706,0.06470954356846473,0.015871369294605808,0.03534232365145228,0.04857883817427386,0.040103734439834025,0.03564315352697096,0.02553941908713693,0.015217842323651452,0.014927385892116183,0.013589211618257262,0.004201244813278008,0.0036618257261410788,8.298755186721991e-05,0.0026348547717842323,0.0019605809128630707,0.0025311203319502073,0.007987551867219916,0.002074688796680498,0.00018672199170124482,0.0,0.0035269709543568465,0.00021784232365145228,0.0030809128630705394,0.0,0.00024896265560165974,0.0,0.0,0.0,0.0,0.0,0.0,0.0,0.0,0.0,0.0,0.0,0.0,0.0,0.0,0.0,0.0,0.0,0.0,0.0,0.0,0.0,0.0,0.0,0.0,0.0,0.0,0.0,0.0,nan,nan,4.321278656764611,2.8513561251070922,nan,0.8492711789303742,0.03560958213599098,0.0,0.0,0.0,0.0,0.0,0.0,0.0,0.0,0.0,0.0,0.0,0.0,0.0,0.0,0.0,0.0,0.0,0.0,0.0,0.012310217480508825,0.02462043496101765,0.06155108740254412,0.3446860894542471,1.4402954452195278,7.804677882642594,11.94091095609356,6.228970045137466,1.6864997948297091,0.28313500205170294,0.17234304472712356,0.8487309738212006,0.034824216408125414,0.0,0.0,0.0,0.0,0.0,0.0,0.0,0.0,0.0,0.0,0.0,0.0,0.0,0.0,0.0,0.0,0.0,0.0,0.0,0.012589173310952584,0.03776751993285775,0.06294586655476292,0.31472933277381454,1.6114141838019254,6.785564414603442,13.004616030214018,6.307175828787244,1.4477549307595472,0.33990767939571975,0.0755350398657155,0.4312,0.01682,0.0,0.0,0.0,0.0,0.0,0.0,0.0,0.0,0.0,0.0,0.0,0.8740254411161251,15.867870332375874,12.716454657365617,0.5416495691423883,0.0,0.0,0.0,0.0,0.0,0.0,0.0,0.0,0.0,0.0,0.0,0.0,0.0,0.0,0.0,0.4312,0.01659,0.0,0.0,0.0,0.0,0.0,0.0,0.0,0.0,0.0,0.0,0.0,1.0197230381871576,15.597985732270251,12.91649181703735,0.4657994125052456,0.0,0.0,0.0,0.0,0.0,0.0,0.0,0.0,0.0,0.0,0.0,0.0,0.0,0.0,0.0
74700,4792,2419,0.5047996661101837,1155,974,0.4442821368948247,1367,0.570534223706177,0.45799999999999996,2.9338390223345976,3.0311358507191266,6.376453488372093,2.074029104082403,6649.800000000002,1.8189894035458565e-12,6649.8,6649.8,6649.800000000001,9.094947017729282e-13,6649.800000000001,9.094947017729282e-13,27.863105175292155,20.74271095598715,32.691354966559324,19.031006265484802,0.13731218697829717,0.10308848080133556,0.09390651085141903,0.0907762938230384,0.07366444073455759,0.07575125208681135,0.07032554257095158,0.06343906510851419,0.0573873121869783,0.05467445742904841,0.043614357262103505,0.04382303839732888,0.030884808013355594,0.02921535893155259,0.016485809682804674,0.010851419031719533,0.004799666110183639,0.8482142735726647,0.03568232557080331,0.0,0.0,0.0,0.0,0.0,0.0,0.0,0.0,0.0,0.0,0.0,0.0,0.0,0.0,0.0,0.0,0.0,0.0,0.0,0.006260434056761271,0.018781302170283808,0.08138564273789652,0.32554257095158606,1.7341402337228662,7.24332220367279,12.602253756260437,6.110183639399,1.3334724540901506,0.3631051752921537,0.18155258764607685,4.280924479166667,2.8261567837208896,4.590909090909091,2.964319497396431,1.0724106704640504,4.247422680412371,2.819413289244426,4.319066147859922,2.8347276025359234,1.0168675153942048,0.4302,0.01694,0.0,0.0,0.0,0.0,0.0,0.0,0.0,0.0,0.0,0.0,0.0,1.0705342237061755,16.164440734557598,12.333055091819702,0.43196994991652765,0.0,0.0,0.0,0.0,0.0,0.0,0.0,0.0,0.0,0.0,0.0,0.0,0.0,0.0,0.0,nan,nan,4.283128636069812,2.8272830049899027,nan,0.4302,0.0868,0.0,0.0,0.0,0.0,0.0,0.0,0.0,0.0,0.0,0.0,0.0,0.0,0.0,0.0,0.0,0.0,0.0,1.0434056761268781e-05,6.260434056761268e-05,0.0,0.0008555926544240401,0.0,0.0021181135225375627,0.0,0.0006990818030050084,0.0013564273789649416,0.007063856427378965,0.00325542570951586,0.006709098497495827,0.013887729549248749,0.03784432387312187,0.024718280467445744,0.06512938230383973,0.03016485809682805,0.020429883138564274,0.03260642737896494,0.027045075125208682,0.026930300500834725,0.053495409015025044,0.03617487479131887,0.029100584307178632,0.03057178631051753,0.019000417362270452,0.03089524207011686,0.015953672787979968,0.0373330550918197,0.061383555926544243,0.048654006677796326,0.06256260434056761,0.01796744574290484,0.035058430717863104,0.04824707846410684,0.0391381469115192,0.035131469115191986,0.025980801335559266,0.015129382303839733,0.012479131886477462,0.013919031719532553,0.0042153589315525875,0.0035058430717863106,0.00013564273789649415,0.00205550918196995,0.0016068447412353924,0.002525041736227045,0.007627295492487479,0.0019198664440734558,3.130217028380634e-05,0.0,0.0031615191986644406,0.00041736227045075126,0.0032658597662771284,0.0,0.0004695325542570952,0.0,0.0,0.0,0.0,0.0,0.0,0.0,0.0,0.0,0.0,0.0,0.0,0.0,0.0,0.0,0.0,0.0,0.0,0.0,0.0,0.0,0.0,0.0,0.0,0.0,0.0,0.0,0.0,nan,nan,4.283128636069812,2.8272830049899027,nan,0.8480935689830347,0.03585556602366415,0.0,0.0,0.0,0.0,0.0,0.0,0.0,0.0,0.0,0.0,0.0,0.0,0.0,0.0,0.0,0.0,0.0,0.0,0.0,0.0,0.02480363786688715,0.08681273253410503,0.31004547333608934,1.7238528317486512,7.428689541132701,12.3522116577098,6.114096734187682,1.4510128152128983,0.2976436544026458,0.21083092186854077,0.8483373179899908,0.03550443450229245,0.0,0.0,0.0,0.0,0.0,0.0,0.0,0.0,0.0,0.0,0.0,0.0,0.0,0.0,0.0,0.0,0.0,0.0,0.0,0.012642225031605565,0.012642225031605565,0.07585335018963339,0.3413400758533503,1.7446270543615623,7.0543615676359055,12.85714285714286,6.106194690265489,1.2136536030341343,0.4298356510745892,0.15170670037926678,0.4302,0.01665,0.0,0.0,0.0,0.0,0.0,0.0,0.0,0.0,0.0,0.0,0.0,1.0169491525423713,16.09756097560976,12.501033484911122,0.3844563869367508,0.0,0.0,0.0,0.0,0.0,0.0,0.0,0.0,0.0,0.0,0.0,0.0,0.0,0.0,0.0,0.4302,0.01723,0.0,0.0,0.0,0.0,0.0,0.0,0.0,0.0,0.0,0.0,0.0,1.1251580278128936,16.232616940581547,12.161820480404554,0.4804045512010115,0.0,0.0,0.0,0.0,0.0,0.0,0.0,0.0,0.0,0.0,0.0,0.0,0.0,0.0,0.0
74800,5030,2549,0.5067594433399603,1180,1061,0.44552683896620277,1464,0.5821073558648111,0.44999999999999996,3.0056428859330917,3.073853865999345,6.53899721448468,2.1184979430745696,6649.800000000001,9.094947017729282e-13,6649.8,6649.8,6649.800000000001,9.094947017729282e-13,6649.800000000002,1.8189894035458565e-12,27.53916500994036,20.615536732522596,32.50795535502256,18.852629256866088,0.14393638170974155,0.10139165009940358,0.08787276341948311,0.08906560636182903,0.0831013916500994,0.07972166998011929,0.07157057654075547,0.05864811133200795,0.05944333996023857,0.04970178926441352,0.046520874751491054,0.039761431411530816,0.03061630218687873,0.02922465208747515,0.014314115308151094,0.009940357852882704,0.005168986083499006,0.8465247105533039,0.03355588578564381,0.0,0.0,0.0,0.0,0.0,0.0,0.0,0.0,0.0,0.0,0.0,0.0,0.0,0.0,0.0,0.0,0.0,0.0,0.0,0.0,0.005964214711729624,0.04771371769383699,0.41749502982107367,1.8071570576540699,7.455268389662029,12.924453280318094,5.743538767395628,1.2644135188866803,0.2743538767395627,0.059642147117296235,4.3298070939639075,2.8317475480003824,4.866666666666666,2.729265265394496,1.1239915684583692,4.359801488833747,2.843663795516845,4.304885590599876,2.819085432189901,0.9874040370015652,0.4294,0.01672,0.0,0.0,0.0,0.0,0.0,0.0,0.0,0.0,0.0,0.0,0.0,1.1153081510934377,16.520874751491057,11.934393638170977,0.4294234592445329,0.0,0.0,0.0,0.0,0.0,0.0,0.0,0.0,0.0,0.0,0.0,0.0,0.0,0.0,0.0,nan,nan,4.332301021988232,2.8315153904656207,nan,0.4294,0.0865,0.0,0.0,0.0,0.0,0.0,0.0,0.0,0.0,0.0,0.0,0.0,0.0,0.0,0.0,0.0,0.0,0.0,0.0,0.0,0.0,0.0006660039761431411,9.940357852882704e-06,0.002345924453280318,0.0,0.00042743538767395624,0.0012524850894632207,0.00621272365805169,0.004075546719681909,0.006510934393638171,0.013807157057654075,0.03963220675944334,0.024254473161033796,0.06443339960238569,0.031262425447316104,0.02173956262425447,0.030825049701789266,0.026302186878727634,0.028777335984095428,0.05323061630218688,0.036679920477137175,0.028906560636182903,0.03245526838966203,0.018916500994035787,0.032067594433399606,0.014562624254473161,0.03679920477137177,0.06162027833001988,0.04955268389662028,0.06265407554671969,0.018489065606361828,0.036610337972167,0.045656063618290256,0.039035785288270376,0.0342544731610338,0.024363817097415506,0.015318091451292247,0.012306163021868786,0.011888667992047713,0.00463220675944334,0.00352882703777336,0.00015904572564612326,0.00205765407554672,0.001968190854870775,0.002584493041749503,0.008071570576540756,0.0018986083499005963,7.952286282306163e-05,0.0,0.004025844930417495,0.0004473161033797217,0.0023260437375745525,0.0,0.0003180914512922465,0.0,0.0,0.0,0.0,0.0,0.0,0.0,0.0,0.0,0.0,0.0,0.0,0.0,0.0,0.0,0.0,0.0,0.0,0.0,0.0,0.0,0.0,0.0,0.0,0.0,0.0,0.0,0.0,nan,nan,4.332301021988232,2.8315153904656207,nan,0.8462539885548247,0.03420999468880521,0.0,0.0,0.0,0.0,0.0,0.0,0.0,0.0,0.0,0.0,0.0,0.0,0.0,0.0,0.0,0.0,0.0,0.0,0.0,0.0,0.0,0.0588466065123578,0.42369556688897614,2.059631227932516,7.402903099254611,12.663789721459398,5.672812867791293,1.3770105923891727,0.2824637112593174,0.0588466065123578,0.8468028525823742,0.032867972788549964,0.0,0.0,0.0,0.0,0.0,0.0,0.0,0.0,0.0,0.0,0.0,0.0,0.0,0.0,0.0,0.0,0.0,0.0,0.0,0.0,0.012091898428053208,0.036275695284159616,0.41112454655380903,1.5477629987908055,7.509068923821041,13.192261185006048,5.816203143893593,1.1487303506650546,0.26602176541717054,0.06045949214026603,0.4292,0.01701,0.0,0.0,0.0,0.0,0.0,0.0,0.0,0.0,0.0,0.0,0.0,1.2475480580619833,16.653589642997257,11.61632012553943,0.48254217340133393,0.0,0.0,0.0,0.0,0.0,0.0,0.0,0.0,0.0,0.0,0.0,0.0,0.0,0.0,0.0,0.4297,0.01643,0.0,0.0,0.0,0.0,0.0,0.0,0.0,0.0,0.0,0.0,0.0,0.9794437726723081,16.384522370012096,12.261185006045952,0.37484885126964945,0.0,0.0,0.0,0.0,0.0,0.0,0.0,0.0,0.0,0.0,0.0,0.0,0.0,0.0,0.0
74900,4932,2491,0.5050689375506894,1175,998,0.44059205190592055,1402,0.5685320356853204,0.45399999999999996,2.936911102007374,3.024567189131145,6.4123422159887795,1.9897251455861884,6649.800000000001,9.094947017729282e-13,6649.8,6649.8,6649.800000000002,1.8189894035458565e-12,6649.800000000002,1.8189894035458565e-12,28.158556366585564,20.92609523209911,33.312697256615685,19.040706231467023,0.14334955393349555,0.09387672343876724,0.09367396593673966,0.08495539334955393,0.07927818329278183,0.07643957826439578,0.0640713706407137,0.06427412814274128,0.05961070559610705,0.05393349553933496,0.047850770478507706,0.041970802919708027,0.0373073803730738,0.026155717761557177,0.018450932684509327,0.00932684509326845,0.005474452554744526,0.8474533443565013,0.03473974797664695,0.0,0.0,0.0,0.0,0.0,0.0,0.0,0.0,0.0,0.0,0.0,0.0,0.0,0.0,0.0,0.0,0.0,0.0,0.0,0.0,0.006082725060827252,0.09732360097323603,0.4197080291970804,1.5024330900243263,7.427007299270074,13.077858880778592,5.742092457420926,1.277372262773723,0.31630170316301714,0.13381995133819954,4.21558768070396,2.802200516461197,5.7,2.628687885618983,1.3521246458923513,4.11623499684144,2.805172188082065,4.331068560840024,2.7979683853608024,1.0521917636294904,0.429,0.01666,0.0,0.0,0.0,0.0,0.0,0.0,0.0,0.0,0.0,0.0,0.0,1.1009732360097306,17.08637469586375,11.478102189781024,0.3345498783454989,0.0,0.0,0.0,0.0,0.0,0.0,0.0,0.0,0.0,0.0,0.0,0.0,0.0,0.0,0.0,nan,nan,4.224859462835727,2.8035903849274995,nan,0.429,0.08673,0.0,0.0,0.0,0.0,0.0,0.0,0.0,0.0,0.0,0.0,0.0,0.0,0.0,0.0,0.0,0.0,0.0,0.0,0.0,0.0,0.0007096512570965125,0.0,0.002939983779399838,0.0,0.00035482562854825627,0.001013787510137875,0.006559205190592052,0.004480940794809408,0.006863341443633414,0.014182887266828873,0.03985198702351987,0.026307785888077858,0.06446674776966747,0.030109489051094892,0.020590024330900243,0.027220194647201948,0.02574006488240065,0.03011962692619627,0.05285888077858881,0.03894971613949716,0.028629359286293593,0.0339213300892133,0.018856447688564478,0.03256285482562855,0.014639091646390916,0.038412408759124085,0.06200324412003244,0.04721208434712084,0.06147607461476075,0.018947688564476886,0.036881589618815894,0.04707015409570154,0.03896999188969992,0.03336374695863747,0.022526358475263585,0.01550081103000811,0.011668694241686942,0.01217558799675588,0.005058799675587997,0.0032339821573398216,0.00010137875101378751,0.001510543390105434,0.0025547445255474453,0.0023215733982157338,0.006782238442822384,0.001469991889699919,0.0002939983779399838,0.0,0.004987834549878345,0.0005879967558799676,0.002696674776966748,0.0,0.0002635847526358475,0.0,0.0,0.0,0.0,0.0,0.0,0.0,0.0,0.0,0.0,0.0,0.0,0.0,0.0,0.0,0.0,0.0,0.0,0.0,0.0,0.0,0.0,0.0,0.0,0.0,0.0,0.0,0.0,nan,nan,4.224859462835727,2.8035903849274995,nan,0.8473121803336141,0.03510656702737547,0.0,0.0,0.0,0.0,0.0,0.0,0.0,0.0,0.0,0.0,0.0,0.0,0.0,0.0,0.0,0.0,0.0,0.0,0.0,0.0,0.012043356081894824,0.07226013649136893,0.5299076676033723,1.445202729827374,7.442794058611001,13.163388197511043,5.551987153753514,1.2765957446808514,0.38538739462063437,0.12043356081894824,0.8475973998997262,0.03436078052791633,0.0,0.0,0.0,0.0,0.0,0.0,0.0,0.0,0.0,0.0,0.0,0.0,0.0,0.0,0.0,0.0,0.0,0.0,0.0,0.0,0.0,0.12290045063498568,0.3072511265874642,1.560835723064313,7.410897173289637,12.990577632117988,5.936091765669809,1.2781646866038512,0.24580090126997137,0.1474805407619828,0.4292,0.01653,0.0,0.0,0.0,0.0,0.0,0.0,0.0,0.0,0.0,0.0,0.0,1.0839020473705323,16.945002007226016,11.65796868727419,0.31312725812926545,0.0,0.0,0.0,0.0,0.0,0.0,0.0,0.0,0.0,0.0,0.0,0.0,0.0,0.0,0.0,0.429,0.01682,0.0,0.0,0.0,0.0,0.0,0.0,0.0,0.0,0.0,0.0,0.0,1.1183941007783678,17.23064317902499,11.294551413355185,0.3564113068414585,0.0,0.0,0.0,0.0,0.0,0.0,0.0,0.0,0.0,0.0,0.0,0.0,0.0,0.0,0.0
75000,4994,2600,0.5206247496996396,1224,1010,0.447336804164998,1401,0.5610732879455347,0.44999999999999996,2.989974937343358,3.050518629536017,6.516272189349112,2.0194399180757254,6649.800000000002,1.8189894035458565e-12,6649.8,6649.8,6649.8,0.0,6649.800000000001,9.094947017729282e-13,28.002202643171806,20.876752662141794,32.76777251184834,19.20055301991388,0.13596315578694435,0.1001201441730076,0.09511413696435723,0.08930716860232278,0.08089707649179015,0.07188626351621946,0.07028434120945135,0.06768121746095314,0.059671605927112535,0.046255506607929514,0.04525430516619944,0.039647577092511016,0.034441329595514616,0.02723267921505807,0.018221866239487385,0.010612735282338807,0.007408890668802563,0.8486216768867071,0.03390404802878792,0.0,0.0,0.0,0.0,0.0,0.0,0.0,0.0,0.0,0.0,0.0,0.0,0.0,0.0,0.0,0.0,0.0,0.0,0.0,0.012014417300760916,0.006007208650380458,0.03003604325190229,0.3123748498197838,1.5198237885462507,7.226672006407691,13.11974369243092,6.007208650380458,1.2615138165798963,0.3964757709251102,0.10812975570684824,4.29204368174727,2.819513412943342,2.6875,2.7999720980752647,0.6261585853445769,4.2209085252022405,2.8185731089683275,4.346964064436183,2.823351480703548,1.0298645513119484,0.4297,0.0167,0.0,0.0,0.0,0.0,0.0,0.0,0.0,0.0,0.0,0.0,0.0,1.087304765718861,16.423708450140172,12.044453344012819,0.4445334401281539,0.0,0.0,0.0,0.0,0.0,0.0,0.0,0.0,0.0,0.0,0.0,0.0,0.0,0.0,0.0,nan,nan,4.284073269171065,2.8216725097840127,nan,0.4297,0.08746,0.0,0.0,0.0,0.0,0.0,0.0,0.0,0.0,0.0,0.0,0.0,0.0,0.0,0.0,0.0,0.0,0.0,0.0,0.0,0.0,0.0006207448938726471,0.0,0.0032939527432919503,0.0,0.000250300360432519,0.0008410092110532639,0.006938325991189427,0.004775730877052463,0.006798157789347217,0.013516219463356027,0.03990788946736083,0.02460953143772527,0.0656988386063276,0.031117340808970766,0.018732478974769724,0.02805366439727673,0.026121345614737685,0.02857428914697637,0.05288346015218262,0.03897677212655186,0.03051661994393272,0.03246896275530637,0.017731277533039647,0.03334000800961153,0.012855426511814178,0.040198237885462555,0.06216459751702042,0.04723668402082499,0.06371645975170204,0.018902683219863835,0.03577292751301562,0.04557468962755307,0.03889667601121346,0.033920704845814977,0.021625951141369643,0.01551862234681618,0.010722867440929115,0.012264717661193433,0.00578694433319984,0.0028233880656788144,4.0048057669203045e-05,0.0012915498598317981,0.0024929915899078894,0.0028634361233480176,0.007158590308370044,0.001211453744493392,0.0007408890668802563,0.0,0.006788145774929916,0.0004805766920304365,0.0028334000800961153,0.0,0.00035042050460552663,0.0,0.0,0.0,0.0,0.0,0.0,0.0,0.0,0.0,0.0,0.0,0.0,0.0,0.0,0.0,0.0,0.0,0.0,0.0,0.0,0.0,0.0,0.0,0.0,0.0,0.0,0.0,0.0,nan,nan,4.284073269171065,2.8216725097840127,nan,0.8491152653098106,0.03354207233189167,0.0,0.0,0.0,0.0,0.0,0.0,0.0,0.0,0.0,0.0,0.0,0.0,0.0,0.0,0.0,0.0,0.0,0.0,0.0,0.0,0.0,0.02307692307692308,0.2884615384615385,1.5115384615384568,7.050000000000002,13.569230769230773,5.665384615384617,1.303846153846154,0.5192307692307693,0.06923076923076925,0.8480856159426514,0.03428479471952081,0.0,0.0,0.0,0.0,0.0,0.0,0.0,0.0,0.0,0.0,0.0,0.0,0.0,0.0,0.0,0.0,0.0,0.0,0.0,0.025062656641604016,0.012531328320802008,0.03759398496240602,0.3383458646616542,1.5288220551378398,7.418546365914788,12.631578947368425,6.378446115288222,1.2155388471177946,0.26315789473684215,0.15037593984962408,0.4294,0.01654,0.0,0.0,0.0,0.0,0.0,0.0,0.0,0.0,0.0,0.0,0.0,1.1076923076923062,16.453846153846158,12.115384615384619,0.32307692307692315,0.0,0.0,0.0,0.0,0.0,0.0,0.0,0.0,0.0,0.0,0.0,0.0,0.0,0.0,0.0,0.43,0.01686,0.0,0.0,0.0,0.0,0.0,0.0,0.0,0.0,0.0,0.0,0.0,1.065162907268169,16.390977443609025,11.967418546365918,0.5764411027568923,0.0,0.0,0.0,0.0,0.0,0.0,0.0,0.0,0.0,0.0,0.0,0.0,0.0,0.0,0.0
75100,4844,2491,0.5142444260941371,1172,960,0.4401321222130471,1346,0.555739058629232,0.45799999999999996,2.9770505737356565,3.0758066902842467,6.567883211678832,2.0703303557599027,6649.800000000002,1.8189894035458565e-12,6649.8,6649.8,6649.800000000002,1.8189894035458565e-12,6649.800000000001,9.094947017729282e-13,28.18166804293972,20.92689159748156,32.78999757222627,19.301981350985667,0.13129644921552436,0.10487200660611065,0.09785301403798513,0.08092485549132948,0.08691164327002478,0.07184145334434351,0.06234516928158547,0.06440957886044592,0.05635838150289017,0.0611065235342692,0.0458298926507019,0.03777869529314616,0.03674649050371594,0.024153592072667217,0.01981833195706028,0.01032204789430223,0.007431874483897605,0.8482001693065653,0.0346744182647572,0.0,0.0,0.0,0.0,0.0,0.0,0.0,0.0,0.0,0.0,0.0,0.0,0.0,0.0,0.0,0.0,0.0,0.0,0.0,0.0,0.018579686209744015,0.06193228736581339,0.39636663914120573,1.672171758876956,7.12221304706854,12.782824112303883,6.081750619322875,1.4306358381502895,0.3344343517753923,0.09909165978530143,4.342173350582147,2.8485931138081053,5.2105263157894735,2.1417884157237688,1.199981183406901,4.342747111681643,2.8414424642267373,4.352221506761108,2.8497844877115868,1.0021816594049375,0.4292,0.01718,0.0,0.0,0.0,0.0,0.0,0.0,0.0,0.0,0.0,0.0,0.00619322873658134,1.3872832369942176,16.690751445086708,11.383154417836503,0.5326176713459951,0.0,0.0,0.0,0.0,0.0,0.0,0.0,0.0,0.0,0.0,0.0,0.0,0.0,0.0,0.0,nan,nan,4.347476695596272,2.845613772271062,nan,0.4292,0.0875,0.0,0.0,0.0,0.0,0.0,0.0,0.0,0.0,0.0,0.0,0.0,0.0,0.0,0.0,0.0,0.0,0.0,0.0,0.0,0.0,0.0005057803468208092,0.0,0.003447563996696945,4.128819157720892e-05,0.00033030553261767135,0.001166391412056152,0.0066886870355078445,0.004345582163501238,0.00726672171758877,0.013914120561519406,0.040668868703550784,0.02401940545004129,0.06775392237819984,0.03176094137076796,0.01912675474814203,0.02838563170933113,0.025299339388934763,0.026971511147811725,0.053364987613542525,0.040679190751445084,0.0277766308835673,0.03105904211395541,0.01676300578034682,0.034310487200660614,0.012149050371593724,0.040049545829892653,0.062469033856317094,0.05079479768786127,0.06320189925681255,0.019549958711808424,0.03394921552436003,0.044653179190751444,0.0388831544178365,0.035900082576383156,0.019642857142857142,0.017382328654004953,0.010518166804293972,0.011849710982658959,0.005119735755573906,0.002642444260941371,2.064409578860446e-05,0.0006709331131296449,0.0022605284888521883,0.0030243600330305534,0.00713253509496284,0.0014554087530966144,0.0006193228736581337,1.032204789430223e-05,0.0072254335260115606,0.00033030553261767135,0.0025392237819983486,2.064409578860446e-05,0.00028901734104046245,0.0,0.0,0.0,0.0,0.0,0.0,0.0,0.0,0.0,0.0,0.0,0.0,0.0,0.0,0.0,0.0,0.0,0.0,0.0,0.0,0.0,0.0,0.0,0.0,0.0,0.0,0.0,0.0,nan,nan,4.347476695596272,2.845613772271062,nan,0.8482369754698228,0.03467960572000554,0.0,0.0,0.0,0.0,0.0,0.0,0.0,0.0,0.0,0.0,0.0,0.0,0.0,0.0,0.0,0.0,0.0,0.0,0.0,0.0,0.012043356081894824,0.09634684865515859,0.43356081894821363,1.6860698514652699,6.732236049779207,13.042954636692095,6.14211160176636,1.4813327980730633,0.26495383380168613,0.10839020473705341,0.8481612045157985,0.03466888314712075,0.0,0.0,0.0,0.0,0.0,0.0,0.0,0.0,0.0,0.0,0.0,0.0,0.0,0.0,0.0,0.0,0.0,0.0,0.0,0.0,0.025499362515937107,0.025499362515937107,0.3569910752231195,1.6574585635359065,7.535061623459415,12.507437314067152,6.017849553761158,1.3769655758606039,0.4079898002549937,0.08924776880577988,0.4297,0.01758,0.0,0.0,0.0,0.0,0.0,0.0,0.0,0.0,0.0,0.0,0.012043356081894824,1.3849859494179024,16.150140505820957,11.790445604175034,0.6623845845042153,0.0,0.0,0.0,0.0,0.0,0.0,0.0,0.0,0.0,0.0,0.0,0.0,0.0,0.0,0.0,0.4287,0.01674,0.0,0.0,0.0,0.0,0.0,0.0,0.0,0.0,0.0,0.0,0.0,1.38971525711857,17.263068423289422,10.951976200594988,0.39524011899702516,0.0,0.0,0.0,0.0,0.0,0.0,0.0,0.0,0.0,0.0,0.0,0.0,0.0,0.0,0.0
75200,4831,2481,0.5135582695094183,1168,969,0.4423514800248396,1338,0.5539225833160836,0.47,2.989787234042553,3.095896728005527,6.580838323353293,2.1123513059453263,6649.800000000002,1.8189894035458565e-12,6649.8,6649.8,6649.800000000002,1.8189894035458565e-12,6649.800000000002,1.8189894035458565e-12,27.609190643759057,20.78243924529444,32.810117119362076,18.961561635249993,0.14613951562823432,0.09625336369281723,0.09397640240115918,0.08673152556406541,0.07990064168909129,0.07700269095425377,0.07182777892775823,0.062098944317946596,0.05754502173463051,0.05154212378389567,0.04843717656799834,0.03829434899606707,0.03353342993169116,0.022562616435520596,0.017594700890084868,0.00952183812875181,0.007037880356033948,0.849344592957091,0.03403460436793196,0.0,0.0,0.0,0.0,0.0,0.0,0.0,0.0,0.0,0.0,0.0,0.0,0.0,0.0,0.0,0.0,0.0,0.0,0.0,0.0,0.0,0.05588904988615195,0.27323535499896506,1.5835230801076332,7.116539018836681,12.680604429724697,6.4458704202028585,1.391016352722004,0.3601738770440903,0.09314841647691992,4.356933115823817,2.8410596540738307,4.076923076923077,2.36843143359087,0.9357323072314835,4.395618556701031,2.8173672324605197,4.315203145478375,2.8608382231105893,0.9817055528851418,0.429,0.01707,0.0,0.0,0.0,0.0,0.0,0.0,0.0,0.0,0.0,0.0,0.0,1.2481887807907246,16.772924860277378,11.46967501552474,0.5092113434071621,0.0,0.0,0.0,0.0,0.0,0.0,0.0,0.0,0.0,0.0,0.0,0.0,0.0,0.0,0.0,nan,nan,4.355750487329435,2.839287014825772,nan,0.4292,0.08716,0.0,0.0,0.0,0.0,0.0,0.0,0.0,0.0,0.0,0.0,0.0,0.0,0.0,0.0,0.0,0.0,0.0,0.0,0.0,0.0,0.0004553922583316084,4.1399296211964395e-05,0.0027427033740426415,0.0,0.00032084454564272407,0.0011591802939350032,0.006789484578762161,0.004170979093355413,0.0064065410888014904,0.015679983440281514,0.03933968122541917,0.02628855309459739,0.06866073276754295,0.03159801283378182,0.019147174498033534,0.029041606292693024,0.02521217139308632,0.02617470503001449,0.049006416890912854,0.041275098323328506,0.02967294555992548,0.031235768991927138,0.017066859863382324,0.03545849720554751,0.011933347133098737,0.03919478368867729,0.063951562823432,0.0505795901469675,0.06121920927344235,0.019229973090457462,0.03272614365555786,0.044214448354377975,0.0390705858000414,0.03712481887807907,0.019768163941212998,0.01824673980542331,0.01083626578348168,0.01317532601945767,0.005723452701304078,0.0026909542537776857,9.31484164769199e-05,0.00048644173049058165,0.002587456013247775,0.002908300558890499,0.006168495135582695,0.0016352722003725936,0.0005899399710204927,1.0349824052991099e-05,0.00574415234941006,0.0003622438418546885,0.002483957772717864,2.0699648105982198e-05,0.0002794452494307597,0.0,0.0,0.0,0.0,0.0,0.0,0.0,0.0,0.0,0.0,0.0,0.0,0.0,0.0,0.0,0.0,0.0,0.0,0.0,0.0,0.0,0.0,0.0,0.0,0.0,0.0,0.0,0.0,nan,nan,4.355750487329435,2.839287014825772,nan,0.8504904314713437,0.03412407571134661,0.0,0.0,0.0,0.0,0.0,0.0,0.0,0.0,0.0,0.0,0.0,0.0,0.0,0.0,0.0,0.0,0.0,0.0,0.0,0.0,0.0,0.07255139056831923,0.2176541717049577,1.45102781136638,6.698911729141477,12.950423216444985,6.6747279322853705,1.4147521160822252,0.41112454655380903,0.10882708585247886,0.8481348800405543,0.03389788429817152,0.0,0.0,0.0,0.0,0.0,0.0,0.0,0.0,0.0,0.0,0.0,0.0,0.0,0.0,0.0,0.0,0.0,0.0,0.0,0.0,0.0,0.03829787234042554,0.33191489361702137,1.7234042553191435,7.557446808510639,12.395744680851067,6.204255319148937,1.365957446808511,0.3063829787234043,0.07659574468085108,0.429,0.01717,0.0,0.0,0.0,0.0,0.0,0.0,0.0,0.0,0.0,0.0,0.0,1.2938331318016911,16.662636033857318,11.523579201934707,0.5199516324062878,0.0,0.0,0.0,0.0,0.0,0.0,0.0,0.0,0.0,0.0,0.0,0.0,0.0,0.0,0.0,0.4292,0.017,0.0,0.0,0.0,0.0,0.0,0.0,0.0,0.0,0.0,0.0,0.0,1.1999999999999982,16.889361702127662,11.412765957446812,0.497872340425532,0.0,0.0,0.0,0.0,0.0,0.0,0.0,0.0,0.0,0.0,0.0,0.0,0.0,0.0,0.0
75300,4897,2476,0.5056156830712681,1168,1006,0.4439452726158873,1389,0.5672860935266489,0.46199999999999997,2.8942585708384967,2.934710882051022,6.248914616497829,1.9139168459323963,6649.800000000001,9.094947017729282e-13,6649.8,6649.8,6649.800000000002,1.8189894035458565e-12,6649.800000000002,1.8189894035458565e-12,27.782315703491935,20.735909316269172,32.50676982591876,19.101061081527646,0.1333469471104758,0.10292015519705942,0.0982234020829079,0.08699203594037165,0.08229528282622013,0.07576066979783541,0.07147232999795794,0.06800081682662855,0.053093730855625895,0.04819277108433735,0.0459464978558301,0.041045538084541554,0.0324688584847866,0.024096385542168676,0.018787012456606085,0.01143557279967327,0.005921993056973657,0.8496661099312571,0.03426729739238159,0.0,0.0,0.0,0.0,0.0,0.0,0.0,0.0,0.0,0.0,0.0,0.0,0.0,0.0,0.0,0.0,0.0,0.0,0.0,0.0,0.0,0.07351439656932818,0.26955278742086997,1.5560547273841079,6.898100878088627,13.103941188482748,6.156830712681235,1.500918929957117,0.28180518684909134,0.15928119256687773,4.287227214377407,2.745163306609021,6.357142857142857,3.084688983098455,1.4828098767016349,4.325988334413481,2.724201782499926,4.267800882167612,2.7750332372060815,0.9865493275182958,0.429,0.01683,0.0,0.0,0.0,0.0,0.0,0.0,0.0,0.0,0.0,0.0,0.0,1.1578517459669169,17.061466203798247,11.364100469675314,0.4165815805595263,0.0,0.0,0.0,0.0,0.0,0.0,0.0,0.0,0.0,0.0,0.0,0.0,0.0,0.0,0.0,nan,nan,4.2964856230031945,2.750246073327041,nan,0.429,0.08734,0.0,0.0,0.0,0.0,0.0,0.0,0.0,0.0,0.0,0.0,0.0,0.0,0.0,0.0,0.0,0.0,0.0,0.0,0.0,0.0,0.00032673065141923627,0.00010210332856851133,0.002215642229936696,0.0,0.00020420665713702266,0.001541760261384521,0.006463140698386768,0.004645701449867265,0.0058607310598325505,0.016295691239534407,0.039953032468858486,0.02828262201347764,0.06669389422095161,0.033122319787625074,0.01722483152950786,0.030406371247702676,0.025770880130692262,0.025076577496426382,0.0491423320400245,0.04181131304880539,0.03153971819481315,0.02990606493771697,0.01691852154380233,0.0351439656932816,0.011680620788237697,0.03916683683888095,0.06137431080253216,0.05235858688993261,0.06226260976107821,0.019777414743720644,0.030835205227690423,0.04353685930161323,0.03848274453747192,0.037512762916071064,0.019164794772309576,0.017694506840923014,0.011619358791096589,0.01279354706963447,0.006371247702675107,0.0026648968756381457,0.0001225239942822136,0.0005003063099857056,0.002419848887073719,0.002685317541351848,0.007014498672656729,0.0018072289156626507,0.0007351439656932816,0.0,0.005534000408413314,0.0005921993056973657,0.0022054318970798448,2.0420665713702267e-05,0.00041862364713089647,0.0,0.0,0.0,0.0,0.0,0.0,0.0,0.0,0.0,0.0,0.0,0.0,0.0,0.0,0.0,0.0,0.0,0.0,0.0,0.0,0.0,0.0,0.0,0.0,0.0,0.0,0.0,0.0,nan,nan,4.2964856230031945,2.750246073327041,nan,0.8500225474164251,0.034716376327032325,0.0,0.0,0.0,0.0,0.0,0.0,0.0,0.0,0.0,0.0,0.0,0.0,0.0,0.0,0.0,0.0,0.0,0.0,0.0,0.0,0.0,0.08481421647819065,0.3392568659127626,1.4418416801292364,6.748788368336028,13.13408723747981,6.239903069466884,1.5387722132471733,0.2907915993537965,0.18174474959612283,0.8493015749402304,0.033797957870410705,0.0,0.0,0.0,0.0,0.0,0.0,0.0,0.0,0.0,0.0,0.0,0.0,0.0,0.0,0.0,0.0,0.0,0.0,0.0,0.0,0.0,0.06195786864931847,0.19826517967781912,1.6728624535315932,7.050805452292443,13.073110285006198,6.071871127633211,1.4622057001239162,0.27261462205700127,0.13630731102850063,0.429,0.01709,0.0,0.0,0.0,0.0,0.0,0.0,0.0,0.0,0.0,0.0,0.0,1.2964458804523407,16.853796445880455,11.377221324717288,0.4725363489499193,0.0,0.0,0.0,0.0,0.0,0.0,0.0,0.0,0.0,0.0,0.0,0.0,0.0,0.0,0.0,0.429,0.01659,0.0,0.0,0.0,0.0,0.0,0.0,0.0,0.0,0.0,0.0,0.0,1.0161090458488213,17.27385377942999,11.350681536555145,0.3593556381660472,0.0,0.0,0.0,0.0,0.0,0.0,0.0,0.0,0.0,0.0,0.0,0.0,0.0,0.0,0.0
75400,4765,2392,0.50199370409234,1130,1014,0.44994753410283317,1373,0.5762854144805876,0.45799999999999996,2.983565107458913,3.0300057953344206,6.421052631578948,2.055893385304589,6649.800000000002,1.8189894035458565e-12,6649.8,6649.8,6649.800000000001,9.094947017729282e-13,6649.800000000001,9.094947017729282e-13,27.870304302203568,20.814918413334702,33.108531044926806,18.910529076608736,0.14606505771248687,0.09905561385099686,0.08835257082896117,0.07911857292759707,0.08646379853095489,0.07408184679958027,0.07261280167890871,0.06169989506820567,0.05729275970619097,0.05183630640083946,0.0491080797481637,0.04197271773347324,0.03399790136411333,0.025603357817418678,0.016789087093389297,0.011542497376705142,0.00440713536201469,0.8500509620713537,0.033893257615196105,0.0,0.0,0.0,0.0,0.0,0.0,0.0,0.0,0.0,0.0,0.0,0.0,0.0,0.0,0.0,0.0,0.0,0.0,0.0,0.0,0.006295907660020988,0.025183630640083953,0.2959076600209864,1.5676810073452205,6.6421825813221425,13.05771248688353,6.528856243441765,1.3913955928646384,0.39034627492130125,0.09443861490031481,4.280855199222546,2.7527115672648947,3.875,3.018174116912409,0.9051929625425653,4.264724919093851,2.705708637037184,4.297611362169142,2.799036212671261,1.007711269472048,0.4292,0.01668,0.0,0.0,0.0,0.0,0.0,0.0,0.0,0.0,0.0,0.0,0.0,1.1584470094438597,16.753410283315848,11.748163693599164,0.33997901364113337,0.0,0.0,0.0,0.0,0.0,0.0,0.0,0.0,0.0,0.0,0.0,0.0,0.0,0.0,0.0,nan,nan,4.279806138933764,2.753507845485118,nan,0.4292,0.08716,0.0,0.0,0.0,0.0,0.0,0.0,0.0,0.0,0.0,0.0,0.0,0.0,0.0,0.0,0.0,0.0,0.0,0.0,0.0,0.0,0.000304302203567681,0.00015739769150052466,0.002329485834207765,0.0,0.000304302203567681,0.00155299055613851,0.00627492130115425,0.003997901364113326,0.006358866736621196,0.015015739769150053,0.03973767051416579,0.028090241343126966,0.06736621196222456,0.034679958027282264,0.017418677859391395,0.02852046169989507,0.026610703043022037,0.02372507869884575,0.0489087093389297,0.039842602308499474,0.03060860440713536,0.030849947534102834,0.018090241343126968,0.03627492130115425,0.012413431269674712,0.04251836306400839,0.06058761804826863,0.05390346274921301,0.06047219307450157,0.019275970619097586,0.029842602308499475,0.043326337880377756,0.03909758656873032,0.037124868835257084,0.018541448058761806,0.017932843651626444,0.011930745015739768,0.013263378803777544,0.005666316894018888,0.0031899265477439665,0.0003462749213011543,0.000472193074501574,0.0024029380902413433,0.0020776495278069253,0.007397691500524659,0.0014270724029380902,0.0009758656873032529,0.0,0.005477439664218258,0.00080797481636936,0.002203567681007345,2.0986358866736622e-05,0.00025183630640083945,0.0,3.147953830010493e-05,0.0,0.0,0.0,0.0,0.0,0.0,0.0,0.0,0.0,0.0,0.0,0.0,0.0,0.0,0.0,0.0,0.0,0.0,0.0,0.0,0.0,0.0,0.0,0.0,0.0,0.0,nan,nan,4.279806138933764,2.753507845485118,nan,0.8509539676998371,0.03412299209728339,0.0,0.0,0.0,0.0,0.0,0.0,0.0,0.0,0.0,0.0,0.0,0.0,0.0,0.0,0.0,0.0,0.0,0.0,0.0,0.0,0.012541806020066893,0.025083612040133787,0.3010033444816054,1.5175585284280888,6.321070234113714,13.106187290969903,6.6973244147157205,1.4924749163879603,0.42642140468227435,0.10033444816053515,0.8491407263093089,0.033635571140242265,0.0,0.0,0.0,0.0,0.0,0.0,0.0,0.0,0.0,0.0,0.0,0.0,0.0,0.0,0.0,0.0,0.0,0.0,0.0,0.0,0.0,0.02528445006321113,0.290771175726928,1.618204804045507,6.965865992414667,13.008849557522128,6.359039190897599,1.2895069532237675,0.35398230088495586,0.08849557522123896,0.4292,0.01682,0.0,0.0,0.0,0.0,0.0,0.0,0.0,0.0,0.0,0.0,0.0,1.1162207357859517,16.843645484949835,11.663879598662211,0.37625418060200677,0.0,0.0,0.0,0.0,0.0,0.0,0.0,0.0,0.0,0.0,0.0,0.0,0.0,0.0,0.0,0.4292,0.01653,0.0,0.0,0.0,0.0,0.0,0.0,0.0,0.0,0.0,0.0,0.0,1.2010113780025267,16.662452591656134,11.83312262958281,0.30341340075853357,0.0,0.0,0.0,0.0,0.0,0.0,0.0,0.0,0.0,0.0,0.0,0.0,0.0,0.0,0.0
75500,4838,2457,0.5078544853245143,1144,1027,0.44873914840843326,1400,0.5787515502273667,0.44999999999999996,2.986560268794624,3.0166533387290757,6.3861967694566815,2.0144231217425506,6649.800000000002,1.8189894035458565e-12,6649.8,6649.8,6649.8,0.0,6649.800000000001,9.094947017729282e-13,27.836709384042994,20.900693364965065,32.82371794871795,19.147028948058864,0.14282761471682515,0.1031417941298057,0.08970649028524183,0.086812732534105,0.07833815626291857,0.0704836709384043,0.069450186027284,0.07110376188507647,0.06014882182720132,0.049607275733774284,0.047540305911533694,0.03906572964034725,0.03079785035138487,0.022943365026870607,0.018189334435717238,0.011368334022323274,0.00847457627118644,0.8503044363805803,0.03318618536479986,0.0,0.0,0.0,0.0,0.0,0.0,0.0,0.0,0.0,0.0,0.0,0.0,0.0,0.0,0.0,0.0,0.0,0.0,0.0,0.0,0.0,0.01860272840016536,0.291442744935924,1.593633732947494,6.510954940057877,12.897891690781318,6.852004960727575,1.5316246382802814,0.2480363786688715,0.05580818520049608,4.345038659793815,2.7988551366272976,4.714285714285714,3.325841921949376,1.084981304748488,4.325685149776928,2.8031411508024093,4.366407263294422,2.797068585039607,1.0094140262426623,0.429,0.0165,0.0,0.0,0.0,0.0,0.0,0.0,0.0,0.0,0.0,0.0,0.0,1.029350971475815,17.263331955353454,11.30425795783382,0.3968582058701944,0.006200909466721787,0.0,0.0,0.0,0.0,0.0,0.0,0.0,0.0,0.0,0.0,0.0,0.0,0.0,0.0,nan,nan,4.3458694953391195,2.8002068862709684,nan,0.429,0.087,0.0,0.0,0.0,0.0,0.0,0.0,0.0,0.0,0.0,0.0,0.0,0.0,0.0,0.0,0.0,0.0,0.0,0.0,0.0,0.0,0.00028937577511368333,0.0003203803224472923,0.002676725919801571,0.00011368334022323274,0.0005890863993385696,0.0019326167837949565,0.005859859446052088,0.004898718478710211,0.006541959487391484,0.01583298883836296,0.03974782968168665,0.02594047126911947,0.0642207523770153,0.037484497726333194,0.01711451012815213,0.0263848697809012,0.02660190161223646,0.022157916494419182,0.047943365026870605,0.03972715998346424,0.030219098801157505,0.03290615957007028,0.01888176932616784,0.035148821827201325,0.011988424968995453,0.045618023976849935,0.06436544026457214,0.05264572137246796,0.06544026457213725,0.018623398098387763,0.03078751550227367,0.0402852418354692,0.03707110376188508,0.03624431583298884,0.01976023150062009,0.016432410086812732,0.01197809011988425,0.01305291442744936,0.00569450186027284,0.003172798677139314,0.0004857379082265399,0.0002687060768912774,0.0019532864820173625,0.001767259198015709,0.0070793716411740384,0.0016019016122364614,0.00086812732534105,1.0334849111202977e-05,0.005715171558495246,0.0010644894584539066,0.0023253410500206698,0.0,8.267879288962381e-05,0.0,8.267879288962381e-05,0.0,0.0,0.0,0.0,0.0,0.0,0.0,0.0,0.0,0.0,0.0,0.0,0.0,0.0,0.0,0.0,0.0,0.0,0.0,0.0,0.0,0.0,0.0,0.0,0.0,0.0,nan,nan,4.3458694953391195,2.8002068862709684,nan,0.8507794862750298,0.032843944386785486,0.0,0.0,0.0,0.0,0.0,0.0,0.0,0.0,0.0,0.0,0.0,0.0,0.0,0.0,0.0,0.0,0.0,0.0,0.0,0.0,0.0,0.012210012210012213,0.35409035409035416,1.4407814407814363,6.459096459096461,12.85714285714286,6.984126984126986,1.6483516483516487,0.21978021978021983,0.024420024420024427,0.8498142231967658,0.03352863330347421,0.0,0.0,0.0,0.0,0.0,0.0,0.0,0.0,0.0,0.0,0.0,0.0,0.0,0.0,0.0,0.0,0.0,0.0,0.0,0.0,0.0,0.025199496010079803,0.22679546409071824,1.7513649727005407,6.564468710625789,12.93994120117598,6.715665686686267,1.4111717765644691,0.27719445611087784,0.08819823603527932,0.4287,0.01666,0.0,0.0,0.0,0.0,0.0,0.0,0.0,0.0,0.0,0.0,0.0,1.2454212454212437,17.008547008547012,11.428571428571432,0.31746031746031755,0.0,0.0,0.0,0.0,0.0,0.0,0.0,0.0,0.0,0.0,0.0,0.0,0.0,0.0,0.0,0.4294,0.01631,0.0,0.0,0.0,0.0,0.0,0.0,0.0,0.0,0.0,0.0,0.0,0.8063838723225524,17.526249475010502,11.175976480470394,0.47879042419151624,0.012599748005039902,0.0,0.0,0.0,0.0,0.0,0.0,0.0,0.0,0.0,0.0,0.0,0.0,0.0,0.0
75600,4777,2492,0.5216663177726607,1170,957,0.4452585304584467,1324,0.5543227967343521,0.474,2.9838074398249455,3.0469988014375975,6.571428571428571,2.068679494475503,6649.800000000001,9.094947017729282e-13,6649.8,6649.8,6649.800000000002,1.8189894035458565e-12,6649.800000000002,1.8189894035458565e-12,27.61356499895332,20.704125189727293,32.58375,18.9584014605003,0.1402553904123927,0.1042495289930919,0.09294536319866024,0.08666527109064266,0.07975716977182332,0.0741050868746075,0.07138371362779987,0.06301025748377644,0.05756751099016119,0.05652082897215826,0.04542599958132719,0.038099225455306675,0.03202846975088968,0.024073686414067406,0.017584257902449236,0.009838810969227549,0.006489428511618171,0.8518634123834127,0.03302194266647352,0.0,0.0,0.0,0.0,0.0,0.0,0.0,0.0,0.0,0.0,0.0,0.0,0.0,0.0,0.0,0.0,0.0,0.0,0.0,0.0,0.0062800921080175855,0.06280092108017585,0.18212267113251,1.3313795268997237,6.386853673853885,12.93070965040821,7.090223989951854,1.6579443165166425,0.30772451329286166,0.0439606447561231,4.35737812911726,2.8522720949087557,3.7777777777777777,2.249828525701843,0.8669841509814297,4.373873873873874,2.8379415110477937,4.339597315436242,2.862880203452749,0.9921633409133322,0.428,0.01665,0.0,0.0,0.0,0.0,0.0,0.0,0.0,0.0,0.0,0.0,0.0,1.3941804479799016,17.4272555997488,10.864559346870424,0.31400460540087927,0.0,0.0,0.0,0.0,0.0,0.0,0.0,0.0,0.0,0.0,0.0,0.0,0.0,0.0,0.0,nan,nan,4.355665024630542,2.850852710181258,nan,0.428,0.0873,0.0,0.0,0.0,0.0,0.0,0.0,0.0,0.0,0.0,0.0,0.0,0.0,0.0,0.0,0.0,0.0,0.0,0.0,0.0,0.0,0.00023027004396064475,0.00023027004396064475,0.0028888423696880887,0.0001256018421603517,0.0006070755704416998,0.0019154280929453633,0.006248691647477497,0.005683483357755914,0.005777684739376177,0.015312957923382876,0.0416056102156165,0.02808247854301863,0.0671760519154281,0.03719907891982416,0.016380573581745866,0.02512036843207034,0.02826041448607913,0.021917521456981368,0.04902658572325727,0.03910404019258949,0.02822901402553904,0.03352522503663387,0.01898681180657316,0.033619426418254134,0.012193845509734142,0.04621101109482939,0.06630730584048566,0.05107808247854302,0.062434582373874815,0.018944944525853047,0.031536529202428304,0.04120787104877538,0.03804689135440653,0.03530458446723885,0.018002930709650408,0.015961900774544693,0.012288046891354407,0.01116809713209127,0.004814737282813481,0.0032237806154490267,0.0004919405484613774,0.0003035377852208499,0.002491103202846975,0.0011827506803433116,0.006908101318819342,0.0015804898471844253,0.0007850115135021981,0.0,0.006583629893238434,0.0012769520619635754,0.0021247644965459492,0.0,0.0001256018421603517,0.0,0.0001674691228804689,0.0,0.0,0.0,0.0,0.0,0.0,0.0,0.0,0.0,0.0,0.0,0.0,0.0,0.0,0.0,0.0,0.0,0.0,0.0,0.0,0.0,0.0,0.0,0.0,0.0,0.0,nan,nan,4.355665024630542,2.850852710181258,nan,0.8514231222399166,0.03370835827975658,0.0,0.0,0.0,0.0,0.0,0.0,0.0,0.0,0.0,0.0,0.0,0.0,0.0,0.0,0.0,0.0,0.0,0.0,0.0,0.0,0.0,0.07223113964687,0.20465489566613165,1.4446227929373952,6.512841091492779,12.700642054574642,7.00642054574639,1.6853932584269666,0.33707865168539336,0.036115569823435,0.8523435887674795,0.032249845023196846,0.0,0.0,0.0,0.0,0.0,0.0,0.0,0.0,0.0,0.0,0.0,0.0,0.0,0.0,0.0,0.0,0.0,0.0,0.0,0.0,0.013129102844638953,0.05251641137855581,0.15754923413566743,1.2078774617067796,6.249452954048142,13.181619256017509,7.181619256017507,1.62800875273523,0.275711159737418,0.05251641137855581,0.428,0.0165,0.0,0.0,0.0,0.0,0.0,0.0,0.0,0.0,0.0,0.0,0.0,1.3242375601926146,17.383627608346714,10.97913322632424,0.3130016051364367,0.0,0.0,0.0,0.0,0.0,0.0,0.0,0.0,0.0,0.0,0.0,0.0,0.0,0.0,0.0,0.4277,0.0168,0.0,0.0,0.0,0.0,0.0,0.0,0.0,0.0,0.0,0.0,0.0,1.4704595185995601,17.474835886214446,10.739606126914662,0.31509846827133486,0.0,0.0,0.0,0.0,0.0,0.0,0.0,0.0,0.0,0.0,0.0,0.0,0.0,0.0,0.0
75700,4758,2410,0.5065153425809164,1104,1019,0.44619588062211013,1376,0.5783942833123161,0.46199999999999997,3.0144804088586032,3.1110554409397557,6.69939577039275,2.1106762702238444,6649.800000000001,9.094947017729282e-13,6649.8,6649.8,6649.800000000001,9.094947017729282e-13,6649.800000000001,9.094947017729282e-13,27.702816309373688,20.84851879819019,32.810184018149734,19.073379777177493,0.14564943253467844,0.10004203446826397,0.08974358974358974,0.08827238335435057,0.08259773013871374,0.0735603194619588,0.06809583858764187,0.06683480453972257,0.05926860025220681,0.04539722572509458,0.047078604455653636,0.04119377889869693,0.03026481715006305,0.02816309373686423,0.0166036149642707,0.011559478772593527,0.005674653215636823,0.8507887595288139,0.03387920464344927,0.0,0.0,0.0,0.0,0.0,0.0,0.0,0.0,0.0,0.0,0.0,0.0,0.0,0.0,0.0,0.0,0.0,0.0,0.0,0.0,0.0,0.05674653215636823,0.1954602774274906,1.5069356872635513,6.885245901639346,12.572509457755363,6.601513240857504,1.7023959646910471,0.42875157629256,0.05044136191677177,4.3554315720380705,2.8617681544745737,4.916666666666667,3.377828033251874,1.128858664255394,4.279296875,2.851258590040879,4.436638214051214,2.875010130177813,1.0367680354149802,0.4272,0.01663,0.0,0.0,0.0,0.0,0.0,0.0,0.0,0.0,0.0,0.0,0.0,1.4880201765447647,17.931904161412362,10.189155107187895,0.3909205548549812,0.0,0.0,0.0,0.0,0.0,0.0,0.0,0.0,0.0,0.0,0.0,0.0,0.0,0.0,0.0,nan,nan,4.3576332134684534,2.86418912796057,nan,0.4272,0.08716,0.0,0.0,0.0,0.0,0.0,0.0,0.0,0.0,0.0,0.0,0.0,0.0,0.0,0.0,0.0,0.0,0.0,0.0,0.0,0.0,0.0001366120218579235,4.203446826397646e-05,0.002816309373686423,0.000273224043715847,0.00036780159730979403,0.0024379991593106347,0.0047919293820933165,0.0058953341740226985,0.005832282471626734,0.01626733921815889,0.04117276166456494,0.03092686002522068,0.06645649432534678,0.03708490962589323,0.016435477091214797,0.026775956284153007,0.028846153846153848,0.020649432534678436,0.04886506935687263,0.03955443463640185,0.0289302227826818,0.03365910046237915,0.019167717528373266,0.032713324926439684,0.012978142076502733,0.046269440941572086,0.06548970155527532,0.05278478352248844,0.061559478772593525,0.018011769651113913,0.031925178646490124,0.04171920975199664,0.0373266078184111,0.03651744430432955,0.015363598150483396,0.014186633039092055,0.012147961328289197,0.011559478772593527,0.005317360235393022,0.00308953341740227,0.0007356031946195881,0.00011559478772593527,0.002185792349726776,0.0010298444724674233,0.006525851197982346,0.0014817150063051703,0.0008827238335435057,0.0,0.007019756200084069,0.0011244220260613704,0.0022908785203867173,0.0,0.00011559478772593527,0.0,0.0001471206389239176,0.0,0.0,0.0,0.0,0.0,0.0,0.0,0.0,0.0,0.0,0.0,0.0,0.0,0.0,0.0,0.0,0.0,0.0,0.0,0.0,0.0,0.0,0.0,0.0,0.0,0.0,nan,nan,4.3576332134684534,2.86418912796057,nan,0.8508932107711729,0.034218613953218645,0.0,0.0,0.0,0.0,0.0,0.0,0.0,0.0,0.0,0.0,0.0,0.0,0.0,0.0,0.0,0.0,0.0,0.0,0.0,0.0,0.0,0.07468879668049794,0.19917012448132784,1.456431535269705,6.896265560165976,12.510373443983406,6.746887966804981,1.6058091286307057,0.4232365145228217,0.08713692946058094,0.8506815502042462,0.03352692159433793,0.0,0.0,0.0,0.0,0.0,0.0,0.0,0.0,0.0,0.0,0.0,0.0,0.0,0.0,0.0,0.0,0.0,0.0,0.0,0.0,0.0,0.038330494037478714,0.19165247018739356,1.5587734241907958,6.873935264054516,12.63628620102215,6.45229982964225,1.8015332197614995,0.4344122657580921,0.012776831345826238,0.4265,0.01683,0.0,0.0,0.0,0.0,0.0,0.0,0.0,0.0,0.0,0.0,0.0,1.7427385892116156,18.06224066390042,9.846473029045645,0.34854771784232375,0.0,0.0,0.0,0.0,0.0,0.0,0.0,0.0,0.0,0.0,0.0,0.0,0.0,0.0,0.0,0.428,0.01637,0.0,0.0,0.0,0.0,0.0,0.0,0.0,0.0,0.0,0.0,0.0,1.2265758091993169,17.79812606473595,10.540885860306647,0.4344122657580921,0.0,0.0,0.0,0.0,0.0,0.0,0.0,0.0,0.0,0.0,0.0,0.0,0.0,0.0,0.0
75800,4639,2347,0.5059280017245096,1055,937,0.42940288855356756,1294,0.557878853201121,0.46599999999999997,2.973821989528796,3.0735905210072083,6.684375,1.9089606751777262,6649.800000000001,9.094947017729282e-13,6649.8,6649.8,6649.8,0.0,6649.800000000001,9.094947017729282e-13,27.747143780987283,21.14578677339321,32.90269151138716,19.419069542769172,0.14572106057339945,0.10347057555507652,0.0937702090967881,0.08794998922181504,0.079327441258892,0.07329165768484587,0.06251347273119207,0.05971114464324208,0.05733994395343824,0.05087303298124596,0.04828626859236904,0.03858590213408062,0.037292519939642166,0.02759215348135374,0.016813968527699934,0.0099159301573615,0.007544729467557664,0.8519130972444715,0.03484653930798567,0.0,0.0,0.0,0.0,0.0,0.0,0.0,0.0,0.0,0.0,0.0,0.0,0.0,0.0,0.0,0.0,0.0,0.0,0.0,0.0,0.025867643888769137,0.04526837680534599,0.2392757059711145,1.4809226126320283,6.447510239275707,12.300064669109725,7.268807932744127,1.6749299417978016,0.4009484802759216,0.11640439749946112,4.350667122819021,2.781073699128282,4.2,2.785677655436824,0.965369190846898,4.355495251017639,2.7702284864871984,4.344262295081967,2.792027560468271,0.9974209693069813,0.4277,0.01683,0.0,0.0,0.0,0.0,0.0,0.0,0.0,0.0,0.0,0.0,0.0,1.4744557016598383,17.227850829920243,10.993748652726884,0.30394481569303733,0.0,0.0,0.0,0.0,0.0,0.0,0.0,0.0,0.0,0.0,0.0,0.0,0.0,0.0,0.0,nan,nan,4.349897889720898,2.7811179543534035,nan,0.4277,0.0868,0.0,0.0,0.0,0.0,0.0,0.0,0.0,0.0,0.0,0.0,0.0,0.0,0.0,0.0,0.0,0.0,0.0,0.0,0.0,0.0,0.00019400732916576848,0.0,0.0022849752101746067,0.00016167277430480706,0.0002910109937486527,0.0024682043543867212,0.00473162319465402,0.005658547100668247,0.006078896313860746,0.015897822806639362,0.041269670187540415,0.029887906876482,0.06417331321405476,0.0389631386074585,0.015499029963354172,0.02512394912696702,0.028325070058202197,0.021739599051519724,0.05073291657684846,0.03970683336926062,0.030157361500323346,0.033821944384565636,0.016760077602931665,0.03479198103039448,0.013548178486742833,0.046540202629877125,0.06493856434576417,0.055647768915714595,0.06167277430480707,0.01719120500107782,0.031655529208881227,0.039674498814399654,0.03769131278292735,0.0352769993533089,0.015930157361500323,0.015542142703168787,0.01212545807286053,0.01212545807286053,0.00541064884673421,0.0029532226773011424,0.0006898038370338435,0.00012933821944384566,0.001659840482862686,0.0008622547962923044,0.006553136451821514,0.0017891787023065315,0.0010778184953653806,0.0,0.006456132787238629,0.0010670403104117267,0.0026514334985988357,0.0,0.00016167277430480706,0.0,0.00016167277430480706,0.0,0.0,9.700366458288424e-05,0.0,0.0,0.0,0.0,0.0,0.0,0.0,0.0,0.0,0.0,0.0,0.0,0.0,0.0,0.0,0.0,0.0,0.0,0.0,0.0,0.0,0.0,0.0,nan,nan,4.349897889720898,2.7811179543534035,nan,0.8507211315007123,0.03488061850040053,0.0,0.0,0.0,0.0,0.0,0.0,0.0,0.0,0.0,0.0,0.0,0.0,0.0,0.0,0.0,0.0,0.0,0.0,0.0,0.0,0.051129100979974446,0.06391137622496805,0.16616957818491696,1.6489135066041705,6.608436301661698,12.411589262888798,7.0174691095014925,1.6105666808691952,0.31955688112484026,0.10225820195994889,0.8531336660056422,0.03476928775042886,0.0,0.0,0.0,0.0,0.0,0.0,0.0,0.0,0.0,0.0,0.0,0.0,0.0,0.0,0.0,0.0,0.0,0.0,0.0,0.0,0.0,0.026178010471204195,0.3141361256544503,1.3089005235602054,6.2827225130890065,12.185863874345554,7.526178010471206,1.740837696335079,0.4842931937172776,0.13089005235602097,0.4277,0.0166,0.0,0.0,0.0,0.0,0.0,0.0,0.0,0.0,0.0,0.0,0.0,1.5083084789092438,17.013208351086497,11.222837665104391,0.2556455048998722,0.0,0.0,0.0,0.0,0.0,0.0,0.0,0.0,0.0,0.0,0.0,0.0,0.0,0.0,0.0,0.4277,0.01706,0.0,0.0,0.0,0.0,0.0,0.0,0.0,0.0,0.0,0.0,0.0,1.4397905759162284,17.447643979057595,10.759162303664924,0.35340314136125667,0.0,0.0,0.0,0.0,0.0,0.0,0.0,0.0,0.0,0.0,0.0,0.0,0.0,0.0,0.0
75900,4535,2335,0.5148842337375965,1117,899,0.444542447629548,1260,0.5556780595369349,0.46199999999999997,3.066818181818182,3.0725454155436847,6.506060606060606,2.0282010829034043,6649.800000000002,1.8189894035458565e-12,6649.8,6649.8,6649.800000000002,1.8189894035458565e-12,6649.800000000001,9.094947017729282e-13,28.08026460859978,20.615099119992504,32.731288981288984,18.906709316385175,0.12877618522601986,0.10055126791620728,0.10077177508269018,0.08224917309812568,0.0824696802646086,0.07320837927232635,0.07651598676957001,0.06262403528114664,0.06152149944873209,0.05512679162072767,0.04366041896361632,0.04057331863285557,0.03484013230429989,0.02227122381477398,0.018081587651598677,0.011686879823594266,0.005071664829106946,0.8526158782849632,0.03402343767698223,0.0,0.0,0.0,0.0,0.0,0.0,0.0,0.0,0.0,0.0,0.0,0.0,0.0,0.0,0.0,0.0,0.0,0.0,0.0,0.0,0.006615214994487323,0.02646085997794929,0.2447629547960309,1.4421168687982315,6.072767364939362,12.99889746416759,7.157662624035283,1.514884233737597,0.3836824696802647,0.1521499448732084,4.334934797529169,2.821569998035341,3.7142857142857144,2.5475077857324298,0.8568262010313943,4.372576177285318,2.8544510143331396,4.295192958700068,2.787594127979748,0.9823026025281753,0.4287,0.01694,0.0,0.0,0.0,0.0,0.0,0.0,0.0,0.0,0.0,0.0,0.0,1.3031973539140005,16.84895259095921,11.484013230429992,0.36383682469680273,0.0,0.0,0.0,0.0,0.0,0.0,0.0,0.0,0.0,0.0,0.0,0.0,0.0,0.0,0.0,nan,nan,4.333447449503595,2.821108274175147,nan,0.4287,0.0868,0.0,0.0,0.0,0.0,0.0,0.0,0.0,0.0,0.0,0.0,0.0,0.0,0.0,0.0,0.0,0.0,0.0,4.410143329658214e-05,0.0,0.0,0.0001543550165380375,0.0,0.002304299889746417,4.410143329658214e-05,0.00014332965821389196,0.0028224917309812568,0.004068357221609703,0.005270121278941566,0.0061962513781697905,0.017177508269018742,0.03891951488423374,0.028379272326350607,0.06254685777287762,0.03887541345093715,0.016163175303197354,0.02444321940463065,0.026703417861080485,0.02103638368246968,0.0527122381477398,0.03776185226019846,0.0319845644983462,0.034873208379272325,0.016681367144432194,0.03547960308710033,0.01266813671444322,0.04772877618522602,0.06426681367144432,0.05398015435501654,0.06498346196251378,0.018059536934950386,0.031885336273428884,0.04133406835722161,0.03729878721058434,0.03710033076074972,0.016460859977949282,0.015005512679162072,0.011025358324145534,0.011278941565600883,0.004597574421168688,0.0030209481808158765,0.0005292171995589857,8.820286659316427e-05,0.0016648291069459758,0.0007497243660418963,0.006372657111356119,0.0018522601984564497,0.001091510474090408,1.1025358324145534e-05,0.0075854465270121275,0.0010584343991179713,0.00298787210584344,0.0,0.00036383682469680263,0.0,7.717750826901875e-05,0.0,0.0,8.820286659316427e-05,0.0,0.0,0.0,0.0,0.0,0.0,0.0,0.0,0.0,0.0,0.0,0.0,0.0,0.0,0.0,0.0,0.0,0.0,0.0,0.0,0.0,0.0,0.0,nan,nan,4.333447449503595,2.821108274175147,nan,0.8529201992829301,0.03403395486998421,0.0,0.0,0.0,0.0,0.0,0.0,0.0,0.0,0.0,0.0,0.0,0.0,0.0,0.0,0.0,0.0,0.0,0.0,0.0,0.0,0.012847965738758033,0.025695931477516067,0.25695931477516065,1.438972162740895,5.8843683083511795,13.220556745182016,7.040685224839402,1.605995717344754,0.34689507494646693,0.16702355460385443,0.8522928830439395,0.0340092927896093,0.0,0.0,0.0,0.0,0.0,0.0,0.0,0.0,0.0,0.0,0.0,0.0,0.0,0.0,0.0,0.0,0.0,0.0,0.0,0.0,0.0,0.02727272727272728,0.23181818181818187,1.4454545454545409,6.272727272727274,12.763636363636367,7.281818181818183,1.4181818181818187,0.42272727272727284,0.13636363636363638,0.4282,0.01732,0.0,0.0,0.0,0.0,0.0,0.0,0.0,0.0,0.0,0.0,0.0,1.4261241970021392,16.933618843683085,11.30620985010707,0.33404710920770886,0.0,0.0,0.0,0.0,0.0,0.0,0.0,0.0,0.0,0.0,0.0,0.0,0.0,0.0,0.0,0.4292,0.01651,0.0,0.0,0.0,0.0,0.0,0.0,0.0,0.0,0.0,0.0,0.0,1.172727272727271,16.75909090909091,11.672727272727276,0.39545454545454556,0.0,0.0,0.0,0.0,0.0,0.0,0.0,0.0,0.0,0.0,0.0,0.0,0.0,0.0,0.0
76000,4260,2179,0.5115023474178404,1032,844,0.4403755868544601,1180,0.5539906103286385,0.486,3.110523786641038,3.186542124427491,6.761120263591433,2.1601308910783703,6649.800000000002,1.8189894035458565e-12,6649.8,6649.8,6649.800000000001,9.094947017729282e-13,6649.800000000002,1.8189894035458565e-12,28.074647887323945,21.06832313924131,33.124719730941706,19.296682808457998,0.14295774647887324,0.09788732394366197,0.09577464788732394,0.07629107981220658,0.08615023474178404,0.07488262910798123,0.07652582159624413,0.055868544600938964,0.05211267605633803,0.054929577464788736,0.045774647887323945,0.042723004694835684,0.03262910798122066,0.02863849765258216,0.017605633802816902,0.012910798122065728,0.006338028169014085,0.8517353007071454,0.034115111549837554,0.0,0.0,0.0,0.0,0.0,0.0,0.0,0.0,0.0,0.0,0.0,0.0,0.0,0.0,0.0,0.0,0.0,0.0,0.0,0.0,0.0,0.049295774647887335,0.35915492957746487,1.4507042253521083,6.042253521126762,12.894366197183102,7.246478873239439,1.4929577464788737,0.3943661971830987,0.07042253521126762,4.4236417033773865,2.9007769905934806,4.785714285714286,3.0514299090419756,1.0818494368701836,4.483516483516484,2.862525220501416,4.367807720320466,2.938958635232106,0.9741924082087314,0.4287,0.01724,0.0,0.0,0.0,0.0,0.0,0.0,0.0,0.0,0.0,0.0,0.0,1.4436619718309838,16.690140845070427,11.429577464788734,0.43661971830985924,0.0,0.0,0.0,0.0,0.0,0.0,0.0,0.0,0.0,0.0,0.0,0.0,0.0,0.0,0.0,nan,nan,4.425493060628196,2.901682126209927,nan,0.4287,0.08673,0.0,0.0,0.0,0.0,0.0,0.0,0.0,0.0,0.0,0.0,0.0,0.0,0.0,0.0,0.0,0.0,0.0,0.0,0.0,0.0,2.347417840375587e-05,0.0,0.002276995305164319,0.0,0.00022300469483568075,0.0038849765258215964,0.003791079812206573,0.004894366197183099,0.006666666666666667,0.01795774647887324,0.035422535211267606,0.027523474178403756,0.06266431924882629,0.04061032863849765,0.016103286384976524,0.026854460093896713,0.02744131455399061,0.01915492957746479,0.05300469483568075,0.03692488262910798,0.030375586854460093,0.036795774647887323,0.016291079812206573,0.035422535211267606,0.013720657276995306,0.04625586854460094,0.06632629107981221,0.05396713615023474,0.06580985915492958,0.017089201877934272,0.03255868544600939,0.04147887323943662,0.03654929577464789,0.03490610328638498,0.01806338028169014,0.015023474178403756,0.011208920187793427,0.009847417840375587,0.004178403755868545,0.003075117370892019,0.0007629107981220657,0.00023474178403755868,0.0011854460093896713,0.0006924882629107982,0.007640845070422535,0.0018544600938967136,0.001056338028169014,0.00011737089201877934,0.007253521126760564,0.0010211267605633803,0.0030868544600938966,0.0,0.0006338028169014084,1.1737089201877934e-05,3.5211267605633805e-05,0.0,0.0,4.694835680751174e-05,0.0,0.0,0.0,0.0,0.0,0.0,0.0,0.0,0.0,0.0,0.0,0.0,0.0,0.0,0.0,0.0,0.0,0.0,0.0,0.0,0.0,0.0,0.0,nan,nan,4.425493060628196,2.901682126209927,nan,0.8515999249604493,0.03435986081282169,0.0,0.0,0.0,0.0,0.0,0.0,0.0,0.0,0.0,0.0,0.0,0.0,0.0,0.0,0.0,0.0,0.0,0.0,0.0,0.0,0.0,0.0826067003212483,0.2753556677374943,1.5419917393299631,6.195502524093623,12.762735199632862,7.090408444240479,1.5695273061037178,0.38549793483249206,0.09637448370812302,0.8518770516692074,0.033856360073031444,0.0,0.0,0.0,0.0,0.0,0.0,0.0,0.0,0.0,0.0,0.0,0.0,0.0,0.0,0.0,0.0,0.0,0.0,0.0,0.0,0.0,0.01441614608361365,0.44690052859202317,1.3551177318596788,5.881787602114369,13.03219605958674,7.409899086977417,1.4127823161941377,0.4036520903411822,0.043248438250840945,0.429,0.01706,0.0,0.0,0.0,0.0,0.0,0.0,0.0,0.0,0.0,0.0,0.0,1.4043139054612186,16.54887563102341,11.647544745296011,0.3992657182193668,0.0,0.0,0.0,0.0,0.0,0.0,0.0,0.0,0.0,0.0,0.0,0.0,0.0,0.0,0.0,0.4287,0.01743,0.0,0.0,0.0,0.0,0.0,0.0,0.0,0.0,0.0,0.0,0.0,1.4848630466122035,16.838058625660743,11.201345506967806,0.4757328207592505,0.0,0.0,0.0,0.0,0.0,0.0,0.0,0.0,0.0,0.0,0.0,0.0,0.0,0.0,0.0
76100,4517,2306,0.5105158290901041,1097,948,0.4527341155634271,1291,0.5716183307504982,0.482,2.9927634554500226,3.064797294813088,6.539579967689822,2.006363177489666,6649.800000000002,1.8189894035458565e-12,6649.8,6649.8,6649.800000000001,9.094947017729282e-13,6649.800000000001,9.094947017729282e-13,28.098516714633607,20.92750361041026,32.981345244351026,19.175652336787458,0.13748062873588665,0.09586008412663272,0.0998450298870932,0.08279831746734559,0.08080584458711534,0.07504981182200575,0.07460704007084348,0.06088111578481293,0.056232012397609034,0.05158290901040514,0.04582687624529555,0.04250608811157848,0.03409342483949524,0.026344919194155412,0.01815364179765331,0.011290679654638034,0.006641576267434138,0.8526586709968385,0.035666984611288303,0.0,0.0,0.0,0.0,0.0,0.0,0.0,0.0,0.0,0.0,0.0,0.0,0.0,0.0,0.0,0.0,0.0,0.0,0.0,0.01328315253486828,0.00664157626743414,0.05977418640690725,0.29887093203453624,1.5009962364401106,5.911002878016384,12.638919636927167,7.338941775514724,1.6338277617887982,0.3918529997786142,0.20588886429045833,4.397731179099347,2.889319899718431,4.055555555555555,2.738049228967024,0.9221926921840936,4.3421768707482995,2.868179283812448,4.450549450549451,2.908688146067077,1.0249581219344654,0.4285,0.0166,0.0,0.0,0.0,0.0,0.0,0.0,0.0,0.0,0.0,0.0,0.0,1.2618994908124843,17.248173566526457,11.11799867168475,0.3719282709763118,0.0,0.0,0.0,0.0,0.0,0.0,0.0,0.0,0.0,0.0,0.0,0.0,0.0,0.0,0.0,nan,nan,4.395626921762897,2.8885377203950533,nan,0.4285,0.0871,0.0,0.0,0.0,0.0,0.0,0.0,0.0,0.0,0.0,0.0,0.0,0.0,0.0,0.0,0.0,0.0,0.0,0.0,0.0,3.3207881337170686e-05,0.00017710870046491034,0.0,0.0024020367500553466,6.641576267434137e-05,0.00021031658180208104,0.004516271861855214,0.003320788133717069,0.004272747398715962,0.0054903697144122205,0.021850785919858312,0.035543502324551696,0.027728580916537526,0.059796324994465355,0.04212973212309055,0.015386318352889086,0.02557006862962143,0.02884657958822227,0.01958158069515165,0.053619659065751606,0.03675005534646889,0.032300199247288025,0.035443878680540185,0.016238653973876468,0.03314146557449635,0.012541509851671464,0.047310161611689175,0.06686960371928272,0.057051140137259246,0.06362630064201905,0.01736772193934027,0.031392517157405354,0.04312596856320567,0.03292007969891521,0.034713305291122425,0.017212751826433472,0.015895505866725702,0.01141244188620766,0.010958600841266328,0.00420633163604162,0.0031215408456940446,0.0005977418640690724,0.00018817799424396722,0.0008966127961036086,0.0005866725702900155,0.008069515164932477,0.0020699579366836394,0.0014168696037192828,6.641576267434137e-05,0.007128625193712641,0.0011954837281381448,0.0030219172016825325,0.0,0.00039849457604604826,0.00014390081912773965,0.0,0.0,0.0,7.748505645339828e-05,0.0,0.0,0.0,0.0,0.0,0.0,0.0,0.0,0.0,0.0,0.0,0.0,0.0,0.0,0.0,0.0,0.0,0.0,0.0,0.0,0.0,0.0,0.0,nan,nan,4.395626921762897,2.8885377203950533,nan,0.8535288141431338,0.03530013851567833,0.0,0.0,0.0,0.0,0.0,0.0,0.0,0.0,0.0,0.0,0.0,0.0,0.0,0.0,0.0,0.0,0.0,0.0,0.0,0.0,0.0,0.06504770164787511,0.3252385082393756,1.4570685169123978,5.620121422376411,12.63226366001735,7.5195143104943645,1.7692974848222034,0.4163052905464008,0.19514310494362538,0.8517511404245377,0.03602323018567256,0.0,0.0,0.0,0.0,0.0,0.0,0.0,0.0,0.0,0.0,0.0,0.0,0.0,0.0,0.0,0.0,0.0,0.0,0.0,0.0271370420624152,0.0135685210312076,0.0542740841248304,0.271370420624152,1.5468113975576614,6.2143826322930815,12.645861601085485,7.150610583446406,1.4925373134328361,0.36635006784260526,0.2170963364993216,0.4285,0.0168,0.0,0.0,0.0,0.0,0.0,0.0,0.0,0.0,0.0,0.0,0.0,1.3009540329575002,17.354726799653083,10.954032957502172,0.39028620988725077,0.0,0.0,0.0,0.0,0.0,0.0,0.0,0.0,0.0,0.0,0.0,0.0,0.0,0.0,0.0,0.4287,0.01642,0.0,0.0,0.0,0.0,0.0,0.0,0.0,0.0,0.0,0.0,0.0,1.221166892808682,17.1370420624152,11.289009497964726,0.3527815468113977,0.0,0.0,0.0,0.0,0.0,0.0,0.0,0.0,0.0,0.0,0.0,0.0,0.0,0.0,0.0
76200,4971,2528,0.5085495876081272,1204,1020,0.44739489036411184,1391,0.55964594648964,0.44599999999999995,2.8993041342611545,3.0874303694391525,6.683890577507599,2.1459827600108534,6649.800000000002,1.8189894035458565e-12,6649.8,6649.8,6649.800000000002,1.8189894035458565e-12,6649.800000000001,9.094947017729282e-13,27.387648360490846,20.54648674111472,32.2686495562485,18.844334055644417,0.14222490444578556,0.10058338362502514,0.1007845503922752,0.08609937638302152,0.07825387246026956,0.07644337155501911,0.06940253470126735,0.06175819754576544,0.05833836250251458,0.052906859786763225,0.04828002414001207,0.03862401931200966,0.03299134982900825,0.02031784349225508,0.019110842888754778,0.009656004828002414,0.004224502112251056,0.8547775224405764,0.03569769955285273,0.0,0.0,0.0,0.0,0.0,0.0,0.0,0.0,0.0,0.0,0.0,0.0,0.0,0.0,0.0,0.0,0.0,0.0,0.0,0.0,0.00603500301750151,0.04224502112251057,0.2715751357875679,1.25528062764031,5.9686179843089935,12.43210621605311,7.254073627036815,2.0881110440555224,0.4646952323476163,0.21726010863005435,4.293592604399107,2.8826037319088225,4.35,3.1666228067138023,1.0131375751726186,4.172369270497095,2.8378809646939542,4.411069651741293,2.9239195138558185,1.057209792750621,0.4277,0.01656,0.0,0.0,0.0,0.0,0.0,0.0,0.0,0.0,0.0,0.0,0.0,1.375980687990342,17.78515389257695,10.500905250452629,0.3379601689800846,0.0,0.0,0.0,0.0,0.0,0.0,0.0,0.0,0.0,0.0,0.0,0.0,0.0,0.0,0.0,nan,nan,4.293949952486538,2.88449452442134,nan,0.4277,0.08734,0.0,0.0,0.0,0.0,0.0,0.0,0.0,0.0,0.0,0.0,0.0,0.0,0.0,0.0,0.0,0.0,0.0,0.0,0.0,0.00011064172198752767,0.0001307583987125327,2.0116676725005028e-05,0.0025246429289881313,0.00014081673707503522,0.00028163347415007044,0.003993160329913498,0.0034701267350633674,0.004415610541138604,0.005823777911888956,0.020871052102192717,0.03861396097364715,0.026030979682156508,0.06101388050694025,0.04266747133373567,0.014996982498491249,0.026342788171394085,0.031392074029370345,0.01731040032186683,0.056004828002414,0.037859585596459466,0.03179440756387045,0.036340776503721584,0.01583182458257896,0.03254878294105814,0.012784148058740697,0.047706698853349425,0.06543954938644136,0.05699054516193925,0.06376986521826594,0.016294508147254073,0.03124119895393281,0.04127942063971032,0.030587406960370146,0.03420840877087105,0.016133574733454035,0.016143633071816536,0.012100181050090525,0.010832830416415208,0.0038422852544759607,0.003771876885938443,0.0005532086099376383,0.00015087507543753772,0.0007946087306376987,0.0004023335345001006,0.008740696037014686,0.0019613759806879905,0.0015389257694628847,0.00015087507543753772,0.006708911687789177,0.0008348420840877087,0.0037618185475759404,0.0,0.000311808489237578,0.0003621001810500905,0.0,0.0,0.0,7.040836853751761e-05,0.0,0.0,0.0,0.0,0.0,0.0,0.0,0.0,0.0,0.0,0.0,0.0,0.0,0.0,0.0,0.0,0.0,0.0,0.0,0.0,0.0,0.0,0.0,nan,nan,4.293949952486538,2.88449452442134,nan,0.8552479870334456,0.035563247095048045,0.0,0.0,0.0,0.0,0.0,0.0,0.0,0.0,0.0,0.0,0.0,0.0,0.0,0.0,0.0,0.0,0.0,0.0,0.0,0.0,0.0,0.02373417721518988,0.23734177215189878,1.3409810126582238,5.897943037974685,12.163765822784812,7.630537974683546,1.9936708860759498,0.47468354430379756,0.23734177215189878,0.8542906888381312,0.03582979597524504,0.0,0.0,0.0,0.0,0.0,0.0,0.0,0.0,0.0,0.0,0.0,0.0,0.0,0.0,0.0,0.0,0.0,0.0,0.0,0.0,0.012279983626688501,0.0613999181334425,0.3069995906672125,1.1665984445354038,6.041751944330742,12.709783053622598,6.864510847318872,2.185837085550553,0.4543593941874745,0.19647973802701602,0.4277,0.01646,0.0,0.0,0.0,0.0,0.0,0.0,0.0,0.0,0.0,0.0,0.0,1.329113924050631,17.65822784810127,10.609177215189876,0.40348101265822794,0.0,0.0,0.0,0.0,0.0,0.0,0.0,0.0,0.0,0.0,0.0,0.0,0.0,0.0,0.0,0.4275,0.01662,0.0,0.0,0.0,0.0,0.0,0.0,0.0,0.0,0.0,0.0,0.0,1.4244781006958638,17.91649611133852,10.388866148178472,0.270159639787147,0.0,0.0,0.0,0.0,0.0,0.0,0.0,0.0,0.0,0.0,0.0,0.0,0.0,0.0,0.0
76300,4931,2468,0.5005069965524235,1162,1045,0.44757655647941597,1435,0.5820320421821131,0.4179999999999999,2.9386926512383273,3.023909499357966,6.480959097320169,2.00668591483803,6649.800000000001,9.094947017729282e-13,6649.8,6649.8,6649.800000000001,9.094947017729282e-13,6649.800000000001,9.094947017729282e-13,28.311498681808963,20.927749599769083,33.19533317296127,19.156455396776007,0.13546947880754412,0.09551815047657676,0.08639221253295477,0.09267896978300548,0.08963699046846481,0.07138511458122085,0.07118231596025147,0.059217197323058204,0.05800040559724194,0.0547556276617319,0.04542689109714054,0.041168120056783615,0.03407016832285541,0.02900020279862097,0.01804907726627459,0.01095112553234638,0.007097951733928209,0.8571894359235661,0.034735535941445767,0.0,0.0,0.0,0.0,0.0,0.0,0.0,0.0,0.0,0.0,0.0,0.0,0.0,0.0,0.0,0.0,0.0,0.0,0.0,0.0,0.006083958629081324,0.03650375177448794,0.16426688298519573,1.2350436017035045,5.201784627864532,12.338268099776924,8.158588521598055,2.220644899614683,0.4867166903265059,0.15209896572703308,4.2249221183800625,2.798509072938237,4.9,3.0805843601498726,1.1597846925232267,4.174433249370277,2.8367285666608275,4.275904353157572,2.7615032294926842,1.0243077557420766,0.428,0.0167,0.0,0.0,0.0,0.0,0.0,0.0,0.0,0.0,0.0,0.0,0.0,1.301967146623401,17.667815858852162,10.719935104441292,0.3102818900831475,0.0,0.0,0.0,0.0,0.0,0.0,0.0,0.0,0.0,0.0,0.0,0.0,0.0,0.0,0.0,nan,nan,4.227018633540372,2.799681069840008,nan,0.428,0.0872,0.0,0.0,0.0,0.0,0.0,0.0,0.0,0.0,0.0,0.0,0.0,0.0,0.0,0.0,0.0,0.0,0.0,0.0,0.0,0.00016223889677550193,7.097951733928209e-05,1.0139931048468871e-05,0.0024031636584871223,0.00025349827621172174,0.00026363820726019063,0.0035895355911579802,0.00349827621172176,0.003984992902048266,0.006175218008517542,0.02011762320016224,0.04105658081525046,0.02519772865544514,0.059267896978300545,0.0428006489555871,0.015422835124721151,0.02484283106874873,0.031596025147029,0.01597039140133847,0.05593185966335429,0.03839991888055161,0.032285540458324886,0.037183127154735346,0.014530521192455891,0.032924356114378425,0.012816872845264652,0.048063273169742446,0.06832285540458324,0.05785844656256337,0.06374974650172378,0.01787669843845062,0.030865950111539243,0.03823767998377611,0.032001622388967754,0.033198134252687084,0.01676130602311904,0.01409450415737173,0.012340296085986616,0.011052524842831068,0.004603528696004867,0.0032447779355100387,0.000547556276617319,0.00026363820726019063,0.0012269316568647333,0.000233218414114784,0.008831879943216386,0.0017542080713851146,0.0013790306225917664,0.0002737781383086595,0.007625228148448591,0.0009835733117014803,0.0033563171770431962,0.0,0.00018251875887243966,0.0002737781383086595,0.0,0.0,0.0,4.0559724193875484e-05,0.0,0.0,0.0,0.0,0.0,0.0,0.0,0.0,0.0,0.0,0.0,0.0,0.0,0.0,0.0,0.0,0.0,0.0,0.0,0.0,0.0,0.0,0.0,nan,nan,4.227018633540372,2.799681069840008,nan,0.8588323677909625,0.03463777797577578,0.0,0.0,0.0,0.0,0.0,0.0,0.0,0.0,0.0,0.0,0.0,0.0,0.0,0.0,0.0,0.0,0.0,0.0,0.0,0.0,0.012155591572123179,0.024311183144246358,0.13371150729335496,1.1547811993516983,4.728525121555917,12.520259319286875,8.3387358184765,2.394651539708266,0.547001620745543,0.14586709886547813,0.8555431688311039,0.03475540416275446,0.0,0.0,0.0,0.0,0.0,0.0,0.0,0.0,0.0,0.0,0.0,0.0,0.0,0.0,0.0,0.0,0.0,0.0,0.0,0.0,0.0,0.04872107186358101,0.19488428745432404,1.3154689403166828,5.676004872107188,12.155907429963461,7.97807551766139,2.046285018270402,0.42630937880633385,0.1583434835566383,0.4285,0.01665,0.0,0.0,0.0,0.0,0.0,0.0,0.0,0.0,0.0,0.0,0.0,1.3249594813614245,17.3581847649919,10.964343598055109,0.35251215559157223,0.0,0.0,0.0,0.0,0.0,0.0,0.0,0.0,0.0,0.0,0.0,0.0,0.0,0.0,0.0,0.4275,0.01672,0.0,0.0,0.0,0.0,0.0,0.0,0.0,0.0,0.0,0.0,0.0,1.2789281364189993,17.97807551766139,10.475030450669918,0.26796589524969555,0.0,0.0,0.0,0.0,0.0,0.0,0.0,0.0,0.0,0.0,0.0,0.0,0.0,0.0,0.0
76400,4614,2399,0.5199393151278717,1147,955,0.45557000433463374,1329,0.576072821846554,0.46199999999999997,3.0090293453724604,3.0536082651614134,6.44811320754717,2.107670826819994,6649.800000000001,9.094947017729282e-13,6649.8,6649.8,6649.800000000001,9.094947017729282e-13,6649.800000000001,9.094947017729282e-13,27.837667967056785,20.565780436137228,32.76484254001033,18.75448507055664,0.13567403554399654,0.09904638058084092,0.09817945383615084,0.0834416991764196,0.07954052882531426,0.076506285218899,0.06870394451668833,0.06653662765496315,0.06133506718682271,0.05916775032509753,0.047247507585609014,0.036410923276983094,0.03272648461205028,0.021889900303424362,0.017771998266146512,0.010403120936280884,0.005418292154312961,0.857678739085154,0.03409154823532592,0.0,0.0,0.0,0.0,0.0,0.0,0.0,0.0,0.0,0.0,0.0,0.0,0.0,0.0,0.0,0.0,0.0,0.0,0.0,0.0,0.0,0.01950585175552666,0.20156046814044218,1.0793237971391383,5.0780234070221075,12.204161248374515,8.62808842652796,2.210663198959688,0.4551365409622888,0.12353706111833553,4.338688085676037,2.8235270684358675,4.4,1.624807680927192,1.0141314409132984,4.404397068620919,2.8546315650155996,4.272788203753351,2.7871275344842315,0.9701187556850371,0.4272,0.01657,0.0,0.0,0.0,0.0,0.0,0.0,0.0,0.0,0.0,0.0,0.006501950585175554,1.3459037711313375,18.06241872561769,10.279583875162551,0.305591677503251,0.0,0.0,0.0,0.0,0.0,0.0,0.0,0.0,0.0,0.0,0.0,0.0,0.0,0.0,0.0,nan,nan,4.338790511192784,2.8219502857395637,nan,0.4272,0.08746,0.0,0.0,0.0,0.0,0.0,0.0,0.0,0.0,0.0,0.0,0.0,0.0,0.0,0.0,0.0,0.0,0.0,0.0,0.0,0.00016254876462938882,0.0,0.0,0.0033593411356740354,0.0002058951018638925,0.000270914607715648,0.003944516688339835,0.0029367143476376244,0.0033810143042912874,0.005515821413090594,0.02117468573905505,0.041915908105765065,0.02688556566970091,0.05956870394451669,0.04189423493714781,0.016135674035543997,0.025411790203727785,0.031382748157780666,0.01540962288686606,0.055494148244473344,0.03768964022540095,0.03373428695275249,0.03835067186822713,0.01615734720416125,0.03243389683571738,0.012537928045080192,0.04602297355873429,0.06643909839618552,0.05720632856523624,0.06229952319029042,0.016514954486345903,0.03154529692241006,0.04062635457303858,0.03284568703944517,0.03318162115301257,0.01731686172518422,0.012147811009969657,0.01246207195491981,0.010793237971391418,0.00494148244473342,0.0030992631122670135,0.000411790203727785,0.00011920242739488514,0.0012028608582574773,0.0003576072821846554,0.008420026007802341,0.0017555266579973993,0.0009536194191590811,0.00034677069787602947,0.007672301690507152,0.0009319462505418293,0.003933680104031209,0.0,0.00033593411356740355,0.00016254876462938882,0.0,0.0,0.0,0.0,0.0,0.0,0.0,0.0,0.0,0.0,0.0,0.0,0.0,0.0,0.0,0.0,0.0,0.0,0.0,0.0,0.0,0.0,0.0,0.0,0.0,0.0,0.0,nan,nan,4.338790511192784,2.8219502857395637,nan,0.858241915429518,0.034119545444477685,0.0,0.0,0.0,0.0,0.0,0.0,0.0,0.0,0.0,0.0,0.0,0.0,0.0,0.0,0.0,0.0,0.0,0.0,0.0,0.0,0.0,0.025010421008753652,0.17507294706127557,1.1129637348895338,5.077115464776991,11.77990829512297,8.966235931638185,2.250937890787829,0.5252188411838267,0.08753647353063779,0.8570687796945765,0.03405069360892381,0.0,0.0,0.0,0.0,0.0,0.0,0.0,0.0,0.0,0.0,0.0,0.0,0.0,0.0,0.0,0.0,0.0,0.0,0.0,0.0,0.0,0.013544018058690748,0.2302483069977427,1.042889390519184,5.07900677200903,12.66365688487585,8.261851015801357,2.16704288939052,0.37923250564334093,0.16252821670428896,0.4272,0.01671,0.0,0.0,0.0,0.0,0.0,0.0,0.0,0.0,0.0,0.0,0.012505210504376826,1.3255523134639413,18.095039599833267,10.229262192580244,0.33764068361817434,0.0,0.0,0.0,0.0,0.0,0.0,0.0,0.0,0.0,0.0,0.0,0.0,0.0,0.0,0.0,0.4272,0.01642,0.0,0.0,0.0,0.0,0.0,0.0,0.0,0.0,0.0,0.0,0.0,1.367945823927763,18.027088036117384,10.33408577878104,0.270880361173815,0.0,0.0,0.0,0.0,0.0,0.0,0.0,0.0,0.0,0.0,0.0,0.0,0.0,0.0,0.0
76500,4641,2416,0.5205774617539324,1117,896,0.43374272786037493,1283,0.552898082309847,0.46599999999999997,2.9986516853932583,3.069750636218612,6.417276720351391,2.111835203754837,6649.800000000002,1.8189894035458565e-12,6649.8,6649.8,6649.800000000002,1.8189894035458565e-12,6649.800000000002,1.8189894035458565e-12,27.96143072613661,20.937209747591663,32.797494246995655,19.25841715743463,0.13402283990519284,0.10601163542340013,0.0986856280973928,0.08661926308985132,0.08101702219349279,0.06895065718595131,0.0691661279896574,0.057530704589528116,0.058823529411764705,0.055591467356173235,0.044386985563456154,0.04244774833010127,0.03749191984486102,0.02477914242620125,0.01788407670760612,0.010127127774186598,0.006464124111182934,0.8567281557783641,0.03454247517328804,0.0,0.0,0.0,0.0,0.0,0.0,0.0,0.0,0.0,0.0,0.0,0.0,0.0,0.0,0.0,0.0,0.0,0.0,0.0,0.0,0.0,0.012928248222365872,0.30381383322559796,1.1441499676793758,5.294117647058824,12.068519715578542,8.584356819650939,2.0426632191338077,0.407239819004525,0.14221073044602459,4.333901773533424,2.867831543847195,2.142857142857143,1.456862718169367,0.49444063452090525,4.423601637107776,2.870552302381326,4.234215885947047,2.86090718089989,0.9571874308093093,0.4275,0.01662,0.0,0.0,0.0,0.0,0.0,0.0,0.0,0.0,0.0,0.0,0.0,1.402714932126695,17.46606334841629,10.827407886231418,0.30381383322559796,0.0,0.0,0.0,0.0,0.0,0.0,0.0,0.0,0.0,0.0,0.0,0.0,0.0,0.0,0.0,nan,nan,4.328683225586935,2.8672863593260693,nan,0.4275,0.0872,0.0,0.0,0.0,0.0,0.0,0.0,0.0,0.0,0.0,0.0,0.0,0.0,0.0,0.0,0.0,0.0,0.0,0.0,0.0,6.464124111182935e-05,0.0,3.2320620555914674e-05,0.002898082309847016,0.0002477914242620125,0.00021547080370609782,0.003932342167636285,0.0031027795733678085,0.0046864899806076275,0.004988149105796164,0.020157293686705453,0.041154923507864684,0.02616892911010558,0.05743374272786037,0.04196293902176255,0.017679379444085326,0.02673992673992674,0.032342167636285286,0.015783236371471665,0.05699202758026287,0.035520361990950225,0.03229907347554407,0.03715794009911657,0.017022193492781727,0.03343029519500108,0.01279896574014221,0.04607843137254902,0.06825037707390648,0.05885585003232062,0.058532643826761474,0.016224951519069167,0.03263305322128852,0.03888170652876535,0.03241758241758242,0.03366731307907778,0.0184981684981685,0.012249515190691661,0.013122171945701358,0.011075199310493429,0.005085110967463909,0.003005817711700065,0.0005494505494505495,5.3867700926524454e-05,0.001777634130575307,0.00014005602240896358,0.009750053867700927,0.0010773540185304892,0.0006033182503770739,0.00014005602240896358,0.007692307692307693,0.00099116569704805,0.0034044386985563457,0.0,0.0003555268261150614,7.541478129713424e-05,0.0,0.0,0.0,0.0,0.0,0.0,0.0,0.0,0.0,0.0,0.0,0.0,0.0,0.0,0.0,0.0,0.0,0.0,0.0,0.0,0.0,0.0,0.0,0.0,0.0,0.0,0.0,nan,nan,4.328683225586935,2.8672863593260693,nan,0.8567909676803659,0.034621439518532006,0.0,0.0,0.0,0.0,0.0,0.0,0.0,0.0,0.0,0.0,0.0,0.0,0.0,0.0,0.0,0.0,0.0,0.0,0.0,0.0,0.0,0.01241721854304636,0.28559602649006627,1.1423841059602613,5.314569536423843,12.14403973509934,8.29470198675497,2.2475165562913912,0.42218543046357626,0.13658940397350997,0.8566599519333143,0.03445639771700755,0.0,0.0,0.0,0.0,0.0,0.0,0.0,0.0,0.0,0.0,0.0,0.0,0.0,0.0,0.0,0.0,0.0,0.0,0.0,0.0,0.0,0.013483146067415734,0.32359550561797756,1.1460674157303337,5.271910112359551,11.986516853932587,8.898876404494384,1.820224719101124,0.39101123595505627,0.14831460674157307,0.4275,0.0169,0.0,0.0,0.0,0.0,0.0,0.0,0.0,0.0,0.0,0.0,0.0,1.4776490066225145,17.25993377483444,10.927152317880799,0.33526490066225173,0.0,0.0,0.0,0.0,0.0,0.0,0.0,0.0,0.0,0.0,0.0,0.0,0.0,0.0,0.0,0.4277,0.0163,0.0,0.0,0.0,0.0,0.0,0.0,0.0,0.0,0.0,0.0,0.0,1.3213483146067397,17.68988764044944,10.719101123595507,0.26966292134831465,0.0,0.0,0.0,0.0,0.0,0.0,0.0,0.0,0.0,0.0,0.0,0.0,0.0,0.0,0.0
76600,4459,2240,0.5023547880690737,1062,911,0.4424758914554833,1256,0.5633550123346042,0.46599999999999997,2.9598918431726005,3.143942749723457,6.72741935483871,2.118632346040697,6649.800000000001,9.094947017729282e-13,6649.8,6649.8,6649.800000000002,1.8189894035458565e-12,6649.800000000001,9.094947017729282e-13,27.46624803767661,20.69875816187405,32.540904198062435,18.945468616491507,0.1455483292217986,0.10248934738730657,0.09217313298945952,0.0858936981385961,0.08342677730432832,0.0740076250280332,0.06369141063018614,0.06929804888988562,0.058757568961650596,0.050908275398071315,0.04978694774613142,0.0358824848620767,0.029827315541601257,0.023099349629961876,0.019959632204530165,0.008297824624355236,0.006952231442027361,0.8562741643325393,0.03501789706520477,0.0,0.0,0.0,0.0,0.0,0.0,0.0,0.0,0.0,0.0,0.0,0.0,0.0,0.0,0.0,0.0,0.0,0.0,0.0,0.0,0.006727965911639383,0.07400762502803321,0.2018389773491815,1.2379457277416421,5.207445615608882,12.608208118412204,7.912087912087913,2.058757568961651,0.5651491365777082,0.12783135232114826,4.3560525381611646,2.872752740527604,4.25,2.0463381929681126,0.9756539809306495,4.407168458781362,2.8926712878422505,4.304954640614096,2.8473288889502055,0.9768073720977009,0.4277,0.0162,0.0,0.0,0.0,0.0,0.0,0.0,0.0,0.0,0.0,0.0,0.0,1.251401659564923,17.84256559766764,10.623458174478584,0.2825745682888541,0.0,0.0,0.0,0.0,0.0,0.0,0.0,0.0,0.0,0.0,0.0,0.0,0.0,0.0,0.0,nan,nan,4.355602686461647,2.8697581933266227,nan,0.4277,0.0871,0.0,0.0,0.0,0.0,0.0,0.0,0.0,0.0,0.0,0.0,0.0,0.0,0.0,0.0,0.0,0.0,0.0,0.0,0.0,3.36398295581969e-05,0.0,1.1213276519398968e-05,0.002780892576810944,0.00035882484862076697,0.0003027584660237721,0.003520968827091276,0.0029603050011213277,0.00511325409284593,0.005225386858039919,0.019208342677730434,0.04079389997757345,0.026855797263960528,0.05716528369589594,0.04162368244000897,0.01683112805561785,0.0260596546310832,0.034077147342453463,0.01566494729760036,0.05770352096882709,0.03519847499439336,0.03238394258802422,0.03598340435075129,0.017795469836286163,0.03226059654631083,0.011359049114151155,0.048531060775958736,0.06803094864319355,0.058006279434850865,0.05958735142408612,0.01785153621888316,0.03313523211482395,0.0369477461314196,0.03361740300515811,0.032765193989683784,0.019286835613366225,0.012334604171338866,0.013882036331015923,0.010136801973536667,0.004765642520744562,0.003061224489795918,0.0005045974433729536,0.00019062570082978246,0.002096882709127607,0.00016819914779098454,0.01020408163265306,0.0008522090154743216,0.0006727965911639381,0.0002579053599461763,0.006828885400313972,0.0008073559093967257,0.003509755550571877,0.0,0.0005382372729311504,0.00015698587127158556,0.0,0.0,0.0,0.0,0.0,0.0,0.0,0.0,0.0,0.0,0.0,0.0,0.0,0.0,0.0,0.0,0.0,0.0,0.0,0.0,0.0,0.0,0.0,0.0,0.0,0.0,0.0,nan,nan,4.355602686461647,2.8697581933266227,nan,0.8567331782941308,0.034842605601904456,0.0,0.0,0.0,0.0,0.0,0.0,0.0,0.0,0.0,0.0,0.0,0.0,0.0,0.0,0.0,0.0,0.0,0.0,0.0,0.0,0.013392857142857146,0.06696428571428573,0.18750000000000006,1.2053571428571392,4.955357142857143,12.910714285714288,7.915178571428573,1.9955357142857146,0.5892857142857144,0.16071428571428573,0.8558108063902389,0.03518788951514561,0.0,0.0,0.0,0.0,0.0,0.0,0.0,0.0,0.0,0.0,0.0,0.0,0.0,0.0,0.0,0.0,0.0,0.0,0.0,0.0,0.0,0.08111762054979722,0.21631365479945927,1.270842721946819,5.461919783686346,12.302839116719246,7.908968003605229,2.122577737719694,0.5407841369986481,0.09463722397476343,0.428,0.01627,0.0,0.0,0.0,0.0,0.0,0.0,0.0,0.0,0.0,0.0,0.0,1.2321428571428552,17.59821428571429,10.83482142857143,0.3348214285714286,0.0,0.0,0.0,0.0,0.0,0.0,0.0,0.0,0.0,0.0,0.0,0.0,0.0,0.0,0.0,0.4275,0.01616,0.0,0.0,0.0,0.0,0.0,0.0,0.0,0.0,0.0,0.0,0.0,1.270842721946821,18.08922938260478,10.410094637223976,0.22983325822442546,0.0,0.0,0.0,0.0,0.0,0.0,0.0,0.0,0.0,0.0,0.0,0.0,0.0,0.0,0.0
76700,4757,2425,0.50977506832037,1096,1010,0.4427159974774017,1350,0.567584612150515,0.43799999999999994,2.920240137221269,2.958486692565494,6.3532934131736525,1.9784099473811623,6649.800000000001,9.094947017729282e-13,6649.8,6649.8,6649.800000000001,9.094947017729282e-13,6649.800000000001,9.094947017729282e-13,27.82215682152617,20.84845035007091,32.81923173487321,19.105359837069777,0.13916333823838553,0.10363674584822367,0.09081353794408241,0.09102375446710112,0.07546773176371663,0.07799033003994114,0.06958166911919277,0.06411603952070632,0.05297456380071473,0.050662182047508934,0.04729871767920959,0.04456590287996637,0.03216312802186252,0.026066848854319948,0.01976035316375867,0.00861887744376708,0.006096279167542569,0.8574346097447377,0.034219789806999475,0.0,0.0,0.0,0.0,0.0,0.0,0.0,0.0,0.0,0.0,0.0,0.0,0.0,0.0,0.0,0.0,0.0,0.0,0.0,0.0,0.0,0.02522598276224512,0.18919487071683838,1.1982341812066393,4.761404246373766,12.795879756148837,8.343493798612572,2.011772125289048,0.5234391423165862,0.1513558965734707,4.279054497701904,2.791437268025946,4.1,2.8442925306655784,0.9581555930642933,4.263852242744063,2.7662280957838496,4.294996751137102,2.8160026640413673,1.0073043123025753,0.4275,0.01665,0.0,0.0,0.0,0.0,0.0,0.0,0.0,0.0,0.0,0.0,0.00630649569056128,1.4252680260668467,17.75909186462056,10.531847803237337,0.2774858103846963,0.0,0.0,0.0,0.0,0.0,0.0,0.0,0.0,0.0,0.0,0.0,0.0,0.0,0.0,0.0,nan,nan,4.278468586387435,2.791630584388596,nan,0.4275,0.0865,0.0,0.0,0.0,0.0,0.0,0.0,0.0,0.0,0.0,0.0,0.0,0.0,0.0,0.0,0.0,0.0,0.0,0.0,0.0,0.0,2.1021652301870926e-05,5.255413075467732e-05,0.002743325625394156,0.0005255413075467731,0.00028379230607525753,0.0033634643682993485,0.002522598276224511,0.00646415808282531,0.006054235862938827,0.018751313853268867,0.04072945133487492,0.02683413916333824,0.05614883329829724,0.03911078410763086,0.017342863149043514,0.02550977506832037,0.03525331091023755,0.0152932520496111,0.059449232709690984,0.03660920748370822,0.031217153668278326,0.03563170065167122,0.01958166911919277,0.03299348328778642,0.011015345806180367,0.04759302081143578,0.06509354635274332,0.05947025436199285,0.06214000420433046,0.017784317847382804,0.0327202018078621,0.03689299978978348,0.031658608366617616,0.034538574731973935,0.02002312381753206,0.011151986546142526,0.013643052343914231,0.011173008198444398,0.004467101114147572,0.0030796720622240908,0.0006201387429051923,0.0001471515661130965,0.002238805970149254,0.0003994113937355476,0.009743535841917174,0.000861887744376708,0.0008934202228295144,0.0003363464368299348,0.005612781164599538,0.0006832036998108052,0.0032058019760353162,0.0,0.00012612991381122555,0.0001997056968677738,0.0,0.0,0.0,0.0,0.0,0.0,0.0,0.0,0.0,0.0,0.0,0.0,0.0,0.0,0.0,0.0,0.0,0.0,0.0,0.0,0.0,0.0,0.0,0.0,0.0,0.0,0.0,nan,nan,4.278468586387435,2.791630584388596,nan,0.8568116706425382,0.034450878244230085,0.0,0.0,0.0,0.0,0.0,0.0,0.0,0.0,0.0,0.0,0.0,0.0,0.0,0.0,0.0,0.0,0.0,0.0,0.0,0.0,0.0,0.02474226804123712,0.1484536082474227,1.2989690721649443,4.997938144329898,12.692783505154642,8.103092783505156,2.065979381443299,0.5195876288659794,0.1484536082474227,0.8580823916155929,0.03396570347477508,0.0,0.0,0.0,0.0,0.0,0.0,0.0,0.0,0.0,0.0,0.0,0.0,0.0,0.0,0.0,0.0,0.0,0.0,0.0,0.0,0.0,0.02572898799313894,0.23156089193825047,1.0934819897084014,4.515437392795884,12.90308747855918,8.593481989708406,1.9554030874785595,0.5274442538593483,0.15437392795883365,0.4277,0.01672,0.0,0.0,0.0,0.0,0.0,0.0,0.0,0.0,0.0,0.0,0.01237113402061856,1.4597938144329876,17.529896907216497,10.750515463917528,0.24742268041237117,0.0,0.0,0.0,0.0,0.0,0.0,0.0,0.0,0.0,0.0,0.0,0.0,0.0,0.0,0.0,0.427,0.01659,0.0,0.0,0.0,0.0,0.0,0.0,0.0,0.0,0.0,0.0,0.0,1.3893653516295006,17.99742710120069,10.304459691252145,0.3087478559176673,0.0,0.0,0.0,0.0,0.0,0.0,0.0,0.0,0.0,0.0,0.0,0.0,0.0,0.0,0.0
76800,4636,2407,0.519197584124245,1126,928,0.4430543572044866,1305,0.5629853321829164,0.46599999999999997,3.038133692238672,3.0981954425956224,6.509774436090225,2.135340463834595,6649.800000000001,9.094947017729282e-13,6649.8,6649.8,6649.800000000001,9.094947017729282e-13,6649.800000000001,9.094947017729282e-13,27.95470232959448,20.817619260516906,32.992529623905206,18.99718506872986,0.14257981018119067,0.09814495254529768,0.0910267471958585,0.08347713546160483,0.08045729076790337,0.07808455565142364,0.07053494391716997,0.05996548748921484,0.05974978429680759,0.05263157894736842,0.048533218291630716,0.042493528904227786,0.03537532355478861,0.024158757549611734,0.015099223468507334,0.011432269197584125,0.006255392579810181,0.858024497166906,0.03403835138362872,0.0,0.0,0.0,0.0,0.0,0.0,0.0,0.0,0.0,0.0,0.0,0.0,0.0,0.0,0.0,0.0,0.0,0.0,0.0,0.0,0.00647109577221743,0.00647109577221743,0.1553062985332183,1.203623813632438,4.820966350301985,12.31449525452977,8.703623813632444,2.167817083692839,0.465918895599655,0.1553062985332183,4.300469483568075,2.8656935714495044,3.0,2.5071326821120348,0.6975982532751092,4.362600536193029,2.892028554863262,4.232464929859719,2.8375173089450936,0.9701701759641576,0.4277,0.01683,0.0,0.0,0.0,0.0,0.0,0.0,0.0,0.0,0.0,0.0,0.0,1.4301121656600495,17.277825711820537,10.95556514236411,0.3364969801553064,0.0,0.0,0.0,0.0,0.0,0.0,0.0,0.0,0.0,0.0,0.0,0.0,0.0,0.0,0.0,nan,nan,4.297423887587822,2.865595819215998,nan,0.428,0.0866,0.0,0.0,0.0,0.0,0.0,0.0,0.0,0.0,0.0,0.0,0.0,0.0,0.0,0.0,0.0,0.0,0.0,0.0,0.0,0.0,0.0,0.0001186367558239862,0.0037100949094046594,0.00024805867126833476,0.0001617773943054357,0.00321397756686799,0.0019628990509059532,0.006794650560828301,0.00588869715271786,0.018723037100949094,0.03885893011216566,0.024514667817083693,0.054518981880931836,0.04350733390854185,0.017062122519413286,0.025754961173425368,0.03578515962036238,0.014797238999137187,0.05612597066436583,0.03689603106125971,0.03116911130284728,0.033897756686798966,0.020890854184641934,0.03616264020707506,0.012564710957722174,0.04794003451251078,0.0634490940465919,0.060968507333908545,0.06283433994823123,0.01761216566005177,0.03424288179465056,0.0395923209663503,0.029723899913718724,0.03197799827437446,0.019262295081967213,0.010634167385677308,0.012791199309749784,0.01200388265746333,0.0039365832614322695,0.003278688524590164,0.0004637618636755824,0.0001617773943054357,0.0021031061259706644,0.0005284728213977567,0.010159620362381364,0.0012295081967213116,0.000593183779119931,0.0001617773943054357,0.007053494391716998,0.0006578947368421052,0.002879637618636756,2.1570319240724762e-05,9.706643658326143e-05,0.00031276962899050905,0.0,0.0,0.0,0.0,0.0,0.0,0.0,0.0,0.0,0.0,0.0,0.0,0.0,0.0,0.0,0.0,0.0,0.0,0.0,0.0,0.0,0.0,0.0,0.0,0.0,0.0,0.0,nan,nan,4.297423887587822,2.865595819215998,nan,0.8586104676393637,0.03438734139449741,0.0,0.0,0.0,0.0,0.0,0.0,0.0,0.0,0.0,0.0,0.0,0.0,0.0,0.0,0.0,0.0,0.0,0.0,0.0,0.0,0.01246364769422518,0.0,0.17449106771915252,1.1466555878687126,4.786040714582469,12.064810968009974,9.011217282924804,2.1936019941836316,0.44869131699210646,0.16202742002492734,0.857391733179824,0.033645970753701855,0.0,0.0,0.0,0.0,0.0,0.0,0.0,0.0,0.0,0.0,0.0,0.0,0.0,0.0,0.0,0.0,0.0,0.0,0.0,0.0,0.0,0.013458950201884257,0.13458950201884257,1.265141318977116,4.858681022880216,12.584118438761779,8.371467025572008,2.139973082099597,0.48452220726783324,0.1480484522207268,0.4277,0.01688,0.0,0.0,0.0,0.0,0.0,0.0,0.0,0.0,0.0,0.0,0.0,1.4707104279185688,17.149979227253844,11.105110095554636,0.27420024927295394,0.0,0.0,0.0,0.0,0.0,0.0,0.0,0.0,0.0,0.0,0.0,0.0,0.0,0.0,0.0,0.428,0.01682,0.0,0.0,0.0,0.0,0.0,0.0,0.0,0.0,0.0,0.0,0.0,1.386271870794076,17.415881561238226,10.794078061911172,0.4037685060565277,0.0,0.0,0.0,0.0,0.0,0.0,0.0,0.0,0.0,0.0,0.0,0.0,0.0,0.0,0.0
76900,4469,2248,0.503020810024614,1041,944,0.4441709554710226,1291,0.5777578876706199,0.474,3.0941017559657813,3.1670674770003795,6.774143302180685,2.117370223844366,6649.800000000001,9.094947017729282e-13,6649.8,6649.8,6649.800000000002,1.8189894035458565e-12,6649.800000000001,9.094947017729282e-13,28.07205191317968,21.151050270946325,32.93973984603132,19.475531884072392,0.13694338778250167,0.1018124860147684,0.09420452002685165,0.08816289997762362,0.08189751622286866,0.07585589617364064,0.06802416648019691,0.060639964197807115,0.05683598120384874,0.04945177892145894,0.05034683374356679,0.03580219288431417,0.031326918773774894,0.029089281718505257,0.0165585142089953,0.012978294920563885,0.010069366748713358,0.858654772549781,0.0351541623042861,0.0,0.0,0.0,0.0,0.0,0.0,0.0,0.0,0.0,0.0,0.0,0.0,0.0,0.0,0.0,0.0,0.0,0.0,0.0,0.0,0.006712911165808908,0.05370328932647126,0.2752293577981652,0.9532333855448616,4.853434772879839,12.304766166927728,8.511971358245694,2.362944730364735,0.4900425151040502,0.1879615126426494,4.438437391001046,2.881685321011109,4.083333333333333,2.7826346428439996,0.9199934512115259,4.504166666666666,2.948395868000843,4.368567454798331,2.8117401460284017,0.9698947170690098,0.4275,0.01624,0.0,0.0,0.0,0.0,0.0,0.0,0.0,0.0,0.0,0.0,0.0,1.3224434996643526,17.923472812709782,10.505705974490938,0.24837771313492957,0.0,0.0,0.0,0.0,0.0,0.0,0.0,0.0,0.0,0.0,0.0,0.0,0.0,0.0,0.0,nan,nan,4.436957276832233,2.8813703602781837,nan,0.4275,0.0867,0.0,0.0,0.0,0.0,0.0,0.0,0.0,0.0,0.0,0.0,0.0,0.0,0.0,0.0,0.0,0.0,0.0,0.0,0.0,0.0,0.0,0.00020138733497426718,0.0035242783620496754,0.00031326918773774893,8.950548221078541e-05,0.0024502125755202506,0.0021481315730588497,0.006880733944954129,0.005638845379279481,0.018550011188185278,0.038946072946968,0.02651599910494518,0.05418438129335422,0.0444954128440367,0.016659207876482434,0.026113224434996644,0.03460505705974491,0.015126426493622735,0.056231819198925934,0.03852092190646677,0.030096218393376593,0.03656298948310584,0.02007160438576863,0.037536361602148134,0.011736406354889237,0.04644215708212128,0.06524949653166257,0.058861042738867754,0.061848288207652716,0.018236742000447528,0.03415752964869098,0.039785186842694116,0.028664130678004027,0.03308346386216156,0.019008726784515553,0.00926381740881629,0.012855224882524054,0.011870664578205415,0.00355784291787872,0.0027411053927053034,0.000570597449093757,0.00011188185276348176,0.0022488252405459836,0.0004251510405012307,0.009946296710673529,0.0011300067129111659,0.0006601029313045424,0.0003244573730140971,0.007417766838218841,0.0006824793018572388,0.0030319982098903557,1.1188185276348177e-05,0.00031326918773774893,0.00030208100246140076,0.0,0.0,0.0,0.0,0.0,0.0,0.0,0.0,0.0,0.0,0.0,0.0,0.0,0.0,0.0,0.0,0.0,0.0,0.0,0.0,0.0,0.0,0.0,0.0,0.0,0.0,0.0,nan,nan,4.436957276832233,2.8813703602781837,nan,0.859321290912153,0.03579888872614456,0.0,0.0,0.0,0.0,0.0,0.0,0.0,0.0,0.0,0.0,0.0,0.0,0.0,0.0,0.0,0.0,0.0,0.0,0.0,0.0,0.0,0.06672597864768684,0.26690391459074736,0.9875444839857621,4.9110320284697515,11.850533807829185,8.67437722419929,2.4822064056939506,0.5871886120996442,0.17348754448398582,0.857980151532846,0.03447620844083073,0.0,0.0,0.0,0.0,0.0,0.0,0.0,0.0,0.0,0.0,0.0,0.0,0.0,0.0,0.0,0.0,0.0,0.0,0.0,0.0,0.013507429085997301,0.0405222872579919,0.2836560108059433,0.9185051778478134,4.7951373255290415,12.76452048626745,8.347591175146333,2.242233228275552,0.39171544349392173,0.20261143628995953,0.4275,0.01643,0.0,0.0,0.0,0.0,0.0,0.0,0.0,0.0,0.0,0.0,0.0,1.2811387900355853,17.855871886121,10.569395017793596,0.2935943060498221,0.0,0.0,0.0,0.0,0.0,0.0,0.0,0.0,0.0,0.0,0.0,0.0,0.0,0.0,0.0,0.4275,0.01602,0.0,0.0,0.0,0.0,0.0,0.0,0.0,0.0,0.0,0.0,0.0,1.3642503376857251,17.991895542548406,10.441242683475913,0.20261143628995953,0.0,0.0,0.0,0.0,0.0,0.0,0.0,0.0,0.0,0.0,0.0,0.0,0.0,0.0,0.0
77000,4547,2355,0.5179239058720035,1077,897,0.4341323949857049,1281,0.5634484275346382,0.44999999999999996,3.070711678832117,3.048874963754357,6.472834067547724,2.0043079266130115,6649.800000000002,1.8189894035458565e-12,6649.8,6649.8,6649.800000000001,9.094947017729282e-13,6649.800000000001,9.094947017729282e-13,28.306135913789312,21.07797507794356,33.34601259181532,19.291575953727452,0.13745326588959753,0.09940620189135693,0.09148889377611612,0.08731031449307236,0.07895315592698482,0.07521442709478778,0.07015614691005058,0.06487794149989004,0.04992302617110182,0.0525621288761821,0.047723773916868266,0.04574444688805806,0.03496811084231361,0.027490653177919506,0.01913349461183198,0.009896635144051022,0.007697382889817462,0.8578171590435287,0.03558474609950619,0.0,0.0,0.0,0.0,0.0,0.0,0.0,0.0,0.0,0.0,0.0,0.0,0.0,0.0,0.0,0.0,0.0,0.0,0.0,0.0,0.026391027050802734,0.019793270288102047,0.25731251374532665,1.148009676709915,5.21882559929624,11.539476577963496,8.89377611612052,2.1508687046404225,0.5937981086430615,0.15174840554211572,4.2944596443228455,2.7848936746581856,4.0,2.4784787961282104,0.9314326670383053,4.333108563722185,2.7732277021084837,4.252233676975945,2.793516086241357,0.9813355964760857,0.4275,0.01685,0.0,0.0,0.0,0.0,0.0,0.0,0.0,0.0,0.0,0.0,0.0,1.5900593798108622,17.49725093468221,10.582801847371895,0.32988783813503414,0.0,0.0,0.0,0.0,0.0,0.0,0.0,0.0,0.0,0.0,0.0,0.0,0.0,0.0,0.0,nan,nan,4.293056501021103,2.783587409704956,nan,0.4275,0.0865,0.0,0.0,0.0,0.0,0.0,0.0,0.0,0.0,0.0,0.0,0.0,0.0,0.0,0.0,0.0,0.0,0.0,3.298878381350341e-05,0.0,0.0,1.0996261271167803e-05,9.896635144051023e-05,0.0031009456784693206,0.00015394765779634925,2.1992522542335606e-05,0.0025731251374532657,0.0020343083351660437,0.0069496371233780515,0.005937981086430614,0.019584341323949858,0.038915768638662855,0.026698922366395424,0.054178579283043767,0.04368814603034968,0.016736309654717396,0.02558829997800748,0.03435232021112822,0.014240158346162305,0.056421816582362,0.0386958434132395,0.030701561469100507,0.03913569386408621,0.020694963712337804,0.03781614251154607,0.011864965911590059,0.04472179458983946,0.0609962612711678,0.05656476797888718,0.06504288541895756,0.01850670771937541,0.03461623048163624,0.040411260171541674,0.03148229601935342,0.031801187596217285,0.020079173081152406,0.010369474378711238,0.011469100505828018,0.011425115460743348,0.003012975588299978,0.002331207389487574,0.0003958654057620409,5.4981306355839013e-05,0.0021992522542335605,0.0002859027930503629,0.009830657576424016,0.0010226522982186056,0.001341543875082472,0.00013195513525401364,0.007961293160325488,0.0004838354959313833,0.0026500989663514403,1.0996261271167803e-05,0.0004178579283043765,0.00015394765779634925,0.0,0.0,0.0,0.0,0.0,0.0,0.0,0.0,0.0,0.0,0.0,0.0,0.0,0.0,0.0,0.0,0.0,0.0,0.0,0.0,0.0,0.0,0.0,0.0,0.0,0.0,0.0,nan,nan,4.293056501021103,2.783587409704956,nan,0.8570485656934685,0.03557798533474023,0.0,0.0,0.0,0.0,0.0,0.0,0.0,0.0,0.0,0.0,0.0,0.0,0.0,0.0,0.0,0.0,0.0,0.0,0.0,0.0,0.02547770700636943,0.02547770700636943,0.3184713375796179,1.1464968152866206,5.350318471337581,11.554140127388537,8.585987261146498,2.420382165605096,0.4331210191082803,0.14012738853503187,0.8586429060049301,0.035573508740232816,0.0,0.0,0.0,0.0,0.0,0.0,0.0,0.0,0.0,0.0,0.0,0.0,0.0,0.0,0.0,0.0,0.0,0.0,0.0,0.0,0.027372262773722636,0.013686131386861318,0.19160583941605844,1.1496350364963468,5.077554744525548,11.52372262773723,9.224452554744527,1.8613138686131392,0.7664233576642338,0.1642335766423358,0.4277,0.01663,0.0,0.0,0.0,0.0,0.0,0.0,0.0,0.0,0.0,0.0,0.0,1.4522292993630552,17.490445859872615,10.713375796178347,0.34394904458598735,0.0,0.0,0.0,0.0,0.0,0.0,0.0,0.0,0.0,0.0,0.0,0.0,0.0,0.0,0.0,0.4272,0.01706,0.0,0.0,0.0,0.0,0.0,0.0,0.0,0.0,0.0,0.0,0.0,1.7381386861313843,17.504562043795623,10.442518248175183,0.31478102189781026,0.0,0.0,0.0,0.0,0.0,0.0,0.0,0.0,0.0,0.0,0.0,0.0,0.0,0.0,0.0
77100,4550,2279,0.5008791208791209,1130,952,0.4575824175824176,1312,0.5767032967032967,0.44999999999999996,2.934390136503743,2.9808743150672554,6.3307692307692305,1.8521856591541603,6649.800000000002,1.8189894035458565e-12,6649.8,6649.8,6649.800000000001,9.094947017729282e-13,6649.800000000002,1.8189894035458565e-12,27.796703296703296,20.684776748414457,32.7674357629785,18.8965161021159,0.1421978021978022,0.10351648351648352,0.08747252747252747,0.08395604395604396,0.08065934065934066,0.07626373626373627,0.07142857142857142,0.06241758241758242,0.05868131868131868,0.054285714285714284,0.04879120879120879,0.04131868131868132,0.03142857142857143,0.024395604395604394,0.01934065934065934,0.008571428571428572,0.005274725274725275,0.8574833290655535,0.034974935951219345,0.0,0.0,0.0,0.0,0.0,0.0,0.0,0.0,0.0,0.0,0.0,0.0,0.0,0.0,0.0,0.0,0.0,0.0,0.01318681318681319,0.0,0.019780219780219783,0.032967032967032975,0.19780219780219785,1.140659340659337,4.951648351648353,12.402197802197806,8.4989010989011,2.0901098901098907,0.520879120879121,0.1318681318681319,4.26612355736592,2.7692030961734204,4.8,3.57211421989835,1.1251432208784213,4.254054054054054,2.7258120133665296,4.281842818428184,2.8184392588900615,1.0065323016635503,0.4294,0.01653,0.0,0.0,0.0,0.0,0.0,0.0,0.0,0.0,0.0,0.0,0.01318681318681319,0.982417582417581,17.083516483516487,11.439560439560443,0.4747252747252748,0.006593406593406595,0.0,0.0,0.0,0.0,0.0,0.0,0.0,0.0,0.0,0.0,0.0,0.0,0.0,0.0,nan,nan,4.2679296346414075,2.7724846412039463,nan,0.4294,0.0865,0.0,0.0,0.0,0.0,0.0,0.0,0.0,0.0,0.0,0.0,0.0,0.0,0.0,0.0,0.0,0.0,0.0,0.0,0.0,0.0,1.0989010989010989e-05,0.00012087912087912087,0.003769230769230769,5.4945054945054945e-05,1.0989010989010989e-05,0.001956043956043956,0.0017692307692307693,0.006758241758241758,0.006098901098901099,0.018483516483516482,0.0352967032967033,0.026505494505494505,0.05343956043956044,0.04130769230769231,0.016549450549450548,0.02575824175824176,0.03321978021978022,0.014263736263736265,0.056615384615384616,0.03776923076923077,0.02967032967032967,0.03958241758241758,0.022736263736263737,0.03685714285714286,0.012505494505494506,0.04367032967032967,0.06357142857142857,0.05820879120879121,0.06385714285714286,0.019351648351648352,0.03510989010989011,0.04197802197802198,0.03256043956043956,0.03197802197802198,0.02265934065934066,0.010032967032967032,0.01078021978021978,0.011351648351648352,0.002791208791208791,0.0023956043956043956,0.0003736263736263736,0.0,0.0019120879120879122,0.00023076923076923076,0.010571428571428572,0.0017032967032967034,0.0015604395604395605,0.00015384615384615385,0.008483516483516484,0.0005164835164835165,0.0025604395604395605,0.0,0.0004835164835164835,4.3956043956043955e-05,0.0,0.0,0.0,0.0,0.0,0.0,0.0,0.0,0.0,0.0,0.0,0.0,0.0,0.0,0.0,0.0,0.0,0.0,0.0,0.0,0.0,0.0,0.0,0.0,0.0,0.0,0.0,nan,nan,4.2679296346414075,2.7724846412039463,nan,0.8580272269646501,0.03463901797838096,0.0,0.0,0.0,0.0,0.0,0.0,0.0,0.0,0.0,0.0,0.0,0.0,0.0,0.0,0.0,0.0,0.0,0.0,0.0,0.0,0.026327336551118918,0.0,0.21061869240895134,0.9741114523913967,5.120666959192629,12.544975866608164,8.372093023255816,1.9482229047828,0.6450197455024135,0.1579640193067135,0.8569375151897096,0.03530040112507686,0.0,0.0,0.0,0.0,0.0,0.0,0.0,0.0,0.0,0.0,0.0,0.0,0.0,0.0,0.0,0.0,0.0,0.0,0.026420079260237785,0.0,0.013210039630118893,0.06605019815059446,0.18494055482166452,1.3077939233817661,4.782034346103039,12.258916776750333,8.626155878467637,2.232496697490093,0.3963011889035668,0.10568031704095114,0.4294,0.01631,0.0,0.0,0.0,0.0,0.0,0.0,0.0,0.0,0.0,0.0,0.0,0.8688021061869228,17.23124177270733,11.45239139973673,0.4475647213690216,0.0,0.0,0.0,0.0,0.0,0.0,0.0,0.0,0.0,0.0,0.0,0.0,0.0,0.0,0.0,0.4294,0.01674,0.0,0.0,0.0,0.0,0.0,0.0,0.0,0.0,0.0,0.0,0.026420079260237785,1.0964332892998663,16.935270805812422,11.426684280052843,0.501981505944518,0.013210039630118893,0.0,0.0,0.0,0.0,0.0,0.0,0.0,0.0,0.0,0.0,0.0,0.0,0.0,0.0
77200,4382,2238,0.5107256960292104,1054,909,0.44796896394340485,1244,0.56777727065267,0.45399999999999996,2.970149253731343,3.0403144439386254,6.463414634146342,2.09409810583435,6649.800000000001,9.094947017729282e-13,6649.8,6649.8,6649.800000000001,9.094947017729282e-13,6649.800000000001,9.094947017729282e-13,28.16841624828845,21.015510717963153,33.24400871459695,19.16984463701601,0.14536741214057508,0.09151072569602921,0.09287996348699223,0.08694659972615244,0.07918758557736194,0.07279780921953447,0.07211319032405294,0.06230031948881789,0.06138749429484254,0.05362848014605203,0.04495664080328617,0.04130534002738476,0.0344591510725696,0.023961661341853034,0.016430853491556367,0.012323140118667275,0.008443633044272023,0.8584892957763333,0.03381676260034343,0.0,0.0,0.0,0.0,0.0,0.0,0.0,0.0,0.0,0.0,0.0,0.0,0.0,0.0,0.0,0.0,0.0,0.0,0.0,0.0068461889548151545,0.0,0.027384755819260618,0.23277042446371526,0.9242355089000427,4.826563213144683,12.425832952989506,8.783660429027842,2.0949338201734373,0.5271565495207668,0.1506161570059334,4.284906327324143,2.7767380368329726,3.4285714285714284,1.7612611437054218,0.8001508473377801,4.27524893314367,2.769021716788533,4.29020979020979,2.780874106310623,1.0034994119173124,0.43,0.01678,0.0,0.0,0.0,0.0,0.0,0.0,0.0,0.0,0.0,0.0,0.0,1.0611592879963472,16.307622090369698,12.206754906435421,0.4244637151985396,0.0,0.0,0.0,0.0,0.0,0.0,0.0,0.0,0.0,0.0,0.0,0.0,0.0,0.0,0.0,nan,nan,4.282792665726375,2.7750144716891896,nan,0.43,0.0868,0.0,0.0,0.0,0.0,0.0,0.0,0.0,0.0,0.0,0.0,0.0,0.0,0.0,0.0,0.0,0.0,0.0,0.0,0.0,0.0,0.0,0.00014833409402099498,0.00427886809675947,0.00011410314924691921,0.0,0.002293473299863076,0.0016887266088544044,0.006800547695116385,0.0075193975353719765,0.01983112733911456,0.032348242811501594,0.02481743496120493,0.05159744408945687,0.04407804655408489,0.01669329073482428,0.027179370150616156,0.03399132816065723,0.013623916020082154,0.05413053400273848,0.036524418073938844,0.02933591967138293,0.035896850753080786,0.022352806937471475,0.03675262437243268,0.012368781378366042,0.04400958466453674,0.06220903696942036,0.05957325422181652,0.06491328160657234,0.01987676859881333,0.03517800091282519,0.043313555454130535,0.03296439981743496,0.03507530807850297,0.023550890004564125,0.010851209493382018,0.0104518484710178,0.011068005476951163,0.003172067549064354,0.002179370150616157,0.0002167959835691465,3.423094477407576e-05,0.0017115472387037882,0.0004107713372889092,0.008751711547238705,0.001734367868553172,0.0019283432222729348,0.00019397535371976267,0.007736193518941122,0.0007416704701049749,0.003229119123687814,0.0,0.0004792332268370607,7.987220447284345e-05,0.0,0.0,0.0,0.0,0.0,0.0,0.0,0.0,0.0,0.0,0.0,0.0,0.0,0.0,0.0,0.0,0.0,0.0,0.0,0.0,0.0,0.0,0.0,0.0,0.0,0.0,0.0,nan,nan,4.282792665726375,2.7750144716891896,nan,0.8583209526602769,0.034105619695470824,0.0,0.0,0.0,0.0,0.0,0.0,0.0,0.0,0.0,0.0,0.0,0.0,0.0,0.0,0.0,0.0,0.0,0.0,0.0,0.01340482573726542,0.0,0.04021447721179625,0.2815013404825738,0.8981233243967801,4.705093833780162,12.64075067024129,8.592493297587133,2.171581769436998,0.5227882037533513,0.1340482573726542,0.8586650196073661,0.03351168319834696,0.0,0.0,0.0,0.0,0.0,0.0,0.0,0.0,0.0,0.0,0.0,0.0,0.0,0.0,0.0,0.0,0.0,0.0,0.0,0.0,0.0,0.01399253731343284,0.1819029850746269,0.9514925373134299,4.953358208955224,12.201492537313436,8.983208955223882,2.0149253731343286,0.5317164179104479,0.16791044776119404,0.43,0.01674,0.0,0.0,0.0,0.0,0.0,0.0,0.0,0.0,0.0,0.0,0.0,0.8713136729222508,16.55495978552279,12.14477211796247,0.4289544235924934,0.0,0.0,0.0,0.0,0.0,0.0,0.0,0.0,0.0,0.0,0.0,0.0,0.0,0.0,0.0,0.43,0.01685,0.0,0.0,0.0,0.0,0.0,0.0,0.0,0.0,0.0,0.0,0.0,1.2593283582089534,16.049440298507466,12.2714552238806,0.4197761194029852,0.0,0.0,0.0,0.0,0.0,0.0,0.0,0.0,0.0,0.0,0.0,0.0,0.0,0.0,0.0
77300,4329,2245,0.5185955185955186,1002,862,0.4305844305844306,1187,0.5483945483945484,0.47,3.0158349328214973,3.1153817393029066,6.701230228471002,2.1016393044420156,6649.800000000002,1.8189894035458565e-12,6649.8,6649.8,6649.800000000002,1.8189894035458565e-12,6649.800000000001,9.094947017729282e-13,27.72141372141372,21.183018304369618,32.87136124202939,19.465439375593828,0.14760914760914762,0.09771309771309772,0.0990990990990991,0.08454608454608455,0.08085008085008084,0.072996072996073,0.06953106953106954,0.06444906444906445,0.05012705012705013,0.04781704781704782,0.04643104643104643,0.040887040887040885,0.031416031416031415,0.027258027258027256,0.018018018018018018,0.015246015246015246,0.006006006006006006,0.8587868570950985,0.03410118045763196,0.0,0.0,0.0,0.0,0.0,0.0,0.0,0.0,0.0,0.0,0.0,0.0,0.0,0.0,0.0,0.0,0.0,0.0,0.0,0.0,0.0,0.027720027720027726,0.16632016632016636,1.060291060291057,4.954954954954956,12.10672210672211,8.683298683298686,2.390852390852391,0.4643104643104644,0.14553014553014557,4.451411807847451,2.9290167299337293,2.8,1.7204650534085255,0.6290139220693631,4.4911111111111115,2.9370422679884296,4.406657018813314,2.9187574864004886,0.9811952788055374,0.4297,0.01736,0.0,0.0,0.0,0.0,0.0,0.0,0.0,0.0,0.0,0.0,0.0,1.3028413028413008,16.3963963963964,11.72557172557173,0.5751905751905753,0.0,0.0,0.0,0.0,0.0,0.0,0.0,0.0,0.0,0.0,0.0,0.0,0.0,0.0,0.0,nan,nan,4.448389458272328,2.928111521791306,nan,0.4297,0.08636,0.0,0.0,0.0,0.0,0.0,0.0,0.0,0.0,0.0,0.0,0.0,0.0,0.0,0.0,0.0,0.0,0.0,0.0,0.0,0.0,3.465003465003465e-05,0.00017325017325017325,0.004261954261954262,8.085008085008085e-05,2.31000231000231e-05,0.0024024024024024023,0.002182952182952183,0.005775005775005775,0.008154308154308154,0.020605220605220607,0.03341418341418342,0.023804573804573806,0.04968814968814969,0.0442018942018942,0.017498267498267498,0.02525987525987526,0.03382998382998383,0.013756063756063756,0.051513051513051515,0.04043659043659044,0.02987987987987988,0.03735273735273735,0.021887271887271888,0.03778008778008778,0.01071841071841072,0.04342804342804343,0.061873411873411874,0.06038346038346038,0.06651651651651652,0.018722568722568722,0.036267036267036264,0.04276969276969277,0.03305613305613306,0.03541233541233541,0.023816123816123816,0.010464310464310464,0.01057981057981058,0.010949410949410949,0.0035805035805035806,0.00164010164010164,0.0002772002772002772,0.00010395010395010396,0.0017094017094017094,0.0002079002079002079,0.008131208131208132,0.0018826518826518827,0.0019404019404019404,0.00021945021945021944,0.006571956571956572,0.0008778008778008778,0.0032224532224532226,0.0,0.0005544005544005544,0.00012705012705012706,0.0,0.0,0.0,0.0,0.0,0.0,0.0,0.0,0.0,0.0,0.0,0.0,0.0,0.0,0.0,0.0,0.0,0.0,0.0,0.0,0.0,0.0,0.0,0.0,0.0,0.0,0.0,nan,nan,4.448389458272328,2.928111521791306,nan,0.85905947510012,0.03515120450082987,0.0,0.0,0.0,0.0,0.0,0.0,0.0,0.0,0.0,0.0,0.0,0.0,0.0,0.0,0.0,0.0,0.0,0.0,0.0,0.0,0.0,0.026726057906458805,0.18708240534521164,1.1759465478841835,4.971046770601337,11.83964365256125,8.592427616926505,2.538975501113586,0.467706013363029,0.20044543429844103,0.8584931779102263,0.032930074144017975,0.0,0.0,0.0,0.0,0.0,0.0,0.0,0.0,0.0,0.0,0.0,0.0,0.0,0.0,0.0,0.0,0.0,0.0,0.0,0.0,0.0,0.02879078694817659,0.14395393474088294,0.9357005758157361,4.937619961612285,12.394433781190022,8.78119001919386,2.2312859884836858,0.46065259117082547,0.08637236084452976,0.43,0.0176,0.0,0.0,0.0,0.0,0.0,0.0,0.0,0.0,0.0,0.0,0.0,1.3496659242761673,16.07572383073497,11.906458797327398,0.66815144766147,0.0,0.0,0.0,0.0,0.0,0.0,0.0,0.0,0.0,0.0,0.0,0.0,0.0,0.0,0.0,0.4294,0.01709,0.0,0.0,0.0,0.0,0.0,0.0,0.0,0.0,0.0,0.0,0.0,1.2523992322456796,16.741842610364685,11.530710172744724,0.4750479846449137,0.0,0.0,0.0,0.0,0.0,0.0,0.0,0.0,0.0,0.0,0.0,0.0,0.0,0.0,0.0
77400,4658,2383,0.5115929583512236,1117,970,0.4480463718334049,1349,0.579218548733362,0.44199999999999995,2.9367032967032967,3.036545555720703,6.536434108527132,2.102930328515081,6649.800000000001,9.094947017729282e-13,6649.8,6649.8,6649.800000000001,9.094947017729282e-13,6649.800000000002,1.8189894035458565e-12,27.682052382996993,20.696596399621235,32.607883286409006,18.96260972263324,0.13847144697294977,0.10455130957492487,0.09403177329325892,0.08029197080291971,0.08759124087591241,0.0742808072133963,0.07277801631601545,0.06504937741519966,0.053885787891799056,0.053241734650064404,0.043366251610133105,0.040575354229282955,0.034349506225848,0.02640618291112065,0.014813224559896952,0.0098754830399313,0.006440532417346501,0.8596972815849178,0.03461492734442743,0.0,0.0,0.0,0.0,0.0,0.0,0.0,0.0,0.0,0.0,0.0,0.0,0.0,0.0,0.0,0.0,0.0,0.0,0.0,0.0,0.0,0.012881064834693005,0.14813224559896954,1.1335337054529806,4.733791326749679,11.811936453413486,9.029626449119796,2.46672391584371,0.45083726921425515,0.21253756977243457,4.303636970303637,2.8461665651289083,4.0,1.4142135623730951,0.9294464258024501,4.325596816976128,2.857250533638809,4.28083109919571,2.8326102468597067,0.9896509731085591,0.4294,0.01694,0.0,0.0,0.0,0.0,0.0,0.0,0.0,0.0,0.0,0.0,0.0,1.2365822241305264,16.64233576642336,11.689566337483901,0.43151567196221563,0.0,0.0,0.0,0.0,0.0,0.0,0.0,0.0,0.0,0.0,0.0,0.0,0.0,0.0,0.0,nan,nan,4.303333333333334,2.8451108160413643,nan,0.4294,0.08704,0.0,0.0,0.0,0.0,0.0,0.0,0.0,0.0,0.0,0.0,0.0,0.0,0.0,0.0,0.0,0.0,0.0,0.0,0.0,0.0,0.0,0.00012881064834693003,0.0042722198368398455,3.2202662086732506e-05,0.0,0.00201803349076857,0.002221983683984543,0.005903821382567625,0.007632030914555603,0.022874624302275656,0.03458565908115071,0.02392657793044225,0.04948475740661228,0.044836839845427225,0.016552168312580506,0.025236152855302705,0.035122370115929585,0.013503649635036497,0.05246887075998283,0.04119793902962645,0.0293902962644912,0.03621726062687849,0.021672391584370974,0.03613138686131387,0.010895234006011164,0.04058608844997853,0.06390081580077286,0.05928510090167454,0.06628381279519106,0.018151567196221553,0.03779519106912838,0.04320523829969944,0.03337269214255045,0.03212752254186346,0.02362601975096608,0.010820094461142122,0.01241949334478317,0.010251180764276514,0.00291970802919708,0.0011163589523400601,0.00022541863460712752,4.2936882782310004e-05,0.0016101331043366252,0.00019321597252039502,0.008480034349506225,0.0030807213396307426,0.00240446543580936,0.00020395019321597252,0.006129240017174753,0.0012344353799914126,0.0034349506225848005,0.0,0.0006977243452125375,9.660798626019751e-05,0.0,0.0,0.0,0.0,0.0,0.0,0.0,0.0,0.0,0.0,0.0,0.0,0.0,0.0,0.0,0.0,0.0,0.0,0.0,0.0,0.0,0.0,0.0,0.0,0.0,0.0,0.0,nan,nan,4.303333333333334,2.8451108160413643,nan,0.860108348360794,0.034569195112835543,0.0,0.0,0.0,0.0,0.0,0.0,0.0,0.0,0.0,0.0,0.0,0.0,0.0,0.0,0.0,0.0,0.0,0.0,0.0,0.0,0.0,0.0,0.18883759966428876,1.1582039446076338,4.595048258497693,11.619806966009236,9.290809903483007,2.5178346621905163,0.4154427192614353,0.21401594628619391,0.8592667004302308,0.034657538026612845,0.0,0.0,0.0,0.0,0.0,0.0,0.0,0.0,0.0,0.0,0.0,0.0,0.0,0.0,0.0,0.0,0.0,0.0,0.0,0.0,0.0,0.02637362637362638,0.10549450549450552,1.1076923076923042,4.8791208791208796,12.013186813186817,8.756043956043957,2.4131868131868135,0.487912087912088,0.21098901098901104,0.429,0.01706,0.0,0.0,0.0,0.0,0.0,0.0,0.0,0.0,0.0,0.0,0.0,1.384809064204782,16.68065463701217,11.519093579521615,0.4154427192614353,0.0,0.0,0.0,0.0,0.0,0.0,0.0,0.0,0.0,0.0,0.0,0.0,0.0,0.0,0.0,0.4302,0.0168,0.0,0.0,0.0,0.0,0.0,0.0,0.0,0.0,0.0,0.0,0.0,1.0813186813186797,16.602197802197807,11.868131868131872,0.4483516483516484,0.0,0.0,0.0,0.0,0.0,0.0,0.0,0.0,0.0,0.0,0.0,0.0,0.0,0.0,0.0
77500,4502,2262,0.5024433585073301,1054,928,0.4402487783207463,1276,0.5668591737005775,0.45399999999999996,2.9191964285714285,3.05254391520793,6.460093896713615,2.121037184781829,6649.800000000002,1.8189894035458565e-12,6649.8,6649.8,6649.800000000001,9.094947017729282e-13,6649.800000000002,1.8189894035458565e-12,27.929808973789427,21.029816469185217,32.92130365659777,19.310255403496875,0.14215904042647712,0.09995557529986672,0.09418036428254109,0.08751665926254998,0.08174144824522435,0.07107952021323856,0.07085739671257218,0.06197245668591737,0.05708573967125722,0.05242114615726344,0.04375832963127499,0.0406486006219458,0.03043091959129276,0.026876943580630832,0.020435362061306087,0.01288316303864949,0.0059973345179920035,0.861277835520571,0.033291975382679764,0.0,0.0,0.0,0.0,0.0,0.0,0.0,0.0,0.0,0.0,0.0,0.0,0.0,0.0,0.0,0.0,0.0,0.0,0.0,0.0,0.0,0.0,0.13327410039982232,0.9662372278987087,4.211461572634385,11.928031985784099,9.629053753887163,2.4255886272767664,0.5997334517992005,0.10661928031985787,4.291767974991316,2.8220903830770716,4.666666666666667,2.0548046676563256,1.0873529729146434,4.244550408719346,2.784396774406033,4.341584158415841,2.858523428130182,1.022860783911805,0.429,0.01675,0.0,0.0,0.0,0.0,0.0,0.0,0.0,0.0,0.0,0.0,0.0,1.1461572634384702,16.89249222567748,11.474900044424704,0.4864504664593515,0.0,0.0,0.0,0.0,0.0,0.0,0.0,0.0,0.0,0.0,0.0,0.0,0.0,0.0,0.0,nan,nan,4.2921582234559335,2.8214260754421034,nan,0.429,0.08685,0.0,0.0,0.0,0.0,0.0,0.0,0.0,0.0,0.0,0.0,0.0,0.0,0.0,0.0,0.0,1.1106175033318526e-05,0.0,0.0,0.0,0.0,0.0,2.2212350066637052e-05,0.004786761439360284,0.0,2.2212350066637052e-05,0.002154597956463794,0.0027987561083962684,0.005919591292758774,0.009095957352287872,0.020302087960906264,0.03158596179475789,0.02184584629053754,0.050099955575299865,0.047034651266103955,0.01860284318080853,0.02613282985339849,0.03454020435362061,0.014671257219013772,0.053709462461128385,0.041625944024877834,0.030464238116392716,0.03371834740115504,0.023089737894269213,0.03930475344291426,0.011617059084851177,0.038605064415815196,0.06580408707241227,0.058918258551754775,0.06600399822301199,0.017714349178143046,0.03698356286095069,0.04141492669924478,0.03374055975122168,0.029531319413593958,0.02321190581963572,0.01151710350955131,0.012150155486450466,0.008940470901821413,0.002898711683696135,0.000866281652598845,1.1106175033318526e-05,5.553087516659262e-05,0.0014993336294980009,2.2212350066637052e-05,0.009384717903154153,0.0032541092847623277,0.0028320746334962238,2.2212350066637052e-05,0.005630830741892493,0.0014549089293647269,0.003342958685028876,0.0,0.0009662372278987117,6.663705019991116e-05,0.0,0.0,0.0,0.0,0.0,0.0,0.0,0.0,0.0,0.0,0.0,0.0,0.0,0.0,0.0,0.0,0.0,0.0,0.0,0.0,0.0,0.0,0.0,0.0,0.0,0.0,0.0,nan,nan,4.2921582234559335,2.8214260754421034,nan,0.8611611411910896,0.03350939567597636,0.0,0.0,0.0,0.0,0.0,0.0,0.0,0.0,0.0,0.0,0.0,0.0,0.0,0.0,0.0,0.0,0.0,0.0,0.0,0.0,0.0,0.0,0.18567639257294435,0.9814323607427026,4.1909814323607435,11.803713527851462,9.575596816976129,2.5198938992042446,0.6631299734748012,0.07957559681697614,0.8613956759550742,0.03307055136135655,0.0,0.0,0.0,0.0,0.0,0.0,0.0,0.0,0.0,0.0,0.0,0.0,0.0,0.0,0.0,0.0,0.0,0.0,0.0,0.0,0.0,0.0,0.08035714285714286,0.9508928571428541,4.232142857142858,12.053571428571432,9.683035714285715,2.3303571428571432,0.5357142857142858,0.13392857142857145,0.4287,0.01689,0.0,0.0,0.0,0.0,0.0,0.0,0.0,0.0,0.0,0.0,0.0,1.2068965517241361,17.08222811671088,11.220159151193638,0.4907161803713529,0.0,0.0,0.0,0.0,0.0,0.0,0.0,0.0,0.0,0.0,0.0,0.0,0.0,0.0,0.0,0.4292,0.01663,0.0,0.0,0.0,0.0,0.0,0.0,0.0,0.0,0.0,0.0,0.0,1.084821428571427,16.70089285714286,11.732142857142861,0.48214285714285726,0.0,0.0,0.0,0.0,0.0,0.0,0.0,0.0,0.0,0.0,0.0,0.0,0.0,0.0,0.0
77600,4441,2288,0.5151992794415672,1082,873,0.4402161675298356,1215,0.5471740598964198,0.47,3.0065025545750115,3.1443007934841773,6.705400981996727,2.108734922511518,6649.800000000001,9.094947017729282e-13,6649.8,6649.8,6649.800000000001,9.094947017729282e-13,6649.800000000001,9.094947017729282e-13,28.127673947309166,21.099759877615057,33.23909531502423,19.29109606916831,0.14433686106732718,0.09164602566989417,0.09412294528259402,0.08871875703670344,0.08128799819860391,0.07700968250394055,0.06755235307363207,0.059671245215041656,0.06079711776626886,0.04863769421301509,0.046836298131051564,0.04008106282368836,0.03062373339337987,0.028822337311416348,0.0218419274938077,0.01103355100202657,0.0069804098176086465,0.8612217577264482,0.03422619368198853,0.0,0.0,0.0,0.0,0.0,0.0,0.0,0.0,0.0,0.0,0.0,0.0,0.0,0.0,0.0,0.0,0.0,0.0,0.0,0.0,0.0,0.03377617653681604,0.19590182391353303,0.7903625309614927,4.255798243638821,11.983787435262332,9.578923665841028,2.377842828191849,0.6012159423553255,0.18239135329880662,4.273270108886547,2.8917597798341306,5.833333333333333,3.8477987935383986,1.3650747986191025,4.174810736407433,2.8569469640216085,4.382142857142857,2.9302064251307534,1.0496626395365267,0.43,0.01646,0.0,0.0,0.0,0.0,0.0,0.0,0.0,0.0,0.0,0.0,0.0,0.9322224724161211,16.354424679126325,12.368835847782034,0.3445170006755236,0.0,0.0,0.0,0.0,0.0,0.0,0.0,0.0,0.0,0.0,0.0,0.0,0.0,0.0,0.0,nan,nan,4.276550998948475,2.894984074946174,nan,0.43,0.0863,0.0,0.0,0.0,0.0,0.0,0.0,0.0,0.0,0.0,0.0,0.0,0.0,0.0,0.0,0.0,0.0,0.0,0.0,0.0,0.0,0.0,1.125872551227201e-05,0.004526007655933349,0.0,9.006980409817609e-05,0.0022742625534789463,0.0026120243188471064,0.006316145012384598,0.008421526683179465,0.01970276964647602,0.03167079486602117,0.02216843053366359,0.045586579599189374,0.044978608421526685,0.019522630038279667,0.023024093672596262,0.03456428732267507,0.015390677775275838,0.052882233731141634,0.04520378293177212,0.029160099076784508,0.034023868498086016,0.023361855437964422,0.04037378968700743,0.01159648727764017,0.04070029272686332,0.06692186444494483,0.05791488403512722,0.06555955865795991,0.018835847782031075,0.03762666066201306,0.04296329655482999,0.03431659536140509,0.03096149515874803,0.022416122494933573,0.011213690610222923,0.012384598063499211,0.009930195901823913,0.002217968925917586,0.000990767845079937,2.251745102454402e-05,7.881107858590408e-05,0.0015762215717180816,1.125872551227201e-05,0.008061247466786759,0.0025557306912857465,0.0030173384372888987,0.0,0.005494258049988742,0.0018351722585003378,0.00391803647827066,0.0,0.000945732943030849,6.755235307363206e-05,0.0,0.0,0.0,0.0,0.0,0.0,0.0,0.0,0.0,0.0,0.0,0.0,0.0,0.0,0.0,0.0,0.0,0.0,0.0,0.0,0.0,0.0,0.0,0.0,0.0,0.0,0.0,nan,nan,4.276550998948475,2.894984074946174,nan,0.8609864210801108,0.03440616038831499,0.0,0.0,0.0,0.0,0.0,0.0,0.0,0.0,0.0,0.0,0.0,0.0,0.0,0.0,0.0,0.0,0.0,0.0,0.0,0.0,0.0,0.02622377622377623,0.18356643356643362,0.8522727272727246,4.37937062937063,12.03671328671329,9.296328671328673,2.412587412587413,0.6162587412587414,0.19667832167832172,0.8614718507347249,0.034032115885193316,0.0,0.0,0.0,0.0,0.0,0.0,0.0,0.0,0.0,0.0,0.0,0.0,0.0,0.0,0.0,0.0,0.0,0.0,0.0,0.0,0.0,0.041802136553646084,0.20901068276823043,0.7245703669298631,4.12447747329308,11.927542963307017,9.879238272178357,2.3409196470041804,0.5852299117510451,0.16720854621458434,0.4302,0.01662,0.0,0.0,0.0,0.0,0.0,0.0,0.0,0.0,0.0,0.0,0.0,1.0227272727272714,16.232517482517487,12.390734265734269,0.3540209790209791,0.0,0.0,0.0,0.0,0.0,0.0,0.0,0.0,0.0,0.0,0.0,0.0,0.0,0.0,0.0,0.43,0.01631,0.0,0.0,0.0,0.0,0.0,0.0,0.0,0.0,0.0,0.0,0.0,0.8360427310729204,16.48397584765444,12.345564328843478,0.33441709242916867,0.0,0.0,0.0,0.0,0.0,0.0,0.0,0.0,0.0,0.0,0.0,0.0,0.0,0.0,0.0
77700,4468,2261,0.5060429722470904,1060,921,0.44337511190689344,1274,0.5702775290957923,0.478,2.9691889442682373,3.0846613853633458,6.6316639741518575,2.0510525238876154,6649.800000000001,9.094947017729282e-13,6649.8,6649.8,6649.800000000002,1.8189894035458565e-12,6649.800000000001,9.094947017729282e-13,27.693151298119965,20.85915546476321,32.79216948243497,19.066466650536967,0.14637421665174574,0.09556848701880036,0.09803043867502238,0.085496866606983,0.08079677708146822,0.07050134288272157,0.07542524619516562,0.061101163831692035,0.055282005371530885,0.052372426141450316,0.044315129811996416,0.04207699194270367,0.03424350940017905,0.025514771709937333,0.015890778871978515,0.010966875559534467,0.006042972247090421,0.861051110759204,0.03540257619459114,0.0,0.0,0.0,0.0,0.0,0.0,0.0,0.0,0.0,0.0,0.0,0.0,0.0,0.0,0.0,0.0,0.0,0.0,0.0,0.0,0.013428827215756493,0.060429722470904224,0.20814682184422564,0.8728737690241691,4.40465532676813,11.783795881826324,9.366606982990154,2.430617726051925,0.6378692927484334,0.22157564905998214,4.424710424710424,2.8870208815335587,3.3636363636363638,1.966664332071267,0.7601935586228781,4.443577004968063,2.8704911101677597,4.3983459682977255,2.898436569740731,0.9898210300800983,0.4304,0.01653,0.0,0.0,0.0,0.0,0.0,0.0,0.0,0.0,0.0,0.0,0.0,0.9400179051029529,15.866159355416297,12.703670546105643,0.490152193375112,0.0,0.0,0.0,0.0,0.0,0.0,0.0,0.0,0.0,0.0,0.0,0.0,0.0,0.0,0.0,nan,nan,4.420629370629371,2.8847914970609208,nan,0.4304,0.08704,0.0,0.0,0.0,0.0,0.0,0.0,0.0,0.0,0.0,0.0,0.0,0.0,0.0,0.0,0.0,0.0,0.0,0.0,0.0,0.0,0.0,0.0,0.00430841539838854,0.0,0.00016786034019695615,0.0023948075201432406,0.0025850492390331243,0.006591316025067144,0.007318710832587287,0.018352730528200537,0.033594449418084156,0.021788272157564906,0.04566920322291853,0.04799686660698299,0.018363921217547,0.02407117278424351,0.03351611459265891,0.01758057296329454,0.053983885407341094,0.04204341987466428,0.02625335720680394,0.03381826320501343,0.023243061772605194,0.040297672336615936,0.011772605192479857,0.039693375111906896,0.06489480752014325,0.058661593554162936,0.0627461951656222,0.018375111906893466,0.03783572068039391,0.04734780662488809,0.034109221128021484,0.03252014324082363,0.022974485228290063,0.011022829006266785,0.011313786929274844,0.011716651745747538,0.0017681289167412713,0.0006714413607878246,0.0,2.2381378692927485e-05,0.001600268576544315,2.2381378692927485e-05,0.008605640107430618,0.0024619516562220233,0.002696956132497762,1.1190689346463742e-05,0.005102954341987467,0.0021933751119068935,0.004084601611459266,0.00012309758281110116,0.001600268576544315,6.714413607878246e-05,4.476275738585497e-05,0.0,0.0,0.0,0.0,0.0,0.0,0.0,0.0,0.0,0.0,0.0,0.0,0.0,0.0,0.0,0.0,0.0,0.0,0.0,0.0,0.0,0.0,0.0,0.0,0.0,0.0,nan,nan,4.420629370629371,2.8847914970609208,nan,0.8609602950885727,0.03451396514740123,0.0,0.0,0.0,0.0,0.0,0.0,0.0,0.0,0.0,0.0,0.0,0.0,0.0,0.0,0.0,0.0,0.0,0.0,0.0,0.0,0.013268465280849184,0.05307386112339674,0.1857585139318886,0.7828394515700993,4.577620521892968,11.543564794338792,9.672711189739054,2.4015922158337024,0.6236178681999116,0.14595311808934103,0.8611441484716179,0.03629013702272041,0.0,0.0,0.0,0.0,0.0,0.0,0.0,0.0,0.0,0.0,0.0,0.0,0.0,0.0,0.0,0.0,0.0,0.0,0.0,0.0,0.013593112822836434,0.06796556411418216,0.23108291798821937,0.9651110104213834,4.22745808790213,12.029904848210244,9.053013140009064,2.4603534209333944,0.6524694154961487,0.2990484821024015,0.4304,0.01642,0.0,0.0,0.0,0.0,0.0,0.0,0.0,0.0,0.0,0.0,0.0,0.9287925696594413,16.06811145510836,12.52543122512163,0.47766475011057064,0.0,0.0,0.0,0.0,0.0,0.0,0.0,0.0,0.0,0.0,0.0,0.0,0.0,0.0,0.0,0.4307,0.01663,0.0,0.0,0.0,0.0,0.0,0.0,0.0,0.0,0.0,0.0,0.0,0.9515178975985487,15.65926597190757,12.88627095604894,0.502945174444948,0.0,0.0,0.0,0.0,0.0,0.0,0.0,0.0,0.0,0.0,0.0,0.0,0.0,0.0,0.0
77800,4704,2444,0.5195578231292517,1173,970,0.45556972789115646,1349,0.5735544217687075,0.44599999999999995,2.956637168141593,2.9924499716711743,6.4203125,2.02250461120457,6649.8,0.0,6649.8,6649.8,6649.800000000001,9.094947017729282e-13,6649.800000000002,1.8189894035458565e-12,28.367346938775512,20.93637726449507,33.35607783674501,19.072830939387657,0.14030612244897958,0.09800170068027211,0.0818452380952381,0.08907312925170068,0.07929421768707483,0.07334183673469388,0.07015306122448979,0.070578231292517,0.06186224489795918,0.04974489795918367,0.050595238095238096,0.03720238095238095,0.034651360544217684,0.0274234693877551,0.01764455782312925,0.011054421768707483,0.007227891156462585,0.8618314985667361,0.036439255555602346,0.0,0.0,0.0,0.0,0.0,0.0,0.0,0.0,0.0,0.0,0.0,0.0,0.0,0.0,0.0,0.0,0.0,0.0,0.0,0.0,0.0,0.06377551020408165,0.2168367346938776,1.06505102040816,4.107142857142858,11.77933673469388,9.024234693877553,2.818877551020409,0.6313775510204083,0.2933673469387756,4.2614783458156955,2.767151180472031,3.1538461538461537,3.2544916617394124,0.7400826421992464,4.239895697522816,2.7410775466760384,4.273548387096774,2.79884947374648,1.0079371503392454,0.4307,0.01706,0.0,0.0,0.0,0.0,0.0,0.0,0.0,0.0,0.0,0.0,0.006377551020408165,0.9056122448979579,16.19260204081633,12.244897959183676,0.6505102040816327,0.0,0.0,0.0,0.0,0.0,0.0,0.0,0.0,0.0,0.0,0.0,0.0,0.0,0.0,0.0,nan,nan,4.256809338521401,2.770315070782448,nan,0.4307,0.0868,0.0,0.0,0.0,0.0,0.0,0.0,0.0,0.0,0.0,0.0,0.0,0.0,0.0,0.0,0.0,0.0,0.0,0.0,0.0,0.0,0.0,0.0,0.004825680272108844,3.188775510204082e-05,4.2517006802721085e-05,0.0019026360544217686,0.002848639455782313,0.0050276360544217686,0.006271258503401361,0.017761479591836736,0.033843537414965985,0.021641156462585034,0.04616284013605442,0.04839498299319728,0.018218537414965985,0.024107142857142858,0.03388605442176871,0.0210671768707483,0.05440051020408163,0.04232568027210885,0.024330357142857143,0.03282312925170068,0.023107993197278912,0.04023171768707483,0.011150085034013605,0.03930697278911564,0.06319090136054421,0.058152636054421766,0.0669749149659864,0.019207057823129252,0.038052721088435375,0.04677933673469388,0.033737244897959186,0.033386479591836736,0.023650085034013606,0.010363520408163265,0.0109375,0.010565476190476191,0.0019238945578231293,0.0006483843537414966,0.0,0.0,0.0012967687074829932,0.0,0.008025085034013606,0.0025191326530612243,0.0026998299319727893,0.0,0.005707908163265306,0.0025085034013605442,0.004496173469387755,5.314625850340136e-05,0.0013499149659863946,1.0629251700680271e-05,5.314625850340136e-05,0.0,0.0,0.0,0.0,0.0,0.0,0.0,0.0,0.0,0.0,0.0,0.0,0.0,0.0,0.0,0.0,0.0,0.0,0.0,0.0,0.0,0.0,0.0,0.0,0.0,0.0,nan,nan,4.256809338521401,2.770315070782448,nan,0.8623167808288053,0.03626808258306515,0.0,0.0,0.0,0.0,0.0,0.0,0.0,0.0,0.0,0.0,0.0,0.0,0.0,0.0,0.0,0.0,0.0,0.0,0.0,0.0,0.0,0.07364975450081834,0.1963993453355156,0.969721767594105,4.075286415711949,11.624386252045829,9.193944353518823,2.958265139116204,0.6505728314238954,0.2577741407528642,0.8613067065983747,0.03661622676197002,0.0,0.0,0.0,0.0,0.0,0.0,0.0,0.0,0.0,0.0,0.0,0.0,0.0,0.0,0.0,0.0,0.0,0.0,0.0,0.0,0.0,0.053097345132743376,0.23893805309734517,1.1681415929203505,4.141592920353983,11.94690265486726,8.840707964601771,2.6681415929203545,0.6106194690265487,0.3318584070796461,0.431,0.01724,0.0,0.0,0.0,0.0,0.0,0.0,0.0,0.0,0.0,0.0,0.012274959083469724,0.9328968903436976,15.724222585924716,12.667757774140755,0.6628477905073652,0.0,0.0,0.0,0.0,0.0,0.0,0.0,0.0,0.0,0.0,0.0,0.0,0.0,0.0,0.0,0.4307,0.01685,0.0,0.0,0.0,0.0,0.0,0.0,0.0,0.0,0.0,0.0,0.0,0.8761061946902642,16.69911504424779,11.78761061946903,0.6371681415929205,0.0,0.0,0.0,0.0,0.0,0.0,0.0,0.0,0.0,0.0,0.0,0.0,0.0,0.0,0.0
77900,4409,2228,0.505330006804264,1051,914,0.4456792923565434,1245,0.5647539124518032,0.44999999999999996,2.9426868408986704,3.0930722204905368,6.5072697899838445,2.136201271861238,6649.800000000001,9.094947017729282e-13,6649.8,6649.8,6649.800000000001,9.094947017729282e-13,6649.8,0.0,27.514855976411884,20.759863644054665,32.5904269785151,18.99967209133789,0.14583805851667045,0.10251757768201407,0.09299160807439329,0.08323882966659106,0.09026990247221592,0.06622816965298253,0.06645497845316398,0.06055794964844636,0.06078475844862781,0.05602177364481742,0.04785665683828533,0.03787706963030166,0.0342481288273985,0.02222726241778181,0.017010660013608528,0.00997958720798367,0.005897028804717623,0.860235656962478,0.034669415767283905,0.0,0.0,0.0,0.0,0.0,0.0,0.0,0.0,0.0,0.0,0.0,0.0,0.0,0.0,0.0,0.0,0.0,0.0,0.0,0.0,0.0,0.03402132002721706,0.2041279201633024,0.9934225447947349,4.4159673395327745,11.873440689498755,9.246994783397598,2.5788160580630533,0.5171240644136994,0.13608528010886825,4.310369318181818,2.9340972322248517,5.0,2.5385910352879693,1.1599934091283572,4.329059829059829,2.9540611814342896,4.29718309859155,2.913130634426728,0.9926365696647805,0.4314,0.01674,0.0,0.0,0.0,0.0,0.0,0.0,0.0,0.0,0.0,0.0,0.0,1.0070310728056233,15.45248355636199,13.016557042413249,0.5239283284191427,0.0,0.0,0.0,0.0,0.0,0.0,0.0,0.0,0.0,0.0,0.0,0.0,0.0,0.0,0.0,nan,nan,4.312566371681416,2.933179367401014,nan,0.4314,0.08685,0.0,0.0,0.0,0.0,0.0,0.0,0.0,0.0,0.0,0.0,0.0,0.0,0.0,0.0,0.0,0.0,0.0,0.0,0.0,0.0,0.0,0.0,0.0040485370832388295,0.0001360852801088682,0.00011340440009072352,0.0025515990020412794,0.0031072805624858244,0.004638239963710592,0.005125878884100703,0.016749829893399865,0.03520072578816058,0.020662281696529824,0.04553186663642549,0.04925153095940123,0.01995917441596734,0.022091177137672943,0.036334769789067814,0.020809707416647765,0.05454751644363801,0.041766840553413474,0.02179632569743706,0.032989339986391475,0.02501701066001361,0.03924926287139941,0.011748695849398957,0.038069857110455886,0.06048990700839193,0.05618053980494443,0.07039011113631209,0.02029938761623951,0.039895667951916534,0.04646178271716943,0.034009979587207986,0.03302336130641869,0.02381492401905194,0.01002494896801996,0.010319800408255841,0.011363120889090497,0.0016330233613064188,0.0005443411204354728,1.1340440009072351e-05,3.402132002721705e-05,0.001610342481288274,2.2680880018144703e-05,0.00906101156724881,0.002290768881832615,0.0028010886822408708,0.0,0.005647539124518031,0.0032093445225674757,0.004400090723520073,0.0001360852801088682,0.0007257881605806305,0.0,6.80426400544341e-05,3.402132002721705e-05,0.0,0.0,0.0,0.0,0.0,0.0,0.0,0.0,0.0,0.0,0.0,0.0,0.0,0.0,0.0,0.0,0.0,0.0,0.0,0.0,0.0,0.0,0.0,0.0,0.0,nan,nan,4.312566371681416,2.933179367401014,nan,0.8609351415447958,0.03413040369246589,0.0,0.0,0.0,0.0,0.0,0.0,0.0,0.0,0.0,0.0,0.0,0.0,0.0,0.0,0.0,0.0,0.0,0.0,0.0,0.0,0.0,0.04039497307001796,0.17504488330341117,0.8482944344703743,4.36265709156194,11.849192100538604,9.371633752244167,2.7199281867145424,0.5385996409335728,0.09425493716337525,0.8595210986638058,0.03519717398339482,0.0,0.0,0.0,0.0,0.0,0.0,0.0,0.0,0.0,0.0,0.0,0.0,0.0,0.0,0.0,0.0,0.0,0.0,0.0,0.0,0.0,0.027510316368638245,0.2338376891334251,1.1416781292984834,4.470426409903714,11.898211829436041,9.119669876203577,2.4346629986244848,0.4951856946354884,0.17881705639614862,0.4314,0.01662,0.0,0.0,0.0,0.0,0.0,0.0,0.0,0.0,0.0,0.0,0.0,0.8348294434470365,15.538599640933576,13.074506283662481,0.5520646319569121,0.0,0.0,0.0,0.0,0.0,0.0,0.0,0.0,0.0,0.0,0.0,0.0,0.0,0.0,0.0,0.4312,0.01686,0.0,0.0,0.0,0.0,0.0,0.0,0.0,0.0,0.0,0.0,0.0,1.1829436038514427,15.36451169188446,12.957359009628615,0.4951856946354884,0.0,0.0,0.0,0.0,0.0,0.0,0.0,0.0,0.0,0.0,0.0,0.0,0.0,0.0,0.0
78000,4397,2219,0.5046622697293609,1077,913,0.4525813054355242,1265,0.5753923129406413,0.45799999999999996,2.923783287419651,3.0187163352986524,6.447284345047923,2.0122470008998206,6649.8,0.0,6649.8,6649.8,6649.800000000001,9.094947017729282e-13,6649.800000000001,9.094947017729282e-13,27.997953149874913,20.793268478154843,33.0870274680446,18.927126119153183,0.14146008642256083,0.09551967250397998,0.09028883329542871,0.08824198317034342,0.07937229929497384,0.07982715487832613,0.06572663179440527,0.06777348191949056,0.052763247668865136,0.05799408687741642,0.04889697521037071,0.04116443029338185,0.030702751876279282,0.026381623834432568,0.01773936775073914,0.010916534000454855,0.005230839208551285,0.8600774309785361,0.03580623317561744,0.0,0.0,0.0,0.0,0.0,0.0,0.0,0.0,0.0,0.0,0.0,0.0,0.0,0.0,0.0,0.0,0.0,0.0,0.0,0.0,0.0,0.06140550375255858,0.3002046850125086,0.9551967250397969,4.455310438935639,11.967250397998638,9.053900386627248,2.4493973163520586,0.5117125312713214,0.2456220150102343,4.186820890290922,2.8242989797062994,3.4375,2.499218627891526,0.8210286730849727,4.161290322580645,2.7946180526456255,4.203190013869626,2.8518025209577633,1.010068918061693,0.4316,0.01665,0.0,0.0,0.0,0.0,0.0,0.0,0.0,0.0,0.0,0.0,0.0,0.8596770525358186,15.399135774391635,13.188537639299525,0.5526495337730272,0.0,0.0,0.0,0.0,0.0,0.0,0.0,0.0,0.0,0.0,0.0,0.0,0.0,0.0,0.0,nan,nan,4.182642035552457,2.823141410181021,nan,0.4316,0.0864,0.0,0.0,0.0,0.0,0.0,0.0,0.0,0.0,0.0,0.0,0.0,0.0,0.0,0.0,0.0,0.0,0.0,0.0,0.0,0.0,0.0,0.0,0.003547873550147828,0.00026154196042756426,0.00011371389583807141,0.002842847395951785,0.002967932681373664,0.003934500795997271,0.004457584716852399,0.01686377075278599,0.034375710711848986,0.02176483966340687,0.04795314987491472,0.04749829429156243,0.017511939959062996,0.021605640209233567,0.03554696383898112,0.021537411871730725,0.05130770980213782,0.042540368433022516,0.02119627018421651,0.03627473277234478,0.02648396634068683,0.040459404139185806,0.011746645440072777,0.03848078235160336,0.06280418467136684,0.05355924493973164,0.07032067318626337,0.02216283829884012,0.041335001137138956,0.046042756424835116,0.0342278826472595,0.03246531726176939,0.02215146690925631,0.009733909483738912,0.011155333181714806,0.010757334546281555,0.0017170798271548783,0.0003638844666818285,0.0,1.1371389583807141e-05,0.0011712531271321355,7.959972708664998e-05,0.009006140550375255,0.0026722765521946783,0.0028655901751193998,5.6856947919035704e-05,0.005594723675233114,0.003229474641801228,0.004207414146008642,0.00018194223334091426,0.0007732544916988856,0.0,7.959972708664998e-05,0.0,0.0,0.0,0.0,0.0,0.0,0.0,0.0,0.0,0.0,0.0,0.0,0.0,0.0,0.0,0.0,0.0,0.0,0.0,0.0,0.0,0.0,0.0,0.0,0.0,0.0,nan,nan,4.182642035552457,2.823141410181021,nan,0.8584689527494835,0.03597754757053776,0.0,0.0,0.0,0.0,0.0,0.0,0.0,0.0,0.0,0.0,0.0,0.0,0.0,0.0,0.0,0.0,0.0,0.0,0.0,0.0,0.0,0.08111762054979722,0.31095087877422267,1.0410094637223941,4.812978819287968,12.00540784136999,8.774222622803066,2.217214961694457,0.5543037404236143,0.20279405137449308,0.8617161881825155,0.03555609387121023,0.0,0.0,0.0,0.0,0.0,0.0,0.0,0.0,0.0,0.0,0.0,0.0,0.0,0.0,0.0,0.0,0.0,0.0,0.0,0.0,0.0,0.041322314049586785,0.2892561983471075,0.8677685950413196,4.090909090909092,11.928374655647387,9.338842975206614,2.685950413223141,0.46831955922865026,0.2892561983471075,0.432,0.01653,0.0,0.0,0.0,0.0,0.0,0.0,0.0,0.0,0.0,0.0,0.0,0.7165389815232076,15.223073456511946,13.479044614691306,0.5813429472735467,0.0,0.0,0.0,0.0,0.0,0.0,0.0,0.0,0.0,0.0,0.0,0.0,0.0,0.0,0.0,0.4316,0.01677,0.0,0.0,0.0,0.0,0.0,0.0,0.0,0.0,0.0,0.0,0.0,1.0055096418732767,15.578512396694219,12.892561983471078,0.5234159779614326,0.0,0.0,0.0,0.0,0.0,0.0,0.0,0.0,0.0,0.0,0.0,0.0,0.0,0.0,0.0
78100,4510,2284,0.506430155210643,1060,929,0.441019955654102,1297,0.5751662971175167,0.44199999999999995,2.9155435759209345,3.0040495424197453,6.416536661466458,2.0628898105184397,6649.800000000002,1.8189894035458565e-12,6649.8,6649.8,6649.800000000001,9.094947017729282e-13,6649.800000000001,9.094947017729282e-13,27.602439024390243,20.631817146141664,32.56802541026998,18.857487159950765,0.14035476718403547,0.09866962305986696,0.09534368070953436,0.09024390243902439,0.08070953436807095,0.07893569844789357,0.06385809312638581,0.06341463414634146,0.06164079822616408,0.05277161862527716,0.04478935698447894,0.03835920177383592,0.03614190687361419,0.02394678492239468,0.016851441241685146,0.008203991130820399,0.005764966740576497,0.8585017336710065,0.03467531947978807,0.0,0.0,0.0,0.0,0.0,0.0,0.0,0.0,0.0,0.0,0.0,0.0,0.0,0.0,0.0,0.0,0.0,0.0,0.0,0.01330376940133038,0.03325942350332595,0.05986696230598671,0.19290465631929052,0.911308203991128,4.702882483370289,12.538802660753884,8.607538802660756,2.3348115299334817,0.44567627494456774,0.15964523281596454,4.305487591751136,2.810886849571475,5.055555555555555,2.876576325777693,1.174212083491187,4.3025325119780975,2.8187648119029913,4.31805359661495,2.804836371676711,1.003607429948209,0.4321,0.01642,0.0,0.0,0.0,0.0,0.0,0.0,0.0,0.0,0.0,0.0,0.0,0.6784922394678482,15.159645232815969,13.609756097560979,0.5521064301552108,0.0,0.0,0.0,0.0,0.0,0.0,0.0,0.0,0.0,0.0,0.0,0.0,0.0,0.0,0.0,nan,nan,4.310177144841959,2.8119239364292956,nan,0.4321,0.0861,0.0,0.0,0.0,0.0,0.0,0.0,0.0,0.0,0.0,0.0,0.0,0.0,0.0,0.0,0.0,0.0,0.0,0.0,0.0,0.0,0.0,1.1086474501108647e-05,0.0034811529933481155,0.00022172949002217295,8.869179600886918e-05,0.002394678492239468,0.002793791574279379,0.004301552106430156,0.00442350332594235,0.017250554323725055,0.034212860310421284,0.021662971175166298,0.049623059866962305,0.04492239467849224,0.017671840354767186,0.020221729490022173,0.033625277161862525,0.02165188470066519,0.050133037694013304,0.044135254988913526,0.021751662971175166,0.03559866962305987,0.025776053215077605,0.040521064301552105,0.011618625277161863,0.04129711751662971,0.06310421286031043,0.05152993348115299,0.07220620842572062,0.021995565410199557,0.040121951219512196,0.046019955654101996,0.03776053215077605,0.03258314855875832,0.022560975609756097,0.009878048780487805,0.01203991130820399,0.009611973392461197,0.0013968957871396896,0.00022172949002217295,0.0,1.1086474501108647e-05,0.0008980044345898004,1.1086474501108647e-05,0.009312638580931265,0.003126385809312639,0.003913525498891353,0.0,0.00417960088691796,0.0029711751662971175,0.003991130820399113,0.0002993348115299335,0.0008647450110864745,0.0,0.0,0.0,0.0,0.0,0.0,0.0,0.0,0.0,0.0,0.0,0.0,0.0,0.0,0.0,0.0,0.0,0.0,0.0,0.0,0.0,0.0,0.0,0.0,0.0,0.0,0.0,0.0,nan,nan,4.310177144841959,2.8119239364292956,nan,0.8583439898835381,0.03452654731541854,0.0,0.0,0.0,0.0,0.0,0.0,0.0,0.0,0.0,0.0,0.0,0.0,0.0,0.0,0.0,0.0,0.0,0.0,0.0,0.013134851138353769,0.013134851138353769,0.06567425569176884,0.22329246935201405,0.9457092819614681,4.689141856392295,12.491243432574434,8.682136602451841,2.246059544658494,0.47285464098073565,0.1576182136602452,0.8586635875841142,0.034826564803191726,0.0,0.0,0.0,0.0,0.0,0.0,0.0,0.0,0.0,0.0,0.0,0.0,0.0,0.0,0.0,0.0,0.0,0.0,0.0,0.013477088948787064,0.05390835579514826,0.05390835579514826,0.16172506738544476,0.8760107816711563,4.716981132075473,12.587601078167118,8.530997304582211,2.4258760107816717,0.41778975741239904,0.16172506738544476,0.432,0.01671,0.0,0.0,0.0,0.0,0.0,0.0,0.0,0.0,0.0,0.0,0.0,0.7224168126094561,15.420315236427324,13.226795096322245,0.6304728546409808,0.0,0.0,0.0,0.0,0.0,0.0,0.0,0.0,0.0,0.0,0.0,0.0,0.0,0.0,0.0,0.4326,0.01611,0.0,0.0,0.0,0.0,0.0,0.0,0.0,0.0,0.0,0.0,0.0,0.633423180592991,14.892183288409706,14.002695417789761,0.4716981132075473,0.0,0.0,0.0,0.0,0.0,0.0,0.0,0.0,0.0,0.0,0.0,0.0,0.0,0.0,0.0
78200,4450,2294,0.5155056179775281,1083,881,0.44134831460674157,1253,0.5631460674157304,0.45399999999999996,2.938311688311688,2.9890644423485977,6.313971742543171,2.0408718746214003,6649.800000000002,1.8189894035458565e-12,6649.8,6649.8,6649.800000000001,9.094947017729282e-13,6649.800000000001,9.094947017729282e-13,28.062696629213484,20.887034350623974,32.90724946695096,19.162848036933173,0.13797752808988764,0.09460674157303371,0.10067415730337079,0.0851685393258427,0.08292134831460674,0.07393258426966293,0.06629213483146068,0.060674157303370786,0.05797752808988764,0.05820224719101123,0.0498876404494382,0.038202247191011236,0.0301123595505618,0.027191011235955055,0.01887640449438202,0.010786516853932584,0.00651685393258427,0.8601291664932551,0.03439973067376432,0.0,0.0,0.0,0.0,0.0,0.0,0.0,0.0,0.0,0.0,0.0,0.0,0.0,0.0,0.0,0.0,0.0,0.0,0.0,0.006741573033707867,0.013483146067415734,0.040449438202247195,0.21573033707865175,0.8022471910112335,4.678651685393259,12.208988764044948,8.9123595505618,2.366292134831461,0.6134831460674158,0.1415730337078652,4.2854130052724075,2.797202006457082,3.6153846153846154,1.902971827208151,0.8436490510801535,4.212371134020619,2.7926483408639777,4.354953670705631,2.7938473629855216,1.0338485219247335,0.4324,0.01678,0.0,0.0,0.0,0.0,0.0,0.0,0.0,0.0,0.0,0.0,0.006741573033707867,0.7415730337078641,14.85168539325843,13.712359550561802,0.6876404494382024,0.0,0.0,0.0,0.0,0.0,0.0,0.0,0.0,0.0,0.0,0.0,0.0,0.0,0.0,0.0,nan,nan,4.282365290412876,2.7941463361102983,nan,0.4324,0.086,0.0,0.0,0.0,0.0,0.0,0.0,0.0,0.0,0.0,0.0,0.0,0.0,0.0,0.0,0.0,0.0,0.0,0.0,0.0,0.0,0.0,0.0,0.00398876404494382,0.0003707865168539326,3.370786516853932e-05,0.0023820224719101122,0.0017752808988764045,0.004382022471910113,0.005595505617977528,0.01695505617977528,0.031842696629213484,0.02455056179775281,0.04796629213483146,0.04370786516853933,0.015651685393258428,0.02062921348314607,0.03608988764044944,0.02095505617977528,0.04815730337078652,0.0442247191011236,0.023539325842696628,0.03474157303370787,0.026932584269662923,0.04203370786516854,0.011887640449438202,0.0432247191011236,0.061876404494382024,0.05153932584269663,0.07086516853932584,0.023662921348314606,0.03823595505617978,0.04733707865168539,0.037820224719101125,0.03243820224719101,0.022382022471910113,0.008561797752808988,0.01196629213483146,0.010415730337078651,0.0015955056179775282,0.00024719101123595505,1.1235955056179776e-05,3.370786516853932e-05,0.000955056179775281,0.0,0.00943820224719101,0.002235955056179775,0.004112359550561798,2.2471910112359552e-05,0.00401123595505618,0.0033146067415730338,0.003898876404494382,0.00015730337078651685,0.001202247191011236,0.0,4.4943820224719104e-05,0.0,0.0,0.0,0.0,0.0,0.0,0.0,0.0,0.0,0.0,0.0,0.0,0.0,0.0,0.0,0.0,0.0,0.0,0.0,0.0,0.0,0.0,0.0,0.0,0.0,0.0,nan,nan,4.282365290412876,2.7941463361102983,nan,0.8606902831985105,0.034878153855937614,0.0,0.0,0.0,0.0,0.0,0.0,0.0,0.0,0.0,0.0,0.0,0.0,0.0,0.0,0.0,0.0,0.0,0.0,0.0,0.013077593722755016,0.013077593722755016,0.02615518744551003,0.22231909328683527,0.7846556233652983,4.681778552746295,12.162162162162165,8.76198779424586,2.4978204010462077,0.6538796861377507,0.18308631211857024,0.8595321341547321,0.03387306305480498,0.0,0.0,0.0,0.0,0.0,0.0,0.0,0.0,0.0,0.0,0.0,0.0,0.0,0.0,0.0,0.0,0.0,0.0,0.0,0.0,0.013914656771799632,0.05565862708719853,0.2087198515769945,0.8209647495361756,4.675324675324676,12.258812615955476,9.07235621521336,2.2263450834879412,0.5705009276437849,0.09740259740259744,0.432,0.01685,0.0,0.0,0.0,0.0,0.0,0.0,0.0,0.0,0.0,0.0,0.0,0.9415867480383595,14.895379250217964,13.561464690496951,0.6015693112467307,0.0,0.0,0.0,0.0,0.0,0.0,0.0,0.0,0.0,0.0,0.0,0.0,0.0,0.0,0.0,0.4329,0.0167,0.0,0.0,0.0,0.0,0.0,0.0,0.0,0.0,0.0,0.0,0.013914656771799632,0.5287569573283851,14.805194805194809,13.872912801484233,0.7792207792207795,0.0,0.0,0.0,0.0,0.0,0.0,0.0,0.0,0.0,0.0,0.0,0.0,0.0,0.0,0.0
78300,4324,2188,0.5060129509713228,1023,923,0.45004625346901017,1212,0.5605920444033302,0.474,2.9232209737827715,3.0874738046243806,6.752260397830018,2.045176778461611,6649.800000000002,1.8189894035458565e-12,6649.8,6649.8,6649.800000000001,9.094947017729282e-13,6649.800000000001,9.094947017729282e-13,27.538852913968547,20.929347209896196,32.61596009975062,19.192436113266933,0.14754856614246067,0.09875115633672525,0.09551341350601295,0.08533765032377429,0.0818686401480111,0.07377428307123034,0.07123034227567067,0.06521739130434782,0.05504162812210916,0.05041628122109158,0.04440333024976873,0.03214616096207216,0.0349213691026827,0.028677150786308975,0.019888991674375578,0.008325624421831638,0.006938020351526364,0.8597525866438568,0.035177002334050265,0.0,0.0,0.0,0.0,0.0,0.0,0.0,0.0,0.0,0.0,0.0,0.0,0.0,0.0,0.0,0.0,0.0,0.0,0.0,0.0,0.0,0.020814061054579096,0.284458834412581,1.0060129509713196,4.475023126734506,12.079093432007404,9.040240518038855,2.275670675300648,0.6313598519888993,0.18732654949121189,4.314754098360655,2.8683342753459486,5.125,2.8476964374736293,1.187784954407295,4.362968405584129,2.8700349079743797,4.272270114942529,2.866499129665183,0.9792117929331058,0.4316,0.01704,0.0,0.0,0.0,0.0,0.0,0.0,0.0,0.0,0.0,0.0,0.0,0.9643848288621631,15.242830712303427,13.216928769657727,0.5758556891766884,0.0,0.0,0.0,0.0,0.0,0.0,0.0,0.0,0.0,0.0,0.0,0.0,0.0,0.0,0.0,nan,nan,4.31710860879041,2.868606090504492,nan,0.4316,0.08563,0.0,0.0,0.0,0.0,0.0,0.0,0.0,0.0,0.0,0.0,0.0,0.0,0.0,0.0,0.0,0.0,0.0,0.0,0.0,0.0,0.0,0.0,0.0037002775208140612,0.0003469010175763182,0.00010407030527289546,0.002173913043478261,0.0020351526364477336,0.0049722479185938945,0.006313598519888991,0.01698658649398705,0.03482886216466235,0.025092506938020353,0.045744680851063826,0.04401017576318224,0.014777983348751156,0.017946345975948196,0.03580018501387604,0.020871877890841814,0.04899398704902868,0.0441836262719704,0.025185013876040704,0.03556891766882516,0.02969472710453284,0.04249537465309898,0.012580943570767807,0.03967391304347826,0.06135522664199815,0.052451433857539316,0.07054810360777058,0.02282608695652174,0.0384481961147086,0.04673913043478261,0.03922294172062905,0.03233117483811286,0.022456059204440333,0.00671831637372803,0.012523126734505088,0.010326086956521738,0.0016073080481036077,0.00023126734505087883,1.156336725254394e-05,4.625346901017576e-05,0.0007631822386679001,3.469010175763182e-05,0.008973172987974098,0.002567067530064755,0.004486586493987049,4.625346901017576e-05,0.0033302497687326548,0.002543940795559667,0.0043131359851988895,0.0,0.0010175763182238668,0.0,0.0,0.0,0.0,0.0,0.0,0.0,0.0,0.0,0.0,0.0,0.0,0.0,0.0,0.0,0.0,0.0,0.0,0.0,0.0,0.0,0.0,0.0,0.0,0.0,0.0,0.0,0.0,nan,nan,4.31710860879041,2.868606090504492,nan,0.8598588693076558,0.035961836908386655,0.0,0.0,0.0,0.0,0.0,0.0,0.0,0.0,0.0,0.0,0.0,0.0,0.0,0.0,0.0,0.0,0.0,0.0,0.0,0.0,0.0,0.04113345521023767,0.2879341864716637,1.0009140767824467,4.456124314442414,12.326325411334555,8.857404021937844,2.029250457038392,0.7129798903107863,0.2879341864716637,0.8596437165743849,0.03435413566861834,0.0,0.0,0.0,0.0,0.0,0.0,0.0,0.0,0.0,0.0,0.0,0.0,0.0,0.0,0.0,0.0,0.0,0.0,0.0,0.0,0.0,0.0,0.28089887640449446,1.0112359550561765,4.494382022471911,11.825842696629216,9.227528089887642,2.52808988764045,0.5477528089887641,0.08426966292134833,0.4316,0.01746,0.0,0.0,0.0,0.0,0.0,0.0,0.0,0.0,0.0,0.0,0.0,0.9597806215722106,15.164533820840955,13.258683729433276,0.617001828153565,0.0,0.0,0.0,0.0,0.0,0.0,0.0,0.0,0.0,0.0,0.0,0.0,0.0,0.0,0.0,0.4316,0.01662,0.0,0.0,0.0,0.0,0.0,0.0,0.0,0.0,0.0,0.0,0.0,0.9691011235955042,15.323033707865171,13.174157303370789,0.5337078651685394,0.0,0.0,0.0,0.0,0.0,0.0,0.0,0.0,0.0,0.0,0.0,0.0,0.0,0.0,0.0
78400,4555,2315,0.5082327113062569,1080,942,0.4439077936333699,1302,0.5716794731064764,0.44999999999999996,2.9066964285714287,3.0561340215776513,6.541195476575121,2.1252005570461723,6649.800000000002,1.8189894035458565e-12,6649.8,6649.8,6649.800000000002,1.8189894035458565e-12,6649.800000000002,1.8189894035458565e-12,27.71569703622393,20.839625072011778,32.70889063729347,19.10840380263215,0.1411635565312843,0.10625686059275521,0.09088913282107575,0.0849615806805708,0.07881448957189902,0.07815587266739846,0.06783754116355653,0.06366630076838639,0.05642151481888035,0.054665203073545554,0.04873765093304062,0.036223929747530186,0.0300768386388584,0.025686059275521405,0.019758507135016465,0.010098792535675083,0.006586169045005488,0.8594552187181592,0.03461898903911766,0.0,0.0,0.0,0.0,0.0,0.0,0.0,0.0,0.0,0.0,0.0,0.0,0.0,0.0,0.0,0.0,0.0,0.0,0.0,0.00658616904500549,0.00658616904500549,0.01317233809001098,0.23051591657519216,1.0735455543358912,4.478594950603733,12.111964873765096,9.055982436882548,2.4105378704720093,0.4478594950603733,0.16465422612513725,4.369129834254144,2.8678538503382582,4.833333333333333,2.5440562537456244,1.1062462130193103,4.471879286694102,2.916222429514762,4.267313019390581,2.813306477110488,0.9542549666060532,0.4324,0.0167,0.0,0.0,0.0,0.0,0.0,0.0,0.0,0.0,0.0,0.0,0.0,0.7837541163556521,14.832052689352363,13.784851811196491,0.5993413830954996,0.0,0.0,0.0,0.0,0.0,0.0,0.0,0.0,0.0,0.0,0.0,0.0,0.0,0.0,0.0,nan,nan,4.370089593383873,2.867299640491332,nan,0.4324,0.08575,0.0,0.0,0.0,0.0,0.0,0.0,0.0,0.0,0.0,0.0,0.0,0.0,0.0,0.0,0.0,0.0,0.0,0.0,0.0,0.0,0.0,0.0,0.0035236004390779363,0.0003841931942919868,1.0976948408342481e-05,0.002733260153677278,0.002557628979143798,0.005268935236004391,0.007069154774972558,0.015510428100987926,0.03275521405049396,0.025192096597145993,0.045784851811196486,0.04430296377607025,0.013929747530186607,0.018090010976948408,0.03410537870472009,0.020548847420417123,0.05230515916575192,0.04428100987925357,0.02287596048298573,0.03145993413830955,0.028748627881448958,0.04188803512623491,0.01350164654226125,0.040680570801317234,0.06319429198682766,0.05446761800219539,0.07331503841931943,0.021877058177826564,0.03914379802414929,0.04469813391877058,0.0413172338090011,0.03236004390779363,0.02141602634467618,0.007376509330406147,0.012425905598243688,0.009549945115257958,0.0020856201975850714,0.00018660812294182217,1.0976948408342481e-05,1.0976948408342481e-05,0.0005488474204171241,0.0,0.010537870472008782,0.0024588364434687156,0.004259055982436882,3.2930845225027445e-05,0.0036004390779363336,0.0023161361141602636,0.003699231613611416,0.0,0.0015697036223929748,0.0,3.2930845225027445e-05,0.0,0.0,0.0,0.0,0.0,0.0,0.0,0.0,0.0,0.0,0.0,0.0,0.0,0.0,0.0,0.0,0.0,0.0,0.0,0.0,0.0,0.0,0.0,0.0,0.0,0.0,nan,nan,4.370089593383873,2.867299640491332,nan,0.8600051820664375,0.03425796004674151,0.0,0.0,0.0,0.0,0.0,0.0,0.0,0.0,0.0,0.0,0.0,0.0,0.0,0.0,0.0,0.0,0.0,0.0,0.0,0.012958963282937368,0.0,0.012958963282937368,0.2073434125269979,0.9719222462202994,4.367170626349893,12.272138228941687,9.136069114470844,2.4103671706263503,0.4276457883369331,0.18142548596112315,0.8588868414184877,0.034979106969925754,0.0,0.0,0.0,0.0,0.0,0.0,0.0,0.0,0.0,0.0,0.0,0.0,0.0,0.0,0.0,0.0,0.0,0.0,0.0,0.0,0.013392857142857146,0.013392857142857146,0.25446428571428575,1.1785714285714248,4.593750000000001,11.946428571428575,8.973214285714286,2.410714285714286,0.4687500000000001,0.1473214285714286,0.4324,0.01668,0.0,0.0,0.0,0.0,0.0,0.0,0.0,0.0,0.0,0.0,0.0,0.712742980561554,14.980561555075598,13.619870410367174,0.6868250539956805,0.0,0.0,0.0,0.0,0.0,0.0,0.0,0.0,0.0,0.0,0.0,0.0,0.0,0.0,0.0,0.4324,0.0167,0.0,0.0,0.0,0.0,0.0,0.0,0.0,0.0,0.0,0.0,0.0,0.8571428571428559,14.678571428571432,13.955357142857146,0.5089285714285715,0.0,0.0,0.0,0.0,0.0,0.0,0.0,0.0,0.0,0.0,0.0,0.0,0.0,0.0,0.0
78500,4524,2275,0.5028735632183908,1017,991,0.4438549955791335,1267,0.5601237842617153,0.44599999999999995,2.9035126722987994,3.039978341897122,6.465732087227415,2.077826156274721,6649.800000000002,1.8189894035458565e-12,6649.8,6649.8,6649.800000000002,1.8189894035458565e-12,6649.800000000001,9.094947017729282e-13,27.975906277630415,20.859919590219008,32.69725490196078,19.22948050699789,0.1306366047745358,0.10101679929266136,0.10145888594164457,0.08952254641909814,0.08045977011494253,0.07449160035366932,0.0687444739168877,0.061229000884173296,0.0605658709106985,0.053271441202475685,0.04553492484526967,0.036251105216622455,0.03072502210433245,0.029177718832891247,0.01900972590627763,0.011273209549071617,0.006631299734748011,0.8589470550404725,0.03439547474356816,0.0,0.0,0.0,0.0,0.0,0.0,0.0,0.0,0.0,0.0,0.0,0.0,0.0,0.0,0.0,0.0,0.0,0.0,0.0,0.0,0.0,0.026525198938992047,0.2320954907161804,0.9482758620689625,4.787798408488064,12.506631299734751,8.527851458885943,2.274535809018568,0.47082228116710884,0.22546419098143242,4.246206896551724,2.8040739005868653,3.933333333333333,2.7438820836342237,0.9263169292404309,4.238292011019284,2.8359108715196593,4.250854408749146,2.77166312795514,1.00296402364377,0.4333,0.01712,0.0,0.0,0.0,0.0,0.0,0.0,0.0,0.0,0.0,0.0,0.0,0.6763925729442961,14.005305039787801,14.602122015915123,0.7095490716180374,0.006631299734748012,0.0,0.0,0.0,0.0,0.0,0.0,0.0,0.0,0.0,0.0,0.0,0.0,0.0,0.0,nan,nan,4.244596912521441,2.803856839018817,nan,0.4333,0.08624,0.0,0.0,0.0,0.0,0.0,0.0,0.0,0.0,0.0,0.0,0.0,0.0,0.0,0.0,0.0,0.0,0.0,0.0,0.0,0.0,1.1052166224580018e-05,1.1052166224580018e-05,0.0036803713527851457,0.0004310344827586207,0.0,0.002398320070733864,0.002674624226348364,0.005183465959328028,0.006620247568523431,0.014367816091954023,0.03322281167108753,0.02583996463306808,0.04526967285587975,0.042771883289124665,0.01303050397877984,0.01855658709106985,0.032327586206896554,0.022535366931918654,0.05072944297082228,0.045800176834659596,0.021651193633952254,0.032360742705570295,0.03102343059239611,0.040307250221043325,0.01224580017683466,0.04351237842617153,0.05993589743589744,0.053636162687886825,0.0747236958443855,0.022071175950486296,0.03720159151193634,0.04622015915119363,0.042374005305039784,0.03187444739168877,0.01951812555260831,0.008454907161803714,0.014688328912466844,0.009129089301503095,0.002033598585322723,0.00022104332449160034,0.0,0.0,0.0007957559681697613,0.0,0.011571618037135278,0.0020667550839964634,0.0055371352785145884,6.63129973474801e-05,0.003702475685234306,0.0029730327144120248,0.0033045977011494252,0.0,0.0011383731211317418,0.0,0.0001989389920424403,0.0,0.0,0.0,0.0,0.0,0.0,0.0,0.0,0.0,0.0,0.0,0.0,0.0,0.0,0.0,0.0,0.0,0.0,0.0,0.0,0.0,0.0,0.0,0.0,0.0,0.0,nan,nan,4.244596912521441,2.803856839018817,nan,0.8591401107756647,0.0350372994875584,0.0,0.0,0.0,0.0,0.0,0.0,0.0,0.0,0.0,0.0,0.0,0.0,0.0,0.0,0.0,0.0,0.0,0.0,0.0,0.0,0.0,0.02637362637362638,0.2241758241758242,1.002197802197799,4.668131868131869,12.514285714285718,8.465934065934068,2.307692307692308,0.5670329670329671,0.2241758241758242,0.85875176744707,0.033732684220057436,0.0,0.0,0.0,0.0,0.0,0.0,0.0,0.0,0.0,0.0,0.0,0.0,0.0,0.0,0.0,0.0,0.0,0.0,0.0,0.0,0.0,0.026678523788350384,0.24010671409515344,0.893730546909735,4.90884837705647,12.498888394842155,8.590484659848823,2.240995998221432,0.3734993330369054,0.22676745220097827,0.4336,0.01672,0.0,0.0,0.0,0.0,0.0,0.0,0.0,0.0,0.0,0.0,0.0,0.5670329670329662,13.925274725274729,14.835164835164838,0.6593406593406594,0.01318681318681319,0.0,0.0,0.0,0.0,0.0,0.0,0.0,0.0,0.0,0.0,0.0,0.0,0.0,0.0,0.4333,0.01752,0.0,0.0,0.0,0.0,0.0,0.0,0.0,0.0,0.0,0.0,0.0,0.7870164517563351,14.086260560249002,14.366385060026682,0.7603379279679859,0.0,0.0,0.0,0.0,0.0,0.0,0.0,0.0,0.0,0.0,0.0,0.0,0.0,0.0,0.0
78600,4408,2273,0.5156533575317604,1058,898,0.4437386569872958,1259,0.5712341197822142,0.498,3.113817330210773,3.0705477384236413,6.435582822085889,2.0952379832206858,6649.800000000001,9.094947017729282e-13,6649.8,6649.8,6649.800000000001,9.094947017729282e-13,6649.800000000001,9.094947017729282e-13,28.035390199637025,21.048268349874416,33.01296946771143,19.301777112314678,0.13747731397459165,0.10458257713248639,0.09006352087114337,0.08734119782214156,0.08212341197822141,0.07395644283121597,0.06420145190562614,0.06692377495462795,0.05784936479128856,0.04945553539019964,0.04809437386569873,0.04196914700544464,0.031987295825771325,0.025181488203266787,0.02019056261343013,0.011343012704174229,0.007259528130671506,0.8582007313677923,0.03351354617771408,0.0,0.0,0.0,0.0,0.0,0.0,0.0,0.0,0.0,0.0,0.0,0.0,0.0,0.0,0.0,0.0,0.0,0.0,0.0,0.0,0.0,0.04083484573502723,0.25181488203266794,0.9732304900181458,5.077132486388385,11.882940108892925,9.07214156079855,2.2050816696914706,0.4355716878402905,0.06125226860254085,4.459640465280225,2.851427907467073,3.888888888888889,2.078698548207745,0.8720184775353919,4.411181882519462,2.8550873785784385,4.503838101884159,2.8432200289277243,1.0210048512694234,0.4326,0.0165,0.0,0.0,0.0,0.0,0.0,0.0,0.0,0.0,0.0,0.0,0.0,0.7418330308529936,14.6937386569873,14.101633393829404,0.4627949183303086,0.0,0.0,0.0,0.0,0.0,0.0,0.0,0.0,0.0,0.0,0.0,0.0,0.0,0.0,0.0,nan,nan,4.457835558678847,2.8494947997598734,nan,0.4326,0.0862,0.0,0.0,0.0,0.0,0.0,0.0,0.0,0.0,0.0,0.0,0.0,0.0,0.0,0.0,0.0,0.0,0.0,0.0,0.0,0.0,2.2686025408348456e-05,2.2686025408348456e-05,0.004117513611615245,0.0007599818511796734,1.1343012704174228e-05,0.0020077132486388386,0.0031987295825771324,0.005501361161524501,0.005705535390199637,0.015063520871143375,0.03189655172413793,0.02586206896551724,0.046631125226860255,0.04373865698729583,0.0143489110707804,0.019668784029038114,0.030410617059891107,0.023593466424682397,0.0547980943738657,0.04573502722323049,0.02124546279491833,0.031204627949183304,0.028867967332123413,0.04170825771324864,0.012874319419237749,0.04284255898366606,0.057282214156079855,0.05058983666061706,0.07590744101633394,0.020247277676951,0.0382486388384755,0.04736842105263158,0.042150635208711436,0.03125,0.02073502722323049,0.009993194192377496,0.013634301270417423,0.008212341197822142,0.0019623411978221417,0.00014745916515426498,3.402903811252269e-05,0.0,0.0009754990925589837,1.1343012704174228e-05,0.011705989110707804,0.001780852994555354,0.005807622504537205,0.0,0.003470961887477314,0.0025068058076225044,0.0030626134301270417,0.0,0.0008734119782214156,0.0,0.00020417422867513612,0.0,0.0,0.0,0.0,0.0,0.0,0.0,0.0,0.0,0.0,0.0,0.0,0.0,0.0,0.0,0.0,0.0,0.0,0.0,0.0,0.0,0.0,0.0,0.0,0.0,0.0,nan,nan,4.457835558678847,2.8494947997598734,nan,0.858998605164462,0.033641048463478415,0.0,0.0,0.0,0.0,0.0,0.0,0.0,0.0,0.0,0.0,0.0,0.0,0.0,0.0,0.0,0.0,0.0,0.0,0.0,0.0,0.0,0.026396832380114393,0.18477782666080075,0.9766827980642293,5.028596568411792,11.984161900571934,8.935327760668722,2.2569291684997803,0.5015398152221734,0.10558732952045757,0.8573512854006586,0.03335629863154985,0.0,0.0,0.0,0.0,0.0,0.0,0.0,0.0,0.0,0.0,0.0,0.0,0.0,0.0,0.0,0.0,0.0,0.0,0.0,0.0,0.0,0.05620608899297425,0.3231850117096019,0.9695550351288026,5.1288056206089,11.775175644028106,9.217798594847777,2.1498829039812652,0.3653395784543327,0.014051522248243563,0.432,0.0168,0.0,0.0,0.0,0.0,0.0,0.0,0.0,0.0,0.0,0.0,0.0,0.8710954685437734,14.96700395952486,13.69995600527937,0.46194456665200184,0.0,0.0,0.0,0.0,0.0,0.0,0.0,0.0,0.0,0.0,0.0,0.0,0.0,0.0,0.0,0.433,0.01614,0.0,0.0,0.0,0.0,0.0,0.0,0.0,0.0,0.0,0.0,0.0,0.6042154566744722,14.402810304449652,14.529274004683844,0.4637002341920376,0.0,0.0,0.0,0.0,0.0,0.0,0.0,0.0,0.0,0.0,0.0,0.0,0.0,0.0,0.0
78700,4648,2388,0.5137693631669535,1123,976,0.451592082616179,1319,0.5675559380378657,0.47,2.981858407079646,3.092687363830027,6.6557911908646,2.0580371797105244,6649.800000000001,9.094947017729282e-13,6649.8,6649.8,6649.800000000001,9.094947017729282e-13,6649.800000000002,1.8189894035458565e-12,27.639414802065403,20.612729277400295,32.5249807840123,18.879917159190168,0.13919965576592083,0.10047332185886403,0.09122203098106713,0.09487951807228916,0.08390705679862306,0.06927710843373494,0.0690619621342513,0.06497418244406196,0.056583476764199656,0.05228055077452668,0.04991394148020654,0.04216867469879518,0.03098106712564544,0.02495697074010327,0.01333907056798623,0.01161790017211704,0.0051635111876075735,0.8591710576425321,0.03463444146225509,0.0,0.0,0.0,0.0,0.0,0.0,0.0,0.0,0.0,0.0,0.0,0.0,0.0,0.0,0.0,0.0,0.0,0.0,0.0,0.0,0.0,0.019363166953528403,0.20654044750430298,1.071428571428568,4.782702237521516,11.940619621342517,8.84896729776248,2.4333046471600692,0.5550774526678142,0.1419965576592083,4.330534094726234,2.88071871110417,2.5714285714285716,2.5555062599997598,0.5937901688754932,4.352901934623082,2.8974368001845416,4.299663299663299,2.864581086731147,0.9877693925203502,0.4329,0.01666,0.0,0.0,0.0,0.0,0.0,0.0,0.0,0.0,0.0,0.0,0.0,0.7745266781411349,14.735370051635115,13.799483648881242,0.6906196213425131,0.0,0.0,0.0,0.0,0.0,0.0,0.0,0.0,0.0,0.0,0.0,0.0,0.0,0.0,0.0,nan,nan,4.326407506702413,2.881255817047151,nan,0.4329,0.08636,0.0,0.0,0.0,0.0,0.0,0.0,0.0,0.0,0.0,0.0,0.0,0.0,0.0,0.0,0.0,0.0,0.0,0.0,0.0,0.0,1.0757314974182445e-05,0.000193631669535284,0.004066265060240964,0.0006992254733218589,5.378657487091222e-05,0.0016458691910499138,0.0037973321858864027,0.004969879518072289,0.005991824440619621,0.014898881239242686,0.031163941480206542,0.027033132530120484,0.04962349397590361,0.04257745266781411,0.013242254733218588,0.018158347676419967,0.02927065404475043,0.026151032702237523,0.05212994836488812,0.04344879518072289,0.021858864027538727,0.0322934595524957,0.02918459552495697,0.04123278829604131,0.011833046471600689,0.04375,0.05591652323580035,0.053614457831325305,0.07676419965576592,0.022203098106712563,0.0366394148020654,0.04670826161790017,0.043900602409638556,0.029238382099827882,0.020051635111876076,0.00976764199655766,0.0131131669535284,0.009627796901893287,0.0020116179001721172,0.00011833046471600689,5.378657487091222e-05,0.0,0.000774526678141136,2.151462994836489e-05,0.01254302925989673,0.0017964716006884682,0.005636833046471601,2.151462994836489e-05,0.0033132530120481927,0.0030228055077452668,0.0028291738382099827,0.0,0.0008175559380378658,0.0,0.0002151462994836489,0.0,0.0,0.0,0.0,0.0,0.0,0.0,0.0,0.0,0.0,0.0,0.0,0.0,0.0,0.0,0.0,0.0,0.0,0.0,0.0,0.0,0.0,0.0,0.0,0.0,0.0,nan,nan,4.326407506702413,2.881255817047151,nan,0.8599056452512741,0.03523988043431307,0.0,0.0,0.0,0.0,0.0,0.0,0.0,0.0,0.0,0.0,0.0,0.0,0.0,0.0,0.0,0.0,0.0,0.0,0.0,0.0,0.0,0.025125628140703522,0.20100502512562818,1.0427135678391928,4.71105527638191,12.085427135678396,8.429648241206031,2.738693467336684,0.577889447236181,0.18844221105527642,0.858394865071879,0.03396573606672977,0.0,0.0,0.0,0.0,0.0,0.0,0.0,0.0,0.0,0.0,0.0,0.0,0.0,0.0,0.0,0.0,0.0,0.0,0.0,0.0,0.0,0.013274336283185844,0.2123893805309735,1.1017699115044213,4.858407079646018,11.78761061946903,9.292035398230091,2.110619469026549,0.5309734513274337,0.0929203539823009,0.4326,0.01659,0.0,0.0,0.0,0.0,0.0,0.0,0.0,0.0,0.0,0.0,0.0,0.8417085427135667,14.886934673366838,13.655778894472364,0.6155778894472362,0.0,0.0,0.0,0.0,0.0,0.0,0.0,0.0,0.0,0.0,0.0,0.0,0.0,0.0,0.0,0.433,0.01675,0.0,0.0,0.0,0.0,0.0,0.0,0.0,0.0,0.0,0.0,0.0,0.7035398230088485,14.575221238938056,13.951327433628322,0.769911504424779,0.0,0.0,0.0,0.0,0.0,0.0,0.0,0.0,0.0,0.0,0.0,0.0,0.0,0.0,0.0
78800,4838,2507,0.5181893344357172,1206,991,0.4541132699462588,1375,0.5684167011161637,0.46199999999999997,3.045045045045045,3.0821910138483295,6.603658536585366,2.123098582430832,6649.800000000002,1.8189894035458565e-12,6649.8,6649.8,6649.800000000002,1.8189894035458565e-12,6649.800000000002,1.8189894035458565e-12,27.372881355932204,20.30804178109294,32.4767701863354,18.43985743880182,0.1430343116990492,0.1016949152542373,0.0909466721785862,0.08371227780074411,0.07895824720959074,0.0791649441918148,0.07689127738735015,0.06676312525837123,0.05890863993385696,0.050227366680446466,0.0454733360892931,0.03927242662257131,0.034518396031417944,0.024183546920214963,0.014468788755684168,0.008887970235634559,0.0028937577511368336,0.8605687157607068,0.03545244739075679,0.0,0.0,0.0,0.0,0.0,0.0,0.0,0.0,0.0,0.0,0.0,0.0,0.0,0.0,0.0,0.0,0.0,0.0,0.0,0.0,0.0,0.03720545680033072,0.21083092186854077,1.0045473336089261,4.483257544439852,11.843737081438613,9.084332368747418,2.4989665150888802,0.6324927656056223,0.20463001240181897,4.367022999676061,2.841633810865236,4.666666666666667,2.3921166824012206,1.068615087901491,4.316129032258065,2.811393498375052,4.420271142672692,2.8675747278774297,1.0241285906042858,0.4324,0.01709,0.0,0.0,0.0,0.0,0.0,0.0,0.0,0.0,0.0,0.0,0.0,0.8123191401405528,14.950392724266228,13.474576271186443,0.7627118644067798,0.0,0.0,0.0,0.0,0.0,0.0,0.0,0.0,0.0,0.0,0.0,0.0,0.0,0.0,0.0,nan,nan,4.368183284930622,2.8400913769331715,nan,0.4324,0.0868,0.0,0.0,0.0,0.0,0.0,0.0,0.0,0.0,0.0,0.0,0.0,0.0,0.0,0.0,0.0,0.0,0.0,0.0,0.0,0.0,0.0,8.267879288962381e-05,0.004454319966928483,0.0004857379082265399,0.0,0.001808598594460521,0.004599007854485324,0.005405126085159156,0.006066556428276147,0.01503720545680033,0.031862339809838776,0.02532038032244729,0.05072343943778421,0.04256924348904506,0.013135593220338982,0.018985117817279868,0.030115750310045472,0.027831748656469615,0.05150888797023563,0.04463621331128566,0.022488631665977678,0.03494212484497727,0.026787928896238114,0.038941711451012814,0.011802397684993799,0.04283794956593634,0.05170525010334849,0.050062009094667216,0.07720132286068623,0.021620504340636625,0.038342290202563044,0.048635799917321205,0.044284828441504755,0.031056221579164944,0.018737081438610997,0.009725093013642001,0.014014055394791235,0.00899131872674659,0.0021289789169078133,0.0001860272840016536,3.100454733360893e-05,2.0669698222405953e-05,0.0007441091360066144,6.200909466721785e-05,0.011668044646548161,0.0017982637453493179,0.005787515502273667,9.30136420008268e-05,0.003431169904919388,0.0034725093013642,0.0028524183546920216,0.0,0.0007027697395618024,0.0,0.0002170318313352625,0.0,0.0,0.0,0.0,0.0,0.0,0.0,0.0,0.0,0.0,0.0,0.0,0.0,0.0,0.0,0.0,0.0,0.0,0.0,0.0,0.0,0.0,0.0,0.0,0.0,0.0,nan,nan,4.368183284930622,2.8400913769331715,nan,0.8609655395798061,0.03531088644515752,0.0,0.0,0.0,0.0,0.0,0.0,0.0,0.0,0.0,0.0,0.0,0.0,0.0,0.0,0.0,0.0,0.0,0.0,0.0,0.0,0.0,0.023932987634623062,0.2512963701635421,0.9094535301156732,4.475468687674512,11.786996410051858,9.190267251695255,2.4291982449142404,0.7179896290386918,0.21539688871160753,0.8601419301260085,0.035599131935824,0.0,0.0,0.0,0.0,0.0,0.0,0.0,0.0,0.0,0.0,0.0,0.0,0.0,0.0,0.0,0.0,0.0,0.0,0.0,0.0,0.0,0.05148005148005149,0.16731016731016735,1.1068211068211034,4.491634491634493,11.904761904761909,8.970398970398971,2.5740025740025745,0.5405405405405407,0.1930501930501931,0.4321,0.01694,0.0,0.0,0.0,0.0,0.0,0.0,0.0,0.0,0.0,0.0,0.0,0.8735540486637402,14.814519345831675,13.665735939369767,0.6461906661348227,0.0,0.0,0.0,0.0,0.0,0.0,0.0,0.0,0.0,0.0,0.0,0.0,0.0,0.0,0.0,0.4326,0.01724,0.0,0.0,0.0,0.0,0.0,0.0,0.0,0.0,0.0,0.0,0.0,0.7464607464607453,15.096525096525099,13.268983268983272,0.8880308880308883,0.0,0.0,0.0,0.0,0.0,0.0,0.0,0.0,0.0,0.0,0.0,0.0,0.0,0.0,0.0
78900,4800,2430,0.50625,1137,1030,0.45145833333333335,1378,0.5741666666666667,0.45799999999999996,2.933333333333333,3.022801301351825,6.438759689922481,2.111919295994452,6649.800000000002,1.8189894035458565e-12,6649.8,6649.8,6649.800000000001,9.094947017729282e-13,6649.800000000001,9.094947017729282e-13,27.657708333333332,20.69811089805695,32.690832087693074,18.89461056955643,0.14479166666666668,0.09833333333333333,0.0925,0.08354166666666667,0.08145833333333333,0.076875,0.06958333333333333,0.06916666666666667,0.059166666666666666,0.04791666666666667,0.043333333333333335,0.04083333333333333,0.034583333333333334,0.02666666666666667,0.015208333333333334,0.010208333333333333,0.005833333333333334,0.8621376708522439,0.03415089451936878,0.0,0.0,0.0,0.0,0.0,0.0,0.0,0.0,0.0,0.0,0.0,0.0,0.0,0.0,0.0,0.0,0.0,0.0,0.0,0.0,0.006250000000000001,0.056250000000000015,0.15625000000000003,0.8312499999999975,3.937500000000001,12.062500000000004,9.350000000000001,2.8875000000000006,0.5875000000000001,0.12500000000000003,4.292412894822533,2.7948068567392115,4.384615384615385,3.4538375877913303,1.0214803403242185,4.258507853403142,2.7755110606596554,4.326478149100257,2.819340692615784,1.0159610591401864,0.432,0.01707,0.0,0.0,0.0,0.0,0.0,0.0,0.0,0.0,0.0,0.0,0.006250000000000001,0.8062499999999989,15.368750000000004,13.062500000000004,0.7562500000000002,0.0,0.0,0.0,0.0,0.0,0.0,0.0,0.0,0.0,0.0,0.0,0.0,0.0,0.0,0.0,nan,nan,4.292801556420233,2.797917061226461,nan,0.432,0.08704,0.0,0.0,0.0,0.0,0.0,0.0,0.0,0.0,0.0,0.0,0.0,0.0,0.0,0.0,0.0,0.0,0.0,0.0,0.0,1.0416666666666666e-05,0.0,7.291666666666667e-05,0.0050416666666666665,0.0007708333333333333,3.125e-05,0.0021458333333333334,0.00415625,0.006270833333333333,0.007166666666666667,0.0145625,0.03145833333333333,0.024625,0.048114583333333336,0.04033333333333333,0.013927083333333333,0.022177083333333333,0.03241666666666667,0.029270833333333333,0.046875,0.04685416666666667,0.023614583333333335,0.0358125,0.026979166666666665,0.03929166666666667,0.012427083333333333,0.03745833333333334,0.05353125,0.051041666666666666,0.07877083333333333,0.0211875,0.03655208333333333,0.04939583333333333,0.04159375,0.030354166666666668,0.020104166666666666,0.007895833333333333,0.0150625,0.008802083333333334,0.0022083333333333334,2.0833333333333333e-05,5.208333333333334e-05,0.0,0.00096875,0.0,0.012354166666666666,0.002364583333333333,0.005239583333333333,5.208333333333334e-05,0.0031979166666666666,0.0035416666666666665,0.0028333333333333335,0.0,0.0007291666666666667,0.0,0.00028125,0.0,0.0,0.0,0.0,0.0,0.0,0.0,0.0,0.0,0.0,0.0,0.0,0.0,0.0,0.0,0.0,0.0,0.0,0.0,0.0,0.0,0.0,0.0,0.0,0.0,0.0,nan,nan,4.292801556420233,2.797917061226461,nan,0.8630555072929633,0.033219274088705404,0.0,0.0,0.0,0.0,0.0,0.0,0.0,0.0,0.0,0.0,0.0,0.0,0.0,0.0,0.0,0.0,0.0,0.0,0.0,0.0,0.0,0.024691358024691364,0.11111111111111113,0.7777777777777753,3.7901234567901243,11.975308641975312,9.71604938271605,2.9259259259259265,0.580246913580247,0.09876543209876545,0.8611965980459366,0.03505547889424168,0.0,0.0,0.0,0.0,0.0,0.0,0.0,0.0,0.0,0.0,0.0,0.0,0.0,0.0,0.0,0.0,0.0,0.0,0.0,0.0,0.012658227848101269,0.08860759493670889,0.2025316455696203,0.8860759493670859,4.088607594936709,12.151898734177218,8.974683544303799,2.8481012658227858,0.5949367088607596,0.15189873417721522,0.432,0.01721,0.0,0.0,0.0,0.0,0.0,0.0,0.0,0.0,0.0,0.0,0.012345679012345682,0.8888888888888876,15.086419753086423,13.308641975308644,0.7037037037037039,0.0,0.0,0.0,0.0,0.0,0.0,0.0,0.0,0.0,0.0,0.0,0.0,0.0,0.0,0.0,0.4321,0.01692,0.0,0.0,0.0,0.0,0.0,0.0,0.0,0.0,0.0,0.0,0.0,0.7215189873417711,15.65822784810127,12.810126582278484,0.8101265822784812,0.0,0.0,0.0,0.0,0.0,0.0,0.0,0.0,0.0,0.0,0.0,0.0,0.0,0.0,0.0
79000,4878,2438,0.4997949979499795,1144,1049,0.44956949569495697,1407,0.5768757687576875,0.45399999999999996,2.8975409836065573,3.076909326323853,6.690548780487805,2.045288086646124,6649.800000000001,9.094947017729282e-13,6649.8,6649.8,6649.800000000001,9.094947017729282e-13,6649.800000000001,9.094947017729282e-13,27.7129971299713,20.709307060601787,32.600878262990975,18.978969350026095,0.14042640426404265,0.0998359983599836,0.0963509635096351,0.08835588355883559,0.07892578925789258,0.07257072570725707,0.06888068880688807,0.06703567035670356,0.058015580155801556,0.04858548585485855,0.05145551455514555,0.03895038950389504,0.033210332103321034,0.025420254202542025,0.015170151701517014,0.01025010250102501,0.006560065600656006,0.862260536819562,0.03428469825988982,0.0,0.0,0.0,0.0,0.0,0.0,0.0,0.0,0.0,0.0,0.0,0.0,0.0,0.0,0.0,0.0,0.0,0.0,0.0,0.0,0.0,0.018450184501845022,0.17220172201722023,0.947109471094708,4.0159901599016,11.931119311193115,9.415744157441576,2.6998769987699887,0.6396063960639609,0.15990159901599021,4.32512,2.8506099322074916,4.875,2.8476964374736293,1.1271363569103285,4.362770012706481,2.8849011402096782,4.289929441949968,2.815351471448308,0.9833040544093854,0.432,0.01752,0.0,0.0,0.0,0.0,0.0,0.0,0.0,0.0,0.0,0.0,0.0,0.9778597785977845,14.901599015990163,13.37638376383764,0.7441574415744159,0.0,0.0,0.0,0.0,0.0,0.0,0.0,0.0,0.0,0.0,0.0,0.0,0.0,0.0,0.0,nan,nan,4.32652409830833,2.850737572476207,nan,0.432,0.0868,0.0,0.0,0.0,0.0,0.0,0.0,0.0,0.0,0.0,0.0,0.0,0.0,0.0,0.0,0.0,0.0,0.0,0.0,0.0,0.0,0.0,8.200082000820008e-05,0.005330053300533005,0.0011685116851168512,0.0,0.0025522755227552277,0.004325543255432555,0.0061910619106191065,0.007513325133251332,0.013171381713817138,0.032954079540795406,0.023534235342353424,0.04703772037720377,0.038222632226322266,0.013202132021320213,0.02058220582205822,0.03494259942599426,0.030904059040590407,0.0492209922099221,0.0470069700697007,0.020592455924559244,0.03720787207872079,0.02514350143501435,0.038243132431324316,0.01468839688396884,0.03876588765887659,0.051834768347683476,0.0544280442804428,0.08010455104551045,0.02080770807708077,0.03416359163591636,0.0502050020500205,0.04023165231652317,0.027562525625256254,0.022222222222222223,0.007298072980729807,0.01536490364903649,0.009747847478474785,0.0026035260352603525,4.100041000410004e-05,2.050020500205002e-05,0.0,0.001055760557605576,2.050020500205002e-05,0.013294382943829439,0.001886018860188602,0.0043460434604346045,0.0001230012300123001,0.003310783107831078,0.003116031160311603,0.0026137761377613778,0.0,0.0006047560475604757,0.0,0.0003997539975399754,0.0,1.025010250102501e-05,0.0,0.0,0.0,0.0,0.0,0.0,0.0,0.0,0.0,0.0,0.0,0.0,0.0,0.0,0.0,0.0,0.0,0.0,0.0,0.0,0.0,0.0,0.0,0.0,nan,nan,4.32652409830833,2.850737572476207,nan,0.862812238970773,0.034087246935602694,0.0,0.0,0.0,0.0,0.0,0.0,0.0,0.0,0.0,0.0,0.0,0.0,0.0,0.0,0.0,0.0,0.0,0.0,0.0,0.0,0.0,0.024610336341263337,0.15996718621821168,0.9474979491386353,3.8884331419196068,11.886792452830191,9.462674323215753,2.7932731747333888,0.6890894175553735,0.14766201804758,0.8617092868832291,0.03447204081491758,0.0,0.0,0.0,0.0,0.0,0.0,0.0,0.0,0.0,0.0,0.0,0.0,0.0,0.0,0.0,0.0,0.0,0.0,0.0,0.0,0.0,0.012295081967213118,0.18442622950819676,0.9467213114754068,4.14344262295082,11.975409836065577,9.368852459016395,2.6065573770491812,0.5901639344262296,0.17213114754098366,0.432,0.0177,0.0,0.0,0.0,0.0,0.0,0.0,0.0,0.0,0.0,0.0,0.0,1.0336341263330584,14.889253486464318,13.314191960623464,0.7629204265791635,0.0,0.0,0.0,0.0,0.0,0.0,0.0,0.0,0.0,0.0,0.0,0.0,0.0,0.0,0.0,0.4321,0.01735,0.0,0.0,0.0,0.0,0.0,0.0,0.0,0.0,0.0,0.0,0.0,0.9221311475409824,14.913934426229511,13.438524590163937,0.725409836065574,0.0,0.0,0.0,0.0,0.0,0.0,0.0,0.0,0.0,0.0,0.0,0.0,0.0,0.0,0.0
79100,5002,2536,0.5069972011195522,1183,1054,0.44722111155537786,1445,0.5777688924430228,0.43399999999999994,2.9476885644768855,3.004204395342187,6.336032388663968,2.0772295259971445,6649.800000000002,1.8189894035458565e-12,6649.8,6649.8,6649.800000000002,1.8189894035458565e-12,6649.800000000002,1.8189894035458565e-12,28.01579368252699,20.812752873825733,32.93203422053232,19.027799865593096,0.1399440223910436,0.09456217512994802,0.09476209516193522,0.08476609356257497,0.08656537385045981,0.07117153138744502,0.07017193122750899,0.06557377049180328,0.059976009596161534,0.0507796881247501,0.04758096761295482,0.04058376649340264,0.03158736505397841,0.025589764094362255,0.019792083166733306,0.01019592163134746,0.006397441023590564,0.8609099393603993,0.03426005612773755,0.0,0.0,0.0,0.0,0.0,0.0,0.0,0.0,0.0,0.0,0.0,0.0,0.0,0.0,0.0,0.0,0.0,0.0,0.0,0.0,0.0,0.02399040383846462,0.2099160335865654,1.0375849660135912,4.180327868852459,11.689324270291886,9.668132746901241,2.4950019992003205,0.5397840863654539,0.15593762495002003,4.254075669024916,2.8070380795205874,3.3333333333333335,3.144660377352201,0.7835623041696794,4.221266133988936,2.7932599745918796,4.283435582822086,2.822244327374304,1.014727678108843,0.4329,0.01685,0.0,0.0,0.0,0.0,0.0,0.0,0.0,0.0,0.0,0.0,0.0,0.8216713314674118,14.376249500199924,14.226309476209519,0.5757696921231509,0.0,0.0,0.0,0.0,0.0,0.0,0.0,0.0,0.0,0.0,0.0,0.0,0.0,0.0,0.0,nan,nan,4.252379490328523,2.8079749612771363,nan,0.4329,0.0866,0.0,0.0,0.0,0.0,0.0,0.0,0.0,0.0,0.0,0.0,0.0,0.0,0.0,0.0,0.0,0.0,0.0,3.9984006397441024e-05,0.0,0.0,0.0,0.00013994402239104358,0.005307876849260296,0.0010695721711315475,1.9992003198720512e-05,0.002109156337465014,0.004638144742103159,0.006007596961215514,0.007956817273090763,0.01210515793682527,0.029798080767692924,0.022880847660935625,0.04951019592163135,0.03467612954818073,0.014764094362255098,0.02222111155537785,0.03392642942822871,0.032447021191523394,0.05003998400639744,0.0446421431427429,0.020381847261095563,0.035085965613754495,0.025549780087964814,0.038434626149540185,0.014264294282287085,0.038534586165533784,0.0517093162734906,0.05446821271491403,0.07805877648940424,0.023740503798480608,0.035385845661735305,0.05452818872451019,0.039634146341463415,0.02653938424630148,0.02222111155537785,0.007367053178728509,0.01600359856057577,0.010055977608956417,0.0035485805677728907,3.9984006397441024e-05,0.0,0.0,0.0007796881247501,2.9988004798080768e-05,0.01288484606157537,0.002019192323070772,0.004528188724510196,2.9988004798080768e-05,0.0033486605357856856,0.0028288684526189523,0.002648940423830468,0.0,0.0007197121151539384,4.998000799680128e-05,0.00027988804478208716,0.0,0.0,0.0,0.0,0.0,0.0,0.0,0.0,0.0,0.0,0.0,0.0,0.0,0.0,0.0,0.0,0.0,0.0,0.0,0.0,0.0,0.0,0.0,0.0,0.0,0.0,nan,nan,4.252379490328523,2.8079749612771363,nan,0.8613965055825958,0.034654756049256004,0.0,0.0,0.0,0.0,0.0,0.0,0.0,0.0,0.0,0.0,0.0,0.0,0.0,0.0,0.0,0.0,0.0,0.0,0.0,0.0,0.0,0.023659305993690857,0.24842271293375398,0.9227129337539404,4.1995268138801265,11.545741324921138,9.712145110410097,2.507886435331231,0.6624605678233441,0.17744479495268142,0.8604095614449532,0.03384205682659067,0.0,0.0,0.0,0.0,0.0,0.0,0.0,0.0,0.0,0.0,0.0,0.0,0.0,0.0,0.0,0.0,0.0,0.0,0.0,0.0,0.0,0.024330900243309007,0.17031630170316306,1.155717761557174,4.16058394160584,11.836982968369833,9.622871046228711,2.4817518248175188,0.41362530413625315,0.13381995133819954,0.4329,0.01682,0.0,0.0,0.0,0.0,0.0,0.0,0.0,0.0,0.0,0.0,0.0,0.7925867507886424,14.467665615141959,14.171924290220822,0.5678233438485806,0.0,0.0,0.0,0.0,0.0,0.0,0.0,0.0,0.0,0.0,0.0,0.0,0.0,0.0,0.0,0.4329,0.01688,0.0,0.0,0.0,0.0,0.0,0.0,0.0,0.0,0.0,0.0,0.0,0.8515815085158138,14.282238442822388,14.282238442822388,0.5839416058394161,0.0,0.0,0.0,0.0,0.0,0.0,0.0,0.0,0.0,0.0,0.0,0.0,0.0,0.0,0.0
79200,4850,2459,0.5070103092783506,1161,1002,0.44597938144329896,1374,0.5665979381443299,0.46199999999999997,2.914261815140109,2.9627143211816858,6.3539412673879445,1.9735294056443802,6649.800000000001,9.094947017729282e-13,6649.8,6649.8,6649.800000000001,9.094947017729282e-13,6649.800000000001,9.094947017729282e-13,27.80020618556701,20.798311786136967,32.75780673715269,19.051948702358224,0.1397938144329897,0.10536082474226804,0.09422680412371134,0.08494845360824742,0.07505154639175257,0.07175257731958763,0.07463917525773196,0.06329896907216495,0.05917525773195876,0.05402061855670103,0.045154639175257735,0.04020618556701031,0.03649484536082474,0.0222680412371134,0.01670103092783505,0.0111340206185567,0.00577319587628866,0.8609980731280809,0.034308434373591296,0.0,0.0,0.0,0.0,0.0,0.0,0.0,0.0,0.0,0.0,0.0,0.0,0.0,0.0,0.0,0.0,0.0,0.0,0.0,0.0,0.0,0.00618556701030928,0.16082474226804128,0.9587628865979352,4.651546391752578,11.721649484536085,9.074226804123713,2.7092783505154645,0.575257731958763,0.14226804123711342,4.353682170542636,2.731983384218494,7.0,0.0,1.6078344090807921,4.34932821497121,2.7230053297766683,4.359843546284225,2.741035687079423,1.0024176909153049,0.4336,0.01688,0.0,0.0,0.0,0.0,0.0,0.0,0.0,0.0,0.0,0.0,0.0,0.6865979381443289,14.053608247422684,14.412371134020622,0.8412371134020621,0.00618556701030928,0.0,0.0,0.0,0.0,0.0,0.0,0.0,0.0,0.0,0.0,0.0,0.0,0.0,0.0,nan,nan,4.35453664836939,2.731956023310057,nan,0.4336,0.0863,0.0,0.0,0.0,0.0,0.0,0.0,0.0,0.0,0.0,0.0,0.0,0.0,0.0,0.0,0.0,0.0,0.0,2.0618556701030927e-05,0.0,0.0,5.154639175257732e-05,0.00016494845360824742,0.005505154639175258,0.0015670103092783505,0.0,0.0017319587628865979,0.004649484536082474,0.005731958762886598,0.008134020618556701,0.01134020618556701,0.02765979381443299,0.022649484536082475,0.05243298969072165,0.03452577319587629,0.013917525773195877,0.0208659793814433,0.03129896907216495,0.03118556701030928,0.05088659793814433,0.04452577319587629,0.02120618556701031,0.03296907216494845,0.024072164948453607,0.03891752577319588,0.014721649484536083,0.037762886597938146,0.0558659793814433,0.056020618556701034,0.07872164948453608,0.02354639175257732,0.03507216494845361,0.054164948453608246,0.043639175257731956,0.02634020618556701,0.021783505154639175,0.006546391752577319,0.016402061855670103,0.01011340206185567,0.0037010309278350515,0.0,2.0618556701030927e-05,3.0927835051546395e-05,0.0008247422680412372,6.185567010309279e-05,0.013505154639175258,0.0017525773195876289,0.004164948453608247,2.0618556701030927e-05,0.0025257731958762885,0.0033195876288659794,0.0020824742268041236,0.0001752577319587629,0.0006907216494845361,4.1237113402061855e-05,0.0003711340206185567,0.0,0.0,0.0,0.0,0.0,0.0,0.0,0.0,0.0,0.0,0.0,0.0,0.0,0.0,0.0,0.0,0.0,0.0,0.0,0.0,0.0,0.0,0.0,0.0,0.0,0.0,nan,nan,4.35453664836939,2.731956023310057,nan,0.8610691742569317,0.03492993102269854,0.0,0.0,0.0,0.0,0.0,0.0,0.0,0.0,0.0,0.0,0.0,0.0,0.0,0.0,0.0,0.0,0.0,0.0,0.0,0.0,0.0,0.012200081333875562,0.15860105734038232,0.9760065067100417,4.623830825538838,11.809678731191545,9.028060187067915,2.5742171614477436,0.6466043106954048,0.17080113867425786,0.860924949884315,0.03365713740486324,0.0,0.0,0.0,0.0,0.0,0.0,0.0,0.0,0.0,0.0,0.0,0.0,0.0,0.0,0.0,0.0,0.0,0.0,0.0,0.0,0.0,0.0,0.16311166875784194,0.9410288582183158,4.680050188205772,11.631116687578421,9.121706398996237,2.8481806775407787,0.5018820577164367,0.11292346298619826,0.434,0.0171,0.0,0.0,0.0,0.0,0.0,0.0,0.0,0.0,0.0,0.0,0.0,0.744204961366408,13.603090687271251,14.810898739324932,0.8418056120374138,0.0,0.0,0.0,0.0,0.0,0.0,0.0,0.0,0.0,0.0,0.0,0.0,0.0,0.0,0.0,0.4333,0.01663,0.0,0.0,0.0,0.0,0.0,0.0,0.0,0.0,0.0,0.0,0.0,0.6273525721455449,14.516938519447933,14.002509410288585,0.8406524466750316,0.012547051442910918,0.0,0.0,0.0,0.0,0.0,0.0,0.0,0.0,0.0,0.0,0.0,0.0,0.0,0.0
79300,4761,2423,0.5089266960722537,1128,987,0.444234404536862,1370,0.5755093467758874,0.43399999999999994,2.9803250641573995,2.9986520319905714,6.43941605839416,1.9030270801466083,6649.800000000001,9.094947017729282e-13,6649.8,6649.8,6649.800000000002,1.8189894035458565e-12,6649.800000000001,9.094947017729282e-13,28.211510186935516,21.09503809100283,33.316767068273094,19.27354242844121,0.1405166981726528,0.10480991388363789,0.08359588321781139,0.08401596303297626,0.07960512497374501,0.07834488552825036,0.06847300987187566,0.06280193236714976,0.05776097458517118,0.05356017643352237,0.04473850031505986,0.045158580130224744,0.03276622558286074,0.028145347616047048,0.017643352236925015,0.009871875656374712,0.008191556395715185,0.8603999225238471,0.032948431033924044,0.0,0.0,0.0,0.0,0.0,0.0,0.0,0.0,0.0,0.0,0.0,0.0,0.0,0.0,0.0,0.0,0.0,0.0,0.0,0.0,0.006301197227473221,0.006301197227473221,0.10081915563957154,0.9829867674858193,4.278512917454317,12.243226212980469,9.3887838689351,2.362948960302458,0.5356017643352238,0.09451795841209833,4.185173195208805,2.6999562921261466,1.6,1.2,0.3823019801980198,4.203114860480207,2.7423925864877376,4.156572164948454,2.6565607567060407,0.9889266182160827,0.4336,0.01715,0.0,0.0,0.0,0.0,0.0,0.0,0.0,0.0,0.0,0.0,0.0,0.7813484562066781,13.86893509766856,14.599873976055454,0.7498424700693134,0.0,0.0,0.0,0.0,0.0,0.0,0.0,0.0,0.0,0.0,0.0,0.0,0.0,0.0,0.0,nan,nan,4.180995475113122,2.700202447217401,nan,0.4336,0.0865,0.0,0.0,0.0,0.0,0.0,0.0,0.0,0.0,0.0,0.0,0.0,0.0,0.0,0.0,0.0,0.0,0.0,0.0,0.0,0.0,7.351396765385423e-05,4.2007981516488134e-05,0.005587061541692921,0.0020373871035496744,2.1003990758244067e-05,0.0015437933207309389,0.004988447805082966,0.005671077504725898,0.0072568788069733246,0.010575509346775888,0.028145347616047048,0.022390254148288175,0.05217391304347826,0.03543373240915774,0.01488132745221592,0.019806763285024155,0.032062591892459566,0.034982146607855494,0.051764335223692504,0.0430896870405377,0.02246376811594203,0.03353287124553665,0.021938668346985928,0.038069733249317374,0.014545263600084016,0.03599033816425121,0.05622768325981937,0.05282503675698383,0.07787229573618988,0.0233564377231674,0.033427851291745435,0.051617307288384796,0.04525309808863684,0.029426591052299937,0.023671497584541065,0.006038647342995169,0.017181264440243645,0.010165931526990128,0.004526360008401596,7.351396765385423e-05,1.0501995379122034e-05,5.250997689561016e-05,0.0008086536441923966,0.00019953791220331864,0.014902331442974166,0.0007876496534341525,0.003476160470489393,7.351396765385423e-05,0.002846040747742071,0.003833228313379542,0.0014702793530770846,7.351396765385423e-05,0.000640621718126444,0.0,9.45179584120983e-05,0.0,0.0,0.0,0.0,0.0,0.0,0.0,0.0,0.0,0.0,0.0,0.0,0.0,0.0,0.0,0.0,0.0,0.0,0.0,0.0,0.0,0.0,0.0,0.0,0.0,0.0,nan,nan,4.180995475113122,2.700202447217401,nan,0.8597479404568721,0.0330953978000586,0.0,0.0,0.0,0.0,0.0,0.0,0.0,0.0,0.0,0.0,0.0,0.0,0.0,0.0,0.0,0.0,0.0,0.0,0.0,0.0,0.0,0.012381345439537766,0.14857614527445318,0.854312835328103,4.692529921584813,12.059430458109784,9.273627734213786,2.2905489063144864,0.5571605447791994,0.1114321089558399,0.8610756079593819,0.032781746370000434,0.0,0.0,0.0,0.0,0.0,0.0,0.0,0.0,0.0,0.0,0.0,0.0,0.0,0.0,0.0,0.0,0.0,0.0,0.0,0.0,0.012831479897348164,0.0,0.05132591958939266,1.1163387510692866,3.849443969204449,12.43370402053037,9.508126603934988,2.437981180496151,0.5132591958939265,0.07698887938408898,0.4338,0.01752,0.0,0.0,0.0,0.0,0.0,0.0,0.0,0.0,0.0,0.0,0.0,0.8047874535699535,13.396615765579863,14.919521254643007,0.8790755262071813,0.0,0.0,0.0,0.0,0.0,0.0,0.0,0.0,0.0,0.0,0.0,0.0,0.0,0.0,0.0,0.4333,0.01675,0.0,0.0,0.0,0.0,0.0,0.0,0.0,0.0,0.0,0.0,0.0,0.7570573139435404,14.358426005132594,14.268605645851158,0.6159110350727118,0.0,0.0,0.0,0.0,0.0,0.0,0.0,0.0,0.0,0.0,0.0,0.0,0.0,0.0,0.0
79400,4330,2211,0.5106235565819861,1009,930,0.44780600461893766,1230,0.5681293302540416,0.478,3.06465313827277,3.091963316345392,6.598993288590604,2.0304557775003347,6649.800000000002,1.8189894035458565e-12,6649.8,6649.8,6649.800000000001,9.094947017729282e-13,6649.800000000001,9.094947017729282e-13,27.937644341801384,21.12029312102105,33.10191082802548,19.32914267436537,0.14226327944572748,0.0997690531177829,0.09145496535796767,0.08729792147806005,0.07990762124711316,0.07090069284064665,0.07551963048498846,0.06558891454965358,0.05796766743648961,0.05103926096997691,0.04387990762124711,0.03418013856812933,0.02979214780600462,0.03071593533487298,0.020092378752886837,0.011778290993071594,0.007852193995381063,0.8597518370002852,0.0352780363273871,0.0,0.0,0.0,0.0,0.0,0.0,0.0,0.0,0.0,0.0,0.0,0.0,0.0,0.0,0.0,0.0,0.0,0.0,0.0,0.0,0.0,0.08314087759815243,0.187066974595843,1.0323325635103895,4.648960739030024,11.854503464203237,8.86836027713626,2.6327944572748274,0.5542725173210162,0.13856812933025406,4.38386748289521,2.8116223922314947,5.222222222222222,2.6152449546532934,1.1912363324388953,4.371611982881598,2.8025093398237497,4.401734104046243,2.8203220819726154,1.006890392212895,0.4346,0.01715,0.0,0.0,0.0,0.0,0.0,0.0,0.0,0.0,0.0,0.0,0.0,0.5542725173210153,13.468822170900696,15.006928406466516,0.9699769053117785,0.0,0.0,0.0,0.0,0.0,0.0,0.0,0.0,0.0,0.0,0.0,0.0,0.0,0.0,0.0,nan,nan,4.386575735821967,2.811412615511803,nan,0.4346,0.0868,0.0,0.0,0.0,0.0,0.0,0.0,0.0,0.0,0.0,0.0,0.0,0.0,0.0,0.0,0.0,0.0,0.0,0.0,0.0,0.0,0.00010392609699769053,3.464203233256351e-05,0.004792147806004619,0.0022401847575057735,0.0,0.001466512702078522,0.004815242494226328,0.006374133949191686,0.006397228637413395,0.009284064665127021,0.029087759815242493,0.02153579676674365,0.05081986143187067,0.03642032332563511,0.01605080831408776,0.01886836027713626,0.030842956120092378,0.03742494226327944,0.04941108545034642,0.04467667436489607,0.022990762124711316,0.03318706697459584,0.0223094688221709,0.03741339491916859,0.013117782909930716,0.036339491916859125,0.05549653579676674,0.05496535796766744,0.07399538106235566,0.023545034642032333,0.03420323325635104,0.0516743648960739,0.04607390300230947,0.02720554272517321,0.02409930715935335,0.006593533487297921,0.019630484988452657,0.010392609699769052,0.004896073903002309,9.237875288683603e-05,6.928406466512702e-05,0.00013856812933025404,0.0006466512702078522,0.00023094688221709007,0.017009237875288685,0.0007967667436489607,0.0035912240184757505,6.928406466512702e-05,0.0021709006928406467,0.004364896073903003,0.001674364896073903,0.0,0.0003464203233256351,0.0,2.309468822170901e-05,0.0,0.0,0.0,0.0,0.0,0.0,0.0,0.0,0.0,0.0,0.0,0.0,0.0,0.0,0.0,0.0,0.0,0.0,0.0,0.0,0.0,0.0,0.0,0.0,0.0,0.0,nan,nan,4.386575735821967,2.811412615511803,nan,0.859446563503959,0.036379763890543135,0.0,0.0,0.0,0.0,0.0,0.0,0.0,0.0,0.0,0.0,0.0,0.0,0.0,0.0,0.0,0.0,0.0,0.0,0.0,0.0,0.0,0.09497964721845321,0.2578018995929444,1.0583446404341894,4.681139755766623,11.628222523744915,8.928086838534602,2.5915875169606517,0.5834464043419268,0.17639077340569884,0.8600703644662491,0.03408762445305092,0.0,0.0,0.0,0.0,0.0,0.0,0.0,0.0,0.0,0.0,0.0,0.0,0.0,0.0,0.0,0.0,0.0,0.0,0.0,0.0,0.0,0.07078810759792356,0.1132609721566777,1.0051911278905112,4.615384615384616,12.090608777725345,8.806040585181691,2.6757904672015105,0.5238319962246344,0.099103350637093,0.4346,0.01732,0.0,0.0,0.0,0.0,0.0,0.0,0.0,0.0,0.0,0.0,0.0,0.5970149253731335,13.283582089552242,15.128900949796476,0.9905020352781548,0.0,0.0,0.0,0.0,0.0,0.0,0.0,0.0,0.0,0.0,0.0,0.0,0.0,0.0,0.0,0.4346,0.01695,0.0,0.0,0.0,0.0,0.0,0.0,0.0,0.0,0.0,0.0,0.0,0.5096743747050488,13.66210476639925,14.879660217083533,0.9485606418121758,0.0,0.0,0.0,0.0,0.0,0.0,0.0,0.0,0.0,0.0,0.0,0.0,0.0,0.0,0.0
79500,4291,2166,0.5047774411559077,1032,901,0.4504777441155908,1220,0.5686320205080401,0.474,2.954823529411765,3.0702874407550396,6.679862306368331,2.0385503222870347,6649.800000000001,9.094947017729282e-13,6649.8,6649.8,6649.800000000002,1.8189894035458565e-12,6649.800000000002,1.8189894035458565e-12,27.743649498951292,20.893812241675988,32.783286908078,19.124161075156923,0.14309018876718713,0.10230715450943836,0.08832439990678163,0.08809135399673736,0.08249825215567466,0.07620601258447915,0.06595199254253088,0.0645537170822652,0.0580284316010254,0.05196923793987415,0.044977860638545794,0.04194826380797017,0.03192728967606619,0.024236774644604987,0.0186436728035423,0.010720111862036821,0.0065252854812398045,0.8601522967827068,0.03641367939811982,0.0,0.0,0.0,0.0,0.0,0.0,0.0,0.0,0.0,0.0,0.0,0.0,0.0,0.0,0.0,0.0,0.0,0.0,0.0,0.0,0.006991377301328363,0.055931018410626906,0.18177580983453745,1.0556979725005795,4.705196923793988,12.018177580983457,8.606385457935215,2.384059659752972,0.7061291074341647,0.27965509205313455,4.332365747460087,2.8262167432066283,4.625,2.315032397181517,1.0675460636515912,4.381884057971014,2.840920842426669,4.287562904385334,2.806351894343544,0.9784747491403608,0.435,0.01698,0.0,0.0,0.0,0.0,0.0,0.0,0.0,0.0,0.0,0.0,0.0,0.5872756933115816,13.248659986017248,15.227219762293176,0.9368445583780006,0.0,0.0,0.0,0.0,0.0,0.0,0.0,0.0,0.0,0.0,0.0,0.0,0.0,0.0,0.0,nan,nan,4.334054834054834,2.8236187689311354,nan,0.435,0.08636,0.0,0.0,0.0,0.0,0.0,0.0,0.0,0.0,0.0,0.0,0.0,0.0,0.0,0.0,0.0,0.0,0.0,0.0,0.0,0.0,0.0001631321370309951,4.660918200885574e-05,0.005150314611978559,0.002027499417385225,0.0,0.0018061058028431601,0.004952225588440923,0.005161966907480773,0.006513633185737591,0.009718014448846422,0.028408296434397576,0.020391517128874388,0.051584712188301095,0.0341994872989979,0.0161384292705663,0.016441388953623865,0.02975996271265439,0.0382078769517595,0.052109065485900725,0.04366115124679562,0.022989979025868097,0.034479142391051036,0.021824749475646704,0.03738056397110231,0.014635283150780705,0.036366814262409695,0.05663015614075973,0.053204381263108835,0.07754602656723375,0.024201817758098345,0.03579585178280121,0.05023304591004428,0.04399906781635982,0.02649731997203449,0.022955022139361455,0.006758331391284083,0.01883010953157772,0.012421347005360055,0.006059193661151247,0.00027965509205313445,1.1652295502213935e-05,5.8261477511069683e-05,0.0006292239571195526,0.000361221160568632,0.016884176182707992,0.0007690515031461198,0.004917268701934281,2.330459100442787e-05,0.0013400139827546027,0.00393847587974831,0.0013866231647634583,0.0,0.00015147984152878117,0.0,0.0,0.0,0.0,0.0,0.0,0.0,0.0,0.0,0.0,0.0,0.0,0.0,0.0,0.0,0.0,0.0,0.0,0.0,0.0,0.0,0.0,0.0,0.0,0.0,0.0,0.0,0.0,nan,nan,4.334054834054834,2.8236187689311354,nan,0.8594016957811371,0.03613603543812269,0.0,0.0,0.0,0.0,0.0,0.0,0.0,0.0,0.0,0.0,0.0,0.0,0.0,0.0,0.0,0.0,0.0,0.0,0.0,0.0,0.013850415512465377,0.05540166204986151,0.1662049861495845,1.218836565096949,4.570637119113575,12.160664819944602,8.62880886426593,2.2160664819944604,0.734072022160665,0.2354570637119114,0.8609173799683066,0.036678713911038135,0.0,0.0,0.0,0.0,0.0,0.0,0.0,0.0,0.0,0.0,0.0,0.0,0.0,0.0,0.0,0.0,0.0,0.0,0.0,0.0,0.0,0.056470588235294134,0.19764705882352945,0.8894117647058796,4.842352941176472,11.872941176470592,8.583529411764708,2.555294117647059,0.6776470588235295,0.32470588235294123,0.435,0.01688,0.0,0.0,0.0,0.0,0.0,0.0,0.0,0.0,0.0,0.0,0.0,0.48476454293628735,13.39335180055402,15.110803324099725,1.0110803324099724,0.0,0.0,0.0,0.0,0.0,0.0,0.0,0.0,0.0,0.0,0.0,0.0,0.0,0.0,0.0,0.4353,0.01709,0.0,0.0,0.0,0.0,0.0,0.0,0.0,0.0,0.0,0.0,0.0,0.691764705882352,13.10117647058824,15.34588235294118,0.8611764705882355,0.0,0.0,0.0,0.0,0.0,0.0,0.0,0.0,0.0,0.0,0.0,0.0,0.0,0.0,0.0
79600,4504,2263,0.5024422735346359,1047,954,0.44427175843694494,1284,0.5701598579040853,0.47,2.9879518072289155,3.1159845196116187,6.662903225806452,2.1539711166308417,6649.800000000002,1.8189894035458565e-12,6649.8,6649.8,6649.800000000002,1.8189894035458565e-12,6649.800000000002,1.8189894035458565e-12,27.307060390763766,20.672434342019987,32.219628647214854,19.02238070014777,0.14142984014209592,0.10679396092362345,0.09902309058614565,0.08570159857904085,0.07815275310834814,0.07526642984014209,0.07104795737122557,0.060612788632326824,0.05772646536412078,0.051287744227353466,0.045515097690941385,0.03841030195381883,0.03374777975133215,0.023090586145648313,0.016207815275310834,0.009991119005328597,0.005994671403197158,0.8601734570589836,0.03321040185326276,0.0,0.0,0.0,0.0,0.0,0.0,0.0,0.0,0.0,0.0,0.0,0.0,0.0,0.0,0.0,0.0,0.0,0.0,0.0,0.0,0.0,0.013321492007104798,0.16651865008880998,0.9791296625221995,4.369449378330374,12.015985790408529,9.431616341030198,2.404529307282416,0.5395204262877443,0.07992895204262879,4.375704225352113,2.8597574254183984,5.714285714285714,2.1189138534559038,1.305912241777696,4.362745098039215,2.8328922921541793,4.395348837209302,2.884823267905878,1.0074732166187614,0.4355,0.01735,0.0,0.0,0.0,0.0,0.0,0.0,0.0,0.0,0.0,0.0,0.0,0.5395204262877434,12.995115452930731,15.339698046181175,1.1190053285968031,0.006660746003552399,0.0,0.0,0.0,0.0,0.0,0.0,0.0,0.0,0.0,0.0,0.0,0.0,0.0,0.0,nan,nan,4.378995433789954,2.8589400895920476,nan,0.4355,0.0864,0.0,0.0,0.0,0.0,0.0,0.0,0.0,0.0,0.0,0.0,0.0,0.0,0.0,0.0,0.0,0.0,0.0,0.0,0.0,3.330373001776199e-05,3.330373001776199e-05,0.00012211367673179395,0.005095470692717584,0.003030639431616341,1.1101243339253996e-05,0.0016096802841918294,0.0050399644760213145,0.0050621669626998225,0.00625,0.008303730017761989,0.029729129662522204,0.020492895204262878,0.04970026642984014,0.033181616341030194,0.01664076376554174,0.015719360568383658,0.02795293072824156,0.03784413854351688,0.05157637655417407,0.0445936944937833,0.02422291296625222,0.033070603907637657,0.024544849023090586,0.03905417406749556,0.01427619893428064,0.0373556838365897,0.05904751332149201,0.052797513321492004,0.07696492007104795,0.02122557726465364,0.03731127886323268,0.04933392539964476,0.044815719360568385,0.0266651865008881,0.022868561278863234,0.007015985790408526,0.018483570159857902,0.011267761989342807,0.005517317939609237,0.0004884547069271758,0.0,0.0,0.0005883658969804618,0.00043294849023090584,0.017939609236234458,0.0005439609236234459,0.004984458259325045,6.660746003552398e-05,0.0010324156305506218,0.004307282415630551,0.0015652753108348135,0.0,0.00018872113676731794,0.0,0.0,0.0,0.0,0.0,0.0,0.0,0.0,0.0,0.0,0.0,0.0,0.0,0.0,0.0,0.0,0.0,0.0,0.0,0.0,0.0,0.0,0.0,0.0,0.0,0.0,0.0,0.0,nan,nan,4.378995433789954,2.8589400895920476,nan,0.8603619607317727,0.03348796894781289,0.0,0.0,0.0,0.0,0.0,0.0,0.0,0.0,0.0,0.0,0.0,0.0,0.0,0.0,0.0,0.0,0.0,0.0,0.0,0.0,0.0,0.0,0.19885108263367215,1.073795846221826,4.228899690676094,11.917808219178085,9.491825011047284,2.439239946973045,0.5832965090587716,0.06628369421122406,0.8599831028369749,0.032926640512038474,0.0,0.0,0.0,0.0,0.0,0.0,0.0,0.0,0.0,0.0,0.0,0.0,0.0,0.0,0.0,0.0,0.0,0.0,0.0,0.0,0.0,0.026773761713520756,0.13386880856760378,0.883534136546182,4.511378848728247,12.115127175368142,9.370816599732263,2.369477911646587,0.495314591700134,0.09370816599732265,0.4355,0.01738,0.0,0.0,0.0,0.0,0.0,0.0,0.0,0.0,0.0,0.0,0.0,0.4507291206363228,13.163941670349097,15.178965974370309,1.193106495802033,0.013256738842244811,0.0,0.0,0.0,0.0,0.0,0.0,0.0,0.0,0.0,0.0,0.0,0.0,0.0,0.0,0.4355,0.01732,0.0,0.0,0.0,0.0,0.0,0.0,0.0,0.0,0.0,0.0,0.0,0.6291834002677367,12.824631860776442,15.502008032128517,1.0441767068273093,0.0,0.0,0.0,0.0,0.0,0.0,0.0,0.0,0.0,0.0,0.0,0.0,0.0,0.0,0.0
79700,4721,2419,0.5123914424909977,1151,983,0.45202287650921413,1349,0.5714890912942173,0.45799999999999996,3.0243266724587317,3.064796734042918,6.636923076923077,1.965985306367286,6649.800000000001,9.094947017729282e-13,6649.8,6649.8,6649.800000000001,9.094947017729282e-13,6649.800000000001,9.094947017729282e-13,27.617030290192755,20.692653064870495,32.61854103343465,18.9364874766275,0.139800889642025,0.10103791569582715,0.09235331497564075,0.09002330014827367,0.0853632704935395,0.07095954246981571,0.06778224952340606,0.07095954246981571,0.057191273035373864,0.04998940902351197,0.04363482313069265,0.042363905952128786,0.03262020758313917,0.021817411565346324,0.016310103791569584,0.009531878839228977,0.008260961660665114,0.8604669011742653,0.03474757569401379,0.0,0.0,0.0,0.0,0.0,0.0,0.0,0.0,0.0,0.0,0.0,0.0,0.0,0.0,0.0,0.0,0.0,0.0,0.0,0.0,0.0,0.038127515356915914,0.15886464732048297,0.9976699851726298,4.365600508366872,12.188095742427455,9.087057826731627,2.408388053378522,0.578267316246558,0.17792840499894094,4.352746525479815,2.814704005385762,4.090909090909091,1.6762808104168887,0.9398454669855003,4.304575163398693,2.83443669103079,4.399866932801064,2.787038717462038,1.0221373226823,0.434,0.01736,0.0,0.0,0.0,0.0,0.0,0.0,0.0,0.0,0.0,0.0,0.0,0.7307773776742205,13.586104638847704,14.876085575090027,0.8070324083880536,0.0,0.0,0.0,0.0,0.0,0.0,0.0,0.0,0.0,0.0,0.0,0.0,0.0,0.0,0.0,nan,nan,4.351796900758325,2.8114522934447037,nan,0.434,0.0866,0.0,0.0,0.0,0.0,0.0,0.0,0.0,0.0,0.0,0.0,0.0,0.0,0.0,0.0,0.0,0.0,0.0,0.0,0.0,9.531878839228976e-05,3.177292946409659e-05,0.00024359245922474053,0.00583562804490574,0.003124338063969498,0.0,0.001980512603262021,0.004501165007413684,0.005549671679728871,0.006291040033891125,0.007879686507095954,0.0270387629739462,0.02074772294005507,0.05302901927557721,0.03359457742003813,0.01760220292310951,0.01682906163948316,0.027907223045964838,0.039737343783096804,0.05169455623808515,0.047955941537809785,0.025142978182588434,0.03249311586528278,0.024994704511755984,0.035130269010802795,0.014213090446939207,0.03754501165007414,0.05982842618089388,0.050794323236602414,0.07503706841770812,0.02154204617665749,0.03939843253547977,0.046367295064604956,0.04414319000211819,0.024846430840923535,0.021806820588858293,0.006958271552637153,0.019212031349290403,0.01114170726540987,0.0056979453505613216,0.0009637788604109299,1.0590976488032197e-05,3.177292946409659e-05,0.0006036856598178352,0.0002753653886888371,0.018513026901080278,0.00048718491844948106,0.0041198898538445244,0.0002647744122008049,0.0008472781190425757,0.0041198898538445244,0.001514509637788604,0.0,0.0002859563651768693,0.0,0.0,0.0,0.0,0.0,0.0,0.0,0.0,0.0,0.0,0.0,0.0,0.0,0.0,0.0,0.0,0.0,0.0,0.0,0.0,0.0,0.0,0.0,0.0,0.0,0.0,0.0,0.0,nan,nan,4.351796900758325,2.8114522934447037,nan,0.8604482592950926,0.03486002052758916,0.0,0.0,0.0,0.0,0.0,0.0,0.0,0.0,0.0,0.0,0.0,0.0,0.0,0.0,0.0,0.0,0.0,0.0,0.0,0.0,0.0,0.03720545680033072,0.17362546506821006,1.1285655229433615,4.117403885903267,12.315006200909469,9.016122364613478,2.5175692434890453,0.5084745762711865,0.18602728400165364,0.8604864905338304,0.03462901156844182,0.0,0.0,0.0,0.0,0.0,0.0,0.0,0.0,0.0,0.0,0.0,0.0,0.0,0.0,0.0,0.0,0.0,0.0,0.0,0.0,0.0,0.039096437880104265,0.1433536055603823,0.860121633362291,4.626411815812338,12.054735013032149,9.161598609904432,2.2936576889661167,0.6516072980017377,0.16941789748045183,0.4343,0.01721,0.0,0.0,0.0,0.0,0.0,0.0,0.0,0.0,0.0,0.0,0.0,0.7441091360066132,13.691608102521705,14.770566349731297,0.7937164117403888,0.0,0.0,0.0,0.0,0.0,0.0,0.0,0.0,0.0,0.0,0.0,0.0,0.0,0.0,0.0,0.434,0.01752,0.0,0.0,0.0,0.0,0.0,0.0,0.0,0.0,0.0,0.0,0.0,0.7167680278019104,13.475238922675937,14.986967854039968,0.8210251954821896,0.0,0.0,0.0,0.0,0.0,0.0,0.0,0.0,0.0,0.0,0.0,0.0,0.0,0.0,0.0
79800,5013,2606,0.5198483941751446,1234,1021,0.44983044085378016,1411,0.5629363654498304,0.46199999999999997,3.044038221852929,3.1370397947856503,6.787481804949054,2.054912934092223,6649.800000000002,1.8189894035458565e-12,6649.8,6649.8,6649.800000000002,1.8189894035458565e-12,6649.800000000001,9.094947017729282e-13,27.492319968082985,20.592863307801526,32.51002865329513,18.81462488465495,0.14402553361260723,0.10113704368641532,0.08856971873129862,0.08896868142828646,0.0843806104129264,0.07680031917015759,0.07021743466985837,0.06423299421504089,0.05904647915419908,0.049072411729503294,0.0428884899261919,0.04049471374426491,0.036505086774386596,0.02294035507680032,0.013963694394574106,0.011569918212647117,0.005186515060841812,0.858524620104949,0.03339851706381048,0.0,0.0,0.0,0.0,0.0,0.0,0.0,0.0,0.0,0.0,0.0,0.0,0.0,0.0,0.0,0.0,0.0,0.0,0.0,0.005984440454817476,0.005984440454817476,0.05385996409335728,0.19150209455415923,0.8976660682226185,4.7636146020347105,12.292040694195096,9.072411729503292,2.2202274087372835,0.38898862956313596,0.10771992818671457,4.3561643835616435,2.906092922224691,3.111111111111111,2.6434171674156266,0.7141858839972048,4.394704433497537,2.909555606771694,4.3099561678146525,2.9020291409995975,0.9807158212877953,0.4333,0.01648,0.0,0.0,0.0,0.0,0.0,0.0,0.0,0.0,0.0,0.0,0.0,0.6702573309395562,14.326750448833037,14.374625972471577,0.628366247755835,0.0,0.0,0.0,0.0,0.0,0.0,0.0,0.0,0.0,0.0,0.0,0.0,0.0,0.0,0.0,nan,nan,4.352685501397081,2.906135277474531,nan,0.4333,0.08624,0.0,0.0,0.0,0.0,0.0,0.0,0.0,0.0,0.0,0.0,0.0,0.0,0.0,0.0,0.0,0.0,0.0,0.0,0.0,9.97406742469579e-06,1.994813484939158e-05,0.00016955914621982843,0.005774985038898863,0.00315180530620387,0.0,0.0020347097546379415,0.004518252543387193,0.0054159186116098145,0.006941950927588271,0.007789746658687413,0.02497506483143826,0.02395770995411929,0.05116696588868941,0.03479952124476361,0.019379613006183922,0.016706562936365448,0.029084380610412925,0.0398164771593856,0.05174546179932176,0.047316975862756835,0.023478954717733893,0.0346100139636944,0.023947735886694594,0.03452024735687213,0.015160582485537602,0.03682425693197686,0.06296628765210453,0.05148613604627967,0.07757829642928386,0.02152403750249352,0.03723319369638939,0.04492319968082984,0.04246957909435468,0.02411729503291442,0.02154398563734291,0.006084181129064433,0.018452024735687213,0.009754637941352484,0.00630361061240774,0.001186914023538799,1.994813484939158e-05,9.97406742469579e-06,0.0005784959106323559,0.0004687811689607022,0.019349690803909834,0.00036904049471374426,0.0034510273289447436,0.00019948134849391582,0.0006383403151805306,0.004617993217634151,0.0011569918212647118,0.0,0.00019948134849391582,0.0,0.0,0.0,0.0,0.0,0.0,0.0,0.0,0.0,0.0,0.0,0.0,0.0,0.0,0.0,0.0,0.0,0.0,0.0,0.0,0.0,0.0,0.0,0.0,0.0,0.0,0.0,0.0,nan,nan,4.352685501397081,2.906135277474531,nan,0.8577605513362636,0.033929839595573635,0.0,0.0,0.0,0.0,0.0,0.0,0.0,0.0,0.0,0.0,0.0,0.0,0.0,0.0,0.0,0.0,0.0,0.0,0.0,0.011511895625479666,0.011511895625479666,0.09209516500383733,0.21872601688411364,0.9209516500383702,4.731389102072143,12.191097467382965,9.221028396009212,2.1642363775901767,0.3338449731389103,0.10360706062931699,0.8593518586638165,0.03279350424411438,0.0,0.0,0.0,0.0,0.0,0.0,0.0,0.0,0.0,0.0,0.0,0.0,0.0,0.0,0.0,0.0,0.0,0.0,0.0,0.0,0.0,0.01246364769422518,0.16202742002492734,0.8724553385957597,4.798504362276693,12.401329455754054,8.911508101371004,2.280847528043208,0.44869131699210646,0.11217282924802661,0.4333,0.0162,0.0,0.0,0.0,0.0,0.0,0.0,0.0,0.0,0.0,0.0,0.0,0.6792018419032991,14.159631619339988,14.597083653108214,0.5640828856485035,0.0,0.0,0.0,0.0,0.0,0.0,0.0,0.0,0.0,0.0,0.0,0.0,0.0,0.0,0.0,0.4333,0.0168,0.0,0.0,0.0,0.0,0.0,0.0,0.0,0.0,0.0,0.0,0.0,0.6605733277939334,14.507685916078108,14.133776485251353,0.6979642708766101,0.0,0.0,0.0,0.0,0.0,0.0,0.0,0.0,0.0,0.0,0.0,0.0,0.0,0.0,0.0
79900,4462,2274,0.5096369341102645,1088,902,0.445988346033169,1256,0.5629762438368444,0.46599999999999997,2.976691042047532,3.048646659555549,6.399068322981367,2.130975136551117,6649.800000000001,9.094947017729282e-13,6649.8,6649.8,6649.800000000001,9.094947017729282e-13,6649.800000000001,9.094947017729282e-13,28.854549529359033,21.156450170784808,33.623681434599156,19.356485256061763,0.1337965038099507,0.08852532496638278,0.09861048857014791,0.08045719408337068,0.07754370237561632,0.07485432541461229,0.0761990138951143,0.06521739130434782,0.05580457194083371,0.05647691618108472,0.04908112953832362,0.03854773644105782,0.035410129986553115,0.028014343343792023,0.018377409233527566,0.016808606006275213,0.0062752129090094125,0.8579158244887471,0.03380282374509006,0.0,0.0,0.0,0.0,0.0,0.0,0.0,0.0,0.0,0.0,0.0,0.0,0.0,0.0,0.0,0.0,0.0,0.0,0.0,0.0,0.02017032720753026,0.04706409681757061,0.21515015688032277,0.9748991483639593,4.9417301658449135,12.445091887046171,8.545495293590319,2.265800089645899,0.4571940833706859,0.08740475123263114,4.2129407737076345,2.7887846274509425,4.571428571428571,2.821202522590214,1.0850920573007359,4.253156146179402,2.785886059243416,4.174125874125874,2.7918015159454703,0.9814184409560133,0.433,0.01662,0.0,0.0,0.0,0.0,0.0,0.0,0.0,0.0,0.0,0.0,0.0,0.7194083370685781,14.576423128641867,14.099058718063652,0.6051098162259078,0.0,0.0,0.0,0.0,0.0,0.0,0.0,0.0,0.0,0.0,0.0,0.0,0.0,0.0,0.0,nan,nan,4.214650766609881,2.7890495298721985,nan,0.433,0.08624,0.0,0.0,0.0,0.0,0.0,0.0,0.0,0.0,0.0,0.0,0.0,0.0,0.0,0.0,0.0,0.0,0.0,0.0,0.0,0.0,4.482294935006723e-05,7.844016136261766e-05,0.005031376064545047,0.00417974002689377,5.6028686687584046e-05,0.0019049753473778575,0.004280591662931421,0.0049417301658449125,0.0066001792917974,0.00948005378753922,0.023038995965934558,0.025649932765575974,0.050291349170775435,0.03543254146122815,0.01958762886597938,0.01717839533841327,0.027510085163603766,0.04202151501568803,0.05377633348274317,0.046582250112057376,0.02387942626624832,0.03285522187359928,0.02268041237113402,0.03551098162259077,0.016057821604661588,0.03730389959659346,0.059961900493052445,0.05122142536978933,0.0792581801882564,0.020663379650380995,0.03619453160017929,0.046470192738682206,0.04045271178843568,0.023207082025997312,0.02289332138054684,0.006656207978484984,0.01832138054683998,0.011127297176154191,0.0055804571940833705,0.0019273868220528912,0.00011205737337516809,3.3617212012550426e-05,0.0004594352308381892,0.0004146122814881219,0.018691169878978037,0.0004034065441506051,0.0036194531600179294,0.000235320484087853,0.0004034065441506051,0.004381443298969072,0.0012662483191393994,0.0,8.964589870013447e-05,0.0,0.0,0.0,0.0,0.0,0.0,0.0,0.0,0.0,0.0,0.0,0.0,0.0,0.0,0.0,0.0,0.0,0.0,0.0,0.0,0.0,0.0,0.0,0.0,0.0,0.0,0.0,0.0,nan,nan,4.214650766609881,2.7890495298721985,nan,0.8574560895863602,0.03427316431529179,0.0,0.0,0.0,0.0,0.0,0.0,0.0,0.0,0.0,0.0,0.0,0.0,0.0,0.0,0.0,0.0,0.0,0.0,0.0,0.0,0.02638522427440634,0.02638522427440634,0.3034300791556729,1.0158311345646407,4.815303430079156,12.519788918205808,8.324538258575199,2.4802110817941956,0.38258575197889194,0.10554089709762536,0.8583936294101492,0.03330023303932375,0.0,0.0,0.0,0.0,0.0,0.0,0.0,0.0,0.0,0.0,0.0,0.0,0.0,0.0,0.0,0.0,0.0,0.0,0.0,0.0,0.01371115173674589,0.06855575868372944,0.12340036563071301,0.9323583180987174,5.073126142595979,12.367458866544792,8.775137111517369,2.0429616087751374,0.5347349177330897,0.06855575868372944,0.4329,0.01656,0.0,0.0,0.0,0.0,0.0,0.0,0.0,0.0,0.0,0.0,0.0,0.7255936675461732,14.802110817941955,13.90501319261214,0.5672823218997363,0.0,0.0,0.0,0.0,0.0,0.0,0.0,0.0,0.0,0.0,0.0,0.0,0.0,0.0,0.0,0.4333,0.0167,0.0,0.0,0.0,0.0,0.0,0.0,0.0,0.0,0.0,0.0,0.0,0.712979890310785,14.3418647166362,14.300731261425963,0.6444241316270568,0.0,0.0,0.0,0.0,0.0,0.0,0.0,0.0,0.0,0.0,0.0,0.0,0.0,0.0,0.0
80000,4578,2341,0.5113586719091306,1055,937,0.4351245085190039,1273,0.5561380515508956,0.46199999999999997,2.974519445686187,3.0804695466449483,6.632952691680261,2.074632912606134,6649.800000000001,9.094947017729282e-13,6649.8,6649.8,6649.800000000002,1.8189894035458565e-12,6649.800000000001,9.094947017729282e-13,27.131935342944516,20.534004185350216,32.13780455855384,18.823376307809735,0.14285714285714285,0.10856269113149847,0.09480122324159021,0.08955875928352992,0.07688947138488422,0.072520751419834,0.06968108344255133,0.06640454346876365,0.057230231542158144,0.055919615552643076,0.043468763652249894,0.03888160768894714,0.03014416775884666,0.022935779816513763,0.013761467889908258,0.009174311926605505,0.007208387942332897,0.8577803816270391,0.034846829014591026,0.0,0.0,0.0,0.0,0.0,0.0,0.0,0.0,0.0,0.0,0.0,0.0,0.0,0.0,0.0,0.0,0.0,0.0,0.0,0.006553079947575362,0.0,0.026212319790301447,0.24901703800786373,1.1074705111402325,4.921363040629097,12.169069462647448,8.591087811271299,2.287024901703801,0.47182175622542605,0.17038007863695942,4.417046650298141,2.835556887037646,3.272727272727273,2.6659778724754872,0.7409311089133214,4.478973627940128,2.8540313889200672,4.348869088416723,2.8167015881828434,0.9709521532540839,0.4329,0.01642,0.0,0.0,0.0,0.0,0.0,0.0,0.0,0.0,0.0,0.0,0.0,0.6553079947575351,14.66579292267366,14.023591087811274,0.6553079947575361,0.0,0.0,0.0,0.0,0.0,0.0,0.0,0.0,0.0,0.0,0.0,0.0,0.0,0.0,0.0,nan,nan,4.412648497554158,2.83580864400347,nan,0.4329,0.08636,0.0,0.0,0.0,0.0,0.0,0.0,0.0,0.0,0.0,0.0,0.0,0.0,0.0,0.0,0.0,0.0,0.0,0.0,0.0,6.55307994757536e-05,5.4608999563128004e-05,3.27653997378768e-05,0.005024027959807776,0.005384447356924421,0.0,0.00191131498470948,0.003746177370030581,0.004335954565312363,0.007787243337702053,0.008235037134119702,0.021494102228047183,0.026179554390563565,0.05245740498034076,0.03486238532110092,0.02033639143730887,0.0195391000436872,0.02624508519003932,0.0382262996941896,0.05501310615989515,0.04624290083005679,0.026277850589777194,0.03115989515072084,0.024093490607252074,0.03277632153778943,0.01747487986020096,0.038237221494102226,0.05692442114460463,0.050688073394495416,0.08160768894713849,0.022771952817824376,0.033606378331148976,0.04787024901703801,0.03971166448230668,0.022400611620795107,0.02162516382699869,0.007121013543031892,0.01887287024901704,0.011577107907383137,0.007306684141546527,0.0023044997815640017,0.00010921799912625601,3.27653997378768e-05,0.0005133245958934032,0.0002512013979903888,0.017114460463084315,0.00033857579729139364,0.0029051987767584097,0.000163826998689384,0.0001529051987767584,0.005526430755788554,0.0012450851900393184,0.0,6.55307994757536e-05,0.0,0.0,0.0,0.0,0.0,0.0,0.0,0.0,0.0,0.0,0.0,0.0,0.0,0.0,0.0,0.0,0.0,0.0,0.0,0.0,0.0,0.0,0.0,0.0,0.0,0.0,0.0,0.0,nan,nan,4.412648497554158,2.83580864400347,nan,0.8575688030464127,0.03497391405238389,0.0,0.0,0.0,0.0,0.0,0.0,0.0,0.0,0.0,0.0,0.0,0.0,0.0,0.0,0.0,0.0,0.0,0.0,0.0,0.012815036309269546,0.0,0.025630072618539092,0.3331909440410082,1.0764630499786383,4.767193507048271,12.379325074754382,8.547629218282786,2.1529260999572837,0.5382315249893209,0.1665954720205041,0.858001796672746,0.0347119565585705,0.0,0.0,0.0,0.0,0.0,0.0,0.0,0.0,0.0,0.0,0.0,0.0,0.0,0.0,0.0,0.0,0.0,0.0,0.0,0.0,0.0,0.026821636119803316,0.16092981671881987,1.1399195350916371,5.082700044702728,11.949038891372377,8.636566830576667,2.4273580688422,0.40232454179704974,0.17434063477872155,0.433,0.01628,0.0,0.0,0.0,0.0,0.0,0.0,0.0,0.0,0.0,0.0,0.0,0.6279367791542068,14.545066211020934,14.186245194361387,0.6407518154634773,0.0,0.0,0.0,0.0,0.0,0.0,0.0,0.0,0.0,0.0,0.0,0.0,0.0,0.0,0.0,0.4326,0.01654,0.0,0.0,0.0,0.0,0.0,0.0,0.0,0.0,0.0,0.0,0.0,0.6839517210549834,14.792132320071527,13.853375055878411,0.6705409029950828,0.0,0.0,0.0,0.0,0.0,0.0,0.0,0.0,0.0,0.0,0.0,0.0,0.0,0.0,0.0
80100,4651,2419,0.5201032036121265,1138,982,0.45581595355837456,1330,0.571920017200602,0.44999999999999996,2.961021505376344,3.057074238414746,6.59463986599665,2.171037794422143,6649.800000000002,1.8189894035458565e-12,6649.8,6649.8,6649.800000000001,9.094947017729282e-13,6649.800000000001,9.094947017729282e-13,27.415179531283595,20.524624749252617,32.39927965011577,18.767039717930512,0.1414749516233068,0.09997849924747367,0.0952483336916792,0.08901311545904107,0.0791227692969254,0.07869275424639863,0.07310255858955063,0.06106213717480112,0.061277144700064505,0.05095678348742206,0.0449365727800473,0.040851429800043,0.02644592560739626,0.02343582025370888,0.019995699849494734,0.009030316061062138,0.0053751881315846056,0.8580723850477436,0.03547381615284781,0.0,0.0,0.0,0.0,0.0,0.0,0.0,0.0,0.0,0.0,0.0,0.0,0.0,0.0,0.0,0.0,0.0,0.0,0.0,0.0,0.006450225757901528,0.0903031606106214,0.1806063212212428,1.032036121264241,5.089228122984305,12.358632552139328,8.35949258224038,2.1221242743496025,0.5418189636637283,0.21930767576865196,4.295209176788124,2.866854886465435,6.133333333333334,2.825282680055612,1.4279475296520305,4.368064952638701,2.9155656017176463,4.240666666666667,2.8227786940452053,0.9708341594382487,0.433,0.01654,0.0,0.0,0.0,0.0,0.0,0.0,0.0,0.0,0.0,0.0,0.0,0.7740270909481821,14.422704794667817,14.235648247688673,0.5676198666953345,0.0,0.0,0.0,0.0,0.0,0.0,0.0,0.0,0.0,0.0,0.0,0.0,0.0,0.0,0.0,nan,nan,4.304464585431353,2.869597942827347,nan,0.433,0.0862,0.0,0.0,0.0,0.0,0.0,0.0,0.0,0.0,0.0,0.0,0.0,0.0,0.0,0.0,0.0,0.0,0.0,1.075037626316921e-05,1.075037626316921e-05,7.525263384218447e-05,0.0,0.0,0.0052246828639002365,0.0053751881315846056,0.0,0.0021070737475811655,0.0030746076112663943,0.004848419694689314,0.008385293485271984,0.0088690604171146,0.021436250268759408,0.024715115029026017,0.05136529778542249,0.032767146850139754,0.022253278864760268,0.01950118254138895,0.027735970758976564,0.034702214577510215,0.05710599870995485,0.04537733820683724,0.028122984304450656,0.030273059557084498,0.024317351107288755,0.0321221242743496,0.01636207267254354,0.04185121479251774,0.05446140614921522,0.04983874435605246,0.08263814233498172,0.02344657062997205,0.03341216942592991,0.04969898946463126,0.0411309395828854,0.022565039776392175,0.020629972049021717,0.007880025800903032,0.016910341861965168,0.012427434960223608,0.006632982154375403,0.0019135669748441195,0.00016125564394753816,0.0,0.00041926467426359925,0.00016125564394753816,0.017394108793807782,0.000709524833369168,0.002838099333476672,0.00012900451515803052,0.00011825413889486132,0.005246183616426575,0.0011072887551064287,1.075037626316921e-05,0.00012900451515803052,0.0,0.0,0.0,0.0,0.0,0.0,0.0,0.0,0.0,0.0,0.0,0.0,0.0,0.0,0.0,0.0,0.0,0.0,0.0,0.0,0.0,0.0,0.0,0.0,0.0,0.0,0.0,0.0,nan,nan,4.304464585431353,2.869597942827347,nan,0.8577292330159585,0.03536874640991689,0.0,0.0,0.0,0.0,0.0,0.0,0.0,0.0,0.0,0.0,0.0,0.0,0.0,0.0,0.0,0.0,0.0,0.0,0.0,0.0,0.012401818933443574,0.0992145514675486,0.22323274080198433,0.954940057875152,5.208763952046302,12.153782554774704,8.60686233980984,2.033898305084746,0.5208763952046301,0.18602728400165364,0.8584442868241272,0.035583602003110094,0.0,0.0,0.0,0.0,0.0,0.0,0.0,0.0,0.0,0.0,0.0,0.0,0.0,0.0,0.0,0.0,0.0,0.0,0.0,0.0,0.0,0.08064516129032259,0.13440860215053765,1.115591397849459,4.95967741935484,12.580645161290326,8.091397849462368,2.2177419354838714,0.5645161290322581,0.25537634408602156,0.4333,0.0162,0.0,0.0,0.0,0.0,0.0,0.0,0.0,0.0,0.0,0.0,0.0,0.5952873088052906,14.584539065729643,14.299297230260441,0.5208763952046301,0.0,0.0,0.0,0.0,0.0,0.0,0.0,0.0,0.0,0.0,0.0,0.0,0.0,0.0,0.0,0.4326,0.01689,0.0,0.0,0.0,0.0,0.0,0.0,0.0,0.0,0.0,0.0,0.0,0.9677419354838696,14.247311827956992,14.16666666666667,0.6182795698924732,0.0,0.0,0.0,0.0,0.0,0.0,0.0,0.0,0.0,0.0,0.0,0.0,0.0,0.0,0.0
80200,4615,2373,0.514192849404117,1098,979,0.4500541711809317,1335,0.5785482123510293,0.44599999999999995,2.953612845673506,3.0014251547948,6.371695178849144,2.0583120008337255,6649.800000000002,1.8189894035458565e-12,6649.8,6649.8,6649.800000000001,9.094947017729282e-13,6649.800000000001,9.094947017729282e-13,27.92979414951246,20.924686977182084,32.917054263565895,19.169139539960625,0.1419284940411701,0.10010834236186349,0.09339111592632719,0.0838569880823402,0.08060671722643553,0.07670639219934995,0.06392199349945829,0.06630552546045504,0.06110509209100758,0.053737811484290354,0.04463705308775731,0.03553629469122427,0.03358613217768147,0.027518959913326112,0.021668472372697724,0.009534127843986998,0.0058504875406283855,0.8576829837435375,0.033135344062848085,0.0,0.0,0.0,0.0,0.0,0.0,0.0,0.0,0.0,0.0,0.0,0.0,0.0,0.0,0.0,0.0,0.0,0.0,0.0,0.0,0.03900325027085591,0.026002166847237277,0.15601300108342364,0.9295774647887295,4.9924160346695565,12.559046587215605,8.76923076923077,1.9826652221018422,0.448537378114843,0.09750812567713979,4.272911051212938,2.7909498311046548,3.888888888888889,3.2126293988446575,0.9101263382922428,4.2846715328467155,2.7644625925520523,4.258503401360544,2.8206923340176093,0.9938926166718817,0.4338,0.0165,0.0,0.0,0.0,0.0,0.0,0.0,0.0,0.0,0.0,0.0,0.0,0.6045503791982656,14.073672806067176,14.580715059588302,0.7410617551462624,0.0,0.0,0.0,0.0,0.0,0.0,0.0,0.0,0.0,0.0,0.0,0.0,0.0,0.0,0.0,nan,nan,4.2717500839771585,2.7924002015248717,nan,0.4338,0.08594,0.0,0.0,0.0,0.0,0.0,0.0,0.0,0.0,0.0,0.0,0.0,0.0,0.0,0.0,0.0,0.0,0.0,0.0,7.583965330444204e-05,4.333694474539545e-05,3.250270855904659e-05,0.00010834236186348862,0.005297941495124594,0.004918743228602383,0.0,0.0028494041170097507,0.0025568797399783314,0.004918743228602383,0.007291440953412784,0.008624052004333695,0.02143011917659805,0.023802816901408452,0.04927410617551463,0.03496208017334778,0.023358613217768148,0.01724810400866739,0.02875406283856988,0.034756229685807154,0.05605633802816901,0.044041170097508124,0.028526543878656555,0.029317443120260023,0.024496208017334778,0.03178764897074756,0.01592632719393283,0.042058504875406286,0.056392199349945826,0.04967497291440953,0.0822643553629469,0.023867822318526542,0.033921993499458285,0.05104008667388949,0.041170097508125676,0.023196099674972916,0.021040086673889492,0.00837486457204767,0.01788732394366197,0.013055254604550379,0.005763813651137595,0.0019284940411700975,0.00014084507042253522,2.1668472372697723e-05,0.00046587215601300106,0.0002491874322860238,0.01704225352112676,0.0006825568797399783,0.002914409534127844,0.0,0.00030335861321776817,0.004918743228602383,0.0010834236186348862,0.0,8.66738894907909e-05,0.0,0.0,0.0,0.0,0.0,0.0,0.0,0.0,0.0,0.0,0.0,0.0,0.0,0.0,0.0,0.0,0.0,0.0,0.0,0.0,0.0,0.0,0.0,0.0,0.0,0.0,0.0,0.0,nan,nan,4.2717500839771585,2.7924002015248717,nan,0.8574323458255618,0.03376904420751439,0.0,0.0,0.0,0.0,0.0,0.0,0.0,0.0,0.0,0.0,0.0,0.0,0.0,0.0,0.0,0.0,0.0,0.0,0.0,0.0,0.037926675094816696,0.02528445006321113,0.15170670037926678,0.9355246523388088,5.233881163084704,12.4905183312263,8.482932996207333,2.035398230088496,0.4804045512010115,0.12642225031605564,0.8579482664283528,0.032449030286454364,0.0,0.0,0.0,0.0,0.0,0.0,0.0,0.0,0.0,0.0,0.0,0.0,0.0,0.0,0.0,0.0,0.0,0.0,0.0,0.0,0.04014272970561999,0.026761819803746662,0.16057091882247995,0.9232827832292567,4.736842105263158,12.631578947368425,9.072256913470117,1.9268510258697595,0.41480820695807324,0.06690454950936665,0.4333,0.01627,0.0,0.0,0.0,0.0,0.0,0.0,0.0,0.0,0.0,0.0,0.0,0.6700379266750939,14.361567635903922,14.273072060682683,0.6953223767383061,0.0,0.0,0.0,0.0,0.0,0.0,0.0,0.0,0.0,0.0,0.0,0.0,0.0,0.0,0.0,0.4343,0.01675,0.0,0.0,0.0,0.0,0.0,0.0,0.0,0.0,0.0,0.0,0.0,0.5352363960749322,13.768956289027658,14.90633363068689,0.7894736842105265,0.0,0.0,0.0,0.0,0.0,0.0,0.0,0.0,0.0,0.0,0.0,0.0,0.0,0.0,0.0
80300,4431,2296,0.5181674565560821,1032,919,0.4403069284585872,1263,0.5700744752877455,0.44999999999999996,3.0599531615925057,3.102490198382814,6.553945249597423,2.1793359926782903,6649.800000000001,9.094947017729282e-13,6649.8,6649.8,6649.800000000001,9.094947017729282e-13,6649.800000000001,9.094947017729282e-13,28.03949447077409,20.917728432542948,32.862032085561495,19.202069355368504,0.1399232678853532,0.09659219137892124,0.09298126833671858,0.08688783570300158,0.07921462423832092,0.08463100880162491,0.06702775897088693,0.0631911532385466,0.052132701421800945,0.051907018731663285,0.045813586097946286,0.04129993229519296,0.03407808621078763,0.027758970886932972,0.019408711351839313,0.010607086436470323,0.0065447980139923265,0.8586495791889157,0.03313009320625536,0.0,0.0,0.0,0.0,0.0,0.0,0.0,0.0,0.0,0.0,0.0,0.0,0.0,0.0,0.0,0.0,0.0,0.0,0.0,0.0,0.0067704807041299945,0.02031144211238998,0.17603249830737988,0.988490182802976,4.752877454299256,12.28842247799594,8.984427894380502,2.2545700744752883,0.3926878808395397,0.13540961408259988,4.411558669001751,2.8903740578026476,2.5,1.9621416870348585,0.5666931321953156,4.440198159943383,2.9144679907582502,4.369400413507925,2.865946041271811,0.9840552732366431,0.4336,0.01611,0.0,0.0,0.0,0.0,0.0,0.0,0.0,0.0,0.0,0.0,0.0,0.4671631685849688,14.299255247122549,14.610697359512528,0.6228842247799595,0.0,0.0,0.0,0.0,0.0,0.0,0.0,0.0,0.0,0.0,0.0,0.0,0.0,0.0,0.0,nan,nan,4.4048865619546245,2.8898529578547527,nan,0.4336,0.0861,0.0,0.0,0.0,0.0,0.0,0.0,0.0,0.0,0.0,0.0,0.0,0.0,0.0,0.0,0.0,0.0,0.0,0.0,0.00018054615211013315,5.642067253441661e-05,4.513653802753329e-05,0.0002143985556307831,0.005472805235838411,0.004682915820356579,0.0,0.0018731663281426315,0.003689911983750846,0.005122997066125028,0.007345971563981043,0.008045587903407809,0.02112389979688558,0.024306025727826676,0.047427217332430605,0.03539832994809298,0.02507334687429474,0.01885578876100203,0.031358609794628754,0.035240352064996615,0.0534529451591063,0.04585872263597382,0.025750394944707742,0.02869555405100429,0.02443015120740239,0.03178740690589032,0.015256149853306252,0.042213947190250505,0.05709772060482961,0.04663732791694877,0.0813924621981494,0.02391108102008576,0.035206499661475966,0.0517603249830738,0.04324080343037689,0.024339878131347324,0.019848792597607762,0.007413676371022342,0.0182013089596028,0.013360415256149854,0.005179417738659445,0.002279395170390431,0.00022568269013766644,1.1284134506883322e-05,0.0005190701873166329,0.00022568269013766644,0.015447980139923267,0.0007673211464680659,0.0030015797788309636,0.0,0.00048521778379598284,0.005111712931618145,0.001196118257729632,3.3852403520649966e-05,0.0001466937485894832,0.0,0.0,0.0,0.0,0.0,0.0,0.0,0.0,0.0,0.0,0.0,0.0,0.0,0.0,0.0,0.0,0.0,0.0,0.0,0.0,0.0,0.0,0.0,0.0,0.0,0.0,0.0,0.0,nan,nan,4.4048865619546245,2.8898529578547527,nan,0.8587619165406409,0.03292243980684123,0.0,0.0,0.0,0.0,0.0,0.0,0.0,0.0,0.0,0.0,0.0,0.0,0.0,0.0,0.0,0.0,0.0,0.0,0.0,0.0,0.0,0.013066202090592338,0.1437282229965157,0.9799651567944221,4.939024390243903,12.177700348432058,8.963414634146343,2.286585365853659,0.3789198606271778,0.11759581881533103,0.8585287704959128,0.03335154069316473,0.0,0.0,0.0,0.0,0.0,0.0,0.0,0.0,0.0,0.0,0.0,0.0,0.0,0.0,0.0,0.0,0.0,0.0,0.0,0.0,0.014051522248243563,0.028103044496487126,0.21077283372365344,0.9976580796252895,4.552693208430914,12.407494145199067,9.007025761124124,2.2201405152224827,0.40749414519906335,0.1545667447306792,0.4333,0.01631,0.0,0.0,0.0,0.0,0.0,0.0,0.0,0.0,0.0,0.0,0.0,0.5226480836236926,14.503484320557494,14.281358885017426,0.692508710801394,0.0,0.0,0.0,0.0,0.0,0.0,0.0,0.0,0.0,0.0,0.0,0.0,0.0,0.0,0.0,0.4338,0.0159,0.0,0.0,0.0,0.0,0.0,0.0,0.0,0.0,0.0,0.0,0.0,0.40749414519906263,14.079625292740051,14.964871194379395,0.5480093676814989,0.0,0.0,0.0,0.0,0.0,0.0,0.0,0.0,0.0,0.0,0.0,0.0,0.0,0.0,0.0
80400,4552,2349,0.5160369068541301,1133,936,0.4545254833040422,1293,0.5681019332161688,0.45799999999999996,3.0313209260099865,3.0967775599174705,6.5927099841521395,2.0540734782583003,6649.800000000002,1.8189894035458565e-12,6649.8,6649.8,6649.800000000001,9.094947017729282e-13,6649.800000000001,9.094947017729282e-13,27.779657293497365,20.514440433872178,32.55610518094246,18.76421727292486,0.13576449912126537,0.10017574692442882,0.09468365553602812,0.085896309314587,0.08369947275922672,0.07776801405975395,0.06985940246045694,0.0632688927943761,0.059314586994727594,0.0507469244288225,0.04964850615114236,0.04591388400702988,0.031195079086115993,0.021309314586994726,0.014499121265377855,0.010105448154657293,0.006151142355008787,0.8596801098783112,0.03448821875266548,0.0,0.0,0.0,0.0,0.0,0.0,0.0,0.0,0.0,0.0,0.0,0.0,0.0,0.0,0.0,0.0,0.0,0.0,0.0,0.0,0.0,0.0,0.09885764499121268,1.1006151142354974,5.041739894551847,11.605887521968368,9.088312829525485,2.2671353251318105,0.593145869947276,0.2043057996485062,4.315413405920381,2.872391594384533,nan,nan,nan,4.271911663216011,2.8881694868212238,4.3577181208053695,2.856328924906151,1.020086196615021,0.434,0.01678,0.0,0.0,0.0,0.0,0.0,0.0,0.0,0.0,0.0,0.0,0.0,0.6985940246045684,13.635764499121269,14.97363796133568,0.6920035149384888,0.0,0.0,0.0,0.0,0.0,0.0,0.0,0.0,0.0,0.0,0.0,0.0,0.0,0.0,0.0,nan,nan,4.315413405920381,2.872391594384533,nan,0.434,0.086,0.0,0.0,0.0,0.0,0.0,0.0,0.0,0.0,0.0,0.0,0.0,0.0,0.0,0.0,0.0,0.0,0.0,2.1968365553602813e-05,0.00030755711775043936,0.0,2.1968365553602813e-05,0.0002196836555360281,0.005008787346221441,0.004470562390158172,1.0984182776801407e-05,0.0019332161687170475,0.00406414762741652,0.004723198594024604,0.007798769771528998,0.008578646748681898,0.02117750439367311,0.025681019332161686,0.04719903339191564,0.03344683655536028,0.022869068541300528,0.018025043936731107,0.03175527240773286,0.03570957820738137,0.053328207381370826,0.045057117750439364,0.025087873462214413,0.029591388400702988,0.02312170474516696,0.031041300527240773,0.015960017574692443,0.042915202108963095,0.05743629173989455,0.04493629173989455,0.08230448154657294,0.024813268892794376,0.03611599297012302,0.05447056239015817,0.04314586994727592,0.024044376098418276,0.02047451669595782,0.007238576449912127,0.01735500878734622,0.014378295254833041,0.005415202108963093,0.0018233743409490333,0.00046133567662565904,9.885764499121265e-05,0.00041739894551845344,0.00026362038664323376,0.015410808435852373,0.0011313708260105447,0.0023506151142355007,5.4920913884007027e-05,0.0005382249560632689,0.005228471001757469,0.0008677504393673111,0.0,9.885764499121265e-05,0.0,0.0,0.0,0.0,0.0,0.0,0.0,0.0,0.0,0.0,0.0,0.0,0.0,0.0,0.0,0.0,0.0,0.0,0.0,0.0,0.0,0.0,0.0,0.0,0.0,0.0,0.0,0.0,nan,nan,4.315413405920381,2.872391594384533,nan,0.8596064713519905,0.03446557761686852,0.0,0.0,0.0,0.0,0.0,0.0,0.0,0.0,0.0,0.0,0.0,0.0,0.0,0.0,0.0,0.0,0.0,0.0,0.0,0.0,0.0,0.0,0.07662835249042146,1.2132822477650027,4.8786717752235,11.724137931034486,9.09323116219668,2.1839080459770117,0.6257982120051087,0.2043422733077906,0.8597586286701075,0.034512170941525984,0.0,0.0,0.0,0.0,0.0,0.0,0.0,0.0,0.0,0.0,0.0,0.0,0.0,0.0,0.0,0.0,0.0,0.0,0.0,0.0,0.0,0.0,0.12256014525646848,0.9804811620517445,5.215615070358603,11.479800272355881,9.083068542896052,2.3558783477076717,0.5583295506128009,0.2042669087607808,0.4338,0.01666,0.0,0.0,0.0,0.0,0.0,0.0,0.0,0.0,0.0,0.0,0.0,0.7407407407407397,13.882503192848024,14.789272030651343,0.5874840357598979,0.0,0.0,0.0,0.0,0.0,0.0,0.0,0.0,0.0,0.0,0.0,0.0,0.0,0.0,0.0,0.4343,0.01689,0.0,0.0,0.0,0.0,0.0,0.0,0.0,0.0,0.0,0.0,0.0,0.6536541080344975,13.37267362687245,15.17022242396732,0.8034498411257378,0.0,0.0,0.0,0.0,0.0,0.0,0.0,0.0,0.0,0.0,0.0,0.0,0.0,0.0,0.0
80500,4548,2308,0.5074758135444152,1125,929,0.45162708883025504,1266,0.5567282321899736,0.474,2.970982142857143,3.0912545014181974,6.595541401273885,2.07627925263201,6649.800000000001,9.094947017729282e-13,6649.8,6649.8,6649.800000000001,9.094947017729282e-13,6649.800000000002,1.8189894035458565e-12,27.666666666666668,20.80426996516215,32.496342737722046,19.138546102486824,0.1378627968337731,0.10422163588390501,0.09476693051890941,0.08553210202286719,0.0839929639401935,0.07849604221635884,0.07102022867194371,0.06464379947229551,0.052330694810905895,0.0490325417766051,0.04683377308707124,0.036499560246262094,0.03408091468777485,0.025725593667546173,0.01693051890941073,0.010773966578715918,0.007255936675461741,0.8591376392853921,0.03430928985688018,0.0,0.0,0.0,0.0,0.0,0.0,0.0,0.0,0.0,0.0,0.0,0.0,0.0,0.0,0.0,0.0,0.0,0.0,0.0,0.0,0.0,0.02638522427440634,0.27044854881266495,1.1213720316622657,4.452506596306069,11.972295514511876,9.162269129287601,2.4208443271767814,0.48812664907651726,0.08575197889182061,4.28703386931235,2.896325759022394,3.9,3.7536648758246915,0.9097198946612401,4.237643872714963,2.875383698828534,4.334478021978022,2.9234873522845137,1.0228509407990953,0.4353,0.01622,0.0,0.0,0.0,0.0,0.0,0.0,0.0,0.0,0.0,0.0,0.0,0.4683377308707117,13.126649076517154,15.666226912928764,0.7387862796833775,0.0,0.0,0.0,0.0,0.0,0.0,0.0,0.0,0.0,0.0,0.0,0.0,0.0,0.0,0.0,nan,nan,4.285714285714286,2.8997672895668387,nan,0.4353,0.08636,0.0,0.0,0.0,0.0,0.0,0.0,0.0,0.0,0.0,0.0,0.0,0.0,0.0,0.0,0.0,0.0,0.0,1.0993843447669305e-05,0.00013192612137203166,0.0,0.0,0.00010993843447669306,0.00489226033421284,0.004243623570800352,0.0,0.0014511873350923482,0.004155672823218997,0.004419525065963061,0.007080035180299033,0.009124890061565524,0.020547493403693932,0.02562664907651715,0.04475593667546174,0.03287159190853122,0.02504397537379068,0.019415127528583993,0.030903693931398416,0.035367194371152155,0.05489226033421284,0.04186455584872471,0.026308267370272646,0.029771328056288477,0.02454925241864556,0.031585312225153914,0.016589709762532982,0.043623570800351806,0.0533311345646438,0.044349164467897974,0.08258575197889181,0.02358179419525066,0.0362467018469657,0.0551231310466139,0.04238126649076517,0.02453825857519789,0.021866754617414247,0.008289357959542656,0.01754617414248021,0.014226033421284081,0.005958663148636764,0.0020338610378188215,0.00030782761653474057,0.0001868953386103782,0.00017590149516270889,0.0002308707124010554,0.016347845206684256,0.0009454705364995603,0.0019898856640281444,0.0002088830255057168,0.0004947229551451188,0.006475373790677221,0.0012423043095866316,0.0,0.0,0.0,0.0,0.0,0.0,0.0,0.0,0.0,0.0,0.0,0.0,0.0,0.0,0.0,0.0,0.0,0.0,0.0,0.0,0.0,0.0,0.0,0.0,0.0,0.0,0.0,0.0,0.0,0.0,nan,nan,4.285714285714286,2.8997672895668387,nan,0.8595852897061839,0.03436295352031042,0.0,0.0,0.0,0.0,0.0,0.0,0.0,0.0,0.0,0.0,0.0,0.0,0.0,0.0,0.0,0.0,0.0,0.0,0.0,0.0,0.0,0.038994800693240905,0.2859618717504333,1.052859618717501,4.354419410745235,12.062391681109188,9.189774696707108,2.4046793760831893,0.5199306759098787,0.09098786828422879,0.8586763994768262,0.03424778938418394,0.0,0.0,0.0,0.0,0.0,0.0,0.0,0.0,0.0,0.0,0.0,0.0,0.0,0.0,0.0,0.0,0.0,0.0,0.0,0.0,0.0,0.013392857142857146,0.25446428571428575,1.191964285714282,4.55357142857143,11.879464285714288,9.133928571428573,2.4375000000000004,0.45535714285714296,0.08035714285714286,0.435,0.01622,0.0,0.0,0.0,0.0,0.0,0.0,0.0,0.0,0.0,0.0,0.0,0.4549393414211432,13.141247833622186,15.753899480069327,0.6499133448873484,0.0,0.0,0.0,0.0,0.0,0.0,0.0,0.0,0.0,0.0,0.0,0.0,0.0,0.0,0.0,0.4353,0.01622,0.0,0.0,0.0,0.0,0.0,0.0,0.0,0.0,0.0,0.0,0.0,0.48214285714285643,13.111607142857146,15.575892857142861,0.830357142857143,0.0,0.0,0.0,0.0,0.0,0.0,0.0,0.0,0.0,0.0,0.0,0.0,0.0,0.0,0.0
80600,4559,2369,0.5196314981355561,1096,916,0.4413248519412152,1289,0.5654748848431673,0.46599999999999997,3.060730593607306,3.079533472276645,6.515576323987539,2.0432794774555068,6649.800000000001,9.094947017729282e-13,6649.8,6649.8,6649.800000000001,9.094947017729282e-13,6649.800000000002,1.8189894035458565e-12,28.518096073700374,21.27943302890301,33.678805344511396,19.406063183364992,0.14257512612415002,0.0934415441982891,0.08971265628427287,0.08598376837025663,0.07896468523799079,0.07435841193244133,0.06668128975652556,0.06558455801710901,0.055494626014476856,0.053520508883527086,0.05044966001316078,0.0397016889668787,0.03290195218249616,0.029611756964246547,0.02412809826716385,0.01162535643781531,0.005264312349199386,0.8596236661458962,0.03336278632330444,0.0,0.0,0.0,0.0,0.0,0.0,0.0,0.0,0.0,0.0,0.0,0.0,0.0,0.0,0.0,0.0,0.0,0.0,0.0,0.0,0.006580390436499234,0.013160780872998467,0.1908313226584778,0.9541566132923857,4.566790962930468,12.127659574468089,9.252028953717922,2.3360386049572277,0.4672077209914456,0.08554507567449005,4.363359295631561,2.8069814923636094,4.5,3.730504880933232,1.031315483119907,4.280512474713419,2.7707784021503423,4.4471544715447155,2.8447734189925975,1.0389303845779478,0.4346,0.0165,0.0,0.0,0.0,0.0,0.0,0.0,0.0,0.0,0.0,0.0,0.0,0.500109673173941,13.7464356218469,14.983549023908756,0.7699056810704104,0.0,0.0,0.0,0.0,0.0,0.0,0.0,0.0,0.0,0.0,0.0,0.0,0.0,0.0,0.0,nan,nan,4.363636363636363,2.8091680682718745,nan,0.4346,0.0862,0.0,0.0,0.0,0.0,0.0,0.0,0.0,0.0,0.0,0.0,0.0,0.0,0.0,0.0,0.0,0.0,0.0,3.290195218249616e-05,0.0001645097609124808,0.0,0.0,3.290195218249616e-05,0.004924325509980259,0.004014038166264532,2.1934634788330774e-05,0.0014038166264531695,0.0054288221101118665,0.004156613292388682,0.007457775828032464,0.00920157929370476,0.019466988374643564,0.02677122175915771,0.045185347663961394,0.03400965123930687,0.023722307523579733,0.019412151787672735,0.031695547269137966,0.034185128317613514,0.055856547488484315,0.04103970168896688,0.02565255538495284,0.03220004386926958,0.02500548365869708,0.029425312568545733,0.017152884404474666,0.04617240622943628,0.05070190831322659,0.04343057688089493,0.0819368282518096,0.02365650361921474,0.03519412151787673,0.055911384075455144,0.04479052423777144,0.024040359728010528,0.02182496161438912,0.007359069971484975,0.017602544417635445,0.014356218468962493,0.005911384075455143,0.0028844044746654967,8.77385391533231e-05,0.00014257512612415003,0.00028515025224830007,0.00013160780872998465,0.015211669225707393,0.0007786795349857424,0.001645097609124808,0.00012064049133581926,0.0005703005044966001,0.006262338232068436,0.0013709146742706734,0.0,0.0,0.0,0.0,0.0,0.0,0.0,0.0,0.0,0.0,0.0,0.0,0.0,0.0,0.0,0.0,0.0,0.0,0.0,0.0,0.0,0.0,0.0,0.0,0.0,0.0,0.0,0.0,0.0,0.0,nan,nan,4.363636363636363,2.8091680682718745,nan,0.8598639507643931,0.03342060580434657,0.0,0.0,0.0,0.0,0.0,0.0,0.0,0.0,0.0,0.0,0.0,0.0,0.0,0.0,0.0,0.0,0.0,0.0,0.0,0.0,0.012663571127057833,0.012663571127057833,0.1899535669058675,0.9497678345293344,4.4322498944702415,12.195018995356694,9.193752638243986,2.5200506542845087,0.44322498944702415,0.05065428450823133,0.8593637418257047,0.03329817567242668,0.0,0.0,0.0,0.0,0.0,0.0,0.0,0.0,0.0,0.0,0.0,0.0,0.0,0.0,0.0,0.0,0.0,0.0,0.0,0.0,0.0,0.013698630136986304,0.19178082191780826,0.9589041095890382,4.712328767123289,12.054794520547949,9.315068493150687,2.1369863013698636,0.49315068493150693,0.12328767123287673,0.4346,0.01656,0.0,0.0,0.0,0.0,0.0,0.0,0.0,0.0,0.0,0.0,0.0,0.5192064162093702,13.752638243984807,15.006331785563532,0.7218235542422965,0.0,0.0,0.0,0.0,0.0,0.0,0.0,0.0,0.0,0.0,0.0,0.0,0.0,0.0,0.0,0.4348,0.01643,0.0,0.0,0.0,0.0,0.0,0.0,0.0,0.0,0.0,0.0,0.0,0.4794520547945198,13.739726027397264,14.958904109589044,0.8219178082191783,0.0,0.0,0.0,0.0,0.0,0.0,0.0,0.0,0.0,0.0,0.0,0.0,0.0,0.0,0.0
80700,4778,2391,0.5004185851820846,1130,1034,0.45290916701548767,1378,0.5768103809125157,0.44999999999999996,2.9049015500628403,3.018544322157276,6.483076923076923,2.100664307438097,6649.800000000001,9.094947017729282e-13,6649.8,6649.8,6649.800000000001,9.094947017729282e-13,6649.800000000001,9.094947017729282e-13,27.568229384679782,20.740650998830628,32.78895612708018,18.900783737444687,0.14922561741314358,0.09983256592716618,0.08915864378401005,0.08120552532440352,0.08706571787358727,0.07639179573043114,0.07095018836333193,0.06257848472164085,0.057555462536626203,0.04918375889493512,0.04395144411887819,0.044579321892005024,0.028463792381749686,0.02532440351611553,0.019045625784847215,0.011092507325240687,0.004395144411887819,0.8616410929845336,0.0338095494173695,0.0,0.0,0.0,0.0,0.0,0.0,0.0,0.0,0.0,0.0,0.0,0.0,0.0,0.0,0.0,0.0,0.0,0.0,0.0,0.0,0.006278777731268314,0.012557555462536629,0.14441188781917122,0.9041439933026343,4.351192967768942,11.5529510255337,9.6504813729594,2.6873168689828386,0.5713687735454166,0.11929677689409797,4.304885993485342,2.83444533579241,5.777777777777778,1.4740554623801778,1.342144202313694,4.276923076923077,2.8388749612064443,4.342330480579329,2.825631315395834,1.0152930979771813,0.4336,0.0165,0.0,0.0,0.0,0.0,0.0,0.0,0.0,0.0,0.0,0.0,0.0,0.514859773964001,14.453746337379659,14.240267894516537,0.7911259941398077,0.0,0.0,0.0,0.0,0.0,0.0,0.0,0.0,0.0,0.0,0.0,0.0,0.0,0.0,0.0,nan,nan,4.3091912958752845,2.83253782065924,nan,0.4336,0.0859,0.0,0.0,0.0,0.0,0.0,0.0,0.0,0.0,0.0,0.0,0.0,0.0,0.0,0.0,0.0,0.0,0.0,9.41816659690247e-05,0.00019882796149016326,2.092925910422771e-05,0.0,1.0464629552113855e-05,0.005922980326496442,0.0044474675596483885,4.185851820845542e-05,0.0013185433235663457,0.005525324403516115,0.004311427375470908,0.006906655504395145,0.008172875680200921,0.018417748011720386,0.030326496442025952,0.04367936375052323,0.03301590623691921,0.02282335705316032,0.02116994558392633,0.03364378401004604,0.03363331938049393,0.05640435328589368,0.03849937212222687,0.026308078694014234,0.034114692339891166,0.02448723315194642,0.02833821682712432,0.017611971536207617,0.0440351611552951,0.05411259941398074,0.044453746337379654,0.08215780661364587,0.02181875261615739,0.03909585600669736,0.051988279614901635,0.045479280033486814,0.024413980745081623,0.020447886144830472,0.008340309753034743,0.01784219338635412,0.013174968606111344,0.00507534533277522,0.0034428631226454585,1.0464629552113855e-05,7.325240686479699e-05,0.00031393888656341566,0.00033486814566764336,0.01449351192967769,0.0005650899958141482,0.0011301799916282964,0.0,0.0003976559229803265,0.005692758476349937,0.001663876098786103,0.0,0.0,0.0,0.0,0.0,0.0,0.0,0.0,0.0,0.0,0.0,0.0,0.0,0.0,0.0,0.0,0.0,0.0,0.0,0.0,0.0,0.0,0.0,0.0,0.0,0.0,0.0,0.0,0.0,0.0,nan,nan,4.3091912958752845,2.83253782065924,nan,0.8621115086967105,0.03453380629272453,0.0,0.0,0.0,0.0,0.0,0.0,0.0,0.0,0.0,0.0,0.0,0.0,0.0,0.0,0.0,0.0,0.0,0.0,0.0,0.0,0.012547051442910918,0.012547051442910918,0.150564617314931,0.8908406524466722,4.479297365119198,11.229611041405272,9.774153074027605,2.59723964868256,0.7026348808030115,0.150564617314931,0.8611698889762326,0.033061470707765134,0.0,0.0,0.0,0.0,0.0,0.0,0.0,0.0,0.0,0.0,0.0,0.0,0.0,0.0,0.0,0.0,0.0,0.0,0.0,0.0,0.0,0.01256807708420612,0.1382488479262673,0.9174696271470436,4.222873900293256,11.876832844574784,9.526602429828237,2.7775450356095526,0.4398826979472142,0.08797653958944283,0.434,0.01646,0.0,0.0,0.0,0.0,0.0,0.0,0.0,0.0,0.0,0.0,0.0,0.45169385194479234,14.215809284818071,14.366373902133002,0.9661229611041408,0.0,0.0,0.0,0.0,0.0,0.0,0.0,0.0,0.0,0.0,0.0,0.0,0.0,0.0,0.0,0.4333,0.01651,0.0,0.0,0.0,0.0,0.0,0.0,0.0,0.0,0.0,0.0,0.0,0.5781315458734805,14.692082111436953,14.113950565563472,0.6158357771260998,0.0,0.0,0.0,0.0,0.0,0.0,0.0,0.0,0.0,0.0,0.0,0.0,0.0,0.0,0.0
80800,4935,2505,0.5075987841945289,1124,1062,0.4429584599797366,1398,0.5665653495440729,0.45399999999999996,2.9008230452674897,2.989494524480167,6.436746987951807,2.039276748966768,6649.800000000001,9.094947017729282e-13,6649.8,6649.8,6649.800000000001,9.094947017729282e-13,6649.800000000001,9.094947017729282e-13,27.604660587639312,20.780903149904994,32.59820779849843,19.04865236375534,0.14265450861195542,0.10354609929078014,0.09179331306990882,0.09017223910840932,0.07477203647416414,0.0729483282674772,0.07781155015197569,0.06727456940222898,0.0547112462006079,0.04376899696048632,0.04437689969604863,0.04275582573454914,0.034245187436676795,0.027152988855116515,0.016616008105369808,0.009726443768996961,0.005673758865248227,0.8630529140749722,0.03432458793719224,0.0,0.0,0.0,0.0,0.0,0.0,0.0,0.0,0.0,0.0,0.0,0.0,0.0,0.0,0.0,0.0,0.0,0.0,0.0,0.0,0.006079027355623102,0.024316109422492408,0.15805471124620066,0.8996960486322161,3.9756838905775083,11.629179331306993,9.653495440729484,2.826747720364742,0.6686930091185412,0.15805471124620066,4.344356120826709,2.7904027164405525,3.0,1.6733200530681511,0.6905511234721511,4.423149905123339,2.823941279054405,4.260675589547483,2.751948574827066,0.9632672825789462,0.4324,0.01674,0.0,0.0,0.0,0.0,0.0,0.0,0.0,0.0,0.0,0.0,0.0,0.7902735562310019,14.881458966565352,13.714285714285717,0.6079027355623101,0.006079027355623102,0.0,0.0,0.0,0.0,0.0,0.0,0.0,0.0,0.0,0.0,0.0,0.0,0.0,0.0,nan,nan,4.342222222222222,2.7894975621122136,nan,0.4324,0.08655,0.0,0.0,0.0,0.0,0.0,0.0,0.0,0.0,0.0,0.0,0.0,0.0,0.0,0.0,0.0,0.0,0.0,1.0131712259371834e-05,0.000182370820668693,0.0,1.0131712259371834e-05,4.0526849037487334e-05,0.006940222897669706,0.0045390070921985815,0.00025329280648429586,0.0009321175278622087,0.006220871327254306,0.004782168186423506,0.006919959473150963,0.00828774062816616,0.017608915906788248,0.033080040526849035,0.04453900709219858,0.035835866261398175,0.02354609929078014,0.021246200607902735,0.033880445795339414,0.0360790273556231,0.05579533941236069,0.03670719351570415,0.025612968591691997,0.0325531914893617,0.024397163120567375,0.02634245187436677,0.01773049645390071,0.041681864235055724,0.05853090172239108,0.04053698074974671,0.08351570415400203,0.023140830800405267,0.03837892603850051,0.04987841945288754,0.045511651469098274,0.02353596757852077,0.018885511651469098,0.00801418439716312,0.017933130699088147,0.012370820668693008,0.004660587639311043,0.0038196555217831813,2.0263424518743667e-05,7.092198581560284e-05,0.00013171225937183383,0.00030395136778115504,0.01592705167173252,0.000729483282674772,0.0009321175278622087,0.0,0.00023302938196555217,0.005238095238095238,0.0019452887537993921,0.0,0.0,0.0,0.0,0.0,0.0,0.0,0.0,0.0,0.0,0.0,0.0,0.0,0.0,0.0,0.0,0.0,0.0,0.0,0.0,0.0,0.0,0.0,0.0,0.0,0.0,0.0,0.0,0.0,0.0,nan,nan,4.342222222222222,2.7894975621122136,nan,0.8622950881065247,0.03393587339044547,0.0,0.0,0.0,0.0,0.0,0.0,0.0,0.0,0.0,0.0,0.0,0.0,0.0,0.0,0.0,0.0,0.0,0.0,0.0,0.0,0.0,0.02395209580838324,0.20359281437125754,0.886227544910177,4.083832335329342,11.82035928143713,9.556886227544911,2.682634730538923,0.6347305389221559,0.10778443113772457,0.8638341297338038,0.03470342624911208,0.0,0.0,0.0,0.0,0.0,0.0,0.0,0.0,0.0,0.0,0.0,0.0,0.0,0.0,0.0,0.0,0.0,0.0,0.0,0.0,0.012345679012345682,0.024691358024691364,0.11111111111111113,0.9135802469135774,3.8641975308641983,11.432098765432102,9.753086419753087,2.9753086419753094,0.7037037037037039,0.2098765432098766,0.4324,0.01678,0.0,0.0,0.0,0.0,0.0,0.0,0.0,0.0,0.0,0.0,0.0,0.7904191616766455,14.814371257485034,13.772455089820362,0.6227544910179642,0.0,0.0,0.0,0.0,0.0,0.0,0.0,0.0,0.0,0.0,0.0,0.0,0.0,0.0,0.0,0.4321,0.01668,0.0,0.0,0.0,0.0,0.0,0.0,0.0,0.0,0.0,0.0,0.0,0.7901234567901223,14.95061728395062,13.654320987654325,0.5925925925925927,0.012345679012345682,0.0,0.0,0.0,0.0,0.0,0.0,0.0,0.0,0.0,0.0,0.0,0.0,0.0,0.0
80900,4893,2471,0.5050071530758226,1184,998,0.445943184140609,1411,0.5767422848967914,0.44599999999999995,2.955408753096614,3.0081903161627492,6.430916552667578,1.9908344310239947,6649.800000000001,9.094947017729282e-13,6649.8,6649.8,6649.800000000002,1.8189894035458565e-12,6649.800000000002,1.8189894035458565e-12,27.979153893316983,20.716877654761046,32.758286958625696,18.98676764044615,0.13733905579399142,0.09605558961782137,0.0956468424279583,0.08849376660535459,0.08134069078275087,0.07847946045370938,0.06969139587165338,0.061925199264255056,0.055998365011240545,0.05415900265685673,0.04312282853055385,0.04291845493562232,0.03719599427753934,0.024933578581647253,0.01634988759452279,0.010831800531371347,0.005518087063151441,0.8614983181390152,0.03365624682914756,0.0,0.0,0.0,0.0,0.0,0.0,0.0,0.0,0.0,0.0,0.0,0.0,0.0,0.0,0.0,0.0,0.0,0.0,0.0,0.0,0.0,0.04904966278356838,0.16554261189454328,0.8767627222562817,4.169221336603312,11.722869405272842,9.791538933169836,2.6486817903126925,0.4966278356836298,0.07970570202329862,4.273824650571791,2.7965741403078517,4.642857142857143,2.4671308627386495,1.08634712990295,4.2876884422110555,2.7827807182829414,4.263057324840764,2.807900288215555,0.9942553854594925,0.4321,0.01595,0.0,0.0,0.0,0.0,0.0,0.0,0.0,0.0,0.0,0.0,0.0,0.6315144083384417,15.309625996321278,13.666462293071739,0.392397302268547,0.0,0.0,0.0,0.0,0.0,0.0,0.0,0.0,0.0,0.0,0.0,0.0,0.0,0.0,0.0,nan,nan,4.275458570524984,2.795308461403438,nan,0.4321,0.0868,0.0,0.0,0.0,0.0,0.0,0.0,0.0,0.0,0.0,0.0,0.0,0.0,0.0,0.0,0.0,0.0,0.0,0.0,0.00042918454935622315,0.0,0.0,1.0218679746576742e-05,0.006233394645411813,0.004097690578377273,0.00030656039239730225,0.0006642141835274882,0.006243613325158389,0.00495605967708972,0.008461066830165542,0.008348661352953198,0.018955650929899856,0.032250153280196196,0.04396076026977314,0.03601062742693644,0.023727774371551196,0.020590639689352135,0.03523400776619661,0.03612303290414878,0.055385244226445945,0.0358982219497241,0.026047414674024116,0.03253627631310035,0.02632331902718169,0.02587369711833231,0.017545473124872268,0.04141630901287554,0.056754547312487226,0.04238708358880033,0.08095238095238096,0.021714694461475576,0.03802370733701206,0.04985693848354793,0.04771101573676681,0.02367668097281831,0.01923155528305743,0.00894134477825465,0.01721847537298181,0.012201103617412631,0.004434907010014306,0.00360719395054159,0.00018393623543838135,0.00010218679746576743,0.00013284283670549765,0.00042918454935622315,0.014234620886981401,0.000551808706315144,0.001430615164520744,3.0656039239730225e-05,0.0001941549151849581,0.0061516452074391985,0.002217453505007153,0.0,0.0,0.0,0.0,0.0,0.0,0.0,0.0,0.0,0.0,0.0,0.0,0.0,0.0,0.0,0.0,0.0,0.0,0.0,0.0,0.0,0.0,0.0,0.0,0.0,0.0,0.0,0.0,0.0,0.0,nan,nan,4.275458570524984,2.795308461403438,nan,0.8616194544847752,0.033576944391659584,0.0,0.0,0.0,0.0,0.0,0.0,0.0,0.0,0.0,0.0,0.0,0.0,0.0,0.0,0.0,0.0,0.0,0.0,0.0,0.0,0.0,0.012140833670578716,0.19425333872925946,0.8498583569405074,4.176446782679078,11.679481991096726,9.882638607851074,2.64670174018616,0.4613516794819912,0.09712666936462973,0.8613747310579365,0.033736513302492215,0.0,0.0,0.0,0.0,0.0,0.0,0.0,0.0,0.0,0.0,0.0,0.0,0.0,0.0,0.0,0.0,0.0,0.0,0.0,0.0,0.0,0.08670520231213875,0.13625103220478946,0.9042113955408725,4.1618497109826595,11.767134599504544,9.698596201486376,2.650701899256813,0.5326176713459951,0.06193228736581339,0.4321,0.01587,0.0,0.0,0.0,0.0,0.0,0.0,0.0,0.0,0.0,0.0,0.0,0.6191825171995134,15.273168757588024,13.779846216106842,0.32780250910562536,0.0,0.0,0.0,0.0,0.0,0.0,0.0,0.0,0.0,0.0,0.0,0.0,0.0,0.0,0.0,0.4324,0.01602,0.0,0.0,0.0,0.0,0.0,0.0,0.0,0.0,0.0,0.0,0.0,0.6440957886044582,15.346820809248557,13.55078447563997,0.4582989265070191,0.0,0.0,0.0,0.0,0.0,0.0,0.0,0.0,0.0,0.0,0.0,0.0,0.0,0.0,0.0
81000,4926,2464,0.5002030044660982,1191,1027,0.45026390580592773,1404,0.5700365408038977,0.44599999999999995,2.9073923639317627,2.9968088537374773,6.395982783357245,2.0109844523074716,6649.800000000001,9.094947017729282e-13,6649.8,6649.8,6649.800000000001,9.094947017729282e-13,6649.800000000001,9.094947017729282e-13,27.624644742184326,20.657331107557706,32.8272238514174,18.793150720245894,0.14778725131952902,0.09723913926106374,0.09439707673568819,0.07896873731222087,0.0775477060495331,0.08099878197320341,0.07166057653268372,0.05805927730410069,0.0659764514819326,0.05014210312626878,0.05115712545676005,0.03857084855866829,0.03126268777913114,0.02639058059277304,0.015428339423467316,0.009135200974421437,0.005278116118554608,0.8626912491523876,0.03425657595610209,0.0,0.0,0.0,0.0,0.0,0.0,0.0,0.0,0.0,0.0,0.0,0.0,0.0,0.0,0.0,0.0,0.0,0.0,0.0,0.0,0.0,0.012180267965895252,0.15225334957369063,0.9196102314250886,4.025578562728381,11.534713763702804,9.750304506699148,2.77101096224117,0.7003654080389771,0.13398294762484778,4.302568981921979,2.7503913276478067,4.2727272727272725,2.699862255439545,0.9930642113304651,4.292464878671775,2.782224534869873,4.312265331664581,2.7184507937582234,1.00461283983736,0.4326,0.01636,0.0,0.0,0.0,0.0,0.0,0.0,0.0,0.0,0.0,0.0,0.006090133982947626,0.682095006090133,14.872107186358102,13.915956151035326,0.5237515225334959,0.0,0.0,0.0,0.0,0.0,0.0,0.0,0.0,0.0,0.0,0.0,0.0,0.0,0.0,0.0,nan,nan,4.302465233881163,2.750217826746851,nan,0.4326,0.0864,0.0,0.0,0.0,0.0,0.0,0.0,0.0,0.0,0.0,0.0,0.0,0.0,0.0,0.0,0.0,0.0,0.0,0.0,0.00045676004872107184,0.0,1.0150223304912707e-05,6.090133982947625e-05,0.005927730410069021,0.0034612261469752336,0.0002842062525375558,0.0003958587088915956,0.006140885099472189,0.004689403166869671,0.00888144539179862,0.008647990255785627,0.01817904993909866,0.03183110028420625,0.04491473812423873,0.03670320747056435,0.023183110028420627,0.019478278522127485,0.0349878197320341,0.03798213560698335,0.053440925700365405,0.03735282176207876,0.026969143321153067,0.03279537149817296,0.025659764514819328,0.026116524563540397,0.01600690215184734,0.040509541209906616,0.05476045473000406,0.04366626065773447,0.08235891189606172,0.023223710921640276,0.03857084855866829,0.049857896873731225,0.048599269183922045,0.022949654892407634,0.018270401948842874,0.00801867641088104,0.017823792123426715,0.013489646772228988,0.004354445797807552,0.003055217214778725,0.00021315468940316686,0.00018270401948842875,0.0002537555826228177,0.0004060089321965083,0.015408038976857491,0.0008526187576126675,0.0012789281364190012,2.0300446609825415e-05,0.0002639058059277304,0.005470970361347949,0.0015529841656516444,0.0,2.0300446609825415e-05,0.0,1.0150223304912707e-05,0.0,0.0,0.0,0.0,0.0,0.0,0.0,0.0,0.0,0.0,0.0,0.0,0.0,0.0,0.0,0.0,0.0,0.0,0.0,0.0,0.0,0.0,0.0,0.0,0.0,0.0,nan,nan,4.302465233881163,2.750217826746851,nan,0.8628356699626167,0.03429206988204746,0.0,0.0,0.0,0.0,0.0,0.0,0.0,0.0,0.0,0.0,0.0,0.0,0.0,0.0,0.0,0.0,0.0,0.0,0.0,0.0,0.0,0.024350649350649355,0.15827922077922082,0.8644480519480492,3.9082792207792214,11.91964285714286,9.496753246753249,2.7759740259740266,0.6696428571428573,0.18262987012987017,0.8625467110222477,0.03422040609930159,0.0,0.0,0.0,0.0,0.0,0.0,0.0,0.0,0.0,0.0,0.0,0.0,0.0,0.0,0.0,0.0,0.0,0.0,0.0,0.0,0.0,0.0,0.14622258326563772,0.974817221770915,4.142973192526402,11.149471974004877,10.004061738424049,2.7660438667749805,0.7311129163281886,0.08529650690495534,0.4324,0.01598,0.0,0.0,0.0,0.0,0.0,0.0,0.0,0.0,0.0,0.0,0.0,0.5844155844155836,15.073051948051951,13.81899350649351,0.5235389610389611,0.0,0.0,0.0,0.0,0.0,0.0,0.0,0.0,0.0,0.0,0.0,0.0,0.0,0.0,0.0,0.4326,0.01674,0.0,0.0,0.0,0.0,0.0,0.0,0.0,0.0,0.0,0.0,0.012185215272136478,0.7798537774167332,14.670999187652319,14.012997562956949,0.5239642567018685,0.0,0.0,0.0,0.0,0.0,0.0,0.0,0.0,0.0,0.0,0.0,0.0,0.0,0.0,0.0
81100,4843,2522,0.5207516002477803,1191,988,0.44992773074540576,1338,0.5525500722692546,0.478,2.956053425247738,3.096711814592174,6.62015503875969,2.1327777805562165,6649.800000000001,9.094947017729282e-13,6649.8,6649.8,6649.800000000002,1.8189894035458565e-12,6649.800000000002,1.8189894035458565e-12,27.683460664877142,20.89631910695147,32.74239802224969,19.153556691332938,0.14412554201940947,0.10282882510840388,0.08858145777410696,0.08403881891389635,0.08754903985133182,0.07433409043981004,0.07226925459425976,0.05843485442907289,0.05905430518273797,0.05100144538509189,0.04480693784844105,0.03696056163534999,0.031385504852364236,0.029527152591368986,0.01837703902539748,0.009291761304976255,0.007433409043981004,0.8623499628214114,0.03460174994683141,0.0,0.0,0.0,0.0,0.0,0.0,0.0,0.0,0.0,0.0,0.0,0.0,0.0,0.0,0.0,0.0,0.0,0.0,0.0,0.0,0.0,0.006194507536650838,0.1982242411728268,0.8672310551311144,4.1007639892628545,11.763369812099942,9.520958083832337,2.676027255833162,0.7061738591781955,0.16105719595292178,4.216077170418006,2.8792860483782365,4.4,2.870540018881465,1.0436241610738257,4.2838956078930615,2.91786378427389,4.147668393782383,2.8378378352464906,0.9682001555174033,0.4326,0.0159,0.0,0.0,0.0,0.0,0.0,0.0,0.0,0.0,0.0,0.0,0.0,0.5637001858352253,15.027875283914932,13.925252942391083,0.4831715878587653,0.0,0.0,0.0,0.0,0.0,0.0,0.0,0.0,0.0,0.0,0.0,0.0,0.0,0.0,0.0,nan,nan,4.216372391653291,2.8792814450511135,nan,0.4326,0.08655,0.0,0.0,0.0,0.0,0.0,0.0,0.0,0.0,0.0,0.0,0.0,0.0,0.0,0.0,0.0,0.0,0.0,0.0,0.0005884782159818295,0.0,0.0,0.00010324179227751394,0.005461490811480487,0.003252116456741689,0.00024778030146603347,0.0002684286599215362,0.00637001858352261,0.00503819946314268,0.008827173239727442,0.009446623993392526,0.01769564319636589,0.03269667561428866,0.043506091265744375,0.03605203386330787,0.024313442081354532,0.01902746231674582,0.03401817055544084,0.03950030972537683,0.05365475944662399,0.03508156101589924,0.02630600867231055,0.033822011150113566,0.027503613462729712,0.027131943010530662,0.017365269461077845,0.04384678918026017,0.054325831096427836,0.04101796407185629,0.07956844930828,0.0218356390666942,0.038860210613256244,0.050722692545942596,0.049236010737146396,0.021763369812099937,0.018759033656824284,0.0077741069584967995,0.016467065868263474,0.014412554201940946,0.003912863927317778,0.0022093743547387983,0.00022713194301053066,0.00032004955606029323,8.259343382201115e-05,0.000784637621309106,0.017458187074127607,0.0009807970266363824,0.0010427421020028909,2.0648358455502788e-05,0.00017551104687177368,0.005606029320669007,0.001311170761924427,0.0,0.0,0.0,0.0,0.0,0.0,0.0,0.0,0.0,0.0,0.0,0.0,0.0,0.0,0.0,0.0,0.0,0.0,0.0,0.0,0.0,0.0,0.0,0.0,0.0,0.0,0.0,0.0,0.0,0.0,nan,nan,4.216372391653291,2.8792814450511135,nan,0.86186390642511,0.034705606681562806,0.0,0.0,0.0,0.0,0.0,0.0,0.0,0.0,0.0,0.0,0.0,0.0,0.0,0.0,0.0,0.0,0.0,0.0,0.0,0.0,0.0,0.011895321173671692,0.23790642347343383,0.9278350515463889,4.175257731958764,11.562252180808885,9.611419508326726,2.6526566217287875,0.6661379857256148,0.154639175257732,0.8628781119948161,0.034480778088081726,0.0,0.0,0.0,0.0,0.0,0.0,0.0,0.0,0.0,0.0,0.0,0.0,0.0,0.0,0.0,0.0,0.0,0.0,0.0,0.0,0.0,0.0,0.15510555794915987,0.8013787160706568,4.019819043515727,11.9819043515726,9.422662645411462,2.701421800947868,0.7496768634209394,0.16803102111158988,0.4326,0.01596,0.0,0.0,0.0,0.0,0.0,0.0,0.0,0.0,0.0,0.0,0.0,0.5828707375099119,15.023790642347347,13.810467882632834,0.5828707375099128,0.0,0.0,0.0,0.0,0.0,0.0,0.0,0.0,0.0,0.0,0.0,0.0,0.0,0.0,0.0,0.4324,0.01584,0.0,0.0,0.0,0.0,0.0,0.0,0.0,0.0,0.0,0.0,0.0,0.5428694528220587,15.032313657906078,14.0499784575614,0.3748384317104697,0.0,0.0,0.0,0.0,0.0,0.0,0.0,0.0,0.0,0.0,0.0,0.0,0.0,0.0,0.0
81200,4881,2496,0.5113706207744315,1196,974,0.4445810284777709,1347,0.5519360786724032,0.45399999999999996,3.0234800838574425,3.102760326167152,6.548295454545454,2.0671806236728396,6649.800000000002,1.8189894035458565e-12,6649.8,6649.8,6649.800000000002,1.8189894035458565e-12,6649.800000000002,1.8189894035458565e-12,28.111452571194427,21.0482094108269,33.14715228550477,19.26934367213017,0.14279860684286008,0.0973161237451342,0.09670149559516493,0.0842040565457898,0.07682851874615858,0.07334562589633271,0.06433107969678345,0.06023355869698832,0.06535545994673223,0.05654578979717271,0.04404835074779758,0.04220446629788978,0.03359967219832002,0.02519975414874001,0.0182339684490883,0.011677934849416103,0.007375537799631223,0.8631600983024157,0.03466257504232057,0.0,0.0,0.0,0.0,0.0,0.0,0.0,0.0,0.0,0.0,0.0,0.0,0.0,0.0,0.0,0.0,0.0,0.0,0.0,0.0,0.0,0.030731407498463436,0.20897357098955135,0.8358942839582026,4.044253226797788,11.333743085433316,9.840196681007992,2.8395820528580216,0.7129686539643517,0.15365703749231718,4.388746803069053,2.8529208283839327,1.7142857142857142,1.6659862556700857,0.39060939060939065,4.413043478260869,2.865837887707738,4.352641629535328,2.8410732743536573,0.9863128815695819,0.4321,0.01619,0.0,0.0,0.0,0.0,0.0,0.0,0.0,0.0,0.0,0.0,0.0,0.7191149354640433,14.824830977258761,13.964351567301785,0.491702519975415,0.0,0.0,0.0,0.0,0.0,0.0,0.0,0.0,0.0,0.0,0.0,0.0,0.0,0.0,0.0,nan,nan,4.382775119617225,2.8536146168755376,nan,0.4321,0.08673,0.0,0.0,0.0,0.0,0.0,0.0,0.0,0.0,0.0,0.0,0.0,0.0,0.0,0.0,0.0,0.0,0.0,0.0,0.0004199959024790002,1.024380249948781e-05,0.0,0.00015365703749231714,0.005367752509731613,0.00355459946732227,0.00014341323499282934,0.0004097520999795124,0.00678139725466093,0.005838967424708051,0.008338455234583077,0.008778938742061053,0.01646179061667691,0.03214505224339275,0.04800245851259988,0.03426551936078672,0.025281704568735915,0.01888957180905552,0.03455234583077238,0.04025814382298709,0.05549067813972547,0.0340299119032985,0.024830977258758453,0.03395820528580209,0.028733866011063307,0.025691456668715428,0.017557877484122106,0.04308543331284573,0.053636549887318176,0.041057160417947144,0.07693095677115346,0.02157344806392133,0.039633271870518336,0.05060438434746978,0.049006351157549685,0.023642696168817864,0.018746158574062692,0.009157959434542102,0.015652530219217375,0.013122311001843884,0.0035750870723212456,0.002458512599877074,7.170661749641467e-05,0.0006146281499692685,0.0001024380249948781,0.0006760909649661955,0.01702519975414874,0.0010653554599467322,0.0011985248924400737,3.073140749846343e-05,0.0002458512599877074,0.005716041794714198,0.0014238885474288055,0.0,0.0,0.0,0.0,0.0,0.0,0.0,0.0,0.0,0.0,0.0,0.0,0.0,0.0,0.0,0.0,0.0,0.0,0.0,0.0,0.0,0.0,0.0,0.0,0.0,0.0,0.0,0.0,0.0,0.0,nan,nan,4.382775119617225,2.8536146168755376,nan,0.8628640470978541,0.034688832505732736,0.0,0.0,0.0,0.0,0.0,0.0,0.0,0.0,0.0,0.0,0.0,0.0,0.0,0.0,0.0,0.0,0.0,0.0,0.0,0.0,0.0,0.03605769230769231,0.21634615384615388,0.7692307692307668,4.110576923076924,11.634615384615387,9.423076923076925,2.968750000000001,0.6971153846153848,0.14423076923076925,0.8634699279907114,0.03463236414189521,0.0,0.0,0.0,0.0,0.0,0.0,0.0,0.0,0.0,0.0,0.0,0.0,0.0,0.0,0.0,0.0,0.0,0.0,0.0,0.0,0.0,0.02515723270440252,0.20125786163522016,0.9056603773584877,3.9748427672955984,11.018867924528305,10.276729559748428,2.704402515723271,0.7295597484276731,0.1635220125786164,0.4324,0.0162,0.0,0.0,0.0,0.0,0.0,0.0,0.0,0.0,0.0,0.0,0.0,0.7451923076923066,14.627403846153848,14.086538461538465,0.5408653846153847,0.0,0.0,0.0,0.0,0.0,0.0,0.0,0.0,0.0,0.0,0.0,0.0,0.0,0.0,0.0,0.432,0.01617,0.0,0.0,0.0,0.0,0.0,0.0,0.0,0.0,0.0,0.0,0.0,0.6918238993710683,15.031446540880506,13.836477987421386,0.4402515723270441,0.0,0.0,0.0,0.0,0.0,0.0,0.0,0.0,0.0,0.0,0.0,0.0,0.0,0.0,0.0
81300,5007,2579,0.5150788895546236,1195,1023,0.44297982824046334,1429,0.5708008787697224,0.44199999999999995,2.9757001647446457,3.05937713116443,6.5201149425287355,2.1340555499415874,6649.800000000002,1.8189894035458565e-12,6649.8,6649.8,6649.800000000001,9.094947017729282e-13,6649.800000000002,1.8189894035458565e-12,27.99700419412822,21.012350287441418,32.961694028075186,19.28369191593665,0.13680846814459757,0.10685040942680248,0.0920711004593569,0.08767725184741362,0.07649290992610346,0.07349710405432394,0.0689035350509287,0.06450968643898541,0.05552226882364689,0.05632115038945476,0.04493708807669263,0.037347713201517876,0.03654883163571001,0.02756141402037148,0.016976233273417216,0.01078490113840623,0.007189934092270821,0.8625869965253297,0.03466892144090686,0.0,0.0,0.0,0.0,0.0,0.0,0.0,0.0,0.0,0.0,0.0,0.0,0.0,0.0,0.0,0.0,0.0,0.0,0.0,0.0,0.0,0.017974835230677055,0.14979029358897547,0.8807669263031729,4.248052726183344,11.336129418813664,9.856201318154586,2.7022168963451176,0.6111443978430199,0.1977231875374476,4.354968944099379,2.8477554906345555,4.666666666666667,2.494438257849294,1.0715728921533672,4.319332921556517,2.819229924726157,4.391656288916563,2.8754390204919225,1.0167441057852016,0.4316,0.01631,0.0,0.0,0.0,0.0,0.0,0.0,0.0,0.0,0.0,0.0,0.0,0.8148591971240252,15.254643499101261,13.517076093469147,0.4074295985620133,0.005991611743559019,0.0,0.0,0.0,0.0,0.0,0.0,0.0,0.0,0.0,0.0,0.0,0.0,0.0,0.0,nan,nan,4.355548667079975,2.8471707320734594,nan,0.4316,0.0862,0.0,0.0,0.0,0.0,0.0,0.0,0.0,0.0,0.0,0.0,0.0,0.0,0.0,0.0,0.0,0.0,0.0,0.0,0.0007789095266626723,2.9958058717795088e-05,9.986019572598363e-06,0.0001597763131615738,0.005042939884162173,0.0026862392650289593,3.994407829039345e-05,0.00054923107649291,0.0070701018573996405,0.006351108448172558,0.007938885560215698,0.009257040143798682,0.014809267026163371,0.03422208907529459,0.04662472538446175,0.03511084481725584,0.025084881166367087,0.01848412222887957,0.03519073297383663,0.038446175354503696,0.055382464549630514,0.037157978829638505,0.02583383263431196,0.03450169762332734,0.02908927501497903,0.024985020970641102,0.018424206111443978,0.04229079288995406,0.055602156980227684,0.04304973037747154,0.07728180547233873,0.022208907529458758,0.038875574196125424,0.050449370880766925,0.047293788695825845,0.02006191332135011,0.01779508687837028,0.008208508088675855,0.017835030956660676,0.01305172758138606,0.003195526263231476,0.0026962252846015576,5.9916117435590176e-05,0.0008488116636708608,4.993009786299181e-05,0.0005891751547833034,0.015957659277012183,0.0009286998202516477,0.0008188536049530658,0.00010984621529858199,0.00019972039145196724,0.005811863391252247,0.0014679448771719593,0.0,0.0,0.0,0.0,0.0,0.0,0.0,0.0,0.0,0.0,0.0,0.0,0.0,0.0,0.0,0.0,0.0,0.0,0.0,0.0,0.0,0.0,0.0,0.0,0.0,0.0,0.0,0.0,0.0,0.0,nan,nan,4.355548667079975,2.8471707320734594,nan,0.8626236854805046,0.03383250520084359,0.0,0.0,0.0,0.0,0.0,0.0,0.0,0.0,0.0,0.0,0.0,0.0,0.0,0.0,0.0,0.0,0.0,0.0,0.0,0.0,0.0,0.0,0.12795657231485075,0.8724311748739795,3.920124079100427,11.795269484296242,9.875920899573481,2.687088018611866,0.511826289259403,0.20938348196975576,0.8625480258435354,0.03553575881079958,0.0,0.0,0.0,0.0,0.0,0.0,0.0,0.0,0.0,0.0,0.0,0.0,0.0,0.0,0.0,0.0,0.0,0.0,0.0,0.0,0.0,0.0370675453047776,0.17298187808896215,0.8896210873146595,4.596375617792423,10.848434925864913,9.83525535420099,2.718286655683691,0.7166392092257003,0.18533772652388802,0.4316,0.01617,0.0,0.0,0.0,0.0,0.0,0.0,0.0,0.0,0.0,0.0,0.0,0.7793718495540896,15.098875533152388,13.702985653354016,0.4187669639395115,0.0,0.0,0.0,0.0,0.0,0.0,0.0,0.0,0.0,0.0,0.0,0.0,0.0,0.0,0.0,0.4314,0.01646,0.0,0.0,0.0,0.0,0.0,0.0,0.0,0.0,0.0,0.0,0.0,0.8525535420098833,15.420098846787482,13.319604612850085,0.39538714991762774,0.012355848434925867,0.0,0.0,0.0,0.0,0.0,0.0,0.0,0.0,0.0,0.0,0.0,0.0,0.0,0.0
81400,4627,2380,0.5143721633888049,1151,927,0.4491030905554355,1321,0.5709963259131187,0.44599999999999995,2.953271028037383,3.009116356206733,6.314285714285714,2.1073856110963813,6649.800000000002,1.8189894035458565e-12,6649.8,6649.8,6649.800000000002,1.8189894035458565e-12,6649.800000000001,9.094947017729282e-13,28.83185649448887,21.05829376769316,33.81378073770492,19.13599690933867,0.13939917873352065,0.08947482169872488,0.09012318997190404,0.07931705208558461,0.0832072617246596,0.0719688783228874,0.06743030041063323,0.06721417765290685,0.06137886319429436,0.05532742597795548,0.05035660255024854,0.04581802463799438,0.035444132267127726,0.025718608169440244,0.02118003025718608,0.011022260644045817,0.0056191917008861034,0.8622433116169607,0.035455052161812564,0.0,0.0,0.0,0.0,0.0,0.0,0.0,0.0,0.0,0.0,0.0,0.0,0.0,0.0,0.0,0.0,0.0,0.0,0.0,0.0,0.012967365463583319,0.0648368273179166,0.2204452128809164,0.9271666306462041,3.890209639074995,11.573373676248112,9.835746704127946,2.6064404581802467,0.6807866868381243,0.1880267992219581,4.160591133004926,2.7942276258290066,5.0,2.7774602993176543,1.2017523087852238,4.170439414114514,2.806019721554736,4.1613110539845755,2.7826711896158183,0.9978111754605415,0.4324,0.01598,0.0,0.0,0.0,0.0,0.0,0.0,0.0,0.0,0.0,0.0,0.0,0.6418845904473732,15.113464447806358,13.667603198616817,0.5770477631294576,0.0,0.0,0.0,0.0,0.0,0.0,0.0,0.0,0.0,0.0,0.0,0.0,0.0,0.0,0.0,nan,nan,4.164432821183393,2.7947254697799324,nan,0.4324,0.08575,0.0,0.0,0.0,0.0,0.0,0.0,0.0,0.0,0.0,0.0,0.0,0.0,0.0,0.0,0.0,0.0,0.0,0.0,0.0011778690296088178,1.0806137886319429e-05,0.0,0.0001080613788631943,0.0045493840501404795,0.0026799221958072185,1.0806137886319429e-05,0.000302571860816944,0.006559325696995894,0.005165333909660687,0.008547655068078669,0.008644910309055544,0.01439377566457748,0.03349902744759023,0.043851307542684244,0.03571428571428571,0.025221525826669547,0.017495137237951156,0.037205532742597795,0.03832937108277502,0.05393343419062027,0.03790793170520856,0.0253620056191917,0.034806570131834885,0.030246379943808084,0.024692025070239897,0.019051221093581153,0.043602766371298896,0.054441322671277284,0.048606008212664795,0.0718608169440242,0.02390317700453858,0.039334341906202726,0.0517830127512427,0.04658526042792306,0.020153447157985737,0.017246596066565808,0.008839420791009293,0.017862545926086017,0.01230819105251783,0.0038037605359844393,0.002820401988329371,0.00012967365463583316,0.0009509401339961098,0.0001080613788631943,0.0006591744110654851,0.015485195591095742,0.0009725524097687487,0.0009833585476550681,0.00011886751674951373,0.00027015344715798574,0.006375621352928463,0.0013291549600172898,0.0,0.0,0.0,0.0,0.0,0.0,0.0,0.0,0.0,0.0,0.0,0.0,0.0,0.0,0.0,0.0,0.0,0.0,0.0,0.0,0.0,0.0,0.0,0.0,0.0,0.0,0.0,0.0,0.0,0.0,nan,nan,4.164432821183393,2.7947254697799324,nan,0.8622004749895144,0.035578118745679274,0.0,0.0,0.0,0.0,0.0,0.0,0.0,0.0,0.0,0.0,0.0,0.0,0.0,0.0,0.0,0.0,0.0,0.0,0.0,0.0,0.012605042016806726,0.06302521008403363,0.27731092436974797,0.8193277310924344,3.7941176470588243,11.798319327731095,9.831932773109246,2.4957983193277316,0.7184873949579834,0.1890756302521009,0.86228868374572,0.03532417704498472,0.0,0.0,0.0,0.0,0.0,0.0,0.0,0.0,0.0,0.0,0.0,0.0,0.0,0.0,0.0,0.0,0.0,0.0,0.0,0.0,0.013351134846461953,0.06675567423230976,0.16021361815754342,1.0413885180240288,3.9919893190921236,11.335113484646199,9.839786381842458,2.723631508678238,0.6408544726301737,0.18691588785046734,0.4324,0.01613,0.0,0.0,0.0,0.0,0.0,0.0,0.0,0.0,0.0,0.0,0.0,0.8193277310924358,14.773109243697482,13.890756302521012,0.5168067226890757,0.0,0.0,0.0,0.0,0.0,0.0,0.0,0.0,0.0,0.0,0.0,0.0,0.0,0.0,0.0,0.4326,0.01581,0.0,0.0,0.0,0.0,0.0,0.0,0.0,0.0,0.0,0.0,0.0,0.4539385847797056,15.473965287049403,13.431241655540724,0.6408544726301737,0.0,0.0,0.0,0.0,0.0,0.0,0.0,0.0,0.0,0.0,0.0,0.0,0.0,0.0,0.0
81500,4407,2210,0.5014749262536873,1046,929,0.44815066938960746,1272,0.5772634445200817,0.47,3.025944469731452,3.114089230667831,6.723300970873787,1.9933889383605863,6649.8,0.0,6649.8,6649.8,6649.800000000001,9.094947017729282e-13,6649.800000000001,9.094947017729282e-13,27.781710914454276,20.72420388597458,32.59989229940765,19.010833857916978,0.13818924438393465,0.0943952802359882,0.10052189698207398,0.09031086907193102,0.07783072384842296,0.07964601769911504,0.06920807805763558,0.06262763784887679,0.06126616746085772,0.049693669162695714,0.04470161107329249,0.038574994327206714,0.03290220104379397,0.02518720217835262,0.017245291581574767,0.010891763104152484,0.0068073519400953025,0.8651631089303129,0.035299672849523685,0.0,0.0,0.0,0.0,0.0,0.0,0.0,0.0,0.0,0.0,0.0,0.0,0.0,0.0,0.0,0.0,0.0,0.0,0.0,0.0,0.0,0.034036759700476524,0.15656909462219198,0.7896528250510526,3.9006126616746095,10.762423417290675,10.204220558202861,3.2266848196051745,0.7351940095302929,0.19060585432266852,4.370461755375397,2.8710780943266596,4.285714285714286,3.010186786529354,0.9806090352908644,4.3222143364088,2.85212989172714,4.417421602787456,2.8894816409282726,1.0220274282968025,0.4326,0.0162,0.0,0.0,0.0,0.0,0.0,0.0,0.0,0.0,0.0,0.0,0.0,0.6330837304288622,14.74472430224643,14.159292035398233,0.4628999319264807,0.0,0.0,0.0,0.0,0.0,0.0,0.0,0.0,0.0,0.0,0.0,0.0,0.0,0.0,0.0,nan,nan,4.370253164556962,2.8714318295338597,nan,0.4326,0.0854,0.0,0.0,0.0,0.0,0.0,0.0,0.0,0.0,0.0,0.0,0.0,0.0,0.0,0.0,0.0,0.0,0.0,0.0,0.001372815974585886,0.0,0.0,4.538234626730202e-05,0.0040844111640571815,0.0025300658044020877,0.0,0.0003063308373042886,0.006693896074427048,0.004912638983435444,0.009121851599727705,0.00842977081915135,0.014998865441343318,0.03215339233038348,0.04498525073746313,0.03463807578851827,0.022577717267982755,0.018561379623326525,0.039562060358520536,0.03800771499886544,0.05465169049239846,0.03737236215112321,0.026128885863399138,0.03339006126616746,0.03176764238711141,0.0235761288858634,0.019684592693442252,0.04257998638529612,0.05428863172226004,0.047764919446335374,0.06931018833673701,0.025232584524619923,0.04140004538234627,0.05536646244610846,0.04681189017472203,0.01915135012480145,0.017891990015883822,0.00810074880871341,0.017778534150215568,0.01090310869071931,0.0036759700476514637,0.003278874517812571,0.0002269117313365101,0.001055139550714772,6.807351940095303e-05,0.0003290220104379396,0.01597458588609031,0.0012026321760835036,0.001100521896982074,0.00012480145223508056,4.538234626730202e-05,0.005808940322214659,0.0009757204447469934,0.0,0.0,0.0,0.0,0.0,0.0,0.0,0.0,0.0,0.0,0.0,0.0,0.0,0.0,0.0,0.0,0.0,0.0,0.0,0.0,0.0,0.0,0.0,0.0,0.0,0.0,0.0,0.0,0.0,0.0,nan,nan,4.370253164556962,2.8714318295338597,nan,0.8655866831136505,0.03613886488677867,0.0,0.0,0.0,0.0,0.0,0.0,0.0,0.0,0.0,0.0,0.0,0.0,0.0,0.0,0.0,0.0,0.0,0.0,0.0,0.0,0.0,0.05429864253393667,0.2036199095022625,0.7330316742081425,3.9095022624434397,10.547511312217196,10.371040723981903,3.081447963800906,0.8687782805429867,0.2307692307692308,0.864737028390861,0.034429631022324284,0.0,0.0,0.0,0.0,0.0,0.0,0.0,0.0,0.0,0.0,0.0,0.0,0.0,0.0,0.0,0.0,0.0,0.0,0.0,0.0,0.0,0.013654984069185257,0.10923987255348205,0.846609012289483,3.891670459717798,10.978607191624945,10.036413290851163,3.372781065088758,0.6008192990441512,0.1502048247610378,0.4326,0.01598,0.0,0.0,0.0,0.0,0.0,0.0,0.0,0.0,0.0,0.0,0.0,0.5972850678733024,14.755656108597288,14.280542986425342,0.3665158371040725,0.0,0.0,0.0,0.0,0.0,0.0,0.0,0.0,0.0,0.0,0.0,0.0,0.0,0.0,0.0,0.4324,0.01643,0.0,0.0,0.0,0.0,0.0,0.0,0.0,0.0,0.0,0.0,0.0,0.6690942193900764,14.73372781065089,14.037323623122443,0.5598543468365954,0.0,0.0,0.0,0.0,0.0,0.0,0.0,0.0,0.0,0.0,0.0,0.0,0.0,0.0,0.0
81600,4482,2286,0.5100401606425703,1049,924,0.4402052655064703,1277,0.5698348951361,0.46599999999999997,3.0245901639344264,3.0562927507819806,6.444272445820434,2.09506785102208,6649.800000000002,1.8189894035458565e-12,6649.8,6649.8,6649.800000000002,1.8189894035458565e-12,6649.800000000001,9.094947017729282e-13,28.44578313253012,21.236147677057716,33.677979690005344,19.33196844993391,0.14480142793395806,0.09593931280678268,0.09080767514502454,0.07452030343596609,0.0823293172690763,0.07630522088353414,0.06871932173136992,0.06113342257920571,0.0606871932173137,0.05042391789379741,0.04819277108433735,0.04462293618920125,0.035252119589468986,0.028781793842034806,0.019857206604194554,0.011155734047300312,0.006470325747434181,0.8672905183434221,0.034719378333219406,0.0,0.0,0.0,0.0,0.0,0.0,0.0,0.0,0.0,0.0,0.0,0.0,0.0,0.0,0.0,0.0,0.0,0.0,0.0,0.0,0.013386880856760378,0.026773761713520756,0.14725568942436415,0.6358768406961158,3.2396251673360115,11.204819277108436,10.29451137884873,3.393574297188756,0.816599732262383,0.22757697456492643,4.410807066158642,2.8041227762616066,4.714285714285714,2.813959371941744,1.0688034283919317,4.476190476190476,2.8161307723303297,4.346712802768166,2.790653814055999,0.9710741367886327,0.4329,0.01611,0.0,0.0,0.0,0.0,0.0,0.0,0.0,0.0,0.0,0.0,0.0,0.6693440428380177,14.638554216867472,14.1566265060241,0.5354752342704151,0.0,0.0,0.0,0.0,0.0,0.0,0.0,0.0,0.0,0.0,0.0,0.0,0.0,0.0,0.0,nan,nan,4.411541119557706,2.8041862357156884,nan,0.4329,0.0849,0.0,0.0,0.0,0.0,0.0,0.0,0.0,0.0,0.0,0.0,0.0,0.0,0.0,0.0,0.0,0.0,0.0,0.0,0.001282909415439536,0.0,0.0,8.92458723784025e-05,0.004194556001784917,0.0023873270861222667,0.0,0.00032351628737170904,0.006626506024096385,0.00466309683177153,0.008456046407853636,0.008087907184292727,0.013409192324854975,0.02994199018295404,0.04421017402945114,0.03684738955823293,0.021195894689870595,0.018340026773761713,0.0393908969210174,0.040450691655510934,0.05575635876840696,0.039033913431503794,0.025858991521642123,0.03399152164212405,0.03284248103525212,0.023862115127175367,0.01996876394466756,0.04239178937974119,0.05136099955377064,0.05126059794734494,0.07037037037037037,0.023058902275769746,0.042246764837126284,0.05393797411869701,0.04486836233824185,0.019544846050870146,0.01817269076305221,0.009683177153056671,0.01677822400713967,0.010943775100401607,0.004618473895582329,0.002811244979919679,0.00030120481927710846,0.0010821062025881303,0.0,0.0003458277554663097,0.015584560464078537,0.0015171798304328425,0.0009928603302097278,6.693440428380188e-05,3.346720214190094e-05,0.005276662204373048,0.0015283355644801428,1.1155734047300312e-05,0.0,0.0,0.0,0.0,0.0,0.0,0.0,0.0,0.0,0.0,0.0,0.0,0.0,0.0,0.0,0.0,0.0,0.0,0.0,0.0,0.0,0.0,0.0,0.0,0.0,0.0,0.0,0.0,0.0,nan,nan,4.411541119557706,2.8041862357156884,nan,0.8670641408087596,0.03476785397316995,0.0,0.0,0.0,0.0,0.0,0.0,0.0,0.0,0.0,0.0,0.0,0.0,0.0,0.0,0.0,0.0,0.0,0.0,0.0,0.0,0.013123359580052497,0.013123359580052497,0.18372703412073496,0.5774278215223079,3.464566929133859,10.93175853018373,10.393700787401576,3.4514435695538066,0.7874015748031498,0.18372703412073496,0.8675261736458985,0.034667273653445185,0.0,0.0,0.0,0.0,0.0,0.0,0.0,0.0,0.0,0.0,0.0,0.0,0.0,0.0,0.0,0.0,0.0,0.0,0.0,0.0,0.013661202185792353,0.04098360655737705,0.10928961748633882,0.6967213114754076,3.0054644808743176,11.48907103825137,10.191256830601095,3.3333333333333344,0.8469945355191258,0.273224043715847,0.4329,0.01611,0.0,0.0,0.0,0.0,0.0,0.0,0.0,0.0,0.0,0.0,0.0,0.6561679790026237,14.750656167979006,14.002624671916013,0.5905511811023623,0.0,0.0,0.0,0.0,0.0,0.0,0.0,0.0,0.0,0.0,0.0,0.0,0.0,0.0,0.0,0.4326,0.01608,0.0,0.0,0.0,0.0,0.0,0.0,0.0,0.0,0.0,0.0,0.0,0.6830601092896165,14.52185792349727,14.316939890710385,0.4781420765027323,0.0,0.0,0.0,0.0,0.0,0.0,0.0,0.0,0.0,0.0,0.0,0.0,0.0,0.0,0.0
81700,4566,2308,0.5054752518615856,1090,995,0.45663600525624176,1322,0.5790626368812966,0.45399999999999996,2.970770593445527,3.0429513768716467,6.544871794871795,2.004299700956859,6649.800000000002,1.8189894035458565e-12,6649.8,6649.8,6649.800000000001,9.094947017729282e-13,6649.800000000002,1.8189894035458565e-12,27.650021901007445,20.549944155007818,32.50169226763864,18.793165978016777,0.14038545773105562,0.09592641261498029,0.09395532194480946,0.0891371003066141,0.08322382829610162,0.07906263688129654,0.06789312308366185,0.06701708278580815,0.058694699956197985,0.047963206307490146,0.04664914586070959,0.04489706526500219,0.03131844064826982,0.02058694699956198,0.018834866403854577,0.008103372755146736,0.006351292159439334,0.8682489203900242,0.035601642823978284,0.0,0.0,0.0,0.0,0.0,0.0,0.0,0.0,0.0,0.0,0.0,0.0,0.0,0.0,0.0,0.0,0.0,0.0,0.0,0.0,0.0,0.006570302233902761,0.1708278580814718,0.7950065703022314,3.114323258869909,10.19053876478318,11.051248357424445,3.52168199737188,0.8278580814717479,0.32194480946123527,4.316253817441466,2.829221904885991,4.333333333333333,3.2998316455372216,1.0039570230607966,4.261888814467515,2.8082980896700063,4.371997254632807,2.8504689601994286,1.0258355966001542,0.432,0.01625,0.0,0.0,0.0,0.0,0.0,0.0,0.0,0.0,0.0,0.0,0.0,0.7950065703022328,15.131406044678059,13.61366622864652,0.45992115637319325,0.0,0.0,0.0,0.0,0.0,0.0,0.0,0.0,0.0,0.0,0.0,0.0,0.0,0.0,0.0,nan,nan,4.3162711864406775,2.8297402996999654,nan,0.432,0.0856,0.0,0.0,0.0,0.0,0.0,0.0,0.0,0.0,0.0,0.0,0.0,0.0,0.0,0.0,0.0,0.0,0.0,0.0,0.0016316250547525185,0.0,0.0,7.665352606219886e-05,0.00423784494086728,0.002912833990363557,0.0,0.00039421813403416555,0.007380639509417433,0.004829172141918529,0.0096035917652212,0.009275076653526062,0.014629872974156811,0.02932544897065265,0.041458607095926414,0.03486640385457731,0.0241239597021463,0.01780551905387648,0.038720981165133596,0.041655716162943494,0.05825667980727114,0.039476565922032414,0.02621550591327201,0.03416557161629435,0.03531537450722733,0.024189662724485327,0.017279894875164258,0.039684625492772664,0.05421594393342094,0.05134691195795007,0.06847349978098992,0.02151773981603154,0.04151335961454227,0.05135786246167324,0.04576215505913272,0.017455102934734998,0.018265440210249673,0.010446780551905387,0.016798072711344723,0.011322820849759089,0.0041721419185282525,0.0028580814717477005,0.00030661410424879544,0.0012812089356110381,2.1901007446342533e-05,0.00013140604467805518,0.014498466929478756,0.0019053876478318003,0.0009417433201927289,1.0950503723171266e-05,0.0,0.005989925536574682,0.001894437144108629,0.0,0.0,0.0,0.0,0.0,0.0,0.0,0.0,0.0,0.0,0.0,0.0,0.0,0.0,0.0,0.0,0.0,0.0,0.0,0.0,0.0,0.0,0.0,0.0,0.0,0.0,0.0,0.0,0.0,0.0,nan,nan,4.3162711864406775,2.8297402996999654,nan,0.8684267746462152,0.03628796401560132,0.0,0.0,0.0,0.0,0.0,0.0,0.0,0.0,0.0,0.0,0.0,0.0,0.0,0.0,0.0,0.0,0.0,0.0,0.0,0.0,0.0,0.01299826689774697,0.20797227036395152,0.883882149046791,3.0415944540727913,10.151646447140383,10.762564991334491,3.7564991334488744,0.9098786828422879,0.27296360485268634,0.8680671278199229,0.034885235908392834,0.0,0.0,0.0,0.0,0.0,0.0,0.0,0.0,0.0,0.0,0.0,0.0,0.0,0.0,0.0,0.0,0.0,0.0,0.0,0.0,0.0,0.0,0.13286093888396813,0.7041629760850288,3.1886625332152354,10.230292294065546,11.34632418069088,3.2816651904340133,0.7440212577502217,0.3720106288751108,0.4321,0.01611,0.0,0.0,0.0,0.0,0.0,0.0,0.0,0.0,0.0,0.0,0.0,0.7538994800693231,14.831022530329292,13.947140381282498,0.4679376083188909,0.0,0.0,0.0,0.0,0.0,0.0,0.0,0.0,0.0,0.0,0.0,0.0,0.0,0.0,0.0,0.4314,0.01639,0.0,0.0,0.0,0.0,0.0,0.0,0.0,0.0,0.0,0.0,0.0,0.8370239149689979,15.438441098317098,13.272807794508418,0.4517271922054917,0.0,0.0,0.0,0.0,0.0,0.0,0.0,0.0,0.0,0.0,0.0,0.0,0.0,0.0,0.0
81800,4675,2395,0.5122994652406417,1128,956,0.44577540106951874,1330,0.5689839572192513,0.44999999999999996,3.025,3.108390950032768,6.528528528528528,2.2212318221528977,6649.800000000002,1.8189894035458565e-12,6649.8,6649.8,6649.800000000002,1.8189894035458565e-12,6649.800000000002,1.8189894035458565e-12,28.002780748663103,20.865358871190946,32.81769776876268,19.16280153451081,0.13647058823529412,0.09903743315508022,0.0960427807486631,0.08620320855614973,0.08363636363636363,0.07572192513368985,0.07037433155080214,0.060748663101604275,0.05839572192513369,0.053262032085561496,0.044064171122994655,0.03807486631016043,0.03251336898395722,0.028449197860962568,0.021176470588235293,0.0106951871657754,0.0051336898395721925,0.8658165874200708,0.03357833866708229,0.0,0.0,0.0,0.0,0.0,0.0,0.0,0.0,0.0,0.0,0.0,0.0,0.0,0.0,0.0,0.0,0.0,0.0,0.0,0.0,0.0,0.07058823529411766,0.11550802139037436,0.6481283422459873,3.394652406417113,11.1144385026738,10.825668449197863,2.9839572192513377,0.6994652406417114,0.14759358288770055,4.3231484556625706,2.89656609946938,4.583333333333333,2.1778557242286634,1.0601841182043994,4.364112639161755,2.903552616154568,4.283422459893048,2.8838742227700545,0.9815105186459611,0.4316,0.01585,0.0,0.0,0.0,0.0,0.0,0.0,0.0,0.0,0.0,0.0,0.0,0.7251336898395712,15.51016042780749,13.37967914438503,0.38502673796791453,0.0,0.0,0.0,0.0,0.0,0.0,0.0,0.0,0.0,0.0,0.0,0.0,0.0,0.0,0.0,nan,nan,4.324181276877274,2.8941122403074275,nan,0.4316,0.0851,0.0,0.0,0.0,0.0,0.0,0.0,0.0,0.0,0.0,0.0,0.0,0.0,0.0,0.0,0.0,0.0,0.0,0.0,0.0011122994652406418,0.0,0.0,0.0,0.004962566844919786,0.002802139037433155,1.0695187165775402e-05,0.00032085561497326203,0.0062887700534759354,0.005219251336898396,0.009754010695187165,0.009026737967914438,0.014877005347593583,0.030598930481283423,0.040459893048128345,0.03519786096256684,0.023871657754010695,0.017411764705882352,0.03888770053475936,0.04242780748663102,0.060149732620320855,0.04002139037433155,0.026032085561497328,0.03500534759358289,0.0340855614973262,0.02374331550802139,0.015935828877005346,0.038962566844919784,0.054245989304812836,0.05034224598930481,0.06780748663101605,0.0212620320855615,0.04220320855614973,0.054588235294117646,0.047540106951871657,0.016342245989304813,0.01974331550802139,0.010181818181818183,0.01567914438502674,0.009903743315508022,0.003283422459893048,0.003176470588235294,0.00032085561497326203,0.0011871657754010695,0.0001818181818181818,0.0002994652406417112,0.015122994652406418,0.0014759358288770053,0.0007807486631016043,6.41711229946524e-05,0.0,0.00574331550802139,0.0012941176470588236,6.41711229946524e-05,0.0,0.0,0.0,0.0,0.0,0.0,0.0,0.0,0.0,0.0,0.0,0.0,0.0,0.0,0.0,0.0,0.0,0.0,0.0,0.0,0.0,0.0,0.0,0.0,0.0,0.0,0.0,0.0,0.0,nan,nan,4.324181276877274,2.8941122403074275,nan,0.866217587686033,0.03372983919563507,0.0,0.0,0.0,0.0,0.0,0.0,0.0,0.0,0.0,0.0,0.0,0.0,0.0,0.0,0.0,0.0,0.0,0.0,0.0,0.0,0.0,0.0501043841336117,0.12526096033402925,0.7014613778705615,3.3068893528183723,11.060542797494783,10.609603340292278,3.369519832985387,0.676409185803758,0.1002087682672234,0.865395361263501,0.033413274699591364,0.0,0.0,0.0,0.0,0.0,0.0,0.0,0.0,0.0,0.0,0.0,0.0,0.0,0.0,0.0,0.0,0.0,0.0,0.0,0.0,0.0,0.09210526315789476,0.10526315789473686,0.5921052631578929,3.486842105263159,11.17105263157895,11.052631578947372,2.578947368421053,0.723684210526316,0.19736842105263164,0.4316,0.01596,0.0,0.0,0.0,0.0,0.0,0.0,0.0,0.0,0.0,0.0,0.0,0.7265135699373685,15.219206680584554,13.716075156576203,0.338204592901879,0.0,0.0,0.0,0.0,0.0,0.0,0.0,0.0,0.0,0.0,0.0,0.0,0.0,0.0,0.0,0.4314,0.01575,0.0,0.0,0.0,0.0,0.0,0.0,0.0,0.0,0.0,0.0,0.0,0.7236842105263148,15.815789473684214,13.026315789473687,0.43421052631578955,0.0,0.0,0.0,0.0,0.0,0.0,0.0,0.0,0.0,0.0,0.0,0.0,0.0,0.0,0.0
81900,4391,2286,0.5206103393304486,1092,885,0.45023912548394446,1215,0.5534046914142564,0.45799999999999996,2.988598574821853,3.0073327933684406,6.33993399339934,2.082448101310818,6649.800000000001,9.094947017729282e-13,6649.8,6649.8,6649.800000000002,1.8189894035458565e-12,6649.800000000002,1.8189894035458565e-12,27.87064450011387,20.65563109409284,32.90290998096274,18.79294982103988,0.14393076747893419,0.1006604418127989,0.08266909587793213,0.08745160555682077,0.08107492598496925,0.07355955363242997,0.06877704395354134,0.07059895240264177,0.06331131860624004,0.048280573901161465,0.04645866545206103,0.04349806422227283,0.035982691869733546,0.023912548394443178,0.01616943748576634,0.008198588020951946,0.005465725347301298,0.8642225113063813,0.03473668860251708,0.0,0.0,0.0,0.0,0.0,0.0,0.0,0.0,0.0,0.0,0.0,0.0,0.0,0.0,0.0,0.0,0.0,0.0,0.0,0.0,0.006832156684126624,0.04099294010475974,0.12981097699840585,0.7447050785697996,3.9694830334775686,11.054429514916878,10.207242086085175,2.9788203142792082,0.6627191983602825,0.20496470052379873,4.2387848816672555,2.7980780998087034,4.75,2.817356917396161,1.1206041666666666,4.196189131968948,2.7861259532404734,4.284106891701828,2.809620404679487,1.0209518105518822,0.4324,0.01605,0.0,0.0,0.0,0.0,0.0,0.0,0.0,0.0,0.0,0.0,0.0,0.7173764518332943,14.962423138237307,13.930767478934186,0.3894329309952176,0.0,0.0,0.0,0.0,0.0,0.0,0.0,0.0,0.0,0.0,0.0,0.0,0.0,0.0,0.0,nan,nan,4.240225431489962,2.7982638314660333,nan,0.4324,0.08636,0.0,0.0,0.0,0.0,0.0,0.0,0.0,0.0,0.0,0.0,0.0,0.0,0.0,0.0,0.0,0.0,0.0,0.0,0.0014916875427009792,0.0,0.0,0.0,0.004531997267137326,0.0028922796629469367,2.2773855613755407e-05,0.00019357777271692097,0.006797995900705989,0.004554771122751082,0.009747210202687316,0.011466636301525848,0.014074242769300842,0.029822363926212708,0.04120929173309041,0.03388749715326805,0.024777954907765885,0.017672511956274197,0.03679116374402186,0.04087907082669096,0.061728535641084034,0.04103848781598725,0.025028467319517193,0.0340127533591437,0.030596675017080393,0.025358688225916647,0.014199498975176498,0.04082213618765657,0.055340469141425645,0.05067182874060579,0.06768389888408108,0.02222728307902528,0.04172170348439991,0.05356410840355272,0.04483033477567752,0.015281257116829879,0.021248007287633798,0.010749259849692553,0.015850603507173766,0.00962195399681166,0.003734912320655887,0.0036324299703939878,4.5547711227510815e-05,0.0013550444090184468,0.00015941698929628785,0.00037576861762696423,0.01751309496697791,0.001730813026645411,0.0010703712138465042,9.109542245502163e-05,4.5547711227510815e-05,0.006638578911409702,0.0010703712138465042,0.00012525620587565473,2.2773855613755407e-05,0.0,0.0,0.0,0.0,0.0,0.0,0.0,0.0,0.0,0.0,0.0,0.0,0.0,0.0,0.0,0.0,0.0,0.0,0.0,0.0,0.0,0.0,0.0,0.0,0.0,0.0,0.0,0.0,nan,nan,4.240225431489962,2.7982638314660333,nan,0.865021688105866,0.034693424227801764,0.0,0.0,0.0,0.0,0.0,0.0,0.0,0.0,0.0,0.0,0.0,0.0,0.0,0.0,0.0,0.0,0.0,0.0,0.0,0.0,0.013123359580052497,0.06561679790026248,0.11811023622047247,0.6561679790026226,3.8713910761154864,10.839895013123362,10.524934383202101,3.0446194225721794,0.6824146981627298,0.18372703412073496,0.863354616691834,0.034762808164900655,0.0,0.0,0.0,0.0,0.0,0.0,0.0,0.0,0.0,0.0,0.0,0.0,0.0,0.0,0.0,0.0,0.0,0.0,0.0,0.0,0.0,0.01425178147268409,0.14251781472684089,0.8408551068883584,4.07600950118765,11.287410926365798,9.862232779097388,2.907363420427554,0.641330166270784,0.22802850356294543,0.4324,0.01587,0.0,0.0,0.0,0.0,0.0,0.0,0.0,0.0,0.0,0.0,0.0,0.6036745406824138,15.209973753280844,13.779527559055122,0.4068241469816274,0.0,0.0,0.0,0.0,0.0,0.0,0.0,0.0,0.0,0.0,0.0,0.0,0.0,0.0,0.0,0.4324,0.01624,0.0,0.0,0.0,0.0,0.0,0.0,0.0,0.0,0.0,0.0,0.0,0.8408551068883598,14.693586698337295,14.095011876484564,0.37054631828978635,0.0,0.0,0.0,0.0,0.0,0.0,0.0,0.0,0.0,0.0,0.0,0.0,0.0,0.0,0.0
82000,4573,2274,0.4972665646184124,1054,1016,0.45265689919090313,1296,0.5668051607260004,0.43399999999999994,2.820356676816007,2.9493924373080094,6.308396946564885,1.9504173821443522,6649.800000000001,9.094947017729282e-13,6649.8,6649.8,6649.800000000001,9.094947017729282e-13,6649.800000000001,9.094947017729282e-13,27.977039142794663,20.891797870492947,32.67673638006713,19.24838174578878,0.1344850207741089,0.103214520008747,0.09140607916028864,0.08790728187185655,0.0859392083971135,0.0721626940739121,0.07369341788760114,0.06275967636125082,0.0553247321233326,0.052481959326481524,0.05116991034331948,0.03608134703695605,0.02930242729061885,0.021867483052700636,0.022523507544281653,0.01137109118740433,0.008309643560026241,0.8646674243647343,0.035728266388144185,0.0,0.0,0.0,0.0,0.0,0.0,0.0,0.0,0.0,0.0,0.0,0.0,0.0,0.0,0.0,0.0,0.0,0.0,0.0,0.0,0.0,0.013120489831620383,0.170566367811065,0.9249945331292341,3.798381806254101,10.91624753990816,10.083096435600265,3.0242729061884983,0.8003498797288434,0.26897004154821785,4.178667563930014,2.8302185641713615,3.4285714285714284,2.610809554642438,0.8204939436117469,4.20952380952381,2.8396448310378375,4.145129224652088,2.8201227947971326,0.9847026438653149,0.433,0.01611,0.0,0.0,0.0,0.0,0.0,0.0,0.0,0.0,0.0,0.0,0.0,0.6232232670019672,14.458779794445663,14.36037612070851,0.5576208178438663,0.0,0.0,0.0,0.0,0.0,0.0,0.0,0.0,0.0,0.0,0.0,0.0,0.0,0.0,0.0,nan,nan,4.176905001678415,2.829955991015185,nan,0.433,0.0866,0.0,0.0,0.0,0.0,0.0,0.0,0.0,0.0,0.0,0.0,0.0,0.0,0.0,0.0,0.0,0.0,0.0,1.0933741526350318e-05,0.0011808440848458343,0.0,0.0,0.0,0.0036300021867483054,0.003968948174065165,4.373496610540127e-05,8.746993221080254e-05,0.007074130767548655,0.005149792258911,0.007730155259129674,0.010408921933085501,0.013962387929149354,0.028744806472774984,0.04596544937677673,0.03214520008746993,0.025060135578394926,0.016695823310736935,0.035939208397113495,0.04125300677891974,0.06490268970041549,0.03907719221517603,0.02477585829870982,0.03375246009184343,0.03031926525256943,0.02490706319702602,0.01378744806472775,0.04056418106275968,0.055466870763175156,0.04767111305488738,0.07148480209927838,0.02041329542969604,0.04357095998250601,0.05242729061884977,0.04448939427071944,0.014618412420730373,0.0224688388366499,0.011917778263721845,0.014694948611414826,0.009774764924557184,0.0035972009621692545,0.004100153072381369,3.280122457905095e-05,0.0019024710255849551,0.00015307238136890445,0.0007981631314235732,0.018773234200743494,0.00137765143232014,0.0006997594576864203,1.0933741526350318e-05,9.840367373715286e-05,0.006625847364968292,0.0016181937458998469,7.653619068445222e-05,0.0,0.0,0.0,0.0,0.0,0.0,0.0,0.0,0.0,0.0,0.0,0.0,0.0,0.0,0.0,0.0,0.0,0.0,0.0,0.0,0.0,0.0,0.0,0.0,0.0,0.0,0.0,0.0,0.0,nan,nan,4.176905001678415,2.829955991015185,nan,0.8641735164083298,0.03568587922936014,0.0,0.0,0.0,0.0,0.0,0.0,0.0,0.0,0.0,0.0,0.0,0.0,0.0,0.0,0.0,0.0,0.0,0.0,0.0,0.0,0.0,0.02638522427440634,0.158311345646438,0.9762532981530313,3.812664907651716,11.029023746701851,10.105540897097628,2.941952506596307,0.6860158311345649,0.2638522427440634,0.8651559614212215,0.035763433617132835,0.0,0.0,0.0,0.0,0.0,0.0,0.0,0.0,0.0,0.0,0.0,0.0,0.0,0.0,0.0,0.0,0.0,0.0,0.0,0.0,0.0,0.0,0.18268812527185738,0.8742931709438859,3.784254023488474,10.804697694649851,10.060896041757287,3.1056981296215755,0.9134406263592868,0.27403218790778605,0.4336,0.01576,0.0,0.0,0.0,0.0,0.0,0.0,0.0,0.0,0.0,0.0,0.0,0.6200527704485479,13.94459102902375,14.973614775725597,0.46174142480211094,0.0,0.0,0.0,0.0,0.0,0.0,0.0,0.0,0.0,0.0,0.0,0.0,0.0,0.0,0.0,0.4326,0.01643,0.0,0.0,0.0,0.0,0.0,0.0,0.0,0.0,0.0,0.0,0.0,0.6263592866463671,14.967377120487171,13.753806002609833,0.6524575902566334,0.0,0.0,0.0,0.0,0.0,0.0,0.0,0.0,0.0,0.0,0.0,0.0,0.0,0.0,0.0
82100,4342,2216,0.5103638876093965,1064,906,0.45370796867802854,1223,0.5633348687240903,0.46599999999999997,3.056914393226717,3.0973628025136,6.630894308943089,1.9619191732810852,6649.800000000001,9.094947017729282e-13,6649.8,6649.8,6649.800000000001,9.094947017729282e-13,6649.800000000002,1.8189894035458565e-12,27.97950253339475,20.700943441215333,32.88907148726376,18.90940556235282,0.13887609396591433,0.10018424689083372,0.08959005066789498,0.08544449562413635,0.08935974205435283,0.06817134960847536,0.06287425149700598,0.06655918931368034,0.06655918931368034,0.05481345002303086,0.04583141409488715,0.03823122984799632,0.03661906955320129,0.02602487333026255,0.015200368493781667,0.009903270382312299,0.005757715338553662,0.8640959522571502,0.036043272674016205,0.0,0.0,0.0,0.0,0.0,0.0,0.0,0.0,0.0,0.0,0.0,0.0,0.0,0.0,0.0,0.0,0.0,0.0,0.0,0.0,0.006909258406264396,0.020727775218793185,0.1589129433440811,0.8843850760018398,3.9175495163519125,11.31736526946108,9.721326577614004,2.984799631506219,0.6771073238139107,0.3109166282818978,4.351746258018531,2.8210987508898318,4.636363636363637,3.023325299693798,1.065403027076928,4.284900284900285,2.824147992695105,4.420382165605096,2.8181864382738935,1.031618444233636,0.434,0.01636,0.0,0.0,0.0,0.0,0.0,0.0,0.0,0.0,0.0,0.0,0.0,0.6149239981575303,13.68724090280977,15.048364808843854,0.6494702901888532,0.0,0.0,0.0,0.0,0.0,0.0,0.0,0.0,0.0,0.0,0.0,0.0,0.0,0.0,0.0,nan,nan,4.35285764998225,2.821972430332523,nan,0.434,0.0865,0.0,0.0,0.0,0.0,0.0,0.0,0.0,0.0,0.0,0.0,0.0,0.0,0.0,0.0,0.0,0.0,0.0,0.0,0.001358820819898664,0.0,4.6061722708429294e-05,0.0,0.0034661446338093045,0.003938277291570705,2.3030861354214647e-05,0.00010363887609396591,0.007335329341317366,0.004537079686780286,0.008256563795485951,0.008682634730538923,0.01312759097190235,0.0283049286043298,0.04233072316904652,0.0319207738369415,0.025322432058959007,0.01720405343159834,0.03833486872409028,0.04085674804237679,0.0653961308152925,0.03855366190695532,0.024815753109166283,0.035513588208198985,0.02899585444495624,0.023641179180101335,0.011676646706586826,0.04265315522800553,0.0556655918931368,0.05061031782588669,0.07250115154306772,0.020877475817595578,0.042065868263473055,0.051646706586826345,0.04250345462920313,0.014923998157531091,0.02362966374942423,0.01260939659143252,0.01605251036388761,0.010824504836480885,0.0032934131736526945,0.004134039613081529,0.00016121602947950252,0.0022109626900046063,0.00018424689083371717,0.0012897282358360202,0.017365269461077845,0.0015660985720865961,0.0010248733302625518,0.00017273146015660986,3.4546292031321974e-05,0.006310456011054813,0.0019345923537540304,0.0,1.1515430677107323e-05,0.0,0.0,0.0,0.0,0.0,0.0,0.0,0.0,0.0,0.0,0.0,0.0,0.0,0.0,0.0,0.0,0.0,0.0,0.0,0.0,0.0,0.0,0.0,0.0,0.0,0.0,0.0,0.0,nan,nan,4.35285764998225,2.821972430332523,nan,0.8634538658312942,0.036052512370685706,0.0,0.0,0.0,0.0,0.0,0.0,0.0,0.0,0.0,0.0,0.0,0.0,0.0,0.0,0.0,0.0,0.0,0.0,0.0,0.0,0.0,0.040613718411552355,0.16245487364620942,0.7987364620938604,4.088447653429604,11.520758122743686,9.611913357400724,2.842960288808665,0.582129963898917,0.3519855595667871,0.8647652201403567,0.03602145908612465,0.0,0.0,0.0,0.0,0.0,0.0,0.0,0.0,0.0,0.0,0.0,0.0,0.0,0.0,0.0,0.0,0.0,0.0,0.0,0.0,0.01411100658513641,0.0,0.1552210724365005,0.973659454374409,3.7394167450611486,11.105362182502354,9.835371589840078,3.132643461900283,0.7761053621825026,0.2681091251175918,0.4338,0.01642,0.0,0.0,0.0,0.0,0.0,0.0,0.0,0.0,0.0,0.0,0.0,0.5821299638989161,13.754512635379065,15.054151624548739,0.6092057761732853,0.0,0.0,0.0,0.0,0.0,0.0,0.0,0.0,0.0,0.0,0.0,0.0,0.0,0.0,0.0,0.434,0.01631,0.0,0.0,0.0,0.0,0.0,0.0,0.0,0.0,0.0,0.0,0.0,0.6491063029162737,13.617121354656636,15.042333019755413,0.6914393226716841,0.0,0.0,0.0,0.0,0.0,0.0,0.0,0.0,0.0,0.0,0.0,0.0,0.0,0.0,0.0
82200,4700,2369,0.5040425531914894,1125,990,0.45,1369,0.5825531914893617,0.42599999999999993,2.8893178893178892,3.0391019592580637,6.559875583203732,2.074972986032125,6649.800000000002,1.8189894035458565e-12,6649.8,6649.8,6649.800000000001,9.094947017729282e-13,6649.800000000002,1.8189894035458565e-12,27.57,20.569694553943993,32.522236340533674,18.816642207619193,0.13893617021276597,0.09914893617021277,0.09595744680851064,0.09085106382978723,0.08148936170212766,0.07468085106382978,0.07446808510638298,0.06106382978723404,0.05914893617021277,0.05063829787234043,0.046170212765957445,0.03468085106382979,0.03468085106382979,0.025319148936170214,0.01872340425531915,0.010851063829787235,0.0031914893617021275,0.8643516064070641,0.0354044055195856,0.0,0.0,0.0,0.0,0.0,0.0,0.0,0.0,0.0,0.0,0.0,0.0,0.0,0.0,0.0,0.0,0.0,0.0,0.0,0.0,0.006382978723404257,0.051063829787234054,0.14042553191489365,0.9319148936170184,3.804255319148937,10.908510638297875,10.25744680851064,2.9872340425531925,0.7021276595744683,0.21063829787234048,4.286713286713287,2.8517679965255374,3.6666666666666665,1.7638342073763937,0.8553561718325177,4.25748502994012,2.842196223029246,4.312127236580517,2.8561709402173276,1.0128343860885323,0.4343,0.0165,0.0,0.0,0.0,0.0,0.0,0.0,0.0,0.0,0.0,0.0,0.006382978723404257,0.5999999999999991,13.340425531914896,15.402127659574472,0.6510638297872341,0.0,0.0,0.0,0.0,0.0,0.0,0.0,0.0,0.0,0.0,0.0,0.0,0.0,0.0,0.0,nan,nan,4.2848605577689245,2.849337056317266,nan,0.4343,0.0867,0.0,0.0,0.0,0.0,0.0,0.0,0.0,0.0,0.0,0.0,0.0,0.0,0.0,0.0,3.1914893617021275e-05,0.0,0.0,0.0,0.0011276595744680851,0.0,0.00023404255319148937,0.0,0.002968085106382979,0.004361702127659574,0.0,1.0638297872340426e-05,0.007351063829787234,0.004936170212765958,0.008372340425531914,0.008308510638297873,0.012489361702127659,0.029117021276595746,0.04259574468085106,0.02920212765957447,0.024872340425531915,0.016765957446808512,0.04054255319148936,0.040872340425531915,0.06992553191489362,0.039829787234042555,0.021404255319148937,0.03257446808510638,0.028787234042553192,0.022563829787234042,0.011851063829787234,0.04348936170212766,0.056340425531914894,0.048329787234042555,0.07387234042553191,0.0215,0.04176595744680851,0.049840425531914895,0.04479787234042553,0.01551063829787234,0.023308510638297874,0.013063829787234043,0.016159574468085105,0.011127659574468086,0.0034361702127659573,0.003925531914893617,0.0003297872340425532,0.0025319148936170212,0.0002127659574468085,0.0009787234042553192,0.015861702127659576,0.001925531914893617,0.0014468085106382979,0.00026595744680851064,4.2553191489361704e-05,0.006404255319148936,0.0023936170212765957,0.0,1.0638297872340426e-05,0.0,0.0,0.0,3.1914893617021275e-05,0.0,0.0,0.0,0.0,0.0,0.0,0.0,0.0,0.0,0.0,0.0,0.0,0.0,0.0,0.0,0.0,0.0,0.0,0.0,0.0,0.0,0.0,0.0,0.0,nan,nan,4.2848605577689245,2.849337056317266,nan,0.8641762224215905,0.035489779544620265,0.0,0.0,0.0,0.0,0.0,0.0,0.0,0.0,0.0,0.0,0.0,0.0,0.0,0.0,0.0,0.0,0.0,0.0,0.0,0.0,0.0,0.05065428450823133,0.13929928239763617,1.0510764035457967,3.7610806247361763,10.764035457999158,10.47277332207683,2.8746306458421285,0.6711692697340652,0.21528070915998315,0.8645298495051279,0.03531653590553115,0.0,0.0,0.0,0.0,0.0,0.0,0.0,0.0,0.0,0.0,0.0,0.0,0.0,0.0,0.0,0.0,0.0,0.0,0.0,0.0,0.012870012870012873,0.05148005148005149,0.14157014157014158,0.8108108108108083,3.8481338481338487,11.055341055341058,10.03861003861004,3.1016731016731023,0.7335907335907338,0.20592020592020596,0.4338,0.01628,0.0,0.0,0.0,0.0,0.0,0.0,0.0,0.0,0.0,0.0,0.0,0.5571971295905438,13.879273955255385,14.993668214436473,0.5698607007176024,0.0,0.0,0.0,0.0,0.0,0.0,0.0,0.0,0.0,0.0,0.0,0.0,0.0,0.0,0.0,0.4348,0.01671,0.0,0.0,0.0,0.0,0.0,0.0,0.0,0.0,0.0,0.0,0.012870012870012873,0.6435006435006425,12.792792792792795,15.817245817245821,0.7335907335907338,0.0,0.0,0.0,0.0,0.0,0.0,0.0,0.0,0.0,0.0,0.0,0.0,0.0,0.0,0.0
82300,4555,2265,0.4972557628979144,1092,965,0.45159165751920965,1314,0.5769484083424808,0.46199999999999997,2.8305676855895197,2.9995822316109213,6.286624203821656,2.141643381775033,6649.800000000002,1.8189894035458565e-12,6649.8,6649.8,6649.800000000002,1.8189894035458565e-12,6649.800000000002,1.8189894035458565e-12,27.811416026344677,20.837034318787637,32.78633150039277,19.081347930198387,0.14226125137211856,0.10208562019758508,0.09023051591657519,0.0858397365532382,0.0805708013172338,0.07200878155872667,0.07288693743139407,0.06761800219538969,0.06059275521405049,0.04632272228320527,0.04478594950603732,0.038858397365532385,0.03468715697036224,0.025027442371020857,0.019099890230515917,0.01119648737650933,0.005927552140504939,0.8652958918088878,0.03397245139671456,0.0,0.0,0.0,0.0,0.0,0.0,0.0,0.0,0.0,0.0,0.0,0.0,0.0,0.0,0.0,0.0,0.0,0.0,0.0,0.0,0.01317233809001098,0.02634467618002196,0.1317233809001098,0.7705817782656398,3.5367727771679482,11.045005488474207,10.439077936333701,3.306256860592756,0.5993413830954996,0.1317233809001098,4.288002726653033,2.8683709738489225,4.428571428571429,3.45820526768863,1.0327818592662406,4.359060402684563,2.912931442199686,4.214138641043239,2.825900982895556,0.966753899176971,0.4336,0.0163,0.0,0.0,0.0,0.0,0.0,0.0,0.0,0.0,0.0,0.0,0.0,0.5268935236004383,14.12074643249177,14.759604829857302,0.592755214050494,0.0,0.0,0.0,0.0,0.0,0.0,0.0,0.0,0.0,0.0,0.0,0.0,0.0,0.0,0.0,nan,nan,4.2886702849389415,2.8714746888270275,nan,0.4336,0.08606,0.0,0.0,0.0,0.0,0.0,0.0,0.0,0.0,0.0,0.0,0.0,0.0,0.0,0.0,6.586169045005489e-05,0.0,0.0,0.0,0.0010318331503841932,0.0,0.0001097694840834248,0.0,0.002974753018660812,0.0033040614709110867,0.0,2.1953896816684962e-05,0.0077826564215148185,0.005104281009879253,0.008979143798024149,0.008068057080131724,0.012294182217343578,0.03020856201975851,0.04114160263446762,0.029527991218441272,0.024807903402854006,0.017156970362239298,0.04482985729967069,0.03993413830954994,0.0676728869374314,0.03902305159165752,0.022854006586169043,0.036114160263446764,0.029527991218441272,0.02283205268935236,0.01226125137211855,0.04242590559824369,0.057332601536772776,0.04830954994511526,0.07088913282107574,0.022107574094401755,0.03997804610318331,0.050461031833150385,0.044983534577387484,0.014270032930845226,0.02354555433589462,0.012766190998902305,0.013754116355653129,0.012667398463227222,0.0033260153677277717,0.003402854006586169,0.0006695938529088913,0.0026783754116355652,0.0004500548847420417,0.0010208562019758506,0.01641053787047201,0.0016684961580680571,0.0011086717892425906,0.0003183315038419319,3.2930845225027445e-05,0.00588364434687157,0.0018441273326015367,0.0,2.1953896816684962e-05,0.0,1.0976948408342481e-05,0.0,3.2930845225027445e-05,0.0,0.0,0.0,0.0,0.0,0.0,0.0,0.0,0.0,0.0,0.0,0.0,0.0,0.0,0.0,0.0,0.0,0.0,0.0,0.0,0.0,0.0,0.0,0.0,nan,nan,4.2886702849389415,2.8714746888270275,nan,0.8650002262450212,0.034621552945900934,0.0,0.0,0.0,0.0,0.0,0.0,0.0,0.0,0.0,0.0,0.0,0.0,0.0,0.0,0.0,0.0,0.0,0.0,0.0,0.0,0.02649006622516557,0.02649006622516557,0.10596026490066228,0.7947019867549644,3.8807947019867557,10.993377483443712,10.026490066225167,3.258278145695365,0.7549668874172187,0.13245033112582785,0.8655883295827558,0.03331541791478084,0.0,0.0,0.0,0.0,0.0,0.0,0.0,0.0,0.0,0.0,0.0,0.0,0.0,0.0,0.0,0.0,0.0,0.0,0.0,0.0,0.0,0.02620087336244542,0.15720524017467252,0.7467248908296921,3.1965065502183414,11.096069868995636,10.847161572052405,3.353711790393014,0.44541484716157215,0.1310043668122271,0.4338,0.01599,0.0,0.0,0.0,0.0,0.0,0.0,0.0,0.0,0.0,0.0,0.0,0.43708609271523113,14.35761589403974,14.675496688741726,0.5298013245033114,0.0,0.0,0.0,0.0,0.0,0.0,0.0,0.0,0.0,0.0,0.0,0.0,0.0,0.0,0.0,0.4336,0.01659,0.0,0.0,0.0,0.0,0.0,0.0,0.0,0.0,0.0,0.0,0.0,0.6157205240174664,13.886462882096072,14.842794759825331,0.6550218340611355,0.0,0.0,0.0,0.0,0.0,0.0,0.0,0.0,0.0,0.0,0.0,0.0,0.0,0.0,0.0
82400,4373,2214,0.5062885890692889,1030,932,0.4486622455979877,1267,0.5794648982391951,0.44199999999999995,2.9916628068550253,3.023441680813124,6.487644151565074,2.0219786299875726,6649.800000000001,9.094947017729282e-13,6649.8,6649.8,6649.800000000001,9.094947017729282e-13,6649.800000000001,9.094947017729282e-13,27.978275783215185,20.789862215945934,32.96485013623978,18.96701902800236,0.14292247884747314,0.09581522981934598,0.0898696546992911,0.08552481134232792,0.07774982849302538,0.07843585639149325,0.0734049851360622,0.06608735421907158,0.055568259775897556,0.05419620397896181,0.04596386919734736,0.04436313743425566,0.030871255431054196,0.026297736107935055,0.014635261833981249,0.010519094443174023,0.007774982849302539,0.8650745776733871,0.03492953957318132,0.0,0.0,0.0,0.0,0.0,0.0,0.0,0.0,0.0,0.0,0.0,0.0,0.0,0.0,0.0,0.0,0.0,0.0,0.0,0.0,0.013720557969357424,0.07546306883146582,0.26755088040246977,0.7134690144065837,3.3409558655385325,10.96958609650126,10.81179967985365,2.9705008003658824,0.6311456665904415,0.20580836954036136,4.307555238774055,2.756549889754127,3.857142857142857,2.4159335036125373,0.8954366556749283,4.319858156028369,2.766920090712944,4.28863796753705,2.7418895698112578,0.9927728672183944,0.4338,0.01631,0.0,0.0,0.0,0.0,0.0,0.0,0.0,0.0,0.0,0.0,0.0,0.5076606448662239,14.132174708438146,14.715298422135836,0.6448662245597989,0.0,0.0,0.0,0.0,0.0,0.0,0.0,0.0,0.0,0.0,0.0,0.0,0.0,0.0,0.0,nan,nan,4.304209409267775,2.7544465070079074,nan,0.4338,0.08606,0.0,0.0,0.0,0.0,0.0,0.0,0.0,0.0,0.0,0.0,0.0,0.0,0.0,0.0,0.0001143379830779785,0.0,0.0,0.0,0.000766064486622456,0.0,4.5735193231191405e-05,0.0,0.0027898467871026755,0.0031099931397210153,1.1433798307797851e-05,1.1433798307797851e-05,0.007431968900068603,0.005602561170820947,0.009341413217470843,0.008529613537617196,0.013160301852275326,0.02856162817287903,0.042453693116853417,0.02936199405442488,0.026080493940086897,0.015572833295220672,0.04381431511548136,0.03911502401097645,0.0696661330894123,0.04060141779099017,0.020878115710038874,0.0361536702492568,0.027967070660873544,0.023645094900525954,0.011022181568717128,0.04159615824376858,0.056734507203292935,0.050983306654470616,0.07012348502172422,0.020763777726960895,0.039435170363594785,0.051840841527555456,0.044134461468099705,0.014703864623828035,0.023816601875142923,0.013160301852275326,0.014166476103361537,0.014109307111822548,0.0036245140635719187,0.003967528012805854,0.0003773153441573291,0.0027212439972558885,0.000457351932311914,0.0008346672764692431,0.016533272353075692,0.0016922021495540819,0.0008689686713926366,0.0002744111593871484,0.0,0.005762634347130116,0.0014749599817059228,0.0,0.0,0.0,0.0,3.430139492339355e-05,0.0,0.0,0.0,0.0,0.0,0.0,0.0,0.0,0.0,0.0,0.0,0.0,0.0,0.0,0.0,0.0,0.0,0.0,0.0,0.0,0.0,0.0,0.0,0.0,0.0,nan,nan,4.304209409267775,2.7544465070079074,nan,0.8640081042250536,0.0356780617951815,0.0,0.0,0.0,0.0,0.0,0.0,0.0,0.0,0.0,0.0,0.0,0.0,0.0,0.0,0.0,0.0,0.0,0.0,0.0,0.0,0.027100271002710032,0.0813008130081301,0.3252032520325204,0.6504065040650386,3.6314363143631443,11.219512195121954,10.379403794037943,2.737127371273713,0.6910569105691058,0.2574525745257453,0.8661682192734846,0.03411030062810748,0.0,0.0,0.0,0.0,0.0,0.0,0.0,0.0,0.0,0.0,0.0,0.0,0.0,0.0,0.0,0.0,0.0,0.0,0.0,0.0,0.0,0.06947660954145439,0.20842982862436318,0.7781380268642866,3.0430754979157024,10.713293191292266,11.25521074571561,3.2098193608151933,0.569708198239926,0.15284854099119966,0.4338,0.01598,0.0,0.0,0.0,0.0,0.0,0.0,0.0,0.0,0.0,0.0,0.0,0.4336043360433598,14.227642276422767,14.783197831978324,0.5555555555555557,0.0,0.0,0.0,0.0,0.0,0.0,0.0,0.0,0.0,0.0,0.0,0.0,0.0,0.0,0.0,0.4338,0.01662,0.0,0.0,0.0,0.0,0.0,0.0,0.0,0.0,0.0,0.0,0.0,0.5836035201482159,14.034275127373787,14.645669291338587,0.7364520611394166,0.0,0.0,0.0,0.0,0.0,0.0,0.0,0.0,0.0,0.0,0.0,0.0,0.0,0.0,0.0
82500,4183,2138,0.5111164236194119,995,847,0.4403538130528329,1178,0.5632321300502032,0.486,3.0924205378973104,3.219707994348113,6.911660777385159,2.1619840379462514,6649.800000000001,9.094947017729282e-13,6649.8,6649.8,6649.800000000001,9.094947017729282e-13,6649.800000000002,1.8189894035458565e-12,27.756873057614154,20.934501294886324,32.94170017231476,19.116553276452517,0.14606741573033707,0.10040640688501076,0.09777671527611762,0.08080325125508009,0.07841262251972268,0.07076261056657901,0.07219698780779345,0.06000478125747071,0.055223523786755914,0.06000478125747071,0.04829070045421946,0.04111881424814726,0.02916567057136027,0.02390628735357399,0.01673440114750179,0.011714080803251255,0.007410949079607937,0.8633731482076269,0.034999474917653546,0.0,0.0,0.0,0.0,0.0,0.0,0.0,0.0,0.0,0.0,0.0,0.0,0.0,0.0,0.0,0.0,0.0,0.0,0.0,0.014343772412144398,0.014343772412144398,0.04303131723643319,0.20081281377002158,0.8893138895529497,3.908677982309348,11.073392302175474,10.098015778149655,2.933301458283529,0.7315323930193642,0.09323452067893859,4.463855421686747,2.9246646729115167,5.181818181818182,3.7614837937413093,1.1608391608391606,4.5297138664710195,2.932293765405888,4.403683806600154,2.923646195119219,0.972177037317138,0.4333,0.01584,0.0,0.0,0.0,0.0,0.0,0.0,0.0,0.0,0.0,0.0,0.0,0.5880946688979193,14.142959598374375,14.781257470714802,0.4876882620129095,0.0,0.0,0.0,0.0,0.0,0.0,0.0,0.0,0.0,0.0,0.0,0.0,0.0,0.0,0.0,nan,nan,4.466816647919011,2.9289686956845875,nan,0.4333,0.0871,0.0,0.0,0.0,0.0,0.0,0.0,0.0,0.0,0.0,0.0,0.0,0.0,0.0,0.0,0.00029882859191967485,0.0,0.0,0.0,0.0007171886206072197,2.390628735357399e-05,4.781257470714798e-05,3.5859431030360984e-05,0.002844848195075305,0.0030360984939038966,0.0,0.00011953143676786995,0.0091919674874492,0.006251494142959598,0.009634233803490318,0.00871384174037772,0.013172364331819269,0.028902701410470955,0.04737030839110686,0.030659813530958643,0.023177145589289985,0.014487210136265838,0.03881185751852737,0.03863256036337557,0.06869471671049486,0.0430193640927564,0.020176906526416447,0.03670810423141286,0.02756394931867081,0.02347597418120966,0.010590485297633278,0.04358116184556538,0.05551039923499881,0.04860148218981592,0.07091800143437724,0.02055940712407363,0.03989959359311499,0.05095625149414296,0.0434735835524743,0.014690413578771216,0.024910351422424096,0.011953143676786996,0.015228305044226632,0.012957207745637103,0.0036098493903896725,0.003992349988046856,0.0004781257470714798,0.0028807076261056657,0.0005976571838393497,0.0010040640688501075,0.01710494860148219,0.0014104709538608653,0.0011355486492947646,0.0002749223045661009,1.1953143676786996e-05,0.006466650729141764,0.0012789863734162085,0.0,0.0,0.0,0.0,0.00015539086779823094,0.0,0.0,0.0,0.0,0.0,0.0,0.0,0.0,0.0,0.0,0.0,0.0,0.0,0.0,0.0,0.0,0.0,0.0,0.0,0.0,0.0,0.0,0.0,0.0,0.0,nan,nan,4.466816647919011,2.9289686956845875,nan,0.8627037839760169,0.034698274948049425,0.0,0.0,0.0,0.0,0.0,0.0,0.0,0.0,0.0,0.0,0.0,0.0,0.0,0.0,0.0,0.0,0.0,0.0,0.0,0.02806361085126287,0.02806361085126287,0.0420954162768943,0.1262862488306829,0.8980355472404088,4.027128157156222,11.26753975678204,9.962581852198317,2.8344246959775496,0.7015902712815717,0.0841908325537886,0.8640729529641952,0.035298055835369824,0.0,0.0,0.0,0.0,0.0,0.0,0.0,0.0,0.0,0.0,0.0,0.0,0.0,0.0,0.0,0.0,0.0,0.0,0.0,0.0,0.0,0.04400977995110025,0.2787286063569683,0.8801955990220021,3.784841075794622,10.870415647921762,10.239608801955992,3.0366748166259177,0.7628361858190711,0.10268948655256727,0.4333,0.0161,0.0,0.0,0.0,0.0,0.0,0.0,0.0,0.0,0.0,0.0,0.0,0.5753040224508879,14.087932647333961,14.817586529466794,0.519176800748363,0.0,0.0,0.0,0.0,0.0,0.0,0.0,0.0,0.0,0.0,0.0,0.0,0.0,0.0,0.0,0.4333,0.01555,0.0,0.0,0.0,0.0,0.0,0.0,0.0,0.0,0.0,0.0,0.0,0.6014669926650358,14.200488997555016,14.743276283618586,0.4547677261613693,0.0,0.0,0.0,0.0,0.0,0.0,0.0,0.0,0.0,0.0,0.0,0.0,0.0,0.0,0.0
82600,4601,2350,0.5107585307541839,1098,936,0.44207780917191913,1321,0.5742229950010868,0.44599999999999995,2.9822301199466903,3.0458723885277683,6.5030674846625764,2.01413481594344,6649.800000000001,9.094947017729282e-13,6649.8,6649.8,6649.800000000002,1.8189894035458565e-12,6649.800000000002,1.8189894035458565e-12,28.103455770484675,20.906415059074817,33.09222797927461,19.12688181564042,0.1380134753314497,0.09910888937187567,0.0938926320365138,0.0838948054770702,0.08346011736579005,0.07237557052814605,0.07215822647250597,0.06150836774614214,0.06063899152358183,0.05129319713105847,0.04368615518365573,0.043903499239295804,0.03434036079113236,0.026515974788089546,0.01717018039556618,0.012823299282764617,0.005216257335361878,0.8630755580111551,0.03559347520222535,0.0,0.0,0.0,0.0,0.0,0.0,0.0,0.0,0.0,0.0,0.0,0.0,0.0,0.0,0.0,0.0,0.0,0.0,0.0,0.0,0.006520321669202349,0.019560965007607047,0.22169093675287985,1.0628124320799792,3.6513801347533152,11.391001956096504,10.184742447294068,2.5950880243425347,0.6389915235818301,0.2282112584220822,4.328929539295393,2.796242725490607,5.181818181818182,3.4593268346255357,1.1970206802353294,4.366329966329967,2.788711793441516,4.2976995940460085,2.8098286054543617,0.9842819088769775,0.434,0.01616,0.0,0.0,0.0,0.0,0.0,0.0,0.0,0.0,0.0,0.0,0.0,0.521625733536187,13.85568354705499,15.016300804173008,0.6063899152358184,0.0,0.0,0.0,0.0,0.0,0.0,0.0,0.0,0.0,0.0,0.0,0.0,0.0,0.0,0.0,nan,nan,4.33209584880189,2.799475487537858,nan,0.434,0.0869,0.0,0.0,0.0,0.0,0.0,0.0,0.0,0.0,0.0,0.0,0.0,0.0,0.0,0.0,9.78048250380352e-05,0.0,0.0,0.0,0.0005324929363181917,8.69376222560313e-05,3.260160834601174e-05,0.0001738752445120626,0.002803738317757009,0.002803738317757009,0.0,7.607041947402738e-05,0.009095848728537274,0.006596392088676375,0.008769832645077157,0.008237339708758966,0.013573136274722886,0.027961312758096067,0.04898935014127364,0.031319278417735276,0.022093023255813953,0.014714192566833297,0.03739404477287546,0.0394479460986742,0.06822429906542056,0.04143664420778092,0.019506628993697022,0.03786133449250163,0.026418169963051512,0.023407954792436427,0.011432297326668115,0.04397956965876983,0.05478156922408172,0.04739187133231906,0.07176700717235383,0.020647685285807432,0.041023690502064766,0.053434036079113234,0.04103455770484677,0.015268419908715497,0.024907628776352966,0.012682025646598566,0.015529232775483591,0.013464464246902848,0.004488154748967616,0.0037600521625733535,0.0003912193001521408,0.002879808737231037,0.0009563138448163442,0.0009997826559443599,0.018191697457074548,0.0009128450336883286,0.001097587480982395,0.0001956096500760704,3.260160834601174e-05,0.005759617474462074,0.0011953923060204303,0.0,0.0,0.0,0.0,0.00014127363616605086,0.0,0.0,0.0,0.0,0.0,0.0,0.0,0.0,0.0,0.0,0.0,0.0,0.0,0.0,0.0,0.0,0.0,0.0,0.0,0.0,0.0,0.0,0.0,0.0,0.0,nan,nan,4.33209584880189,2.799475487537858,nan,0.8631048089899915,0.03480371428001806,0.0,0.0,0.0,0.0,0.0,0.0,0.0,0.0,0.0,0.0,0.0,0.0,0.0,0.0,0.0,0.0,0.0,0.0,0.0,0.0,0.0,0.025531914893617027,0.15319148936170215,1.0723404255319116,3.5617021276595753,11.719148936170216,10.161702127659575,2.4127659574468088,0.6638297872340427,0.22978723404255325,0.863045020561015,0.03639966729922025,0.0,0.0,0.0,0.0,0.0,0.0,0.0,0.0,0.0,0.0,0.0,0.0,0.0,0.0,0.0,0.0,0.0,0.0,0.0,0.0,0.013327410039982234,0.013327410039982234,0.2932030208796091,1.052865393158593,3.7450022212350076,11.048422923145273,10.20879609062639,2.785428698356287,0.6130608618391827,0.22656597067969797,0.4343,0.01591,0.0,0.0,0.0,0.0,0.0,0.0,0.0,0.0,0.0,0.0,0.0,0.4340425531914887,13.82553191489362,15.20425531914894,0.5361702127659576,0.0,0.0,0.0,0.0,0.0,0.0,0.0,0.0,0.0,0.0,0.0,0.0,0.0,0.0,0.0,0.4338,0.0164,0.0,0.0,0.0,0.0,0.0,0.0,0.0,0.0,0.0,0.0,0.0,0.6130608618391816,13.887161261661488,14.820079964460243,0.6796979120390938,0.0,0.0,0.0,0.0,0.0,0.0,0.0,0.0,0.0,0.0,0.0,0.0,0.0,0.0,0.0
82700,4419,2312,0.5231952930527268,1084,875,0.44331296673455534,1211,0.5480878026702874,0.49,3.0626483151400095,3.191984683313886,6.85445205479452,2.143254959878484,6649.800000000001,9.094947017729282e-13,6649.8,6649.8,6649.800000000001,9.094947017729282e-13,6649.800000000002,1.8189894035458565e-12,28.077393075356415,20.853705078874697,32.680511182108624,19.231443162916015,0.13102511880515955,0.10454854039375425,0.09753337859244172,0.08825526137135098,0.07807196198234895,0.07377234668477031,0.07105680018103644,0.06042090970807875,0.05182167911292147,0.05521611224258882,0.05250056573885494,0.041412084181941616,0.0373387644263408,0.025118805159538356,0.015840687938447614,0.00746775288526816,0.008599230595157275,0.8642332016491032,0.03457080495603547,0.0,0.0,0.0,0.0,0.0,0.0,0.0,0.0,0.0,0.0,0.0,0.0,0.0,0.0,0.0,0.0,0.0,0.0,0.0,0.0,0.0,0.020366598778004077,0.14256619144602853,0.7739307535641524,3.8968092328581134,11.405295315682284,9.945689069925324,2.966734555329261,0.6109979633401224,0.23761031907671423,4.3924674410418865,2.9801288867023987,4.428571428571429,2.9692299558323607,1.0082195230844964,4.400852878464819,2.9530703880547544,4.378472222222222,2.9986956237125564,0.9949144729758829,0.4343,0.0164,0.0,0.0,0.0,0.0,0.0,0.0,0.0,0.0,0.0,0.0,0.0,0.5159538357094358,13.591310251188055,15.173116089613037,0.7196198234894775,0.0,0.0,0.0,0.0,0.0,0.0,0.0,0.0,0.0,0.0,0.0,0.0,0.0,0.0,0.0,nan,nan,4.392556179775281,2.9801026836790037,nan,0.4343,0.08777,0.0,0.0,0.0,0.0,0.0,0.0,0.0,0.0,0.0,0.0,0.0,0.0,0.0,0.0,5.657388549445576e-05,0.0,0.0,0.0,0.0008372935053179453,0.00012446254808780267,1.1314777098891152e-05,0.00023761031907671418,0.0032926001357773253,0.002410047522063815,0.0,2.2629554197782303e-05,0.008916044353926228,0.0064607377234668474,0.009006562570717356,0.008961303462321792,0.014086897488119483,0.02930527268612808,0.04937768725956099,0.03168137587689523,0.02094365241004752,0.014222674813306179,0.037666892962208647,0.03939805385833899,0.0695519348268839,0.04121973297126046,0.019020140303236028,0.034940031681375876,0.0266010409594931,0.022754016745870107,0.00964019008825526,0.04164969450101833,0.05597420230821453,0.047714415026023985,0.06908802896582937,0.021147318397827564,0.04355057705363204,0.05219506675718488,0.04195519348268839,0.016236705136908804,0.025062231274043903,0.013362751753790451,0.014912876216338538,0.014618692011767367,0.004299615297578638,0.0033831183525684545,0.00023761031907671418,0.0036773025571396243,0.0010522742701968772,0.0006902014030323603,0.019325639284906087,0.001199366372482462,0.0007920343969223807,0.0002602398732744965,4.525910839556461e-05,0.005589499886852229,0.0010635890472957682,0.0,0.0,0.0,0.0,0.00016972165648336727,0.0,0.0,0.0,0.0,0.0,0.0,0.0,0.0,0.0,0.0,0.0,0.0,0.0,0.0,0.0,0.0,0.0,0.0,0.0,0.0,0.0,0.0,0.0,0.0,0.0,nan,nan,4.392556179775281,2.9801026836790037,nan,0.8652882854160966,0.03502507385860891,0.0,0.0,0.0,0.0,0.0,0.0,0.0,0.0,0.0,0.0,0.0,0.0,0.0,0.0,0.0,0.0,0.0,0.0,0.0,0.0,0.0,0.038927335640138415,0.11678200692041525,0.7785467128027657,3.529411764705883,11.522491349480973,10.04325259515571,2.932525951557094,0.7655709342560556,0.2724913494809689,0.863075463789925,0.03402774526478908,0.0,0.0,0.0,0.0,0.0,0.0,0.0,0.0,0.0,0.0,0.0,0.0,0.0,0.0,0.0,0.0,0.0,0.0,0.0,0.0,0.0,0.0,0.17085904129093502,0.768865685809205,4.299952539155198,11.27669672520171,9.838633127669674,3.004271476032274,0.4413858566682488,0.19933554817275753,0.434,0.0164,0.0,0.0,0.0,0.0,0.0,0.0,0.0,0.0,0.0,0.0,0.0,0.49307958477508584,13.728373702422148,15.012975778546716,0.7655709342560556,0.0,0.0,0.0,0.0,0.0,0.0,0.0,0.0,0.0,0.0,0.0,0.0,0.0,0.0,0.0,0.4343,0.0164,0.0,0.0,0.0,0.0,0.0,0.0,0.0,0.0,0.0,0.0,0.0,0.5410536307546266,13.440911248220221,15.34883720930233,0.6691979117228287,0.0,0.0,0.0,0.0,0.0,0.0,0.0,0.0,0.0,0.0,0.0,0.0,0.0,0.0,0.0
82800,4534,2270,0.5006616674018527,1033,974,0.44265549183943537,1279,0.5641817379797088,0.478,2.9659893992932864,3.1487266190386225,6.843393148450245,2.0117784257569995,6649.800000000001,9.094947017729282e-13,6649.8,6649.8,6649.800000000002,1.8189894035458565e-12,6649.800000000001,9.094947017729282e-13,27.765108072342304,20.943539746213986,32.827131169173924,19.19156371822943,0.14424349360388178,0.10013233348037054,0.09395677106307895,0.08822232024702249,0.07741508601676224,0.07168063520070578,0.0670489633877371,0.0655050727834142,0.054697838553153945,0.0599911777679753,0.04697838553153948,0.03705337450374945,0.03198059108954566,0.025584472871636524,0.016321129245699163,0.011248345831495369,0.007940008822232024,0.8660984399379693,0.03511330533165129,0.0,0.0,0.0,0.0,0.0,0.0,0.0,0.0,0.0,0.0,0.0,0.0,0.0,0.0,0.0,0.0,0.0,0.0,0.0,0.0,0.0,0.006616674018526689,0.1191001323334804,0.7543008381120401,3.5663872959858853,10.996912218791357,10.36832818703132,3.1032201146890173,0.8337009263343628,0.25143361270401415,4.466689678978254,2.907089376225043,5.6,2.727636339397171,1.2537248840803707,4.388697450034459,2.9132618930443255,4.548587181254307,2.8988608000009113,1.03643216080402,0.4338,0.01653,0.0,0.0,0.0,0.0,0.0,0.0,0.0,0.0,0.0,0.0,0.0,0.5491839435377143,14.053815615350686,14.728716365240409,0.6682840758711955,0.0,0.0,0.0,0.0,0.0,0.0,0.0,0.0,0.0,0.0,0.0,0.0,0.0,0.0,0.0,nan,nan,4.4686423156443835,2.907169685305702,nan,0.4338,0.0878,0.0,0.0,0.0,0.0,0.0,0.0,0.0,0.0,0.0,0.0,0.0,0.0,0.0,0.0,0.0,0.0,0.0,0.0,0.0005844728716365241,0.00011027790030877812,0.0,0.0003859726510807234,0.0033634759594177326,0.0026135862373180413,2.2055580061755625e-05,4.411116012351125e-05,0.009042787825319806,0.0068592853992059995,0.009958094397882665,0.008083370092633437,0.012670930745478606,0.02988531098367887,0.049845610939567714,0.0321570357300397,0.020092633436259374,0.014027348919276577,0.038288486987207764,0.04217026907807676,0.07067710630789589,0.041839435377150416,0.018791354212615793,0.03462726069695633,0.025220555800617557,0.023808998676665197,0.01027790030877812,0.0389170710189678,0.05419056021173357,0.046680635200705776,0.07151521835024262,0.022452580502867227,0.04230260255844729,0.04987869430966035,0.04338332598147331,0.014380238200264668,0.024459638288486987,0.013740626378473755,0.014920599911777679,0.014677988531098368,0.004168504631671813,0.003947948831054256,0.000176444640494045,0.004521393912659903,0.0010255844728716366,0.0006837229819144243,0.020037494486104986,0.0010366122629025143,0.0010366122629025143,0.00041905602117335686,7.719453021614468e-05,0.00468681076312307,0.00105866784296427,0.0,1.1027790030877813e-05,0.0,0.0,0.0001654168504631672,0.0,0.0,0.0,0.0,0.0,0.0,0.0,0.0,0.0,0.0,0.0,0.0,0.0,0.0,0.0,0.0,0.0,0.0,0.0,0.0,0.0,0.0,0.0,0.0,0.0,nan,nan,4.4686423156443835,2.907169685305702,nan,0.8658214402618912,0.03495547356430781,0.0,0.0,0.0,0.0,0.0,0.0,0.0,0.0,0.0,0.0,0.0,0.0,0.0,0.0,0.0,0.0,0.0,0.0,0.0,0.0,0.0,0.0,0.11894273127753306,0.8458149779735656,3.555066079295155,10.757709251101323,10.559471365638768,3.1321585903083706,0.7797356828193834,0.25110132158590315,0.8663761737121289,0.03526866216376142,0.0,0.0,0.0,0.0,0.0,0.0,0.0,0.0,0.0,0.0,0.0,0.0,0.0,0.0,0.0,0.0,0.0,0.0,0.0,0.0,0.0,0.013250883392226152,0.11925795053003536,0.6625441696113054,3.577738515901061,11.236749116607777,10.176678445229683,3.0742049469964674,0.8878091872791521,0.2517667844522969,0.4338,0.01662,0.0,0.0,0.0,0.0,0.0,0.0,0.0,0.0,0.0,0.0,0.0,0.5947136563876643,13.929515418502206,14.775330396475773,0.7004405286343615,0.0,0.0,0.0,0.0,0.0,0.0,0.0,0.0,0.0,0.0,0.0,0.0,0.0,0.0,0.0,0.4338,0.01646,0.0,0.0,0.0,0.0,0.0,0.0,0.0,0.0,0.0,0.0,0.0,0.5035335689045929,14.178445229681982,14.681978798586576,0.6360424028268552,0.0,0.0,0.0,0.0,0.0,0.0,0.0,0.0,0.0,0.0,0.0,0.0,0.0,0.0,0.0
82900,4626,2358,0.5097276264591439,1097,947,0.44185041072200604,1308,0.5654993514915694,0.474,2.9598765432098766,3.0673904113066053,6.5,2.148135466237735,6649.800000000001,9.094947017729282e-13,6649.8,6649.8,6649.800000000001,9.094947017729282e-13,6649.800000000002,1.8189894035458565e-12,28.069174232598357,21.124565523001287,33.176364106542536,19.345374827053835,0.14202334630350194,0.09835711197578902,0.09814094249891915,0.08776480760916558,0.07479463899697363,0.07090358841331604,0.06982274102896671,0.06247297881539127,0.05382619974059663,0.05252918287937743,0.05015131863380891,0.0412883700821444,0.033073929961089495,0.027885862516212712,0.01599654128837008,0.014051015996541289,0.006917423259835711,0.8680806028162613,0.03403404198250982,0.0,0.0,0.0,0.0,0.0,0.0,0.0,0.0,0.0,0.0,0.0,0.0,0.0,0.0,0.0,0.0,0.0,0.0,0.0,0.0,0.0,0.012970168612191961,0.10376134889753569,0.7133592736705554,3.112840466926071,10.55123216601816,11.089494163424128,3.482490272373542,0.7068741893644619,0.22697795071335933,4.3861652115513765,2.900864256405084,3.6666666666666665,2.494438257849294,0.8359618231000868,4.420212765957447,2.898370040367665,4.350033852403521,2.902387654155599,0.9841231820118675,0.4338,0.0165,0.0,0.0,0.0,0.0,0.0,0.0,0.0,0.0,0.0,0.0,0.0,0.47989623865110176,14.007782101167319,14.6822308690013,0.8300907911802855,0.0,0.0,0.0,0.0,0.0,0.0,0.0,0.0,0.0,0.0,0.0,0.0,0.0,0.0,0.0,nan,nan,4.385441127138544,2.900573584666722,nan,0.4338,0.08813,0.0,0.0,0.0,0.0,0.0,0.0,0.0,0.0,0.0,0.0,0.0,0.0,0.0,0.0,2.16169476869866e-05,0.0,0.0,0.0,0.00033506268914829226,0.00025940337224383917,0.0,0.00041072200605274536,0.0036316472114137485,0.0028750540423692177,0.00010808473843493298,4.32338953739732e-05,0.008668396022481626,0.0076632079550367485,0.011175961954172071,0.00940337224383917,0.013132295719844358,0.027993947254647645,0.046973627323821876,0.03095546908776481,0.02149805447470817,0.014504971897968007,0.0364569822741029,0.038715953307393,0.07146562905317769,0.04583873757025508,0.020233463035019456,0.03218763510592304,0.026902291396454822,0.02372460008646779,0.009727626459143969,0.03853220925205361,0.05299394725464764,0.047946389969736276,0.07572416774751405,0.021552096843925637,0.04284479031560744,0.050140510159965415,0.04066147859922179,0.014980544747081713,0.021411586683960225,0.012721573713791613,0.01641807176826632,0.01432122784262862,0.004788153912667532,0.004053177691309987,0.00039991353220925204,0.0035776048421962818,0.0009943795936013834,0.0004971897968006917,0.02175745784695201,0.0008862948551664505,0.0013186338089061825,0.0005296152183311716,0.0,0.005015131863380891,0.0009187202766969304,0.0,0.0,0.0,0.0,0.00010808473843493298,0.0,0.0,0.0,0.0,0.0,0.0,0.0,0.0,0.0,0.0,0.0,0.0,0.0,0.0,0.0,0.0,0.0,0.0,0.0,0.0,0.0,0.0,0.0,0.0,0.0,nan,nan,4.385441127138544,2.900573584666722,nan,0.8685700525865401,0.034185453181383184,0.0,0.0,0.0,0.0,0.0,0.0,0.0,0.0,0.0,0.0,0.0,0.0,0.0,0.0,0.0,0.0,0.0,0.0,0.0,0.0,0.0,0.012722646310432573,0.07633587786259544,0.7633587786259518,3.040712468193385,10.368956743002546,10.992366412213743,3.8931297709923673,0.623409669211196,0.2290076335877863,0.867571730436051,0.03386840579119026,0.0,0.0,0.0,0.0,0.0,0.0,0.0,0.0,0.0,0.0,0.0,0.0,0.0,0.0,0.0,0.0,0.0,0.0,0.0,0.0,0.0,0.01322751322751323,0.1322751322751323,0.6613756613756593,3.187830687830689,10.740740740740742,11.190476190476193,3.0555555555555562,0.7936507936507938,0.2248677248677249,0.434,0.01622,0.0,0.0,0.0,0.0,0.0,0.0,0.0,0.0,0.0,0.0,0.0,0.4198473282442742,14.020356234096695,14.694656488549622,0.8651399491094149,0.0,0.0,0.0,0.0,0.0,0.0,0.0,0.0,0.0,0.0,0.0,0.0,0.0,0.0,0.0,0.4338,0.01677,0.0,0.0,0.0,0.0,0.0,0.0,0.0,0.0,0.0,0.0,0.0,0.5423280423280415,13.994708994708997,14.669312169312173,0.7936507936507938,0.0,0.0,0.0,0.0,0.0,0.0,0.0,0.0,0.0,0.0,0.0,0.0,0.0,0.0,0.0
83000,4867,2485,0.5105814670228067,1179,1012,0.4501746455722211,1385,0.5691391000616396,0.44599999999999995,2.943324937027708,3.052668710812879,6.474962063732929,2.1556774296389807,6649.800000000002,1.8189894035458565e-12,6649.8,6649.8,6649.800000000001,9.094947017729282e-13,6649.8,0.0,27.959934251078693,20.767259338766674,32.92876376988984,18.9622589166169,0.13951099239778098,0.0992397780973906,0.08917197452229299,0.08547359769878775,0.08506266694062051,0.07499486336552291,0.06883090199301417,0.06595438668584344,0.05794123690158208,0.05609204848982947,0.04129854119580851,0.04499691801931375,0.03266899527429628,0.027326895418122048,0.013766180398602836,0.010684199712348469,0.00698582288884323,0.8684800237827485,0.03509783197256601,0.0,0.0,0.0,0.0,0.0,0.0,0.0,0.0,0.0,0.0,0.0,0.0,0.0,0.0,0.0,0.0,0.0,0.0,0.0,0.0,0.012327922745017468,0.0184918841175262,0.15409903431271832,0.6718717896034497,3.081980686254367,10.608177522087532,10.897883706595442,3.4456544072323823,0.7766591329361004,0.33285391411547166,4.241434010152284,2.7983899421788916,4.8,3.4292856398964493,1.1316927219687336,4.289288005131494,2.7963289310268133,4.198497182216657,2.8017433960179945,0.9788331250300236,0.434,0.01616,0.0,0.0,0.0,0.0,0.0,0.0,0.0,0.0,0.0,0.0,0.0,0.5054448325457153,14.035340045202386,14.824327100883504,0.6348880213683996,0.0,0.0,0.0,0.0,0.0,0.0,0.0,0.0,0.0,0.0,0.0,0.0,0.0,0.0,0.0,nan,nan,4.242318656952803,2.7995896701143193,nan,0.434,0.0873,0.0,0.0,0.0,0.0,0.0,0.0,0.0,0.0,0.0,0.0,0.0,0.0,0.0,0.0,0.0,0.0,4.109307581672488e-05,0.0,0.0003184713375796178,0.0001951921101294432,0.0,0.00027737826176289294,0.003349085679063078,0.002239572632011506,0.00016437230326689953,0.0001027326895418122,0.009215122251900555,0.008228888432299158,0.010715019519211014,0.008228888432299158,0.014916786521471131,0.027984384631189643,0.04592151222519006,0.031960139716457774,0.020813642901171152,0.01397164577768646,0.036613930552701866,0.03647010478734333,0.07135812615574276,0.043918224779124715,0.01971440312307376,0.03373741524553113,0.02618656256420793,0.023258680912266284,0.009995890692418328,0.04129854119580851,0.053492911444421615,0.05030819806862544,0.07646394082597083,0.0222108074789398,0.04342510786932402,0.048756934456544075,0.04113416889254161,0.015687281693034724,0.020700636942675158,0.013560715019519212,0.015625642079309637,0.014084651736182454,0.0053215533182658726,0.003462091637559071,0.0009245942058763099,0.004006574892130676,0.0005547565235257859,0.000698582288884323,0.020916375590712966,0.0009245942058763099,0.0010992397780973907,0.00038011095130470517,0.0,0.0043044996918019315,0.0006883090199301418,0.0,0.0,0.0,0.0,7.191288267926854e-05,0.0,0.0,0.0,0.0,0.0,0.0,0.0,0.0,0.0,0.0,0.0,0.0,0.0,0.0,0.0,0.0,0.0,0.0,0.0,0.0,0.0,0.0,0.0,0.0,0.0,nan,nan,4.242318656952803,2.7995896701143193,nan,0.8674837702476762,0.035378110313158094,0.0,0.0,0.0,0.0,0.0,0.0,0.0,0.0,0.0,0.0,0.0,0.0,0.0,0.0,0.0,0.0,0.0,0.0,0.0,0.0,0.024144869215291756,0.024144869215291756,0.1690140845070423,0.748490945674042,3.16297786720322,10.684104627766603,10.708249496981894,3.4285714285714293,0.7364185110663986,0.31388329979879287,0.8695193562909999,0.034772620615854316,0.0,0.0,0.0,0.0,0.0,0.0,0.0,0.0,0.0,0.0,0.0,0.0,0.0,0.0,0.0,0.0,0.0,0.0,0.0,0.0,0.0,0.012594458438287156,0.13853904282115873,0.5919395465994944,2.997481108312343,10.528967254408064,11.095717884130986,3.463476070528968,0.8186397984886652,0.3526448362720404,0.434,0.01619,0.0,0.0,0.0,0.0,0.0,0.0,0.0,0.0,0.0,0.0,0.0,0.5311871227364178,14.100603621730386,14.7887323943662,0.5794768611670021,0.0,0.0,0.0,0.0,0.0,0.0,0.0,0.0,0.0,0.0,0.0,0.0,0.0,0.0,0.0,0.434,0.01613,0.0,0.0,0.0,0.0,0.0,0.0,0.0,0.0,0.0,0.0,0.0,0.47858942065491117,13.967254408060457,14.861460957178844,0.6926952141057936,0.0,0.0,0.0,0.0,0.0,0.0,0.0,0.0,0.0,0.0,0.0,0.0,0.0,0.0,0.0
83100,4780,2430,0.5083682008368201,1082,1019,0.4395397489539749,1333,0.5577405857740586,0.478,3.0161702127659575,3.110817470172389,6.6372239747634065,2.091956020294109,6649.800000000002,1.8189894035458565e-12,6649.8,6649.8,6649.800000000001,9.094947017729282e-13,6649.800000000002,1.8189894035458565e-12,27.072384937238493,20.587404011567493,32.16947872072526,18.868555789666285,0.14560669456066946,0.10585774058577406,0.0907949790794979,0.09518828451882845,0.0809623430962343,0.07384937238493725,0.06631799163179916,0.06359832635983263,0.05690376569037657,0.05104602510460251,0.04602510460251046,0.040585774058577405,0.03117154811715481,0.02112970711297071,0.014644351464435146,0.0100418410041841,0.006276150627615063,0.8680607085073343,0.03521293001694256,0.0,0.0,0.0,0.0,0.0,0.0,0.0,0.0,0.0,0.0,0.0,0.0,0.0,0.0,0.0,0.0,0.0,0.0,0.0,0.006276150627615064,0.012552301255230129,0.037656903765690385,0.14435146443514646,0.7343096234309601,3.232217573221758,10.117154811715483,10.964435146443519,3.728033472803348,0.8974895397489542,0.12552301255230128,4.446122860020141,2.823444190943635,5.7,3.3778691508109073,1.2820158550396377,4.454915254237288,2.804808445606753,4.445838837516512,2.847286453520119,0.9979626061994911,0.4343,0.01634,0.0,0.0,0.0,0.0,0.0,0.0,0.0,0.0,0.0,0.0,0.0,0.5460251046025097,13.663179916317995,15.106694560669458,0.684100418410042,0.0,0.0,0.0,0.0,0.0,0.0,0.0,0.0,0.0,0.0,0.0,0.0,0.0,0.0,0.0,nan,nan,4.450317832050853,2.8264080032359016,nan,0.4343,0.0878,0.0,0.0,0.0,0.0,0.0,0.0,0.0,0.0,0.0,0.0,0.0,0.0,0.0,0.0,0.0,0.0,0.00014644351464435147,0.0,0.00016736401673640169,0.0002301255230125523,0.0,0.0004288702928870293,0.002604602510460251,0.0022594142259414226,6.276150627615063e-05,4.184100418410042e-05,0.009811715481171547,0.009089958158995815,0.011182008368200836,0.009257322175732217,0.014989539748953975,0.02878661087866109,0.04165271966527197,0.03347280334728033,0.023430962343096235,0.013891213389121339,0.03782426778242678,0.03547071129707113,0.06993723849372385,0.0452928870292887,0.020073221757322176,0.03135983263598326,0.024152719665271966,0.02231171548117155,0.008922594142259415,0.04048117154811715,0.05292887029288703,0.049194560669456065,0.0772489539748954,0.023430962343096235,0.044728033472803345,0.049215481171548114,0.041056485355648535,0.015271966527196652,0.021140167364016735,0.013891213389121339,0.016098326359832636,0.013933054393305439,0.005711297071129707,0.0034414225941422592,0.0010564853556485356,0.004456066945606694,0.0007112970711297071,0.0006694560669456067,0.021265690376569037,0.0005334728033472803,0.0012761506276150628,0.0002301255230125523,0.0,0.004456066945606694,0.0007217573221757322,0.0,0.0,0.0,0.0,0.0,0.0,0.0,0.0,0.0,0.0,0.0,0.0,0.0,0.0,0.0,0.0,0.0,0.0,0.0,0.0,0.0,0.0,0.0,0.0,0.0,0.0,0.0,0.0,0.0,0.0,nan,nan,4.450317832050853,2.8264080032359016,nan,0.86772104433044,0.03547240213106121,0.0,0.0,0.0,0.0,0.0,0.0,0.0,0.0,0.0,0.0,0.0,0.0,0.0,0.0,0.0,0.0,0.0,0.0,0.0,0.012345679012345682,0.0,0.04938271604938273,0.09876543209876545,0.8024691358024666,3.2839506172839514,10.222222222222225,10.876543209876546,3.567901234567902,0.9506172839506175,0.1358024691358025,0.8684119357200379,0.034939126174267636,0.0,0.0,0.0,0.0,0.0,0.0,0.0,0.0,0.0,0.0,0.0,0.0,0.0,0.0,0.0,0.0,0.0,0.0,0.0,0.0,0.025531914893617027,0.025531914893617027,0.19148936170212771,0.6638297872340405,3.17872340425532,10.008510638297874,11.055319148936173,3.8936170212765964,0.8425531914893619,0.11489361702127662,0.4343,0.01643,0.0,0.0,0.0,0.0,0.0,0.0,0.0,0.0,0.0,0.0,0.0,0.580246913580246,13.51851851851852,15.234567901234572,0.6666666666666669,0.0,0.0,0.0,0.0,0.0,0.0,0.0,0.0,0.0,0.0,0.0,0.0,0.0,0.0,0.0,0.434,0.01627,0.0,0.0,0.0,0.0,0.0,0.0,0.0,0.0,0.0,0.0,0.0,0.5106382978723396,13.812765957446812,14.974468085106386,0.7021276595744683,0.0,0.0,0.0,0.0,0.0,0.0,0.0,0.0,0.0,0.0,0.0,0.0,0.0,0.0,0.0
83200,4846,2498,0.5154766817994222,1191,988,0.4496491952125464,1347,0.5559224102352456,0.482,2.9821124361158433,3.058017133936091,6.585780525502319,2.012706614173229,6649.800000000002,1.8189894035458565e-12,6649.8,6649.8,6649.800000000002,1.8189894035458565e-12,6649.800000000001,9.094947017729282e-13,27.761865456046223,20.845971258067454,32.71544515494343,19.10166299770731,0.141972761040033,0.10193974411886092,0.09017746595130004,0.08089145687164671,0.08914568716467189,0.07924061081304168,0.06974824597606273,0.05963681386710689,0.05839867932315312,0.048287247214197276,0.04890631448617416,0.0385885266198927,0.031572430870821296,0.024762690879075525,0.018159306644655385,0.011349566652909615,0.007222451506397029,0.8705095485301733,0.03615196159397307,0.0,0.0,0.0,0.0,0.0,0.0,0.0,0.0,0.0,0.0,0.0,0.0,0.0,0.0,0.0,0.0,0.0,0.0,0.0,0.0,0.0,0.05571605447791995,0.14857614527445318,0.5943045810978107,3.002476269087908,9.651258770119687,11.341312422616594,3.9991745769706983,0.7985967808501859,0.4085843995047463,4.239961451975586,2.8400868671972948,5.214285714285714,3.3204683711912737,1.2297955472817206,4.258564964447317,2.811989982684082,4.230379746835443,2.8732883481721263,0.9933815222153053,0.435,0.01607,0.0,0.0,0.0,0.0,0.0,0.0,0.0,0.0,0.0,0.0,0.0,0.41477507222451443,13.13660751134957,15.817168799009496,0.631448617416426,0.0,0.0,0.0,0.0,0.0,0.0,0.0,0.0,0.0,0.0,0.0,0.0,0.0,0.0,0.0,nan,nan,4.24432363287496,2.8431627232188945,nan,0.4348,0.0873,0.0,0.0,0.0,0.0,0.0,0.0,0.0,0.0,0.0,0.0,0.0,0.0,0.0,0.0,0.0,0.0,0.00012381345439537762,0.0,7.222451506397028e-05,0.00014444903012794056,0.0,0.00034048699958728846,0.002641353693768056,0.0017746595130004128,4.1271151465125874e-05,0.0,0.010090796533223277,0.0076764341725134135,0.011741642591828312,0.00877011968633925,0.014310771770532398,0.028539001238134545,0.04016714816343376,0.034079653322327694,0.025959554271564177,0.012185307470078415,0.03940363186132893,0.03298596780850186,0.06972761040033017,0.045068097399917455,0.019459347915806852,0.029529508873297566,0.024948411060668592,0.02114114733801073,0.009440775897647545,0.04247833264548081,0.053105654147750724,0.05140321914981428,0.07733182005777961,0.024958728848534874,0.04564589352042922,0.047214197276104,0.04302517540239373,0.015610813041683862,0.02403012794056954,0.013949649195212547,0.015507635163021049,0.011834502682624846,0.004323153115971936,0.003384234420140322,0.0010730499380932727,0.003755674783326455,0.0011349566652909615,0.00045398266611638467,0.022389599669830788,0.00034048699958728846,0.0014341725134131241,0.00021667354519191087,1.0317787866281469e-05,0.004539826661163846,0.0004849360297152291,0.0,0.0,0.0,0.0,0.0,0.0,0.0,0.0,0.0,0.0,0.0,0.0,0.0,0.0,0.0,0.0,0.0,0.0,0.0,0.0,0.0,0.0,0.0,0.0,0.0,0.0,0.0,0.0,0.0,0.0,nan,nan,4.24432363287496,2.8431627232188945,nan,0.8695048284444741,0.03624601364098998,0.0,0.0,0.0,0.0,0.0,0.0,0.0,0.0,0.0,0.0,0.0,0.0,0.0,0.0,0.0,0.0,0.0,0.0,0.0,0.0,0.0,0.060048038430744605,0.156124899919936,0.600480384307444,3.194555644515613,9.895916733386713,11.120896717373903,3.7710168134507613,0.756605284227382,0.4443554843875101,0.8715784543112961,0.03602087783584045,0.0,0.0,0.0,0.0,0.0,0.0,0.0,0.0,0.0,0.0,0.0,0.0,0.0,0.0,0.0,0.0,0.0,0.0,0.0,0.0,0.0,0.05110732538330495,0.1405451448040886,0.5877342419080049,2.7981260647359463,9.390971039182284,11.575809199318572,4.2419080068143105,0.8432708688245317,0.37052810902896094,0.4348,0.01625,0.0,0.0,0.0,0.0,0.0,0.0,0.0,0.0,0.0,0.0,0.0,0.49239391513210495,13.234587670136111,15.540432345876704,0.7325860688550843,0.0,0.0,0.0,0.0,0.0,0.0,0.0,0.0,0.0,0.0,0.0,0.0,0.0,0.0,0.0,0.435,0.01587,0.0,0.0,0.0,0.0,0.0,0.0,0.0,0.0,0.0,0.0,0.0,0.33219761499148165,13.032367972742763,16.111584327086884,0.5238500851788758,0.0,0.0,0.0,0.0,0.0,0.0,0.0,0.0,0.0,0.0,0.0,0.0,0.0,0.0,0.0
83300,4932,2482,0.5032441200324412,1244,1030,0.4610705596107056,1443,0.5851581508515815,0.3859999999999999,2.9481632653061225,3.003020026484487,6.4035087719298245,2.026261749225355,6649.800000000001,9.094947017729282e-13,6649.8,6649.8,6649.800000000001,9.094947017729282e-13,6649.800000000001,9.094947017729282e-13,28.859083536090836,20.939534968750838,33.72311377245509,19.05945264729816,0.1340227088402271,0.08738848337388483,0.0867802108678021,0.08860502838605028,0.08353609083536091,0.08130575831305759,0.06690997566909976,0.06366585563665855,0.062449310624493104,0.052108678021086784,0.05291970802919708,0.043795620437956206,0.033860502838605026,0.022100567721005677,0.0202757502027575,0.011557177615571776,0.008718572587185726,0.8709729929233313,0.03354001777688489,0.0,0.0,0.0,0.0,0.0,0.0,0.0,0.0,0.0,0.0,0.0,0.0,0.0,0.0,0.0,0.0,0.0,0.0,0.0,0.0,0.0,0.012165450121654504,0.12165450121654503,0.5656934306569326,2.8163017031630178,9.616788321167885,11.970802919708031,3.959854014598541,0.7177615571776158,0.21897810218978106,4.140601275432736,2.7770644091024,11.0,2.0,2.6566189952328565,4.136144578313253,2.7691535966334033,4.153516819571865,2.7945411267405458,1.0042001049358136,0.435,0.01585,0.0,0.0,0.0,0.0,0.0,0.0,0.0,0.0,0.0,0.0,0.0,0.36496350364963454,13.077858880778592,15.748175182481754,0.8090024330900245,0.0,0.0,0.0,0.0,0.0,0.0,0.0,0.0,0.0,0.0,0.0,0.0,0.0,0.0,0.0,nan,nan,4.144764795144158,2.781793571742234,nan,0.435,0.0874,0.0,0.0,0.0,0.0,0.0,0.0,0.0,0.0,0.0,0.0,0.0,0.0,0.0,0.0,0.0,0.0,5.0689375506893756e-05,1.0137875101378751e-05,8.110300081103001e-05,7.096512570965126e-05,0.0,0.00023317112733171126,0.0028284671532846717,0.0017031630170316302,0.0,0.0,0.009296431467964314,0.006893755068937551,0.011891727493917275,0.008982157339821573,0.015389294403892945,0.028335360908353608,0.04032846715328467,0.035533252230332525,0.026409164639091647,0.012307380373073804,0.03874695863746959,0.0321573398215734,0.07167477696674777,0.0452757502027575,0.019860097323600973,0.02742295214922952,0.022860908353609082,0.020083130575831307,0.010533252230332522,0.04172749391727494,0.05237226277372263,0.052473641524736415,0.07899432278994323,0.021482157339821572,0.04472830494728305,0.047181670721816706,0.04366382806163828,0.01720397404703974,0.025435928629359287,0.012398621248986212,0.01672749391727494,0.013017031630170317,0.005231143552311436,0.0032035685320356854,0.0006488240064882401,0.003588807785888078,0.001338199513381995,0.0007806163828061639,0.0216139497161395,0.00035482562854825627,0.0018248175182481751,0.0001824817518248175,4.0551500405515004e-05,0.004298459042984591,0.000527169505271695,0.0,0.0,0.0,0.0,0.0,0.0,0.0,0.0,0.0,0.0,0.0,0.0,0.0,0.0,0.0,0.0,0.0,0.0,0.0,0.0,0.0,0.0,0.0,0.0,0.0,0.0,0.0,0.0,0.0,0.0,nan,nan,4.144764795144158,2.781793571742234,nan,0.8713979347159457,0.03315505691945676,0.0,0.0,0.0,0.0,0.0,0.0,0.0,0.0,0.0,0.0,0.0,0.0,0.0,0.0,0.0,0.0,0.0,0.0,0.0,0.0,0.0,0.012087026591458504,0.06043513295729252,0.5801772763900063,2.7679290894439976,9.45205479452055,12.268331990330381,3.8799355358581797,0.7493956486704273,0.22965350523771158,0.8705425008705684,0.033920124925951915,0.0,0.0,0.0,0.0,0.0,0.0,0.0,0.0,0.0,0.0,0.0,0.0,0.0,0.0,0.0,0.0,0.0,0.0,0.0,0.0,0.0,0.012244897959183676,0.18367346938775514,0.5510204081632636,2.86530612244898,9.783673469387757,11.669387755102044,4.040816326530613,0.6857142857142859,0.2081632653061225,0.4353,0.01604,0.0,0.0,0.0,0.0,0.0,0.0,0.0,0.0,0.0,0.0,0.0,0.36261079774375454,12.981466559226433,15.858178887993557,0.7977437550362613,0.0,0.0,0.0,0.0,0.0,0.0,0.0,0.0,0.0,0.0,0.0,0.0,0.0,0.0,0.0,0.435,0.01566,0.0,0.0,0.0,0.0,0.0,0.0,0.0,0.0,0.0,0.0,0.0,0.36734693877550967,13.175510204081636,15.636734693877553,0.8204081632653063,0.0,0.0,0.0,0.0,0.0,0.0,0.0,0.0,0.0,0.0,0.0,0.0,0.0,0.0,0.0
83400,4178,2173,0.5201053135471517,988,825,0.43393968405935857,1147,0.5490665390138822,0.47,2.976558603491272,3.09902231017858,6.618348623853211,2.160791782233501,6649.800000000001,9.094947017729282e-13,6649.8,6649.8,6649.800000000001,9.094947017729282e-13,6649.800000000002,1.8189894035458565e-12,28.08760172331259,21.17194609676866,33.34627552487777,19.318196579591294,0.14743896601244616,0.10028721876495932,0.08927716610818573,0.0832934418382001,0.07635232168501675,0.07156534226902825,0.06677836285303973,0.06725706079463858,0.052417424605074196,0.0552896122546673,0.050981330780277646,0.03949258018190522,0.03781713738630924,0.02584968884633796,0.018190521780756343,0.010531354715174725,0.007180469123982767,0.8699409318004515,0.03601730671533746,0.0,0.0,0.0,0.0,0.0,0.0,0.0,0.0,0.0,0.0,0.0,0.0,0.0,0.0,0.0,0.0,0.0,0.0,0.0,0.0,0.0,0.007180469123982769,0.186692197223552,0.7683101962661537,2.9296314025849695,9.664911440880806,11.237434179033032,4.028243178554333,0.8903781713738633,0.2872187649593107,4.354911554384644,2.8315071242602676,4.428571428571429,2.821202522590214,1.0169142066990136,4.370761115297664,2.8604289721126697,4.339566192969334,2.802370637161842,0.9928628169086736,0.4348,0.0159,0.0,0.0,0.0,0.0,0.0,0.0,0.0,0.0,0.0,0.0,0.0,0.4164672091909999,13.470560076591674,15.481091431306849,0.6318812829104836,0.0,0.0,0.0,0.0,0.0,0.0,0.0,0.0,0.0,0.0,0.0,0.0,0.0,0.0,0.0,nan,nan,4.355105105105105,2.8314826077024886,nan,0.4348,0.0879,0.0,0.0,0.0,0.0,0.0,0.0,0.0,0.0,0.0,0.0,0.0,0.0,0.0,0.0,0.0,0.0,1.1967448539971277e-05,0.0,0.00019147917663954044,7.180469123982767e-05,2.3934897079942555e-05,7.180469123982767e-05,0.003314983245572044,0.0016634753470560076,0.00013164193393968405,0.0,0.010818573480134035,0.007276208712302537,0.011644327429392054,0.008796074676878889,0.016048348492101485,0.03073240785064624,0.037314504547630446,0.03593824796553375,0.025969363331737674,0.011189564384873145,0.038439444710387745,0.03298228817616084,0.07410244135950216,0.04344183820009574,0.021038774533269508,0.026196744853997127,0.02106270943034945,0.01977022498803255,0.010926280516993778,0.04329822881761609,0.05056247008137865,0.05187888942077549,0.07821924365725227,0.02301340354236477,0.04453087601723313,0.046146481570129246,0.042269028243178554,0.01881282910483485,0.026507898516036382,0.011476783149832456,0.01629966491144088,0.01273336524652944,0.005959789372905697,0.003039731929152705,0.0011369076112972714,0.0038774533269506943,0.0009573958831977022,0.0008377213977979895,0.023348492101483962,0.00040689325035902347,0.0012685495452369555,0.0,0.0001077070368597415,0.0037817137386309237,0.00035902345619913834,0.0,0.0,0.0,0.0,0.0,0.0,0.0,0.0,0.0,0.0,0.0,0.0,0.0,0.0,0.0,0.0,0.0,0.0,0.0,0.0,0.0,0.0,0.0,0.0,0.0,0.0,0.0,0.0,0.0,0.0,nan,nan,4.355105105105105,2.8314826077024886,nan,0.869665949809842,0.036293862659600884,0.0,0.0,0.0,0.0,0.0,0.0,0.0,0.0,0.0,0.0,0.0,0.0,0.0,0.0,0.0,0.0,0.0,0.0,0.0,0.0,0.0,0.0,0.22089277496548557,0.8697653014265965,2.9544408651633693,9.36033133916245,11.638288080994021,3.768982972848597,0.9111826967326279,0.27611596870685695,0.8702389546760597,0.035712769156607364,0.0,0.0,0.0,0.0,0.0,0.0,0.0,0.0,0.0,0.0,0.0,0.0,0.0,0.0,0.0,0.0,0.0,0.0,0.0,0.0,0.0,0.01496259351620948,0.1496259351620948,0.6583541147132149,2.902743142144639,9.995012468827932,10.802992518703244,4.30922693266833,0.8678304239401499,0.2992518703241896,0.4348,0.01604,0.0,0.0,0.0,0.0,0.0,0.0,0.0,0.0,0.0,0.0,0.0,0.41417395306028476,13.364012885411876,15.57294063506673,0.6488725264611138,0.0,0.0,0.0,0.0,0.0,0.0,0.0,0.0,0.0,0.0,0.0,0.0,0.0,0.0,0.0,0.4348,0.01573,0.0,0.0,0.0,0.0,0.0,0.0,0.0,0.0,0.0,0.0,0.0,0.4189526184538647,13.586034912718208,15.381546134663346,0.6134663341645886,0.0,0.0,0.0,0.0,0.0,0.0,0.0,0.0,0.0,0.0,0.0,0.0,0.0,0.0,0.0
83500,4319,2140,0.4954850659874971,973,940,0.4429266033804121,1215,0.5626302384811299,0.46599999999999997,2.950894905920147,3.087357880963292,6.687813021702838,2.03336979247561,6649.800000000002,1.8189894035458565e-12,6649.8,6649.8,6649.800000000002,1.8189894035458565e-12,6649.800000000001,9.094947017729282e-13,27.759435054410744,20.765368324532925,32.72004417448923,19.002441971534562,0.1416994674693216,0.09817087288724241,0.09469784672377865,0.08914100486223663,0.07895346144940958,0.07779578606158834,0.06344061125260476,0.06459828664042602,0.057883769391062746,0.05742069923593424,0.04376012965964344,0.03774021764297291,0.03565640194489465,0.024311183144246355,0.02060662190321834,0.008798332947441537,0.005325306783977773,0.8687270541493609,0.036249077472491786,0.0,0.0,0.0,0.0,0.0,0.0,0.0,0.0,0.0,0.0,0.0,0.0,0.0,0.0,0.0,0.0,0.0,0.0,0.0,0.0,0.0,0.02083815698078259,0.18059736050011582,0.7154433896735334,3.2785366983097948,10.12734429266034,10.759435054410744,3.702245890252374,0.8682565408659414,0.34730261634637655,4.398548094373866,2.861623807199354,5.454545454545454,2.3879864611933996,1.240078620834521,4.544787077826725,2.82761814382576,4.264957264957265,2.88569463824263,0.9384283998177375,0.436,0.016,0.0,0.0,0.0,0.0,0.0,0.0,0.0,0.0,0.0,0.0,0.0,0.3959249826348686,12.71822181060431,16.045380875202596,0.8335262792313037,0.006946052326927531,0.0,0.0,0.0,0.0,0.0,0.0,0.0,0.0,0.0,0.0,0.0,0.0,0.0,0.0,nan,nan,4.4027476500361535,2.860667716164616,nan,0.436,0.08765,0.0,0.0,0.0,0.0,0.0,0.0,0.0,0.0,0.0,0.0,0.0,0.0,0.0,0.0,0.0,0.0,0.0,0.0,9.261403102570039e-05,0.00011576753878212549,0.0,5.788376939106274e-05,0.002639499884232461,0.0018407038666357954,0.00015049780041676315,1.1576753878212549e-05,0.010662190321833758,0.007351238712664969,0.01176198194026395,0.009238249594813614,0.015431812919657327,0.02756425098402408,0.037636026858069,0.03249594813614263,0.0291502662653392,0.011866172725167863,0.036802500578837695,0.031083584163000694,0.07678860847418384,0.04360963185922667,0.0205718916415837,0.027367446168094466,0.019124797406807132,0.020502431118314426,0.011206297754109747,0.0416994674693216,0.0506482982171799,0.05204908543644362,0.07982171799027553,0.0229682796943737,0.04439685112294513,0.04832137068765918,0.039835610094929384,0.01976151887010882,0.028374623755498957,0.012583931465617041,0.016670525584626072,0.013602685806899745,0.00635563787913869,0.0023153507756425097,0.0009840240796480666,0.003253067839777726,0.0005788376939106274,0.0007409122482056031,0.024044917805047465,0.0005441074322759898,0.0015512850196804815,0.0,0.0,0.003380412132438064,0.0003936096318592267,0.0,0.0,0.0,0.0,0.0,0.0,0.0,0.0,0.0,0.0,0.0,0.0,0.0,0.0,0.0,0.0,0.0,0.0,0.0,0.0,0.0,0.0,0.0,0.0,0.0,0.0,0.0,0.0,0.0,0.0,nan,nan,4.4027476500361535,2.860667716164616,nan,0.8687356754441128,0.03587385528886109,0.0,0.0,0.0,0.0,0.0,0.0,0.0,0.0,0.0,0.0,0.0,0.0,0.0,0.0,0.0,0.0,0.0,0.0,0.0,0.0,0.0,0.0280373831775701,0.18224299065420566,0.6448598130841101,3.392523364485982,9.99532710280374,10.948598130841123,3.616822429906543,0.8691588785046731,0.3224299065420561,0.8687185871595634,0.03661383940719166,0.0,0.0,0.0,0.0,0.0,0.0,0.0,0.0,0.0,0.0,0.0,0.0,0.0,0.0,0.0,0.0,0.0,0.0,0.0,0.0,0.0,0.013767783386874717,0.17898118402937133,0.7847636530518562,3.1665901789811848,10.256998623221662,10.573657641119782,3.786140431390547,0.8673703533731071,0.3717301514456174,0.436,0.01608,0.0,0.0,0.0,0.0,0.0,0.0,0.0,0.0,0.0,0.0,0.0,0.4065420560747658,12.57476635514019,16.093457943925237,0.9112149532710283,0.01401869158878505,0.0,0.0,0.0,0.0,0.0,0.0,0.0,0.0,0.0,0.0,0.0,0.0,0.0,0.0,0.4358,0.01591,0.0,0.0,0.0,0.0,0.0,0.0,0.0,0.0,0.0,0.0,0.0,0.3854979348324914,12.859109683340986,15.99816429554842,0.7572280862781094,0.0,0.0,0.0,0.0,0.0,0.0,0.0,0.0,0.0,0.0,0.0,0.0,0.0,0.0,0.0
83600,4312,2186,0.5069573283858998,1040,871,0.4431818181818182,1195,0.5542671614100185,0.482,2.9905926622765757,3.144662925793566,6.733446519524618,2.0680901286565825,6649.800000000002,1.8189894035458565e-12,6649.8,6649.8,6649.800000000001,9.094947017729282e-13,6649.800000000002,1.8189894035458565e-12,27.78339517625232,20.81378750381233,32.86388888888889,19.024715690353048,0.14285714285714285,0.09833024118738404,0.09647495361781076,0.08348794063079777,0.07954545454545454,0.07676252319109463,0.06586270871985157,0.06702226345083488,0.055658627087198514,0.05241187384044527,0.051252319109461965,0.03849721706864564,0.03339517625231911,0.02365491651205937,0.0187847866419295,0.011827458256029684,0.004174397031539889,0.8703517871105383,0.03484882492291423,0.0,0.0,0.0,0.0,0.0,0.0,0.0,0.0,0.0,0.0,0.0,0.0,0.0,0.0,0.0,0.0,0.0,0.0,0.0,0.0,0.0,0.03478664192949908,0.18784786641929505,0.6122448979591818,2.525510204081633,10.255102040816329,11.500463821892398,3.7291280148423014,0.8766233766233769,0.27829313543599266,4.360858493997817,2.9127002277843403,4.2727272727272725,3.2777738867854453,0.9797903964570631,4.2809315866084425,2.9195372117823584,4.4393939393939394,2.906852268155542,1.0370158573150752,0.4355,0.01595,0.0,0.0,0.0,0.0,0.0,0.0,0.0,0.0,0.0,0.0,0.0,0.36178107606678983,12.84322820037106,16.001855287569576,0.7931354359925791,0.0,0.0,0.0,0.0,0.0,0.0,0.0,0.0,0.0,0.0,0.0,0.0,0.0,0.0,0.0,nan,nan,4.3605072463768115,2.914251295318633,nan,0.4355,0.088,0.0,0.0,0.0,0.0,0.0,0.0,0.0,0.0,0.0,0.0,0.0,0.0,0.0,0.0,0.0,0.0,0.0,0.0,0.00011595547309833024,0.00012755102040816328,0.0,0.0,0.0026205936920222633,0.0018320964749536177,0.00012755102040816328,3.4786641929499074e-05,0.00962430426716141,0.0066326530612244895,0.013659554730983303,0.00962430426716141,0.014656771799628942,0.02937152133580705,0.03754638218923933,0.032479128014842304,0.03048469387755102,0.011989795918367347,0.034635899814471245,0.0326530612244898,0.07310992578849722,0.046301020408163265,0.02228664192949907,0.028362708719851578,0.019526901669758814,0.02288961038961039,0.010493970315398888,0.04181354359925789,0.05197124304267162,0.04947820037105751,0.07592764378478664,0.0212430426716141,0.0435760667903525,0.05121753246753247,0.03784786641929499,0.020953153988868274,0.027956864564007422,0.012569573283858998,0.014424860853432283,0.014436456400742115,0.005844155844155844,0.002411873840445269,0.0008116883116883117,0.003281539888682746,0.0007305194805194805,0.0006609461966604824,0.025092764378478665,0.0005333951762523191,0.0014030612244897958,0.00010435992578849722,0.0,0.004000463821892394,0.0005217996289424861,0.0,0.0,0.0,0.0,0.0,0.0,0.0,0.0,0.0,0.0,0.0,0.0,0.0,0.0,0.0,0.0,0.0,0.0,0.0,0.0,0.0,0.0,0.0,0.0,0.0,0.0,0.0,0.0,0.0,0.0,nan,nan,4.3605072463768115,2.914251295318633,nan,0.871175403046368,0.03486835274751383,0.0,0.0,0.0,0.0,0.0,0.0,0.0,0.0,0.0,0.0,0.0,0.0,0.0,0.0,0.0,0.0,0.0,0.0,0.0,0.0,0.0,0.054894784995425445,0.13723696248856362,0.6450137236962469,2.3055809698078686,10.402561756633121,11.3220494053065,3.938700823421776,0.8920402561756635,0.30192131747483997,0.8695049270749204,0.03480841984636767,0.0,0.0,0.0,0.0,0.0,0.0,0.0,0.0,0.0,0.0,0.0,0.0,0.0,0.0,0.0,0.0,0.0,0.0,0.0,0.0,0.0,0.01411100658513641,0.23988711194731896,0.5785512699905908,2.7516462841015996,10.10348071495767,11.683913452492948,3.513640639698966,0.860771401693321,0.25399811853245535,0.4358,0.01599,0.0,0.0,0.0,0.0,0.0,0.0,0.0,0.0,0.0,0.0,0.0,0.34309240622140846,12.79048490393413,15.98810612991766,0.8783165599268071,0.0,0.0,0.0,0.0,0.0,0.0,0.0,0.0,0.0,0.0,0.0,0.0,0.0,0.0,0.0,0.4353,0.01591,0.0,0.0,0.0,0.0,0.0,0.0,0.0,0.0,0.0,0.0,0.0,0.3809971777986824,12.897460018814678,16.015992474129824,0.7055503292568204,0.0,0.0,0.0,0.0,0.0,0.0,0.0,0.0,0.0,0.0,0.0,0.0,0.0,0.0,0.0
83700,4573,2303,0.5036081347036956,1067,960,0.44325388147824185,1306,0.5711786573365406,0.45399999999999996,3.0004405286343614,3.062131902500834,6.4799405646359585,2.021422857281094,6649.800000000001,9.094947017729282e-13,6649.8,6649.8,6649.800000000001,9.094947017729282e-13,6649.800000000002,1.8189894035458565e-12,27.973102995845178,20.864414441811437,32.80985732814526,19.15242718392153,0.13645309424885196,0.09905969822873387,0.09403017712661273,0.09206210365186968,0.0793789634813033,0.07347474305707413,0.07085064509075005,0.06341570085283184,0.05729280559807566,0.05751148042860267,0.04351629127487426,0.039798819155915155,0.031270500765361905,0.023179532035862673,0.02208615788322764,0.008746993221080253,0.007872293898972229,0.8707620877419836,0.034028381480165806,0.0,0.0,0.0,0.0,0.0,0.0,0.0,0.0,0.0,0.0,0.0,0.0,0.0,0.0,0.0,0.0,0.0,0.0,0.0,0.0,0.0,0.006560244915810191,0.11152416356877326,0.6429040017493967,2.6240979663240767,10.102777170347695,11.710037174721192,3.6474961731904667,0.8790728187185657,0.27553028646402805,4.3061224489795915,2.815318265736078,1.6666666666666667,0.4714045207910317,0.387045813586098,4.251521298174442,2.830151824361702,4.35587431693989,2.799003223348101,1.0245448655779419,0.4358,0.01598,0.0,0.0,0.0,0.0,0.0,0.0,0.0,0.0,0.0,0.0,0.0,0.4067351847802312,13.087688607041333,15.75770828777608,0.7478679204023619,0.0,0.0,0.0,0.0,0.0,0.0,0.0,0.0,0.0,0.0,0.0,0.0,0.0,0.0,0.0,nan,nan,4.303431872239211,2.8151835383808947,nan,0.4358,0.08765,0.0,0.0,0.0,0.0,0.0,0.0,0.0,0.0,0.0,0.0,0.0,0.0,0.0,0.0,0.0,0.0,0.0,0.0,8.746993221080254e-05,0.00016400612289525475,0.0,0.0,0.0027662366061666304,0.0017384649026897004,0.0002733435381587579,0.0,0.009774764924557184,0.00552153947080691,0.012858080034987973,0.009162475399081566,0.014891755958889133,0.02958670457030396,0.03745899846927619,0.03128143450688826,0.03157664552809972,0.011218018806035426,0.035643997375902035,0.03353378526131642,0.0721626940739121,0.04620599169035644,0.022982724688388367,0.02825278810408922,0.019451126175377215,0.023988628908812596,0.010529193089875355,0.04343975508418981,0.05418762300459217,0.049792258910999344,0.07170347692980537,0.018412420730373934,0.04450032801224579,0.05549967198775421,0.039503608134703695,0.019855674611852177,0.03031926525256943,0.011447627378088783,0.013514104526568992,0.011480428602667833,0.004581237699540783,0.00310518259348349,0.0009840367373715286,0.0032473212333260443,0.0006997594576864203,0.0007762956483708725,0.02478679204023617,0.00033894598731685983,0.0013229827246883884,0.0002733435381587579,0.0,0.004581237699540783,0.0005357533347911655,0.0,0.0,0.0,0.0,0.0,0.0,0.0,0.0,0.0,0.0,0.0,0.0,0.0,0.0,0.0,0.0,0.0,0.0,0.0,0.0,0.0,0.0,0.0,0.0,0.0,0.0,0.0,0.0,0.0,0.0,nan,nan,4.303431872239211,2.8151835383808947,nan,0.8709244133077183,0.033525785240007246,0.0,0.0,0.0,0.0,0.0,0.0,0.0,0.0,0.0,0.0,0.0,0.0,0.0,0.0,0.0,0.0,0.0,0.0,0.0,0.0,0.0,0.013026487190620932,0.1302648719062093,0.5601389491966982,2.3577941815023884,10.577507598784196,11.658706035605734,3.608336951801998,0.8076422058184978,0.2865827181936605,0.8705974023772757,0.03453002960629867,0.0,0.0,0.0,0.0,0.0,0.0,0.0,0.0,0.0,0.0,0.0,0.0,0.0,0.0,0.0,0.0,0.0,0.0,0.0,0.0,0.0,0.0,0.09251101321585906,0.7268722466960329,2.894273127753305,9.621145374449341,11.762114537444937,3.687224669603525,0.9515418502202645,0.26431718061674014,0.4358,0.01588,0.0,0.0,0.0,0.0,0.0,0.0,0.0,0.0,0.0,0.0,0.0,0.4038211029092482,13.104646113764659,15.67086409031698,0.8206686930091187,0.0,0.0,0.0,0.0,0.0,0.0,0.0,0.0,0.0,0.0,0.0,0.0,0.0,0.0,0.0,0.4355,0.01608,0.0,0.0,0.0,0.0,0.0,0.0,0.0,0.0,0.0,0.0,0.0,0.40969162995594655,13.0704845814978,15.845814977973571,0.6740088105726874,0.0,0.0,0.0,0.0,0.0,0.0,0.0,0.0,0.0,0.0,0.0,0.0,0.0,0.0,0.0
83800,4616,2336,0.5060658578856152,1059,999,0.445840554592721,1302,0.5641247833622184,0.44599999999999995,2.93640350877193,3.1136216367487224,6.688,2.130224401324893,6649.800000000001,9.094947017729282e-13,6649.8,6649.8,6649.800000000001,9.094947017729282e-13,6649.800000000002,1.8189894035458565e-12,27.356152512998268,20.578212833700587,32.137042761463164,18.951421759883736,0.13669844020797228,0.10506932409012132,0.09792027729636049,0.09055459272097054,0.08383882149046794,0.07452339688041594,0.06954072790294627,0.06499133448873484,0.05632582322357019,0.04614384748700173,0.04787694974003466,0.035745233968804156,0.03487868284228769,0.023830155979202773,0.015381282495667245,0.010181975736568458,0.006499133448873483,0.8715578068428684,0.033490418925664955,0.0,0.0,0.0,0.0,0.0,0.0,0.0,0.0,0.0,0.0,0.0,0.0,0.0,0.0,0.0,0.0,0.0,0.0,0.0,0.0,0.0,0.006499133448873485,0.07798960138648181,0.46793760831888936,2.6516464471403816,9.898180242634316,11.867417677642985,3.847487001733103,0.9098786828422879,0.27296360485268634,4.3510747185261005,2.9377566666114365,3.0,1.7888543819998317,0.689484827099506,4.353062629043358,2.897405972672004,4.344571813890762,2.974710648292811,0.9980494617522969,0.4358,0.01642,0.0,0.0,0.0,0.0,0.0,0.0,0.0,0.0,0.0,0.0,0.0,0.46793760831889014,12.595320623916814,15.942374350086657,0.9943674176776431,0.0,0.0,0.0,0.0,0.0,0.0,0.0,0.0,0.0,0.0,0.0,0.0,0.0,0.0,0.0,nan,nan,4.348773841961853,2.936710679263907,nan,0.4358,0.088,0.0,0.0,0.0,0.0,0.0,0.0,0.0,0.0,0.0,0.0,0.0,0.0,0.0,0.0,0.0,0.0,0.0,0.0,0.0002166377816291161,0.00048743500866551127,0.0,0.0,0.0023505199306759097,0.0014189774696707106,0.0002058058925476603,2.1663778162911613e-05,0.01087521663778163,0.005589254766031196,0.01195840554592721,0.0096078856152513,0.015023830155979202,0.027383015597920276,0.03826906412478336,0.02931109185441941,0.03438041594454073,0.012337521663778163,0.034672876949740035,0.034120450606585785,0.07326689774696707,0.04396663778162912,0.024003466204506066,0.0293869150779896,0.019454072790294628,0.023613518197573655,0.011395147313691508,0.04280762564991335,0.05206889081455806,0.051538128249566724,0.06851169844020798,0.01947573656845754,0.04446490467937608,0.05557842287694974,0.03660095320623917,0.020591421143847488,0.03147746967071057,0.012196707105719238,0.012619150779896013,0.011936741767764297,0.005015164644714038,0.0037803292894280764,0.0007040727902946274,0.003444540727902946,0.0006390814558058926,0.0008232235701906412,0.02442590987868284,0.0005090987868284229,0.001559792027729636,0.00031412478336221834,2.1663778162911613e-05,0.0046685441941074525,0.0009098786828422877,0.0,0.0,0.0,0.0,0.0,0.0,0.0,0.0,0.0,0.0,0.0,0.0,0.0,0.0,0.0,0.0,0.0,0.0,0.0,0.0,0.0,0.0,0.0,0.0,0.0,0.0,0.0,0.0,0.0,0.0,nan,nan,4.348773841961853,2.936710679263907,nan,0.8713438734157036,0.03301807488241329,0.0,0.0,0.0,0.0,0.0,0.0,0.0,0.0,0.0,0.0,0.0,0.0,0.0,0.0,0.0,0.0,0.0,0.0,0.0,0.0,0.0,0.01284246575342466,0.0642123287671233,0.4109589041095878,2.6327054794520555,10.184075342465755,11.840753424657537,3.6472602739726034,0.9503424657534248,0.2568493150684932,0.8717769947752618,0.03396615535394216,0.0,0.0,0.0,0.0,0.0,0.0,0.0,0.0,0.0,0.0,0.0,0.0,0.0,0.0,0.0,0.0,0.0,0.0,0.0,0.0,0.0,0.0,0.09210526315789476,0.5263157894736826,2.671052631578948,9.605263157894738,11.894736842105265,4.052631578947369,0.8684210526315791,0.2894736842105264,0.4355,0.01642,0.0,0.0,0.0,0.0,0.0,0.0,0.0,0.0,0.0,0.0,0.0,0.41095890410958846,12.84246575342466,15.719178082191783,1.0273972602739727,0.0,0.0,0.0,0.0,0.0,0.0,0.0,0.0,0.0,0.0,0.0,0.0,0.0,0.0,0.0,0.436,0.0164,0.0,0.0,0.0,0.0,0.0,0.0,0.0,0.0,0.0,0.0,0.0,0.5263157894736834,12.342105263157897,16.171052631578952,0.9605263157894739,0.0,0.0,0.0,0.0,0.0,0.0,0.0,0.0,0.0,0.0,0.0,0.0,0.0,0.0,0.0
83900,4555,2355,0.5170142700329309,1107,911,0.44302963776070253,1253,0.5501646542261251,0.46199999999999997,2.9554545454545456,3.055965443749067,6.4688995215311005,2.068270024491555,6649.800000000002,1.8189894035458565e-12,6649.8,6649.8,6649.800000000001,9.094947017729282e-13,6649.800000000001,9.094947017729282e-13,27.773655323819977,20.883092277249617,32.83841303205465,19.113055407871343,0.1442371020856202,0.10120746432491767,0.09154774972557629,0.08276619099890231,0.0796926454445664,0.07991218441273326,0.06893523600439078,0.06366630076838639,0.058397365532382,0.05181119648737651,0.04698133918770582,0.03468715697036224,0.03293084522502744,0.025466520307354554,0.02129527991218441,0.010098792535675083,0.006366630076838639,0.87085456714672,0.03415047063960582,0.0,0.0,0.0,0.0,0.0,0.0,0.0,0.0,0.0,0.0,0.0,0.0,0.0,0.0,0.0,0.0,0.0,0.0,0.0,0.0,0.00658616904500549,0.01317233809001098,0.10537870472008784,0.5861690450054867,2.8913282107574103,9.615806805708015,11.637760702524702,4.109769484083426,0.7969264544456643,0.23710208562019763,4.324026197862806,2.8111546764565354,3.857142857142857,3.979539507766891,0.8920257835276968,4.344027303754266,2.81858898193473,4.3030513176144245,2.810788431180138,0.9905672816318561,0.4365,0.0162,0.0,0.0,0.0,0.0,0.0,0.0,0.0,0.0,0.0,0.0,0.0,0.38858397365532327,12.171240395170146,16.452250274423715,0.9879253567508235,0.0,0.0,0.0,0.0,0.0,0.0,0.0,0.0,0.0,0.0,0.0,0.0,0.0,0.0,0.0,nan,nan,4.322902338376891,2.814642563341845,nan,0.4365,0.0883,0.0,0.0,0.0,0.0,0.0,0.0,0.0,0.0,0.0,0.0,0.0,0.0,0.0,0.0,0.0,0.0,0.0,0.0,0.00036223929747530186,0.00030735455543358945,0.0,1.0976948408342481e-05,0.0025686059275521404,0.0017014270032930845,0.00036223929747530186,8.781558726673985e-05,0.011558726673984632,0.005905598243688255,0.01141602634467618,0.010779363336992316,0.014193194291986828,0.026399560922063667,0.03753018660812294,0.027991218441273325,0.036355653128430296,0.011350164654226126,0.033995609220636665,0.03311745334796926,0.0717563117453348,0.046125137211855106,0.022733260153677277,0.02782656421514819,0.0174423710208562,0.023995609220636663,0.011163556531284303,0.042403951701427,0.050076838638858395,0.052854006586169046,0.06958287596048299,0.019879253567508234,0.0465642151481888,0.05622392974753019,0.03745334796926454,0.022502744237102086,0.030965971459934138,0.012908891328210758,0.01274423710208562,0.012403951701427003,0.004994511525795829,0.0034906695938529088,0.0006256860592755214,0.004138309549945115,0.0005268935236004391,0.0009220636663007683,0.023150384193194293,0.0004500548847420417,0.0015367727771679472,0.0003841931942919868,1.0976948408342481e-05,0.004950603732162459,0.001207464324917673,1.0976948408342481e-05,0.0,0.0,0.0,0.0,0.0,0.0,0.0,0.0,0.0,0.0,0.0,0.0,0.0,0.0,0.0,0.0,0.0,0.0,0.0,0.0,0.0,0.0,0.0,0.0,0.0,0.0,0.0,0.0,0.0,nan,nan,4.322902338376891,2.814642563341845,nan,0.8711816850235001,0.03448328518320771,0.0,0.0,0.0,0.0,0.0,0.0,0.0,0.0,0.0,0.0,0.0,0.0,0.0,0.0,0.0,0.0,0.0,0.0,0.0,0.0,0.0,0.012738853503184716,0.08917197452229302,0.5987261146496797,2.9299363057324848,9.515923566878982,11.796178343949048,4.02547770700637,0.7515923566878983,0.28025477707006374,0.8705044023286213,0.03378706597941788,0.0,0.0,0.0,0.0,0.0,0.0,0.0,0.0,0.0,0.0,0.0,0.0,0.0,0.0,0.0,0.0,0.0,0.0,0.0,0.0,0.01363636363636364,0.01363636363636364,0.12272727272727275,0.572727272727271,2.850000000000001,9.722727272727274,11.468181818181822,4.200000000000001,0.8454545454545457,0.19090909090909097,0.4363,0.01616,0.0,0.0,0.0,0.0,0.0,0.0,0.0,0.0,0.0,0.0,0.0,0.3949044585987255,12.305732484076437,16.254777070063696,1.0445859872611467,0.0,0.0,0.0,0.0,0.0,0.0,0.0,0.0,0.0,0.0,0.0,0.0,0.0,0.0,0.0,0.4368,0.01624,0.0,0.0,0.0,0.0,0.0,0.0,0.0,0.0,0.0,0.0,0.0,0.3818181818181812,12.027272727272731,16.663636363636368,0.9272727272727275,0.0,0.0,0.0,0.0,0.0,0.0,0.0,0.0,0.0,0.0,0.0,0.0,0.0,0.0,0.0
84000,4652,2301,0.4946259673258813,1088,1003,0.4494840928632846,1337,0.5748065348237317,0.43399999999999994,2.815823054019566,2.956026177555762,6.3271889400921655,1.9515281167370642,6649.800000000002,1.8189894035458565e-12,6649.8,6649.8,6649.800000000001,9.094947017729282e-13,6649.800000000002,1.8189894035458565e-12,27.89810834049871,20.716858891669837,32.59441624365482,19.028150913772457,0.13392089423903697,0.10038693035253654,0.10081685296646603,0.08576956147893379,0.0793207222699914,0.07179707652622527,0.0672828890799656,0.0677128116938951,0.06276870163370593,0.05717970765262253,0.040412725709372314,0.03826311263972485,0.03654342218400688,0.02515047291487532,0.017411865864144453,0.0088134135855546,0.006448839208942391,0.8698573785410395,0.03501166620537962,0.0,0.0,0.0,0.0,0.0,0.0,0.0,0.0,0.0,0.0,0.0,0.0,0.0,0.0,0.0,0.0,0.0,0.0,0.0,0.0,0.0,0.012897678417884783,0.0773860705073087,0.6771281169389488,3.030954428202924,10.163370593293209,10.963026655202066,3.8886500429922624,0.9286328460877044,0.2579535683576957,4.275850567044697,2.791920558914515,3.5,3.2015621187164243,0.8185505889694984,4.212040133779264,2.7604206065037777,4.337093563370936,2.8228798434146487,1.029689515203994,0.4365,0.01619,0.0,0.0,0.0,0.0,0.0,0.0,0.0,0.0,0.0,0.0,0.0,0.3353396388650038,12.497850386930356,16.23817712811694,0.9286328460877044,0.0,0.0,0.0,0.0,0.0,0.0,0.0,0.0,0.0,0.0,0.0,0.0,0.0,0.0,0.0,nan,nan,4.2748167888074615,2.792649778952961,nan,0.4365,0.0879,0.0,0.0,0.0,0.0,0.0,0.0,0.0,0.0,0.0,0.0,0.0,0.0,0.0,0.0,0.0,0.0,0.0,0.0,0.000236457437661221,0.0003009458297506449,0.0,4.299226139294927e-05,0.0018809114359415306,0.0016122098022355977,0.00032244196044711954,0.0001934651762682717,0.011435941530524506,0.004815133276010318,0.011296216680997421,0.011693895098882202,0.013993981083404987,0.026913155631986242,0.037929922613929495,0.027063628546861566,0.03557609630266552,0.010769561478933792,0.03267411865864144,0.03367368873602752,0.07466680997420465,0.04824806534823732,0.024333619948409286,0.028428632846087706,0.0168207222699914,0.024860275150472916,0.01101676698194325,0.0410146173688736,0.05452493551160791,0.0499140154772141,0.06484307824591573,0.019282029234737746,0.04420679277730009,0.059716251074806534,0.0390262252794497,0.022818142734307826,0.03020206362854686,0.012994411006018917,0.012876182287188306,0.0125859845227859,0.004342218400687876,0.004030524505588994,0.00044067067927773003,0.004492691315563199,0.00029019776440240754,0.0006986242476354256,0.022001289767841787,0.0006663800515907136,0.001117798796216681,0.0005159071367153912,4.299226139294927e-05,0.005180567497850387,0.001354256233877902,0.0,0.0,0.0,0.0,2.1496130696474634e-05,0.0,0.0,0.0,0.0,0.0,0.0,0.0,0.0,0.0,0.0,0.0,0.0,0.0,0.0,0.0,0.0,0.0,0.0,0.0,0.0,0.0,0.0,0.0,0.0,0.0,nan,nan,4.2748167888074615,2.792649778952961,nan,0.8694196695454584,0.03418294387361374,0.0,0.0,0.0,0.0,0.0,0.0,0.0,0.0,0.0,0.0,0.0,0.0,0.0,0.0,0.0,0.0,0.0,0.0,0.0,0.0,0.0,0.0,0.07822685788787485,0.6388526727509759,2.9335071707953073,10.508474576271189,11.003911342894398,3.7157757496740556,0.8604954367666234,0.26075619295958286,0.8702857785405427,0.03579901256455379,0.0,0.0,0.0,0.0,0.0,0.0,0.0,0.0,0.0,0.0,0.0,0.0,0.0,0.0,0.0,0.0,0.0,0.0,0.0,0.0,0.0,0.025521054870267977,0.07656316461080392,0.714589536367501,3.1263292216078273,9.82560612505317,10.923011484474694,4.057847724372608,0.995321139940451,0.2552105487026798,0.437,0.01616,0.0,0.0,0.0,0.0,0.0,0.0,0.0,0.0,0.0,0.0,0.0,0.3389830508474571,12.046936114732729,16.597131681877446,1.016949152542373,0.0,0.0,0.0,0.0,0.0,0.0,0.0,0.0,0.0,0.0,0.0,0.0,0.0,0.0,0.0,0.436,0.01619,0.0,0.0,0.0,0.0,0.0,0.0,0.0,0.0,0.0,0.0,0.0,0.33177371331348315,12.939174819225864,15.886856656741815,0.8421948107188433,0.0,0.0,0.0,0.0,0.0,0.0,0.0,0.0,0.0,0.0,0.0,0.0,0.0,0.0,0.0
84100,4598,2300,0.5002174858634189,1105,992,0.4560678555893867,1328,0.5776424532405393,0.45399999999999996,2.9586597040905134,3.091938525147866,6.6234177215189876,1.9858572016911822,6649.800000000001,9.094947017729282e-13,6649.8,6649.8,6649.800000000002,1.8189894035458565e-12,6649.800000000001,9.094947017729282e-13,27.87799043062201,21.057939875574277,33.07726442182198,19.223840003144392,0.1468029578077425,0.0959112657677251,0.08873423227490213,0.08960417572857764,0.08090474119182253,0.07111787733797303,0.07329273597216181,0.0665506742061766,0.06133101348412353,0.048281861678990866,0.04284471509351892,0.0352327098738582,0.0332753371030883,0.02609830361026533,0.021096128751631145,0.010439321444106133,0.008481948673336234,0.8698900800754112,0.035513906872169224,0.0,0.0,0.0,0.0,0.0,0.0,0.0,0.0,0.0,0.0,0.0,0.0,0.0,0.0,0.0,0.0,0.0,0.0,0.0,0.0,0.0065245759025663345,0.0065245759025663345,0.13701609395389303,0.8220965637233554,2.766420182688126,10.09351892127012,10.922140060896044,4.195302305350153,0.7438016528925622,0.3066550674206177,4.318548387096774,2.8734519049062275,5.166666666666667,2.9674156357941426,1.1963896669779024,4.324579124579125,2.8919431634412036,4.315965263861055,2.855873067104578,0.998008162073134,0.4363,0.01604,0.0,0.0,0.0,0.0,0.0,0.0,0.0,0.0,0.0,0.0,0.0,0.4110482818616784,12.285776424532408,16.507177033492827,0.7894736842105265,0.0065245759025663345,0.0,0.0,0.0,0.0,0.0,0.0,0.0,0.0,0.0,0.0,0.0,0.0,0.0,0.0,nan,nan,4.320254862508383,2.873895355760774,nan,0.4363,0.0875,0.0,0.0,0.0,0.0,0.0,0.0,0.0,0.0,0.0,0.0,0.0,0.0,0.0,0.0,0.0,0.0,0.0,2.174858634188778e-05,0.00019573727707699,0.00027185732927359724,0.0,7.612005219660722e-05,0.0021966072205306655,0.0016311439756415832,0.00031535450195737275,4.349717268377556e-05,0.010069595476294041,0.004469334493257938,0.012973031752936058,0.011678990865593736,0.014136581122227055,0.026163549369290995,0.037690300130491516,0.02782731622444541,0.03630926489778164,0.009014789038712483,0.03161157024793389,0.03145933014354067,0.07715311004784689,0.05031535450195737,0.025804697694649846,0.027076989995650284,0.016289691170073946,0.024641148325358853,0.012157459765115267,0.042692474989125706,0.057003044802087864,0.05060896041757286,0.06124401913875598,0.0193018703784254,0.04690082644628099,0.05821009134406264,0.037635928664636796,0.021639843410178338,0.028838625489343194,0.012842540234884733,0.013397129186602871,0.014060461070030448,0.004458460200086995,0.0037625054371465856,0.00034797738147020446,0.004610700304480209,0.00014136581122227055,0.0008046976946498478,0.021313614615050023,0.0009351892127011744,0.0011091779034362766,0.0005545889517181383,6.524575902566333e-05,0.004741191822531536,0.0011418007829491082,0.0,0.0,0.0,0.0,4.349717268377556e-05,0.0,0.0,0.0,0.0,0.0,0.0,0.0,0.0,0.0,0.0,0.0,0.0,0.0,0.0,0.0,0.0,0.0,0.0,0.0,0.0,0.0,0.0,0.0,0.0,0.0,nan,nan,4.320254862508383,2.873895355760774,nan,0.8704500206138777,0.03613020359613271,0.0,0.0,0.0,0.0,0.0,0.0,0.0,0.0,0.0,0.0,0.0,0.0,0.0,0.0,0.0,0.0,0.0,0.0,0.0,0.0,0.0,0.013043478260869568,0.1565217391304348,0.8869565217391276,2.8043478260869574,9.600000000000001,11.060869565217395,4.395652173913044,0.7434782608695654,0.3391304347826088,0.8693296522083648,0.03487717357888059,0.0,0.0,0.0,0.0,0.0,0.0,0.0,0.0,0.0,0.0,0.0,0.0,0.0,0.0,0.0,0.0,0.0,0.0,0.0,0.0,0.013054830287206269,0.0,0.11749347258485641,0.7571801566579611,2.7284595300261105,10.587467362924283,10.78328981723238,3.994778067885118,0.7441253263707573,0.27415143603133163,0.436,0.01611,0.0,0.0,0.0,0.0,0.0,0.0,0.0,0.0,0.0,0.0,0.0,0.3782608695652169,12.417391304347829,16.35652173913044,0.8347826086956524,0.013043478260869568,0.0,0.0,0.0,0.0,0.0,0.0,0.0,0.0,0.0,0.0,0.0,0.0,0.0,0.0,0.4363,0.01596,0.0,0.0,0.0,0.0,0.0,0.0,0.0,0.0,0.0,0.0,0.0,0.4438642297650124,12.154046997389036,16.6579634464752,0.7441253263707573,0.0,0.0,0.0,0.0,0.0,0.0,0.0,0.0,0.0,0.0,0.0,0.0,0.0,0.0,0.0
84200,4641,2377,0.5121741004093945,1138,943,0.4483947425123896,1309,0.5641025641025641,0.42599999999999993,2.9235865724381624,3.047313918655297,6.535211267605634,2.0275712038458487,6649.800000000002,1.8189894035458565e-12,6649.8,6649.8,6649.8,0.0,6649.800000000001,9.094947017729282e-13,28.037922861452273,21.006710974435116,33.155790559711114,19.1964035521661,0.14350355526826114,0.09480715363068304,0.09394527041585865,0.08661926308985132,0.08058608058608059,0.07218271924154276,0.06701141995259642,0.06464124111182935,0.0592544710191769,0.054945054945054944,0.04611075199310494,0.04330963154492566,0.03167420814479638,0.026287438052143935,0.014867485455720749,0.010127127774186598,0.010127127774186598,0.8693185446848517,0.03495158426454233,0.0,0.0,0.0,0.0,0.0,0.0,0.0,0.0,0.0,0.0,0.0,0.0,0.0,0.0,0.0,0.0,0.0,0.0,0.0,0.0,0.006464124111182936,0.025856496444731744,0.13574660633484165,0.6658047834518402,3.03813833225598,10.058177117000648,11.195862960568846,3.846153846153847,0.7756948933419524,0.2521008403361345,4.295416527266644,2.851290681456107,5.0,2.449489742783178,1.1640314666251266,4.279461279461279,2.8005559295422016,4.315405046480744,2.898594086432735,1.0083991335993556,0.4355,0.01628,0.0,0.0,0.0,0.0,0.0,0.0,0.0,0.0,0.0,0.0,0.0,0.41370394311570724,12.734324499030384,16.06981254040078,0.7821590174531353,0.0,0.0,0.0,0.0,0.0,0.0,0.0,0.0,0.0,0.0,0.0,0.0,0.0,0.0,0.0,nan,nan,4.296122994652406,2.851003378277055,nan,0.4355,0.0861,0.0,0.0,0.0,0.0,0.0,0.0,0.0,0.0,0.0,0.0,0.0,0.0,0.0,0.0,0.0,0.0,0.0,5.3867700926524454e-05,0.0003124326653738418,0.00016160310277957336,0.0,6.464124111182935e-05,0.002014652014652015,0.001368239603533721,0.0003124326653738418,0.0,0.01004093945270416,0.003996983408748114,0.011624649859943978,0.010978237448825683,0.013197586726998492,0.02537168713639302,0.03694246929541047,0.02828054298642534,0.0372225813402284,0.009125188536953243,0.03312863606981254,0.033074768368886016,0.07634130575307047,0.054234001292824824,0.027073906485671193,0.026707606119370824,0.018605903900021547,0.023917259211376857,0.012174100409394527,0.04201680672268908,0.05663650075414781,0.05123895712131006,0.06208791208791209,0.016634346046110752,0.049827623357035125,0.058468002585649645,0.0345830639948287,0.022915319974143502,0.02828054298642534,0.013122171945701358,0.01328377504848093,0.014188752424046542,0.004567981038569274,0.0026502908855850034,0.00043094160741219563,0.004664942900237018,2.1547080370609784e-05,0.0010127127774186599,0.019457013574660634,0.0007541478129713424,0.0012281835811247576,0.00033397974574445163,1.0773540185304892e-05,0.004169360051712993,0.0010342598577892696,2.1547080370609784e-05,0.0,0.0,0.0,3.2320620555914674e-05,0.0,0.0,0.0,0.0,0.0,0.0,0.0,0.0,0.0,0.0,0.0,0.0,0.0,0.0,0.0,0.0,0.0,0.0,0.0,0.0,0.0,0.0,0.0,0.0,0.0,nan,nan,4.296122994652406,2.851003378277055,nan,0.8688201869191068,0.0353145205238834,0.0,0.0,0.0,0.0,0.0,0.0,0.0,0.0,0.0,0.0,0.0,0.0,0.0,0.0,0.0,0.0,0.0,0.0,0.0,0.0,0.012620950778291968,0.05048380311316787,0.16407236011779558,0.6941522928060558,2.9911653344551965,9.995793016407237,11.308371897349604,3.7484223811527144,0.8582246529238537,0.17669331089608756,0.8698417763143462,0.034558699982244284,0.0,0.0,0.0,0.0,0.0,0.0,0.0,0.0,0.0,0.0,0.0,0.0,0.0,0.0,0.0,0.0,0.0,0.0,0.0,0.0,0.0,0.0,0.10600706713780922,0.6360424028268531,3.087455830388693,10.123674911660778,11.077738515901062,3.948763250883393,0.68904593639576,0.3312720848056538,0.4353,0.01662,0.0,0.0,0.0,0.0,0.0,0.0,0.0,0.0,0.0,0.0,0.0,0.5048380311316778,12.696676482961719,15.990744636095922,0.807740849810686,0.0,0.0,0.0,0.0,0.0,0.0,0.0,0.0,0.0,0.0,0.0,0.0,0.0,0.0,0.0,0.436,0.0159,0.0,0.0,0.0,0.0,0.0,0.0,0.0,0.0,0.0,0.0,0.0,0.3180212014134271,12.77385159010601,16.152826855123678,0.7553003533568906,0.0,0.0,0.0,0.0,0.0,0.0,0.0,0.0,0.0,0.0,0.0,0.0,0.0,0.0,0.0
84300,4400,2222,0.505,1057,906,0.4461363636363636,1272,0.5781818181818181,0.44999999999999996,3.004591368227732,3.089271259941614,6.645468998410175,1.9872165331226108,6649.800000000001,9.094947017729282e-13,6649.8,6649.8,6649.800000000001,9.094947017729282e-13,6649.800000000001,9.094947017729282e-13,27.65568181818182,20.851168257844503,32.378531073446325,19.245440513801217,0.13568181818181818,0.10272727272727272,0.09636363636363636,0.0915909090909091,0.08795454545454545,0.07795454545454546,0.06772727272727273,0.05613636363636364,0.05227272727272727,0.05113636363636364,0.045454545454545456,0.038636363636363635,0.032045454545454544,0.027954545454545454,0.019318181818181818,0.009318181818181817,0.007727272727272728,0.8714592357521708,0.03438010975119367,0.0,0.0,0.0,0.0,0.0,0.0,0.0,0.0,0.0,0.0,0.0,0.0,0.0,0.0,0.0,0.0,0.0,0.0,0.0,0.0,0.0,0.00681818181818182,0.08863636363636367,0.6136363636363618,2.747727272727273,9.59318181818182,11.781818181818185,3.927272727272728,0.9272727272727275,0.3136363636363637,4.292253521126761,2.8574975248880135,4.0,4.96655480858378,0.9319114027891714,4.3217576187101345,2.88178645193831,4.262569832402234,2.8391804013251236,0.9863046955591264,0.4363,0.01639,0.0,0.0,0.0,0.0,0.0,0.0,0.0,0.0,0.0,0.0,0.0,0.36136363636363583,12.43636363636364,16.145454545454548,1.0500000000000003,0.00681818181818182,0.0,0.0,0.0,0.0,0.0,0.0,0.0,0.0,0.0,0.0,0.0,0.0,0.0,0.0,nan,nan,4.291945128385509,2.860558472455506,nan,0.4363,0.08496,0.0,0.0,0.0,0.0,0.0,0.0,0.0,0.0,0.0,0.0,0.0,0.0,0.0,0.0,0.0,0.0,0.0,0.0,0.0003068181818181818,6.818181818181818e-05,0.0,0.0,0.0024204545454545455,0.0012727272727272728,5.681818181818182e-05,0.0,0.009625,0.0035113636363636362,0.011397727272727273,0.008545454545454545,0.012806818181818181,0.023886363636363636,0.03628409090909091,0.02734090909090909,0.034772727272727275,0.010215909090909091,0.036125,0.031625,0.07707954545454546,0.05564772727272727,0.02746590909090909,0.02675,0.018886363636363635,0.02628409090909091,0.011602272727272727,0.04186363636363637,0.05979545454545455,0.04981818181818182,0.06340909090909091,0.017352272727272727,0.04973863636363637,0.05951136363636363,0.03453409090909091,0.022943181818181817,0.02752272727272727,0.013159090909090908,0.013386363636363637,0.013397727272727273,0.005170454545454546,0.002909090909090909,0.00029545454545454547,0.004772727272727273,1.1363636363636363e-05,0.0008181818181818182,0.019045454545454546,0.0006136363636363636,0.0012613636363636364,0.0004886363636363636,0.0,0.0032613636363636365,0.0008977272727272727,0.0,1.1363636363636363e-05,0.0,0.0,3.409090909090909e-05,0.0,0.0,0.0,0.0,0.0,0.0,0.0,0.0,0.0,0.0,0.0,0.0,0.0,0.0,0.0,0.0,0.0,0.0,0.0,0.0,0.0,0.0,0.0,0.0,0.0,nan,nan,4.291945128385509,2.860558472455506,nan,0.8713895943280708,0.03429634021126116,0.0,0.0,0.0,0.0,0.0,0.0,0.0,0.0,0.0,0.0,0.0,0.0,0.0,0.0,0.0,0.0,0.0,0.0,0.0,0.0,0.0,0.0,0.09450945094509454,0.7020702070206999,2.754275427542755,9.356435643564359,11.854185418541858,4.0774077407740785,0.9045904590459048,0.25652565256525656,0.8715302840737272,0.034465216776699246,0.0,0.0,0.0,0.0,0.0,0.0,0.0,0.0,0.0,0.0,0.0,0.0,0.0,0.0,0.0,0.0,0.0,0.0,0.0,0.0,0.0,0.013774104683195596,0.08264462809917357,0.5234159779614308,2.741046831955923,9.834710743801654,11.707988980716257,3.7741046831955933,0.950413223140496,0.3719008264462811,0.4365,0.01657,0.0,0.0,0.0,0.0,0.0,0.0,0.0,0.0,0.0,0.0,0.0,0.364536453645364,12.259225922592263,16.06660666066607,1.2961296129612963,0.013501350135013504,0.0,0.0,0.0,0.0,0.0,0.0,0.0,0.0,0.0,0.0,0.0,0.0,0.0,0.0,0.4358,0.01619,0.0,0.0,0.0,0.0,0.0,0.0,0.0,0.0,0.0,0.0,0.0,0.35812672176308485,12.617079889807165,16.22589531680441,0.7988980716253445,0.0,0.0,0.0,0.0,0.0,0.0,0.0,0.0,0.0,0.0,0.0,0.0,0.0,0.0,0.0
84400,4455,2281,0.5120089786756453,1075,934,0.45095398428731764,1291,0.5795735129068462,0.43399999999999994,2.9310027598896045,3.0253186754966572,6.51207729468599,2.054475269188386,6649.800000000002,1.8189894035458565e-12,6649.8,6649.8,6649.800000000002,1.8189894035458565e-12,6649.800000000001,9.094947017729282e-13,27.602244668911336,20.677444661873743,32.68622174381055,18.87174243914054,0.145679012345679,0.09764309764309764,0.09539842873176206,0.08350168350168351,0.08597081930415264,0.06778900112233445,0.06868686868686869,0.06487093153759821,0.06442199775533108,0.053647586980920314,0.04579124579124579,0.03950617283950617,0.028058361391694726,0.026262626262626262,0.01616161616161616,0.010774410774410775,0.005836139169472503,0.8714224306822625,0.034588640757800986,0.0,0.0,0.0,0.0,0.0,0.0,0.0,0.0,0.0,0.0,0.0,0.0,0.0,0.0,0.0,0.0,0.0,0.0,0.0,0.0,0.0,0.013468013468013471,0.08754208754208757,0.565656565656564,2.828282828282829,9.670033670033671,11.569023569023573,4.0404040404040416,0.9831649831649834,0.2424242424242425,4.276766969909027,2.823231459448304,0.0,0.0,0.0,4.30567081604426,2.804226889968209,4.241501416430595,2.8427443570359525,0.985096538412888,0.436,0.01633,0.0,0.0,0.0,0.0,0.0,0.0,0.0,0.0,0.0,0.0,0.0,0.3973063973063967,12.370370370370374,16.20875420875421,1.0235690235690238,0.0,0.0,0.0,0.0,0.0,0.0,0.0,0.0,0.0,0.0,0.0,0.0,0.0,0.0,0.0,nan,nan,4.2752710738020285,2.8238702740317705,nan,0.436,0.08484,0.0,0.0,0.0,0.0,0.0,0.0,0.0,0.0,0.0,0.0,0.0,0.0,0.0,0.0,0.0,0.0,0.0,0.0,0.0004152637485970819,0.0,0.0,1.122334455667789e-05,0.0019753086419753087,0.0014927048260381594,8.978675645342312e-05,0.0,0.009450056116722783,0.003771043771043771,0.013041526374859709,0.007609427609427609,0.01217732884399551,0.023804713804713804,0.036071829405162736,0.027957351290684624,0.03640852974186307,0.010516273849607183,0.03334455667789001,0.029708193041526373,0.07712682379349046,0.057362514029180696,0.028114478114478113,0.025555555555555557,0.019595959595959597,0.028698092031425364,0.012491582491582491,0.04102132435465769,0.05686868686868687,0.04982042648709315,0.0642648709315376,0.01742985409652076,0.049595959595959596,0.06102132435465769,0.03268237934904602,0.025308641975308643,0.025836139169472503,0.015218855218855219,0.012491582491582491,0.011829405162738496,0.00531986531986532,0.0031088664421997756,5.611672278338945e-05,0.005039281705948372,3.367003367003367e-05,0.0008641975308641976,0.01897867564534231,0.0006734006734006734,0.0012345679012345679,0.00037037037037037035,0.0,0.003097643097643098,0.0009988776655443321,0.0,0.0,0.0,0.0,4.489337822671156e-05,0.0,0.0,0.0,0.0,0.0,0.0,0.0,0.0,0.0,0.0,0.0,0.0,0.0,0.0,0.0,0.0,0.0,0.0,0.0,0.0,0.0,0.0,0.0,0.0,0.0,nan,nan,4.2752710738020285,2.8238702740317705,nan,0.87162615690039,0.035094355718648385,0.0,0.0,0.0,0.0,0.0,0.0,0.0,0.0,0.0,0.0,0.0,0.0,0.0,0.0,0.0,0.0,0.0,0.0,0.0,0.0,0.0,0.026304252520824207,0.14467338886453313,0.5786935554581306,2.7356422621657175,9.456378781236301,11.81060938185007,3.958790004384043,1.039017974572556,0.24989039894782994,0.871208677460759,0.034048651481962185,0.0,0.0,0.0,0.0,0.0,0.0,0.0,0.0,0.0,0.0,0.0,0.0,0.0,0.0,0.0,0.0,0.0,0.0,0.0,0.0,0.0,0.0,0.02759889604415824,0.551977920883163,2.9254829806807736,9.894204231830729,11.31554737810488,4.1260349586016565,0.924563017479301,0.23459061637534503,0.4363,0.01625,0.0,0.0,0.0,0.0,0.0,0.0,0.0,0.0,0.0,0.0,0.0,0.2761946514686537,12.599736957474795,15.979833406400704,1.1442349846558528,0.0,0.0,0.0,0.0,0.0,0.0,0.0,0.0,0.0,0.0,0.0,0.0,0.0,0.0,0.0,0.436,0.01642,0.0,0.0,0.0,0.0,0.0,0.0,0.0,0.0,0.0,0.0,0.0,0.5243790248390057,12.129714811407547,16.44894204231831,0.8969641214351428,0.0,0.0,0.0,0.0,0.0,0.0,0.0,0.0,0.0,0.0,0.0,0.0,0.0,0.0,0.0
84500,4303,2215,0.5147571461770858,1036,880,0.4452707413432489,1203,0.5591447827097374,0.45799999999999996,2.981800766283525,3.096106536352368,6.635897435897436,2.051243589383006,6649.800000000001,9.094947017729282e-13,6649.8,6649.8,6649.800000000001,9.094947017729282e-13,6649.800000000002,1.8189894035458565e-12,27.637927027655124,20.76293987838588,32.653237010280634,19.002078239894544,0.1438531257262375,0.09667673716012085,0.09388798512665582,0.09040204508482454,0.07831745293980943,0.08040901696490821,0.06971880083662561,0.0625145247501743,0.05600743667208924,0.055310248663722986,0.04183128050197537,0.03625377643504532,0.03346502440158029,0.026493144317917734,0.018591680223100163,0.009993028119916338,0.006274692075296305,0.8721751329401829,0.034350513986921405,0.0,0.0,0.0,0.0,0.0,0.0,0.0,0.0,0.0,0.0,0.0,0.0,0.0,0.0,0.0,0.0,0.0,0.0,0.0,0.0,0.0,0.006971880083662563,0.13943760167325125,0.5507785266093407,2.6353706716244485,9.49570067394841,11.684871020218456,4.350453172205439,0.8784568905414829,0.2579595630955148,4.282861292665214,2.8333430124795456,1.6666666666666667,2.357022603955158,0.3891479440440865,4.232130219391366,2.832160527600334,4.330357142857143,2.835431833420227,1.02320980649785,0.4358,0.01646,0.0,0.0,0.0,0.0,0.0,0.0,0.0,0.0,0.0,0.0,0.0,0.4252846851034156,12.751568673018827,15.902858470834305,0.9202881710434583,0.0,0.0,0.0,0.0,0.0,0.0,0.0,0.0,0.0,0.0,0.0,0.0,0.0,0.0,0.0,nan,nan,4.280014508523758,2.834181024875204,nan,0.4358,0.085,0.0,0.0,0.0,0.0,0.0,0.0,0.0,0.0,0.0,0.0,0.0,0.0,0.0,0.0,0.0,0.0,0.0,0.0,9.295840111550081e-05,0.0,0.0,0.0,0.0019405066232860795,0.0012433186149198234,0.00015105740181268882,0.0,0.010330002323960029,0.004171508250058099,0.013339530560074368,0.006565187078782245,0.01254938415059261,0.025807576109690915,0.0381942830583314,0.026981175923774112,0.03628863583546363,0.009609574715314897,0.03412735300952824,0.02892168254706019,0.07775970253311643,0.056611666279339994,0.027201952126423425,0.02311178247734139,0.021577968858935627,0.029049500348594003,0.01250290495003486,0.041168951894027424,0.05680920288171044,0.047362305368347665,0.06369974436439693,0.01774343481292122,0.048814780385777364,0.06350220776202649,0.0314896583778759,0.026725540320706485,0.024552637694631653,0.015500813386009761,0.012468045549616547,0.013455728561468743,0.004613060655356728,0.0035207994422495935,1.1619800139437602e-05,0.005507785266093424,6.971880083662561e-05,0.0008831048105972577,0.01641877759702533,0.0010574018126888218,0.0015686730188240762,0.0004996514059958169,3.4859400418312805e-05,0.003323262839879154,0.0010574018126888218,0.0,0.0,0.0,0.0,1.1619800139437602e-05,0.0,0.0,0.0,0.0,0.0,0.0,0.0,0.0,0.0,0.0,0.0,0.0,0.0,0.0,0.0,0.0,0.0,0.0,0.0,0.0,0.0,0.0,0.0,0.0,0.0,nan,nan,4.280014508523758,2.834181024875204,nan,0.8716965071503788,0.03478276958100102,0.0,0.0,0.0,0.0,0.0,0.0,0.0,0.0,0.0,0.0,0.0,0.0,0.0,0.0,0.0,0.0,0.0,0.0,0.0,0.0,0.0,0.013544018058690748,0.14898419864559823,0.6094808126410817,2.7765237020316036,9.765237020316029,11.187358916478559,4.293453724604967,0.9751693002257339,0.2302483069977427,0.8726828705476618,0.03387854981300463,0.0,0.0,0.0,0.0,0.0,0.0,0.0,0.0,0.0,0.0,0.0,0.0,0.0,0.0,0.0,0.0,0.0,0.0,0.0,0.0,0.0,0.0,0.12931034482758624,0.48850574712643524,2.4856321839080464,9.20977011494253,12.212643678160923,4.4109195402298855,0.7758620689655175,0.2873563218390805,0.4358,0.0162,0.0,0.0,0.0,0.0,0.0,0.0,0.0,0.0,0.0,0.0,0.0,0.3250564334085774,12.975169300225737,15.860045146726865,0.8397291196388263,0.0,0.0,0.0,0.0,0.0,0.0,0.0,0.0,0.0,0.0,0.0,0.0,0.0,0.0,0.0,0.4358,0.01672,0.0,0.0,0.0,0.0,0.0,0.0,0.0,0.0,0.0,0.0,0.0,0.5316091954022981,12.514367816091957,15.94827586206897,1.0057471264367819,0.0,0.0,0.0,0.0,0.0,0.0,0.0,0.0,0.0,0.0,0.0,0.0,0.0,0.0,0.0
84600,4173,2175,0.5212077641984184,1014,847,0.4459621375509226,1159,0.5554756769710041,0.478,3.059059059059059,3.094526071488595,6.545774647887324,2.0473315934263745,6649.800000000001,9.094947017729282e-13,6649.8,6649.8,6649.800000000002,1.8189894035458565e-12,6649.800000000001,9.094947017729282e-13,27.680805176132278,20.731441699332155,32.6441647597254,18.988354110035303,0.14018691588785046,0.1059190031152648,0.08818595734483585,0.08674814282290917,0.08195542774982027,0.06997364006709801,0.07165109034267912,0.06973400431344356,0.060627845674574646,0.05391804457225018,0.04385334291876348,0.035705727294512345,0.03618499880182123,0.02108794632159118,0.016295231248502278,0.009825065899832255,0.008147615624251139,0.8706636103171397,0.035069122370255314,0.0,0.0,0.0,0.0,0.0,0.0,0.0,0.0,0.0,0.0,0.0,0.0,0.0,0.0,0.0,0.0,0.0,0.0,0.0,0.0,0.007189072609633359,0.050323508267433516,0.17972681524083395,0.6685837526959002,2.7390366642703095,9.230769230769232,12.041696621135877,4.061826024442848,0.7620416966211361,0.25880661394680093,4.356525009402031,2.874196540024849,4.7,2.0999999999999996,1.078841505524862,4.37219730941704,2.838272193303745,4.3428571428571425,2.9060032681725314,0.9932893772893773,0.435,0.01654,0.0,0.0,0.0,0.0,0.0,0.0,0.0,0.0,0.0,0.0,0.0,0.5104241552839676,13.314162473040982,15.183321351545654,0.9920920201294036,0.0,0.0,0.0,0.0,0.0,0.0,0.0,0.0,0.0,0.0,0.0,0.0,0.0,0.0,0.0,nan,nan,4.357811914574747,2.871762084123367,nan,0.435,0.0851,0.0,0.0,0.0,0.0,0.0,0.0,0.0,0.0,0.0,0.0,0.0,0.0,0.0,0.0,0.0,0.0,0.0,0.0,0.00015576323987538941,0.0,0.0,0.0,0.0023005032350826744,0.001186196980589504,0.00023963575365444525,8.387251377905584e-05,0.010819554277498204,0.005092259765156961,0.011179007907979871,0.007033309369757968,0.012329259525521209,0.02627606038820992,0.04060627845674575,0.025173735921399473,0.03861730170141385,0.010028756290438534,0.03523843757488617,0.027665947759405705,0.07739036664270309,0.05599089384136113,0.02797747423915648,0.02167505391804457,0.02123172777378385,0.030649412892403548,0.013096093937215433,0.041480948957584474,0.055319913731128684,0.04592619218787443,0.059813084112149535,0.01938653247064462,0.052480230050323505,0.06155044332614426,0.03213515456506111,0.028588545410975316,0.024922118380062305,0.013623292595255212,0.011802060867481428,0.012760603882099208,0.004493170381020848,0.0038461538461538464,0.0,0.005895039539899353,5.990893841361131e-05,0.0006829618979151689,0.015875868679606997,0.0006230529595015577,0.0014977234603402827,0.0006110711718188353,0.0,0.003115264797507788,0.0014138509465612269,5.990893841361131e-05,0.0,0.0,0.0,0.0,0.0,0.0,0.0,0.0,0.0,0.0,0.0,0.0,0.0,0.0,0.0,0.0,0.0,0.0,0.0,0.0,0.0,0.0,0.0,0.0,0.0,0.0,0.0,0.0,0.0,nan,nan,4.357811914574747,2.871762084123367,nan,0.8702292308588138,0.03560951656461183,0.0,0.0,0.0,0.0,0.0,0.0,0.0,0.0,0.0,0.0,0.0,0.0,0.0,0.0,0.0,0.0,0.0,0.0,0.0,0.0,0.0,0.04137931034482759,0.17931034482758626,0.8137931034482734,2.744827586206897,9.268965517241382,11.765517241379314,4.151724137931035,0.7448275862068967,0.2896551724137932,0.8711364708385907,0.03446500309385283,0.0,0.0,0.0,0.0,0.0,0.0,0.0,0.0,0.0,0.0,0.0,0.0,0.0,0.0,0.0,0.0,0.0,0.0,0.0,0.0,0.015015015015015018,0.06006006006006007,0.1801801801801802,0.5105105105105089,2.732732732732733,9.189189189189191,12.342342342342347,3.9639639639639648,0.7807807807807811,0.22522522522522528,0.4348,0.01646,0.0,0.0,0.0,0.0,0.0,0.0,0.0,0.0,0.0,0.0,0.0,0.46896551724137864,13.613793103448279,14.924137931034487,0.9931034482758623,0.0,0.0,0.0,0.0,0.0,0.0,0.0,0.0,0.0,0.0,0.0,0.0,0.0,0.0,0.0,0.4353,0.01663,0.0,0.0,0.0,0.0,0.0,0.0,0.0,0.0,0.0,0.0,0.0,0.5555555555555548,12.987987987987992,15.465465465465469,0.9909909909909912,0.0,0.0,0.0,0.0,0.0,0.0,0.0,0.0,0.0,0.0,0.0,0.0,0.0,0.0,0.0
84700,4434,2236,0.5042850699142986,1069,914,0.4472259810554804,1276,0.575552548488949,0.46599999999999997,2.989535941765241,3.088824504292357,6.598039215686274,2.114035591498464,6649.800000000001,9.094947017729282e-13,6649.8,6649.8,6649.800000000001,9.094947017729282e-13,6649.800000000001,9.094947017729282e-13,27.331980153360398,20.503304711871706,32.26858836206897,18.758340224128972,0.14253495714930087,0.10013531799729364,0.09878213802435724,0.08637798827244024,0.08412268831754624,0.07329724853405503,0.06788452864230943,0.06653134866937303,0.05728461885430762,0.05096977898060442,0.04781235904375282,0.042174109156517814,0.02931889941362201,0.02277852954442941,0.013757329724853405,0.010825439783491205,0.005412719891745603,0.8688845821850785,0.03533227770834681,0.0,0.0,0.0,0.0,0.0,0.0,0.0,0.0,0.0,0.0,0.0,0.0,0.0,0.0,0.0,0.0,0.0,0.0,0.0,0.0,0.0067658998646820045,0.060893098782138035,0.11502029769959407,0.71718538565629,3.1732070365358602,10.081190798376186,11.069012178619758,3.7550744248985124,0.7442489851150205,0.27740189445196217,4.3658362989323845,2.851728593888619,6.083333333333333,2.8418988174966557,1.3933947397022062,4.362937062937063,2.9221406637901586,4.383620689655173,2.781965028418232,1.0047407575263498,0.436,0.01575,0.0,0.0,0.0,0.0,0.0,0.0,0.0,0.0,0.0,0.0,0.0,0.24357239512855175,12.834912043301763,15.96752368064953,0.9539918809201626,0.0,0.0,0.0,0.0,0.0,0.0,0.0,0.0,0.0,0.0,0.0,0.0,0.0,0.0,0.0,nan,nan,4.373139617292701,2.853875973715215,nan,0.436,0.08545,0.0,0.0,0.0,0.0,0.0,0.0,0.0,0.0,0.0,0.0,0.0,0.0,0.0,0.0,0.0,0.0,0.0,0.0,0.00040595399188092014,0.0,1.1276499774470005e-05,0.0,0.0030333784393324313,0.0014772214704555707,0.00016914749661705008,4.510599909788002e-05,0.011118628777627424,0.004318899413622012,0.011716283265674334,0.006664411366711772,0.012020748759585025,0.02537212449255751,0.037415426251691475,0.02618403247631935,0.03744925575101488,0.009043752819124944,0.033186738836265224,0.02876635092467298,0.07690572846188543,0.05576229138475417,0.026420838971583222,0.02299278304014434,0.021188543076229138,0.03137122237257555,0.013317546233649075,0.042771763644564725,0.0569914298601714,0.04640279657194407,0.059923319801533606,0.020128552097428958,0.05208615245827695,0.06177266576454669,0.029713576905728463,0.027480829950383402,0.02768380694632386,0.014569237708615245,0.012539467749210645,0.011885430762291385,0.003969327920613441,0.0044654939106901215,3.3829499323410016e-05,0.006405051871898963,0.00016914749661705008,0.00041723049165539016,0.016677943166441136,0.00043978349120433015,0.0012967974740640505,0.0006314839873703202,2.255299954894001e-05,0.003247631935047361,0.0019057284618854307,1.1276499774470005e-05,0.0,0.0,0.0,0.0,0.0,0.0,0.0,0.0,0.0,0.0,0.0,0.0,0.0,0.0,0.0,0.0,0.0,0.0,0.0,0.0,0.0,0.0,0.0,0.0,0.0,0.0,0.0,0.0,0.0,nan,nan,4.373139617292701,2.853875973715215,nan,0.8688281717741851,0.03543601845087482,0.0,0.0,0.0,0.0,0.0,0.0,0.0,0.0,0.0,0.0,0.0,0.0,0.0,0.0,0.0,0.0,0.0,0.0,0.0,0.0,0.01341681574239714,0.05366726296958856,0.08050089445438284,0.7379248658318402,3.2334525939177112,10.156529516994635,10.88103756708408,3.6762075134168164,0.8855098389982113,0.28175313059033996,0.8689419678442037,0.035226337279559095,0.0,0.0,0.0,0.0,0.0,0.0,0.0,0.0,0.0,0.0,0.0,0.0,0.0,0.0,0.0,0.0,0.0,0.0,0.0,0.0,0.0,0.06824385805277526,0.15013648771610558,0.6960873521383054,3.1119199272065523,10.004549590536854,11.26023657870792,3.83530482256597,0.6005459508644223,0.27297543221110104,0.4363,0.01566,0.0,0.0,0.0,0.0,0.0,0.0,0.0,0.0,0.0,0.0,0.0,0.2549194991055453,12.53130590339893,16.28801431127013,0.9257602862254027,0.0,0.0,0.0,0.0,0.0,0.0,0.0,0.0,0.0,0.0,0.0,0.0,0.0,0.0,0.0,0.436,0.01584,0.0,0.0,0.0,0.0,0.0,0.0,0.0,0.0,0.0,0.0,0.0,0.23202911737943552,13.143767060964516,15.64149226569609,0.9827115559599638,0.0,0.0,0.0,0.0,0.0,0.0,0.0,0.0,0.0,0.0,0.0,0.0,0.0,0.0,0.0
84800,4656,2397,0.5148195876288659,1097,957,0.4411512027491409,1345,0.5777491408934707,0.43799999999999994,2.9915891987605137,3.0242373577052293,6.453435114503817,2.0991927823315626,6649.800000000001,9.094947017729282e-13,6649.8,6649.8,6649.800000000001,9.094947017729282e-13,6649.800000000001,9.094947017729282e-13,28.2766323024055,21.051991857475244,33.2360153256705,19.284744874865574,0.13616838487972507,0.10438144329896908,0.09256872852233677,0.08354810996563573,0.07237972508591066,0.08097079037800688,0.0661512027491409,0.06550687285223368,0.05756013745704467,0.05133161512027491,0.05326460481099656,0.039733676975945015,0.03243127147766323,0.025987972508591067,0.019759450171821305,0.009235395189003437,0.00902061855670103,0.8666783783495221,0.0360839258745743,0.0,0.0,0.0,0.0,0.0,0.0,0.0,0.0,0.0,0.0,0.0,0.0,0.0,0.0,0.0,0.0,0.0,0.0,0.0,0.0,0.0,0.057989690721649494,0.16108247422680413,0.7989690721649461,3.408505154639176,10.695876288659797,10.360824742268044,3.5115979381443307,0.6765463917525775,0.32860824742268047,4.300299301629531,2.780749404977942,3.25,1.299038105676658,0.7557613486969299,4.218,2.7868397872859503,4.376237623762377,2.7677473599455285,1.0375148467905113,0.437,0.01636,0.0,0.0,0.0,0.0,0.0,0.0,0.0,0.0,0.0,0.0,0.0,0.3092783505154635,12.216494845360828,16.35953608247423,1.1146907216494848,0.0,0.0,0.0,0.0,0.0,0.0,0.0,0.0,0.0,0.0,0.0,0.0,0.0,0.0,0.0,nan,nan,4.297512437810945,2.778389200301636,nan,0.437,0.08575,0.0,0.0,0.0,0.0,0.0,0.0,0.0,0.0,0.0,0.0,0.0,0.0,0.0,0.0,0.0,0.0,0.0,0.0,0.0004617697594501718,0.0,0.0,0.0,0.0030713058419243986,0.00155713058419244,0.00020403780068728523,0.0001718213058419244,0.010395189003436426,0.0043062714776632306,0.011050257731958764,0.007291666666666667,0.0109643470790378,0.026320876288659794,0.037285223367697594,0.026804123711340205,0.03660867697594502,0.008827319587628866,0.032527920962199315,0.030756013745704466,0.07575171821305841,0.05524054982817869,0.025311426116838488,0.022422680412371134,0.021262886597938145,0.03055197594501718,0.012854381443298969,0.040807560137457045,0.05900987972508591,0.047079037800687284,0.05851589347079038,0.020500429553264605,0.05024699312714777,0.0608569587628866,0.03180841924398625,0.028371993127147766,0.028414948453608247,0.01719286941580756,0.012940292096219932,0.011877147766323023,0.0036941580756013745,0.005702319587628866,7.517182130584193e-05,0.006357388316151203,0.00035438144329896906,0.000429553264604811,0.017203608247422682,0.00036512027491408935,0.0004832474226804124,0.0004617697594501718,1.0738831615120276e-05,0.003082044673539519,0.0020940721649484535,1.0738831615120276e-05,5.3694158075601374e-05,0.0,0.0,0.0,0.0,0.0,0.0,0.0,0.0,0.0,0.0,0.0,0.0,0.0,0.0,0.0,0.0,0.0,0.0,0.0,0.0,0.0,0.0,0.0,0.0,0.0,0.0,0.0,0.0,nan,nan,4.297512437810945,2.778389200301636,nan,0.8672663797474822,0.0361537265222048,0.0,0.0,0.0,0.0,0.0,0.0,0.0,0.0,0.0,0.0,0.0,0.0,0.0,0.0,0.0,0.0,0.0,0.0,0.0,0.0,0.0,0.10012515644555697,0.1752190237797247,0.7259073842302856,3.2290362953692124,10.488110137672093,10.575719649561956,3.704630788485608,0.7133917396745935,0.28785982478097627,0.866054456547437,0.03599921250970609,0.0,0.0,0.0,0.0,0.0,0.0,0.0,0.0,0.0,0.0,0.0,0.0,0.0,0.0,0.0,0.0,0.0,0.0,0.0,0.0,0.0,0.013280212483399738,0.14608233731739712,0.8764940239043798,3.598937583001329,10.916334661354584,10.132802124833999,3.3067729083665345,0.6374501992031874,0.3718459495351927,0.4373,0.01631,0.0,0.0,0.0,0.0,0.0,0.0,0.0,0.0,0.0,0.0,0.0,0.3629536921151434,11.814768460575722,16.720901126408013,1.1013767209011267,0.0,0.0,0.0,0.0,0.0,0.0,0.0,0.0,0.0,0.0,0.0,0.0,0.0,0.0,0.0,0.4365,0.01642,0.0,0.0,0.0,0.0,0.0,0.0,0.0,0.0,0.0,0.0,0.0,0.2523240371845946,12.64276228419655,15.976095617529884,1.1288180610889775,0.0,0.0,0.0,0.0,0.0,0.0,0.0,0.0,0.0,0.0,0.0,0.0,0.0,0.0,0.0
84900,4184,2178,0.5205544933078394,1040,844,0.4502868068833652,1158,0.5535372848948374,0.49,2.9940179461615153,3.1254852636474126,6.650623885918003,2.146805561891967,6649.800000000003,2.7284841053187847e-12,6649.8,6649.8,6649.800000000001,9.094947017729282e-13,6649.800000000002,1.8189894035458565e-12,27.311185468451242,20.643083859108053,32.261714285714284,18.94465827248474,0.14531548757170173,0.10301147227533461,0.09010516252390058,0.0891491395793499,0.08365200764818356,0.07911089866156788,0.06548757170172084,0.06524856596558318,0.05736137667304015,0.05234225621414914,0.04565009560229445,0.03465583173996176,0.029158699808795412,0.02652963671128107,0.01601338432122371,0.011950286806883365,0.005258126195028681,0.8665639361505527,0.034882574784862654,0.0,0.0,0.0,0.0,0.0,0.0,0.0,0.0,0.0,0.0,0.0,0.0,0.0,0.0,0.0,0.0,0.0,0.0,0.0,0.0,0.0,0.04302103250478012,0.10755258126195032,0.7098470363288697,3.4847036328871903,10.87715105162524,10.396749521988529,3.35564053537285,0.7887189292543023,0.2366156787762907,4.294006784771956,2.874867027382834,4.888888888888889,2.9228769862146455,1.1385377652933835,4.236959761549925,2.8487253399484347,4.356060606060606,2.9007119704860127,1.0281099777230627,0.4377,0.01628,0.0,0.0,0.0,0.0,0.0,0.0,0.0,0.0,0.0,0.0,0.0,0.37284894837476046,11.465105162523903,17.057839388145318,1.1042065009560231,0.0,0.0,0.0,0.0,0.0,0.0,0.0,0.0,0.0,0.0,0.0,0.0,0.0,0.0,0.0,nan,nan,4.296018031555222,2.875238061625457,nan,0.4377,0.08575,0.0,0.0,0.0,0.0,0.0,0.0,0.0,0.0,0.0,0.0,0.0,0.0,0.0,0.0,0.0,0.0,0.0,0.0,0.00046606118546845123,0.0,0.0,2.390057361376673e-05,0.0026290630975143404,0.0018403441682600383,0.00015535372848948374,7.17017208413002e-05,0.009990439770554494,0.004027246653919694,0.011603728489483748,0.007229923518164436,0.011173518164435946,0.0250717017208413,0.035109942638623326,0.02752151051625239,0.03577915869980879,0.009201720841300191,0.03444072657743786,0.032409177820267684,0.0738527724665392,0.05464866156787763,0.025597514340344168,0.02116395793499044,0.021283460803059272,0.0314651051625239,0.013133365200764819,0.04165869980879541,0.059715583173996174,0.04580544933078394,0.05794694072657744,0.018917304015296368,0.05001195028680688,0.06015774378585086,0.03242112810707457,0.0318953154875717,0.028608986615678775,0.017256214149139578,0.0122848948374761,0.01232074569789675,0.0036448374760994265,0.006118546845124283,0.0003465583173996176,0.006261950286806883,0.000262906309751434,0.0009321223709369025,0.01639579349904398,0.0003704588910133843,0.0002868068833652008,0.0003704588910133843,0.0,0.003405831739961759,0.002605162523900574,0.0,0.00010755258126195029,0.0,0.0,0.0,0.0,0.0,0.0,0.0,0.0,0.0,0.0,0.0,0.0,0.0,0.0,0.0,0.0,0.0,0.0,0.0,0.0,0.0,0.0,0.0,0.0,0.0,0.0,0.0,0.0,nan,nan,4.296018031555222,2.875238061625457,nan,0.8659040396699564,0.034509650983073084,0.0,0.0,0.0,0.0,0.0,0.0,0.0,0.0,0.0,0.0,0.0,0.0,0.0,0.0,0.0,0.0,0.0,0.0,0.0,0.0,0.0,0.055096418732782385,0.13774104683195595,0.6473829201101908,3.4848484848484858,11.074380165289258,10.592286501377412,3.0853994490358136,0.6887052341597797,0.23415977961432513,0.8672804139844205,0.03526903382731479,0.0,0.0,0.0,0.0,0.0,0.0,0.0,0.0,0.0,0.0,0.0,0.0,0.0,0.0,0.0,0.0,0.0,0.0,0.0,0.0,0.0,0.029910269192422737,0.07477567298105685,0.7776669990029886,3.4845463609172493,10.663010967098705,10.184446660019942,3.6490528414755743,0.8973080757726822,0.2392821535393819,0.4375,0.01627,0.0,0.0,0.0,0.0,0.0,0.0,0.0,0.0,0.0,0.0,0.0,0.35812672176308485,11.363636363636367,17.2038567493113,1.0743801652892564,0.0,0.0,0.0,0.0,0.0,0.0,0.0,0.0,0.0,0.0,0.0,0.0,0.0,0.0,0.0,0.4377,0.0163,0.0,0.0,0.0,0.0,0.0,0.0,0.0,0.0,0.0,0.0,0.0,0.38883349950149493,11.575274177467598,16.89930209371885,1.136590229312064,0.0,0.0,0.0,0.0,0.0,0.0,0.0,0.0,0.0,0.0,0.0,0.0,0.0,0.0,0.0
85000,4500,2293,0.5095555555555555,1065,918,0.44066666666666665,1284,0.5706666666666667,0.44199999999999995,2.9673765292251923,3.056457959149912,6.488408037094281,2.036628673279856,6649.800000000002,1.8189894035458565e-12,6649.8,6649.8,6649.800000000001,9.094947017729282e-13,6649.800000000001,9.094947017729282e-13,27.90088888888889,20.89922803701634,32.859602649006625,19.16852821721839,0.13977777777777778,0.10466666666666667,0.09111111111111111,0.08577777777777777,0.08311111111111111,0.07422222222222222,0.06,0.06155555555555556,0.062,0.054,0.04933333333333333,0.04533333333333334,0.034,0.020666666666666667,0.016444444444444446,0.011555555555555555,0.0064444444444444445,0.8656637509134081,0.032406539232804205,0.0,0.0,0.0,0.0,0.0,0.0,0.0,0.0,0.0,0.0,0.0,0.0,0.0,0.0,0.0,0.0,0.0,0.0,0.0,0.0,0.0,0.026666666666666672,0.0866666666666667,0.6533333333333313,3.2666666666666675,11.220000000000002,10.846666666666668,3.2266666666666675,0.6066666666666668,0.06666666666666668,4.390396659707725,2.8508489834027304,3.75,3.2691742076555053,0.8541369472182595,4.455182072829132,2.900802995735969,4.324827586206896,2.8007395829767527,0.9707409294409695,0.4373,0.01636,0.0,0.0,0.0,0.0,0.0,0.0,0.0,0.0,0.0,0.0,0.0,0.31333333333333285,11.773333333333337,16.793333333333337,1.12,0.0,0.0,0.0,0.0,0.0,0.0,0.0,0.0,0.0,0.0,0.0,0.0,0.0,0.0,0.0,nan,nan,4.3895066018068105,2.8515727893495026,nan,0.4373,0.0857,0.0,0.0,0.0,0.0,0.0,0.0,0.0,0.0,0.0,0.0,0.0,0.0,0.0,0.0,0.0,0.0,0.0,0.0,0.00036666666666666667,0.0,0.0,0.0,0.0024333333333333334,0.0020555555555555557,0.0003,0.00016666666666666666,0.011,0.003833333333333333,0.011577777777777777,0.008222222222222223,0.010433333333333333,0.027466666666666667,0.03512222222222222,0.026833333333333334,0.034944444444444445,0.010355555555555555,0.03498888888888889,0.031566666666666666,0.07463333333333333,0.05134444444444444,0.02638888888888889,0.0211,0.0195,0.03138888888888889,0.012511111111111112,0.0422,0.05818888888888889,0.047544444444444445,0.05797777777777778,0.018711111111111112,0.051533333333333334,0.058222222222222224,0.03334444444444445,0.03431111111111111,0.02818888888888889,0.017611111111111112,0.012844444444444445,0.012522222222222223,0.003922222222222222,0.005066666666666666,0.00046666666666666666,0.005188888888888889,0.00012222222222222221,0.0010666666666666667,0.016277777777777776,0.0003,0.00023333333333333333,7.777777777777778e-05,0.00012222222222222221,0.0023333333333333335,0.0029,0.0,0.00018888888888888888,0.0,0.0,0.0,0.0,0.0,0.0,0.0,0.0,0.0,0.0,0.0,0.0,0.0,0.0,0.0,0.0,0.0,0.0,0.0,0.0,0.0,0.0,0.0,0.0,0.0,0.0,0.0,0.0,nan,nan,4.3895066018068105,2.8515727893495026,nan,0.8660144542067321,0.03231812921018144,0.0,0.0,0.0,0.0,0.0,0.0,0.0,0.0,0.0,0.0,0.0,0.0,0.0,0.0,0.0,0.0,0.0,0.0,0.0,0.0,0.0,0.013083296990841695,0.09158307893589188,0.6279982555603992,3.296990841692107,11.18621892716965,10.96380287832534,3.1923244657653735,0.5625817706061929,0.06541648495420847,0.8652993817917081,0.03249413062282195,0.0,0.0,0.0,0.0,0.0,0.0,0.0,0.0,0.0,0.0,0.0,0.0,0.0,0.0,0.0,0.0,0.0,0.0,0.0,0.0,0.0,0.04077933846850929,0.08155867693701858,0.6796556411418193,3.235160851835071,11.255097417308567,10.724966017217945,3.2623470774807437,0.6524694154961487,0.06796556411418216,0.4368,0.01634,0.0,0.0,0.0,0.0,0.0,0.0,0.0,0.0,0.0,0.0,0.0,0.30091583078935846,12.03663323157436,16.707370257304845,0.9550806803314438,0.0,0.0,0.0,0.0,0.0,0.0,0.0,0.0,0.0,0.0,0.0,0.0,0.0,0.0,0.0,0.4375,0.01637,0.0,0.0,0.0,0.0,0.0,0.0,0.0,0.0,0.0,0.0,0.0,0.32623470774807384,11.499773448119623,16.88264612596285,1.291345718169461,0.0,0.0,0.0,0.0,0.0,0.0,0.0,0.0,0.0,0.0,0.0,0.0,0.0,0.0,0.0
85100,4579,2328,0.5084079493339158,1067,964,0.4435466259008517,1329,0.5804760864817646,0.44199999999999995,2.9529098178587296,3.0321107239567686,6.468217054263566,2.045451922018835,6649.800000000001,9.094947017729282e-13,6649.8,6649.8,6649.800000000001,9.094947017729282e-13,6649.800000000002,1.8189894035458565e-12,27.787944966149816,20.87447846490892,32.83002610966057,19.102419754295322,0.14064206158549902,0.1037344398340249,0.09259663682026643,0.08932081240445512,0.07883817427385892,0.07184974885346146,0.06857392443765015,0.06114872242847783,0.06071194583970299,0.04629831841013322,0.051758025769818736,0.04171216422799738,0.03385018563005023,0.0262065953264905,0.017471063550993666,0.010264249836208779,0.005022930770910679,0.8670938878919547,0.035197609195732095,0.0,0.0,0.0,0.0,0.0,0.0,0.0,0.0,0.0,0.0,0.0,0.0,0.0,0.0,0.0,0.0,0.0,0.0,0.0,0.0,0.0,0.0,0.1244813278008299,0.6551648831622604,3.6558200480454257,10.784013976850844,10.272985367984278,3.282376064642936,0.9368857829220356,0.28827254859139556,4.294337063411326,2.849361170629552,2.3333333333333335,2.6246692913372702,0.5433512318382818,4.274536719286204,2.898202566096563,4.307898259705489,2.8018409037912226,1.0078047148989882,0.4368,0.01625,0.0,0.0,0.0,0.0,0.0,0.0,0.0,0.0,0.0,0.0,0.0,0.3734439834024891,12.19917012448133,16.352915483730076,1.0744704083861107,0.0,0.0,0.0,0.0,0.0,0.0,0.0,0.0,0.0,0.0,0.0,0.0,0.0,0.0,0.0,nan,nan,4.292344173441735,2.8498268726429448,nan,0.4368,0.08606,0.0,0.0,0.0,0.0,0.0,0.0,0.0,0.0,0.0,0.0,0.0,0.0,0.0,0.0,0.0,0.0,0.0,5.4597073596855206e-05,0.0006660842978816336,0.0,0.0,3.275824415811313e-05,0.002336754749945403,0.0021838829438742082,0.00038217951517798644,0.00016379122079056562,0.010930334134090412,0.0032539855863725703,0.01133435247870714,0.008320594016160733,0.009936667394627648,0.027167503821795152,0.03541166193492029,0.02999563223411225,0.03554269491155274,0.011552740773094563,0.034013976850840795,0.03334789255295916,0.06949115527407732,0.055416029700808035,0.02702555143044333,0.022919851495959816,0.02014632015723957,0.02837955885564534,0.012404455121205504,0.040172526752566065,0.05764359030355973,0.04507534396156366,0.05649705175802577,0.01928368639440926,0.051725267525660625,0.058768290019654945,0.03442891461017689,0.035127757152216645,0.02766979689888622,0.019130814588338065,0.011934920288272548,0.011803887311640096,0.00408386110504477,0.004520637693819611,0.0004476960034942127,0.005077527844507534,3.275824415811313e-05,0.00157239571958943,0.0165538327145665,0.00022930770910679189,0.00015287180607119458,2.1838829438742085e-05,0.00012011356191308146,0.002849967241755842,0.0026534177768071632,0.0,1.0919414719371043e-05,0.0,0.0,0.0,0.0,0.0,0.0,0.0,0.0,0.0,0.0,0.0,0.0,0.0,0.0,0.0,0.0,0.0,0.0,0.0,0.0,0.0,0.0,0.0,0.0,0.0,0.0,0.0,0.0,nan,nan,4.292344173441735,2.8498268726429448,nan,0.866608268104468,0.03523652781966008,0.0,0.0,0.0,0.0,0.0,0.0,0.0,0.0,0.0,0.0,0.0,0.0,0.0,0.0,0.0,0.0,0.0,0.0,0.0,0.0,0.0,0.0,0.1288659793814433,0.6572164948453588,3.8530927835051556,10.682989690721653,10.283505154639176,3.2216494845360835,0.850515463917526,0.32216494845360827,0.8675961192847887,0.0351502573996396,0.0,0.0,0.0,0.0,0.0,0.0,0.0,0.0,0.0,0.0,0.0,0.0,0.0,0.0,0.0,0.0,0.0,0.0,0.0,0.0,0.0,0.0,0.1199466903598401,0.6530430919591272,3.4517992003553983,10.888494002665484,10.262105730786319,3.3451799200355405,1.026210573078632,0.2532207907596624,0.4365,0.016,0.0,0.0,0.0,0.0,0.0,0.0,0.0,0.0,0.0,0.0,0.0,0.29639175257731915,12.113402061855673,16.62371134020619,0.966494845360825,0.0,0.0,0.0,0.0,0.0,0.0,0.0,0.0,0.0,0.0,0.0,0.0,0.0,0.0,0.0,0.4368,0.01651,0.0,0.0,0.0,0.0,0.0,0.0,0.0,0.0,0.0,0.0,0.0,0.45313194135939516,12.28787205686362,16.07285650821857,1.1861394935584186,0.0,0.0,0.0,0.0,0.0,0.0,0.0,0.0,0.0,0.0,0.0,0.0,0.0,0.0,0.0
85200,4584,2329,0.5080715532286213,1086,948,0.443717277486911,1295,0.5650087260034904,0.44599999999999995,2.9623059866962307,3.052082710726024,6.59047619047619,1.9857999296364721,6649.800000000001,9.094947017729282e-13,6649.8,6649.8,6649.800000000001,9.094947017729282e-13,6649.800000000002,1.8189894035458565e-12,27.713568935427574,20.825224858427365,32.84681853888453,19.026720016501635,0.14419720767888308,0.10449389179755672,0.0881326352530541,0.08638743455497382,0.07722513089005235,0.07526178010471204,0.0700261780104712,0.06173647469458988,0.06304537521815008,0.05606457242582897,0.041884816753926704,0.03643106457242583,0.03294066317626527,0.028577661431064574,0.017233856893542756,0.011780104712041885,0.004581151832460733,0.866095924304626,0.036031226224178314,0.0,0.0,0.0,0.0,0.0,0.0,0.0,0.0,0.0,0.0,0.0,0.0,0.0,0.0,0.0,0.0,0.0,0.0,0.0,0.0,0.0,0.013089005235602098,0.17015706806282727,0.8115183246073273,3.7107329842931946,10.79188481675393,10.085078534031416,3.324607329842933,0.7787958115183248,0.3141361256544503,4.390560875512996,2.8233429143648925,3.7142857142857144,2.657296462534039,0.8459706674381857,4.4170068027210885,2.816783376795322,4.360711841204655,2.829262469068751,0.9872549524982046,0.4355,0.01617,0.0,0.0,0.0,0.0,0.0,0.0,0.0,0.0,0.0,0.0,0.0,0.3599476439790571,13.128272251308903,15.575916230366495,0.93586387434555,0.0,0.0,0.0,0.0,0.0,0.0,0.0,0.0,0.0,0.0,0.0,0.0,0.0,0.0,0.0,nan,nan,4.388945752302968,2.8231509797102663,nan,0.4355,0.08563,0.0,0.0,0.0,0.0,0.0,0.0,0.0,0.0,0.0,0.0,0.0,0.0,0.0,0.0,0.0,0.0,0.0,1.0907504363001746e-05,0.0007308027923211169,0.0,0.0,3.272251308900524e-05,0.0026614310645724257,0.0015706806282722514,0.0003054101221640489,0.0003163176265270506,0.010940226876090751,0.0037085514834205935,0.011965532286212914,0.008333333333333333,0.009522251308900524,0.02761780104712042,0.03723821989528796,0.031097294938917976,0.03635471204188482,0.010231239092495637,0.033780541012216406,0.03607111692844677,0.06785558464223386,0.05715532286212915,0.027519633507853403,0.022414921465968587,0.019284467713787085,0.029166666666666667,0.01218368237347295,0.0387652705061082,0.056271815008726,0.046171465968586387,0.05355584642233857,0.0212478184991274,0.05318499127399651,0.056664485165794067,0.034620418848167536,0.035907504363001747,0.029581151832460732,0.017015706806282723,0.011496509598603839,0.011954624781849913,0.003763089005235602,0.004821116928446771,0.0002617801047120419,0.004308464223385689,0.0,0.001199825479930192,0.01580497382198953,0.00022905759162303665,1.0907504363001746e-05,0.0,0.00022905759162303665,0.0028359511343804536,0.0020287958115183247,0.0,0.0,0.0,0.0,0.0,0.0,0.0,0.0,0.0,0.0,0.0,0.0,0.0,0.0,0.0,0.0,0.0,0.0,0.0,0.0,0.0,0.0,0.0,0.0,0.0,0.0,0.0,0.0,0.0,0.0,nan,nan,4.388945752302968,2.8231509797102663,nan,0.8663349714131763,0.0360853636877098,0.0,0.0,0.0,0.0,0.0,0.0,0.0,0.0,0.0,0.0,0.0,0.0,0.0,0.0,0.0,0.0,0.0,0.0,0.0,0.0,0.0,0.012881064834693005,0.19321597252039507,0.7728638900815776,3.593817088879348,11.01331043366252,9.892657793044227,3.323314727350795,0.9145556032632033,0.2833834263632461,0.8658490326346421,0.03597355916965341,0.0,0.0,0.0,0.0,0.0,0.0,0.0,0.0,0.0,0.0,0.0,0.0,0.0,0.0,0.0,0.0,0.0,0.0,0.0,0.0,0.0,0.01330376940133038,0.14634146341463417,0.8514412416851415,3.8314855875831495,10.56319290465632,10.283813747228383,3.325942350332595,0.6385809312638582,0.3458980044345899,0.4358,0.01602,0.0,0.0,0.0,0.0,0.0,0.0,0.0,0.0,0.0,0.0,0.0,0.3735508802060965,12.984113353370548,15.714899098325464,0.9274366680978963,0.0,0.0,0.0,0.0,0.0,0.0,0.0,0.0,0.0,0.0,0.0,0.0,0.0,0.0,0.0,0.435,0.01633,0.0,0.0,0.0,0.0,0.0,0.0,0.0,0.0,0.0,0.0,0.0,0.3458980044345893,13.27716186252772,15.43237250554324,0.944567627494457,0.0,0.0,0.0,0.0,0.0,0.0,0.0,0.0,0.0,0.0,0.0,0.0,0.0,0.0,0.0
85300,4484,2303,0.5136039250669046,1083,917,0.44603033006244425,1296,0.5780553077609277,0.474,3.060522696011004,3.040156958903088,6.499229583975347,1.9962405401099361,6649.800000000001,9.094947017729282e-13,6649.8,6649.8,6649.800000000001,9.094947017729282e-13,6649.8,0.0,28.254906333630686,20.937396821270582,33.12351229833377,19.18580290203366,0.13470115967885815,0.10637823371989295,0.08630686886708296,0.08117752007136485,0.09009812667261374,0.07448706512042819,0.06445138269402319,0.06021409455842997,0.057314897413024084,0.05753791257805531,0.049955396966993755,0.03991971454058876,0.038135593220338986,0.024754683318465656,0.01672613737734166,0.010927743086529884,0.006913470115967886,0.8656451260533108,0.03503807909818287,0.0,0.0,0.0,0.0,0.0,0.0,0.0,0.0,0.0,0.0,0.0,0.0,0.0,0.0,0.0,0.0,0.0,0.0,0.0,0.0,0.0,0.013380909901873331,0.16726137377341663,0.7292595896520941,3.833630686886709,10.811775200713651,10.196253345227477,3.3251561106155227,0.6623550401427298,0.26092774308652994,4.332535066712282,2.8241163617103693,3.6666666666666665,2.9814239699997196,0.8463097494209307,4.386566141192597,2.8162819339888014,4.276190476190476,2.8317762828478834,0.9748377976190477,0.4346,0.01634,0.0,0.0,0.0,0.0,0.0,0.0,0.0,0.0,0.0,0.0,0.0,0.38135593220338926,13.855932203389834,14.993309545049067,0.7694023193577165,0.0,0.0,0.0,0.0,0.0,0.0,0.0,0.0,0.0,0.0,0.0,0.0,0.0,0.0,0.0,nan,nan,4.331171048139296,2.8246080095139465,nan,0.4346,0.0854,0.0,0.0,0.0,0.0,0.0,0.0,0.0,0.0,0.0,0.0,0.0,0.0,0.0,0.0,0.0,0.0,0.0,0.0,0.0007136485280999108,0.0,0.0,4.4603033006244425e-05,0.002843443354148082,0.0012042818911685994,0.00045718108831400533,0.00023416592328278323,0.011329170383586084,0.003579393398751115,0.013637377341659233,0.008708742194469224,0.009199375557537913,0.02772078501338091,0.038882694023193574,0.03170160570918822,0.03456735057983943,0.009600802854594113,0.034299732381801964,0.03558206958073149,0.0680307760927743,0.05698037466547725,0.028467885816235505,0.02187778768956289,0.020127118644067795,0.030263157894736843,0.012511150758251561,0.03660793933987511,0.05826271186440678,0.04595227475468332,0.05173951828724353,0.020528545941123997,0.055575379125780554,0.05405887600356824,0.037756467439785904,0.03620651204281891,0.028679750223015166,0.016692685102586976,0.010214094558429974,0.011351471900089206,0.00423728813559322,0.0038470115967885817,0.00011150758251561107,0.004103479036574487,0.0,0.0017506690454950936,0.014384478144513827,0.0003233719892952721,0.0,1.1150758251561106e-05,0.0001895628902765388,0.0025535236396074935,0.0022413024085637823,0.0,3.345227475468332e-05,2.2301516503122213e-05,0.0,0.0,0.0,0.0,0.0,0.0,0.0,0.0,0.0,0.0,0.0,0.0,0.0,0.0,0.0,0.0,0.0,0.0,0.0,0.0,0.0,0.0,0.0,0.0,0.0,0.0,0.0,nan,nan,4.331171048139296,2.8246080095139465,nan,0.8655016682637654,0.034925181549081155,0.0,0.0,0.0,0.0,0.0,0.0,0.0,0.0,0.0,0.0,0.0,0.0,0.0,0.0,0.0,0.0,0.0,0.0,0.0,0.0,0.0,0.013026487190620932,0.16934433347807212,0.703430308293528,3.8558402084237957,10.968302214502826,10.121580547112464,3.204515848892749,0.7294832826747722,0.23447676943117676,0.8657966085335138,0.03515626292486204,0.0,0.0,0.0,0.0,0.0,0.0,0.0,0.0,0.0,0.0,0.0,0.0,0.0,0.0,0.0,0.0,0.0,0.0,0.0,0.0,0.0,0.013755158184319122,0.16506189821182946,0.7565337001375492,3.810178817056397,10.646492434663001,10.275103163686383,3.4525447042641,0.5914718019257222,0.28885832187070154,0.4346,0.01624,0.0,0.0,0.0,0.0,0.0,0.0,0.0,0.0,0.0,0.0,0.0,0.26052974381241817,13.96439426834564,15.08467216673904,0.6904038211029094,0.0,0.0,0.0,0.0,0.0,0.0,0.0,0.0,0.0,0.0,0.0,0.0,0.0,0.0,0.0,0.4343,0.01646,0.0,0.0,0.0,0.0,0.0,0.0,0.0,0.0,0.0,0.0,0.0,0.5089408528198067,13.741403026134805,14.89683631361761,0.8528198074277856,0.0,0.0,0.0,0.0,0.0,0.0,0.0,0.0,0.0,0.0,0.0,0.0,0.0,0.0,0.0
85400,4630,2426,0.5239740820734341,1162,932,0.45226781857451404,1291,0.5576673866090712,0.44199999999999995,2.9918330308529946,3.077481955770377,6.6048,2.0751426360614347,6649.800000000002,1.8189894035458565e-12,6649.8,6649.8,6649.800000000002,1.8189894035458565e-12,6649.800000000001,9.094947017729282e-13,28.039308855291576,20.71269498234371,32.89133777549974,18.940219473110606,0.13606911447084233,0.10237580993520519,0.09114470842332613,0.08185745140388768,0.08099352051835854,0.07904967602591792,0.07192224622030238,0.06803455723542116,0.05399568034557235,0.052915766738660906,0.05053995680345572,0.03974082073434125,0.03153347732181425,0.024622030237580993,0.017926565874730023,0.01123110151187905,0.006047516198704104,0.8646634883422316,0.03456626123188798,0.0,0.0,0.0,0.0,0.0,0.0,0.0,0.0,0.0,0.0,0.0,0.0,0.0,0.0,0.0,0.0,0.0,0.0,0.0,0.0,0.0,0.025917926565874737,0.18790496760259184,0.9265658747300186,3.609071274298057,10.658747300215985,10.755939524838016,3.012958963282938,0.6738660907127432,0.14902807775377971,4.190159574468085,2.879173007753883,6.428571428571429,2.5555062599997598,1.5342068277644285,4.182539682539683,2.9222304130662993,4.208250166333999,2.83779942692398,1.0061470985921894,0.4348,0.01636,0.0,0.0,0.0,0.0,0.0,0.0,0.0,0.0,0.0,0.0,0.0,0.4730021598272131,13.231101511879054,15.479481641468686,0.8164146868250541,0.0,0.0,0.0,0.0,0.0,0.0,0.0,0.0,0.0,0.0,0.0,0.0,0.0,0.0,0.0,nan,nan,4.195356550580431,2.8804789881597634,nan,0.4348,0.08563,0.0,0.0,0.0,0.0,0.0,0.0,0.0,0.0,0.0,0.0,0.0,0.0,0.0,0.0,0.0,0.0,0.0,0.0,0.0007451403887688985,0.0,0.0,0.00012958963282937364,0.002591792656587473,0.0013606911447084232,0.0002699784017278618,7.55939524838013e-05,0.011555075593952484,0.003282937365010799,0.01388768898488121,0.009233261339092873,0.010475161987041036,0.026868250539956805,0.03819654427645788,0.032678185745140385,0.032473002159827215,0.00980561555075594,0.03552915766738661,0.03438444924406048,0.06965442764578833,0.0543304535637149,0.02792656587473002,0.022213822894168466,0.01876889848812095,0.02736501079913607,0.012926565874730022,0.03794816414686825,0.05941684665226782,0.04529157667386609,0.05412526997840173,0.020680345572354212,0.05609071274298056,0.0534341252699784,0.03742980561555075,0.0377645788336933,0.02970842332613391,0.017213822894168465,0.009244060475161986,0.011565874730021599,0.003509719222462203,0.003714902807775378,0.00010799136069114471,0.003466522678185745,0.0,0.0015442764578833693,0.015161987041036717,0.0006911447084233262,0.0,4.3196544276457885e-05,0.00023758099352051836,0.0022570194384449243,0.002570194384449244,0.0,5.3995680345572353e-05,0.0,0.0,0.0,0.0,0.0,0.0,0.0,0.0,0.0,0.0,0.0,0.0,0.0,0.0,0.0,0.0,0.0,0.0,0.0,0.0,0.0,0.0,0.0,0.0,0.0,0.0,0.0,0.0,nan,nan,4.195356550580431,2.8804789881597634,nan,0.8643912181368762,0.03450552727866088,0.0,0.0,0.0,0.0,0.0,0.0,0.0,0.0,0.0,0.0,0.0,0.0,0.0,0.0,0.0,0.0,0.0,0.0,0.0,0.0,0.0,0.024732069249793907,0.16075845012366038,0.9521846661170621,3.660346248969498,10.597691673536689,10.83264633140973,2.955482275350372,0.6059356966199506,0.2102225886232482,0.864963183223444,0.034630514708368,0.0,0.0,0.0,0.0,0.0,0.0,0.0,0.0,0.0,0.0,0.0,0.0,0.0,0.0,0.0,0.0,0.0,0.0,0.0,0.0,0.0,0.027223230490018156,0.21778584392014524,0.8983666061705962,3.552631578947369,10.725952813067153,10.671506352087116,3.0762250453720514,0.7486388384754993,0.08166969147005446,0.4353,0.01637,0.0,0.0,0.0,0.0,0.0,0.0,0.0,0.0,0.0,0.0,0.0,0.39571310799670184,13.120362737015666,15.643033800494644,0.8408903544929928,0.0,0.0,0.0,0.0,0.0,0.0,0.0,0.0,0.0,0.0,0.0,0.0,0.0,0.0,0.0,0.4346,0.01633,0.0,0.0,0.0,0.0,0.0,0.0,0.0,0.0,0.0,0.0,0.0,0.5580762250453712,13.352994555353906,15.299455535390203,0.7894736842105265,0.0,0.0,0.0,0.0,0.0,0.0,0.0,0.0,0.0,0.0,0.0,0.0,0.0,0.0,0.0
85500,4360,2262,0.5188073394495413,1065,894,0.44931192660550456,1217,0.558256880733945,0.46599999999999997,2.9051477597712108,3.0256391208638624,6.529837251356239,2.0375133256434723,6649.800000000002,1.8189894035458565e-12,6649.8,6649.8,6649.800000000001,9.094947017729282e-13,6649.800000000002,1.8189894035458565e-12,27.772247706422018,20.958395013772414,32.927077600440285,19.152817039289115,0.14839449541284402,0.09174311926605505,0.09357798165137615,0.08830275229357798,0.08119266055045872,0.07522935779816514,0.07339449541284404,0.06880733944954129,0.04908256880733945,0.05022935779816514,0.044954128440366975,0.04243119266055046,0.03004587155963303,0.022477064220183487,0.02018348623853211,0.012385321100917432,0.007568807339449542,0.8650215626446479,0.03398774388319618,0.0,0.0,0.0,0.0,0.0,0.0,0.0,0.0,0.0,0.0,0.0,0.0,0.0,0.0,0.0,0.0,0.0,0.0,0.0,0.0,0.0,0.0,0.17201834862385323,0.8050458715596305,3.6123853211009185,10.926605504587158,10.692660550458717,2.9724770642201843,0.6743119266055047,0.14449541284403672,4.29051878354204,2.8329835185495655,5.0,2.0615528128088303,1.1653602401601066,4.274089935760172,2.867866903179552,4.310984308131241,2.794228160694667,1.0086321001489427,0.4343,0.01587,0.0,0.0,0.0,0.0,0.0,0.0,0.0,0.0,0.0,0.0,0.0,0.35779816513761414,13.685779816513765,15.34403669724771,0.6123853211009176,0.0,0.0,0.0,0.0,0.0,0.0,0.0,0.0,0.0,0.0,0.0,0.0,0.0,0.0,0.0,nan,nan,4.29254370317517,2.8313339112916793,nan,0.4343,0.08594,0.0,0.0,0.0,0.0,0.0,0.0,0.0,0.0,0.0,0.0,0.0,0.0,0.0,0.0,0.0,0.0,0.0,0.0,0.0008830275229357798,4.587155963302752e-05,0.0,0.0003325688073394495,0.0026261467889908256,0.0011238532110091743,0.00045871559633027525,2.293577981651376e-05,0.010997706422018349,0.0036926605504587155,0.015378440366972477,0.00944954128440367,0.010435779816513762,0.028922018348623853,0.037408256880733945,0.03637614678899083,0.02978211009174312,0.009277522935779816,0.03610091743119266,0.03419724770642202,0.06625,0.05590596330275229,0.02746559633027523,0.02311926605504587,0.019323394495412843,0.026571100917431194,0.013635321100917431,0.03753440366972477,0.05966743119266055,0.044277522935779814,0.05235091743119266,0.020745412844036696,0.05555045871559633,0.05677752293577982,0.037075688073394494,0.03572247706422018,0.03021788990825688,0.017385321100917433,0.008486238532110092,0.012178899082568808,0.003061926605504587,0.0035091743119266055,8.027522935779816e-05,0.002981651376146789,8.027522935779816e-05,0.0014678899082568807,0.015126146788990826,0.000963302752293578,0.0,6.880733944954129e-05,0.00021788990825688073,0.0020642201834862386,0.0024655963302752295,0.0,0.00016055045871559632,0.0,0.0,0.0,0.0,0.0,0.0,0.0,0.0,0.0,0.0,0.0,0.0,0.0,0.0,0.0,0.0,0.0,0.0,0.0,0.0,0.0,0.0,0.0,0.0,0.0,0.0,0.0,0.0,nan,nan,4.29254370317517,2.8313339112916793,nan,0.8645269677082487,0.034380332079374125,0.0,0.0,0.0,0.0,0.0,0.0,0.0,0.0,0.0,0.0,0.0,0.0,0.0,0.0,0.0,0.0,0.0,0.0,0.0,0.0,0.0,0.0,0.18567639257294435,0.8355437665782467,3.793103448275863,11.034482758620692,10.331564986737401,3.0503978779840857,0.6233421750663131,0.14588859416445626,0.8655548199116332,0.03355115514528613,0.0,0.0,0.0,0.0,0.0,0.0,0.0,0.0,0.0,0.0,0.0,0.0,0.0,0.0,0.0,0.0,0.0,0.0,0.0,0.0,0.0,0.0,0.15729265967588182,0.7721639656815992,3.417540514775978,10.810295519542423,11.081982840800764,2.8884652049571025,0.7292659675881793,0.14299332697807438,0.434,0.01578,0.0,0.0,0.0,0.0,0.0,0.0,0.0,0.0,0.0,0.0,0.0,0.3448275862068961,13.925729442970825,15.172413793103452,0.557029177718833,0.0,0.0,0.0,0.0,0.0,0.0,0.0,0.0,0.0,0.0,0.0,0.0,0.0,0.0,0.0,0.4346,0.01596,0.0,0.0,0.0,0.0,0.0,0.0,0.0,0.0,0.0,0.0,0.0,0.3717826501429928,13.427073403241186,15.529075309818879,0.6720686367969496,0.0,0.0,0.0,0.0,0.0,0.0,0.0,0.0,0.0,0.0,0.0,0.0,0.0,0.0,0.0
85600,4541,2275,0.5009909711517287,1100,951,0.45166262937678925,1324,0.5831314688394627,0.45799999999999996,3.023830538393645,3.06308438421216,6.5212765957446805,2.173410094807724,6649.800000000001,9.094947017729282e-13,6649.8,6649.8,6649.800000000002,1.8189894035458565e-12,6649.800000000002,1.8189894035458565e-12,28.08654481391764,20.88133537154532,33.09396325459318,19.061155627254575,0.14093811935696984,0.09645452543492623,0.09381193569698304,0.08170006606474345,0.07861704470380973,0.0794979079497908,0.06936798062100859,0.06496366439110328,0.06121999559568377,0.05219114732437789,0.04646553622550099,0.03919841444615724,0.03479409821625193,0.026205681567936578,0.017176833296630698,0.00990971151728694,0.007487337590839022,0.8654334596982745,0.03450211763415392,0.0,0.0,0.0,0.0,0.0,0.0,0.0,0.0,0.0,0.0,0.0,0.0,0.0,0.0,0.0,0.0,0.0,0.0,0.0,0.0,0.0,0.019819423034573885,0.15194890993173313,0.7333186522792313,3.5873155692578735,11.171548117154815,10.226822285840125,3.2173530059458275,0.6936798062100861,0.19819423034573888,4.3547949847509315,2.799739159255092,2.6666666666666665,2.9249881291307074,0.6123518273545508,4.4126666666666665,2.8179850169146667,4.288263555250515,2.7820546254117176,0.9718077251663049,0.4343,0.01581,0.0,0.0,0.0,0.0,0.0,0.0,0.0,0.0,0.0,0.0,0.0,0.4360273067606248,13.913234970270869,14.996696762827574,0.6540409601409383,0.0,0.0,0.0,0.0,0.0,0.0,0.0,0.0,0.0,0.0,0.0,0.0,0.0,0.0,0.0,nan,nan,4.351369631383158,2.801029265929606,nan,0.4343,0.0857,0.0,0.0,0.0,0.0,0.0,0.0,0.0,0.0,0.0,0.0,0.0,0.0,0.0,0.0,0.0,0.0,0.0,0.0,0.0005395287381634001,0.0,1.1010790574763269e-05,0.000495485575864347,0.002873816340013213,0.0010350143140277473,0.00023122660207002864,2.2021581149526537e-05,0.010581369742347501,0.0035895177273728256,0.017176833296630698,0.008544373486016296,0.01081259634441753,0.02948689715921603,0.03872495045144241,0.034155472362915655,0.030951332305659548,0.009205020920502092,0.036082360713499226,0.03335168465095794,0.06379652059017837,0.054701607575423916,0.026051530499889893,0.023188724950451444,0.020777361814578288,0.028418850473463996,0.014765470160757542,0.04053072010570359,0.057773618145782864,0.04452763708434265,0.05213609337150407,0.01998458489319533,0.05637524774278793,0.05687073331865228,0.03667694340453644,0.0371393966086765,0.02971812376128606,0.01661528297731777,0.008015855538427659,0.012122880422814357,0.0030279674080598987,0.003743668795419511,0.0,0.002972913455186082,0.00020920502092050208,0.0015304998898920943,0.014743448579608015,0.0011341114292006166,1.1010790574763269e-05,0.0,0.0001321294868971592,0.0020039638846069147,0.0021911473243778905,0.0,0.0002422373926447919,0.0,0.0,0.0,0.0,0.0,0.0,0.0,0.0,0.0,0.0,0.0,0.0,0.0,0.0,0.0,0.0,0.0,0.0,0.0,0.0,0.0,0.0,0.0,0.0,0.0,0.0,0.0,0.0,nan,nan,4.351369631383158,2.801029265929606,nan,0.8651509009088789,0.03479211388636307,0.0,0.0,0.0,0.0,0.0,0.0,0.0,0.0,0.0,0.0,0.0,0.0,0.0,0.0,0.0,0.0,0.0,0.0,0.0,0.0,0.0,0.02637362637362638,0.17142857142857149,0.6725274725274705,3.6527472527472535,11.353846153846158,10.08791208791209,3.1384615384615393,0.6857142857142859,0.21098901098901104,0.86571714074235,0.03420614871014393,0.0,0.0,0.0,0.0,0.0,0.0,0.0,0.0,0.0,0.0,0.0,0.0,0.0,0.0,0.0,0.0,0.0,0.0,0.0,0.0,0.0,0.013239187996469552,0.13239187996469554,0.7943512797881704,3.5216240070609013,10.988526037069729,10.36628420123566,3.296557811120919,0.7016769638128864,0.18534863195057374,0.434,0.01591,0.0,0.0,0.0,0.0,0.0,0.0,0.0,0.0,0.0,0.0,0.0,0.39560439560439503,14.228571428571431,14.690109890109893,0.6857142857142859,0.0,0.0,0.0,0.0,0.0,0.0,0.0,0.0,0.0,0.0,0.0,0.0,0.0,0.0,0.0,0.4343,0.01572,0.0,0.0,0.0,0.0,0.0,0.0,0.0,0.0,0.0,0.0,0.0,0.4766107678729031,13.59664607237423,15.304501323918803,0.6222418358340689,0.0,0.0,0.0,0.0,0.0,0.0,0.0,0.0,0.0,0.0,0.0,0.0,0.0,0.0,0.0
85700,4541,2302,0.5069367980621009,1073,934,0.44197313367099755,1292,0.5690376569037657,0.45799999999999996,2.9834747655203215,3.0689841873302615,6.571661237785016,2.052386751345087,6649.800000000001,9.094947017729282e-13,6649.8,6649.8,6649.800000000001,9.094947017729282e-13,6649.800000000001,9.094947017729282e-13,27.971812376128607,20.961560187684114,33.18756613756614,19.102148246238883,0.14710416207883725,0.09645452543492623,0.09072891433604933,0.08170006606474345,0.07795639726932393,0.07773618145782867,0.07024884386698965,0.06782646994054173,0.058577405857740586,0.049548557586434706,0.04712618365998679,0.03787711957718564,0.0336930191587756,0.02598546575644131,0.020259854657564413,0.011010790574763268,0.0061660427218674305,0.8642738684503236,0.03553936729969368,0.0,0.0,0.0,0.0,0.0,0.0,0.0,0.0,0.0,0.0,0.0,0.0,0.0,0.0,0.0,0.0,0.0,0.0,0.0,0.0,0.033032371724289813,0.04624532041400574,0.20480070469059683,0.7927769213829527,3.6335608896718794,11.488658885707997,9.7907949790795,3.0389781986346627,0.7861704470380976,0.18498128165602296,4.364953432218006,2.828419762722855,4.111111111111111,2.9228769862146455,0.9418453541260559,4.436002737850787,2.818641652259626,4.29163787145819,2.83707910404375,0.9674560916834463,0.4343,0.0166,0.0,0.0,0.0,0.0,0.0,0.0,0.0,0.0,0.0,0.0,0.0,0.5945826910372156,13.470601189165386,15.194890993173313,0.7399251266240918,0.0,0.0,0.0,0.0,0.0,0.0,0.0,0.0,0.0,0.0,0.0,0.0,0.0,0.0,0.0,nan,nan,4.364167812929849,2.828752105660305,nan,0.4343,0.08484,0.0,0.0,0.0,0.0,0.0,0.0,0.0,0.0,0.0,0.0,0.0,0.0,0.0,0.0,0.0,0.0,0.0,0.0,0.00033032371724289804,0.0,0.0,0.00025324818321955517,0.002664611319092711,0.000616604272186743,0.00025324818321955517,1.1010790574763269e-05,0.009942743889011231,0.004107024884386699,0.01671438009249064,0.008136974234750054,0.01216692358511341,0.02894736842105263,0.03844968068707333,0.036324598106144024,0.028914336049328342,0.009491301475445937,0.03751376348821846,0.0324047566615283,0.061054833737062324,0.055780665051750715,0.027615062761506277,0.02075534023342876,0.020700286280554942,0.02823166703369302,0.014666373045584673,0.041907068927548995,0.06039418630257652,0.04322836379652059,0.05213609337150407,0.021052631578947368,0.05942523673199736,0.05646333406738604,0.03549878881303677,0.03581810173970491,0.031072451001981943,0.017198854877780223,0.008158995815899581,0.012023783307641488,0.0028628055494384495,0.004073992512662409,2.2021581149526537e-05,0.002048007046905968,0.00019819423034573883,0.0012442193349482492,0.014402114071790354,0.0006606474344857961,2.2021581149526537e-05,0.0,3.30323717242898e-05,0.001596564633340674,0.0021471041620788373,0.0,0.0002642589737943184,0.0,0.0,0.0,0.0,0.0,0.0,0.0,0.0,0.0,0.0,0.0,0.0,0.0,0.0,0.0,0.0,0.0,0.0,0.0,0.0,0.0,0.0,0.0,0.0,0.0,0.0,0.0,0.0,nan,nan,4.364167812929849,2.828752105660305,nan,0.8636556316157407,0.035354980272516295,0.0,0.0,0.0,0.0,0.0,0.0,0.0,0.0,0.0,0.0,0.0,0.0,0.0,0.0,0.0,0.0,0.0,0.0,0.0,0.0,0.013032145960034755,0.06516072980017378,0.16941789748045183,0.7167680278019091,3.9748045178106004,11.48132059079062,9.81320590790617,2.775847089487403,0.8210251954821896,0.16941789748045183,0.8649095009618063,0.03571679493011417,0.0,0.0,0.0,0.0,0.0,0.0,0.0,0.0,0.0,0.0,0.0,0.0,0.0,0.0,0.0,0.0,0.0,0.0,0.0,0.0,0.05359535506922734,0.02679767753461367,0.24117909781152305,0.8709245198749415,3.282715497990175,11.496203662349266,9.767753461366683,3.309513175524789,0.7503349709691829,0.20098258150960255,0.4348,0.0166,0.0,0.0,0.0,0.0,0.0,0.0,0.0,0.0,0.0,0.0,0.0,0.5734144222415283,13.279756733275416,15.364900086880976,0.7819287576020854,0.0,0.0,0.0,0.0,0.0,0.0,0.0,0.0,0.0,0.0,0.0,0.0,0.0,0.0,0.0,0.4338,0.0166,0.0,0.0,0.0,0.0,0.0,0.0,0.0,0.0,0.0,0.0,0.0,0.6163465832961135,13.666815542652973,15.020098258150963,0.6967396158999556,0.0,0.0,0.0,0.0,0.0,0.0,0.0,0.0,0.0,0.0,0.0,0.0,0.0,0.0,0.0
85800,4575,2321,0.5073224043715847,1060,970,0.44371584699453553,1302,0.5691803278688524,0.44599999999999995,3.023513753327418,3.0623333318335773,6.5143288084464555,2.026079540678995,6649.800000000002,1.8189894035458565e-12,6649.8,6649.8,6649.800000000002,1.8189894035458565e-12,6649.800000000001,9.094947017729282e-13,27.975737704918032,20.971426341964612,32.970818134445025,19.203680028487888,0.14185792349726775,0.09814207650273224,0.09486338797814207,0.08174863387978142,0.08633879781420765,0.07234972677595629,0.06207650273224044,0.06688524590163934,0.059453551912568306,0.05508196721311476,0.05180327868852459,0.03540983606557377,0.02819672131147541,0.027103825136612022,0.01923497267759563,0.012896174863387979,0.006557377049180328,0.8641335446977876,0.03422478306644158,0.0,0.0,0.0,0.0,0.0,0.0,0.0,0.0,0.0,0.0,0.0,0.0,0.0,0.0,0.0,0.0,0.0,0.0,0.0,0.0,0.0,0.00655737704918033,0.1639344262295082,0.7475409836065551,3.9344262295081975,11.226229508196724,10.144262295081969,2.904918032786886,0.7213114754098363,0.15081967213114755,4.369141293191926,2.798800910385002,3.6,2.3323807579381204,0.8239605355884426,4.430006697923644,2.833624498118666,4.304044630404463,2.7602271525821784,0.9715661677039406,0.4355,0.0161,0.0,0.0,0.0,0.0,0.0,0.0,0.0,0.0,0.0,0.0,0.0,0.3672131147540978,13.11475409836066,15.691803278688528,0.8262295081967215,0.0,0.0,0.0,0.0,0.0,0.0,0.0,0.0,0.0,0.0,0.0,0.0,0.0,0.0,0.0,nan,nan,4.367827868852459,2.7982509042929538,nan,0.4355,0.08466,0.0,0.0,0.0,0.0,0.0,0.0,0.0,0.0,0.0,0.0,0.0,0.0,0.0,0.0,0.0,0.0,0.0,0.0,0.0001639344262295082,0.0,0.0,0.0006885245901639345,0.002721311475409836,0.0007759562841530054,0.0004699453551912568,2.185792349726776e-05,0.01025136612021858,0.004076502732240437,0.016797814207650273,0.008109289617486339,0.011180327868852459,0.026939890710382514,0.0392568306010929,0.03349726775956284,0.027781420765027324,0.011147540983606558,0.03504918032786885,0.03146448087431694,0.060710382513661204,0.05569398907103825,0.02754098360655738,0.021224043715846994,0.020524590163934427,0.026950819672131147,0.015114754098360656,0.04268852459016394,0.061431693989071036,0.043508196721311475,0.051628415300546446,0.022480874316939892,0.06043715846994536,0.056437158469945355,0.035693989071038254,0.03727868852459017,0.032,0.017879781420765028,0.00853551912568306,0.01273224043715847,0.0029726775956284155,0.004076502732240437,0.00018579234972677597,0.002163934426229508,0.0001639344262295082,0.0014972677595628415,0.014754098360655738,0.0004918032786885246,0.0,0.0,0.0,0.001377049180327869,0.0011147540983606557,0.0,0.00031693989071038254,0.0,0.0,0.0,0.0,0.0,0.0,0.0,0.0,0.0,0.0,0.0,0.0,0.0,0.0,0.0,0.0,0.0,0.0,0.0,0.0,0.0,0.0,0.0,0.0,0.0,0.0,0.0,0.0,nan,nan,4.367827868852459,2.7982509042929538,nan,0.8637966326935853,0.034291716409659674,0.0,0.0,0.0,0.0,0.0,0.0,0.0,0.0,0.0,0.0,0.0,0.0,0.0,0.0,0.0,0.0,0.0,0.0,0.0,0.0,0.0,0.01292546316242999,0.21973287376130982,0.6721240844463573,3.968117190866007,11.335631193451102,10.133563119345112,2.830676432572168,0.6721240844463595,0.15510555794915987,0.8644804713888938,0.03415224994034971,0.0,0.0,0.0,0.0,0.0,0.0,0.0,0.0,0.0,0.0,0.0,0.0,0.0,0.0,0.0,0.0,0.0,0.0,0.0,0.0,0.0,0.0,0.10647737355811893,0.825199645075419,3.8997338065661054,11.113575865128663,10.155279503105591,2.98136645962733,0.7719609582963622,0.1464063886424135,0.4353,0.01631,0.0,0.0,0.0,0.0,0.0,0.0,0.0,0.0,0.0,0.0,0.0,0.5299439896596286,13.04179233089186,15.536406721240848,0.8918569582076693,0.0,0.0,0.0,0.0,0.0,0.0,0.0,0.0,0.0,0.0,0.0,0.0,0.0,0.0,0.0,0.4355,0.01588,0.0,0.0,0.0,0.0,0.0,0.0,0.0,0.0,0.0,0.0,0.0,0.19964507542147267,13.189884649511981,15.851818988464954,0.7586512866015973,0.0,0.0,0.0,0.0,0.0,0.0,0.0,0.0,0.0,0.0,0.0,0.0,0.0,0.0,0.0
85900,4262,2170,0.5091506335053966,1010,881,0.4436884091975598,1209,0.5673392773345847,0.47,3.026768642447419,3.0531071340677025,6.491909385113269,1.9871999567643783,6649.800000000001,9.094947017729282e-13,6649.8,6649.8,6649.800000000002,1.8189894035458565e-12,6649.800000000002,1.8189894035458565e-12,28.504458000938527,21.340249407884258,33.56077116512992,19.549248120060195,0.14077897700610043,0.09643359924917878,0.08962928202721727,0.08446738620366025,0.08094791177850774,0.07625527921163773,0.0692163303613327,0.06170811825434069,0.06241201313937119,0.04528390427029563,0.04223369310183012,0.042468324730173625,0.03683716564992961,0.03026748005631159,0.019709056780854058,0.01360863444392304,0.0077428437353355235,0.8631425771087842,0.03415015504714021,0.0,0.0,0.0,0.0,0.0,0.0,0.0,0.0,0.0,0.0,0.0,0.0,0.0,0.0,0.0,0.0,0.0,0.0,0.0,0.0,0.0,0.021116846550915065,0.17597372125762556,1.0065696855936148,3.723603941811357,11.417175035194745,10.086813702487097,2.7944626935710937,0.6687001407789771,0.10558423275457535,4.30219978362784,2.8010582579342795,2.0,1.632993161855452,0.4648784576697402,4.306093189964158,2.790446863391027,4.288294797687861,2.8117695423588858,0.99586669598378,0.4355,0.016,0.0,0.0,0.0,0.0,0.0,0.0,0.0,0.0,0.0,0.0,0.0,0.3660253402158606,12.860159549507276,16.02064758329423,0.7461285781323325,0.007038948850305023,0.0,0.0,0.0,0.0,0.0,0.0,0.0,0.0,0.0,0.0,0.0,0.0,0.0,0.0,nan,nan,4.297229219143577,2.801100427940456,nan,0.4355,0.08527,0.0,0.0,0.0,0.0,0.0,0.0,0.0,0.0,0.0,0.0,0.0,0.0,0.0,0.0,0.0,0.0,0.0,0.0,0.0003519474425152511,0.0,0.0,0.0005279211637728765,0.002369779446269357,0.0006335053965274519,0.000645236977944627,8.212106992022524e-05,0.010183012670107931,0.0038948850305021115,0.016999061473486628,0.008000938526513374,0.012412013139371188,0.026407789770061006,0.04143594556546223,0.034842796809009854,0.027428437353355234,0.008927733458470201,0.03534725480994838,0.031909901454716096,0.05954950727358048,0.05545518535898639,0.028015016424213984,0.021081651806663538,0.02111684655091506,0.026020647583294226,0.013526513374002815,0.03979352416705772,0.06407789770061004,0.04338338808071328,0.051196621304551854,0.02240732050680432,0.061801970905678086,0.05455185358986391,0.036485218207414356,0.03784608165180666,0.03174565931487564,0.016975598310652276,0.009221022993899578,0.012259502580947912,0.002698263725950258,0.0036133270764899107,0.0003988737681839512,0.002885969028625059,7.03894885030502e-05,0.001372595025809479,0.0162599718442046,0.0007156264664476772,0.0,0.0,0.0,0.0015368371656499296,0.001313937118723604,0.0,0.00022290004692632567,0.0,0.0,0.0,0.0,0.0,0.0,0.0,0.0,0.0,0.0,0.0,0.0,0.0,0.0,0.0,0.0,0.0,0.0,0.0,0.0,0.0,0.0,0.0,0.0,0.0,0.0,0.0,0.0,nan,nan,4.297229219143577,2.801100427940456,nan,0.8636862713895086,0.03413509923466551,0.0,0.0,0.0,0.0,0.0,0.0,0.0,0.0,0.0,0.0,0.0,0.0,0.0,0.0,0.0,0.0,0.0,0.0,0.0,0.0,0.0,0.04147465437788019,0.16589861751152077,0.9400921658986146,3.51152073732719,11.488479262672815,10.230414746543781,2.8064516129032264,0.7050691244239632,0.11059907834101385,0.8625786112439792,0.03415662204378523,0.0,0.0,0.0,0.0,0.0,0.0,0.0,0.0,0.0,0.0,0.0,0.0,0.0,0.0,0.0,0.0,0.0,0.0,0.0,0.0,0.0,0.0,0.18642447418738056,1.0755258126194995,3.9435946462715115,11.343212237093692,9.937858508604208,2.782026768642448,0.6309751434034417,0.10038240917782029,0.4353,0.01608,0.0,0.0,0.0,0.0,0.0,0.0,0.0,0.0,0.0,0.0,0.0,0.3456221198156677,13.271889400921662,15.649769585253459,0.7188940092165901,0.01382488479262673,0.0,0.0,0.0,0.0,0.0,0.0,0.0,0.0,0.0,0.0,0.0,0.0,0.0,0.0,0.4358,0.01595,0.0,0.0,0.0,0.0,0.0,0.0,0.0,0.0,0.0,0.0,0.0,0.3871892925430205,12.433078393881457,16.405353728489487,0.7743785850860423,0.0,0.0,0.0,0.0,0.0,0.0,0.0,0.0,0.0,0.0,0.0,0.0,0.0,0.0,0.0
86000,4418,2240,0.5070167496604798,1041,930,0.44612947034857403,1272,0.5758261656858307,0.46199999999999997,2.9816345270890725,3.0322164702178815,6.489533011272142,1.9996706510519107,6649.800000000001,9.094947017729282e-13,6649.8,6649.8,6649.800000000002,1.8189894035458565e-12,6649.800000000001,9.094947017729282e-13,27.92032593933907,21.039110547777756,33.09636264929424,19.20862935531742,0.1482571299230421,0.09868718877320054,0.0851063829787234,0.0869171570846537,0.07990040742417383,0.07220461747397013,0.06994114984155726,0.06813037573562698,0.05907650520597556,0.05160706201901313,0.04685377999094613,0.0362154821186057,0.033499320959710276,0.02444545043005885,0.02082390221819828,0.01199637845178814,0.006337709370755998,0.8636197194005095,0.03514400269685255,0.0,0.0,0.0,0.0,0.0,0.0,0.0,0.0,0.0,0.0,0.0,0.0,0.0,0.0,0.0,0.0,0.0,0.0,0.0,0.0,0.02037120869171571,0.03395201448619285,0.17655047532820287,0.8555907650520571,3.9180624717066554,11.238116794929836,9.798551380715258,3.0353100950656415,0.7944771389769129,0.12901765504753285,4.405376724442872,2.810702565524488,3.8333333333333335,3.1841621957571333,0.8701488143033028,4.493170381020848,2.841320497604524,4.316298342541437,2.7820378078003185,0.9606353591160223,0.4353,0.01547,0.0,0.0,0.0,0.0,0.0,0.0,0.0,0.0,0.0,0.0,0.0,0.3870529651425979,12.969669533725671,16.05930285196922,0.5839746491625171,0.0,0.0,0.0,0.0,0.0,0.0,0.0,0.0,0.0,0.0,0.0,0.0,0.0,0.0,0.0,nan,nan,4.4029587883057415,2.812630343497804,nan,0.4353,0.0851,0.0,0.0,0.0,0.0,0.0,0.0,0.0,0.0,0.0,0.0,0.0,0.0,0.0,0.0,0.0,0.0,0.0,0.0,0.0005658669081032141,0.0,0.0,0.00028293345405160705,0.0024558623811679493,0.0006224535989135355,0.0005432322317790856,0.00018107741059302852,0.01017428700769579,0.0038592123132639203,0.016353553644182887,0.0074694431869624265,0.011622906292440019,0.02672023540063377,0.044330013580805794,0.03516296966953372,0.027342688999547306,0.008997283838841104,0.033544590312358534,0.032616568583069265,0.060977818017202354,0.053112267994567676,0.02759167043911272,0.020767315527387958,0.020246717971933,0.02806699864191942,0.013320507016749661,0.04437528293345405,0.06455409687641467,0.040912177455862384,0.05256903576278859,0.022736532367587145,0.06161158895427796,0.05496831145314622,0.036249434133091896,0.03525350837483024,0.032378904481665916,0.014327750113173382,0.00853327297419647,0.012664101403349932,0.002682209144409235,0.003927116342236306,0.000599818922589407,0.002478497057492078,0.00020371208691715708,0.001991851516523314,0.016579900407424172,0.0007129923042100498,1.1317338162064282e-05,0.0,0.0,0.0014259846084200996,0.0011770031688546855,0.0,0.00014712539610683568,0.0,0.0,0.0,0.0,0.0,0.0,0.0,0.0,0.0,0.0,0.0,0.0,0.0,0.0,0.0,0.0,0.0,0.0,0.0,0.0,0.0,0.0,0.0,0.0,0.0,0.0,0.0,0.0,nan,nan,4.4029587883057415,2.812630343497804,nan,0.8633976234921388,0.03580993117882568,0.0,0.0,0.0,0.0,0.0,0.0,0.0,0.0,0.0,0.0,0.0,0.0,0.0,0.0,0.0,0.0,0.0,0.0,0.0,0.0,0.04017857142857143,0.04017857142857143,0.1473214285714286,0.8839285714285687,3.977678571428572,10.968750000000002,9.816964285714286,3.1473214285714293,0.8973214285714288,0.08035714285714286,0.8638481375982829,0.03444419727835419,0.0,0.0,0.0,0.0,0.0,0.0,0.0,0.0,0.0,0.0,0.0,0.0,0.0,0.0,0.0,0.0,0.0,0.0,0.0,0.0,0.0,0.027548209366391192,0.20661157024793395,0.8264462809917329,3.8567493112947666,11.51515151515152,9.779614325068872,2.920110192837466,0.6887052341597797,0.17906336088154276,0.436,0.01532,0.0,0.0,0.0,0.0,0.0,0.0,0.0,0.0,0.0,0.0,0.0,0.33482142857142805,12.575892857142861,16.47321428571429,0.6160714285714287,0.0,0.0,0.0,0.0,0.0,0.0,0.0,0.0,0.0,0.0,0.0,0.0,0.0,0.0,0.0,0.4348,0.01561,0.0,0.0,0.0,0.0,0.0,0.0,0.0,0.0,0.0,0.0,0.0,0.4407713498622583,13.374655647382923,15.633608815427001,0.5509641873278238,0.0,0.0,0.0,0.0,0.0,0.0,0.0,0.0,0.0,0.0,0.0,0.0,0.0,0.0,0.0
86100,4540,2274,0.5008810572687225,1067,920,0.43766519823788547,1298,0.5718061674008811,0.45799999999999996,2.84333627537511,2.9838772689135813,6.321144674085851,2.0405775452891004,6649.800000000002,1.8189894035458565e-12,6649.8,6649.8,6649.800000000001,9.094947017729282e-13,6649.800000000002,1.8189894035458565e-12,27.888105726872247,21.042997504842837,32.9536354056902,19.297254890791578,0.14162995594713657,0.0973568281938326,0.09801762114537445,0.0881057268722467,0.07819383259911894,0.07555066079295154,0.06806167400881057,0.06541850220264317,0.05616740088105727,0.04955947136563876,0.044933920704845816,0.03590308370044053,0.03986784140969163,0.02356828193832599,0.016960352422907488,0.011674008810572687,0.009030837004405287,0.8644347166568698,0.03432818980609049,0.0,0.0,0.0,0.0,0.0,0.0,0.0,0.0,0.0,0.0,0.0,0.0,0.0,0.0,0.0,0.0,0.0,0.0,0.0,0.006607929515418504,0.006607929515418504,0.019823788546255508,0.12555066079295157,0.713656387665196,3.964757709251102,11.015418502202646,10.28854625550661,3.09251101321586,0.5947136563876653,0.17180616740088112,4.313664596273292,2.820478626620937,4.363636363636363,1.8719327529067273,1.0115845277832318,4.24847250509165,2.783066224948371,4.38091922005571,2.8508217535221005,1.0311751376065932,0.4348,0.015564,0.0,0.0,0.0,0.0,0.0,0.0,0.0,0.0,0.0,0.0,0.0,0.29735682819383213,13.453744493392074,15.561674008810575,0.6872246696035245,0.0,0.0,0.0,0.0,0.0,0.0,0.0,0.0,0.0,0.0,0.0,0.0,0.0,0.0,0.0,nan,nan,4.313853557923685,2.817495047667099,nan,0.4348,0.08435,0.0,0.0,0.0,0.0,0.0,0.0,0.0,0.0,0.0,0.0,0.0,0.0,0.0,0.0,0.0,0.0,0.0,0.0,0.00039647577092511013,0.0,0.0,0.0001762114537444934,0.0025330396475770926,0.0005616740088105727,0.0003303964757709251,0.00011013215859030837,0.009174008810572688,0.0030176211453744493,0.0175,0.00658590308370044,0.011464757709251101,0.028061674008810572,0.04488986784140969,0.0354295154185022,0.026784140969162994,0.007951541850220263,0.03366740088105727,0.03283039647577093,0.06381057268722468,0.0533920704845815,0.02828193832599119,0.020936123348017623,0.01931718061674009,0.029768722466960353,0.011916299559471365,0.04343612334801762,0.06698237885462555,0.040275330396475774,0.05277533039647577,0.022356828193832598,0.06201541850220264,0.055495594713656386,0.035077092511013215,0.03486784140969163,0.03291850220264317,0.013469162995594714,0.007742290748898678,0.013645374449339207,0.002092511013215859,0.004691629955947137,0.0004185022026431718,0.0023237885462555068,0.00036343612334801764,0.0016629955947136564,0.015187224669603525,0.0008259911894273128,0.0,3.303964757709251e-05,0.0,0.0013656387665198237,0.0009030837004405287,0.0,0.0001762114537444934,0.0,1.1013215859030838e-05,0.0,0.0,0.0,0.0,0.0,0.0,0.0,0.0,0.0,0.0,0.0,0.0,0.0,0.0,0.0,0.0,0.0,0.0,0.0,0.0,0.0,0.0,0.0,0.0,0.0,0.0,nan,nan,4.313853557923685,2.817495047667099,nan,0.8642040179713105,0.034063105128972086,0.0,0.0,0.0,0.0,0.0,0.0,0.0,0.0,0.0,0.0,0.0,0.0,0.0,0.0,0.0,0.0,0.0,0.0,0.0,0.01319261213720317,0.01319261213720317,0.02638522427440634,0.09234828496042219,0.6992084432717656,4.023746701846966,11.002638522427445,10.303430079155675,3.192612137203167,0.5013192612137204,0.1319261213720317,0.8646662298126339,0.034590621515331314,0.0,0.0,0.0,0.0,0.0,0.0,0.0,0.0,0.0,0.0,0.0,0.0,0.0,0.0,0.0,0.0,0.0,0.0,0.0,0.0,0.0,0.013239187996469552,0.15887025595763463,0.7281553398058229,3.905560458958518,11.028243601059138,10.273609885260372,2.992056487202119,0.6884377758164167,0.21182700794351284,0.435,0.01563,0.0,0.0,0.0,0.0,0.0,0.0,0.0,0.0,0.0,0.0,0.0,0.3034300791556724,13.166226912928764,15.844327176781006,0.6860158311345649,0.0,0.0,0.0,0.0,0.0,0.0,0.0,0.0,0.0,0.0,0.0,0.0,0.0,0.0,0.0,0.4348,0.01549,0.0,0.0,0.0,0.0,0.0,0.0,0.0,0.0,0.0,0.0,0.0,0.2912621359223297,13.742277140335396,15.278022947925864,0.6884377758164167,0.0,0.0,0.0,0.0,0.0,0.0,0.0,0.0,0.0,0.0,0.0,0.0,0.0,0.0,0.0
86200,4501,2269,0.5041101977338369,1078,930,0.44612308375916465,1280,0.5687624972228393,0.44999999999999996,2.80331541218638,2.9459479085222506,6.251644736842105,1.9969130598313316,6649.800000000002,1.8189894035458565e-12,6649.8,6649.8,6649.800000000001,9.094947017729282e-13,6649.800000000001,9.094947017729282e-13,27.34347922683848,20.723810807758262,32.558295363173414,18.9335340336846,0.14863363696956233,0.09620084425683181,0.09442346145301045,0.09020217729393468,0.08287047322817152,0.07598311486336369,0.06776271939568984,0.05887580537658298,0.06087536103088203,0.05265496556320817,0.041101977338369254,0.03999111308598089,0.030437680515441014,0.027549433459231283,0.01777382803821373,0.00955343257053988,0.0051099755609864475,0.8635919270078968,0.03492626638293962,0.0,0.0,0.0,0.0,0.0,0.0,0.0,0.0,0.0,0.0,0.0,0.0,0.0,0.0,0.0,0.0,0.0,0.0,0.0,0.0,0.00666518551433015,0.01999555654299045,0.16662963785825374,0.986447456120859,3.6591868473672524,11.44412352810487,10.077760497667187,2.819373472561654,0.6265274383470341,0.19329037991557438,4.244475622588565,2.7867376754268696,5.5,1.6072751268321592,1.2958019998347245,4.254558204768584,2.7655711618217826,4.241958041958042,2.8046268611719736,0.9970384321463932,0.4343,0.01588,0.0,0.0,0.0,0.0,0.0,0.0,0.0,0.0,0.0,0.0,0.0,0.4665629860031097,13.910242168407024,14.943345923128197,0.6798489224616753,0.0,0.0,0.0,0.0,0.0,0.0,0.0,0.0,0.0,0.0,0.0,0.0,0.0,0.0,0.0,nan,nan,4.247112355617781,2.7853772551037874,nan,0.4343,0.08435,0.0,0.0,0.0,0.0,0.0,0.0,0.0,0.0,0.0,0.0,0.0,0.0,0.0,0.0,0.0,0.0,0.0,0.0,0.00033325927571650743,0.0,0.0,0.0001888469229060209,0.002521661852921573,0.0005998666962897134,0.0006443012663852477,6.665185514330149e-05,0.008409242390579871,0.0029326816263052654,0.019873361475227728,0.006898467007331704,0.012008442568318152,0.02812708287047323,0.04430126638524772,0.03766940679848922,0.025549877804932238,0.006965118862475006,0.03434792268384804,0.03347033992446123,0.06438569206842924,0.0531770717618307,0.025749833370362143,0.020739835592090645,0.019817818262608308,0.027860475449900023,0.013085980893134858,0.041335258831370805,0.06896245278826928,0.04080204399022439,0.05416574094645634,0.02072872694956676,0.06267496111975117,0.05538769162408354,0.036425238835814264,0.03445900910908687,0.03177071761830704,0.01237502777160631,0.007987113974672295,0.013752499444567873,0.0024327927127305044,0.004454565652077316,0.0003776938458120418,0.002066207509442346,0.00038880248833592535,0.0018662519440124418,0.014963341479671185,0.0006220839813374805,2.2217285047767163e-05,0.0002777160630970895,0.0,0.0010775383248167074,0.0007553876916240836,0.0,0.00014441235281048657,0.0,0.0,0.0,0.0,0.0,0.0,0.0,0.0,0.0,0.0,0.0,0.0,0.0,0.0,0.0,0.0,0.0,0.0,0.0,0.0,0.0,0.0,0.0,0.0,0.0,0.0,0.0,0.0,nan,nan,4.247112355617781,2.7853772551037874,nan,0.8649902463799901,0.03428225876637685,0.0,0.0,0.0,0.0,0.0,0.0,0.0,0.0,0.0,0.0,0.0,0.0,0.0,0.0,0.0,0.0,0.0,0.0,0.0,0.0,0.013221683561040108,0.026443367122080216,0.11899515204936098,0.7404142794182437,3.4640810929925085,11.754076685764657,9.982371088585282,3.027765535478185,0.6743058616130455,0.19832525341560164,0.86217042761037,0.03551260879253681,0.0,0.0,0.0,0.0,0.0,0.0,0.0,0.0,0.0,0.0,0.0,0.0,0.0,0.0,0.0,0.0,0.0,0.0,0.0,0.0,0.0,0.013440860215053767,0.21505376344086027,1.2365591397849425,3.857526881720431,11.12903225806452,10.1747311827957,2.6075268817204305,0.577956989247312,0.18817204301075274,0.4343,0.01596,0.0,0.0,0.0,0.0,0.0,0.0,0.0,0.0,0.0,0.0,0.0,0.4759806081974431,13.776994270603794,15.072719259585725,0.6743058616130455,0.0,0.0,0.0,0.0,0.0,0.0,0.0,0.0,0.0,0.0,0.0,0.0,0.0,0.0,0.0,0.4343,0.01584,0.0,0.0,0.0,0.0,0.0,0.0,0.0,0.0,0.0,0.0,0.0,0.4569892473118273,14.045698924731186,14.81182795698925,0.685483870967742,0.0,0.0,0.0,0.0,0.0,0.0,0.0,0.0,0.0,0.0,0.0,0.0,0.0,0.0,0.0
86300,4491,2256,0.5023380093520374,1061,956,0.4491204631485193,1304,0.5807169895346248,0.45799999999999996,2.930648769574944,3.006945766939816,6.413290113452188,2.0932905943199915,6649.800000000002,1.8189894035458565e-12,6649.8,6649.8,6649.800000000002,1.8189894035458565e-12,6649.800000000002,1.8189894035458565e-12,27.91739033622801,20.82071549393833,32.7644726407613,19.1052785727548,0.13827655310621242,0.10554442217768871,0.09352037408149633,0.0839456691160098,0.07481629926519706,0.07214428857715431,0.06835894010242707,0.0723669561344912,0.06412825651302605,0.04609218436873747,0.04408817635270541,0.04542418169672679,0.03295479848586061,0.0222667557336896,0.01892674237363616,0.010465375194834113,0.006680026720106881,0.8634503159536813,0.034523556887336784,0.0,0.0,0.0,0.0,0.0,0.0,0.0,0.0,0.0,0.0,0.0,0.0,0.0,0.0,0.0,0.0,0.0,0.0,0.0,0.0,0.0,0.05344021376085505,0.1870407481629927,0.6880427521710065,3.914495657982633,11.796927187708754,9.72611890447562,2.7989311957247835,0.6680026720106882,0.16700066800267205,4.351266921207914,2.7778139902261785,2.8181818181818183,2.442732516826255,0.6476692579915299,4.320307048150733,2.7460533203183206,4.368998628257888,2.8098736770415322,1.0112703980445086,0.4338,0.01636,0.0,0.0,0.0,0.0,0.0,0.0,0.0,0.0,0.0,0.0,0.0,0.5878423513694047,14.101536406145629,14.622578490313964,0.6880427521710089,0.0,0.0,0.0,0.0,0.0,0.0,0.0,0.0,0.0,0.0,0.0,0.0,0.0,0.0,0.0,nan,nan,4.345435684647303,2.7782193362233043,nan,0.4338,0.0845,0.0,0.0,0.0,0.0,0.0,0.0,0.0,0.0,0.0,0.0,0.0,0.0,0.0,0.0,0.0,0.0,0.0,0.0,0.0005232687597417057,0.0,4.45335114673792e-05,0.0001781340458695168,0.0025384101536406146,0.0006234691605433089,0.000501002004008016,3.34001336005344e-05,0.008216432865731463,0.0029392117568470275,0.021442885771543085,0.006746826987307949,0.011868180806056557,0.028590514362057447,0.046860387441549765,0.036773547094188376,0.02338009352037408,0.006000890670229348,0.037319082609663774,0.03237586283678468,0.06782453796481852,0.05494321977287909,0.023636161211311513,0.017724337564016923,0.019127143175239367,0.026820307281229125,0.012257849031396125,0.04248496993987976,0.0662769984413271,0.03950122467156535,0.054063682921398355,0.020552215542195502,0.06418392340236027,0.05713649521264752,0.037786684480071255,0.03668448007125362,0.02935871743486974,0.012513916722333556,0.009697172122021822,0.012914718325539969,0.0020262747717657535,0.003417947005121354,0.00036740146960587844,0.002404809619238477,0.0004564684925406368,0.0018258739701625473,0.014228456913827655,0.0006012024048096192,1.11333778668448e-05,0.00021153417947005122,0.0,0.0011356045424181698,0.0006457359162769984,0.0,0.00022266755733689602,0.0,0.0,0.0,0.0,0.0,0.0,0.0,0.0,0.0,0.0,0.0,0.0,0.0,0.0,0.0,0.0,0.0,0.0,0.0,0.0,0.0,0.0,0.0,0.0,0.0,0.0,0.0,0.0,nan,nan,4.345435684647303,2.7782193362233043,nan,0.8638091151014711,0.0354832099603902,0.0,0.0,0.0,0.0,0.0,0.0,0.0,0.0,0.0,0.0,0.0,0.0,0.0,0.0,0.0,0.0,0.0,0.0,0.0,0.0,0.0,0.06648936170212767,0.19946808510638303,0.6914893617021255,3.7632978723404262,11.715425531914898,9.880319148936172,2.6994680851063833,0.74468085106383,0.23936170212765961,0.8630881455387311,0.033523147452706,0.0,0.0,0.0,0.0,0.0,0.0,0.0,0.0,0.0,0.0,0.0,0.0,0.0,0.0,0.0,0.0,0.0,0.0,0.0,0.0,0.0,0.04026845637583893,0.17449664429530207,0.6845637583892596,4.067114093959733,11.879194630872487,9.57046979865772,2.8993288590604034,0.5906040268456377,0.09395973154362419,0.4333,0.01634,0.0,0.0,0.0,0.0,0.0,0.0,0.0,0.0,0.0,0.0,0.0,0.5718085106382971,14.574468085106385,14.268617021276599,0.5851063829787235,0.0,0.0,0.0,0.0,0.0,0.0,0.0,0.0,0.0,0.0,0.0,0.0,0.0,0.0,0.0,0.4343,0.01636,0.0,0.0,0.0,0.0,0.0,0.0,0.0,0.0,0.0,0.0,0.0,0.604026845637583,13.624161073825507,14.979865771812085,0.7919463087248324,0.0,0.0,0.0,0.0,0.0,0.0,0.0,0.0,0.0,0.0,0.0,0.0,0.0,0.0,0.0
86400,4709,2379,0.5052028031429178,1106,1011,0.44956466341049056,1372,0.5827139520067955,0.45399999999999996,2.98412017167382,3.079240503757277,6.558282208588957,2.192004879727906,6649.8,0.0,6649.8,6649.8,6649.800000000001,9.094947017729282e-13,6649.800000000002,1.8189894035458565e-12,28.16542790401359,20.91378276515905,33.10191725529768,19.10455607763569,0.13994478657889148,0.09683584625185815,0.09386281588447654,0.08536844340624336,0.07666171161605437,0.07836058611170099,0.06837969844977702,0.06200891909110214,0.06009768528349968,0.058611170099808874,0.04077298789551922,0.03949883202378424,0.03588872372053514,0.030579740921639415,0.015926948396687193,0.01146740284561478,0.00573370142280739,0.8624898780047906,0.034637671489829644,0.0,0.0,0.0,0.0,0.0,0.0,0.0,0.0,0.0,0.0,0.0,0.0,0.0,0.0,0.0,0.0,0.0,0.0,0.0,0.0,0.0,0.07644935230409855,0.17201104268422174,0.7836058611170076,4.051815672117223,11.671267785092379,9.785517094924614,2.682098110002124,0.5478870248460396,0.22934805691229565,4.393869479235333,2.8318234615597544,4.4375,2.423033996872516,1.0099298627259772,4.349673202614379,2.8094058679927265,4.441737985516787,2.848211132768373,1.0211659080151292,0.434,0.0158,0.0,0.0,0.0,0.0,0.0,0.0,0.0,0.0,0.0,0.0,0.0,0.4586961138245905,14.04756848587811,14.837545126353794,0.6561902739435126,0.0,0.0,0.0,0.0,0.0,0.0,0.0,0.0,0.0,0.0,0.0,0.0,0.0,0.0,0.0,nan,nan,4.394098360655738,2.829834830984496,nan,0.434,0.0842,0.0,0.0,0.0,0.0,0.0,0.0,0.0,0.0,0.0,0.0,0.0,0.0,0.0,0.0,0.0,0.0,0.0,0.0,0.0005308982798895731,0.0,2.1235931195582926e-05,2.1235931195582926e-05,0.0024739859842854107,0.0006901677638564451,0.0005308982798895731,7.432575918454024e-05,0.00892970906774262,0.0031322998513484816,0.021543852197918878,0.006997239328944574,0.011541728604799321,0.028849012529199407,0.04532809513697176,0.03726905924824803,0.022966659588022936,0.005723083457209599,0.035665746442981525,0.032979401146740285,0.06831599065619028,0.05426842217031217,0.0220110426842217,0.01711616054363984,0.019282225525589298,0.0292312592907199,0.013176895306859206,0.041038437035464004,0.06800806965385432,0.038946697812699084,0.050966234869399024,0.021395200679549798,0.06471650031853897,0.058823529411764705,0.03729029517944362,0.03869186663835209,0.030526651093650457,0.012741558717349756,0.009980887661923975,0.01241240178381822,0.002548311743469951,0.0029942662985771927,0.00022297727755362073,0.002134211085156084,0.0003822467615204927,0.0020067954979825866,0.012932682098110002,0.0007432575918454024,1.0617965597791463e-05,1.0617965597791463e-05,3.185389679337439e-05,0.0007857294542365683,0.0007644935230409854,0.0,0.00021235931195582927,0.0,0.0,0.0,1.0617965597791463e-05,0.0,0.0,0.0,0.0,0.0,0.0,0.0,0.0,0.0,0.0,0.0,0.0,0.0,0.0,0.0,0.0,0.0,0.0,0.0,0.0,0.0,0.0,0.0,0.0,nan,nan,4.394098360655738,2.829834830984496,nan,0.8625822684603511,0.034896094206083715,0.0,0.0,0.0,0.0,0.0,0.0,0.0,0.0,0.0,0.0,0.0,0.0,0.0,0.0,0.0,0.0,0.0,0.0,0.0,0.0,0.0,0.07566204287515764,0.18915510718789413,0.7944514501891526,4.148802017654478,11.551071878940734,9.86128625472888,2.522068095838588,0.5800756620428753,0.2774274905422447,0.8623955445739845,0.034371553300498854,0.0,0.0,0.0,0.0,0.0,0.0,0.0,0.0,0.0,0.0,0.0,0.0,0.0,0.0,0.0,0.0,0.0,0.0,0.0,0.0,0.0,0.07725321888412018,0.15450643776824036,0.7725321888411992,3.952789699570816,11.793991416309016,9.70815450643777,2.8454935622317605,0.5150214592274679,0.1802575107296138,0.4338,0.01596,0.0,0.0,0.0,0.0,0.0,0.0,0.0,0.0,0.0,0.0,0.0,0.5548549810844885,14.262295081967217,14.476670870113496,0.7061790668348047,0.0,0.0,0.0,0.0,0.0,0.0,0.0,0.0,0.0,0.0,0.0,0.0,0.0,0.0,0.0,0.434,0.01562,0.0,0.0,0.0,0.0,0.0,0.0,0.0,0.0,0.0,0.0,0.0,0.3605150214592269,13.828326180257514,15.20600858369099,0.6051502145922748,0.0,0.0,0.0,0.0,0.0,0.0,0.0,0.0,0.0,0.0,0.0,0.0,0.0,0.0,0.0
86500,4522,2306,0.5099513489606369,1106,943,0.45311808934099956,1304,0.5767359575409111,0.45399999999999996,2.957581227436823,2.9476488699861494,6.276995305164319,1.981910299836417,6649.800000000002,1.8189894035458565e-12,6649.8,6649.8,6649.800000000001,9.094947017729282e-13,6649.800000000001,9.094947017729282e-13,28.122954444935868,20.747538059820517,32.890923358618885,19.013256626743857,0.13334807607253427,0.09730207872622733,0.09553295002211411,0.09221583370190181,0.07563025210084033,0.07430340557275542,0.07607253427686864,0.06413091552410438,0.055285272003538256,0.05771782397169394,0.0475453339230429,0.036045997346306945,0.03007518796992481,0.028969482529854047,0.018575851393188854,0.011278195488721804,0.005970809376382132,0.8619804396296117,0.03623913483967666,0.0,0.0,0.0,0.0,0.0,0.0,0.0,0.0,0.0,0.0,0.0,0.0,0.0,0.0,0.0,0.0,0.0,0.0,0.0,0.0,0.019902697921273776,0.07297655904467051,0.19902697921273776,0.988500663423261,4.199469261388767,11.470588235294121,9.18841220698806,2.978770455550642,0.6700574966828838,0.21229544449358695,4.299521857923497,2.7910081596685523,4.769230769230769,1.7608497141937842,1.109246778322956,4.337423312883436,2.8657742773415698,4.265943012211669,2.706812143550078,0.9835201004108939,0.4338,0.01595,0.0,0.0,0.0,0.0,0.0,0.0,0.0,0.0,0.0,0.0,0.0,0.5174701459531174,13.945157010172494,15.072976559044674,0.46439628482972145,0.0,0.0,0.0,0.0,0.0,0.0,0.0,0.0,0.0,0.0,0.0,0.0,0.0,0.0,0.0,nan,nan,4.301598095885753,2.7874666355774456,nan,0.4338,0.0835,0.0,0.0,0.0,0.0,0.0,0.0,0.0,0.0,0.0,0.0,0.0,0.0,0.0,0.0,0.0,0.0,0.0,0.0,0.0009287925696594427,0.0,5.528527200353826e-05,0.0,0.002465723131357806,0.0008292790800530739,0.000475453339230429,4.422821760283061e-05,0.008646616541353383,0.0036930561698363556,0.021826625386996906,0.006158779301194162,0.011842105263157895,0.025862450243255196,0.04449358690844759,0.0372843874391862,0.02320875718708536,0.005705440070765148,0.03567005749668288,0.03259619637328616,0.06940513047324193,0.05409111012826183,0.022379478107032287,0.017226890756302522,0.019007076514816455,0.03184431667403804,0.014108801415302963,0.04172932330827068,0.06816674038036268,0.03883237505528527,0.0515922158337019,0.02150597080937638,0.06602167182662538,0.057585139318885446,0.03730650154798762,0.03920831490490933,0.030882352941176472,0.012317558602388324,0.010117204776647501,0.011587793011941619,0.0015037593984962407,0.0032839451570101726,0.00018796992481203009,0.0020234409553295,0.00037593984962406017,0.0022335249889429455,0.010913312693498453,0.0011941618752764264,1.1057054400707652e-05,4.422821760283061e-05,0.0,0.0006081379920389209,0.0006191950464396285,0.0,0.0002985404688191066,0.0,0.0,0.0,0.0,0.0,0.0,0.0,0.0,0.0,0.0,0.0,0.0,0.0,0.0,0.0,0.0,0.0,0.0,0.0,0.0,0.0,0.0,0.0,0.0,0.0,0.0,0.0,0.0,nan,nan,4.301598095885753,2.7874666355774456,nan,0.861903176965242,0.03592618892757872,0.0,0.0,0.0,0.0,0.0,0.0,0.0,0.0,0.0,0.0,0.0,0.0,0.0,0.0,0.0,0.0,0.0,0.0,0.0,0.0,0.013009540329575025,0.0520381613183001,0.2081526452732004,0.9627059843885486,4.176062445793582,11.474414570685171,9.288811795316567,2.9401561144839556,0.6504770164787512,0.23417172593235044,0.8620608402180758,0.036561773406403146,0.0,0.0,0.0,0.0,0.0,0.0,0.0,0.0,0.0,0.0,0.0,0.0,0.0,0.0,0.0,0.0,0.0,0.0,0.0,0.0,0.027075812274368238,0.09476534296028884,0.18953068592057767,1.0153429602888056,4.223826714801445,11.466606498194949,9.083935018050543,3.0189530685920585,0.69043321299639,0.18953068592057767,0.4338,0.01598,0.0,0.0,0.0,0.0,0.0,0.0,0.0,0.0,0.0,0.0,0.0,0.49436253252385015,14.063313096270601,14.921942758022553,0.5203816131830009,0.0,0.0,0.0,0.0,0.0,0.0,0.0,0.0,0.0,0.0,0.0,0.0,0.0,0.0,0.0,0.4336,0.01593,0.0,0.0,0.0,0.0,0.0,0.0,0.0,0.0,0.0,0.0,0.0,0.5415162454873638,13.822202166064985,15.230144404332133,0.4061371841155236,0.0,0.0,0.0,0.0,0.0,0.0,0.0,0.0,0.0,0.0,0.0,0.0,0.0,0.0,0.0
86600,4556,2311,0.507243195785777,1110,932,0.4482001755926251,1293,0.567603160667252,0.46599999999999997,2.9207126948775057,3.092766678581847,6.685430463576159,2.0426867565933935,6649.800000000001,9.094947017729282e-13,6649.8,6649.8,6649.800000000001,9.094947017729282e-13,6649.800000000002,1.8189894035458565e-12,27.471685689201053,20.774360270686003,32.677504625958235,18.95733453880571,0.14705882352941177,0.09833187006145742,0.09438103599648814,0.08560140474100088,0.09043020193151888,0.06782265144863915,0.06804214223002635,0.0649692712906058,0.05311676909569798,0.05575065847234416,0.04455662862159789,0.03533801580333626,0.03533801580333626,0.026997366110623353,0.016900790166812993,0.009657594381035996,0.005706760316066725,0.862778869935878,0.03526344954133115,0.0,0.0,0.0,0.0,0.0,0.0,0.0,0.0,0.0,0.0,0.0,0.0,0.0,0.0,0.0,0.0,0.0,0.0,0.0,0.0,0.026338893766461816,0.013169446883230908,0.15803336259877088,0.8296751536435444,4.319578577699738,11.490342405618968,9.462247585601407,2.785338015803337,0.6518876207199299,0.26338893766461813,4.3345955249569705,2.895469376230579,4.4,2.1071307505705477,1.0150889453621348,4.356996587030717,2.942717137879883,4.312413793103448,2.8419852885789902,0.9897675398553268,0.4346,0.01593,0.0,0.0,0.0,0.0,0.0,0.0,0.0,0.0,0.0,0.0,0.0,0.5333625987708508,13.393327480245834,15.441176470588239,0.6321334503950835,0.0,0.0,0.0,0.0,0.0,0.0,0.0,0.0,0.0,0.0,0.0,0.0,0.0,0.0,0.0,nan,nan,4.334819897084048,2.893134700993832,nan,0.4346,0.0834,0.0,0.0,0.0,0.0,0.0,0.0,0.0,0.0,0.0,0.0,0.0,0.0,0.0,0.0,0.0,0.0,1.0974539069359088e-05,0.0,0.000515803336259877,7.682177348551361e-05,5.4872695346795435e-05,0.0,0.002436347673397717,0.0003402107111501317,0.0009657594381035997,9.877085162423178e-05,0.00817603160667252,0.0037203687445127305,0.021817383669885865,0.005465320456540825,0.011973222124670764,0.027502194907813873,0.04355794556628621,0.035327041264266903,0.021916154521510096,0.004543459174714662,0.035667251975417036,0.03500877963125549,0.07000658472344161,0.05288630377524144,0.02166374012291484,0.01888718173836699,0.017954345917471467,0.03251755926251097,0.014859525899912204,0.04127524143985953,0.0695566286215979,0.039124231782265144,0.050998683055311675,0.02202589991220369,0.06391571553994732,0.057407813871817384,0.03698419666374012,0.042010535557506584,0.030948200175592626,0.01262071992976295,0.008867427568042142,0.011578138718173836,0.0018546971027216857,0.00276558384547849,0.00021949078138718174,0.0024692712906057945,0.000252414398595259,0.002491220368744513,0.011973222124670764,0.0016681299385425813,1.0974539069359088e-05,0.0,0.0,0.0005267778753292362,0.00029631255487269534,0.0,0.00020851624231782266,0.0,0.0,0.0,0.0,0.0,0.0,0.0,0.0,0.0,0.0,0.0,0.0,0.0,0.0,0.0,0.0,0.0,0.0,0.0,0.0,0.0,0.0,0.0,0.0,0.0,0.0,0.0,0.0,nan,nan,4.334819897084048,2.893134700993832,nan,0.8637231868461632,0.034994910881372056,0.0,0.0,0.0,0.0,0.0,0.0,0.0,0.0,0.0,0.0,0.0,0.0,0.0,0.0,0.0,0.0,0.0,0.0,0.0,0.0,0.02596278667243618,0.0,0.10385114668974472,0.817827780181737,4.102120294244917,11.592384249242755,9.567286888792731,2.8299437472955438,0.6490696668109045,0.31155344006923413,0.8618067913703239,0.03551154375217591,0.0,0.0,0.0,0.0,0.0,0.0,0.0,0.0,0.0,0.0,0.0,0.0,0.0,0.0,0.0,0.0,0.0,0.0,0.0,0.0,0.026726057906458805,0.026726057906458805,0.21380846325167044,0.8418708240534495,4.5434298440979966,11.385300668151451,9.35412026726058,2.7394209354120274,0.6547884187082407,0.21380846325167044,0.4346,0.01569,0.0,0.0,0.0,0.0,0.0,0.0,0.0,0.0,0.0,0.0,0.0,0.49329294677628666,13.487667676330595,15.473820856771964,0.5452185201211598,0.0,0.0,0.0,0.0,0.0,0.0,0.0,0.0,0.0,0.0,0.0,0.0,0.0,0.0,0.0,0.4346,0.01617,0.0,0.0,0.0,0.0,0.0,0.0,0.0,0.0,0.0,0.0,0.0,0.5746102449888634,13.296213808463255,15.4075723830735,0.7216035634743877,0.0,0.0,0.0,0.0,0.0,0.0,0.0,0.0,0.0,0.0,0.0,0.0,0.0,0.0,0.0
86700,4582,2327,0.5078568310781318,1090,968,0.44914884329986904,1325,0.5783500654735924,0.474,2.984478935698448,3.0397555598677637,6.512,2.0684912375932365,6649.800000000001,9.094947017729282e-13,6649.8,6649.8,6649.800000000001,9.094947017729282e-13,6649.800000000002,1.8189894035458565e-12,28.18070711479703,21.14166417012517,33.460146827477715,19.23675691349691,0.14687909209951985,0.09319074639895242,0.08969882147533828,0.08555216062854648,0.0811872544740288,0.07551287647315583,0.07245744216499345,0.06285464862505456,0.048886948930597994,0.05390659100829332,0.048886948930597994,0.04168485377564382,0.03317328677433435,0.030990833697075514,0.015495416848537757,0.013094718463553033,0.006547359231776516,0.8635408123056736,0.034991293260031316,0.0,0.0,0.0,0.0,0.0,0.0,0.0,0.0,0.0,0.0,0.0,0.0,0.0,0.0,0.0,0.0,0.0,0.0,0.0,0.0,0.0,0.026189436927106072,0.2749890877346138,0.792230467044956,3.7385421213443917,11.588825840244438,9.938891313836754,2.762985595809691,0.5958096900916632,0.2815364469663903,4.268856855514582,2.7615224610727847,6.5,2.0615528128088303,1.5226558818910005,4.309395973154363,2.775052869243734,4.234468937875752,2.748255218989158,0.9826131003636303,0.4343,0.01567,0.0,0.0,0.0,0.0,0.0,0.0,0.0,0.0,0.0,0.0,0.0,0.5172413793103441,13.605412483631605,15.294631165429946,0.5827149716281101,0.0,0.0,0.0,0.0,0.0,0.0,0.0,0.0,0.0,0.0,0.0,0.0,0.0,0.0,0.0,nan,nan,4.271844660194175,2.7619092424473353,nan,0.4343,0.08417,0.0,0.0,0.0,0.0,0.0,0.0,0.0,0.0,0.0,0.0,0.0,0.0,0.0,0.0,0.0,0.0,0.0,0.0,0.000392841553906591,0.0001964207769532955,3.273679615888258e-05,1.0912265386294195e-05,0.0024879965080750765,0.0005456132693147098,0.0013203841117415975,0.00016368398079441291,0.008435181143605412,0.003906591008293322,0.022872108249672632,0.004703186381492798,0.010421213443910955,0.0297031863814928,0.04315800960279354,0.03610868616324749,0.022512003491924924,0.0042885202968136185,0.03485377564382366,0.0349628982976866,0.06912920122217373,0.05434308162374509,0.022337407245744217,0.018125272806634656,0.017361414229594065,0.03501745962461807,0.013727629855958098,0.04053906591008293,0.06685945002182453,0.03737450894805762,0.05176778699257966,0.021464426014840682,0.0638913138367525,0.05762767350501964,0.03694893059799214,0.0409755565255347,0.030663465735486686,0.013553033609777389,0.008849847228284592,0.011883457005674378,0.001735050196420777,0.0028262767350501965,6.547359231776516e-05,0.0026735050196420775,0.00013094718463553033,0.0029899607158446096,0.012483631601920559,0.0023788738542121343,0.0,1.0912265386294195e-05,1.0912265386294195e-05,0.0008620689655172414,0.00017459624618070712,0.0,0.00014185945002182453,0.0,0.0,0.0,0.0,0.0,0.0,0.0,0.0,0.0,0.0,0.0,0.0,0.0,0.0,0.0,0.0,0.0,0.0,0.0,0.0,0.0,0.0,0.0,0.0,0.0,0.0,0.0,0.0,nan,nan,4.271844660194175,2.7619092424473353,nan,0.8640138699509424,0.03494544956895968,0.0,0.0,0.0,0.0,0.0,0.0,0.0,0.0,0.0,0.0,0.0,0.0,0.0,0.0,0.0,0.0,0.0,0.0,0.0,0.0,0.0,0.025784271594327467,0.2965191233347658,0.6832831972496756,3.76450365277181,11.422432316287068,10.133218736570694,2.862054146970349,0.48990116029222186,0.3223033949290933,0.8630526503808218,0.03503184124805113,0.0,0.0,0.0,0.0,0.0,0.0,0.0,0.0,0.0,0.0,0.0,0.0,0.0,0.0,0.0,0.0,0.0,0.0,0.0,0.0,0.0,0.02660753880266076,0.2527716186252772,0.9046563192904629,3.7117516629711758,11.760532150776056,9.738359201773838,2.6607538802660757,0.7050997782705102,0.23946784922394684,0.4348,0.01596,0.0,0.0,0.0,0.0,0.0,0.0,0.0,0.0,0.0,0.0,0.0,0.5543618392780396,13.111302105715517,15.702621400945427,0.6317146540610229,0.0,0.0,0.0,0.0,0.0,0.0,0.0,0.0,0.0,0.0,0.0,0.0,0.0,0.0,0.0,0.4338,0.01536,0.0,0.0,0.0,0.0,0.0,0.0,0.0,0.0,0.0,0.0,0.0,0.47893569844789285,14.115299334811533,14.873614190687364,0.5321507760532151,0.0,0.0,0.0,0.0,0.0,0.0,0.0,0.0,0.0,0.0,0.0,0.0,0.0,0.0,0.0
86800,4662,2382,0.510939510939511,1094,943,0.4369369369369369,1294,0.5551265551265552,0.486,3.0276315789473682,3.1746846238259883,6.801916932907348,2.1764928040329483,6649.800000000001,9.094947017729282e-13,6649.8,6649.8,6649.8,0.0,6649.800000000002,1.8189894035458565e-12,27.794937794937795,20.995688923039864,32.796875,19.284897059062498,0.14071214071214072,0.11025311025311026,0.09502359502359502,0.07957957957957958,0.08000858000858001,0.07314457314457315,0.06778206778206779,0.05898755898755899,0.0561990561990562,0.056413556413556415,0.046546546546546545,0.03667953667953668,0.038395538395538394,0.026598026598026597,0.018018018018018018,0.010510510510510511,0.005148005148005148,0.8646889619436554,0.03459668376691695,0.0,0.0,0.0,0.0,0.0,0.0,0.0,0.0,0.0,0.0,0.0,0.0,0.0,0.0,0.0,0.0,0.0,0.0,0.0,0.0,0.019305019305019308,0.038610038610038616,0.12226512226512229,0.8172458172458147,3.7580437580437587,10.984555984555987,10.482625482625485,2.934362934362935,0.64993564993565,0.1930501930501931,4.398648648648648,2.90581863811789,5.0,3.0,1.1367127496159755,4.3599726775956285,2.9053011655663967,4.439494680851064,2.906624634508067,1.0182391058696472,0.4346,0.01585,0.0,0.0,0.0,0.0,0.0,0.0,0.0,0.0,0.0,0.0,0.0,0.4311454311454305,13.46846846846847,15.47619047619048,0.6241956241956242,0.0,0.0,0.0,0.0,0.0,0.0,0.0,0.0,0.0,0.0,0.0,0.0,0.0,0.0,0.0,nan,nan,4.400269541778976,2.906243846723717,nan,0.4346,0.08344,0.0,0.0,0.0,0.0,0.0,0.0,0.0,0.0,0.0,0.0,0.0,0.0,0.0,0.0,0.0,0.0,0.0,0.0,0.00019305019305019305,0.00015015015015015014,0.0,0.0,0.0023595023595023596,0.000311025311025311,0.0015336765336765336,0.00016087516087516087,0.008569283569283569,0.00280995280995281,0.02249034749034749,0.005276705276705276,0.010145860145860146,0.029472329472329473,0.042760617760617764,0.03717288717288717,0.020785070785070785,0.004590304590304591,0.034684684684684684,0.03502788502788503,0.06798584298584298,0.05642428142428142,0.021128271128271127,0.01922994422994423,0.016763191763191763,0.035263835263835266,0.011636636636636636,0.04013299013299013,0.06860789360789361,0.038513513513513516,0.05514800514800515,0.02336979836979837,0.061347061347061346,0.06131488631488632,0.03546761046761047,0.041205491205491204,0.029407979407979408,0.013127413127413128,0.008376233376233376,0.011840411840411841,0.0016623766623766623,0.0023273273273273273,0.0001287001287001287,0.002423852423852424,5.3625053625053626e-05,0.003271128271128271,0.012333762333762334,0.00206992706992707,0.0,1.0725010725010725e-05,1.0725010725010725e-05,0.0008151008151008151,0.0,0.0,0.00010725010725010725,0.0,0.0,0.0,0.0,0.0,0.0,0.0,0.0,0.0,0.0,0.0,0.0,0.0,0.0,0.0,0.0,0.0,0.0,0.0,0.0,0.0,0.0,0.0,0.0,0.0,0.0,0.0,0.0,nan,nan,4.400269541778976,2.906243846723717,nan,0.8646440842289769,0.034339831783952286,0.0,0.0,0.0,0.0,0.0,0.0,0.0,0.0,0.0,0.0,0.0,0.0,0.0,0.0,0.0,0.0,0.0,0.0,0.0,0.0,0.025188916876574312,0.025188916876574312,0.12594458438287157,0.7934508816120882,3.7405541561712856,10.906801007556679,10.692695214105797,2.9219143576826205,0.5793450881612091,0.18891687657430736,0.8647358473455696,0.03486294362310052,0.0,0.0,0.0,0.0,0.0,0.0,0.0,0.0,0.0,0.0,0.0,0.0,0.0,0.0,0.0,0.0,0.0,0.0,0.0,0.0,0.013157894736842108,0.05263157894736843,0.11842105263157897,0.8421052631578921,3.776315789473685,11.065789473684214,10.263157894736844,2.9473684210526323,0.723684210526316,0.19736842105263164,0.4346,0.01607,0.0,0.0,0.0,0.0,0.0,0.0,0.0,0.0,0.0,0.0,0.0,0.49118387909319833,13.37531486146096,15.50377833753149,0.6297229219143577,0.0,0.0,0.0,0.0,0.0,0.0,0.0,0.0,0.0,0.0,0.0,0.0,0.0,0.0,0.0,0.4346,0.01564,0.0,0.0,0.0,0.0,0.0,0.0,0.0,0.0,0.0,0.0,0.0,0.36842105263157837,13.565789473684214,15.447368421052635,0.6184210526315791,0.0,0.0,0.0,0.0,0.0,0.0,0.0,0.0,0.0,0.0,0.0,0.0,0.0,0.0,0.0
86900,4921,2513,0.5106685633001422,1169,1039,0.44868929079455394,1410,0.5730542572647835,0.44199999999999995,3.013704318936877,3.1055990962227806,6.707831325301205,2.0222107359781947,6649.800000000001,9.094947017729282e-13,6649.8,6649.8,6649.800000000002,1.8189894035458565e-12,6649.800000000002,1.8189894035458565e-12,27.6451940662467,20.784172209544998,32.56942088684274,19.08377372043142,0.13980898191424507,0.09977646819752083,0.09997967892704734,0.0865677707782971,0.07762649867913025,0.07864255232676286,0.06848201585043691,0.06787238366185734,0.05567973989026621,0.049583418004470636,0.0438935175777281,0.04084535663483032,0.029668766510871775,0.024791709002235318,0.01808575492786019,0.010973379394432025,0.007722007722007722,0.8644002072332932,0.03493070953986905,0.0,0.0,0.0,0.0,0.0,0.0,0.0,0.0,0.0,0.0,0.0,0.0,0.0,0.0,0.0,0.0,0.0,0.0,0.0,0.0,0.018288965657386712,0.024385287543182286,0.15850436903068488,0.8108108108108083,3.8406827880512098,11.022149969518393,10.272302377565538,2.8957528957528966,0.7559439138386509,0.20117862223125385,4.41193363114231,2.8417747990223323,2.888888888888889,2.5141574442188355,0.6547897430952323,4.43857415658816,2.8773819353897774,4.377466581795035,2.806644194405171,0.9862326115015059,0.4346,0.01596,0.0,0.0,0.0,0.0,0.0,0.0,0.0,0.0,0.0,0.0,0.0,0.4084535663483026,13.747205852469014,15.124974598658811,0.7193659825238774,0.0,0.0,0.0,0.0,0.0,0.0,0.0,0.0,0.0,0.0,0.0,0.0,0.0,0.0,0.0,nan,nan,4.4075723830734965,2.8420560831760837,nan,0.4346,0.08386,0.0,0.0,0.0,0.0,0.0,0.0,0.0,0.0,0.0,0.0,0.0,0.0,0.0,0.0,0.0,0.0,0.0,0.0,0.0001625685836212152,0.00029465555781345255,1.016053647632595e-05,0.0,0.0025401341190814876,0.0001016053647632595,0.001615525299735826,1.016053647632595e-05,0.008169071326966064,0.0023572444625076204,0.019426945742735218,0.006055679739890266,0.01111562690510059,0.03296078032920138,0.042277992277992275,0.0393111156269051,0.020229628124364966,0.006228408859987807,0.03235114814062182,0.03609022556390978,0.07014834383255436,0.053119284698232065,0.020575086364560048,0.020158504369030685,0.015941881731355415,0.03624263361105466,0.011897988213777688,0.041963015647226175,0.0673846779109937,0.03591749644381223,0.05396260922576712,0.02465962202804308,0.05923592765698029,0.06239585450111766,0.032788051209103844,0.04000203210729526,0.033672017882544196,0.012446657183499289,0.007945539524486893,0.011826864458443406,0.0016053647632595,0.0023064417801259905,0.00013208697419223736,0.0021032310505994718,2.03210729526519e-05,0.0035460272302377566,0.013168055273318432,0.0021438731965047753,0.0,0.0,0.0,0.0012802275960170698,0.0,0.0,0.0001016053647632595,0.0,0.0,0.0,0.0,0.0,0.0,0.0,0.0,0.0,0.0,0.0,0.0,0.0,0.0,0.0,0.0,0.0,0.0,0.0,0.0,0.0,0.0,0.0,0.0,0.0,0.0,0.0,0.0,nan,nan,4.4075723830734965,2.8420560831760837,nan,0.8639800602394511,0.03450467097520664,0.0,0.0,0.0,0.0,0.0,0.0,0.0,0.0,0.0,0.0,0.0,0.0,0.0,0.0,0.0,0.0,0.0,0.0,0.0,0.0,0.023875845602865108,0.03581376840429766,0.1551929964186232,0.8237166732988435,3.7485077596498217,10.98288897731795,10.529247910863512,2.80541185833665,0.7759649820931159,0.11937922801432553,0.8648386745902391,0.03536453115439283,0.0,0.0,0.0,0.0,0.0,0.0,0.0,0.0,0.0,0.0,0.0,0.0,0.0,0.0,0.0,0.0,0.0,0.0,0.0,0.0,0.012458471760797346,0.012458471760797346,0.16196013289036548,0.7973421926910275,3.9368770764119607,11.063122923588043,10.004152823920267,2.990033222591363,0.7350498338870434,0.28654485049833894,0.4346,0.01613,0.0,0.0,0.0,0.0,0.0,0.0,0.0,0.0,0.0,0.0,0.0,0.40588937524870616,13.847990449661761,14.874651810584961,0.8714683645045764,0.0,0.0,0.0,0.0,0.0,0.0,0.0,0.0,0.0,0.0,0.0,0.0,0.0,0.0,0.0,0.4346,0.01578,0.0,0.0,0.0,0.0,0.0,0.0,0.0,0.0,0.0,0.0,0.0,0.4111295681063117,13.642026578073093,15.38621262458472,0.5606312292358805,0.0,0.0,0.0,0.0,0.0,0.0,0.0,0.0,0.0,0.0,0.0,0.0,0.0,0.0,0.0
87000,4682,2434,0.5198633062793678,1153,960,0.45130286202477576,1342,0.5732592909013242,0.44999999999999996,3.0622775800711746,3.041036149481141,6.496996996996997,2.0203521509392357,6649.800000000001,9.094947017729282e-13,6649.8,6649.8,6649.800000000001,9.094947017729282e-13,6649.800000000002,1.8189894035458565e-12,28.407518154634772,21.006581703699197,33.42287166454892,19.151375462264262,0.13754805638615977,0.09611277231952157,0.09290901324220419,0.08457923964117899,0.07817172148654421,0.07048269970098249,0.06941478000854336,0.07261853908586074,0.06087142246903033,0.04976505766766339,0.04527979495941905,0.04228961982058949,0.03310551046561298,0.028620247757368645,0.021999145664246048,0.010252029047415635,0.00598035027765912,0.8656373516788141,0.03422604927216138,0.0,0.0,0.0,0.0,0.0,0.0,0.0,0.0,0.0,0.0,0.0,0.0,0.0,0.0,0.0,0.0,0.0,0.0,0.0,0.0,0.0,0.012815036309269546,0.10892780862879115,0.6663818880820142,3.729175565997438,11.104228961982063,10.636480136693724,2.6911576249466047,0.7817172148654423,0.26911576249466046,4.3388998035363455,2.8168404775817044,6.0,3.116774889895918,1.382839031016527,4.33532140490391,2.807299886043173,4.349871134020619,2.829682049075033,1.0033560900698737,0.4353,0.01599,0.0,0.0,0.0,0.0,0.0,0.0,0.0,0.0,0.0,0.0,0.0,0.3588210166595467,13.282785134557884,15.615121742844941,0.7432721059376337,0.0,0.0,0.0,0.0,0.0,0.0,0.0,0.0,0.0,0.0,0.0,0.0,0.0,0.0,0.0,nan,nan,4.342698464554068,2.818679774570409,nan,0.4353,0.0842,0.0,0.0,0.0,0.0,0.0,0.0,0.0,0.0,0.0,0.0,0.0,0.0,0.0,0.0,0.0,0.0,0.0,0.0,6.407518154634771e-05,0.00024562152926099957,2.135839384878257e-05,0.0,0.0021785561725758225,0.00021358393848782572,0.0009824861170439983,1.0679196924391286e-05,0.007357966680905596,0.002648440837249039,0.017716787697565142,0.006845365228534814,0.013733447244767194,0.0311298590346006,0.04160615121742845,0.04226826142674071,0.021219564288765484,0.006332763776164032,0.03146091413925673,0.03585006407518155,0.07187099530115336,0.04771465185818027,0.019906023067065355,0.019841947885519007,0.015346005980350278,0.03609568560444255,0.012590773173857326,0.044820589491670226,0.06537804357112345,0.03686458778299872,0.05497650576676634,0.025811618966253738,0.056973515591627506,0.0632422041862452,0.03340452797949594,0.039715933361811194,0.03290260572404955,0.011522853481418197,0.00797736010252029,0.011544211875266979,0.0017300299017513883,0.0028940623665100387,0.000224263135412217,0.001794105083297736,5.339598462195643e-05,0.004431866723622384,0.014844083724903888,0.0020717642033319093,1.0679196924391286e-05,0.0,0.0,0.0012601452370781718,0.0,0.0,0.000299017513882956,0.0,0.0,0.0,0.0,0.0,0.0,0.0,0.0,0.0,0.0,0.0,0.0,0.0,0.0,0.0,0.0,0.0,0.0,0.0,0.0,0.0,0.0,0.0,0.0,0.0,0.0,0.0,0.0,nan,nan,4.342698464554068,2.818679774570409,nan,0.8652669878013818,0.03421515814657823,0.0,0.0,0.0,0.0,0.0,0.0,0.0,0.0,0.0,0.0,0.0,0.0,0.0,0.0,0.0,0.0,0.0,0.0,0.0,0.0,0.0,0.012325390304026297,0.14790468364831555,0.677896466721444,3.981101068200494,10.710764174198852,10.599835661462617,2.945768282662285,0.7641741988496304,0.16023007395234187,0.8660383595425464,0.03423332001331841,0.0,0.0,0.0,0.0,0.0,0.0,0.0,0.0,0.0,0.0,0.0,0.0,0.0,0.0,0.0,0.0,0.0,0.0,0.0,0.0,0.0,0.01334519572953737,0.06672597864768684,0.6539145907473289,3.456405693950179,11.530249110320288,10.676156583629895,2.4154804270462638,0.8007117437722422,0.38701067615658374,0.4355,0.01593,0.0,0.0,0.0,0.0,0.0,0.0,0.0,0.0,0.0,0.0,0.0,0.4437140509449459,12.990961380443718,15.838126540673791,0.7271980279375515,0.0,0.0,0.0,0.0,0.0,0.0,0.0,0.0,0.0,0.0,0.0,0.0,0.0,0.0,0.0,0.435,0.01605,0.0,0.0,0.0,0.0,0.0,0.0,0.0,0.0,0.0,0.0,0.0,0.2669039145907469,13.59875444839858,15.37366548042705,0.7606761565836301,0.0,0.0,0.0,0.0,0.0,0.0,0.0,0.0,0.0,0.0,0.0,0.0,0.0,0.0,0.0
87100,4574,2298,0.5024048972452995,1088,950,0.4455618714473109,1301,0.5688675120244863,0.47,2.9384885764499122,3.077027272687753,6.640575079872204,2.0159624157249088,6649.800000000001,9.094947017729282e-13,6649.8,6649.8,6649.800000000001,9.094947017729282e-13,6649.800000000002,1.8189894035458565e-12,27.482072584171405,20.73838135661753,32.61570790648805,18.94579649416505,0.14626147791867075,0.09903804110188019,0.09707039790118059,0.08417140358548317,0.0804547442063839,0.07958023611718408,0.06471359860078706,0.06536947966768693,0.05378224748578924,0.04940970703979012,0.048535198950590296,0.038696982947092264,0.036073458679492784,0.02579798863139484,0.01770878880629646,0.007870572802798426,0.005465675557498907,0.8656581455591624,0.03355666831001538,0.0,0.0,0.0,0.0,0.0,0.0,0.0,0.0,0.0,0.0,0.0,0.0,0.0,0.0,0.0,0.0,0.0,0.0,0.0,0.0,0.0,0.0,0.0655881066899869,0.7542632269348467,3.515522518583298,11.392654132050724,10.31045037166594,3.0891998250983828,0.6624398775688676,0.20988194140795807,4.361330133699006,2.864148255779921,0.0,0.0,0.0,4.396935933147632,2.890497653331987,4.323886639676114,2.8392057599746665,0.983386318431248,0.436,0.01614,0.0,0.0,0.0,0.0,0.0,0.0,0.0,0.0,0.0,0.0,0.0,0.40664626147791805,12.461740271097511,16.292085701792743,0.8329689549628336,0.00655881066899869,0.0,0.0,0.0,0.0,0.0,0.0,0.0,0.0,0.0,0.0,0.0,0.0,0.0,0.0,nan,nan,4.359835503769705,2.864794980687348,nan,0.436,0.0842,0.0,0.0,0.0,0.0,0.0,0.0,0.0,0.0,0.0,0.0,0.0,0.0,0.0,0.0,0.0,0.0,0.0,0.0,0.00012024486226497596,0.0002732837778749453,0.0,1.0931351114997814e-05,0.0021316134674245735,0.00022955837341495408,0.0012571053782247485,1.0931351114997814e-05,0.007170966331438566,0.0034543069523393093,0.015970703979011805,0.007575426322693485,0.014811980760822038,0.02925229558373415,0.04165937909925667,0.04259947529514648,0.019578049846961085,0.005257979886313949,0.03182116309575864,0.03541757761259292,0.06941407958023611,0.04729995627459554,0.020080891998250985,0.02025579361609095,0.015336685614341932,0.03688237866200263,0.013292522955837341,0.046228683865325755,0.06462614779186708,0.03636860515959773,0.05530170529077394,0.02630083078268474,0.05511587232181898,0.06573021425448185,0.03443375601224311,0.04105815478793179,0.03193047660690861,0.012046348928727591,0.008941845212068212,0.010384783559247924,0.0017927415828596415,0.0030279842588543946,0.00017490161783996502,0.0016287713161346742,4.3725404459991255e-05,0.003694796676869261,0.016626585045911673,0.0022737210319195454,4.3725404459991255e-05,0.0,1.0931351114997814e-05,0.0008963707914298207,0.0,0.0,0.0001530389156099694,0.0,0.0,0.0,0.0,0.0,0.0,0.0,0.0,0.0,0.0,0.0,0.0,0.0,0.0,0.0,0.0,0.0,0.0,0.0,0.0,0.0,0.0,0.0,0.0,0.0,0.0,0.0,0.0,nan,nan,4.359835503769705,2.864794980687348,nan,0.8657553747127739,0.03358553507332236,0.0,0.0,0.0,0.0,0.0,0.0,0.0,0.0,0.0,0.0,0.0,0.0,0.0,0.0,0.0,0.0,0.0,0.0,0.0,0.0,0.0,0.0,0.052219321148825076,0.926892950391642,3.1984334203655362,11.592689295039168,10.378590078328983,3.0287206266318547,0.6005221932114884,0.22193211488250658,0.8655599765806918,0.03352721123735549,0.0,0.0,0.0,0.0,0.0,0.0,0.0,0.0,0.0,0.0,0.0,0.0,0.0,0.0,0.0,0.0,0.0,0.0,0.0,0.0,0.0,0.0,0.07908611599297014,0.5799648506151125,3.835676625659052,11.190685413005276,10.241652021089633,3.150263620386644,0.724956063268893,0.19771528998242535,0.436,0.01627,0.0,0.0,0.0,0.0,0.0,0.0,0.0,0.0,0.0,0.0,0.0,0.4699738903394249,12.415143603133162,16.331592689295043,0.7702349869451699,0.013054830287206269,0.0,0.0,0.0,0.0,0.0,0.0,0.0,0.0,0.0,0.0,0.0,0.0,0.0,0.0,0.4363,0.01602,0.0,0.0,0.0,0.0,0.0,0.0,0.0,0.0,0.0,0.0,0.0,0.3427065026362034,12.508787346221444,16.252196836555363,0.8963093145869949,0.0,0.0,0.0,0.0,0.0,0.0,0.0,0.0,0.0,0.0,0.0,0.0,0.0,0.0,0.0
87200,4730,2369,0.500845665961945,1066,1039,0.4450317124735729,1320,0.5581395348837209,0.46199999999999997,2.9953409572215164,3.093827711273429,6.58493353028065,2.0155841586874126,6649.800000000001,9.094947017729282e-13,6649.8,6649.8,6649.800000000001,9.094947017729282e-13,6649.800000000001,9.094947017729282e-13,28.201479915433403,20.878127126565293,33.1039417524479,19.101227284776932,0.13594080338266384,0.10021141649048626,0.09069767441860466,0.09006342494714588,0.07864693446088795,0.07124735729386893,0.0678646934460888,0.06469344608879493,0.058562367864693446,0.05454545454545454,0.04904862579281184,0.0412262156448203,0.03678646934460888,0.02684989429175476,0.016701902748414377,0.011627906976744186,0.005285412262156448,0.8652037589166935,0.03580200942748385,0.0,0.0,0.0,0.0,0.0,0.0,0.0,0.0,0.0,0.0,0.0,0.0,0.0,0.0,0.0,0.0,0.0,0.0,0.0,0.0,0.0,0.06342494714587739,0.19027484143763218,0.7928118393234648,3.697674418604652,10.731501057082456,10.147991543340382,3.4376321353065546,0.72938689217759,0.2093023255813954,4.379140701869465,2.8323503277931996,3.857142857142857,3.622492095173133,0.8807990242232304,4.445378151260504,2.8084891228307276,4.306728232189974,2.8634687725956405,0.9688103206627728,0.4368,0.01602,0.0,0.0,0.0,0.0,0.0,0.0,0.0,0.0,0.0,0.0,0.0,0.24101479915433371,12.29175475687104,16.458773784355184,1.0084566596194504,0.0,0.0,0.0,0.0,0.0,0.0,0.0,0.0,0.0,0.0,0.0,0.0,0.0,0.0,0.0,nan,nan,4.37675481554032,2.836681105455311,nan,0.4368,0.08435,0.0,0.0,0.0,0.0,0.0,0.0,0.0,0.0,0.0,0.0,0.0,0.0,0.0,0.0,0.0,0.0,0.0,0.0,5.285412262156448e-05,0.000306553911205074,0.0,0.0,0.002167019027484144,0.00012684989429175475,0.001522198731501057,0.0,0.00718816067653277,0.0028435517970401693,0.015708245243128964,0.00806553911205074,0.01620507399577167,0.02758985200845666,0.0410676532769556,0.0429492600422833,0.019090909090909092,0.00459830866807611,0.030771670190274842,0.03511627906976744,0.06970401691331923,0.04712473572938689,0.019482029598308668,0.02029598308668076,0.015454545454545455,0.035634249471458775,0.014006342494714588,0.046078224101479916,0.06546511627906977,0.03552854122621565,0.05635306553911205,0.027050739957716702,0.05627906976744186,0.06433403805496829,0.0353276955602537,0.041183932346723046,0.03044397463002114,0.012716701902748415,0.009186046511627907,0.012029598308668076,0.0017547568710359408,0.00299154334038055,0.0002642706131078224,0.0015644820295983087,4.228329809725158e-05,0.004450317124735729,0.01619450317124736,0.002864693446088795,4.228329809725158e-05,3.171247357293869e-05,0.0,0.0005391120507399577,0.0,0.0,0.00021141649048625792,0.0,0.0,0.0,0.0,0.0,0.0,0.0,0.0,0.0,0.0,0.0,0.0,0.0,0.0,0.0,0.0,0.0,0.0,0.0,0.0,0.0,0.0,0.0,0.0,0.0,0.0,0.0,0.0,nan,nan,4.37675481554032,2.836681105455311,nan,0.8643882238900124,0.03567599643188799,0.0,0.0,0.0,0.0,0.0,0.0,0.0,0.0,0.0,0.0,0.0,0.0,0.0,0.0,0.0,0.0,0.0,0.0,0.0,0.0,0.0,0.06331785563528916,0.24060785141409882,0.8864499788940454,3.5837906289573667,10.764035457999158,10.206838328408613,3.419164204305615,0.6711692697340652,0.16462642465175184,0.866022057297976,0.03590939422011754,0.0,0.0,0.0,0.0,0.0,0.0,0.0,0.0,0.0,0.0,0.0,0.0,0.0,0.0,0.0,0.0,0.0,0.0,0.0,0.0,0.0,0.06353240152477765,0.13977128335451083,0.6988564167725518,3.811944091486659,10.698856416772557,10.088945362134691,3.456162642947904,0.7878017789072429,0.2541296060991106,0.4368,0.01608,0.0,0.0,0.0,0.0,0.0,0.0,0.0,0.0,0.0,0.0,0.0,0.2279442802870406,12.410299704516676,16.285352469396372,1.0764035457999157,0.0,0.0,0.0,0.0,0.0,0.0,0.0,0.0,0.0,0.0,0.0,0.0,0.0,0.0,0.0,0.437,0.01595,0.0,0.0,0.0,0.0,0.0,0.0,0.0,0.0,0.0,0.0,0.0,0.2541296060991102,12.172808132147399,16.63278271918679,0.9402795425667092,0.0,0.0,0.0,0.0,0.0,0.0,0.0,0.0,0.0,0.0,0.0,0.0,0.0,0.0,0.0
87300,4948,2531,0.511519805982215,1148,1074,0.44907033144704933,1406,0.5683104284559418,0.46199999999999997,2.8837401737691355,3.0100047620037964,6.495145631067961,2.1165419669558747,6649.800000000001,9.094947017729282e-13,6649.8,6649.8,6649.800000000002,1.8189894035458565e-12,6649.800000000002,1.8189894035458565e-12,27.14248181083266,20.671911388094223,32.31084043848965,18.91170179285043,0.14935327405012125,0.10145513338722716,0.09539207760711399,0.08771220695230396,0.08063864187550525,0.07134195634599838,0.07134195634599838,0.06709781729991916,0.06265157639450283,0.044058205335489084,0.042643492320129345,0.03658043654001617,0.034155214227970895,0.022837510105092967,0.017582861762328213,0.00788197251414713,0.007275666936135812,0.8646189437316325,0.03532011282971409,0.0,0.0,0.0,0.0,0.0,0.0,0.0,0.0,0.0,0.0,0.0,0.0,0.0,0.0,0.0,0.0,0.0,0.0,0.0,0.006063055780113178,0.012126111560226357,0.05456750202101861,0.21220695230396125,0.6790622473726737,3.8257881972514154,11.11964430072757,10.264753435731611,2.886014551333873,0.7093775262732419,0.23039611964430076,4.334616618543471,2.798436411292193,4.928571428571429,3.058110661229664,1.1370259153916915,4.368963296844816,2.806439108664675,4.306083650190114,2.7931613024391755,0.9856076505151434,0.4375,0.01622,0.0,0.0,0.0,0.0,0.0,0.0,0.0,0.0,0.0,0.0,0.0,0.3031527890056584,11.440986257073568,17.18876313662086,1.0670978172999193,0.0,0.0,0.0,0.0,0.0,0.0,0.0,0.0,0.0,0.0,0.0,0.0,0.0,0.0,0.0,nan,nan,4.337272436921111,2.799931576627317,nan,0.4375,0.0839,0.0,0.0,0.0,0.0,0.0,0.0,0.0,0.0,0.0,0.0,0.0,0.0,0.0,0.0,0.0,0.0,0.0,0.0,2.0210185933710592e-05,0.0002930476960388036,0.0,0.0,0.0019300727566693614,3.0315278900565884e-05,0.0012934518997574779,6.063055780113177e-05,0.007204931285367825,0.002738480194017785,0.015834680679062248,0.007962813257881972,0.0167946645109135,0.027435327405012127,0.03929870654810024,0.04344179466451091,0.018249797898140664,0.005517380759902991,0.030709377526273243,0.03472109943411479,0.06503637833468068,0.04825181891673403,0.018542845594179465,0.021149959579628133,0.015319320937752628,0.035105092966855295,0.012510105092966855,0.04712004850444624,0.06830032336297494,0.03404405820533549,0.05603274050121261,0.027374696847210993,0.05872069523039612,0.06782538399353275,0.03425626515763945,0.040329426030719484,0.031841147938561035,0.013197251414713016,0.009710994341147939,0.012570735650767988,0.0015157639450282942,0.0032033144704931285,0.0003637833468067906,0.0016370250606305577,2.0210185933710592e-05,0.0038197251414713016,0.015379951495553759,0.0027890056588520612,0.0,8.084074373484237e-05,2.0210185933710592e-05,0.0002122069523039612,0.0,0.0,0.0001818916734033953,0.0,0.0,0.0,0.0,0.0,0.0,0.0,0.0,0.0,0.0,0.0,0.0,0.0,0.0,0.0,0.0,0.0,0.0,0.0,0.0,0.0,0.0,0.0,0.0,0.0,0.0,0.0,0.0,nan,nan,4.337272436921111,2.799931576627317,nan,0.8639619289674763,0.03538370877564918,0.0,0.0,0.0,0.0,0.0,0.0,0.0,0.0,0.0,0.0,0.0,0.0,0.0,0.0,0.0,0.0,0.0,0.0,0.0,0.011853022520742792,0.023706045041485584,0.07111813512445675,0.20150138285262748,0.6874753062030796,3.8522323192414074,11.224812327143425,10.110628210193601,2.9158435401027267,0.7467404188067959,0.1540892927696563,0.8653069471938086,0.03524026725632852,0.0,0.0,0.0,0.0,0.0,0.0,0.0,0.0,0.0,0.0,0.0,0.0,0.0,0.0,0.0,0.0,0.0,0.0,0.0,0.0,0.0,0.03723624327678941,0.2234174596607365,0.6702523789822072,3.79809681423252,11.009515928837406,10.426148117501038,2.854778651220522,0.6702523789822096,0.31030202730657847,0.4373,0.01627,0.0,0.0,0.0,0.0,0.0,0.0,0.0,0.0,0.0,0.0,0.0,0.29632556301856927,11.746345318056107,16.91426313709996,1.0430659818253656,0.0,0.0,0.0,0.0,0.0,0.0,0.0,0.0,0.0,0.0,0.0,0.0,0.0,0.0,0.0,0.4377,0.01616,0.0,0.0,0.0,0.0,0.0,0.0,0.0,0.0,0.0,0.0,0.0,0.3103020273065779,11.121224658667773,17.4762101779065,1.0922631361191562,0.0,0.0,0.0,0.0,0.0,0.0,0.0,0.0,0.0,0.0,0.0,0.0,0.0,0.0,0.0
87400,4917,2485,0.5053894651210088,1159,1074,0.4541387024608501,1422,0.5784014643075046,0.43399999999999994,2.9724506578947367,2.9915694450030546,6.426553672316384,1.9255862673762458,6649.800000000001,9.094947017729282e-13,6649.8,6649.8,6649.800000000001,9.094947017729282e-13,6649.800000000001,9.094947017729282e-13,28.162904209884076,20.961359385656934,33.09813874788494,19.186149396386668,0.1403294691885296,0.0955867398820419,0.09029896278218426,0.0896888346552776,0.07524913565182022,0.08033353670937564,0.0701647345942648,0.0652837095790116,0.05979255643685174,0.05023388244864755,0.04352247305267439,0.042098840756558877,0.03681106365670124,0.022574740695546065,0.018303843807199512,0.011592434411226357,0.008135041692088672,0.8638903532591636,0.03632499382372223,0.0,0.0,0.0,0.0,0.0,0.0,0.0,0.0,0.0,0.0,0.0,0.0,0.0,0.0,0.0,0.0,0.0,0.0,0.0,0.0,0.030506406345332526,0.07931665649786457,0.15863331299572914,0.8358755338621084,4.063453325198292,10.726052471018917,10.231848688224531,2.8859060402684573,0.7321537522879806,0.2562538133007932,4.280288763339611,2.8114364981994435,4.238095238095238,2.653026338511261,0.9901423647848815,4.3213399503722085,2.8362622086463607,4.239648682559599,2.7837643428865566,0.9810958478733955,0.437,0.01631,0.0,0.0,0.0,0.0,0.0,0.0,0.0,0.0,0.0,0.0,0.0,0.2684563758389258,11.934106162294084,16.74191580231849,1.0555216595485053,0.0,0.0,0.0,0.0,0.0,0.0,0.0,0.0,0.0,0.0,0.0,0.0,0.0,0.0,0.0,nan,nan,4.280012472715934,2.810430303467034,nan,0.437,0.084,0.0,0.0,0.0,0.0,0.0,0.0,0.0,0.0,0.0,0.0,0.0,0.0,0.0,0.0,0.0,0.0,0.0,0.0,0.00012202562538133008,0.0004067520846044336,0.0,0.0,0.002613382143583486,1.016880211511084e-05,0.0013422818791946308,0.00011185682326621924,0.007372381533455359,0.0020947732357128332,0.015039658328248932,0.008348586536506,0.01768354687817775,0.031187716087044945,0.03716697173073012,0.04189546471425666,0.01901565995525727,0.006487695749440716,0.030221679886109416,0.03351637177140533,0.06473459426479561,0.048220459629855605,0.020012202562538134,0.022015456579214967,0.014297335773845841,0.03476713443156396,0.012487288997356112,0.04514948139109213,0.07114093959731543,0.0345230831808013,0.05640634533251983,0.02895057962172056,0.05728086231441936,0.06593451291437868,0.034421395159650196,0.03994305470815538,0.031370754525116944,0.012548301810046776,0.010545047793369941,0.011704291234492577,0.0018710595891803946,0.0030404718324181412,0.00046776489729509864,0.0015659955257270694,3.050640634533252e-05,0.0037726255847061216,0.01514134634940004,0.00242017490339638,2.033760423022168e-05,0.00014236322961155176,1.016880211511084e-05,0.00022371364653243848,0.0,0.0,0.0002033760423022168,0.0,0.0,0.0,0.0,0.0,0.0,0.0,0.0,0.0,0.0,0.0,0.0,0.0,0.0,0.0,0.0,0.0,0.0,0.0,0.0,0.0,0.0,0.0,0.0,0.0,0.0,0.0,0.0,nan,nan,4.280012472715934,2.810430303467034,nan,0.8637091486506778,0.0361846315864322,0.0,0.0,0.0,0.0,0.0,0.0,0.0,0.0,0.0,0.0,0.0,0.0,0.0,0.0,0.0,0.0,0.0,0.0,0.0,0.0,0.04828973843058351,0.07243460764587527,0.20523138832997992,0.7002012072434586,4.152917505030182,10.684104627766603,10.382293762575456,2.776659959758552,0.7484909456740444,0.2293762575452717,0.8640755068167651,0.036466926869950254,0.0,0.0,0.0,0.0,0.0,0.0,0.0,0.0,0.0,0.0,0.0,0.0,0.0,0.0,0.0,0.0,0.0,0.0,0.0,0.0,0.012335526315789477,0.08634868421052634,0.11101973684210528,0.9745065789473655,3.972039473684211,10.768914473684214,10.078125000000002,2.997532894736843,0.7154605263157897,0.28371710526315796,0.437,0.01619,0.0,0.0,0.0,0.0,0.0,0.0,0.0,0.0,0.0,0.0,0.0,0.18108651911468787,11.818913480885314,16.937625754527165,1.062374245472837,0.0,0.0,0.0,0.0,0.0,0.0,0.0,0.0,0.0,0.0,0.0,0.0,0.0,0.0,0.0,0.4368,0.01643,0.0,0.0,0.0,0.0,0.0,0.0,0.0,0.0,0.0,0.0,0.0,0.35773026315789425,12.051809210526319,16.54194078947369,1.0485197368421055,0.0,0.0,0.0,0.0,0.0,0.0,0.0,0.0,0.0,0.0,0.0,0.0,0.0,0.0,0.0
87500,4738,2531,0.5341916420430561,1151,949,0.44322498944702404,1279,0.5398902490502322,0.474,3.0326234707748077,3.090072907061896,6.574433656957929,2.0944819055600226,6649.800000000001,9.094947017729282e-13,6649.8,6649.8,6649.800000000002,1.8189894035458565e-12,6649.800000000001,9.094947017729282e-13,28.120726044744618,21.030937354862395,32.88891662506241,19.375069084302794,0.13613338961587168,0.09983115238497256,0.09265512874630646,0.09223300970873786,0.08125791473195441,0.07281553398058252,0.06817222456732798,0.06648374841705361,0.056563951034191644,0.04854368932038835,0.0445335584634867,0.04031236808780076,0.03545799915576193,0.026382439848037148,0.01878429717180245,0.012452511608273533,0.007387083157450401,0.8651766684574635,0.03536261657229712,0.0,0.0,0.0,0.0,0.0,0.0,0.0,0.0,0.0,0.0,0.0,0.0,0.0,0.0,0.0,0.0,0.0,0.0,0.0,0.0,0.006331785563528917,0.01899535669058675,0.13296749683410725,0.7154917686787652,3.8307302659349944,11.257914731954415,9.947235120303928,3.0645842127479956,0.7218235542422965,0.303925707049388,4.198745460548036,2.890790652254751,4.0,2.280350850198276,0.9526655134455102,4.1092715231788075,2.9066001849040806,4.286745406824147,2.8705322763131482,1.043188648558334,0.437,0.01607,0.0,0.0,0.0,0.0,0.0,0.0,0.0,0.0,0.0,0.0,0.0,0.34824820599408984,11.872097931616718,16.7728999577881,1.0067539046010976,0.0,0.0,0.0,0.0,0.0,0.0,0.0,0.0,0.0,0.0,0.0,0.0,0.0,0.0,0.0,nan,nan,4.198417930125247,2.8899019746740517,nan,0.437,0.0842,0.0,0.0,0.0,0.0,0.0,0.0,0.0,0.0,0.0,0.0,0.0,0.0,0.0,0.0,0.0,0.0,0.0,0.0,0.00021105951878429716,0.0004748839172646686,1.0552975939214859e-05,0.0,0.0023638666103841283,0.0,0.0008653440270156184,0.0002321654706627269,0.008073026593499366,0.0016251582946390883,0.014837484170536092,0.008727311101730688,0.016905867454622203,0.03101519628535247,0.037959054453355845,0.043098353735753485,0.01800337695230055,0.006996623047699452,0.030202617138032926,0.034402701561840436,0.06375052764879696,0.0484381595609962,0.019111439425918107,0.02282608695652174,0.013951034191642044,0.0372836639932461,0.012019839594765724,0.04486070071760236,0.06918531025749261,0.03652384972562263,0.055139299282397636,0.028049810046433095,0.05766146053186999,0.06649430139299282,0.03389615871675813,0.04008020261713803,0.031089067116926973,0.011260025327142254,0.009814267623469819,0.012547488391726466,0.0016884761502743773,0.002743773744195863,0.0004432249894470241,0.0014668636555508654,8.442380751371887e-05,0.004326720135078092,0.016124947235120302,0.002321654706627269,0.00010552975939214858,6.331785563528915e-05,1.0552975939214859e-05,0.0002321654706627269,0.0,0.0,0.00040101308569016463,0.0,0.0,0.0,0.0,0.0,0.0,0.0,0.0,0.0,0.0,0.0,0.0,0.0,0.0,0.0,0.0,0.0,0.0,0.0,0.0,0.0,0.0,0.0,0.0,0.0,0.0,0.0,0.0,nan,nan,4.198417930125247,2.8899019746740517,nan,0.8655394707117944,0.03526349096151637,0.0,0.0,0.0,0.0,0.0,0.0,0.0,0.0,0.0,0.0,0.0,0.0,0.0,0.0,0.0,0.0,0.0,0.0,0.0,0.0,0.0,0.011853022520742792,0.1422362702489135,0.6756222836823369,3.86408534176215,11.070723034373769,10.063216120110631,3.129197945476097,0.7111813512445675,0.3318846305807982,0.8647606047937975,0.035471385849443975,0.0,0.0,0.0,0.0,0.0,0.0,0.0,0.0,0.0,0.0,0.0,0.0,0.0,0.0,0.0,0.0,0.0,0.0,0.0,0.0,0.013593112822836434,0.027186225645672867,0.1223380154055279,0.7612143180788377,3.7924784775713647,11.47258722247395,9.814227458087904,2.9904848210240154,0.7340280924331674,0.2718622564567286,0.4373,0.0163,0.0,0.0,0.0,0.0,0.0,0.0,0.0,0.0,0.0,0.0,0.0,0.37929672066376874,11.687080205452393,16.783879889371793,1.1497431845120507,0.0,0.0,0.0,0.0,0.0,0.0,0.0,0.0,0.0,0.0,0.0,0.0,0.0,0.0,0.0,0.4368,0.0158,0.0,0.0,0.0,0.0,0.0,0.0,0.0,0.0,0.0,0.0,0.0,0.3126415949252374,12.08427729950159,16.76030811055732,0.8427729950158588,0.0,0.0,0.0,0.0,0.0,0.0,0.0,0.0,0.0,0.0,0.0,0.0,0.0,0.0,0.0
87600,4892,2530,0.5171708912510221,1205,1016,0.45400654129190515,1361,0.5564186426819296,0.45799999999999996,2.9822184589331076,3.10357835969195,6.747678018575852,2.032198826321523,6649.800000000002,1.8189894035458565e-12,6649.8,6649.8,6649.800000000003,2.7284841053187847e-12,6649.8,0.0,27.626328699918233,20.703455263935805,32.541666666666664,18.98241514011473,0.13982011447260834,0.1026165167620605,0.08932951757972199,0.08973834832379395,0.08442354865085855,0.07706459525756337,0.06745707277187245,0.06929681112019624,0.05437448896156991,0.049672935404742435,0.04681112019623876,0.04006541291905151,0.029844644317252658,0.02064595257563369,0.022281275551921505,0.00919869174161897,0.007358953393295176,0.8630381434400454,0.03538415469429806,0.0,0.0,0.0,0.0,0.0,0.0,0.0,0.0,0.0,0.0,0.0,0.0,0.0,0.0,0.0,0.0,0.0,0.0,0.0,0.0,0.0061324611610793145,0.036794766966475885,0.23916598528209326,0.876941946034339,3.9860997547015544,11.259198691741622,9.92845461978741,2.7964022894521676,0.7174979558462798,0.15331152902698286,4.249601530124322,2.873574656138786,4.0,2.54195563720897,0.9412647213262322,4.236957888120679,2.837265137562707,4.2604233483001925,2.9076294897901707,1.005538280247086,0.4375,0.01622,0.0,0.0,0.0,0.0,0.0,0.0,0.0,0.0,0.0,0.0,0.0,0.30049059689288593,11.578086672117747,17.07277187244481,1.0486508585445626,0.0,0.0,0.0,0.0,0.0,0.0,0.0,0.0,0.0,0.0,0.0,0.0,0.0,0.0,0.0,nan,nan,4.248571428571428,2.872329322511862,nan,0.4375,0.0841,0.0,0.0,0.0,0.0,0.0,0.0,0.0,0.0,0.0,0.0,0.0,0.0,0.0,0.0,0.0,0.0,0.0,0.0,0.00010220768601798856,0.0007972199509403107,0.0,0.0,0.0024529844644317253,0.0,0.0007665576451349142,0.00032706459525756336,0.007737121831561733,0.0014411283728536387,0.01393090760425184,0.009801717089125103,0.016128372853638592,0.029885527391659852,0.03686631234668847,0.041455437448896154,0.018100981193785774,0.007307849550286181,0.030856500408830746,0.03634505314799673,0.06154946852003271,0.04783319705641864,0.02070727718724448,0.022914963205233032,0.01258176614881439,0.04051512673753066,0.012305805396565821,0.04704619787408013,0.07081970564186427,0.03614063777596075,0.05761447260834015,0.025756336876533115,0.05479354047424366,0.0652187244480785,0.03193990188062142,0.04037203597710548,0.03095870809484873,0.010578495502861815,0.010261651676206051,0.014084219133278822,0.0025858544562551104,0.003914554374488961,0.0005212591986917416,0.0011958299264104662,0.00019419460343417824,0.004405151267375306,0.016148814390842193,0.0018295175797219951,0.00012264922322158627,0.00016353229762878168,6.132461161079314e-05,0.00021463614063777596,0.0,0.0,0.0003475061324611611,0.0,0.0,0.0,0.0,0.0,0.0,0.0,0.0,0.0,0.0,0.0,0.0,0.0,0.0,0.0,0.0,0.0,0.0,0.0,0.0,0.0,0.0,0.0,0.0,0.0,0.0,0.0,0.0,nan,nan,4.248571428571428,2.872329322511862,nan,0.8629276359505333,0.035484184727841275,0.0,0.0,0.0,0.0,0.0,0.0,0.0,0.0,0.0,0.0,0.0,0.0,0.0,0.0,0.0,0.0,0.0,0.0,0.0,0.0,0.011857707509881426,0.0474308300395257,0.2371541501976285,0.9367588932806296,3.8656126482213446,11.169960474308303,10.150197628458502,2.727272727272728,0.723320158102767,0.13043478260869568,0.8631565109034093,0.035276311301082545,0.0,0.0,0.0,0.0,0.0,0.0,0.0,0.0,0.0,0.0,0.0,0.0,0.0,0.0,0.0,0.0,0.0,0.0,0.0,0.0,0.0,0.025402201524132098,0.2413209144792549,0.8128704487722245,4.1151566469094,11.354784081287049,9.690939881456394,2.870448772226927,0.7112616426756988,0.1778154106689247,0.4373,0.01628,0.0,0.0,0.0,0.0,0.0,0.0,0.0,0.0,0.0,0.0,0.0,0.33201581027667937,11.454545454545457,17.264822134387355,0.948616600790514,0.0,0.0,0.0,0.0,0.0,0.0,0.0,0.0,0.0,0.0,0.0,0.0,0.0,0.0,0.0,0.4377,0.01614,0.0,0.0,0.0,0.0,0.0,0.0,0.0,0.0,0.0,0.0,0.0,0.26672311600338655,11.710414902624898,16.86706181202371,1.1558001693480104,0.0,0.0,0.0,0.0,0.0,0.0,0.0,0.0,0.0,0.0,0.0,0.0,0.0,0.0,0.0
87700,4862,2397,0.493006993006993,1143,1070,0.4551624845742493,1401,0.5763060468942822,0.46199999999999997,2.982150101419878,3.033632610786309,6.476661951909477,2.000836077791751,6649.800000000001,9.094947017729282e-13,6649.8,6649.8,6649.800000000001,9.094947017729282e-13,6649.800000000001,9.094947017729282e-13,28.117441382147266,21.032451963003698,33.44477464091134,19.092947910603517,0.14808720691073632,0.0925545043192102,0.08679555738379267,0.08309337721102426,0.08515014397367339,0.07260386672151378,0.06951871657754011,0.06951871657754011,0.05820649938296997,0.05553270259152612,0.042986425339366516,0.03866721513780337,0.03311394487865076,0.027354997943233237,0.01727684080625257,0.011106540518305225,0.008432743726861374,0.8613721818185451,0.034228545497646194,0.0,0.0,0.0,0.0,0.0,0.0,0.0,0.0,0.0,0.0,0.0,0.0,0.0,0.0,0.0,0.0,0.0,0.0,0.0,0.0,0.0,0.03085150143973674,0.2036199095022625,0.8453311394487839,4.448786507610038,11.624845742492804,9.5392842451666,2.56067461949815,0.5985191279308927,0.14808720691073635,4.354807997461124,2.8023500055174804,4.384615384615385,2.7326645643587097,1.006844707544314,4.296507936507936,2.764230803040277,4.412838263058528,2.837887391257541,1.0270755525812298,0.4373,0.01587,0.0,0.0,0.0,0.0,0.0,0.0,0.0,0.0,0.0,0.0,0.0,0.28383381324557755,11.735911147675857,16.99917729329494,0.9810777457836283,0.0,0.0,0.0,0.0,0.0,0.0,0.0,0.0,0.0,0.0,0.0,0.0,0.0,0.0,0.0,nan,nan,4.354930467762326,2.802067881694324,nan,0.4373,0.084,0.0,0.0,0.0,0.0,0.0,0.0,0.0,0.0,0.0,0.0,0.0,0.0,0.0,0.0,0.0,0.0,0.0,0.0,6.170300287947346e-05,0.0007404360345536817,0.0,0.0,0.0029411764705882353,4.113533525298231e-05,0.0009563965446318387,0.00039078568490333196,0.008021390374331552,0.002190456602221308,0.012926779103249691,0.009574249280131633,0.014942410530645826,0.029144385026737968,0.0373200329082682,0.040991361579596874,0.015795968737145206,0.007579185520361991,0.030738379267791032,0.038502673796791446,0.06317359111476759,0.04660633484162896,0.021020156314273963,0.02460921431509667,0.012834224598930482,0.041227889757301524,0.013173591114767586,0.04928013163307281,0.07008432743726861,0.03687782805429864,0.05578979843685726,0.02638831756478815,0.055039078568490336,0.06395516248457425,0.03121143562320033,0.038759769642122584,0.031386260798025506,0.00949197860962567,0.009173179761415056,0.014603044014808721,0.0027766351295763062,0.004041546688605512,0.0004216371863430687,0.0010695187165775401,0.00014397367338543808,0.0046071575483340186,0.01642328259975319,0.0017379679144385028,0.0002365281777046483,0.00017482517482517483,0.00015425750719868367,0.00024681201151789385,0.0,0.0,0.0004216371863430687,0.0,0.0,0.0,0.0,0.0,0.0,0.0,0.0,0.0,0.0,0.0,0.0,0.0,0.0,0.0,0.0,0.0,0.0,0.0,0.0,0.0,0.0,0.0,0.0,0.0,0.0,0.0,0.0,nan,nan,4.354930467762326,2.802067881694324,nan,0.8620084319753253,0.03390297469468363,0.0,0.0,0.0,0.0,0.0,0.0,0.0,0.0,0.0,0.0,0.0,0.0,0.0,0.0,0.0,0.0,0.0,0.0,0.0,0.0,0.0,0.03754693366708386,0.21276595744680857,0.7634543178973694,4.430538172715895,11.376720901126411,9.737171464330414,2.8035043804755952,0.5131414267834794,0.12515644555694622,0.8607534833902277,0.034530951605273585,0.0,0.0,0.0,0.0,0.0,0.0,0.0,0.0,0.0,0.0,0.0,0.0,0.0,0.0,0.0,0.0,0.0,0.0,0.0,0.0,0.0,0.024340770791075057,0.19472616632860046,0.924949290060849,4.466531440162273,11.86612576064909,9.346855983772821,2.324543610547668,0.6815415821501016,0.1703853955375254,0.4368,0.01563,0.0,0.0,0.0,0.0,0.0,0.0,0.0,0.0,0.0,0.0,0.0,0.31289111389236496,11.814768460575722,17.108886107634547,0.763454317897372,0.0,0.0,0.0,0.0,0.0,0.0,0.0,0.0,0.0,0.0,0.0,0.0,0.0,0.0,0.0,0.4375,0.01607,0.0,0.0,0.0,0.0,0.0,0.0,0.0,0.0,0.0,0.0,0.0,0.25557809330628767,11.659229208924952,16.892494929006087,1.1926977687626776,0.0,0.0,0.0,0.0,0.0,0.0,0.0,0.0,0.0,0.0,0.0,0.0,0.0,0.0,0.0
87800,4796,2400,0.5004170141784821,1136,977,0.4405754795663053,1389,0.579232693911593,0.46599999999999997,2.962854757929883,2.9682300866035076,6.287921348314606,1.9964772780835247,6649.800000000001,9.094947017729282e-13,6649.8,6649.8,6649.800000000002,1.8189894035458565e-12,6649.800000000002,1.8189894035458565e-12,28.62468723936614,21.17435482212402,33.67617866004963,19.318593193232243,0.1396997497914929,0.09904086738949125,0.08694745621351126,0.08194328607172643,0.07923269391159299,0.07339449541284404,0.07276897414512093,0.05963302752293578,0.06109257714762302,0.048582151793160964,0.049416180150125104,0.04399499582985821,0.0389908256880734,0.028982485404503752,0.018557130942452045,0.01188490408673895,0.005838198498748957,0.8626046471042967,0.03560300216732095,0.0,0.0,0.0,0.0,0.0,0.0,0.0,0.0,0.0,0.0,0.0,0.0,0.0,0.0,0.0,0.0,0.0,0.0,0.0,0.0,0.0,0.025020850708924108,0.19391159299416186,0.9507923269391129,4.241034195162636,11.109257714762306,9.795663052543787,2.758548790658883,0.7130942452043372,0.21267723102585492,4.41312,2.7743777438553674,4.571428571428571,2.4411439272335804,1.035872256233361,4.4566878980891715,2.8009955892731124,4.370038412291933,2.745280876703585,0.9805574256536138,0.4387,0.01585,0.0,0.0,0.0,0.0,0.0,0.0,0.0,0.0,0.0,0.0,0.0,0.20642201834862353,10.859049207673063,17.746038365304422,1.188490408673895,0.0,0.0,0.0,0.0,0.0,0.0,0.0,0.0,0.0,0.0,0.0,0.0,0.0,0.0,0.0,nan,nan,4.413473818646232,2.7736876825673162,nan,0.4387,0.0838,0.0,0.0,0.0,0.0,0.0,0.0,0.0,0.0,0.0,0.0,0.0,0.0,0.0,0.0,0.0,0.0,0.0,0.0,0.0,0.00040658882402001665,0.0,0.0,0.003117180984153461,3.127606338615513e-05,0.0008965804837364471,0.000396163469557965,0.006922435362802335,0.00201209341117598,0.012155963302752294,0.009351542952460384,0.014282735613010843,0.028315262718932442,0.03654086738949124,0.03932443703085905,0.017285237698081733,0.008548790658882402,0.02908673894912427,0.039553794829024186,0.0664095079232694,0.041555462885738116,0.023019182652210174,0.02395746455379483,0.013042118432026689,0.03917848206839033,0.012708507089241034,0.0503023352793995,0.07017306088407006,0.03552960800667223,0.05414929107589658,0.029243119266055047,0.053648874061718095,0.06674311926605504,0.03121351125938282,0.03952251876563803,0.0329441201000834,0.010508757297748124,0.009038782318598832,0.015929941618015014,0.0027522935779816515,0.0045767306088407,0.00034403669724770644,0.0010738115095913262,0.00013552960800667223,0.004336947456213511,0.01622185154295246,0.0019182652210175146,0.00040658882402001665,8.340283569641368e-05,4.170141784820684e-05,0.000323185988323603,0.0,0.0,0.0007402001668056714,0.0,0.0,0.0,0.0,0.0,0.0,0.0,0.0,0.0,0.0,0.0,0.0,0.0,0.0,0.0,0.0,0.0,0.0,0.0,0.0,0.0,0.0,0.0,0.0,0.0,0.0,0.0,0.0,nan,nan,4.413473818646232,2.7736876825673162,nan,0.8633270421872536,0.03580018543580059,0.0,0.0,0.0,0.0,0.0,0.0,0.0,0.0,0.0,0.0,0.0,0.0,0.0,0.0,0.0,0.0,0.0,0.0,0.0,0.0,0.0,0.037500000000000006,0.18750000000000006,0.9374999999999971,4.1625000000000005,10.937500000000004,9.837500000000002,2.962500000000001,0.7125000000000002,0.22500000000000006,0.8618810460195319,0.03538960892674164,0.0,0.0,0.0,0.0,0.0,0.0,0.0,0.0,0.0,0.0,0.0,0.0,0.0,0.0,0.0,0.0,0.0,0.0,0.0,0.0,0.0,0.012520868113522541,0.20033388981636066,0.9641068447412323,4.319699499165276,11.281302170283809,9.753756260434058,2.554257095158598,0.7136894824707848,0.20033388981636066,0.439,0.01576,0.0,0.0,0.0,0.0,0.0,0.0,0.0,0.0,0.0,0.0,0.0,0.1999999999999997,10.637500000000003,17.937500000000004,1.225,0.0,0.0,0.0,0.0,0.0,0.0,0.0,0.0,0.0,0.0,0.0,0.0,0.0,0.0,0.0,0.4385,0.01596,0.0,0.0,0.0,0.0,0.0,0.0,0.0,0.0,0.0,0.0,0.0,0.21285475792988284,11.080968280467449,17.5542570951586,1.1519198664440737,0.0,0.0,0.0,0.0,0.0,0.0,0.0,0.0,0.0,0.0,0.0,0.0,0.0,0.0,0.0
87900,4993,2561,0.5129180853194473,1178,1062,0.44862807931103543,1421,0.5691968756258762,0.45399999999999996,3.0242598684210527,3.0390528754591988,6.4681159420289855,2.0372610736500167,6649.800000000002,1.8189894035458565e-12,6649.8,6649.8,6649.800000000002,1.8189894035458565e-12,6649.800000000001,9.094947017729282e-13,27.442219106749448,20.73735685181066,32.36976799808658,19.069431784289996,0.14179851792509512,0.10634888844382134,0.0935309433206489,0.08732225115161225,0.08291608251552172,0.07250150210294412,0.0666933707190066,0.06469056679351091,0.060684958942519525,0.05407570598838374,0.04366112557580613,0.03324654516322852,0.033647105948327656,0.02303224514320048,0.017023833366713398,0.01361906669337072,0.0052072902062888045,0.8629902044231705,0.03404671619987407,0.0,0.0,0.0,0.0,0.0,0.0,0.0,0.0,0.0,0.0,0.0,0.0,0.0,0.0,0.0,0.0,0.0,0.0,0.0,0.0,0.0,0.012016823552974166,0.16823552974163833,0.7210094131784476,4.199879831764471,11.674344081714404,9.571399959943923,2.7818946525135195,0.7089925896254758,0.16222711796515127,4.36755905511811,2.8714208715051934,4.4,1.3564659966250536,1.0074277060647583,4.374050632911392,2.8787673254176007,4.362726704190119,2.860922424311744,0.9974111116510473,0.4382,0.01622,0.0,0.0,0.0,0.0,0.0,0.0,0.0,0.0,0.0,0.0,0.0,0.2583617063889442,11.169637492489489,17.36431003404767,1.2076907670739037,0.0,0.0,0.0,0.0,0.0,0.0,0.0,0.0,0.0,0.0,0.0,0.0,0.0,0.0,0.0,nan,nan,4.367610062893082,2.8696669890116633,nan,0.4382,0.084,0.0,0.0,0.0,0.0,0.0,0.0,0.0,0.0,0.0,0.0,0.0,0.0,0.0,0.0,0.0,0.0,0.0,0.0,0.0,0.0007109953935509714,0.0,7.00981373923493e-05,0.003344682555577809,1.001401962747847e-05,0.001211696374924895,0.0006408972561586221,0.006228720208291608,0.0019527338273583016,0.011696374924894852,0.009403164430202284,0.013739234928900461,0.028770278389745645,0.03796314840777088,0.03894452233126377,0.01667334267975165,0.009393150410574804,0.028569997997196075,0.03926497095934308,0.06628279591427999,0.04550370518726217,0.02264169837772882,0.02452433406769477,0.013498898457840977,0.038323653114360104,0.013148407770879231,0.04765671940717004,0.06978770278389745,0.03397756859603445,0.05488684157820949,0.029020628880432605,0.052974163829361105,0.06573202483476867,0.031053474864810734,0.03785299419186862,0.03472862006809534,0.011636290807129981,0.008722211095533746,0.016743440817144,0.003024233927498498,0.005177248147406369,0.0004606449028640096,0.0014620468656118565,4.005607850991388e-05,0.003344682555577809,0.016222711796515122,0.0017824954936911676,0.00032044862807931103,0.0,1.001401962747847e-05,0.0003004205888243541,3.004205888243541e-05,0.0,0.0005407570598838374,0.0,0.0,0.0,0.0,0.0,0.0,0.0,0.0,0.0,0.0,0.0,0.0,0.0,0.0,0.0,0.0,0.0,0.0,0.0,0.0,0.0,0.0,0.0,0.0,0.0,0.0,0.0,0.0,nan,nan,4.367610062893082,2.8696669890116633,nan,0.8625798793055033,0.03377735807542913,0.0,0.0,0.0,0.0,0.0,0.0,0.0,0.0,0.0,0.0,0.0,0.0,0.0,0.0,0.0,0.0,0.0,0.0,0.0,0.0,0.0,0.011714174150722376,0.1991409605622804,0.7379929714955072,4.064818430300664,11.843030066380322,9.839906286606798,2.4014057008980876,0.714564623194065,0.18742678641155802,0.8634222943188721,0.03432277504552094,0.0,0.0,0.0,0.0,0.0,0.0,0.0,0.0,0.0,0.0,0.0,0.0,0.0,0.0,0.0,0.0,0.0,0.0,0.0,0.0,0.0,0.012335526315789477,0.13569078947368424,0.7031249999999979,4.342105263157896,11.496710526315793,9.288651315789474,3.182565789473685,0.7031250000000002,0.13569078947368424,0.438,0.01611,0.0,0.0,0.0,0.0,0.0,0.0,0.0,0.0,0.0,0.0,0.0,0.28114017961733656,10.976181179226867,17.6415462709879,1.1011323701679034,0.0,0.0,0.0,0.0,0.0,0.0,0.0,0.0,0.0,0.0,0.0,0.0,0.0,0.0,0.0,0.4385,0.01634,0.0,0.0,0.0,0.0,0.0,0.0,0.0,0.0,0.0,0.0,0.0,0.23437499999999967,11.373355263157897,17.072368421052634,1.3199013157894741,0.0,0.0,0.0,0.0,0.0,0.0,0.0,0.0,0.0,0.0,0.0,0.0,0.0,0.0,0.0
88000,4719,2451,0.5193897012078831,1139,932,0.4388641661368934,1324,0.5611358338631066,0.44999999999999996,2.9832451499118164,3.0315335171287012,6.242199108469539,2.1384200557417645,6649.8,0.0,6649.8,6649.8,6649.800000000001,9.094947017729282e-13,6649.800000000002,1.8189894035458565e-12,27.89828353464717,21.02483005219286,32.97565305604869,19.27797421419166,0.14282687009959738,0.10447128628946811,0.09408773045136681,0.08561135833863107,0.0743801652892562,0.0675990675990676,0.0707777071413435,0.0644204280567917,0.06102987921169739,0.05446069082432719,0.049162958253867343,0.03454121635939818,0.03454121635939818,0.026064844246662427,0.016952744225471498,0.01250264886628523,0.0065691883873702055,0.8651104418497314,0.033346017040434675,0.0,0.0,0.0,0.0,0.0,0.0,0.0,0.0,0.0,0.0,0.0,0.0,0.0,0.0,0.0,0.0,0.0,0.0,0.0,0.0,0.0,0.025429116338207252,0.1525746980292435,0.6484424666242827,3.3566433566433576,11.665607120152577,10.324221233312144,3.0133502860775594,0.6738715829624923,0.13986013986013987,4.3152463382157125,2.808730783542159,3.4444444444444446,2.4993826398226653,0.7982034337044751,4.211654387139987,2.8009563496506336,4.411842105263158,2.8118858209049127,1.0475318484665863,0.438,0.01596,0.0,0.0,0.0,0.0,0.0,0.0,0.0,0.0,0.0,0.0,0.0,0.2606484424666239,11.513032422123334,17.177368086458998,1.0489510489510492,0.0,0.0,0.0,0.0,0.0,0.0,0.0,0.0,0.0,0.0,0.0,0.0,0.0,0.0,0.0,nan,nan,4.3126452041154995,2.8082596052588826,nan,0.438,0.08356,0.0,0.0,0.0,0.0,0.0,0.0,0.0,0.0,0.0,0.0,0.0,0.0,0.0,0.0,0.0,0.0,0.0,0.0,0.0,0.0008264462809917355,0.0,1.0595465140919687e-05,0.0026382708200890018,0.0,0.0013456240728968003,0.0010701419792328883,0.0059228650137741045,0.0015999152362788727,0.011527866073320618,0.009853782581055308,0.014346259800805256,0.027527018436109347,0.03961644416189871,0.040824327187963555,0.015977961432506887,0.009260436533163805,0.0270184361093452,0.03931977113795296,0.06653952108497563,0.04452214452214452,0.02326764144945963,0.025799957618139437,0.013307904216995126,0.039351557533375714,0.012121212121212121,0.04729815638906548,0.07237762237762238,0.03462598008052554,0.055594405594405594,0.028300487391396484,0.050773468955287136,0.0647488874761602,0.028427632973087518,0.042614960796778976,0.0353040898495444,0.010553083280356007,0.007554566645475737,0.01717524899343081,0.0026382708200890018,0.005827505827505828,0.000540368722186904,0.00101716465352829,7.41682559864378e-05,0.002807798262343717,0.015787243059970334,0.0012078830260648442,0.00033905488450943,4.238186056367875e-05,0.0,8.47637211273575e-05,3.178639542275906e-05,0.0,0.0006569188387370205,0.0,0.0,0.0,0.0,0.0,0.0,0.0,0.0,0.0,0.0,0.0,0.0,0.0,0.0,0.0,0.0,0.0,0.0,0.0,0.0,0.0,0.0,0.0,0.0,0.0,0.0,0.0,0.0,nan,nan,4.3126452041154995,2.8082596052588826,nan,0.8649853025587759,0.03325442112050355,0.0,0.0,0.0,0.0,0.0,0.0,0.0,0.0,0.0,0.0,0.0,0.0,0.0,0.0,0.0,0.0,0.0,0.0,0.0,0.0,0.0,0.024479804161566712,0.171358629130967,0.6487148102815157,3.35373317013464,11.542227662178705,10.563035495716036,2.913096695226439,0.6487148102815179,0.13463892288861692,0.8652456783586078,0.03344419517364912,0.0,0.0,0.0,0.0,0.0,0.0,0.0,0.0,0.0,0.0,0.0,0.0,0.0,0.0,0.0,0.0,0.0,0.0,0.0,0.0,0.0,0.02645502645502646,0.1322751322751323,0.6481481481481461,3.3597883597883604,11.798941798941803,10.066137566137568,3.1216931216931223,0.7010582010582013,0.14550264550264552,0.4375,0.01598,0.0,0.0,0.0,0.0,0.0,0.0,0.0,0.0,0.0,0.0,0.0,0.3059975520195834,11.860465116279073,16.915544675642597,0.9179926560587517,0.0,0.0,0.0,0.0,0.0,0.0,0.0,0.0,0.0,0.0,0.0,0.0,0.0,0.0,0.0,0.4385,0.01595,0.0,0.0,0.0,0.0,0.0,0.0,0.0,0.0,0.0,0.0,0.0,0.21164021164021135,11.137566137566141,17.460317460317462,1.1904761904761907,0.0,0.0,0.0,0.0,0.0,0.0,0.0,0.0,0.0,0.0,0.0,0.0,0.0,0.0,0.0
88100,4580,2368,0.5170305676855895,1134,938,0.4524017467248908,1323,0.5777292576419214,0.46199999999999997,3.0971971066907775,3.111265668599591,6.63020030816641,2.0004807103187416,6649.800000000002,1.8189894035458565e-12,6649.8,6649.8,6649.800000000001,9.094947017729282e-13,6649.800000000001,9.094947017729282e-13,28.612008733624453,20.97904724900314,33.56432824229873,19.094366013808095,0.13995633187772927,0.09388646288209607,0.08711790393013101,0.0814410480349345,0.07882096069868996,0.07423580786026202,0.07117903930131005,0.06550218340611354,0.062882096069869,0.05414847161572053,0.05283842794759825,0.041703056768558955,0.034934497816593885,0.024672489082969432,0.019868995633187773,0.00960698689956332,0.007205240174672489,0.8625404077716269,0.03355817871226692,0.0,0.0,0.0,0.0,0.0,0.0,0.0,0.0,0.0,0.0,0.0,0.0,0.0,0.0,0.0,0.0,0.0,0.0,0.0,0.0,0.0,0.019650655021834065,0.20960698689956336,0.7598253275109147,3.989082969432315,11.534934497816597,10.126637554585155,2.6528384279475987,0.6288209606986901,0.07860262008733626,4.349100599600266,2.8606395586913442,4.9,2.808914381037628,1.126669730392157,4.366112956810631,2.848240321806142,4.335766423357664,2.8728995026990605,0.9930495308405547,0.4385,0.0158,0.0,0.0,0.0,0.0,0.0,0.0,0.0,0.0,0.0,0.0,0.0,0.26200873362445376,10.945414847161576,17.68558951965066,1.106986899563319,0.0,0.0,0.0,0.0,0.0,0.0,0.0,0.0,0.0,0.0,0.0,0.0,0.0,0.0,0.0,nan,nan,4.350929614873838,2.8606449112846826,nan,0.4385,0.0835,0.0,0.0,0.0,0.0,0.0,0.0,0.0,0.0,0.0,0.0,0.0,0.0,0.0,0.0,0.0,0.0,0.0,0.0,0.0,0.0006331877729257642,0.0,0.0,0.003056768558951965,3.275109170305677e-05,0.002445414847161572,0.0005458515283842794,0.005010917030567686,0.0008624454148471616,0.01146288209606987,0.00898471615720524,0.014465065502183407,0.028602620087336245,0.03662663755458515,0.04254366812227074,0.01661572052401747,0.010109170305676856,0.025218340611353713,0.039334061135371176,0.06679039301310044,0.04437772925764192,0.02296943231441048,0.02534934497816594,0.014224890829694322,0.03973799126637555,0.01341703056768559,0.045,0.0723471615720524,0.03593886462882096,0.05519650655021834,0.02789301310043668,0.049519650655021834,0.06597161572052401,0.02787117903930131,0.045491266375545854,0.033078602620087334,0.01054585152838428,0.01,0.016550218340611354,0.0024344978165938866,0.005938864628820961,0.0003165938864628821,0.0009170305676855895,0.00012008733624454149,0.002980349344978166,0.015698689956331877,0.0013318777292576419,0.0006222707423580786,9.82532751091703e-05,0.0,0.00022925764192139738,1.0917030567685589e-05,0.0,0.00048034934497816597,0.0,0.0,0.0,0.0,0.0,0.0,0.0,0.0,0.0,0.0,0.0,0.0,0.0,0.0,0.0,0.0,0.0,0.0,0.0,0.0,0.0,0.0,0.0,0.0,0.0,0.0,0.0,0.0,nan,nan,4.350929614873838,2.8606449112846826,nan,0.8633668502238957,0.03392932522081015,0.0,0.0,0.0,0.0,0.0,0.0,0.0,0.0,0.0,0.0,0.0,0.0,0.0,0.0,0.0,0.0,0.0,0.0,0.0,0.0,0.0,0.012668918918918921,0.1773648648648649,0.848817567567565,3.8386824324324333,11.199324324324328,10.45185810810811,2.7364864864864873,0.6081081081081082,0.1266891891891892,0.861655680951115,0.03313341533450185,0.0,0.0,0.0,0.0,0.0,0.0,0.0,0.0,0.0,0.0,0.0,0.0,0.0,0.0,0.0,0.0,0.0,0.0,0.0,0.0,0.0,0.027124773960217004,0.24412296564195304,0.6645569620253144,4.150090415913201,11.894213381555158,9.77848101265823,2.5632911392405067,0.6509945750452081,0.027124773960217004,0.4385,0.01582,0.0,0.0,0.0,0.0,0.0,0.0,0.0,0.0,0.0,0.0,0.0,0.2913851351351347,10.869932432432435,17.660472972972975,1.1782094594594597,0.0,0.0,0.0,0.0,0.0,0.0,0.0,0.0,0.0,0.0,0.0,0.0,0.0,0.0,0.0,0.4382,0.01576,0.0,0.0,0.0,0.0,0.0,0.0,0.0,0.0,0.0,0.0,0.0,0.23056057866184415,11.026220614828212,17.712477396021704,1.0307414104882462,0.0,0.0,0.0,0.0,0.0,0.0,0.0,0.0,0.0,0.0,0.0,0.0,0.0,0.0,0.0
88200,4643,2438,0.5250915356450571,1184,918,0.4527245315528753,1272,0.5479216024122334,0.46199999999999997,3.0630385487528344,3.0781386755630398,6.513097072419106,2.0607636454953866,6649.800000000001,9.094947017729282e-13,6649.8,6649.8,6649.800000000001,9.094947017729282e-13,6649.800000000001,9.094947017729282e-13,27.982554382942062,20.77886599931094,32.84943762781186,19.01127315150676,0.13891880249838467,0.09692009476631488,0.09368942494077105,0.0833512814990308,0.07732069782468232,0.08033598966185655,0.07538229592935602,0.06418264053413741,0.06095197070859358,0.05276760715054921,0.046737023476200734,0.03919879388326513,0.03122980831359035,0.02369157872065475,0.015291837174240793,0.011415033383588197,0.008615119534783545,0.8625510667717305,0.033161989148635204,0.0,0.0,0.0,0.0,0.0,0.0,0.0,0.0,0.0,0.0,0.0,0.0,0.0,0.0,0.0,0.0,0.0,0.0,0.0,0.0,0.0,0.01292267930217532,0.15507215162610383,0.7301313805729032,4.006030583674349,12.01163041137196,9.840620288606505,2.4940771053198367,0.5492138703424511,0.20030152918371746,4.335666666666667,2.9074034043378907,3.5,2.692582403567252,0.8072576305066503,4.349163879598662,2.882508250803949,4.317911434236616,2.931255164737656,0.99281414859793,0.437,0.01572,0.0,0.0,0.0,0.0,0.0,0.0,0.0,0.0,0.0,0.0,0.0,0.2972216239500319,11.707947447770842,17.213008830497525,0.7818220977816069,0.0,0.0,0.0,0.0,0.0,0.0,0.0,0.0,0.0,0.0,0.0,0.0,0.0,0.0,0.0,nan,nan,4.33344414893617,2.907171726325905,nan,0.437,0.08417,0.0,0.0,0.0,0.0,0.0,0.0,0.0,0.0,0.0,0.0,0.0,0.0,0.0,0.0,0.0,0.0,0.0,0.0,0.0,0.0008076674563859573,0.0,0.0,0.003822959293560198,6.46133965108766e-05,0.0029829851389188023,0.0005061382726685333,0.0056321343958647425,0.001023045444755546,0.013008830497523154,0.010262761145810899,0.013848804652164549,0.029485246607796684,0.03510661210424294,0.04542321774714624,0.016217962524230023,0.01004738315744131,0.026459185871203963,0.037841912556536725,0.06829636011199655,0.04041567951755331,0.02362696532414387,0.02503769114796468,0.01438724962308852,0.03919879388326513,0.013859573551583028,0.04755545983200517,0.07169933232823605,0.03489123411587336,0.05414602627611458,0.027374542321774716,0.052153779883695885,0.06654102950678441,0.02782683609735085,0.04186948093904803,0.030422140857204395,0.010025845358604351,0.009024337712685763,0.017327159164333406,0.0019599396941632563,0.007075166917940986,0.0005922894680163687,0.0008615119534783546,0.0002584535860435064,0.0026060736592720224,0.016271807021322422,0.0009907387465001077,0.0006784406633642042,1.0768899418479431e-05,0.0,0.00022614688778806806,0.0,0.0,0.00024768468662502693,0.0,0.0,0.0,0.0,0.0,0.0,0.0,0.0,0.0,0.0,0.0,0.0,0.0,0.0,0.0,0.0,0.0,0.0,0.0,0.0,0.0,0.0,0.0,0.0,0.0,0.0,0.0,0.0,nan,nan,4.33344414893617,2.907171726325905,nan,0.8625991587222258,0.03227308079189853,0.0,0.0,0.0,0.0,0.0,0.0,0.0,0.0,0.0,0.0,0.0,0.0,0.0,0.0,0.0,0.0,0.0,0.0,0.0,0.0,0.0,0.0,0.13535684987694835,0.7136997538966343,4.06070549630845,11.886792452830191,10.065627563576705,2.5471698113207553,0.44298605414274006,0.14766201804758,0.8624978929960809,0.03411779940355214,0.0,0.0,0.0,0.0,0.0,0.0,0.0,0.0,0.0,0.0,0.0,0.0,0.0,0.0,0.0,0.0,0.0,0.0,0.0,0.0,0.0,0.027210884353741503,0.17687074829931979,0.7482993197278888,3.945578231292518,12.149659863945582,9.59183673469388,2.4353741496598644,0.6666666666666667,0.2585034013605443,0.437,0.01585,0.0,0.0,0.0,0.0,0.0,0.0,0.0,0.0,0.0,0.0,0.0,0.27071369975389625,11.923707957342087,17.018047579983595,0.7875307629204268,0.0,0.0,0.0,0.0,0.0,0.0,0.0,0.0,0.0,0.0,0.0,0.0,0.0,0.0,0.0,0.437,0.015564,0.0,0.0,0.0,0.0,0.0,0.0,0.0,0.0,0.0,0.0,0.0,0.3265306122448975,11.469387755102044,17.42857142857143,0.7755102040816328,0.0,0.0,0.0,0.0,0.0,0.0,0.0,0.0,0.0,0.0,0.0,0.0,0.0,0.0,0.0
88300,4565,2335,0.511500547645126,1095,951,0.44819277108433736,1310,0.5739320920043811,0.49,3.088340807174888,3.159695511028791,6.680379746835443,2.18938633274719,6649.800000000002,1.8189894035458565e-12,6649.8,6649.8,6649.800000000002,1.8189894035458565e-12,6649.800000000002,1.8189894035458565e-12,27.478203723986855,20.67923850116511,32.67369530838165,18.817367360738228,0.15136911281489596,0.09244249726177436,0.09178532311062432,0.08784227820372399,0.08455640744797371,0.07491785323110624,0.07163198247535597,0.05783132530120482,0.05739320920043812,0.05761226725082147,0.04403066812705367,0.040525739320920046,0.03132530120481928,0.023658269441401973,0.01664841182913472,0.01117196056955093,0.005257393209200438,0.8612848675916908,0.03455185092390296,0.0,0.0,0.0,0.0,0.0,0.0,0.0,0.0,0.0,0.0,0.0,0.0,0.0,0.0,0.0,0.0,0.0,0.0,0.0,0.006571741511500549,0.0,0.026286966046002197,0.24972617743702086,0.7820372398685628,4.350492880613364,11.769989047097484,9.5947426067908,2.490690032858708,0.5323110624315445,0.1971522453450165,4.432876712328767,2.9232677715618536,4.0,2.449489742783178,0.9023485784919655,4.491825613079019,2.9644696521238068,4.368240930869268,2.87664322342941,0.9724867586466615,0.437,0.01548,0.0,0.0,0.0,0.0,0.0,0.0,0.0,0.0,0.0,0.0,0.0,0.24972617743702047,12.059145673603508,16.99452354874042,0.6966046002190582,0.0,0.0,0.0,0.0,0.0,0.0,0.0,0.0,0.0,0.0,0.0,0.0,0.0,0.0,0.0,nan,nan,4.431399317406143,2.9218905039368126,nan,0.437,0.08325,0.0,0.0,0.0,0.0,0.0,0.0,0.0,0.0,0.0,0.0,0.0,0.0,0.0,0.0,0.0,0.0,0.0,0.0,0.0,0.0007228915662650603,0.0,0.0,0.0036363636363636364,6.571741511500547e-05,0.00276013143483023,0.0003176341730558598,0.0045345016429353775,0.0010186199342825848,0.012146768893756845,0.008313253012048192,0.015366922234392113,0.03090909090909091,0.032059145673603504,0.04478641840087623,0.018116100766703176,0.009868565169769989,0.02723986856516977,0.03775465498357065,0.068039430449069,0.04363636363636364,0.02257393209200438,0.025005476451259584,0.014720700985761226,0.038335158817086525,0.014359255202628696,0.04909090909090909,0.07373493975903614,0.03463307776560789,0.05512595837897043,0.027228915662650604,0.05403066812705367,0.06548740416210296,0.02728368017524644,0.042727272727272725,0.028083242059145672,0.010427163198247536,0.00791894852135816,0.016955093099671414,0.0018838992332968236,0.006210295728368017,0.0005366922234392114,0.0011391018619934282,0.00018619934282584886,0.002092004381161008,0.0163855421686747,0.0015005476451259584,0.0004709748083242059,0.0,0.0,0.0001642935377875137,1.095290251916758e-05,0.0,0.00040525739320920046,0.0,0.0,0.0,0.0,0.0,0.0,0.0,0.0,0.0,0.0,0.0,0.0,0.0,0.0,0.0,0.0,0.0,0.0,0.0,0.0,0.0,0.0,0.0,0.0,0.0,0.0,0.0,0.0,nan,nan,4.431399317406143,2.9218905039368126,nan,0.8608678086156253,0.034854762284566784,0.0,0.0,0.0,0.0,0.0,0.0,0.0,0.0,0.0,0.0,0.0,0.0,0.0,0.0,0.0,0.0,0.0,0.0,0.0,0.012847965738758033,0.0,0.025695931477516067,0.26980728051391867,0.7965738758029954,4.612419700214134,11.473233404710923,9.700214132762314,2.453961456102784,0.4882226980728052,0.16702355460385443,0.8617215638738042,0.03422635822228553,0.0,0.0,0.0,0.0,0.0,0.0,0.0,0.0,0.0,0.0,0.0,0.0,0.0,0.0,0.0,0.0,0.0,0.0,0.0,0.0,0.0,0.02690582959641256,0.22869955156950678,0.7668161434977555,4.076233183856503,12.08071748878924,9.484304932735428,2.5291479820627805,0.5784753363228701,0.22869955156950678,0.437,0.015396,0.0,0.0,0.0,0.0,0.0,0.0,0.0,0.0,0.0,0.0,0.0,0.2698072805139182,12.102783725910067,16.933618843683085,0.6937901498929339,0.0,0.0,0.0,0.0,0.0,0.0,0.0,0.0,0.0,0.0,0.0,0.0,0.0,0.0,0.0,0.4373,0.01556,0.0,0.0,0.0,0.0,0.0,0.0,0.0,0.0,0.0,0.0,0.0,0.2286995515695064,12.01345291479821,17.058295964125563,0.6995515695067267,0.0,0.0,0.0,0.0,0.0,0.0,0.0,0.0,0.0,0.0,0.0,0.0,0.0,0.0,0.0
88400,5004,2513,0.5021982414068745,1153,1076,0.44544364508393286,1412,0.5643485211830536,0.46599999999999997,2.9706945002007226,3.0745364311984043,6.6006006006006,2.09595626679374,6649.800000000002,1.8189894035458565e-12,6649.8,6649.8,6649.800000000002,1.8189894035458565e-12,6649.800000000002,1.8189894035458565e-12,27.449840127897684,20.8543367021584,32.519769949676494,19.13399231391493,0.14568345323741008,0.10711430855315747,0.09392486011191047,0.08133493205435652,0.07753796962430055,0.07553956834532374,0.06914468425259793,0.06774580335731414,0.05855315747402078,0.04696243005595523,0.046163069544364506,0.04196642685851319,0.029176658673061552,0.02378097521982414,0.01938449240607514,0.009992006394884092,0.005995203836930456,0.8623024848796766,0.03503913319683642,0.0,0.0,0.0,0.0,0.0,0.0,0.0,0.0,0.0,0.0,0.0,0.0,0.0,0.0,0.0,0.0,0.0,0.0,0.0,0.0,0.0,0.011990407673860915,0.16187050359712235,0.8932853717026351,4.118705035971224,11.918465227817748,9.418465227817748,2.5899280575539576,0.6534772182254198,0.23381294964028781,4.38985736925515,2.8200367216037656,5.142857142857143,2.641891715558133,1.171531717380093,4.397452229299363,2.8151082169599926,4.385678391959799,2.8245595408994046,0.9973225775458987,0.4375,0.01524,0.0,0.0,0.0,0.0,0.0,0.0,0.0,0.0,0.0,0.0,0.0,0.29376498800959194,11.564748201438851,17.37410071942446,0.7673860911270985,0.0,0.0,0.0,0.0,0.0,0.0,0.0,0.0,0.0,0.0,0.0,0.0,0.0,0.0,0.0,nan,nan,4.391524351676154,2.8198768624692145,nan,0.4375,0.0834,0.0,0.0,0.0,0.0,0.0,0.0,0.0,0.0,0.0,0.0,0.0,0.0,0.0,0.0,0.0,0.0,0.0,0.0,0.0,0.0010491606714628297,0.0,0.0,0.0035671462829736213,3.9968025579536374e-05,0.0022482014388489208,0.00033972821742605917,0.005465627498001599,0.0008992805755395684,0.011161071143085531,0.008053557154276579,0.016846522781774582,0.030645483613109512,0.03149480415667466,0.042346123101518786,0.019784172661870502,0.009172661870503597,0.027867705835331734,0.03733013589128697,0.06687649880095924,0.04486410871302958,0.023481215027977616,0.027008393285371704,0.014848121502797762,0.034852118305355714,0.01298960831334932,0.051818545163868905,0.07369104716227018,0.03273381294964029,0.05265787370103917,0.027967625899280577,0.05352717825739409,0.07019384492406075,0.027358113509192646,0.0441546762589928,0.025519584332533974,0.010721422861710631,0.007264188649080736,0.017126298960831336,0.0011690647482014388,0.007553956834532374,0.0009192645883293366,0.0011191047162270183,0.0002697841726618705,0.0026179056754596325,0.0155775379696243,0.0016986410871302957,0.0006494804156674661,0.0,0.0,0.00020983213429256594,3.9968025579536374e-05,0.0,0.00020983213429256594,0.0,0.0,0.0,0.0,0.0,0.0,0.0,0.0,0.0,0.0,0.0,0.0,0.0,0.0,0.0,0.0,0.0,0.0,0.0,0.0,0.0,0.0,0.0,0.0,0.0,0.0,0.0,0.0,nan,nan,4.391524351676154,2.8198768624692145,nan,0.8618214410991721,0.03552340164333222,0.0,0.0,0.0,0.0,0.0,0.0,0.0,0.0,0.0,0.0,0.0,0.0,0.0,0.0,0.0,0.0,0.0,0.0,0.0,0.0,0.0,0.023875845602865108,0.17906884202148832,0.9669717469160335,4.202148826104259,11.854357341822526,9.323517707918823,2.4950258654994037,0.7043374452845207,0.2506963788300836,0.8627877771399769,0.034536920788641096,0.0,0.0,0.0,0.0,0.0,0.0,0.0,0.0,0.0,0.0,0.0,0.0,0.0,0.0,0.0,0.0,0.0,0.0,0.0,0.0,0.0,0.0,0.14452027298273787,0.8189482135688453,4.034524287434766,11.98313930148535,9.514251304696911,2.685668406262546,0.6021678040947411,0.21678040947410682,0.4375,0.01506,0.0,0.0,0.0,0.0,0.0,0.0,0.0,0.0,0.0,0.0,0.0,0.3103859928372459,11.567847194588145,17.39355352168723,0.7282132908873857,0.0,0.0,0.0,0.0,0.0,0.0,0.0,0.0,0.0,0.0,0.0,0.0,0.0,0.0,0.0,0.4375,0.015434,0.0,0.0,0.0,0.0,0.0,0.0,0.0,0.0,0.0,0.0,0.0,0.27699718988358046,11.56162183861903,17.354476114010442,0.8069048574869532,0.0,0.0,0.0,0.0,0.0,0.0,0.0,0.0,0.0,0.0,0.0,0.0,0.0,0.0,0.0
88500,4934,2536,0.5139845966761248,1148,1051,0.4456830158086745,1413,0.5727604377786786,0.46599999999999997,2.9833194328607173,3.070028700310735,6.604327666151469,2.0415725227351045,6649.800000000001,9.094947017729282e-13,6649.8,6649.8,6649.800000000002,1.8189894035458565e-12,6649.800000000001,9.094947017729282e-13,27.475476286988243,20.840538299415133,32.65601366186875,19.067380805935166,0.14754762869882448,0.10417511147142278,0.09667612484799351,0.0790433725172274,0.08025942440210783,0.07417916497770571,0.06526145115524928,0.0658694770976895,0.06059991892987434,0.05249290636400487,0.04519659505472234,0.035873530603972435,0.034049452776651806,0.023307661126874747,0.017430077016619375,0.011957843534657479,0.006080259424402107,0.8629540452166613,0.03423643936474465,0.0,0.0,0.0,0.0,0.0,0.0,0.0,0.0,0.0,0.0,0.0,0.0,0.0,0.0,0.0,0.0,0.0,0.0,0.0,0.0,0.0,0.05472233481961898,0.16416700445885696,0.7904337251722715,4.067693554925011,11.169436562626675,10.354681799756792,2.675314146736928,0.559383867044994,0.16416700445885696,4.427196921103271,2.8498322481430844,4.454545454545454,1.8763424945954812,1.006177392587129,4.366412213740458,2.8075401207864115,4.488760436737316,2.8849768454208746,1.0280203098122174,0.4373,0.01554,0.0,0.0,0.0,0.0,0.0,0.0,0.0,0.0,0.0,0.0,0.0,0.27969193352249655,11.668017835427648,17.21929468990677,0.8329955411430889,0.0,0.0,0.0,0.0,0.0,0.0,0.0,0.0,0.0,0.0,0.0,0.0,0.0,0.0,0.0,nan,nan,4.427293064876958,2.8469935122665215,nan,0.4373,0.0836,0.0,0.0,0.0,0.0,0.0,0.0,0.0,0.0,0.0,0.0,0.0,0.0,0.0,0.0,0.0,0.0,0.0,0.0,1.0133765707336847e-05,0.0008917713822456424,0.0,0.0,0.003688690717470612,4.053506282934739e-05,0.0024017024726388325,0.00024321037697608432,0.005938386704499392,0.0012869882448317794,0.010458046209971626,0.008248885285772193,0.01863599513579246,0.030776246453182002,0.029914876368058372,0.03968382650993109,0.020186461289015,0.009920956627482772,0.027969193352249695,0.036897040940413454,0.06828131333603567,0.04588569112282124,0.02507093635995136,0.02619578435346575,0.01391366031617349,0.035012160518848805,0.012444264288609647,0.0534657478719092,0.07331779489258208,0.03146534252128091,0.05304012971220105,0.026925415484394002,0.05113498175922173,0.07164572355087151,0.027290231049858126,0.04389947304418322,0.027239562221321442,0.00899878394811512,0.006840291852452371,0.017237535468179976,0.0009525739764896636,0.008694770976895014,0.0008107012565869477,0.0010336441021483584,0.0003749493311714633,0.0026854479124442643,0.015535062829347385,0.0016822051074179166,0.001064045399270369,0.0,0.0,6.080259424402108e-05,0.00019254154843940008,0.0,0.0004154843940008107,0.0,0.0,0.0,0.0,0.0,0.0,0.0,0.0,0.0,0.0,0.0,0.0,0.0,0.0,0.0,0.0,0.0,0.0,0.0,0.0,0.0,0.0,0.0,0.0,0.0,0.0,0.0,0.0,nan,nan,4.427293064876958,2.8469935122665215,nan,0.8620685607852996,0.034749472973914945,0.0,0.0,0.0,0.0,0.0,0.0,0.0,0.0,0.0,0.0,0.0,0.0,0.0,0.0,0.0,0.0,0.0,0.0,0.0,0.0,0.0,0.07097791798107257,0.17744479495268142,0.9108832807570949,3.891955835962146,11.640378548895901,9.948738170347006,2.626182965299685,0.5441640378548896,0.18927444794952686,0.8638904874676759,0.033660047788310894,0.0,0.0,0.0,0.0,0.0,0.0,0.0,0.0,0.0,0.0,0.0,0.0,0.0,0.0,0.0,0.0,0.0,0.0,0.0,0.0,0.0,0.03753127606338616,0.15012510425354464,0.6630525437864867,4.253544620517098,10.671392827356133,10.783986655546292,2.727272727272728,0.5754795663052544,0.1376146788990826,0.4373,0.01533,0.0,0.0,0.0,0.0,0.0,0.0,0.0,0.0,0.0,0.0,0.0,0.2957413249211352,11.675867507886439,17.294952681388015,0.7334384858044166,0.0,0.0,0.0,0.0,0.0,0.0,0.0,0.0,0.0,0.0,0.0,0.0,0.0,0.0,0.0,0.4373,0.01576,0.0,0.0,0.0,0.0,0.0,0.0,0.0,0.0,0.0,0.0,0.0,0.2627189324437027,11.659716430358635,17.139282735613016,0.9382819015846541,0.0,0.0,0.0,0.0,0.0,0.0,0.0,0.0,0.0,0.0,0.0,0.0,0.0,0.0,0.0
88600,4873,2458,0.504412066488816,1146,1042,0.44900471988508106,1403,0.5758259798891853,0.44999999999999996,2.9478260869565216,3.0164096469412196,6.491827637444279,2.0215058647888817,6649.800000000001,9.094947017729282e-13,6649.8,6649.8,6649.800000000001,9.094947017729282e-13,6649.800000000001,9.094947017729282e-13,27.80402216293864,20.85764164752512,32.86005401424012,19.08220828196534,0.14118612764210958,0.10281140980915247,0.08906217935563308,0.08803611738148984,0.07982762158834393,0.0788015596142007,0.06813051508311102,0.06197414323825159,0.0615637184485943,0.05191873589164785,0.03857993022778576,0.04247896572953006,0.03406525754155551,0.025651549353580955,0.02011081469320747,0.009439770162117792,0.0063615842396880775,0.8615956370061901,0.0347389438527276,0.0,0.0,0.0,0.0,0.0,0.0,0.0,0.0,0.0,0.0,0.0,0.0,0.0,0.0,0.0,0.0,0.0,0.0,0.0,0.0,0.0,0.018469115534578293,0.16622203981120465,0.9111430330391928,4.377180381695055,11.770982967371232,9.29612148573774,2.6595526369792744,0.6033244407962242,0.19700389903550178,4.284203780839475,2.7448890052021504,4.0,2.898275349237888,0.9336624037095206,4.294462540716612,2.70996507442861,4.272955974842767,2.7794774753175524,0.9949920238749466,0.4373,0.015205,0.0,0.0,0.0,0.0,0.0,0.0,0.0,0.0,0.0,0.0,0.0,0.19700389903550147,11.487789862507698,17.53334701415966,0.7818592242971477,0.0,0.0,0.0,0.0,0.0,0.0,0.0,0.0,0.0,0.0,0.0,0.0,0.0,0.0,0.0,nan,nan,4.283749200255918,2.745164681704517,nan,0.4373,0.0833,0.0,0.0,0.0,0.0,0.0,0.0,0.0,0.0,0.0,0.0,0.0,0.0,0.0,0.0,0.0,0.0,0.0,0.0,0.0,0.0008721526780217525,0.0,0.0,0.003857993022778576,2.0521239482864765e-05,0.0017340447363020726,0.00014364867638005336,0.006176893084342295,0.0014672686230248306,0.009029345372460496,0.008454750666940283,0.01842807305561256,0.030822901703262878,0.03169505438128463,0.03953416786373897,0.019484916888980096,0.009593679458239277,0.027375333470141597,0.037841165606402626,0.06763800533552226,0.04780422737533347,0.024697311717627745,0.026154319720911142,0.014323825159039606,0.03298789246870511,0.012600041042478966,0.05414529037553868,0.07436897188590191,0.03129489021136877,0.053796429304329985,0.026800738764621385,0.05232916068130515,0.07293248512210138,0.027118817976605786,0.04255079006772009,0.025692591832546685,0.008536835624871742,0.006792530268828237,0.018212600041042477,0.0010363225938846707,0.007654422327108557,0.0009337163964703468,0.0012825774676790479,0.0003591216909501334,0.0026985429919967165,0.015986045557151652,0.001344141186127642,0.000964498255694644,0.0,0.0,3.078185922429715e-05,0.0001128668171557562,0.0,0.0002872973527601067,0.0,0.0,0.0,0.0,0.0,0.0,0.0,0.0,0.0,0.0,0.0,0.0,0.0,0.0,0.0,0.0,0.0,0.0,0.0,0.0,0.0,0.0,0.0,0.0,0.0,0.0,0.0,0.0,nan,nan,4.283749200255918,2.745164681704517,nan,0.8612327584170829,0.034613426680736296,0.0,0.0,0.0,0.0,0.0,0.0,0.0,0.0,0.0,0.0,0.0,0.0,0.0,0.0,0.0,0.0,0.0,0.0,0.0,0.0,0.0,0.012205044751830759,0.21969080553295367,0.9031733116354732,4.5402766476810426,11.39951179820993,9.62978030919447,2.5630593978844596,0.5370219690805534,0.19528071602929215,0.8619649767875671,0.0348623534829186,0.0,0.0,0.0,0.0,0.0,0.0,0.0,0.0,0.0,0.0,0.0,0.0,0.0,0.0,0.0,0.0,0.0,0.0,0.0,0.0,0.0,0.024844720496894415,0.11180124223602486,0.9192546583850904,4.2111801242236035,12.14906832298137,8.956521739130435,2.7577639751552803,0.6708074534161492,0.19875776397515532,0.437,0.015305,0.0,0.0,0.0,0.0,0.0,0.0,0.0,0.0,0.0,0.0,0.0,0.2196908055329533,11.924328722538652,17.05044751830757,0.8055329536208301,0.0,0.0,0.0,0.0,0.0,0.0,0.0,0.0,0.0,0.0,0.0,0.0,0.0,0.0,0.0,0.4377,0.01508,0.0,0.0,0.0,0.0,0.0,0.0,0.0,0.0,0.0,0.0,0.0,0.17391304347826061,11.043478260869568,18.024844720496898,0.7577639751552797,0.0,0.0,0.0,0.0,0.0,0.0,0.0,0.0,0.0,0.0,0.0,0.0,0.0,0.0,0.0
88700,4670,2351,0.5034261241970022,1082,960,0.4372591006423983,1365,0.5845824411134903,0.42199999999999993,2.8443294523501508,2.818408266038536,5.852209944751381,1.9683919679140676,6649.800000000001,9.094947017729282e-13,6649.8,6649.8,6649.800000000002,1.8189894035458565e-12,6649.800000000001,9.094947017729282e-13,28.80835117773019,21.23495297622225,33.95965270684372,19.308048100002033,0.14218415417558886,0.0961456102783726,0.084796573875803,0.07987152034261243,0.08137044967880086,0.06809421841541756,0.06788008565310492,0.06295503211991435,0.06573875802997858,0.055460385438972165,0.049464668094218414,0.04132762312633833,0.039400428265524624,0.029122055674518203,0.018629550321199142,0.010706638115631691,0.006852248394004282,0.8611222596188939,0.03262598715151274,0.0,0.0,0.0,0.0,0.0,0.0,0.0,0.0,0.0,0.0,0.0,0.0,0.0,0.0,0.0,0.0,0.0,0.0,0.0,0.0,0.0,0.012847965738758033,0.12847965738758033,0.8094218415417533,4.368308351177731,12.07708779443255,9.456102783725912,2.6145610278372593,0.4368308351177731,0.09635974304068524,4.213865271419229,2.615177571793494,3.5,1.5,0.8305913394381499,4.135064935064935,2.608167303701035,4.291721419185283,2.6178498376701897,1.0378848909461897,0.437,0.0153,0.0,0.0,0.0,0.0,0.0,0.0,0.0,0.0,0.0,0.0,0.0,0.2826552462526763,11.49892933618844,17.51820128479658,0.7002141327623128,0.0,0.0,0.0,0.0,0.0,0.0,0.0,0.0,0.0,0.0,0.0,0.0,0.0,0.0,0.0,nan,nan,4.212932723709994,2.6141582967194896,nan,0.437,0.0835,0.0,0.0,0.0,0.0,0.0,0.0,0.0,0.0,0.0,0.0,0.0,0.0,0.0,0.0,0.0,0.0,0.0,0.0,0.0,0.001220556745182013,0.0,0.0,0.0036616702355460385,0.0,0.0013597430406852248,0.00013918629550321198,0.006605995717344754,0.0015310492505353319,0.009122055674518202,0.007612419700214133,0.02026766595289079,0.029839400428265526,0.032548179871520345,0.03987152034261242,0.01949678800856531,0.009443254817987152,0.027687366167023556,0.03624197002141328,0.06789079229122055,0.04776231263383297,0.024507494646680943,0.02740899357601713,0.01373661670235546,0.033436830835117774,0.012837259100642399,0.05423982869379015,0.07683083511777301,0.031220556745182013,0.05232334047109208,0.02708779443254818,0.05217344753747323,0.07130620985010706,0.026509635974304068,0.04120985010706638,0.02550321199143469,0.009154175588865096,0.006349036402569593,0.018597430406852248,0.001563169164882227,0.007237687366167023,0.001145610278372591,0.00145610278372591,0.00032119914346895073,0.0019271948608137045,0.016498929336188437,0.0016381156316916487,0.0007066381156316916,3.2119914346895075e-05,0.0,4.282655246252677e-05,0.0003640256959314775,0.0,0.00033190578158458244,0.0,0.0,0.0,0.0,0.0,0.0,0.0,0.0,0.0,0.0,0.0,0.0,0.0,0.0,0.0,0.0,0.0,0.0,0.0,0.0,0.0,0.0,0.0,0.0,0.0,0.0,0.0,0.0,nan,nan,4.212932723709994,2.6141582967194896,nan,0.8602932748871629,0.03182932363269004,0.0,0.0,0.0,0.0,0.0,0.0,0.0,0.0,0.0,0.0,0.0,0.0,0.0,0.0,0.0,0.0,0.0,0.0,0.0,0.0,0.0,0.0,0.1148447469162059,0.7528711186729028,4.542747766907699,12.301148447469165,9.327945555082945,2.4883028498511277,0.3828158230540197,0.08932369204593792,0.8619626835534777,0.033393259671371765,0.0,0.0,0.0,0.0,0.0,0.0,0.0,0.0,0.0,0.0,0.0,0.0,0.0,0.0,0.0,0.0,0.0,0.0,0.0,0.0,0.0,0.025873221216041402,0.14230271668822772,0.8667529107373841,4.191461836998707,11.849935316946963,9.58602846054334,2.7425614489003887,0.49159120310478666,0.10349288486416561,0.4368,0.01523,0.0,0.0,0.0,0.0,0.0,0.0,0.0,0.0,0.0,0.0,0.0,0.33177371331348315,11.663122075712465,17.316035729476823,0.6890684814972354,0.0,0.0,0.0,0.0,0.0,0.0,0.0,0.0,0.0,0.0,0.0,0.0,0.0,0.0,0.0,0.4373,0.01535,0.0,0.0,0.0,0.0,0.0,0.0,0.0,0.0,0.0,0.0,0.0,0.23285899094437223,11.332470892626135,17.72315653298836,0.7115135834411386,0.0,0.0,0.0,0.0,0.0,0.0,0.0,0.0,0.0,0.0,0.0,0.0,0.0,0.0,0.0
88800,4360,2222,0.5096330275229358,1081,894,0.45298165137614677,1229,0.5637614678899082,0.45399999999999996,2.9855004677268475,3.045995278696092,6.466988727858293,2.0815009406037874,6649.800000000002,1.8189894035458565e-12,6649.8,6649.8,6649.800000000001,9.094947017729282e-13,6649.800000000001,9.094947017729282e-13,27.930275229357797,20.681257324239372,32.795695995641516,18.91079844984211,0.1389908256880734,0.09426605504587156,0.09587155963302753,0.08853211009174312,0.08577981651376147,0.07385321100917432,0.06444954128440367,0.06376146788990826,0.06077981651376147,0.05596330275229358,0.044954128440366975,0.039220183486238534,0.031192660550458717,0.02912844036697248,0.019954128440366974,0.008256880733944955,0.005045871559633028,0.8625516726062932,0.03384616580235541,0.0,0.0,0.0,0.0,0.0,0.0,0.0,0.0,0.0,0.0,0.0,0.0,0.0,0.0,0.0,0.0,0.0,0.0,0.0,0.0,0.0,0.02752293577981652,0.10321100917431195,0.7775229357798141,4.204128440366973,11.621559633027527,9.818807339449544,2.6972477064220186,0.5504587155963304,0.19954128440366978,4.297047314123088,2.8426645782083333,4.0,3.24037034920393,0.9308717609073599,4.289760348583878,2.8485603418215617,4.303198887343533,2.8382208188639897,1.0031327015188836,0.4377,0.01537,0.0,0.0,0.0,0.0,0.0,0.0,0.0,0.0,0.0,0.0,0.0,0.26146788990825653,11.188073394495415,17.75917431192661,0.791284403669725,0.0,0.0,0.0,0.0,0.0,0.0,0.0,0.0,0.0,0.0,0.0,0.0,0.0,0.0,0.0,nan,nan,4.296625222024867,2.84329118703729,nan,0.4377,0.0833,0.0,0.0,0.0,0.0,0.0,0.0,0.0,0.0,0.0,0.0,0.0,0.0,0.0,0.0,0.0,0.0,0.0,0.0,0.0,0.0008256880733944954,0.0,0.0,0.003073394495412844,0.0,0.001238532110091743,4.587155963302752e-05,0.00698394495412844,0.0014564220183486238,0.00930045871559633,0.007637614678899083,0.021628440366972475,0.031089449541284404,0.032259174311926604,0.038314220183486236,0.019793577981651374,0.009013761467889908,0.02738532110091743,0.03362385321100918,0.06682339449541284,0.04622706422018349,0.02493119266055046,0.02686926605504587,0.015068807339449541,0.03334862385321101,0.013360091743119267,0.05498853211009174,0.07723623853211009,0.0320756880733945,0.0513302752293578,0.027110091743119267,0.05447247706422018,0.06980504587155963,0.027259174311926607,0.040091743119266054,0.02596330275229358,0.009713302752293578,0.006915137614678899,0.0192545871559633,0.0019610091743119265,0.007454128440366973,0.001926605504587156,0.0015022935779816513,0.00017201834862385322,0.0025458715596330273,0.01496559633027523,0.0014449541284403669,0.0007798165137614678,0.0,1.146788990825688e-05,4.587155963302752e-05,0.0002408256880733945,0.0,0.00043577981651376146,0.0,0.0,0.0,0.0,0.0,0.0,0.0,0.0,0.0,0.0,0.0,0.0,0.0,0.0,0.0,0.0,0.0,0.0,0.0,0.0,0.0,0.0,0.0,0.0,0.0,0.0,0.0,0.0,nan,nan,4.296625222024867,2.84329118703729,nan,0.8634272456222778,0.034335930808430934,0.0,0.0,0.0,0.0,0.0,0.0,0.0,0.0,0.0,0.0,0.0,0.0,0.0,0.0,0.0,0.0,0.0,0.0,0.0,0.0,0.0,0.013501350135013504,0.10801080108010803,0.7155715571557133,4.293429342934294,11.381638163816385,9.734473447344737,2.9297929792979307,0.5670567056705672,0.25652565256525656,0.8616416991537592,0.03330514895931792,0.0,0.0,0.0,0.0,0.0,0.0,0.0,0.0,0.0,0.0,0.0,0.0,0.0,0.0,0.0,0.0,0.0,0.0,0.0,0.0,0.0,0.0420954162768943,0.09822263797942005,0.8419083255378832,4.111318989710011,11.870907390084195,9.906454630495793,2.455565949485501,0.5332086061739945,0.14031805425631433,0.4375,0.01531,0.0,0.0,0.0,0.0,0.0,0.0,0.0,0.0,0.0,0.0,0.0,0.25652565256525617,11.341134113411345,17.64626462646265,0.7560756075607563,0.0,0.0,0.0,0.0,0.0,0.0,0.0,0.0,0.0,0.0,0.0,0.0,0.0,0.0,0.0,0.4377,0.015434,0.0,0.0,0.0,0.0,0.0,0.0,0.0,0.0,0.0,0.0,0.0,0.26660430308699684,11.028999064546307,17.876520112254447,0.8278765201122547,0.0,0.0,0.0,0.0,0.0,0.0,0.0,0.0,0.0,0.0,0.0,0.0,0.0,0.0,0.0
88900,4386,2187,0.49863201094391246,1017,930,0.4439124487004104,1258,0.5736434108527132,0.46199999999999997,2.9849931787175987,3.107334454180933,6.759136212624584,1.9983692482978381,6649.800000000001,9.094947017729282e-13,6649.8,6649.8,6649.800000000001,9.094947017729282e-13,6649.800000000001,9.094947017729282e-13,27.72936616507068,20.797658050867334,32.579945799457995,19.11192902067636,0.13907888736890106,0.09849521203830369,0.09461924304605564,0.09575923392612859,0.07729138166894665,0.07934336525307797,0.06976744186046512,0.05950752393980848,0.05859553123575011,0.04810761513907889,0.04400364797081623,0.04149566803465572,0.03237574099407205,0.027587779297765617,0.01573187414500684,0.01208390332877337,0.006155950752393981,0.8647117715582041,0.03435540450528668,0.0,0.0,0.0,0.0,0.0,0.0,0.0,0.0,0.0,0.0,0.0,0.0,0.0,0.0,0.0,0.0,0.0,0.0,0.0,0.0,0.0,0.03419972640218879,0.17099863201094395,0.7523939808481508,3.5499316005471964,11.210670314637486,10.389876880984954,3.0164158686730516,0.7113543091655269,0.16415868673050618,4.368139700641483,2.8743409600853598,4.0,3.5276684147527875,0.9157216284572081,4.357193479801559,2.853619245226268,4.376780626780627,2.899759672775073,1.004495358553589,0.4375,0.0157,0.0,0.0,0.0,0.0,0.0,0.0,0.0,0.0,0.0,0.0,0.0,0.23939808481532113,11.792065663474695,17.134062927496583,0.8344733242134065,0.0,0.0,0.0,0.0,0.0,0.0,0.0,0.0,0.0,0.0,0.0,0.0,0.0,0.0,0.0,nan,nan,4.3669626998223805,2.876741269345907,nan,0.4375,0.08307,0.0,0.0,0.0,0.0,0.0,0.0,0.0,0.0,0.0,0.0,0.0,0.0,0.0,0.0,0.0,0.0,0.0,0.0,0.0,0.0008549931600547196,0.0,0.0,0.003009575923392613,1.1399908800729594e-05,0.0007409940720474236,0.0,0.006235750113999088,0.0013337893296853625,0.00956452348381213,0.007170542635658915,0.023404012767897858,0.032090743274053805,0.03124715002279982,0.03967168262653899,0.01965344277245782,0.008812129502963976,0.026641586867305063,0.03429092567259462,0.06733926128590971,0.045269037847697216,0.02441860465116279,0.024338805289557685,0.015994072047423622,0.03484952120383037,0.01431828545371637,0.05585955312357501,0.07608299133606931,0.03057455540355677,0.050923392612859095,0.02924076607387141,0.0547765617875057,0.0684906520747834,0.026892384860921114,0.04049247606019152,0.02663018695850433,0.010248518011855905,0.006292749658002736,0.02050843593251254,0.002268581851345189,0.007170542635658915,0.0014819881440948472,0.001630186958504332,0.0001709986320109439,0.002667578659370725,0.013645690834473324,0.001459188326493388,0.0005813953488372093,0.0,1.1399908800729594e-05,0.0,0.00012539899680802553,0.0,0.0005129958960328317,0.0,0.0,0.0,0.0,0.0,0.0,0.0,0.0,0.0,0.0,0.0,0.0,0.0,0.0,0.0,0.0,0.0,0.0,0.0,0.0,0.0,0.0,0.0,0.0,0.0,0.0,0.0,0.0,nan,nan,4.3669626998223805,2.876741269345907,nan,0.8635828645468085,0.03404583838954922,0.0,0.0,0.0,0.0,0.0,0.0,0.0,0.0,0.0,0.0,0.0,0.0,0.0,0.0,0.0,0.0,0.0,0.0,0.0,0.0,0.0,0.02743484224965707,0.13717421124828535,0.7681755829903955,3.786008230452676,11.632373113854598,10.068587105624145,2.7023319615912214,0.6858710562414267,0.1920438957475995,0.8658345180947762,0.03462405144763576,0.0,0.0,0.0,0.0,0.0,0.0,0.0,0.0,0.0,0.0,0.0,0.0,0.0,0.0,0.0,0.0,0.0,0.0,0.0,0.0,0.0,0.040927694406548434,0.2046384720327422,0.7366984993178695,3.3151432469304236,10.791268758526604,10.709413369713507,3.3287858117326063,0.736698499317872,0.13642564802182813,0.4373,0.01559,0.0,0.0,0.0,0.0,0.0,0.0,0.0,0.0,0.0,0.0,0.0,0.2194787379972562,12.112482853223597,16.913580246913583,0.7544581618655695,0.0,0.0,0.0,0.0,0.0,0.0,0.0,0.0,0.0,0.0,0.0,0.0,0.0,0.0,0.0,0.4377,0.0158,0.0,0.0,0.0,0.0,0.0,0.0,0.0,0.0,0.0,0.0,0.0,0.25920873124147303,11.473396998635748,17.35334242837654,0.9140518417462485,0.0,0.0,0.0,0.0,0.0,0.0,0.0,0.0,0.0,0.0,0.0,0.0,0.0,0.0,0.0
89000,4380,2215,0.5057077625570776,1016,897,0.4367579908675799,1251,0.5712328767123288,0.44999999999999996,3.015704387990762,3.014167168326627,6.406392694063927,1.9485361756536486,6649.800000000002,1.8189894035458565e-12,6649.8,6649.8,6649.800000000001,9.094947017729282e-13,6649.800000000002,1.8189894035458565e-12,27.894292237442922,20.941525772207285,32.92121046892039,19.173476473020813,0.14292237442922373,0.1045662100456621,0.09018264840182648,0.08333333333333333,0.08150684931506849,0.07191780821917808,0.06598173515981735,0.06301369863013699,0.062100456621004566,0.05365296803652968,0.04634703196347032,0.03972602739726028,0.033105022831050226,0.027625570776255708,0.015068493150684932,0.012785388127853882,0.0061643835616438354,0.86490899691843,0.03378344302667019,0.0,0.0,0.0,0.0,0.0,0.0,0.0,0.0,0.0,0.0,0.0,0.0,0.0,0.0,0.0,0.0,0.0,0.0,0.0,0.0,0.0,0.047945205479452066,0.08904109589041098,0.6849315068493129,3.7739726027397267,11.19178082191781,10.383561643835618,2.9452054794520555,0.7054794520547947,0.17808219178082196,4.412607449856734,2.799193768096184,4.333333333333333,1.9720265943665387,0.9820346320346319,4.465248226950354,2.8522477341501986,4.358789625360231,2.740101752271807,0.9761584135574851,0.437,0.01493,0.0,0.0,0.0,0.0,0.0,0.0,0.0,0.0,0.0,0.0,0.0,0.1506849315068491,11.84246575342466,17.260273972602743,0.7465753424657536,0.0,0.0,0.0,0.0,0.0,0.0,0.0,0.0,0.0,0.0,0.0,0.0,0.0,0.0,0.0,nan,nan,4.412437455325232,2.7976840708544293,nan,0.437,0.0835,0.0,0.0,0.0,0.0,0.0,0.0,0.0,0.0,0.0,0.0,0.0,0.0,0.0,0.0,0.0,0.0,0.0,0.0,0.0,0.0007990867579908676,0.0,0.0,0.003664383561643836,2.2831050228310503e-05,0.0008447488584474885,2.2831050228310503e-05,0.00615296803652968,0.0011073059360730594,0.010125570776255708,0.006529680365296804,0.02476027397260274,0.0335958904109589,0.02952054794520548,0.03916666666666667,0.021027397260273972,0.008162100456621005,0.027385844748858447,0.03780821917808219,0.06761415525114155,0.04345890410958904,0.02321917808219178,0.023710045662100457,0.014063926940639269,0.03527397260273973,0.01565068493150685,0.05514840182648402,0.07595890410958904,0.030787671232876714,0.04918949771689498,0.028424657534246577,0.055605022831050226,0.06711187214611872,0.026210045662100456,0.04115296803652968,0.02632420091324201,0.010011415525114154,0.006883561643835617,0.022123287671232877,0.0017922374429223745,0.007385844748858447,0.0015639269406392694,0.001689497716894977,0.00017123287671232877,0.002442922374429224,0.01365296803652968,0.001232876712328767,0.0008333333333333334,0.0,0.0,0.0,0.0,0.0,0.0006164383561643835,0.0,0.0,0.0,0.0,0.0,0.0,0.0,0.0,0.0,0.0,0.0,0.0,0.0,0.0,0.0,0.0,0.0,0.0,0.0,0.0,0.0,0.0,0.0,0.0,0.0,0.0,0.0,0.0,nan,nan,4.412437455325232,2.7976840708544293,nan,0.8645326380805022,0.034175906469815276,0.0,0.0,0.0,0.0,0.0,0.0,0.0,0.0,0.0,0.0,0.0,0.0,0.0,0.0,0.0,0.0,0.0,0.0,0.0,0.0,0.0,0.05417607223476299,0.10835214446952598,0.731376975169298,3.860045146726863,11.255079006772013,10.32054176072235,2.7088036117381495,0.7855530474040634,0.17607223476297973,0.8652940476463794,0.03337274801034398,0.0,0.0,0.0,0.0,0.0,0.0,0.0,0.0,0.0,0.0,0.0,0.0,0.0,0.0,0.0,0.0,0.0,0.0,0.0,0.0,0.0,0.041570438799076216,0.06928406466512703,0.6374133949191666,3.6859122401847584,11.1270207852194,10.448036951501157,3.1870669745958438,0.6235565819861433,0.1801385681293303,0.4373,0.01503,0.0,0.0,0.0,0.0,0.0,0.0,0.0,0.0,0.0,0.0,0.0,0.13544018058690724,11.661399548532735,17.43115124153499,0.7720090293453726,0.0,0.0,0.0,0.0,0.0,0.0,0.0,0.0,0.0,0.0,0.0,0.0,0.0,0.0,0.0,0.4368,0.01483,0.0,0.0,0.0,0.0,0.0,0.0,0.0,0.0,0.0,0.0,0.0,0.16628175519630461,12.027713625866054,17.085450346420327,0.7205542725173212,0.0,0.0,0.0,0.0,0.0,0.0,0.0,0.0,0.0,0.0,0.0,0.0,0.0,0.0,0.0
89100,4325,2206,0.5100578034682081,1033,900,0.4469364161849711,1207,0.5581502890173411,0.46599999999999997,2.9929211892402074,3.081624650254851,6.62876254180602,1.9754281887474134,6649.800000000002,1.8189894035458565e-12,6649.8,6649.8,6649.8,0.0,6649.800000000001,9.094947017729282e-13,27.58728323699422,20.912724232288117,32.74166666666667,19.139166866228354,0.1470520231213873,0.09572254335260115,0.09710982658959537,0.09017341040462427,0.07930635838150289,0.07098265895953758,0.06890173410404624,0.06751445086705202,0.05965317919075144,0.0492485549132948,0.04161849710982659,0.03976878612716763,0.028439306358381503,0.025664739884393065,0.019190751445086706,0.014104046242774566,0.0055491329479768784,0.8648349355824421,0.03485851239373529,0.0,0.0,0.0,0.0,0.0,0.0,0.0,0.0,0.0,0.0,0.0,0.0,0.0,0.0,0.0,0.0,0.0,0.0,0.0,0.0,0.0,0.0138728323699422,0.13872832369942198,0.8878612716762978,3.738728323699423,11.139884393063586,10.036994219653181,3.1075144508670527,0.7144508670520233,0.2219653179190752,4.310032596885186,2.847990713399477,4.5,2.29128784747792,1.0440756302521008,4.264192139737991,2.8623310516016423,4.359195402298851,2.8294939714075618,1.022279310933371,0.4358,0.01573,0.0,0.0,0.0,0.0,0.0,0.0,0.0,0.0,0.0,0.0,0.0,0.33988439306358337,12.707514450867055,16.182658959537576,0.7699421965317921,0.0,0.0,0.0,0.0,0.0,0.0,0.0,0.0,0.0,0.0,0.0,0.0,0.0,0.0,0.0,nan,nan,4.310444524756053,2.846915040024111,nan,0.4358,0.084,0.0,0.0,0.0,0.0,0.0,0.0,0.0,0.0,0.0,0.0,0.0,0.0,0.0,0.0,0.0,0.0,0.0,0.0,0.0,0.0007630057803468208,0.0,0.0,0.003988439306358381,0.0,0.0011213872832369941,0.00011560693641618497,0.007606936416184971,0.0012254335260115606,0.011086705202312138,0.00761849710982659,0.02330635838150289,0.03595375722543353,0.028936416184971097,0.039202312138728324,0.020057803468208093,0.007884393063583815,0.02908670520231214,0.03825433526011561,0.06702890173410404,0.04365317919075144,0.022346820809248553,0.024369942196531793,0.013294797687861272,0.03894797687861272,0.016404624277456648,0.052427745664739886,0.07534104046242775,0.031236994219653178,0.047063583815028905,0.027965317919075146,0.054473988439306356,0.06618497109826589,0.027052023121387284,0.03996531791907514,0.027803468208092486,0.011942196531791908,0.005653179190751445,0.019433526011560693,0.002161849710982659,0.006763005780346821,0.0015144508670520231,0.0016184971098265897,8.092485549132948e-05,0.002647398843930636,0.013317919075144508,0.0012369942196531793,0.001283236994219653,0.0,0.0,0.0,0.0,0.0,0.0005780346820809249,0.0,0.0,0.0,0.0,0.0,0.0,0.0,0.0,0.0,0.0,0.0,0.0,0.0,0.0,0.0,0.0,0.0,0.0,0.0,0.0,0.0,0.0,0.0,0.0,0.0,0.0,0.0,0.0,nan,nan,4.310444524756053,2.846915040024111,nan,0.8646630355421241,0.034912047133194804,0.0,0.0,0.0,0.0,0.0,0.0,0.0,0.0,0.0,0.0,0.0,0.0,0.0,0.0,0.0,0.0,0.0,0.0,0.0,0.0,0.0,0.027198549410698103,0.17679057116953767,0.8703535811423364,3.766999093381687,10.865820489573892,10.253853127833183,3.182230281051678,0.6799637352674525,0.17679057116953767,0.8650138933403192,0.03480179010438001,0.0,0.0,0.0,0.0,0.0,0.0,0.0,0.0,0.0,0.0,0.0,0.0,0.0,0.0,0.0,0.0,0.0,0.0,0.0,0.0,0.0,0.0,0.099103350637093,0.9060877772534186,3.709296838131195,11.425200566304863,9.811231713072205,3.029731005191129,0.7503539405379899,0.2689948088721095,0.436,0.01567,0.0,0.0,0.0,0.0,0.0,0.0,0.0,0.0,0.0,0.0,0.0,0.3263825929283767,12.497733454215778,16.387126019945605,0.788757932910245,0.0,0.0,0.0,0.0,0.0,0.0,0.0,0.0,0.0,0.0,0.0,0.0,0.0,0.0,0.0,0.4358,0.01578,0.0,0.0,0.0,0.0,0.0,0.0,0.0,0.0,0.0,0.0,0.0,0.3539405379896172,12.925908447380843,15.969797074091556,0.7503539405379899,0.0,0.0,0.0,0.0,0.0,0.0,0.0,0.0,0.0,0.0,0.0,0.0,0.0,0.0,0.0
89200,4367,2171,0.4971376230822075,1069,897,0.4501946416304099,1254,0.5743073047858942,0.44599999999999995,2.953096539162113,3.033523153816717,6.421613394216134,1.9701783869515872,6649.800000000001,9.094947017729282e-13,6649.8,6649.8,6649.800000000001,9.094947017729282e-13,6649.800000000001,9.094947017729282e-13,28.02953972979162,20.79995766636482,32.680701754385964,19.148748440798194,0.13441722005953743,0.10441950996107167,0.09548889397755897,0.08472635676665903,0.08289443553927181,0.07052896725440806,0.06778108541332722,0.05976643004350813,0.0574765285092741,0.06228532173116556,0.04991985344630181,0.040073276849095486,0.029997710098465767,0.024730936569727503,0.018319212273872225,0.010762537210899932,0.006411724295855278,0.8650664126051354,0.03464640600541036,0.0,0.0,0.0,0.0,0.0,0.0,0.0,0.0,0.0,0.0,0.0,0.0,0.0,0.0,0.0,0.0,0.0,0.0,0.0,0.0,0.0,0.006869704602702085,0.1923517288756584,0.7831463247080351,3.6546828486375094,11.273185253034123,10.098465765972065,3.022670025188918,0.8106251431188461,0.15800320586214794,4.342978122794636,2.8103188014759626,6.2,3.1240998703626617,1.4275918102047451,4.309978768577495,2.807107209244391,4.380350877192982,2.8164740710105374,1.0163277158413273,0.4355,0.01527,0.0,0.0,0.0,0.0,0.0,0.0,0.0,0.0,0.0,0.0,0.0,0.3091367071215933,12.544080604534008,16.60407602473094,0.5427066636134648,0.0,0.0,0.0,0.0,0.0,0.0,0.0,0.0,0.0,0.0,0.0,0.0,0.0,0.0,0.0,nan,nan,4.346248679112364,2.8119804548305285,nan,0.4355,0.0832,0.0,0.0,0.0,0.0,0.0,0.0,0.0,0.0,0.0,0.0,0.0,0.0,0.0,0.0,0.0,0.0,0.0,0.0,0.0,0.000652621937256698,6.869704602702084e-05,0.0,0.0030570185482024274,0.0,0.0012136478131440347,6.869704602702084e-05,0.0082436455232425,0.0010762537210899932,0.011174719487062057,0.007510877032287612,0.02380352644836272,0.03612319670254179,0.02960842683764598,0.03748568811541104,0.020357224639340508,0.00816349896954431,0.030066407144492786,0.0379207694069155,0.0657201740325166,0.04274101213647813,0.02193725669796199,0.024227158232196015,0.013258529883215022,0.0408747423860774,0.017517746736890313,0.04800778566521639,0.07639111518204718,0.03379894664529425,0.0488893977558965,0.02687199450423632,0.05511792992901305,0.06739180215250744,0.026849095488893977,0.04205404167620792,0.028990153423402793,0.010361804442408976,0.005026333867643691,0.01891458667277307,0.0021754064575223264,0.006732310510648042,0.0011792992901305244,0.0013395923975269063,1.1449507671170139e-05,0.002610487749026792,0.011964735516372796,0.0011220517517746738,0.0009274101213647813,4.5798030684680556e-05,0.0,0.0,0.0,0.0,0.00035493473780627436,0.0,0.0,0.0,0.0,0.0,0.0,0.0,0.0,0.0,0.0,0.0,0.0,0.0,0.0,0.0,0.0,0.0,0.0,0.0,0.0,0.0,0.0,0.0,0.0,0.0,0.0,0.0,0.0,nan,nan,4.346248679112364,2.8119804548305285,nan,0.8651538098094541,0.0344155373086467,0.0,0.0,0.0,0.0,0.0,0.0,0.0,0.0,0.0,0.0,0.0,0.0,0.0,0.0,0.0,0.0,0.0,0.0,0.0,0.0,0.0,0.0,0.1520036849378167,0.6632888070013797,3.717181022570245,11.552280055274071,9.94933210502073,2.888070013818518,0.9120221096269002,0.16582220175034548,0.8649800103598823,0.03487292873700655,0.0,0.0,0.0,0.0,0.0,0.0,0.0,0.0,0.0,0.0,0.0,0.0,0.0,0.0,0.0,0.0,0.0,0.0,0.0,0.0,0.0,0.013661202185792353,0.23224043715847,0.9016393442622923,3.5928961748633887,10.997267759562844,10.245901639344265,3.1557377049180335,0.7103825136612024,0.15027322404371588,0.4358,0.0153,0.0,0.0,0.0,0.0,0.0,0.0,0.0,0.0,0.0,0.0,0.0,0.27637033625057533,12.491939198526028,16.637494242284664,0.594196222938738,0.0,0.0,0.0,0.0,0.0,0.0,0.0,0.0,0.0,0.0,0.0,0.0,0.0,0.0,0.0,0.4355,0.015236,0.0,0.0,0.0,0.0,0.0,0.0,0.0,0.0,0.0,0.0,0.0,0.34153005464480823,12.595628415300549,16.571038251366122,0.4918032786885247,0.0,0.0,0.0,0.0,0.0,0.0,0.0,0.0,0.0,0.0,0.0,0.0,0.0,0.0,0.0
89300,4280,2135,0.49883177570093457,987,894,0.4394859813084112,1199,0.5602803738317756,0.45799999999999996,2.9328671328671327,3.0843867941779353,6.617747440273037,1.9924667967656535,6649.800000000002,1.8189894035458565e-12,6649.8,6649.8,6649.800000000001,9.094947017729282e-13,6649.800000000002,1.8189894035458565e-12,27.41658878504673,20.988271213954913,32.69525959367946,19.21726556544849,0.15023364485981308,0.10210280373831776,0.08738317757009346,0.09228971962616822,0.0794392523364486,0.07546728971962617,0.0691588785046729,0.06588785046728972,0.05280373831775701,0.04813084112149533,0.04439252336448598,0.03948598130841122,0.0308411214953271,0.02570093457943925,0.016588785046728973,0.012850467289719626,0.007242990654205608,0.8658563774879847,0.03328729291637121,0.0,0.0,0.0,0.0,0.0,0.0,0.0,0.0,0.0,0.0,0.0,0.0,0.0,0.0,0.0,0.0,0.0,0.0,0.0,0.0,0.0,0.021028037383177572,0.13317757009345796,0.5887850467289701,3.55373831775701,11.13084112149533,10.528037383177573,3.1962616822429917,0.7079439252336449,0.14018691588785048,4.381656804733728,2.816512107246185,4.25,3.491060010942235,0.9699527346387575,4.442120985810306,2.84031895783304,4.322132943754565,2.7939906519507005,0.9729885695506661,0.435,0.01557,0.0,0.0,0.0,0.0,0.0,0.0,0.0,0.0,0.0,0.0,0.0,0.3644859813084107,13.275700934579442,15.778037383177573,0.574766355140187,0.007009345794392525,0.0,0.0,0.0,0.0,0.0,0.0,0.0,0.0,0.0,0.0,0.0,0.0,0.0,0.0,nan,nan,4.381462333825701,2.8176321161454503,nan,0.435,0.0833,0.0,0.0,0.0,0.0,0.0,0.0,0.0,0.0,0.0,0.0,0.0,0.0,0.0,0.0,0.0,0.0,0.0,0.0,0.0,0.0010864485981308411,4.672897196261682e-05,0.0,0.002850467289719626,0.0,0.0014369158878504674,7.009345794392523e-05,0.007441588785046729,0.0014018691588785046,0.011203271028037384,0.006390186915887851,0.023913551401869158,0.038492990654205604,0.02788551401869159,0.037359813084112146,0.021051401869158878,0.00875,0.02997663551401869,0.03822429906542056,0.06912383177570093,0.042686915887850466,0.0222196261682243,0.02385514018691589,0.01352803738317757,0.042394859813084114,0.018621495327102805,0.045257009345794394,0.07327102803738318,0.03325934579439253,0.04655373831775701,0.02650700934579439,0.05606308411214953,0.07,0.026904205607476635,0.04047897196261682,0.028820093457943924,0.010981308411214953,0.005210280373831776,0.017394859813084113,0.0025116822429906544,0.006378504672897196,0.0012616822429906542,0.0011331775700934579,0.0,0.0034813084112149534,0.012570093457943925,0.0009228971962616823,0.0006658878504672897,2.336448598130841e-05,0.0,0.0,0.0,0.0,0.00033878504672897196,0.0,0.0,0.0,0.0,0.0,0.0,0.0,0.0,0.0,0.0,0.0,0.0,0.0,0.0,0.0,0.0,0.0,0.0,0.0,0.0,0.0,0.0,0.0,0.0,0.0,0.0,0.0,0.0,nan,nan,4.381462333825701,2.8176321161454503,nan,0.865876064786308,0.032785169324330656,0.0,0.0,0.0,0.0,0.0,0.0,0.0,0.0,0.0,0.0,0.0,0.0,0.0,0.0,0.0,0.0,0.0,0.0,0.0,0.0,0.0,0.014051522248243563,0.08430913348946137,0.5058548009367666,3.4847775175644036,11.451990632318504,10.482435597189697,3.091334894613584,0.7166276346604217,0.16861826697892274,0.8658367819719381,0.03377965323704077,0.0,0.0,0.0,0.0,0.0,0.0,0.0,0.0,0.0,0.0,0.0,0.0,0.0,0.0,0.0,0.0,0.0,0.0,0.0,0.0,0.0,0.02797202797202798,0.18181818181818188,0.6713286713286692,3.6223776223776234,10.811188811188813,10.573426573426575,3.3006993006993017,0.6993006993006994,0.11188811188811192,0.4353,0.01558,0.0,0.0,0.0,0.0,0.0,0.0,0.0,0.0,0.0,0.0,0.0,0.3793911007025756,12.885245901639347,16.187353629976585,0.5480093676814989,0.0,0.0,0.0,0.0,0.0,0.0,0.0,0.0,0.0,0.0,0.0,0.0,0.0,0.0,0.0,0.435,0.015564,0.0,0.0,0.0,0.0,0.0,0.0,0.0,0.0,0.0,0.0,0.0,0.34965034965034913,13.664335664335669,15.370629370629374,0.6013986013986015,0.01398601398601399,0.0,0.0,0.0,0.0,0.0,0.0,0.0,0.0,0.0,0.0,0.0,0.0,0.0,0.0
89400,4385,2278,0.5194982896237172,1062,893,0.44583808437856326,1242,0.5664766248574686,0.45399999999999996,3.0730897009966776,3.0865342968854677,6.620967741935484,1.9967422739644787,6649.800000000001,9.094947017729282e-13,6649.8,6649.8,6649.800000000001,9.094947017729282e-13,6649.800000000002,1.8189894035458565e-12,28.25655644241733,20.94845917053749,33.31176950258222,19.07232483060963,0.14298745724059292,0.09213226909920183,0.08916761687571266,0.08529076396807297,0.0830102622576967,0.0766248574686431,0.06727480045610035,0.06567844925883694,0.06111744583808438,0.052679589509692135,0.04401368301026226,0.043101482326111745,0.03580387685290764,0.026225769669327253,0.015279361459521095,0.01185860889395667,0.007753705815279362,0.8660379425557745,0.0339727928019494,0.0,0.0,0.0,0.0,0.0,0.0,0.0,0.0,0.0,0.0,0.0,0.0,0.0,0.0,0.0,0.0,0.0,0.0,0.0,0.0,0.00684150513112885,0.0136830102622577,0.09578107183580391,0.8072976054732016,3.4070695553021673,11.192702394526798,10.570125427594073,2.969213226909921,0.7320410490307869,0.2052451539338655,4.321516321516322,2.8405311874698342,4.8,3.3105890714493698,1.1107212475633528,4.275717284814555,2.824387371385351,4.370084269662922,2.8585528069640405,1.022070445392523,0.4353,0.01539,0.0,0.0,0.0,0.0,0.0,0.0,0.0,0.0,0.0,0.0,0.0,0.3078677309007977,13.005701254275944,16.00912200684151,0.6773090079817561,0.0,0.0,0.0,0.0,0.0,0.0,0.0,0.0,0.0,0.0,0.0,0.0,0.0,0.0,0.0,nan,nan,4.322354590049054,2.841493148619088,nan,0.4355,0.0833,0.0,0.0,0.0,0.0,0.0,0.0,0.0,0.0,0.0,0.0,0.0,0.0,0.0,0.0,0.0,0.0,0.0,0.0,0.0,0.00104903078677309,5.701254275940707e-05,1.1402508551881415e-05,0.0029532497149372863,1.1402508551881415e-05,0.0014481185860889395,0.00010262257696693272,0.007172177879133409,0.0014139110604332954,0.011881413911060434,0.006830102622576967,0.022554161915621436,0.03909920182440137,0.02828962371721779,0.037457240592930444,0.019931584948688713,0.007149372862029647,0.030022805017103762,0.04075256556442417,0.06643101482326112,0.041117445838084375,0.023990877993158494,0.022611174458380845,0.012953249714937286,0.0409806157354618,0.019954389965792473,0.046351197263397946,0.07462941847206385,0.03315849486887115,0.04622576966932725,0.027217787913340934,0.05873432155074116,0.0701254275940707,0.026590649942987456,0.04213226909920183,0.026590649942987456,0.010832383124287344,0.005142531356898517,0.01579247434435576,0.0028734321550741163,0.007137970353477765,0.0013797035347776511,0.0010832383124287344,1.1402508551881415e-05,0.002371721778791334,0.012839224629418472,0.00112884834663626,0.0009122006841505131,0.0,4.561003420752566e-05,0.0,0.0,0.0,0.00046750285062713797,0.0,0.0,0.0,0.0,0.0,0.0,0.0,0.0,0.0,0.0,0.0,0.0,0.0,0.0,0.0,0.0,0.0,0.0,0.0,0.0,0.0,0.0,0.0,0.0,0.0,0.0,0.0,0.0,nan,nan,4.322354590049054,2.841493148619088,nan,0.8663695111046558,0.03451817269255773,0.0,0.0,0.0,0.0,0.0,0.0,0.0,0.0,0.0,0.0,0.0,0.0,0.0,0.0,0.0,0.0,0.0,0.0,0.0,0.0,0.013169446883230908,0.013169446883230908,0.10535557506584727,0.8691834942932369,3.2001755926251105,11.31255487269535,10.258999122036876,3.2001755926251105,0.8691834942932399,0.15803336259877088,0.8656794645518107,0.03336941929720858,0.0,0.0,0.0,0.0,0.0,0.0,0.0,0.0,0.0,0.0,0.0,0.0,0.0,0.0,0.0,0.0,0.0,0.0,0.0,0.0,0.0,0.014238253440911251,0.08542952064546751,0.7403891789273827,3.630754627432369,11.063122923588042,10.906502135738018,2.7195064072140487,0.5837683910773613,0.25628856193640254,0.4355,0.01563,0.0,0.0,0.0,0.0,0.0,0.0,0.0,0.0,0.0,0.0,0.0,0.3555750658472339,12.840210711150135,16.027216856892014,0.7769973661106235,0.0,0.0,0.0,0.0,0.0,0.0,0.0,0.0,0.0,0.0,0.0,0.0,0.0,0.0,0.0,0.4353,0.01513,0.0,0.0,0.0,0.0,0.0,0.0,0.0,0.0,0.0,0.0,0.0,0.2562885619364021,13.18462268628382,15.989558614143336,0.56953013763645,0.0,0.0,0.0,0.0,0.0,0.0,0.0,0.0,0.0,0.0,0.0,0.0,0.0,0.0,0.0
89500,4327,2154,0.4978044834758493,1026,913,0.4481164779292813,1250,0.5777675063554426,0.46599999999999997,2.8757478140819144,3.0277480289684418,6.483333333333333,2.1078556771172816,6649.800000000002,1.8189894035458565e-12,6649.8,6649.8,6649.800000000001,9.094947017729282e-13,6649.800000000001,9.094947017729282e-13,27.74924890224174,20.73129694998164,32.61933534743203,18.988948626793064,0.1416685925583545,0.0996071180956783,0.09406055003466605,0.08389184192281027,0.08204298590247285,0.07996302287959325,0.06771435174485788,0.061705569678761264,0.05916339265079732,0.048301363531315,0.05292350358215854,0.03928819043217009,0.03512826438641091,0.020799630228795933,0.01548416917032586,0.012710885139819737,0.005546568061012249,0.8655648460860943,0.034751257390561924,0.0,0.0,0.0,0.0,0.0,0.0,0.0,0.0,0.0,0.0,0.0,0.0,0.0,0.0,0.0,0.0,0.0,0.0,0.0,0.0,0.0,0.0554656806101225,0.15253062167783688,0.8943840998382223,3.348740466836146,10.593944996533397,10.815807718973886,3.3418072567598807,0.6170556967876127,0.18026346198289814,4.336448598130841,2.846232018754421,5.181818181818182,2.854603357837742,1.1949451410658307,4.351878612716763,2.8517861652104872,4.325284090909091,2.8410820259864487,0.993888955971805,0.4365,0.01511,0.0,0.0,0.0,0.0,0.0,0.0,0.0,0.0,0.0,0.0,0.0,0.2634619828980814,12.022186272244053,17.08342962791773,0.6309221169401434,0.0,0.0,0.0,0.0,0.0,0.0,0.0,0.0,0.0,0.0,0.0,0.0,0.0,0.0,0.0,nan,nan,4.3397780164697455,2.846757482490198,nan,0.4365,0.08264,0.0,0.0,0.0,0.0,0.0,0.0,0.0,0.0,0.0,0.0,0.0,0.0,0.0,0.0,0.0,0.0,0.0,0.0,0.0,0.0011208689623295586,0.0,0.0,0.0024497342269470764,0.0,0.0016755257684307834,0.00017333025190663278,0.007233649179570141,0.0016177490177952392,0.010226484862491333,0.006297665819274324,0.02030275017333025,0.03873353362606887,0.02826438641090825,0.036075803096833836,0.019158770510746475,0.008019412988213542,0.029512364224636007,0.039010862029119485,0.06559972267159694,0.04258146521839612,0.02552576843078345,0.02261382019875202,0.013138433094522764,0.044118326785301594,0.019147215160619367,0.04573607580309683,0.07330714120637856,0.03269008550959094,0.050150219551652414,0.0284608273630691,0.05994915645944072,0.07149295123642246,0.024809336722902704,0.04133348740466836,0.02655419459209614,0.01056159001617749,0.004807025652877282,0.015241506817656575,0.003882597642708574,0.008620291194823203,0.0013866420152530623,0.0008319852091518373,0.0,0.0015368615669054772,0.013508204298590247,0.0014559741160157153,0.0008088745088976196,1.1555350127108852e-05,6.933210076265311e-05,0.0,0.0,0.0,0.00019644095216085047,0.0,0.0,0.0,0.0,0.0,0.0,0.0,0.0,0.0,0.0,0.0,0.0,0.0,0.0,0.0,0.0,0.0,0.0,0.0,0.0,0.0,0.0,0.0,0.0,0.0,0.0,0.0,0.0,nan,nan,4.3397780164697455,2.846757482490198,nan,0.8654041335111209,0.03442873853510633,0.0,0.0,0.0,0.0,0.0,0.0,0.0,0.0,0.0,0.0,0.0,0.0,0.0,0.0,0.0,0.0,0.0,0.0,0.0,0.0,0.0,0.06963788300835656,0.13927576601671313,0.7938718662952622,3.300835654596101,10.807799442896938,10.877437325905294,3.203342618384402,0.6545961002785516,0.15320334261838442,0.8657241534429709,0.03506730206715438,0.0,0.0,0.0,0.0,0.0,0.0,0.0,0.0,0.0,0.0,0.0,0.0,0.0,0.0,0.0,0.0,0.0,0.0,0.0,0.0,0.0,0.04141739530602854,0.16566958122411415,0.9940174873446816,3.3962264150943406,10.381960423377821,10.754716981132077,3.4790612057063974,0.5798435342843995,0.2070869765301427,0.436,0.0151,0.0,0.0,0.0,0.0,0.0,0.0,0.0,0.0,0.0,0.0,0.0,0.2506963788300832,12.548746518105853,16.532033426183848,0.668523676880223,0.0,0.0,0.0,0.0,0.0,0.0,0.0,0.0,0.0,0.0,0.0,0.0,0.0,0.0,0.0,0.437,0.01509,0.0,0.0,0.0,0.0,0.0,0.0,0.0,0.0,0.0,0.0,0.0,0.27611596870685645,11.500230096640593,17.630004601932814,0.5936493327197424,0.0,0.0,0.0,0.0,0.0,0.0,0.0,0.0,0.0,0.0,0.0,0.0,0.0,0.0,0.0
89600,4612,2375,0.5149609713790113,1128,975,0.4559843885516045,1323,0.5737207285342585,0.44199999999999995,2.936522127849799,3.0190118890032682,6.597402597402597,1.9870342075091298,6649.800000000001,9.094947017729282e-13,6649.8,6649.8,6649.800000000002,1.8189894035458565e-12,6649.800000000001,9.094947017729282e-13,27.679531656548136,20.56637525025173,32.50759721864538,18.82373150720333,0.13920208152645272,0.09778837814397225,0.095836947094536,0.08607979184735473,0.08109280138768431,0.0756721595836947,0.07588898525585429,0.06548135299219428,0.05767562879444926,0.05203816131830009,0.04379878577623591,0.03707718993928881,0.03447528187337381,0.026669557675628796,0.01582827406764961,0.0093235039028621,0.006071118820468344,0.8627176658288355,0.03455587926571367,0.0,0.0,0.0,0.0,0.0,0.0,0.0,0.0,0.0,0.0,0.0,0.0,0.0,0.0,0.0,0.0,0.0,0.0,0.0,0.0,0.0,0.04553339115351259,0.17562879444926285,0.8391153512575863,3.94839549002602,11.79314830875976,9.653078924544667,2.8100607111882057,0.5268863833477885,0.2081526452732004,4.270580296896086,2.7931979868762955,4.2727272727272725,2.339032787321565,1.000502736321981,4.272365805168986,2.786536034390718,4.268758526603001,2.796912781157356,0.9991556718852068,0.437,0.01499,0.0,0.0,0.0,0.0,0.0,0.0,0.0,0.0,0.0,0.0,0.0,0.25368603642671256,11.604509973980923,17.478317432784046,0.6634865568083262,0.0,0.0,0.0,0.0,0.0,0.0,0.0,0.0,0.0,0.0,0.0,0.0,0.0,0.0,0.0,nan,nan,4.270588235294118,2.791654819057893,nan,0.437,0.0824,0.0,0.0,0.0,0.0,0.0,0.0,0.0,0.0,0.0,0.0,0.0,0.0,0.0,0.0,0.0,0.0,0.0,0.0,0.0,0.001116652211621856,0.0,0.0,0.0025151777970511707,1.0841283607979185e-05,0.0013226366001734605,0.00022766695576756287,0.006938421509106678,0.0015936686903729401,0.009908933217692975,0.006049436253252385,0.01794232437120555,0.04035125758889853,0.027916305290546402,0.03604726799653079,0.019069817866435385,0.006992627927146574,0.031374674761491764,0.039549002601908065,0.06403946227233305,0.04351691240242845,0.025411968777103208,0.020500867302688637,0.013497398091934084,0.044210754553339116,0.019969644405897657,0.04693191673894189,0.0721812662619254,0.03292497831743278,0.04924111014744146,0.02871856027753686,0.06151344319167389,0.07316782307025152,0.026506938421509106,0.03966825672159584,0.02539028620988725,0.010310060711188205,0.00411968777103209,0.017725498699045966,0.0032198612315698177,0.008944058976582828,0.0013660017346053773,0.0006613183000867302,0.0,0.0012792714657415439,0.013605810928013877,0.0012792714657415439,0.0008998265394622723,1.0841283607979185e-05,1.0841283607979185e-05,1.0841283607979185e-05,0.0,0.0,0.00023850823937554205,0.0,0.0,0.0,0.0,0.0,0.0,0.0,0.0,0.0,0.0,0.0,0.0,0.0,0.0,0.0,0.0,0.0,0.0,0.0,0.0,0.0,0.0,0.0,0.0,0.0,0.0,0.0,0.0,nan,nan,4.270588235294118,2.791654819057893,nan,0.8616442370665701,0.03515948264435294,0.0,0.0,0.0,0.0,0.0,0.0,0.0,0.0,0.0,0.0,0.0,0.0,0.0,0.0,0.0,0.0,0.0,0.0,0.0,0.0,0.0,0.06315789473684212,0.2021052631578948,0.8715789473684183,4.105263157894737,12.01263157894737,9.29684210526316,2.7284210526315795,0.505263157894737,0.2147368421052632,0.8638573141571236,0.033866064173373324,0.0,0.0,0.0,0.0,0.0,0.0,0.0,0.0,0.0,0.0,0.0,0.0,0.0,0.0,0.0,0.0,0.0,0.0,0.0,0.0,0.0,0.026821636119803316,0.1475189986589182,0.8046490835940967,3.781850692892267,11.56012516763523,10.03129190880644,2.896736700938758,0.549843540455968,0.20116227089852487,0.4375,0.01495,0.0,0.0,0.0,0.0,0.0,0.0,0.0,0.0,0.0,0.0,0.0,0.20210526315789445,11.368421052631582,17.722105263157896,0.7073684210526318,0.0,0.0,0.0,0.0,0.0,0.0,0.0,0.0,0.0,0.0,0.0,0.0,0.0,0.0,0.0,0.4365,0.01503,0.0,0.0,0.0,0.0,0.0,0.0,0.0,0.0,0.0,0.0,0.0,0.3084488153777376,11.855163164953066,17.219490388913727,0.6168976307554762,0.0,0.0,0.0,0.0,0.0,0.0,0.0,0.0,0.0,0.0,0.0,0.0,0.0,0.0,0.0
89700,4415,2280,0.5164212910532276,1028,937,0.4450736126840317,1271,0.5757644394110986,0.46199999999999997,3.063231850117096,3.035809982254036,6.549019607843137,1.9274120834644608,6649.800000000001,9.094947017729282e-13,6649.8,6649.8,6649.800000000002,1.8189894035458565e-12,6649.800000000001,9.094947017729282e-13,28.033295583238957,21.139005535994258,33.2,19.321851578966754,0.14699886749716876,0.09762174405436014,0.09150622876557192,0.08493771234428087,0.07950169875424688,0.07134767836919592,0.06545866364665912,0.06477916194790487,0.06206115515288788,0.05141562853907135,0.049377123442808604,0.0362400906002265,0.03284258210645526,0.025141562853907135,0.02129105322763307,0.012004530011325029,0.007474518686296716,0.8628139843622123,0.03385532521290487,0.0,0.0,0.0,0.0,0.0,0.0,0.0,0.0,0.0,0.0,0.0,0.0,0.0,0.0,0.0,0.0,0.0,0.0,0.0,0.0,0.0,0.027180067950169882,0.10192525481313706,0.8018120045300089,4.077010192525482,11.884484711211782,9.65571913929785,2.7112117780294454,0.5436013590033976,0.19705549263873165,4.375571981696586,2.774669495907666,4.375,3.4977671449083054,0.999869278416861,4.377026074700494,2.794751328732846,4.37368789363191,2.7601141274160175,0.9992373403741234,0.4375,0.015274,0.0,0.0,0.0,0.0,0.0,0.0,0.0,0.0,0.0,0.0,0.0,0.3125707814269531,11.340883352208383,17.5515288788222,0.7950169875424691,0.0,0.0,0.0,0.0,0.0,0.0,0.0,0.0,0.0,0.0,0.0,0.0,0.0,0.0,0.0,nan,nan,4.375570375570375,2.7769635837680298,nan,0.4375,0.08215,0.0,0.0,0.0,0.0,0.0,0.0,0.0,0.0,0.0,0.0,0.0,0.0,0.0,0.0,0.0,0.0,0.0,0.0,0.0,0.0011098527746319367,0.0,2.2650056625141562e-05,0.0022536806342015854,0.0,0.0010645526613816535,0.00032842582106455264,0.008131370328425822,0.0008720271800679502,0.010668176670441676,0.005934314835787089,0.017576443941109854,0.03656851642129105,0.026387315968289922,0.03839184597961495,0.01941109852774632,0.007406568516421291,0.03157417893544734,0.04219705549263873,0.06253680634201586,0.04315968289920725,0.0240317100792752,0.019014722536806344,0.013929784824462062,0.04169875424688562,0.02144960362400906,0.04660249150622876,0.0698867497168743,0.03448471121177803,0.05266138165345413,0.03013590033975085,0.059898074745186866,0.07437146092865232,0.027214043035107587,0.04071347678369196,0.02710079275198188,0.00956964892412231,0.0038618346545866364,0.01668176670441676,0.0023103057757644396,0.009773499433748584,0.0010758776896942243,0.0006002265005662515,0.0,0.0011325028312570782,0.01406568516421291,0.0010645526613816535,0.0008154020385050963,1.1325028312570781e-05,0.0,0.0,0.0,0.0,0.0002491506228765572,0.0,0.0,0.0,0.0,0.0,0.0,0.0,0.0,0.0,0.0,0.0,0.0,0.0,0.0,0.0,0.0,0.0,0.0,0.0,0.0,0.0,0.0,0.0,0.0,0.0,0.0,0.0,0.0,nan,nan,4.375570375570375,2.7769635837680298,nan,0.8631314412020801,0.034288250872817866,0.0,0.0,0.0,0.0,0.0,0.0,0.0,0.0,0.0,0.0,0.0,0.0,0.0,0.0,0.0,0.0,0.0,0.0,0.0,0.0,0.0,0.026315789473684216,0.10526315789473686,0.7894736842105238,3.9736842105263164,11.947368421052635,9.644736842105265,2.6973684210526323,0.5921052631578948,0.22368421052631585,0.8624749672217448,0.03338346595137623,0.0,0.0,0.0,0.0,0.0,0.0,0.0,0.0,0.0,0.0,0.0,0.0,0.0,0.0,0.0,0.0,0.0,0.0,0.0,0.0,0.0,0.028103044496487126,0.09836065573770494,0.8149882903981239,4.187353629976582,11.817330210772838,9.667447306791571,2.725995316159251,0.4918032786885247,0.16861826697892274,0.4375,0.01529,0.0,0.0,0.0,0.0,0.0,0.0,0.0,0.0,0.0,0.0,0.0,0.2763157894736838,11.460526315789476,17.513157894736846,0.7500000000000002,0.0,0.0,0.0,0.0,0.0,0.0,0.0,0.0,0.0,0.0,0.0,0.0,0.0,0.0,0.0,0.4377,0.01527,0.0,0.0,0.0,0.0,0.0,0.0,0.0,0.0,0.0,0.0,0.0,0.35128805620608844,11.213114754098362,17.59250585480094,0.8430913348946137,0.0,0.0,0.0,0.0,0.0,0.0,0.0,0.0,0.0,0.0,0.0,0.0,0.0,0.0,0.0
89800,4398,2284,0.5193269668030923,1091,901,0.4529331514324693,1246,0.5666211914506594,0.46599999999999997,3.063859981078524,3.0416828999794876,6.4616639477977165,2.0017729102712103,6649.8,0.0,6649.8,6649.8,6649.800000000001,9.094947017729282e-13,6649.800000000001,9.094947017729282e-13,28.12505684402001,21.030820508559657,33.37831193662934,19.131462264899458,0.14574806730331968,0.09731696225557071,0.08753979081400637,0.0848112778535698,0.07821737153251478,0.07071396089131424,0.07139608913142337,0.0688949522510232,0.06207366984993179,0.0493406093678945,0.048431105047748974,0.04070031832651205,0.032060027285129605,0.022964984083674398,0.022282855843565257,0.010914051841746248,0.006593906321055025,0.8633954172082358,0.03754215595179047,0.0,0.0,0.0,0.0,0.0,0.0,0.0,0.0,0.0,0.0,0.0,0.0,0.0,0.0,0.0,0.0,0.0,0.0,0.0,0.0,0.0,0.05457025920873126,0.22510231923601642,0.941336971350611,3.9836289222373815,11.473396998635748,9.570259208731244,2.633015006821283,0.6343792633015007,0.48431105047748985,4.279943800491746,2.7912934024931118,2.923076923076923,2.2347444686667615,0.6829708658186293,4.274825174825175,2.805961897858444,4.2727272727272725,2.774967569096244,0.9995092425977425,0.437,0.01539,0.0,0.0,0.0,0.0,0.0,0.0,0.0,0.0,0.0,0.0,0.0,0.29331514324693003,11.58253751705321,17.428376534788544,0.6957708049113235,0.0,0.0,0.0,0.0,0.0,0.0,0.0,0.0,0.0,0.0,0.0,0.0,0.0,0.0,0.0,nan,nan,4.273776223776224,2.790507962931291,nan,0.437,0.0819,0.0,0.0,0.0,0.0,0.0,0.0,0.0,0.0,0.0,0.0,0.0,0.0,0.0,0.0,0.0,0.0,0.0,0.0,0.0,0.0010231923601637107,0.0,0.0,0.0020350159163256025,1.1368804001819008e-05,0.0009549795361527968,0.00034106412005457026,0.007105502501136881,0.0007276034561164165,0.010311505229649841,0.005889040472942247,0.01697362437471578,0.03958617553433379,0.02739881764438381,0.04172351068667576,0.01775807185084129,0.007423829013187813,0.03278763074124602,0.043383356070941334,0.05961800818553888,0.04348567530695771,0.023522055479763528,0.018190086402910415,0.014199636198271942,0.045441109595270576,0.022157798999545248,0.04496361982719418,0.06830377444292861,0.03267394270122783,0.0508981355161437,0.030377444292860392,0.06007276034561164,0.07237380627557981,0.028160527512505685,0.04181446111869031,0.02743292405638927,0.00998180991359709,0.0041268758526603,0.016643929058663028,0.0020691223283310595,0.010868576625738972,0.0007958162801273306,0.0009322419281491588,1.1368804001819008e-05,0.0010231923601637107,0.012744429286039109,0.0009777171441564347,0.0005115961800818554,1.1368804001819008e-05,0.0,0.0,0.0,0.0,0.00018190086402910413,0.0,0.0,0.0,0.0,0.0,0.0,0.0,0.0,0.0,0.0,0.0,0.0,0.0,0.0,0.0,0.0,0.0,0.0,0.0,0.0,0.0,0.0,0.0,0.0,0.0,0.0,0.0,0.0,nan,nan,4.273776223776224,2.790507962931291,nan,0.8633141411686945,0.03711514422009487,0.0,0.0,0.0,0.0,0.0,0.0,0.0,0.0,0.0,0.0,0.0,0.0,0.0,0.0,0.0,0.0,0.0,0.0,0.0,0.0,0.0,0.026269702276707538,0.22329246935201405,0.9325744308231143,3.953590192644484,11.624343257443085,9.352014010507883,2.8108581436077067,0.5910683012259196,0.48598949211908943,0.8634832291639178,0.0379979183983759,0.0,0.0,0.0,0.0,0.0,0.0,0.0,0.0,0.0,0.0,0.0,0.0,0.0,0.0,0.0,0.0,0.0,0.0,0.0,0.0,0.0,0.08514664143803218,0.22705771050141915,0.9508041627246896,4.016083254493851,11.310312204351941,9.80605487228004,2.440870387890256,0.6811731315042574,0.4824976348155157,0.4375,0.01545,0.0,0.0,0.0,0.0,0.0,0.0,0.0,0.0,0.0,0.0,0.0,0.3021015761821362,11.479859894921194,17.42994746059545,0.7880910683012261,0.0,0.0,0.0,0.0,0.0,0.0,0.0,0.0,0.0,0.0,0.0,0.0,0.0,0.0,0.0,0.4368,0.01531,0.0,0.0,0.0,0.0,0.0,0.0,0.0,0.0,0.0,0.0,0.0,0.2838221381267735,11.693472090823088,17.42667928098392,0.5960264900662253,0.0,0.0,0.0,0.0,0.0,0.0,0.0,0.0,0.0,0.0,0.0,0.0,0.0,0.0,0.0
89900,4477,2321,0.5184275184275184,1083,910,0.4451641724368997,1267,0.5660040205494751,0.44599999999999995,3.0301484230055657,3.0846920168509606,6.584690553745928,2.109809604082985,6649.800000000002,1.8189894035458565e-12,6649.8,6649.8,6649.800000000002,1.8189894035458565e-12,6649.800000000001,9.094947017729282e-13,27.98235425508153,20.693070654301117,32.829132395860974,18.959592852180105,0.13267813267813267,0.1029707393343757,0.09448291266473084,0.08443153897699353,0.08175117266026356,0.07817735090462363,0.07326334599061872,0.06522224704042885,0.05360732633459906,0.04824659370113916,0.05003350457895912,0.0399821308912218,0.03819522001340183,0.025463480008934555,0.015188742461469734,0.010051373687737324,0.00625418807236989,0.8608863045254909,0.03501120397398184,0.0,0.0,0.0,0.0,0.0,0.0,0.0,0.0,0.0,0.0,0.0,0.0,0.0,0.0,0.0,0.0,0.0,0.0,0.0,0.0,0.0,0.013401831583649769,0.22783113692204607,0.9582309582309552,4.657136475318294,11.492070582979677,9.274067455885639,2.5731516640607555,0.6633906633906634,0.14071923162832256,4.324445983379501,2.9013676516174725,3.857142857142857,2.356060357495806,0.8919391922034248,4.2604456824512535,2.924609027361955,4.385459533607682,2.875726393845252,1.0293429045865692,0.437,0.01569,0.0,0.0,0.0,0.0,0.0,0.0,0.0,0.0,0.0,0.0,0.0,0.21442930533839594,11.967835604199244,16.893008711190532,0.924726379271834,0.0,0.0,0.0,0.0,0.0,0.0,0.0,0.0,0.0,0.0,0.0,0.0,0.0,0.0,0.0,nan,nan,4.323316062176166,2.900263591486936,nan,0.437,0.08185,0.0,0.0,0.0,0.0,0.0,0.0,0.0,0.0,0.0,0.0,0.0,0.0,0.0,0.0,0.0,0.0,0.0,0.0,0.0,0.0005584096493187402,0.0,0.0,0.0017980790708063436,0.0,0.0008487826669644851,0.00020102747375474648,0.006812597721688631,0.0005249050703596158,0.009917355371900827,0.005952646861737771,0.019354478445387537,0.04172436899709627,0.02831136922046013,0.03936788027697118,0.01771275407639044,0.007784230511503239,0.03031047576502122,0.046727719454992184,0.05785123966942149,0.0445945945945946,0.022090685727049364,0.017467053830690193,0.014138932320750502,0.04625865534956444,0.02334152334152334,0.04461693098056734,0.06735537190082645,0.03188519097610007,0.049084208175117265,0.03224257315166406,0.061603752512843425,0.07212419030600849,0.026881840518204154,0.041389323207505026,0.02910431092249274,0.010486933214205942,0.003730176457449185,0.015791824882733972,0.0022001340183158366,0.010107214652669198,0.0013513513513513514,0.0005584096493187402,2.233638597274961e-05,0.0008376144739781103,0.013468840741568015,0.000971632789814608,0.0004914004914004914,0.0,0.0,2.233638597274961e-05,0.0,0.0,2.233638597274961e-05,0.0,0.0,0.0,0.0,0.0,0.0,0.0,0.0,0.0,0.0,0.0,0.0,0.0,0.0,0.0,0.0,0.0,0.0,0.0,0.0,0.0,0.0,0.0,0.0,0.0,0.0,0.0,0.0,nan,nan,4.323316062176166,2.900263591486936,nan,0.8609321441233337,0.035944584485526725,0.0,0.0,0.0,0.0,0.0,0.0,0.0,0.0,0.0,0.0,0.0,0.0,0.0,0.0,0.0,0.0,0.0,0.0,0.0,0.0,0.0,0.01292546316242999,0.3231365790607497,1.0598879793192557,4.4722102542007764,11.335631193451102,9.409737182249032,2.4946143903489877,0.7496768634209394,0.14218009478672988,0.8608369567951599,0.03397767545763152,0.0,0.0,0.0,0.0,0.0,0.0,0.0,0.0,0.0,0.0,0.0,0.0,0.0,0.0,0.0,0.0,0.0,0.0,0.0,0.0,0.0,0.013914656771799632,0.12523191094619668,0.8487940630797747,4.856215213358071,11.660482374768092,9.128014842300558,2.6576994434137298,0.5705009276437849,0.13914656771799633,0.4373,0.01552,0.0,0.0,0.0,0.0,0.0,0.0,0.0,0.0,0.0,0.0,0.0,0.18095648427401956,11.90435157259802,17.048685911245155,0.8660060318828093,0.0,0.0,0.0,0.0,0.0,0.0,0.0,0.0,0.0,0.0,0.0,0.0,0.0,0.0,0.0,0.4368,0.01587,0.0,0.0,0.0,0.0,0.0,0.0,0.0,0.0,0.0,0.0,0.0,0.25046382189239297,12.036178107606682,16.725417439703158,0.9879406307977738,0.0,0.0,0.0,0.0,0.0,0.0,0.0,0.0,0.0,0.0,0.0,0.0,0.0,0.0,0.0
90000,4450,2225,0.5,1036,924,0.4404494382022472,1263,0.5676404494382022,0.45799999999999996,2.940674157303371,3.0575137868451034,6.617021276595745,1.9054504382707158,6649.800000000002,1.8189894035458565e-12,6649.8,6649.8,6649.800000000002,1.8189894035458565e-12,6649.800000000002,1.8189894035458565e-12,27.45820224719101,20.765294759068702,32.547734627831716,19.012802640106145,0.14359550561797751,0.10359550561797753,0.09685393258426966,0.0898876404494382,0.07707865168539325,0.07280898876404494,0.06359550561797753,0.06764044943820224,0.05662921348314607,0.05348314606741573,0.04337078651685393,0.04089887640449438,0.032134831460674154,0.024719101123595506,0.018202247191011236,0.008764044943820225,0.006741573033707865,0.8600146056828873,0.0354975414044985,0.0,0.0,0.0,0.0,0.0,0.0,0.0,0.0,0.0,0.0,0.0,0.0,0.0,0.0,0.0,0.0,0.0,0.0,0.0,0.0,0.013483146067415734,0.026966292134831468,0.21573033707865175,0.9775280898876374,4.692134831460675,11.952808988764048,8.75056179775281,2.5348314606741575,0.6337078651685394,0.202247191011236,4.383576253110558,2.7767457252919328,4.8,2.1354156504062622,1.094996350660936,4.359209597741708,2.7773357250310693,4.411095305832148,2.7720904951920584,1.0119025495166187,0.437,0.01531,0.0,0.0,0.0,0.0,0.0,0.0,0.0,0.0,0.0,0.0,0.0,0.2359550561797749,11.608988764044947,17.400000000000002,0.7550561797752811,0.0,0.0,0.0,0.0,0.0,0.0,0.0,0.0,0.0,0.0,0.0,0.0,0.0,0.0,0.0,nan,nan,4.385051363797379,2.774845843216155,nan,0.437,0.0817,0.0,0.0,0.0,0.0,0.0,0.0,0.0,0.0,0.0,0.0,0.0,0.0,0.0,0.0,0.0,0.0,0.0,0.0,0.0,0.0008876404494382022,0.0,0.0,0.001247191011235955,0.0,0.0009662921348314607,0.00016853932584269662,0.00652808988764045,0.0007078651685393258,0.010674157303370787,0.00452808988764045,0.01841573033707865,0.04173033707865169,0.02913483146067416,0.04148314606741573,0.019123595505617978,0.007404494382022472,0.030831460674157304,0.04437078651685393,0.058,0.043820224719101124,0.02148314606741573,0.017224719101123595,0.01348314606741573,0.04801123595505618,0.02002247191011236,0.04501123595505618,0.06856179775280899,0.030730337078651686,0.05059550561797753,0.032752808988764044,0.06232584269662921,0.07126966292134831,0.028067415730337077,0.04086516853932584,0.03087640449438202,0.011202247191011237,0.0034157303370786515,0.014033707865168539,0.002292134831460674,0.010808988764044944,0.0017191011235955056,0.0007977528089887641,1.1235955056179776e-05,0.0008876404494382022,0.01201123595505618,0.0008876404494382022,0.0005168539325842696,0.0,0.0,0.00010112359550561798,0.0,0.0,1.1235955056179776e-05,0.0,0.0,0.0,0.0,0.0,0.0,0.0,0.0,0.0,0.0,0.0,0.0,0.0,0.0,0.0,0.0,0.0,0.0,0.0,0.0,0.0,0.0,0.0,0.0,0.0,0.0,0.0,0.0,nan,nan,4.385051363797379,2.774845843216155,nan,0.8600929693693525,0.03539735259545145,0.0,0.0,0.0,0.0,0.0,0.0,0.0,0.0,0.0,0.0,0.0,0.0,0.0,0.0,0.0,0.0,0.0,0.0,0.0,0.0,0.0,0.026966292134831468,0.21573033707865175,1.0651685393258394,4.543820224719102,11.919101123595508,8.804494382022474,2.6426966292134835,0.5662921348314608,0.21573033707865175,0.8599362419964223,0.035597275724790274,0.0,0.0,0.0,0.0,0.0,0.0,0.0,0.0,0.0,0.0,0.0,0.0,0.0,0.0,0.0,0.0,0.0,0.0,0.0,0.0,0.026966292134831468,0.026966292134831468,0.21573033707865175,0.8898876404494355,4.840449438202248,11.986516853932587,8.696629213483147,2.426966292134832,0.7011235955056182,0.18876404494382026,0.4375,0.015175,0.0,0.0,0.0,0.0,0.0,0.0,0.0,0.0,0.0,0.0,0.0,0.18876404494381993,11.37977528089888,17.635955056179778,0.7955056179775283,0.0,0.0,0.0,0.0,0.0,0.0,0.0,0.0,0.0,0.0,0.0,0.0,0.0,0.0,0.0,0.4365,0.01543,0.0,0.0,0.0,0.0,0.0,0.0,0.0,0.0,0.0,0.0,0.0,0.28314606741572995,11.838202247191015,17.16404494382023,0.7146067415730339,0.0,0.0,0.0,0.0,0.0,0.0,0.0,0.0,0.0,0.0,0.0,0.0,0.0,0.0,0.0
90100,4557,2334,0.5121790651744569,1093,950,0.44832126398946676,1339,0.5876673249945139,0.45399999999999996,2.9316239316239314,2.9205714627002397,6.171212121212121,2.0336759635452157,6649.800000000002,1.8189894035458565e-12,6649.8,6649.8,6649.800000000001,9.094947017729282e-13,6649.800000000001,9.094947017729282e-13,28.35549703752469,21.043379205406495,33.316475495307614,19.232929532487802,0.13846829054202325,0.09852973447443493,0.0890937019969278,0.08514373491332017,0.08097432521395655,0.07439104674127715,0.06912442396313365,0.0640772438007461,0.05705508009655475,0.05156901470265526,0.047619047619047616,0.0456440640772438,0.03598858898398069,0.02348035988588984,0.020847048496818083,0.01163045863506693,0.006363835856923414,0.858751071749849,0.03497345551230842,0.0,0.0,0.0,0.0,0.0,0.0,0.0,0.0,0.0,0.0,0.0,0.0,0.0,0.0,0.0,0.0,0.0,0.0,0.0,0.0,0.0,0.05924950625411456,0.250164581961817,1.1652402896642493,4.588545095457539,11.968400263331143,8.920342330480581,2.4028966425279794,0.5266622778143516,0.11849901250822913,4.252865812542145,2.721530166393993,4.25,2.6339134382131846,0.9993261455525606,4.30820995962315,2.7496286104892165,4.196655518394649,2.6917666212990645,0.9741065448819819,0.4375,0.01547,0.0,0.0,0.0,0.0,0.0,0.0,0.0,0.0,0.0,0.0,0.0,0.2699144173798548,11.428571428571432,17.485187623436474,0.8163265306122451,0.0,0.0,0.0,0.0,0.0,0.0,0.0,0.0,0.0,0.0,0.0,0.0,0.0,0.0,0.0,nan,nan,4.252850435949028,2.7210675925989847,nan,0.4375,0.0816,0.0,0.0,0.0,0.0,0.0,0.0,0.0,0.0,0.0,0.0,0.0,0.0,0.0,0.0,0.0,0.0,0.0,0.0,0.0,0.0008777704630239193,0.0,0.0,0.0015580425718674568,0.0,0.0008448540706605223,0.0002743032696949748,0.006572306341891596,0.0005705508009655475,0.010917270133859996,0.004465657230634189,0.018104015799868336,0.04172701338599956,0.02752907614658767,0.03965328066710555,0.01977177967961378,0.008327847267939434,0.03303708580206276,0.04146368224709238,0.05664911125740619,0.04467851656791749,0.0195633091946456,0.017555409260478386,0.015580425718674566,0.04736668861092824,0.020287469826640335,0.04516129032258064,0.06804915514592934,0.028889620364274744,0.05142637700241387,0.03174237436910248,0.06324336186087338,0.07271231073074391,0.029273644941847705,0.041694096993636166,0.03280667105551898,0.010719771779679614,0.003664691683124863,0.013901689708141322,0.0019969278033794163,0.010851437349133202,0.0016567917489576475,0.0007241606319947334,1.0972130787798991e-05,0.0008119376782971253,0.012179065174456879,0.0008009655475093263,0.0002743032696949748,0.0,0.0,3.291639236339697e-05,0.0,0.0,0.0,0.0,0.0,0.0,0.0,0.0,0.0,0.0,0.0,0.0,0.0,0.0,0.0,0.0,0.0,0.0,0.0,0.0,0.0,0.0,0.0,0.0,0.0,0.0,0.0,0.0,0.0,0.0,0.0,nan,nan,4.252850435949028,2.7210675925989847,nan,0.8582019420035802,0.035320126408282804,0.0,0.0,0.0,0.0,0.0,0.0,0.0,0.0,0.0,0.0,0.0,0.0,0.0,0.0,0.0,0.0,0.0,0.0,0.0,0.0,0.0,0.06426735218508998,0.26992287917737795,1.2210796915167057,4.755784061696659,11.593830334190235,9.061696658097688,2.3907455012853474,0.5526992287917739,0.08997429305912599,0.8593276209301419,0.03459635890590894,0.0,0.0,0.0,0.0,0.0,0.0,0.0,0.0,0.0,0.0,0.0,0.0,0.0,0.0,0.0,0.0,0.0,0.0,0.0,0.0,0.0,0.05398110661268557,0.22941970310391369,1.1066126855600504,4.4129554655870455,12.361673414304997,8.771929824561406,2.415654520917679,0.49932523616734154,0.1484480431848853,0.4375,0.01535,0.0,0.0,0.0,0.0,0.0,0.0,0.0,0.0,0.0,0.0,0.0,0.2956298200514134,11.16966580976864,17.7120822622108,0.8226221079691519,0.0,0.0,0.0,0.0,0.0,0.0,0.0,0.0,0.0,0.0,0.0,0.0,0.0,0.0,0.0,0.4375,0.015594,0.0,0.0,0.0,0.0,0.0,0.0,0.0,0.0,0.0,0.0,0.0,0.24291497975708468,11.7004048582996,17.246963562753038,0.8097165991902836,0.0,0.0,0.0,0.0,0.0,0.0,0.0,0.0,0.0,0.0,0.0,0.0,0.0,0.0,0.0
90200,4337,2231,0.5144108830989162,1026,851,0.43278764122665436,1195,0.5510721697025593,0.47,3.050807217473884,3.1551796173475903,6.707641196013289,2.094346467773098,6649.800000000001,9.094947017729282e-13,6649.8,6649.8,6649.800000000001,9.094947017729282e-13,6649.800000000002,1.8189894035458565e-12,27.258473599262164,20.57137061942921,32.104699093157464,18.91607351488489,0.14041964491584044,0.10306663592344939,0.1023749135347014,0.08784874337099377,0.08185381600184459,0.07632003689186073,0.0670970717085543,0.060410421950657135,0.054646068711090616,0.05418492045192529,0.045653677657366845,0.035277841826147106,0.03181922988240719,0.028821766197832603,0.017523633848282223,0.006917223887479825,0.005764353239566521,0.8568957763414161,0.034924848472194465,0.0,0.0,0.0,0.0,0.0,0.0,0.0,0.0,0.0,0.0,0.0,0.0,0.0,0.0,0.0,0.0,0.0,0.0,0.0,0.0,0.006917223887479827,0.006917223887479827,0.2905234032741527,1.1136730458842483,5.17408346783491,12.457920221351168,8.217661978326033,2.075167166243948,0.4496195526861887,0.2075167166243948,4.442066420664206,2.87619087660884,7.111111111111111,2.9228769862146455,1.6008565468608666,4.428887251289609,2.895170122231394,4.472834067547724,2.8654987111849644,1.0099227669987123,0.4377,0.0148,0.0,0.0,0.0,0.0,0.0,0.0,0.0,0.0,0.0,0.0,0.0,0.13142725386211648,11.1090615632926,17.991699331335028,0.7678118515102608,0.0,0.0,0.0,0.0,0.0,0.0,0.0,0.0,0.0,0.0,0.0,0.0,0.0,0.0,0.0,nan,nan,4.4509010665685915,2.880429155404409,nan,0.4377,0.08136,0.0,0.0,0.0,0.0,0.0,0.0,0.0,0.0,0.0,0.0,0.0,0.0,0.0,0.0,0.0,0.0,1.1528706479133041e-05,0.0,0.0,0.0009338252248097764,0.0,0.0,0.0015794327876412267,0.0,0.0012796864191837675,0.0001614018907078626,0.006202444085773576,0.0004150334332487895,0.011217431404196449,0.0038044731381139036,0.018930136038736455,0.03925524556144801,0.027622780724002767,0.04044270232879871,0.01933364076550611,0.008289139958496656,0.03503573899008531,0.039670278994696793,0.05589116901083698,0.04701406502190454,0.018492045192529397,0.018515102605487666,0.013857505187917916,0.04821305049573438,0.02029052340327415,0.04378602720774729,0.06751210514180309,0.030297440627161634,0.053539312889093846,0.030378141572515564,0.060687110906156326,0.0750518791791561,0.026400737837214666,0.04429329029282914,0.0354853585427715,0.010525709015448467,0.0042886788102374914,0.013638459764814388,0.002190454231035278,0.009787871800783951,0.0016255476135577588,0.0011874567673507033,3.458611943739912e-05,0.0006225501498731842,0.01076781185151026,0.0008877103988932442,0.000553377910998386,0.0,0.0,0.0,0.0,0.0,0.0,0.0,0.0,0.0,0.0,0.0,0.0,0.0,0.0,0.0,0.0,0.0,0.0,0.0,0.0,0.0,0.0,0.0,0.0,0.0,0.0,0.0,0.0,0.0,0.0,0.0,0.0,0.0,0.0,nan,nan,4.4509010665685915,2.880429155404409,nan,0.8573776614179743,0.03510039993873733,0.0,0.0,0.0,0.0,0.0,0.0,0.0,0.0,0.0,0.0,0.0,0.0,0.0,0.0,0.0,0.0,0.0,0.0,0.0,0.0,0.0,0.0,0.2554908112953833,1.0891976692066303,5.203944419542807,12.666965486329003,7.812640071716721,2.2321828776333486,0.5109816225907666,0.22859704168534295,0.8563852893491076,0.03473061717186203,0.0,0.0,0.0,0.0,0.0,0.0,0.0,0.0,0.0,0.0,0.0,0.0,0.0,0.0,0.0,0.0,0.0,0.0,0.0,0.0,0.014245014245014249,0.014245014245014249,0.3276353276353277,1.139601139601136,5.142450142450143,12.23646723646724,8.646723646723649,1.9088319088319092,0.38461538461538475,0.18518518518518523,0.438,0.01506,0.0,0.0,0.0,0.0,0.0,0.0,0.0,0.0,0.0,0.0,0.0,0.17480950246526197,10.9323173464814,17.978484984311972,0.9143881667413718,0.0,0.0,0.0,0.0,0.0,0.0,0.0,0.0,0.0,0.0,0.0,0.0,0.0,0.0,0.0,0.4375,0.01451,0.0,0.0,0.0,0.0,0.0,0.0,0.0,0.0,0.0,0.0,0.0,0.08547008547008535,11.296296296296298,18.005698005698008,0.6125356125356126,0.0,0.0,0.0,0.0,0.0,0.0,0.0,0.0,0.0,0.0,0.0,0.0,0.0,0.0,0.0
90300,4353,2242,0.5150470939581897,1052,929,0.4550884447507466,1259,0.578451642545371,0.46199999999999997,3.027001421127428,3.054956981634596,6.650766609880749,1.9920656734663613,6649.800000000001,9.094947017729282e-13,6649.8,6649.8,6649.800000000001,9.094947017729282e-13,6649.800000000002,1.8189894035458565e-12,27.579370549046633,20.47479625671603,32.45653362493166,18.689790069137242,0.14082242131863082,0.09717436250861475,0.09740408913393062,0.08821502412129566,0.0815529519871353,0.07649896623018608,0.06685044796691937,0.06432345508844475,0.0576613829542844,0.050769584194808176,0.05467493682517804,0.03997243280496209,0.03124282104295888,0.022513209280955664,0.017688950149322306,0.008499885136687342,0.004135079255685734,0.8552794433751929,0.03513739643602328,0.0,0.0,0.0,0.0,0.0,0.0,0.0,0.0,0.0,0.0,0.0,0.0,0.0,0.0,0.0,0.0,0.0,0.0,0.0,0.0,0.006891798759476225,0.03445899379738112,0.2825637491385252,1.261199172984145,5.609924190213647,12.198483804272918,7.939352170916611,2.088215024121296,0.4410751206064784,0.13783597518952448,4.328933285765252,2.808854273513296,4.3076923076923075,2.4925925763107153,0.9950932535405915,4.329087048832272,2.761577254572922,4.3302425106990015,2.8532957290663203,1.0002669065910885,0.4382,0.015114,0.0,0.0,0.0,0.0,0.0,0.0,0.0,0.0,0.0,0.0,0.0,0.1516195727084767,10.964851826326672,18.056512749827707,0.827015851137147,0.0,0.0,0.0,0.0,0.0,0.0,0.0,0.0,0.0,0.0,0.0,0.0,0.0,0.0,0.0,nan,nan,4.3288352272727275,2.807476484582963,nan,0.4382,0.0814,0.0,0.0,0.0,0.0,0.0,0.0,0.0,0.0,0.0,0.0,0.0,0.0,0.0,0.0,0.0,0.0,0.0,0.0,0.0,0.001366873420629451,0.0,0.0,0.0012979554330346888,3.445899379738111e-05,0.0010797151389846083,0.0001608086377211119,0.006570181484034,0.0009189065012634965,0.010337698139214336,0.004089133930622559,0.019009878244888583,0.03888123133471169,0.02668274753043878,0.03934068458534344,0.019170686882609693,0.00793705490466345,0.038169078796232485,0.03645761543762922,0.05567424764530209,0.04618653801975649,0.019411899839191362,0.01841258901906731,0.014622099701355386,0.04826556397886515,0.020468642315644384,0.044635883298874336,0.06984838042729152,0.028784746152079026,0.04978175970594992,0.030082701585113714,0.06281874569262577,0.07352400643234551,0.026740179186767746,0.043969676085458306,0.03603262118079485,0.011888352860096485,0.004686423156443832,0.014220078107052607,0.0027452331725246956,0.010268780151619573,0.0017803813461980244,0.0017803813461980244,4.5945325063174825e-05,0.0007580978635423845,0.009786354238456236,0.0008385021824029405,0.0004364805881001608,0.0,0.0,0.0,0.0,0.0,0.0,0.0,0.0,0.0,0.0,0.0,0.0,0.0,0.0,0.0,0.0,0.0,0.0,0.0,0.0,0.0,0.0,0.0,0.0,0.0,0.0,0.0,0.0,0.0,0.0,0.0,0.0,0.0,0.0,nan,nan,4.3288352272727275,2.807476484582963,nan,0.8550768605733322,0.03426081137405699,0.0,0.0,0.0,0.0,0.0,0.0,0.0,0.0,0.0,0.0,0.0,0.0,0.0,0.0,0.0,0.0,0.0,0.0,0.0,0.0,0.0,0.053523639607493324,0.2676181980374666,1.164139161462976,5.539696699375559,12.310437109723464,8.189116859946479,2.033898305084746,0.33452274754683325,0.10704727921498665,0.8554945976346774,0.036043796358563245,0.0,0.0,0.0,0.0,0.0,0.0,0.0,0.0,0.0,0.0,0.0,0.0,0.0,0.0,0.0,0.0,0.0,0.0,0.0,0.0,0.01421127427759356,0.01421127427759356,0.29843675982946477,1.3642823306489773,5.684509711037424,12.079583135954527,7.674088109900523,2.145902415916628,0.5542396968261488,0.17053529133112272,0.438,0.01531,0.0,0.0,0.0,0.0,0.0,0.0,0.0,0.0,0.0,0.0,0.0,0.12042818911685976,11.320249776984838,17.662801070472796,0.8965209634255131,0.0,0.0,0.0,0.0,0.0,0.0,0.0,0.0,0.0,0.0,0.0,0.0,0.0,0.0,0.0,0.4382,0.01491,0.0,0.0,0.0,0.0,0.0,0.0,0.0,0.0,0.0,0.0,0.0,0.18474656560871597,10.587399336807202,18.47465656087163,0.7531975367124588,0.0,0.0,0.0,0.0,0.0,0.0,0.0,0.0,0.0,0.0,0.0,0.0,0.0,0.0,0.0
90400,4342,2193,0.5050667894979273,1048,913,0.45163519115614925,1236,0.5693228926761861,0.47,3.003257328990228,3.116847836646257,6.795681063122924,1.9849386254451928,6649.800000000001,9.094947017729282e-13,6649.8,6649.8,6649.800000000001,9.094947017729282e-13,6649.800000000001,9.094947017729282e-13,27.615154306771075,20.56615709826609,32.44608648056924,18.834273332228996,0.13956701980654077,0.1011054813450023,0.09396591432519576,0.08659603869184708,0.08060801473975127,0.07968678028558268,0.0684016582220175,0.06771073238139107,0.056425610317825885,0.04859511745739291,0.05135882081989866,0.03661906955320129,0.03293413173652695,0.023952095808383235,0.01704283740211884,0.009672961768770152,0.005757715338553662,0.8523376607389727,0.03528600811802944,0.0,0.0,0.0,0.0,0.0,0.0,0.0,0.0,0.0,0.0,0.0,0.0,0.0,0.0,0.0,0.0,0.0,0.0,0.0,0.0,0.0,0.06218332565637956,0.3730999539382774,1.5960386918470701,6.038691847075082,12.263933671119304,7.448180561953019,1.6789497927222483,0.42146476278212813,0.11745739290649473,4.36707492795389,2.859772078870792,4.75,2.0463381929681126,1.0876845665264374,4.403349616189812,2.8302601629991186,4.332103321033211,2.884307140261187,0.9838199776609494,0.4382,0.01521,0.0,0.0,0.0,0.0,0.0,0.0,0.0,0.0,0.0,0.0,0.0,0.20727775218793154,10.681713496084756,18.261169967756796,0.8498387839705207,0.0,0.0,0.0,0.0,0.0,0.0,0.0,0.0,0.0,0.0,0.0,0.0,0.0,0.0,0.0,nan,nan,4.368723098995696,2.856877267909793,nan,0.4382,0.0815,0.0,0.0,0.0,0.0,0.0,0.0,0.0,0.0,0.0,0.0,0.0,0.0,0.0,0.0,0.0,0.0,0.0,0.0,0.0,0.0010133578995854444,0.0,0.0,0.0009442653155228005,0.0,0.0017157991708889912,0.00032243205895900504,0.006172270842929525,0.0008060801473975126,0.010432980193459236,0.0035812989405803776,0.01810225702441271,0.03767848917549516,0.02999769691386458,0.041110087517273144,0.019391985260248733,0.008947489636112391,0.03635421464762782,0.036814831874712114,0.05559649930907416,0.04707508060801474,0.018159834177798248,0.01647858129894058,0.014808843850760018,0.04676416397973284,0.01772224781206817,0.04348226623675725,0.07412482726853985,0.026819438046982957,0.04995393827729157,0.03201289728235836,0.06549976969138646,0.074355135882082,0.02620912022109627,0.0438622754491018,0.034799631506218336,0.011757254721326578,0.00520497466605251,0.013046982957162598,0.002556425610317826,0.010974205435283279,0.0008751727314601566,0.0017503454629203131,8.060801473975126e-05,0.000679410409949332,0.010099032703823122,0.0014163979732842009,0.0004375863657300783,0.0,1.1515430677107323e-05,0.0,0.0,0.0,0.0,0.0,0.0,0.0,0.0,0.0,0.0,0.0,0.0,0.0,0.0,0.0,0.0,0.0,0.0,0.0,0.0,0.0,0.0,0.0,0.0,0.0,0.0,0.0,0.0,0.0,0.0,0.0,0.0,nan,nan,4.368723098995696,2.856877267909793,nan,0.8516792045354952,0.03532094553494755,0.0,0.0,0.0,0.0,0.0,0.0,0.0,0.0,0.0,0.0,0.0,0.0,0.0,0.0,0.0,0.0,0.0,0.0,0.0,0.0,0.0,0.06839945280437758,0.47879616963064303,1.6142270861833055,6.1012311901504805,12.14774281805746,7.387140902872779,1.7920656634746925,0.3146374829001369,0.09575923392612862,0.8530095985957554,0.0352376374754526,0.0,0.0,0.0,0.0,0.0,0.0,0.0,0.0,0.0,0.0,0.0,0.0,0.0,0.0,0.0,0.0,0.0,0.0,0.0,0.0,0.0,0.05583992554676595,0.26523964634713826,1.577477896696133,5.974872033503957,12.38250348999535,7.51046998604002,1.5635179153094467,0.5304792926942765,0.13959981386691486,0.4382,0.01521,0.0,0.0,0.0,0.0,0.0,0.0,0.0,0.0,0.0,0.0,0.0,0.23255813953488338,10.779753761969905,18.23529411764706,0.7523939808481535,0.0,0.0,0.0,0.0,0.0,0.0,0.0,0.0,0.0,0.0,0.0,0.0,0.0,0.0,0.0,0.4385,0.01521,0.0,0.0,0.0,0.0,0.0,0.0,0.0,0.0,0.0,0.0,0.0,0.18147975802698904,10.581665891112147,18.28757561656585,0.9492787342950212,0.0,0.0,0.0,0.0,0.0,0.0,0.0,0.0,0.0,0.0,0.0,0.0,0.0,0.0,0.0
90500,4370,2189,0.5009153318077804,1021,932,0.4469107551487414,1235,0.5652173913043478,0.46599999999999997,2.9564419990829895,3.087213278599662,6.543946932006634,2.1268189586224606,6649.800000000002,1.8189894035458565e-12,6649.8,6649.8,6649.800000000001,9.094947017729282e-13,6649.8,0.0,27.453318077803203,20.839173730242724,32.66703448275862,19.063083013099643,0.14530892448512586,0.10869565217391304,0.08764302059496568,0.08993135011441647,0.07597254004576659,0.07597254004576659,0.06819221967963386,0.06910755148741418,0.0540045766590389,0.05308924485125858,0.040732265446224256,0.036613272311212815,0.032036613272311214,0.029290617848970253,0.015331807780320367,0.011441647597254004,0.006636155606407322,0.8536699697818582,0.0342662840746834,0.0,0.0,0.0,0.0,0.0,0.0,0.0,0.0,0.0,0.0,0.0,0.0,0.0,0.0,0.0,0.0,0.0,0.0,0.0,0.0,0.006864988558352404,0.05491990846681923,0.22654462242562934,1.4622425629290572,5.732265446224258,12.562929061784901,7.668192219679636,1.7848970251716252,0.4256292906178491,0.07551487414187644,4.355315315315315,2.8142276298886175,5.222222222222222,2.57240820062005,1.1990457278393734,4.4073529411764705,2.8159637456133906,4.311095505617978,2.811141643388551,0.9781598077478227,0.4387,0.01484,0.0,0.0,0.0,0.0,0.0,0.0,0.0,0.0,0.0,0.0,0.0,0.13043478260869548,10.407322654462245,18.535469107551492,0.9267734553775746,0.0,0.0,0.0,0.0,0.0,0.0,0.0,0.0,0.0,0.0,0.0,0.0,0.0,0.0,0.0,nan,nan,4.358117816091954,2.8139097065638197,nan,0.4387,0.0814,0.0,0.0,0.0,0.0,0.0,0.0,0.0,0.0,0.0,0.0,0.0,0.0,0.0,0.0,0.0,0.0,0.0,0.0,0.0,0.0011327231121281464,0.0,2.288329519450801e-05,0.0007093821510297483,3.432494279176202e-05,0.0015675057208237987,0.00019450800915331808,0.005812356979405034,0.0005148741418764302,0.00959954233409611,0.0034096109839816934,0.019038901601830662,0.03845537757437071,0.02834096109839817,0.04040045766590389,0.019462242562929062,0.008306636155606407,0.036807780320366135,0.04017162471395881,0.05506864988558353,0.04570938215102975,0.016922196796338673,0.016864988558352403,0.016670480549199083,0.047185354691075515,0.017597254004576658,0.04224256292906178,0.07493135011441647,0.026853546910755147,0.04935926773455378,0.030892448512585814,0.0637299771167048,0.07558352402745995,0.02725400457665904,0.041647597254004576,0.03721967963386728,0.0122883295194508,0.006247139588100687,0.012711670480549199,0.002116704805491991,0.011475972540045766,0.0012242562929061784,0.0018192219679633867,0.0002059496567505721,0.0005263157894736842,0.009164759725400458,0.0018192219679633867,0.0006064073226544623,0.0,8.009153318077803e-05,0.0,0.0,0.0,0.0,0.0,0.0,0.0,0.0,0.0,0.0,0.0,0.0,0.0,0.0,0.0,0.0,0.0,0.0,0.0,0.0,0.0,0.0,0.0,0.0,0.0,0.0,0.0,0.0,0.0,0.0,0.0,0.0,nan,nan,4.358117816091954,2.8139097065638197,nan,0.8541759330151342,0.03462674368533713,0.0,0.0,0.0,0.0,0.0,0.0,0.0,0.0,0.0,0.0,0.0,0.0,0.0,0.0,0.0,0.0,0.0,0.0,0.0,0.0,0.0,0.027409776153494752,0.2329830973047054,1.5212425765189537,5.632708999543172,12.293284604842396,7.78437642759251,1.9460941068981275,0.47967108268615816,0.08222932846048425,0.8531621506540997,0.033893054792880344,0.0,0.0,0.0,0.0,0.0,0.0,0.0,0.0,0.0,0.0,0.0,0.0,0.0,0.0,0.0,0.0,0.0,0.0,0.0,0.0,0.013755158184319122,0.08253094910591473,0.22008253094910596,1.4030261348005457,5.832187070151308,12.833562585969743,7.551581843191198,1.6231086657496565,0.37138927097661634,0.06877579092159561,0.4392,0.01498,0.0,0.0,0.0,0.0,0.0,0.0,0.0,0.0,0.0,0.0,0.0,0.10963910461397883,10.03197807217908,18.8031064412974,1.0552763819095479,0.0,0.0,0.0,0.0,0.0,0.0,0.0,0.0,0.0,0.0,0.0,0.0,0.0,0.0,0.0,0.4385,0.014694,0.0,0.0,0.0,0.0,0.0,0.0,0.0,0.0,0.0,0.0,0.0,0.1513067400275101,10.784044016506192,18.266850068775796,0.7977991746905091,0.0,0.0,0.0,0.0,0.0,0.0,0.0,0.0,0.0,0.0,0.0,0.0,0.0,0.0,0.0
90600,4506,2271,0.503994673768309,1099,928,0.4498446515756769,1284,0.5699067909454061,0.45799999999999996,2.8774049217002236,2.9826049714061633,6.260663507109005,2.0881031103019763,6649.800000000002,1.8189894035458565e-12,6649.8,6649.8,6649.800000000002,1.8189894035458565e-12,6649.800000000002,1.8189894035458565e-12,28.163559698180205,21.016143988496978,33.163054968287526,19.21875567058179,0.13981358189081225,0.09986684420772303,0.08788282290279627,0.08699511762094984,0.07989347536617843,0.07412339103417666,0.07190412782956059,0.06502441189525078,0.05525965379494008,0.06080781180648025,0.040834442964935644,0.03905903240124279,0.03062583222370173,0.027740790057700842,0.02174877940523746,0.01087438970261873,0.007545494895694629,0.852772257577246,0.034478497658685804,0.0,0.0,0.0,0.0,0.0,0.0,0.0,0.0,0.0,0.0,0.0,0.0,0.0,0.0,0.0,0.0,0.0,0.0,0.0,0.0,0.006657789613848204,0.05992010652463384,0.25299600532623173,1.3515312916111808,6.105193075898804,12.869507323568579,7.203728362183757,1.6178428761651136,0.34620505992010664,0.18641810918774973,4.273472174803687,2.8444328949155735,4.222222222222222,2.298684540619689,0.988007421018526,4.283031522468142,2.8405609511943815,4.263303386316517,2.845319075706642,0.995393884904154,0.439,0.01556,0.0,0.0,0.0,0.0,0.0,0.0,0.0,0.0,0.0,0.0,0.0,0.1864181091877494,10.539280958721706,18.195739014647142,1.078561917443409,0.0,0.0,0.0,0.0,0.0,0.0,0.0,0.0,0.0,0.0,0.0,0.0,0.0,0.0,0.0,nan,nan,4.273315180394826,2.842922488282954,nan,0.439,0.08167,0.0,0.0,0.0,0.0,0.0,0.0,0.0,0.0,0.0,0.0,0.0,0.0,0.0,0.0,0.0,0.0,0.0,0.0,0.0,0.0012760763426542389,0.0,2.2192632046160676e-05,0.0005437194851309365,3.328894806924101e-05,0.0016866400355082113,0.00016644474034620507,0.0062583222370173105,0.00027740790057700844,0.01021970705725699,0.004016866400355082,0.0190745672436751,0.037705281846426984,0.028040390590324014,0.04030181979582779,0.019285397248113626,0.00950954283177985,0.03581890812250333,0.039325343985796714,0.05277407900577009,0.04649356413670661,0.017177097203728363,0.017077230359520638,0.016600088770528185,0.04540612516644474,0.018186861961828674,0.04421881935197514,0.07648690634709276,0.027452285841100755,0.05002219263204616,0.029094540612516644,0.06321571238348868,0.07654238792720816,0.026686640035508212,0.04192188193519752,0.036018641810918774,0.011739902352418997,0.0062805148690634706,0.012627607634265424,0.002141588992454505,0.012605415002219263,0.0010430537061695516,0.0014869063470927652,5.5481580115401686e-05,0.0003661784287616511,0.00949844651575677,0.0024411895250776743,0.0007434531735463826,0.0,3.328894806924101e-05,0.0,0.0,0.0,0.0,0.0,0.0,0.0,0.0,0.0,0.0,0.0,0.0,0.0,0.0,0.0,0.0,0.0,0.0,0.0,0.0,0.0,0.0,0.0,0.0,0.0,0.0,0.0,0.0,0.0,0.0,0.0,0.0,nan,nan,4.273315180394826,2.842922488282954,nan,0.8521898624289146,0.033817810931132564,0.0,0.0,0.0,0.0,0.0,0.0,0.0,0.0,0.0,0.0,0.0,0.0,0.0,0.0,0.0,0.0,0.0,0.0,0.0,0.0,0.013210039630118893,0.039630118890356676,0.21136063408190228,1.413474240422717,6.301188903566712,12.879788639365922,7.2126816380449155,1.4398943196829594,0.3038309114927345,0.18494055482166452,0.853364033587027,0.035127214861169626,0.0,0.0,0.0,0.0,0.0,0.0,0.0,0.0,0.0,0.0,0.0,0.0,0.0,0.0,0.0,0.0,0.0,0.0,0.0,0.0,0.0,0.08053691275167786,0.29530201342281887,1.2885906040268416,5.906040268456377,12.859060402684568,7.1946308724832235,1.7986577181208059,0.38926174496644306,0.18791946308724838,0.439,0.01576,0.0,0.0,0.0,0.0,0.0,0.0,0.0,0.0,0.0,0.0,0.0,0.2245706737120208,10.224570673712023,18.441215323645974,1.109643328929987,0.0,0.0,0.0,0.0,0.0,0.0,0.0,0.0,0.0,0.0,0.0,0.0,0.0,0.0,0.0,0.4387,0.01534,0.0,0.0,0.0,0.0,0.0,0.0,0.0,0.0,0.0,0.0,0.0,0.14765100671140918,10.859060402684566,17.946308724832218,1.0469798657718123,0.0,0.0,0.0,0.0,0.0,0.0,0.0,0.0,0.0,0.0,0.0,0.0,0.0,0.0,0.0
90700,4567,2225,0.48719071600613095,1026,960,0.4348587694328881,1287,0.5636084957302386,0.46199999999999997,2.8590947907771134,3.024769738853078,6.470588235294118,2.053819659993278,6649.800000000002,1.8189894035458565e-12,6649.8,6649.8,6649.800000000002,1.8189894035458565e-12,6649.8,0.0,27.925114955112765,20.999225221168214,32.772869022869024,19.326386685825117,0.13772717319903657,0.10488285526603898,0.09897087803809941,0.08101598423472739,0.07641777972410772,0.0759798554850011,0.07466608276768119,0.058462885920735716,0.05517845412743595,0.04970440113860302,0.05058024961681629,0.042916575432450185,0.032844317932997594,0.026056492226844755,0.01686008320560543,0.009196409021239325,0.008539522662579374,0.8507495978767615,0.03432969426752701,0.0,0.0,0.0,0.0,0.0,0.0,0.0,0.0,0.0,0.0,0.0,0.0,0.0,0.0,0.0,0.0,0.0,0.0,0.0,0.0,0.01313772717319904,0.02627545434639808,0.21677249835778414,1.543682942850882,6.490037223560326,13.374206262316623,6.240420407269544,1.5830961243704844,0.3547186336763741,0.15765272607838846,4.393103448275862,2.7937036392182355,4.785714285714286,2.6505679021827815,1.0893698138596097,4.483240223463687,2.823929787563066,4.3112761647535445,2.7607137917829982,0.9616429077768031,0.4382,0.01527,0.0,0.0,0.0,0.0,0.0,0.0,0.0,0.0,0.0,0.0,0.0,0.17735931683818673,10.970002189621198,17.90672213707029,0.9459163564703308,0.0,0.0,0.0,0.0,0.0,0.0,0.0,0.0,0.0,0.0,0.0,0.0,0.0,0.0,0.0,nan,nan,4.394989704873026,2.7931654287660916,nan,0.4382,0.08136,0.0,0.0,0.0,0.0,0.0,0.0,0.0,0.0,0.0,0.0,0.0,0.0,0.0,0.0,0.0,0.0,0.0,0.0,0.0,0.0010291219619005911,0.0,0.00016422158966498797,0.0002737026494416466,4.379242391066345e-05,0.0014779943069848916,0.00013137727173199036,0.006174731771403547,0.00014232537770965623,0.009875191591854609,0.003974162469892709,0.017615502518064374,0.039840157652726076,0.029242391066345522,0.03943507773155244,0.018907379023428948,0.009294941975038318,0.037157871688197945,0.04170133566892927,0.05295598861396978,0.04754762426100285,0.01752791767024305,0.01752791767024305,0.019334355156557917,0.04537989927742501,0.01730895555068973,0.04301510838624918,0.07672432669148237,0.0286402452375739,0.04854390190497044,0.030129187650536456,0.05978760674403328,0.07526822859645281,0.026373987300197067,0.04131815195971097,0.0349573023866871,0.013247208232975696,0.005846288592073571,0.011134223779286183,0.0022443617254215022,0.012666958616159404,0.0008977446901686008,0.0016531640026275455,0.00010948105977665864,0.0004269761331289687,0.009338734398948981,0.0024195314210641557,0.0011933435515655792,0.0,0.0,0.0,0.0,0.0,0.0,0.0,0.0,0.0,0.0,0.0,0.0,0.0,0.0,0.0,0.0,0.0,0.0,0.0,0.0,0.0,0.0,0.0,0.0,0.0,0.0,0.0,0.0,0.0,0.0,0.0,0.0,0.0,0.0,nan,nan,4.394989704873026,2.7931654287660916,nan,0.850729077960668,0.034337228844521485,0.0,0.0,0.0,0.0,0.0,0.0,0.0,0.0,0.0,0.0,0.0,0.0,0.0,0.0,0.0,0.0,0.0,0.0,0.0,0.0,0.0,0.026966292134831468,0.32359550561797756,1.5910112359550512,6.391011235955058,13.0247191011236,6.471910112359552,1.766292134831461,0.26966292134831465,0.13483146067415733,0.8507690926732211,0.034322523201591446,0.0,0.0,0.0,0.0,0.0,0.0,0.0,0.0,0.0,0.0,0.0,0.0,0.0,0.0,0.0,0.0,0.0,0.0,0.0,0.0,0.02561912894961572,0.02561912894961572,0.11528608027327074,1.4987190435525146,6.58411614005124,13.70623398804441,6.020495303159694,1.4090520922288645,0.43552519214346724,0.17933390264731003,0.4382,0.01517,0.0,0.0,0.0,0.0,0.0,0.0,0.0,0.0,0.0,0.0,0.0,0.12134831460674139,11.271910112359555,17.649438202247193,0.9573033707865171,0.0,0.0,0.0,0.0,0.0,0.0,0.0,0.0,0.0,0.0,0.0,0.0,0.0,0.0,0.0,0.4385,0.015366,0.0,0.0,0.0,0.0,0.0,0.0,0.0,0.0,0.0,0.0,0.0,0.2305721605465411,10.683176771989755,18.151152860802735,0.9350982066609738,0.0,0.0,0.0,0.0,0.0,0.0,0.0,0.0,0.0,0.0,0.0,0.0,0.0,0.0,0.0
90800,4821,2473,0.51296411532877,1101,1029,0.4418170504044804,1360,0.5641982991080688,0.47,3.085604770017036,3.1661670678779568,6.7734138972809665,2.04186251856023,6649.800000000002,1.8189894035458565e-12,6649.8,6649.8,6649.800000000001,9.094947017729282e-13,6649.800000000001,9.094947017729282e-13,27.236465463596765,20.56288602200408,32.20407149950348,18.85316868646251,0.14436838830118232,0.10163866417755653,0.09437875959344534,0.0918896494503215,0.08172578303256586,0.07985895042522298,0.06471686372121967,0.06015349512549264,0.059946069280232314,0.04833022194565443,0.043559427504667084,0.037958929682638455,0.03920348475420037,0.023231694669155777,0.016594067620825555,0.007052478738850861,0.005393071976768305,0.8496366108732336,0.03368412563630731,0.0,0.0,0.0,0.0,0.0,0.0,0.0,0.0,0.0,0.0,0.0,0.0,0.0,0.0,0.0,0.0,0.0,0.0,0.0,0.0,0.0,0.031113876789047923,0.3173615432482888,1.5868077162414387,6.701929060360922,13.161169881767272,6.415681393901681,1.3130056004978223,0.37958929682638465,0.09334163036714377,4.4363277393879565,2.9100493871853286,2.8461538461538463,2.7413122586469942,0.6415562630515902,4.441800643086816,2.937667880755101,4.415775401069519,2.884054875881426,0.9941408351908357,0.4385,0.015305,0.0,0.0,0.0,0.0,0.0,0.0,0.0,0.0,0.0,0.0,0.0,0.19912881144990638,10.896079651524582,18.027380211574364,0.8774113254511514,0.0,0.0,0.0,0.0,0.0,0.0,0.0,0.0,0.0,0.0,0.0,0.0,0.0,0.0,0.0,nan,nan,4.429554390563565,2.9111940028570795,nan,0.4385,0.08105,0.0,0.0,0.0,0.0,0.0,0.0,0.0,0.0,0.0,0.0,0.0,0.0,0.0,0.0,0.0,0.0,0.0,0.0,0.0,0.0013275254096660443,0.0,0.0002903961833644472,0.00010371292263015972,4.1485169052063885e-05,0.001420867040033188,5.185646131507986e-05,0.005953121758971168,0.00016594067620825554,0.009769757311761046,0.0028521053723293923,0.01542211159510475,0.03924496992325244,0.029775980087118854,0.03920348475420037,0.019674341422941298,0.009987554449284381,0.0361024683675586,0.04374611076540137,0.05374403650694876,0.04829910806886538,0.017755652354283342,0.01593030491599253,0.02031736154324829,0.044866210329807095,0.01755859780128604,0.04390168014934661,0.0774735532047293,0.02667496370047708,0.04938809375648206,0.028852935075710434,0.06075503007674756,0.07446587844845468,0.027608380004148517,0.042366728894420246,0.03359261563990873,0.013368595727027588,0.007353246214478324,0.010910599460692802,0.0023024268823895458,0.012082555486413607,0.00031113876789047915,0.0019186890686579549,9.334163036714375e-05,0.0006015349512549263,0.007954781165733251,0.003360298693217175,0.0010578718108276292,0.0,0.0,0.0,0.0,0.0,0.0,0.0,0.0,0.0,0.0,0.0,0.0,0.0,0.0,0.0,0.0,0.0,0.0,0.0,0.0,0.0,0.0,0.0,0.0,0.0,0.0,0.0,0.0,0.0,0.0,0.0,0.0,0.0,0.0,nan,nan,4.429554390563565,2.9111940028570795,nan,0.8496196558250863,0.0326906599753321,0.0,0.0,0.0,0.0,0.0,0.0,0.0,0.0,0.0,0.0,0.0,0.0,0.0,0.0,0.0,0.0,0.0,0.0,0.0,0.0,0.0,0.024262029923170246,0.2304892842701173,1.649818034775571,6.781237363526083,13.016579053780836,6.599272139102307,1.285887585928023,0.38819247877072394,0.024262029923170246,0.8496544685538421,0.034699729968072746,0.0,0.0,0.0,0.0,0.0,0.0,0.0,0.0,0.0,0.0,0.0,0.0,0.0,0.0,0.0,0.0,0.0,0.0,0.0,0.0,0.0,0.038330494037478714,0.4088586030664396,1.5204429301533173,6.618398637137991,13.31345826235094,6.222316865417378,1.3415672913117551,0.37052810902896094,0.1660988074957411,0.4387,0.015274,0.0,0.0,0.0,0.0,0.0,0.0,0.0,0.0,0.0,0.0,0.0,0.18196522442377652,10.590376061463813,18.40274969672463,0.8249090173877883,0.0,0.0,0.0,0.0,0.0,0.0,0.0,0.0,0.0,0.0,0.0,0.0,0.0,0.0,0.0,0.4382,0.01532,0.0,0.0,0.0,0.0,0.0,0.0,0.0,0.0,0.0,0.0,0.0,0.2172061328790457,11.218057921635438,17.632027257240207,0.9327086882453154,0.0,0.0,0.0,0.0,0.0,0.0,0.0,0.0,0.0,0.0,0.0,0.0,0.0,0.0,0.0
90900,4936,2485,0.5034440842787682,1181,1050,0.45198541329011344,1452,0.5883306320907618,0.42199999999999993,2.8780089759281924,2.9422931217472055,6.255681818181818,2.0587870410944675,6649.800000000001,9.094947017729282e-13,6649.8,6649.8,6649.800000000001,9.094947017729282e-13,6649.800000000001,9.094947017729282e-13,28.03444084278768,20.827775220495333,33.22424684159378,18.906976644407465,0.14627228525121555,0.09846029173419774,0.08245542949756889,0.08407617504051863,0.08042949756888168,0.07678282009724473,0.06948946515397082,0.06989465153970827,0.05976499189627228,0.051053484602917344,0.04720421393841167,0.03970826580226904,0.03626418152350081,0.022690437601296597,0.018841166936790926,0.011547811993517018,0.00506482982171799,0.8506220079101079,0.03388040276454466,0.0,0.0,0.0,0.0,0.0,0.0,0.0,0.0,0.0,0.0,0.0,0.0,0.0,0.0,0.0,0.0,0.0,0.0,0.0,0.0,0.012155591572123179,0.036466774716369534,0.2735008103727715,1.452593192868715,6.746353322528365,12.787682333873585,6.6673419773095635,1.5984602917341981,0.340356564019449,0.08508914100486226,4.197002809865751,2.7447728670090075,5.3125,2.7775607554111215,1.2657842371494459,4.21243842364532,2.775431970976536,4.192476489028214,2.7157857032771107,0.9952611925422918,0.4392,0.01487,0.0,0.0,0.0,0.0,0.0,0.0,0.0,0.0,0.0,0.0,0.0,0.10332252836304685,10.538897893030796,18.32455429497569,1.0332252836304703,0.0,0.0,0.0,0.0,0.0,0.0,0.0,0.0,0.0,0.0,0.0,0.0,0.0,0.0,0.0,nan,nan,4.202547374961168,2.746057588741557,nan,0.4392,0.0815,0.0,0.0,0.0,0.0,0.0,0.0,0.0,0.0,0.0,0.0,0.0,0.0,0.0,0.0,0.0,0.0,0.0,0.0,1.012965964343598e-05,0.0016713938411669369,0.0,0.00033427876823338736,5.06482982171799e-05,4.051863857374392e-05,0.0014282820097244733,6.077795786061588e-05,0.006077795786061589,0.00023298217179902755,0.010747568881685576,0.002684359805510535,0.014536061588330632,0.040376823338735816,0.029771069692058345,0.039100486223662884,0.018587925445705023,0.009582658022690437,0.03391410048622366,0.044874392220421395,0.051448541329011346,0.04753849270664506,0.018030794165316045,0.015761750405186386,0.019357779578606158,0.04420583468395462,0.0184967585089141,0.044752836304700165,0.0774209886547812,0.026549837925445706,0.04616085899513776,0.030307941653160454,0.06027147487844409,0.07542544570502431,0.02860615883306321,0.04376012965964344,0.03644651539708266,0.01338128038897893,0.007698541329011345,0.010879254457050243,0.0030287682333873583,0.010575364667747163,0.0004355753646677472,0.0015194489465153972,7.090761750405187e-05,0.0005470016207455429,0.00856969205834684,0.0034136952998379253,0.0012459481361426256,0.0,0.0,0.0,1.012965964343598e-05,0.0,0.0,0.0,0.0,0.0,0.0,0.0,0.0,0.0,0.0,0.0,0.0,0.0,0.0,0.0,0.0,0.0,0.0,0.0,0.0,0.0,0.0,0.0,0.0,0.0,0.0,0.0,0.0,0.0,0.0,nan,nan,4.202547374961168,2.746057588741557,nan,0.8503824408625213,0.03444919014363529,0.0,0.0,0.0,0.0,0.0,0.0,0.0,0.0,0.0,0.0,0.0,0.0,0.0,0.0,0.0,0.0,0.0,0.0,0.0,0.0,0.024144869215291756,0.04828973843058351,0.2173038229376258,1.5452716297786673,6.929577464788734,12.265593561368211,6.8571428571428585,1.7505030181086523,0.3018108651911469,0.06036217303822939,0.8508648982051925,0.033292046589392756,0.0,0.0,0.0,0.0,0.0,0.0,0.0,0.0,0.0,0.0,0.0,0.0,0.0,0.0,0.0,0.0,0.0,0.0,0.0,0.0,0.0,0.024479804161566712,0.33047735618115065,1.358629130966948,6.560587515299879,13.317013463892291,6.474908200734395,1.4443084455324362,0.37943696450428405,0.11015911872705021,0.4392,0.01481,0.0,0.0,0.0,0.0,0.0,0.0,0.0,0.0,0.0,0.0,0.0,0.060362173038229286,10.647887323943666,18.229376257545276,1.062374245472837,0.0,0.0,0.0,0.0,0.0,0.0,0.0,0.0,0.0,0.0,0.0,0.0,0.0,0.0,0.0,0.4392,0.01494,0.0,0.0,0.0,0.0,0.0,0.0,0.0,0.0,0.0,0.0,0.0,0.14687882496940002,10.42839657282742,18.42105263157895,1.0036719706242352,0.0,0.0,0.0,0.0,0.0,0.0,0.0,0.0,0.0,0.0,0.0,0.0,0.0,0.0,0.0
91000,4663,2338,0.5013939523911645,1098,1000,0.4499249410250911,1365,0.5854600042890843,0.45399999999999996,3.0180645161290323,3.0140346474539284,6.351906158357771,2.06050079397838,6649.800000000001,9.094947017729282e-13,6649.8,6649.8,6649.800000000001,9.094947017729282e-13,6649.800000000002,1.8189894035458565e-12,28.586746729573235,21.051068186391284,33.40628166160081,19.270184251002288,0.13317606690971479,0.09650439631138752,0.09242976624490672,0.08084923868754021,0.08513832296804633,0.07591679176495818,0.0731288869826292,0.06069054256916148,0.058117092000857816,0.0536135535063264,0.04868110658374437,0.03967402959468153,0.033240403173922364,0.030666952605618702,0.01951533347630281,0.011580527557366502,0.007076989062835085,0.8490499245770213,0.03375615032718137,0.0,0.0,0.0,0.0,0.0,0.0,0.0,0.0,0.0,0.0,0.0,0.0,0.0,0.0,0.0,0.0,0.0,0.0,0.0,0.0,0.006433626420759169,0.045035384945314186,0.4246193437701052,1.4926013296161222,6.832511258846238,12.880120094359857,6.588033454857389,1.3896633068839808,0.2637786832511259,0.07720351704911002,4.323587385019711,2.78666964944475,4.1,2.6057628441590763,0.9482866043613706,4.37328990228013,2.80240763007047,4.270942408376963,2.7685393453282994,0.976597139409897,0.4387,0.01518,0.0,0.0,0.0,0.0,0.0,0.0,0.0,0.0,0.0,0.0,0.0,0.25734505683036635,10.441775680892132,18.458074201158055,0.8428050611194512,0.0,0.0,0.0,0.0,0.0,0.0,0.0,0.0,0.0,0.0,0.0,0.0,0.0,0.0,0.0,nan,nan,4.322127937336814,2.7855850812223713,nan,0.4387,0.0817,0.0,0.0,0.0,0.0,0.0,0.0,0.0,0.0,0.0,0.0,0.0,0.0,0.0,0.0,0.0,0.0,0.0,0.0,0.0,0.001533347630280935,0.0,0.00039674029594681537,6.433626420759168e-05,0.0,0.00134033883765816,5.36135535063264e-05,0.00651940810636929,0.000268067767531632,0.011634141110872829,0.0032060904996783187,0.015526485095432125,0.041421831438987776,0.02955179069268711,0.03871970834226893,0.016277074844520695,0.010057902637786833,0.03524555007505897,0.045496461505468586,0.050997212095217674,0.047126313532060905,0.017939095003216814,0.014829508899849882,0.020501822860819214,0.04371649152905854,0.018829079991421832,0.044220458932018016,0.07758953463435557,0.02701050825648724,0.04621488312245336,0.028211451855028952,0.05925369933519194,0.07500536135535063,0.029541067981985848,0.04427407248552434,0.03414111087282865,0.015279862749303024,0.007902637786832511,0.01015440703409822,0.003441990135106155,0.011355350632639932,0.0005897490885695904,0.0015440703409822002,6.433626420759168e-05,0.0004932446922582029,0.00767746086210594,0.003945957538065623,0.0007076989062835085,9.650439631138751e-05,2.144542140253056e-05,0.0,1.072271070126528e-05,0.0,0.0,0.0,0.0,0.0,0.0,0.0,0.0,0.0,0.0,0.0,0.0,0.0,0.0,0.0,0.0,0.0,0.0,0.0,0.0,0.0,0.0,0.0,0.0,0.0,0.0,0.0,0.0,0.0,0.0,nan,nan,4.322127937336814,2.7855850812223713,nan,0.8488467225567513,0.0339248444892856,0.0,0.0,0.0,0.0,0.0,0.0,0.0,0.0,0.0,0.0,0.0,0.0,0.0,0.0,0.0,0.0,0.0,0.0,0.0,0.0,0.012831479897348164,0.03849443969204449,0.5004277159965783,1.3986313088109452,6.941830624465356,12.895637296834904,6.56971770744226,1.321642429426861,0.20530367835757063,0.11548331907613348,0.8492542627806304,0.033584418723574656,0.0,0.0,0.0,0.0,0.0,0.0,0.0,0.0,0.0,0.0,0.0,0.0,0.0,0.0,0.0,0.0,0.0,0.0,0.0,0.0,0.0,0.051612903225806465,0.34838709677419366,1.5870967741935436,6.722580645161292,12.86451612903226,6.606451612903228,1.4580645161290327,0.32258064516129037,0.03870967741935485,0.439,0.01531,0.0,0.0,0.0,0.0,0.0,0.0,0.0,0.0,0.0,0.0,0.0,0.2437981180496147,10.278015397775878,18.541488451668094,0.9366980325064159,0.0,0.0,0.0,0.0,0.0,0.0,0.0,0.0,0.0,0.0,0.0,0.0,0.0,0.0,0.0,0.4385,0.015045,0.0,0.0,0.0,0.0,0.0,0.0,0.0,0.0,0.0,0.0,0.0,0.27096774193548345,10.606451612903228,18.3741935483871,0.7483870967741938,0.0,0.0,0.0,0.0,0.0,0.0,0.0,0.0,0.0,0.0,0.0,0.0,0.0,0.0,0.0
91100,4714,2394,0.5078489605430632,1134,981,0.44866355536699193,1349,0.5723377174374205,0.44999999999999996,2.9030172413793105,3.0215589490296817,6.466049382716049,2.048506338721843,6649.8,0.0,6649.8,6649.8,6649.800000000001,9.094947017729282e-13,6649.800000000002,1.8189894035458565e-12,27.67098005939754,20.65388803128074,32.58352287086176,18.90289917159611,0.14085702163767502,0.09885447602885024,0.09482392872295291,0.08570216376750106,0.08718710224862113,0.07254985150615188,0.07000424268137463,0.06491302503182012,0.05960967331353415,0.04815443360203649,0.0460330929147221,0.03585065761561307,0.03415358506576156,0.029910903691132796,0.01845566397963513,0.008273228680526093,0.004666949512091642,0.8481421954914024,0.03412072701538614,0.0,0.0,0.0,0.0,0.0,0.0,0.0,0.0,0.0,0.0,0.0,0.0,0.0,0.0,0.0,0.0,0.0,0.0,0.0,0.0,0.00636402206194315,0.07636826474331779,0.3118370810352143,1.8073822655918483,6.936784047518033,13.01442511667374,6.128553245651253,1.323716588884175,0.2863809927874417,0.10818837505303354,4.333000997008973,2.8546448713702985,4.6,3.158058475287203,1.0616198803497467,4.320478723404255,2.8471160818607064,4.348026315789474,2.8652746353795795,1.0063760509306507,0.4382,0.01525,0.0,0.0,0.0,0.0,0.0,0.0,0.0,0.0,0.0,0.0,0.0,0.19092066185829418,10.907933814170558,17.94654221467968,0.9546033092914724,0.0,0.0,0.0,0.0,0.0,0.0,0.0,0.0,0.0,0.0,0.0,0.0,0.0,0.0,0.0,nan,nan,4.334325396825397,2.8562910367659486,nan,0.4382,0.08203,0.0,0.0,0.0,0.0,0.0,0.0,0.0,0.0,0.0,0.0,0.0,0.0,0.0,0.0,0.0,0.0,0.0,0.0,0.0,0.001325837929571489,0.0,0.00043487484089944846,0.00012728044123886295,6.364022061943148e-05,0.0013046245226983454,0.0,0.005738226559185405,0.00045608824777259227,0.011455239711497667,0.0040093338990241836,0.01591005515485787,0.0444102672889266,0.030547305897327112,0.03795078489605431,0.016716164616037334,0.00787017394993636,0.035659736953754774,0.047730165464573614,0.049406024607551974,0.04954391175222741,0.018604157827747138,0.015952481968604156,0.01985574883326262,0.04117522274077217,0.019367840475180313,0.041058549002969874,0.0766652524395418,0.027078913873568096,0.04397539244802715,0.02703648705982181,0.0615931268561731,0.0753394145099703,0.029635129401781927,0.04323292320746712,0.03509758167161646,0.01530547305897327,0.007424692405600339,0.01120067882901994,0.003542638947815019,0.011465846414934238,0.000742469240560034,0.0015167585914297836,9.546033092914721e-05,0.0004136614340263046,0.006756470089096309,0.004582095884599066,0.00047730165464573613,0.00010606703436571913,4.2426813746287656e-05,0.0,0.0,0.0,0.0,0.0,0.0,0.0,0.0,0.0,0.0,0.0,0.0,0.0,0.0,0.0,0.0,0.0,0.0,0.0,0.0,0.0,0.0,0.0,0.0,0.0,0.0,0.0,0.0,0.0,0.0,0.0,0.0,nan,nan,4.334325396825397,2.8562910367659486,nan,0.8484351929765795,0.0346356446708672,0.0,0.0,0.0,0.0,0.0,0.0,0.0,0.0,0.0,0.0,0.0,0.0,0.0,0.0,0.0,0.0,0.0,0.0,0.0,0.0,0.012531328320802008,0.11278195488721807,0.3258145363408522,1.7293233082706714,6.791979949874689,12.869674185463662,6.441102756892232,1.340852130325815,0.26315789473684215,0.11278195488721807,0.8478398523967842,0.03357842884763678,0.0,0.0,0.0,0.0,0.0,0.0,0.0,0.0,0.0,0.0,0.0,0.0,0.0,0.0,0.0,0.0,0.0,0.0,0.0,0.0,0.0,0.03879310344827587,0.29741379310344834,1.8879310344827527,7.086206896551726,13.16379310344828,5.806034482758622,1.306034482758621,0.31034482758620696,0.10344827586206899,0.438,0.01516,0.0,0.0,0.0,0.0,0.0,0.0,0.0,0.0,0.0,0.0,0.0,0.22556390977443574,11.102756892230579,17.756892230576444,0.9147869674185466,0.0,0.0,0.0,0.0,0.0,0.0,0.0,0.0,0.0,0.0,0.0,0.0,0.0,0.0,0.0,0.4385,0.01535,0.0,0.0,0.0,0.0,0.0,0.0,0.0,0.0,0.0,0.0,0.0,0.15517241379310323,10.70689655172414,18.14224137931035,0.995689655172414,0.0,0.0,0.0,0.0,0.0,0.0,0.0,0.0,0.0,0.0,0.0,0.0,0.0,0.0,0.0
91200,4624,2387,0.516219723183391,1093,978,0.44788062283737023,1340,0.5795847750865052,0.44599999999999995,2.9624497094322755,3.0277250958375292,6.538087520259319,2.0342906979780233,6649.800000000001,9.094947017729282e-13,6649.8,6649.8,6649.800000000001,9.094947017729282e-13,6649.800000000001,9.094947017729282e-13,27.911548442906575,20.84606843161587,32.88089713843774,19.08254666259662,0.14035467128027682,0.10056228373702422,0.08953287197231834,0.08758650519031141,0.08758650519031141,0.07352941176470588,0.06401384083044982,0.06747404844290658,0.057742214532871976,0.04757785467128028,0.04649653979238754,0.04368512110726644,0.03308823529411765,0.026816608996539794,0.016219723183391002,0.010813148788927335,0.006920415224913495,0.8463032265487014,0.034454158635226585,0.0,0.0,0.0,0.0,0.0,0.0,0.0,0.0,0.0,0.0,0.0,0.0,0.0,0.0,0.0,0.0,0.0,0.0,0.0,0.0,0.006487889273356403,0.09731833910034604,0.3762975778546714,1.8360726643598557,7.753027681660901,12.469723183391007,5.8391003460207624,1.2651384083044985,0.2400519031141869,0.11678200692041525,4.260416666666667,2.801879714390996,3.611111111111111,2.9465401347058044,0.8475957620211898,4.210212201591512,2.7504958236516908,4.3034993270524895,2.85496448482686,1.0221573452819586,0.4382,0.01528,0.0,0.0,0.0,0.0,0.0,0.0,0.0,0.0,0.0,0.0,0.0,0.12326989619377146,11.100778546712807,17.74437716262976,1.031574394463668,0.0,0.0,0.0,0.0,0.0,0.0,0.0,0.0,0.0,0.0,0.0,0.0,0.0,0.0,0.0,nan,nan,4.2565130260521045,2.8032211405553387,nan,0.4382,0.0825,0.0,0.0,0.0,0.0,0.0,0.0,0.0,0.0,0.0,0.0,0.0,0.0,0.0,0.0,0.0,0.0,0.0,0.0,0.0,0.0011461937716262976,1.0813148788927335e-05,0.0003027681660899654,1.0813148788927335e-05,6.487889273356402e-05,0.001319204152249135,3.243944636678201e-05,0.005028114186851211,0.0005622837370242215,0.012035034602076125,0.004346885813148789,0.017073961937716264,0.047015570934256054,0.03133650519031142,0.038786764705882354,0.0176038062283737,0.007601643598615917,0.034126297577854674,0.04631271626297578,0.045685553633217996,0.04857266435986159,0.017668685121107267,0.014597750865051903,0.019452854671280276,0.04138192041522491,0.022329152249134947,0.03901384083044983,0.07635164359861592,0.027573529411764705,0.04511245674740484,0.025389273356401384,0.0641219723183391,0.07793036332179931,0.028633217993079586,0.041176470588235294,0.03547794117647059,0.015441176470588236,0.007471885813148789,0.011418685121107266,0.003416955017301038,0.010964532871972318,0.0007244809688581315,0.0015570934256055363,2.162629757785467e-05,0.0004433391003460208,0.007212370242214533,0.005730968858131488,0.0002595155709342561,7.569204152249134e-05,5.406574394463668e-05,2.162629757785467e-05,0.0,0.0,0.0,0.0,0.0,0.0,0.0,0.0,0.0,0.0,0.0,0.0,0.0,0.0,0.0,0.0,0.0,0.0,0.0,0.0,0.0,0.0,0.0,0.0,0.0,0.0,0.0,0.0,0.0,0.0,0.0,nan,nan,4.2565130260521045,2.8032211405553387,nan,0.8468833934276934,0.03505024861709657,0.0,0.0,0.0,0.0,0.0,0.0,0.0,0.0,0.0,0.0,0.0,0.0,0.0,0.0,0.0,0.0,0.0,0.0,0.0,0.0,0.01256807708420612,0.11311269375785507,0.3770423125261836,1.8475073313782935,7.666527021365733,12.429828236279853,5.743611227482197,1.3950565563468793,0.2764976958525346,0.1382488479262673,0.8456841571074167,0.03379552700901959,0.0,0.0,0.0,0.0,0.0,0.0,0.0,0.0,0.0,0.0,0.0,0.0,0.0,0.0,0.0,0.0,0.0,0.0,0.0,0.0,0.0,0.08046490835940993,0.3755029056772464,1.8238712561466193,7.845328565042469,12.512293249888247,5.940992400536435,1.1265087170317392,0.20116227089852487,0.0938757264193116,0.4382,0.01504,0.0,0.0,0.0,0.0,0.0,0.0,0.0,0.0,0.0,0.0,0.0,0.08797653958944268,11.311269375785509,17.70842061164642,0.8923334729786344,0.0,0.0,0.0,0.0,0.0,0.0,0.0,0.0,0.0,0.0,0.0,0.0,0.0,0.0,0.0,0.4385,0.01553,0.0,0.0,0.0,0.0,0.0,0.0,0.0,0.0,0.0,0.0,0.0,0.16092981671881962,10.876173446580243,17.782744747429597,1.1801519892713457,0.0,0.0,0.0,0.0,0.0,0.0,0.0,0.0,0.0,0.0,0.0,0.0,0.0,0.0,0.0
91300,4514,2350,0.5206025697828977,1100,910,0.44528134692069116,1276,0.565352237483385,0.47,3.016173752310536,3.1049446224437394,6.560821484992101,2.1514198158556974,6649.800000000002,1.8189894035458565e-12,6649.8,6649.8,6649.800000000002,1.8189894035458565e-12,6649.800000000001,9.094947017729282e-13,28.165485157288437,20.934235604243163,33.0852407261247,19.14736315835969,0.13735046521931768,0.09813912272928667,0.0954807266282676,0.08373947718210013,0.08196721311475409,0.07620735489587949,0.06845369960124058,0.06047851129818343,0.05737704918032787,0.052281789986708016,0.05117412494461675,0.042977403633141335,0.03478068232166593,0.02503322995126274,0.015728843597696055,0.011076650420912717,0.007753655294638901,0.8464977538553973,0.03478041109280812,0.0,0.0,0.0,0.0,0.0,0.0,0.0,0.0,0.0,0.0,0.0,0.0,0.0,0.0,0.0,0.0,0.0,0.0,0.0,0.006645990252547631,0.006645990252547631,0.09304386353566683,0.31236154186973863,1.8608772707133308,7.503322995126275,13.105892778023929,5.463003987594153,1.1962782454585734,0.33894550287992914,0.11298183429330973,4.317291165348917,2.878790057419996,4.909090909090909,2.6783490659374976,1.1370766346480974,4.296321525885559,2.907532749052337,4.347231715652768,2.8474072686246577,1.01184971596294,0.438,0.01506,0.0,0.0,0.0,0.0,0.0,0.0,0.0,0.0,0.0,0.0,0.0,0.18608772707133336,11.118741692512188,17.837837837837842,0.8573327425786444,0.0,0.0,0.0,0.0,0.0,0.0,0.0,0.0,0.0,0.0,0.0,0.0,0.0,0.0,0.0,nan,nan,4.32173319686114,2.8777909091890677,nan,0.438,0.0822,0.0,0.0,0.0,0.0,0.0,0.0,0.0,0.0,0.0,0.0,0.0,0.0,0.0,0.0,0.0,0.0,0.0,0.0,0.0,0.0014953478068232167,0.0,0.0003544528134692069,0.0,0.00022153300841825432,0.0015507310589277803,5.538325210456358e-05,0.005217102348249889,0.0005316792202038103,0.012549844926894108,0.0036331413380593707,0.01639344262295082,0.04458351794417368,0.0314466105449712,0.03934426229508197,0.01978289765175011,0.008551174124944617,0.03314133805937085,0.047252990695613645,0.04211342490031015,0.05086397873283119,0.016648205582631814,0.012405848471422242,0.019672131147540985,0.0404186973859105,0.021101019051838723,0.04410722197607443,0.08071555161719096,0.026894107221976073,0.046964997784669914,0.025985821887461232,0.06465440850686752,0.07396987151085511,0.02884359769605671,0.040075321222862205,0.03581081081081081,0.014942401417811254,0.0069672131147540985,0.011165263624280018,0.0028799291094373063,0.010578201151971644,0.001052281789986708,0.0018387239698715108,0.0,0.00038768276473194507,0.007111209570225964,0.005571555161719096,0.00015507310589277804,0.0,0.0,0.0,0.0,0.0,0.0,0.0,0.0,0.0,0.0,0.0,0.0,0.0,0.0,0.0,0.0,0.0,0.0,0.0,0.0,0.0,0.0,0.0,0.0,0.0,0.0,0.0,0.0,0.0,0.0,0.0,0.0,0.0,0.0,nan,nan,4.32173319686114,2.8777909091890677,nan,0.8471829649742614,0.034812395814715145,0.0,0.0,0.0,0.0,0.0,0.0,0.0,0.0,0.0,0.0,0.0,0.0,0.0,0.0,0.0,0.0,0.0,0.0,0.0,0.0,0.012765957446808513,0.051063829787234054,0.31914893617021284,1.8127659574468027,7.608510638297874,12.663829787234045,5.795744680851065,1.2765957446808514,0.33191489361702137,0.12765957446808512,0.8457536475109746,0.03473033550120279,0.0,0.0,0.0,0.0,0.0,0.0,0.0,0.0,0.0,0.0,0.0,0.0,0.0,0.0,0.0,0.0,0.0,0.0,0.0,0.013863216266173756,0.0,0.13863216266173756,0.3049907578558226,1.9131238447319718,7.389094269870611,13.585951940850281,5.1016635859519415,1.1090573012939005,0.34658040665434386,0.09704251386321629,0.438,0.014786,0.0,0.0,0.0,0.0,0.0,0.0,0.0,0.0,0.0,0.0,0.0,0.14042553191489343,11.144680851063834,17.961702127659578,0.7531914893617023,0.0,0.0,0.0,0.0,0.0,0.0,0.0,0.0,0.0,0.0,0.0,0.0,0.0,0.0,0.0,0.438,0.01535,0.0,0.0,0.0,0.0,0.0,0.0,0.0,0.0,0.0,0.0,0.0,0.23567467652495344,11.090573012939004,17.703327171903886,0.9704251386321628,0.0,0.0,0.0,0.0,0.0,0.0,0.0,0.0,0.0,0.0,0.0,0.0,0.0,0.0,0.0
91400,4600,2385,0.5184782608695652,1165,896,0.44804347826086954,1303,0.5665217391304348,0.46599999999999997,3.106997742663657,3.1345768133979375,6.679049034175335,2.081073913881948,6649.800000000002,1.8189894035458565e-12,6649.8,6649.8,6649.800000000002,1.8189894035458565e-12,6649.800000000001,9.094947017729282e-13,28.13021739130435,20.692873168140306,32.98014952307296,18.89795306200693,0.1373913043478261,0.09826086956521739,0.08760869565217391,0.08956521739130435,0.08239130434782609,0.07086956521739131,0.07652173913043478,0.06434782608695652,0.05630434782608695,0.051956521739130436,0.050434782608695654,0.04,0.034130434782608694,0.029347826086956522,0.01717391304347826,0.009130434782608696,0.004565217391304348,0.8442789783814679,0.03363404863400391,0.0,0.0,0.0,0.0,0.0,0.0,0.0,0.0,0.0,0.0,0.0,0.0,0.0,0.0,0.0,0.0,0.0,0.0,0.0,0.0,0.0,0.07173913043478262,0.3782608695652175,1.8847826086956463,8.223913043478262,12.893478260869568,5.236956521739131,0.9717391304347828,0.22173913043478266,0.11739130434782612,4.333109243697479,2.9108252743821263,5.190476190476191,3.4173095462874583,1.1978641429421042,4.3108108108108105,2.9354574010529673,4.366754617414248,2.895734789101228,1.0129775601525215,0.438,0.01567,0.0,0.0,0.0,0.0,0.0,0.0,0.0,0.0,0.0,0.0,0.0,0.2478260869565214,11.05434782608696,17.77826086956522,0.9195652173913046,0.0,0.0,0.0,0.0,0.0,0.0,0.0,0.0,0.0,0.0,0.0,0.0,0.0,0.0,0.0,nan,nan,4.339118825100133,2.9155592497640312,nan,0.438,0.08203,0.0,0.0,0.0,0.0,0.0,0.0,0.0,0.0,0.0,0.0,0.0,0.0,0.0,0.0,0.0,0.0,0.0,0.0,0.0,0.002282608695652174,0.0,0.0003152173913043478,0.0,0.00035869565217391304,0.0016630434782608696,8.695652173913044e-05,0.004260869565217392,0.00040217391304347825,0.010489130434782609,0.004271739130434783,0.01591304347826087,0.04560869565217391,0.0315,0.03994565217391304,0.01943478260869565,0.008315217391304348,0.03368478260869565,0.04859782608695652,0.042913043478260866,0.04909782608695652,0.016543478260869566,0.012597826086956521,0.017956521739130434,0.0405,0.019554347826086955,0.042576086956521736,0.08180434782608696,0.029130434782608697,0.04833695652173913,0.025760869565217392,0.06701086956521739,0.07509782608695652,0.028,0.03972826086956522,0.035358695652173915,0.014684782608695652,0.006565217391304348,0.01182608695652174,0.0026086956521739132,0.009728260869565217,0.0010434782608695651,0.0017391304347826088,0.0,0.00036956521739130437,0.006739130434782609,0.005141304347826087,0.00044565217391304347,0.0,0.0,1.0869565217391305e-05,0.0,0.0,0.0,0.0,0.0,0.0,0.0,0.0,0.0,0.0,0.0,0.0,0.0,0.0,0.0,0.0,0.0,0.0,0.0,0.0,0.0,0.0,0.0,0.0,0.0,0.0,0.0,0.0,0.0,0.0,0.0,nan,nan,4.339118825100133,2.9155592497640312,nan,0.844754620543066,0.03277936894847664,0.0,0.0,0.0,0.0,0.0,0.0,0.0,0.0,0.0,0.0,0.0,0.0,0.0,0.0,0.0,0.0,0.0,0.0,0.0,0.0,0.0,0.0628930817610063,0.26415094339622647,1.8993710691823842,8.000000000000002,13.320754716981135,5.220125786163524,0.9056603773584908,0.20125786163522016,0.1257861635220126,0.8437668309523881,0.03452335440247087,0.0,0.0,0.0,0.0,0.0,0.0,0.0,0.0,0.0,0.0,0.0,0.0,0.0,0.0,0.0,0.0,0.0,0.0,0.0,0.0,0.0,0.08126410835214448,0.5011286681715577,1.869074492099317,8.465011286681717,12.433408577878106,5.25507900677201,1.0428893905191876,0.24379232505643347,0.10835214446952598,0.438,0.01561,0.0,0.0,0.0,0.0,0.0,0.0,0.0,0.0,0.0,0.0,0.0,0.264150943396226,11.031446540880506,17.849056603773587,0.8553459119496857,0.0,0.0,0.0,0.0,0.0,0.0,0.0,0.0,0.0,0.0,0.0,0.0,0.0,0.0,0.0,0.438,0.01575,0.0,0.0,0.0,0.0,0.0,0.0,0.0,0.0,0.0,0.0,0.0,0.23024830699774232,11.07900677200903,17.702031602708807,0.9887133182844245,0.0,0.0,0.0,0.0,0.0,0.0,0.0,0.0,0.0,0.0,0.0,0.0,0.0,0.0,0.0
91500,4667,2371,0.508035140347118,1118,980,0.44953931862009855,1343,0.5755303192629098,0.44599999999999995,3.0060975609756095,3.0291782727174477,6.472346786248131,1.9875315437966843,6649.800000000001,9.094947017729282e-13,6649.8,6649.8,6649.800000000001,9.094947017729282e-13,6649.800000000001,9.094947017729282e-13,28.12256267409471,20.918679436778636,33.06856997196024,19.144982315630443,0.13906149560745662,0.09642168416541676,0.09127919434326119,0.09127919434326119,0.08013713306192415,0.07413756160274267,0.06728090850653524,0.06278122991214913,0.06149560745661024,0.051424898221555604,0.04606813799014356,0.042639811442039856,0.03171202056995929,0.027640882794086136,0.018855796014570388,0.012213413327619455,0.005571030640668524,0.8454984570433349,0.03386666866259964,0.0,0.0,0.0,0.0,0.0,0.0,0.0,0.0,0.0,0.0,0.0,0.0,0.0,0.0,0.0,0.0,0.0,0.0,0.0,0.0,0.0,0.06428112277694452,0.3471180629955004,1.9670023569744957,7.900149989286481,12.586243839725737,5.547460895650312,1.1763445468180846,0.3535461752731949,0.05785301049925007,4.282824933687003,2.846990496027542,3.823529411764706,2.4067379465269156,0.8927587447458661,4.2486702127659575,2.8285443474131586,4.31131458469588,2.8605951735062445,1.0147444656310802,0.4377,0.01514,0.0,0.0,0.0,0.0,0.0,0.0,0.0,0.0,0.0,0.0,0.0,0.17355903149774993,11.403471180629959,17.60017141632741,0.8227983715448899,0.0,0.0,0.0,0.0,0.0,0.0,0.0,0.0,0.0,0.0,0.0,0.0,0.0,0.0,0.0,nan,nan,4.280250576986482,2.84491940817742,nan,0.4377,0.0817,0.0,0.0,0.0,0.0,0.0,0.0,0.0,0.0,0.0,0.0,0.0,0.0,0.0,0.0,0.0,0.0,0.0,0.0,0.0,0.002314120419970002,0.0,0.00010713520462824084,0.0,0.0005249625026783802,0.0018212984786800943,0.00014998928647953717,0.003964002571244911,0.0004071137775873152,0.01046710949217913,0.0039854296121705594,0.016102421255624597,0.044171844868223696,0.032751232054853224,0.04071137775873152,0.018105849582172703,0.008142275551746304,0.03390829226483823,0.04897150203556889,0.04230769230769231,0.052785515320334264,0.017152346260981357,0.01256695950289265,0.017034497535890293,0.03824726805228198,0.020377115920291407,0.040561388472251984,0.08084422541247054,0.03047996571673452,0.05104992500535676,0.026762374116134562,0.06703449753589029,0.07410542104135419,0.0298478680094279,0.03718662952646239,0.036350974930362115,0.01385258195843154,0.006620955646025284,0.011709877865866724,0.002431969145061067,0.00899935718877223,0.0012106278122991216,0.0015641739875723163,1.0713520462824084e-05,0.0004071137775873152,0.006813799014356118,0.004767516605956717,0.0003106920934218984,0.0,0.0,0.0,0.0,0.0,0.0,0.0,0.0,0.0,0.0,0.0,0.0,0.0,0.0,0.0,0.0,0.0,0.0,0.0,0.0,0.0,0.0,0.0,0.0,0.0,0.0,0.0,0.0,0.0,0.0,0.0,0.0,0.0,0.0,nan,nan,4.280250576986482,2.84491940817742,nan,0.8452058658977945,0.03436489718824654,0.0,0.0,0.0,0.0,0.0,0.0,0.0,0.0,0.0,0.0,0.0,0.0,0.0,0.0,0.0,0.0,0.0,0.0,0.0,0.0,0.0,0.0759173344580346,0.3669337832138339,1.961197806832554,8.237030788696753,12.184732180514555,5.579924082665544,1.151412905946858,0.3542808941374948,0.0885702235343737,0.8458006058264692,0.03334165822075457,0.0,0.0,0.0,0.0,0.0,0.0,0.0,0.0,0.0,0.0,0.0,0.0,0.0,0.0,0.0,0.0,0.0,0.0,0.0,0.0,0.0,0.05226480836236935,0.3266550522648084,1.9729965156794365,7.552264808362371,13.000871080139376,5.513937282229967,1.202090592334495,0.35278745644599313,0.026132404181184676,0.4373,0.01518,0.0,0.0,0.0,0.0,0.0,0.0,0.0,0.0,0.0,0.0,0.0,0.1897933361450862,11.716575284690007,17.207929143821175,0.885702235343737,0.0,0.0,0.0,0.0,0.0,0.0,0.0,0.0,0.0,0.0,0.0,0.0,0.0,0.0,0.0,0.438,0.015076,0.0,0.0,0.0,0.0,0.0,0.0,0.0,0.0,0.0,0.0,0.0,0.15679442508710778,11.080139372822304,18.00522648083624,0.7578397212543556,0.0,0.0,0.0,0.0,0.0,0.0,0.0,0.0,0.0,0.0,0.0,0.0,0.0,0.0,0.0
91600,4781,2429,0.5080527086383602,1129,1011,0.44760510353482535,1380,0.5772850868019243,0.45399999999999996,2.9485544217687076,3.0438109871129586,6.529051987767584,2.029201200240809,6649.800000000001,9.094947017729282e-13,6649.8,6649.8,6649.800000000002,1.8189894035458565e-12,6649.8,0.0,27.59882869692533,20.910795254515328,32.69759277833501,19.15360032576082,0.14662204559715541,0.10018824513700063,0.08952102070696508,0.09203095586697344,0.0794812800669316,0.07508889353691696,0.07174231332357248,0.05940179878686467,0.05354528341351182,0.05333612215017779,0.047270445513490904,0.04015896256013386,0.027818448023426062,0.02760928676009203,0.018615352436728717,0.01213135327337377,0.005438192846684794,0.8460463366356885,0.03526095649555458,0.0,0.0,0.0,0.0,0.0,0.0,0.0,0.0,0.0,0.0,0.0,0.0,0.0,0.0,0.0,0.0,0.0,0.0,0.0,0.0,0.006274837900020917,0.11294708220037651,0.4204141393014015,1.8636268563062064,7.699226103325666,12.662622882242212,5.459108973018199,1.3177159590043928,0.382765111901276,0.07529805480025101,4.306048652202499,2.805324414503832,4.72,3.3766255344648446,1.0961325292007023,4.3545454545454545,2.7917338770272635,4.263916175507531,2.8289644402799317,0.9791874307011033,0.438,0.01507,0.0,0.0,0.0,0.0,0.0,0.0,0.0,0.0,0.0,0.0,0.0,0.18824513700062723,11.307257895837694,17.745241581259155,0.759255385902531,0.0,0.0,0.0,0.0,0.0,0.0,0.0,0.0,0.0,0.0,0.0,0.0,0.0,0.0,0.0,nan,nan,4.309422888816433,2.8106972099759657,nan,0.438,0.0814,0.0,0.0,0.0,0.0,0.0,0.0,0.0,0.0,0.0,0.0,0.0,0.0,0.0,0.0,0.0,0.0,1.0458063166701527e-05,0.0,0.0,0.002321690023007739,0.0,4.1832252666806106e-05,0.0,0.00044969671616816565,0.001610541727672035,0.00017778707383392595,0.0048839154988496135,0.0005124450951683749,0.00938088266053127,0.004570173603848567,0.014505333612215017,0.04188454298263961,0.03298473122777661,0.042438820330474795,0.018134281531060448,0.006693160426688978,0.031876176532106254,0.049299309767831,0.0431395105626438,0.05363940598201213,0.01836435892072788,0.01213135327337377,0.018991842710729973,0.0397406400334658,0.02082200376490274,0.03893536916962979,0.08201213135327337,0.030328383183434428,0.04993725162099979,0.027651119012758837,0.06904413302656348,0.07294499058774315,0.02998326709893328,0.037073833925956916,0.03575611796695252,0.012570591926375236,0.006379418531687931,0.011346998535871157,0.002499477096841665,0.009412256850031374,0.001307257895837691,0.0014745869065049154,3.137418950010458e-05,0.00040786446350135955,0.006599037858188664,0.005229031583350764,0.00044969671616816565,0.0,2.0916126333403053e-05,0.0,0.0,0.0,0.0,0.0,0.0,0.0,0.0,0.0,0.0,0.0,0.0,0.0,0.0,0.0,0.0,0.0,0.0,0.0,0.0,0.0,0.0,0.0,0.0,0.0,0.0,0.0,0.0,0.0,0.0,0.0,0.0,nan,nan,4.309422888816433,2.8106972099759657,nan,0.8457301305664474,0.03562690845092278,0.0,0.0,0.0,0.0,0.0,0.0,0.0,0.0,0.0,0.0,0.0,0.0,0.0,0.0,0.0,0.0,0.0,0.0,0.0,0.0,0.0,0.14820913956360646,0.4199258954302183,1.914368052696577,7.632770687525732,12.783038287361057,5.298476739398931,1.3091807328118572,0.44462741869081934,0.04940304652120215,0.8463728946893394,0.03487598490889674,0.0,0.0,0.0,0.0,0.0,0.0,0.0,0.0,0.0,0.0,0.0,0.0,0.0,0.0,0.0,0.0,0.0,0.0,0.0,0.0,0.01275510204081633,0.07653061224489797,0.4209183673469389,1.8112244897959127,7.767857142857144,12.538265306122453,5.625000000000002,1.3265306122448983,0.3188775510204082,0.10204081632653064,0.438,0.01513,0.0,0.0,0.0,0.0,0.0,0.0,0.0,0.0,0.0,0.0,0.0,0.17291066282420722,11.622066694112807,17.45162618361466,0.7533964594483329,0.0,0.0,0.0,0.0,0.0,0.0,0.0,0.0,0.0,0.0,0.0,0.0,0.0,0.0,0.0,0.438,0.01499,0.0,0.0,0.0,0.0,0.0,0.0,0.0,0.0,0.0,0.0,0.0,0.20408163265306092,10.98214285714286,18.048469387755105,0.7653061224489798,0.0,0.0,0.0,0.0,0.0,0.0,0.0,0.0,0.0,0.0,0.0,0.0,0.0,0.0,0.0
91700,4676,2312,0.49443969204448246,1147,952,0.4488879384088965,1350,0.5774165953806673,0.46599999999999997,2.976311336717428,3.0240626517454907,6.549337260677467,1.842109791968474,6649.800000000001,9.094947017729282e-13,6649.8,6649.8,6649.800000000001,9.094947017729282e-13,6649.800000000001,9.094947017729282e-13,28.00962360992301,20.808911892361042,32.94756935607025,19.028445835125847,0.13815226689478186,0.10029940119760479,0.0932420872540633,0.08233532934131736,0.07613344739093242,0.08340461933276304,0.07100085543199315,0.06672369546621043,0.05325064157399487,0.05025662959794696,0.04726261762189906,0.043199315654405476,0.03421727972626176,0.027801539777587682,0.01710863986313088,0.009837467921300257,0.005774165953806672,0.8454752240148337,0.03440227547430691,0.0,0.0,0.0,0.0,0.0,0.0,0.0,0.0,0.0,0.0,0.0,0.0,0.0,0.0,0.0,0.0,0.0,0.0,0.0,0.0,0.006415739948674082,0.04491017964071858,0.3400342172797264,2.0337895637296772,7.801539777587683,12.946963216424297,5.2673224978614215,1.103507271171942,0.31437125748503,0.14114627887082978,4.2809508088478045,2.7465823092591513,3.8125,2.098176291449315,0.8905731857792859,4.282894736842105,2.7570907702205703,4.274098360655738,2.730450858734602,0.9979461610133212,0.437,0.01508,0.0,0.0,0.0,0.0,0.0,0.0,0.0,0.0,0.0,0.0,0.0,0.21813515825491842,11.920444824636444,17.142857142857146,0.7185628742514972,0.0,0.0,0.0,0.0,0.0,0.0,0.0,0.0,0.0,0.0,0.0,0.0,0.0,0.0,0.0,nan,nan,4.278489326765189,2.7437847993104585,nan,0.437,0.0804,0.0,0.0,0.0,0.0,0.0,0.0,0.0,0.0,0.0,0.0,0.0,0.0,0.0,0.0,0.0,0.0,3.2078699743370405e-05,0.0,0.0,0.0018177929854576562,0.0,0.0,0.0,0.00019247219846022241,0.002245508982035928,8.554319931565441e-05,0.00504704875962361,0.0006629597946963216,0.009399059024807527,0.0035072711719418307,0.01580410607356715,0.03874037639007699,0.034003421727972626,0.04340248075278015,0.017418733960650128,0.006896920444824636,0.03295551753635586,0.05095166809238665,0.04311377245508982,0.05522882805816937,0.016926860564585117,0.012671086398631308,0.018862275449101795,0.0397027373823781,0.020936698032506414,0.03905047048759624,0.08312660393498716,0.03158682634730539,0.05206372968349016,0.02801539777587682,0.07103293413173653,0.07210222412318221,0.028464499572284002,0.037243370402053035,0.03468776732249786,0.011024379811804961,0.0058704020530367836,0.008971343028229255,0.0015932420872540633,0.01009409751924722,0.0014649272882805817,0.0015718562874251496,4.2771599657827206e-05,0.0005988023952095808,0.005303678357570573,0.004982891360136869,0.0005025662959794696,0.0,0.0,0.0,0.0,0.0,0.0,0.0,0.0,0.0,0.0,0.0,0.0,0.0,0.0,0.0,0.0,0.0,0.0,0.0,0.0,0.0,0.0,0.0,0.0,0.0,0.0,0.0,0.0,0.0,0.0,0.0,0.0,0.0,0.0,nan,nan,4.278489326765189,2.7437847993104585,nan,0.8459553858039701,0.034235369105913786,0.0,0.0,0.0,0.0,0.0,0.0,0.0,0.0,0.0,0.0,0.0,0.0,0.0,0.0,0.0,0.0,0.0,0.0,0.0,0.0,0.0,0.038927335640138415,0.3243944636678201,2.0371972318339036,7.629757785467129,13.105536332179934,5.2292387543252605,1.1678200692041525,0.3243944636678201,0.14273356401384085,0.8450056241601454,0.03455827853526102,0.0,0.0,0.0,0.0,0.0,0.0,0.0,0.0,0.0,0.0,0.0,0.0,0.0,0.0,0.0,0.0,0.0,0.0,0.0,0.0,0.012690355329949242,0.05076142131979697,0.3553299492385788,2.030456852791872,7.969543147208124,12.791878172588836,5.304568527918783,1.0406091370558377,0.30456852791878175,0.13959390862944165,0.4373,0.01525,0.0,0.0,0.0,0.0,0.0,0.0,0.0,0.0,0.0,0.0,0.0,0.20761245674740456,11.846885813148791,17.10207612456748,0.8434256055363324,0.0,0.0,0.0,0.0,0.0,0.0,0.0,0.0,0.0,0.0,0.0,0.0,0.0,0.0,0.0,0.437,0.01491,0.0,0.0,0.0,0.0,0.0,0.0,0.0,0.0,0.0,0.0,0.0,0.22842639593908595,11.992385786802034,17.182741116751274,0.5964467005076143,0.0,0.0,0.0,0.0,0.0,0.0,0.0,0.0,0.0,0.0,0.0,0.0,0.0,0.0,0.0
91800,4819,2419,0.5019713633533929,1159,997,0.4473957252542021,1371,0.5689977173687487,0.45799999999999996,2.9941666666666666,3.114744393828953,6.658132530120482,2.02670279602107,6649.800000000002,1.8189894035458565e-12,6649.8,6649.8,6649.800000000001,9.094947017729282e-13,6649.800000000002,1.8189894035458565e-12,27.448433284913882,20.722456377398842,32.48768962944541,18.991121111811072,0.14359825689977174,0.10541606142353185,0.09545548869059971,0.08258974891056235,0.0803071176592654,0.07553434322473543,0.06930898526665283,0.0622535795808259,0.06204606764888981,0.046690184685619425,0.047105208549491594,0.037767171612367714,0.03278688524590164,0.02552396762813862,0.01846856194231168,0.009960572732932143,0.005187798298402158,0.8440899683816178,0.034191866854823935,0.0,0.0,0.0,0.0,0.0,0.0,0.0,0.0,0.0,0.0,0.0,0.0,0.0,0.0,0.0,0.0,0.0,0.0,0.0,0.0,0.031126789790412956,0.031126789790412956,0.44200041502386395,2.041917410251083,8.092965345507368,12.911392405063294,4.893131355052916,1.170367296119527,0.3174932558622121,0.0684789375389085,4.407152230971128,2.8433352149904407,4.95,3.0736785778607367,1.1231742723144496,4.390676296782666,2.846078455719238,4.433290155440415,2.8429451914178148,1.0097055341312624,0.4368,0.014946,0.0,0.0,0.0,0.0,0.0,0.0,0.0,0.0,0.0,0.0,0.0,0.23033824444905548,11.990039427267071,17.15708653247562,0.622535795808259,0.0,0.0,0.0,0.0,0.0,0.0,0.0,0.0,0.0,0.0,0.0,0.0,0.0,0.0,0.0,nan,nan,4.410691003911343,2.8452325993981353,nan,0.4368,0.08057,0.0,0.0,0.0,0.0,0.0,0.0,0.0,0.0,0.0,0.0,0.0,0.0,0.0,0.0,0.0,0.0,0.0,0.0,0.0,0.0019609877567960156,0.0,0.0,0.0,0.00015563394895206473,0.002625025938991492,1.0375596596804316e-05,0.004700145258352355,0.00021788752853289065,0.009275783357543059,0.003008923013073252,0.016019921145465865,0.041284498858684376,0.03431209794563187,0.04079684581863457,0.019174102510894377,0.007750570657812824,0.03354430379746835,0.05077816974476032,0.04185515667150861,0.05629798713426022,0.017711143390744966,0.013187383274538287,0.017794148163519402,0.04019506121601992,0.019174102510894377,0.03923013073251712,0.08037974683544304,0.031614442830462754,0.053423946876945426,0.028501763851421457,0.07336584353600333,0.06882133222660303,0.027941481635194023,0.03680224112886491,0.036522100020751194,0.011485785432662378,0.0052604274745797885,0.007646814691844781,0.0012658227848101266,0.011070761568790206,0.0018157294044407553,0.001577090682714256,7.262917617763021e-05,0.0007159161651794978,0.004938783980078854,0.0051462959120149405,0.0005706578128242374,0.0,0.0,0.0,0.0,0.0,0.0,0.0,0.0,0.0,0.0,0.0,0.0,0.0,0.0,0.0,0.0,0.0,0.0,0.0,0.0,0.0,0.0,0.0,0.0,0.0,0.0,0.0,0.0,0.0,0.0,0.0,0.0,0.0,0.0,nan,nan,4.410691003911343,2.8452325993981353,nan,0.844692902729599,0.03403840268898904,0.0,0.0,0.0,0.0,0.0,0.0,0.0,0.0,0.0,0.0,0.0,0.0,0.0,0.0,0.0,0.0,0.0,0.0,0.0,0.0,0.02480363786688715,0.02480363786688715,0.44646548160396865,1.86027284001653,8.222405952873089,12.649855312112447,5.221165770979745,1.165770979743696,0.32244729226953295,0.06200909466721787,0.8434822608033816,0.034335139999441266,0.0,0.0,0.0,0.0,0.0,0.0,0.0,0.0,0.0,0.0,0.0,0.0,0.0,0.0,0.0,0.0,0.0,0.0,0.0,0.0,0.037500000000000006,0.037500000000000006,0.4375000000000001,2.224999999999993,7.962500000000001,13.175000000000002,4.562500000000001,1.1750000000000003,0.31250000000000006,0.07500000000000001,0.4368,0.01472,0.0,0.0,0.0,0.0,0.0,0.0,0.0,0.0,0.0,0.0,0.0,0.22323274080198396,12.116577097974373,17.114510128152133,0.5456800330715172,0.0,0.0,0.0,0.0,0.0,0.0,0.0,0.0,0.0,0.0,0.0,0.0,0.0,0.0,0.0,0.437,0.015175,0.0,0.0,0.0,0.0,0.0,0.0,0.0,0.0,0.0,0.0,0.0,0.23749999999999966,11.862500000000002,17.200000000000003,0.7000000000000002,0.0,0.0,0.0,0.0,0.0,0.0,0.0,0.0,0.0,0.0,0.0,0.0,0.0,0.0,0.0
91900,4729,2447,0.5174455487418059,1170,961,0.4506238105307676,1321,0.5586804821315289,0.46599999999999997,2.992988606485539,3.100980013712479,6.634069400630914,2.0379305784305224,6649.8,0.0,6649.8,6649.8,6649.800000000002,1.8189894035458565e-12,6649.800000000001,9.094947017729282e-13,27.931063649820256,20.791880372815722,32.76567987957853,19.06675589562165,0.13787270035948404,0.09579192218227955,0.09663776696976105,0.09262000422922394,0.07887502643264961,0.07316557411714951,0.06407274265172341,0.06809050539226053,0.060900824698667796,0.057094523155001055,0.041234933389722984,0.03764009304292662,0.036582787058574755,0.022626348065130048,0.01966589130894481,0.01184182702474096,0.005286529921759357,0.8457872947241948,0.03508022715901402,0.0,0.0,0.0,0.0,0.0,0.0,0.0,0.0,0.0,0.0,0.0,0.0,0.0,0.0,0.0,0.0,0.0,0.0,0.0,0.01268767181222246,0.02537534362444492,0.0634383590611123,0.34891097483611766,1.972932966800586,7.726792133643478,12.605201945443014,5.6269824487206614,1.1609219708183551,0.3362233030238952,0.12053288221611337,4.288442541982219,2.9037532247072724,4.142857142857143,2.924212784351246,0.966051684801685,4.232650363516193,2.8658145396332317,4.342002600780234,2.939806464617707,1.0258354052124445,0.4365,0.015274,0.0,0.0,0.0,0.0,0.0,0.0,0.0,0.0,0.0,0.0,0.0,0.30450412349333855,12.11672658067245,16.90632268978643,0.6724466060477904,0.0,0.0,0.0,0.0,0.0,0.0,0.0,0.0,0.0,0.0,0.0,0.0,0.0,0.0,0.0,nan,nan,4.287774500163881,2.903864105235791,nan,0.4365,0.0806,0.0,0.0,0.0,0.0,0.0,0.0,0.0,0.0,0.0,0.0,0.0,0.0,0.0,0.0,0.0,0.0,0.0,0.0,0.0,0.0022732078663565236,0.0,0.0,0.0,6.343835906111229e-05,0.0024318037640093043,0.0,0.004535842672869528,0.0006343835906111228,0.010139564389934448,0.002748995559314866,0.01620850074011419,0.03889828716430535,0.03637132586170438,0.04061112285895538,0.01782617889617255,0.007358849651089025,0.03320998096849228,0.04844576020300275,0.04407908648762952,0.0606787904419539,0.01703319940790865,0.014400507506872488,0.018862338760837385,0.04159441742440262,0.019116092197081835,0.03780926200042292,0.07805032776485515,0.03008035525481074,0.054229223937407485,0.02927680270670332,0.072034256713893,0.06855572002537534,0.026686403045041236,0.038189892154789594,0.036783675195601606,0.010900824698667794,0.004895326707549164,0.007083950095157538,0.0012793402410657645,0.011376612391626137,0.0015753859166842885,0.0017868471135546627,7.4011418904631e-05,0.0004969338126453796,0.006121801649397336,0.0043349545358426726,0.0008564178473250159,0.0,0.0,0.0,0.0,0.0,0.0,0.0,0.0,0.0,0.0,0.0,0.0,0.0,0.0,0.0,0.0,0.0,0.0,0.0,0.0,0.0,0.0,0.0,0.0,0.0,0.0,0.0,0.0,0.0,0.0,0.0,0.0,0.0,0.0,nan,nan,4.287774500163881,2.903864105235791,nan,0.8465404092266845,0.03477586735596244,0.0,0.0,0.0,0.0,0.0,0.0,0.0,0.0,0.0,0.0,0.0,0.0,0.0,0.0,0.0,0.0,0.0,0.0,0.0,0.012259910093992648,0.024519820187985295,0.04903964037597059,0.30649775234981613,1.900286064568854,7.73600326930936,12.333469554556602,5.995096035962405,1.2014711892112793,0.35553739272578677,0.08581937065794853,0.8449797262809028,0.03538588236720414,0.0,0.0,0.0,0.0,0.0,0.0,0.0,0.0,0.0,0.0,0.0,0.0,0.0,0.0,0.0,0.0,0.0,0.0,0.0,0.013146362839614376,0.026292725679228753,0.07887817703768625,0.3943908851884313,2.050832602979836,7.716914986853639,12.896581945661703,5.232252410166521,1.1174408413672219,0.315512708150745,0.1577563540753725,0.4365,0.01547,0.0,0.0,0.0,0.0,0.0,0.0,0.0,0.0,0.0,0.0,0.0,0.34327748263179353,12.22313036371067,16.697997548017984,0.7355946056395588,0.0,0.0,0.0,0.0,0.0,0.0,0.0,0.0,0.0,0.0,0.0,0.0,0.0,0.0,0.0,0.4365,0.01506,0.0,0.0,0.0,0.0,0.0,0.0,0.0,0.0,0.0,0.0,0.0,0.26292725679228707,12.002629272567926,17.129710780017533,0.6047326906222613,0.0,0.0,0.0,0.0,0.0,0.0,0.0,0.0,0.0,0.0,0.0,0.0,0.0,0.0,0.0
92000,4747,2385,0.5024225826838002,1076,973,0.4316410364440699,1329,0.5599325890035812,0.478,3.0554614733276884,3.1627953736145114,6.851739788199698,1.9723775170996083,6649.800000000001,9.094947017729282e-13,6649.8,6649.8,6649.800000000002,1.8189894035458565e-12,6649.8,0.0,27.467453128291552,20.940865518000923,32.399044505908975,19.310230913830807,0.14114177375184328,0.10448704444912577,0.0987992416262903,0.09079418580155887,0.07962923951969665,0.06972824942068676,0.07352011796924374,0.06109121550452918,0.05371813777122393,0.050768906677901834,0.0425531914893617,0.03749736675795239,0.03391615757320413,0.025489783020855278,0.01769538655993259,0.012218243100905836,0.006951759005687803,0.8464614123526638,0.03500308023163179,0.0,0.0,0.0,0.0,0.0,0.0,0.0,0.0,0.0,0.0,0.0,0.0,0.0,0.0,0.0,0.0,0.0,0.0,0.0,0.01263956182852328,0.01895934274278492,0.12007583737097116,0.32862860754160533,1.8264166842216079,7.444701917000212,12.772277227722775,5.915314935748896,1.1565199073098802,0.2338318938276807,0.1706340846850643,4.5212080081438755,2.8525240193783303,3.933333333333333,2.885981442921781,0.8699739817872509,4.500672947510094,2.8140556803615837,4.529845741113347,2.892139009681514,1.0064818736983303,0.437,0.01487,0.0,0.0,0.0,0.0,0.0,0.0,0.0,0.0,0.0,0.0,0.0,0.22751211291341866,11.609437539498634,17.42363598061934,0.739414366968612,0.0,0.0,0.0,0.0,0.0,0.0,0.0,0.0,0.0,0.0,0.0,0.0,0.0,0.0,0.0,nan,nan,4.5152838427947595,2.8534673016589536,nan,0.437,0.0805,0.0,0.0,0.0,0.0,0.0,0.0,0.0,0.0,0.0,0.0,0.0,0.0,0.0,0.0,0.0,0.0,0.0,0.0,0.0,0.00291763218875079,0.0,0.0,0.0,0.00016852749104697703,0.0019275331788498,3.1598904571308196e-05,0.00484516536760059,0.0005371813777122393,0.009174215293869813,0.0026648409521803245,0.017632188750789972,0.03878238887718559,0.03387402570044239,0.04056246050136929,0.018053507478407414,0.008184116283968822,0.030124289024647144,0.04727196123867706,0.04289024647145566,0.06269222666947546,0.016578891931746366,0.014219507057088687,0.018074573414788287,0.04457552138192543,0.018506425110596168,0.037149778807668,0.07689066779018328,0.031325047398356856,0.05717295133768696,0.029913629660838423,0.07225616178639141,0.06843269433326311,0.02684853591742153,0.038455866863282076,0.03875078997261428,0.01003791868548557,0.0050874236359806195,0.006288182009690331,0.0010848957236149147,0.011006951759005687,0.0010532968190436064,0.0020328628607541605,0.00012639561828523278,0.00046345060037918687,0.006488308405308616,0.003739203707604803,0.001105961659995787,0.0,0.0,0.0,0.0,0.0,0.0,0.0,0.0,0.0,0.0,0.0,0.0,0.0,0.0,0.0,0.0,0.0,0.0,0.0,0.0,0.0,0.0,0.0,0.0,0.0,0.0,0.0,0.0,0.0,0.0,0.0,0.0,0.0,0.0,nan,nan,4.5152838427947595,2.8534673016589536,nan,0.847169571527645,0.03479379344737478,0.0,0.0,0.0,0.0,0.0,0.0,0.0,0.0,0.0,0.0,0.0,0.0,0.0,0.0,0.0,0.0,0.0,0.0,0.0,0.0,0.01257861635220126,0.10062893081761008,0.30188679245283023,1.8616352201257804,7.333333333333335,12.691823899371073,6.100628930817612,1.1320754716981134,0.2767295597484277,0.1886792452830189,0.8457463574702209,0.035198689664342545,0.0,0.0,0.0,0.0,0.0,0.0,0.0,0.0,0.0,0.0,0.0,0.0,0.0,0.0,0.0,0.0,0.0,0.0,0.0,0.025402201524132098,0.025402201524132098,0.13971210838272652,0.3556308213378494,1.790855207451307,7.557154953429299,12.853513971210841,5.728196443691788,1.1812023708721424,0.19051651143099074,0.15241320914479256,0.4375,0.01507,0.0,0.0,0.0,0.0,0.0,0.0,0.0,0.0,0.0,0.0,0.0,0.23899371069182357,11.45911949685535,17.534591194968556,0.7672955974842769,0.0,0.0,0.0,0.0,0.0,0.0,0.0,0.0,0.0,0.0,0.0,0.0,0.0,0.0,0.0,0.4368,0.01466,0.0,0.0,0.0,0.0,0.0,0.0,0.0,0.0,0.0,0.0,0.0,0.21591871295512247,11.761219305673162,17.311600338696024,0.7112616426756988,0.0,0.0,0.0,0.0,0.0,0.0,0.0,0.0,0.0,0.0,0.0,0.0,0.0,0.0,0.0
92100,4920,2533,0.5148373983739838,1164,1034,0.4467479674796748,1421,0.5776422764227642,0.45799999999999996,3.045245077503142,3.1044593742788495,6.604477611940299,2.1125730817224238,6649.800000000001,9.094947017729282e-13,6649.8,6649.8,6649.800000000002,1.8189894035458565e-12,6649.800000000001,9.094947017729282e-13,28.028861788617885,20.99555654512245,32.976063829787236,19.240867551119333,0.1410569105691057,0.10121951219512196,0.09146341463414634,0.08231707317073171,0.08455284552845528,0.0733739837398374,0.06666666666666667,0.0684959349593496,0.05589430894308943,0.0508130081300813,0.04552845528455285,0.04227642276422764,0.03414634146341464,0.025203252032520326,0.017276422764227643,0.013211382113821139,0.0065040650406504065,0.848570540438338,0.03457529379108859,0.0,0.0,0.0,0.0,0.0,0.0,0.0,0.0,0.0,0.0,0.0,0.0,0.0,0.0,0.0,0.0,0.0,0.0,0.0,0.0,0.0,0.03658536585365854,0.3963414634146342,1.6585365853658485,7.256097560975611,12.57926829268293,6.207317073170733,1.432926829268293,0.28658536585365857,0.14634146341463417,4.33449257034461,2.874226551204604,4.8,2.663331247391757,1.1073960612691465,4.263260025873222,2.8767090279486003,4.40625,2.86861570021835,1.0335400546199363,0.4368,0.0149,0.0,0.0,0.0,0.0,0.0,0.0,0.0,0.0,0.0,0.0,0.0,0.18902439024390216,11.865853658536588,17.25609756097561,0.6890243902439026,0.0,0.0,0.0,0.0,0.0,0.0,0.0,0.0,0.0,0.0,0.0,0.0,0.0,0.0,0.0,nan,nan,4.336689741976086,2.8734446350176146,nan,0.4368,0.0794,0.0,0.0,0.0,0.0,0.0,0.0,0.0,0.0,0.0,0.0,0.0,0.0,0.0,0.0,0.0,2.032520325203252e-05,0.0,0.0,0.0,0.002489837398373984,1.016260162601626e-05,0.0,8.130081300813008e-05,0.00011178861788617886,0.001361788617886179,7.113821138211382e-05,0.003932926829268293,0.0005894308943089431,0.009054878048780487,0.0034247967479674795,0.017002032520325203,0.03715447154471545,0.031615853658536586,0.04061991869918699,0.020091463414634147,0.00866869918699187,0.03076219512195122,0.04608739837398374,0.04455284552845529,0.0636280487804878,0.01761178861788618,0.01508130081300813,0.017967479674796748,0.04682926829268293,0.018384146341463414,0.03941056910569106,0.07842479674796748,0.0325609756097561,0.05731707317073171,0.030152439024390243,0.07021341463414635,0.06596544715447154,0.024949186991869918,0.03813008130081301,0.03853658536585366,0.009786585365853659,0.004745934959349593,0.006534552845528455,0.000975609756097561,0.010579268292682928,0.0009451219512195122,0.0026422764227642275,1.016260162601626e-05,0.0008333333333333334,0.005386178861788618,0.0036077235772357724,0.0010873983739837399,0.0,0.0,0.0,0.0,0.0,0.0,0.0,0.0,0.0,0.0,0.0,0.0,0.0,0.0,0.0,0.0,0.0,0.0,0.0,0.0,0.0,0.0,0.0,0.0,0.0,0.0,0.0,0.0,0.0,0.0,0.0,0.0,0.0,0.0,nan,nan,4.336689741976086,2.8734446350176146,nan,0.8482288515148924,0.03467219809877329,0.0,0.0,0.0,0.0,0.0,0.0,0.0,0.0,0.0,0.0,0.0,0.0,0.0,0.0,0.0,0.0,0.0,0.0,0.0,0.0,0.0,0.023687327279905256,0.4263718910382946,1.812080536912746,7.248322147651008,12.317410185550733,6.265298065534941,1.527832609553889,0.2605606000789578,0.11843663639952627,0.8489331286423967,0.03446846036445113,0.0,0.0,0.0,0.0,0.0,0.0,0.0,0.0,0.0,0.0,0.0,0.0,0.0,0.0,0.0,0.0,0.0,0.0,0.0,0.0,0.0,0.05027230833682448,0.3644742354419775,1.4956011730205232,7.264348554671137,12.85714285714286,6.145789694176792,1.3322161709258487,0.31420192710515293,0.17595307917888567,0.437,0.014725,0.0,0.0,0.0,0.0,0.0,0.0,0.0,0.0,0.0,0.0,0.0,0.1658112909593365,11.89103829451244,17.22068693249112,0.7224634820371103,0.0,0.0,0.0,0.0,0.0,0.0,0.0,0.0,0.0,0.0,0.0,0.0,0.0,0.0,0.0,0.4368,0.015076,0.0,0.0,0.0,0.0,0.0,0.0,0.0,0.0,0.0,0.0,0.0,0.21365731043150368,11.839128613322165,17.29367406786762,0.6535400083787183,0.0,0.0,0.0,0.0,0.0,0.0,0.0,0.0,0.0,0.0,0.0,0.0,0.0,0.0,0.0
92200,5096,2553,0.5009811616954474,1210,1064,0.44623233908948196,1436,0.5635792778649922,0.44599999999999995,2.998820290994888,3.1532490132728572,6.707818930041152,2.143278462551405,6649.800000000001,9.094947017729282e-13,6649.8,6649.8,6649.800000000001,9.094947017729282e-13,6649.800000000002,1.8189894035458565e-12,27.44427001569859,20.747936728028225,32.41482871891131,19.055604025419196,0.13971742543171115,0.1022370486656201,0.09968602825745683,0.0890894819466248,0.08084772370486656,0.07633437990580848,0.06554160125588697,0.06338304552590267,0.06495290423861852,0.044740973312401885,0.04277864992150707,0.03944270015698587,0.03316326530612245,0.02197802197802198,0.018445839874411302,0.011381475667189953,0.006279434850863423,0.8491717091230807,0.03425010932342909,0.0,0.0,0.0,0.0,0.0,0.0,0.0,0.0,0.0,0.0,0.0,0.0,0.0,0.0,0.0,0.0,0.0,0.0,0.0,0.0,0.0,0.08241758241758244,0.30023547880690743,1.6365777080062744,7.058477237048667,12.627551020408166,6.310832025117741,1.5953689167974885,0.31200941915227637,0.07653061224489797,4.377667800804207,2.9015108330854527,4.666666666666667,3.2415947476414306,1.0660166278056478,4.377198302001213,2.9435133539463805,4.381931464174455,2.8626802695238096,1.001081322308628,0.4363,0.01439,0.0,0.0,0.0,0.0,0.0,0.0,0.0,0.0,0.0,0.0,0.0,0.11185243328100455,12.397959183673473,16.97802197802198,0.5121664050235479,0.0,0.0,0.0,0.0,0.0,0.0,0.0,0.0,0.0,0.0,0.0,0.0,0.0,0.0,0.0,nan,nan,4.379532882606023,2.9039255000373063,nan,0.4363,0.07916,0.0,0.0,0.0,0.0,0.0,0.0,0.0,0.0,0.0,0.0,0.0,0.0,0.0,0.0,0.0,0.0,0.0,0.0,0.0,0.0022762951334379905,3.924646781789639e-05,0.0,9.811616954474098e-06,9.811616954474098e-06,0.0012362637362637362,9.811616954474098e-06,0.004807692307692308,0.0006966248037676609,0.007123233908948195,0.003983516483516483,0.01633634222919937,0.03637166405023548,0.03188775510204082,0.04131671899529042,0.02275313971742543,0.009556514913657771,0.03108320251177394,0.044240580847723705,0.04450549450549451,0.06589481946624803,0.018445839874411302,0.014619309262166405,0.01805337519623234,0.04715463108320251,0.01718995290423862,0.04311224489795919,0.07695251177394034,0.03472331240188383,0.05310047095761381,0.03125,0.06756279434850863,0.06615973312401884,0.024077708006279435,0.03654827315541601,0.03901098901098901,0.01098901098901099,0.005249215070643642,0.006259811616954474,0.0007947409733124019,0.009831240188383045,0.0010302197802197802,0.0032672684458398744,0.0,0.0005200156985871271,0.005406200941915228,0.00359105180533752,0.0008830455259026688,0.0,7.849293563579278e-05,0.0,0.0,0.0,0.0,0.0,0.0,0.0,0.0,0.0,0.0,0.0,0.0,0.0,0.0,0.0,0.0,0.0,0.0,0.0,0.0,0.0,0.0,0.0,0.0,0.0,0.0,0.0,0.0,0.0,0.0,0.0,0.0,nan,nan,4.379532882606023,2.9039255000373063,nan,0.8492982219678488,0.03435532598672077,0.0,0.0,0.0,0.0,0.0,0.0,0.0,0.0,0.0,0.0,0.0,0.0,0.0,0.0,0.0,0.0,0.0,0.0,0.0,0.0,0.0,0.05875440658049355,0.38777908343125744,1.6333725029377153,6.65099882491187,12.984723854289074,6.298472385428909,1.6333725029377206,0.2585193889541716,0.09400705052878969,0.8490446987838385,0.03414368123247756,0.0,0.0,0.0,0.0,0.0,0.0,0.0,0.0,0.0,0.0,0.0,0.0,0.0,0.0,0.0,0.0,0.0,0.0,0.0,0.0,0.0,0.10617381046008653,0.21234762092017306,1.6397955171057756,7.46755800235942,12.268973653165556,6.323240267400709,1.5572158867479358,0.36570979158474254,0.05898545025560363,0.4363,0.01435,0.0,0.0,0.0,0.0,0.0,0.0,0.0,0.0,0.0,0.0,0.0,0.09400705052878952,12.66745005875441,16.792009400705055,0.44653349001175097,0.0,0.0,0.0,0.0,0.0,0.0,0.0,0.0,0.0,0.0,0.0,0.0,0.0,0.0,0.0,0.4365,0.01442,0.0,0.0,0.0,0.0,0.0,0.0,0.0,0.0,0.0,0.0,0.0,0.12976799056232777,12.127408572552106,17.164766024380654,0.5780574125049155,0.0,0.0,0.0,0.0,0.0,0.0,0.0,0.0,0.0,0.0,0.0,0.0,0.0,0.0,0.0
92300,4381,2233,0.5097009815110706,1071,908,0.45172335083314313,1274,0.5816023738872403,0.43799999999999994,2.905493482309125,2.9510133960620686,6.258320126782884,1.9359366580016497,6649.800000000001,9.094947017729282e-13,6649.8,6649.8,6649.800000000001,9.094947017729282e-13,6649.800000000001,9.094947017729282e-13,27.99406528189911,20.602075748658553,32.72678185745141,18.881189738166814,0.1344441908240128,0.09860762383017575,0.09244464734078978,0.08947728829034467,0.08696644601689112,0.0712166172106825,0.0671079662177585,0.06551015749828806,0.05637982195845697,0.05889066423191052,0.050216845469070986,0.04245606026021456,0.026934489842501713,0.02624971467701438,0.017575895914174845,0.009358593928326865,0.0061629764893859846,0.8485670510532377,0.032591938137816454,0.0,0.0,0.0,0.0,0.0,0.0,0.0,0.0,0.0,0.0,0.0,0.0,0.0,0.0,0.0,0.0,0.0,0.0,0.0,0.0,0.006847751654873318,0.061629764893859865,0.32869207943391926,1.4174845925587722,6.9915544396256575,13.469527505135817,6.053412462908014,1.38324583428441,0.24651905957543946,0.04108650992923991,4.184859154929577,2.7684050515519654,4.529411764705882,2.8308728036508155,1.0823331436066224,4.265205091937765,2.777402764772795,4.11018711018711,2.7584030564218196,0.9636552103804632,0.436,0.01469,0.0,0.0,0.0,0.0,0.0,0.0,0.0,0.0,0.0,0.0,0.0,0.2122803013010725,12.456060260214565,16.907098835882223,0.42456060260214573,0.0,0.0,0.0,0.0,0.0,0.0,0.0,0.0,0.0,0.0,0.0,0.0,0.0,0.0,0.0,nan,nan,4.1869093454672734,2.768907724325868,nan,0.436,0.07935,0.0,0.0,0.0,0.0,0.0,0.0,0.0,0.0,0.0,0.0,0.0,0.0,0.0,0.0,0.0,0.0,0.0,0.0,0.0,0.001985847979913262,6.847751654873316e-05,5.7064597123944306e-05,3.423875827436658e-05,0.00010271627482309975,0.0009358593928326866,0.0,0.005626569276420908,0.000730426843186487,0.007258616754165716,0.0036407212965076465,0.017473179639351747,0.03704633645286464,0.03374800273910066,0.04056151563569961,0.022061173248116867,0.00871947044053869,0.029776306779274137,0.04398539146313627,0.04318648710340105,0.06724492125085597,0.019721524766035153,0.014985163204747775,0.0177242638666971,0.05134672449212509,0.017005249942935403,0.0437457201552157,0.07333942022369322,0.03574526363843871,0.055558091759872176,0.0283839306094499,0.065567222095412,0.06489385984934946,0.02395571787263182,0.03635014836795252,0.039226204062999315,0.010168911207486876,0.005626569276420908,0.006071673133987674,0.0011869436201780415,0.009381419767176444,0.0009586852316822643,0.003777676329605113,3.423875827436658e-05,0.00042227801871718785,0.006802099977174161,0.0027391006619493265,0.0008673818762839535,0.0,0.0001711937913718329,0.0,0.0,0.0,0.0,0.0,0.0,0.0,0.0,0.0,0.0,0.0,0.0,0.0,0.0,0.0,0.0,0.0,0.0,0.0,0.0,0.0,0.0,0.0,0.0,0.0,0.0,0.0,0.0,0.0,0.0,0.0,0.0,nan,nan,4.1869093454672734,2.768907724325868,nan,0.8485487888225567,0.03265341656337869,0.0,0.0,0.0,0.0,0.0,0.0,0.0,0.0,0.0,0.0,0.0,0.0,0.0,0.0,0.0,0.0,0.0,0.0,0.0,0.0,0.013434841021047922,0.0671742051052396,0.30900134348410213,1.4778325123152662,6.811464397671296,13.609493954321543,6.059113300492612,1.330049261083744,0.2686968204209584,0.053739364084191686,0.8485860359513338,0.03252789285378808,0.0,0.0,0.0,0.0,0.0,0.0,0.0,0.0,0.0,0.0,0.0,0.0,0.0,0.0,0.0,0.0,0.0,0.0,0.0,0.0,0.0,0.05586592178770951,0.3491620111731844,1.3547486033519511,7.178770949720672,13.324022346368718,6.047486033519554,1.43854748603352,0.22346368715083803,0.027932960893854754,0.4358,0.014565,0.0,0.0,0.0,0.0,0.0,0.0,0.0,0.0,0.0,0.0,0.0,0.2015226153157185,12.655620241827142,16.739811912225708,0.40304523063143766,0.0,0.0,0.0,0.0,0.0,0.0,0.0,0.0,0.0,0.0,0.0,0.0,0.0,0.0,0.0,0.4363,0.01481,0.0,0.0,0.0,0.0,0.0,0.0,0.0,0.0,0.0,0.0,0.0,0.22346368715083767,12.24860335195531,17.081005586592184,0.44692737430167606,0.0,0.0,0.0,0.0,0.0,0.0,0.0,0.0,0.0,0.0,0.0,0.0,0.0,0.0,0.0
92400,4325,2170,0.5017341040462427,1021,881,0.43976878612716763,1228,0.5678612716763006,0.46599999999999997,2.9744779582366587,3.0546147271275794,6.524671052631579,2.0701631698222163,6649.800000000002,1.8189894035458565e-12,6649.8,6649.8,6649.800000000002,1.8189894035458565e-12,6649.800000000002,1.8189894035458565e-12,27.905895953757227,20.973116288625935,32.917793103448275,19.209663533249145,0.1424277456647399,0.10150289017341041,0.09618497109826589,0.08277456647398844,0.07514450867052024,0.07421965317919076,0.0723699421965318,0.05942196531791907,0.06335260115606936,0.0492485549132948,0.046242774566473986,0.0446242774566474,0.03144508670520231,0.025202312138728325,0.018728323699421966,0.010635838150289017,0.006473988439306359,0.8476082302104531,0.034363038884827724,0.0,0.0,0.0,0.0,0.0,0.0,0.0,0.0,0.0,0.0,0.0,0.0,0.0,0.0,0.0,0.0,0.0,0.0,0.0,0.0,0.0069364161849711,0.1109826589595376,0.3121387283236995,1.713294797687856,7.435838150289019,12.43005780346821,6.208092485549135,1.4080924855491332,0.3121387283236995,0.062427745664739895,4.357246904588492,2.753170772619124,4.666666666666667,1.855921454276674,1.0710126758601477,4.375805297065139,2.747772211319133,4.34235552304316,2.748914478207224,0.9923557444284795,0.4375,0.014946,0.0,0.0,0.0,0.0,0.0,0.0,0.0,0.0,0.0,0.0,0.0,0.19421965317919046,11.306358381502893,17.72254335260116,0.7768786127167632,0.0,0.0,0.0,0.0,0.0,0.0,0.0,0.0,0.0,0.0,0.0,0.0,0.0,0.0,0.0,nan,nan,4.3592619392185235,2.748388087933427,nan,0.4375,0.07935,0.0,0.0,0.0,0.0,0.0,0.0,0.0,0.0,0.0,0.0,0.0,0.0,0.0,0.0,0.0,0.0,0.0,0.0,0.0,0.0019190751445086706,0.0,0.00011560693641618497,9.248554913294798e-05,0.00012716763005780348,0.0012947976878612717,1.1560693641618498e-05,0.005861271676300578,0.0007630057803468208,0.00684393063583815,0.0032369942196531793,0.016786127167630057,0.03438150289017341,0.03206936416184971,0.039653179190751446,0.02154913294797688,0.008450867052023121,0.02900578034682081,0.04408092485549133,0.044658959537572256,0.0653179190751445,0.019514450867052023,0.012832369942196532,0.01891329479768786,0.05152601156069364,0.01639306358381503,0.04654335260115607,0.07497109826589596,0.03736416184971098,0.05264739884393064,0.031653179190751446,0.06692485549132948,0.06397687861271677,0.02353757225433526,0.037745664739884395,0.03763005780346821,0.011526011560693642,0.00646242774566474,0.006080924855491329,0.0010289017341040462,0.009294797687861272,0.0007167630057803468,0.003919075144508671,3.468208092485549e-05,0.00023121387283236994,0.00838150289017341,0.0024739884393063585,0.0009364161849710983,0.0,0.0005202312138728323,0.0,0.0,0.0,0.0,0.0,0.0,0.0,0.0,0.0,0.0,0.0,0.0,0.0,0.0,0.0,0.0,0.0,0.0,0.0,0.0,0.0,0.0,0.0,0.0,0.0,0.0,0.0,0.0,0.0,0.0,0.0,0.0,nan,nan,4.3592619392185235,2.748388087933427,nan,0.8479690767652978,0.0343869236452014,0.0,0.0,0.0,0.0,0.0,0.0,0.0,0.0,0.0,0.0,0.0,0.0,0.0,0.0,0.0,0.0,0.0,0.0,0.0,0.0,0.0,0.06912442396313366,0.4009216589861752,1.8663594470046023,6.746543778801845,12.995391705069128,6.110599078341015,1.3963133640552998,0.34562211981566826,0.06912442396313366,0.8472448719626513,0.03433513928128621,0.0,0.0,0.0,0.0,0.0,0.0,0.0,0.0,0.0,0.0,0.0,0.0,0.0,0.0,0.0,0.0,0.0,0.0,0.0,0.0,0.01392111368909513,0.15313225058004643,0.2227378190255221,1.5591647331786493,8.129930394431556,11.860788863109052,6.306264501160094,1.4199535962877032,0.2784222737819026,0.05568445475638052,0.4375,0.01486,0.0,0.0,0.0,0.0,0.0,0.0,0.0,0.0,0.0,0.0,0.0,0.27649769585253414,11.101382488479265,17.861751152073737,0.7603686635944703,0.0,0.0,0.0,0.0,0.0,0.0,0.0,0.0,0.0,0.0,0.0,0.0,0.0,0.0,0.0,0.4377,0.01504,0.0,0.0,0.0,0.0,0.0,0.0,0.0,0.0,0.0,0.0,0.0,0.11136890951276086,11.512761020881674,17.58236658932715,0.7935034802784224,0.0,0.0,0.0,0.0,0.0,0.0,0.0,0.0,0.0,0.0,0.0,0.0,0.0,0.0,0.0
92500,4521,2319,0.5129396151293961,1100,908,0.44414952444149525,1266,0.5600530856005309,0.44999999999999996,3.005903723887375,3.0647658721112885,6.507109004739337,2.1500644795352164,6649.800000000002,1.8189894035458565e-12,6649.8,6649.8,6649.800000000001,9.094947017729282e-13,6649.800000000001,9.094947017729282e-13,27.777482857774828,20.816193246966414,32.74802110817942,19.065602341754328,0.14222517142225172,0.10130502101305021,0.09466932094669321,0.084052200840522,0.08073435080734351,0.07542579075425791,0.0676841406768414,0.062154390621543903,0.059721300597213006,0.0539703605397036,0.04468038044680381,0.037602300376023,0.037602300376023,0.025436850254368502,0.0161468701614687,0.0103959301039593,0.0061933200619332,0.8449681600857772,0.03474334271884261,0.0,0.0,0.0,0.0,0.0,0.0,0.0,0.0,0.0,0.0,0.0,0.0,0.0,0.0,0.0,0.0,0.0,0.0,0.0,0.0,0.019907100199071007,0.03317850033178501,0.4246848042468481,2.116788321167877,7.783676177836764,12.800265428002657,5.116124751161248,1.2873258128732583,0.3384207033842071,0.07962840079628403,4.335535465924895,2.865992163847368,3.9545454545454546,3.377428725138168,0.9121238854176541,4.2872852233676975,2.841024303040883,4.378378378378378,2.89901713521088,1.021247281266518,0.4373,0.01485,0.0,0.0,0.0,0.0,0.0,0.0,0.0,0.0,0.0,0.0,0.0,0.17252820172528177,11.493032514930329,17.624419376244198,0.7100199071001992,0.0,0.0,0.0,0.0,0.0,0.0,0.0,0.0,0.0,0.0,0.0,0.0,0.0,0.0,0.0,nan,nan,4.33264320220842,2.870408504090627,nan,0.4373,0.0799,0.0,0.0,0.0,0.0,0.0,0.0,0.0,0.0,0.0,0.0,0.0,0.0,0.0,0.0,0.0,0.0,0.0,0.0,2.2119000221190002e-05,0.001935412519354125,0.0,0.00011059500110595002,0.0,7.7416500774165e-05,0.00077416500774165,2.2119000221190002e-05,0.005673523556735236,0.0011833665118336652,0.00639239106392391,0.0042136695421366955,0.015870382658703826,0.03480424684804247,0.03221632382216324,0.04332006193320062,0.021908869719088696,0.008029197080291971,0.02687458526874585,0.043065693430656936,0.04827471798274718,0.06604733466047334,0.01760672417606724,0.013370935633709356,0.02085821720858217,0.05028754700287547,0.017285998672859987,0.04658261446582614,0.0727936297279363,0.03724839637248396,0.05064145100641451,0.029949126299491265,0.06755142667551427,0.06634594116345942,0.022041583720415838,0.037115682371156825,0.035324043353240436,0.011999557619995577,0.0065029860650298605,0.006558283565582836,0.0006967485069674851,0.008759124087591242,0.0008515815085158151,0.00413625304136253,4.4238000442380005e-05,0.00022119000221190003,0.009455872594558726,0.002598982525989825,0.0015704490157044902,3.3178500331785e-05,0.0007520460075204601,0.0,0.0,0.0,0.0,0.0,0.0,0.0,0.0,0.0,0.0,0.0,0.0,0.0,0.0,0.0,0.0,0.0,0.0,0.0,0.0,0.0,0.0,0.0,0.0,0.0,0.0,0.0,0.0,0.0,0.0,0.0,0.0,nan,nan,4.33264320220842,2.870408504090627,nan,0.8451726173676001,0.034432945034096656,0.0,0.0,0.0,0.0,0.0,0.0,0.0,0.0,0.0,0.0,0.0,0.0,0.0,0.0,0.0,0.0,0.0,0.0,0.0,0.0,0.012936610608020701,0.025873221216041402,0.3880983182406211,2.238033635187574,7.619663648124193,12.703751617076328,5.304010349288488,1.3195342820181115,0.34928848641655896,0.0388098318240621,0.8447528392699066,0.03506597392324875,0.0,0.0,0.0,0.0,0.0,0.0,0.0,0.0,0.0,0.0,0.0,0.0,0.0,0.0,0.0,0.0,0.0,0.0,0.0,0.0,0.02724795640326976,0.04087193460490464,0.46321525885558595,1.989100817438686,7.95640326975477,12.901907356948232,4.9182561307901915,1.253405994550409,0.3269754768392371,0.12261580381471392,0.4373,0.01481,0.0,0.0,0.0,0.0,0.0,0.0,0.0,0.0,0.0,0.0,0.0,0.16817593790426882,11.397153945666238,17.645536869340237,0.7891332470892628,0.0,0.0,0.0,0.0,0.0,0.0,0.0,0.0,0.0,0.0,0.0,0.0,0.0,0.0,0.0,0.4373,0.014885,0.0,0.0,0.0,0.0,0.0,0.0,0.0,0.0,0.0,0.0,0.0,0.17711171662125313,11.594005449591284,17.602179836512263,0.6267029972752045,0.0,0.0,0.0,0.0,0.0,0.0,0.0,0.0,0.0,0.0,0.0,0.0,0.0,0.0,0.0
92600,4297,2155,0.5015126832673958,968,938,0.4435652781010007,1206,0.5613218524552013,0.486,2.929505135387488,3.082915428976906,6.651408450704225,2.1042290052195978,6649.800000000001,9.094947017729282e-13,6649.8,6649.8,6649.800000000002,1.8189894035458565e-12,6649.800000000001,9.094947017729282e-13,27.458924831277635,20.786093211264305,32.390447098028325,19.1005686336097,0.14358855015126834,0.09937165464277403,0.09239003956248545,0.0965790086106586,0.0835466604607866,0.07726320688852688,0.06469629974400745,0.05980916918780545,0.056551082150337446,0.05282755410751687,0.0409588084710263,0.039795205957644866,0.03583895741214801,0.021177565743542005,0.017919478706074004,0.00930882010705143,0.008377938096346288,0.8465415314793558,0.03423382836771223,0.0,0.0,0.0,0.0,0.0,0.0,0.0,0.0,0.0,0.0,0.0,0.0,0.0,0.0,0.0,0.0,0.0,0.0,0.0,0.0,0.0279264603211543,0.07679776588317432,0.3420991389341401,1.7454037700721379,7.519199441470795,13.027693739818481,5.676053060274611,1.179892948568769,0.28624621829183156,0.11868745636490577,4.358663729809105,2.884625910436773,3.772727272727273,2.7457706019161736,0.8655697036055833,4.341356673960613,2.872725063419296,4.368267831149927,2.895518858436595,1.0061987897356435,0.4373,0.014786,0.0,0.0,0.0,0.0,0.0,0.0,0.0,0.0,0.0,0.0,0.0,0.14661391668605983,11.729113334884806,17.42611124040028,0.6981615080288575,0.0,0.0,0.0,0.0,0.0,0.0,0.0,0.0,0.0,0.0,0.0,0.0,0.0,0.0,0.0,nan,nan,4.353969410050984,2.884013104230217,nan,0.4373,0.0795,0.0,0.0,0.0,0.0,0.0,0.0,0.0,0.0,0.0,0.0,0.0,0.0,0.0,0.0,0.0,0.0,0.0,0.0,2.3272050267628578e-05,0.0019432161973469862,0.0,3.4908075401442867e-05,0.0,0.0,0.0008959739353037003,2.3272050267628578e-05,0.005003490807540144,0.000965790086106586,0.006760530602746102,0.004642774028391901,0.017198045147777518,0.032138701419595066,0.0337910169885967,0.04414707935769141,0.021387014195950665,0.008343030020944846,0.027437747265534093,0.04069117989294857,0.049360018617640215,0.06769839422853154,0.01676751221782639,0.013951594135443333,0.019688154526413777,0.04952292296951361,0.015429369327437747,0.04667209681172911,0.07364440307191064,0.036281126367232956,0.05060507330695834,0.031347451710495695,0.06787293460553875,0.0657086339306493,0.02189899930183849,0.03974866185710961,0.03596695368861997,0.012764719571794276,0.006341633697928788,0.006225273446590645,0.00025599255294391437,0.009029555503839888,0.0011054223877123574,0.0039329764952292295,5.8180125669071444e-05,0.0003374447288806144,0.00849429834768443,0.002001396323016058,0.0011170584128461717,0.0001047242262043286,0.0006167093320921573,1.1636025133814289e-05,1.1636025133814289e-05,0.0,0.0,0.0,0.0,0.0,0.0,0.0,0.0,0.0,0.0,0.0,0.0,0.0,0.0,0.0,0.0,0.0,0.0,0.0,0.0,0.0,0.0,0.0,0.0,0.0,0.0,0.0,0.0,0.0,0.0,nan,nan,4.353969410050984,2.884013104230217,nan,0.8466692352516192,0.034418790048435684,0.0,0.0,0.0,0.0,0.0,0.0,0.0,0.0,0.0,0.0,0.0,0.0,0.0,0.0,0.0,0.0,0.0,0.0,0.0,0.0,0.02784222737819026,0.06960556844547565,0.3341067285382831,1.809744779582361,7.587006960556846,12.918793503480282,5.582366589327147,1.2946635730858471,0.23665893271461722,0.1392111368909513,0.8464130526608558,0.03404624679750044,0.0,0.0,0.0,0.0,0.0,0.0,0.0,0.0,0.0,0.0,0.0,0.0,0.0,0.0,0.0,0.0,0.0,0.0,0.0,0.0,0.028011204481792725,0.08403361344537816,0.350140056022409,1.6806722689075577,7.450980392156865,13.137254901960787,5.770308123249301,1.0644257703081235,0.33613445378151263,0.09803921568627454,0.4375,0.01479,0.0,0.0,0.0,0.0,0.0,0.0,0.0,0.0,0.0,0.0,0.0,0.11136890951276086,11.749419953596291,17.373549883990723,0.7656612529002322,0.0,0.0,0.0,0.0,0.0,0.0,0.0,0.0,0.0,0.0,0.0,0.0,0.0,0.0,0.0,0.437,0.01477,0.0,0.0,0.0,0.0,0.0,0.0,0.0,0.0,0.0,0.0,0.0,0.1820728291316524,11.708683473389359,17.478991596638657,0.6302521008403362,0.0,0.0,0.0,0.0,0.0,0.0,0.0,0.0,0.0,0.0,0.0,0.0,0.0,0.0,0.0
92700,4527,2299,0.5078418378617185,1063,941,0.44267726971504306,1280,0.5654959134084383,0.45399999999999996,2.9479353680430878,3.0696551908051033,6.513957307060755,2.1618164847592074,6649.800000000002,1.8189894035458565e-12,6649.8,6649.8,6649.800000000001,9.094947017729282e-13,6649.800000000001,9.094947017729282e-13,27.76430307046609,20.969886533698272,32.7921837866385,19.245851810022376,0.14358294676386127,0.09609012591119948,0.09476474486414845,0.09542743538767395,0.07488402915838303,0.07620941020543406,0.0728959575878065,0.0651645681466755,0.05345703556439143,0.04705102717031146,0.043516677711508724,0.043074884029158385,0.03180914512922465,0.02385685884691849,0.017892644135188866,0.010382151535233046,0.009940357852882704,0.8477362522574379,0.03451982815925115,0.0,0.0,0.0,0.0,0.0,0.0,0.0,0.0,0.0,0.0,0.0,0.0,0.0,0.0,0.0,0.0,0.0,0.0,0.0,0.0,0.006626905235255137,0.0861497680583168,0.38436050364479796,1.6898608349900544,7.289595758780651,12.564612326043742,6.129887342611002,1.4777998674618957,0.3048376408217363,0.06626905235255137,4.321292115317819,2.866958817852447,4.086956521739131,2.8879516357244546,0.9457718693101003,4.17590027700831,2.83103611134502,4.46159122085048,2.895570277997073,1.068414216070994,0.4373,0.01484,0.0,0.0,0.0,0.0,0.0,0.0,0.0,0.0,0.0,0.0,0.0,0.15904572564612304,11.8025182239894,17.32273028495693,0.7157057654075549,0.0,0.0,0.0,0.0,0.0,0.0,0.0,0.0,0.0,0.0,0.0,0.0,0.0,0.0,0.0,nan,nan,4.319434872501723,2.8672010976056894,nan,0.4373,0.0795,0.0,0.0,0.0,0.0,0.0,0.0,0.0,0.0,0.0,0.0,0.0,0.0,0.0,0.0,0.0,0.0,0.0,0.0,0.00012149326264634415,0.001557322730284957,0.0,1.104484205875856e-05,0.0,0.0,0.00047492820852661807,0.00012149326264634415,0.004716147559089905,0.0011155290479346145,0.007532582284073338,0.005224210293792799,0.019350563286944997,0.03149988955157941,0.03204108681245858,0.04099845372211177,0.02191296664457698,0.008250497017892645,0.027170311464546057,0.03918709962447537,0.05104925999558206,0.07222222222222222,0.01772697150430749,0.012745747735807379,0.017594433399602386,0.050508062734702895,0.01487740225314778,0.04564833222884913,0.07803180914512922,0.037011265738899936,0.048873426110006626,0.03236138723216258,0.06554009277667329,0.06286724099845373,0.020145791915175612,0.04004859730505854,0.03759664236801414,0.01220455047492821,0.007013474707311685,0.006085707974375966,0.00015462778882261984,0.01050364479787939,0.0012922465208747515,0.0040865915617406675,9.940357852882704e-05,0.00037552462999779104,0.008250497017892645,0.0021979235696929535,0.0008062734702893749,0.00030925557764523967,0.0004859730505853766,0.0,0.0,0.0,0.0,0.0,0.0,0.0,0.0,0.0,0.0,0.0,0.0,0.0,0.0,0.0,0.0,0.0,0.0,0.0,0.0,0.0,0.0,0.0,0.0,0.0,0.0,0.0,0.0,0.0,0.0,0.0,0.0,nan,nan,4.319434872501723,2.8672010976056894,nan,0.8478873539821331,0.03506332961673581,0.0,0.0,0.0,0.0,0.0,0.0,0.0,0.0,0.0,0.0,0.0,0.0,0.0,0.0,0.0,0.0,0.0,0.0,0.0,0.0,0.013049151805132669,0.11744236624619402,0.46976946498477606,1.6311439756415782,7.255328403653764,12.540234884732495,6.067855589386691,1.5267507612005224,0.31317964332318404,0.06524575902566335,0.8475803353521083,0.03394918187414467,0.0,0.0,0.0,0.0,0.0,0.0,0.0,0.0,0.0,0.0,0.0,0.0,0.0,0.0,0.0,0.0,0.0,0.0,0.0,0.0,0.0,0.05385996409335728,0.29622980251346503,1.7504488330341057,7.32495511669659,12.589766606822266,6.193895870736088,1.4272890484739682,0.29622980251346503,0.0673249551166966,0.4373,0.01485,0.0,0.0,0.0,0.0,0.0,0.0,0.0,0.0,0.0,0.0,0.0,0.15658982166159177,11.900826446280995,17.237929534580257,0.7046541974771642,0.0,0.0,0.0,0.0,0.0,0.0,0.0,0.0,0.0,0.0,0.0,0.0,0.0,0.0,0.0,0.4373,0.014824,0.0,0.0,0.0,0.0,0.0,0.0,0.0,0.0,0.0,0.0,0.0,0.16157989228007158,11.70107719928187,17.41023339317774,0.7271095152603234,0.0,0.0,0.0,0.0,0.0,0.0,0.0,0.0,0.0,0.0,0.0,0.0,0.0,0.0,0.0
92800,4455,2279,0.5115600448933783,1077,927,0.4498316498316498,1263,0.567003367003367,0.46599999999999997,2.9829963235294117,3.053774399144252,6.473941368078176,2.0958634075894342,6649.800000000002,1.8189894035458565e-12,6649.8,6649.8,6649.800000000001,9.094947017729282e-13,6649.800000000001,9.094947017729282e-13,28.163636363636364,21.057015802304957,33.279656468062264,19.224013473549366,0.14276094276094276,0.09764309764309764,0.09068462401795735,0.08731762065095398,0.07856341189674523,0.06980920314253647,0.0675645342312009,0.06374859708193041,0.06240179573512907,0.05117845117845118,0.05342312008978676,0.03928170594837262,0.03322109988776655,0.024691358024691357,0.019079685746352413,0.010998877665544332,0.007631874298540965,0.8475966609019355,0.034437467740669234,0.0,0.0,0.0,0.0,0.0,0.0,0.0,0.0,0.0,0.0,0.0,0.0,0.0,0.0,0.0,0.0,0.0,0.0,0.0,0.0,0.0067340067340067354,0.033670033670033676,0.3905723905723907,1.8720538720538664,7.265993265993267,12.525252525252528,6.060606060606062,1.427609427609428,0.356902356902357,0.06060606060606062,4.281881533101045,2.800009820771805,3.875,1.899835519196333,0.9049759947920905,4.234602076124568,2.764764692264842,4.324305555555555,2.8271438897414596,1.0211834495469483,0.4355,0.014565,0.0,0.0,0.0,0.0,0.0,0.0,0.0,0.0,0.0,0.0,0.0,0.22222222222222188,12.861952861952865,16.451178451178453,0.46464646464646475,0.0,0.0,0.0,0.0,0.0,0.0,0.0,0.0,0.0,0.0,0.0,0.0,0.0,0.0,0.0,nan,nan,4.279625779625779,2.795981548414093,nan,0.4355,0.0795,0.0,0.0,0.0,0.0,0.0,0.0,0.0,0.0,0.0,0.0,0.0,0.0,0.0,0.0,0.0,0.0,0.0,0.0,1.122334455667789e-05,0.0009427609427609427,0.0,0.0,0.0,0.0,0.0008080808080808081,0.0,0.005061728395061729,0.0010325476992143659,0.009147025813692481,0.00590347923681257,0.019405162738496073,0.03127946127946128,0.03392817059483726,0.04262626262626262,0.023490460157126823,0.007542087542087542,0.02856341189674523,0.04038159371492705,0.051683501683501686,0.07115600448933783,0.017575757575757574,0.01335578002244669,0.016677890011223346,0.049595959595959596,0.013322109988776655,0.045869809203142535,0.08185185185185186,0.0362962962962963,0.049427609427609424,0.030751964085297418,0.06358024691358025,0.060471380471380475,0.019842873176206508,0.03994388327721661,0.03567901234567901,0.013063973063973064,0.006442199775533109,0.005757575757575757,0.0001122334455667789,0.010684624017957351,0.0009876543209876543,0.004612794612794613,3.367003367003367e-05,0.0002805836139169473,0.006588103254769922,0.002244668911335578,0.0010886644219977554,0.0004264870931537598,0.00047138047138047136,0.0,0.0,0.0,0.0,0.0,0.0,0.0,0.0,0.0,0.0,0.0,0.0,0.0,0.0,0.0,0.0,0.0,0.0,0.0,0.0,0.0,0.0,0.0,0.0,0.0,0.0,0.0,0.0,0.0,0.0,0.0,0.0,nan,nan,4.279625779625779,2.795981548414093,nan,0.8480520225920767,0.034836432956020146,0.0,0.0,0.0,0.0,0.0,0.0,0.0,0.0,0.0,0.0,0.0,0.0,0.0,0.0,0.0,0.0,0.0,0.0,0.0,0.0,0.0,0.013163668275559459,0.3554190434401054,1.9482229047827935,7.345326897762178,12.308029837648094,6.09477841158403,1.4743308468626595,0.3817463799912243,0.07898200965335675,0.8471197448670864,0.034008064672708595,0.0,0.0,0.0,0.0,0.0,0.0,0.0,0.0,0.0,0.0,0.0,0.0,0.0,0.0,0.0,0.0,0.0,0.0,0.0,0.0,0.013786764705882356,0.055147058823529424,0.42738970588235303,1.7922794117647003,7.182904411764707,12.75275735294118,6.02481617647059,1.3786764705882355,0.3308823529411765,0.041360294117647065,0.4358,0.01473,0.0,0.0,0.0,0.0,0.0,0.0,0.0,0.0,0.0,0.0,0.0,0.22378236068451043,12.808249232119353,16.52040368582712,0.4475647213690216,0.0,0.0,0.0,0.0,0.0,0.0,0.0,0.0,0.0,0.0,0.0,0.0,0.0,0.0,0.0,0.4355,0.01439,0.0,0.0,0.0,0.0,0.0,0.0,0.0,0.0,0.0,0.0,0.0,0.22058823529411734,12.918198529411768,16.37867647058824,0.48253676470588247,0.0,0.0,0.0,0.0,0.0,0.0,0.0,0.0,0.0,0.0,0.0,0.0,0.0,0.0,0.0
92900,4723,2382,0.5043404615710354,1095,1030,0.4499258945585433,1341,0.567859411391065,0.45399999999999996,2.8936351986330626,2.9459400283009582,6.3484375,1.9466712122476537,6649.800000000001,9.094947017729282e-13,6649.8,6649.8,6649.8,0.0,6649.800000000002,1.8189894035458565e-12,27.692356553038323,20.750312779091857,32.57052896725441,19.036136601146872,0.13847131060766463,0.101418589879314,0.09379631590091043,0.08363328392970569,0.08702096125344061,0.08193944526783824,0.06711835697649798,0.06288376032182935,0.05483802667795892,0.04848613169595596,0.04636883336862164,0.04065212788481897,0.0355706118992166,0.02498412026254499,0.016726656785941138,0.009951302138471311,0.006140165149269532,0.8493527812319692,0.03502329475552922,0.0,0.0,0.0,0.0,0.0,0.0,0.0,0.0,0.0,0.0,0.0,0.0,0.0,0.0,0.0,0.0,0.0,0.0,0.0,0.006351894982002965,0.006351894982002965,0.06987084480203262,0.2921871691721364,1.6260851153927538,7.02519585009528,12.74190133389795,6.193097607452891,1.5117510057167058,0.38111369892017793,0.1460935845860682,4.309570957095709,2.79684065289826,3.3333333333333335,2.581988897471611,0.7734722009496096,4.248516809492419,2.7400336768570415,4.3646517739816035,2.8509419640564433,1.0273354136741804,0.4353,0.01475,0.0,0.0,0.0,0.0,0.0,0.0,0.0,0.0,0.0,0.0,0.0,0.3302985390641537,12.773660808807964,16.508575058225706,0.38746559390218094,0.0,0.0,0.0,0.0,0.0,0.0,0.0,0.0,0.0,0.0,0.0,0.0,0.0,0.0,0.0,nan,nan,4.306679828891083,2.796731886736626,nan,0.4353,0.08,0.0,0.0,0.0,0.0,0.0,0.0,0.0,0.0,0.0,0.0,0.0,0.0,0.0,0.0,0.0,0.0,0.0,0.0,0.0,0.0006034300232902816,0.0,0.0,0.0,0.0,0.0009104382807537582,5.2932458183358036e-05,0.0051132754605123865,0.0008998517891170866,0.009125555790810926,0.005790810925259369,0.01956383654456913,0.0319182722845649,0.03443785729409274,0.040768579292822356,0.025259369045098453,0.007929282235867034,0.030658479779800973,0.04027101418589879,0.056489519373279694,0.07356553038323099,0.016049121321194158,0.012544992589455854,0.014397628625873385,0.0491424941774296,0.013773025619309761,0.04536311666313784,0.08111369892017785,0.03484014397628626,0.04740630954901546,0.027503705272072836,0.06233326275672242,0.0625661655727292,0.01910861740419225,0.040334533135718824,0.03689392335380055,0.011316959559601948,0.007188227821300021,0.005494389159432564,0.0002540757992801186,0.010184204954478086,0.001100995130213847,0.005917848824899428,0.0,0.0003705272072835062,0.007188227821300021,0.0024560660597078127,0.0008680923142070718,0.00059284353165361,0.0003387677323734914,0.0,0.0,0.0,0.0,0.0,0.0,0.0,0.0,0.0,0.0,0.0,0.0,0.0,0.0,0.0,0.0,0.0,0.0,0.0,0.0,0.0,0.0,0.0,0.0,0.0,0.0,0.0,0.0,0.0,0.0,0.0,0.0,nan,nan,4.306679828891083,2.796731886736626,nan,0.8490321921711704,0.03462972763570076,0.0,0.0,0.0,0.0,0.0,0.0,0.0,0.0,0.0,0.0,0.0,0.0,0.0,0.0,0.0,0.0,0.0,0.0,0.0,0.012594458438287156,0.0,0.037783375314861464,0.3274559193954661,1.6876574307304735,7.115869017632243,12.70780856423174,6.171284634760707,1.4231738035264487,0.36523929471032757,0.15113350125944586,0.8496789850520559,0.035416287766352306,0.0,0.0,0.0,0.0,0.0,0.0,0.0,0.0,0.0,0.0,0.0,0.0,0.0,0.0,0.0,0.0,0.0,0.0,0.0,0.0,0.012815036309269546,0.10252029047415637,0.2563007261853909,1.5634344297308793,6.932934643314824,12.776591200341738,6.21529260999573,1.6018795386586933,0.3972661255873559,0.140965399401965,0.435,0.01449,0.0,0.0,0.0,0.0,0.0,0.0,0.0,0.0,0.0,0.0,0.0,0.26448362720402985,13.060453400503782,16.29722921914358,0.3778337531486147,0.0,0.0,0.0,0.0,0.0,0.0,0.0,0.0,0.0,0.0,0.0,0.0,0.0,0.0,0.0,0.4353,0.01501,0.0,0.0,0.0,0.0,0.0,0.0,0.0,0.0,0.0,0.0,0.0,0.39726612558735525,12.481845365228537,16.723622383596755,0.3972661255873559,0.0,0.0,0.0,0.0,0.0,0.0,0.0,0.0,0.0,0.0,0.0,0.0,0.0,0.0,0.0
93000,4348,2312,0.531738730450782,1107,862,0.452851885924563,1167,0.5367985280588776,0.514,3.1277013752455796,3.187709517166374,6.782006920415225,2.0766175885195253,6649.800000000001,9.094947017729282e-13,6649.8,6649.8,6649.800000000001,9.094947017729282e-13,6649.800000000002,1.8189894035458565e-12,28.29438822447102,21.03569043544404,33.18543768748295,19.270595478999084,0.1375344986200552,0.09521619135234591,0.09291628334866606,0.08831646734130635,0.07635694572217111,0.07911683532658693,0.06692732290708371,0.07014719411223551,0.060257589696412144,0.05128794848206072,0.04576816927322907,0.038178472861085555,0.03150873965041398,0.025758969641214352,0.018859245630174794,0.01218951241950322,0.009659613615455382,0.8491606530840504,0.03511238597327051,0.0,0.0,0.0,0.0,0.0,0.0,0.0,0.0,0.0,0.0,0.0,0.0,0.0,0.0,0.0,0.0,0.0,0.0,0.0,0.0,0.01379944802207912,0.05519779208831648,0.35188592456301754,1.5179392824286981,7.2654093836246565,12.481600735970565,6.223551057957684,1.6214351425942966,0.31048758049678016,0.15869365225390986,4.244927020291919,2.9676966296912486,3.8666666666666667,2.6549743668986503,0.9108911998210891,4.169349195241428,3.001867565976388,4.318279569892473,2.927399162622779,1.035720292946684,0.4353,0.01492,0.0,0.0,0.0,0.0,0.0,0.0,0.0,0.0,0.0,0.0,0.0,0.3311867525298983,12.86108555657774,16.33854645814168,0.46918123275069007,0.0,0.0,0.0,0.0,0.0,0.0,0.0,0.0,0.0,0.0,0.0,0.0,0.0,0.0,0.0,nan,nan,4.242917847025495,2.966250098155744,nan,0.4353,0.08014,0.0,0.0,0.0,0.0,0.0,0.0,0.0,0.0,0.0,0.0,0.0,0.0,0.0,0.0,0.0,0.0,0.0,0.0,0.0,0.00040248390064397425,0.0,0.0,0.0,0.0,0.001264949402023919,0.0001839926402943882,0.0046918123275069,0.0009659613615455382,0.009360625574977001,0.006750229990800368,0.019894204231830727,0.03172723091076357,0.033084176632934684,0.03859245630174793,0.027909383624655015,0.008199172033118676,0.030910763569457222,0.039454921803127874,0.0562557497700092,0.07133164673413063,0.018341766329346827,0.012281508739650414,0.014569917203311867,0.05056347746090156,0.012695492180312788,0.04636614535418583,0.07903633854645814,0.03240570377184913,0.04813707451701932,0.02798988040478381,0.06321297148114076,0.06391444342226311,0.019008739650413983,0.040903863845446184,0.03655703771849126,0.010821067157313707,0.006922723091076357,0.005876264949402024,0.0003219871205151794,0.009659613615455382,0.0010234590616375345,0.005542778288868446,0.0,0.000218491260349586,0.008084176632934682,0.002702391904323827,0.0008509659613615456,0.0006439742410303588,0.0003679852805887764,0.0,0.0,0.0,0.0,0.0,0.0,0.0,0.0,0.0,0.0,0.0,0.0,0.0,0.0,0.0,0.0,0.0,0.0,0.0,0.0,0.0,0.0,0.0,0.0,0.0,0.0,0.0,0.0,0.0,0.0,0.0,0.0,nan,nan,4.242917847025495,2.966250098155744,nan,0.8485662029173134,0.035626987109335276,0.0,0.0,0.0,0.0,0.0,0.0,0.0,0.0,0.0,0.0,0.0,0.0,0.0,0.0,0.0,0.0,0.0,0.0,0.0,0.0,0.02595155709342561,0.07785467128027683,0.38927335640138416,1.5181660899653933,7.435121107266437,12.48269896193772,6.020761245674742,1.5830449826989623,0.3114186851211073,0.15570934256055366,0.849835686868675,0.03450630977106068,0.0,0.0,0.0,0.0,0.0,0.0,0.0,0.0,0.0,0.0,0.0,0.0,0.0,0.0,0.0,0.0,0.0,0.0,0.0,0.0,0.0,0.029469548133595293,0.30943025540275054,1.5176817288801525,7.07269155206287,12.480353634577607,6.453831041257369,1.665029469548134,0.30943025540275054,0.16208251473477409,0.435,0.01502,0.0,0.0,0.0,0.0,0.0,0.0,0.0,0.0,0.0,0.0,0.0,0.35034602076124516,13.18339100346021,16.05103806228374,0.4152249134948098,0.0,0.0,0.0,0.0,0.0,0.0,0.0,0.0,0.0,0.0,0.0,0.0,0.0,0.0,0.0,0.4355,0.01481,0.0,0.0,0.0,0.0,0.0,0.0,0.0,0.0,0.0,0.0,0.0,0.30943025540275004,12.495088408644405,16.665029469548138,0.5304518664047152,0.0,0.0,0.0,0.0,0.0,0.0,0.0,0.0,0.0,0.0,0.0,0.0,0.0,0.0,0.0
93100,4561,2285,0.5009866257399693,1069,989,0.45121683841262883,1310,0.5744354308265731,0.492,2.9859402460456943,3.150832601758292,6.834162520729685,2.145385828166222,6649.800000000002,1.8189894035458565e-12,6649.8,6649.8,6649.800000000002,1.8189894035458565e-12,6649.800000000002,1.8189894035458565e-12,27.43455382591537,20.729359888664703,32.48121880745994,18.976617350822043,0.14317035737776804,0.1034860776145582,0.08945406709055032,0.09603157202367901,0.080903310677483,0.06906380179785135,0.06292479719359789,0.07037930278447709,0.06292479719359789,0.05064678798509099,0.04385003288752467,0.03749177811883359,0.028721771541328656,0.027406270554702915,0.01710151282613462,0.010743258057443543,0.005700504275378207,0.849247662795267,0.03490419416009595,0.0,0.0,0.0,0.0,0.0,0.0,0.0,0.0,0.0,0.0,0.0,0.0,0.0,0.0,0.0,0.0,0.0,0.0,0.0,0.0,0.019732514799386102,0.03288752466564351,0.4143828107871082,1.6049112036833977,6.597237447928087,13.161587371190532,6.189432142074108,1.4338960754220569,0.4275378206533656,0.11839508879631662,4.453732370141039,2.9178953333518107,4.0,2.4784787961282104,0.8981231173244767,4.427698574338086,2.942599759679639,4.473393227366966,2.888234317037501,1.0103201815258418,0.435,0.01451,0.0,0.0,0.0,0.0,0.0,0.0,0.0,0.0,0.0,0.0,0.0,0.19074764306073203,12.931374698531027,16.40429730322298,0.4735803551852665,0.0,0.0,0.0,0.0,0.0,0.0,0.0,0.0,0.0,0.0,0.0,0.0,0.0,0.0,0.0,nan,nan,4.451557685724067,2.9161155718273597,nan,0.435,0.07965,0.0,0.0,0.0,0.0,0.0,0.0,0.0,0.0,0.0,0.0,0.0,0.0,0.0,0.0,0.0,0.0,0.0,0.0,0.0,0.00030695023021267266,0.0,0.0,0.0,0.0,0.0012716509537382154,0.000197325147993861,0.004406928305196229,0.0008221881166410875,0.009197544398158298,0.007454505590879193,0.01933786450339838,0.031977636483227365,0.033632975224731416,0.03609953957465468,0.027680333260249945,0.007958780969085727,0.03150624862968647,0.03978294233720675,0.05953738215303662,0.06943652707739531,0.01898706424029818,0.012727472045604035,0.015303661477746108,0.05071256303442227,0.013231747423810569,0.046820872615654464,0.0795110721333041,0.030179785134838853,0.048991449243586935,0.028414821311115983,0.06387853540890155,0.06407586055689542,0.019019951764963825,0.04086823065117299,0.03345757509318132,0.01212453409340057,0.006270554702916027,0.005327778995834247,0.0006248629686472265,0.010129357597018197,0.0009098881824161369,0.005656654242490682,0.0,0.00018636263977197983,0.008167068625301468,0.0022144266608199958,0.0006796755097566323,0.0007673755755316816,0.00015347511510633633,0.0,0.0,0.0,0.0,0.0,0.0,0.0,0.0,0.0,0.0,0.0,0.0,0.0,0.0,0.0,0.0,0.0,0.0,0.0,0.0,0.0,0.0,0.0,0.0,0.0,0.0,0.0,0.0,0.0,0.0,0.0,0.0,nan,nan,4.451557685724067,2.9161155718273597,nan,0.8489912783812642,0.035238651792827154,0.0,0.0,0.0,0.0,0.0,0.0,0.0,0.0,0.0,0.0,0.0,0.0,0.0,0.0,0.0,0.0,0.0,0.0,0.0,0.0,0.013129102844638953,0.03938730853391686,0.4463894967177244,1.864332603938725,6.249452954048142,13.312910284463898,6.026258205689279,1.5229759299781185,0.4463894967177244,0.07877461706783372,0.8495050610316449,0.03456324559041829,0.0,0.0,0.0,0.0,0.0,0.0,0.0,0.0,0.0,0.0,0.0,0.0,0.0,0.0,0.0,0.0,0.0,0.0,0.0,0.0,0.026362038664323382,0.026362038664323382,0.382249560632689,1.3444639718804878,6.946397188049211,13.009666080843589,6.353251318101935,1.3444639718804923,0.4086115992970124,0.15817223198594027,0.435,0.01434,0.0,0.0,0.0,0.0,0.0,0.0,0.0,0.0,0.0,0.0,0.0,0.1312910284463893,12.853391684901535,16.568927789934357,0.4463894967177244,0.0,0.0,0.0,0.0,0.0,0.0,0.0,0.0,0.0,0.0,0.0,0.0,0.0,0.0,0.0,0.435,0.01468,0.0,0.0,0.0,0.0,0.0,0.0,0.0,0.0,0.0,0.0,0.0,0.2504393673110717,13.009666080843589,16.2390158172232,0.5008787346221442,0.0,0.0,0.0,0.0,0.0,0.0,0.0,0.0,0.0,0.0,0.0,0.0,0.0,0.0,0.0
93200,4649,2389,0.5138739513873951,1135,956,0.4497741449774145,1315,0.5657130565713057,0.46799999999999997,2.973008849557522,3.0924797121134344,6.650546021840873,2.006900074191136,6649.800000000001,9.094947017729282e-13,6649.8,6649.8,6649.800000000001,9.094947017729282e-13,6649.800000000002,1.8189894035458565e-12,28.091417509141753,20.737033373708822,33.049423815621,18.91406173782281,0.13895461389546138,0.09614970961497096,0.09163260916326092,0.08754570875457088,0.08130780813078081,0.07937190793719079,0.06280920628092063,0.06108840610884061,0.06366960636696063,0.055065605506560554,0.048397504839750485,0.04108410410841041,0.03484620348462035,0.02516670251667025,0.015487201548720155,0.01312110131211013,0.004302000430200043,0.8512931859962503,0.03549727089038519,0.0,0.0,0.0,0.0,0.0,0.0,0.0,0.0,0.0,0.0,0.0,0.0,0.0,0.0,0.0,0.0,0.0,0.0,0.0,0.0,0.0,0.058077005807700595,0.3420090342009035,1.43901914390191,6.440094644009466,12.899548289954833,6.691761669176168,1.464831146483115,0.42589804258980435,0.23876102387610243,4.251503006012024,2.866176782904252,3.85,2.1742814905158903,0.9055621022861183,4.25853985264568,2.86655701270454,4.24078947368421,2.8584904753705116,0.9958318156984155,0.4348,0.01442,0.0,0.0,0.0,0.0,0.0,0.0,0.0,0.0,0.0,0.0,0.0,0.2516670251667022,13.131856313185635,16.197031619703164,0.41944504194450427,0.0,0.0,0.0,0.0,0.0,0.0,0.0,0.0,0.0,0.0,0.0,0.0,0.0,0.0,0.0,nan,nan,4.248838752488387,2.8623225111451243,nan,0.4348,0.0795,0.0,0.0,0.0,0.0,0.0,0.0,0.0,0.0,0.0,0.0,0.0,0.0,0.0,0.0,0.0,0.0,0.0,0.0,0.0,0.00034416003441600345,0.0,0.0,0.0,0.0,0.0011722951172295118,0.00021510002151000216,0.00394708539470854,0.0008711550871155087,0.009367605936760594,0.008184555818455582,0.019703161970316196,0.03201763820176382,0.03431920843192084,0.036663798666379865,0.026252957625295763,0.008797590879759088,0.03180253818025382,0.038395353839535386,0.06063669606366961,0.06697139169713917,0.018713701871370187,0.012690901269090126,0.01676704667670467,0.05212949021294902,0.013755646375564638,0.04634329963432996,0.07693052269305227,0.03092062809206281,0.046440094644009465,0.027457517745751774,0.06598193159819316,0.06601419660141966,0.017627446762744678,0.04269735426973543,0.03483544848354485,0.01201333620133362,0.00603355560335556,0.005205420520542052,0.0004409550440955044,0.009270810927081093,0.0007098300709830071,0.005603355560335556,0.0,0.0003334050333405033,0.008604000860400087,0.0017208001720800173,0.0004732200473220047,0.0004409550440955044,0.00018283501828350184,0.0,0.0,0.0,0.0,0.0,0.0,0.0,0.0,0.0,0.0,0.0,0.0,0.0,0.0,0.0,0.0,0.0,0.0,0.0,0.0,0.0,0.0,0.0,0.0,0.0,0.0,0.0,0.0,0.0,0.0,0.0,0.0,nan,nan,4.248838752488387,2.8623225111451243,nan,0.8500024773376963,0.0352693401517527,0.0,0.0,0.0,0.0,0.0,0.0,0.0,0.0,0.0,0.0,0.0,0.0,0.0,0.0,0.0,0.0,0.0,0.0,0.0,0.0,0.0,0.07534533277521976,0.36416910841356226,1.5069066555043904,6.630389284219341,12.771033905399753,6.7182921724570965,1.3311008790288827,0.4143993302637088,0.18836333193804944,0.8526575678481465,0.03568591119002099,0.0,0.0,0.0,0.0,0.0,0.0,0.0,0.0,0.0,0.0,0.0,0.0,0.0,0.0,0.0,0.0,0.0,0.0,0.0,0.0,0.0,0.03982300884955753,0.31858407079646023,1.3672566371681374,6.238938053097347,13.035398230088498,6.663716814159294,1.6061946902654871,0.43805309734513287,0.29203539823008856,0.435,0.014565,0.0,0.0,0.0,0.0,0.0,0.0,0.0,0.0,0.0,0.0,0.0,0.23859355378819558,13.172875680200924,16.061113436584346,0.5274173294265384,0.0,0.0,0.0,0.0,0.0,0.0,0.0,0.0,0.0,0.0,0.0,0.0,0.0,0.0,0.0,0.4346,0.01426,0.0,0.0,0.0,0.0,0.0,0.0,0.0,0.0,0.0,0.0,0.0,0.2654867256637164,13.088495575221241,16.340707964601773,0.30530973451327437,0.0,0.0,0.0,0.0,0.0,0.0,0.0,0.0,0.0,0.0,0.0,0.0,0.0,0.0,0.0
93300,4772,2431,0.5094300083822296,1126,983,0.4419530595138307,1378,0.5775356244761106,0.46399999999999997,3.0645023494233232,3.067742920021038,6.420520231213873,2.1357907297996714,6649.800000000001,9.094947017729282e-13,6649.8,6649.8,6649.800000000002,1.8189894035458565e-12,6649.800000000002,1.8189894035458565e-12,28.06894383906119,21.03001645493693,33.09245377311344,19.245213921818035,0.143964794635373,0.09576697401508802,0.09513830678960604,0.08214585079631181,0.07669740150880135,0.07627829002514669,0.067476948868399,0.06580050293378038,0.05804694048616932,0.05888516345347863,0.04379715004191115,0.04358759430008382,0.030595138306789605,0.022212908633696564,0.018440905280804692,0.013621123218776194,0.0075440067057837385,0.8506677323969491,0.034924021707685785,0.0,0.0,0.0,0.0,0.0,0.0,0.0,0.0,0.0,0.0,0.0,0.0,0.0,0.0,0.0,0.0,0.0,0.0,0.0,0.0,0.025146689019279134,0.08172673931265718,0.28290025146689024,1.3830678960603477,6.896479463537302,12.900251466890197,6.437552388935458,1.4710813076278293,0.3457669740150881,0.17602682313495394,4.430728824688115,2.8168475754465567,5.444444444444445,3.2527291485120995,1.2287920700783772,4.403531720078482,2.8131268639346785,4.469706840390879,2.827775379134489,1.0150277378520205,0.435,0.0148,0.0,0.0,0.0,0.0,0.0,0.0,0.0,0.0,0.0,0.0,0.0,0.22003352891869205,13.158005029337806,16.125314333612746,0.4966471081307629,0.0,0.0,0.0,0.0,0.0,0.0,0.0,0.0,0.0,0.0,0.0,0.0,0.0,0.0,0.0,nan,nan,4.43668407310705,2.820669044929892,nan,0.435,0.0803,0.0,0.0,0.0,0.0,0.0,0.0,0.0,0.0,0.0,0.0,0.0,0.0,0.0,0.0,0.0,0.0,0.0,0.0,0.0,0.0002619446772841576,0.0,0.0,0.0,0.0,0.0007334450963956412,0.00023051131601005867,0.004117770326906957,0.0011106454316848282,0.010268231349538977,0.009953897736797989,0.020421207041072927,0.03086756077116513,0.035016764459346185,0.038191533948030175,0.026561190276613578,0.009492875104777872,0.03198868398994133,0.03654652137468566,0.05784786253143336,0.06273051131601005,0.020892707460184408,0.012080888516345348,0.016062447611064543,0.05229463537300922,0.014092623637887679,0.045085917854149206,0.07585917854149203,0.0315590947191953,0.04642707460184409,0.026676445934618608,0.0673512154233026,0.06878667225481978,0.016649203688181055,0.04021374685666387,0.034388097233864205,0.013023889354568316,0.006475272422464376,0.006024727577535624,0.0006391450125733445,0.010425398155909472,0.0007753562447611065,0.006003772003352892,0.0,0.00041911148365465214,0.008633696563285834,0.0021269907795473594,0.0003143336127409891,0.00022003352891869239,0.00015716680637049455,0.0,0.0,0.0,0.0,0.0,0.0,0.0,0.0,0.0,0.0,0.0,0.0,0.0,0.0,0.0,0.0,0.0,0.0,0.0,0.0,0.0,0.0,0.0,0.0,0.0,0.0,0.0,0.0,0.0,0.0,0.0,0.0,nan,nan,4.43668407310705,2.820669044929892,nan,0.850381273661362,0.034483804468862934,0.0,0.0,0.0,0.0,0.0,0.0,0.0,0.0,0.0,0.0,0.0,0.0,0.0,0.0,0.0,0.0,0.0,0.0,0.0,0.0,0.012340600575894697,0.06170300287947348,0.3331962155491568,1.3327848621966227,7.058823529411766,12.673796791443854,6.441793500617032,1.6166186754422052,0.3455368161250515,0.12340600575894696,0.8509652040698293,0.03537291029851006,0.0,0.0,0.0,0.0,0.0,0.0,0.0,0.0,0.0,0.0,0.0,0.0,0.0,0.0,0.0,0.0,0.0,0.0,0.0,0.0,0.038445108927808634,0.10252029047415637,0.23067065356685182,1.4352840666381843,6.727894062366512,13.135412217001285,6.433148227253312,1.3199487398547634,0.34600598035027774,0.23067065356685182,0.435,0.01482,0.0,0.0,0.0,0.0,0.0,0.0,0.0,0.0,0.0,0.0,0.0,0.23447141094199886,13.105717811600167,16.19086795557384,0.46894282188399844,0.0,0.0,0.0,0.0,0.0,0.0,0.0,0.0,0.0,0.0,0.0,0.0,0.0,0.0,0.0,0.435,0.01478,0.0,0.0,0.0,0.0,0.0,0.0,0.0,0.0,0.0,0.0,0.0,0.2050405809483124,13.212302434856902,16.05724049551474,0.5254164886800513,0.0,0.0,0.0,0.0,0.0,0.0,0.0,0.0,0.0,0.0,0.0,0.0,0.0,0.0,0.0
93400,4503,2233,0.49589162780368645,1017,948,0.4363757495003331,1254,0.5569620253164557,0.48,2.9325991189427314,3.1005674956758345,6.718076285240464,2.023933483858281,6649.800000000001,9.094947017729282e-13,6649.8,6649.8,6649.800000000001,9.094947017729282e-13,6649.800000000002,1.8189894035458565e-12,27.400399733510994,20.89369622985227,32.41679957469431,19.209486585319734,0.145236508994004,0.09948922940262048,0.1037086386853209,0.09016211414612481,0.07350655118809682,0.07306240284254942,0.07084166111481234,0.06417943593160115,0.05329780146568954,0.051299133910726186,0.04308238951809905,0.038640906062624915,0.03175660670664002,0.02620475238729736,0.018210082167443926,0.01110370863868532,0.00621807683766378,0.8510981318343356,0.033058293046385676,0.0,0.0,0.0,0.0,0.0,0.0,0.0,0.0,0.0,0.0,0.0,0.0,0.0,0.0,0.0,0.0,0.0,0.0,0.0,0.0,0.0,0.013324450366422389,0.17988007994670224,1.439040639573613,6.568954030646237,13.137908061292475,6.755496335776151,1.472351765489674,0.2598267821452366,0.17321785476349105,4.458894401133947,2.806210318888848,4.25,3.2691742076555053,0.9531510768497179,4.3858267716535435,2.7987929919768932,4.528631284916201,2.8154137442301486,1.0325604545500133,0.4348,0.014305,0.0,0.0,0.0,0.0,0.0,0.0,0.0,0.0,0.0,0.0,0.0,0.2664890073284473,13.257828114590277,16.122584943371088,0.3530979347101933,0.0,0.0,0.0,0.0,0.0,0.0,0.0,0.0,0.0,0.0,0.0,0.0,0.0,0.0,0.0,nan,nan,4.458303886925795,2.8076485551827033,nan,0.4348,0.0801,0.0,0.0,0.0,0.0,0.0,0.0,0.0,0.0,0.0,0.0,0.0,0.0,0.0,0.0,0.0,0.0,0.0,0.0,0.0,7.772596047079725e-05,0.0,0.0,0.0,3.331112591605596e-05,0.0006773262269598046,0.00024428159005107706,0.0039307128580946035,0.001421274705751721,0.009371530091050411,0.010093271152564956,0.019631356873195647,0.029724628025760605,0.03543193426604486,0.038407728181212526,0.02717077503886298,0.011625582944703531,0.03262269598045747,0.036275816122584945,0.059615811681101485,0.06179213857428381,0.02143015767266267,0.011570064401510104,0.015411947590495226,0.05230957139684655,0.013568731956473462,0.04766822118587608,0.07397290695092161,0.033089051743282256,0.046713302242949145,0.0306351321341328,0.067854763491006,0.06542305129913391,0.015933821896513437,0.03756384632467244,0.03487674883411059,0.010304241616699978,0.007117477237397291,0.005207639351543416,0.0005440817232955807,0.010815012214079503,0.0007439484787919165,0.006717743726404619,3.331112591605596e-05,0.0003664223850766156,0.008705307572729292,0.0028869642460581835,0.00011103708638685321,0.00023317788141239174,4.4414834554741284e-05,0.0,0.0,0.0,0.0,0.0,0.0,0.0,0.0,0.0,0.0,0.0,0.0,0.0,0.0,0.0,0.0,0.0,0.0,0.0,0.0,0.0,0.0,0.0,0.0,0.0,0.0,0.0,0.0,0.0,0.0,0.0,0.0,nan,nan,4.458303886925795,2.8076485551827033,nan,0.8515982732236839,0.033235867672786995,0.0,0.0,0.0,0.0,0.0,0.0,0.0,0.0,0.0,0.0,0.0,0.0,0.0,0.0,0.0,0.0,0.0,0.0,0.0,0.0,0.0,0.013434841021047922,0.16121809225257502,1.3569189431258355,6.529332736229289,13.058665472458578,6.878638602776536,1.5450067174205109,0.2686968204209584,0.18808777429467088,0.850606142529307,0.032875254244842285,0.0,0.0,0.0,0.0,0.0,0.0,0.0,0.0,0.0,0.0,0.0,0.0,0.0,0.0,0.0,0.0,0.0,0.0,0.0,0.0,0.0,0.013215859030837008,0.1982378854625551,1.5198237885462507,6.607929515418504,13.215859030837008,6.634361233480178,1.400881057268723,0.25110132158590315,0.15859030837004406,0.4346,0.01418,0.0,0.0,0.0,0.0,0.0,0.0,0.0,0.0,0.0,0.0,0.0,0.24182713837886216,13.17957904164801,16.33676668159427,0.24182713837886258,0.0,0.0,0.0,0.0,0.0,0.0,0.0,0.0,0.0,0.0,0.0,0.0,0.0,0.0,0.0,0.435,0.014435,0.0,0.0,0.0,0.0,0.0,0.0,0.0,0.0,0.0,0.0,0.0,0.2907488986784137,13.334801762114541,15.911894273127757,0.46255506607929525,0.0,0.0,0.0,0.0,0.0,0.0,0.0,0.0,0.0,0.0,0.0,0.0,0.0,0.0,0.0
93500,4754,2487,0.523138409760202,1142,988,0.44804375262936474,1359,0.571729070256626,0.45199999999999996,3.028231142479047,3.0808967300404517,6.603395061728395,2.104915078073588,6649.8,0.0,6649.8,6649.8,6649.800000000001,9.094947017729282e-13,6649.800000000001,9.094947017729282e-13,28.01956247370635,20.985767462464402,33.05397941250314,19.20383279925783,0.1447202355910812,0.09718132099284812,0.09066049642406394,0.08750525872949096,0.08161548169962138,0.0715187210769878,0.06710138830458562,0.06352545225073622,0.06058056373580143,0.05279764408918805,0.044173327724021876,0.04312158182583088,0.033445519562473706,0.027976440891880523,0.016407236011779555,0.009045014724442574,0.008624316365166175,0.8513751721928788,0.033426513456153537,0.0,0.0,0.0,0.0,0.0,0.0,0.0,0.0,0.0,0.0,0.0,0.0,0.0,0.0,0.0,0.0,0.0,0.0,0.0,0.0,0.0,0.01893142616743795,0.32814472023559116,1.4198569625578417,6.335717290702568,13.012200252419019,6.891039124947414,1.577618847286496,0.33445519562473713,0.08203618005889779,4.349476439790576,2.838748754342767,3.1818181818181817,2.3671302847802798,0.731540502831505,4.354497354497354,2.8653639317952635,4.336334405144695,2.8112197243072217,0.9958289217160964,0.4343,0.0143,0.0,0.0,0.0,0.0,0.0,0.0,0.0,0.0,0.0,0.0,0.0,0.233487589398401,13.801009676062266,15.643668489692894,0.3218342448464451,0.0,0.0,0.0,0.0,0.0,0.0,0.0,0.0,0.0,0.0,0.0,0.0,0.0,0.0,0.0,nan,nan,4.345288555591783,2.8380558964685174,nan,0.4343,0.07996,0.0,0.0,0.0,0.0,0.0,0.0,0.0,0.0,0.0,0.0,0.0,0.0,0.0,0.0,0.0,0.0,0.0,0.0,0.0,7.362221287336979e-05,0.0,0.0,0.0,0.0,0.0008519141775347076,0.0002839713925115692,0.004480437526293648,0.0015250315523769457,0.009286916281026503,0.010191417753470761,0.020530079932688263,0.0292175010517459,0.036369373159444676,0.03828355069415229,0.024063946150610013,0.011558687421119058,0.03319310054690787,0.03581194783340345,0.06236853176272612,0.06060159865376525,0.022570466975178796,0.012210769877997477,0.015618426588136307,0.05118847286495583,0.013399242742953302,0.0468342448464451,0.07611485065208246,0.032393773664282706,0.04771771140092554,0.029964240639461508,0.07085612116112747,0.062358014303744214,0.014493058477071939,0.03828355069415229,0.03550694152292806,0.010265039966344132,0.006510307109802271,0.004596129575094657,0.0004732856541859487,0.01073832562053008,0.0007888094236432478,0.006394615061001262,3.155237694572991e-05,0.0005048380311316786,0.008561211611274716,0.0025136726966764828,2.103491796381994e-05,0.0003155237694572991,8.413967185527976e-05,0.0,0.0,0.0,0.0,0.0,0.0,0.0,0.0,0.0,0.0,0.0,0.0,0.0,0.0,0.0,0.0,0.0,0.0,0.0,0.0,0.0,0.0,0.0,0.0,0.0,0.0,0.0,0.0,0.0,0.0,0.0,0.0,nan,nan,4.345288555591783,2.8380558964685174,nan,0.8519301157808706,0.033853958379121495,0.0,0.0,0.0,0.0,0.0,0.0,0.0,0.0,0.0,0.0,0.0,0.0,0.0,0.0,0.0,0.0,0.0,0.0,0.0,0.0,0.0,0.02412545235223161,0.2774427020506635,1.531966224366702,6.1519903498190605,12.907117008443912,7.020506634499398,1.616405307599518,0.37394451145958996,0.09650180940892644,0.8507663743528544,0.0329404576118606,0.0,0.0,0.0,0.0,0.0,0.0,0.0,0.0,0.0,0.0,0.0,0.0,0.0,0.0,0.0,0.0,0.0,0.0,0.0,0.0,0.0,0.013233348037053378,0.383767093074548,1.2968681076312267,6.5372739303043685,13.12748125275695,6.749007498897223,1.535068372298192,0.2911336568151743,0.06616674018526689,0.4343,0.014565,0.0,0.0,0.0,0.0,0.0,0.0,0.0,0.0,0.0,0.0,0.0,0.2533172496984315,14.077201447527145,15.247285886610376,0.42219541616405315,0.0,0.0,0.0,0.0,0.0,0.0,0.0,0.0,0.0,0.0,0.0,0.0,0.0,0.0,0.0,0.4346,0.01399,0.0,0.0,0.0,0.0,0.0,0.0,0.0,0.0,0.0,0.0,0.0,0.2117335685928537,13.498014997794446,16.078517865019855,0.21173356859285405,0.0,0.0,0.0,0.0,0.0,0.0,0.0,0.0,0.0,0.0,0.0,0.0,0.0,0.0,0.0
93600,4872,2520,0.5172413793103449,1175,1008,0.4480706075533662,1390,0.5706075533661741,0.44399999999999995,3.046768707482993,3.087916393619938,6.667157584683358,2.00175828974731,6649.800000000002,1.8189894035458565e-12,6649.8,6649.8,6649.800000000002,1.8189894035458565e-12,6649.8,0.0,28.079228243021348,20.92955489353515,32.89691222951617,19.217517555177196,0.13669950738916256,0.09688013136288999,0.09688013136288999,0.08641215106732349,0.08210180623973727,0.0736863711001642,0.06958128078817734,0.06547619047619048,0.05829228243021346,0.04926108374384237,0.04967159277504105,0.03735632183908046,0.034482758620689655,0.02586206896551724,0.01847290640394089,0.012110016420361249,0.0067733990147783255,0.851688540652272,0.03407113181872292,0.0,0.0,0.0,0.0,0.0,0.0,0.0,0.0,0.0,0.0,0.0,0.0,0.0,0.0,0.0,0.0,0.0,0.0,0.0,0.0,0.006157635467980297,0.049261083743842374,0.24014778325123157,1.286945812807878,6.490147783251233,13.183497536945815,6.650246305418721,1.5086206896551728,0.4371921182266011,0.1477832512315271,4.358761570379827,2.862234813003011,4.785714285714286,2.9320536788248277,1.0979527575529333,4.2631246046805815,2.9061365164995028,4.459131545338442,2.814721881701509,1.0459772957240472,0.4346,0.01462,0.0,0.0,0.0,0.0,0.0,0.0,0.0,0.0,0.0,0.0,0.0,0.2278325123152706,13.940886699507391,15.418719211822664,0.4125615763546799,0.0,0.0,0.0,0.0,0.0,0.0,0.0,0.0,0.0,0.0,0.0,0.0,0.0,0.0,0.0,nan,nan,4.360660946933588,2.862690199448843,nan,0.4346,0.0798,0.0,0.0,0.0,0.0,0.0,0.0,0.0,0.0,0.0,0.0,0.0,0.0,0.0,0.0,0.0,0.0,0.0,0.0,0.0,2.052545155993432e-05,0.0,0.0,0.0,0.0,0.0006055008210180624,0.0003078817733990148,0.004607963875205254,0.0009749589490968801,0.008261494252873564,0.009759852216748768,0.020309934318555007,0.030911330049261082,0.037777093596059116,0.03853653530377668,0.023009031198686372,0.009523809523809525,0.0347188013136289,0.037684729064039406,0.06138136288998358,0.05996510673234811,0.024302134646962233,0.012920771756978653,0.015671182266009852,0.047188013136289,0.013854679802955665,0.04698275862068965,0.07348111658456485,0.03333333333333333,0.04958949096880132,0.03092159277504105,0.07220853858784894,0.06403940886699508,0.01571223316912972,0.03576559934318555,0.034749589490968805,0.010375615763546798,0.006208949096880132,0.004022988505747126,0.00046182266009852215,0.010262725779967159,0.0008004926108374384,0.006126847290640394,8.210180623973728e-05,0.0005747126436781609,0.008302545155993431,0.003222495894909688,8.210180623973728e-05,0.0003078817733990148,9.236453201970444e-05,0.0,0.0,0.0,0.0,0.0,0.0,0.0,0.0,0.0,0.0,0.0,0.0,0.0,0.0,0.0,0.0,0.0,0.0,0.0,0.0,0.0,0.0,0.0,0.0,0.0,0.0,0.0,0.0,0.0,0.0,0.0,0.0,nan,nan,4.360660946933588,2.862690199448843,nan,0.8511815339563384,0.03403609939640767,0.0,0.0,0.0,0.0,0.0,0.0,0.0,0.0,0.0,0.0,0.0,0.0,0.0,0.0,0.0,0.0,0.0,0.0,0.0,0.0,0.011904761904761908,0.03571428571428572,0.27380952380952384,1.178571428571425,6.642857142857144,13.404761904761907,6.392857142857144,1.4880952380952384,0.4047619047619049,0.1666666666666667,0.8522317621122006,0.03410026252141687,0.0,0.0,0.0,0.0,0.0,0.0,0.0,0.0,0.0,0.0,0.0,0.0,0.0,0.0,0.0,0.0,0.0,0.0,0.0,0.0,0.0,0.06377551020408165,0.20408163265306128,1.4030612244897915,6.326530612244899,12.946428571428575,6.926020408163267,1.5306122448979596,0.4719387755102042,0.1275510204081633,0.4346,0.01469,0.0,0.0,0.0,0.0,0.0,0.0,0.0,0.0,0.0,0.0,0.0,0.1666666666666664,13.98809523809524,15.369047619047622,0.4761904761904763,0.0,0.0,0.0,0.0,0.0,0.0,0.0,0.0,0.0,0.0,0.0,0.0,0.0,0.0,0.0,0.4343,0.01454,0.0,0.0,0.0,0.0,0.0,0.0,0.0,0.0,0.0,0.0,0.0,0.2933673469387751,13.890306122448983,15.471938775510207,0.3443877551020409,0.0,0.0,0.0,0.0,0.0,0.0,0.0,0.0,0.0,0.0,0.0,0.0,0.0,0.0,0.0
93700,4563,2385,0.5226824457593688,1101,914,0.4415954415954416,1273,0.5579662502739425,0.484,3.0436179981634526,3.0945356243074107,6.647540983606557,2.0650174894966145,6649.800000000001,9.094947017729282e-13,6649.8,6649.8,6649.800000000002,1.8189894035458565e-12,6649.800000000001,9.094947017729282e-13,27.924830155599388,20.797897367254027,32.808022922636106,19.058659076020508,0.13609467455621302,0.1032215647600263,0.09204470742932282,0.08941485864562787,0.08086785009861933,0.07232084155161078,0.06399298706991015,0.06684198991891299,0.057637519175980714,0.05719921104536489,0.049967126890203814,0.03835196142888451,0.03418803418803419,0.024326101249178174,0.016217400832785448,0.010300241069471838,0.007012930089853167,0.8521148881289407,0.03374582229934375,0.0,0.0,0.0,0.0,0.0,0.0,0.0,0.0,0.0,0.0,0.0,0.0,0.0,0.0,0.0,0.0,0.0,0.0,0.0,0.0,0.0,0.05259697567389876,0.17751479289940833,1.30177514792899,6.436554898093362,12.919132149901383,7.13346482577252,1.4135437212360293,0.39447731755424076,0.170940170940171,4.37517146776406,2.8644240925745335,3.727272727272727,2.831347545890443,0.8519146631703458,4.324105334233626,2.8325337468637724,4.424913494809688,2.8957794265666266,1.0233130677409663,0.4336,0.014565,0.0,0.0,0.0,0.0,0.0,0.0,0.0,0.0,0.0,0.0,0.0,0.28928336620644274,14.700854700854704,14.66140696909928,0.3484549638395793,0.0,0.0,0.0,0.0,0.0,0.0,0.0,0.0,0.0,0.0,0.0,0.0,0.0,0.0,0.0,nan,nan,4.372736590365562,2.8645748361863017,nan,0.4336,0.07996,0.0,0.0,0.0,0.0,0.0,0.0,0.0,0.0,0.0,0.0,0.0,0.0,0.0,0.0,0.0,0.0,0.0,0.0,0.0,0.0,0.0,0.0,0.0,0.0,0.0004930966469428008,0.00043830813061582295,0.004492658338812185,0.0009642778873548104,0.008634670173131711,0.010365987289064212,0.02314266929651545,0.03140477755862371,0.03674117904887136,0.037661626123164586,0.024249397326320404,0.009259259259259259,0.03517422748191979,0.03780407626561473,0.061056322594784135,0.06181240412009643,0.02584922200306816,0.012689020381328074,0.01725838264299803,0.045715538023230334,0.013817663817663818,0.045310103002410694,0.07238658777120316,0.03346482577251808,0.04566074950690335,0.03121849660311199,0.07343852728468113,0.06345605960990576,0.015757177295638834,0.03472496164803857,0.034692088538242384,0.009566074950690335,0.006793776024545255,0.004514573745342976,0.0005150120534735919,0.010431733508656586,0.0007999123383738768,0.006848564540872233,5.478851632697787e-05,0.0008547008547008547,0.007341661187815034,0.002827087442472058,0.0,0.00023011176857330704,6.574621959237344e-05,0.0,0.0,0.0,2.1915406530791147e-05,0.0,0.0,0.0,0.0,0.0,0.0,0.0,0.0,0.0,0.0,0.0,0.0,0.0,0.0,0.0,0.0,0.0,0.0,0.0,0.0,0.0,0.0,0.0,0.0,0.0,0.0,0.0,0.0,nan,nan,4.372736590365562,2.8645748361863017,nan,0.8512730855112056,0.03283700002905031,0.0,0.0,0.0,0.0,0.0,0.0,0.0,0.0,0.0,0.0,0.0,0.0,0.0,0.0,0.0,0.0,0.0,0.0,0.0,0.0,0.0,0.03773584905660378,0.23899371069182396,1.3459119496855303,6.415094339622643,13.006289308176104,7.144654088050316,1.4213836477987425,0.26415094339622647,0.1257861635220126,0.8530366967805927,0.03469031418413319,0.0,0.0,0.0,0.0,0.0,0.0,0.0,0.0,0.0,0.0,0.0,0.0,0.0,0.0,0.0,0.0,0.0,0.0,0.0,0.0,0.0,0.06887052341597798,0.11019283746556477,1.253443526170795,6.460055096418735,12.8236914600551,7.121212121212123,1.4049586776859506,0.5371900826446282,0.22038567493112954,0.4336,0.01467,0.0,0.0,0.0,0.0,0.0,0.0,0.0,0.0,0.0,0.0,0.0,0.2767295597484273,15.006289308176104,14.301886792452834,0.4150943396226416,0.0,0.0,0.0,0.0,0.0,0.0,0.0,0.0,0.0,0.0,0.0,0.0,0.0,0.0,0.0,0.4336,0.01445,0.0,0.0,0.0,0.0,0.0,0.0,0.0,0.0,0.0,0.0,0.0,0.3030303030303026,14.366391184573006,15.055096418732786,0.2754820936639119,0.0,0.0,0.0,0.0,0.0,0.0,0.0,0.0,0.0,0.0,0.0,0.0,0.0,0.0,0.0
93800,4841,2446,0.505267506713489,1184,982,0.44742821731047305,1367,0.5647593472423053,0.46799999999999997,2.986221294363257,3.1673270213893887,6.822900763358779,2.13350462086477,6649.800000000002,1.8189894035458565e-12,6649.8,6649.8,6649.800000000002,1.8189894035458565e-12,6649.800000000002,1.8189894035458565e-12,27.299731460442057,20.698592886974275,32.48045805327359,18.920603182350284,0.14852303243131584,0.10121875645527784,0.09646767196860152,0.07952902292914688,0.08820491633959926,0.0712662673001446,0.06775459615781863,0.06672175170419335,0.060731253873166705,0.051229084899814085,0.0425531914893617,0.035736418095434826,0.03243131584383392,0.024168560214831648,0.01755835571162983,0.009295600082627557,0.006610204503201818,0.8527102193490603,0.03367759833155866,0.0,0.0,0.0,0.0,0.0,0.0,0.0,0.0,0.0,0.0,0.0,0.0,0.0,0.0,0.0,0.0,0.0,0.0,0.0,0.0,0.0,0.06197066721751705,0.2478826688700682,1.2889898781243505,6.190869655029954,12.703986779590997,7.312538731667012,1.7413757488122292,0.37802107002685403,0.07436480066102046,4.4253023864007845,2.901549089440841,3.0588235294117645,2.2614567984401277,0.6912123200465825,4.411342894393742,2.8944314014957246,4.419857235561324,2.901962052885366,1.0019301018695244,0.4333,0.01484,0.0,0.0,0.0,0.0,0.0,0.0,0.0,0.0,0.0,0.0,0.0,0.37182400330510174,14.470150795290232,14.761412931212563,0.39661227019210915,0.0,0.0,0.0,0.0,0.0,0.0,0.0,0.0,0.0,0.0,0.0,0.0,0.0,0.0,0.0,nan,nan,4.417750325097529,2.9001698771065065,nan,0.4333,0.0807,0.0,0.0,0.0,0.0,0.0,0.0,0.0,0.0,0.0,0.0,0.0,0.0,0.0,0.0,0.0,0.0,0.0,0.0,0.0,0.0,0.0,0.0,0.0,0.0,0.0005887213385664119,0.0007746333402189631,0.004751084486676307,0.0007643048956827102,0.009584796529642637,0.010442057426151622,0.024344143771947945,0.03171865317083247,0.0352613096467672,0.03866969634373064,0.02647180334641603,0.008975418302003718,0.03350547407560421,0.039289403015905805,0.05959512497417889,0.05984300764304896,0.02566618467258831,0.01262135922330097,0.01821937616195001,0.04647800041313778,0.013612889898781243,0.046002891964470154,0.06651518281346828,0.0334435034083867,0.04476347862011981,0.030097087378640777,0.07485023755422433,0.06630861392274323,0.017217517041933486,0.032772154513530265,0.03394959719066309,0.0090890311919025,0.006940714728361909,0.0053294773807064655,0.0005060937822763892,0.010380086758934105,0.0007539764511464574,0.008118157405494732,6.197066721751704e-05,0.0011774426771328239,0.006651518281346829,0.0034497004751084487,0.0,0.00028919644701507955,0.00013426977897128693,0.0,2.065688907250568e-05,0.0,0.0,0.0,0.0,0.0,0.0,0.0,0.0,0.0,0.0,0.0,0.0,0.0,0.0,0.0,0.0,0.0,0.0,0.0,0.0,0.0,0.0,0.0,0.0,0.0,0.0,0.0,0.0,0.0,0.0,nan,nan,4.417750325097529,2.9001698771065065,nan,0.8528087708614737,0.03353994918493052,0.0,0.0,0.0,0.0,0.0,0.0,0.0,0.0,0.0,0.0,0.0,0.0,0.0,0.0,0.0,0.0,0.0,0.0,0.0,0.0,0.0,0.061324611610793146,0.2575633687653312,1.336876533115286,5.960752248569094,12.865903515944401,7.469337694194605,1.6312346688470978,0.35568274734260025,0.061324611610793146,0.8526095692449422,0.03381730389237696,0.0,0.0,0.0,0.0,0.0,0.0,0.0,0.0,0.0,0.0,0.0,0.0,0.0,0.0,0.0,0.0,0.0,0.0,0.0,0.0,0.0,0.06263048016701463,0.23799582463465557,1.2400835073068857,6.425887265135701,12.538622129436328,7.15240083507307,1.8538622129436328,0.4008350730688936,0.08768267223382048,0.4333,0.014755,0.0,0.0,0.0,0.0,0.0,0.0,0.0,0.0,0.0,0.0,0.0,0.38021259198691687,14.39901880621423,14.865085854456257,0.35568274734260025,0.0,0.0,0.0,0.0,0.0,0.0,0.0,0.0,0.0,0.0,0.0,0.0,0.0,0.0,0.0,0.4336,0.01492,0.0,0.0,0.0,0.0,0.0,0.0,0.0,0.0,0.0,0.0,0.0,0.36325678496868424,14.542797494780796,14.655532359081423,0.4384133611691024,0.0,0.0,0.0,0.0,0.0,0.0,0.0,0.0,0.0,0.0,0.0,0.0,0.0,0.0,0.0
93900,4836,2505,0.5179900744416873,1216,998,0.45781637717121587,1345,0.5562448304383788,0.46799999999999997,2.944658944658945,3.0298005793035157,6.589540412044374,1.953780912019143,6649.800000000002,1.8189894035458565e-12,6649.8,6649.8,6649.800000000001,9.094947017729282e-13,6649.800000000002,1.8189894035458565e-12,27.690653432588917,20.764628900755593,32.69747899159664,19.007827525474585,0.14433416046319272,0.09656741108354011,0.09408602150537634,0.0880893300248139,0.08209263854425145,0.07030603804797353,0.07899090157154673,0.05727874276261373,0.06017369727047146,0.05272952853598015,0.04528535980148883,0.03866832092638544,0.033085194375516956,0.02357320099255583,0.01695616211745244,0.009305210918114143,0.00847808105872622,0.8521386852581901,0.0347928135194283,0.0,0.0,0.0,0.0,0.0,0.0,0.0,0.0,0.0,0.0,0.0,0.0,0.0,0.0,0.0,0.0,0.0,0.0,0.0,0.0,0.03101736972704715,0.0620347394540943,0.3101736972704715,1.2965260545905668,6.166253101736975,12.890818858560797,7.022332506203475,1.7183622828784122,0.3535980148883376,0.14888337468982632,4.160845882729895,2.8329126746164333,4.5625,2.78318050977654,1.0965318419836747,4.1847133757961785,2.79927573902063,4.141033822590938,2.8658399510253614,0.9895621159007263,0.4336,0.01445,0.0,0.0,0.0,0.0,0.0,0.0,0.0,0.0,0.0,0.0,0.0,0.34119106699751817,14.06327543424318,15.272952853598017,0.3225806451612904,0.0,0.0,0.0,0.0,0.0,0.0,0.0,0.0,0.0,0.0,0.0,0.0,0.0,0.0,0.0,nan,nan,4.1628944851769205,2.8328057304880963,nan,0.4336,0.0807,0.0,0.0,0.0,0.0,0.0,0.0,0.0,0.0,0.0,0.0,0.0,0.0,0.0,0.0,0.0,0.0,0.0,0.0,0.0,0.0,0.0,0.0,0.0,0.0,0.0006927212572373863,0.00039288668320926385,0.004776674937965261,0.000641025641025641,0.009656741108354011,0.009501654259718776,0.02541356492969396,0.0293424317617866,0.03730355665839537,0.0385752688172043,0.028763440860215053,0.008788254755996691,0.03435690653432589,0.03936104218362283,0.05799214226633582,0.059088089330024816,0.02563068651778329,0.012727460711331679,0.017018196856906535,0.046887923904052935,0.012127791563275434,0.04516129032258064,0.06606699751861042,0.03261993382961125,0.04606079404466501,0.03121381306865178,0.07542390405293631,0.06632547559966914,0.01913771712158809,0.03202026468155501,0.033726220016542595,0.008974358974358974,0.007258064516129033,0.005241935483870968,0.0005893300248138958,0.010742349048800661,0.000641025641025641,0.008519437551695616,0.00017576509511993383,0.0013544251447477253,0.006565343258891646,0.0025847808105872623,5.1695616211745244e-05,0.00026881720430107527,0.00023779983457402812,0.0,0.0,0.0,0.0,0.0,0.0,0.0,0.0,0.0,0.0,0.0,0.0,0.0,0.0,0.0,0.0,0.0,0.0,0.0,0.0,0.0,0.0,0.0,0.0,0.0,0.0,0.0,0.0,0.0,0.0,0.0,0.0,nan,nan,4.1628944851769205,2.8328057304880963,nan,0.8516961988336788,0.034379255844219705,0.0,0.0,0.0,0.0,0.0,0.0,0.0,0.0,0.0,0.0,0.0,0.0,0.0,0.0,0.0,0.0,0.0,0.0,0.0,0.0,0.02395209580838324,0.0598802395209581,0.33532934131736536,1.2934131736526906,6.275449101796409,12.790419161676649,7.10179640718563,1.6646706586826352,0.3113772455089821,0.14371257485029942,0.8526142015573754,0.03522563499689815,0.0,0.0,0.0,0.0,0.0,0.0,0.0,0.0,0.0,0.0,0.0,0.0,0.0,0.0,0.0,0.0,0.0,0.0,0.0,0.0,0.038610038610038616,0.06435006435006436,0.28314028314028317,1.2998712998712958,6.04890604890605,12.998712998713001,6.936936936936939,1.7760617760617765,0.39897039897039904,0.15444015444015446,0.4336,0.01419,0.0,0.0,0.0,0.0,0.0,0.0,0.0,0.0,0.0,0.0,0.0,0.2874251497005984,13.988023952095812,15.413173652694613,0.3113772455089821,0.0,0.0,0.0,0.0,0.0,0.0,0.0,0.0,0.0,0.0,0.0,0.0,0.0,0.0,0.0,0.4336,0.014725,0.0,0.0,0.0,0.0,0.0,0.0,0.0,0.0,0.0,0.0,0.0,0.3989703989703984,14.144144144144148,15.122265122265125,0.3346203346203347,0.0,0.0,0.0,0.0,0.0,0.0,0.0,0.0,0.0,0.0,0.0,0.0,0.0,0.0,0.0
94000,4780,2404,0.502928870292887,1119,1048,0.45334728033472804,1356,0.5673640167364017,0.46799999999999997,2.9814814814814814,3.0658585607140347,6.607518796992482,2.0906387864384794,6649.800000000002,1.8189894035458565e-12,6649.8,6649.8,6649.800000000001,9.094947017729282e-13,6649.800000000001,9.094947017729282e-13,27.553347280334727,20.62589364841471,32.51836122907819,18.861509290427453,0.14330543933054393,0.09853556485355648,0.0901673640167364,0.0905857740585774,0.08200836820083682,0.07489539748953974,0.07468619246861925,0.06799163179916318,0.06213389121338912,0.04560669456066946,0.04288702928870293,0.03472803347280335,0.032426778242677826,0.02615062761506276,0.01506276150627615,0.012761506276150627,0.006066945606694561,0.8512713432187315,0.034050080931394215,0.0,0.0,0.0,0.0,0.0,0.0,0.0,0.0,0.0,0.0,0.0,0.0,0.0,0.0,0.0,0.0,0.0,0.0,0.0,0.0,0.006276150627615064,0.037656903765690385,0.2887029288702929,1.3995815899581545,6.514644351464437,12.891213389121342,6.822175732217575,1.6380753138075317,0.30753138075313813,0.09414225941422596,4.348355263157894,2.8694220360826166,3.619047619047619,2.6987861552961436,0.8322796551860778,4.3954545454545455,2.873091481926446,4.2905982905982905,2.8637198233298333,0.976144388760728,0.4338,0.014626,0.0,0.0,0.0,0.0,0.0,0.0,0.0,0.0,0.0,0.0,0.0,0.2698744769874473,14.15271966527197,15.2071129707113,0.3702928870292888,0.0,0.0,0.0,0.0,0.0,0.0,0.0,0.0,0.0,0.0,0.0,0.0,0.0,0.0,0.0,nan,nan,4.343351845802025,2.868917636630587,nan,0.4338,0.0808,0.0,0.0,0.0,0.0,0.0,0.0,0.0,0.0,0.0,0.0,0.0,0.0,0.0,0.0,0.0,0.0,0.0,0.0,0.0,0.0,0.0,1.0460251046025105e-05,0.0,0.0,0.0005230125523012552,0.0001882845188284519,0.005,0.0004707112970711297,0.010303347280334729,0.009466527196652719,0.027656903765690376,0.027311715481171547,0.03425732217573222,0.03933054393305439,0.027322175732217572,0.009110878661087866,0.03596234309623431,0.0419560669456067,0.05609832635983263,0.059717573221757324,0.026223849372384936,0.012824267782426778,0.01506276150627615,0.04506276150627615,0.012510460251046025,0.0444979079497908,0.0676673640167364,0.032447698744769875,0.04764644351464435,0.03328451882845188,0.07480125523012553,0.06469665271966527,0.018723849372384936,0.033734309623430964,0.03267782426778243,0.008064853556485356,0.007677824267782427,0.004623430962343096,0.0005857740585774059,0.01053347280334728,0.0007635983263598326,0.00950836820083682,0.00029288702928870295,0.0013702928870292887,0.006663179916317992,0.0022803347280334727,0.00020920502092050208,0.0002196652719665272,0.0006589958158995816,0.0,0.0,0.0,0.0,0.0,0.0,0.0,0.0,0.0,0.0,0.0,0.0,0.0,0.0,0.0,0.0,0.0,0.0,0.0,0.0,0.0,0.0,0.0,0.0,0.0,0.0,0.0,0.0,0.0,0.0,0.0,0.0,nan,nan,4.343351845802025,2.868917636630587,nan,0.8512030869672779,0.033865830929998536,0.0,0.0,0.0,0.0,0.0,0.0,0.0,0.0,0.0,0.0,0.0,0.0,0.0,0.0,0.0,0.0,0.0,0.0,0.0,0.0,0.0,0.06239600665557406,0.2745424292845258,1.410149750415969,6.576539101497506,12.828618968386026,6.851081530782031,1.6347753743760403,0.3244592346089851,0.037437603993344434,0.8513404038367849,0.03423535454279496,0.0,0.0,0.0,0.0,0.0,0.0,0.0,0.0,0.0,0.0,0.0,0.0,0.0,0.0,0.0,0.0,0.0,0.0,0.0,0.0,0.01262626262626263,0.01262626262626263,0.3030303030303031,1.3888888888888844,6.452020202020203,12.954545454545457,6.792929292929294,1.6414141414141419,0.29040404040404044,0.15151515151515155,0.4338,0.01447,0.0,0.0,0.0,0.0,0.0,0.0,0.0,0.0,0.0,0.0,0.0,0.23710482529118104,14.064059900166392,15.349417637271218,0.3494176372712147,0.0,0.0,0.0,0.0,0.0,0.0,0.0,0.0,0.0,0.0,0.0,0.0,0.0,0.0,0.0,0.4338,0.01477,0.0,0.0,0.0,0.0,0.0,0.0,0.0,0.0,0.0,0.0,0.0,0.3030303030303026,14.242424242424246,15.063131313131317,0.3914141414141415,0.0,0.0,0.0,0.0,0.0,0.0,0.0,0.0,0.0,0.0,0.0,0.0,0.0,0.0,0.0
94100,4813,2418,0.5023893621441928,1174,986,0.44878454186578015,1329,0.5522543112403906,0.484,2.9498956158663883,3.1317611601224895,6.725038402457757,2.1708096538058657,6649.800000000001,9.094947017729282e-13,6649.8,6649.8,6649.800000000002,1.8189894035458565e-12,6649.800000000002,1.8189894035458565e-12,27.37585705381259,20.67563888586763,32.4882675986021,18.89637868622197,0.1466860585913152,0.10284645751090796,0.09515894452524414,0.07749844172034075,0.08206939538749221,0.07791398296280906,0.0762518179929358,0.060876792021608145,0.058591315188032414,0.049241637232495326,0.043424059837938914,0.04051527114066071,0.03428215250363598,0.024309162684396427,0.01412840224392271,0.007895283606897984,0.0083108248493663,0.8507571257921754,0.03382704139203753,0.0,0.0,0.0,0.0,0.0,0.0,0.0,0.0,0.0,0.0,0.0,0.0,0.0,0.0,0.0,0.0,0.0,0.0,0.0,0.0062331186370247265,0.01869935591107418,0.08103054228132145,0.22439227093289013,1.5084147101599787,6.420112196135468,13.014751714107629,6.9187616870974455,1.4024516933305635,0.3116559318512363,0.09349677955537089,4.330278232405892,2.8251703170420366,5.3125,3.3113205447374012,1.2268264797036814,4.341698841698841,2.855097488689561,4.328938694792353,2.80159804563284,0.9970610244119339,0.4338,0.014465,0.0,0.0,0.0,0.0,0.0,0.0,0.0,0.0,0.0,0.0,0.0,0.3178890504882605,13.987118221483485,15.433201745273221,0.2617909827550385,0.0,0.0,0.0,0.0,0.0,0.0,0.0,0.0,0.0,0.0,0.0,0.0,0.0,0.0,0.0,nan,nan,4.335395636600456,2.8288037068150382,nan,0.4338,0.0809,0.0,0.0,0.0,0.0,0.0,0.0,0.0,0.0,0.0,0.0,0.0,0.0,0.0,0.0,0.0,0.0,0.0,0.0,0.0,0.0,0.0,0.0,0.0,0.0,0.00019738209017244963,0.00014543943486391024,0.005640972366507376,0.000249324745480989,0.009214627051734885,0.010492416372324953,0.028173696239351755,0.027010180760440473,0.034718470808227715,0.04015167255350093,0.026594639517972158,0.0092354041138583,0.03803241221691253,0.041190525659671726,0.053729482651153126,0.058965302306253894,0.027789320590068563,0.01207147309370455,0.014419281113650529,0.04374610430085186,0.013297319758986079,0.04448369000623312,0.06586328693122792,0.033887388323291086,0.04821317265738625,0.03300436318304592,0.07567006025348016,0.06580095574485768,0.01692291709952213,0.03520673176812799,0.032516102223145646,0.007614793268231872,0.007999168917515063,0.0048722210679409935,0.0005402036152088095,0.010845626428423022,0.0012985663827134843,0.009079576147932682,0.00020777062123415748,0.001080407230417619,0.006669436941616456,0.00215042592977353,0.00013505090380220238,0.00034282152503635986,0.0005090380220236859,0.0,0.0,2.077706212341575e-05,0.0,0.0,0.0,0.0,0.0,0.0,0.0,0.0,0.0,0.0,0.0,0.0,0.0,0.0,0.0,0.0,0.0,0.0,0.0,0.0,0.0,0.0,0.0,0.0,0.0,0.0,0.0,0.0,0.0,nan,nan,4.335395636600456,2.8288037068150382,nan,0.8505669375704378,0.03367244643458781,0.0,0.0,0.0,0.0,0.0,0.0,0.0,0.0,0.0,0.0,0.0,0.0,0.0,0.0,0.0,0.0,0.0,0.0,0.0,0.0,0.03722084367245658,0.0620347394540943,0.17369727047146408,1.724565756823816,6.153846153846155,13.151364764267994,6.898263027295287,1.4019851116625315,0.29776674937965264,0.09925558312655089,0.850949140456126,0.0339813277088598,0.0,0.0,0.0,0.0,0.0,0.0,0.0,0.0,0.0,0.0,0.0,0.0,0.0,0.0,0.0,0.0,0.0,0.0,0.0,0.012526096033402925,0.0,0.1002087682672234,0.2755741127348644,1.290187891440497,6.688935281837162,12.876826722338208,6.939457202505221,1.4029227557411277,0.3256784968684761,0.08768267223382048,0.4338,0.01455,0.0,0.0,0.0,0.0,0.0,0.0,0.0,0.0,0.0,0.0,0.0,0.32258064516128987,14.16873449131514,15.235732009925561,0.2729528535980149,0.0,0.0,0.0,0.0,0.0,0.0,0.0,0.0,0.0,0.0,0.0,0.0,0.0,0.0,0.0,0.4338,0.01439,0.0,0.0,0.0,0.0,0.0,0.0,0.0,0.0,0.0,0.0,0.0,0.3131524008350726,13.803757828810024,15.63256784968685,0.2505219206680585,0.0,0.0,0.0,0.0,0.0,0.0,0.0,0.0,0.0,0.0,0.0,0.0,0.0,0.0,0.0
94200,4566,2295,0.5026281208935611,1094,964,0.4507227332457293,1364,0.5974594831362242,0.41999999999999993,2.899163364156759,2.9106697544330165,6.127565982404692,2.011660203291192,6649.800000000002,1.8189894035458565e-12,6649.8,6649.8,6649.800000000002,1.8189894035458565e-12,6649.800000000002,1.8189894035458565e-12,29.46233026719229,21.388369148298953,34.32843516370198,19.507268716213172,0.13206307490144548,0.08935611038107753,0.08475689881734559,0.08782303985983356,0.07599649583880859,0.07796758650897942,0.067455102934735,0.06526500219010074,0.060008760402978534,0.053219448094612355,0.05037231712658782,0.04577310556285589,0.03788874288217258,0.029347349978098992,0.022120017520805956,0.011388523872098117,0.009198423127463863,0.8519933295782542,0.03629393887679213,0.0,0.0,0.0,0.0,0.0,0.0,0.0,0.0,0.0,0.0,0.0,0.0,0.0,0.0,0.0,0.0,0.0,0.0,0.0,0.0,0.032851511169513806,0.05256241787122209,0.4073587385019712,1.4126149802890888,6.360052562417873,12.47043363994744,6.984231274638635,1.596583442838371,0.5256241787122209,0.15768725361366626,4.128768020969856,2.707592969409246,4.666666666666667,3.0912061651652345,1.1302806655556437,4.123529411764705,2.716886547239847,4.142302716688228,2.7055466722668258,1.0045527272995702,0.434,0.01468,0.0,0.0,0.0,0.0,0.0,0.0,0.0,0.0,0.0,0.0,0.0,0.28909329829172103,13.797634691195798,15.499342969776613,0.41392904073587394,0.0,0.0,0.0,0.0,0.0,0.0,0.0,0.0,0.0,0.0,0.0,0.0,0.0,0.0,0.0,nan,nan,4.13296488946684,2.7112092945435373,nan,0.434,0.08105,0.0,0.0,0.0,0.0,0.0,0.0,0.0,0.0,0.0,0.0,0.0,0.0,0.0,0.0,0.0,0.0,0.0,0.0,0.0,0.0,0.0,0.0,0.0,1.0950503723171266e-05,0.0003504161191414805,0.000164257555847569,0.00527814279456855,0.00012045554095488393,0.011410424879544459,0.010140166447656591,0.027431011826544022,0.026106000876040297,0.03336618484450285,0.042203241349102055,0.02647831800262812,0.009592641261498029,0.037089356110381076,0.04210468681559352,0.05314279456855015,0.05566141042487954,0.02930354796320631,0.012527376259307927,0.015078843626806834,0.042017082785808145,0.012987297415681122,0.04388961892247043,0.06546211125711783,0.033278580814717476,0.0502299605781866,0.031657906263688126,0.07810994305738064,0.06657906263688129,0.017093736311870347,0.03497590889180902,0.032380639509417435,0.007314936487078406,0.007982917214191853,0.004730617608409987,0.0007117827420061323,0.011476127901883487,0.0018396846254927727,0.008979413053000438,0.00014235654840122645,0.0010840998685939553,0.005738063950941744,0.002715724923346474,1.0950503723171266e-05,0.0004051686377573368,0.0006460797196671047,0.0,0.0,0.0,0.0,0.0,0.0,0.0,0.0,0.0,0.0,0.0,0.0,0.0,0.0,0.0,0.0,0.0,0.0,0.0,0.0,0.0,0.0,0.0,0.0,0.0,0.0,0.0,0.0,0.0,0.0,0.0,0.0,nan,nan,4.13296488946684,2.7112092945435373,nan,0.8513207271208171,0.036430617980769825,0.0,0.0,0.0,0.0,0.0,0.0,0.0,0.0,0.0,0.0,0.0,0.0,0.0,0.0,0.0,0.0,0.0,0.0,0.0,0.0,0.03921568627450981,0.06535947712418302,0.39215686274509814,1.5686274509803873,6.35294117647059,12.483660130718958,6.823529411764707,1.5947712418300657,0.5359477124183007,0.14379084967320263,0.852673040119786,0.03614257662448124,0.0,0.0,0.0,0.0,0.0,0.0,0.0,0.0,0.0,0.0,0.0,0.0,0.0,0.0,0.0,0.0,0.0,0.0,0.0,0.0,0.026420079260237785,0.039630118890356676,0.42272126816380456,1.2549537648612907,6.367239101717307,12.457067371202116,7.146631439894321,1.5984147952443861,0.5151915455746369,0.1717305151915456,0.4346,0.01466,0.0,0.0,0.0,0.0,0.0,0.0,0.0,0.0,0.0,0.0,0.0,0.26143790849673165,13.594771241830069,15.725490196078434,0.41830065359477137,0.0,0.0,0.0,0.0,0.0,0.0,0.0,0.0,0.0,0.0,0.0,0.0,0.0,0.0,0.0,0.4338,0.01469,0.0,0.0,0.0,0.0,0.0,0.0,0.0,0.0,0.0,0.0,0.0,0.3170409511228529,14.002642007926028,15.270805812417441,0.4095112285336857,0.0,0.0,0.0,0.0,0.0,0.0,0.0,0.0,0.0,0.0,0.0,0.0,0.0,0.0,0.0
94300,4096,2062,0.50341796875,968,875,0.449951171875,1180,0.576171875,0.476,2.844149459193707,2.926970453670313,6.364130434782608,1.871704728765309,6649.800000000002,1.8189894035458565e-12,6649.8,6649.8,6649.800000000003,2.7284841053187847e-12,6649.800000000002,1.8189894035458565e-12,27.54541015625,20.769613481423033,32.624049151550615,18.987661165193778,0.14599609375,0.09375,0.097412109375,0.093017578125,0.075927734375,0.07666015625,0.064697265625,0.0673828125,0.0615234375,0.04736328125,0.047607421875,0.037353515625,0.032470703125,0.025634765625,0.01708984375,0.009765625,0.00634765625,0.8524199262174079,0.034164977527577446,0.0,0.0,0.0,0.0,0.0,0.0,0.0,0.0,0.0,0.0,0.0,0.0,0.0,0.0,0.0,0.0,0.0,0.0,0.0,0.0,0.0,0.029296875000000007,0.25634765625000006,1.3330078124999958,6.284179687500002,13.007812500000004,6.789550781250002,1.6992187500000004,0.4760742187500001,0.12451171875000003,4.330138036809816,2.807796930081971,4.142857142857143,2.8248171333264556,0.9567494402347851,4.310107197549771,2.8104223256548675,4.348024316109423,2.8053093473560335,1.008797256500072,0.434,0.0144,0.0,0.0,0.0,0.0,0.0,0.0,0.0,0.0,0.0,0.0,0.0,0.36621093749999944,13.806152343750004,15.476074218750004,0.35156250000000006,0.0,0.0,0.0,0.0,0.0,0.0,0.0,0.0,0.0,0.0,0.0,0.0,0.0,0.0,0.0,nan,nan,4.329138062547673,2.807921252273783,nan,0.434,0.0809,0.0,0.0,0.0,0.0,0.0,0.0,0.0,0.0,0.0,0.0,0.0,0.0,0.0,0.0,0.0,0.0,0.0,0.0,0.0,0.0,0.0,0.0,0.0,9.765625e-05,0.0005126953125,0.0001220703125,0.00552978515625,3.662109375e-05,0.01072998046875,0.01019287109375,0.0252197265625,0.02606201171875,0.0343994140625,0.041650390625,0.02626953125,0.01077880859375,0.03660888671875,0.04417724609375,0.05521240234375,0.053662109375,0.028466796875,0.01318359375,0.01356201171875,0.042529296875,0.01458740234375,0.0423828125,0.06859130859375,0.03311767578125,0.0496337890625,0.02955322265625,0.0793701171875,0.0674560546875,0.01812744140625,0.0349853515625,0.03214111328125,0.0056396484375,0.00794677734375,0.00439453125,0.0005126953125,0.00992431640625,0.0018798828125,0.0095703125,0.0,0.00103759765625,0.0052001953125,0.00347900390625,0.0,0.00047607421875,0.000927734375,6.103515625e-05,0.0,0.0,0.0,0.0,0.0,0.0,0.0,0.0,0.0,0.0,0.0,0.0,0.0,0.0,0.0,0.0,0.0,0.0,0.0,0.0,0.0,0.0,0.0,0.0,0.0,0.0,0.0,0.0,0.0,0.0,0.0,nan,nan,4.329138062547673,2.807921252273783,nan,0.852497292565097,0.034400547188106735,0.0,0.0,0.0,0.0,0.0,0.0,0.0,0.0,0.0,0.0,0.0,0.0,0.0,0.0,0.0,0.0,0.0,0.0,0.0,0.0,0.0,0.04364694471387003,0.2764306498545102,1.251212415130937,6.387002909796316,12.846750727449082,6.779825412221146,1.8040737148399617,0.5237633365664405,0.08729388942774007,0.8523414948462502,0.0339243152495959,0.0,0.0,0.0,0.0,0.0,0.0,0.0,0.0,0.0,0.0,0.0,0.0,0.0,0.0,0.0,0.0,0.0,0.0,0.0,0.0,0.0,0.01474926253687316,0.23598820058997055,1.4159292035398185,6.179941002949854,13.171091445427733,6.799410029498527,1.5929203539823014,0.4277286135693216,0.16224188790560476,0.4338,0.014565,0.0,0.0,0.0,0.0,0.0,0.0,0.0,0.0,0.0,0.0,0.0,0.4219204655674097,13.821532492725513,15.392822502424833,0.3637245392822503,0.0,0.0,0.0,0.0,0.0,0.0,0.0,0.0,0.0,0.0,0.0,0.0,0.0,0.0,0.0,0.4343,0.01423,0.0,0.0,0.0,0.0,0.0,0.0,0.0,0.0,0.0,0.0,0.0,0.3097345132743358,13.790560471976404,15.560471976401184,0.33923303834808266,0.0,0.0,0.0,0.0,0.0,0.0,0.0,0.0,0.0,0.0,0.0,0.0,0.0,0.0,0.0
94400,4333,2230,0.5146549734594968,1034,908,0.44818832217862914,1241,0.5728132933302562,0.45999999999999996,3.0912981455064195,3.136191477475021,6.707865168539326,2.1104461810110373,6649.800000000001,9.094947017729282e-13,6649.8,6649.8,6649.800000000002,1.8189894035458565e-12,6649.800000000002,1.8189894035458565e-12,28.045465035771983,20.976980357357977,33.09779614325069,19.16542659087538,0.1421647819063005,0.10062312485575814,0.08608354488806831,0.09323794138010616,0.07754442649434572,0.07431340872374798,0.06231248557581352,0.06669743826448188,0.05792753288714517,0.054696515116547426,0.04938841449342257,0.04269559196861297,0.030233094853450264,0.02492499423032541,0.019847680590814678,0.011077775213477959,0.006231248557581353,0.8535802425838579,0.035432367754419825,0.0,0.0,0.0,0.0,0.0,0.0,0.0,0.0,0.0,0.0,0.0,0.0,0.0,0.0,0.0,0.0,0.0,0.0,0.0,0.0,0.0,0.04154165705054236,0.2907915993537965,1.1631663974151822,6.182783291022388,12.954073390260792,6.785137318255252,1.848603738749135,0.5331179321486269,0.20078467574428807,4.373081042484827,2.9092627012169903,3.1,2.1656407827707715,0.7088823577434892,4.343839541547278,2.9432255540362804,4.392932862190813,2.8725002134130273,1.0113018264542175,0.4348,0.014824,0.0,0.0,0.0,0.0,0.0,0.0,0.0,0.0,0.0,0.0,0.0,0.3600276944380332,13.161781675513504,16.097392107085163,0.38079852296330496,0.0,0.0,0.0,0.0,0.0,0.0,0.0,0.0,0.0,0.0,0.0,0.0,0.0,0.0,0.0,nan,nan,4.368552116684454,2.9079424846126742,nan,0.4348,0.0807,0.0,0.0,0.0,0.0,0.0,0.0,0.0,0.0,0.0,0.0,0.0,0.0,0.0,0.0,0.0,0.0,0.0,0.0,0.0,0.0,0.0,0.0,0.0,0.0,0.0004961920147703669,0.00012693284098776829,0.005654281098546042,3.4618047542118625e-05,0.009543041772444034,0.00998153704131087,0.023632587122086313,0.027129009923840295,0.036348949919224556,0.039879990768520654,0.02678282944841911,0.011054696515116548,0.03637202861758597,0.04215324255711978,0.05568889914608816,0.05210016155088853,0.026286637433648744,0.013316408954534965,0.011562427879067621,0.04286868220632356,0.014631894761135472,0.04501500115393492,0.06871682437110548,0.034468036002769445,0.048730671590122315,0.02793676436648973,0.08619893837987537,0.06608585275790445,0.019143780290791598,0.0336487422109393,0.03301407800600046,0.005250403877221325,0.008723747980613893,0.004338795291945534,0.0002654050311562428,0.010154627279021463,0.001834756519732287,0.010062312485575814,0.0,0.0012577890606969768,0.004638818370643896,0.003311793214862682,0.0,0.0004500346180475421,0.0010846988229863835,2.3078698361412415e-05,0.0,0.0,0.0,0.0,0.0,0.0,0.0,0.0,0.0,0.0,0.0,0.0,0.0,0.0,0.0,0.0,0.0,0.0,0.0,0.0,0.0,0.0,0.0,0.0,0.0,0.0,0.0,0.0,0.0,0.0,0.0,nan,nan,4.368552116684454,2.9079424846126742,nan,0.8537926856712376,0.03572045974957957,0.0,0.0,0.0,0.0,0.0,0.0,0.0,0.0,0.0,0.0,0.0,0.0,0.0,0.0,0.0,0.0,0.0,0.0,0.0,0.0,0.0,0.04035874439461884,0.2825112107623319,1.2107623318385614,6.269058295964127,12.497757847533636,7.076233183856504,1.8565022421524668,0.6053811659192826,0.16143497757847536,0.8533549700756046,0.035122893004048625,0.0,0.0,0.0,0.0,0.0,0.0,0.0,0.0,0.0,0.0,0.0,0.0,0.0,0.0,0.0,0.0,0.0,0.0,0.0,0.0,0.0,0.0427960057061341,0.29957203994293874,1.112696148359483,6.091298145506421,13.43794579172611,6.476462196861628,1.8402282453637664,0.45649072753209713,0.24251069900142658,0.4346,0.01481,0.0,0.0,0.0,0.0,0.0,0.0,0.0,0.0,0.0,0.0,0.0,0.3766816143497752,13.42600896860987,15.874439461883412,0.3228699551569507,0.0,0.0,0.0,0.0,0.0,0.0,0.0,0.0,0.0,0.0,0.0,0.0,0.0,0.0,0.0,0.4353,0.01484,0.0,0.0,0.0,0.0,0.0,0.0,0.0,0.0,0.0,0.0,0.0,0.34236804564907225,12.881597717546367,16.33380884450785,0.4422253922967191,0.0,0.0,0.0,0.0,0.0,0.0,0.0,0.0,0.0,0.0,0.0,0.0,0.0,0.0,0.0
94500,4352,2188,0.5027573529411765,1011,933,0.44669117647058826,1243,0.5712316176470589,0.46799999999999997,2.993992606284658,3.029348275160666,6.542483660130719,1.9736397751746164,6649.800000000001,9.094947017729282e-13,6649.8,6649.8,6649.800000000001,9.094947017729282e-13,6649.800000000001,9.094947017729282e-13,28.286075367647058,21.08237757796563,33.41993957703927,19.217977373336762,0.14315257352941177,0.09696691176470588,0.08731617647058823,0.08685661764705882,0.07651654411764706,0.07467830882352941,0.06985294117647059,0.06548713235294118,0.05974264705882353,0.05422794117647059,0.04871323529411765,0.04159007352941176,0.029641544117647058,0.024356617647058824,0.021369485294117647,0.012178308823529412,0.007352941176470588,0.8541296844589797,0.03507573866965873,0.0,0.0,0.0,0.0,0.0,0.0,0.0,0.0,0.0,0.0,0.0,0.0,0.0,0.0,0.0,0.0,0.0,0.0,0.0,0.0,0.013786764705882356,0.062040441176470604,0.28952205882352944,1.206341911764702,5.824908088235296,12.587316176470592,7.610294117647061,1.7647058823529416,0.49632352941176483,0.14476102941176472,4.416160171612442,2.7704186905983548,5.076923076923077,2.585805586764863,1.1496238541251493,4.3271823988644424,2.756780004459988,4.511777301927195,2.780072824021925,1.042659376482765,0.4348,0.01486,0.0,0.0,0.0,0.0,0.0,0.0,0.0,0.0,0.0,0.0,0.0,0.2688419117647055,13.352481617647062,15.923713235294121,0.45496323529411775,0.0,0.0,0.0,0.0,0.0,0.0,0.0,0.0,0.0,0.0,0.0,0.0,0.0,0.0,0.0,nan,nan,4.419217081850534,2.769955886796246,nan,0.4348,0.08044,0.0,0.0,0.0,0.0,0.0,0.0,0.0,0.0,0.0,0.0,0.0,0.0,0.0,0.0,0.0,0.0,0.0,0.0,0.0,0.0,0.0,0.0,0.0,0.0,0.0007123161764705882,0.0001838235294117647,0.006192555147058823,0.0,0.008720128676470588,0.010627297794117647,0.023540900735294117,0.029136029411764706,0.036316636029411764,0.03713235294117647,0.026528033088235294,0.012316176470588235,0.038419117647058826,0.04148667279411765,0.051493566176470586,0.05360753676470588,0.02524126838235294,0.010581341911764706,0.011431525735294117,0.04209558823529412,0.014636948529411765,0.048127297794117646,0.07079503676470589,0.03466222426470588,0.050494025735294115,0.028653492647058822,0.08466222426470588,0.06791130514705883,0.018669577205882353,0.03409926470588235,0.03280101102941176,0.005342371323529412,0.007823988970588235,0.004423253676470588,0.0001838235294117647,0.008409926470588235,0.00234375,0.0103515625,4.5955882352941176e-05,0.0011948529411764707,0.00451516544117647,0.0026079963235294116,0.0,0.0005399816176470589,0.0009076286764705883,3.446691176470588e-05,0.0,0.0,0.0,0.0,0.0,0.0,0.0,0.0,0.0,0.0,0.0,0.0,0.0,0.0,0.0,0.0,0.0,0.0,0.0,0.0,0.0,0.0,0.0,0.0,0.0,0.0,0.0,0.0,0.0,0.0,0.0,nan,nan,4.419217081850534,2.769955886796246,nan,0.8544329721106035,0.03533852236993164,0.0,0.0,0.0,0.0,0.0,0.0,0.0,0.0,0.0,0.0,0.0,0.0,0.0,0.0,0.0,0.0,0.0,0.0,0.0,0.0,0.0,0.08226691042047533,0.2605118829981719,1.2614259597806177,5.799817184643512,12.518281535648997,7.47257769652651,1.8921389396709327,0.5484460694698355,0.16453382084095067,0.8538230331735117,0.03480533677091325,0.0,0.0,0.0,0.0,0.0,0.0,0.0,0.0,0.0,0.0,0.0,0.0,0.0,0.0,0.0,0.0,0.0,0.0,0.0,0.0,0.027726432532347512,0.04158964879852126,0.31885397412199634,1.150646950092418,5.850277264325325,12.65711645101664,7.749537892791129,1.6358595194085033,0.4436229205175602,0.1247689463955638,0.4343,0.0149,0.0,0.0,0.0,0.0,0.0,0.0,0.0,0.0,0.0,0.0,0.0,0.2742230347349173,13.546617915904939,15.699268738574043,0.4798903107861061,0.0,0.0,0.0,0.0,0.0,0.0,0.0,0.0,0.0,0.0,0.0,0.0,0.0,0.0,0.0,0.435,0.014824,0.0,0.0,0.0,0.0,0.0,0.0,0.0,0.0,0.0,0.0,0.0,0.2634011090573009,13.156192236598894,16.150646950092426,0.42975970425138643,0.0,0.0,0.0,0.0,0.0,0.0,0.0,0.0,0.0,0.0,0.0,0.0,0.0,0.0,0.0
94600,4452,2248,0.504941599281222,1078,919,0.44856244384546273,1279,0.5745732255166217,0.45999999999999996,3.0998185117967334,3.0941106699996053,6.653092006033183,1.9940375532527592,6649.800000000001,9.094947017729282e-13,6649.8,6649.8,6649.800000000002,1.8189894035458565e-12,6649.800000000001,9.094947017729282e-13,28.678346810422283,21.2212248630551,33.58617021276596,19.434026975428072,0.13634321653189577,0.09883198562443846,0.0862533692722372,0.08265947888589398,0.08423180592991913,0.0761455525606469,0.06289308176100629,0.06671159029649595,0.06132075471698113,0.05682839173405211,0.0444743935309973,0.039532794249775384,0.03638814016172507,0.027628032345013476,0.016397124887690927,0.013252470799640611,0.010107816711590296,0.8554970098848506,0.033612070255300185,0.0,0.0,0.0,0.0,0.0,0.0,0.0,0.0,0.0,0.0,0.0,0.0,0.0,0.0,0.0,0.0,0.0,0.0,0.0,0.0,0.0,0.04043126684636119,0.19541778975741245,1.0175202156334202,5.6266846361186,12.863881401617254,7.803234501347711,1.8194070080862539,0.518867924528302,0.11455525606469005,4.3246217331499315,2.7853984749658305,3.888888888888889,2.1314806770278754,0.8992437093582131,4.248793935217091,2.749247800063147,4.39699863574352,2.8154885872600013,1.034881592938175,0.4358,0.01479,0.0,0.0,0.0,0.0,0.0,0.0,0.0,0.0,0.0,0.0,0.0,0.1819407008086251,12.553908355795151,16.738544474393535,0.5256064690026955,0.0,0.0,0.0,0.0,0.0,0.0,0.0,0.0,0.0,0.0,0.0,0.0,0.0,0.0,0.0,nan,nan,4.323277339732602,2.7837220570904773,nan,0.4358,0.0803,0.0,0.0,0.0,0.0,0.0,0.0,0.0,0.0,0.0,0.0,0.0,0.0,0.0,0.0,0.0,0.0,0.0,0.0,0.0,0.0,0.0,0.0,0.0,1.1230907457322552e-05,0.0006626235399820305,0.00019092542677448337,0.0056828391734052115,0.0,0.007356244384546271,0.010792902066486972,0.024595687331536387,0.028414195867026055,0.037264150943396225,0.03714061096136568,0.02508984725965858,0.012118149146451034,0.0355570530098832,0.0412848158131177,0.05132524707996406,0.051594788858939804,0.024707996406109614,0.010938903863432166,0.011803683737646002,0.04344115004492363,0.014555256064690027,0.046417340521114105,0.07334905660377358,0.03636567834681042,0.05001123090745732,0.028975741239892182,0.08350179694519318,0.0650381850853549,0.020193171608265947,0.03674752920035939,0.036522911051212935,0.005469451931716083,0.008119946091644206,0.0037174303683737645,0.00017969451931716083,0.008445642407906559,0.002336028751123091,0.010590745732255167,1.1230907457322552e-05,0.0012353998203054807,0.004952830188679245,0.002055256064690027,0.0,0.00033692722371967657,0.0008872416891284816,1.1230907457322552e-05,0.0,0.0,0.0,0.0,0.0,0.0,0.0,0.0,0.0,0.0,0.0,0.0,0.0,0.0,0.0,0.0,0.0,0.0,0.0,0.0,0.0,0.0,0.0,0.0,0.0,0.0,0.0,0.0,0.0,0.0,0.0,nan,nan,4.323277339732602,2.7837220570904773,nan,0.8545842365862212,0.034136772842913304,0.0,0.0,0.0,0.0,0.0,0.0,0.0,0.0,0.0,0.0,0.0,0.0,0.0,0.0,0.0,0.0,0.0,0.0,0.0,0.0,0.0,0.06672597864768684,0.1601423487544484,1.0542704626334487,5.858540925266905,13.211743772241997,7.126334519572955,1.841637010676157,0.5338078291814947,0.14679715302491106,0.8564280055179354,0.03304235256734335,0.0,0.0,0.0,0.0,0.0,0.0,0.0,0.0,0.0,0.0,0.0,0.0,0.0,0.0,0.0,0.0,0.0,0.0,0.0,0.0,0.0,0.013611615245009078,0.2313974591651543,0.9800362976406503,5.390199637023595,12.509074410163343,8.493647912885663,1.7967332123411983,0.5036297640653359,0.08166969147005446,0.4358,0.01489,0.0,0.0,0.0,0.0,0.0,0.0,0.0,0.0,0.0,0.0,0.0,0.1734875444839855,12.637900355871889,16.68149466192171,0.50711743772242,0.0,0.0,0.0,0.0,0.0,0.0,0.0,0.0,0.0,0.0,0.0,0.0,0.0,0.0,0.0,0.436,0.014694,0.0,0.0,0.0,0.0,0.0,0.0,0.0,0.0,0.0,0.0,0.0,0.19056261343012676,12.468239564428316,16.796733212341202,0.544464609800363,0.0,0.0,0.0,0.0,0.0,0.0,0.0,0.0,0.0,0.0,0.0,0.0,0.0,0.0,0.0
94700,4583,2302,0.5022910757145974,1082,976,0.44905084006109536,1301,0.5677503818459524,0.45999999999999996,2.885138097325734,3.0232118371267847,6.582914572864322,2.024616401263877,6649.800000000001,9.094947017729282e-13,6649.8,6649.8,6649.800000000001,9.094947017729282e-13,6649.800000000002,1.8189894035458565e-12,27.468252236526293,20.907697623639464,32.498824144238306,19.221093015211487,0.1451014619245036,0.1045166921230635,0.09033384246126991,0.09186122627100153,0.08422430722234345,0.06938686449923631,0.06785948068950469,0.06567750381845952,0.05520401483744272,0.046476107353262054,0.04669430504036657,0.039493781365917524,0.03316604843988654,0.023347152520183285,0.01898319877809295,0.010691686668121318,0.006982325987344534,0.8527422160553979,0.03383477646428227,0.0,0.0,0.0,0.0,0.0,0.0,0.0,0.0,0.0,0.0,0.0,0.0,0.0,0.0,0.0,0.0,0.0,0.0,0.0,0.0,0.006545930613135503,0.05236744490508402,0.2880209469779621,1.2502727471088766,5.9371590661139,13.203142046694309,7.187431813222782,1.5710233471525206,0.41239362862753665,0.09164302858389703,4.28336192109777,2.8173648657354193,3.642857142857143,2.4671308627386495,0.8504668085398503,4.302118933697881,2.8183151881695343,4.260068259385665,2.814142003734648,0.9902255900033728,0.435,0.01457,0.0,0.0,0.0,0.0,0.0,0.0,0.0,0.0,0.0,0.0,0.0,0.2356535020728777,13.039493781365922,16.35828060222562,0.3665721143355881,0.0,0.0,0.0,0.0,0.0,0.0,0.0,0.0,0.0,0.0,0.0,0.0,0.0,0.0,0.0,nan,nan,4.280300443837487,2.816140945403858,nan,0.435,0.07996,0.0,0.0,0.0,0.0,0.0,0.0,0.0,0.0,0.0,0.0,0.0,0.0,0.0,0.0,0.0,0.0,0.0,0.0,0.0,0.0,0.0,0.0,0.0,7.636919048658084e-05,0.0007418721361553567,4.363953742090334e-05,0.005138555531311368,3.27296530656775e-05,0.0084878900283657,0.009829805804058477,0.024503600261837226,0.028027492908575168,0.03637355444032293,0.037224525420030546,0.025812786384464326,0.012000872790748417,0.036024438140955704,0.04457778747545276,0.052716561204451236,0.051189177394719614,0.025190922976216452,0.010408029674885447,0.010746236089897446,0.04727252891119354,0.013921012437268164,0.048985380754963996,0.07321623390792058,0.03484617063059132,0.04870172376172813,0.02797294348679904,0.08606807767837661,0.06155356753218416,0.01951778311149902,0.03386428103862099,0.03615535675321842,0.006174994545057822,0.007604189395592407,0.0039384682522365265,0.00018546803403883918,0.00837879118481344,0.0023892646737944576,0.011280820423303512,0.0,0.0008400610953523893,0.005247654374863626,0.001451014619245036,0.0,0.00020728780274929085,0.0010800785511673576,0.0,0.0,0.0,0.0,0.0,0.0,0.0,0.0,0.0,0.0,0.0,0.0,0.0,0.0,0.0,0.0,0.0,0.0,0.0,0.0,0.0,0.0,0.0,0.0,0.0,0.0,0.0,0.0,0.0,0.0,0.0,0.0,nan,nan,4.280300443837487,2.816140945403858,nan,0.8513769689432752,0.03267315418111138,0.0,0.0,0.0,0.0,0.0,0.0,0.0,0.0,0.0,0.0,0.0,0.0,0.0,0.0,0.0,0.0,0.0,0.0,0.0,0.0,0.013032145960034755,0.013032145960034755,0.3518679409209384,1.1989574283231934,6.294526498696787,13.384013900955694,7.050390964378803,1.3162467419635102,0.32580364900086883,0.05212858384013902,0.8541200322991973,0.03491390871736193,0.0,0.0,0.0,0.0,0.0,0.0,0.0,0.0,0.0,0.0,0.0,0.0,0.0,0.0,0.0,0.0,0.0,0.0,0.0,0.0,0.0,0.09206488382288472,0.22358614642700575,1.3020604997807939,5.576501534414732,13.020604997807983,7.325734327049541,1.8281455501972823,0.4997807978956599,0.13152126260412103,0.435,0.01475,0.0,0.0,0.0,0.0,0.0,0.0,0.0,0.0,0.0,0.0,0.0,0.20851433536055575,13.26672458731538,16.06863596872285,0.4561251086012164,0.0,0.0,0.0,0.0,0.0,0.0,0.0,0.0,0.0,0.0,0.0,0.0,0.0,0.0,0.0,0.435,0.014404,0.0,0.0,0.0,0.0,0.0,0.0,0.0,0.0,0.0,0.0,0.0,0.2630425252082416,12.810170977641388,16.65059184568172,0.27619465146865413,0.0,0.0,0.0,0.0,0.0,0.0,0.0,0.0,0.0,0.0,0.0,0.0,0.0,0.0,0.0
94800,4694,2384,0.507882403067746,1089,960,0.4365146996165317,1339,0.5705155517682148,0.45599999999999996,2.9913419913419914,3.0798765112582616,6.605067064083458,1.98891966870398,6649.800000000001,9.094947017729282e-13,6649.8,6649.8,6649.800000000001,9.094947017729282e-13,6649.800000000002,1.8189894035458565e-12,27.93757988922028,21.0350444647576,32.73826350328117,19.387475331008808,0.1376224968044312,0.09906263314870047,0.09948870899020025,0.09394972305070302,0.07946314443971027,0.0683851725607158,0.06369833830421814,0.06625479335321688,0.06007669365146996,0.045590115040477205,0.04644226672347678,0.043033659991478485,0.034299105240732854,0.022795057520238603,0.02194290583723903,0.010438858116744781,0.007456327226246272,0.8523844288646997,0.034496771068920566,0.0,0.0,0.0,0.0,0.0,0.0,0.0,0.0,0.0,0.0,0.0,0.0,0.0,0.0,0.0,0.0,0.0,0.0,0.0,0.0,0.006391137622496806,0.07669365146996167,0.2236898167873882,1.2398806987643762,6.429484448231787,12.692799318278656,7.100553898593951,1.6872603323391568,0.4218150830847892,0.1214316148274393,4.355162044771133,2.8875496154976577,4.444444444444445,3.0408738185342243,1.0205003622725142,4.338420703384207,2.8811223944280613,4.373005319148936,2.8957672723677894,1.007971706325703,0.4353,0.01443,0.0,0.0,0.0,0.0,0.0,0.0,0.0,0.0,0.0,0.0,0.0,0.18534299105240706,13.057094162760974,16.335747763101836,0.4218150830847892,0.0,0.0,0.0,0.0,0.0,0.0,0.0,0.0,0.0,0.0,0.0,0.0,0.0,0.0,0.0,nan,nan,4.355695782132182,2.888498580737996,nan,0.4353,0.0799,0.0,0.0,0.0,0.0,0.0,0.0,0.0,0.0,0.0,0.0,0.0,0.0,0.0,0.0,0.0,0.0,0.0,0.0,0.0,0.0,0.0,0.0,0.0,4.2607584149978694e-05,0.0008414997869620793,5.325948018747337e-05,0.005017043033659991,4.2607584149978694e-05,0.008596080102258203,0.010012782275244993,0.02481891776736259,0.02762036642522369,0.03191308052833405,0.038985939497230504,0.025489987217724754,0.012207072858968897,0.03604601619088198,0.04585641244141457,0.05585854282062207,0.048348956114188324,0.024147848317000425,0.010545377077119727,0.011184490839369407,0.04902002556455049,0.0144013634426928,0.05084149978696208,0.07040903280783979,0.034927567106945036,0.050117170856412444,0.02773753728163613,0.08311674478057095,0.06048146570089476,0.01904559011504048,0.03575841499786962,0.03642948444823178,0.0061035364294844486,0.007051555176821474,0.0043885811674478055,0.0002769492969748615,0.009384320409032807,0.0025031955688112483,0.012121857690668938,1.0651896037494674e-05,0.0006284618662121857,0.005432466979122284,0.0012143161482743928,0.0,0.00026629740093736683,0.0007030251384746484,0.0,0.0,0.0,0.0,0.0,0.0,0.0,0.0,0.0,0.0,0.0,0.0,0.0,0.0,0.0,0.0,0.0,0.0,0.0,0.0,0.0,0.0,0.0,0.0,0.0,0.0,0.0,0.0,0.0,0.0,0.0,0.0,nan,nan,4.355695782132182,2.888498580737996,nan,0.8522085385934618,0.03482231596092434,0.0,0.0,0.0,0.0,0.0,0.0,0.0,0.0,0.0,0.0,0.0,0.0,0.0,0.0,0.0,0.0,0.0,0.0,0.0,0.0,0.012583892617449667,0.08808724832214768,0.2768456375838927,1.2583892617449624,6.178691275167787,12.885906040268459,7.059563758389263,1.7491610738255037,0.37751677852349,0.113255033557047,0.8525659537160551,0.03415659454688392,0.0,0.0,0.0,0.0,0.0,0.0,0.0,0.0,0.0,0.0,0.0,0.0,0.0,0.0,0.0,0.0,0.0,0.0,0.0,0.0,0.0,0.06493506493506494,0.1688311688311689,1.220779220779217,6.68831168831169,12.493506493506496,7.142857142857144,1.6233766233766238,0.46753246753246763,0.12987012987012989,0.4353,0.01459,0.0,0.0,0.0,0.0,0.0,0.0,0.0,0.0,0.0,0.0,0.0,0.1887583892617447,13.351510067114097,16.057046979865774,0.40268456375838935,0.0,0.0,0.0,0.0,0.0,0.0,0.0,0.0,0.0,0.0,0.0,0.0,0.0,0.0,0.0,0.4355,0.01426,0.0,0.0,0.0,0.0,0.0,0.0,0.0,0.0,0.0,0.0,0.0,0.18181818181818155,12.753246753246756,16.623376623376625,0.44155844155844165,0.0,0.0,0.0,0.0,0.0,0.0,0.0,0.0,0.0,0.0,0.0,0.0,0.0,0.0,0.0
94900,4799,2382,0.4963534069597833,1125,1012,0.4453011043967493,1368,0.5701187747447385,0.45999999999999996,2.8837401737691355,3.0267276488262485,6.364705882352941,2.092547329275855,6649.800000000001,9.094947017729282e-13,6649.8,6649.8,6649.8,0.0,6649.800000000002,1.8189894035458565e-12,27.72515107314024,20.89928853716692,32.75921314741036,19.1318303371681,0.14461346113773701,0.10085434465513649,0.09522817253594498,0.08355907480725151,0.08001667013961242,0.07439049802042091,0.06876432590122943,0.0604292560950198,0.05980412585955407,0.04750989789539487,0.05355282350489685,0.03813294436340904,0.03396540946030423,0.023754948947697436,0.017503646593040215,0.010210460512606793,0.007709939570743905,0.8515913691662779,0.034968352067261434,0.0,0.0,0.0,0.0,0.0,0.0,0.0,0.0,0.0,0.0,0.0,0.0,0.0,0.0,0.0,0.0,0.0,0.0,0.0,0.0,0.018753907063971665,0.05626172119191499,0.38132944363409055,1.3815378203792412,6.095019795790791,13.052719316524279,6.901437799541573,1.5815794957282772,0.40008335069806217,0.13127734944780164,4.3184796854521625,2.839782317824369,4.842105263157895,2.5805580362381604,1.1212522961424807,4.332249674902471,2.8560182636982416,4.310052219321149,2.821463473632678,0.9948762289232967,0.436,0.01453,0.0,0.0,0.0,0.0,0.0,0.0,0.0,0.0,0.0,0.0,0.0,0.25630339654094564,12.01500312565118,17.247343196499273,0.4813502813086061,0.0,0.0,0.0,0.0,0.0,0.0,0.0,0.0,0.0,0.0,0.0,0.0,0.0,0.0,0.0,nan,nan,4.321719309671117,2.838548280480763,nan,0.436,0.0797,0.0,0.0,0.0,0.0,0.0,0.0,0.0,0.0,0.0,0.0,0.0,0.0,0.0,0.0,0.0,0.0,0.0,0.0,0.0,0.0,0.0,0.0,0.0,1.0418837257762033e-05,0.0008126693061054387,3.12565117732861e-05,0.004500937695353199,0.00017712023338195456,0.00942904771827464,0.009970827255678267,0.025901229422796417,0.02674515524067514,0.02905813711189831,0.036080433423629925,0.024880183371535736,0.012408835173994583,0.03753907063971661,0.04584288393415295,0.05438633048551782,0.049770785580329234,0.024942696395082307,0.010595957491143988,0.012450510523025631,0.04846843092310898,0.01367993331944155,0.05260470931444051,0.06623254844759324,0.036861846217962076,0.05287559908314232,0.027620337570327152,0.08396540946030423,0.0606480516774328,0.018555949156074183,0.03547614086267972,0.03714315482392165,0.0064492602625546985,0.0066576370077099396,0.004886434673890393,0.00038549697853719527,0.008908105855386539,0.002479683267347364,0.010679308189206085,7.293186080433424e-05,0.0010939779120650135,0.006501354448843509,0.001198166284642634,0.0,0.00022921441967076474,0.0007918316315899146,0.0,0.0,0.0,0.0,0.0,0.0,0.0,0.0,0.0,0.0,0.0,0.0,0.0,0.0,0.0,0.0,0.0,0.0,0.0,0.0,0.0,0.0,0.0,0.0,0.0,0.0,0.0,0.0,0.0,0.0,0.0,0.0,nan,nan,4.321719309671117,2.838548280480763,nan,0.8517578841006426,0.035296319938571526,0.0,0.0,0.0,0.0,0.0,0.0,0.0,0.0,0.0,0.0,0.0,0.0,0.0,0.0,0.0,0.0,0.0,0.0,0.0,0.0,0.025188916876574312,0.06297229219143578,0.36523929471032757,1.3727959697732957,6.070528967254409,13.073047858942068,6.901763224181361,1.5743073047858946,0.3904282115869019,0.16372795969773304,0.8514272654949262,0.03464131259587523,0.0,0.0,0.0,0.0,0.0,0.0,0.0,0.0,0.0,0.0,0.0,0.0,0.0,0.0,0.0,0.0,0.0,0.0,0.0,0.0,0.012412081092263138,0.04964832436905255,0.3971865949524204,1.390153082333467,6.119155978485727,13.032685146876297,6.901117087298305,1.5887463798096817,0.4095986760446836,0.0992966487381051,0.436,0.01461,0.0,0.0,0.0,0.0,0.0,0.0,0.0,0.0,0.0,0.0,0.0,0.26448362720402985,12.241813602015116,16.939546599496225,0.5541561712846349,0.0,0.0,0.0,0.0,0.0,0.0,0.0,0.0,0.0,0.0,0.0,0.0,0.0,0.0,0.0,0.4363,0.01445,0.0,0.0,0.0,0.0,0.0,0.0,0.0,0.0,0.0,0.0,0.0,0.24824162184526236,11.791477037649983,17.550682664460076,0.4095986760446836,0.0,0.0,0.0,0.0,0.0,0.0,0.0,0.0,0.0,0.0,0.0,0.0,0.0,0.0,0.0
95000,4926,2500,0.5075111652456354,1155,1018,0.4411287048315063,1411,0.5728786033292732,0.45999999999999996,3.03957131079967,3.0865637837243636,6.648843930635838,2.0342689371345,6649.800000000001,9.094947017729282e-13,6649.8,6649.8,6649.800000000001,9.094947017729282e-13,6649.800000000002,1.8189894035458565e-12,27.59866017052375,20.847763014956698,32.62560738581147,19.127011800419723,0.1416971173365814,0.10069021518473406,0.09703613479496549,0.09053999187982135,0.0832318311002842,0.0708485586682907,0.0655704425497361,0.06252537555826228,0.057450263905805925,0.05014210312626878,0.048721071863580996,0.040194884287454324,0.033901745838408444,0.022127486804709703,0.01766138855054811,0.010556232237109216,0.007105156313438896,0.8495816086130417,0.034251706780504015,0.0,0.0,0.0,0.0,0.0,0.0,0.0,0.0,0.0,0.0,0.0,0.0,0.0,0.0,0.0,0.0,0.0,0.0,0.0,0.0,0.036540803897685756,0.10353227771010964,0.3532277710109623,1.3398294762484733,6.656516443361755,13.05724725943971,6.820950060901342,1.2119366626065775,0.3227771010962242,0.09744214372716202,4.426361585562359,2.862907100849714,5.25,2.613495196639386,1.186075718966145,4.2992935131663454,2.8109485485092747,4.566709021601016,2.9051607623508295,1.0621998725175952,0.4358,0.01475,0.0,0.0,0.0,0.0,0.0,0.0,0.0,0.0,0.0,0.0,0.0,0.23751522533495706,12.375152253349576,16.894031668696716,0.4933008526187577,0.0,0.0,0.0,0.0,0.0,0.0,0.0,0.0,0.0,0.0,0.0,0.0,0.0,0.0,0.0,nan,nan,4.433727243692111,2.861823653285776,nan,0.4358,0.0803,0.0,0.0,0.0,0.0,0.0,0.0,0.0,0.0,0.0,0.0,0.0,0.0,0.0,0.0,0.0,0.0,0.0,0.0,0.0,0.0,0.0,0.0,0.0,0.0,0.0008729192042224929,7.105156313438895e-05,0.004263093788063338,0.0003857084855866829,0.009774665042630937,0.00978481526593585,0.02686764108810394,0.027557856272838,0.032298010556232236,0.0357795371498173,0.022421843280552172,0.012241169305724726,0.03901745838408445,0.04707673568818514,0.051715387738530245,0.05046691027202598,0.023487616727568005,0.010698335363377994,0.012413723101908242,0.04741169305724726,0.013246041412911084,0.05173568818514007,0.0666159155501421,0.034013398294762485,0.05458790093382054,0.029283394234673164,0.08486601705237515,0.06065773447015834,0.01994518879415347,0.03167884693463256,0.036297198538367846,0.006678846934632562,0.007328461226146975,0.004750304506699147,0.0002740560292326431,0.00888144539179862,0.002293950466910272,0.011946812829882258,0.00016240357287860332,0.0010556232237109216,0.006272838002436053,0.001563134388956557,4.060089321965083e-05,0.00021315468940316686,0.001004872107186358,0.0,0.0,0.0,0.0,0.0,0.0,0.0,0.0,0.0,0.0,0.0,0.0,0.0,0.0,0.0,0.0,0.0,0.0,0.0,0.0,0.0,0.0,0.0,0.0,0.0,0.0,0.0,0.0,0.0,0.0,0.0,0.0,nan,nan,4.433727243692111,2.861823653285776,nan,0.8506150552272796,0.03394249129868237,0.0,0.0,0.0,0.0,0.0,0.0,0.0,0.0,0.0,0.0,0.0,0.0,0.0,0.0,0.0,0.0,0.0,0.0,0.0,0.0,0.012000000000000002,0.09600000000000002,0.276,1.259999999999996,6.6720000000000015,13.032000000000004,6.888000000000002,1.2480000000000004,0.4200000000000001,0.09600000000000002,0.8485166388951543,0.03453512088575962,0.0,0.0,0.0,0.0,0.0,0.0,0.0,0.0,0.0,0.0,0.0,0.0,0.0,0.0,0.0,0.0,0.0,0.0,0.0,0.0,0.06183017312448476,0.11129431162407256,0.4328112118713933,1.4220939818631446,6.640560593569663,13.083264633140976,6.751854905193736,1.1747732893652103,0.22258862324814513,0.09892827699917563,0.4358,0.014755,0.0,0.0,0.0,0.0,0.0,0.0,0.0,0.0,0.0,0.0,0.0,0.23999999999999963,12.504000000000003,16.872000000000003,0.38400000000000006,0.0,0.0,0.0,0.0,0.0,0.0,0.0,0.0,0.0,0.0,0.0,0.0,0.0,0.0,0.0,0.436,0.01474,0.0,0.0,0.0,0.0,0.0,0.0,0.0,0.0,0.0,0.0,0.0,0.2349546578730417,12.242374278647983,16.91673536685903,0.6059356966199506,0.0,0.0,0.0,0.0,0.0,0.0,0.0,0.0,0.0,0.0,0.0,0.0,0.0,0.0,0.0
95100,5046,2568,0.5089179548156956,1199,1045,0.4447086801426873,1458,0.5778834720570749,0.43199999999999994,2.9991928974979825,3.0992460736603133,6.608391608391608,2.1037261814796304,6649.800000000002,1.8189894035458565e-12,6649.8,6649.8,6649.800000000002,1.8189894035458565e-12,6649.800000000002,1.8189894035458565e-12,27.783789139912802,20.803999708582047,32.677434567319025,19.08505349213031,0.13852556480380498,0.10681728101466507,0.08937772493063813,0.08818866428854538,0.0818470075307174,0.07312722948870393,0.06916369401506144,0.062029330162504955,0.05866032500990884,0.0558858501783591,0.04201347602061038,0.04102259215219976,0.033690051525961155,0.02437574316290131,0.018826793499801823,0.010899722552516845,0.005548949663099485,0.8504494814422932,0.03368140205007882,0.0,0.0,0.0,0.0,0.0,0.0,0.0,0.0,0.0,0.0,0.0,0.0,0.0,0.0,0.0,0.0,0.0,0.0,0.0,0.0,0.0,0.07728894173602856,0.30915576694411423,1.4447086801426827,6.527942925089181,12.919143876337696,6.807372175980976,1.5755053507728898,0.26753864447086806,0.07134363852556481,4.391656288916563,2.8652432793712723,3.75,2.8613807855648994,0.8538919608677159,4.366336633663367,2.863988675641461,4.410669975186104,2.8669997628990616,1.010153441029017,0.4353,0.01447,0.0,0.0,0.0,0.0,0.0,0.0,0.0,0.0,0.0,0.0,0.0,0.2140309155766941,13.091557669441144,16.31391200951249,0.38049940546967903,0.0,0.0,0.0,0.0,0.0,0.0,0.0,0.0,0.0,0.0,0.0,0.0,0.0,0.0,0.0,nan,nan,4.388475836431227,2.8655784854209756,nan,0.4353,0.0801,0.0,0.0,0.0,0.0,0.0,0.0,0.0,0.0,0.0,0.0,0.0,0.0,0.0,0.0,0.0,0.0,0.0,0.0,0.0,0.0,0.0,0.0,1.9817677368212444e-05,0.0,0.00133769322235434,6.936187078874356e-05,0.003874355925485533,0.00039635354736424893,0.007986523979389615,0.009264764169639318,0.025535077288941735,0.027645659928656363,0.03584026952041221,0.036504161712247324,0.021056282203725723,0.012554498612762584,0.04195402298850575,0.049910820451843044,0.053755449861276255,0.04899920729290527,0.023860483551327784,0.010642092746730083,0.012703131193024178,0.04518430439952437,0.014149821640903686,0.048394768133174795,0.06404082441537852,0.033481965913594924,0.053170828378913994,0.03124256837098692,0.08720768925881886,0.05978993261989695,0.0202239397542608,0.03229290527150218,0.03818866428854538,0.0062326595323028144,0.005618311533888229,0.0047364248910027745,0.00015854141894569956,0.008937772493063812,0.0017439556084026951,0.011484344034879112,2.972651605231867e-05,0.0008026159334126041,0.006103844629409433,0.0015358699960364645,0.0,5.945303210463734e-05,0.0012782401902497026,0.0,0.0,0.0,0.0,0.0,0.0,0.0,0.0,0.0,0.0,0.0,0.0,0.0,0.0,0.0,0.0,0.0,0.0,0.0,0.0,0.0,0.0,0.0,0.0,0.0,0.0,0.0,0.0,0.0,0.0,0.0,0.0,nan,nan,4.388475836431227,2.8655784854209756,nan,0.8504916188130126,0.03392433324876846,0.0,0.0,0.0,0.0,0.0,0.0,0.0,0.0,0.0,0.0,0.0,0.0,0.0,0.0,0.0,0.0,0.0,0.0,0.0,0.0,0.0,0.07009345794392524,0.30373831775700944,1.4953271028037338,6.460280373831777,12.932242990654208,6.775700934579441,1.5771028037383181,0.28037383177570097,0.10514018691588788,0.8504058136585935,0.03342772888081777,0.0,0.0,0.0,0.0,0.0,0.0,0.0,0.0,0.0,0.0,0.0,0.0,0.0,0.0,0.0,0.0,0.0,0.0,0.0,0.0,0.0,0.08474576271186443,0.314769975786925,1.3922518159806252,6.598062953995159,12.905569007263926,6.840193704600486,1.5738498789346251,0.25423728813559326,0.036319612590799036,0.4348,0.01451,0.0,0.0,0.0,0.0,0.0,0.0,0.0,0.0,0.0,0.0,0.0,0.25700934579439216,13.341121495327105,16.004672897196265,0.3971962616822431,0.0,0.0,0.0,0.0,0.0,0.0,0.0,0.0,0.0,0.0,0.0,0.0,0.0,0.0,0.0,0.4358,0.01444,0.0,0.0,0.0,0.0,0.0,0.0,0.0,0.0,0.0,0.0,0.0,0.16949152542372856,12.832929782082328,16.63438256658596,0.3631961259079904,0.0,0.0,0.0,0.0,0.0,0.0,0.0,0.0,0.0,0.0,0.0,0.0,0.0,0.0,0.0
95200,4444,2261,0.5087758775877588,1026,929,0.4399189918991899,1269,0.5711071107110711,0.45199999999999996,2.9573980760421437,3.027060579086639,6.323151125401929,2.1822311600016193,6649.800000000001,9.094947017729282e-13,6649.8,6649.8,6649.800000000002,1.8189894035458565e-12,6649.800000000001,9.094947017729282e-13,28.285553555355534,21.229578701007924,33.4030653401452,19.427285327090576,0.14243924392439244,0.09338433843384339,0.10013501350135014,0.08528352835283529,0.0774077407740774,0.06705670567056705,0.06638163816381638,0.06930693069306931,0.062106210621062106,0.04927992799279928,0.04117911791179118,0.0405040504050405,0.040054005400540056,0.025427542754275428,0.019126912691269128,0.01395139513951395,0.006975697569756975,0.849445755891066,0.034357046366853,0.0,0.0,0.0,0.0,0.0,0.0,0.0,0.0,0.0,0.0,0.0,0.0,0.0,0.0,0.0,0.0,0.0,0.0,0.0,0.0,0.006750675067506752,0.04050405040504051,0.3307830783078308,1.8024302430242969,6.54815481548155,13.062556255625566,6.170117011701172,1.6134113411341138,0.35778577857785787,0.06750675067506752,4.343047752808989,2.7938185645952336,4.5,3.227486121839514,1.0361387339316033,4.3580846634281745,2.8408183075058284,4.329105003523608,2.749246544659535,0.9933503678467389,0.4368,0.01447,0.0,0.0,0.0,0.0,0.0,0.0,0.0,0.0,0.0,0.0,0.0,0.2362736273627359,11.557155715571561,17.693519351935198,0.5130513051305131,0.0,0.0,0.0,0.0,0.0,0.0,0.0,0.0,0.0,0.0,0.0,0.0,0.0,0.0,0.0,nan,nan,4.343706293706294,2.7957970899695255,nan,0.4368,0.0803,0.0,0.0,0.0,0.0,0.0,0.0,0.0,0.0,0.0,0.0,0.0,0.0,0.0,0.0,0.0,0.0,0.0,0.0,0.0,0.0,0.0,0.0,0.0,0.0,0.001428892889288929,0.00014626462646264625,0.00432043204320432,0.0006075607560756075,0.008922142214221423,0.009045904590459047,0.022175967596759678,0.02668766876687669,0.03418091809180918,0.03731998199819982,0.021624662466246624,0.012162466246624662,0.041561656165616565,0.0483010801080108,0.0536003600360036,0.04575832583258326,0.024054905490549054,0.011374887488748875,0.014007650765076507,0.03928892889288929,0.01674167416741674,0.049943744374437445,0.062376237623762376,0.03391089108910891,0.05312781278127813,0.03365211521152115,0.0875,0.061892439243924395,0.019396939693969398,0.03380963096309631,0.04039153915391539,0.0070769576957695765,0.005794329432943294,0.005085508550855085,0.00012376237623762376,0.009372187218721873,0.0017214221422142213,0.011464896489648964,6.75067506750675e-05,0.0008888388838883889,0.005996849684968497,0.0014851485148514852,1.125112511251125e-05,0.0,0.0015976597659765977,0.0,0.0,0.0,0.0,0.0,0.0,0.0,0.0,0.0,0.0,0.0,0.0,0.0,0.0,0.0,0.0,0.0,0.0,0.0,0.0,0.0,0.0,0.0,0.0,0.0,0.0,0.0,0.0,0.0,0.0,0.0,0.0,nan,nan,4.343706293706294,2.7957970899695255,nan,0.8488584020294905,0.03463574626137053,0.0,0.0,0.0,0.0,0.0,0.0,0.0,0.0,0.0,0.0,0.0,0.0,0.0,0.0,0.0,0.0,0.0,0.0,0.0,0.0,0.013268465280849184,0.05307386112339674,0.39805395842547553,1.8443166740380306,6.448474126492704,13.295002211410884,6.0238832375055305,1.5126050420168071,0.3184431667403804,0.0928792569659443,0.8500540962854876,0.034055306824384374,0.0,0.0,0.0,0.0,0.0,0.0,0.0,0.0,0.0,0.0,0.0,0.0,0.0,0.0,0.0,0.0,0.0,0.0,0.0,0.0,0.0,0.02748511223087495,0.261108566193312,1.7590471827759908,6.651397159871737,12.821804855703164,6.321575813101238,1.7178195144296844,0.3985341273476868,0.04122766834631242,0.437,0.014565,0.0,0.0,0.0,0.0,0.0,0.0,0.0,0.0,0.0,0.0,0.0,0.2521008403361341,11.25165855816011,17.978770455550645,0.5174701459531182,0.0,0.0,0.0,0.0,0.0,0.0,0.0,0.0,0.0,0.0,0.0,0.0,0.0,0.0,0.0,0.4365,0.01438,0.0,0.0,0.0,0.0,0.0,0.0,0.0,0.0,0.0,0.0,0.0,0.21988089784699924,11.873568483737978,17.398076042143842,0.5084745762711865,0.0,0.0,0.0,0.0,0.0,0.0,0.0,0.0,0.0,0.0,0.0,0.0,0.0,0.0,0.0
95300,4523,2293,0.5069644041565333,1071,892,0.43400397965951804,1273,0.562900729604245,0.46799999999999997,2.97847533632287,3.0706893528016868,6.558641975308642,1.9875273136325962,6649.800000000001,9.094947017729282e-13,6649.8,6649.8,6649.800000000001,9.094947017729282e-13,6649.800000000002,1.8189894035458565e-12,27.703957550298476,20.983904632553248,32.7058357538949,19.275375087700485,0.1423833738669025,0.10745080698651338,0.09529073623701083,0.08335175768295379,0.07716117621047977,0.07074950254256025,0.06898076497899625,0.06522219765642273,0.057483970815830204,0.050187928366128676,0.04222860933009065,0.047313729825337165,0.030510722971479106,0.025867786867123592,0.01702409904930356,0.011938978554057041,0.006853858058810524,0.847464187849472,0.03544965909694664,0.0,0.0,0.0,0.0,0.0,0.0,0.0,0.0,0.0,0.0,0.0,0.0,0.0,0.0,0.0,0.0,0.0,0.0,0.0,0.0,0.01326553172673005,0.09285872208711035,0.35816935662171134,1.9168693345124856,7.163387132434226,12.502763652443072,6.161839487066108,1.339818704399735,0.3117399955781561,0.1392880831306655,4.4676564156945915,2.83006947530942,4.090909090909091,2.6441890131361796,0.9156722698142115,4.446327683615819,2.8431105280210884,4.482926829268293,2.814637165681748,1.008231319924381,0.437,0.014336,0.0,0.0,0.0,0.0,0.0,0.0,0.0,0.0,0.0,0.0,0.0,0.23214680521777545,11.567543665708603,17.669688260004424,0.5306212690692019,0.0,0.0,0.0,0.0,0.0,0.0,0.0,0.0,0.0,0.0,0.0,0.0,0.0,0.0,0.0,nan,nan,4.464749210803227,2.8288739789297144,nan,0.437,0.07983,0.0,0.0,0.0,0.0,0.0,0.0,0.0,0.0,0.0,0.0,0.0,0.0,0.0,0.0,0.0,0.0,0.0,0.0,0.0,0.0,0.0,0.0,0.0,0.0,0.0019345567101481317,9.949148795047535e-05,0.00430024320141499,0.0007627680742869777,0.008921070086225957,0.00875525093964183,0.023723192571302232,0.024883926597391113,0.035175768295379176,0.03370550519566659,0.02045102807870882,0.011950033163829317,0.041786424939199644,0.04788856953349547,0.05316161839487066,0.04440636745522883,0.02640946274596507,0.011375193455671015,0.013862480654432898,0.04019456113199204,0.016338713243422506,0.05153659075834623,0.06307760336060136,0.03602697324784435,0.05509617510501879,0.03328543002432014,0.08872429803227946,0.0577492814503648,0.020528410347114747,0.033727614415211146,0.04223966393986292,0.006046871545434446,0.005571523325226619,0.0045434446164050405,0.00012160070749502543,0.008932124695998231,0.002266195003316383,0.011143046650453238,3.3163829316825113e-05,0.0007738226840592527,0.006035816935662171,0.001138624806544329,4.421843908910016e-05,0.0,0.0012712801238116294,0.0,0.0,0.0,0.0,0.0,0.0,0.0,0.0,0.0,0.0,0.0,0.0,0.0,0.0,0.0,0.0,0.0,0.0,0.0,0.0,0.0,0.0,0.0,0.0,0.0,0.0,0.0,0.0,0.0,0.0,0.0,0.0,nan,nan,4.464749210803227,2.8288739789297144,nan,0.8472944239939969,0.03511271293259744,0.0,0.0,0.0,0.0,0.0,0.0,0.0,0.0,0.0,0.0,0.0,0.0,0.0,0.0,0.0,0.0,0.0,0.0,0.0,0.0,0.02616659398168339,0.11774967291757525,0.3401657217618841,1.7793283907544646,7.3004797208896655,12.625381596162237,6.044483209768863,1.3868294810292197,0.2616659398168339,0.11774967291757525,0.8476387477241824,0.03579197726232359,0.0,0.0,0.0,0.0,0.0,0.0,0.0,0.0,0.0,0.0,0.0,0.0,0.0,0.0,0.0,0.0,0.0,0.0,0.0,0.0,0.0,0.0672645739910314,0.3766816143497759,2.058295964125554,7.022421524663679,12.37668161434978,6.282511210762333,1.2914798206278029,0.3632286995515696,0.16143497757847536,0.437,0.01438,0.0,0.0,0.0,0.0,0.0,0.0,0.0,0.0,0.0,0.0,0.0,0.2878325337985168,11.146969036197126,17.98953336240733,0.5756650675970345,0.0,0.0,0.0,0.0,0.0,0.0,0.0,0.0,0.0,0.0,0.0,0.0,0.0,0.0,0.0,0.437,0.0143,0.0,0.0,0.0,0.0,0.0,0.0,0.0,0.0,0.0,0.0,0.0,0.17488789237668137,12.000000000000004,17.340807174887896,0.48430493273542613,0.0,0.0,0.0,0.0,0.0,0.0,0.0,0.0,0.0,0.0,0.0,0.0,0.0,0.0,0.0
95400,4614,2385,0.5169050715214565,1106,975,0.4510186389250108,1329,0.576072821846554,0.45199999999999996,2.9600717810677435,3.032014492641291,6.542993630573249,2.0572379494971287,6649.800000000001,9.094947017729282e-13,6649.8,6649.8,6649.800000000002,1.8189894035458565e-12,6649.800000000001,9.094947017729282e-13,27.833333333333332,20.6483490910277,32.493346980552715,18.996503658140618,0.13198959687906373,0.10554833116601647,0.09514521022973559,0.0834416991764196,0.08669267446900737,0.07824013870827914,0.07065452969224101,0.05916775032509753,0.0576506285218899,0.05244906805374946,0.04746423927178153,0.04052882531426095,0.033593411356740356,0.022106631989596878,0.018422193324664066,0.009969657563935847,0.006935413957520589,0.8497958371248605,0.03388175234092392,0.0,0.0,0.0,0.0,0.0,0.0,0.0,0.0,0.0,0.0,0.0,0.0,0.0,0.0,0.0,0.0,0.0,0.0,0.0,0.0,0.0,0.058517555266579986,0.22106631989596884,1.5604681404421277,6.957087126137843,12.834850455136545,6.378413524057219,1.5539661898569574,0.35110533159947993,0.0845253576072822,4.304347826086956,2.848267936299941,4.4,2.727636339397171,1.0222222222222224,4.333109469442579,2.8263817238410396,4.276209677419355,2.8689426397217974,0.986868600383977,0.4375,0.01502,0.0,0.0,0.0,0.0,0.0,0.0,0.0,0.0,0.0,0.0,0.0,0.20156046814044185,11.241872561768533,17.880364109232772,0.6762028608582576,0.0,0.0,0.0,0.0,0.0,0.0,0.0,0.0,0.0,0.0,0.0,0.0,0.0,0.0,0.0,nan,nan,4.304669129996641,2.8478766553526276,nan,0.4375,0.07965,0.0,0.0,0.0,0.0,0.0,0.0,0.0,0.0,0.0,0.0,0.0,0.0,0.0,0.0,0.0,0.0,0.0,0.0,0.0,0.0,0.0,0.0,0.0,0.0,0.0019505851755526658,0.000270914607715648,0.00430212397052449,0.0005635023840485479,0.009362808842652795,0.00876679670567837,0.023959687906371912,0.025834416991764197,0.03360424794104898,0.032899869960988294,0.02055700043346337,0.010424794104898136,0.0434763762462072,0.046087993064586046,0.05173385348938015,0.04206762028608583,0.025704377980060686,0.012375379280450802,0.01440182054616385,0.040160381447767665,0.016536627654963155,0.0544755093194625,0.05992631122670134,0.038188123103597746,0.056913740788903336,0.03337667967056784,0.09036627654963156,0.05810576506285219,0.019679237104464672,0.033029908972691806,0.044310793237971394,0.006176853055916775,0.006100996965756393,0.003912006935413957,0.00010836584308625921,0.007910706545296922,0.0026441265713047246,0.010099696575639359,7.585609016038145e-05,0.0007368877329865626,0.006545296922410056,0.0012895535327264846,0.00010836584308625921,0.0,0.0008777633289986996,0.0,0.0,0.0,0.0,0.0,0.0,0.0,0.0,0.0,0.0,0.0,0.0,0.0,0.0,0.0,0.0,0.0,0.0,0.0,0.0,0.0,0.0,0.0,0.0,0.0,0.0,0.0,0.0,0.0,0.0,0.0,0.0,nan,nan,4.304669129996641,2.8478766553526276,nan,0.8500386592727037,0.03393732959968954,0.0,0.0,0.0,0.0,0.0,0.0,0.0,0.0,0.0,0.0,0.0,0.0,0.0,0.0,0.0,0.0,0.0,0.0,0.0,0.0,0.0,0.03773584905660378,0.289308176100629,1.4968553459119451,6.716981132075473,13.207547169811324,6.113207547169813,1.69811320754717,0.36477987421383656,0.07547169811320756,0.8495360206947994,0.033820253637241414,0.0,0.0,0.0,0.0,0.0,0.0,0.0,0.0,0.0,0.0,0.0,0.0,0.0,0.0,0.0,0.0,0.0,0.0,0.0,0.0,0.0,0.08075370121130553,0.1480484522207268,1.6285329744279895,7.2139973082099615,12.436069986541053,6.662180349932707,1.3997308209959627,0.33647375504710636,0.0942126514131898,0.4377,0.015,0.0,0.0,0.0,0.0,0.0,0.0,0.0,0.0,0.0,0.0,0.0,0.20125786163521983,11.044025157232708,17.911949685534594,0.8427672955974844,0.0,0.0,0.0,0.0,0.0,0.0,0.0,0.0,0.0,0.0,0.0,0.0,0.0,0.0,0.0,0.4373,0.015045,0.0,0.0,0.0,0.0,0.0,0.0,0.0,0.0,0.0,0.0,0.0,0.20188425302826352,11.453566621803503,17.846567967698522,0.49798115746971744,0.0,0.0,0.0,0.0,0.0,0.0,0.0,0.0,0.0,0.0,0.0,0.0,0.0,0.0,0.0
95500,4782,2397,0.501254705144291,1109,1023,0.44583856127143456,1357,0.5675449602676704,0.44399999999999995,2.9685534591194966,3.044783937863933,6.519117647058824,1.9695294565648964,6649.800000000001,9.094947017729282e-13,6649.8,6649.8,6649.800000000001,9.094947017729282e-13,6649.800000000002,1.8189894035458565e-12,27.979506482643245,20.97425276110002,32.936721474838066,19.247230611490853,0.13801756587202008,0.10414052697616061,0.09222082810539524,0.08385612714345463,0.07862818904224174,0.07883730656629026,0.06817231283981598,0.06587202007528231,0.05918025930572982,0.04997908824759515,0.04412379757423672,0.04224173985780008,0.03262233375156838,0.023212045169385194,0.019238812212463405,0.010874111250522794,0.00878293601003764,0.8495482140034125,0.03423109188646136,0.0,0.0,0.0,0.0,0.0,0.0,0.0,0.0,0.0,0.0,0.0,0.0,0.0,0.0,0.0,0.0,0.0,0.0,0.0,0.0,0.0,0.05018820577164367,0.3199498117942284,1.731493099121701,6.637390213299876,12.747804265997493,6.68757841907152,1.3864491844416567,0.35131744040150575,0.08782936010037644,4.314935064935065,2.814532843235902,5.181818181818182,1.9917183909278768,1.2009029345372462,4.251932989690721,2.7543889766488823,4.3846653671215075,2.8683795262036758,1.0312169495033459,0.4373,0.014305,0.0,0.0,0.0,0.0,0.0,0.0,0.0,0.0,0.0,0.0,0.0,0.18820577164366348,11.286072772898372,18.061480552070268,0.46424090338770396,0.0,0.0,0.0,0.0,0.0,0.0,0.0,0.0,0.0,0.0,0.0,0.0,0.0,0.0,0.0,nan,nan,4.318020058233581,2.812505366917135,nan,0.4373,0.0793,0.0,0.0,0.0,0.0,0.0,0.0,0.0,0.0,0.0,0.0,0.0,0.0,0.0,0.0,0.0,0.0,0.0,0.0,0.0,0.0,0.0,4.1823504809703055e-05,0.0,0.0,0.002070263488080301,0.00017774989544123797,0.004506482643245504,0.0004391468005018821,0.009431200334588039,0.007225010455876203,0.02307611877875366,0.027498954412379758,0.03205771643663739,0.034493935591802596,0.019636135508155583,0.010518611459640318,0.04533667921371811,0.04673776662484316,0.05134880803011292,0.044270179841070685,0.02539732329569218,0.01150146382266834,0.013488080301129234,0.04025512337933919,0.016321622751986616,0.05475742367210372,0.059953994144709324,0.03958594730238394,0.059629861982434126,0.03152446675031367,0.08468214136344626,0.05886658301965705,0.01888331242158093,0.035508155583437895,0.04570263488080301,0.006503554997908825,0.006472187369301548,0.0047365119196988706,0.00017774989544123797,0.0067963195315767465,0.0024989544123797574,0.008009201171058135,0.0001150146382266834,0.00123379339188624,0.006012128816394814,0.0019552488498536177,3.136762860727729e-05,0.0,0.000533249686323714,0.0,0.0,0.0,0.0,0.0,0.0,0.0,0.0,0.0,0.0,0.0,0.0,0.0,0.0,0.0,0.0,0.0,0.0,0.0,0.0,0.0,0.0,0.0,0.0,0.0,0.0,0.0,0.0,0.0,0.0,0.0,0.0,nan,nan,4.318020058233581,2.812505366917135,nan,0.8496582756999338,0.034324711279870676,0.0,0.0,0.0,0.0,0.0,0.0,0.0,0.0,0.0,0.0,0.0,0.0,0.0,0.0,0.0,0.0,0.0,0.0,0.0,0.0,0.0,0.05006257822277849,0.28785982478097627,1.7021276595744628,6.896120150187736,12.553191489361705,6.720901126408012,1.289111389236546,0.38798498122653324,0.1126408010012516,0.8494375985373491,0.0341363852235824,0.0,0.0,0.0,0.0,0.0,0.0,0.0,0.0,0.0,0.0,0.0,0.0,0.0,0.0,0.0,0.0,0.0,0.0,0.0,0.0,0.0,0.05031446540880504,0.3522012578616353,1.7610062893081708,6.377358490566039,12.943396226415098,6.654088050314467,1.4842767295597488,0.3144654088050315,0.0628930817610063,0.437,0.01413,0.0,0.0,0.0,0.0,0.0,0.0,0.0,0.0,0.0,0.0,0.0,0.18773466833541902,11.489361702127663,17.922403003754695,0.4005006257822279,0.0,0.0,0.0,0.0,0.0,0.0,0.0,0.0,0.0,0.0,0.0,0.0,0.0,0.0,0.0,0.4373,0.01447,0.0,0.0,0.0,0.0,0.0,0.0,0.0,0.0,0.0,0.0,0.0,0.1886792452830186,11.08176100628931,18.201257861635224,0.5283018867924529,0.0,0.0,0.0,0.0,0.0,0.0,0.0,0.0,0.0,0.0,0.0,0.0,0.0,0.0,0.0
95600,4780,2421,0.5064853556485356,1110,1024,0.44644351464435145,1357,0.5677824267782426,0.44799999999999995,2.916490038151759,2.991902916133121,6.314121037463977,2.055961183682257,6649.800000000002,1.8189894035458565e-12,6649.8,6649.8,6649.800000000002,1.8189894035458565e-12,6649.800000000001,9.094947017729282e-13,28.014853556485356,20.671417947437323,32.80545229244114,18.93043601439385,0.13577405857740585,0.099163179916318,0.09121338912133892,0.09267782426778243,0.08556485355648535,0.0700836820083682,0.06652719665271967,0.06171548117154812,0.0598326359832636,0.05376569037656904,0.049581589958159,0.03807531380753138,0.038493723849372385,0.02803347280334728,0.01715481171548117,0.006903765690376569,0.005439330543933054,0.849912345633846,0.0340029981859348,0.0,0.0,0.0,0.0,0.0,0.0,0.0,0.0,0.0,0.0,0.0,0.0,0.0,0.0,0.0,0.0,0.0,0.0,0.0,0.0,0.006276150627615064,0.10041841004184103,0.3012552301255231,1.3619246861924645,6.734309623430964,13.117154811715483,6.502092050209207,1.4937238493723852,0.30753138075313813,0.07531380753138077,4.24682099771764,2.8030769637194486,4.541666666666667,2.915178191618634,1.069427383237364,4.2983922829582,2.7723422695653763,4.19921875,2.8349840927799055,0.9769277612582286,0.4368,0.01442,0.0,0.0,0.0,0.0,0.0,0.0,0.0,0.0,0.0,0.0,0.0,0.16945606694560647,11.924686192468622,17.372384937238497,0.5334728033472804,0.0,0.0,0.0,0.0,0.0,0.0,0.0,0.0,0.0,0.0,0.0,0.0,0.0,0.0,0.0,nan,nan,4.249110320284697,2.8040840629955754,nan,0.4368,0.0798,0.0,0.0,0.0,0.0,0.0,0.0,0.0,0.0,0.0,0.0,0.0,0.0,0.0,0.0,0.0,0.0,0.0,0.0,0.0,0.0,0.0,0.00011506276150627615,1.0460251046025105e-05,0.0,0.0018723849372384938,8.368200836820084e-05,0.004853556485355648,0.0004079497907949791,0.009822175732217574,0.007939330543933054,0.024372384937238492,0.02767782426778243,0.0319142259414226,0.03582635983263598,0.020292887029288702,0.011129707112970712,0.04686192468619247,0.04654811715481171,0.05260460251046025,0.04067991631799163,0.023043933054393305,0.011098326359832636,0.015073221757322175,0.040271966527196654,0.015596234309623432,0.052248953974895394,0.059089958158995814,0.03916317991631799,0.062259414225941424,0.029152719665271967,0.08324267782426778,0.059539748953974896,0.018817991631799164,0.036443514644351464,0.047615062761506274,0.006391213389121339,0.0067364016736401675,0.00497907949790795,0.00032426778242677825,0.00700836820083682,0.002719665271966527,0.006244769874476987,2.092050209205021e-05,0.001401673640167364,0.005993723849372385,0.0019769874476987448,0.0,0.0,0.0005334728033472803,0.0,0.0,0.0,0.0,0.0,0.0,0.0,0.0,0.0,0.0,0.0,0.0,0.0,0.0,0.0,0.0,0.0,0.0,0.0,0.0,0.0,0.0,0.0,0.0,0.0,0.0,0.0,0.0,0.0,0.0,0.0,0.0,nan,nan,4.249110320284697,2.8040840629955754,nan,0.8494329274759368,0.03487864085063777,0.0,0.0,0.0,0.0,0.0,0.0,0.0,0.0,0.0,0.0,0.0,0.0,0.0,0.0,0.0,0.0,0.0,0.0,0.0,0.0,0.012391573729863695,0.12391573729863695,0.37174721189591087,1.2639405204460927,6.951672862453533,13.159851301115244,6.232961586121439,1.4622057001239162,0.30978934324659235,0.11152416356877326,0.8504043640146421,0.03307302499444099,0.0,0.0,0.0,0.0,0.0,0.0,0.0,0.0,0.0,0.0,0.0,0.0,0.0,0.0,0.0,0.0,0.0,0.0,0.0,0.0,0.0,0.07630351844001697,0.22891055532005092,1.4624841034336538,6.5112335735481155,13.073336159389575,6.7782958880881745,1.5260703688003394,0.30521407376006787,0.038151759220008484,0.4368,0.014595,0.0,0.0,0.0,0.0,0.0,0.0,0.0,0.0,0.0,0.0,0.0,0.19826517967781881,11.69764560099133,17.54646840148699,0.5576208178438663,0.0,0.0,0.0,0.0,0.0,0.0,0.0,0.0,0.0,0.0,0.0,0.0,0.0,0.0,0.0,0.4365,0.01424,0.0,0.0,0.0,0.0,0.0,0.0,0.0,0.0,0.0,0.0,0.0,0.13988978380669756,12.157693938109372,17.19372615515049,0.5086901229334465,0.0,0.0,0.0,0.0,0.0,0.0,0.0,0.0,0.0,0.0,0.0,0.0,0.0,0.0,0.0
95700,4832,2424,0.5016556291390728,1159,992,0.4451572847682119,1393,0.5765728476821192,0.43999999999999995,2.9264950166112955,2.9686897130049497,6.255289139633287,2.0296784802134136,6649.800000000002,1.8189894035458565e-12,6649.8,6649.8,6649.800000000001,9.094947017729282e-13,6649.800000000002,1.8189894035458565e-12,28.2408940397351,20.970244605233912,33.16367657901204,19.187008892680996,0.13638245033112584,0.09954470198675497,0.0904387417218543,0.08795529801324503,0.08133278145695365,0.07305463576158941,0.06870860927152318,0.06498344370860927,0.06105132450331126,0.04842715231788079,0.05070364238410596,0.03870033112582782,0.03394039735099338,0.028352649006622516,0.019246688741721855,0.01179635761589404,0.005380794701986755,0.8503341344709427,0.03356241614110628,0.0,0.0,0.0,0.0,0.0,0.0,0.0,0.0,0.0,0.0,0.0,0.0,0.0,0.0,0.0,0.0,0.0,0.0,0.0,0.0,0.01241721854304636,0.018625827814569538,0.25455298013245037,1.5335264900662204,6.723923841059604,12.98220198675497,6.593543046357618,1.4403973509933778,0.3725165562913908,0.06829470198675498,4.320372750642673,2.737297630627789,3.272727272727273,2.2998382983042758,0.7575103958889754,4.316463805253043,2.728085694553188,4.316901408450704,2.745049531214334,1.0001013800224918,0.4363,0.01454,0.0,0.0,0.0,0.0,0.0,0.0,0.0,0.0,0.0,0.0,0.0,0.2235099337748341,12.04470198675497,17.309602649006624,0.42218543046357626,0.0,0.0,0.0,0.0,0.0,0.0,0.0,0.0,0.0,0.0,0.0,0.0,0.0,0.0,0.0,nan,nan,4.316682676913224,2.7365834822767607,nan,0.4363,0.0804,0.0,0.0,0.0,0.0,0.0,0.0,0.0,0.0,0.0,0.0,0.0,0.0,0.0,0.0,0.0,0.0,0.0,0.0,3.1043046357615894e-05,0.0,0.0,0.00020695364238410596,0.0,0.0,0.0018832781456953641,0.00010347682119205298,0.004408112582781457,0.0005587748344370861,0.010844370860927151,0.008640314569536425,0.024720612582781458,0.02823882450331126,0.03466473509933775,0.03715852649006623,0.020912665562913907,0.010182119205298013,0.0451158940397351,0.046119619205298015,0.05109685430463576,0.039228062913907284,0.02443087748344371,0.009861341059602648,0.015728476821192054,0.039828228476821194,0.016370033112582782,0.049420529801324505,0.05718129139072848,0.03821399006622517,0.06451779801324503,0.029946192052980134,0.08362996688741722,0.05754346026490066,0.018139486754966887,0.03677566225165563,0.05030008278145695,0.005204884105960265,0.007253725165562914,0.004904801324503312,0.0004656456953642384,0.007553807947019868,0.002431705298013245,0.006012003311258278,0.0,0.0019971026490066225,0.005463576158940398,0.0021833609271523177,0.0,0.0,0.0005277317880794702,0.0,0.0,0.0,0.0,0.0,0.0,0.0,0.0,0.0,0.0,0.0,0.0,0.0,0.0,0.0,0.0,0.0,0.0,0.0,0.0,0.0,0.0,0.0,0.0,0.0,0.0,0.0,0.0,0.0,0.0,0.0,0.0,nan,nan,4.316682676913224,2.7365834822767607,nan,0.8495840862786809,0.033222560365617174,0.0,0.0,0.0,0.0,0.0,0.0,0.0,0.0,0.0,0.0,0.0,0.0,0.0,0.0,0.0,0.0,0.0,0.0,0.0,0.0,0.012376237623762379,0.012376237623762379,0.25990099009900997,1.683168316831678,6.769801980198022,13.094059405940596,6.361386138613863,1.435643564356436,0.3217821782178219,0.049504950495049514,0.8510891663721234,0.033884324784253954,0.0,0.0,0.0,0.0,0.0,0.0,0.0,0.0,0.0,0.0,0.0,0.0,0.0,0.0,0.0,0.0,0.0,0.0,0.0,0.0,0.012458471760797346,0.02491694352159469,0.2491694352159469,1.3828903654485007,6.677740863787377,12.869601328903657,6.827242524916945,1.4451827242524922,0.42358803986710974,0.08720930232558143,0.4365,0.01457,0.0,0.0,0.0,0.0,0.0,0.0,0.0,0.0,0.0,0.0,0.0,0.2599009900990095,12.054455445544557,17.314356435643568,0.3712871287128714,0.0,0.0,0.0,0.0,0.0,0.0,0.0,0.0,0.0,0.0,0.0,0.0,0.0,0.0,0.0,0.4363,0.01451,0.0,0.0,0.0,0.0,0.0,0.0,0.0,0.0,0.0,0.0,0.0,0.18687707641195989,12.034883720930235,17.30481727574751,0.4734219269102991,0.0,0.0,0.0,0.0,0.0,0.0,0.0,0.0,0.0,0.0,0.0,0.0,0.0,0.0,0.0
95800,4811,2395,0.49781750155892746,1123,1006,0.4425275410517564,1385,0.5757638744543754,0.45199999999999996,2.875,2.9357249462892296,6.17531556802244,2.0045829518020084,6649.800000000002,1.8189894035458565e-12,6649.8,6649.8,6649.800000000002,1.8189894035458565e-12,6649.800000000002,1.8189894035458565e-12,28.249220536271046,20.97888291317149,33.149765605724156,19.21979362228247,0.13573061733527333,0.10122635626688838,0.0904177925587196,0.0887549366036167,0.07940137185616296,0.07503637497401787,0.0679692371648306,0.06173352733319476,0.056744959467886096,0.05258781958012887,0.05445853252961962,0.03928497193930576,0.03450426106838495,0.025774267304094784,0.019746414466846808,0.010808563708168779,0.005819995842860112,0.8508985161260962,0.034533993297312514,0.0,0.0,0.0,0.0,0.0,0.0,0.0,0.0,0.0,0.0,0.0,0.0,0.0,0.0,0.0,0.0,0.0,0.0,0.0,0.0,0.0,0.05612138848472252,0.3304926210766993,1.484098939929324,6.653502390355437,12.720848056537106,6.771980877156518,1.484098939929329,0.34919975057160685,0.14965703595926005,4.27349047465289,2.749429950484567,5.473684210526316,2.3701747893047798,1.2808462410275783,4.262755102040816,2.789345721180845,4.2990956072351425,2.7071203287004795,1.0085251215057904,0.4365,0.01481,0.0,0.0,0.0,0.0,0.0,0.0,0.0,0.0,0.0,0.0,0.0,0.19330700478071058,12.558719600914573,16.60569528164623,0.6422781126584911,0.0,0.0,0.0,0.0,0.0,0.0,0.0,0.0,0.0,0.0,0.0,0.0,0.0,0.0,0.0,nan,nan,4.280808729139923,2.748864414969909,nan,0.4365,0.0804,0.0,0.0,0.0,0.0,0.0,0.0,0.0,0.0,0.0,0.0,0.0,0.0,0.0,0.0,0.0,0.0,0.0,0.0,2.0785699438786117e-05,0.0,0.0,0.00016628559551028893,0.0,0.0,0.0013718561629598835,7.27499480357514e-05,0.0035231760548742465,0.0006443566826023696,0.010881313656204532,0.009415921845770111,0.026086052795676575,0.026740802327998338,0.034639368114737064,0.03840157971315735,0.02138848472251091,0.010413635418831843,0.04400332571191021,0.04748493036790688,0.047297859072957804,0.03938890043649969,0.02607565994595718,0.009769278736229474,0.014840989399293287,0.03921222199127001,0.017314487632508833,0.05088339222614841,0.05902099355643317,0.03705050924963625,0.06657659530243193,0.027842444398254,0.08220744128039909,0.056744959467886096,0.01929952192891291,0.0345770110164207,0.05275410517563916,0.0058096029931407195,0.006713780918727915,0.004604032425691125,0.00035335689045936394,0.00639160257742673,0.00288921222199127,0.007046352109748493,1.0392849719393058e-05,0.0023176054874246518,0.005154853460818957,0.0020681770941592187,0.0,2.0785699438786117e-05,0.0005092496362502599,0.0,0.0,0.0,0.0,0.0,0.0,0.0,0.0,0.0,0.0,0.0,0.0,0.0,0.0,0.0,0.0,0.0,0.0,0.0,0.0,0.0,0.0,0.0,0.0,0.0,0.0,0.0,0.0,0.0,0.0,0.0,0.0,nan,nan,4.280808729139923,2.748864414969909,nan,0.8508554016125227,0.03401766094627804,0.0,0.0,0.0,0.0,0.0,0.0,0.0,0.0,0.0,0.0,0.0,0.0,0.0,0.0,0.0,0.0,0.0,0.0,0.0,0.0,0.0,0.08768267223382048,0.3256784968684761,1.3402922755741085,6.713987473903968,12.80167014613779,6.839248434237997,1.4279749478079335,0.3507306889352819,0.11273486430062633,0.8509412558860336,0.035038276234123394,0.0,0.0,0.0,0.0,0.0,0.0,0.0,0.0,0.0,0.0,0.0,0.0,0.0,0.0,0.0,0.0,0.0,0.0,0.0,0.0,0.0,0.02483443708609272,0.33526490066225173,1.6266556291390677,6.593543046357618,12.640728476821195,6.705298013245034,1.5397350993377488,0.3476821192052981,0.1862582781456954,0.436,0.01503,0.0,0.0,0.0,0.0,0.0,0.0,0.0,0.0,0.0,0.0,0.0,0.20041753653444647,12.864300626304805,16.296450939457205,0.6388308977035492,0.0,0.0,0.0,0.0,0.0,0.0,0.0,0.0,0.0,0.0,0.0,0.0,0.0,0.0,0.0,0.4368,0.01457,0.0,0.0,0.0,0.0,0.0,0.0,0.0,0.0,0.0,0.0,0.0,0.1862582781456951,12.255794701986758,16.91225165562914,0.6456953642384108,0.0,0.0,0.0,0.0,0.0,0.0,0.0,0.0,0.0,0.0,0.0,0.0,0.0,0.0,0.0
95900,4776,2407,0.5039782244556114,1117,1004,0.44409547738693467,1348,0.5644891122278057,0.45599999999999996,3.0160405234276064,3.1004970026102807,6.575443786982248,2.093647890511594,6649.800000000001,9.094947017729282e-13,6649.8,6649.8,6649.800000000001,9.094947017729282e-13,6649.800000000001,9.094947017729282e-13,27.44221105527638,20.700585701316914,32.577106918239,18.895689280655635,0.14886934673366833,0.09631490787269682,0.09778056951423786,0.08417085427135679,0.07726130653266332,0.0768425460636516,0.07307370184254607,0.06448911222780569,0.051926298157453935,0.051926298157453935,0.048994974874371856,0.038944723618090454,0.031825795644891124,0.024078726968174206,0.0190536013400335,0.007537688442211055,0.006909547738693468,0.8498929176648059,0.033704197720565834,0.0,0.0,0.0,0.0,0.0,0.0,0.0,0.0,0.0,0.0,0.0,0.0,0.0,0.0,0.0,0.0,0.0,0.0,0.0,0.0,0.01884422110552764,0.06909547738693468,0.30150753768844224,1.5326633165829098,6.532663316582916,13.090452261306536,6.601758793969851,1.4635678391959803,0.314070351758794,0.07537688442211056,4.370308867485885,2.761654787979216,4.6,2.0912516188477497,1.0525571851964433,4.2711525649566955,2.7516140144017744,4.470163934426229,2.762262372720675,1.0465943012905585,0.437,0.014885,0.0,0.0,0.0,0.0,0.0,0.0,0.0,0.0,0.0,0.0,0.0,0.22613065326633133,11.582914572864325,17.525125628140707,0.6658291457286434,0.0,0.0,0.0,0.0,0.0,0.0,0.0,0.0,0.0,0.0,0.0,0.0,0.0,0.0,0.0,nan,nan,4.371447455386649,2.758780554059081,nan,0.437,0.0805,0.0,0.0,0.0,0.0,0.0,0.0,0.0,0.0,0.0,0.0,0.0,0.0,0.0,0.0,0.0,0.0,0.0,0.0,0.0,0.0,0.0,0.000157035175879397,0.0,0.0,0.001591289782244556,0.0001360971524288107,0.0033500837520938024,0.0003664154103852596,0.00989321608040201,0.00896147403685092,0.025418760469011724,0.026392378559463987,0.03359505862646566,0.04037897822445561,0.0217964824120603,0.01002931323283082,0.04470268006700168,0.046377721943048573,0.04805276381909548,0.03949958123953099,0.024874371859296484,0.010353852596314907,0.014164572864321608,0.03976130653266332,0.016823701842546064,0.05321398659966499,0.05766331658291457,0.03499790619765494,0.06429020100502512,0.028130234505862647,0.08421273031825796,0.05834380234505863,0.0201214405360134,0.03533291457286432,0.05086892797319933,0.006061557788944723,0.005956867671691793,0.004135259631490787,0.0005443886097152428,0.006804857621440536,0.0038107202680067002,0.008898659966499162,3.14070351758794e-05,0.0019891122278056952,0.004658710217755444,0.0026381909547738692,1.0469011725293133e-05,0.0001256281407035176,0.00047110552763819093,1.0469011725293133e-05,0.0,0.0,0.0,0.0,0.0,0.0,0.0,0.0,0.0,0.0,0.0,0.0,0.0,0.0,0.0,0.0,0.0,0.0,0.0,0.0,0.0,0.0,0.0,0.0,0.0,0.0,0.0,0.0,0.0,0.0,0.0,nan,nan,4.371447455386649,2.758780554059081,nan,0.8509159328831545,0.03417943216422849,0.0,0.0,0.0,0.0,0.0,0.0,0.0,0.0,0.0,0.0,0.0,0.0,0.0,0.0,0.0,0.0,0.0,0.0,0.0,0.0,0.037390943082675536,0.037390943082675536,0.2991275446614043,1.5454923140839172,6.244287494806815,13.012048192771088,6.8051516410469475,1.6202742002492734,0.2866638969671791,0.11217282924802661,0.8488534927468805,0.033182089682516,0.0,0.0,0.0,0.0,0.0,0.0,0.0,0.0,0.0,0.0,0.0,0.0,0.0,0.0,0.0,0.0,0.0,0.0,0.0,0.0,0.0,0.10130856901646267,0.303925707049388,1.5196285352469348,6.825664837484172,13.170113972140147,6.395103419164206,1.304347826086957,0.34191642043056153,0.0379907133811735,0.4373,0.01491,0.0,0.0,0.0,0.0,0.0,0.0,0.0,0.0,0.0,0.0,0.0,0.236809306190278,11.329455754050688,17.71084337349398,0.7228915662650605,0.0,0.0,0.0,0.0,0.0,0.0,0.0,0.0,0.0,0.0,0.0,0.0,0.0,0.0,0.0,0.437,0.01484,0.0,0.0,0.0,0.0,0.0,0.0,0.0,0.0,0.0,0.0,0.0,0.2152807091599828,11.840439003799075,17.33642887294217,0.607851414098776,0.0,0.0,0.0,0.0,0.0,0.0,0.0,0.0,0.0,0.0,0.0,0.0,0.0,0.0,0.0
96000,4924,2435,0.49451665312753856,1118,1079,0.44618196588139725,1406,0.5710804224207962,0.44399999999999995,2.838891120932101,2.996877666688035,6.3907380607814765,2.008844670011347,6649.8,0.0,6649.8,6649.8,6649.800000000001,9.094947017729282e-13,6649.800000000001,9.094947017729282e-13,27.735987002437042,20.75632670083835,32.623489608506524,19.037582052445355,0.14033306255077174,0.10012185215272136,0.0958570268074736,0.08509341998375304,0.08245329000812347,0.07656376929325752,0.07026807473598701,0.060722989439480096,0.059910641754671,0.05056864337936637,0.04467912266450041,0.03736799350121852,0.036555645816409424,0.027822908204711616,0.015231519090170594,0.01157595450852965,0.00487408610885459,0.8504127136800078,0.034747471798725484,0.0,0.0,0.0,0.0,0.0,0.0,0.0,0.0,0.0,0.0,0.0,0.0,0.0,0.0,0.0,0.0,0.0,0.0,0.0,0.006092607636068239,0.012185215272136478,0.05483346872461415,0.2741673436230707,1.620633631194146,6.488627132412674,12.952883834281074,6.659220146222585,1.425670186839968,0.3594638505280261,0.14622258326563772,4.327498408656907,2.81127153735543,3.7058823529411766,2.5382881188695783,0.8563567222873557,4.37155388471178,2.852764185878193,4.2757517594369805,2.765308231861215,0.9780851093681268,0.437,0.0148,0.0,0.0,0.0,0.0,0.0,0.0,0.0,0.0,0.0,0.0,0.0,0.22542648253452446,11.582047116165722,17.510154346060116,0.6823720552396427,0.0,0.0,0.0,0.0,0.0,0.0,0.0,0.0,0.0,0.0,0.0,0.0,0.0,0.0,0.0,nan,nan,4.324153213042102,2.8102414738686377,nan,0.437,0.0805,0.0,0.0,0.0,0.0,0.0,0.0,0.0,0.0,0.0,0.0,0.0,0.0,0.0,0.0,0.0,0.0,0.0,0.0,0.0,0.0,0.0,0.00029447603574329814,0.0,0.0,0.001614541023558083,0.00010154346060113728,0.002924451665312754,0.00033509341998375303,0.009616165718927702,0.010276198212835094,0.025152315190901706,0.024603980503655566,0.035255889520714866,0.040190901705930135,0.02244110479285134,0.008915515840779854,0.04224207961007311,0.04759341998375305,0.047908204711616574,0.040850934199837534,0.024279041429731925,0.01181965881397238,0.014337936636880586,0.04292242079610073,0.014876116978066612,0.05448822095857027,0.05635662063363119,0.03388505280259951,0.06299756295694557,0.02927497969130788,0.08514419171405362,0.056762794476035744,0.01818643379366369,0.036890739236393175,0.05244719740048741,0.006722177091795289,0.004904549147034931,0.0030361494719740047,0.0005178716490658002,0.006559707554833469,0.004102355808285946,0.0085804224207961,7.10804224207961e-05,0.0027112103980503656,0.004051584077985378,0.003330625507717303,0.0,0.00018277822908204712,0.00024370430544272948,0.0,0.0,0.0,0.0,0.0,0.0,0.0,0.0,0.0,0.0,0.0,0.0,0.0,0.0,0.0,0.0,0.0,0.0,0.0,0.0,0.0,0.0,0.0,0.0,0.0,0.0,0.0,0.0,0.0,0.0,0.0,0.0,nan,nan,4.324153213042102,2.8102414738686377,nan,0.8499503433826767,0.034180451040024755,0.0,0.0,0.0,0.0,0.0,0.0,0.0,0.0,0.0,0.0,0.0,0.0,0.0,0.0,0.0,0.0,0.0,0.0,0.0,0.012320328542094458,0.012320328542094458,0.06160164271047229,0.295687885010267,1.5400410677618022,6.542094455852157,13.207392197125259,6.492813141683779,1.367556468172485,0.3449691991786449,0.12320328542094458,0.8508650526410367,0.035287514293166504,0.0,0.0,0.0,0.0,0.0,0.0,0.0,0.0,0.0,0.0,0.0,0.0,0.0,0.0,0.0,0.0,0.0,0.0,0.0,0.0,0.012053033346725596,0.04821213338690238,0.2531137002812375,1.6994777018883034,6.436319807151468,12.703897147448778,6.822016874246687,1.4825231016472482,0.3736440337484935,0.16874246685415834,0.4375,0.015015,0.0,0.0,0.0,0.0,0.0,0.0,0.0,0.0,0.0,0.0,0.0,0.20944558521560544,11.482546201232037,17.49486652977413,0.8131416837782343,0.0,0.0,0.0,0.0,0.0,0.0,0.0,0.0,0.0,0.0,0.0,0.0,0.0,0.0,0.0,0.4368,0.014595,0.0,0.0,0.0,0.0,0.0,0.0,0.0,0.0,0.0,0.0,0.0,0.24106066693451147,11.679389312977102,17.525110486139013,0.5544395339493774,0.0,0.0,0.0,0.0,0.0,0.0,0.0,0.0,0.0,0.0,0.0,0.0,0.0,0.0,0.0
96100,4889,2485,0.5082839026385764,1151,1006,0.4411945183064021,1407,0.5755778277766415,0.45199999999999996,2.9525790349417638,3.006965984195623,6.430985915492958,1.999337323263884,6649.800000000001,9.094947017729282e-13,6649.8,6649.8,6649.800000000001,9.094947017729282e-13,6649.800000000001,9.094947017729282e-13,28.144405808958886,20.942860489959763,32.915779283639885,19.26974346889182,0.13172427899365924,0.10308856616895071,0.0989977500511352,0.08304356719165473,0.08140724074452853,0.07383923092656985,0.07097565964409899,0.061771323379014115,0.05808958887298016,0.05052157905502148,0.0486807118020045,0.04193086520760892,0.03313561055430558,0.028840253630599305,0.014317856412354264,0.011863366741664962,0.007772550623849458,0.8513432162186928,0.03508743480191468,0.0,0.0,0.0,0.0,0.0,0.0,0.0,0.0,0.0,0.0,0.0,0.0,0.0,0.0,0.0,0.0,0.0,0.0,0.0,0.0,0.0,0.07363469012067908,0.3374923297197792,1.5463284925342557,6.369400695438742,12.52403354469217,6.983023113111067,1.6383718551851099,0.404990795663735,0.12272448353446515,4.306271887933779,2.7963549319395966,3.235294117647059,2.7765702873425755,0.7512981534473911,4.376986649713922,2.832183457760188,4.224605678233439,2.760245083361281,0.9651858724562381,0.4373,0.01444,0.0,0.0,0.0,0.0,0.0,0.0,0.0,0.0,0.0,0.0,0.0,0.19022294947842067,11.41337696870526,17.825731233381063,0.5706688484352629,0.0,0.0,0.0,0.0,0.0,0.0,0.0,0.0,0.0,0.0,0.0,0.0,0.0,0.0,0.0,nan,nan,4.300506649778341,2.7973467020872453,nan,0.4373,0.0805,0.0,0.0,0.0,0.0,0.0,0.0,0.0,0.0,0.0,0.0,0.0,0.0,0.0,0.0,0.0,0.0,0.0,0.0,0.0,0.0,0.0,0.0006954387400286357,0.0,0.0,0.0020454080589077522,0.00010227040294538761,0.002260175905093066,0.00019431376559623644,0.008570259766823482,0.009838412763346287,0.02459603190836572,0.024330128860707713,0.038576395991000205,0.03793209245244426,0.023736960523624465,0.00889752505624872,0.03971159746369401,0.04634894661484966,0.04905911229290243,0.04488647985273062,0.023849457966864388,0.012834935569646145,0.012589486602577214,0.04254448762528124,0.014665575782368583,0.05314992841071794,0.057711188382082224,0.03319697279607282,0.06503374923297198,0.02929024340355901,0.08099815913274698,0.05635099202290857,0.01808140724074453,0.03868889343424013,0.05361014522397218,0.006719165473511966,0.004898752301084067,0.00363059930456126,0.0003886275311924729,0.006995295561464512,0.004581714051953365,0.00866230312947433,4.090816117815504e-05,0.0024953978318674576,0.0035283289016158725,0.0030578850480670896,0.0,0.00027613008795254653,0.0003477193700143179,0.0,0.0,0.0,0.0,0.0,0.0,0.0,0.0,0.0,0.0,0.0,0.0,0.0,0.0,0.0,0.0,0.0,0.0,0.0,0.0,0.0,0.0,0.0,0.0,0.0,0.0,0.0,0.0,0.0,0.0,0.0,0.0,nan,nan,4.300506649778341,2.7973467020872453,nan,0.8513237831098452,0.035630222179230536,0.0,0.0,0.0,0.0,0.0,0.0,0.0,0.0,0.0,0.0,0.0,0.0,0.0,0.0,0.0,0.0,0.0,0.0,0.0,0.0,0.0,0.1086519114688129,0.36217303822937635,1.5573440643863132,6.277665995975856,12.434607645875255,7.026156941649901,1.7263581488933606,0.3863179074446681,0.12072434607645878,0.8513633041036704,0.034517376914773704,0.0,0.0,0.0,0.0,0.0,0.0,0.0,0.0,0.0,0.0,0.0,0.0,0.0,0.0,0.0,0.0,0.0,0.0,0.0,0.0,0.0,0.037437603993344434,0.3119800332778703,1.5349417637271168,6.464226289517472,12.616472545757075,6.938435940099835,1.5474209650582367,0.42429284525790356,0.12479201331114811,0.4375,0.01446,0.0,0.0,0.0,0.0,0.0,0.0,0.0,0.0,0.0,0.0,0.0,0.169014084507042,11.372233400402417,17.879275653923543,0.5794768611670021,0.0,0.0,0.0,0.0,0.0,0.0,0.0,0.0,0.0,0.0,0.0,0.0,0.0,0.0,0.0,0.437,0.01442,0.0,0.0,0.0,0.0,0.0,0.0,0.0,0.0,0.0,0.0,0.0,0.21214642262895145,11.455906821963397,17.77038269550749,0.5615640599001664,0.0,0.0,0.0,0.0,0.0,0.0,0.0,0.0,0.0,0.0,0.0,0.0,0.0,0.0,0.0
96200,4955,2516,0.5077699293642786,1214,1024,0.451664984863774,1426,0.5755802219979819,0.46399999999999997,3.03280032800328,3.117447887945336,6.66,2.071948703170865,6649.800000000001,9.094947017729282e-13,6649.8,6649.8,6649.800000000002,1.8189894035458565e-12,6649.800000000001,9.094947017729282e-13,27.842381432896065,20.805455602443452,32.73637454981993,19.082738529500492,0.14147325933400606,0.10110998990918264,0.08859737638748738,0.08839556004036327,0.08274470232088799,0.07911200807265388,0.06680121089808275,0.062159434914228054,0.053683148335015134,0.05509586276488396,0.04520686175580222,0.042583249243188695,0.03148335015136226,0.027648839556004036,0.018567103935418768,0.009081735620585268,0.0062563067608476285,0.8514792725007782,0.035197561961648464,0.0,0.0,0.0,0.0,0.0,0.0,0.0,0.0,0.0,0.0,0.0,0.0,0.0,0.0,0.0,0.0,0.0,0.0,0.0,0.006054490413723513,0.006054490413723513,0.06659939455095865,0.2663975782038346,1.4651866801210853,6.441977800201818,12.744702320887995,6.883955600403634,1.5620585267406664,0.38748738647830483,0.16952573158425838,4.364006259780908,2.916343280254628,4.352941176470588,3.3244402708105394,0.9974644666731355,4.31105559025609,2.9215320217629697,4.414285714285715,2.9143755314377597,1.0239454402450636,0.437,0.014465,0.0,0.0,0.0,0.0,0.0,0.0,0.0,0.0,0.0,0.0,0.0,0.19979818365287558,11.660948536831487,17.58224016145308,0.5570131180625632,0.0,0.0,0.0,0.0,0.0,0.0,0.0,0.0,0.0,0.0,0.0,0.0,0.0,0.0,0.0,nan,nan,4.363947696139477,2.918653514633885,nan,0.437,0.0808,0.0,0.0,0.0,0.0,0.0,0.0,0.0,0.0,0.0,0.0,0.0,0.0,0.0,0.0,0.0,0.0,0.0,0.0,0.0,0.0,0.0,0.0009081735620585267,0.0,1.0090817356205853e-05,0.002048435923309788,0.0001513622603430878,0.0024419778002018164,0.00021190716448032292,0.008678102926337033,0.009475277497477296,0.02486377396569122,0.024268415741675077,0.03875882946518668,0.03761856710393542,0.023027245206861755,0.009889001009081735,0.03927346115035318,0.04611503531786074,0.04863773965691221,0.048678102926337036,0.023289606458123106,0.014611503531786075,0.01350151362260343,0.04305751765893037,0.014006054490413724,0.05046417759838547,0.05722502522704339,0.03424823410696266,0.06158425832492432,0.029717457114026236,0.07891019172552977,0.0560343087790111,0.018627648839556005,0.03969727547931382,0.05303733602421796,0.006205852674066599,0.005116044399596367,0.003824419778002018,0.00041372351160444,0.007759838546922301,0.004591321897073663,0.009081735620585268,0.00012108980827447023,0.002129162462159435,0.003218970736629667,0.0038849646821392534,5.0454086781029264e-05,0.0002623612512613522,0.00027245206861755805,0.0,0.0,0.0,0.0,0.0,0.0,0.0,0.0,0.0,0.0,0.0,0.0,0.0,0.0,0.0,0.0,0.0,0.0,0.0,0.0,0.0,0.0,0.0,0.0,0.0,0.0,0.0,0.0,0.0,0.0,0.0,0.0,nan,nan,4.363947696139477,2.918653514633885,nan,0.8504184968473423,0.03456021927913899,0.0,0.0,0.0,0.0,0.0,0.0,0.0,0.0,0.0,0.0,0.0,0.0,0.0,0.0,0.0,0.0,0.0,0.0,0.0,0.0,0.011923688394276632,0.07154213036565979,0.2742448330683625,1.5262321144674038,6.605723370429255,12.6033386327504,6.939586645469,1.5858505564387921,0.23847376788553265,0.14308426073131958,0.8525735371764833,0.03581024153685264,0.0,0.0,0.0,0.0,0.0,0.0,0.0,0.0,0.0,0.0,0.0,0.0,0.0,0.0,0.0,0.0,0.0,0.0,0.0,0.012300123001230016,0.0,0.061500615006150075,0.2583025830258303,1.402214022140217,6.2730627306273075,12.890528905289056,6.826568265682658,1.5375153751537518,0.5412054120541206,0.19680196801968025,0.437,0.01442,0.0,0.0,0.0,0.0,0.0,0.0,0.0,0.0,0.0,0.0,0.0,0.2027027027027024,11.72098569157393,17.5516693163752,0.5246422893481718,0.0,0.0,0.0,0.0,0.0,0.0,0.0,0.0,0.0,0.0,0.0,0.0,0.0,0.0,0.0,0.4373,0.01451,0.0,0.0,0.0,0.0,0.0,0.0,0.0,0.0,0.0,0.0,0.0,0.19680196801967992,11.599015990159904,17.61377613776138,0.5904059040590407,0.0,0.0,0.0,0.0,0.0,0.0,0.0,0.0,0.0,0.0,0.0,0.0,0.0,0.0,0.0
96300,4866,2439,0.501233045622688,1122,1006,0.43732018084669133,1360,0.5589806822852446,0.492,3.00041203131438,3.1982303246812975,6.956043956043956,2.0742758872596023,6649.800000000001,9.094947017729282e-13,6649.8,6649.8,6649.800000000001,9.094947017729282e-13,6649.800000000001,9.094947017729282e-13,27.18249075215783,20.788237826674123,32.25846305905609,19.127520305100916,0.14508836826962598,0.11179613645704892,0.09124537607891492,0.08898479243732019,0.07727085902178381,0.07501027538018906,0.073160706946157,0.05898068228524456,0.05528154541718044,0.04932182490752158,0.04418413481298808,0.03986847513357994,0.032881216605014384,0.024455404849979448,0.015207562679819153,0.009042334566378957,0.008220304151253596,0.8506809265291156,0.034615008392297496,0.0,0.0,0.0,0.0,0.0,0.0,0.0,0.0,0.0,0.0,0.0,0.0,0.0,0.0,0.0,0.0,0.0,0.0,0.0,0.0,0.006165228113440199,0.07398273736128239,0.23427866831072755,1.424167694204681,6.898890258939582,12.663378545006168,6.664611590628855,1.5104808877928486,0.3760789149198521,0.14796547472256477,4.570065789473684,2.9685343266169797,3.769230769230769,2.912937881347921,0.8247651002995421,4.5,2.9706901555025893,4.632746249184605,2.965361690118601,1.0294991664854678,0.4375,0.014404,0.0,0.0,0.0,0.0,0.0,0.0,0.0,0.0,0.0,0.0,0.0,0.17262638717632528,10.974106041923553,18.27373612823675,0.5795314426633786,0.0,0.0,0.0,0.0,0.0,0.0,0.0,0.0,0.0,0.0,0.0,0.0,0.0,0.0,0.0,nan,nan,4.566655748444154,2.96875781200574,nan,0.4375,0.08044,0.0,0.0,0.0,0.0,0.0,0.0,0.0,0.0,0.0,0.0,0.0,0.0,0.0,0.0,0.0,0.0,0.0,0.0,0.0,0.0,0.0,0.0005034936292642828,0.0,2.055076037813399e-05,0.0019214960953555281,2.055076037813399e-05,0.002373612823674476,0.0002877106452938759,0.007829839704069051,0.010378133990957666,0.024465680230168516,0.02466091245376079,0.03734073160706946,0.03617961364570489,0.022698314837648993,0.010131524866420058,0.0363645704891081,0.04873612823674476,0.050349362926428276,0.04941430332922318,0.023140156185778873,0.014724619810933004,0.013779284833538841,0.04339293053842992,0.0155980271270037,0.04647554459515002,0.05712083847102343,0.03498766954377312,0.06256678997122894,0.030271270036991368,0.07796958487464037,0.057665433621043975,0.018033292231812575,0.039971228935470615,0.05366831072749692,0.005466502260583641,0.0053226469379367035,0.0036169338265515825,0.00038018906699547884,0.00985408960131525,0.005528154541718043,0.008220304151253596,0.00012330456226880394,0.0019317714755445951,0.002969584874640362,0.002969584874640362,1.0275380189066995e-05,0.00031853678586107686,0.0002466091245376079,0.0,0.0,0.0,0.0,0.0,0.0,0.0,0.0,0.0,0.0,0.0,0.0,0.0,0.0,0.0,0.0,0.0,0.0,0.0,0.0,0.0,0.0,0.0,0.0,0.0,0.0,0.0,0.0,0.0,0.0,0.0,0.0,nan,nan,4.566655748444154,2.96875781200574,nan,0.8505956634188735,0.03528678397083812,0.0,0.0,0.0,0.0,0.0,0.0,0.0,0.0,0.0,0.0,0.0,0.0,0.0,0.0,0.0,0.0,0.0,0.0,0.0,0.0,0.012300123001230016,0.11070110701107014,0.2460024600246003,1.500615006150057,6.789667896678968,12.521525215252156,6.703567035670358,1.562115621156212,0.4182041820418205,0.13530135301353016,0.8507666112122144,0.03392629749649425,0.0,0.0,0.0,0.0,0.0,0.0,0.0,0.0,0.0,0.0,0.0,0.0,0.0,0.0,0.0,0.0,0.0,0.0,0.0,0.0,0.0,0.03708281829419036,0.2224969097651422,1.3473423980222456,7.00865265760198,12.805933250927074,6.625463535228679,1.458590852904821,0.3337453646477133,0.16069221260815827,0.4377,0.01456,0.0,0.0,0.0,0.0,0.0,0.0,0.0,0.0,0.0,0.0,0.0,0.15990159901598994,10.848708487084874,18.302583025830263,0.6888068880688809,0.0,0.0,0.0,0.0,0.0,0.0,0.0,0.0,0.0,0.0,0.0,0.0,0.0,0.0,0.0,0.4373,0.01423,0.0,0.0,0.0,0.0,0.0,0.0,0.0,0.0,0.0,0.0,0.0,0.18541409147095153,11.100123609394316,18.24474660074166,0.469715698393078,0.0,0.0,0.0,0.0,0.0,0.0,0.0,0.0,0.0,0.0,0.0,0.0,0.0,0.0,0.0
96400,4832,2426,0.5020695364238411,1151,975,0.43998344370860926,1381,0.5716059602649006,0.43599999999999994,2.8919368246051538,2.996666447599755,6.288378766140602,2.099065812574146,6649.800000000002,1.8189894035458565e-12,6649.8,6649.8,6649.800000000002,1.8189894035458565e-12,6649.800000000002,1.8189894035458565e-12,28.24337748344371,21.19540995503843,33.30074074074074,19.424521207552612,0.13803807947019867,0.09871688741721854,0.0972682119205298,0.08485099337748345,0.08133278145695365,0.07222682119205298,0.06746688741721854,0.06622516556291391,0.051531456953642384,0.051531456953642384,0.04594370860927152,0.0418046357615894,0.037251655629139076,0.029801324503311258,0.01593543046357616,0.01179635761589404,0.008278145695364239,0.8503183585326404,0.03364821085146742,0.0,0.0,0.0,0.0,0.0,0.0,0.0,0.0,0.0,0.0,0.0,0.0,0.0,0.0,0.0,0.0,0.0,0.0,0.0,0.0,0.00620860927152318,0.02483443708609272,0.26076158940397354,1.3969370860927108,6.810844370860929,13.162251655629142,6.283112582781459,1.5894039735099341,0.3476821192052981,0.11796357615894042,4.237652341244387,2.7699303797922536,4.888888888888889,2.9228769862146455,1.1536786161776702,4.249215317011927,2.7498857499689238,4.229465449804433,2.7919174834627,0.9953521142766231,0.4377,0.01419,0.0,0.0,0.0,0.0,0.0,0.0,0.0,0.0,0.0,0.0,0.0,0.10554635761589388,10.964403973509937,18.346440397350996,0.5836092715231789,0.0,0.0,0.0,0.0,0.0,0.0,0.0,0.0,0.0,0.0,0.0,0.0,0.0,0.0,0.0,nan,nan,4.239526702910138,2.7706023619205724,nan,0.4377,0.0805,0.0,0.0,0.0,0.0,0.0,0.0,0.0,0.0,0.0,0.0,0.0,0.0,0.0,0.0,0.0,0.0,0.0,0.0,0.0,0.0,0.0,0.0005070364238410596,0.0,0.0,0.0020384933774834435,2.0695364238410596e-05,0.002980132450331126,0.0006001655629139073,0.008205711920529801,0.009995860927152317,0.02638658940397351,0.02367549668874172,0.036744619205298014,0.0355442880794702,0.023623758278145696,0.009644039735099337,0.03383692052980133,0.04760968543046357,0.050962334437086095,0.04986548013245033,0.023396109271523177,0.015076572847682119,0.011651490066225165,0.043025662251655626,0.01437293046357616,0.04831332781456953,0.05721233443708609,0.03439569536423841,0.06073054635761589,0.03335057947019868,0.07515521523178809,0.0584023178807947,0.0195260761589404,0.040780215231788076,0.0546875,0.006870860927152318,0.005711920529801325,0.0031767384105960265,0.000382864238410596,0.011072019867549668,0.004263245033112583,0.009126655629139073,0.00011382450331125828,0.0017487582781456953,0.0025144867549668874,0.0024213576158940396,0.0,0.00020695364238410596,7.243377483443709e-05,0.0,0.0,0.0,0.0,0.0,0.0,0.0,0.0,0.0,0.0,0.0,0.0,0.0,0.0,0.0,0.0,0.0,0.0,0.0,0.0,0.0,0.0,0.0,0.0,0.0,0.0,0.0,0.0,0.0,0.0,0.0,0.0,nan,nan,4.239526702910138,2.7706023619205724,nan,0.8505743912253022,0.03354955115545082,0.0,0.0,0.0,0.0,0.0,0.0,0.0,0.0,0.0,0.0,0.0,0.0,0.0,0.0,0.0,0.0,0.0,0.0,0.0,0.0,0.012366034624896953,0.012366034624896953,0.2102225886232482,1.508656224237423,6.628194558944767,13.10799670239077,6.455070074196209,1.7065127782357794,0.3091508656224238,0.04946413849958781,0.8500601975549189,0.03374543182938926,0.0,0.0,0.0,0.0,0.0,0.0,0.0,0.0,0.0,0.0,0.0,0.0,0.0,0.0,0.0,0.0,0.0,0.0,0.0,0.0,0.0,0.0374064837905237,0.31172069825436416,1.284289276807976,6.995012468827932,13.21695760598504,6.109725685785538,1.4713216957605988,0.38653366583541154,0.1870324189526185,0.4377,0.01407,0.0,0.0,0.0,0.0,0.0,0.0,0.0,0.0,0.0,0.0,0.0,0.1483924154987632,10.857378400659524,18.46248969497115,0.5317394888705689,0.0,0.0,0.0,0.0,0.0,0.0,0.0,0.0,0.0,0.0,0.0,0.0,0.0,0.0,0.0,0.4377,0.01431,0.0,0.0,0.0,0.0,0.0,0.0,0.0,0.0,0.0,0.0,0.0,0.062344139650872724,11.072319201995015,18.229426433915215,0.6359102244389029,0.0,0.0,0.0,0.0,0.0,0.0,0.0,0.0,0.0,0.0,0.0,0.0,0.0,0.0,0.0
96500,4862,2526,0.5195392842451666,1172,992,0.4450843274372686,1346,0.5536816125051419,0.46799999999999997,2.9280821917808217,3.0091127156871784,6.475077881619938,2.0248076890744655,6649.800000000001,9.094947017729282e-13,6649.8,6649.8,6649.800000000002,1.8189894035458565e-12,6649.800000000001,9.094947017729282e-13,27.8006993006993,20.705729824303468,32.653629919335124,18.984485899367535,0.13739201974496093,0.10180995475113122,0.10016454134101192,0.08329905388728918,0.07692307692307693,0.07856849033319621,0.06993006993006994,0.06252570958453312,0.061291649526943645,0.04895104895104895,0.045454545454545456,0.03990127519539284,0.03414232825997532,0.029823118058412177,0.015425750719868367,0.009461127108185932,0.0049362402303578775,0.8472876153282548,0.03305239896136636,0.0,0.0,0.0,0.0,0.0,0.0,0.0,0.0,0.0,0.0,0.0,0.0,0.0,0.0,0.0,0.0,0.0,0.0,0.0,0.0,0.0,0.024681201151789393,0.3578774167009462,1.5919374742904107,7.472233648704238,13.383381324557797,5.596462361168245,1.2032085561497328,0.27766351295763064,0.09255450431921022,4.26782833171991,2.773689509693441,3.357142857142857,3.2206286621701414,0.7866161888920092,4.160153747597694,2.748240548688066,4.367912371134021,2.800833136829543,1.0499401310964285,0.4382,0.01414,0.0,0.0,0.0,0.0,0.0,0.0,0.0,0.0,0.0,0.0,0.0,0.09255450431921007,10.89058000822707,18.368983957219253,0.6478815302344716,0.0,0.0,0.0,0.0,0.0,0.0,0.0,0.0,0.0,0.0,0.0,0.0,0.0,0.0,0.0,nan,nan,4.263732733697398,2.776529333238571,nan,0.4382,0.0806,0.0,0.0,0.0,0.0,0.0,0.0,0.0,0.0,0.0,0.0,0.0,0.0,0.0,0.0,0.0,0.0,0.0,0.0,0.0,0.0,0.0,0.00032908268202385847,1.0283833813245577e-05,0.0,0.0016351295763060469,0.0,0.003290826820238585,0.00043192102015631427,0.008155080213903744,0.01048951048951049,0.025987248046071575,0.0256993006993007,0.03532496914849856,0.03421431509666804,0.023519127930892638,0.009481694775812424,0.03294940353763883,0.047336487042369396,0.051892225421637184,0.0519847799259564,0.022017688194158783,0.014613327848621967,0.011322501028383381,0.0428938708350473,0.014541341011929247,0.04974290415466886,0.05963595228301111,0.03460510078157137,0.058761826408885234,0.029997943233237352,0.07343685726038668,0.061291649526943645,0.017842451665981078,0.04139243109831345,0.05608802961744138,0.00667420814479638,0.00702385849444673,0.0029925956396544633,0.00029823118058412175,0.01013986013986014,0.004555738379267791,0.01004730563554093,8.227067050596462e-05,0.0017482517482517483,0.0030748663101604276,0.0022110242698477993,1.0283833813245577e-05,0.00014397367338543808,8.227067050596462e-05,0.0,0.0,0.0,0.0,0.0,0.0,0.0,0.0,0.0,0.0,0.0,0.0,0.0,0.0,0.0,0.0,0.0,0.0,0.0,0.0,0.0,0.0,0.0,0.0,0.0,0.0,0.0,0.0,0.0,0.0,0.0,0.0,nan,nan,4.263732733697398,2.776529333238571,nan,0.8476215515312276,0.03257903383600755,0.0,0.0,0.0,0.0,0.0,0.0,0.0,0.0,0.0,0.0,0.0,0.0,0.0,0.0,0.0,0.0,0.0,0.0,0.0,0.0,0.0,0.011876484560570074,0.30878859857482194,1.5558194774346745,7.387173396674585,13.456057007125894,5.795724465558196,1.140142517814727,0.2612826603325416,0.08313539192399053,0.8469265182183622,0.033553012367694944,0.0,0.0,0.0,0.0,0.0,0.0,0.0,0.0,0.0,0.0,0.0,0.0,0.0,0.0,0.0,0.0,0.0,0.0,0.0,0.0,0.0,0.03852739726027398,0.41095890410958913,1.6309931506849265,7.564212328767125,13.304794520547949,5.380993150684933,1.2714041095890414,0.29537671232876717,0.10273972602739728,0.4382,0.014145,0.0,0.0,0.0,0.0,0.0,0.0,0.0,0.0,0.0,0.0,0.0,0.11876484560570054,10.748218527315917,18.527315914489314,0.6057007125890738,0.0,0.0,0.0,0.0,0.0,0.0,0.0,0.0,0.0,0.0,0.0,0.0,0.0,0.0,0.0,0.438,0.01414,0.0,0.0,0.0,0.0,0.0,0.0,0.0,0.0,0.0,0.0,0.0,0.06421232876712318,11.044520547945208,18.197773972602743,0.6934931506849317,0.0,0.0,0.0,0.0,0.0,0.0,0.0,0.0,0.0,0.0,0.0,0.0,0.0,0.0,0.0
96600,4829,2487,0.5150134603437565,1109,1001,0.43694346655622285,1388,0.5748602195071444,0.472,3.0473953885567893,3.0995260864625593,6.641481481481481,2.032782627980677,6649.800000000002,1.8189894035458565e-12,6649.8,6649.8,6649.800000000001,9.094947017729282e-13,6649.8,0.0,27.516048871401946,20.947646512963455,32.67712223052029,19.19604081459728,0.14930627459101264,0.10043487264443984,0.09070200869745289,0.08800993994615862,0.08241872023193207,0.07993373369227583,0.0683371298405467,0.05591219714226548,0.052184717332781114,0.052598881756057154,0.045765168772002485,0.03955270242286188,0.03644646924829157,0.024021536550010353,0.017187823565955683,0.010147028370262995,0.00704079519569269,0.8466883782373745,0.033675403384495026,0.0,0.0,0.0,0.0,0.0,0.0,0.0,0.0,0.0,0.0,0.0,0.0,0.0,0.0,0.0,0.0,0.0,0.0,0.0,0.01242493269828122,0.00621246634914061,0.05591219714226549,0.29819838475874927,1.7394905777593652,7.84634499896459,12.71070615034169,5.653344377717955,1.3108303996686688,0.3168357838061711,0.04969973079312488,4.4084231145935355,2.8776363479839646,4.2272727272727275,3.1324085734581915,0.9589081214275617,4.4568462037637895,2.840375928239965,4.359688917692806,2.9170174323058493,0.9782004400356167,0.4382,0.014244,0.0,0.0,0.0,0.0,0.0,0.0,0.0,0.0,0.0,0.0,0.0,0.0807620625388278,10.666804721474428,18.581486850279564,0.6709463657071859,0.0,0.0,0.0,0.0,0.0,0.0,0.0,0.0,0.0,0.0,0.0,0.0,0.0,0.0,0.0,nan,nan,4.407131280388979,2.879573347191879,nan,0.4382,0.0809,0.0,0.0,0.0,0.0,0.0,0.0,0.0,0.0,0.0,0.0,0.0,0.0,0.0,0.0,0.0,0.0,0.0,0.0,0.0,0.0,0.0,7.24787740733071e-05,0.0001242493269828122,0.0,0.001998343342306896,2.070822116380203e-05,0.002619589977220957,0.0004866431973493477,0.008241872023193209,0.010343756471319113,0.024663491406088218,0.025522882584386,0.036570718575274386,0.035783806171049905,0.02389728722302754,0.009877821495133568,0.03207703458272934,0.047318285359287636,0.05129426382273763,0.05428660178090702,0.0214330089045351,0.013615655415199834,0.01193828950093187,0.04144750465934976,0.014982398012010768,0.04826050942224063,0.0581486850279561,0.03321598674673845,0.05954648995651274,0.031497204390142884,0.07407330710291986,0.06236280803478981,0.01591426796438186,0.041209360115966036,0.05579830192586457,0.0071443363015117,0.007910540484572376,0.0028887968523503833,0.0004245185338579416,0.009846759163387866,0.004773244978256368,0.010654379788776144,0.0001242493269828122,0.001956926899979292,0.002733485193621868,0.002619589977220957,2.070822116380203e-05,0.00025885276454752534,0.0,0.0,0.0,0.0,0.0,0.0,0.0,0.0,0.0,0.0,0.0,0.0,0.0,0.0,0.0,0.0,0.0,0.0,0.0,0.0,0.0,0.0,0.0,0.0,0.0,0.0,0.0,0.0,0.0,0.0,0.0,0.0,0.0,nan,nan,4.407131280388979,2.879573347191879,nan,0.8463590554698289,0.03399472669092423,0.0,0.0,0.0,0.0,0.0,0.0,0.0,0.0,0.0,0.0,0.0,0.0,0.0,0.0,0.0,0.0,0.0,0.0,0.0,0.012062726176115805,0.012062726176115805,0.08443908323281064,0.2774427020506635,1.73703256936067,8.069963811821474,12.557297949336553,5.488540410132692,1.3872135102533176,0.3377563329312426,0.03618817852834741,0.8470380903308357,0.033329398774437434,0.0,0.0,0.0,0.0,0.0,0.0,0.0,0.0,0.0,0.0,0.0,0.0,0.0,0.0,0.0,0.0,0.0,0.0,0.0,0.01280956447480786,0.0,0.02561912894961572,0.32023911187019644,1.742100768573863,7.608881298035868,12.873612297181898,5.828351836037577,1.2297181895815543,0.2946199829205807,0.06404782237403929,0.4385,0.01439,0.0,0.0,0.0,0.0,0.0,0.0,0.0,0.0,0.0,0.0,0.0,0.10856453558504206,10.566948130277446,18.60072376357057,0.7237635705669483,0.0,0.0,0.0,0.0,0.0,0.0,0.0,0.0,0.0,0.0,0.0,0.0,0.0,0.0,0.0,0.4382,0.0141,0.0,0.0,0.0,0.0,0.0,0.0,0.0,0.0,0.0,0.0,0.0,0.05123825789923135,10.772843723313411,18.561058923996587,0.6148590947907772,0.0,0.0,0.0,0.0,0.0,0.0,0.0,0.0,0.0,0.0,0.0,0.0,0.0,0.0,0.0
96700,4904,2471,0.5038743882544862,1162,1028,0.4465742251223491,1371,0.5591353996737357,0.484,3.0119194410193177,3.187564097094017,6.8289676425269645,2.2009997057369346,6649.8,0.0,6649.8,6649.8,6649.800000000002,1.8189894035458565e-12,6649.800000000001,9.094947017729282e-13,27.615823817292007,21.059576274689125,32.854371316306484,19.280288613638255,0.14885807504078302,0.1017536704730832,0.08911092985318107,0.08972267536704731,0.08115823817292006,0.07238988580750408,0.06729200652528548,0.06566068515497553,0.051794453507340944,0.05261011419249592,0.04608482871125612,0.0367047308319739,0.036092985318107666,0.02406199021207178,0.016721044045676998,0.012438825448613376,0.007544861337683523,0.8477193432667127,0.03603100697391834,0.0,0.0,0.0,0.0,0.0,0.0,0.0,0.0,0.0,0.0,0.0,0.0,0.0,0.0,0.0,0.0,0.0,0.0,0.0,0.0,0.018352365415986952,0.0672920065252855,0.4343393148450246,1.786296900489391,7.567292006525287,12.149265905383363,5.952283849918436,1.4498368678629694,0.4465742251223492,0.12846655791190867,4.4260032102728735,2.9411397393326673,4.1,3.031501278244824,0.9263436570682526,4.37452711223203,2.8905563172225897,4.474499677211104,2.9925928286556567,1.0228533421817254,0.4377,0.01452,0.0,0.0,0.0,0.0,0.0,0.0,0.0,0.0,0.0,0.0,0.0,0.17128874388254461,10.907422512234913,18.32177814029364,0.5995106035889071,0.0,0.0,0.0,0.0,0.0,0.0,0.0,0.0,0.0,0.0,0.0,0.0,0.0,0.0,0.0,nan,nan,4.423923444976077,2.94183950858962,nan,0.4377,0.0811,0.0,0.0,0.0,0.0,0.0,0.0,0.0,0.0,0.0,0.0,0.0,0.0,0.0,0.0,0.0,0.0,0.0,0.0,0.0,0.0,0.0,0.0001529363784665579,0.00010195758564437195,1.0195758564437194e-05,0.0018250407830342577,6.117455138662316e-05,0.0027630505709624795,0.00044861337683523657,0.00864600326264274,0.011001223491027733,0.02568311582381729,0.024143556280587276,0.03860114192495922,0.03656199021207178,0.023480831973898858,0.010277324632952691,0.03402324632952692,0.046482463295269165,0.04906199021207178,0.054078303425774875,0.022695758564437195,0.014110929853181077,0.010012234910277324,0.04098694942903752,0.014630913539967373,0.047971044045677,0.05742251223491028,0.03223898858075041,0.05927814029363784,0.02906810766721044,0.07776305057096249,0.06322389885807504,0.015456769983686787,0.041160277324632955,0.05442495921696574,0.007524469820554649,0.007820146818923328,0.003405383360522023,0.0005811582381729201,0.010838091353996738,0.004435154975530179,0.011256117455138662,5.097879282218597e-05,0.0017536704730831973,0.0017128874388254486,0.0024877650897226753,5.097879282218597e-05,0.00023450244698205547,0.0,0.0,0.0,0.0,0.0,0.0,0.0,0.0,0.0,0.0,0.0,0.0,0.0,0.0,0.0,0.0,0.0,0.0,0.0,0.0,0.0,0.0,0.0,0.0,0.0,0.0,0.0,0.0,0.0,0.0,0.0,0.0,0.0,nan,nan,4.423923444976077,2.94183950858962,nan,0.8473919609306023,0.0356706645246634,0.0,0.0,0.0,0.0,0.0,0.0,0.0,0.0,0.0,0.0,0.0,0.0,0.0,0.0,0.0,0.0,0.0,0.0,0.0,0.0,0.024281667341157432,0.07284500202347229,0.43707001214083374,1.7361392148927504,7.673006879805748,12.322946175637396,5.754755159854311,1.4569000404694459,0.40064751112909763,0.12140833670578716,0.8480518388493385,0.03639031124650009,0.0,0.0,0.0,0.0,0.0,0.0,0.0,0.0,0.0,0.0,0.0,0.0,0.0,0.0,0.0,0.0,0.0,0.0,0.0,0.0,0.012330456226880398,0.061652281134401986,0.4315659679408139,1.8372379778051733,7.4599260172626405,11.972872996300866,6.152897657213319,1.4426633785450065,0.4932182490752159,0.13563501849568435,0.4382,0.01455,0.0,0.0,0.0,0.0,0.0,0.0,0.0,0.0,0.0,0.0,0.0,0.2185350060704165,10.598947794415219,18.526912181303118,0.6556050182112507,0.0,0.0,0.0,0.0,0.0,0.0,0.0,0.0,0.0,0.0,0.0,0.0,0.0,0.0,0.0,0.4375,0.01449,0.0,0.0,0.0,0.0,0.0,0.0,0.0,0.0,0.0,0.0,0.0,0.12330456226880376,11.220715166461162,18.113440197287304,0.5425400739827374,0.0,0.0,0.0,0.0,0.0,0.0,0.0,0.0,0.0,0.0,0.0,0.0,0.0,0.0,0.0
96800,4739,2442,0.5152985861996202,1141,978,0.4471407469930365,1339,0.5650981219666597,0.45599999999999996,3.0326512842838484,3.0618747016467793,6.562406015037594,2.0252764223758417,6649.8,0.0,6649.8,6649.8,6649.800000000002,1.8189894035458565e-12,6649.800000000001,9.094947017729282e-13,28.741084617007807,21.141188330437224,33.56961394769614,19.34881548693876,0.13504958852078497,0.0947457269466132,0.09326862207216713,0.08335091791517198,0.07849757332770627,0.07512133361468665,0.06963494408102976,0.0620384047267356,0.05845115003165225,0.055707955264823805,0.04874446085672083,0.041147921502426674,0.03945980164591686,0.027431947668284447,0.01941337834986284,0.009917704156995147,0.008018569318421608,0.8472872276073721,0.03413550499994323,0.0,0.0,0.0,0.0,0.0,0.0,0.0,0.0,0.0,0.0,0.0,0.0,0.0,0.0,0.0,0.0,0.0,0.0,0.0,0.0,0.0,0.06963494408102977,0.3291833720194135,1.7028909052542678,7.678835197299009,12.502637687275799,6.0012660898923835,1.3230639375395656,0.2595484279383837,0.13293943870014774,4.261642949547219,2.83193137882117,4.0,2.8491484796029023,0.9386051453289823,4.234344738540994,2.8409453027086466,4.284156510583707,2.823106194628939,1.011763749793286,0.4385,0.014305,0.0,0.0,0.0,0.0,0.0,0.0,0.0,0.0,0.0,0.0,0.0,0.08862629246676501,10.730111837940496,18.484912428782447,0.6963494408102977,0.0,0.0,0.0,0.0,0.0,0.0,0.0,0.0,0.0,0.0,0.0,0.0,0.0,0.0,0.0,nan,nan,4.260212286908974,2.8320915317977886,nan,0.4385,0.08093,0.0,0.0,0.0,0.0,0.0,0.0,0.0,0.0,0.0,0.0,0.0,0.0,0.0,0.0,0.0,0.0,0.0,0.0,0.0,0.0,0.0,0.0001688119856509812,0.0002954209748892171,0.0,0.0015931631145811352,8.44059928254906e-05,0.003587254695083351,0.000548638953365689,0.009253006963494409,0.009548427938383626,0.025258493353028065,0.02294787929943026,0.03784553703312935,0.03657944714074699,0.02283182105929521,0.00979109516775691,0.035144545262713656,0.04372230428360414,0.048586199620173035,0.053945980164591685,0.023042836041358938,0.015572905676303017,0.010877822325385103,0.041970879932475204,0.01530913694872336,0.04790040092846592,0.05967503692762186,0.030607723148343532,0.058577759020890484,0.02898290778645284,0.07921502426672293,0.061036083561932894,0.01530913694872336,0.03967081662798059,0.055940071745093904,0.007923612576492932,0.009801645916860098,0.004325807132306393,0.0007491031863262292,0.011384258282338047,0.0037982696771470775,0.010877822325385103,0.0,0.002627136526693395,0.0012133361468664274,0.0015931631145811352,0.0,0.0002848702257860308,0.0,0.0,0.0,0.0,0.0,0.0,0.0,0.0,0.0,0.0,0.0,0.0,0.0,0.0,0.0,0.0,0.0,0.0,0.0,0.0,0.0,0.0,0.0,0.0,0.0,0.0,0.0,0.0,0.0,0.0,0.0,0.0,0.0,nan,nan,4.260212286908974,2.8320915317977886,nan,0.8478242297527929,0.03441149808806622,0.0,0.0,0.0,0.0,0.0,0.0,0.0,0.0,0.0,0.0,0.0,0.0,0.0,0.0,0.0,0.0,0.0,0.0,0.0,0.0,0.0,0.061425061425061434,0.34398034398034405,1.7076167076167024,7.592137592137593,12.260442260442263,6.326781326781329,1.2899262899262902,0.257985257985258,0.15970515970515975,0.8467163267631763,0.033830274224265725,0.0,0.0,0.0,0.0,0.0,0.0,0.0,0.0,0.0,0.0,0.0,0.0,0.0,0.0,0.0,0.0,0.0,0.0,0.0,0.0,0.0,0.07836308228123641,0.31345232912494564,1.6978667827601166,7.771005659555944,12.760121898127997,5.655202437962561,1.358293426208098,0.261210274270788,0.10448410970831522,0.4387,0.01422,0.0,0.0,0.0,0.0,0.0,0.0,0.0,0.0,0.0,0.0,0.0,0.1105651105651104,10.552825552825556,18.624078624078628,0.7125307125307128,0.0,0.0,0.0,0.0,0.0,0.0,0.0,0.0,0.0,0.0,0.0,0.0,0.0,0.0,0.0,0.4382,0.0144,0.0,0.0,0.0,0.0,0.0,0.0,0.0,0.0,0.0,0.0,0.0,0.0653025685676969,10.918589464518941,18.33696125380932,0.679146713104049,0.0,0.0,0.0,0.0,0.0,0.0,0.0,0.0,0.0,0.0,0.0,0.0,0.0,0.0,0.0
96900,4634,2321,0.5008631851532154,1068,983,0.4425981873111782,1327,0.5727233491583945,0.472,3.0453955901426717,3.103366473472085,6.626888217522659,1.9912350953685345,6649.800000000001,9.094947017729282e-13,6649.8,6649.8,6649.800000000002,1.8189894035458565e-12,6649.800000000001,9.094947017729282e-13,27.48252050064739,20.701993278774026,32.465548387096774,18.98117335990129,0.14113077255071213,0.10358221838584376,0.096460940871817,0.08890807078118257,0.07725507121277514,0.07898144151920587,0.07164436771687527,0.059775571860164,0.05222270176952956,0.050496331463098836,0.04812257229175658,0.041001294777729826,0.03409581355200691,0.02416918429003021,0.01661631419939577,0.010358221838584376,0.005179110919292188,0.8487635292932809,0.03366004742670276,0.0,0.0,0.0,0.0,0.0,0.0,0.0,0.0,0.0,0.0,0.0,0.0,0.0,0.0,0.0,0.0,0.0,0.0,0.0,0.0,0.0,0.04531722054380666,0.2654294346137247,1.5990504963314582,7.218385843763489,12.954251186879588,5.988347000431594,1.4889943892965045,0.3690116529995685,0.0712127751402676,4.384928716904277,2.8409699511045408,6.416666666666667,2.43099202430247,1.4633457191515715,4.417403127124405,2.8180387276485876,4.369199731002017,2.8660183933209495,0.9890878430754028,0.4387,0.014496,0.0,0.0,0.0,0.0,0.0,0.0,0.0,0.0,0.0,0.0,0.0,0.09063444108761316,10.500647388864913,18.735433750539492,0.6732844195079847,0.0,0.0,0.0,0.0,0.0,0.0,0.0,0.0,0.0,0.0,0.0,0.0,0.0,0.0,0.0,nan,nan,4.39317106152806,2.8423617473360108,nan,0.4387,0.0809,0.0,0.0,0.0,0.0,0.0,0.0,0.0,0.0,0.0,0.0,0.0,0.0,0.0,0.0,0.0,0.0,0.0,0.0,0.0,0.0,0.0,0.0003452740612861459,0.0003129046180405697,0.0,0.002006905481225723,5.3949072075960293e-05,0.003819594302977989,0.0006473888649115235,0.008157099697885197,0.008836858006042296,0.025830815709969788,0.022680189900733706,0.0379046180405697,0.035779024600776865,0.022917565817867934,0.00985110056107035,0.03604876996115667,0.042695295640914975,0.044885627967198964,0.05558912386706949,0.023079413034095813,0.014922313336210618,0.010498489425981873,0.04396849374190764,0.014555459646094088,0.050345274061286145,0.05985110056107035,0.029154078549848944,0.060045317220543806,0.03039490720759603,0.07918644799309452,0.06124298662063012,0.014512300388433319,0.03771040138109624,0.057261545101424255,0.007121277514026759,0.009343979283556323,0.004887785930082002,0.000917134225291325,0.013282261545101424,0.004003021148036254,0.010196374622356496,1.0789814415192059e-05,0.0019097971514889945,0.0011329305135951663,0.001661631419939577,0.0,0.0004423823910228744,0.0,0.0,0.0,0.0,0.0,0.0,0.0,0.0,0.0,0.0,0.0,0.0,0.0,0.0,0.0,0.0,0.0,0.0,0.0,0.0,0.0,0.0,0.0,0.0,0.0,0.0,0.0,0.0,0.0,0.0,0.0,0.0,0.0,nan,nan,4.39317106152806,2.8423617473360108,nan,0.8480426772870364,0.033919637988589775,0.0,0.0,0.0,0.0,0.0,0.0,0.0,0.0,0.0,0.0,0.0,0.0,0.0,0.0,0.0,0.0,0.0,0.0,0.0,0.0,0.0,0.03877638948728997,0.3231365790607497,1.7707884532529028,7.251184834123224,12.93838862559242,5.764756570443776,1.4347264110297289,0.42654028436018965,0.05170185264971996,0.8494868745187428,0.033381887525133935,0.0,0.0,0.0,0.0,0.0,0.0,0.0,0.0,0.0,0.0,0.0,0.0,0.0,0.0,0.0,0.0,0.0,0.0,0.0,0.0,0.0,0.051880674448767844,0.20752269779507138,1.4267185473411108,7.185473411154347,12.970168612191962,6.21271076523995,1.5434500648508434,0.31128404669260706,0.09079118028534373,0.439,0.014404,0.0,0.0,0.0,0.0,0.0,0.0,0.0,0.0,0.0,0.0,0.0,0.10340370529943975,10.392072382593712,18.754847048685914,0.7496768634209394,0.0,0.0,0.0,0.0,0.0,0.0,0.0,0.0,0.0,0.0,0.0,0.0,0.0,0.0,0.0,0.4387,0.014595,0.0,0.0,0.0,0.0,0.0,0.0,0.0,0.0,0.0,0.0,0.0,0.07782101167315164,10.609597924773023,18.715953307393,0.5966277561608302,0.0,0.0,0.0,0.0,0.0,0.0,0.0,0.0,0.0,0.0,0.0,0.0,0.0,0.0,0.0
97000,4900,2479,0.5059183673469387,1134,1022,0.44,1388,0.566530612244898,0.46799999999999997,2.962412226352747,3.1250661793966006,6.78516228748068,1.9841479812968617,6649.800000000001,9.094947017729282e-13,6649.8,6649.8,6649.800000000001,9.094947017729282e-13,6649.800000000002,1.8189894035458565e-12,27.68734693877551,20.88309058911307,32.644195668045754,19.163892122217984,0.14204081632653062,0.09857142857142857,0.09918367346938775,0.0910204081632653,0.0783673469387755,0.07183673469387755,0.06510204081632653,0.06306122448979593,0.05714285714285714,0.05326530612244898,0.05040816326530612,0.04,0.032448979591836735,0.022857142857142857,0.015918367346938776,0.008979591836734694,0.009795918367346938,0.8484868942474832,0.03408522655795649,0.0,0.0,0.0,0.0,0.0,0.0,0.0,0.0,0.0,0.0,0.0,0.0,0.0,0.0,0.0,0.0,0.0,0.0,0.0,0.0,0.0,0.10408163265306125,0.28163265306122454,1.5551020408163216,7.05918367346939,13.077551020408166,6.208163265306124,1.2489795918367348,0.3612244897959185,0.10408163265306125,4.495136186770428,2.879155320156947,4.277777777777778,3.5088072610306953,0.9516458678977614,4.542655548428479,2.9037271625053984,4.444588464031108,2.8615732786498294,0.978411947956015,0.4392,0.014824,0.0,0.0,0.0,0.0,0.0,0.0,0.0,0.0,0.0,0.0,0.0,0.13469387755102022,10.181632653061227,18.783673469387757,0.9000000000000001,0.0,0.0,0.0,0.0,0.0,0.0,0.0,0.0,0.0,0.0,0.0,0.0,0.0,0.0,0.0,nan,nan,4.493874919406834,2.8832529416088652,nan,0.4392,0.081,0.0,0.0,0.0,0.0,0.0,0.0,0.0,0.0,0.0,0.0,0.0,0.0,0.0,0.0,0.0,0.0,0.0,0.0,0.0,0.0,0.0,0.0007653061224489796,0.00025510204081632655,0.0,0.0017551020408163266,7.142857142857143e-05,0.00436734693877551,0.0004489795918367347,0.006642857142857143,0.008173469387755102,0.02440816326530612,0.022785714285714284,0.040183673469387754,0.035724489795918364,0.024255102040816327,0.01020408163265306,0.035908163265306124,0.041520408163265306,0.0453469387755102,0.05688775510204082,0.02206122448979592,0.014040816326530613,0.010479591836734694,0.040193877551020406,0.01426530612244898,0.050653061224489794,0.06213265306122449,0.03086734693877551,0.059387755102040814,0.029918367346938774,0.0781734693877551,0.059908163265306125,0.015561224489795918,0.03820408163265306,0.05789795918367347,0.007285714285714286,0.009469387755102041,0.005622448979591837,0.0008061224489795918,0.013551020408163266,0.0033979591836734695,0.012010204081632654,9.183673469387755e-05,0.0016530612244897958,0.0007653061224489796,0.0014183673469387755,0.0,0.00047959183673469387,0.0,0.0,0.0,0.0,0.0,0.0,0.0,0.0,0.0,0.0,0.0,0.0,0.0,0.0,0.0,0.0,0.0,0.0,0.0,0.0,0.0,0.0,0.0,0.0,0.0,0.0,0.0,0.0,0.0,0.0,0.0,0.0,0.0,nan,nan,4.493874919406834,2.8832529416088652,nan,0.84769568689988,0.03417948813694158,0.0,0.0,0.0,0.0,0.0,0.0,0.0,0.0,0.0,0.0,0.0,0.0,0.0,0.0,0.0,0.0,0.0,0.0,0.0,0.0,0.0,0.08471157724889071,0.26623638563937074,1.7426381605486028,7.188382412263011,13.130294473578058,5.845098830173458,1.2222670431625657,0.39935457845905614,0.12101653892698672,0.8492970565831744,0.03396934504775055,0.0,0.0,0.0,0.0,0.0,0.0,0.0,0.0,0.0,0.0,0.0,0.0,0.0,0.0,0.0,0.0,0.0,0.0,0.0,0.0,0.0,0.12391573729863695,0.2973977695167287,1.3630731102850018,6.926889714993806,13.023543990086743,6.579925650557622,1.2763320941759608,0.3221809169764561,0.08674101610904587,0.439,0.014786,0.0,0.0,0.0,0.0,0.0,0.0,0.0,0.0,0.0,0.0,0.0,0.12101653892698651,10.262202501008474,18.58814037918516,1.028640580879387,0.0,0.0,0.0,0.0,0.0,0.0,0.0,0.0,0.0,0.0,0.0,0.0,0.0,0.0,0.0,0.4392,0.01488,0.0,0.0,0.0,0.0,0.0,0.0,0.0,0.0,0.0,0.0,0.0,0.1486988847583641,10.099132589838911,18.98389095415118,0.7682775712515492,0.0,0.0,0.0,0.0,0.0,0.0,0.0,0.0,0.0,0.0,0.0,0.0,0.0,0.0,0.0
97100,4769,2441,0.5118473474522961,1144,966,0.4424407632627385,1348,0.5653176766617739,0.45199999999999996,2.9536082474226806,3.030981893993912,6.393274853801169,2.0891004612801383,6649.800000000001,9.094947017729282e-13,6649.8,6649.8,6649.800000000002,1.8189894035458565e-12,6649.800000000001,9.094947017729282e-13,28.195219123505975,21.13543209965212,33.203148425787106,19.384647992511034,0.1396519186412246,0.10190815684629902,0.08806877752149297,0.09058502830782135,0.07947158733487104,0.07087439714824911,0.0698259593206123,0.062486894527154536,0.055776892430278883,0.05305095407842315,0.04822814007129377,0.03942126231914447,0.03501782344306983,0.02537219542881107,0.023485007339064792,0.009855315579786118,0.006919689662403019,0.8498461219369052,0.034434192503474556,0.0,0.0,0.0,0.0,0.0,0.0,0.0,0.0,0.0,0.0,0.0,0.0,0.0,0.0,0.0,0.0,0.0,0.0,0.0,0.006290626965820928,0.018871880897462782,0.0440343887607465,0.21388131683791156,1.6733067729083615,6.837911511847349,12.625288320402603,6.5422520444537655,1.5663661144894112,0.40889075277836034,0.06290626965820928,4.221426245522631,2.838278044446201,5.142857142857143,3.270149469217028,1.2182747829153262,4.2017310252996,2.7938342208068963,4.248262792166772,2.884974550510481,1.0110744277982082,0.4377,0.01498,0.0,0.0,0.0,0.0,0.0,0.0,0.0,0.0,0.0,0.0,0.0,0.18871880897462753,11.360872300272597,17.68924302788845,0.7611658628643323,0.0,0.0,0.0,0.0,0.0,0.0,0.0,0.0,0.0,0.0,0.0,0.0,0.0,0.0,0.0,nan,nan,4.225607779578606,2.8410613321152733,nan,0.4377,0.0819,0.0,0.0,0.0,0.0,0.0,0.0,0.0,0.0,0.0,0.0,0.0,0.0,0.0,0.0,0.0,0.0,0.0,0.0,0.0,0.0,0.0,0.0014153910673097086,0.00024114070035646885,0.0,0.0014678129586915495,0.00016775005242189138,0.003837282449150765,0.0005661564269238835,0.007349549171734116,0.008995596561123925,0.028202977563430487,0.024827007758439924,0.04308031033759698,0.033612916754036486,0.024061648144265046,0.010788425246382889,0.036412245753826795,0.04052212203816314,0.04519815474942336,0.05743342419794506,0.0212728035227511,0.013755504298595093,0.010421472006710002,0.04248270077584399,0.012581253931641853,0.05009435940448732,0.05957223736632418,0.028915915286223528,0.05666806458377018,0.02930383728244915,0.0805409939190606,0.05853428391696373,0.01641853638079262,0.03798490249528203,0.057706018033130635,0.006751939609981128,0.008576221430069197,0.00568253302579157,0.0010065003145313482,0.014919270287271965,0.0035542042356888235,0.010704550220171943,2.0968756552736423e-05,0.0016984692807716503,0.000597609561752988,0.001342000419375131,6.290626965820927e-05,0.0006395470748584609,0.0,0.0,1.0484378276368211e-05,0.0,0.0,0.0,0.0,0.0,0.0,0.0,0.0,0.0,0.0,0.0,0.0,0.0,0.0,0.0,0.0,0.0,0.0,0.0,0.0,0.0,0.0,0.0,0.0,0.0,0.0,0.0,0.0,0.0,0.0,nan,nan,4.225607779578606,2.8410613321152733,nan,0.8498329102431394,0.03435072938682197,0.0,0.0,0.0,0.0,0.0,0.0,0.0,0.0,0.0,0.0,0.0,0.0,0.0,0.0,0.0,0.0,0.0,0.0,0.0,0.0,0.024580090126997137,0.0368701351904957,0.3072511265874642,1.6345759934453044,6.538303973781239,13.015157722244984,6.5628840639082355,1.401065137238837,0.41786153215895133,0.06145022531749284,0.8498599749199304,0.03452148473008819,0.0,0.0,0.0,0.0,0.0,0.0,0.0,0.0,0.0,0.0,0.0,0.0,0.0,0.0,0.0,0.0,0.0,0.0,0.0,0.012886597938144333,0.012886597938144333,0.05154639175257733,0.11597938144329899,1.7139175257731907,7.152061855670104,12.216494845360828,6.520618556701033,1.739690721649485,0.3994845360824743,0.06443298969072166,0.4377,0.014755,0.0,0.0,0.0,0.0,0.0,0.0,0.0,0.0,0.0,0.0,0.0,0.17206063088897966,11.319131503482183,17.832855387136423,0.6759524784924213,0.0,0.0,0.0,0.0,0.0,0.0,0.0,0.0,0.0,0.0,0.0,0.0,0.0,0.0,0.0,0.4377,0.01519,0.0,0.0,0.0,0.0,0.0,0.0,0.0,0.0,0.0,0.0,0.0,0.206185567010309,11.404639175257735,17.538659793814436,0.850515463917526,0.0,0.0,0.0,0.0,0.0,0.0,0.0,0.0,0.0,0.0,0.0,0.0,0.0,0.0,0.0
97200,4937,2468,0.49989872392140977,1129,1056,0.44257646343933565,1394,0.5647154142191614,0.44799999999999995,2.9283110571081408,3.038187561726581,6.449655172413793,2.034669307636689,6649.800000000001,9.094947017729282e-13,6649.8,6649.8,6649.800000000001,9.094947017729282e-13,6649.800000000001,9.094947017729282e-13,27.962325298764434,21.060610625816636,33.08464710162503,19.271258051653266,0.1448247923840389,0.0988454527040713,0.09317399230301802,0.08365404091553576,0.08264128012963338,0.0731213287421511,0.06907028559854163,0.05570184322463034,0.06036054283978124,0.0544865302815475,0.04678954830868949,0.04071298359327527,0.033826210249139156,0.027141989062183514,0.017014381203159814,0.009519951387482276,0.009114847073121329,0.8489386919468599,0.03465025744431167,0.0,0.0,0.0,0.0,0.0,0.0,0.0,0.0,0.0,0.0,0.0,0.0,0.0,0.0,0.0,0.0,0.0,0.0,0.0060765647154142205,0.0,0.0060765647154142205,0.10937816487745597,0.2734454121936399,1.6710552967389052,6.8786712578488975,12.87016406724732,6.343933562892446,1.3611504962527854,0.3767470123556817,0.10330160016204175,4.365451664025357,2.835345968507955,5.111111111111111,2.354402233379677,1.1708092322337584,4.34280303030303,2.804989461726168,4.399244332493703,2.8599641422510147,1.0129965144163433,0.4368,0.01459,0.0,0.0,0.0,0.0,0.0,0.0,0.0,0.0,0.0,0.0,0.0,0.18837350617784052,11.66092768887989,17.573425156977926,0.5772736479643509,0.0,0.0,0.0,0.0,0.0,0.0,0.0,0.0,0.0,0.0,0.0,0.0,0.0,0.0,0.0,nan,nan,4.369681689253073,2.833401434123184,nan,0.4368,0.082,0.0,0.0,0.0,0.0,0.0,0.0,0.0,0.0,0.0,0.0,0.0,0.0,0.0,0.0,0.0,0.0,0.0,0.0,0.0,0.0,1.0127607859023698e-05,0.0018229694146242657,0.00031395584362973463,0.0,0.0015191411788535547,0.00022280737289852136,0.003676321652825603,0.0005468908243872798,0.00797042738505165,0.010006076564715414,0.026676119100668423,0.02444804537168321,0.0447437715211667,0.034626291270002024,0.02404294105732226,0.010603605428397812,0.03621632570386875,0.0412801296333806,0.04829856187968402,0.05428397812436703,0.021460401053271218,0.013054486530281547,0.010421308486935385,0.044764026736884746,0.011818918371480656,0.0507696981972858,0.0604719465262305,0.028468705691715616,0.057950172169333604,0.02669637431638647,0.0809398420093174,0.05859833907231112,0.015778813044358922,0.03741138343123354,0.052774964553372494,0.007595705894267774,0.00949969617176423,0.005772736479643509,0.0010228883937613935,0.01530281547498481,0.0033016001620417255,0.010755519546283168,7.089325501316589e-05,0.0015697792181486733,0.00029370062791168726,0.0014685031395584363,0.00020255215718047398,0.00045574235365606643,0.0,0.0,0.0,0.0,0.0,0.0,0.0,0.0,0.0,0.0,0.0,0.0,0.0,0.0,0.0,0.0,0.0,0.0,0.0,0.0,0.0,0.0,0.0,0.0,0.0,0.0,0.0,0.0,0.0,0.0,0.0,0.0,0.0,nan,nan,4.369681689253073,2.833401434123184,nan,0.8499636647187331,0.03440362369211589,0.0,0.0,0.0,0.0,0.0,0.0,0.0,0.0,0.0,0.0,0.0,0.0,0.0,0.0,0.0,0.0,0.0,0.0,0.0,0.0,0.012155591572123179,0.10940032414910861,0.20664505672609404,1.6896272285251164,6.5640194489465165,12.824149108589955,6.649108589951379,1.4951377633711511,0.35251215559157223,0.09724473257698543,0.8479141343117919,0.03486494799647778,0.0,0.0,0.0,0.0,0.0,0.0,0.0,0.0,0.0,0.0,0.0,0.0,0.0,0.0,0.0,0.0,0.0,0.0,0.012150668286755775,0.0,0.0,0.10935601458080196,0.3402187120291617,1.6524908869987798,7.193195625759418,12.916160388821389,6.03888213851762,1.227217496962333,0.40097205346294057,0.10935601458080196,0.437,0.01451,0.0,0.0,0.0,0.0,0.0,0.0,0.0,0.0,0.0,0.0,0.0,0.21880064829821685,11.38978930307942,17.868719611021074,0.5226904376012967,0.0,0.0,0.0,0.0,0.0,0.0,0.0,0.0,0.0,0.0,0.0,0.0,0.0,0.0,0.0,0.4365,0.01467,0.0,0.0,0.0,0.0,0.0,0.0,0.0,0.0,0.0,0.0,0.0,0.1579586877278248,11.931956257594171,17.27825030376671,0.6318347509113003,0.0,0.0,0.0,0.0,0.0,0.0,0.0,0.0,0.0,0.0,0.0,0.0,0.0,0.0,0.0
97300,4957,2555,0.515432721404075,1192,980,0.43816824692354245,1418,0.5721202340125076,0.44799999999999995,2.978767693588676,2.9938819903839127,6.358543417366946,1.9747044898780741,6649.800000000002,1.8189894035458565e-12,6649.8,6649.8,6649.800000000001,9.094947017729282e-13,6649.800000000001,9.094947017729282e-13,28.219285858382086,21.120549106679725,33.14330218068536,19.389732629390235,0.13536413153116805,0.10732297760742385,0.08936856969941497,0.08170264272745613,0.0841234617712326,0.0718176316320355,0.07020375226951785,0.06374823481944725,0.05144240468025015,0.050635464998991325,0.050837199919306034,0.04720597135364132,0.034294936453500104,0.024409925358079485,0.01956828727052653,0.010490215856364737,0.007464192051644139,0.8492809743296362,0.03371425520481726,0.0,0.0,0.0,0.0,0.0,0.0,0.0,0.0,0.0,0.0,0.0,0.0,0.0,0.0,0.0,0.0,0.0,0.0,0.0,0.0,0.0,0.060520476094411954,0.2723421424248538,1.5735323784547055,6.9356465604196105,12.981642122251365,6.372806132741579,1.422231188218681,0.2602380472059714,0.12104095218882391,4.365487002818666,2.801753101341012,3.9166666666666665,2.2157893000513886,0.8971889422961953,4.331847133757962,2.793772378705976,4.392900856793146,2.8055895478670534,1.0140941545603939,0.4373,0.0148,0.0,0.0,0.0,0.0,0.0,0.0,0.0,0.0,0.0,0.0,0.0,0.21182166633044147,11.48678636271939,17.756707686100466,0.5446842848497075,0.0,0.0,0.0,0.0,0.0,0.0,0.0,0.0,0.0,0.0,0.0,0.0,0.0,0.0,0.0,nan,nan,4.363806552262091,2.7999220827169893,nan,0.4373,0.0818,0.0,0.0,0.0,0.0,0.0,0.0,0.0,0.0,0.0,0.0,0.0,0.0,0.0,0.0,0.0,0.0,0.0,0.0,0.0,0.0,0.0,0.00125075650595118,0.00023199515836191245,0.0,0.0009885011095420618,0.0001613879362517652,0.0032983659471454508,0.0008170264272745612,0.009481541254791205,0.008957030461972968,0.026165019164817428,0.024843655436756103,0.04389751866048013,0.034516844865846275,0.02489408916683478,0.009723623159168852,0.0361508977203954,0.04219285858382086,0.04881985071615897,0.05428686705668751,0.023824894089166836,0.013153116804518862,0.010823078474884002,0.04406899334274763,0.012245309663102683,0.04766996167036514,0.058079483558604,0.028222715352027437,0.05558805729271737,0.02950373209602582,0.08165220899737745,0.06035908815816018,0.01623966108533387,0.03904579382691144,0.051291103490014124,0.008200524510792818,0.008725035303611055,0.0054367561024813394,0.0009178938874319144,0.015775670768610046,0.003893483962073835,0.010691950776679443,0.00017147468226750052,0.001341537220092798,0.0005144240468025015,0.0012810167439983862,0.0002118216663304418,0.00039338309461367765,0.0,0.0,0.0,0.0,0.0,0.0,0.0,0.0,0.0,0.0,0.0,0.0,0.0,0.0,0.0,0.0,0.0,0.0,0.0,0.0,0.0,0.0,0.0,0.0,0.0,0.0,0.0,0.0,0.0,0.0,0.0,0.0,0.0,nan,nan,4.363806552262091,2.7999220827169893,nan,0.8493854880332947,0.03388626704433349,0.0,0.0,0.0,0.0,0.0,0.0,0.0,0.0,0.0,0.0,0.0,0.0,0.0,0.0,0.0,0.0,0.0,0.0,0.0,0.0,0.0,0.07045009784735813,0.2935420743639922,1.5616438356164335,6.962818003913895,12.622309197651667,6.786692759295501,1.2798434442270061,0.2935420743639922,0.12915851272015658,0.8491698034250369,0.03352996066888371,0.0,0.0,0.0,0.0,0.0,0.0,0.0,0.0,0.0,0.0,0.0,0.0,0.0,0.0,0.0,0.0,0.0,0.0,0.0,0.0,0.0,0.049958368026644474,0.24979184013322236,1.5861781848459569,6.906744379683598,13.363863447127397,5.932556203164031,1.573688592839301,0.22481265611990012,0.11240632805995006,0.4373,0.01468,0.0,0.0,0.0,0.0,0.0,0.0,0.0,0.0,0.0,0.0,0.0,0.21135029354207405,11.412915851272018,17.859099804305288,0.5166340508806263,0.0,0.0,0.0,0.0,0.0,0.0,0.0,0.0,0.0,0.0,0.0,0.0,0.0,0.0,0.0,0.437,0.01492,0.0,0.0,0.0,0.0,0.0,0.0,0.0,0.0,0.0,0.0,0.0,0.21232306411323865,11.565362198168197,17.64779350541216,0.5745212323064114,0.0,0.0,0.0,0.0,0.0,0.0,0.0,0.0,0.0,0.0,0.0,0.0,0.0,0.0,0.0
97400,5004,2566,0.5127897681854516,1228,1053,0.4558353317346123,1451,0.5799360511590728,0.44799999999999995,2.969237079573421,3.08657502051172,6.666174298375185,2.0127200344617653,6649.800000000002,1.8189894035458565e-12,6649.8,6649.8,6649.800000000002,1.8189894035458565e-12,6649.800000000001,9.094947017729282e-13,27.68525179856115,20.649869748258723,32.53670705630791,18.92642830719843,0.13828936850519585,0.10171862509992007,0.09432454036770584,0.08972821742605916,0.07993605115907274,0.07513988808952837,0.07434052757793765,0.05695443645083933,0.058353317346123104,0.055955235811350916,0.0451638689048761,0.03677058353317346,0.03617106314948042,0.026778577138289367,0.015587529976019185,0.008393285371702638,0.006394884092725819,0.8509663192393015,0.03337167579305647,0.0,0.0,0.0,0.0,0.0,0.0,0.0,0.0,0.0,0.0,0.0,0.0,0.0,0.0,0.0,0.0,0.0,0.0,0.0,0.0,0.005995203836930457,0.04796163069544366,0.275779376498801,1.342925659472418,6.720623501199042,12.73980815347722,6.888489208633095,1.588729016786571,0.3117505995203838,0.07793764988009595,4.235641105246818,2.8783764051864513,4.466666666666667,3.095516470998373,1.0545432334041878,4.158603796693202,2.8951806161545517,4.316281971303805,2.861171758329202,1.0379161329905926,0.4365,0.01423,0.0,0.0,0.0,0.0,0.0,0.0,0.0,0.0,0.0,0.0,0.0,0.17386091127098297,11.888489208633096,17.45203836930456,0.485611510791367,0.0,0.0,0.0,0.0,0.0,0.0,0.0,0.0,0.0,0.0,0.0,0.0,0.0,0.0,0.0,nan,nan,4.236711990111249,2.879463462480436,nan,0.4365,0.0823,0.0,0.0,0.0,0.0,0.0,0.0,0.0,0.0,0.0,0.0,0.0,0.0,0.0,0.0,0.0,0.0,0.0,0.0,0.0,9.992006394884094e-06,0.0,0.0014888089528377298,0.00021982414068745003,0.0,0.0013389288569144685,8.992805755395684e-05,0.0032074340527577937,0.0011490807354116706,0.009652278177458033,0.009682254196642686,0.02638888888888889,0.024530375699440447,0.04328537170263789,0.03510191846522782,0.02736810551558753,0.011300959232613908,0.03734012789768185,0.040507593924860114,0.049590327737809754,0.05399680255795364,0.024040767386091125,0.01261990407673861,0.012150279776179057,0.04336530775379696,0.011141087130295763,0.04493405275779377,0.05832334132693845,0.027747801758593125,0.054196642685851316,0.031235011990407673,0.07888689048760991,0.057973621103117504,0.017565947242206236,0.037959632294164665,0.05309752198241407,0.008952837729816147,0.009402478017585932,0.005625499600319744,0.0008393285371702638,0.015057953637090327,0.0037969624300559553,0.011340927258193445,0.0002697841726618705,0.0011590727418065547,0.0003896882494004796,0.0009892086330935252,0.00014988009592326138,0.0004996003197442046,0.0,3.9968025579536374e-05,0.0,0.0,0.0,0.0,0.0,0.0,0.0,0.0,0.0,0.0,0.0,0.0,0.0,0.0,0.0,0.0,0.0,0.0,0.0,0.0,0.0,0.0,0.0,0.0,0.0,0.0,0.0,0.0,0.0,0.0,0.0,nan,nan,4.236711990111249,2.879463462480436,nan,0.8507965271210912,0.03387552534843278,0.0,0.0,0.0,0.0,0.0,0.0,0.0,0.0,0.0,0.0,0.0,0.0,0.0,0.0,0.0,0.0,0.0,0.0,0.0,0.0,0.011691348402182387,0.07014809041309432,0.2689010132501949,1.473109898674976,6.792673421667967,12.381137957911148,7.096648480124709,1.4964925954793455,0.3156664068589245,0.0935307872174591,0.8511450257919381,0.032832074173837246,0.0,0.0,0.0,0.0,0.0,0.0,0.0,0.0,0.0,0.0,0.0,0.0,0.0,0.0,0.0,0.0,0.0,0.0,0.0,0.0,0.0,0.024610336341263337,0.28301886792452835,1.2059064807218995,6.644790812141101,13.117309269893358,6.669401148482364,1.6858080393765384,0.30762920426579166,0.06152584085315834,0.4365,0.01426,0.0,0.0,0.0,0.0,0.0,0.0,0.0,0.0,0.0,0.0,0.0,0.14029618082618842,11.925175370226036,17.455183164458305,0.4793452844894779,0.0,0.0,0.0,0.0,0.0,0.0,0.0,0.0,0.0,0.0,0.0,0.0,0.0,0.0,0.0,0.4363,0.01419,0.0,0.0,0.0,0.0,0.0,0.0,0.0,0.0,0.0,0.0,0.0,0.20918785890073802,11.849876948318297,17.448728465955703,0.4922067268252667,0.0,0.0,0.0,0.0,0.0,0.0,0.0,0.0,0.0,0.0,0.0,0.0,0.0,0.0,0.0
97500,4654,2331,0.5008594757198109,1046,990,0.4374731413837559,1300,0.5586592178770949,0.45599999999999996,2.984933275936289,3.013563303068382,6.396778916544656,1.946379645439742,6649.800000000001,9.094947017729282e-13,6649.8,6649.8,6649.800000000002,1.8189894035458565e-12,6649.800000000002,1.8189894035458565e-12,28.20154705629566,21.074830092849076,33.02519083969466,19.386076862238486,0.13429308122045552,0.1035668242372153,0.09110442629995702,0.08981521272024065,0.08207993124194242,0.07563386334336054,0.0685431886549205,0.05801461108723679,0.05608079071766223,0.05264288783841856,0.050923936398796735,0.03910614525139665,0.03330468414267297,0.024495058014611087,0.01869359690588741,0.01310700472711646,0.008594757198109154,0.8527198760587359,0.03234638505616622,0.0,0.0,0.0,0.0,0.0,0.0,0.0,0.0,0.0,0.0,0.0,0.0,0.0,0.0,0.0,0.0,0.0,0.0,0.0,0.0,0.0,0.0386764073914912,0.2578427159432746,1.0958315427589138,5.833691448216589,13.685002148689303,7.174473571121617,1.5212720240653206,0.27718091963902025,0.11602922217447359,4.284425133689839,2.745131459211426,4.294117647058823,2.320362696860708,1.0022622669474999,4.2543978349120435,2.7560177010289735,4.31352057478772,2.7298947523037795,1.0138968526616174,0.4368,0.014206,0.0,0.0,0.0,0.0,0.0,0.0,0.0,0.0,0.0,0.0,0.0,0.1740438332617101,11.654490760636016,17.668672110012896,0.5027932960893856,0.0,0.0,0.0,0.0,0.0,0.0,0.0,0.0,0.0,0.0,0.0,0.0,0.0,0.0,0.0,nan,nan,4.284479893652376,2.7429165069536534,nan,0.4368,0.0826,0.0,0.0,0.0,0.0,0.0,0.0,0.0,0.0,0.0,0.0,0.0,0.0,0.0,0.0,0.0,0.0,0.0,0.0,0.0,1.0743446497636441e-05,0.0,0.0018156424581005587,8.594757198109153e-05,0.0,0.0008057584873227331,0.0,0.0031263429308122045,0.0011602922217447357,0.01032445208422862,0.010850880962612806,0.024613235926085088,0.02518263859045982,0.04155565105285776,0.0354641168886979,0.028577567683712935,0.011968199398366996,0.037000429737859906,0.040996991834980664,0.047776106574989256,0.05359905457670821,0.023764503652771808,0.013429308122045552,0.011549204984959175,0.04529437043403524,0.012440911044263,0.042350666093682855,0.05393210141813494,0.028491620111731845,0.05408250966910185,0.032864202836269875,0.08100558659217877,0.056510528577567685,0.017200257842715942,0.037086377309841,0.05351310700472712,0.008702191663085519,0.00932531155994843,0.006360120326600774,0.0010313708637730984,0.015986248388483025,0.0044800171895143966,0.012806188225182638,0.0001504082509669102,0.0006768371293510958,0.0005479157713794585,0.0008702191663085518,0.00018263859045981952,0.0004297378599054577,0.0,1.0743446497636441e-05,1.0743446497636441e-05,0.0,0.0,0.0,0.0,0.0,0.0,0.0,0.0,0.0,0.0,0.0,0.0,0.0,0.0,0.0,0.0,0.0,0.0,0.0,0.0,0.0,0.0,0.0,0.0,0.0,0.0,0.0,0.0,0.0,0.0,nan,nan,4.284479893652376,2.7429165069536534,nan,0.8521861839529682,0.03275529680157604,0.0,0.0,0.0,0.0,0.0,0.0,0.0,0.0,0.0,0.0,0.0,0.0,0.0,0.0,0.0,0.0,0.0,0.0,0.0,0.0,0.0,0.05148005148005149,0.27027027027027034,1.1196911196911161,6.1389961389961405,13.281853281853286,7.271557271557273,1.4543114543114548,0.28314028314028317,0.12870012870012873,0.8532554061054619,0.031921834311255275,0.0,0.0,0.0,0.0,0.0,0.0,0.0,0.0,0.0,0.0,0.0,0.0,0.0,0.0,0.0,0.0,0.0,0.0,0.0,0.0,0.0,0.025828669823504097,0.2453723633232889,1.0718897976754165,5.527335342229876,14.089539388721484,7.077055531640122,1.5884631941455019,0.271201033146793,0.10331467929401639,0.4368,0.01392,0.0,0.0,0.0,0.0,0.0,0.0,0.0,0.0,0.0,0.0,0.0,0.16731016731016707,11.788931788931793,17.593307593307596,0.45045045045045057,0.0,0.0,0.0,0.0,0.0,0.0,0.0,0.0,0.0,0.0,0.0,0.0,0.0,0.0,0.0,0.437,0.01447,0.0,0.0,0.0,0.0,0.0,0.0,0.0,0.0,0.0,0.0,0.0,0.18080068876452834,11.519586741282827,17.74429616874731,0.555316401205338,0.0,0.0,0.0,0.0,0.0,0.0,0.0,0.0,0.0,0.0,0.0,0.0,0.0,0.0,0.0
97600,4850,2457,0.5065979381443299,1147,1036,0.45010309278350513,1392,0.5740206185567011,0.45199999999999996,2.9845382365231927,3.1024051381037343,6.627836611195159,2.1810793474909276,6649.800000000001,9.094947017729282e-13,6649.8,6649.8,6649.8,0.0,6649.800000000001,9.094947017729282e-13,27.70680412371134,20.978570683693032,32.78612002963695,19.243399306765966,0.1422680412371134,0.10268041237113402,0.09092783505154639,0.09175257731958762,0.07835051546391752,0.07608247422680413,0.06515463917525773,0.06865979381443299,0.058969072164948455,0.049690721649484536,0.04288659793814433,0.03814432989690722,0.027628865979381443,0.025360824742268043,0.02309278350515464,0.010103092783505154,0.008247422680412371,0.8531442568474209,0.035073847121333115,0.0,0.0,0.0,0.0,0.0,0.0,0.0,0.0,0.0,0.0,0.0,0.0,0.0,0.0,0.0,0.0,0.0,0.0,0.0,0.0,0.00618556701030928,0.06804123711340207,0.28453608247422685,1.4597938144329852,5.8206185567010325,12.822680412371136,7.119587628865981,1.8494845360824745,0.45154639175257744,0.11752577319587632,4.390022675736962,2.8816642004986632,4.35,2.43464576478797,0.9908832644628098,4.4799222797927465,2.9169614743195074,4.3007037747920664,2.838212564337497,0.9599951754053708,0.437,0.01477,0.0,0.0,0.0,0.0,0.0,0.0,0.0,0.0,0.0,0.0,0.0,0.24123711340206153,11.294845360824745,17.882474226804128,0.5814432989690722,0.0,0.0,0.0,0.0,0.0,0.0,0.0,0.0,0.0,0.0,0.0,0.0,0.0,0.0,0.0,nan,nan,4.3897650466688125,2.879010449415158,nan,0.437,0.08264,0.0,0.0,0.0,0.0,0.0,0.0,0.0,0.0,0.0,0.0,0.0,0.0,0.0,0.0,0.0,0.0,0.0,0.0,0.0,0.0,0.0,0.0020103092783505154,1.0309278350515464e-05,0.0,0.0007835051546391753,1.0309278350515464e-05,0.0034536082474226804,0.0014020618556701032,0.009391752577319588,0.011587628865979381,0.02511340206185567,0.026917525773195877,0.03836082474226804,0.03580412371134021,0.026556701030927835,0.011835051546391752,0.037711340206185565,0.04220618556701031,0.048350515463917526,0.051371134020618554,0.025164948453608248,0.013402061855670102,0.013164948453608247,0.04524742268041237,0.011597938144329897,0.04110309278350516,0.05439175257731959,0.028721649484536083,0.052061855670103095,0.03268041237113402,0.08241237113402061,0.05631958762886598,0.019701030927835053,0.03708247422680412,0.05345360824742268,0.0091340206185567,0.008958762886597938,0.005030927835051546,0.0010412371134020618,0.014597938144329897,0.005546391752577319,0.013835051546391752,8.247422680412371e-05,0.0007010309278350516,0.00029896907216494845,0.0008144329896907217,0.0001443298969072165,0.00036082474226804123,0.0,0.0,7.216494845360825e-05,0.0,0.0,0.0,0.0,0.0,0.0,0.0,0.0,0.0,0.0,0.0,0.0,0.0,0.0,0.0,0.0,0.0,0.0,0.0,0.0,0.0,0.0,0.0,0.0,0.0,0.0,0.0,0.0,0.0,0.0,nan,nan,4.3897650466688125,2.879010449415158,nan,0.8536168304846254,0.03477477058642108,0.0,0.0,0.0,0.0,0.0,0.0,0.0,0.0,0.0,0.0,0.0,0.0,0.0,0.0,0.0,0.0,0.0,0.0,0.0,0.0,0.012210012210012213,0.09768009768009771,0.24420024420024425,1.29426129426129,5.909645909645911,12.710622710622713,7.313797313797315,1.9169719169719173,0.39072039072039083,0.10989010989010992,0.8526590443833124,0.035371723213519723,0.0,0.0,0.0,0.0,0.0,0.0,0.0,0.0,0.0,0.0,0.0,0.0,0.0,0.0,0.0,0.0,0.0,0.0,0.0,0.0,0.0,0.037609694943585466,0.3259506895110741,1.6297534475553648,5.729210196406187,12.9377350605934,6.920183869619725,1.780192227329712,0.5139991642290014,0.12536564981195156,0.4368,0.014946,0.0,0.0,0.0,0.0,0.0,0.0,0.0,0.0,0.0,0.0,0.0,0.3052503052503048,11.477411477411481,17.655677655677657,0.5616605616605618,0.0,0.0,0.0,0.0,0.0,0.0,0.0,0.0,0.0,0.0,0.0,0.0,0.0,0.0,0.0,0.4373,0.01459,0.0,0.0,0.0,0.0,0.0,0.0,0.0,0.0,0.0,0.0,0.0,0.17551190973673186,11.107396573338908,18.115336397826997,0.6017551190973675,0.0,0.0,0.0,0.0,0.0,0.0,0.0,0.0,0.0,0.0,0.0,0.0,0.0,0.0,0.0
97700,4745,2406,0.5070600632244467,1173,952,0.44783983140147526,1338,0.5639620653319284,0.44799999999999995,2.933304831124412,3.0095753951101223,6.285298398835517,2.113959120757363,6649.800000000001,9.094947017729282e-13,6649.8,6649.8,6649.800000000002,1.8189894035458565e-12,6649.800000000001,9.094947017729282e-13,28.596838777660697,21.055087326711337,33.61328320802005,19.194560476270006,0.13614330874604846,0.09799789251844046,0.08914646996838778,0.0815595363540569,0.08177028451001053,0.07544783983140148,0.06533192834562697,0.06912539515279241,0.061327713382507906,0.05226554267650158,0.050158061116965226,0.039831401475237095,0.03371970495258166,0.028661749209694415,0.01981032665964173,0.00969441517386723,0.008008429926238146,0.8515871227729684,0.03489963213606461,0.0,0.0,0.0,0.0,0.0,0.0,0.0,0.0,0.0,0.0,0.0,0.0,0.0,0.0,0.0,0.0,0.0,0.0,0.0,0.0,0.006322444678609064,0.06322444678609064,0.41095890410958913,1.3593256059009442,6.385669125395155,12.727081138040045,6.75237091675448,1.8335089567966285,0.3540569020021076,0.10748155953635408,4.210032362459547,2.7910333192643786,4.56,2.9675579185586254,1.0831270658774694,4.205194805194806,2.7976286852890673,4.22031746031746,2.787790823752156,1.003596184201496,0.4375,0.01456,0.0,0.0,0.0,0.0,0.0,0.0,0.0,0.0,0.0,0.0,0.0,0.16438356164383539,11.089567966280297,18.164383561643838,0.5816649104320338,0.0,0.0,0.0,0.0,0.0,0.0,0.0,0.0,0.0,0.0,0.0,0.0,0.0,0.0,0.0,nan,nan,4.212841091492777,2.792669052254893,nan,0.4375,0.0821,0.0,0.0,0.0,0.0,0.0,0.0,0.0,0.0,0.0,0.0,0.0,0.0,0.0,0.0,0.0,0.0,0.0,0.0,0.0,0.0,1.053740779768177e-05,0.0015911485774499474,0.0,0.0,0.00036880927291886193,0.0,0.00321390937829294,0.0015068493150684932,0.010389884088514226,0.010874604847207587,0.023234984193888305,0.026164383561643835,0.03785036880927292,0.03390937829293994,0.028071654373024234,0.011959957850368809,0.038840885142255005,0.043466807165437306,0.04714436248682824,0.05264488935721812,0.024699683877766068,0.013898840885142255,0.01256059009483667,0.04601685985247629,0.010168598524762908,0.040042149631190724,0.05351949420442571,0.031022128556375133,0.051938883034773446,0.031222339304531086,0.08453108535300316,0.05726027397260274,0.019905163329820865,0.037407797681770286,0.054425711275026344,0.009230769230769232,0.009715489989462592,0.00559536354056902,0.0010432033719704953,0.014067439409905163,0.005426765015806112,0.012802950474183351,7.376185458377239e-05,0.0008219178082191781,0.00026343519494204424,0.0005057955742887249,6.322444678609062e-05,0.00045310853530031614,0.0,0.0,7.376185458377239e-05,0.0,0.0,0.0,0.0,0.0,0.0,0.0,0.0,0.0,0.0,0.0,0.0,0.0,0.0,0.0,0.0,0.0,0.0,0.0,0.0,0.0,0.0,0.0,0.0,0.0,0.0,0.0,0.0,0.0,0.0,nan,nan,4.212841091492777,2.792669052254893,nan,0.8522890986300268,0.03488886405080486,0.0,0.0,0.0,0.0,0.0,0.0,0.0,0.0,0.0,0.0,0.0,0.0,0.0,0.0,0.0,0.0,0.0,0.0,0.0,0.0,0.0,0.06234413965087283,0.374064837905237,1.1970074812967544,6.483790523690774,12.69326683291771,6.770573566084789,1.982543640897756,0.2992518703241896,0.13715710723192023,0.850865039014062,0.03489597466136037,0.0,0.0,0.0,0.0,0.0,0.0,0.0,0.0,0.0,0.0,0.0,0.0,0.0,0.0,0.0,0.0,0.0,0.0,0.0,0.0,0.01282599401453613,0.06412997007268065,0.4489097905087645,1.5262932877297943,6.284737067122704,12.761864044463449,6.733646857631468,1.6802052159042329,0.41043180846515614,0.07695596408721678,0.4373,0.01466,0.0,0.0,0.0,0.0,0.0,0.0,0.0,0.0,0.0,0.0,0.0,0.17456359102244362,11.334164588528681,17.867830423940152,0.6234413965087283,0.0,0.0,0.0,0.0,0.0,0.0,0.0,0.0,0.0,0.0,0.0,0.0,0.0,0.0,0.0,0.438,0.01445,0.0,0.0,0.0,0.0,0.0,0.0,0.0,0.0,0.0,0.0,0.0,0.1539119281744333,10.83796494228303,18.469431380932026,0.5386917486105174,0.0,0.0,0.0,0.0,0.0,0.0,0.0,0.0,0.0,0.0,0.0,0.0,0.0,0.0,0.0
97800,4780,2429,0.5081589958158996,1150,1004,0.4506276150627615,1374,0.5748953974895398,0.45599999999999996,2.9540621012335175,3.063835145080183,6.606811145510836,2.1217326113182846,6649.800000000002,1.8189894035458565e-12,6649.8,6649.8,6649.800000000002,1.8189894035458565e-12,6649.800000000002,1.8189894035458565e-12,27.613389121338912,20.819715989165296,32.73676286072773,19.013228335932446,0.14686192468619247,0.09686192468619247,0.09121338912133892,0.0887029288702929,0.0799163179916318,0.07928870292887029,0.0694560669456067,0.06192468619246862,0.05690376569037657,0.05083682008368201,0.04602510460251046,0.040585774058577405,0.03221757322175732,0.02489539748953975,0.016945606694560668,0.011087866108786612,0.006276150627615063,0.8544711376707923,0.0355752247161617,0.0,0.0,0.0,0.0,0.0,0.0,0.0,0.0,0.0,0.0,0.0,0.0,0.0,0.0,0.0,0.0,0.0,0.0,0.0,0.0,0.012552301255230129,0.06276150627615064,0.2573221757322176,1.3682008368200795,5.723849372384938,12.514644351464439,7.525104602510462,1.9016736401673644,0.44560669456066954,0.18828451882845193,4.314603070891866,2.8161593979332036,5.4,3.1790984046843636,1.251563564776255,4.419228253760628,2.8668140993117626,4.221719457013575,2.767545570531271,0.9553069483163764,0.4373,0.01456,0.0,0.0,0.0,0.0,0.0,0.0,0.0,0.0,0.0,0.0,0.0,0.21966527196652685,11.453974895397492,17.730125523012557,0.596234309623431,0.0,0.0,0.0,0.0,0.0,0.0,0.0,0.0,0.0,0.0,0.0,0.0,0.0,0.0,0.0,nan,nan,4.319895968790637,2.819056826954511,nan,0.4373,0.0828,0.0,0.0,0.0,0.0,0.0,0.0,0.0,0.0,0.0,0.0,0.0,0.0,0.0,0.0,0.0,0.0,0.0,0.0,0.0,0.0,0.0,0.0017468619246861926,0.0,1.0460251046025105e-05,0.0004707112970711297,1.0460251046025105e-05,0.003713389121338912,0.0023849372384937236,0.011328451882845189,0.009926778242677825,0.02448744769874477,0.024759414225941422,0.03799163179916318,0.03488493723849372,0.02948744769874477,0.013378661087866109,0.037405857740585774,0.04291841004184101,0.048075313807531384,0.05073221757322176,0.025271966527196654,0.012876569037656905,0.013274058577405858,0.04450836820083682,0.010219665271966527,0.040104602510460254,0.05401673640167364,0.032594142259414226,0.0506694560669456,0.031140167364016737,0.08112970711297071,0.055564853556485355,0.01975941422594142,0.03778242677824268,0.05592050209205021,0.009351464435146443,0.010167364016736402,0.005146443514644351,0.0007635983263598326,0.01391213389121339,0.006213389121338912,0.01362970711297071,3.1380753138075316e-05,0.00035564853556485355,0.0003765690376569038,0.0008263598326359833,0.00014644351464435147,0.0004811715481171548,0.0,0.0,5.230125523012552e-05,0.0,0.0,0.0,0.0,0.0,0.0,0.0,0.0,0.0,0.0,0.0,0.0,0.0,0.0,0.0,0.0,0.0,0.0,0.0,0.0,0.0,0.0,0.0,0.0,0.0,0.0,0.0,0.0,0.0,0.0,nan,nan,4.319895968790637,2.819056826954511,nan,0.8544284889314242,0.03518491055069385,0.0,0.0,0.0,0.0,0.0,0.0,0.0,0.0,0.0,0.0,0.0,0.0,0.0,0.0,0.0,0.0,0.0,0.0,0.0,0.0,0.012350761630300537,0.061753808151502686,0.22231370934540967,1.2721284479209511,5.891313297653356,12.721284479209555,7.34870317002882,1.8402634829147801,0.4322766570605188,0.1976121860848086,0.8545152013832232,0.035973987702009415,0.0,0.0,0.0,0.0,0.0,0.0,0.0,0.0,0.0,0.0,0.0,0.0,0.0,0.0,0.0,0.0,0.0,0.0,0.0,0.0,0.012760527435133989,0.06380263717566995,0.2934921310080817,1.4674606550404037,5.550829434283285,12.301148447469165,7.7073585708209285,1.9651212250106342,0.4593789876648236,0.17864738409187583,0.4373,0.01432,0.0,0.0,0.0,0.0,0.0,0.0,0.0,0.0,0.0,0.0,0.0,0.23466447097570983,11.436805269658299,17.822149032523676,0.506381226842322,0.0,0.0,0.0,0.0,0.0,0.0,0.0,0.0,0.0,0.0,0.0,0.0,0.0,0.0,0.0,0.4373,0.01479,0.0,0.0,0.0,0.0,0.0,0.0,0.0,0.0,0.0,0.0,0.0,0.20416843896214348,11.471714164185457,17.63504891535517,0.6890684814972354,0.0,0.0,0.0,0.0,0.0,0.0,0.0,0.0,0.0,0.0,0.0,0.0,0.0,0.0,0.0
97900,4837,2450,0.5065123010130246,1196,998,0.45358693405003103,1400,0.5788712011577424,0.44799999999999995,2.971093422706326,3.04628486269255,6.534226190476191,2.029255081780777,6649.800000000002,1.8189894035458565e-12,6649.8,6649.8,6649.800000000001,9.094947017729282e-13,6649.800000000001,9.094947017729282e-13,28.227827165598512,20.676310274985067,33.080862533692724,18.852574951433223,0.13644821170146784,0.09489352904692991,0.08972503617945007,0.08683068017366136,0.08434980359727104,0.07401281786231136,0.07297911928881538,0.06346909241265247,0.05664668182757908,0.05581972296878231,0.05168492867479843,0.03990076493694439,0.03555923092826132,0.026876162910895184,0.016539177175935497,0.009096547446764523,0.0051684928674798425,0.8538048883496865,0.03427900010096515,0.0,0.0,0.0,0.0,0.0,0.0,0.0,0.0,0.0,0.0,0.0,0.0,0.0,0.0,0.0,0.0,0.0,0.0,0.0,0.006202191440975813,0.03721314864585488,0.03721314864585488,0.20467231755220183,1.1536076080214974,5.892081868927022,12.84473847426091,7.622493280959274,1.6621873061815178,0.365929295017573,0.17366136034732277,4.333122229259025,2.835111629682522,4.647058823529412,2.1127394113021145,1.072450435889059,4.3982356647763075,2.7950711704809588,4.271410579345088,2.8666876373727765,0.97116455435826,0.4373,0.01484,0.0,0.0,0.0,0.0,0.0,0.0,0.0,0.0,0.0,0.0,0.0,0.19226793467024988,11.461649782923303,17.67004341534009,0.6760388670663636,0.0,0.0,0.0,0.0,0.0,0.0,0.0,0.0,0.0,0.0,0.0,0.0,0.0,0.0,0.0,nan,nan,4.334803149606299,2.831827225254194,nan,0.4373,0.0828,0.0,0.0,0.0,0.0,0.0,0.0,0.0,0.0,0.0,0.0,0.0,0.0,0.0,0.0,0.0,0.0,0.0,0.0,0.0,0.0,0.0,0.0018296464750878643,0.0,4.134794293983874e-05,0.00046516435807318586,5.168492867479843e-05,0.004083109365309076,0.0021604300186065743,0.01119495555096134,0.010140583005995452,0.024415960305974777,0.025501343808145546,0.035083729584453174,0.03423609675418648,0.02965681207359934,0.014699193715112673,0.037078767831300395,0.0433843291296258,0.047550134380814554,0.053225139549307424,0.026524705395906553,0.012104610295637792,0.011970229481083316,0.04453173454620633,0.01057473640686376,0.04227827165598511,0.054889394252635934,0.03244779822203846,0.05079594790159189,0.030649162704155467,0.07663841223899111,0.05447591482323754,0.019102749638205498,0.04011784163737854,0.05713252015712218,0.008507339259871821,0.009489352904692992,0.005571635311143271,0.0006615670870374199,0.01379987595617118,0.006264213355385569,0.014275377299979327,0.00019640272896423404,0.0004134794293983874,0.00022741368616911308,0.0008372958445317345,0.00022741368616911308,0.00045482737233822616,0.0,0.0,4.134794293983874e-05,0.0,0.0,0.0,0.0,0.0,0.0,0.0,0.0,0.0,0.0,0.0,0.0,0.0,0.0,0.0,0.0,0.0,0.0,0.0,0.0,0.0,0.0,0.0,0.0,0.0,0.0,0.0,0.0,0.0,0.0,nan,nan,4.334803149606299,2.831827225254194,nan,0.8539670889474907,0.03506300393271643,0.0,0.0,0.0,0.0,0.0,0.0,0.0,0.0,0.0,0.0,0.0,0.0,0.0,0.0,0.0,0.0,0.0,0.0,0.0,0.012244897959183676,0.06122448979591838,0.048979591836734705,0.2081632653061225,1.1020408163265272,5.8408163265306134,12.72244897959184,7.6897959183673485,1.7510204081632657,0.3551020408163266,0.2081632653061225,0.8536384067976879,0.03345438527442935,0.0,0.0,0.0,0.0,0.0,0.0,0.0,0.0,0.0,0.0,0.0,0.0,0.0,0.0,0.0,0.0,0.0,0.0,0.0,0.0,0.01256807708420612,0.02513615416841224,0.20108923334729792,1.2065354000837833,5.944700460829495,12.970255550900715,7.553414327607878,1.571009635525765,0.3770423125261836,0.1382488479262673,0.4373,0.01507,0.0,0.0,0.0,0.0,0.0,0.0,0.0,0.0,0.0,0.0,0.0,0.15918367346938753,11.730612244897962,17.36326530612245,0.7469387755102043,0.0,0.0,0.0,0.0,0.0,0.0,0.0,0.0,0.0,0.0,0.0,0.0,0.0,0.0,0.0,0.4373,0.0146,0.0,0.0,0.0,0.0,0.0,0.0,0.0,0.0,0.0,0.0,0.0,0.22622538751570975,11.185588604943447,17.984918307498955,0.6032677000418937,0.0,0.0,0.0,0.0,0.0,0.0,0.0,0.0,0.0,0.0,0.0,0.0,0.0,0.0,0.0
98000,4918,2578,0.5241968279788531,1213,983,0.4465229768198455,1386,0.5636437576250508,0.42399999999999993,2.940598290598291,2.9714268323191364,6.345029239766082,2.008961319672521,6649.800000000001,9.094947017729282e-13,6649.8,6649.8,6649.800000000002,1.8189894035458565e-12,6649.800000000002,1.8189894035458565e-12,27.879015860105735,20.66976845212175,32.62415784408085,18.965300202705535,0.1360309068727125,0.10492069947132981,0.09170394469296463,0.0845872305815372,0.08316388775925172,0.0727938186254575,0.0711671411142741,0.06283041886945913,0.056323708824725496,0.05774705164701098,0.049816998779991864,0.037210248068320455,0.03639690931272875,0.02338348922326149,0.016876779178527857,0.008743391622610817,0.0063033753558357055,0.8530836590134355,0.03319605459567583,0.0,0.0,0.0,0.0,0.0,0.0,0.0,0.0,0.0,0.0,0.0,0.0,0.0,0.0,0.0,0.0,0.0,0.0,0.0,0.006100040666937781,0.006100040666937781,0.042700284668564466,0.17690117934119565,1.299308662057743,5.898739324928834,13.182187881252545,7.320048800325337,1.616510776738512,0.36600244001626686,0.08540056933712893,4.145668041891463,2.7521168892096495,4.5,3.122498999199199,1.085470412615785,4.131012658227848,2.7249294938906607,4.1629816803537585,2.7820322705366793,1.0077387858064866,0.437,0.01445,0.0,0.0,0.0,0.0,0.0,0.0,0.0,0.0,0.0,0.0,0.0,0.18910126067507088,11.724278161854416,17.543716958113055,0.5429036193574625,0.0,0.0,0.0,0.0,0.0,0.0,0.0,0.0,0.0,0.0,0.0,0.0,0.0,0.0,0.0,nan,nan,4.147012330066393,2.75370237745432,nan,0.437,0.08356,0.0,0.0,0.0,0.0,0.0,0.0,0.0,0.0,0.0,0.0,0.0,0.0,0.0,0.0,0.0,0.0,0.0,0.0,0.0,0.0,0.0,0.0017588450589670597,0.0,5.0833672224481496e-05,0.0003965026433509557,0.00011183407889385929,0.004219194794631964,0.002714518096787312,0.012006913379422529,0.011285075233834893,0.02559983733224888,0.026362342415616104,0.03413989426596177,0.034871899145994305,0.028121187474583163,0.01467059780398536,0.03563440422936153,0.04711264741764945,0.0461569743798292,0.05033550223668158,0.025477836518910127,0.012230581537210248,0.012494916632777553,0.04475396502643351,0.0098922326148841,0.04435746238308255,0.05418869459129728,0.031943879625864174,0.05098617324115494,0.03033753558357056,0.07150264335095567,0.05642537616917446,0.020485969906466044,0.04026026840178935,0.05593737291581944,0.008479056527043513,0.010349735664904432,0.005052867019113461,0.0005185034566897112,0.014294428629524196,0.006333875559170394,0.015677104514030094,0.00035583570557137046,0.0003863359089060594,6.10004066693778e-05,0.0010166734444896298,0.0002745018300122001,0.0003660024400162668,0.0,0.0,1.0166734444896299e-05,0.0,0.0,0.0,0.0,0.0,0.0,0.0,0.0,0.0,0.0,0.0,0.0,0.0,0.0,0.0,0.0,0.0,0.0,0.0,0.0,0.0,0.0,0.0,0.0,0.0,0.0,0.0,0.0,0.0,0.0,nan,nan,4.147012330066393,2.75370237745432,nan,0.8532106666901575,0.033651496876449194,0.0,0.0,0.0,0.0,0.0,0.0,0.0,0.0,0.0,0.0,0.0,0.0,0.0,0.0,0.0,0.0,0.0,0.0,0.0,0.011636927851047326,0.011636927851047326,0.05818463925523663,0.1396431342125679,1.3266097750193908,6.016291698991468,12.858805275407295,7.412723041117147,1.675717610550815,0.38401861908456175,0.10473235065942593,0.8529437334619017,0.03268637216675338,0.0,0.0,0.0,0.0,0.0,0.0,0.0,0.0,0.0,0.0,0.0,0.0,0.0,0.0,0.0,0.0,0.0,0.0,0.0,0.0,0.0,0.025641025641025647,0.217948717948718,1.2692307692307654,5.769230769230771,13.538461538461542,7.21794871794872,1.5512820512820518,0.34615384615384626,0.06410256410256411,0.437,0.0147,0.0,0.0,0.0,0.0,0.0,0.0,0.0,0.0,0.0,0.0,0.0,0.25601241272304076,11.741660201706752,17.47866563227308,0.5236617532971296,0.0,0.0,0.0,0.0,0.0,0.0,0.0,0.0,0.0,0.0,0.0,0.0,0.0,0.0,0.0,0.437,0.01417,0.0,0.0,0.0,0.0,0.0,0.0,0.0,0.0,0.0,0.0,0.0,0.11538461538461521,11.705128205128208,17.615384615384617,0.5641025641025642,0.0,0.0,0.0,0.0,0.0,0.0,0.0,0.0,0.0,0.0,0.0,0.0,0.0,0.0,0.0
98100,4607,2321,0.5037985673974387,1068,930,0.4336878662904276,1286,0.5582808769264164,0.48,3.0166229221347334,3.133607538747258,6.694099378881988,2.0295708239069343,6649.800000000001,9.094947017729282e-13,6649.8,6649.8,6649.800000000002,1.8189894035458565e-12,6649.800000000002,1.8189894035458565e-12,27.705882352941178,21.0595529144786,32.637163561076605,19.426277422102622,0.14108964619057957,0.10549164315172563,0.0955068374213154,0.08639027566746256,0.08335142174951161,0.07423485999565878,0.06468417625352724,0.060994139353158235,0.05491643151725635,0.054048187540698935,0.0477534187106577,0.035380942044714564,0.033210332103321034,0.023659648361189493,0.017364879531148254,0.01367484263077925,0.00824831777729542,0.8518824435144643,0.03408725519143464,0.0,0.0,0.0,0.0,0.0,0.0,0.0,0.0,0.0,0.0,0.0,0.0,0.0,0.0,0.0,0.0,0.0,0.0,0.0,0.006511829824180596,0.006511829824180596,0.03907097894508357,0.2995441719123074,1.3088777946602954,6.453223355762971,12.763186455393969,6.954634252224877,1.7191230735836773,0.3451269806815716,0.10418927718688954,4.393212204319506,2.8270926883964895,3.769230769230769,3.042110758966952,0.8579669257780845,4.29790115098172,2.803050313249965,4.484159779614325,2.8517835117012247,1.0433371131837363,0.4365,0.01441,0.0,0.0,0.0,0.0,0.0,0.0,0.0,0.0,0.0,0.0,0.0,0.17581940525287582,11.877577599305408,17.341002821792927,0.6056001736487954,0.0,0.0,0.0,0.0,0.0,0.0,0.0,0.0,0.0,0.0,0.0,0.0,0.0,0.0,0.0,nan,nan,4.390443686006826,2.828386847319781,nan,0.4365,0.0836,0.0,0.0,0.0,0.0,0.0,0.0,0.0,0.0,0.0,0.0,0.0,0.0,0.0,0.0,0.0,0.0,0.0,0.0,0.0,0.0,8.682439765574127e-05,0.0008790970262643803,4.3412198827870635e-05,0.00018450184501845018,0.0005860646841762535,0.0001519426958975472,0.004666811373996093,0.002897764271760365,0.012155415671803777,0.010809637508139788,0.024484480138919035,0.027816366398958108,0.0339266333839809,0.03424137182548296,0.02817451703928804,0.015606685478619492,0.03569568048621663,0.047145647927067505,0.04930540481875407,0.053179943564141526,0.025732580855220316,0.01269806815715216,0.014206642066420664,0.04321684393314521,0.008324289125244194,0.04263077924896896,0.05126980681571522,0.031148252658997178,0.05189928369871934,0.030659865422183633,0.07031690905144346,0.05453657477751248,0.020121554156718038,0.04031907966138485,0.05578467549381376,0.008313436075537226,0.011645322335576297,0.0057195571955719554,0.0003472975906229651,0.01451052745821576,0.006045148686780986,0.01621445626220968,0.0005100933362274799,0.0003147384415020621,1.0853049706967659e-05,0.0005535055350553505,0.0005317994356414152,0.000379856739743868,0.0,0.0,0.0,0.0,0.0,0.0,0.0,0.0,0.0,0.0,0.0,0.0,0.0,0.0,0.0,0.0,0.0,0.0,0.0,0.0,0.0,0.0,0.0,0.0,0.0,0.0,0.0,0.0,0.0,0.0,0.0,0.0,0.0,nan,nan,4.390443686006826,2.828386847319781,nan,0.8511199810699058,0.03343761319892092,0.0,0.0,0.0,0.0,0.0,0.0,0.0,0.0,0.0,0.0,0.0,0.0,0.0,0.0,0.0,0.0,0.0,0.0,0.0,0.0,0.01292546316242999,0.05170185264971996,0.3231365790607497,1.189142610943555,6.630762602326585,12.86083584661784,6.940973718224905,1.6286083584661788,0.29728565273588975,0.06462731581214995,0.8526565797059867,0.03471728746959783,0.0,0.0,0.0,0.0,0.0,0.0,0.0,0.0,0.0,0.0,0.0,0.0,0.0,0.0,0.0,0.0,0.0,0.0,0.0,0.013123359580052497,0.0,0.026246719160104993,0.27559055118110243,1.4304461942257174,6.272965879265094,12.66404199475066,6.968503937007876,1.8110236220472444,0.3937007874015749,0.14435695538057744,0.4365,0.01433,0.0,0.0,0.0,0.0,0.0,0.0,0.0,0.0,0.0,0.0,0.0,0.19388194743644954,11.762171477811291,17.488151658767777,0.5557949159844895,0.0,0.0,0.0,0.0,0.0,0.0,0.0,0.0,0.0,0.0,0.0,0.0,0.0,0.0,0.0,0.4368,0.01449,0.0,0.0,0.0,0.0,0.0,0.0,0.0,0.0,0.0,0.0,0.0,0.1574803149606297,11.994750656167982,17.19160104986877,0.6561679790026248,0.0,0.0,0.0,0.0,0.0,0.0,0.0,0.0,0.0,0.0,0.0,0.0,0.0,0.0,0.0
98200,4936,2531,0.5127633711507293,1206,1026,0.4521880064829822,1409,0.5709076175040518,0.44399999999999995,2.9347193347193348,3.035805108223309,6.498525073746313,2.0174381828553494,6649.800000000001,9.094947017729282e-13,6649.8,6649.8,6649.800000000002,1.8189894035458565e-12,6649.800000000002,1.8189894035458565e-12,27.80064829821718,20.865053400086506,33.0744447156456,18.979391559509473,0.14708265802269044,0.09542139384116693,0.08974878444084279,0.09116693679092383,0.08346839546191248,0.07050243111831442,0.0692868719611021,0.058752025931928686,0.0609805510534846,0.050445705024311185,0.04943273905996758,0.043354943273905995,0.032212317666126415,0.023298217179902755,0.017423014586709886,0.01094003241491086,0.006482982171799027,0.8493761247208091,0.034344540997032304,0.0,0.0,0.0,0.0,0.0,0.0,0.0,0.0,0.0,0.0,0.0,0.0,0.0,0.0,0.0,0.0,0.0,0.0,0.0060777957860615895,0.012155591572123179,0.018233387358184767,0.030388978930307946,0.26134521880064837,1.5923824959481312,6.9773095623987045,12.8484602917342,6.333063209076177,1.4708265802269047,0.38897893030794173,0.06077795786061589,4.284087314141095,2.84653836026782,3.5,2.179449471770337,0.8169768128784521,4.344437460716531,2.849597573397443,4.215636822194199,2.8371357649143008,0.9703527465438324,0.437,0.014885,0.0,0.0,0.0,0.0,0.0,0.0,0.0,0.0,0.0,0.0,0.0,0.2735008103727711,11.438411669367913,17.619529983792546,0.6685575364667748,0.0,0.0,0.0,0.0,0.0,0.0,0.0,0.0,0.0,0.0,0.0,0.0,0.0,0.0,0.0,nan,nan,4.280138495435946,2.8441125146392516,nan,0.437,0.0834,0.0,0.0,0.0,0.0,0.0,0.0,0.0,0.0,0.0,0.0,0.0,0.0,0.0,0.0,0.0,0.0,0.0,0.0,0.0,0.0,2.025931928687196e-05,0.0008812803889789304,0.0,0.0002532414910858995,0.0005976499189627229,9.116693679092382e-05,0.003991085899513776,0.002674230145867099,0.011537682333873582,0.011284440842787683,0.02538492706645057,0.02923419773095624,0.0325162074554295,0.03360008103727715,0.0271677471636953,0.015508508914100487,0.03407617504051864,0.04621150729335494,0.04926053484602917,0.056624797406807134,0.024706239870340357,0.013766207455429497,0.015488249594813614,0.042382495948136145,0.010160048622366288,0.04212925445705024,0.048075364667747165,0.030206645056726093,0.052988249594813616,0.029750810372771476,0.07180915721231766,0.05775931928687196,0.020309967585089142,0.03848257698541329,0.05705024311183144,0.008407617504051864,0.011699756888168558,0.004700162074554295,0.00042544570502431117,0.015062803889789303,0.005733387358184765,0.01573136142625608,0.0007293354943273906,0.00021272285251215558,0.0,0.00023298217179902755,0.0003545380875202593,0.0007293354943273906,0.0,0.0,0.0,0.0,0.0,0.0,0.0,0.0,0.0,0.0,0.0,0.0,0.0,0.0,0.0,0.0,0.0,0.0,0.0,0.0,0.0,0.0,0.0,0.0,0.0,0.0,0.0,0.0,0.0,0.0,0.0,0.0,0.0,nan,nan,4.280138495435946,2.8441125146392516,nan,0.8489300383969476,0.03318351062478648,0.0,0.0,0.0,0.0,0.0,0.0,0.0,0.0,0.0,0.0,0.0,0.0,0.0,0.0,0.0,0.0,0.0,0.0,0.0,0.0,0.011853022520742792,0.023706045041485584,0.24891347293559862,1.576451995258786,7.064401422362704,13.145001975503757,6.0924535756617955,1.4697747925721063,0.3081785855393126,0.059265112603713956,0.8498455818874177,0.03551939414734476,0.0,0.0,0.0,0.0,0.0,0.0,0.0,0.0,0.0,0.0,0.0,0.0,0.0,0.0,0.0,0.0,0.0,0.0,0.012474012474012476,0.024948024948024953,0.024948024948024953,0.03742203742203743,0.2744282744282745,1.6091476091476042,6.885654885654887,12.53638253638254,6.5862785862785875,1.4719334719334722,0.4740124740124741,0.06237006237006238,0.4368,0.014946,0.0,0.0,0.0,0.0,0.0,0.0,0.0,0.0,0.0,0.0,0.0,0.28447254049782655,11.580403002765708,17.44764915053339,0.687475306203082,0.0,0.0,0.0,0.0,0.0,0.0,0.0,0.0,0.0,0.0,0.0,0.0,0.0,0.0,0.0,0.437,0.01482,0.0,0.0,0.0,0.0,0.0,0.0,0.0,0.0,0.0,0.0,0.0,0.2619542619542616,11.288981288981292,17.800415800415802,0.6486486486486488,0.0,0.0,0.0,0.0,0.0,0.0,0.0,0.0,0.0,0.0,0.0,0.0,0.0,0.0,0.0
98300,4773,2461,0.5156086318877017,1146,989,0.44730777288916823,1351,0.5661009847056359,0.476,3.0164359861591694,3.1053709076817104,6.644478063540091,2.102319281524664,6649.800000000001,9.094947017729282e-13,6649.8,6649.8,6649.800000000001,9.094947017729282e-13,6649.800000000001,9.094947017729282e-13,27.77226063272575,20.86429895138643,32.74318579644911,19.145964455779545,0.13974439555834905,0.11020322648229625,0.08589985334171381,0.08401424680494447,0.08464278231720092,0.07563377330819192,0.06473915776241358,0.06536769327467001,0.06243452755080662,0.05070186465535303,0.04169285564634402,0.0400167609469935,0.03352189398701027,0.027236538864445842,0.016341923318667503,0.011104127383197151,0.006704378797402053,0.8480687486458544,0.032850905992588234,0.0,0.0,0.0,0.0,0.0,0.0,0.0,0.0,0.0,0.0,0.0,0.0,0.0,0.0,0.0,0.0,0.0,0.0,0.0,0.0,0.0,0.05656819610307984,0.3142677561282213,1.470773098680071,7.536140791954747,12.683846637335012,6.316781898177249,1.282212445003143,0.29541169076052803,0.043997485857950984,4.328099443899248,2.8539819617855455,3.7,2.570992026436488,0.8548786939762678,4.26215505913272,2.853911271846579,4.390544041450777,2.851631423686757,1.0301230200536586,0.4373,0.01469,0.0,0.0,0.0,0.0,0.0,0.0,0.0,0.0,0.0,0.0,0.0,0.1571338780641104,11.489629164047772,17.80641106222502,0.546825895663105,0.0,0.0,0.0,0.0,0.0,0.0,0.0,0.0,0.0,0.0,0.0,0.0,0.0,0.0,0.0,nan,nan,4.32605151613955,2.8533295570419406,nan,0.4373,0.0834,0.0,0.0,0.0,0.0,0.0,0.0,0.0,0.0,0.0,0.0,0.0,0.0,0.0,0.0,0.0,0.0,0.0,1.0475591870940709e-05,0.0,0.0,0.0,0.0005552063691598576,0.0,0.0003666457154829248,0.0006285355122564425,0.0003666457154829248,0.0036455059710873666,0.0028598365807668133,0.011135554158809973,0.01196312591661429,0.024806201550387597,0.029059291849989524,0.03092394720301697,0.033375235700817095,0.02695369788393044,0.016645715482924785,0.03413995390739577,0.04645924994762204,0.050041902367483765,0.05549968573224387,0.026712759270898806,0.01536769327467002,0.01640477686989315,0.04139953907395768,0.010318457992876598,0.040173894825057614,0.04659543264194427,0.028493609888958726,0.05339409176618479,0.025832809553739785,0.07251204693065158,0.06038131154410224,0.02190446260213702,0.038927299392415675,0.05811858369997905,0.008506180599203855,0.011523151058034779,0.004043578462183114,0.0006704378797402053,0.01626859417557092,0.005153991200502828,0.016080033521893987,0.0008380473496752566,7.332914309658496e-05,0.0,2.0951183741881417e-05,0.0004085480829666876,0.0004399748585795097,0.0,0.0,0.0,0.0,0.0,0.0,0.0,0.0,0.0,0.0,0.0,0.0,0.0,0.0,0.0,0.0,0.0,0.0,0.0,0.0,0.0,0.0,0.0,0.0,0.0,0.0,0.0,0.0,0.0,0.0,0.0,0.0,0.0,nan,nan,4.32605151613955,2.8533295570419406,nan,0.8484737539330134,0.03268209623253325,0.0,0.0,0.0,0.0,0.0,0.0,0.0,0.0,0.0,0.0,0.0,0.0,0.0,0.0,0.0,0.0,0.0,0.0,0.0,0.0,0.0,0.08533116619260465,0.28037383177570097,1.2555871596911785,7.557903291344983,12.885006095083302,6.241365298659083,1.401869158878505,0.2316131653799269,0.0609508329947176,0.8476376422394106,0.03302419002570329,0.0,0.0,0.0,0.0,0.0,0.0,0.0,0.0,0.0,0.0,0.0,0.0,0.0,0.0,0.0,0.0,0.0,0.0,0.0,0.0,0.0,0.02595155709342561,0.35034602076124577,1.6998269896193718,7.512975778546714,12.469723183391007,6.397058823529413,1.1548442906574397,0.36332179930795855,0.02595155709342561,0.4373,0.014656,0.0,0.0,0.0,0.0,0.0,0.0,0.0,0.0,0.0,0.0,0.0,0.170662332385209,11.495327102803742,17.809833401056483,0.5241771637545714,0.0,0.0,0.0,0.0,0.0,0.0,0.0,0.0,0.0,0.0,0.0,0.0,0.0,0.0,0.0,0.4373,0.014725,0.0,0.0,0.0,0.0,0.0,0.0,0.0,0.0,0.0,0.0,0.0,0.14273356401384063,11.483564013840834,17.80276816608997,0.5709342560553634,0.0,0.0,0.0,0.0,0.0,0.0,0.0,0.0,0.0,0.0,0.0,0.0,0.0,0.0,0.0
98400,4874,2469,0.506565449322938,1163,1016,0.44706606483381206,1413,0.5798112433319655,0.45599999999999996,3.06985446985447,3.156504319883076,6.724890829694323,2.130052642607644,6649.800000000002,1.8189894035458565e-12,6649.8,6649.8,6649.800000000001,9.094947017729282e-13,6649.800000000002,1.8189894035458565e-12,27.91998358637669,20.730953277634978,32.82357247437775,18.9608741719704,0.1378744357816988,0.09848173984407058,0.09314731226918342,0.08740254411161263,0.07796471070988921,0.07673368896183833,0.06934755847353304,0.07160443167829299,0.059909725071809604,0.050266721378744356,0.04329093147312269,0.04329093147312269,0.030775543701272057,0.025851456709068528,0.01764464505539598,0.009848173984407058,0.006565449322938038,0.8491903590554334,0.03469171672157048,0.0,0.0,0.0,0.0,0.0,0.0,0.0,0.0,0.0,0.0,0.0,0.0,0.0,0.0,0.0,0.0,0.0,0.0,0.0,0.0,0.006155108740254413,0.09232663110381618,0.3569963069347559,1.4402954452195278,6.801395157981126,13.442757488715637,5.945835043085762,1.3541239228559707,0.41239228559704566,0.14772260976610588,4.387468030690537,2.8650591926462377,4.619047619047619,2.6987861552961436,1.0527820571539601,4.365960099750623,2.8929553077040544,4.41294498381877,2.8335188707944012,1.010761638447138,0.4373,0.01513,0.0,0.0,0.0,0.0,0.0,0.0,0.0,0.0,0.0,0.0,0.0,0.20311858842839525,11.534673779236769,17.48050882232253,0.7816988100123105,0.0,0.0,0.0,0.0,0.0,0.0,0.0,0.0,0.0,0.0,0.0,0.0,0.0,0.0,0.0,nan,nan,4.38901238488409,2.864044347585062,nan,0.4373,0.08276,0.0,0.0,0.0,0.0,0.0,0.0,0.0,0.0,0.0,0.0,0.0,0.0,0.0,0.0,0.0,0.0,0.0,0.0,0.0,0.0,0.0,0.0006873204759950759,0.0,0.0003795650389823554,0.0006052523594583505,0.00016413623307345098,0.003580221583914649,0.002708247845711941,0.009673779236766517,0.010402133771029954,0.02454862535904801,0.030929421419778415,0.028682806729585557,0.031791136643414035,0.02649774312679524,0.017162494870742718,0.03737176856791136,0.047722609766105865,0.05210299548625359,0.05329298317603611,0.02813910545752975,0.016034058268362742,0.017172753385309807,0.04183422240459581,0.010576528518670497,0.03936192039392696,0.048912597455888385,0.02707221994255232,0.05207221994255232,0.025533442757488714,0.07108124743537136,0.0635412392285597,0.019963069347558475,0.04002872384078785,0.05743742306114075,0.00852482560525236,0.010237997537956504,0.004400902749281904,0.0013130898645876078,0.014782519491177678,0.0053036520311858844,0.016721378744357817,0.0008617152236356176,5.1292572835453425e-05,0.0,4.1034058268362744e-05,0.0004924086992203529,0.0002051702913418137,0.0,0.0,0.0,0.0,0.0,0.0,0.0,0.0,0.0,0.0,0.0,0.0,0.0,0.0,0.0,0.0,0.0,0.0,0.0,0.0,0.0,0.0,0.0,0.0,0.0,0.0,0.0,0.0,0.0,0.0,0.0,0.0,0.0,nan,nan,4.38901238488409,2.864044347585062,nan,0.8495796442080142,0.034483851516029,0.0,0.0,0.0,0.0,0.0,0.0,0.0,0.0,0.0,0.0,0.0,0.0,0.0,0.0,0.0,0.0,0.0,0.0,0.0,0.0,0.0,0.08505467800729043,0.3037667071688943,1.409477521263665,6.889428918590524,13.462940461725397,5.868772782503039,1.397326852976914,0.41312272174969633,0.17010935601458085,0.8487907145474408,0.03489930886674001,0.0,0.0,0.0,0.0,0.0,0.0,0.0,0.0,0.0,0.0,0.0,0.0,0.0,0.0,0.0,0.0,0.0,0.0,0.0,0.0,0.012474012474012476,0.09979209979209981,0.4116424116424117,1.4719334719334674,6.7110187110187125,13.422037422037425,6.024948024948026,1.3097713097713102,0.4116424116424117,0.12474012474012476,0.4375,0.01541,0.0,0.0,0.0,0.0,0.0,0.0,0.0,0.0,0.0,0.0,0.0,0.2551640340218708,11.518833535844474,17.351154313487246,0.8748481166464157,0.0,0.0,0.0,0.0,0.0,0.0,0.0,0.0,0.0,0.0,0.0,0.0,0.0,0.0,0.0,0.4373,0.01484,0.0,0.0,0.0,0.0,0.0,0.0,0.0,0.0,0.0,0.0,0.0,0.14968814968814947,11.550935550935554,17.613305613305617,0.6860706860706862,0.0,0.0,0.0,0.0,0.0,0.0,0.0,0.0,0.0,0.0,0.0,0.0,0.0,0.0,0.0
98500,4923,2484,0.5045703839122486,1150,1021,0.44099126548852324,1381,0.5610400162502539,0.46399999999999997,2.960229602296023,3.113352736349661,6.741984732824427,2.063642159289971,6649.800000000001,9.094947017729282e-13,6649.8,6649.8,6649.800000000001,9.094947017729282e-13,6649.800000000001,9.094947017729282e-13,27.235019297176517,20.709677299168696,32.468481726759876,18.917265616654518,0.1519398740605322,0.09750152346130408,0.09628275441803778,0.08470444850700792,0.08328255128986391,0.07150111720495633,0.07150111720495633,0.06398537477148081,0.05646963233800528,0.05362583790371724,0.04550071094860857,0.035141174080845015,0.028844200690635792,0.025594149908592323,0.01868779199674995,0.008734511476741823,0.006703229737964655,0.8491471404107198,0.0354687487290677,0.0,0.0,0.0,0.0,0.0,0.0,0.0,0.0,0.0,0.0,0.0,0.0,0.0,0.0,0.0,0.0,0.0,0.0,0.0,0.0,0.0,0.03046922608165753,0.3412553321145644,1.791590493601457,6.8982327848872655,12.931139549055457,6.002437538086534,1.4442413162705672,0.3778184034125534,0.1828153564899452,4.4591439688715955,2.8844956613796633,3.9166666666666665,3.3530665897884515,0.8783449680046538,4.406410256410257,2.903836531370257,4.510097719869707,2.868405166450493,1.0235310507705473,0.4373,0.014694,0.0,0.0,0.0,0.0,0.0,0.0,0.0,0.0,0.0,0.0,0.0,0.20719073735527088,11.468616697135896,17.745277269957345,0.5789152955514931,0.0,0.0,0.0,0.0,0.0,0.0,0.0,0.0,0.0,0.0,0.0,0.0,0.0,0.0,0.0,nan,nan,4.457041343669251,2.886655482880434,nan,0.4373,0.08276,0.0,0.0,0.0,0.0,0.0,0.0,0.0,0.0,0.0,0.0,0.0,0.0,0.0,0.0,0.0,0.0,0.0,0.0,0.0,0.0,0.0,0.0005484460694698354,0.0,0.00025391021734714607,0.0005281332520820637,7.10948608572009e-05,0.003544586634166159,0.0034531789559211863,0.011314239284988828,0.010623603493804592,0.024517570587040422,0.03143408490757668,0.029473898029656713,0.031159861872841765,0.025776965265082268,0.015651025797278083,0.03827950436725574,0.04841560024375381,0.0523664432256754,0.05235628681698151,0.026569165143205363,0.013690838919358114,0.016717448710136095,0.03978265285395084,0.010826731667682308,0.04139752183627869,0.05036563071297989,0.02764574446475726,0.052214097095267115,0.024151939874060533,0.07242535039609994,0.06386349786715417,0.021633150517976842,0.039955311801746905,0.05915092423319114,0.008470444850700792,0.010715011172049564,0.0031180174690229536,0.001472679260613447,0.013589274832419257,0.0043977249644525694,0.01639244363193175,0.0008023562868169816,1.0156408693885841e-05,1.0156408693885841e-05,0.0,0.0006703229737964656,0.000192971765183831,0.0,0.0,0.0,0.0,0.0,0.0,0.0,0.0,0.0,0.0,0.0,0.0,0.0,0.0,0.0,0.0,0.0,0.0,0.0,0.0,0.0,0.0,0.0,0.0,0.0,0.0,0.0,0.0,0.0,0.0,0.0,0.0,0.0,nan,nan,4.457041343669251,2.886655482880434,nan,0.8488312916239295,0.03511917250906979,0.0,0.0,0.0,0.0,0.0,0.0,0.0,0.0,0.0,0.0,0.0,0.0,0.0,0.0,0.0,0.0,0.0,0.0,0.0,0.0,0.0,0.03623188405797102,0.4106280193236716,1.7512077294685935,6.606280193236716,13.309178743961356,6.086956521739132,1.304347826086957,0.3381642512077296,0.15700483091787445,0.8494688166659012,0.035818405779250634,0.0,0.0,0.0,0.0,0.0,0.0,0.0,0.0,0.0,0.0,0.0,0.0,0.0,0.0,0.0,0.0,0.0,0.0,0.0,0.0,0.0,0.02460024600246003,0.2706027060270603,1.8327183271832663,7.195571955719559,12.546125461254615,5.916359163591637,1.5867158671586719,0.4182041820418205,0.20910209102091026,0.4375,0.01476,0.0,0.0,0.0,0.0,0.0,0.0,0.0,0.0,0.0,0.0,0.0,0.19323671497584513,11.099033816425123,18.15217391304348,0.5555555555555557,0.0,0.0,0.0,0.0,0.0,0.0,0.0,0.0,0.0,0.0,0.0,0.0,0.0,0.0,0.0,0.4368,0.014626,0.0,0.0,0.0,0.0,0.0,0.0,0.0,0.0,0.0,0.0,0.0,0.2214022140221399,11.845018450184504,17.33087330873309,0.6027060270602707,0.0,0.0,0.0,0.0,0.0,0.0,0.0,0.0,0.0,0.0,0.0,0.0,0.0,0.0,0.0
98600,4664,2387,0.5117924528301887,1115,959,0.4446826758147513,1358,0.5823327615780446,0.44399999999999995,3.002635046113307,2.971537074011307,6.287749287749287,1.9560246052214392,6649.800000000001,9.094947017729282e-13,6649.8,6649.8,6649.800000000001,9.094947017729282e-13,6649.800000000001,9.094947017729282e-13,28.665951972555746,21.023814159890144,33.41651932306138,19.257459589597453,0.133147512864494,0.09605488850771869,0.08704974271012007,0.09026586620926244,0.08061749571183534,0.07697255574614065,0.06882504288164666,0.05939108061749571,0.06325042881646656,0.05253001715265866,0.048027444253859346,0.041380789022298456,0.03816466552315609,0.02851629502572899,0.016080617495711835,0.012864493996569469,0.00686106346483705,0.849429357023734,0.03418191723412023,0.0,0.0,0.0,0.0,0.0,0.0,0.0,0.0,0.0,0.0,0.0,0.0,0.0,0.0,0.0,0.0,0.0,0.0,0.0,0.0,0.0,0.045025728987993154,0.315180102915952,1.5115780445969078,7.281303602058321,12.420668953687825,6.43867924528302,1.4987135506003435,0.3730703259005147,0.11578044596912523,4.207664592204389,2.7070252677753484,3.1666666666666665,2.0069324297987157,0.7525948414551871,4.275114904793171,2.7025591401549818,4.129198966408269,2.704690180177442,0.9658685341483325,0.437,0.01415,0.0,0.0,0.0,0.0,0.0,0.0,0.0,0.0,0.0,0.0,0.0,0.1543739279588334,11.745283018867928,17.624356775300175,0.4759862778730704,0.0,0.0,0.0,0.0,0.0,0.0,0.0,0.0,0.0,0.0,0.0,0.0,0.0,0.0,0.0,nan,nan,4.201563008791925,2.7046176908482944,nan,0.437,0.0826,0.0,0.0,0.0,0.0,0.0,0.0,0.0,0.0,0.0,0.0,0.0,0.0,0.0,0.0,0.0,0.0,0.0,0.0,0.0,0.0,2.144082332761578e-05,0.0006539451114922813,5.360205831903945e-05,0.0002251286449399657,0.00036449399656946825,8.576329331046312e-05,0.0032697255574614067,0.003291166380789022,0.011374356775300172,0.010999142367066896,0.02479631217838765,0.03191466552315609,0.02774442538593482,0.034337478559176675,0.025117924528301888,0.015265866209262435,0.03598842195540309,0.04786663807890223,0.05246569468267581,0.05447041166380789,0.02591123499142367,0.012875214408233276,0.017281303602058318,0.038143224699828476,0.012307032590051458,0.04475771869639794,0.05091123499142367,0.02854845626072041,0.04936749571183533,0.024710548885077187,0.0736277873070326,0.061310034305317326,0.02352058319039451,0.038282590051457975,0.0589622641509434,0.008372641509433962,0.010656089193825043,0.00315180102915952,0.0017152658662092624,0.014536878216123499,0.003537735849056604,0.015265866209262435,0.0010184391080617495,1.072041166380789e-05,4.288164665523156e-05,0.0,0.0007289879931389365,0.0001179245283018868,2.144082332761578e-05,0.0,0.0,0.0,0.0,0.0,0.0,0.0,0.0,0.0,0.0,0.0,0.0,0.0,0.0,0.0,0.0,0.0,0.0,0.0,0.0,0.0,0.0,0.0,0.0,0.0,0.0,0.0,0.0,0.0,0.0,0.0,0.0,nan,nan,4.201563008791925,2.7046176908482944,nan,0.8494287478808933,0.03353323702468204,0.0,0.0,0.0,0.0,0.0,0.0,0.0,0.0,0.0,0.0,0.0,0.0,0.0,0.0,0.0,0.0,0.0,0.0,0.0,0.0,0.0,0.07540846250523671,0.2764976958525346,1.4076246334310807,7.390029325513198,12.354419773774616,6.6736489317134495,1.4201927105152916,0.32677000418935914,0.07540846250523671,0.849429995593765,0.03484897343303743,0.0,0.0,0.0,0.0,0.0,0.0,0.0,0.0,0.0,0.0,0.0,0.0,0.0,0.0,0.0,0.0,0.0,0.0,0.0,0.0,0.0,0.013175230566534918,0.3557312252964428,1.6205533596837896,7.167325428194995,12.490118577075101,6.192358366271411,1.5810276679841901,0.42160737812911736,0.158102766798419,0.437,0.01459,0.0,0.0,0.0,0.0,0.0,0.0,0.0,0.0,0.0,0.0,0.0,0.16338500209467927,11.763720150816928,17.469627147046506,0.6032677000418937,0.0,0.0,0.0,0.0,0.0,0.0,0.0,0.0,0.0,0.0,0.0,0.0,0.0,0.0,0.0,0.4368,0.01368,0.0,0.0,0.0,0.0,0.0,0.0,0.0,0.0,0.0,0.0,0.0,0.14492753623188387,11.725955204216078,17.786561264822137,0.3425559947299079,0.0,0.0,0.0,0.0,0.0,0.0,0.0,0.0,0.0,0.0,0.0,0.0,0.0,0.0,0.0
98700,4651,2400,0.5160180606321221,1167,941,0.4532358632552139,1317,0.566329821543754,0.45599999999999996,3.0013327410039983,3.092602773634855,6.7239747634069404,1.9748799362923444,6649.800000000002,1.8189894035458565e-12,6649.8,6649.8,6649.800000000002,1.8189894035458565e-12,6649.800000000002,1.8189894035458565e-12,27.690389163620726,20.557851939580896,32.41806615776081,18.851948403314207,0.13523973339066866,0.1036336271769512,0.09481831864115244,0.08363792732745647,0.08471296495377338,0.0748226187916577,0.07245753601376048,0.06557729520533219,0.05783702429585035,0.051171791012685444,0.04966673833584175,0.04042141474951624,0.029671038486347022,0.02386583530423565,0.01677058697054397,0.009890346162115675,0.005805203182111374,0.8492137002217028,0.034881225997139026,0.0,0.0,0.0,0.0,0.0,0.0,0.0,0.0,0.0,0.0,0.0,0.0,0.0,0.0,0.0,0.0,0.0,0.0,0.0,0.0,0.012900451515803057,0.08385293485271987,0.31606106213717483,1.5867555364437707,6.96624381853365,12.75209632337132,6.340571920017203,1.4513007955278439,0.38701354547409167,0.10320361212642445,4.313168449197861,2.861647157304389,4.875,2.6427968139832467,1.1302595893064702,4.382075471698113,2.887416141248206,4.251968503937008,2.833207202822644,0.9703092818456898,0.4368,0.01457,0.0,0.0,0.0,0.0,0.0,0.0,0.0,0.0,0.0,0.0,0.0,0.2257579015265531,11.726510427864978,17.551064287250057,0.49666738335841765,0.0,0.0,0.0,0.0,0.0,0.0,0.0,0.0,0.0,0.0,0.0,0.0,0.0,0.0,0.0,nan,nan,4.316156914893617,2.860819257912241,nan,0.4368,0.08234,0.0,0.0,0.0,0.0,0.0,0.0,0.0,0.0,0.0,0.0,0.0,0.0,0.0,0.0,0.0,0.0,0.0,0.0,0.0,0.0,1.075037626316921e-05,0.0009352827348957214,3.225112878950763e-05,0.00036551279294775316,0.0005697699419479682,6.450225757901526e-05,0.003063857235003225,0.0035476241668458398,0.012330681573855085,0.011148140184906471,0.02491937217802623,0.03090733175661148,0.027542463986239517,0.03185336486777037,0.0238120834229198,0.014362502687594066,0.03635777252203827,0.04794667813373468,0.052633842184476455,0.05653622876800688,0.02480111803913137,0.013427219952698344,0.018436895291335197,0.03857235003225113,0.011846914642012471,0.04697914427004945,0.052504837669318426,0.029090518168135886,0.04701139539883896,0.02494087293055257,0.07477961728660504,0.06050311760911632,0.02400559019565685,0.039195871855514944,0.05784777467211352,0.007976779187271554,0.008783057407009246,0.003569124919372178,0.0016985594495807354,0.015588045581595355,0.0030423564824768865,0.014631262094173297,0.0007525263384218448,4.300150505267684e-05,7.525263384218447e-05,0.0,0.0008062782197376908,0.00010750376263169211,4.300150505267684e-05,0.0,0.0,0.0,0.0,0.0,0.0,0.0,0.0,0.0,0.0,0.0,0.0,0.0,0.0,0.0,0.0,0.0,0.0,0.0,0.0,0.0,0.0,0.0,0.0,0.0,0.0,0.0,0.0,0.0,0.0,0.0,0.0,nan,nan,4.316156914893617,2.860819257912241,nan,0.8494252802679936,0.03527121008516972,0.0,0.0,0.0,0.0,0.0,0.0,0.0,0.0,0.0,0.0,0.0,0.0,0.0,0.0,0.0,0.0,0.0,0.0,0.0,0.0,0.0,0.07500000000000001,0.30000000000000004,1.662499999999995,6.775000000000001,12.937500000000004,6.300000000000002,1.4125000000000003,0.3875000000000001,0.15000000000000002,0.8489881150990473,0.034459135951020306,0.0,0.0,0.0,0.0,0.0,0.0,0.0,0.0,0.0,0.0,0.0,0.0,0.0,0.0,0.0,0.0,0.0,0.0,0.0,0.0,0.02665482007996447,0.09329187027987564,0.3331852509995558,1.5059973345179873,7.170146601510441,12.554420257663264,6.38382940915149,1.4926699244780102,0.38649489115948477,0.05330964015992894,0.437,0.01439,0.0,0.0,0.0,0.0,0.0,0.0,0.0,0.0,0.0,0.0,0.0,0.1999999999999997,11.562500000000004,17.675000000000004,0.5625000000000001,0.0,0.0,0.0,0.0,0.0,0.0,0.0,0.0,0.0,0.0,0.0,0.0,0.0,0.0,0.0,0.4368,0.01477,0.0,0.0,0.0,0.0,0.0,0.0,0.0,0.0,0.0,0.0,0.0,0.25322079075966203,11.901377165704135,17.418924922256778,0.4264771212794315,0.0,0.0,0.0,0.0,0.0,0.0,0.0,0.0,0.0,0.0,0.0,0.0,0.0,0.0,0.0
98800,4733,2420,0.5113036129304881,1174,950,0.4487639974646102,1346,0.5687724487639975,0.44399999999999995,3.0025940337224384,3.0498087680616375,6.638680659670165,1.9102509073957172,6649.800000000001,9.094947017729282e-13,6649.8,6649.8,6649.800000000001,9.094947017729282e-13,6649.800000000001,9.094947017729282e-13,28.035918022395943,20.789396472508425,32.718274744452756,19.12398139218177,0.13606592013522079,0.0978237904077752,0.09803507289245722,0.08155503908725967,0.08451299387280795,0.07732938939361927,0.06739911261356434,0.06739911261356434,0.055567293471371224,0.054510881047961125,0.04817240650750053,0.039298542150855695,0.02957954785548278,0.026199028100570464,0.017536446228607647,0.012043101626875132,0.006972321994506655,0.8484072163748283,0.03482711730214033,0.0,0.0,0.0,0.0,0.0,0.0,0.0,0.0,0.0,0.0,0.0,0.0,0.0,0.0,0.0,0.0,0.0,0.0,0.0063384745404605975,0.0063384745404605975,0.01901542362138179,0.07606169448552716,0.26621593069934507,1.6796957532220527,7.333615043312911,12.689626030002115,6.053243186139871,1.451510669765477,0.34227762518487226,0.07606169448552716,4.310310965630115,2.837429578617123,4.0,2.258317958127243,0.928007290400972,4.35344262295082,2.8033345982345192,4.263870967741935,2.8634602093354555,0.9794250980277829,0.4368,0.01451,0.0,0.0,0.0,0.0,0.0,0.0,0.0,0.0,0.0,0.0,0.0,0.21550813437565994,11.929009085146845,17.348404817240652,0.5070779632368477,0.0,0.0,0.0,0.0,0.0,0.0,0.0,0.0,0.0,0.0,0.0,0.0,0.0,0.0,0.0,nan,nan,4.3082926829268295,2.8341551292140883,nan,0.4368,0.08234,0.0,0.0,0.0,0.0,0.0,0.0,0.0,0.0,0.0,0.0,0.0,0.0,0.0,0.0,0.0,0.0,0.0,0.0,0.0,0.0,0.0,0.0012360025353898162,0.0,0.0005070779632368477,0.0004542573420663427,1.0564124234100992e-05,0.0034016480033805196,0.0023029790830340164,0.012391717726600466,0.01106063807310374,0.02511092330445806,0.030065497570251426,0.02912529051341644,0.03279104162264948,0.025132051552926263,0.01478977392774139,0.034174941897316714,0.046788506232833295,0.04978871751531798,0.059201352207901965,0.025459539404183395,0.01426156771603634,0.018983731248679483,0.038981618423832666,0.01201140925417283,0.048362560743714346,0.04944010141559265,0.027044158039298542,0.04743291781111346,0.025132051552926263,0.07629410521867737,0.060067610395098246,0.02518487217409677,0.03789351362772026,0.05871540249313332,0.007405451088104796,0.008757658990069724,0.004024931333192479,0.001531798013944644,0.015127825903232622,0.002957954785548278,0.015339108387914642,0.0005282062117050497,0.0,3.169237270230298e-05,0.0,0.0006338474540460595,6.338474540460596e-05,0.0,0.0,0.0,0.0,0.0,0.0,0.0,0.0,0.0,0.0,0.0,0.0,0.0,0.0,0.0,0.0,0.0,0.0,0.0,0.0,0.0,0.0,0.0,0.0,0.0,0.0,0.0,0.0,0.0,0.0,0.0,0.0,0.0,nan,nan,4.3082926829268295,2.8341551292140883,nan,0.8474296081903552,0.03631746669993242,0.0,0.0,0.0,0.0,0.0,0.0,0.0,0.0,0.0,0.0,0.0,0.0,0.0,0.0,0.0,0.0,0.0,0.0,0.012396694214876035,0.0,0.03719008264462811,0.11157024793388431,0.3719008264462811,1.7107438016528873,7.53719008264463,12.309917355371903,5.950413223140497,1.5371900826446285,0.32231404958677695,0.09917355371900828,0.8494300489759631,0.033165444457453654,0.0,0.0,0.0,0.0,0.0,0.0,0.0,0.0,0.0,0.0,0.0,0.0,0.0,0.0,0.0,0.0,0.0,0.0,0.0,0.012970168612191961,0.0,0.03891050583657588,0.15564202334630353,1.6472114137483735,7.120622568093387,13.08690012970169,6.1608300907911815,1.3618677042801561,0.36316472114137494,0.051880674448767844,0.4368,0.01432,0.0,0.0,0.0,0.0,0.0,0.0,0.0,0.0,0.0,0.0,0.0,0.12396694214876014,11.764462809917358,17.66528925619835,0.44628099173553726,0.0,0.0,0.0,0.0,0.0,0.0,0.0,0.0,0.0,0.0,0.0,0.0,0.0,0.0,0.0,0.4365,0.0147,0.0,0.0,0.0,0.0,0.0,0.0,0.0,0.0,0.0,0.0,0.0,0.31128404669260656,12.1011673151751,17.016861219195853,0.5706874189364463,0.0,0.0,0.0,0.0,0.0,0.0,0.0,0.0,0.0,0.0,0.0,0.0,0.0,0.0,0.0
98900,4561,2353,0.5158956369217277,1107,917,0.4437623328217496,1285,0.563472922604692,0.484,3.0778985507246377,3.1384566392838007,6.73953488372093,2.082128405837529,6649.800000000002,1.8189894035458565e-12,6649.8,6649.8,6649.800000000001,9.094947017729282e-13,6649.800000000001,9.094947017729282e-13,28.079587809690857,20.883647924401576,33.05169712793734,19.091860964379645,0.13834685376014033,0.10282832712124534,0.08726156544617408,0.08945406709055032,0.08134181100635826,0.07388730541547907,0.06533654900241175,0.06380179785134839,0.05700504275378206,0.05503179127384346,0.04998903749177812,0.04209603157202368,0.03508002631001973,0.02696777022582767,0.014251260688445516,0.01183950887963166,0.005481254110940584,0.8503902627433295,0.03436087211684965,0.0,0.0,0.0,0.0,0.0,0.0,0.0,0.0,0.0,0.0,0.0,0.0,0.0,0.0,0.0,0.0,0.0,0.0,0.0,0.0,0.0065775049331287016,0.019732514799386102,0.32229774172330633,1.6575312431484273,6.4854198640649,12.66169699627275,6.959000219250166,1.387853540890156,0.37491778118833596,0.12497259372944532,4.394063459570113,2.869138170202373,4.0,2.3979157616563596,0.9103191241556021,4.311095983662355,2.887359971935128,4.473791695030633,2.846927688512761,1.0377388283593876,0.4365,0.01418,0.0,0.0,0.0,0.0,0.0,0.0,0.0,0.0,0.0,0.0,0.0,0.23021267265950415,11.661916246437189,17.588248191186146,0.5196228897171674,0.0,0.0,0.0,0.0,0.0,0.0,0.0,0.0,0.0,0.0,0.0,0.0,0.0,0.0,0.0,nan,nan,4.392990813201769,2.8680340768652925,nan,0.4365,0.0826,0.0,0.0,0.0,0.0,0.0,0.0,0.0,0.0,0.0,0.0,0.0,0.0,0.0,0.0,0.0,0.0,0.0,0.0,0.0,0.0,0.0,0.0010414382810787109,2.1925016443762334e-05,0.000328875246656435,0.0004056128042096032,1.0962508221881167e-05,0.003212014909011182,0.0025213768910326683,0.01588467441350581,0.010951545713659284,0.024095593071694805,0.03071694803771103,0.027559745669809253,0.03148432361324271,0.025433019074764307,0.015533874150405613,0.0349813637360228,0.04705108528831397,0.04826792370094277,0.0605349704012278,0.025805744354308265,0.013801797851348389,0.018570488927866696,0.03646130234597676,0.013133084849813638,0.04890374917781189,0.04962727472045604,0.02734049550537163,0.04455163341372506,0.025257618943214207,0.07711028283271212,0.05913176934882701,0.025970181977636484,0.03839070379302784,0.05855075641306731,0.008210918658188994,0.009515457136592853,0.0036505152378864284,0.0018965139223854417,0.013330409997807498,0.0025213768910326683,0.01712343784257838,0.00012058759044069283,8.770006577504934e-05,4.385003288752467e-05,0.0,0.000723525542644157,0.000131550098662574,0.0,0.0,0.0,0.0,0.0,0.0,0.0,0.0,0.0,0.0,0.0,0.0,0.0,0.0,0.0,0.0,0.0,0.0,0.0,0.0,0.0,0.0,0.0,0.0,0.0,0.0,0.0,0.0,0.0,0.0,0.0,0.0,0.0,nan,nan,4.392990813201769,2.8680340768652925,nan,0.8501142738881742,0.03458726843198797,0.0,0.0,0.0,0.0,0.0,0.0,0.0,0.0,0.0,0.0,0.0,0.0,0.0,0.0,0.0,0.0,0.0,0.0,0.0,0.0,0.0,0.025499362515937107,0.3569910752231195,1.644708882277938,6.5533361665958365,12.775180620484491,6.7190820229494275,1.4152146196345095,0.36974075648108806,0.14024649383765408,0.8506843758665997,0.034115497444990685,0.0,0.0,0.0,0.0,0.0,0.0,0.0,0.0,0.0,0.0,0.0,0.0,0.0,0.0,0.0,0.0,0.0,0.0,0.0,0.0,0.013586956521739134,0.013586956521739134,0.2853260869565218,1.671195652173908,6.413043478260871,12.54076086956522,7.21467391304348,1.3586956521739133,0.38043478260869573,0.10869565217391307,0.436,0.0141,0.0,0.0,0.0,0.0,0.0,0.0,0.0,0.0,0.0,0.0,0.0,0.191245218869528,12.354441138971529,16.969825754356144,0.48448788780280505,0.0,0.0,0.0,0.0,0.0,0.0,0.0,0.0,0.0,0.0,0.0,0.0,0.0,0.0,0.0,0.437,0.01425,0.0,0.0,0.0,0.0,0.0,0.0,0.0,0.0,0.0,0.0,0.0,0.2717391304347822,10.923913043478262,18.247282608695656,0.5570652173913044,0.0,0.0,0.0,0.0,0.0,0.0,0.0,0.0,0.0,0.0,0.0,0.0,0.0,0.0,0.0
99000,4895,2469,0.5043922369765066,1175,976,0.4394279877425945,1363,0.5568947906026558,0.472,2.9971145919208575,3.139185350851491,6.770392749244713,2.0378220179558997,6649.800000000001,9.094947017729282e-13,6649.8,6649.8,6649.800000000001,9.094947017729282e-13,6649.800000000002,1.8189894035458565e-12,27.73626149131767,20.869723409181756,32.63262825188427,19.174730497188854,0.1376915219611849,0.10602655771195096,0.09356486210418795,0.0888661899897855,0.0780388151174668,0.0770173646578141,0.06721144024514811,0.06700715015321757,0.05720122574055159,0.0508682328907048,0.03922369765066394,0.04024514811031665,0.03391215526046987,0.0296220633299285,0.016547497446373852,0.010418794688457609,0.006537282941777324,0.8490793429551012,0.03442080050362798,0.0,0.0,0.0,0.0,0.0,0.0,0.0,0.0,0.0,0.0,0.0,0.0,0.0,0.0,0.0,0.0,0.0,0.0,0.0,0.0061287027579162425,0.018386108273748727,0.036772216547497454,0.28804902962206336,1.6547497446373798,6.992849846782432,12.649642492339124,6.392236976506641,1.5321756894790606,0.31256384065372833,0.1164453524004086,4.416666666666667,2.8962884353922176,4.571428571428571,3.7742413753208304,1.0350404312668462,4.32687338501292,2.8821156261809926,4.506353240152478,2.916395016191937,1.0414802651173538,0.4373,0.01466,0.0,0.0,0.0,0.0,0.0,0.0,0.0,0.0,0.0,0.0,0.0,0.2267620020429006,11.381001021450462,17.699693564862105,0.6925434116445355,0.0,0.0,0.0,0.0,0.0,0.0,0.0,0.0,0.0,0.0,0.0,0.0,0.0,0.0,0.0,nan,nan,4.41736066623959,2.900837044361569,nan,0.4373,0.0832,0.0,0.0,0.0,0.0,0.0,0.0,0.0,0.0,0.0,0.0,0.0,0.0,0.0,0.0,0.0,0.0,0.0,0.0,0.0,0.0,0.0,0.001052093973442288,0.00012257405515832482,0.00040858018386108274,0.00048008171603677223,0.0,0.0030337078651685393,0.002982635342185904,0.016016343207354445,0.012002042900919305,0.02425944841675179,0.030439223697650664,0.026465781409601635,0.031583248212461695,0.02345250255362615,0.01491317671092952,0.033789581205311545,0.046782431052093974,0.04763023493360572,0.06106230847803881,0.025219611848825332,0.014616956077630234,0.01961184882533197,0.036649642492339124,0.013442288049029623,0.050674157303370784,0.04697650663942799,0.02669050051072523,0.046465781409601635,0.024892747701736467,0.07327885597548518,0.0598876404494382,0.026435137895812054,0.03947906026557712,0.0580388151174668,0.00832482124616956,0.009693564862104188,0.004014300306435138,0.0017568947906026558,0.012982635342185904,0.0027272727272727275,0.020326864147088865,0.00015321756894790602,3.0643513789581204e-05,9.193054136874361e-05,0.0,0.0009908069458631256,7.150153217568948e-05,0.0,0.0,0.0,0.0,0.0,0.0,0.0,0.0,0.0,0.0,0.0,0.0,0.0,0.0,0.0,0.0,0.0,0.0,0.0,0.0,0.0,0.0,0.0,0.0,0.0,0.0,0.0,0.0,0.0,0.0,0.0,0.0,0.0,nan,nan,4.41736066623959,2.900837044361569,nan,0.8489896384942575,0.03421625994690765,0.0,0.0,0.0,0.0,0.0,0.0,0.0,0.0,0.0,0.0,0.0,0.0,0.0,0.0,0.0,0.0,0.0,0.0,0.0,0.0,0.012150668286755775,0.03645200486026732,0.25516403402187127,1.7496962332928256,7.0109356014580815,12.831105710814098,6.12393681652491,1.5552855407047392,0.35236938031591747,0.07290400972053464,0.8491706373960837,0.034627487392794226,0.0,0.0,0.0,0.0,0.0,0.0,0.0,0.0,0.0,0.0,0.0,0.0,0.0,0.0,0.0,0.0,0.0,0.0,0.0,0.012366034624896953,0.024732069249793907,0.037098103874690855,0.32151690024732077,1.5581203627370108,6.974443528441881,12.464962901896127,6.665292662819457,1.5086562242374282,0.27205276174773296,0.16075845012366038,0.4377,0.014824,0.0,0.0,0.0,0.0,0.0,0.0,0.0,0.0,0.0,0.0,0.0,0.24301336573511506,11.1543134872418,17.812879708383964,0.7897934386391253,0.0,0.0,0.0,0.0,0.0,0.0,0.0,0.0,0.0,0.0,0.0,0.0,0.0,0.0,0.0,0.437,0.014496,0.0,0.0,0.0,0.0,0.0,0.0,0.0,0.0,0.0,0.0,0.0,0.21022258862324783,11.61170651277824,17.584501236603465,0.5935696619950537,0.0,0.0,0.0,0.0,0.0,0.0,0.0,0.0,0.0,0.0,0.0,0.0,0.0,0.0,0.0
99100,4742,2391,0.504217629692113,1142,993,0.4502319696330662,1357,0.5723323492197385,0.42399999999999993,2.811994895789026,2.8621305821251424,6.043478260869565,1.974249190380818,6649.800000000001,9.094947017729282e-13,6649.8,6649.8,6649.800000000001,9.094947017729282e-13,6649.800000000002,1.8189894035458565e-12,28.356389708983553,21.04641143491222,33.235,19.29790856543786,0.13454238717840575,0.09932517924926192,0.09468578658793758,0.08393083087304935,0.07908055672711936,0.07465204555040067,0.07191058625052721,0.06790383804301982,0.052298608182201604,0.05567271193589203,0.043652467313369886,0.0396457191058625,0.035638970898355125,0.02973428932939688,0.017503163222269084,0.012863770560944749,0.006959088991986504,0.8470330046782861,0.03398444751324437,0.0,0.0,0.0,0.0,0.0,0.0,0.0,0.0,0.0,0.0,0.0,0.0,0.0,0.0,0.0,0.0,0.0,0.0,0.0,0.0,0.0,0.04428511176718685,0.37326022775200346,1.961197806832554,7.016026992830031,13.20328975115985,5.700126528890765,1.3159004639392664,0.3163222269084775,0.06959088991986505,4.121103896103896,2.6705359794949457,3.466666666666667,2.6297443897754693,0.841198560886578,3.9521938441388342,2.6351498071217683,4.279336734693878,2.695145213776883,1.0827750114130161,0.4382,0.01435,0.0,0.0,0.0,0.0,0.0,0.0,0.0,0.0,0.0,0.0,0.0,0.16448755799240802,10.799240826655423,18.371994938844374,0.6642766765078028,0.0,0.0,0.0,0.0,0.0,0.0,0.0,0.0,0.0,0.0,0.0,0.0,0.0,0.0,0.0,nan,nan,4.117932148626817,2.670726533193805,nan,0.4382,0.08307,0.0,0.0,0.0,0.0,0.0,0.0,0.0,0.0,0.0,0.0,0.0,0.0,0.0,0.0,0.0,0.0,0.0,0.0,0.0,0.0,0.0,0.0010227752003374104,5.2720371151412904e-05,0.00023196963306621677,0.0002636018557570645,0.0,0.0022037115141290593,0.003353015605229861,0.01646984394770139,0.011988612399831294,0.022954449599325178,0.028785322648671445,0.025811893715731758,0.03235976381273724,0.024356811471952764,0.013137916490932097,0.030504006748207507,0.04847110923660902,0.05076971741881063,0.058435259384226064,0.024894559257697173,0.015668494306199914,0.021668072543230704,0.03780050611556306,0.01552087726697596,0.04971530999578237,0.04652045550400675,0.02880641079713201,0.044105862505272035,0.023397300716997048,0.07287009700548291,0.05967946014339941,0.026687051876845214,0.03958245466048081,0.05779207085617883,0.008804301982285954,0.009953606073386757,0.004122733024040489,0.00224588781105019,0.01368620835090679,0.0037853226486714467,0.020023196963306622,0.0002214255588359342,0.0,3.163222269084774e-05,0.0,0.0012020244622522143,4.2176296921130326e-05,0.0,0.0,0.0,0.0,0.0,0.0,0.0,0.0,0.0,0.0,0.0,0.0,0.0,0.0,0.0,0.0,0.0,0.0,0.0,0.0,0.0,0.0,0.0,0.0,0.0,0.0,0.0,0.0,0.0,0.0,0.0,0.0,0.0,nan,nan,4.117932148626817,2.670726533193805,nan,0.8474625163325601,0.03479152477088297,0.0,0.0,0.0,0.0,0.0,0.0,0.0,0.0,0.0,0.0,0.0,0.0,0.0,0.0,0.0,0.0,0.0,0.0,0.0,0.0,0.0,0.03764115432873275,0.45169385194479306,1.9698870765370078,6.863237139272273,13.074027603513178,5.846925972396488,1.2672521957340026,0.4015056461731494,0.08782936010037644,0.8465961852970147,0.033137777723656954,0.0,0.0,0.0,0.0,0.0,0.0,0.0,0.0,0.0,0.0,0.0,0.0,0.0,0.0,0.0,0.0,0.0,0.0,0.0,0.0,0.0,0.051042109740535954,0.2934921310080817,1.9523606975754937,7.171416418545301,13.334751169715018,5.550829434283285,1.3653764355593367,0.2296894938324118,0.051042109740535954,0.4385,0.01461,0.0,0.0,0.0,0.0,0.0,0.0,0.0,0.0,0.0,0.0,0.0,0.18820577164366348,10.564617314930993,18.56963613550816,0.6775407779171897,0.0,0.0,0.0,0.0,0.0,0.0,0.0,0.0,0.0,0.0,0.0,0.0,0.0,0.0,0.0,0.438,0.01409,0.0,0.0,0.0,0.0,0.0,0.0,0.0,0.0,0.0,0.0,0.0,0.14036580178647365,11.0378562313909,18.170991067630798,0.6507868991918334,0.0,0.0,0.0,0.0,0.0,0.0,0.0,0.0,0.0,0.0,0.0,0.0,0.0,0.0,0.0
99200,4262,2183,0.5122008446738621,1080,894,0.4631628343500704,1210,0.5678085405912717,0.45599999999999996,2.9571909571909574,3.0478933179066594,6.475945017182131,2.112458230840463,6649.800000000001,9.094947017729282e-13,6649.8,6649.8,6649.800000000001,9.094947017729282e-13,6649.800000000001,9.094947017729282e-13,28.24870952604411,20.77810844821265,33.201673640167364,18.926719064565795,0.13866729235100891,0.09314875645236978,0.08962928202721727,0.08704833411543876,0.08188643829188175,0.07836696386672924,0.07132801501642422,0.061238854997653684,0.06217738151102769,0.04950727358047865,0.05302674800563116,0.03847958704833412,0.034725480994838104,0.02627874237447208,0.01689347724073205,0.010793054903801032,0.00680431722196152,0.8483661619473488,0.03435814878710905,0.0,0.0,0.0,0.0,0.0,0.0,0.0,0.0,0.0,0.0,0.0,0.0,0.0,0.0,0.0,0.0,0.0,0.0,0.0,0.0,0.007038948850305023,0.04927264195213516,0.3941811356170813,1.4852182074143547,7.369779446269359,12.634913186297517,6.243547630220555,1.3514781792585642,0.33083059596433606,0.13374002815579542,4.194195628806879,2.8487959055531653,3.0588235294117645,1.8301587277769467,0.7292992030230852,4.16989247311828,2.8680336180589143,4.204529370134465,2.8221511588687083,1.0083064245036237,0.4375,0.01417,0.0,0.0,0.0,0.0,0.0,0.0,0.0,0.0,0.0,0.0,0.0,0.15485687470671025,10.81886438291882,18.632097606757394,0.3941811356170813,0.0,0.0,0.0,0.0,0.0,0.0,0.0,0.0,0.0,0.0,0.0,0.0,0.0,0.0,0.0,nan,nan,4.187321937321937,2.845090529566254,nan,0.4375,0.08325,0.0,0.0,0.0,0.0,0.0,0.0,0.0,0.0,0.0,0.0,0.0,0.0,0.0,0.0,0.0,0.0,0.0,0.0,0.0,0.0,0.0,0.0011379633974659784,0.0002815579540122008,0.00017597372125762554,0.0002815579540122008,0.0,0.002311121539183482,0.003554669169404036,0.016600187705302676,0.012658376349131863,0.02155091506335054,0.02998592210229939,0.02868371656499296,0.03469028625058658,0.022700610042233692,0.011602534021586109,0.028273111215391836,0.04801736274049742,0.04950727358047865,0.06021820741435945,0.025610042233693103,0.015204129516658846,0.022759267949319567,0.039547160957297045,0.01614265603003285,0.04936649460347255,0.04778273111215392,0.03015016424213984,0.04562412013139371,0.02157437822618489,0.07069450961989676,0.05717972782731112,0.027182074143594557,0.037130455185358985,0.05510323791647114,0.008693101830126702,0.010488033786954482,0.004669169404035664,0.0024401689347724074,0.015251055842327546,0.004387611450023463,0.019145940872829656,0.0003167526982637259,0.0,7.03894885030502e-05,0.0,0.0012552792116377288,0.0,0.0,0.0,0.0,0.0,0.0,0.0,0.0,0.0,0.0,0.0,0.0,0.0,0.0,0.0,0.0,0.0,0.0,0.0,0.0,0.0,0.0,0.0,0.0,0.0,0.0,0.0,0.0,0.0,0.0,0.0,0.0,0.0,0.0,nan,nan,4.187321937321937,2.845090529566254,nan,0.8481545727896243,0.03411913892376364,0.0,0.0,0.0,0.0,0.0,0.0,0.0,0.0,0.0,0.0,0.0,0.0,0.0,0.0,0.0,0.0,0.0,0.0,0.0,0.0,0.013742556115437475,0.04122766834631242,0.45350435180943666,1.4704535043518048,7.063673843334862,13.11039853412735,6.101694915254239,1.2368300503893725,0.3985341273476868,0.1099404489234998,0.8485883356516839,0.034605945956336204,0.0,0.0,0.0,0.0,0.0,0.0,0.0,0.0,0.0,0.0,0.0,0.0,0.0,0.0,0.0,0.0,0.0,0.0,0.0,0.0,0.0,0.057720057720057734,0.33189033189033196,1.5007215007214962,7.691197691197693,12.13564213564214,6.392496392496394,1.471861471861472,0.25974025974025977,0.15873015873015875,0.4375,0.0141,0.0,0.0,0.0,0.0,0.0,0.0,0.0,0.0,0.0,0.0,0.0,0.10994044892349962,11.021530004580853,18.456252863032528,0.41227668346312424,0.0,0.0,0.0,0.0,0.0,0.0,0.0,0.0,0.0,0.0,0.0,0.0,0.0,0.0,0.0,0.4375,0.01424,0.0,0.0,0.0,0.0,0.0,0.0,0.0,0.0,0.0,0.0,0.0,0.2020202020202017,10.606060606060607,18.81673881673882,0.3751803751803753,0.0,0.0,0.0,0.0,0.0,0.0,0.0,0.0,0.0,0.0,0.0,0.0,0.0,0.0,0.0
99300,4073,2061,0.5060152221949423,993,845,0.4512644242573042,1145,0.5622391357721581,0.472,2.904572564612326,3.0533426857890698,6.620111731843576,2.056240351296959,6649.800000000002,1.8189894035458565e-12,6649.8,6649.8,6649.800000000002,1.8189894035458565e-12,6649.800000000002,1.8189894035458565e-12,27.873066535723055,20.913142575513106,32.72136403380939,19.221845449137046,0.13798183157377855,0.10090842131107292,0.09894426712496932,0.08568622636876995,0.07807512889761846,0.0768475325313037,0.06555364596120795,0.06358949177510434,0.05769702921679352,0.06039774122268598,0.046894181193223666,0.0316719862509207,0.03461821753007611,0.025042965872821017,0.015467714215565921,0.011048367296832801,0.009575251657255094,0.84914721049169,0.03391904347422998,0.0,0.0,0.0,0.0,0.0,0.0,0.0,0.0,0.0,0.0,0.0,0.0,0.0,0.0,0.0,0.0,0.0,0.0,0.0,0.0,0.0,0.08102136017677389,0.3830100662902039,1.4804812177755906,6.73950405106801,12.919224159096492,6.562730174318686,1.4657500613798184,0.32408544070709555,0.04419346918733121,4.258448540706605,2.7927011609253256,4.578947368421052,3.3295454008283603,1.0752618763971882,4.233460076045628,2.842016067557322,4.290742157612854,2.750463267664018,1.013530795268709,0.4373,0.01456,0.0,0.0,0.0,0.0,0.0,0.0,0.0,0.0,0.0,0.0,0.0,0.11048367296832785,11.431377363123007,17.728946722317705,0.729192241590965,0.0,0.0,0.0,0.0,0.0,0.0,0.0,0.0,0.0,0.0,0.0,0.0,0.0,0.0,0.0,nan,nan,4.260770110560427,2.7970924152692,nan,0.4373,0.0831,0.0,0.0,0.0,0.0,0.0,0.0,0.0,0.0,0.0,0.0,0.0,0.0,0.0,0.0,0.0,0.0,0.0,0.0,0.0,0.0,0.0,0.0012153204026516082,0.00015958752762091824,0.0002946231279155414,0.00020869138227350847,0.0,0.001915050331451019,0.004222931500122759,0.019138227350847043,0.013859562975693593,0.02020623618954088,0.027755953842376627,0.027350847041492758,0.03517063589491775,0.020721826663393075,0.012226859808494967,0.02773140191505033,0.04841640068745397,0.049226614289221704,0.05823717161797201,0.02618463049349374,0.015713233488828873,0.024895654308863247,0.040522956052050085,0.01643751534495458,0.05120304443898846,0.0497667566904002,0.03146329486864719,0.045912104100171866,0.020697274736066782,0.06901546771421557,0.05502086913822735,0.026970292167935183,0.036164988951632705,0.05518045666584827,0.010299533513380801,0.008617726491529585,0.004738521973974957,0.003019887061134299,0.01552909403388166,0.004529830591701449,0.018156150257795236,0.00033145101890498405,0.0,7.365578197888534e-05,0.0,0.0014976675669040019,0.0,0.0,0.0,0.0,0.0,0.0,0.0,0.0,0.0,0.0,0.0,0.0,0.0,0.0,0.0,0.0,0.0,0.0,0.0,0.0,0.0,0.0,0.0,0.0,0.0,0.0,0.0,0.0,0.0,0.0,0.0,0.0,0.0,0.0,nan,nan,4.260770110560427,2.7970924152692,nan,0.8483333267210064,0.03338869004472146,0.0,0.0,0.0,0.0,0.0,0.0,0.0,0.0,0.0,0.0,0.0,0.0,0.0,0.0,0.0,0.0,0.0,0.0,0.0,0.0,0.0,0.0727802037845706,0.3493449781659389,1.6448326055312905,6.972343522561865,12.7802037845706,6.6084425036390115,1.2518195050946146,0.27656477438136834,0.04366812227074236,0.8499809154874051,0.034433909916227724,0.0,0.0,0.0,0.0,0.0,0.0,0.0,0.0,0.0,0.0,0.0,0.0,0.0,0.0,0.0,0.0,0.0,0.0,0.0,0.0,0.0,0.08946322067594435,0.41749502982107367,1.3121272365805128,6.50099403578529,13.061630218687876,6.515904572564614,1.6848906560636188,0.37276341948310143,0.044731610337972176,0.4373,0.01444,0.0,0.0,0.0,0.0,0.0,0.0,0.0,0.0,0.0,0.0,0.0,0.11644832605531279,11.397379912663757,17.743813682678315,0.7423580786026202,0.0,0.0,0.0,0.0,0.0,0.0,0.0,0.0,0.0,0.0,0.0,0.0,0.0,0.0,0.0,0.4373,0.01468,0.0,0.0,0.0,0.0,0.0,0.0,0.0,0.0,0.0,0.0,0.0,0.10437375745526824,11.4662027833002,17.713717693836983,0.7157057654075548,0.0,0.0,0.0,0.0,0.0,0.0,0.0,0.0,0.0,0.0,0.0,0.0,0.0,0.0,0.0
99400,4302,2202,0.5118549511854951,1033,893,0.4476987447698745,1227,0.5704323570432357,0.45199999999999996,2.9785714285714286,3.021197784724093,6.440536013400335,1.9929267840605642,6649.800000000001,9.094947017729282e-13,6649.8,6649.8,6649.800000000001,9.094947017729282e-13,6649.800000000002,1.8189894035458565e-12,27.952812645281263,20.84572530180237,32.92989747852591,19.067926761850856,0.1399349139934914,0.099256159925616,0.09530450953045096,0.08507670850767085,0.08251975825197583,0.07159460715946071,0.06764295676429567,0.06369130636913063,0.06043700604370061,0.05299860529986053,0.04765225476522548,0.03881915388191539,0.03300790330079033,0.026499302649930265,0.020688052068805207,0.010692701069270108,0.0041841004184100415,0.8470555281345371,0.03320417218972717,0.0,0.0,0.0,0.0,0.0,0.0,0.0,0.0,0.0,0.0,0.0,0.0,0.0,0.0,0.0,0.0,0.0,0.0,0.0,0.0,0.0,0.048814504881450504,0.25801952580195264,1.7921896792189624,7.426778242677826,13.179916317991635,5.725244072524409,1.1715481171548119,0.3138075313807532,0.08368200836820085,4.386980108499096,2.8323838536399344,5.166666666666667,2.1921577396609844,1.1777273976367133,4.421127765881513,2.8507402419876113,4.355474452554745,2.8110683141584403,0.985150098164223,0.4377,0.01426,0.0,0.0,0.0,0.0,0.0,0.0,0.0,0.0,0.0,0.0,0.0,0.12552301255230108,11.338912133891215,17.949790794979084,0.5857740585774059,0.0,0.0,0.0,0.0,0.0,0.0,0.0,0.0,0.0,0.0,0.0,0.0,0.0,0.0,0.0,nan,nan,4.388668350775893,2.831385944758418,nan,0.4377,0.0827,0.0,0.0,0.0,0.0,0.0,0.0,0.0,0.0,0.0,0.0,0.0,0.0,0.0,0.0,0.0,0.0,0.0,0.0,0.0,0.0,0.0,0.0012552301255230125,2.3245002324500234e-05,0.00016271501627150163,0.0003486750348675035,0.0,0.0022315202231520223,0.0041841004184100415,0.018363551836355185,0.013586703858670385,0.01903765690376569,0.02710367271036727,0.02712691771269177,0.03599488609948861,0.020258019525801953,0.01104137610413761,0.02609251510925151,0.051185495118549515,0.049593212459321245,0.055613668061366806,0.02580195258019526,0.016317991631799162,0.024639702463970247,0.04158530915853092,0.0149814039981404,0.0548000929800093,0.04951185495118549,0.03377498837749884,0.04801255230125523,0.020536959553695954,0.06864249186424919,0.05340539284053929,0.027219897721989773,0.03700604370060437,0.05402138540213854,0.010681078568107856,0.008774988377498837,0.004044630404463041,0.0034402603440260343,0.015213854021385403,0.004218967921896792,0.01803812180381218,0.00047652254765225477,0.00011622501162250116,4.649000464900047e-05,0.0,0.0014644351464435147,2.3245002324500234e-05,0.0,0.0,0.0,0.0,0.0,0.0,0.0,0.0,0.0,0.0,0.0,0.0,0.0,0.0,0.0,0.0,0.0,0.0,0.0,0.0,0.0,0.0,0.0,0.0,0.0,0.0,0.0,0.0,0.0,0.0,0.0,0.0,0.0,nan,nan,4.388668350775893,2.831385944758418,nan,0.8461140636743794,0.03410354973571794,0.0,0.0,0.0,0.0,0.0,0.0,0.0,0.0,0.0,0.0,0.0,0.0,0.0,0.0,0.0,0.0,0.0,0.0,0.0,0.0,0.0,0.05449591280653952,0.35422343324250694,2.0163487738419557,7.506811989100819,13.03814713896458,5.408719346049047,1.239782016348774,0.2861035422343325,0.09536784741144416,0.848042720868474,0.032204623373436894,0.0,0.0,0.0,0.0,0.0,0.0,0.0,0.0,0.0,0.0,0.0,0.0,0.0,0.0,0.0,0.0,0.0,0.0,0.0,0.0,0.0,0.042857142857142864,0.15714285714285717,1.5571428571428523,7.342857142857144,13.328571428571433,6.057142857142859,1.1000000000000003,0.3428571428571429,0.07142857142857144,0.4377,0.01431,0.0,0.0,0.0,0.0,0.0,0.0,0.0,0.0,0.0,0.0,0.0,0.10899182561307887,11.743869209809267,17.520435967302454,0.6267029972752045,0.0,0.0,0.0,0.0,0.0,0.0,0.0,0.0,0.0,0.0,0.0,0.0,0.0,0.0,0.0,0.4377,0.014206,0.0,0.0,0.0,0.0,0.0,0.0,0.0,0.0,0.0,0.0,0.0,0.14285714285714263,10.914285714285716,18.400000000000002,0.5428571428571429,0.0,0.0,0.0,0.0,0.0,0.0,0.0,0.0,0.0,0.0,0.0,0.0,0.0,0.0,0.0
99500,4230,2214,0.5234042553191489,1021,865,0.4458628841607565,1165,0.5508274231678487,0.46399999999999997,2.9831349206349205,3.0077138416453444,6.49738219895288,1.9376160994538825,6649.800000000002,1.8189894035458565e-12,6649.8,6649.8,6649.800000000001,9.094947017729282e-13,6649.800000000002,1.8189894035458565e-12,28.047990543735224,20.938451162797055,33.082674943566595,19.1405103251803,0.13995271867612294,0.09645390070921986,0.09716312056737589,0.08557919621749409,0.08085106382978724,0.07257683215130023,0.06973995271867613,0.0635933806146572,0.059574468085106386,0.05106382978723404,0.04491725768321513,0.041371158392434985,0.03309692671394799,0.028368794326241134,0.01938534278959811,0.009692671394799054,0.006619385342789598,0.8453033057087702,0.03307879257438663,0.0,0.0,0.0,0.0,0.0,0.0,0.0,0.0,0.0,0.0,0.0,0.0,0.0,0.0,0.0,0.0,0.0,0.0,0.0,0.0,0.021276595744680854,0.03546099290780143,0.31205673758865254,1.9574468085106322,8.000000000000002,12.702127659574472,5.503546099290781,1.170212765957447,0.22695035460992913,0.07092198581560286,4.236919675755343,2.792020729252432,4.066666666666666,2.768071932270226,0.959816795663391,4.300582241630276,2.7915003471114526,4.170479704797048,2.79081508656057,0.9697476923999229,0.4375,0.01443,0.0,0.0,0.0,0.0,0.0,0.0,0.0,0.0,0.0,0.0,0.0,0.19858156028368765,10.94326241134752,18.4113475177305,0.44680851063829796,0.0,0.0,0.0,0.0,0.0,0.0,0.0,0.0,0.0,0.0,0.0,0.0,0.0,0.0,0.0,nan,nan,4.235983876877977,2.791918031846935,nan,0.4375,0.08167,0.0,0.0,0.0,0.0,0.0,0.0,0.0,0.0,0.0,0.0,0.0,0.0,0.0,0.0,0.0,0.0,0.0,0.0,0.0,0.0,0.0,0.0011347517730496454,0.0,0.00010638297872340425,0.0004137115839243499,0.00010638297872340425,0.0021394799054373524,0.004208037825059101,0.016418439716312058,0.012647754137115838,0.018144208037825058,0.027576832151300235,0.027163120567375888,0.03717494089834515,0.019432624113475176,0.013392434988179668,0.025591016548463356,0.052222222222222225,0.04892434988179669,0.054799054373522456,0.02702127659574468,0.017056737588652483,0.023073286052009458,0.041371158392434985,0.015933806146572103,0.05627659574468085,0.04973995271867612,0.033581560283687945,0.04849881796690307,0.020307328605200944,0.0733451536643026,0.05360520094562648,0.02822695035460993,0.034728132387706855,0.05159574468085106,0.010307328605200946,0.00905437352245863,0.004598108747044917,0.0040543735224586284,0.014349881796690308,0.003829787234042553,0.0158274231678487,0.0006501182033096926,0.0003782505910165485,1.182033096926714e-05,0.0,0.0009810874704491725,0.0,0.0,0.0,0.0,0.0,0.0,0.0,0.0,0.0,0.0,0.0,0.0,0.0,0.0,0.0,0.0,0.0,0.0,0.0,0.0,0.0,0.0,0.0,0.0,0.0,0.0,0.0,0.0,0.0,0.0,0.0,0.0,0.0,0.0,nan,nan,4.235983876877977,2.791918031846935,nan,0.8452457818720076,0.03308577126584076,0.0,0.0,0.0,0.0,0.0,0.0,0.0,0.0,0.0,0.0,0.0,0.0,0.0,0.0,0.0,0.0,0.0,0.0,0.0,0.0,0.013550135501355016,0.013550135501355016,0.28455284552845533,2.032520325203246,8.062330623306234,12.764227642276426,5.284552845528456,1.1924119241192415,0.2574525745257453,0.09485094850948513,0.8453664792080721,0.03307101149892124,0.0,0.0,0.0,0.0,0.0,0.0,0.0,0.0,0.0,0.0,0.0,0.0,0.0,0.0,0.0,0.0,0.0,0.0,0.0,0.0,0.02976190476190477,0.05952380952380954,0.3422619047619048,1.8749999999999942,7.931547619047621,12.633928571428575,5.7440476190476195,1.1458333333333335,0.19345238095238101,0.04464285714285715,0.4375,0.01417,0.0,0.0,0.0,0.0,0.0,0.0,0.0,0.0,0.0,0.0,0.0,0.16260162601625994,11.043360433604338,18.31978319783198,0.47425474254742556,0.0,0.0,0.0,0.0,0.0,0.0,0.0,0.0,0.0,0.0,0.0,0.0,0.0,0.0,0.0,0.4375,0.0147,0.0,0.0,0.0,0.0,0.0,0.0,0.0,0.0,0.0,0.0,0.0,0.23809523809523775,10.833333333333336,18.511904761904766,0.4166666666666668,0.0,0.0,0.0,0.0,0.0,0.0,0.0,0.0,0.0,0.0,0.0,0.0,0.0,0.0,0.0
99600,4258,2160,0.5072804133395961,1006,913,0.45068107092531706,1209,0.5678722404884923,0.46799999999999997,2.876549094375596,2.9697414464948304,6.33616298811545,2.055858219643388,6649.800000000001,9.094947017729282e-13,6649.8,6649.8,6649.800000000002,1.8189894035458565e-12,6649.800000000002,1.8189894035458565e-12,27.557303898543918,20.62750059053863,32.62257247396566,18.82362826489004,0.14466885861906997,0.10192578675434476,0.085955847815876,0.08642555190230156,0.08548614372945045,0.0751526538280883,0.06881164866134336,0.07116016909347112,0.05260685767966181,0.05777360263034288,0.04368248003757633,0.03945514325974636,0.029826209488022545,0.024189760450915924,0.017848755284170972,0.00868952559887271,0.0063410051667449506,0.8449097768193178,0.034237367680595314,0.0,0.0,0.0,0.0,0.0,0.0,0.0,0.0,0.0,0.0,0.0,0.0,0.0,0.0,0.0,0.0,0.0,0.0,0.0,0.0,0.0,0.04227336777829968,0.44387036167214666,2.0009394081728447,8.123532174729922,12.548144668858622,5.30530765617661,1.1906998590887743,0.2465946453734148,0.09863785814936593,4.339101620029455,2.824303282388505,4.933333333333334,3.1084115271666044,1.1369480978645172,4.385524372230428,2.8539997947496607,4.299927378358751,2.798112497010146,0.9804819249406785,0.4377,0.01421,0.0,0.0,0.0,0.0,0.0,0.0,0.0,0.0,0.0,0.0,0.0,0.0915922968529825,10.97698449976515,18.40300610615313,0.528417097228746,0.0,0.0,0.0,0.0,0.0,0.0,0.0,0.0,0.0,0.0,0.0,0.0,0.0,0.0,0.0,nan,nan,4.342365433906994,2.8262830042998783,nan,0.4377,0.08124,0.0,0.0,0.0,0.0,0.0,0.0,0.0,0.0,0.0,0.0,0.0,0.0,0.0,0.0,0.0,0.0,0.0,0.0,0.0,0.0,0.0,0.0008102395490840771,0.0,0.00014091122592766557,0.00025833724753405356,0.00017613903240958195,0.0026420854861437296,0.004062940347581024,0.015406294034758102,0.012775951150775011,0.017743071864725225,0.025622357914513855,0.027947393142320337,0.03579145138562705,0.02047909816815406,0.013457022076092062,0.025270079849694694,0.05119774542038516,0.05138562705495538,0.05811413809300141,0.025622357914513855,0.01494833255049319,0.023309065288868013,0.040617660873649604,0.015054015969938939,0.0537224048849225,0.052782996712071394,0.03368952559887271,0.05186707374354157,0.020385157350868953,0.0744246124941287,0.05463832785345232,0.025915922968529827,0.03330201972757163,0.053640206669798025,0.011073273837482385,0.009147487083137623,0.0041686237670267735,0.0032057303898543918,0.012200563644903711,0.0040981681540629405,0.016615782057303897,0.0010685767966181305,0.0004462188821042743,0.0,4.697040864255519e-05,0.0007280413339596054,0.0,0.0,0.0,0.0,0.0,0.0,0.0,0.0,0.0,0.0,0.0,0.0,0.0,0.0,0.0,0.0,0.0,0.0,0.0,0.0,0.0,0.0,0.0,0.0,0.0,0.0,0.0,0.0,0.0,0.0,0.0,0.0,0.0,0.0,nan,nan,4.342365433906994,2.8262830042998783,nan,0.8444828849423814,0.03441143631366035,0.0,0.0,0.0,0.0,0.0,0.0,0.0,0.0,0.0,0.0,0.0,0.0,0.0,0.0,0.0,0.0,0.0,0.0,0.0,0.0,0.0,0.06944444444444446,0.44444444444444453,1.9305555555555496,8.291666666666668,12.513888888888893,5.208333333333334,1.2083333333333335,0.22222222222222227,0.11111111111111113,0.8453492841854677,0.03405163460450965,0.0,0.0,0.0,0.0,0.0,0.0,0.0,0.0,0.0,0.0,0.0,0.0,0.0,0.0,0.0,0.0,0.0,0.0,0.0,0.0,0.0,0.014299332697807438,0.4432793136320306,2.0734032411820715,7.950428979980936,12.583412774070547,5.405147759771212,1.17254528122021,0.27168732125834133,0.08579599618684462,0.438,0.014275,0.0,0.0,0.0,0.0,0.0,0.0,0.0,0.0,0.0,0.0,0.0,0.06944444444444434,10.972222222222223,18.375000000000004,0.5833333333333335,0.0,0.0,0.0,0.0,0.0,0.0,0.0,0.0,0.0,0.0,0.0,0.0,0.0,0.0,0.0,0.4377,0.01414,0.0,0.0,0.0,0.0,0.0,0.0,0.0,0.0,0.0,0.0,0.0,0.11439466158245933,10.981887511916112,18.43183984747379,0.4718779790276455,0.0,0.0,0.0,0.0,0.0,0.0,0.0,0.0,0.0,0.0,0.0,0.0,0.0,0.0,0.0
99700,4453,2252,0.5057264765326746,1050,946,0.44823714349876487,1296,0.5820794969683359,0.45199999999999996,2.966833257610177,3.1040255280498084,6.767827529021559,2.009717624969026,6649.800000000001,9.094947017729282e-13,6649.8,6649.8,6649.800000000001,9.094947017729282e-13,6649.8,0.0,27.633954637323153,20.75031673847655,32.82414910858995,18.909252714329973,0.14664271277790253,0.10150460363799686,0.08690770267235572,0.08623399955086458,0.08488659330788233,0.07096339546373231,0.07051426004940489,0.06310352571300247,0.057264765326746014,0.05367168201212666,0.04918032786885246,0.036379968560520996,0.03570626543902987,0.024702447788008085,0.01684257803727824,0.011452953065349204,0.004042218728946777,0.8445772662902719,0.0339074361982837,0.0,0.0,0.0,0.0,0.0,0.0,0.0,0.0,0.0,0.0,0.0,0.0,0.0,0.0,0.0,0.0,0.0,0.0,0.0,0.0,0.013474062429822594,0.08084437457893556,0.431169997754323,1.8931057713900683,8.077700426678645,12.732988996182351,5.349202784639569,1.111610150460364,0.20884796766225022,0.10105546822366947,4.362583362583362,2.856117398506411,3.85,2.7436289836637897,0.8825046262772549,4.3431372549019605,2.867994783677318,4.374739764052741,2.843310388907504,1.0072764242288479,0.4373,0.01432,0.0,0.0,0.0,0.0,0.0,0.0,0.0,0.0,0.0,0.0,0.0,0.16168874915787088,11.311475409836069,18.061980687177186,0.4648551538288795,0.0,0.0,0.0,0.0,0.0,0.0,0.0,0.0,0.0,0.0,0.0,0.0,0.0,0.0,0.0,nan,nan,4.359010108051586,2.855667048822119,nan,0.4373,0.08136,0.0,0.0,0.0,0.0,0.0,0.0,0.0,0.0,0.0,0.0,0.0,0.0,0.0,0.0,0.0,0.0,0.0,0.0,0.0,0.0,0.0,0.0009319559847293959,4.491354143274197e-05,8.982708286548394e-05,0.0003256231753873793,0.0001796541657309679,0.00239164608129351,0.004064675499663149,0.01641589939366719,0.012216483269705817,0.019088255108915337,0.026117224343139456,0.028688524590163935,0.03539187064900067,0.02013249494722659,0.012216483269705817,0.02459016393442623,0.05117898046260948,0.05088704244329666,0.059701324949472265,0.026600044913541433,0.015506400179654167,0.02389400404221873,0.04123063103525713,0.014888838984953964,0.05362676847069391,0.050561419267909274,0.033673927689198295,0.05478329216258702,0.018201212665618683,0.0735234673253986,0.05421064450931956,0.025915113406692118,0.031967213114754096,0.05318886144172468,0.0109139905681563,0.009701324949472265,0.005299797889063553,0.003099034358859196,0.011464181450707388,0.003873792948573995,0.01780821917808219,0.0007298450482820571,0.0002919380193128228,0.0,0.0,0.00039299348753649225,0.0,0.0,0.0,0.0,0.0,0.0,0.0,0.0,0.0,0.0,0.0,0.0,0.0,0.0,0.0,0.0,0.0,0.0,0.0,0.0,0.0,0.0,0.0,0.0,0.0,0.0,0.0,0.0,0.0,0.0,0.0,0.0,0.0,0.0,nan,nan,4.359010108051586,2.855667048822119,nan,0.8449675577624864,0.03413510471084547,0.0,0.0,0.0,0.0,0.0,0.0,0.0,0.0,0.0,0.0,0.0,0.0,0.0,0.0,0.0,0.0,0.0,0.0,0.0,0.0,0.026642984014209597,0.066607460035524,0.46625222024866797,1.745115452930723,8.112788632326822,12.682060390763768,5.448490230905862,1.0790408525754887,0.266429840142096,0.10657193605683839,0.8441779312628175,0.03366821661767272,0.0,0.0,0.0,0.0,0.0,0.0,0.0,0.0,0.0,0.0,0.0,0.0,0.0,0.0,0.0,0.0,0.0,0.0,0.0,0.0,0.0,0.09541117673784646,0.3952748750567925,2.044525215810989,8.041799182189916,12.785097682871426,5.247614720581555,1.1449341208541575,0.149931849159473,0.09541117673784646,0.4375,0.01434,0.0,0.0,0.0,0.0,0.0,0.0,0.0,0.0,0.0,0.0,0.0,0.14653641207815254,11.389875666074603,18.023978685612793,0.43960923623445836,0.0,0.0,0.0,0.0,0.0,0.0,0.0,0.0,0.0,0.0,0.0,0.0,0.0,0.0,0.0,0.4373,0.014305,0.0,0.0,0.0,0.0,0.0,0.0,0.0,0.0,0.0,0.0,0.0,0.17719218537028597,11.23125851885507,18.10086324398001,0.4906860517946389,0.0,0.0,0.0,0.0,0.0,0.0,0.0,0.0,0.0,0.0,0.0,0.0,0.0,0.0,0.0
99800,4330,2184,0.5043879907621247,1057,884,0.44826789838337183,1205,0.5565819861431871,0.46799999999999997,2.966915191053122,3.0575903579607404,6.514285714285714,2.000264088206612,6649.800000000002,1.8189894035458565e-12,6649.8,6649.8,6649.800000000001,9.094947017729282e-13,6649.800000000001,9.094947017729282e-13,27.85150115473441,20.69821379560373,32.72659895690365,18.942779698525133,0.13926096997690532,0.09861431870669746,0.09630484988452656,0.08568129330254041,0.08060046189376444,0.07182448036951501,0.07066974595842956,0.06489607390300231,0.061200923787528866,0.0533487297921478,0.046651270207852195,0.04203233256351039,0.03163972286374134,0.025404157043879907,0.015473441108545035,0.009699769053117783,0.006697459584295612,0.8465525828112631,0.032227887561243534,0.0,0.0,0.0,0.0,0.0,0.0,0.0,0.0,0.0,0.0,0.0,0.0,0.0,0.0,0.0,0.0,0.0,0.0,0.0,0.0,0.0,0.027713625866050817,0.31177829099307164,1.6628175519630433,7.836027713625867,12.969976905311782,5.681293302540418,1.260969976905312,0.22170900692840653,0.027713625866050817,4.277637738566798,2.807401946796512,4.7272727272727275,2.415514591924804,1.1051129189019586,4.275936599423631,2.753477795974686,4.282857142857143,2.8573199945089116,1.001618485979059,0.4373,0.01431,0.0,0.0,0.0,0.0,0.0,0.0,0.0,0.0,0.0,0.0,0.0,0.1593533487297919,11.4526558891455,17.86143187066975,0.5265588914549655,0.0,0.0,0.0,0.0,0.0,0.0,0.0,0.0,0.0,0.0,0.0,0.0,0.0,0.0,0.0,nan,nan,4.279411764705882,2.806104883661912,nan,0.4373,0.0809,0.0,0.0,0.0,0.0,0.0,0.0,0.0,0.0,0.0,0.0,0.0,0.0,0.0,0.0,0.0,0.0,0.0,0.0,0.0,0.0,0.0,0.0008545034642032333,0.0,6.928406466512702e-05,0.0003579676674364896,0.00020785219399538105,0.001651270207852194,0.0034757505773672054,0.01632794457274827,0.01140877598152425,0.01682448036951501,0.02628175519630485,0.02879907621247113,0.03568129330254042,0.022609699769053117,0.012494226327944573,0.02569284064665127,0.05340646651270208,0.04922632794457275,0.06132794457274827,0.02625866050808314,0.014734411085450346,0.024734411085450346,0.04366050808314088,0.016027713625866052,0.05188221709006929,0.0502540415704388,0.03347575057736721,0.05483833718244804,0.017944572748267898,0.07377598152424943,0.053810623556581984,0.025115473441108545,0.03139722863741339,0.05110854503464203,0.010808314087759814,0.01094688221709007,0.0048383371824480366,0.002725173210161663,0.011062355658198615,0.00407621247113164,0.018568129330254042,0.0007274826789838337,0.00020785219399538105,0.0,0.0,0.0003233256351039261,0.0,0.0,0.0,0.0,0.0,0.0,0.0,0.0,0.0,0.0,0.0,0.0,0.0,0.0,0.0,0.0,0.0,0.0,0.0,0.0,0.0,0.0,0.0,0.0,0.0,0.0,0.0,0.0,0.0,0.0,0.0,0.0,0.0,0.0,nan,nan,4.279411764705882,2.806104883661912,nan,0.8460966026335409,0.03198742109090656,0.0,0.0,0.0,0.0,0.0,0.0,0.0,0.0,0.0,0.0,0.0,0.0,0.0,0.0,0.0,0.0,0.0,0.0,0.0,0.0,0.0,0.02747252747252748,0.2884615384615385,1.7032967032966981,7.8571428571428585,13.255494505494509,5.357142857142858,1.2362637362637365,0.24725274725274732,0.02747252747252748,0.847016637195301,0.03246420874928989,0.0,0.0,0.0,0.0,0.0,0.0,0.0,0.0,0.0,0.0,0.0,0.0,0.0,0.0,0.0,0.0,0.0,0.0,0.0,0.0,0.0,0.027958993476234862,0.3355079217148183,1.6216216216216166,7.8145386766076435,12.67940354147251,6.011183597390495,1.2861136999068035,0.19571295433364405,0.027958993476234862,0.4373,0.0143,0.0,0.0,0.0,0.0,0.0,0.0,0.0,0.0,0.0,0.0,0.0,0.1648351648351646,11.318681318681323,17.96703296703297,0.5494505494505496,0.0,0.0,0.0,0.0,0.0,0.0,0.0,0.0,0.0,0.0,0.0,0.0,0.0,0.0,0.0,0.437,0.01432,0.0,0.0,0.0,0.0,0.0,0.0,0.0,0.0,0.0,0.0,0.0,0.1537744641192915,11.58900279589935,17.753960857409137,0.5032618825722275,0.0,0.0,0.0,0.0,0.0,0.0,0.0,0.0,0.0,0.0,0.0,0.0,0.0,0.0,0.0
99900,4484,2269,0.506021409455843,1095,927,0.4509366636931311,1322,0.5896520963425513,0.45199999999999996,3.0135440180586905,3.035203064557011,6.434650455927052,1.9953174552235673,6649.800000000001,9.094947017729282e-13,6649.8,6649.8,6649.800000000001,9.094947017729282e-13,6649.800000000001,9.094947017729282e-13,28.50512934879572,20.80511972318413,33.476694915254235,18.891583726267747,0.1380463871543265,0.09322033898305085,0.08630686886708296,0.08652988403211419,0.0756021409455843,0.07604817127564674,0.07604817127564674,0.06199821587867975,0.06289027653880463,0.05575379125780553,0.04817127564674398,0.04304192685102587,0.037020517395182875,0.024754683318465656,0.02096342551293488,0.00825156110615522,0.0053523639607493305,0.8476347404596106,0.034035032269645,0.0,0.0,0.0,0.0,0.0,0.0,0.0,0.0,0.0,0.0,0.0,0.0,0.0,0.0,0.0,0.0,0.0,0.0,0.0,0.0,0.03345227475468333,0.04014272970561999,0.3412132024977699,1.5655664585191744,7.433095450490635,12.952720785013383,5.994647636039252,1.2711864406779663,0.1940231935771633,0.1739518287243533,4.287512759441987,2.7546892630176636,3.7058823529411766,2.419642800141545,0.8643431660419109,4.384087791495199,2.780358164052496,4.186915887850467,2.7230489703996947,0.9550255576479945,0.4368,0.014565,0.0,0.0,0.0,0.0,0.0,0.0,0.0,0.0,0.0,0.0,0.0,0.2475468331846562,11.581177520071368,17.67618198037467,0.49509366636931323,0.0,0.0,0.0,0.0,0.0,0.0,0.0,0.0,0.0,0.0,0.0,0.0,0.0,0.0,0.0,nan,nan,4.2841677943166445,2.7532302993851867,nan,0.4368,0.0812,0.0,0.0,0.0,0.0,0.0,0.0,0.0,0.0,0.0,0.0,0.0,0.0,0.0,0.0,0.0,0.0,0.0,0.0,0.0,0.0,0.0,0.0006021409455842997,0.0,5.575379125780553e-05,0.00046833184656556645,0.0006021409455842997,0.0014607493309545048,0.003479036574487065,0.016926851025869757,0.011507582515611061,0.015176181980374666,0.02820026761819804,0.027988403211418378,0.03755575379125781,0.023628456735057982,0.011808652988403211,0.02489964317573595,0.05354594112399643,0.050970115967885816,0.06080508474576271,0.026137377341659232,0.01673728813559322,0.023717662801070474,0.04230597680642283,0.015990187332738628,0.05323371989295272,0.04966547725245317,0.03231489741302408,0.05518510258697591,0.01703835860838537,0.07064005352363961,0.05470561998215879,0.026561106155218554,0.02934879571810883,0.05189562890276539,0.010437109723461195,0.011095004460303301,0.0044491525423728815,0.002531222123104371,0.011161909009812667,0.004471454058876004,0.019736842105263157,0.0006467439785905442,0.00012265834076717217,0.0,2.2301516503122213e-05,0.00016726137377341658,0.0,0.0,0.0,0.0,0.0,0.0,0.0,0.0,0.0,0.0,0.0,0.0,0.0,0.0,0.0,0.0,0.0,0.0,0.0,0.0,0.0,0.0,0.0,0.0,0.0,0.0,0.0,0.0,0.0,0.0,0.0,0.0,0.0,0.0,nan,nan,4.2841677943166445,2.7532302993851867,nan,0.8479366179025346,0.03376820118586437,0.0,0.0,0.0,0.0,0.0,0.0,0.0,0.0,0.0,0.0,0.0,0.0,0.0,0.0,0.0,0.0,0.0,0.0,0.0,0.0,0.039665050683120325,0.039665050683120325,0.3305420890260027,1.5204936095196073,7.2851476421331,12.996914940502426,6.148082855883651,1.2957249889819307,0.21154693697664173,0.1322168356104011,0.8473255034763173,0.03430346224516876,0.0,0.0,0.0,0.0,0.0,0.0,0.0,0.0,0.0,0.0,0.0,0.0,0.0,0.0,0.0,0.0,0.0,0.0,0.0,0.0,0.027088036117381496,0.04063205417607224,0.35214446952595946,1.6117381489841938,7.584650112866819,12.907449209932283,5.837471783295713,1.2460496613995486,0.17607223476297973,0.21670428893905197,0.4365,0.014435,0.0,0.0,0.0,0.0,0.0,0.0,0.0,0.0,0.0,0.0,0.0,0.34376377258704227,11.489643014543855,17.743499338915825,0.42309387395328346,0.0,0.0,0.0,0.0,0.0,0.0,0.0,0.0,0.0,0.0,0.0,0.0,0.0,0.0,0.0,0.437,0.0147,0.0,0.0,0.0,0.0,0.0,0.0,0.0,0.0,0.0,0.0,0.0,0.14898419864559798,11.674943566591425,17.60722347629797,0.5688487584650114,0.0,0.0,0.0,0.0,0.0,0.0,0.0,0.0,0.0,0.0,0.0,0.0,0.0,0.0,0.0
100000,4474,2177,0.48658918194009837,1014,970,0.44345105051408135,1263,0.5645954403218596,0.46399999999999997,2.9037875489769265,3.06820856666994,6.6025236593059935,2.0172114158233225,6649.800000000001,9.094947017729282e-13,6649.8,6649.8,6649.800000000001,9.094947017729282e-13,6649.800000000001,9.094947017729282e-13,27.95529727313366,20.822316285377426,32.724074074074075,19.130899748858187,0.13477872150201162,0.10102816271792579,0.0929816718819848,0.09119356280733125,0.08247653106839517,0.07644166294143943,0.06794814483683505,0.0659365221278498,0.053196244970943225,0.05006705409029951,0.047608404112650875,0.04313813142601699,0.03330353151542244,0.025033527045149755,0.017210549843540455,0.01050514081358963,0.007152436298614216,0.8458895357687877,0.03384471747677154,0.0,0.0,0.0,0.0,0.0,0.0,0.0,0.0,0.0,0.0,0.0,0.0,0.0,0.0,0.0,0.0,0.0,0.0,0.0,0.0,0.026821636119803316,0.0737594993294591,0.3687974966472956,1.8104604380867175,7.603933839964239,12.847563701385788,5.753240947697811,1.1600357621814932,0.2883325882878856,0.06705409029950828,4.301945795691452,2.835948199500761,4.866666666666666,2.604269997949948,1.1312710335729477,4.341886269070735,2.863085887124486,4.268090971743625,2.8064993746967923,0.9830038622032115,0.4377,0.01411,0.0,0.0,0.0,0.0,0.0,0.0,0.0,0.0,0.0,0.0,0.0,0.16763522574877043,10.916405900759948,18.345999105945467,0.5699597675458205,0.0,0.0,0.0,0.0,0.0,0.0,0.0,0.0,0.0,0.0,0.0,0.0,0.0,0.0,0.0,nan,nan,4.3048738333909435,2.83508591757356,nan,0.4377,0.08105,0.0,0.0,0.0,0.0,0.0,0.0,0.0,0.0,0.0,0.0,0.0,0.0,0.0,0.0,0.0,0.0,0.0,0.0,0.0,0.0,0.0,0.0004135002235136343,2.2351363433169423e-05,0.0,0.0005699597675458203,0.0008270004470272687,0.0017657577112203844,0.0032074206526598124,0.015791238265534198,0.01124273580688422,0.013824318283415288,0.025726419311578007,0.02898971837282074,0.039248994188645504,0.02315601251676352,0.012103263299061242,0.023915958873491284,0.05297273133661153,0.04921770227983907,0.06236030397854269,0.025424675905230218,0.017367009387572643,0.02140143048725972,0.04260169870362092,0.014696021457308896,0.05524139472507823,0.0506593652212785,0.032744747429593206,0.055219043361645063,0.017132320071524362,0.07378185069289227,0.0539450156459544,0.026810460438086724,0.029794367456414842,0.050894054537326774,0.00989047831917747,0.012248547161376844,0.004101475189986589,0.003218596334376397,0.012248547161376844,0.0042132320071524365,0.020015645954403218,0.0007040679481448368,0.0,0.0,0.0,0.00024586499776486367,4.470272686633885e-05,0.0,0.0,0.0,0.0,0.0,0.0,0.0,0.0,0.0,0.0,0.0,0.0,0.0,0.0,0.0,0.0,0.0,0.0,0.0,0.0,0.0,0.0,0.0,0.0,0.0,0.0,0.0,0.0,0.0,0.0,0.0,0.0,0.0,nan,nan,4.3048738333909435,2.83508591757356,nan,0.8456903648420272,0.03368488577896451,0.0,0.0,0.0,0.0,0.0,0.0,0.0,0.0,0.0,0.0,0.0,0.0,0.0,0.0,0.0,0.0,0.0,0.0,0.0,0.0,0.0,0.11024345429490126,0.27560863573725314,2.1359669269637047,7.344970142397797,12.981166743224625,5.677537896187416,1.1851171336701884,0.22048690858980252,0.06890215893431328,0.8460783015970671,0.033994428589594075,0.0,0.0,0.0,0.0,0.0,0.0,0.0,0.0,0.0,0.0,0.0,0.0,0.0,0.0,0.0,0.0,0.0,0.0,0.0,0.0,0.05224205485415761,0.039181541140618205,0.4571179799738791,1.5019590770570261,7.84936874183718,12.720940356987377,5.824989116238574,1.1362646930779279,0.35263387026556386,0.065302568567697,0.4377,0.014275,0.0,0.0,0.0,0.0,0.0,0.0,0.0,0.0,0.0,0.0,0.0,0.19292604501607688,11.079467156637577,18.16260909508498,0.564997703261369,0.0,0.0,0.0,0.0,0.0,0.0,0.0,0.0,0.0,0.0,0.0,0.0,0.0,0.0,0.0,0.438,0.01395,0.0,0.0,0.0,0.0,0.0,0.0,0.0,0.0,0.0,0.0,0.0,0.14366565084893318,10.761863299956469,18.519808445798873,0.5746626033957337,0.0,0.0,0.0,0.0,0.0,0.0,0.0,0.0,0.0,0.0,0.0,0.0,0.0,0.0,0.0